currentNumberOfWords,maxNumberOfWords,currentTime,timeWithMaxWords,convergenceTime,maxNumberOfDifferentWords,currentNumberOfDifferentWords
0,0,0,0,0,0,0
0,0,1,0,1,0,0
2,2,2,2,2,1,1
4,4,3,3,3,2,2
6,6,4,4,4,3,3
8,8,5,5,5,4,4
10,10,6,6,6,5,5
12,12,7,7,7,6,6
14,14,8,8,8,7,7
16,16,9,9,9,8,8
18,18,10,10,10,9,9
20,20,11,11,11,10,10
22,22,12,12,12,11,11
24,24,13,13,13,12,12
26,26,14,14,14,13,13
28,28,15,15,15,14,14
30,30,16,16,16,15,15
32,32,17,17,17,16,16
34,34,18,18,18,17,17
36,36,19,19,19,18,18
38,38,20,20,20,19,19
40,40,21,21,21,20,20
42,42,22,22,22,21,21
44,44,23,23,23,22,22
46,46,24,24,24,23,23
48,48,25,25,25,24,24
49,49,26,26,26,24,24
51,51,27,27,27,25,25
51,51,28,27,28,25,25
53,53,29,29,29,26,26
55,55,30,30,30,27,27
57,57,31,31,31,28,28
59,59,32,32,32,29,29
61,61,33,33,33,30,30
63,63,34,34,34,31,31
65,65,35,35,35,32,32
67,67,36,36,36,33,33
69,69,37,37,37,34,34
71,71,38,38,38,35,35
73,73,39,39,39,36,36
75,75,40,40,40,37,37
77,77,41,41,41,38,38
79,79,42,42,42,39,39
81,81,43,43,43,40,40
83,83,44,44,44,41,41
83,83,45,44,45,41,41
85,85,46,46,46,42,42
87,87,47,47,47,43,43
89,89,48,48,48,44,44
91,91,49,49,49,45,45
93,93,50,50,50,46,46
93,93,51,50,51,46,46
95,95,52,52,52,47,47
97,97,53,53,53,48,48
97,97,54,53,54,48,48
99,99,55,55,55,49,49
101,101,56,56,56,50,50
103,103,57,57,57,51,51
105,105,58,58,58,52,52
107,107,59,59,59,53,53
109,109,60,60,60,54,54
110,110,61,61,61,54,54
112,112,62,62,62,55,55
114,114,63,63,63,56,56
116,116,64,64,64,57,57
118,118,65,65,65,58,58
120,120,66,66,66,59,59
120,120,67,66,67,59,59
122,122,68,68,68,60,60
124,124,69,69,69,61,61
126,126,70,70,70,62,62
128,128,71,71,71,63,63
130,130,72,72,72,64,64
132,132,73,73,73,65,65
134,134,74,74,74,66,66
136,136,75,75,75,67,67
136,136,76,75,76,67,67
138,138,77,77,77,68,68
140,140,78,78,78,69,69
142,142,79,79,79,70,70
143,143,80,80,80,70,70
145,145,81,81,81,71,71
147,147,82,82,82,72,72
149,149,83,83,83,73,73
151,151,84,84,84,74,74
153,153,85,85,85,75,75
155,155,86,86,86,76,76
157,157,87,87,87,77,77
159,159,88,88,88,78,78
161,161,89,89,89,79,79
163,163,90,90,90,80,80
165,165,91,91,91,81,81
167,167,92,92,92,82,82
169,169,93,93,93,83,83
171,171,94,94,94,84,84
173,173,95,95,95,85,85
175,175,96,96,96,86,86
177,177,97,97,97,87,87
179,179,98,98,98,88,88
181,181,99,99,99,89,89
183,183,100,100,100,90,90
185,185,101,101,101,91,91
187,187,102,102,102,92,92
189,189,103,103,103,93,93
191,191,104,104,104,94,94
193,193,105,105,105,95,95
195,195,106,106,106,96,96
197,197,107,107,107,97,97
199,199,108,108,108,98,98
201,201,109,109,109,99,99
203,203,110,110,110,100,100
205,205,111,111,111,101,101
206,206,112,112,112,101,101
206,206,113,112,113,101,101
206,206,114,112,114,101,101
206,206,115,112,115,101,101
205,206,116,112,116,101,101
207,207,117,117,117,102,102
209,209,118,118,118,103,103
211,211,119,119,119,104,104
211,211,120,119,120,104,104
213,213,121,121,121,105,105
215,215,122,122,122,106,106
217,217,123,123,123,107,107
219,219,124,124,124,108,108
219,219,125,124,125,108,108
220,220,126,126,126,108,108
222,222,127,127,127,109,109
224,224,128,128,128,110,110
226,226,129,129,129,111,111
227,227,130,130,130,111,111
229,229,131,131,131,112,112
231,231,132,132,132,113,113
233,233,133,133,133,114,114
235,235,134,134,134,115,115
236,236,135,135,135,115,115
238,238,136,136,136,116,116
238,238,137,136,137,116,116
240,240,138,138,138,117,117
242,242,139,139,139,118,118
242,242,140,139,140,118,118
244,244,141,141,141,119,119
245,245,142,142,142,119,119
247,247,143,143,143,120,120
247,247,144,143,144,120,120
249,249,145,145,145,121,121
251,251,146,146,146,122,122
253,253,147,147,147,123,123
255,255,148,148,148,124,124
257,257,149,149,149,125,125
259,259,150,150,150,126,126
259,259,151,150,151,126,126
261,261,152,152,152,127,127
263,263,153,153,153,128,128
265,265,154,154,154,129,129
267,267,155,155,155,130,130
269,269,156,156,156,131,131
271,271,157,157,157,132,132
273,273,158,158,158,133,133
275,275,159,159,159,134,134
275,275,160,159,160,134,134
277,277,161,161,161,135,135
279,279,162,162,162,136,136
280,280,163,163,163,136,136
282,282,164,164,164,137,137
282,282,165,164,165,137,137
284,284,166,166,166,138,138
286,286,167,167,167,139,139
288,288,168,168,168,140,140
290,290,169,169,169,141,141
290,290,170,169,170,141,141
292,292,171,171,171,142,142
294,294,172,172,172,143,143
296,296,173,173,173,144,144
295,296,174,173,174,144,144
297,297,175,175,175,145,145
298,298,176,176,176,145,145
300,300,177,177,177,146,146
302,302,178,178,178,147,147
304,304,179,179,179,148,148
306,306,180,180,180,149,149
306,306,181,180,181,149,149
308,308,182,182,182,150,150
308,308,183,182,183,150,150
308,308,184,182,184,150,150
308,308,185,182,185,150,150
309,309,186,186,186,150,150
311,311,187,187,187,151,151
313,313,188,188,188,152,152
314,314,189,189,189,152,152
316,316,190,190,190,153,153
318,318,191,191,191,154,154
320,320,192,192,192,155,155
322,322,193,193,193,156,156
324,324,194,194,194,157,157
324,324,195,194,195,157,157
326,326,196,196,196,158,158
328,328,197,197,197,159,159
330,330,198,198,198,160,160
330,330,199,198,199,160,160
332,332,200,200,200,161,161
334,334,201,201,201,162,162
336,336,202,202,202,163,163
338,338,203,203,203,164,164
339,339,204,204,204,164,164
341,341,205,205,205,165,165
343,343,206,206,206,166,166
343,343,207,206,207,166,166
345,345,208,208,208,167,167
347,347,209,209,209,168,168
349,349,210,210,210,169,169
349,349,211,210,211,169,169
349,349,212,210,212,169,169
351,351,213,213,213,170,170
351,351,214,213,214,170,170
351,351,215,213,215,170,170
353,353,216,216,216,171,171
355,355,217,217,217,172,172
357,357,218,218,218,173,173
358,358,219,219,219,173,173
358,358,220,219,220,173,173
360,360,221,221,221,174,174
361,361,222,222,222,174,174
362,362,223,223,223,174,174
364,364,224,224,224,175,175
365,365,225,225,225,175,175
367,367,226,226,226,176,176
369,369,227,227,227,177,177
371,371,228,228,228,178,178
373,373,229,229,229,179,179
375,375,230,230,230,180,180
375,375,231,230,231,180,180
377,377,232,232,232,181,181
379,379,233,233,233,182,182
380,380,234,234,234,182,182
382,382,235,235,235,183,183
384,384,236,236,236,184,184
386,386,237,237,237,185,185
388,388,238,238,238,186,186
390,390,239,239,239,187,187
391,391,240,240,240,187,187
393,393,241,241,241,188,188
395,395,242,242,242,189,189
397,397,243,243,243,190,190
399,399,244,244,244,191,191
401,401,245,245,245,192,192
401,401,246,245,246,192,192
403,403,247,247,247,193,193
405,405,248,248,248,194,194
405,405,249,248,249,194,194
405,405,250,248,250,194,194
405,405,251,248,251,194,194
406,406,252,252,252,194,194
405,406,253,252,253,194,194
407,407,254,254,254,195,195
408,408,255,255,255,195,195
410,410,256,256,256,196,196
411,411,257,257,257,196,196
413,413,258,258,258,197,197
415,415,259,259,259,198,198
417,417,260,260,260,199,199
418,418,261,261,261,199,199
419,419,262,262,262,199,199
421,421,263,263,263,200,200
420,421,264,263,264,200,200
422,422,265,265,265,201,201
423,423,266,266,266,201,201
425,425,267,267,267,202,202
425,425,268,267,268,202,202
427,427,269,269,269,203,203
428,428,270,270,270,203,203
428,428,271,270,271,203,203
430,430,272,272,272,204,204
431,431,273,273,273,204,204
432,432,274,274,274,204,204
434,434,275,275,275,205,205
436,436,276,276,276,206,206
437,437,277,277,277,206,206
438,438,278,278,278,206,206
440,440,279,279,279,207,207
442,442,280,280,280,208,208
443,443,281,281,281,208,208
443,443,282,281,282,208,208
445,445,283,283,283,209,209
447,447,284,284,284,210,210
449,449,285,285,285,211,211
451,451,286,286,286,212,212
452,452,287,287,287,212,212
454,454,288,288,288,213,213
456,456,289,289,289,214,214
456,456,290,289,290,214,214
456,456,291,289,291,214,214
457,457,292,292,292,214,214
458,458,293,293,293,214,214
458,458,294,293,294,214,214
460,460,295,295,295,215,215
460,460,296,295,296,215,215
462,462,297,297,297,216,216
464,464,298,298,298,217,217
466,466,299,299,299,218,218
467,467,300,300,300,218,218
469,469,301,301,301,219,219
469,469,302,301,302,219,219
469,469,303,301,303,219,219
469,469,304,301,304,219,219
470,470,305,305,305,219,219
472,472,306,306,306,220,220
474,474,307,307,307,221,221
475,475,308,308,308,221,221
477,477,309,309,309,222,222
478,478,310,310,310,222,222
480,480,311,311,311,223,223
480,480,312,311,312,223,223
480,480,313,311,313,223,223
480,480,314,311,314,223,223
481,481,315,315,315,223,223
483,483,316,316,316,224,224
485,485,317,317,317,225,225
487,487,318,318,318,226,226
487,487,319,318,319,226,226
487,487,320,318,320,226,226
489,489,321,321,321,227,227
490,490,322,322,322,227,227
491,491,323,323,323,227,227
493,493,324,324,324,228,228
495,495,325,325,325,229,229
497,497,326,326,326,230,230
499,499,327,327,327,231,231
498,499,328,327,328,231,231
500,500,329,329,329,232,232
502,502,330,330,330,233,233
502,502,331,330,331,233,233
503,503,332,332,332,233,233
504,504,333,333,333,233,233
505,505,334,334,334,233,233
507,507,335,335,335,234,234
507,507,336,335,336,234,234
508,508,337,337,337,234,234
510,510,338,338,338,235,235
512,512,339,339,339,236,236
513,513,340,340,340,236,236
515,515,341,341,341,237,237
515,515,342,341,342,237,237
515,515,343,341,343,237,237
517,517,344,344,344,238,238
519,519,345,345,345,239,239
519,519,346,345,346,239,239
519,519,347,345,347,239,239
521,521,348,348,348,240,240
520,521,349,348,349,240,240
521,521,350,348,350,240,240
523,523,351,351,351,241,241
523,523,352,351,352,241,241
523,523,353,351,353,241,241
524,524,354,354,354,241,241
525,525,355,355,355,241,241
526,526,356,356,356,241,241
528,528,357,357,357,242,242
528,528,358,357,358,242,242
529,529,359,359,359,242,242
531,531,360,360,360,243,243
531,531,361,360,361,243,243
533,533,362,362,362,244,244
535,535,363,363,363,245,245
537,537,364,364,364,246,246
539,539,365,365,365,247,247
541,541,366,366,366,248,248
541,541,367,366,367,248,248
543,543,368,368,368,249,249
543,543,369,368,369,249,249
545,545,370,370,370,250,250
545,545,371,370,371,250,250
547,547,372,372,372,251,251
549,549,373,373,373,252,252
549,549,374,373,374,252,252
550,550,375,375,375,252,252
552,552,376,376,376,253,253
554,554,377,377,377,254,254
556,556,378,378,378,255,255
556,556,379,378,379,255,255
558,558,380,380,380,256,256
557,558,381,380,381,256,256
557,558,382,380,382,256,256
559,559,383,383,383,257,257
560,560,384,384,384,257,257
560,560,385,384,385,257,257
560,560,386,384,386,257,257
561,561,387,387,387,257,257
561,561,388,387,388,257,257
561,561,389,387,389,257,257
563,563,390,390,390,258,258
563,563,391,390,391,258,258
564,564,392,392,392,258,258
566,566,393,393,393,259,259
566,566,394,393,394,259,259
567,567,395,395,395,259,259
568,568,396,396,396,259,259
570,570,397,397,397,260,260
571,571,398,398,398,260,260
573,573,399,399,399,261,261
573,573,400,399,400,261,261
575,575,401,401,401,262,262
574,575,402,401,402,262,262
573,575,403,401,403,262,262
573,575,404,401,404,262,262
574,575,405,401,405,262,262
576,576,406,406,406,263,263
575,576,407,406,407,263,263
574,576,408,406,408,263,263
575,576,409,406,409,263,263
577,577,410,410,410,264,264
579,579,411,411,411,265,265
581,581,412,412,412,266,266
582,582,413,413,413,266,266
583,583,414,414,414,266,266
583,583,415,414,415,266,266
585,585,416,416,416,267,267
587,587,417,417,417,268,268
589,589,418,418,418,269,269
591,591,419,419,419,270,270
591,591,420,419,420,270,270
591,591,421,419,421,270,270
593,593,422,422,422,271,271
595,595,423,423,423,272,272
597,597,424,424,424,273,273
597,597,425,424,425,273,273
599,599,426,426,426,274,274
601,601,427,427,427,275,275
602,602,428,428,428,275,275
604,604,429,429,429,276,276
604,604,430,429,430,276,276
606,606,431,431,431,277,277
605,606,432,431,432,277,277
605,606,433,431,433,277,277
605,606,434,431,434,277,277
604,606,435,431,435,277,277
605,606,436,431,436,277,277
605,606,437,431,437,277,277
607,607,438,438,438,278,278
607,607,439,438,439,278,278
608,608,440,440,440,278,278
610,610,441,441,441,279,279
610,610,442,441,442,279,279
611,611,443,443,443,279,279
611,611,444,443,444,279,279
611,611,445,443,445,279,279
611,611,446,443,446,279,279
613,613,447,447,447,280,280
615,615,448,448,448,281,281
615,615,449,448,449,281,281
616,616,450,450,450,281,281
617,617,451,451,451,281,281
619,619,452,452,452,282,282
620,620,453,453,453,282,282
621,621,454,454,454,282,282
622,622,455,455,455,282,282
622,622,456,455,456,282,282
624,624,457,457,457,283,283
623,624,458,457,458,283,283
623,624,459,457,459,283,283
623,624,460,457,460,283,283
622,624,461,457,461,283,283
622,624,462,457,462,283,283
623,624,463,457,463,283,283
624,624,464,457,464,283,283
626,626,465,465,465,284,284
628,628,466,466,466,285,285
629,629,467,467,467,285,285
629,629,468,467,468,285,285
631,631,469,469,469,286,286
631,631,470,469,470,286,286
631,631,471,469,471,286,286
631,631,472,469,472,286,286
632,632,473,473,473,286,286
632,632,474,473,474,286,286
632,632,475,473,475,286,286
632,632,476,473,476,286,286
632,632,477,473,477,286,286
632,632,478,473,478,286,286
632,632,479,473,479,286,286
634,634,480,480,480,287,287
636,636,481,481,481,288,288
636,636,482,481,482,288,288
637,637,483,483,483,288,288
637,637,484,483,484,288,288
637,637,485,483,485,288,288
637,637,486,483,486,288,288
639,639,487,487,487,289,289
641,641,488,488,488,290,290
643,643,489,489,489,291,291
642,643,490,489,490,291,291
644,644,491,491,491,292,292
646,646,492,492,492,293,293
648,648,493,493,493,294,294
648,648,494,493,494,294,294
650,650,495,495,495,295,295
650,650,496,495,496,295,295
650,650,497,495,497,295,295
650,650,498,495,498,295,295
651,651,499,499,499,295,295
653,653,500,500,500,296,296
655,655,501,501,501,297,297
655,655,502,501,502,297,297
656,656,503,503,503,297,297
656,656,504,503,504,297,297
658,658,505,505,505,298,298
659,659,506,506,506,298,298
659,659,507,506,507,298,298
661,661,508,508,508,299,299
661,661,509,508,509,299,299
661,661,510,508,510,299,299
663,663,511,511,511,300,300
665,665,512,512,512,301,301
666,666,513,513,513,301,301
666,666,514,513,514,301,301
668,668,515,515,515,302,302
669,669,516,516,516,302,302
670,670,517,517,517,302,302
669,670,518,517,518,302,302
668,670,519,517,519,302,302
669,670,520,517,520,302,302
670,670,521,517,521,302,302
672,672,522,522,522,303,303
674,674,523,523,523,304,304
674,674,524,523,524,304,304
675,675,525,525,525,304,304
676,676,526,526,526,304,304
678,678,527,527,527,305,305
678,678,528,527,528,305,305
680,680,529,529,529,305,305
681,681,530,530,530,305,305
681,681,531,530,531,305,305
683,683,532,532,532,306,306
683,683,533,532,533,306,306
685,685,534,534,534,307,307
685,685,535,534,535,307,307
685,685,536,534,536,307,307
685,685,537,534,537,307,307
685,685,538,534,538,307,307
685,685,539,534,539,307,307
685,685,540,534,540,307,307
687,687,541,541,541,308,308
686,687,542,541,542,308,308
687,687,543,541,543,308,308
686,687,544,541,544,308,308
688,688,545,545,545,309,309
688,688,546,545,546,309,309
689,689,547,547,547,309,309
691,691,548,548,548,310,310
693,693,549,549,549,311,311
695,695,550,550,550,312,312
696,696,551,551,551,312,312
696,696,552,551,552,312,312
696,696,553,551,553,312,312
695,696,554,551,554,312,311
695,696,555,551,555,312,311
697,697,556,556,556,312,312
698,698,557,557,557,312,312
700,700,558,558,558,313,313
701,701,559,559,559,313,313
702,702,560,560,560,313,313
702,702,561,560,561,313,313
703,703,562,562,562,313,313
705,705,563,563,563,314,314
706,706,564,564,564,314,314
707,707,565,565,565,314,314
706,707,566,565,566,314,314
706,707,567,565,567,314,314
708,708,568,568,568,315,315
710,710,569,569,569,316,316
710,710,570,569,570,316,316
710,710,571,569,571,316,316
710,710,572,569,572,316,316
712,712,573,573,573,317,317
712,712,574,573,574,317,317
712,712,575,573,575,317,317
711,712,576,573,576,317,316
712,712,577,573,577,317,316
714,714,578,578,578,317,317
714,714,579,578,579,317,317
714,714,580,578,580,317,317
714,714,581,578,581,317,317
715,715,582,582,582,317,317
715,715,583,582,583,317,317
714,715,584,582,584,317,317
715,715,585,582,585,317,317
715,715,586,582,586,317,317
716,716,587,587,587,317,317
717,717,588,588,588,317,317
717,717,589,588,589,317,317
717,717,590,588,590,317,317
717,717,591,588,591,317,317
717,717,592,588,592,317,317
718,718,593,593,593,317,317
720,720,594,594,594,318,318
720,720,595,594,595,318,318
720,720,596,594,596,318,318
720,720,597,594,597,318,318
719,720,598,594,598,318,318
718,720,599,594,599,318,318
718,720,600,594,600,318,318
718,720,601,594,601,318,318
720,720,602,594,602,319,319
722,722,603,603,603,320,320
721,722,604,603,604,320,320
721,722,605,603,605,320,320
722,722,606,603,606,320,320
722,722,607,603,607,320,320
722,722,608,603,608,320,320
723,723,609,609,609,320,320
725,725,610,610,610,321,321
725,725,611,610,611,321,321
725,725,612,610,612,321,321
725,725,613,610,613,321,321
726,726,614,614,614,321,321
727,727,615,615,615,321,321
729,729,616,616,616,322,322
729,729,617,616,617,322,322
729,729,618,616,618,322,322
730,730,619,619,619,322,322
732,732,620,620,620,323,323
731,732,621,620,621,323,323
731,732,622,620,622,323,323
731,732,623,620,623,323,323
730,732,624,620,624,323,322
731,732,625,620,625,323,322
730,732,626,620,626,323,322
732,732,627,620,627,323,323
733,733,628,628,628,323,323
734,734,629,629,629,323,323
734,734,630,629,630,323,323
736,736,631,631,631,324,324
738,738,632,632,632,325,325
740,740,633,633,633,326,326
740,740,634,633,634,326,326
741,741,635,635,635,326,326
742,742,636,636,636,326,326
741,742,637,636,637,326,326
742,742,638,636,638,326,326
742,742,639,636,639,326,326
742,742,640,636,640,326,326
742,742,641,636,641,326,326
744,744,642,642,642,327,327
746,746,643,643,643,328,328
748,748,644,644,644,329,329
748,748,645,644,645,329,329
748,748,646,644,646,329,329
748,748,647,644,647,329,329
749,749,648,648,648,329,329
751,751,649,649,649,330,330
750,751,650,649,650,330,330
752,752,651,651,651,331,331
751,752,652,651,652,331,331
753,753,653,653,653,332,332
753,753,654,653,654,332,332
752,753,655,653,655,332,332
753,753,656,653,656,332,332
754,754,657,657,657,332,332
754,754,658,657,658,332,332
753,754,659,657,659,332,332
755,755,660,660,660,333,333
754,755,661,660,661,333,333
754,755,662,660,662,333,333
756,756,663,663,663,334,334
758,758,664,664,664,335,335
758,758,665,664,665,335,335
758,758,666,664,666,335,335
758,758,667,664,667,335,335
759,759,668,668,668,335,335
761,761,669,669,669,336,336
761,761,670,669,670,336,336
762,762,671,671,671,336,336
762,762,672,671,672,336,336
764,764,673,673,673,337,337
764,764,674,673,674,337,337
763,764,675,673,675,337,337
763,764,676,673,676,337,337
763,764,677,673,677,337,337
763,764,678,673,678,337,337
765,765,679,679,679,338,338
765,765,680,679,680,338,338
767,767,681,681,681,339,339
768,768,682,682,682,339,339
768,768,683,682,683,339,339
768,768,684,682,684,339,339
767,768,685,682,685,339,339
768,768,686,682,686,339,339
769,769,687,687,687,339,339
769,769,688,687,688,339,339
769,769,689,687,689,339,339
770,770,690,690,690,339,339
770,770,691,690,691,339,339
769,770,692,690,692,339,339
768,770,693,690,693,339,339
769,770,694,690,694,339,339
770,770,695,690,695,339,339
770,770,696,690,696,339,339
770,770,697,690,697,339,339
770,770,698,690,698,339,339
770,770,699,690,699,339,339
770,770,700,690,700,339,339
770,770,701,690,701,339,339
770,770,702,690,702,339,339
771,771,703,703,703,339,339
771,771,704,703,704,339,339
771,771,705,703,705,339,339
772,772,706,706,706,339,339
772,772,707,706,707,339,339
773,773,708,708,708,339,339
774,774,709,709,709,339,339
774,774,710,709,710,339,339
774,774,711,709,711,339,339
775,775,712,712,712,339,339
775,775,713,712,713,339,339
776,776,714,714,714,339,339
778,778,715,715,715,340,340
779,779,716,716,716,340,340
779,779,717,716,717,340,340
779,779,718,716,718,340,340
779,779,719,716,719,340,340
780,780,720,720,720,340,340
781,781,721,721,721,340,340
782,782,722,722,722,340,340
782,782,723,722,723,340,340
782,782,724,722,724,340,340
781,782,725,722,725,340,340
780,782,726,722,726,340,340
780,782,727,722,727,340,340
782,782,728,722,728,341,341
782,782,729,722,729,341,341
783,783,730,730,730,341,341
784,784,731,731,731,341,341
784,784,732,731,732,341,341
784,784,733,731,733,341,341
786,786,734,734,734,342,342
786,786,735,734,735,342,342
788,788,736,736,736,343,343
789,789,737,737,737,343,343
788,789,738,737,738,343,342
788,789,739,737,739,343,342
789,789,740,737,740,343,342
790,790,741,741,741,343,342
789,790,742,741,742,343,342
789,790,743,741,743,343,342
790,790,744,741,744,343,342
791,791,745,745,745,343,342
791,791,746,745,746,343,342
791,791,747,745,747,343,342
793,793,748,748,748,343,343
795,795,749,749,749,344,344
795,795,750,749,750,344,344
795,795,751,749,751,344,344
795,795,752,749,752,344,344
797,797,753,753,753,345,345
797,797,754,753,754,345,345
798,798,755,755,755,345,345
798,798,756,755,756,345,345
798,798,757,755,757,345,345
798,798,758,755,758,345,345
799,799,759,759,759,345,345
801,801,760,760,760,346,346
801,801,761,760,761,346,346
801,801,762,760,762,346,346
802,802,763,763,763,346,346
803,803,764,764,764,346,346
804,804,765,765,765,346,346
804,804,766,765,766,346,346
806,806,767,767,767,347,347
805,806,768,767,768,347,346
806,806,769,767,769,347,346
805,806,770,767,770,347,346
806,806,771,767,771,347,346
806,806,772,767,772,347,346
805,806,773,767,773,347,346
804,806,774,767,774,347,346
804,806,775,767,775,347,346
806,806,776,767,776,347,347
806,806,777,767,777,347,347
808,808,778,778,778,348,348
808,808,779,778,779,348,348
809,809,780,780,780,348,348
809,809,781,780,781,348,348
811,811,782,782,782,349,349
813,813,783,783,783,350,350
813,813,784,783,784,350,350
812,813,785,783,785,350,350
812,813,786,783,786,350,350
812,813,787,783,787,350,350
812,813,788,783,788,350,350
812,813,789,783,789,350,350
812,813,790,783,790,350,350
812,813,791,783,791,350,350
812,813,792,783,792,350,350
812,813,793,783,793,350,350
812,813,794,783,794,350,350
811,813,795,783,795,350,350
813,813,796,783,796,351,351
814,814,797,797,797,351,351
815,815,798,798,798,351,351
816,816,799,799,799,351,351
817,817,800,800,800,351,351
818,818,801,801,801,351,351
818,818,802,801,802,351,351
818,818,803,801,803,351,351
817,818,804,801,804,351,351
817,818,805,801,805,351,351
817,818,806,801,806,351,351
817,818,807,801,807,351,351
816,818,808,801,808,351,350
816,818,809,801,809,351,350
816,818,810,801,810,351,350
816,818,811,801,811,351,350
817,818,812,801,812,351,350
819,819,813,813,813,351,351
819,819,814,813,814,351,351
819,819,815,813,815,351,351
820,820,816,816,816,351,351
820,820,817,816,817,351,351
822,822,818,818,818,352,352
822,822,819,818,819,352,352
822,822,820,818,820,352,352
821,822,821,818,821,352,352
820,822,822,818,822,352,352
822,822,823,818,823,353,353
821,822,824,818,824,353,352
821,822,825,818,825,353,352
822,822,826,818,826,353,352
822,822,827,818,827,353,352
822,822,828,818,828,353,352
824,824,829,829,829,353,353
826,826,830,830,830,354,354
826,826,831,830,831,354,354
828,828,832,832,832,355,355
830,830,833,833,833,356,356
831,831,834,834,834,356,356
832,832,835,835,835,356,356
832,832,836,835,836,356,356
834,834,837,837,837,357,357
834,834,838,837,838,357,357
834,834,839,837,839,357,357
834,834,840,837,840,357,357
836,836,841,841,841,358,358
838,838,842,842,842,359,359
838,838,843,842,843,359,359
838,838,844,842,844,359,359
839,839,845,845,845,359,359
840,840,846,846,846,359,359
842,842,847,847,847,360,360
844,844,848,848,848,361,361
844,844,849,848,849,361,361
843,844,850,848,850,361,360
844,844,851,848,851,361,360
845,845,852,852,852,361,360
845,845,853,852,853,361,360
845,845,854,852,854,361,360
844,845,855,852,855,361,360
846,846,856,856,856,361,361
847,847,857,857,857,361,361
847,847,858,857,858,361,361
846,847,859,857,859,361,361
846,847,860,857,860,361,361
846,847,861,857,861,361,361
847,847,862,857,862,361,361
847,847,863,857,863,361,361
847,847,864,857,864,361,361
847,847,865,857,865,361,361
846,847,866,857,866,361,361
847,847,867,857,867,361,361
847,847,868,857,868,361,361
848,848,869,869,869,361,361
847,848,870,869,870,361,361
848,848,871,869,871,361,361
847,848,872,869,872,361,361
847,848,873,869,873,361,361
849,849,874,874,874,362,362
849,849,875,874,875,362,362
850,850,876,876,876,362,362
851,851,877,877,877,362,362
852,852,878,878,878,362,362
852,852,879,878,879,362,362
852,852,880,878,880,362,362
853,853,881,881,881,362,362
854,854,882,882,882,362,362
854,854,883,882,883,362,362
854,854,884,882,884,362,362
855,855,885,885,885,362,362
856,856,886,886,886,362,362
856,856,887,886,887,362,362
856,856,888,886,888,362,362
858,858,889,889,889,363,363
860,860,890,890,890,364,364
862,862,891,891,891,365,365
864,864,892,892,892,366,366
864,864,893,892,893,366,366
864,864,894,892,894,366,366
865,865,895,895,895,366,366
865,865,896,895,896,366,366
865,865,897,895,897,366,366
864,865,898,895,898,366,366
864,865,899,895,899,366,366
865,865,900,895,900,366,366
865,865,901,895,901,366,366
865,865,902,895,902,366,366
865,865,903,895,903,366,366
865,865,904,895,904,366,366
865,865,905,895,905,366,366
866,866,906,906,906,366,366
866,866,907,906,907,366,366
865,866,908,906,908,366,366
864,866,909,906,909,366,365
864,866,910,906,910,366,365
865,866,911,906,911,366,365
866,866,912,906,912,366,365
866,866,913,906,913,366,365
866,866,914,906,914,366,365
866,866,915,906,915,366,365
866,866,916,906,916,366,365
865,866,917,906,917,366,365
867,867,918,918,918,366,366
866,867,919,918,919,366,366
866,867,920,918,920,366,366
866,867,921,918,921,366,366
866,867,922,918,922,366,366
866,867,923,918,923,366,366
865,867,924,918,924,366,366
865,867,925,918,925,366,366
865,867,926,918,926,366,366
867,867,927,918,927,367,367
869,869,928,928,928,368,368
868,869,929,928,929,368,368
868,869,930,928,930,368,368
870,870,931,931,931,369,369
871,871,932,932,932,369,369
870,871,933,932,933,369,369
872,872,934,934,934,370,370
874,874,935,935,935,371,371
874,874,936,935,936,371,371
873,874,937,935,937,371,371
873,874,938,935,938,371,371
873,874,939,935,939,371,371
872,874,940,935,940,371,370
871,874,941,935,941,371,369
871,874,942,935,942,371,369
871,874,943,935,943,371,369
870,874,944,935,944,371,368
871,874,945,935,945,371,368
872,874,946,935,946,371,368
873,874,947,935,947,371,368
872,874,948,935,948,371,368
874,874,949,935,949,371,369
873,874,950,935,950,371,369
873,874,951,935,951,371,369
873,874,952,935,952,371,369
873,874,953,935,953,371,369
874,874,954,935,954,371,369
873,874,955,935,955,371,369
872,874,956,935,956,371,369
872,874,957,935,957,371,369
872,874,958,935,958,371,369
874,874,959,935,959,371,370
874,874,960,935,960,371,370
874,874,961,935,961,371,370
874,874,962,935,962,371,370
874,874,963,935,963,371,370
876,876,964,964,964,371,371
876,876,965,964,965,371,371
876,876,966,964,966,371,371
877,877,967,967,967,371,371
877,877,968,967,968,371,371
876,877,969,967,969,371,371
876,877,970,967,970,371,371
876,877,971,967,971,371,371
876,877,972,967,972,371,371
876,877,973,967,973,371,371
876,877,974,967,974,371,371
877,877,975,967,975,371,371
877,877,976,967,976,371,371
877,877,977,967,977,371,371
877,877,978,967,978,371,371
877,877,979,967,979,371,371
877,877,980,967,980,371,371
877,877,981,967,981,371,371
876,877,982,967,982,371,371
878,878,983,983,983,372,372
880,880,984,984,984,373,373
881,881,985,985,985,373,373
880,881,986,985,986,373,373
880,881,987,985,987,373,373
881,881,988,985,988,373,373
881,881,989,985,989,373,373
881,881,990,985,990,373,373
882,882,991,991,991,373,373
882,882,992,991,992,373,373
882,882,993,991,993,373,373
881,882,994,991,994,373,373
881,882,995,991,995,373,373
881,882,996,991,996,373,373
882,882,997,991,997,373,373
883,883,998,998,998,373,373
883,883,999,998,999,373,373
885,885,1000,1000,1000,374,374
885,885,1001,1000,1001,374,374
885,885,1002,1000,1002,374,374
885,885,1003,1000,1003,374,374
884,885,1004,1000,1004,374,374
885,885,1005,1000,1005,374,374
885,885,1006,1000,1006,374,374
885,885,1007,1000,1007,374,374
884,885,1008,1000,1008,374,373
885,885,1009,1000,1009,374,373
886,886,1010,1010,1010,374,373
888,888,1011,1011,1011,374,374
888,888,1012,1011,1012,374,374
887,888,1013,1011,1013,374,374
887,888,1014,1011,1014,374,374
886,888,1015,1011,1015,374,374
886,888,1016,1011,1016,374,374
888,888,1017,1011,1017,375,375
890,890,1018,1018,1018,376,376
890,890,1019,1018,1019,376,376
890,890,1020,1018,1020,376,376
891,891,1021,1021,1021,376,376
892,892,1022,1022,1022,376,376
894,894,1023,1023,1023,377,377
894,894,1024,1023,1024,377,377
894,894,1025,1023,1025,377,377
894,894,1026,1023,1026,377,377
895,895,1027,1027,1027,377,377
894,895,1028,1027,1028,377,376
894,895,1029,1027,1029,377,376
893,895,1030,1027,1030,377,376
894,895,1031,1027,1031,377,376
894,895,1032,1027,1032,377,376
894,895,1033,1027,1033,377,376
895,895,1034,1027,1034,377,376
895,895,1035,1027,1035,377,376
894,895,1036,1027,1036,377,376
894,895,1037,1027,1037,377,376
894,895,1038,1027,1038,377,376
894,895,1039,1027,1039,377,376
893,895,1040,1027,1040,377,376
893,895,1041,1027,1041,377,376
893,895,1042,1027,1042,377,376
895,895,1043,1027,1043,377,377
896,896,1044,1044,1044,377,377
896,896,1045,1044,1045,377,377
896,896,1046,1044,1046,377,377
896,896,1047,1044,1047,377,377
895,896,1048,1044,1048,377,377
896,896,1049,1044,1049,377,377
896,896,1050,1044,1050,377,377
896,896,1051,1044,1051,377,377
896,896,1052,1044,1052,377,377
895,896,1053,1044,1053,377,377
896,896,1054,1044,1054,377,377
896,896,1055,1044,1055,377,377
895,896,1056,1044,1056,377,377
895,896,1057,1044,1057,377,377
896,896,1058,1044,1058,377,377
896,896,1059,1044,1059,377,377
896,896,1060,1044,1060,377,377
897,897,1061,1061,1061,377,377
897,897,1062,1061,1062,377,377
897,897,1063,1061,1063,377,377
897,897,1064,1061,1064,377,377
897,897,1065,1061,1065,377,377
898,898,1066,1066,1066,377,377
897,898,1067,1066,1067,377,377
897,898,1068,1066,1068,377,377
897,898,1069,1066,1069,377,377
897,898,1070,1066,1070,377,377
897,898,1071,1066,1071,377,377
897,898,1072,1066,1072,377,377
897,898,1073,1066,1073,377,377
897,898,1074,1066,1074,377,377
897,898,1075,1066,1075,377,377
896,898,1076,1066,1076,377,377
896,898,1077,1066,1077,377,377
896,898,1078,1066,1078,377,377
897,898,1079,1066,1079,377,377
898,898,1080,1066,1080,377,377
898,898,1081,1066,1081,377,377
897,898,1082,1066,1082,377,377
896,898,1083,1066,1083,377,376
895,898,1084,1066,1084,377,376
896,898,1085,1066,1085,377,376
897,898,1086,1066,1086,377,376
899,899,1087,1087,1087,377,377
900,900,1088,1088,1088,377,377
899,900,1089,1088,1089,377,377
899,900,1090,1088,1090,377,377
898,900,1091,1088,1091,377,377
898,900,1092,1088,1092,377,377
898,900,1093,1088,1093,377,377
898,900,1094,1088,1094,377,377
898,900,1095,1088,1095,377,377
899,900,1096,1088,1096,377,377
899,900,1097,1088,1097,377,377
899,900,1098,1088,1098,377,377
899,900,1099,1088,1099,377,377
899,900,1100,1088,1100,377,377
899,900,1101,1088,1101,377,377
900,900,1102,1088,1102,377,377
899,900,1103,1088,1103,377,377
900,900,1104,1088,1104,377,377
900,900,1105,1088,1105,377,377
899,900,1106,1088,1106,377,377
899,900,1107,1088,1107,377,377
899,900,1108,1088,1108,377,377
899,900,1109,1088,1109,377,377
898,900,1110,1088,1110,377,377
899,900,1111,1088,1111,377,377
899,900,1112,1088,1112,377,377
899,900,1113,1088,1113,377,377
898,900,1114,1088,1114,377,377
898,900,1115,1088,1115,377,377
898,900,1116,1088,1116,377,377
898,900,1117,1088,1117,377,377
898,900,1118,1088,1118,377,377
897,900,1119,1088,1119,377,377
897,900,1120,1088,1120,377,377
896,900,1121,1088,1121,377,377
896,900,1122,1088,1122,377,377
897,900,1123,1088,1123,377,377
896,900,1124,1088,1124,377,377
895,900,1125,1088,1125,377,377
895,900,1126,1088,1126,377,377
895,900,1127,1088,1127,377,377
895,900,1128,1088,1128,377,377
896,900,1129,1088,1129,377,377
896,900,1130,1088,1130,377,377
895,900,1131,1088,1131,377,377
894,900,1132,1088,1132,377,377
893,900,1133,1088,1133,377,377
894,900,1134,1088,1134,377,377
895,900,1135,1088,1135,377,377
895,900,1136,1088,1136,377,377
895,900,1137,1088,1137,377,377
896,900,1138,1088,1138,377,377
895,900,1139,1088,1139,377,376
897,900,1140,1088,1140,377,377
897,900,1141,1088,1141,377,377
899,900,1142,1088,1142,378,378
899,900,1143,1088,1143,378,378
898,900,1144,1088,1144,378,378
898,900,1145,1088,1145,378,378
897,900,1146,1088,1146,378,378
897,900,1147,1088,1147,378,378
897,900,1148,1088,1148,378,378
898,900,1149,1088,1149,378,378
898,900,1150,1088,1150,378,378
900,900,1151,1088,1151,379,379
902,902,1152,1152,1152,380,380
901,902,1153,1152,1153,380,380
901,902,1154,1152,1154,380,380
900,902,1155,1152,1155,380,380
900,902,1156,1152,1156,380,380
899,902,1157,1152,1157,380,380
900,902,1158,1152,1158,380,380
899,902,1159,1152,1159,380,379
898,902,1160,1152,1160,380,379
898,902,1161,1152,1161,380,379
898,902,1162,1152,1162,380,379
898,902,1163,1152,1163,380,379
897,902,1164,1152,1164,380,379
897,902,1165,1152,1165,380,379
896,902,1166,1152,1166,380,379
897,902,1167,1152,1167,380,379
898,902,1168,1152,1168,380,379
897,902,1169,1152,1169,380,379
897,902,1170,1152,1170,380,379
897,902,1171,1152,1171,380,379
897,902,1172,1152,1172,380,379
896,902,1173,1152,1173,380,379
895,902,1174,1152,1174,380,379
896,902,1175,1152,1175,380,379
895,902,1176,1152,1176,380,379
895,902,1177,1152,1177,380,379
894,902,1178,1152,1178,380,379
894,902,1179,1152,1179,380,379
894,902,1180,1152,1180,380,379
895,902,1181,1152,1181,380,379
894,902,1182,1152,1182,380,378
894,902,1183,1152,1183,380,378
893,902,1184,1152,1184,380,378
893,902,1185,1152,1185,380,378
893,902,1186,1152,1186,380,378
894,902,1187,1152,1187,380,378
893,902,1188,1152,1188,380,378
893,902,1189,1152,1189,380,378
894,902,1190,1152,1190,380,378
896,902,1191,1152,1191,380,379
896,902,1192,1152,1192,380,379
896,902,1193,1152,1193,380,379
896,902,1194,1152,1194,380,379
896,902,1195,1152,1195,380,379
896,902,1196,1152,1196,380,379
896,902,1197,1152,1197,380,379
896,902,1198,1152,1198,380,379
896,902,1199,1152,1199,380,379
896,902,1200,1152,1200,380,379
896,902,1201,1152,1201,380,379
895,902,1202,1152,1202,380,379
895,902,1203,1152,1203,380,379
896,902,1204,1152,1204,380,379
897,902,1205,1152,1205,380,379
898,902,1206,1152,1206,380,379
897,902,1207,1152,1207,380,379
898,902,1208,1152,1208,380,379
898,902,1209,1152,1209,380,379
899,902,1210,1152,1210,380,379
901,902,1211,1152,1211,380,380
901,902,1212,1152,1212,380,380
900,902,1213,1152,1213,380,379
902,902,1214,1152,1214,380,380
902,902,1215,1152,1215,380,380
902,902,1216,1152,1216,380,380
903,903,1217,1217,1217,380,380
904,904,1218,1218,1218,380,380
904,904,1219,1218,1219,380,380
904,904,1220,1218,1220,380,380
904,904,1221,1218,1221,380,380
904,904,1222,1218,1222,380,380
905,905,1223,1223,1223,380,380
905,905,1224,1223,1224,380,380
904,905,1225,1223,1225,380,380
904,905,1226,1223,1226,380,380
904,905,1227,1223,1227,380,380
904,905,1228,1223,1228,380,380
904,905,1229,1223,1229,380,380
904,905,1230,1223,1230,380,380
904,905,1231,1223,1231,380,380
903,905,1232,1223,1232,380,379
903,905,1233,1223,1233,380,379
904,905,1234,1223,1234,380,379
904,905,1235,1223,1235,380,379
904,905,1236,1223,1236,380,379
903,905,1237,1223,1237,380,379
903,905,1238,1223,1238,380,379
903,905,1239,1223,1239,380,379
902,905,1240,1223,1240,380,379
902,905,1241,1223,1241,380,379
903,905,1242,1223,1242,380,379
902,905,1243,1223,1243,380,378
903,905,1244,1223,1244,380,378
904,905,1245,1223,1245,380,378
904,905,1246,1223,1246,380,378
904,905,1247,1223,1247,380,378
904,905,1248,1223,1248,380,378
905,905,1249,1223,1249,380,378
906,906,1250,1250,1250,380,378
905,906,1251,1250,1251,380,377
905,906,1252,1250,1252,380,377
905,906,1253,1250,1253,380,377
905,906,1254,1250,1254,380,377
905,906,1255,1250,1255,380,377
904,906,1256,1250,1256,380,377
904,906,1257,1250,1257,380,377
905,906,1258,1250,1258,380,377
905,906,1259,1250,1259,380,377
905,906,1260,1250,1260,380,377
906,906,1261,1250,1261,380,377
905,906,1262,1250,1262,380,376
905,906,1263,1250,1263,380,376
905,906,1264,1250,1264,380,376
905,906,1265,1250,1265,380,376
906,906,1266,1250,1266,380,376
906,906,1267,1250,1267,380,376
905,906,1268,1250,1268,380,376
905,906,1269,1250,1269,380,376
905,906,1270,1250,1270,380,376
904,906,1271,1250,1271,380,375
904,906,1272,1250,1272,380,375
905,906,1273,1250,1273,380,375
905,906,1274,1250,1274,380,375
904,906,1275,1250,1275,380,375
903,906,1276,1250,1276,380,375
904,906,1277,1250,1277,380,375
904,906,1278,1250,1278,380,375
904,906,1279,1250,1279,380,375
904,906,1280,1250,1280,380,375
906,906,1281,1250,1281,380,376
906,906,1282,1250,1282,380,376
906,906,1283,1250,1283,380,376
906,906,1284,1250,1284,380,376
906,906,1285,1250,1285,380,376
906,906,1286,1250,1286,380,376
906,906,1287,1250,1287,380,376
906,906,1288,1250,1288,380,376
906,906,1289,1250,1289,380,376
906,906,1290,1250,1290,380,376
905,906,1291,1250,1291,380,376
905,906,1292,1250,1292,380,376
906,906,1293,1250,1293,380,376
906,906,1294,1250,1294,380,376
906,906,1295,1250,1295,380,376
908,908,1296,1296,1296,380,377
909,909,1297,1297,1297,380,377
910,910,1298,1298,1298,380,377
910,910,1299,1298,1299,380,377
911,911,1300,1300,1300,380,377
910,911,1301,1300,1301,380,376
910,911,1302,1300,1302,380,376
909,911,1303,1300,1303,380,376
909,911,1304,1300,1304,380,376
909,911,1305,1300,1305,380,376
909,911,1306,1300,1306,380,376
908,911,1307,1300,1307,380,375
907,911,1308,1300,1308,380,374
907,911,1309,1300,1309,380,374
908,911,1310,1300,1310,380,374
908,911,1311,1300,1311,380,374
908,911,1312,1300,1312,380,374
908,911,1313,1300,1313,380,374
908,911,1314,1300,1314,380,374
909,911,1315,1300,1315,380,374
909,911,1316,1300,1316,380,374
908,911,1317,1300,1317,380,373
907,911,1318,1300,1318,380,372
907,911,1319,1300,1319,380,372
907,911,1320,1300,1320,380,372
907,911,1321,1300,1321,380,372
906,911,1322,1300,1322,380,372
906,911,1323,1300,1323,380,372
907,911,1324,1300,1324,380,372
907,911,1325,1300,1325,380,372
907,911,1326,1300,1326,380,372
907,911,1327,1300,1327,380,372
907,911,1328,1300,1328,380,372
909,911,1329,1300,1329,380,373
909,911,1330,1300,1330,380,373
909,911,1331,1300,1331,380,373
910,911,1332,1300,1332,380,373
910,911,1333,1300,1333,380,373
911,911,1334,1300,1334,380,373
911,911,1335,1300,1335,380,373
911,911,1336,1300,1336,380,373
912,912,1337,1337,1337,380,373
912,912,1338,1337,1338,380,373
912,912,1339,1337,1339,380,373
912,912,1340,1337,1340,380,373
914,914,1341,1341,1341,380,374
914,914,1342,1341,1342,380,374
913,914,1343,1341,1343,380,374
913,914,1344,1341,1344,380,374
914,914,1345,1341,1345,380,374
914,914,1346,1341,1346,380,374
915,915,1347,1347,1347,380,374
915,915,1348,1347,1348,380,374
915,915,1349,1347,1349,380,374
914,915,1350,1347,1350,380,374
913,915,1351,1347,1351,380,373
912,915,1352,1347,1352,380,373
912,915,1353,1347,1353,380,373
912,915,1354,1347,1354,380,373
912,915,1355,1347,1355,380,373
913,915,1356,1347,1356,380,373
913,915,1357,1347,1357,380,373
913,915,1358,1347,1358,380,373
912,915,1359,1347,1359,380,372
913,915,1360,1347,1360,380,372
914,915,1361,1347,1361,380,372
914,915,1362,1347,1362,380,372
914,915,1363,1347,1363,380,372
914,915,1364,1347,1364,380,372
915,915,1365,1347,1365,380,372
915,915,1366,1347,1366,380,372
915,915,1367,1347,1367,380,372
915,915,1368,1347,1368,380,372
916,916,1369,1369,1369,380,372
916,916,1370,1369,1370,380,372
917,917,1371,1371,1371,380,372
917,917,1372,1371,1372,380,372
917,917,1373,1371,1373,380,372
917,917,1374,1371,1374,380,372
917,917,1375,1371,1375,380,372
917,917,1376,1371,1376,380,372
916,917,1377,1371,1377,380,372
916,917,1378,1371,1378,380,372
916,917,1379,1371,1379,380,372
916,917,1380,1371,1380,380,372
916,917,1381,1371,1381,380,372
916,917,1382,1371,1382,380,372
917,917,1383,1371,1383,380,372
918,918,1384,1384,1384,380,372
917,918,1385,1384,1385,380,372
917,918,1386,1384,1386,380,372
918,918,1387,1384,1387,380,372
918,918,1388,1384,1388,380,372
918,918,1389,1384,1389,380,372
920,920,1390,1390,1390,380,373
919,920,1391,1390,1391,380,373
919,920,1392,1390,1392,380,373
919,920,1393,1390,1393,380,373
919,920,1394,1390,1394,380,373
919,920,1395,1390,1395,380,373
919,920,1396,1390,1396,380,373
919,920,1397,1390,1397,380,373
919,920,1398,1390,1398,380,373
920,920,1399,1390,1399,380,373
920,920,1400,1390,1400,380,373
921,921,1401,1401,1401,380,373
922,922,1402,1402,1402,380,373
921,922,1403,1402,1403,380,372
920,922,1404,1402,1404,380,371
920,922,1405,1402,1405,380,371
920,922,1406,1402,1406,380,371
920,922,1407,1402,1407,380,371
920,922,1408,1402,1408,380,371
920,922,1409,1402,1409,380,371
920,922,1410,1402,1410,380,371
921,922,1411,1402,1411,380,371
922,922,1412,1402,1412,380,371
922,922,1413,1402,1413,380,371
922,922,1414,1402,1414,380,371
922,922,1415,1402,1415,380,371
922,922,1416,1402,1416,380,371
922,922,1417,1402,1417,380,371
922,922,1418,1402,1418,380,371
922,922,1419,1402,1419,380,371
922,922,1420,1402,1420,380,371
922,922,1421,1402,1421,380,371
923,923,1422,1422,1422,380,371
924,924,1423,1423,1423,380,371
924,924,1424,1423,1424,380,371
924,924,1425,1423,1425,380,371
924,924,1426,1423,1426,380,371
925,925,1427,1427,1427,380,371
925,925,1428,1427,1428,380,371
925,925,1429,1427,1429,380,371
925,925,1430,1427,1430,380,371
925,925,1431,1427,1431,380,371
925,925,1432,1427,1432,380,371
925,925,1433,1427,1433,380,371
926,926,1434,1434,1434,380,371
926,926,1435,1434,1435,380,371
926,926,1436,1434,1436,380,371
926,926,1437,1434,1437,380,371
926,926,1438,1434,1438,380,371
926,926,1439,1434,1439,380,371
926,926,1440,1434,1440,380,371
927,927,1441,1441,1441,380,371
927,927,1442,1441,1442,380,371
927,927,1443,1441,1443,380,371
927,927,1444,1441,1444,380,371
926,927,1445,1441,1445,380,371
926,927,1446,1441,1446,380,371
926,927,1447,1441,1447,380,371
926,927,1448,1441,1448,380,371
926,927,1449,1441,1449,380,371
926,927,1450,1441,1450,380,371
927,927,1451,1441,1451,380,371
927,927,1452,1441,1452,380,371
927,927,1453,1441,1453,380,371
927,927,1454,1441,1454,380,371
927,927,1455,1441,1455,380,371
925,927,1456,1441,1456,380,371
924,927,1457,1441,1457,380,371
924,927,1458,1441,1458,380,371
923,927,1459,1441,1459,380,371
923,927,1460,1441,1460,380,371
923,927,1461,1441,1461,380,371
924,927,1462,1441,1462,380,371
923,927,1463,1441,1463,380,371
924,927,1464,1441,1464,380,371
923,927,1465,1441,1465,380,371
923,927,1466,1441,1466,380,371
924,927,1467,1441,1467,380,371
924,927,1468,1441,1468,380,371
924,927,1469,1441,1469,380,371
924,927,1470,1441,1470,380,371
925,927,1471,1441,1471,380,371
925,927,1472,1441,1472,380,371
923,927,1473,1441,1473,380,371
923,927,1474,1441,1474,380,371
922,927,1475,1441,1475,380,371
922,927,1476,1441,1476,380,371
921,927,1477,1441,1477,380,370
921,927,1478,1441,1478,380,370
921,927,1479,1441,1479,380,370
921,927,1480,1441,1480,380,370
920,927,1481,1441,1481,380,370
920,927,1482,1441,1482,380,370
920,927,1483,1441,1483,380,370
920,927,1484,1441,1484,380,370
920,927,1485,1441,1485,380,370
920,927,1486,1441,1486,380,370
921,927,1487,1441,1487,380,370
922,927,1488,1441,1488,380,370
922,927,1489,1441,1489,380,370
922,927,1490,1441,1490,380,370
921,927,1491,1441,1491,380,370
921,927,1492,1441,1492,380,370
921,927,1493,1441,1493,380,370
921,927,1494,1441,1494,380,370
921,927,1495,1441,1495,380,370
921,927,1496,1441,1496,380,370
921,927,1497,1441,1497,380,370
921,927,1498,1441,1498,380,370
922,927,1499,1441,1499,380,370
922,927,1500,1441,1500,380,370
923,927,1501,1441,1501,380,370
923,927,1502,1441,1502,380,370
924,927,1503,1441,1503,380,370
924,927,1504,1441,1504,380,370
924,927,1505,1441,1505,380,370
924,927,1506,1441,1506,380,370
925,927,1507,1441,1507,380,370
925,927,1508,1441,1508,380,370
925,927,1509,1441,1509,380,370
925,927,1510,1441,1510,380,370
924,927,1511,1441,1511,380,370
923,927,1512,1441,1512,380,370
923,927,1513,1441,1513,380,370
924,927,1514,1441,1514,380,370
924,927,1515,1441,1515,380,370
924,927,1516,1441,1516,380,370
924,927,1517,1441,1517,380,370
924,927,1518,1441,1518,380,370
924,927,1519,1441,1519,380,370
925,927,1520,1441,1520,380,370
927,927,1521,1441,1521,380,371
927,927,1522,1441,1522,380,371
926,927,1523,1441,1523,380,370
926,927,1524,1441,1524,380,370
925,927,1525,1441,1525,380,370
926,927,1526,1441,1526,380,370
926,927,1527,1441,1527,380,370
926,927,1528,1441,1528,380,370
926,927,1529,1441,1529,380,370
926,927,1530,1441,1530,380,370
926,927,1531,1441,1531,380,370
926,927,1532,1441,1532,380,370
927,927,1533,1441,1533,380,370
927,927,1534,1441,1534,380,370
927,927,1535,1441,1535,380,370
927,927,1536,1441,1536,380,370
927,927,1537,1441,1537,380,370
927,927,1538,1441,1538,380,370
927,927,1539,1441,1539,380,370
928,928,1540,1540,1540,380,370
928,928,1541,1540,1541,380,370
927,928,1542,1540,1542,380,370
928,928,1543,1540,1543,380,370
928,928,1544,1540,1544,380,370
928,928,1545,1540,1545,380,370
928,928,1546,1540,1546,380,370
928,928,1547,1540,1547,380,370
927,928,1548,1540,1548,380,370
928,928,1549,1540,1549,380,370
927,928,1550,1540,1550,380,370
927,928,1551,1540,1551,380,370
926,928,1552,1540,1552,380,370
927,928,1553,1540,1553,380,370
927,928,1554,1540,1554,380,370
928,928,1555,1540,1555,380,370
928,928,1556,1540,1556,380,370
928,928,1557,1540,1557,380,370
928,928,1558,1540,1558,380,370
928,928,1559,1540,1559,380,370
928,928,1560,1540,1560,380,370
929,929,1561,1561,1561,380,370
929,929,1562,1561,1562,380,370
929,929,1563,1561,1563,380,370
929,929,1564,1561,1564,380,370
929,929,1565,1561,1565,380,370
929,929,1566,1561,1566,380,370
929,929,1567,1561,1567,380,370
929,929,1568,1561,1568,380,370
929,929,1569,1561,1569,380,370
928,929,1570,1561,1570,380,370
928,929,1571,1561,1571,380,370
927,929,1572,1561,1572,380,370
927,929,1573,1561,1573,380,370
927,929,1574,1561,1574,380,370
926,929,1575,1561,1575,380,370
927,929,1576,1561,1576,380,370
927,929,1577,1561,1577,380,370
927,929,1578,1561,1578,380,370
927,929,1579,1561,1579,380,370
927,929,1580,1561,1580,380,370
927,929,1581,1561,1581,380,370
927,929,1582,1561,1582,380,370
927,929,1583,1561,1583,380,370
927,929,1584,1561,1584,380,370
927,929,1585,1561,1585,380,370
927,929,1586,1561,1586,380,370
926,929,1587,1561,1587,380,370
925,929,1588,1561,1588,380,369
925,929,1589,1561,1589,380,369
925,929,1590,1561,1590,380,369
925,929,1591,1561,1591,380,369
925,929,1592,1561,1592,380,369
925,929,1593,1561,1593,380,369
925,929,1594,1561,1594,380,369
924,929,1595,1561,1595,380,368
926,929,1596,1561,1596,380,368
926,929,1597,1561,1597,380,368
926,929,1598,1561,1598,380,368
926,929,1599,1561,1599,380,368
925,929,1600,1561,1600,380,368
924,929,1601,1561,1601,380,368
923,929,1602,1561,1602,380,368
923,929,1603,1561,1603,380,368
923,929,1604,1561,1604,380,368
922,929,1605,1561,1605,380,367
922,929,1606,1561,1606,380,367
922,929,1607,1561,1607,380,367
921,929,1608,1561,1608,380,366
921,929,1609,1561,1609,380,366
921,929,1610,1561,1610,380,366
921,929,1611,1561,1611,380,366
921,929,1612,1561,1612,380,366
921,929,1613,1561,1613,380,366
920,929,1614,1561,1614,380,365
920,929,1615,1561,1615,380,365
920,929,1616,1561,1616,380,365
920,929,1617,1561,1617,380,365
920,929,1618,1561,1618,380,365
920,929,1619,1561,1619,380,365
920,929,1620,1561,1620,380,365
919,929,1621,1561,1621,380,365
918,929,1622,1561,1622,380,364
918,929,1623,1561,1623,380,364
918,929,1624,1561,1624,380,364
918,929,1625,1561,1625,380,364
919,929,1626,1561,1626,380,364
919,929,1627,1561,1627,380,364
918,929,1628,1561,1628,380,364
918,929,1629,1561,1629,380,364
918,929,1630,1561,1630,380,364
919,929,1631,1561,1631,380,364
919,929,1632,1561,1632,380,364
919,929,1633,1561,1633,380,364
919,929,1634,1561,1634,380,364
920,929,1635,1561,1635,380,364
920,929,1636,1561,1636,380,364
920,929,1637,1561,1637,380,364
920,929,1638,1561,1638,380,364
920,929,1639,1561,1639,380,364
919,929,1640,1561,1640,380,364
919,929,1641,1561,1641,380,364
919,929,1642,1561,1642,380,364
919,929,1643,1561,1643,380,364
919,929,1644,1561,1644,380,364
918,929,1645,1561,1645,380,363
918,929,1646,1561,1646,380,363
918,929,1647,1561,1647,380,363
919,929,1648,1561,1648,380,363
919,929,1649,1561,1649,380,363
918,929,1650,1561,1650,380,363
918,929,1651,1561,1651,380,363
918,929,1652,1561,1652,380,363
918,929,1653,1561,1653,380,363
918,929,1654,1561,1654,380,363
918,929,1655,1561,1655,380,363
918,929,1656,1561,1656,380,363
918,929,1657,1561,1657,380,363
918,929,1658,1561,1658,380,363
918,929,1659,1561,1659,380,363
918,929,1660,1561,1660,380,363
918,929,1661,1561,1661,380,363
918,929,1662,1561,1662,380,363
918,929,1663,1561,1663,380,363
918,929,1664,1561,1664,380,363
918,929,1665,1561,1665,380,363
918,929,1666,1561,1666,380,363
918,929,1667,1561,1667,380,363
918,929,1668,1561,1668,380,363
918,929,1669,1561,1669,380,363
918,929,1670,1561,1670,380,363
918,929,1671,1561,1671,380,363
918,929,1672,1561,1672,380,363
918,929,1673,1561,1673,380,363
918,929,1674,1561,1674,380,363
917,929,1675,1561,1675,380,363
917,929,1676,1561,1676,380,363
917,929,1677,1561,1677,380,363
917,929,1678,1561,1678,380,363
917,929,1679,1561,1679,380,363
917,929,1680,1561,1680,380,363
917,929,1681,1561,1681,380,363
917,929,1682,1561,1682,380,363
917,929,1683,1561,1683,380,363
917,929,1684,1561,1684,380,363
917,929,1685,1561,1685,380,363
917,929,1686,1561,1686,380,363
917,929,1687,1561,1687,380,363
917,929,1688,1561,1688,380,363
917,929,1689,1561,1689,380,363
917,929,1690,1561,1690,380,363
917,929,1691,1561,1691,380,363
917,929,1692,1561,1692,380,363
918,929,1693,1561,1693,380,363
918,929,1694,1561,1694,380,363
918,929,1695,1561,1695,380,363
918,929,1696,1561,1696,380,363
917,929,1697,1561,1697,380,363
917,929,1698,1561,1698,380,363
917,929,1699,1561,1699,380,363
918,929,1700,1561,1700,380,363
918,929,1701,1561,1701,380,363
918,929,1702,1561,1702,380,363
918,929,1703,1561,1703,380,363
917,929,1704,1561,1704,380,363
917,929,1705,1561,1705,380,363
916,929,1706,1561,1706,380,363
916,929,1707,1561,1707,380,363
915,929,1708,1561,1708,380,363
915,929,1709,1561,1709,380,363
914,929,1710,1561,1710,380,363
915,929,1711,1561,1711,380,363
915,929,1712,1561,1712,380,363
915,929,1713,1561,1713,380,363
915,929,1714,1561,1714,380,363
915,929,1715,1561,1715,380,363
915,929,1716,1561,1716,380,363
915,929,1717,1561,1717,380,363
915,929,1718,1561,1718,380,363
915,929,1719,1561,1719,380,363
915,929,1720,1561,1720,380,363
915,929,1721,1561,1721,380,363
915,929,1722,1561,1722,380,363
915,929,1723,1561,1723,380,363
916,929,1724,1561,1724,380,363
916,929,1725,1561,1725,380,363
916,929,1726,1561,1726,380,363
916,929,1727,1561,1727,380,363
917,929,1728,1561,1728,380,363
917,929,1729,1561,1729,380,363
917,929,1730,1561,1730,380,363
917,929,1731,1561,1731,380,363
917,929,1732,1561,1732,380,363
917,929,1733,1561,1733,380,363
918,929,1734,1561,1734,380,363
918,929,1735,1561,1735,380,363
917,929,1736,1561,1736,380,362
917,929,1737,1561,1737,380,362
916,929,1738,1561,1738,380,362
916,929,1739,1561,1739,380,362
916,929,1740,1561,1740,380,362
916,929,1741,1561,1741,380,362
916,929,1742,1561,1742,380,362
914,929,1743,1561,1743,380,361
915,929,1744,1561,1744,380,361
915,929,1745,1561,1745,380,361
915,929,1746,1561,1746,380,361
914,929,1747,1561,1747,380,361
914,929,1748,1561,1748,380,361
914,929,1749,1561,1749,380,361
914,929,1750,1561,1750,380,361
915,929,1751,1561,1751,380,361
915,929,1752,1561,1752,380,361
915,929,1753,1561,1753,380,361
914,929,1754,1561,1754,380,360
914,929,1755,1561,1755,380,360
914,929,1756,1561,1756,380,360
915,929,1757,1561,1757,380,360
915,929,1758,1561,1758,380,360
915,929,1759,1561,1759,380,360
915,929,1760,1561,1760,380,360
915,929,1761,1561,1761,380,360
915,929,1762,1561,1762,380,360
915,929,1763,1561,1763,380,360
915,929,1764,1561,1764,380,360
915,929,1765,1561,1765,380,360
915,929,1766,1561,1766,380,360
915,929,1767,1561,1767,380,360
915,929,1768,1561,1768,380,360
915,929,1769,1561,1769,380,360
915,929,1770,1561,1770,380,360
914,929,1771,1561,1771,380,360
915,929,1772,1561,1772,380,360
914,929,1773,1561,1773,380,359
914,929,1774,1561,1774,380,359
914,929,1775,1561,1775,380,359
915,929,1776,1561,1776,380,359
915,929,1777,1561,1777,380,359
915,929,1778,1561,1778,380,359
915,929,1779,1561,1779,380,359
915,929,1780,1561,1780,380,359
915,929,1781,1561,1781,380,359
915,929,1782,1561,1782,380,359
915,929,1783,1561,1783,380,359
915,929,1784,1561,1784,380,359
914,929,1785,1561,1785,380,358
914,929,1786,1561,1786,380,358
913,929,1787,1561,1787,380,357
913,929,1788,1561,1788,380,357
913,929,1789,1561,1789,380,357
913,929,1790,1561,1790,380,357
913,929,1791,1561,1791,380,357
913,929,1792,1561,1792,380,357
913,929,1793,1561,1793,380,357
913,929,1794,1561,1794,380,357
912,929,1795,1561,1795,380,357
912,929,1796,1561,1796,380,357
913,929,1797,1561,1797,380,357
913,929,1798,1561,1798,380,357
913,929,1799,1561,1799,380,357
914,929,1800,1561,1800,380,357
913,929,1801,1561,1801,380,356
913,929,1802,1561,1802,380,356
914,929,1803,1561,1803,380,356
914,929,1804,1561,1804,380,356
914,929,1805,1561,1805,380,356
915,929,1806,1561,1806,380,356
916,929,1807,1561,1807,380,356
916,929,1808,1561,1808,380,356
916,929,1809,1561,1809,380,356
916,929,1810,1561,1810,380,356
916,929,1811,1561,1811,380,356
916,929,1812,1561,1812,380,356
917,929,1813,1561,1813,380,356
917,929,1814,1561,1814,380,356
916,929,1815,1561,1815,380,355
916,929,1816,1561,1816,380,355
916,929,1817,1561,1817,380,355
916,929,1818,1561,1818,380,355
916,929,1819,1561,1819,380,355
916,929,1820,1561,1820,380,355
915,929,1821,1561,1821,380,355
915,929,1822,1561,1822,380,355
915,929,1823,1561,1823,380,355
914,929,1824,1561,1824,380,355
914,929,1825,1561,1825,380,355
914,929,1826,1561,1826,380,355
914,929,1827,1561,1827,380,355
914,929,1828,1561,1828,380,355
914,929,1829,1561,1829,380,355
914,929,1830,1561,1830,380,355
914,929,1831,1561,1831,380,355
913,929,1832,1561,1832,380,355
913,929,1833,1561,1833,380,355
912,929,1834,1561,1834,380,354
911,929,1835,1561,1835,380,354
911,929,1836,1561,1836,380,354
911,929,1837,1561,1837,380,354
911,929,1838,1561,1838,380,354
911,929,1839,1561,1839,380,354
912,929,1840,1561,1840,380,354
912,929,1841,1561,1841,380,354
913,929,1842,1561,1842,380,354
913,929,1843,1561,1843,380,354
913,929,1844,1561,1844,380,354
913,929,1845,1561,1845,380,354
913,929,1846,1561,1846,380,354
912,929,1847,1561,1847,380,354
911,929,1848,1561,1848,380,353
911,929,1849,1561,1849,380,353
911,929,1850,1561,1850,380,353
910,929,1851,1561,1851,380,353
910,929,1852,1561,1852,380,353
911,929,1853,1561,1853,380,353
911,929,1854,1561,1854,380,353
911,929,1855,1561,1855,380,353
911,929,1856,1561,1856,380,353
911,929,1857,1561,1857,380,353
911,929,1858,1561,1858,380,353
911,929,1859,1561,1859,380,353
910,929,1860,1561,1860,380,353
910,929,1861,1561,1861,380,353
910,929,1862,1561,1862,380,353
910,929,1863,1561,1863,380,353
909,929,1864,1561,1864,380,353
909,929,1865,1561,1865,380,353
910,929,1866,1561,1866,380,353
910,929,1867,1561,1867,380,353
910,929,1868,1561,1868,380,353
910,929,1869,1561,1869,380,353
911,929,1870,1561,1870,380,353
911,929,1871,1561,1871,380,353
911,929,1872,1561,1872,380,353
911,929,1873,1561,1873,380,353
911,929,1874,1561,1874,380,353
911,929,1875,1561,1875,380,353
911,929,1876,1561,1876,380,353
911,929,1877,1561,1877,380,353
911,929,1878,1561,1878,380,353
911,929,1879,1561,1879,380,353
913,929,1880,1561,1880,380,354
913,929,1881,1561,1881,380,354
912,929,1882,1561,1882,380,354
911,929,1883,1561,1883,380,354
911,929,1884,1561,1884,380,354
911,929,1885,1561,1885,380,354
911,929,1886,1561,1886,380,354
911,929,1887,1561,1887,380,354
911,929,1888,1561,1888,380,354
911,929,1889,1561,1889,380,354
911,929,1890,1561,1890,380,354
912,929,1891,1561,1891,380,354
913,929,1892,1561,1892,380,354
914,929,1893,1561,1893,380,354
914,929,1894,1561,1894,380,354
913,929,1895,1561,1895,380,354
913,929,1896,1561,1896,380,354
913,929,1897,1561,1897,380,354
913,929,1898,1561,1898,380,354
913,929,1899,1561,1899,380,354
912,929,1900,1561,1900,380,354
912,929,1901,1561,1901,380,354
912,929,1902,1561,1902,380,354
912,929,1903,1561,1903,380,354
911,929,1904,1561,1904,380,354
911,929,1905,1561,1905,380,354
912,929,1906,1561,1906,380,354
912,929,1907,1561,1907,380,354
912,929,1908,1561,1908,380,354
911,929,1909,1561,1909,380,353
912,929,1910,1561,1910,380,353
912,929,1911,1561,1911,380,353
912,929,1912,1561,1912,380,353
912,929,1913,1561,1913,380,353
912,929,1914,1561,1914,380,353
912,929,1915,1561,1915,380,353
912,929,1916,1561,1916,380,353
912,929,1917,1561,1917,380,353
912,929,1918,1561,1918,380,353
911,929,1919,1561,1919,380,353
912,929,1920,1561,1920,380,353
912,929,1921,1561,1921,380,353
913,929,1922,1561,1922,380,353
913,929,1923,1561,1923,380,353
913,929,1924,1561,1924,380,353
913,929,1925,1561,1925,380,353
913,929,1926,1561,1926,380,353
912,929,1927,1561,1927,380,353
912,929,1928,1561,1928,380,353
912,929,1929,1561,1929,380,353
912,929,1930,1561,1930,380,353
912,929,1931,1561,1931,380,353
912,929,1932,1561,1932,380,353
912,929,1933,1561,1933,380,353
912,929,1934,1561,1934,380,353
911,929,1935,1561,1935,380,353
911,929,1936,1561,1936,380,353
911,929,1937,1561,1937,380,353
912,929,1938,1561,1938,380,353
914,929,1939,1561,1939,380,354
915,929,1940,1561,1940,380,354
914,929,1941,1561,1941,380,353
914,929,1942,1561,1942,380,353
913,929,1943,1561,1943,380,353
913,929,1944,1561,1944,380,353
913,929,1945,1561,1945,380,353
912,929,1946,1561,1946,380,352
912,929,1947,1561,1947,380,352
912,929,1948,1561,1948,380,352
911,929,1949,1561,1949,380,352
911,929,1950,1561,1950,380,352
911,929,1951,1561,1951,380,352
912,929,1952,1561,1952,380,352
912,929,1953,1561,1953,380,352
913,929,1954,1561,1954,380,352
912,929,1955,1561,1955,380,351
912,929,1956,1561,1956,380,351
912,929,1957,1561,1957,380,351
912,929,1958,1561,1958,380,351
912,929,1959,1561,1959,380,351
912,929,1960,1561,1960,380,351
912,929,1961,1561,1961,380,351
912,929,1962,1561,1962,380,351
912,929,1963,1561,1963,380,351
912,929,1964,1561,1964,380,351
912,929,1965,1561,1965,380,351
913,929,1966,1561,1966,380,351
913,929,1967,1561,1967,380,351
913,929,1968,1561,1968,380,351
914,929,1969,1561,1969,380,351
914,929,1970,1561,1970,380,351
914,929,1971,1561,1971,380,351
914,929,1972,1561,1972,380,351
913,929,1973,1561,1973,380,350
913,929,1974,1561,1974,380,350
913,929,1975,1561,1975,380,350
913,929,1976,1561,1976,380,350
913,929,1977,1561,1977,380,350
912,929,1978,1561,1978,380,350
911,929,1979,1561,1979,380,349
911,929,1980,1561,1980,380,349
911,929,1981,1561,1981,380,349
910,929,1982,1561,1982,380,348
910,929,1983,1561,1983,380,348
910,929,1984,1561,1984,380,348
910,929,1985,1561,1985,380,348
910,929,1986,1561,1986,380,348
912,929,1987,1561,1987,380,349
913,929,1988,1561,1988,380,349
912,929,1989,1561,1989,380,349
912,929,1990,1561,1990,380,349
911,929,1991,1561,1991,380,349
911,929,1992,1561,1992,380,349
911,929,1993,1561,1993,380,349
912,929,1994,1561,1994,380,349
912,929,1995,1561,1995,380,349
912,929,1996,1561,1996,380,349
912,929,1997,1561,1997,380,349
912,929,1998,1561,1998,380,349
912,929,1999,1561,1999,380,349
912,929,2000,1561,2000,380,349
912,929,2001,1561,2001,380,349
912,929,2002,1561,2002,380,349
910,929,2003,1561,2003,380,348
909,929,2004,1561,2004,380,347
908,929,2005,1561,2005,380,346
908,929,2006,1561,2006,380,346
907,929,2007,1561,2007,380,346
907,929,2008,1561,2008,380,346
906,929,2009,1561,2009,380,345
906,929,2010,1561,2010,380,345
906,929,2011,1561,2011,380,345
906,929,2012,1561,2012,380,345
907,929,2013,1561,2013,380,345
907,929,2014,1561,2014,380,345
907,929,2015,1561,2015,380,345
906,929,2016,1561,2016,380,344
906,929,2017,1561,2017,380,344
906,929,2018,1561,2018,380,344
906,929,2019,1561,2019,380,344
905,929,2020,1561,2020,380,343
905,929,2021,1561,2021,380,343
905,929,2022,1561,2022,380,343
904,929,2023,1561,2023,380,343
904,929,2024,1561,2024,380,343
904,929,2025,1561,2025,380,343
905,929,2026,1561,2026,380,343
905,929,2027,1561,2027,380,343
905,929,2028,1561,2028,380,343
905,929,2029,1561,2029,380,343
905,929,2030,1561,2030,380,343
905,929,2031,1561,2031,380,343
904,929,2032,1561,2032,380,342
905,929,2033,1561,2033,380,342
905,929,2034,1561,2034,380,342
905,929,2035,1561,2035,380,342
905,929,2036,1561,2036,380,342
905,929,2037,1561,2037,380,342
905,929,2038,1561,2038,380,342
905,929,2039,1561,2039,380,342
905,929,2040,1561,2040,380,342
905,929,2041,1561,2041,380,342
905,929,2042,1561,2042,380,342
905,929,2043,1561,2043,380,342
905,929,2044,1561,2044,380,342
905,929,2045,1561,2045,380,342
905,929,2046,1561,2046,380,342
905,929,2047,1561,2047,380,342
905,929,2048,1561,2048,380,342
905,929,2049,1561,2049,380,342
905,929,2050,1561,2050,380,342
905,929,2051,1561,2051,380,342
905,929,2052,1561,2052,380,342
904,929,2053,1561,2053,380,341
904,929,2054,1561,2054,380,341
904,929,2055,1561,2055,380,341
904,929,2056,1561,2056,380,341
903,929,2057,1561,2057,380,340
903,929,2058,1561,2058,380,340
903,929,2059,1561,2059,380,340
903,929,2060,1561,2060,380,340
903,929,2061,1561,2061,380,340
903,929,2062,1561,2062,380,340
903,929,2063,1561,2063,380,340
904,929,2064,1561,2064,380,340
904,929,2065,1561,2065,380,340
904,929,2066,1561,2066,380,340
903,929,2067,1561,2067,380,340
903,929,2068,1561,2068,380,340
903,929,2069,1561,2069,380,340
902,929,2070,1561,2070,380,339
903,929,2071,1561,2071,380,339
903,929,2072,1561,2072,380,339
903,929,2073,1561,2073,380,339
903,929,2074,1561,2074,380,339
903,929,2075,1561,2075,380,339
903,929,2076,1561,2076,380,339
903,929,2077,1561,2077,380,339
903,929,2078,1561,2078,380,339
903,929,2079,1561,2079,380,339
902,929,2080,1561,2080,380,339
901,929,2081,1561,2081,380,338
901,929,2082,1561,2082,380,338
901,929,2083,1561,2083,380,338
901,929,2084,1561,2084,380,338
901,929,2085,1561,2085,380,338
901,929,2086,1561,2086,380,338
901,929,2087,1561,2087,380,338
900,929,2088,1561,2088,380,338
900,929,2089,1561,2089,380,338
899,929,2090,1561,2090,380,338
899,929,2091,1561,2091,380,338
899,929,2092,1561,2092,380,338
899,929,2093,1561,2093,380,338
899,929,2094,1561,2094,380,338
899,929,2095,1561,2095,380,338
899,929,2096,1561,2096,380,338
899,929,2097,1561,2097,380,338
899,929,2098,1561,2098,380,338
899,929,2099,1561,2099,380,338
898,929,2100,1561,2100,380,337
898,929,2101,1561,2101,380,337
898,929,2102,1561,2102,380,337
898,929,2103,1561,2103,380,337
898,929,2104,1561,2104,380,337
898,929,2105,1561,2105,380,337
898,929,2106,1561,2106,380,337
897,929,2107,1561,2107,380,336
897,929,2108,1561,2108,380,336
896,929,2109,1561,2109,380,336
896,929,2110,1561,2110,380,336
896,929,2111,1561,2111,380,336
896,929,2112,1561,2112,380,336
896,929,2113,1561,2113,380,336
896,929,2114,1561,2114,380,336
895,929,2115,1561,2115,380,336
895,929,2116,1561,2116,380,336
895,929,2117,1561,2117,380,336
895,929,2118,1561,2118,380,336
895,929,2119,1561,2119,380,336
895,929,2120,1561,2120,380,336
895,929,2121,1561,2121,380,336
895,929,2122,1561,2122,380,336
895,929,2123,1561,2123,380,336
895,929,2124,1561,2124,380,336
895,929,2125,1561,2125,380,336
895,929,2126,1561,2126,380,336
896,929,2127,1561,2127,380,336
897,929,2128,1561,2128,380,336
896,929,2129,1561,2129,380,335
896,929,2130,1561,2130,380,335
895,929,2131,1561,2131,380,334
895,929,2132,1561,2132,380,334
896,929,2133,1561,2133,380,334
896,929,2134,1561,2134,380,334
896,929,2135,1561,2135,380,334
896,929,2136,1561,2136,380,334
895,929,2137,1561,2137,380,333
894,929,2138,1561,2138,380,333
894,929,2139,1561,2139,380,333
894,929,2140,1561,2140,380,333
894,929,2141,1561,2141,380,333
894,929,2142,1561,2142,380,333
893,929,2143,1561,2143,380,333
893,929,2144,1561,2144,380,333
894,929,2145,1561,2145,380,333
894,929,2146,1561,2146,380,333
894,929,2147,1561,2147,380,333
894,929,2148,1561,2148,380,333
894,929,2149,1561,2149,380,333
894,929,2150,1561,2150,380,333
893,929,2151,1561,2151,380,332
892,929,2152,1561,2152,380,332
892,929,2153,1561,2153,380,332
892,929,2154,1561,2154,380,332
892,929,2155,1561,2155,380,332
892,929,2156,1561,2156,380,332
892,929,2157,1561,2157,380,332
892,929,2158,1561,2158,380,332
892,929,2159,1561,2159,380,332
892,929,2160,1561,2160,380,332
892,929,2161,1561,2161,380,332
893,929,2162,1561,2162,380,332
892,929,2163,1561,2163,380,331
892,929,2164,1561,2164,380,331
892,929,2165,1561,2165,380,331
892,929,2166,1561,2166,380,331
892,929,2167,1561,2167,380,331
891,929,2168,1561,2168,380,331
892,929,2169,1561,2169,380,331
891,929,2170,1561,2170,380,330
891,929,2171,1561,2171,380,330
891,929,2172,1561,2172,380,330
890,929,2173,1561,2173,380,329
891,929,2174,1561,2174,380,329
891,929,2175,1561,2175,380,329
890,929,2176,1561,2176,380,328
889,929,2177,1561,2177,380,327
889,929,2178,1561,2178,380,327
890,929,2179,1561,2179,380,327
890,929,2180,1561,2180,380,327
890,929,2181,1561,2181,380,327
890,929,2182,1561,2182,380,327
890,929,2183,1561,2183,380,327
890,929,2184,1561,2184,380,327
890,929,2185,1561,2185,380,327
890,929,2186,1561,2186,380,327
891,929,2187,1561,2187,380,327
890,929,2188,1561,2188,380,327
891,929,2189,1561,2189,380,327
891,929,2190,1561,2190,380,327
891,929,2191,1561,2191,380,327
891,929,2192,1561,2192,380,327
891,929,2193,1561,2193,380,327
891,929,2194,1561,2194,380,327
891,929,2195,1561,2195,380,327
891,929,2196,1561,2196,380,327
891,929,2197,1561,2197,380,327
891,929,2198,1561,2198,380,327
891,929,2199,1561,2199,380,327
891,929,2200,1561,2200,380,327
891,929,2201,1561,2201,380,327
891,929,2202,1561,2202,380,327
891,929,2203,1561,2203,380,327
891,929,2204,1561,2204,380,327
891,929,2205,1561,2205,380,327
891,929,2206,1561,2206,380,327
891,929,2207,1561,2207,380,327
891,929,2208,1561,2208,380,327
890,929,2209,1561,2209,380,327
890,929,2210,1561,2210,380,327
890,929,2211,1561,2211,380,327
890,929,2212,1561,2212,380,327
890,929,2213,1561,2213,380,327
890,929,2214,1561,2214,380,327
890,929,2215,1561,2215,380,327
890,929,2216,1561,2216,380,327
890,929,2217,1561,2217,380,327
890,929,2218,1561,2218,380,327
890,929,2219,1561,2219,380,327
890,929,2220,1561,2220,380,327
890,929,2221,1561,2221,380,327
890,929,2222,1561,2222,380,327
891,929,2223,1561,2223,380,327
891,929,2224,1561,2224,380,327
891,929,2225,1561,2225,380,327
891,929,2226,1561,2226,380,327
891,929,2227,1561,2227,380,327
891,929,2228,1561,2228,380,327
890,929,2229,1561,2229,380,326
890,929,2230,1561,2230,380,326
890,929,2231,1561,2231,380,326
890,929,2232,1561,2232,380,326
890,929,2233,1561,2233,380,326
890,929,2234,1561,2234,380,326
890,929,2235,1561,2235,380,326
891,929,2236,1561,2236,380,326
890,929,2237,1561,2237,380,326
891,929,2238,1561,2238,380,326
891,929,2239,1561,2239,380,326
893,929,2240,1561,2240,380,327
893,929,2241,1561,2241,380,327
893,929,2242,1561,2242,380,327
893,929,2243,1561,2243,380,327
893,929,2244,1561,2244,380,327
893,929,2245,1561,2245,380,327
893,929,2246,1561,2246,380,327
893,929,2247,1561,2247,380,327
893,929,2248,1561,2248,380,327
893,929,2249,1561,2249,380,327
892,929,2250,1561,2250,380,327
892,929,2251,1561,2251,380,327
892,929,2252,1561,2252,380,327
891,929,2253,1561,2253,380,326
891,929,2254,1561,2254,380,326
891,929,2255,1561,2255,380,326
891,929,2256,1561,2256,380,326
892,929,2257,1561,2257,380,326
892,929,2258,1561,2258,380,326
891,929,2259,1561,2259,380,326
891,929,2260,1561,2260,380,326
891,929,2261,1561,2261,380,326
891,929,2262,1561,2262,380,326
891,929,2263,1561,2263,380,326
891,929,2264,1561,2264,380,326
891,929,2265,1561,2265,380,326
891,929,2266,1561,2266,380,326
890,929,2267,1561,2267,380,326
890,929,2268,1561,2268,380,326
890,929,2269,1561,2269,380,326
890,929,2270,1561,2270,380,326
890,929,2271,1561,2271,380,326
890,929,2272,1561,2272,380,326
890,929,2273,1561,2273,380,326
891,929,2274,1561,2274,380,326
891,929,2275,1561,2275,380,326
891,929,2276,1561,2276,380,326
892,929,2277,1561,2277,380,326
892,929,2278,1561,2278,380,326
892,929,2279,1561,2279,380,326
892,929,2280,1561,2280,380,326
892,929,2281,1561,2281,380,326
892,929,2282,1561,2282,380,326
892,929,2283,1561,2283,380,326
892,929,2284,1561,2284,380,326
892,929,2285,1561,2285,380,326
892,929,2286,1561,2286,380,326
892,929,2287,1561,2287,380,326
892,929,2288,1561,2288,380,326
892,929,2289,1561,2289,380,326
892,929,2290,1561,2290,380,326
892,929,2291,1561,2291,380,326
892,929,2292,1561,2292,380,326
892,929,2293,1561,2293,380,326
892,929,2294,1561,2294,380,326
893,929,2295,1561,2295,380,326
893,929,2296,1561,2296,380,326
893,929,2297,1561,2297,380,326
893,929,2298,1561,2298,380,326
893,929,2299,1561,2299,380,326
893,929,2300,1561,2300,380,326
893,929,2301,1561,2301,380,326
893,929,2302,1561,2302,380,326
893,929,2303,1561,2303,380,326
894,929,2304,1561,2304,380,326
894,929,2305,1561,2305,380,326
894,929,2306,1561,2306,380,326
894,929,2307,1561,2307,380,326
894,929,2308,1561,2308,380,326
894,929,2309,1561,2309,380,326
894,929,2310,1561,2310,380,326
894,929,2311,1561,2311,380,326
894,929,2312,1561,2312,380,326
894,929,2313,1561,2313,380,326
893,929,2314,1561,2314,380,325
893,929,2315,1561,2315,380,325
893,929,2316,1561,2316,380,325
893,929,2317,1561,2317,380,325
893,929,2318,1561,2318,380,325
893,929,2319,1561,2319,380,325
893,929,2320,1561,2320,380,325
893,929,2321,1561,2321,380,325
893,929,2322,1561,2322,380,325
892,929,2323,1561,2323,380,325
892,929,2324,1561,2324,380,325
892,929,2325,1561,2325,380,325
892,929,2326,1561,2326,380,325
892,929,2327,1561,2327,380,325
892,929,2328,1561,2328,380,325
892,929,2329,1561,2329,380,325
892,929,2330,1561,2330,380,325
892,929,2331,1561,2331,380,325
892,929,2332,1561,2332,380,325
891,929,2333,1561,2333,380,324
891,929,2334,1561,2334,380,324
891,929,2335,1561,2335,380,324
891,929,2336,1561,2336,380,324
891,929,2337,1561,2337,380,324
891,929,2338,1561,2338,380,324
891,929,2339,1561,2339,380,324
891,929,2340,1561,2340,380,324
890,929,2341,1561,2341,380,324
890,929,2342,1561,2342,380,324
890,929,2343,1561,2343,380,324
890,929,2344,1561,2344,380,324
890,929,2345,1561,2345,380,324
890,929,2346,1561,2346,380,324
890,929,2347,1561,2347,380,324
890,929,2348,1561,2348,380,324
890,929,2349,1561,2349,380,324
890,929,2350,1561,2350,380,324
890,929,2351,1561,2351,380,324
890,929,2352,1561,2352,380,324
890,929,2353,1561,2353,380,324
890,929,2354,1561,2354,380,324
890,929,2355,1561,2355,380,324
889,929,2356,1561,2356,380,323
888,929,2357,1561,2357,380,322
887,929,2358,1561,2358,380,322
887,929,2359,1561,2359,380,322
887,929,2360,1561,2360,380,322
887,929,2361,1561,2361,380,322
887,929,2362,1561,2362,380,322
887,929,2363,1561,2363,380,322
887,929,2364,1561,2364,380,322
887,929,2365,1561,2365,380,322
886,929,2366,1561,2366,380,322
886,929,2367,1561,2367,380,322
886,929,2368,1561,2368,380,322
886,929,2369,1561,2369,380,322
886,929,2370,1561,2370,380,322
886,929,2371,1561,2371,380,322
886,929,2372,1561,2372,380,322
884,929,2373,1561,2373,380,321
884,929,2374,1561,2374,380,321
884,929,2375,1561,2375,380,321
884,929,2376,1561,2376,380,321
884,929,2377,1561,2377,380,321
885,929,2378,1561,2378,380,321
885,929,2379,1561,2379,380,321
885,929,2380,1561,2380,380,321
885,929,2381,1561,2381,380,321
885,929,2382,1561,2382,380,321
885,929,2383,1561,2383,380,321
885,929,2384,1561,2384,380,321
885,929,2385,1561,2385,380,321
886,929,2386,1561,2386,380,321
886,929,2387,1561,2387,380,321
886,929,2388,1561,2388,380,321
886,929,2389,1561,2389,380,321
886,929,2390,1561,2390,380,321
886,929,2391,1561,2391,380,321
886,929,2392,1561,2392,380,321
886,929,2393,1561,2393,380,321
886,929,2394,1561,2394,380,321
886,929,2395,1561,2395,380,321
886,929,2396,1561,2396,380,321
886,929,2397,1561,2397,380,321
886,929,2398,1561,2398,380,321
886,929,2399,1561,2399,380,321
886,929,2400,1561,2400,380,321
886,929,2401,1561,2401,380,321
886,929,2402,1561,2402,380,321
886,929,2403,1561,2403,380,321
886,929,2404,1561,2404,380,321
886,929,2405,1561,2405,380,321
886,929,2406,1561,2406,380,321
886,929,2407,1561,2407,380,321
885,929,2408,1561,2408,380,321
885,929,2409,1561,2409,380,321
885,929,2410,1561,2410,380,321
885,929,2411,1561,2411,380,321
885,929,2412,1561,2412,380,321
885,929,2413,1561,2413,380,321
885,929,2414,1561,2414,380,321
885,929,2415,1561,2415,380,321
885,929,2416,1561,2416,380,321
885,929,2417,1561,2417,380,321
886,929,2418,1561,2418,380,321
885,929,2419,1561,2419,380,320
885,929,2420,1561,2420,380,320
886,929,2421,1561,2421,380,320
886,929,2422,1561,2422,380,320
886,929,2423,1561,2423,380,320
886,929,2424,1561,2424,380,320
886,929,2425,1561,2425,380,320
886,929,2426,1561,2426,380,320
886,929,2427,1561,2427,380,320
886,929,2428,1561,2428,380,320
886,929,2429,1561,2429,380,320
886,929,2430,1561,2430,380,320
886,929,2431,1561,2431,380,320
886,929,2432,1561,2432,380,320
886,929,2433,1561,2433,380,320
887,929,2434,1561,2434,380,320
887,929,2435,1561,2435,380,320
887,929,2436,1561,2436,380,320
887,929,2437,1561,2437,380,320
887,929,2438,1561,2438,380,320
887,929,2439,1561,2439,380,320
887,929,2440,1561,2440,380,320
887,929,2441,1561,2441,380,320
887,929,2442,1561,2442,380,320
887,929,2443,1561,2443,380,320
887,929,2444,1561,2444,380,320
887,929,2445,1561,2445,380,320
887,929,2446,1561,2446,380,320
887,929,2447,1561,2447,380,320
887,929,2448,1561,2448,380,320
887,929,2449,1561,2449,380,320
887,929,2450,1561,2450,380,320
887,929,2451,1561,2451,380,320
887,929,2452,1561,2452,380,320
887,929,2453,1561,2453,380,320
887,929,2454,1561,2454,380,320
888,929,2455,1561,2455,380,320
887,929,2456,1561,2456,380,320
887,929,2457,1561,2457,380,320
887,929,2458,1561,2458,380,320
887,929,2459,1561,2459,380,320
887,929,2460,1561,2460,380,320
886,929,2461,1561,2461,380,320
886,929,2462,1561,2462,380,320
886,929,2463,1561,2463,380,320
885,929,2464,1561,2464,380,320
885,929,2465,1561,2465,380,320
885,929,2466,1561,2466,380,320
885,929,2467,1561,2467,380,320
885,929,2468,1561,2468,380,320
884,929,2469,1561,2469,380,319
884,929,2470,1561,2470,380,319
883,929,2471,1561,2471,380,319
883,929,2472,1561,2472,380,319
883,929,2473,1561,2473,380,319
883,929,2474,1561,2474,380,319
883,929,2475,1561,2475,380,319
884,929,2476,1561,2476,380,319
884,929,2477,1561,2477,380,319
884,929,2478,1561,2478,380,319
884,929,2479,1561,2479,380,319
884,929,2480,1561,2480,380,319
884,929,2481,1561,2481,380,319
884,929,2482,1561,2482,380,319
884,929,2483,1561,2483,380,319
884,929,2484,1561,2484,380,319
884,929,2485,1561,2485,380,319
884,929,2486,1561,2486,380,319
884,929,2487,1561,2487,380,319
884,929,2488,1561,2488,380,319
884,929,2489,1561,2489,380,319
884,929,2490,1561,2490,380,319
883,929,2491,1561,2491,380,318
883,929,2492,1561,2492,380,318
883,929,2493,1561,2493,380,318
883,929,2494,1561,2494,380,318
883,929,2495,1561,2495,380,318
882,929,2496,1561,2496,380,318
881,929,2497,1561,2497,380,317
881,929,2498,1561,2498,380,317
881,929,2499,1561,2499,380,317
881,929,2500,1561,2500,380,317
881,929,2501,1561,2501,380,317
881,929,2502,1561,2502,380,317
881,929,2503,1561,2503,380,317
881,929,2504,1561,2504,380,317
881,929,2505,1561,2505,380,317
881,929,2506,1561,2506,380,317
881,929,2507,1561,2507,380,317
881,929,2508,1561,2508,380,317
881,929,2509,1561,2509,380,317
881,929,2510,1561,2510,380,317
881,929,2511,1561,2511,380,317
880,929,2512,1561,2512,380,317
880,929,2513,1561,2513,380,317
882,929,2514,1561,2514,380,318
881,929,2515,1561,2515,380,317
881,929,2516,1561,2516,380,317
880,929,2517,1561,2517,380,317
880,929,2518,1561,2518,380,317
880,929,2519,1561,2519,380,317
880,929,2520,1561,2520,380,317
880,929,2521,1561,2521,380,317
880,929,2522,1561,2522,380,317
880,929,2523,1561,2523,380,317
880,929,2524,1561,2524,380,317
880,929,2525,1561,2525,380,317
880,929,2526,1561,2526,380,317
880,929,2527,1561,2527,380,317
879,929,2528,1561,2528,380,317
879,929,2529,1561,2529,380,317
879,929,2530,1561,2530,380,317
879,929,2531,1561,2531,380,317
879,929,2532,1561,2532,380,317
879,929,2533,1561,2533,380,317
880,929,2534,1561,2534,380,317
880,929,2535,1561,2535,380,317
880,929,2536,1561,2536,380,317
880,929,2537,1561,2537,380,317
881,929,2538,1561,2538,380,317
881,929,2539,1561,2539,380,317
882,929,2540,1561,2540,380,317
882,929,2541,1561,2541,380,317
882,929,2542,1561,2542,380,317
881,929,2543,1561,2543,380,317
882,929,2544,1561,2544,380,317
882,929,2545,1561,2545,380,317
881,929,2546,1561,2546,380,316
881,929,2547,1561,2547,380,316
881,929,2548,1561,2548,380,316
881,929,2549,1561,2549,380,316
881,929,2550,1561,2550,380,316
881,929,2551,1561,2551,380,316
881,929,2552,1561,2552,380,316
881,929,2553,1561,2553,380,316
881,929,2554,1561,2554,380,316
882,929,2555,1561,2555,380,316
882,929,2556,1561,2556,380,316
882,929,2557,1561,2557,380,316
883,929,2558,1561,2558,380,316
883,929,2559,1561,2559,380,316
883,929,2560,1561,2560,380,316
883,929,2561,1561,2561,380,316
883,929,2562,1561,2562,380,316
883,929,2563,1561,2563,380,316
883,929,2564,1561,2564,380,316
883,929,2565,1561,2565,380,316
883,929,2566,1561,2566,380,316
883,929,2567,1561,2567,380,316
883,929,2568,1561,2568,380,316
883,929,2569,1561,2569,380,316
883,929,2570,1561,2570,380,316
883,929,2571,1561,2571,380,316
883,929,2572,1561,2572,380,316
883,929,2573,1561,2573,380,316
883,929,2574,1561,2574,380,316
883,929,2575,1561,2575,380,316
883,929,2576,1561,2576,380,316
883,929,2577,1561,2577,380,316
883,929,2578,1561,2578,380,316
883,929,2579,1561,2579,380,316
883,929,2580,1561,2580,380,316
882,929,2581,1561,2581,380,315
882,929,2582,1561,2582,380,315
882,929,2583,1561,2583,380,315
882,929,2584,1561,2584,380,315
882,929,2585,1561,2585,380,315
883,929,2586,1561,2586,380,315
883,929,2587,1561,2587,380,315
883,929,2588,1561,2588,380,315
883,929,2589,1561,2589,380,315
883,929,2590,1561,2590,380,315
883,929,2591,1561,2591,380,315
883,929,2592,1561,2592,380,315
883,929,2593,1561,2593,380,315
884,929,2594,1561,2594,380,315
883,929,2595,1561,2595,380,314
883,929,2596,1561,2596,380,314
883,929,2597,1561,2597,380,314
883,929,2598,1561,2598,380,314
883,929,2599,1561,2599,380,314
882,929,2600,1561,2600,380,313
882,929,2601,1561,2601,380,313
882,929,2602,1561,2602,380,313
882,929,2603,1561,2603,380,313
882,929,2604,1561,2604,380,313
882,929,2605,1561,2605,380,313
882,929,2606,1561,2606,380,313
882,929,2607,1561,2607,380,313
882,929,2608,1561,2608,380,313
882,929,2609,1561,2609,380,313
883,929,2610,1561,2610,380,313
883,929,2611,1561,2611,380,313
883,929,2612,1561,2612,380,313
883,929,2613,1561,2613,380,313
881,929,2614,1561,2614,380,312
881,929,2615,1561,2615,380,312
881,929,2616,1561,2616,380,312
881,929,2617,1561,2617,380,312
880,929,2618,1561,2618,380,312
880,929,2619,1561,2619,380,312
880,929,2620,1561,2620,380,312
880,929,2621,1561,2621,380,312
880,929,2622,1561,2622,380,312
880,929,2623,1561,2623,380,312
878,929,2624,1561,2624,380,312
878,929,2625,1561,2625,380,312
878,929,2626,1561,2626,380,312
878,929,2627,1561,2627,380,312
879,929,2628,1561,2628,380,312
879,929,2629,1561,2629,380,312
878,929,2630,1561,2630,380,312
878,929,2631,1561,2631,380,312
878,929,2632,1561,2632,380,312
878,929,2633,1561,2633,380,312
878,929,2634,1561,2634,380,312
878,929,2635,1561,2635,380,312
878,929,2636,1561,2636,380,312
878,929,2637,1561,2637,380,312
878,929,2638,1561,2638,380,312
878,929,2639,1561,2639,380,312
878,929,2640,1561,2640,380,312
878,929,2641,1561,2641,380,312
878,929,2642,1561,2642,380,312
878,929,2643,1561,2643,380,312
878,929,2644,1561,2644,380,312
878,929,2645,1561,2645,380,312
878,929,2646,1561,2646,380,312
878,929,2647,1561,2647,380,312
878,929,2648,1561,2648,380,312
878,929,2649,1561,2649,380,312
878,929,2650,1561,2650,380,312
878,929,2651,1561,2651,380,312
878,929,2652,1561,2652,380,312
878,929,2653,1561,2653,380,312
878,929,2654,1561,2654,380,312
878,929,2655,1561,2655,380,312
878,929,2656,1561,2656,380,312
878,929,2657,1561,2657,380,312
878,929,2658,1561,2658,380,312
879,929,2659,1561,2659,380,312
879,929,2660,1561,2660,380,312
878,929,2661,1561,2661,380,311
878,929,2662,1561,2662,380,311
878,929,2663,1561,2663,380,311
878,929,2664,1561,2664,380,311
878,929,2665,1561,2665,380,311
878,929,2666,1561,2666,380,311
878,929,2667,1561,2667,380,311
878,929,2668,1561,2668,380,311
878,929,2669,1561,2669,380,311
878,929,2670,1561,2670,380,311
879,929,2671,1561,2671,380,311
879,929,2672,1561,2672,380,311
878,929,2673,1561,2673,380,311
878,929,2674,1561,2674,380,311
878,929,2675,1561,2675,380,311
878,929,2676,1561,2676,380,311
877,929,2677,1561,2677,380,310
877,929,2678,1561,2678,380,310
878,929,2679,1561,2679,380,310
878,929,2680,1561,2680,380,310
878,929,2681,1561,2681,380,310
878,929,2682,1561,2682,380,310
878,929,2683,1561,2683,380,310
878,929,2684,1561,2684,380,310
877,929,2685,1561,2685,380,310
877,929,2686,1561,2686,380,310
877,929,2687,1561,2687,380,310
877,929,2688,1561,2688,380,310
877,929,2689,1561,2689,380,310
877,929,2690,1561,2690,380,310
877,929,2691,1561,2691,380,310
877,929,2692,1561,2692,380,310
877,929,2693,1561,2693,380,310
878,929,2694,1561,2694,380,310
878,929,2695,1561,2695,380,310
878,929,2696,1561,2696,380,310
878,929,2697,1561,2697,380,310
878,929,2698,1561,2698,380,310
878,929,2699,1561,2699,380,310
878,929,2700,1561,2700,380,310
878,929,2701,1561,2701,380,310
878,929,2702,1561,2702,380,310
878,929,2703,1561,2703,380,310
878,929,2704,1561,2704,380,310
878,929,2705,1561,2705,380,310
878,929,2706,1561,2706,380,310
878,929,2707,1561,2707,380,310
878,929,2708,1561,2708,380,310
878,929,2709,1561,2709,380,310
878,929,2710,1561,2710,380,310
878,929,2711,1561,2711,380,310
878,929,2712,1561,2712,380,310
878,929,2713,1561,2713,380,310
878,929,2714,1561,2714,380,310
878,929,2715,1561,2715,380,310
878,929,2716,1561,2716,380,310
878,929,2717,1561,2717,380,310
878,929,2718,1561,2718,380,310
878,929,2719,1561,2719,380,310
878,929,2720,1561,2720,380,310
878,929,2721,1561,2721,380,310
878,929,2722,1561,2722,380,310
878,929,2723,1561,2723,380,310
877,929,2724,1561,2724,380,310
876,929,2725,1561,2725,380,310
876,929,2726,1561,2726,380,310
876,929,2727,1561,2727,380,310
876,929,2728,1561,2728,380,310
876,929,2729,1561,2729,380,310
875,929,2730,1561,2730,380,309
875,929,2731,1561,2731,380,309
875,929,2732,1561,2732,380,309
875,929,2733,1561,2733,380,309
874,929,2734,1561,2734,380,308
873,929,2735,1561,2735,380,308
872,929,2736,1561,2736,380,308
872,929,2737,1561,2737,380,308
872,929,2738,1561,2738,380,308
872,929,2739,1561,2739,380,308
872,929,2740,1561,2740,380,308
872,929,2741,1561,2741,380,308
872,929,2742,1561,2742,380,308
872,929,2743,1561,2743,380,308
872,929,2744,1561,2744,380,308
872,929,2745,1561,2745,380,308
872,929,2746,1561,2746,380,308
872,929,2747,1561,2747,380,308
872,929,2748,1561,2748,380,308
872,929,2749,1561,2749,380,308
872,929,2750,1561,2750,380,308
871,929,2751,1561,2751,380,307
871,929,2752,1561,2752,380,307
871,929,2753,1561,2753,380,307
871,929,2754,1561,2754,380,307
871,929,2755,1561,2755,380,307
871,929,2756,1561,2756,380,307
871,929,2757,1561,2757,380,307
871,929,2758,1561,2758,380,307
871,929,2759,1561,2759,380,307
871,929,2760,1561,2760,380,307
871,929,2761,1561,2761,380,307
871,929,2762,1561,2762,380,307
871,929,2763,1561,2763,380,307
871,929,2764,1561,2764,380,307
871,929,2765,1561,2765,380,307
871,929,2766,1561,2766,380,307
871,929,2767,1561,2767,380,307
871,929,2768,1561,2768,380,307
871,929,2769,1561,2769,380,307
871,929,2770,1561,2770,380,307
871,929,2771,1561,2771,380,307
871,929,2772,1561,2772,380,307
871,929,2773,1561,2773,380,307
871,929,2774,1561,2774,380,307
871,929,2775,1561,2775,380,307
871,929,2776,1561,2776,380,307
871,929,2777,1561,2777,380,307
871,929,2778,1561,2778,380,307
871,929,2779,1561,2779,380,307
871,929,2780,1561,2780,380,307
870,929,2781,1561,2781,380,306
870,929,2782,1561,2782,380,306
870,929,2783,1561,2783,380,306
870,929,2784,1561,2784,380,306
870,929,2785,1561,2785,380,306
870,929,2786,1561,2786,380,306
870,929,2787,1561,2787,380,306
870,929,2788,1561,2788,380,306
870,929,2789,1561,2789,380,306
870,929,2790,1561,2790,380,306
870,929,2791,1561,2791,380,306
870,929,2792,1561,2792,380,306
869,929,2793,1561,2793,380,306
869,929,2794,1561,2794,380,306
869,929,2795,1561,2795,380,306
869,929,2796,1561,2796,380,306
869,929,2797,1561,2797,380,306
869,929,2798,1561,2798,380,306
869,929,2799,1561,2799,380,306
869,929,2800,1561,2800,380,306
869,929,2801,1561,2801,380,306
869,929,2802,1561,2802,380,306
869,929,2803,1561,2803,380,306
869,929,2804,1561,2804,380,306
869,929,2805,1561,2805,380,306
869,929,2806,1561,2806,380,306
869,929,2807,1561,2807,380,306
869,929,2808,1561,2808,380,306
869,929,2809,1561,2809,380,306
869,929,2810,1561,2810,380,306
869,929,2811,1561,2811,380,306
869,929,2812,1561,2812,380,306
869,929,2813,1561,2813,380,306
868,929,2814,1561,2814,380,306
868,929,2815,1561,2815,380,306
868,929,2816,1561,2816,380,306
868,929,2817,1561,2817,380,306
868,929,2818,1561,2818,380,306
869,929,2819,1561,2819,380,306
869,929,2820,1561,2820,380,306
868,929,2821,1561,2821,380,306
868,929,2822,1561,2822,380,306
868,929,2823,1561,2823,380,306
868,929,2824,1561,2824,380,306
868,929,2825,1561,2825,380,306
868,929,2826,1561,2826,380,306
868,929,2827,1561,2827,380,306
868,929,2828,1561,2828,380,306
868,929,2829,1561,2829,380,306
868,929,2830,1561,2830,380,306
868,929,2831,1561,2831,380,306
868,929,2832,1561,2832,380,306
868,929,2833,1561,2833,380,306
868,929,2834,1561,2834,380,306
868,929,2835,1561,2835,380,306
869,929,2836,1561,2836,380,306
869,929,2837,1561,2837,380,306
869,929,2838,1561,2838,380,306
869,929,2839,1561,2839,380,306
869,929,2840,1561,2840,380,306
869,929,2841,1561,2841,380,306
869,929,2842,1561,2842,380,306
869,929,2843,1561,2843,380,306
869,929,2844,1561,2844,380,306
869,929,2845,1561,2845,380,306
869,929,2846,1561,2846,380,306
868,929,2847,1561,2847,380,305
868,929,2848,1561,2848,380,305
868,929,2849,1561,2849,380,305
868,929,2850,1561,2850,380,305
868,929,2851,1561,2851,380,305
868,929,2852,1561,2852,380,305
868,929,2853,1561,2853,380,305
868,929,2854,1561,2854,380,305
868,929,2855,1561,2855,380,305
867,929,2856,1561,2856,380,304
867,929,2857,1561,2857,380,304
867,929,2858,1561,2858,380,304
867,929,2859,1561,2859,380,304
867,929,2860,1561,2860,380,304
867,929,2861,1561,2861,380,304
866,929,2862,1561,2862,380,304
866,929,2863,1561,2863,380,304
866,929,2864,1561,2864,380,304
866,929,2865,1561,2865,380,304
866,929,2866,1561,2866,380,304
866,929,2867,1561,2867,380,304
866,929,2868,1561,2868,380,304
866,929,2869,1561,2869,380,304
866,929,2870,1561,2870,380,304
866,929,2871,1561,2871,380,304
866,929,2872,1561,2872,380,304
866,929,2873,1561,2873,380,304
866,929,2874,1561,2874,380,304
865,929,2875,1561,2875,380,304
865,929,2876,1561,2876,380,304
865,929,2877,1561,2877,380,304
865,929,2878,1561,2878,380,304
865,929,2879,1561,2879,380,304
865,929,2880,1561,2880,380,304
865,929,2881,1561,2881,380,304
865,929,2882,1561,2882,380,304
865,929,2883,1561,2883,380,304
865,929,2884,1561,2884,380,304
865,929,2885,1561,2885,380,304
865,929,2886,1561,2886,380,304
865,929,2887,1561,2887,380,304
865,929,2888,1561,2888,380,304
865,929,2889,1561,2889,380,304
865,929,2890,1561,2890,380,304
865,929,2891,1561,2891,380,304
865,929,2892,1561,2892,380,304
865,929,2893,1561,2893,380,304
865,929,2894,1561,2894,380,304
865,929,2895,1561,2895,380,304
865,929,2896,1561,2896,380,304
865,929,2897,1561,2897,380,304
865,929,2898,1561,2898,380,304
864,929,2899,1561,2899,380,304
864,929,2900,1561,2900,380,304
863,929,2901,1561,2901,380,303
863,929,2902,1561,2902,380,303
863,929,2903,1561,2903,380,303
863,929,2904,1561,2904,380,303
863,929,2905,1561,2905,380,303
863,929,2906,1561,2906,380,303
863,929,2907,1561,2907,380,303
863,929,2908,1561,2908,380,303
863,929,2909,1561,2909,380,303
863,929,2910,1561,2910,380,303
863,929,2911,1561,2911,380,303
863,929,2912,1561,2912,380,303
862,929,2913,1561,2913,380,302
862,929,2914,1561,2914,380,302
862,929,2915,1561,2915,380,302
862,929,2916,1561,2916,380,302
863,929,2917,1561,2917,380,302
863,929,2918,1561,2918,380,302
862,929,2919,1561,2919,380,301
862,929,2920,1561,2920,380,301
862,929,2921,1561,2921,380,301
862,929,2922,1561,2922,380,301
862,929,2923,1561,2923,380,301
862,929,2924,1561,2924,380,301
862,929,2925,1561,2925,380,301
862,929,2926,1561,2926,380,301
862,929,2927,1561,2927,380,301
862,929,2928,1561,2928,380,301
862,929,2929,1561,2929,380,301
862,929,2930,1561,2930,380,301
862,929,2931,1561,2931,380,301
862,929,2932,1561,2932,380,301
862,929,2933,1561,2933,380,301
862,929,2934,1561,2934,380,301
862,929,2935,1561,2935,380,301
862,929,2936,1561,2936,380,301
862,929,2937,1561,2937,380,301
862,929,2938,1561,2938,380,301
862,929,2939,1561,2939,380,301
862,929,2940,1561,2940,380,301
862,929,2941,1561,2941,380,301
862,929,2942,1561,2942,380,301
862,929,2943,1561,2943,380,301
862,929,2944,1561,2944,380,301
862,929,2945,1561,2945,380,301
862,929,2946,1561,2946,380,301
862,929,2947,1561,2947,380,301
862,929,2948,1561,2948,380,301
862,929,2949,1561,2949,380,301
862,929,2950,1561,2950,380,301
862,929,2951,1561,2951,380,301
863,929,2952,1561,2952,380,301
863,929,2953,1561,2953,380,301
864,929,2954,1561,2954,380,301
864,929,2955,1561,2955,380,301
864,929,2956,1561,2956,380,301
864,929,2957,1561,2957,380,301
864,929,2958,1561,2958,380,301
864,929,2959,1561,2959,380,301
864,929,2960,1561,2960,380,301
864,929,2961,1561,2961,380,301
864,929,2962,1561,2962,380,301
864,929,2963,1561,2963,380,301
864,929,2964,1561,2964,380,301
864,929,2965,1561,2965,380,301
864,929,2966,1561,2966,380,301
864,929,2967,1561,2967,380,301
863,929,2968,1561,2968,380,300
863,929,2969,1561,2969,380,300
863,929,2970,1561,2970,380,300
863,929,2971,1561,2971,380,300
862,929,2972,1561,2972,380,299
862,929,2973,1561,2973,380,299
862,929,2974,1561,2974,380,299
862,929,2975,1561,2975,380,299
862,929,2976,1561,2976,380,299
862,929,2977,1561,2977,380,299
862,929,2978,1561,2978,380,299
862,929,2979,1561,2979,380,299
861,929,2980,1561,2980,380,299
861,929,2981,1561,2981,380,299
861,929,2982,1561,2982,380,299
862,929,2983,1561,2983,380,299
862,929,2984,1561,2984,380,299
862,929,2985,1561,2985,380,299
862,929,2986,1561,2986,380,299
862,929,2987,1561,2987,380,299
862,929,2988,1561,2988,380,299
862,929,2989,1561,2989,380,299
862,929,2990,1561,2990,380,299
862,929,2991,1561,2991,380,299
862,929,2992,1561,2992,380,299
862,929,2993,1561,2993,380,299
862,929,2994,1561,2994,380,299
862,929,2995,1561,2995,380,299
862,929,2996,1561,2996,380,299
862,929,2997,1561,2997,380,299
862,929,2998,1561,2998,380,299
862,929,2999,1561,2999,380,299
862,929,3000,1561,3000,380,299
862,929,3001,1561,3001,380,299
862,929,3002,1561,3002,380,299
862,929,3003,1561,3003,380,299
862,929,3004,1561,3004,380,299
862,929,3005,1561,3005,380,299
862,929,3006,1561,3006,380,299
862,929,3007,1561,3007,380,299
862,929,3008,1561,3008,380,299
862,929,3009,1561,3009,380,299
862,929,3010,1561,3010,380,299
862,929,3011,1561,3011,380,299
861,929,3012,1561,3012,380,298
861,929,3013,1561,3013,380,298
861,929,3014,1561,3014,380,298
861,929,3015,1561,3015,380,298
861,929,3016,1561,3016,380,298
861,929,3017,1561,3017,380,298
861,929,3018,1561,3018,380,298
861,929,3019,1561,3019,380,298
861,929,3020,1561,3020,380,298
861,929,3021,1561,3021,380,298
861,929,3022,1561,3022,380,298
861,929,3023,1561,3023,380,298
860,929,3024,1561,3024,380,298
860,929,3025,1561,3025,380,298
860,929,3026,1561,3026,380,298
860,929,3027,1561,3027,380,298
860,929,3028,1561,3028,380,298
861,929,3029,1561,3029,380,298
861,929,3030,1561,3030,380,298
862,929,3031,1561,3031,380,298
862,929,3032,1561,3032,380,298
862,929,3033,1561,3033,380,298
862,929,3034,1561,3034,380,298
862,929,3035,1561,3035,380,298
862,929,3036,1561,3036,380,298
862,929,3037,1561,3037,380,298
862,929,3038,1561,3038,380,298
862,929,3039,1561,3039,380,298
862,929,3040,1561,3040,380,298
862,929,3041,1561,3041,380,298
862,929,3042,1561,3042,380,298
862,929,3043,1561,3043,380,298
862,929,3044,1561,3044,380,298
862,929,3045,1561,3045,380,298
862,929,3046,1561,3046,380,298
862,929,3047,1561,3047,380,298
862,929,3048,1561,3048,380,298
862,929,3049,1561,3049,380,298
862,929,3050,1561,3050,380,298
862,929,3051,1561,3051,380,298
863,929,3052,1561,3052,380,298
863,929,3053,1561,3053,380,298
863,929,3054,1561,3054,380,298
863,929,3055,1561,3055,380,298
863,929,3056,1561,3056,380,298
863,929,3057,1561,3057,380,298
863,929,3058,1561,3058,380,298
863,929,3059,1561,3059,380,298
863,929,3060,1561,3060,380,298
863,929,3061,1561,3061,380,298
863,929,3062,1561,3062,380,298
863,929,3063,1561,3063,380,298
863,929,3064,1561,3064,380,298
863,929,3065,1561,3065,380,298
863,929,3066,1561,3066,380,298
863,929,3067,1561,3067,380,298
863,929,3068,1561,3068,380,298
863,929,3069,1561,3069,380,298
863,929,3070,1561,3070,380,298
863,929,3071,1561,3071,380,298
863,929,3072,1561,3072,380,298
863,929,3073,1561,3073,380,298
863,929,3074,1561,3074,380,298
863,929,3075,1561,3075,380,298
864,929,3076,1561,3076,380,298
864,929,3077,1561,3077,380,298
864,929,3078,1561,3078,380,298
862,929,3079,1561,3079,380,298
863,929,3080,1561,3080,380,298
863,929,3081,1561,3081,380,298
863,929,3082,1561,3082,380,298
863,929,3083,1561,3083,380,298
863,929,3084,1561,3084,380,298
863,929,3085,1561,3085,380,298
863,929,3086,1561,3086,380,298
863,929,3087,1561,3087,380,298
863,929,3088,1561,3088,380,298
863,929,3089,1561,3089,380,298
863,929,3090,1561,3090,380,298
863,929,3091,1561,3091,380,298
863,929,3092,1561,3092,380,298
863,929,3093,1561,3093,380,298
863,929,3094,1561,3094,380,298
863,929,3095,1561,3095,380,298
863,929,3096,1561,3096,380,298
863,929,3097,1561,3097,380,298
863,929,3098,1561,3098,380,298
863,929,3099,1561,3099,380,298
863,929,3100,1561,3100,380,298
863,929,3101,1561,3101,380,298
863,929,3102,1561,3102,380,298
862,929,3103,1561,3103,380,297
862,929,3104,1561,3104,380,297
862,929,3105,1561,3105,380,297
862,929,3106,1561,3106,380,297
862,929,3107,1561,3107,380,297
860,929,3108,1561,3108,380,297
860,929,3109,1561,3109,380,297
859,929,3110,1561,3110,380,297
859,929,3111,1561,3111,380,297
859,929,3112,1561,3112,380,297
859,929,3113,1561,3113,380,297
859,929,3114,1561,3114,380,297
860,929,3115,1561,3115,380,297
859,929,3116,1561,3116,380,297
859,929,3117,1561,3117,380,297
859,929,3118,1561,3118,380,297
859,929,3119,1561,3119,380,297
859,929,3120,1561,3120,380,297
858,929,3121,1561,3121,380,296
858,929,3122,1561,3122,380,296
858,929,3123,1561,3123,380,296
858,929,3124,1561,3124,380,296
857,929,3125,1561,3125,380,296
857,929,3126,1561,3126,380,296
857,929,3127,1561,3127,380,296
857,929,3128,1561,3128,380,296
857,929,3129,1561,3129,380,296
857,929,3130,1561,3130,380,296
857,929,3131,1561,3131,380,296
857,929,3132,1561,3132,380,296
857,929,3133,1561,3133,380,296
857,929,3134,1561,3134,380,296
857,929,3135,1561,3135,380,296
857,929,3136,1561,3136,380,296
857,929,3137,1561,3137,380,296
857,929,3138,1561,3138,380,296
857,929,3139,1561,3139,380,296
857,929,3140,1561,3140,380,296
857,929,3141,1561,3141,380,296
857,929,3142,1561,3142,380,296
857,929,3143,1561,3143,380,296
857,929,3144,1561,3144,380,296
857,929,3145,1561,3145,380,296
858,929,3146,1561,3146,380,296
858,929,3147,1561,3147,380,296
858,929,3148,1561,3148,380,296
858,929,3149,1561,3149,380,296
858,929,3150,1561,3150,380,296
858,929,3151,1561,3151,380,296
858,929,3152,1561,3152,380,296
858,929,3153,1561,3153,380,296
858,929,3154,1561,3154,380,296
858,929,3155,1561,3155,380,296
858,929,3156,1561,3156,380,296
858,929,3157,1561,3157,380,296
858,929,3158,1561,3158,380,296
858,929,3159,1561,3159,380,296
858,929,3160,1561,3160,380,296
858,929,3161,1561,3161,380,296
858,929,3162,1561,3162,380,296
858,929,3163,1561,3163,380,296
858,929,3164,1561,3164,380,296
859,929,3165,1561,3165,380,296
859,929,3166,1561,3166,380,296
859,929,3167,1561,3167,380,296
859,929,3168,1561,3168,380,296
859,929,3169,1561,3169,380,296
859,929,3170,1561,3170,380,296
859,929,3171,1561,3171,380,296
859,929,3172,1561,3172,380,296
859,929,3173,1561,3173,380,296
859,929,3174,1561,3174,380,296
859,929,3175,1561,3175,380,296
859,929,3176,1561,3176,380,296
859,929,3177,1561,3177,380,296
859,929,3178,1561,3178,380,296
859,929,3179,1561,3179,380,296
859,929,3180,1561,3180,380,296
859,929,3181,1561,3181,380,296
859,929,3182,1561,3182,380,296
859,929,3183,1561,3183,380,296
859,929,3184,1561,3184,380,296
859,929,3185,1561,3185,380,296
859,929,3186,1561,3186,380,296
859,929,3187,1561,3187,380,296
859,929,3188,1561,3188,380,296
859,929,3189,1561,3189,380,296
859,929,3190,1561,3190,380,296
859,929,3191,1561,3191,380,296
859,929,3192,1561,3192,380,296
859,929,3193,1561,3193,380,296
859,929,3194,1561,3194,380,296
859,929,3195,1561,3195,380,296
859,929,3196,1561,3196,380,296
858,929,3197,1561,3197,380,296
858,929,3198,1561,3198,380,296
858,929,3199,1561,3199,380,296
858,929,3200,1561,3200,380,296
858,929,3201,1561,3201,380,296
858,929,3202,1561,3202,380,296
858,929,3203,1561,3203,380,296
858,929,3204,1561,3204,380,296
858,929,3205,1561,3205,380,296
858,929,3206,1561,3206,380,296
858,929,3207,1561,3207,380,296
858,929,3208,1561,3208,380,296
858,929,3209,1561,3209,380,296
859,929,3210,1561,3210,380,296
859,929,3211,1561,3211,380,296
859,929,3212,1561,3212,380,296
859,929,3213,1561,3213,380,296
859,929,3214,1561,3214,380,296
859,929,3215,1561,3215,380,296
860,929,3216,1561,3216,380,296
860,929,3217,1561,3217,380,296
860,929,3218,1561,3218,380,296
860,929,3219,1561,3219,380,296
859,929,3220,1561,3220,380,296
859,929,3221,1561,3221,380,296
859,929,3222,1561,3222,380,296
858,929,3223,1561,3223,380,296
858,929,3224,1561,3224,380,296
858,929,3225,1561,3225,380,296
858,929,3226,1561,3226,380,296
859,929,3227,1561,3227,380,296
859,929,3228,1561,3228,380,296
859,929,3229,1561,3229,380,296
859,929,3230,1561,3230,380,296
859,929,3231,1561,3231,380,296
859,929,3232,1561,3232,380,296
859,929,3233,1561,3233,380,296
859,929,3234,1561,3234,380,296
859,929,3235,1561,3235,380,296
859,929,3236,1561,3236,380,296
859,929,3237,1561,3237,380,296
859,929,3238,1561,3238,380,296
858,929,3239,1561,3239,380,295
858,929,3240,1561,3240,380,295
858,929,3241,1561,3241,380,295
858,929,3242,1561,3242,380,295
858,929,3243,1561,3243,380,295
858,929,3244,1561,3244,380,295
858,929,3245,1561,3245,380,295
858,929,3246,1561,3246,380,295
858,929,3247,1561,3247,380,295
858,929,3248,1561,3248,380,295
858,929,3249,1561,3249,380,295
858,929,3250,1561,3250,380,295
858,929,3251,1561,3251,380,295
858,929,3252,1561,3252,380,295
858,929,3253,1561,3253,380,295
858,929,3254,1561,3254,380,295
858,929,3255,1561,3255,380,295
858,929,3256,1561,3256,380,295
858,929,3257,1561,3257,380,295
858,929,3258,1561,3258,380,295
858,929,3259,1561,3259,380,295
858,929,3260,1561,3260,380,295
858,929,3261,1561,3261,380,295
858,929,3262,1561,3262,380,295
858,929,3263,1561,3263,380,295
858,929,3264,1561,3264,380,295
856,929,3265,1561,3265,380,294
856,929,3266,1561,3266,380,294
856,929,3267,1561,3267,380,294
856,929,3268,1561,3268,380,294
856,929,3269,1561,3269,380,294
856,929,3270,1561,3270,380,294
855,929,3271,1561,3271,380,294
854,929,3272,1561,3272,380,294
854,929,3273,1561,3273,380,294
854,929,3274,1561,3274,380,294
854,929,3275,1561,3275,380,294
854,929,3276,1561,3276,380,294
854,929,3277,1561,3277,380,294
854,929,3278,1561,3278,380,294
854,929,3279,1561,3279,380,294
854,929,3280,1561,3280,380,294
854,929,3281,1561,3281,380,294
854,929,3282,1561,3282,380,294
854,929,3283,1561,3283,380,294
854,929,3284,1561,3284,380,294
854,929,3285,1561,3285,380,294
854,929,3286,1561,3286,380,294
854,929,3287,1561,3287,380,294
854,929,3288,1561,3288,380,294
854,929,3289,1561,3289,380,294
854,929,3290,1561,3290,380,294
854,929,3291,1561,3291,380,294
854,929,3292,1561,3292,380,294
854,929,3293,1561,3293,380,294
854,929,3294,1561,3294,380,294
854,929,3295,1561,3295,380,294
854,929,3296,1561,3296,380,294
854,929,3297,1561,3297,380,294
854,929,3298,1561,3298,380,294
854,929,3299,1561,3299,380,294
854,929,3300,1561,3300,380,294
854,929,3301,1561,3301,380,294
854,929,3302,1561,3302,380,294
854,929,3303,1561,3303,380,294
854,929,3304,1561,3304,380,294
854,929,3305,1561,3305,380,294
854,929,3306,1561,3306,380,294
853,929,3307,1561,3307,380,294
853,929,3308,1561,3308,380,294
853,929,3309,1561,3309,380,294
853,929,3310,1561,3310,380,294
853,929,3311,1561,3311,380,294
853,929,3312,1561,3312,380,294
853,929,3313,1561,3313,380,294
853,929,3314,1561,3314,380,294
853,929,3315,1561,3315,380,294
853,929,3316,1561,3316,380,294
853,929,3317,1561,3317,380,294
853,929,3318,1561,3318,380,294
853,929,3319,1561,3319,380,294
853,929,3320,1561,3320,380,294
853,929,3321,1561,3321,380,294
853,929,3322,1561,3322,380,294
853,929,3323,1561,3323,380,294
853,929,3324,1561,3324,380,294
853,929,3325,1561,3325,380,294
853,929,3326,1561,3326,380,294
853,929,3327,1561,3327,380,294
853,929,3328,1561,3328,380,294
853,929,3329,1561,3329,380,294
853,929,3330,1561,3330,380,294
853,929,3331,1561,3331,380,294
853,929,3332,1561,3332,380,294
853,929,3333,1561,3333,380,294
853,929,3334,1561,3334,380,294
853,929,3335,1561,3335,380,294
853,929,3336,1561,3336,380,294
853,929,3337,1561,3337,380,294
853,929,3338,1561,3338,380,294
853,929,3339,1561,3339,380,294
853,929,3340,1561,3340,380,294
853,929,3341,1561,3341,380,294
853,929,3342,1561,3342,380,294
853,929,3343,1561,3343,380,294
853,929,3344,1561,3344,380,294
853,929,3345,1561,3345,380,294
853,929,3346,1561,3346,380,294
853,929,3347,1561,3347,380,294
853,929,3348,1561,3348,380,294
852,929,3349,1561,3349,380,293
852,929,3350,1561,3350,380,293
852,929,3351,1561,3351,380,293
852,929,3352,1561,3352,380,293
852,929,3353,1561,3353,380,293
852,929,3354,1561,3354,380,293
852,929,3355,1561,3355,380,293
851,929,3356,1561,3356,380,292
851,929,3357,1561,3357,380,292
851,929,3358,1561,3358,380,292
851,929,3359,1561,3359,380,292
851,929,3360,1561,3360,380,292
851,929,3361,1561,3361,380,292
851,929,3362,1561,3362,380,292
851,929,3363,1561,3363,380,292
851,929,3364,1561,3364,380,292
852,929,3365,1561,3365,380,292
852,929,3366,1561,3366,380,292
852,929,3367,1561,3367,380,292
852,929,3368,1561,3368,380,292
853,929,3369,1561,3369,380,292
853,929,3370,1561,3370,380,292
853,929,3371,1561,3371,380,292
853,929,3372,1561,3372,380,292
853,929,3373,1561,3373,380,292
853,929,3374,1561,3374,380,292
853,929,3375,1561,3375,380,292
853,929,3376,1561,3376,380,292
853,929,3377,1561,3377,380,292
852,929,3378,1561,3378,380,292
851,929,3379,1561,3379,380,292
851,929,3380,1561,3380,380,292
850,929,3381,1561,3381,380,292
850,929,3382,1561,3382,380,292
850,929,3383,1561,3383,380,292
850,929,3384,1561,3384,380,292
850,929,3385,1561,3385,380,292
850,929,3386,1561,3386,380,292
850,929,3387,1561,3387,380,292
850,929,3388,1561,3388,380,292
850,929,3389,1561,3389,380,292
850,929,3390,1561,3390,380,292
850,929,3391,1561,3391,380,292
850,929,3392,1561,3392,380,292
850,929,3393,1561,3393,380,292
850,929,3394,1561,3394,380,292
850,929,3395,1561,3395,380,292
850,929,3396,1561,3396,380,292
850,929,3397,1561,3397,380,292
851,929,3398,1561,3398,380,292
851,929,3399,1561,3399,380,292
850,929,3400,1561,3400,380,292
850,929,3401,1561,3401,380,292
850,929,3402,1561,3402,380,292
850,929,3403,1561,3403,380,292
850,929,3404,1561,3404,380,292
852,929,3405,1561,3405,380,293
853,929,3406,1561,3406,380,293
852,929,3407,1561,3407,380,292
852,929,3408,1561,3408,380,292
852,929,3409,1561,3409,380,292
852,929,3410,1561,3410,380,292
852,929,3411,1561,3411,380,292
851,929,3412,1561,3412,380,291
851,929,3413,1561,3413,380,291
852,929,3414,1561,3414,380,291
852,929,3415,1561,3415,380,291
851,929,3416,1561,3416,380,290
851,929,3417,1561,3417,380,290
852,929,3418,1561,3418,380,290
852,929,3419,1561,3419,380,290
852,929,3420,1561,3420,380,290
852,929,3421,1561,3421,380,290
852,929,3422,1561,3422,380,290
852,929,3423,1561,3423,380,290
852,929,3424,1561,3424,380,290
852,929,3425,1561,3425,380,290
852,929,3426,1561,3426,380,290
852,929,3427,1561,3427,380,290
852,929,3428,1561,3428,380,290
852,929,3429,1561,3429,380,290
852,929,3430,1561,3430,380,290
852,929,3431,1561,3431,380,290
852,929,3432,1561,3432,380,290
852,929,3433,1561,3433,380,290
852,929,3434,1561,3434,380,290
852,929,3435,1561,3435,380,290
852,929,3436,1561,3436,380,290
852,929,3437,1561,3437,380,290
852,929,3438,1561,3438,380,290
851,929,3439,1561,3439,380,289
851,929,3440,1561,3440,380,289
851,929,3441,1561,3441,380,289
851,929,3442,1561,3442,380,289
851,929,3443,1561,3443,380,289
850,929,3444,1561,3444,380,289
850,929,3445,1561,3445,380,289
850,929,3446,1561,3446,380,289
850,929,3447,1561,3447,380,289
850,929,3448,1561,3448,380,289
850,929,3449,1561,3449,380,289
850,929,3450,1561,3450,380,289
850,929,3451,1561,3451,380,289
850,929,3452,1561,3452,380,289
850,929,3453,1561,3453,380,289
850,929,3454,1561,3454,380,289
850,929,3455,1561,3455,380,289
850,929,3456,1561,3456,380,289
850,929,3457,1561,3457,380,289
850,929,3458,1561,3458,380,289
850,929,3459,1561,3459,380,289
850,929,3460,1561,3460,380,289
850,929,3461,1561,3461,380,289
850,929,3462,1561,3462,380,289
850,929,3463,1561,3463,380,289
850,929,3464,1561,3464,380,289
850,929,3465,1561,3465,380,289
849,929,3466,1561,3466,380,288
849,929,3467,1561,3467,380,288
849,929,3468,1561,3468,380,288
849,929,3469,1561,3469,380,288
849,929,3470,1561,3470,380,288
849,929,3471,1561,3471,380,288
850,929,3472,1561,3472,380,288
850,929,3473,1561,3473,380,288
850,929,3474,1561,3474,380,288
850,929,3475,1561,3475,380,288
850,929,3476,1561,3476,380,288
850,929,3477,1561,3477,380,288
850,929,3478,1561,3478,380,288
850,929,3479,1561,3479,380,288
850,929,3480,1561,3480,380,288
850,929,3481,1561,3481,380,288
850,929,3482,1561,3482,380,288
850,929,3483,1561,3483,380,288
850,929,3484,1561,3484,380,288
850,929,3485,1561,3485,380,288
850,929,3486,1561,3486,380,288
850,929,3487,1561,3487,380,288
849,929,3488,1561,3488,380,288
849,929,3489,1561,3489,380,288
849,929,3490,1561,3490,380,288
849,929,3491,1561,3491,380,288
850,929,3492,1561,3492,380,288
850,929,3493,1561,3493,380,288
850,929,3494,1561,3494,380,288
850,929,3495,1561,3495,380,288
850,929,3496,1561,3496,380,288
850,929,3497,1561,3497,380,288
850,929,3498,1561,3498,380,288
850,929,3499,1561,3499,380,288
849,929,3500,1561,3500,380,287
849,929,3501,1561,3501,380,287
849,929,3502,1561,3502,380,287
849,929,3503,1561,3503,380,287
849,929,3504,1561,3504,380,287
849,929,3505,1561,3505,380,287
849,929,3506,1561,3506,380,287
848,929,3507,1561,3507,380,287
849,929,3508,1561,3508,380,287
849,929,3509,1561,3509,380,287
849,929,3510,1561,3510,380,287
849,929,3511,1561,3511,380,287
849,929,3512,1561,3512,380,287
849,929,3513,1561,3513,380,287
849,929,3514,1561,3514,380,287
848,929,3515,1561,3515,380,287
848,929,3516,1561,3516,380,287
848,929,3517,1561,3517,380,287
848,929,3518,1561,3518,380,287
848,929,3519,1561,3519,380,287
848,929,3520,1561,3520,380,287
848,929,3521,1561,3521,380,287
848,929,3522,1561,3522,380,287
848,929,3523,1561,3523,380,287
848,929,3524,1561,3524,380,287
848,929,3525,1561,3525,380,287
848,929,3526,1561,3526,380,287
848,929,3527,1561,3527,380,287
848,929,3528,1561,3528,380,287
848,929,3529,1561,3529,380,287
848,929,3530,1561,3530,380,287
848,929,3531,1561,3531,380,287
848,929,3532,1561,3532,380,287
848,929,3533,1561,3533,380,287
848,929,3534,1561,3534,380,287
848,929,3535,1561,3535,380,287
848,929,3536,1561,3536,380,287
848,929,3537,1561,3537,380,287
848,929,3538,1561,3538,380,287
848,929,3539,1561,3539,380,287
848,929,3540,1561,3540,380,287
848,929,3541,1561,3541,380,287
848,929,3542,1561,3542,380,287
848,929,3543,1561,3543,380,287
848,929,3544,1561,3544,380,287
848,929,3545,1561,3545,380,287
848,929,3546,1561,3546,380,287
848,929,3547,1561,3547,380,287
848,929,3548,1561,3548,380,287
847,929,3549,1561,3549,380,287
846,929,3550,1561,3550,380,287
846,929,3551,1561,3551,380,287
846,929,3552,1561,3552,380,287
846,929,3553,1561,3553,380,287
846,929,3554,1561,3554,380,287
846,929,3555,1561,3555,380,287
846,929,3556,1561,3556,380,287
846,929,3557,1561,3557,380,287
846,929,3558,1561,3558,380,287
846,929,3559,1561,3559,380,287
846,929,3560,1561,3560,380,287
845,929,3561,1561,3561,380,286
845,929,3562,1561,3562,380,286
845,929,3563,1561,3563,380,286
845,929,3564,1561,3564,380,286
845,929,3565,1561,3565,380,286
845,929,3566,1561,3566,380,286
845,929,3567,1561,3567,380,286
845,929,3568,1561,3568,380,286
845,929,3569,1561,3569,380,286
845,929,3570,1561,3570,380,286
845,929,3571,1561,3571,380,286
845,929,3572,1561,3572,380,286
845,929,3573,1561,3573,380,286
845,929,3574,1561,3574,380,286
845,929,3575,1561,3575,380,286
845,929,3576,1561,3576,380,286
845,929,3577,1561,3577,380,286
845,929,3578,1561,3578,380,286
845,929,3579,1561,3579,380,286
845,929,3580,1561,3580,380,286
845,929,3581,1561,3581,380,286
845,929,3582,1561,3582,380,286
845,929,3583,1561,3583,380,286
845,929,3584,1561,3584,380,286
845,929,3585,1561,3585,380,286
845,929,3586,1561,3586,380,286
845,929,3587,1561,3587,380,286
845,929,3588,1561,3588,380,286
844,929,3589,1561,3589,380,286
844,929,3590,1561,3590,380,286
844,929,3591,1561,3591,380,286
844,929,3592,1561,3592,380,286
844,929,3593,1561,3593,380,286
844,929,3594,1561,3594,380,286
844,929,3595,1561,3595,380,286
844,929,3596,1561,3596,380,286
844,929,3597,1561,3597,380,286
844,929,3598,1561,3598,380,286
844,929,3599,1561,3599,380,286
845,929,3600,1561,3600,380,286
845,929,3601,1561,3601,380,286
845,929,3602,1561,3602,380,286
845,929,3603,1561,3603,380,286
845,929,3604,1561,3604,380,286
845,929,3605,1561,3605,380,286
845,929,3606,1561,3606,380,286
845,929,3607,1561,3607,380,286
845,929,3608,1561,3608,380,286
845,929,3609,1561,3609,380,286
845,929,3610,1561,3610,380,286
845,929,3611,1561,3611,380,286
845,929,3612,1561,3612,380,286
845,929,3613,1561,3613,380,286
845,929,3614,1561,3614,380,286
844,929,3615,1561,3615,380,285
844,929,3616,1561,3616,380,285
844,929,3617,1561,3617,380,285
844,929,3618,1561,3618,380,285
844,929,3619,1561,3619,380,285
844,929,3620,1561,3620,380,285
844,929,3621,1561,3621,380,285
844,929,3622,1561,3622,380,285
844,929,3623,1561,3623,380,285
844,929,3624,1561,3624,380,285
844,929,3625,1561,3625,380,285
844,929,3626,1561,3626,380,285
844,929,3627,1561,3627,380,285
844,929,3628,1561,3628,380,285
844,929,3629,1561,3629,380,285
843,929,3630,1561,3630,380,285
843,929,3631,1561,3631,380,285
843,929,3632,1561,3632,380,285
843,929,3633,1561,3633,380,285
843,929,3634,1561,3634,380,285
843,929,3635,1561,3635,380,285
843,929,3636,1561,3636,380,285
843,929,3637,1561,3637,380,285
843,929,3638,1561,3638,380,285
843,929,3639,1561,3639,380,285
843,929,3640,1561,3640,380,285
843,929,3641,1561,3641,380,285
843,929,3642,1561,3642,380,285
843,929,3643,1561,3643,380,285
843,929,3644,1561,3644,380,285
843,929,3645,1561,3645,380,285
843,929,3646,1561,3646,380,285
843,929,3647,1561,3647,380,285
843,929,3648,1561,3648,380,285
843,929,3649,1561,3649,380,285
843,929,3650,1561,3650,380,285
843,929,3651,1561,3651,380,285
843,929,3652,1561,3652,380,285
843,929,3653,1561,3653,380,285
843,929,3654,1561,3654,380,285
843,929,3655,1561,3655,380,285
843,929,3656,1561,3656,380,285
843,929,3657,1561,3657,380,285
842,929,3658,1561,3658,380,285
842,929,3659,1561,3659,380,285
842,929,3660,1561,3660,380,285
842,929,3661,1561,3661,380,285
842,929,3662,1561,3662,380,285
842,929,3663,1561,3663,380,285
842,929,3664,1561,3664,380,285
842,929,3665,1561,3665,380,285
842,929,3666,1561,3666,380,285
842,929,3667,1561,3667,380,285
842,929,3668,1561,3668,380,285
842,929,3669,1561,3669,380,285
842,929,3670,1561,3670,380,285
842,929,3671,1561,3671,380,285
842,929,3672,1561,3672,380,285
842,929,3673,1561,3673,380,285
842,929,3674,1561,3674,380,285
842,929,3675,1561,3675,380,285
842,929,3676,1561,3676,380,285
842,929,3677,1561,3677,380,285
842,929,3678,1561,3678,380,285
842,929,3679,1561,3679,380,285
842,929,3680,1561,3680,380,285
842,929,3681,1561,3681,380,285
842,929,3682,1561,3682,380,285
843,929,3683,1561,3683,380,285
843,929,3684,1561,3684,380,285
843,929,3685,1561,3685,380,285
843,929,3686,1561,3686,380,285
843,929,3687,1561,3687,380,285
843,929,3688,1561,3688,380,285
843,929,3689,1561,3689,380,285
843,929,3690,1561,3690,380,285
843,929,3691,1561,3691,380,285
843,929,3692,1561,3692,380,285
843,929,3693,1561,3693,380,285
843,929,3694,1561,3694,380,285
843,929,3695,1561,3695,380,285
843,929,3696,1561,3696,380,285
843,929,3697,1561,3697,380,285
843,929,3698,1561,3698,380,285
843,929,3699,1561,3699,380,285
843,929,3700,1561,3700,380,285
843,929,3701,1561,3701,380,285
843,929,3702,1561,3702,380,285
843,929,3703,1561,3703,380,285
843,929,3704,1561,3704,380,285
843,929,3705,1561,3705,380,285
843,929,3706,1561,3706,380,285
843,929,3707,1561,3707,380,285
843,929,3708,1561,3708,380,285
843,929,3709,1561,3709,380,285
843,929,3710,1561,3710,380,285
843,929,3711,1561,3711,380,285
843,929,3712,1561,3712,380,285
843,929,3713,1561,3713,380,285
843,929,3714,1561,3714,380,285
843,929,3715,1561,3715,380,285
843,929,3716,1561,3716,380,285
843,929,3717,1561,3717,380,285
843,929,3718,1561,3718,380,285
843,929,3719,1561,3719,380,285
843,929,3720,1561,3720,380,285
843,929,3721,1561,3721,380,285
841,929,3722,1561,3722,380,285
841,929,3723,1561,3723,380,285
841,929,3724,1561,3724,380,285
842,929,3725,1561,3725,380,285
842,929,3726,1561,3726,380,285
842,929,3727,1561,3727,380,285
842,929,3728,1561,3728,380,285
842,929,3729,1561,3729,380,285
842,929,3730,1561,3730,380,285
842,929,3731,1561,3731,380,285
842,929,3732,1561,3732,380,285
842,929,3733,1561,3733,380,285
842,929,3734,1561,3734,380,285
842,929,3735,1561,3735,380,285
842,929,3736,1561,3736,380,285
842,929,3737,1561,3737,380,285
842,929,3738,1561,3738,380,285
842,929,3739,1561,3739,380,285
842,929,3740,1561,3740,380,285
842,929,3741,1561,3741,380,285
842,929,3742,1561,3742,380,285
842,929,3743,1561,3743,380,285
842,929,3744,1561,3744,380,285
842,929,3745,1561,3745,380,285
842,929,3746,1561,3746,380,285
842,929,3747,1561,3747,380,285
842,929,3748,1561,3748,380,285
842,929,3749,1561,3749,380,285
842,929,3750,1561,3750,380,285
842,929,3751,1561,3751,380,285
842,929,3752,1561,3752,380,285
841,929,3753,1561,3753,380,284
841,929,3754,1561,3754,380,284
841,929,3755,1561,3755,380,284
841,929,3756,1561,3756,380,284
841,929,3757,1561,3757,380,284
841,929,3758,1561,3758,380,284
841,929,3759,1561,3759,380,284
841,929,3760,1561,3760,380,284
841,929,3761,1561,3761,380,284
841,929,3762,1561,3762,380,284
841,929,3763,1561,3763,380,284
841,929,3764,1561,3764,380,284
841,929,3765,1561,3765,380,284
841,929,3766,1561,3766,380,284
841,929,3767,1561,3767,380,284
842,929,3768,1561,3768,380,284
842,929,3769,1561,3769,380,284
842,929,3770,1561,3770,380,284
842,929,3771,1561,3771,380,284
842,929,3772,1561,3772,380,284
842,929,3773,1561,3773,380,284
842,929,3774,1561,3774,380,284
842,929,3775,1561,3775,380,284
842,929,3776,1561,3776,380,284
842,929,3777,1561,3777,380,284
842,929,3778,1561,3778,380,284
842,929,3779,1561,3779,380,284
842,929,3780,1561,3780,380,284
842,929,3781,1561,3781,380,284
842,929,3782,1561,3782,380,284
842,929,3783,1561,3783,380,284
842,929,3784,1561,3784,380,284
842,929,3785,1561,3785,380,284
842,929,3786,1561,3786,380,284
842,929,3787,1561,3787,380,284
842,929,3788,1561,3788,380,284
842,929,3789,1561,3789,380,284
842,929,3790,1561,3790,380,284
842,929,3791,1561,3791,380,284
842,929,3792,1561,3792,380,284
842,929,3793,1561,3793,380,284
842,929,3794,1561,3794,380,284
842,929,3795,1561,3795,380,284
841,929,3796,1561,3796,380,283
841,929,3797,1561,3797,380,283
841,929,3798,1561,3798,380,283
842,929,3799,1561,3799,380,283
842,929,3800,1561,3800,380,283
842,929,3801,1561,3801,380,283
842,929,3802,1561,3802,380,283
842,929,3803,1561,3803,380,283
842,929,3804,1561,3804,380,283
842,929,3805,1561,3805,380,283
842,929,3806,1561,3806,380,283
842,929,3807,1561,3807,380,283
840,929,3808,1561,3808,380,282
840,929,3809,1561,3809,380,282
840,929,3810,1561,3810,380,282
840,929,3811,1561,3811,380,282
840,929,3812,1561,3812,380,282
840,929,3813,1561,3813,380,282
840,929,3814,1561,3814,380,282
840,929,3815,1561,3815,380,282
840,929,3816,1561,3816,380,282
840,929,3817,1561,3817,380,282
840,929,3818,1561,3818,380,282
840,929,3819,1561,3819,380,282
840,929,3820,1561,3820,380,282
840,929,3821,1561,3821,380,282
840,929,3822,1561,3822,380,282
840,929,3823,1561,3823,380,282
840,929,3824,1561,3824,380,282
840,929,3825,1561,3825,380,282
840,929,3826,1561,3826,380,282
840,929,3827,1561,3827,380,282
840,929,3828,1561,3828,380,282
840,929,3829,1561,3829,380,282
840,929,3830,1561,3830,380,282
840,929,3831,1561,3831,380,282
840,929,3832,1561,3832,380,282
840,929,3833,1561,3833,380,282
840,929,3834,1561,3834,380,282
840,929,3835,1561,3835,380,282
840,929,3836,1561,3836,380,282
840,929,3837,1561,3837,380,282
840,929,3838,1561,3838,380,282
840,929,3839,1561,3839,380,282
840,929,3840,1561,3840,380,282
840,929,3841,1561,3841,380,282
840,929,3842,1561,3842,380,282
840,929,3843,1561,3843,380,282
840,929,3844,1561,3844,380,282
840,929,3845,1561,3845,380,282
840,929,3846,1561,3846,380,282
840,929,3847,1561,3847,380,282
840,929,3848,1561,3848,380,282
840,929,3849,1561,3849,380,282
840,929,3850,1561,3850,380,282
840,929,3851,1561,3851,380,282
840,929,3852,1561,3852,380,282
840,929,3853,1561,3853,380,282
840,929,3854,1561,3854,380,282
840,929,3855,1561,3855,380,282
840,929,3856,1561,3856,380,282
840,929,3857,1561,3857,380,282
840,929,3858,1561,3858,380,282
840,929,3859,1561,3859,380,282
840,929,3860,1561,3860,380,282
840,929,3861,1561,3861,380,282
840,929,3862,1561,3862,380,282
839,929,3863,1561,3863,380,281
839,929,3864,1561,3864,380,281
839,929,3865,1561,3865,380,281
839,929,3866,1561,3866,380,281
839,929,3867,1561,3867,380,281
839,929,3868,1561,3868,380,281
839,929,3869,1561,3869,380,281
839,929,3870,1561,3870,380,281
839,929,3871,1561,3871,380,281
839,929,3872,1561,3872,380,281
839,929,3873,1561,3873,380,281
839,929,3874,1561,3874,380,281
839,929,3875,1561,3875,380,281
839,929,3876,1561,3876,380,281
839,929,3877,1561,3877,380,281
839,929,3878,1561,3878,380,281
839,929,3879,1561,3879,380,281
839,929,3880,1561,3880,380,281
839,929,3881,1561,3881,380,281
839,929,3882,1561,3882,380,281
839,929,3883,1561,3883,380,281
839,929,3884,1561,3884,380,281
839,929,3885,1561,3885,380,281
839,929,3886,1561,3886,380,281
839,929,3887,1561,3887,380,281
839,929,3888,1561,3888,380,281
839,929,3889,1561,3889,380,281
839,929,3890,1561,3890,380,281
839,929,3891,1561,3891,380,281
839,929,3892,1561,3892,380,281
839,929,3893,1561,3893,380,281
839,929,3894,1561,3894,380,281
839,929,3895,1561,3895,380,281
839,929,3896,1561,3896,380,281
838,929,3897,1561,3897,380,281
838,929,3898,1561,3898,380,281
838,929,3899,1561,3899,380,281
838,929,3900,1561,3900,380,281
838,929,3901,1561,3901,380,281
838,929,3902,1561,3902,380,281
838,929,3903,1561,3903,380,281
838,929,3904,1561,3904,380,281
838,929,3905,1561,3905,380,281
838,929,3906,1561,3906,380,281
838,929,3907,1561,3907,380,281
838,929,3908,1561,3908,380,281
838,929,3909,1561,3909,380,281
838,929,3910,1561,3910,380,281
838,929,3911,1561,3911,380,281
838,929,3912,1561,3912,380,281
838,929,3913,1561,3913,380,281
838,929,3914,1561,3914,380,281
838,929,3915,1561,3915,380,281
838,929,3916,1561,3916,380,281
838,929,3917,1561,3917,380,281
838,929,3918,1561,3918,380,281
838,929,3919,1561,3919,380,281
838,929,3920,1561,3920,380,281
838,929,3921,1561,3921,380,281
838,929,3922,1561,3922,380,281
838,929,3923,1561,3923,380,281
838,929,3924,1561,3924,380,281
838,929,3925,1561,3925,380,281
838,929,3926,1561,3926,380,281
838,929,3927,1561,3927,380,281
838,929,3928,1561,3928,380,281
838,929,3929,1561,3929,380,281
838,929,3930,1561,3930,380,281
838,929,3931,1561,3931,380,281
838,929,3932,1561,3932,380,281
838,929,3933,1561,3933,380,281
838,929,3934,1561,3934,380,281
838,929,3935,1561,3935,380,281
838,929,3936,1561,3936,380,281
838,929,3937,1561,3937,380,281
838,929,3938,1561,3938,380,281
838,929,3939,1561,3939,380,281
838,929,3940,1561,3940,380,281
838,929,3941,1561,3941,380,281
838,929,3942,1561,3942,380,281
838,929,3943,1561,3943,380,281
838,929,3944,1561,3944,380,281
838,929,3945,1561,3945,380,281
838,929,3946,1561,3946,380,281
838,929,3947,1561,3947,380,281
838,929,3948,1561,3948,380,281
838,929,3949,1561,3949,380,281
838,929,3950,1561,3950,380,281
838,929,3951,1561,3951,380,281
838,929,3952,1561,3952,380,281
838,929,3953,1561,3953,380,281
838,929,3954,1561,3954,380,281
838,929,3955,1561,3955,380,281
838,929,3956,1561,3956,380,281
838,929,3957,1561,3957,380,281
838,929,3958,1561,3958,380,281
838,929,3959,1561,3959,380,281
838,929,3960,1561,3960,380,281
838,929,3961,1561,3961,380,281
838,929,3962,1561,3962,380,281
838,929,3963,1561,3963,380,281
838,929,3964,1561,3964,380,281
838,929,3965,1561,3965,380,281
838,929,3966,1561,3966,380,281
837,929,3967,1561,3967,380,281
837,929,3968,1561,3968,380,281
837,929,3969,1561,3969,380,281
837,929,3970,1561,3970,380,281
837,929,3971,1561,3971,380,281
837,929,3972,1561,3972,380,281
837,929,3973,1561,3973,380,281
837,929,3974,1561,3974,380,281
838,929,3975,1561,3975,380,281
838,929,3976,1561,3976,380,281
838,929,3977,1561,3977,380,281
838,929,3978,1561,3978,380,281
838,929,3979,1561,3979,380,281
838,929,3980,1561,3980,380,281
838,929,3981,1561,3981,380,281
838,929,3982,1561,3982,380,281
838,929,3983,1561,3983,380,281
838,929,3984,1561,3984,380,281
838,929,3985,1561,3985,380,281
838,929,3986,1561,3986,380,281
838,929,3987,1561,3987,380,281
838,929,3988,1561,3988,380,281
838,929,3989,1561,3989,380,281
838,929,3990,1561,3990,380,281
838,929,3991,1561,3991,380,281
838,929,3992,1561,3992,380,281
838,929,3993,1561,3993,380,281
838,929,3994,1561,3994,380,281
838,929,3995,1561,3995,380,281
838,929,3996,1561,3996,380,281
838,929,3997,1561,3997,380,281
838,929,3998,1561,3998,380,281
838,929,3999,1561,3999,380,281
838,929,4000,1561,4000,380,281
838,929,4001,1561,4001,380,281
838,929,4002,1561,4002,380,281
838,929,4003,1561,4003,380,281
838,929,4004,1561,4004,380,281
838,929,4005,1561,4005,380,281
838,929,4006,1561,4006,380,281
838,929,4007,1561,4007,380,281
838,929,4008,1561,4008,380,281
838,929,4009,1561,4009,380,281
838,929,4010,1561,4010,380,281
838,929,4011,1561,4011,380,281
838,929,4012,1561,4012,380,281
838,929,4013,1561,4013,380,281
838,929,4014,1561,4014,380,281
838,929,4015,1561,4015,380,281
838,929,4016,1561,4016,380,281
838,929,4017,1561,4017,380,281
838,929,4018,1561,4018,380,281
838,929,4019,1561,4019,380,281
838,929,4020,1561,4020,380,281
838,929,4021,1561,4021,380,281
838,929,4022,1561,4022,380,281
838,929,4023,1561,4023,380,281
838,929,4024,1561,4024,380,281
837,929,4025,1561,4025,380,281
837,929,4026,1561,4026,380,281
837,929,4027,1561,4027,380,281
837,929,4028,1561,4028,380,281
837,929,4029,1561,4029,380,281
837,929,4030,1561,4030,380,281
837,929,4031,1561,4031,380,281
836,929,4032,1561,4032,380,280
835,929,4033,1561,4033,380,279
835,929,4034,1561,4034,380,279
834,929,4035,1561,4035,380,278
834,929,4036,1561,4036,380,278
834,929,4037,1561,4037,380,278
834,929,4038,1561,4038,380,278
834,929,4039,1561,4039,380,278
834,929,4040,1561,4040,380,278
834,929,4041,1561,4041,380,278
834,929,4042,1561,4042,380,278
834,929,4043,1561,4043,380,278
834,929,4044,1561,4044,380,278
834,929,4045,1561,4045,380,278
834,929,4046,1561,4046,380,278
834,929,4047,1561,4047,380,278
834,929,4048,1561,4048,380,278
834,929,4049,1561,4049,380,278
834,929,4050,1561,4050,380,278
834,929,4051,1561,4051,380,278
834,929,4052,1561,4052,380,278
834,929,4053,1561,4053,380,278
834,929,4054,1561,4054,380,278
834,929,4055,1561,4055,380,278
834,929,4056,1561,4056,380,278
834,929,4057,1561,4057,380,278
834,929,4058,1561,4058,380,278
834,929,4059,1561,4059,380,278
834,929,4060,1561,4060,380,278
834,929,4061,1561,4061,380,278
834,929,4062,1561,4062,380,278
834,929,4063,1561,4063,380,278
834,929,4064,1561,4064,380,278
834,929,4065,1561,4065,380,278
834,929,4066,1561,4066,380,278
834,929,4067,1561,4067,380,278
834,929,4068,1561,4068,380,278
834,929,4069,1561,4069,380,278
834,929,4070,1561,4070,380,278
835,929,4071,1561,4071,380,278
835,929,4072,1561,4072,380,278
835,929,4073,1561,4073,380,278
835,929,4074,1561,4074,380,278
835,929,4075,1561,4075,380,278
835,929,4076,1561,4076,380,278
835,929,4077,1561,4077,380,278
835,929,4078,1561,4078,380,278
835,929,4079,1561,4079,380,278
835,929,4080,1561,4080,380,278
835,929,4081,1561,4081,380,278
835,929,4082,1561,4082,380,278
834,929,4083,1561,4083,380,277
834,929,4084,1561,4084,380,277
834,929,4085,1561,4085,380,277
834,929,4086,1561,4086,380,277
834,929,4087,1561,4087,380,277
834,929,4088,1561,4088,380,277
834,929,4089,1561,4089,380,277
834,929,4090,1561,4090,380,277
834,929,4091,1561,4091,380,277
834,929,4092,1561,4092,380,277
834,929,4093,1561,4093,380,277
835,929,4094,1561,4094,380,277
835,929,4095,1561,4095,380,277
835,929,4096,1561,4096,380,277
835,929,4097,1561,4097,380,277
835,929,4098,1561,4098,380,277
835,929,4099,1561,4099,380,277
835,929,4100,1561,4100,380,277
835,929,4101,1561,4101,380,277
834,929,4102,1561,4102,380,277
834,929,4103,1561,4103,380,277
834,929,4104,1561,4104,380,277
834,929,4105,1561,4105,380,277
834,929,4106,1561,4106,380,277
834,929,4107,1561,4107,380,277
833,929,4108,1561,4108,380,277
833,929,4109,1561,4109,380,277
833,929,4110,1561,4110,380,277
833,929,4111,1561,4111,380,277
833,929,4112,1561,4112,380,277
833,929,4113,1561,4113,380,277
833,929,4114,1561,4114,380,277
833,929,4115,1561,4115,380,277
833,929,4116,1561,4116,380,277
833,929,4117,1561,4117,380,277
833,929,4118,1561,4118,380,277
833,929,4119,1561,4119,380,277
833,929,4120,1561,4120,380,277
833,929,4121,1561,4121,380,277
833,929,4122,1561,4122,380,277
833,929,4123,1561,4123,380,277
833,929,4124,1561,4124,380,277
833,929,4125,1561,4125,380,277
833,929,4126,1561,4126,380,277
833,929,4127,1561,4127,380,277
833,929,4128,1561,4128,380,277
833,929,4129,1561,4129,380,277
833,929,4130,1561,4130,380,277
833,929,4131,1561,4131,380,277
833,929,4132,1561,4132,380,277
832,929,4133,1561,4133,380,277
832,929,4134,1561,4134,380,277
832,929,4135,1561,4135,380,277
831,929,4136,1561,4136,380,277
831,929,4137,1561,4137,380,277
830,929,4138,1561,4138,380,276
830,929,4139,1561,4139,380,276
830,929,4140,1561,4140,380,276
830,929,4141,1561,4141,380,276
830,929,4142,1561,4142,380,276
830,929,4143,1561,4143,380,276
830,929,4144,1561,4144,380,276
831,929,4145,1561,4145,380,276
831,929,4146,1561,4146,380,276
831,929,4147,1561,4147,380,276
831,929,4148,1561,4148,380,276
831,929,4149,1561,4149,380,276
831,929,4150,1561,4150,380,276
831,929,4151,1561,4151,380,276
831,929,4152,1561,4152,380,276
831,929,4153,1561,4153,380,276
831,929,4154,1561,4154,380,276
832,929,4155,1561,4155,380,276
832,929,4156,1561,4156,380,276
832,929,4157,1561,4157,380,276
832,929,4158,1561,4158,380,276
833,929,4159,1561,4159,380,276
833,929,4160,1561,4160,380,276
833,929,4161,1561,4161,380,276
833,929,4162,1561,4162,380,276
833,929,4163,1561,4163,380,276
833,929,4164,1561,4164,380,276
833,929,4165,1561,4165,380,276
834,929,4166,1561,4166,380,276
834,929,4167,1561,4167,380,276
834,929,4168,1561,4168,380,276
834,929,4169,1561,4169,380,276
834,929,4170,1561,4170,380,276
834,929,4171,1561,4171,380,276
834,929,4172,1561,4172,380,276
834,929,4173,1561,4173,380,276
834,929,4174,1561,4174,380,276
834,929,4175,1561,4175,380,276
834,929,4176,1561,4176,380,276
834,929,4177,1561,4177,380,276
834,929,4178,1561,4178,380,276
834,929,4179,1561,4179,380,276
834,929,4180,1561,4180,380,276
835,929,4181,1561,4181,380,276
835,929,4182,1561,4182,380,276
835,929,4183,1561,4183,380,276
835,929,4184,1561,4184,380,276
835,929,4185,1561,4185,380,276
835,929,4186,1561,4186,380,276
835,929,4187,1561,4187,380,276
835,929,4188,1561,4188,380,276
835,929,4189,1561,4189,380,276
835,929,4190,1561,4190,380,276
835,929,4191,1561,4191,380,276
835,929,4192,1561,4192,380,276
835,929,4193,1561,4193,380,276
835,929,4194,1561,4194,380,276
835,929,4195,1561,4195,380,276
835,929,4196,1561,4196,380,276
835,929,4197,1561,4197,380,276
835,929,4198,1561,4198,380,276
835,929,4199,1561,4199,380,276
834,929,4200,1561,4200,380,276
834,929,4201,1561,4201,380,276
834,929,4202,1561,4202,380,276
834,929,4203,1561,4203,380,276
834,929,4204,1561,4204,380,276
833,929,4205,1561,4205,380,275
833,929,4206,1561,4206,380,275
833,929,4207,1561,4207,380,275
833,929,4208,1561,4208,380,275
833,929,4209,1561,4209,380,275
833,929,4210,1561,4210,380,275
833,929,4211,1561,4211,380,275
833,929,4212,1561,4212,380,275
833,929,4213,1561,4213,380,275
833,929,4214,1561,4214,380,275
833,929,4215,1561,4215,380,275
833,929,4216,1561,4216,380,275
833,929,4217,1561,4217,380,275
833,929,4218,1561,4218,380,275
833,929,4219,1561,4219,380,275
833,929,4220,1561,4220,380,275
833,929,4221,1561,4221,380,275
833,929,4222,1561,4222,380,275
833,929,4223,1561,4223,380,275
833,929,4224,1561,4224,380,275
833,929,4225,1561,4225,380,275
833,929,4226,1561,4226,380,275
833,929,4227,1561,4227,380,275
833,929,4228,1561,4228,380,275
833,929,4229,1561,4229,380,275
833,929,4230,1561,4230,380,275
833,929,4231,1561,4231,380,275
833,929,4232,1561,4232,380,275
833,929,4233,1561,4233,380,275
833,929,4234,1561,4234,380,275
833,929,4235,1561,4235,380,275
833,929,4236,1561,4236,380,275
833,929,4237,1561,4237,380,275
833,929,4238,1561,4238,380,275
833,929,4239,1561,4239,380,275
833,929,4240,1561,4240,380,275
833,929,4241,1561,4241,380,275
833,929,4242,1561,4242,380,275
833,929,4243,1561,4243,380,275
833,929,4244,1561,4244,380,275
833,929,4245,1561,4245,380,275
833,929,4246,1561,4246,380,275
833,929,4247,1561,4247,380,275
833,929,4248,1561,4248,380,275
833,929,4249,1561,4249,380,275
833,929,4250,1561,4250,380,275
833,929,4251,1561,4251,380,275
833,929,4252,1561,4252,380,275
833,929,4253,1561,4253,380,275
833,929,4254,1561,4254,380,275
832,929,4255,1561,4255,380,275
833,929,4256,1561,4256,380,275
833,929,4257,1561,4257,380,275
833,929,4258,1561,4258,380,275
833,929,4259,1561,4259,380,275
833,929,4260,1561,4260,380,275
833,929,4261,1561,4261,380,275
833,929,4262,1561,4262,380,275
833,929,4263,1561,4263,380,275
833,929,4264,1561,4264,380,275
833,929,4265,1561,4265,380,275
833,929,4266,1561,4266,380,275
833,929,4267,1561,4267,380,275
833,929,4268,1561,4268,380,275
833,929,4269,1561,4269,380,275
832,929,4270,1561,4270,380,275
832,929,4271,1561,4271,380,275
832,929,4272,1561,4272,380,275
832,929,4273,1561,4273,380,275
832,929,4274,1561,4274,380,275
832,929,4275,1561,4275,380,275
832,929,4276,1561,4276,380,275
832,929,4277,1561,4277,380,275
832,929,4278,1561,4278,380,275
832,929,4279,1561,4279,380,275
832,929,4280,1561,4280,380,275
832,929,4281,1561,4281,380,275
832,929,4282,1561,4282,380,275
832,929,4283,1561,4283,380,275
832,929,4284,1561,4284,380,275
832,929,4285,1561,4285,380,275
832,929,4286,1561,4286,380,275
832,929,4287,1561,4287,380,275
832,929,4288,1561,4288,380,275
832,929,4289,1561,4289,380,275
832,929,4290,1561,4290,380,275
832,929,4291,1561,4291,380,275
832,929,4292,1561,4292,380,275
832,929,4293,1561,4293,380,275
832,929,4294,1561,4294,380,275
832,929,4295,1561,4295,380,275
832,929,4296,1561,4296,380,275
832,929,4297,1561,4297,380,275
832,929,4298,1561,4298,380,275
832,929,4299,1561,4299,380,275
832,929,4300,1561,4300,380,275
832,929,4301,1561,4301,380,275
832,929,4302,1561,4302,380,275
832,929,4303,1561,4303,380,275
832,929,4304,1561,4304,380,275
832,929,4305,1561,4305,380,275
832,929,4306,1561,4306,380,275
832,929,4307,1561,4307,380,275
832,929,4308,1561,4308,380,275
832,929,4309,1561,4309,380,275
832,929,4310,1561,4310,380,275
832,929,4311,1561,4311,380,275
832,929,4312,1561,4312,380,275
832,929,4313,1561,4313,380,275
832,929,4314,1561,4314,380,275
832,929,4315,1561,4315,380,275
832,929,4316,1561,4316,380,275
832,929,4317,1561,4317,380,275
832,929,4318,1561,4318,380,275
832,929,4319,1561,4319,380,275
832,929,4320,1561,4320,380,275
832,929,4321,1561,4321,380,275
832,929,4322,1561,4322,380,275
832,929,4323,1561,4323,380,275
832,929,4324,1561,4324,380,275
832,929,4325,1561,4325,380,275
832,929,4326,1561,4326,380,275
832,929,4327,1561,4327,380,275
832,929,4328,1561,4328,380,275
832,929,4329,1561,4329,380,275
832,929,4330,1561,4330,380,275
832,929,4331,1561,4331,380,275
831,929,4332,1561,4332,380,275
830,929,4333,1561,4333,380,275
830,929,4334,1561,4334,380,275
830,929,4335,1561,4335,380,275
830,929,4336,1561,4336,380,275
830,929,4337,1561,4337,380,275
830,929,4338,1561,4338,380,275
830,929,4339,1561,4339,380,275
830,929,4340,1561,4340,380,275
830,929,4341,1561,4341,380,275
830,929,4342,1561,4342,380,275
830,929,4343,1561,4343,380,275
830,929,4344,1561,4344,380,275
830,929,4345,1561,4345,380,275
830,929,4346,1561,4346,380,275
830,929,4347,1561,4347,380,275
830,929,4348,1561,4348,380,275
830,929,4349,1561,4349,380,275
830,929,4350,1561,4350,380,275
830,929,4351,1561,4351,380,275
830,929,4352,1561,4352,380,275
830,929,4353,1561,4353,380,275
830,929,4354,1561,4354,380,275
830,929,4355,1561,4355,380,275
830,929,4356,1561,4356,380,275
830,929,4357,1561,4357,380,275
830,929,4358,1561,4358,380,275
830,929,4359,1561,4359,380,275
830,929,4360,1561,4360,380,275
830,929,4361,1561,4361,380,275
830,929,4362,1561,4362,380,275
830,929,4363,1561,4363,380,275
830,929,4364,1561,4364,380,275
830,929,4365,1561,4365,380,275
830,929,4366,1561,4366,380,275
830,929,4367,1561,4367,380,275
830,929,4368,1561,4368,380,275
830,929,4369,1561,4369,380,275
830,929,4370,1561,4370,380,275
830,929,4371,1561,4371,380,275
830,929,4372,1561,4372,380,275
830,929,4373,1561,4373,380,275
830,929,4374,1561,4374,380,275
830,929,4375,1561,4375,380,275
830,929,4376,1561,4376,380,275
830,929,4377,1561,4377,380,275
830,929,4378,1561,4378,380,275
830,929,4379,1561,4379,380,275
829,929,4380,1561,4380,380,275
829,929,4381,1561,4381,380,275
829,929,4382,1561,4382,380,275
829,929,4383,1561,4383,380,275
828,929,4384,1561,4384,380,274
828,929,4385,1561,4385,380,274
828,929,4386,1561,4386,380,274
828,929,4387,1561,4387,380,274
828,929,4388,1561,4388,380,274
828,929,4389,1561,4389,380,274
828,929,4390,1561,4390,380,274
828,929,4391,1561,4391,380,274
828,929,4392,1561,4392,380,274
828,929,4393,1561,4393,380,274
828,929,4394,1561,4394,380,274
828,929,4395,1561,4395,380,274
828,929,4396,1561,4396,380,274
828,929,4397,1561,4397,380,274
828,929,4398,1561,4398,380,274
829,929,4399,1561,4399,380,274
829,929,4400,1561,4400,380,274
829,929,4401,1561,4401,380,274
829,929,4402,1561,4402,380,274
829,929,4403,1561,4403,380,274
829,929,4404,1561,4404,380,274
829,929,4405,1561,4405,380,274
829,929,4406,1561,4406,380,274
829,929,4407,1561,4407,380,274
829,929,4408,1561,4408,380,274
829,929,4409,1561,4409,380,274
828,929,4410,1561,4410,380,274
828,929,4411,1561,4411,380,274
828,929,4412,1561,4412,380,274
828,929,4413,1561,4413,380,274
828,929,4414,1561,4414,380,274
828,929,4415,1561,4415,380,274
828,929,4416,1561,4416,380,274
828,929,4417,1561,4417,380,274
828,929,4418,1561,4418,380,274
828,929,4419,1561,4419,380,274
829,929,4420,1561,4420,380,274
829,929,4421,1561,4421,380,274
829,929,4422,1561,4422,380,274
829,929,4423,1561,4423,380,274
829,929,4424,1561,4424,380,274
829,929,4425,1561,4425,380,274
829,929,4426,1561,4426,380,274
829,929,4427,1561,4427,380,274
829,929,4428,1561,4428,380,274
829,929,4429,1561,4429,380,274
829,929,4430,1561,4430,380,274
829,929,4431,1561,4431,380,274
829,929,4432,1561,4432,380,274
829,929,4433,1561,4433,380,274
829,929,4434,1561,4434,380,274
829,929,4435,1561,4435,380,274
829,929,4436,1561,4436,380,274
829,929,4437,1561,4437,380,274
829,929,4438,1561,4438,380,274
829,929,4439,1561,4439,380,274
829,929,4440,1561,4440,380,274
829,929,4441,1561,4441,380,274
829,929,4442,1561,4442,380,274
829,929,4443,1561,4443,380,274
829,929,4444,1561,4444,380,274
829,929,4445,1561,4445,380,274
829,929,4446,1561,4446,380,274
829,929,4447,1561,4447,380,274
829,929,4448,1561,4448,380,274
829,929,4449,1561,4449,380,274
829,929,4450,1561,4450,380,274
829,929,4451,1561,4451,380,274
829,929,4452,1561,4452,380,274
829,929,4453,1561,4453,380,274
829,929,4454,1561,4454,380,274
829,929,4455,1561,4455,380,274
829,929,4456,1561,4456,380,274
829,929,4457,1561,4457,380,274
829,929,4458,1561,4458,380,274
829,929,4459,1561,4459,380,274
829,929,4460,1561,4460,380,274
829,929,4461,1561,4461,380,274
829,929,4462,1561,4462,380,274
829,929,4463,1561,4463,380,274
829,929,4464,1561,4464,380,274
829,929,4465,1561,4465,380,274
829,929,4466,1561,4466,380,274
829,929,4467,1561,4467,380,274
829,929,4468,1561,4468,380,274
829,929,4469,1561,4469,380,274
829,929,4470,1561,4470,380,274
829,929,4471,1561,4471,380,274
829,929,4472,1561,4472,380,274
829,929,4473,1561,4473,380,274
829,929,4474,1561,4474,380,274
829,929,4475,1561,4475,380,274
829,929,4476,1561,4476,380,274
829,929,4477,1561,4477,380,274
829,929,4478,1561,4478,380,274
829,929,4479,1561,4479,380,274
829,929,4480,1561,4480,380,274
829,929,4481,1561,4481,380,274
829,929,4482,1561,4482,380,274
829,929,4483,1561,4483,380,274
829,929,4484,1561,4484,380,274
829,929,4485,1561,4485,380,274
829,929,4486,1561,4486,380,274
829,929,4487,1561,4487,380,274
829,929,4488,1561,4488,380,274
829,929,4489,1561,4489,380,274
829,929,4490,1561,4490,380,274
829,929,4491,1561,4491,380,274
829,929,4492,1561,4492,380,274
829,929,4493,1561,4493,380,274
829,929,4494,1561,4494,380,274
829,929,4495,1561,4495,380,274
829,929,4496,1561,4496,380,274
829,929,4497,1561,4497,380,274
829,929,4498,1561,4498,380,274
829,929,4499,1561,4499,380,274
829,929,4500,1561,4500,380,274
829,929,4501,1561,4501,380,274
829,929,4502,1561,4502,380,274
829,929,4503,1561,4503,380,274
829,929,4504,1561,4504,380,274
829,929,4505,1561,4505,380,274
829,929,4506,1561,4506,380,274
829,929,4507,1561,4507,380,274
829,929,4508,1561,4508,380,274
829,929,4509,1561,4509,380,274
829,929,4510,1561,4510,380,274
829,929,4511,1561,4511,380,274
829,929,4512,1561,4512,380,274
829,929,4513,1561,4513,380,274
829,929,4514,1561,4514,380,274
829,929,4515,1561,4515,380,274
829,929,4516,1561,4516,380,274
829,929,4517,1561,4517,380,274
829,929,4518,1561,4518,380,274
829,929,4519,1561,4519,380,274
829,929,4520,1561,4520,380,274
829,929,4521,1561,4521,380,274
829,929,4522,1561,4522,380,274
829,929,4523,1561,4523,380,274
829,929,4524,1561,4524,380,274
829,929,4525,1561,4525,380,274
829,929,4526,1561,4526,380,274
829,929,4527,1561,4527,380,274
829,929,4528,1561,4528,380,274
829,929,4529,1561,4529,380,274
829,929,4530,1561,4530,380,274
829,929,4531,1561,4531,380,274
829,929,4532,1561,4532,380,274
829,929,4533,1561,4533,380,274
830,929,4534,1561,4534,380,274
830,929,4535,1561,4535,380,274
830,929,4536,1561,4536,380,274
830,929,4537,1561,4537,380,274
830,929,4538,1561,4538,380,274
830,929,4539,1561,4539,380,274
830,929,4540,1561,4540,380,274
830,929,4541,1561,4541,380,274
830,929,4542,1561,4542,380,274
830,929,4543,1561,4543,380,274
830,929,4544,1561,4544,380,274
830,929,4545,1561,4545,380,274
830,929,4546,1561,4546,380,274
830,929,4547,1561,4547,380,274
830,929,4548,1561,4548,380,274
830,929,4549,1561,4549,380,274
830,929,4550,1561,4550,380,274
830,929,4551,1561,4551,380,274
830,929,4552,1561,4552,380,274
830,929,4553,1561,4553,380,274
830,929,4554,1561,4554,380,274
830,929,4555,1561,4555,380,274
830,929,4556,1561,4556,380,274
830,929,4557,1561,4557,380,274
830,929,4558,1561,4558,380,274
830,929,4559,1561,4559,380,274
830,929,4560,1561,4560,380,274
830,929,4561,1561,4561,380,274
830,929,4562,1561,4562,380,274
830,929,4563,1561,4563,380,274
830,929,4564,1561,4564,380,274
830,929,4565,1561,4565,380,274
830,929,4566,1561,4566,380,274
830,929,4567,1561,4567,380,274
830,929,4568,1561,4568,380,274
830,929,4569,1561,4569,380,274
830,929,4570,1561,4570,380,274
830,929,4571,1561,4571,380,274
830,929,4572,1561,4572,380,274
830,929,4573,1561,4573,380,274
830,929,4574,1561,4574,380,274
830,929,4575,1561,4575,380,274
830,929,4576,1561,4576,380,274
830,929,4577,1561,4577,380,274
830,929,4578,1561,4578,380,274
830,929,4579,1561,4579,380,274
830,929,4580,1561,4580,380,274
830,929,4581,1561,4581,380,274
830,929,4582,1561,4582,380,274
830,929,4583,1561,4583,380,274
830,929,4584,1561,4584,380,274
830,929,4585,1561,4585,380,274
830,929,4586,1561,4586,380,274
830,929,4587,1561,4587,380,274
830,929,4588,1561,4588,380,274
830,929,4589,1561,4589,380,274
830,929,4590,1561,4590,380,274
830,929,4591,1561,4591,380,274
830,929,4592,1561,4592,380,274
830,929,4593,1561,4593,380,274
829,929,4594,1561,4594,380,274
829,929,4595,1561,4595,380,274
829,929,4596,1561,4596,380,274
829,929,4597,1561,4597,380,274
829,929,4598,1561,4598,380,274
829,929,4599,1561,4599,380,274
828,929,4600,1561,4600,380,274
828,929,4601,1561,4601,380,274
828,929,4602,1561,4602,380,274
828,929,4603,1561,4603,380,274
829,929,4604,1561,4604,380,274
829,929,4605,1561,4605,380,274
829,929,4606,1561,4606,380,274
829,929,4607,1561,4607,380,274
829,929,4608,1561,4608,380,274
829,929,4609,1561,4609,380,274
829,929,4610,1561,4610,380,274
829,929,4611,1561,4611,380,274
829,929,4612,1561,4612,380,274
829,929,4613,1561,4613,380,274
829,929,4614,1561,4614,380,274
829,929,4615,1561,4615,380,274
828,929,4616,1561,4616,380,274
828,929,4617,1561,4617,380,274
828,929,4618,1561,4618,380,274
828,929,4619,1561,4619,380,274
828,929,4620,1561,4620,380,274
829,929,4621,1561,4621,380,274
829,929,4622,1561,4622,380,274
829,929,4623,1561,4623,380,274
829,929,4624,1561,4624,380,274
829,929,4625,1561,4625,380,274
829,929,4626,1561,4626,380,274
829,929,4627,1561,4627,380,274
829,929,4628,1561,4628,380,274
829,929,4629,1561,4629,380,274
829,929,4630,1561,4630,380,274
829,929,4631,1561,4631,380,274
829,929,4632,1561,4632,380,274
829,929,4633,1561,4633,380,274
829,929,4634,1561,4634,380,274
829,929,4635,1561,4635,380,274
829,929,4636,1561,4636,380,274
829,929,4637,1561,4637,380,274
829,929,4638,1561,4638,380,274
829,929,4639,1561,4639,380,274
829,929,4640,1561,4640,380,274
829,929,4641,1561,4641,380,274
829,929,4642,1561,4642,380,274
829,929,4643,1561,4643,380,274
829,929,4644,1561,4644,380,274
829,929,4645,1561,4645,380,274
829,929,4646,1561,4646,380,274
828,929,4647,1561,4647,380,274
828,929,4648,1561,4648,380,274
828,929,4649,1561,4649,380,274
828,929,4650,1561,4650,380,274
828,929,4651,1561,4651,380,274
828,929,4652,1561,4652,380,274
828,929,4653,1561,4653,380,274
828,929,4654,1561,4654,380,274
828,929,4655,1561,4655,380,274
828,929,4656,1561,4656,380,274
828,929,4657,1561,4657,380,274
828,929,4658,1561,4658,380,274
828,929,4659,1561,4659,380,274
828,929,4660,1561,4660,380,274
828,929,4661,1561,4661,380,274
828,929,4662,1561,4662,380,274
828,929,4663,1561,4663,380,274
828,929,4664,1561,4664,380,274
828,929,4665,1561,4665,380,274
828,929,4666,1561,4666,380,274
828,929,4667,1561,4667,380,274
828,929,4668,1561,4668,380,274
827,929,4669,1561,4669,380,274
827,929,4670,1561,4670,380,274
827,929,4671,1561,4671,380,274
827,929,4672,1561,4672,380,274
826,929,4673,1561,4673,380,274
826,929,4674,1561,4674,380,274
826,929,4675,1561,4675,380,274
826,929,4676,1561,4676,380,274
826,929,4677,1561,4677,380,274
826,929,4678,1561,4678,380,274
826,929,4679,1561,4679,380,274
826,929,4680,1561,4680,380,274
826,929,4681,1561,4681,380,274
826,929,4682,1561,4682,380,274
826,929,4683,1561,4683,380,274
826,929,4684,1561,4684,380,274
826,929,4685,1561,4685,380,274
826,929,4686,1561,4686,380,274
826,929,4687,1561,4687,380,274
826,929,4688,1561,4688,380,274
826,929,4689,1561,4689,380,274
826,929,4690,1561,4690,380,274
826,929,4691,1561,4691,380,274
826,929,4692,1561,4692,380,274
826,929,4693,1561,4693,380,274
826,929,4694,1561,4694,380,274
826,929,4695,1561,4695,380,274
826,929,4696,1561,4696,380,274
826,929,4697,1561,4697,380,274
825,929,4698,1561,4698,380,274
825,929,4699,1561,4699,380,274
825,929,4700,1561,4700,380,274
825,929,4701,1561,4701,380,274
825,929,4702,1561,4702,380,274
825,929,4703,1561,4703,380,274
825,929,4704,1561,4704,380,274
825,929,4705,1561,4705,380,274
825,929,4706,1561,4706,380,274
825,929,4707,1561,4707,380,274
825,929,4708,1561,4708,380,274
825,929,4709,1561,4709,380,274
825,929,4710,1561,4710,380,274
825,929,4711,1561,4711,380,274
825,929,4712,1561,4712,380,274
825,929,4713,1561,4713,380,274
825,929,4714,1561,4714,380,274
825,929,4715,1561,4715,380,274
825,929,4716,1561,4716,380,274
825,929,4717,1561,4717,380,274
825,929,4718,1561,4718,380,274
825,929,4719,1561,4719,380,274
825,929,4720,1561,4720,380,274
825,929,4721,1561,4721,380,274
825,929,4722,1561,4722,380,274
825,929,4723,1561,4723,380,274
825,929,4724,1561,4724,380,274
825,929,4725,1561,4725,380,274
825,929,4726,1561,4726,380,274
825,929,4727,1561,4727,380,274
825,929,4728,1561,4728,380,274
825,929,4729,1561,4729,380,274
825,929,4730,1561,4730,380,274
825,929,4731,1561,4731,380,274
825,929,4732,1561,4732,380,274
825,929,4733,1561,4733,380,274
825,929,4734,1561,4734,380,274
825,929,4735,1561,4735,380,274
825,929,4736,1561,4736,380,274
825,929,4737,1561,4737,380,274
825,929,4738,1561,4738,380,274
825,929,4739,1561,4739,380,274
825,929,4740,1561,4740,380,274
825,929,4741,1561,4741,380,274
825,929,4742,1561,4742,380,274
825,929,4743,1561,4743,380,274
825,929,4744,1561,4744,380,274
825,929,4745,1561,4745,380,274
825,929,4746,1561,4746,380,274
825,929,4747,1561,4747,380,274
825,929,4748,1561,4748,380,274
825,929,4749,1561,4749,380,274
825,929,4750,1561,4750,380,274
825,929,4751,1561,4751,380,274
825,929,4752,1561,4752,380,274
825,929,4753,1561,4753,380,274
825,929,4754,1561,4754,380,274
825,929,4755,1561,4755,380,274
825,929,4756,1561,4756,380,274
825,929,4757,1561,4757,380,274
825,929,4758,1561,4758,380,274
825,929,4759,1561,4759,380,274
825,929,4760,1561,4760,380,274
825,929,4761,1561,4761,380,274
825,929,4762,1561,4762,380,274
825,929,4763,1561,4763,380,274
825,929,4764,1561,4764,380,274
825,929,4765,1561,4765,380,274
825,929,4766,1561,4766,380,274
825,929,4767,1561,4767,380,274
825,929,4768,1561,4768,380,274
825,929,4769,1561,4769,380,274
825,929,4770,1561,4770,380,274
825,929,4771,1561,4771,380,274
825,929,4772,1561,4772,380,274
825,929,4773,1561,4773,380,274
825,929,4774,1561,4774,380,274
825,929,4775,1561,4775,380,274
825,929,4776,1561,4776,380,274
825,929,4777,1561,4777,380,274
825,929,4778,1561,4778,380,274
825,929,4779,1561,4779,380,274
825,929,4780,1561,4780,380,274
825,929,4781,1561,4781,380,274
825,929,4782,1561,4782,380,274
825,929,4783,1561,4783,380,274
825,929,4784,1561,4784,380,274
824,929,4785,1561,4785,380,274
824,929,4786,1561,4786,380,274
824,929,4787,1561,4787,380,274
824,929,4788,1561,4788,380,274
824,929,4789,1561,4789,380,274
824,929,4790,1561,4790,380,274
824,929,4791,1561,4791,380,274
824,929,4792,1561,4792,380,274
824,929,4793,1561,4793,380,274
824,929,4794,1561,4794,380,274
824,929,4795,1561,4795,380,274
824,929,4796,1561,4796,380,274
824,929,4797,1561,4797,380,274
824,929,4798,1561,4798,380,274
824,929,4799,1561,4799,380,274
824,929,4800,1561,4800,380,274
824,929,4801,1561,4801,380,274
824,929,4802,1561,4802,380,274
824,929,4803,1561,4803,380,274
824,929,4804,1561,4804,380,274
824,929,4805,1561,4805,380,274
824,929,4806,1561,4806,380,274
824,929,4807,1561,4807,380,274
824,929,4808,1561,4808,380,274
824,929,4809,1561,4809,380,274
824,929,4810,1561,4810,380,274
824,929,4811,1561,4811,380,274
824,929,4812,1561,4812,380,274
824,929,4813,1561,4813,380,274
824,929,4814,1561,4814,380,274
824,929,4815,1561,4815,380,274
824,929,4816,1561,4816,380,274
824,929,4817,1561,4817,380,274
824,929,4818,1561,4818,380,274
824,929,4819,1561,4819,380,274
824,929,4820,1561,4820,380,274
824,929,4821,1561,4821,380,274
824,929,4822,1561,4822,380,274
823,929,4823,1561,4823,380,274
823,929,4824,1561,4824,380,274
823,929,4825,1561,4825,380,274
823,929,4826,1561,4826,380,274
823,929,4827,1561,4827,380,274
824,929,4828,1561,4828,380,274
824,929,4829,1561,4829,380,274
824,929,4830,1561,4830,380,274
824,929,4831,1561,4831,380,274
824,929,4832,1561,4832,380,274
824,929,4833,1561,4833,380,274
824,929,4834,1561,4834,380,274
824,929,4835,1561,4835,380,274
824,929,4836,1561,4836,380,274
824,929,4837,1561,4837,380,274
824,929,4838,1561,4838,380,274
824,929,4839,1561,4839,380,274
824,929,4840,1561,4840,380,274
824,929,4841,1561,4841,380,274
824,929,4842,1561,4842,380,274
824,929,4843,1561,4843,380,274
824,929,4844,1561,4844,380,274
823,929,4845,1561,4845,380,274
823,929,4846,1561,4846,380,274
823,929,4847,1561,4847,380,274
823,929,4848,1561,4848,380,274
823,929,4849,1561,4849,380,274
823,929,4850,1561,4850,380,274
823,929,4851,1561,4851,380,274
823,929,4852,1561,4852,380,274
823,929,4853,1561,4853,380,274
823,929,4854,1561,4854,380,274
823,929,4855,1561,4855,380,274
823,929,4856,1561,4856,380,274
824,929,4857,1561,4857,380,274
824,929,4858,1561,4858,380,274
824,929,4859,1561,4859,380,274
824,929,4860,1561,4860,380,274
824,929,4861,1561,4861,380,274
824,929,4862,1561,4862,380,274
824,929,4863,1561,4863,380,274
823,929,4864,1561,4864,380,274
823,929,4865,1561,4865,380,274
823,929,4866,1561,4866,380,274
823,929,4867,1561,4867,380,274
823,929,4868,1561,4868,380,274
823,929,4869,1561,4869,380,274
823,929,4870,1561,4870,380,274
822,929,4871,1561,4871,380,274
822,929,4872,1561,4872,380,274
822,929,4873,1561,4873,380,274
822,929,4874,1561,4874,380,274
822,929,4875,1561,4875,380,274
822,929,4876,1561,4876,380,274
822,929,4877,1561,4877,380,274
822,929,4878,1561,4878,380,274
822,929,4879,1561,4879,380,274
822,929,4880,1561,4880,380,274
822,929,4881,1561,4881,380,274
822,929,4882,1561,4882,380,274
822,929,4883,1561,4883,380,274
822,929,4884,1561,4884,380,274
822,929,4885,1561,4885,380,274
822,929,4886,1561,4886,380,274
822,929,4887,1561,4887,380,274
822,929,4888,1561,4888,380,274
821,929,4889,1561,4889,380,274
821,929,4890,1561,4890,380,274
821,929,4891,1561,4891,380,274
821,929,4892,1561,4892,380,274
821,929,4893,1561,4893,380,274
821,929,4894,1561,4894,380,274
821,929,4895,1561,4895,380,274
821,929,4896,1561,4896,380,274
821,929,4897,1561,4897,380,274
821,929,4898,1561,4898,380,274
821,929,4899,1561,4899,380,274
821,929,4900,1561,4900,380,274
821,929,4901,1561,4901,380,274
821,929,4902,1561,4902,380,274
821,929,4903,1561,4903,380,274
821,929,4904,1561,4904,380,274
821,929,4905,1561,4905,380,274
821,929,4906,1561,4906,380,274
821,929,4907,1561,4907,380,274
821,929,4908,1561,4908,380,274
821,929,4909,1561,4909,380,274
821,929,4910,1561,4910,380,274
821,929,4911,1561,4911,380,274
821,929,4912,1561,4912,380,274
821,929,4913,1561,4913,380,274
821,929,4914,1561,4914,380,274
821,929,4915,1561,4915,380,274
821,929,4916,1561,4916,380,274
821,929,4917,1561,4917,380,274
820,929,4918,1561,4918,380,273
820,929,4919,1561,4919,380,273
820,929,4920,1561,4920,380,273
820,929,4921,1561,4921,380,273
820,929,4922,1561,4922,380,273
819,929,4923,1561,4923,380,273
819,929,4924,1561,4924,380,273
819,929,4925,1561,4925,380,273
819,929,4926,1561,4926,380,273
819,929,4927,1561,4927,380,273
819,929,4928,1561,4928,380,273
819,929,4929,1561,4929,380,273
819,929,4930,1561,4930,380,273
819,929,4931,1561,4931,380,273
819,929,4932,1561,4932,380,273
819,929,4933,1561,4933,380,273
819,929,4934,1561,4934,380,273
819,929,4935,1561,4935,380,273
819,929,4936,1561,4936,380,273
819,929,4937,1561,4937,380,273
819,929,4938,1561,4938,380,273
819,929,4939,1561,4939,380,273
819,929,4940,1561,4940,380,273
819,929,4941,1561,4941,380,273
819,929,4942,1561,4942,380,273
819,929,4943,1561,4943,380,273
819,929,4944,1561,4944,380,273
819,929,4945,1561,4945,380,273
819,929,4946,1561,4946,380,273
819,929,4947,1561,4947,380,273
819,929,4948,1561,4948,380,273
819,929,4949,1561,4949,380,273
819,929,4950,1561,4950,380,273
819,929,4951,1561,4951,380,273
819,929,4952,1561,4952,380,273
819,929,4953,1561,4953,380,273
819,929,4954,1561,4954,380,273
820,929,4955,1561,4955,380,273
820,929,4956,1561,4956,380,273
820,929,4957,1561,4957,380,273
820,929,4958,1561,4958,380,273
820,929,4959,1561,4959,380,273
820,929,4960,1561,4960,380,273
820,929,4961,1561,4961,380,273
820,929,4962,1561,4962,380,273
820,929,4963,1561,4963,380,273
820,929,4964,1561,4964,380,273
820,929,4965,1561,4965,380,273
820,929,4966,1561,4966,380,273
820,929,4967,1561,4967,380,273
820,929,4968,1561,4968,380,273
820,929,4969,1561,4969,380,273
820,929,4970,1561,4970,380,273
820,929,4971,1561,4971,380,273
820,929,4972,1561,4972,380,273
820,929,4973,1561,4973,380,273
820,929,4974,1561,4974,380,273
820,929,4975,1561,4975,380,273
820,929,4976,1561,4976,380,273
820,929,4977,1561,4977,380,273
820,929,4978,1561,4978,380,273
820,929,4979,1561,4979,380,273
820,929,4980,1561,4980,380,273
820,929,4981,1561,4981,380,273
820,929,4982,1561,4982,380,273
819,929,4983,1561,4983,380,273
819,929,4984,1561,4984,380,273
820,929,4985,1561,4985,380,273
820,929,4986,1561,4986,380,273
820,929,4987,1561,4987,380,273
820,929,4988,1561,4988,380,273
820,929,4989,1561,4989,380,273
820,929,4990,1561,4990,380,273
820,929,4991,1561,4991,380,273
820,929,4992,1561,4992,380,273
820,929,4993,1561,4993,380,273
820,929,4994,1561,4994,380,273
820,929,4995,1561,4995,380,273
820,929,4996,1561,4996,380,273
820,929,4997,1561,4997,380,273
820,929,4998,1561,4998,380,273
820,929,4999,1561,4999,380,273
820,929,5000,1561,5000,380,273
820,929,5001,1561,5001,380,273
820,929,5002,1561,5002,380,273
820,929,5003,1561,5003,380,273
820,929,5004,1561,5004,380,273
820,929,5005,1561,5005,380,273
820,929,5006,1561,5006,380,273
820,929,5007,1561,5007,380,273
820,929,5008,1561,5008,380,273
820,929,5009,1561,5009,380,273
820,929,5010,1561,5010,380,273
820,929,5011,1561,5011,380,273
820,929,5012,1561,5012,380,273
820,929,5013,1561,5013,380,273
820,929,5014,1561,5014,380,273
820,929,5015,1561,5015,380,273
820,929,5016,1561,5016,380,273
820,929,5017,1561,5017,380,273
820,929,5018,1561,5018,380,273
820,929,5019,1561,5019,380,273
820,929,5020,1561,5020,380,273
820,929,5021,1561,5021,380,273
820,929,5022,1561,5022,380,273
821,929,5023,1561,5023,380,273
821,929,5024,1561,5024,380,273
821,929,5025,1561,5025,380,273
821,929,5026,1561,5026,380,273
821,929,5027,1561,5027,380,273
821,929,5028,1561,5028,380,273
821,929,5029,1561,5029,380,273
821,929,5030,1561,5030,380,273
821,929,5031,1561,5031,380,273
821,929,5032,1561,5032,380,273
821,929,5033,1561,5033,380,273
822,929,5034,1561,5034,380,273
822,929,5035,1561,5035,380,273
822,929,5036,1561,5036,380,273
822,929,5037,1561,5037,380,273
822,929,5038,1561,5038,380,273
822,929,5039,1561,5039,380,273
822,929,5040,1561,5040,380,273
822,929,5041,1561,5041,380,273
822,929,5042,1561,5042,380,273
822,929,5043,1561,5043,380,273
822,929,5044,1561,5044,380,273
822,929,5045,1561,5045,380,273
822,929,5046,1561,5046,380,273
822,929,5047,1561,5047,380,273
822,929,5048,1561,5048,380,273
822,929,5049,1561,5049,380,273
822,929,5050,1561,5050,380,273
822,929,5051,1561,5051,380,273
822,929,5052,1561,5052,380,273
822,929,5053,1561,5053,380,273
822,929,5054,1561,5054,380,273
822,929,5055,1561,5055,380,273
822,929,5056,1561,5056,380,273
822,929,5057,1561,5057,380,273
822,929,5058,1561,5058,380,273
822,929,5059,1561,5059,380,273
822,929,5060,1561,5060,380,273
822,929,5061,1561,5061,380,273
822,929,5062,1561,5062,380,273
822,929,5063,1561,5063,380,273
822,929,5064,1561,5064,380,273
822,929,5065,1561,5065,380,273
822,929,5066,1561,5066,380,273
822,929,5067,1561,5067,380,273
822,929,5068,1561,5068,380,273
822,929,5069,1561,5069,380,273
823,929,5070,1561,5070,380,273
823,929,5071,1561,5071,380,273
823,929,5072,1561,5072,380,273
823,929,5073,1561,5073,380,273
823,929,5074,1561,5074,380,273
823,929,5075,1561,5075,380,273
823,929,5076,1561,5076,380,273
823,929,5077,1561,5077,380,273
823,929,5078,1561,5078,380,273
823,929,5079,1561,5079,380,273
823,929,5080,1561,5080,380,273
823,929,5081,1561,5081,380,273
823,929,5082,1561,5082,380,273
823,929,5083,1561,5083,380,273
823,929,5084,1561,5084,380,273
823,929,5085,1561,5085,380,273
823,929,5086,1561,5086,380,273
823,929,5087,1561,5087,380,273
823,929,5088,1561,5088,380,273
823,929,5089,1561,5089,380,273
823,929,5090,1561,5090,380,273
823,929,5091,1561,5091,380,273
823,929,5092,1561,5092,380,273
823,929,5093,1561,5093,380,273
823,929,5094,1561,5094,380,273
823,929,5095,1561,5095,380,273
823,929,5096,1561,5096,380,273
823,929,5097,1561,5097,380,273
823,929,5098,1561,5098,380,273
823,929,5099,1561,5099,380,273
823,929,5100,1561,5100,380,273
823,929,5101,1561,5101,380,273
823,929,5102,1561,5102,380,273
823,929,5103,1561,5103,380,273
823,929,5104,1561,5104,380,273
823,929,5105,1561,5105,380,273
823,929,5106,1561,5106,380,273
823,929,5107,1561,5107,380,273
823,929,5108,1561,5108,380,273
823,929,5109,1561,5109,380,273
823,929,5110,1561,5110,380,273
823,929,5111,1561,5111,380,273
823,929,5112,1561,5112,380,273
823,929,5113,1561,5113,380,273
823,929,5114,1561,5114,380,273
823,929,5115,1561,5115,380,273
823,929,5116,1561,5116,380,273
823,929,5117,1561,5117,380,273
823,929,5118,1561,5118,380,273
823,929,5119,1561,5119,380,273
823,929,5120,1561,5120,380,273
823,929,5121,1561,5121,380,273
823,929,5122,1561,5122,380,273
822,929,5123,1561,5123,380,273
822,929,5124,1561,5124,380,273
822,929,5125,1561,5125,380,273
822,929,5126,1561,5126,380,273
822,929,5127,1561,5127,380,273
822,929,5128,1561,5128,380,273
821,929,5129,1561,5129,380,272
821,929,5130,1561,5130,380,272
821,929,5131,1561,5131,380,272
821,929,5132,1561,5132,380,272
821,929,5133,1561,5133,380,272
821,929,5134,1561,5134,380,272
821,929,5135,1561,5135,380,272
821,929,5136,1561,5136,380,272
821,929,5137,1561,5137,380,272
821,929,5138,1561,5138,380,272
821,929,5139,1561,5139,380,272
821,929,5140,1561,5140,380,272
821,929,5141,1561,5141,380,272
821,929,5142,1561,5142,380,272
821,929,5143,1561,5143,380,272
821,929,5144,1561,5144,380,272
821,929,5145,1561,5145,380,272
821,929,5146,1561,5146,380,272
821,929,5147,1561,5147,380,272
821,929,5148,1561,5148,380,272
821,929,5149,1561,5149,380,272
821,929,5150,1561,5150,380,272
821,929,5151,1561,5151,380,272
821,929,5152,1561,5152,380,272
821,929,5153,1561,5153,380,272
821,929,5154,1561,5154,380,272
821,929,5155,1561,5155,380,272
821,929,5156,1561,5156,380,272
821,929,5157,1561,5157,380,272
821,929,5158,1561,5158,380,272
821,929,5159,1561,5159,380,272
821,929,5160,1561,5160,380,272
821,929,5161,1561,5161,380,272
821,929,5162,1561,5162,380,272
821,929,5163,1561,5163,380,272
821,929,5164,1561,5164,380,272
821,929,5165,1561,5165,380,272
821,929,5166,1561,5166,380,272
821,929,5167,1561,5167,380,272
821,929,5168,1561,5168,380,272
821,929,5169,1561,5169,380,272
821,929,5170,1561,5170,380,272
821,929,5171,1561,5171,380,272
821,929,5172,1561,5172,380,272
821,929,5173,1561,5173,380,272
821,929,5174,1561,5174,380,272
821,929,5175,1561,5175,380,272
821,929,5176,1561,5176,380,272
821,929,5177,1561,5177,380,272
821,929,5178,1561,5178,380,272
821,929,5179,1561,5179,380,272
821,929,5180,1561,5180,380,272
821,929,5181,1561,5181,380,272
821,929,5182,1561,5182,380,272
821,929,5183,1561,5183,380,272
821,929,5184,1561,5184,380,272
821,929,5185,1561,5185,380,272
821,929,5186,1561,5186,380,272
821,929,5187,1561,5187,380,272
821,929,5188,1561,5188,380,272
821,929,5189,1561,5189,380,272
821,929,5190,1561,5190,380,272
821,929,5191,1561,5191,380,272
821,929,5192,1561,5192,380,272
821,929,5193,1561,5193,380,272
821,929,5194,1561,5194,380,272
821,929,5195,1561,5195,380,272
821,929,5196,1561,5196,380,272
821,929,5197,1561,5197,380,272
821,929,5198,1561,5198,380,272
821,929,5199,1561,5199,380,272
821,929,5200,1561,5200,380,272
821,929,5201,1561,5201,380,272
821,929,5202,1561,5202,380,272
821,929,5203,1561,5203,380,272
821,929,5204,1561,5204,380,272
821,929,5205,1561,5205,380,272
821,929,5206,1561,5206,380,272
821,929,5207,1561,5207,380,272
821,929,5208,1561,5208,380,272
821,929,5209,1561,5209,380,272
821,929,5210,1561,5210,380,272
821,929,5211,1561,5211,380,272
821,929,5212,1561,5212,380,272
821,929,5213,1561,5213,380,272
821,929,5214,1561,5214,380,272
821,929,5215,1561,5215,380,272
821,929,5216,1561,5216,380,272
821,929,5217,1561,5217,380,272
821,929,5218,1561,5218,380,272
821,929,5219,1561,5219,380,272
821,929,5220,1561,5220,380,272
821,929,5221,1561,5221,380,272
821,929,5222,1561,5222,380,272
821,929,5223,1561,5223,380,272
821,929,5224,1561,5224,380,272
821,929,5225,1561,5225,380,272
821,929,5226,1561,5226,380,272
821,929,5227,1561,5227,380,272
821,929,5228,1561,5228,380,272
821,929,5229,1561,5229,380,272
821,929,5230,1561,5230,380,272
821,929,5231,1561,5231,380,272
821,929,5232,1561,5232,380,272
821,929,5233,1561,5233,380,272
821,929,5234,1561,5234,380,272
821,929,5235,1561,5235,380,272
821,929,5236,1561,5236,380,272
821,929,5237,1561,5237,380,272
821,929,5238,1561,5238,380,272
821,929,5239,1561,5239,380,272
821,929,5240,1561,5240,380,272
821,929,5241,1561,5241,380,272
821,929,5242,1561,5242,380,272
821,929,5243,1561,5243,380,272
821,929,5244,1561,5244,380,272
821,929,5245,1561,5245,380,272
821,929,5246,1561,5246,380,272
821,929,5247,1561,5247,380,272
821,929,5248,1561,5248,380,272
821,929,5249,1561,5249,380,272
821,929,5250,1561,5250,380,272
821,929,5251,1561,5251,380,272
821,929,5252,1561,5252,380,272
821,929,5253,1561,5253,380,272
821,929,5254,1561,5254,380,272
821,929,5255,1561,5255,380,272
821,929,5256,1561,5256,380,272
821,929,5257,1561,5257,380,272
821,929,5258,1561,5258,380,272
821,929,5259,1561,5259,380,272
821,929,5260,1561,5260,380,272
821,929,5261,1561,5261,380,272
821,929,5262,1561,5262,380,272
821,929,5263,1561,5263,380,272
821,929,5264,1561,5264,380,272
821,929,5265,1561,5265,380,272
821,929,5266,1561,5266,380,272
821,929,5267,1561,5267,380,272
820,929,5268,1561,5268,380,271
820,929,5269,1561,5269,380,271
820,929,5270,1561,5270,380,271
820,929,5271,1561,5271,380,271
820,929,5272,1561,5272,380,271
820,929,5273,1561,5273,380,271
820,929,5274,1561,5274,380,271
820,929,5275,1561,5275,380,271
820,929,5276,1561,5276,380,271
820,929,5277,1561,5277,380,271
820,929,5278,1561,5278,380,271
820,929,5279,1561,5279,380,271
820,929,5280,1561,5280,380,271
821,929,5281,1561,5281,380,271
821,929,5282,1561,5282,380,271
821,929,5283,1561,5283,380,271
821,929,5284,1561,5284,380,271
821,929,5285,1561,5285,380,271
821,929,5286,1561,5286,380,271
821,929,5287,1561,5287,380,271
821,929,5288,1561,5288,380,271
821,929,5289,1561,5289,380,271
821,929,5290,1561,5290,380,271
821,929,5291,1561,5291,380,271
821,929,5292,1561,5292,380,271
821,929,5293,1561,5293,380,271
821,929,5294,1561,5294,380,271
821,929,5295,1561,5295,380,271
821,929,5296,1561,5296,380,271
821,929,5297,1561,5297,380,271
821,929,5298,1561,5298,380,271
821,929,5299,1561,5299,380,271
821,929,5300,1561,5300,380,271
821,929,5301,1561,5301,380,271
821,929,5302,1561,5302,380,271
821,929,5303,1561,5303,380,271
821,929,5304,1561,5304,380,271
821,929,5305,1561,5305,380,271
821,929,5306,1561,5306,380,271
821,929,5307,1561,5307,380,271
821,929,5308,1561,5308,380,271
821,929,5309,1561,5309,380,271
821,929,5310,1561,5310,380,271
821,929,5311,1561,5311,380,271
821,929,5312,1561,5312,380,271
821,929,5313,1561,5313,380,271
821,929,5314,1561,5314,380,271
821,929,5315,1561,5315,380,271
821,929,5316,1561,5316,380,271
821,929,5317,1561,5317,380,271
821,929,5318,1561,5318,380,271
821,929,5319,1561,5319,380,271
821,929,5320,1561,5320,380,271
821,929,5321,1561,5321,380,271
821,929,5322,1561,5322,380,271
821,929,5323,1561,5323,380,271
821,929,5324,1561,5324,380,271
821,929,5325,1561,5325,380,271
821,929,5326,1561,5326,380,271
821,929,5327,1561,5327,380,271
821,929,5328,1561,5328,380,271
821,929,5329,1561,5329,380,271
821,929,5330,1561,5330,380,271
821,929,5331,1561,5331,380,271
821,929,5332,1561,5332,380,271
821,929,5333,1561,5333,380,271
821,929,5334,1561,5334,380,271
821,929,5335,1561,5335,380,271
821,929,5336,1561,5336,380,271
821,929,5337,1561,5337,380,271
821,929,5338,1561,5338,380,271
821,929,5339,1561,5339,380,271
821,929,5340,1561,5340,380,271
821,929,5341,1561,5341,380,271
821,929,5342,1561,5342,380,271
821,929,5343,1561,5343,380,271
821,929,5344,1561,5344,380,271
821,929,5345,1561,5345,380,271
821,929,5346,1561,5346,380,271
821,929,5347,1561,5347,380,271
821,929,5348,1561,5348,380,271
821,929,5349,1561,5349,380,271
821,929,5350,1561,5350,380,271
822,929,5351,1561,5351,380,271
821,929,5352,1561,5352,380,271
821,929,5353,1561,5353,380,271
821,929,5354,1561,5354,380,271
821,929,5355,1561,5355,380,271
821,929,5356,1561,5356,380,271
821,929,5357,1561,5357,380,271
821,929,5358,1561,5358,380,271
821,929,5359,1561,5359,380,271
821,929,5360,1561,5360,380,271
821,929,5361,1561,5361,380,271
821,929,5362,1561,5362,380,271
821,929,5363,1561,5363,380,271
821,929,5364,1561,5364,380,271
821,929,5365,1561,5365,380,271
821,929,5366,1561,5366,380,271
821,929,5367,1561,5367,380,271
821,929,5368,1561,5368,380,271
821,929,5369,1561,5369,380,271
821,929,5370,1561,5370,380,271
821,929,5371,1561,5371,380,271
821,929,5372,1561,5372,380,271
821,929,5373,1561,5373,380,271
821,929,5374,1561,5374,380,271
821,929,5375,1561,5375,380,271
821,929,5376,1561,5376,380,271
821,929,5377,1561,5377,380,271
821,929,5378,1561,5378,380,271
821,929,5379,1561,5379,380,271
821,929,5380,1561,5380,380,271
821,929,5381,1561,5381,380,271
821,929,5382,1561,5382,380,271
821,929,5383,1561,5383,380,271
821,929,5384,1561,5384,380,271
821,929,5385,1561,5385,380,271
821,929,5386,1561,5386,380,271
821,929,5387,1561,5387,380,271
821,929,5388,1561,5388,380,271
821,929,5389,1561,5389,380,271
821,929,5390,1561,5390,380,271
821,929,5391,1561,5391,380,271
821,929,5392,1561,5392,380,271
821,929,5393,1561,5393,380,271
822,929,5394,1561,5394,380,271
822,929,5395,1561,5395,380,271
822,929,5396,1561,5396,380,271
822,929,5397,1561,5397,380,271
822,929,5398,1561,5398,380,271
822,929,5399,1561,5399,380,271
822,929,5400,1561,5400,380,271
822,929,5401,1561,5401,380,271
822,929,5402,1561,5402,380,271
822,929,5403,1561,5403,380,271
822,929,5404,1561,5404,380,271
822,929,5405,1561,5405,380,271
822,929,5406,1561,5406,380,271
820,929,5407,1561,5407,380,270
820,929,5408,1561,5408,380,270
820,929,5409,1561,5409,380,270
820,929,5410,1561,5410,380,270
820,929,5411,1561,5411,380,270
820,929,5412,1561,5412,380,270
820,929,5413,1561,5413,380,270
820,929,5414,1561,5414,380,270
820,929,5415,1561,5415,380,270
820,929,5416,1561,5416,380,270
820,929,5417,1561,5417,380,270
820,929,5418,1561,5418,380,270
820,929,5419,1561,5419,380,270
820,929,5420,1561,5420,380,270
820,929,5421,1561,5421,380,270
820,929,5422,1561,5422,380,270
820,929,5423,1561,5423,380,270
819,929,5424,1561,5424,380,270
819,929,5425,1561,5425,380,270
819,929,5426,1561,5426,380,270
819,929,5427,1561,5427,380,270
819,929,5428,1561,5428,380,270
819,929,5429,1561,5429,380,270
819,929,5430,1561,5430,380,270
819,929,5431,1561,5431,380,270
819,929,5432,1561,5432,380,270
819,929,5433,1561,5433,380,270
819,929,5434,1561,5434,380,270
819,929,5435,1561,5435,380,270
819,929,5436,1561,5436,380,270
819,929,5437,1561,5437,380,270
819,929,5438,1561,5438,380,270
819,929,5439,1561,5439,380,270
819,929,5440,1561,5440,380,270
819,929,5441,1561,5441,380,270
819,929,5442,1561,5442,380,270
819,929,5443,1561,5443,380,270
819,929,5444,1561,5444,380,270
819,929,5445,1561,5445,380,270
820,929,5446,1561,5446,380,270
820,929,5447,1561,5447,380,270
820,929,5448,1561,5448,380,270
820,929,5449,1561,5449,380,270
820,929,5450,1561,5450,380,270
820,929,5451,1561,5451,380,270
820,929,5452,1561,5452,380,270
820,929,5453,1561,5453,380,270
820,929,5454,1561,5454,380,270
820,929,5455,1561,5455,380,270
820,929,5456,1561,5456,380,270
820,929,5457,1561,5457,380,270
820,929,5458,1561,5458,380,270
820,929,5459,1561,5459,380,270
820,929,5460,1561,5460,380,270
820,929,5461,1561,5461,380,270
820,929,5462,1561,5462,380,270
820,929,5463,1561,5463,380,270
820,929,5464,1561,5464,380,270
820,929,5465,1561,5465,380,270
820,929,5466,1561,5466,380,270
820,929,5467,1561,5467,380,270
820,929,5468,1561,5468,380,270
820,929,5469,1561,5469,380,270
820,929,5470,1561,5470,380,270
821,929,5471,1561,5471,380,270
821,929,5472,1561,5472,380,270
821,929,5473,1561,5473,380,270
821,929,5474,1561,5474,380,270
821,929,5475,1561,5475,380,270
821,929,5476,1561,5476,380,270
821,929,5477,1561,5477,380,270
821,929,5478,1561,5478,380,270
821,929,5479,1561,5479,380,270
821,929,5480,1561,5480,380,270
821,929,5481,1561,5481,380,270
821,929,5482,1561,5482,380,270
821,929,5483,1561,5483,380,270
821,929,5484,1561,5484,380,270
821,929,5485,1561,5485,380,270
821,929,5486,1561,5486,380,270
821,929,5487,1561,5487,380,270
821,929,5488,1561,5488,380,270
821,929,5489,1561,5489,380,270
821,929,5490,1561,5490,380,270
821,929,5491,1561,5491,380,270
821,929,5492,1561,5492,380,270
821,929,5493,1561,5493,380,270
821,929,5494,1561,5494,380,270
821,929,5495,1561,5495,380,270
821,929,5496,1561,5496,380,270
821,929,5497,1561,5497,380,270
821,929,5498,1561,5498,380,270
821,929,5499,1561,5499,380,270
821,929,5500,1561,5500,380,270
821,929,5501,1561,5501,380,270
821,929,5502,1561,5502,380,270
821,929,5503,1561,5503,380,270
821,929,5504,1561,5504,380,270
821,929,5505,1561,5505,380,270
821,929,5506,1561,5506,380,270
821,929,5507,1561,5507,380,270
821,929,5508,1561,5508,380,270
820,929,5509,1561,5509,380,269
820,929,5510,1561,5510,380,269
820,929,5511,1561,5511,380,269
820,929,5512,1561,5512,380,269
820,929,5513,1561,5513,380,269
819,929,5514,1561,5514,380,269
819,929,5515,1561,5515,380,269
819,929,5516,1561,5516,380,269
819,929,5517,1561,5517,380,269
819,929,5518,1561,5518,380,269
819,929,5519,1561,5519,380,269
819,929,5520,1561,5520,380,269
819,929,5521,1561,5521,380,269
819,929,5522,1561,5522,380,269
819,929,5523,1561,5523,380,269
819,929,5524,1561,5524,380,269
819,929,5525,1561,5525,380,269
819,929,5526,1561,5526,380,269
819,929,5527,1561,5527,380,269
819,929,5528,1561,5528,380,269
819,929,5529,1561,5529,380,269
819,929,5530,1561,5530,380,269
819,929,5531,1561,5531,380,269
819,929,5532,1561,5532,380,269
819,929,5533,1561,5533,380,269
819,929,5534,1561,5534,380,269
819,929,5535,1561,5535,380,269
819,929,5536,1561,5536,380,269
819,929,5537,1561,5537,380,269
819,929,5538,1561,5538,380,269
819,929,5539,1561,5539,380,269
819,929,5540,1561,5540,380,269
819,929,5541,1561,5541,380,269
819,929,5542,1561,5542,380,269
819,929,5543,1561,5543,380,269
819,929,5544,1561,5544,380,269
819,929,5545,1561,5545,380,269
819,929,5546,1561,5546,380,269
819,929,5547,1561,5547,380,269
819,929,5548,1561,5548,380,269
819,929,5549,1561,5549,380,269
819,929,5550,1561,5550,380,269
819,929,5551,1561,5551,380,269
819,929,5552,1561,5552,380,269
819,929,5553,1561,5553,380,269
819,929,5554,1561,5554,380,269
819,929,5555,1561,5555,380,269
819,929,5556,1561,5556,380,269
819,929,5557,1561,5557,380,269
819,929,5558,1561,5558,380,269
819,929,5559,1561,5559,380,269
819,929,5560,1561,5560,380,269
819,929,5561,1561,5561,380,269
819,929,5562,1561,5562,380,269
819,929,5563,1561,5563,380,269
819,929,5564,1561,5564,380,269
819,929,5565,1561,5565,380,269
819,929,5566,1561,5566,380,269
819,929,5567,1561,5567,380,269
819,929,5568,1561,5568,380,269
819,929,5569,1561,5569,380,269
819,929,5570,1561,5570,380,269
819,929,5571,1561,5571,380,269
819,929,5572,1561,5572,380,269
819,929,5573,1561,5573,380,269
819,929,5574,1561,5574,380,269
819,929,5575,1561,5575,380,269
819,929,5576,1561,5576,380,269
819,929,5577,1561,5577,380,269
819,929,5578,1561,5578,380,269
819,929,5579,1561,5579,380,269
819,929,5580,1561,5580,380,269
819,929,5581,1561,5581,380,269
819,929,5582,1561,5582,380,269
819,929,5583,1561,5583,380,269
819,929,5584,1561,5584,380,269
819,929,5585,1561,5585,380,269
819,929,5586,1561,5586,380,269
819,929,5587,1561,5587,380,269
819,929,5588,1561,5588,380,269
819,929,5589,1561,5589,380,269
819,929,5590,1561,5590,380,269
819,929,5591,1561,5591,380,269
819,929,5592,1561,5592,380,269
819,929,5593,1561,5593,380,269
819,929,5594,1561,5594,380,269
819,929,5595,1561,5595,380,269
819,929,5596,1561,5596,380,269
819,929,5597,1561,5597,380,269
819,929,5598,1561,5598,380,269
819,929,5599,1561,5599,380,269
819,929,5600,1561,5600,380,269
819,929,5601,1561,5601,380,269
819,929,5602,1561,5602,380,269
819,929,5603,1561,5603,380,269
819,929,5604,1561,5604,380,269
819,929,5605,1561,5605,380,269
819,929,5606,1561,5606,380,269
819,929,5607,1561,5607,380,269
819,929,5608,1561,5608,380,269
819,929,5609,1561,5609,380,269
820,929,5610,1561,5610,380,269
820,929,5611,1561,5611,380,269
820,929,5612,1561,5612,380,269
820,929,5613,1561,5613,380,269
820,929,5614,1561,5614,380,269
820,929,5615,1561,5615,380,269
820,929,5616,1561,5616,380,269
820,929,5617,1561,5617,380,269
820,929,5618,1561,5618,380,269
820,929,5619,1561,5619,380,269
820,929,5620,1561,5620,380,269
820,929,5621,1561,5621,380,269
820,929,5622,1561,5622,380,269
820,929,5623,1561,5623,380,269
820,929,5624,1561,5624,380,269
820,929,5625,1561,5625,380,269
820,929,5626,1561,5626,380,269
820,929,5627,1561,5627,380,269
820,929,5628,1561,5628,380,269
820,929,5629,1561,5629,380,269
820,929,5630,1561,5630,380,269
820,929,5631,1561,5631,380,269
820,929,5632,1561,5632,380,269
820,929,5633,1561,5633,380,269
820,929,5634,1561,5634,380,269
820,929,5635,1561,5635,380,269
820,929,5636,1561,5636,380,269
820,929,5637,1561,5637,380,269
820,929,5638,1561,5638,380,269
820,929,5639,1561,5639,380,269
820,929,5640,1561,5640,380,269
820,929,5641,1561,5641,380,269
820,929,5642,1561,5642,380,269
820,929,5643,1561,5643,380,269
820,929,5644,1561,5644,380,269
820,929,5645,1561,5645,380,269
820,929,5646,1561,5646,380,269
820,929,5647,1561,5647,380,269
820,929,5648,1561,5648,380,269
820,929,5649,1561,5649,380,269
820,929,5650,1561,5650,380,269
820,929,5651,1561,5651,380,269
820,929,5652,1561,5652,380,269
820,929,5653,1561,5653,380,269
820,929,5654,1561,5654,380,269
820,929,5655,1561,5655,380,269
820,929,5656,1561,5656,380,269
820,929,5657,1561,5657,380,269
820,929,5658,1561,5658,380,269
820,929,5659,1561,5659,380,269
820,929,5660,1561,5660,380,269
820,929,5661,1561,5661,380,269
820,929,5662,1561,5662,380,269
820,929,5663,1561,5663,380,269
820,929,5664,1561,5664,380,269
820,929,5665,1561,5665,380,269
820,929,5666,1561,5666,380,269
820,929,5667,1561,5667,380,269
820,929,5668,1561,5668,380,269
820,929,5669,1561,5669,380,269
820,929,5670,1561,5670,380,269
820,929,5671,1561,5671,380,269
820,929,5672,1561,5672,380,269
820,929,5673,1561,5673,380,269
820,929,5674,1561,5674,380,269
820,929,5675,1561,5675,380,269
820,929,5676,1561,5676,380,269
820,929,5677,1561,5677,380,269
820,929,5678,1561,5678,380,269
820,929,5679,1561,5679,380,269
820,929,5680,1561,5680,380,269
820,929,5681,1561,5681,380,269
820,929,5682,1561,5682,380,269
819,929,5683,1561,5683,380,269
819,929,5684,1561,5684,380,269
819,929,5685,1561,5685,380,269
819,929,5686,1561,5686,380,269
819,929,5687,1561,5687,380,269
819,929,5688,1561,5688,380,269
819,929,5689,1561,5689,380,269
819,929,5690,1561,5690,380,269
819,929,5691,1561,5691,380,269
819,929,5692,1561,5692,380,269
819,929,5693,1561,5693,380,269
819,929,5694,1561,5694,380,269
819,929,5695,1561,5695,380,269
819,929,5696,1561,5696,380,269
819,929,5697,1561,5697,380,269
819,929,5698,1561,5698,380,269
819,929,5699,1561,5699,380,269
819,929,5700,1561,5700,380,269
819,929,5701,1561,5701,380,269
819,929,5702,1561,5702,380,269
819,929,5703,1561,5703,380,269
819,929,5704,1561,5704,380,269
819,929,5705,1561,5705,380,269
819,929,5706,1561,5706,380,269
819,929,5707,1561,5707,380,269
819,929,5708,1561,5708,380,269
819,929,5709,1561,5709,380,269
819,929,5710,1561,5710,380,269
819,929,5711,1561,5711,380,269
819,929,5712,1561,5712,380,269
819,929,5713,1561,5713,380,269
819,929,5714,1561,5714,380,269
819,929,5715,1561,5715,380,269
819,929,5716,1561,5716,380,269
819,929,5717,1561,5717,380,269
819,929,5718,1561,5718,380,269
819,929,5719,1561,5719,380,269
819,929,5720,1561,5720,380,269
819,929,5721,1561,5721,380,269
819,929,5722,1561,5722,380,269
819,929,5723,1561,5723,380,269
819,929,5724,1561,5724,380,269
819,929,5725,1561,5725,380,269
819,929,5726,1561,5726,380,269
819,929,5727,1561,5727,380,269
819,929,5728,1561,5728,380,269
819,929,5729,1561,5729,380,269
819,929,5730,1561,5730,380,269
819,929,5731,1561,5731,380,269
819,929,5732,1561,5732,380,269
819,929,5733,1561,5733,380,269
819,929,5734,1561,5734,380,269
819,929,5735,1561,5735,380,269
819,929,5736,1561,5736,380,269
818,929,5737,1561,5737,380,268
818,929,5738,1561,5738,380,268
818,929,5739,1561,5739,380,268
818,929,5740,1561,5740,380,268
818,929,5741,1561,5741,380,268
818,929,5742,1561,5742,380,268
818,929,5743,1561,5743,380,268
818,929,5744,1561,5744,380,268
818,929,5745,1561,5745,380,268
818,929,5746,1561,5746,380,268
818,929,5747,1561,5747,380,268
818,929,5748,1561,5748,380,268
818,929,5749,1561,5749,380,268
818,929,5750,1561,5750,380,268
818,929,5751,1561,5751,380,268
818,929,5752,1561,5752,380,268
818,929,5753,1561,5753,380,268
818,929,5754,1561,5754,380,268
818,929,5755,1561,5755,380,268
818,929,5756,1561,5756,380,268
818,929,5757,1561,5757,380,268
818,929,5758,1561,5758,380,268
818,929,5759,1561,5759,380,268
818,929,5760,1561,5760,380,268
818,929,5761,1561,5761,380,268
818,929,5762,1561,5762,380,268
818,929,5763,1561,5763,380,268
818,929,5764,1561,5764,380,268
818,929,5765,1561,5765,380,268
818,929,5766,1561,5766,380,268
818,929,5767,1561,5767,380,268
819,929,5768,1561,5768,380,268
819,929,5769,1561,5769,380,268
819,929,5770,1561,5770,380,268
819,929,5771,1561,5771,380,268
819,929,5772,1561,5772,380,268
819,929,5773,1561,5773,380,268
819,929,5774,1561,5774,380,268
819,929,5775,1561,5775,380,268
819,929,5776,1561,5776,380,268
819,929,5777,1561,5777,380,268
819,929,5778,1561,5778,380,268
819,929,5779,1561,5779,380,268
819,929,5780,1561,5780,380,268
819,929,5781,1561,5781,380,268
819,929,5782,1561,5782,380,268
819,929,5783,1561,5783,380,268
819,929,5784,1561,5784,380,268
819,929,5785,1561,5785,380,268
819,929,5786,1561,5786,380,268
819,929,5787,1561,5787,380,268
819,929,5788,1561,5788,380,268
819,929,5789,1561,5789,380,268
819,929,5790,1561,5790,380,268
819,929,5791,1561,5791,380,268
819,929,5792,1561,5792,380,268
819,929,5793,1561,5793,380,268
819,929,5794,1561,5794,380,268
819,929,5795,1561,5795,380,268
819,929,5796,1561,5796,380,268
819,929,5797,1561,5797,380,268
819,929,5798,1561,5798,380,268
819,929,5799,1561,5799,380,268
819,929,5800,1561,5800,380,268
819,929,5801,1561,5801,380,268
819,929,5802,1561,5802,380,268
819,929,5803,1561,5803,380,268
819,929,5804,1561,5804,380,268
819,929,5805,1561,5805,380,268
819,929,5806,1561,5806,380,268
819,929,5807,1561,5807,380,268
819,929,5808,1561,5808,380,268
819,929,5809,1561,5809,380,268
819,929,5810,1561,5810,380,268
819,929,5811,1561,5811,380,268
819,929,5812,1561,5812,380,268
819,929,5813,1561,5813,380,268
819,929,5814,1561,5814,380,268
819,929,5815,1561,5815,380,268
819,929,5816,1561,5816,380,268
819,929,5817,1561,5817,380,268
819,929,5818,1561,5818,380,268
819,929,5819,1561,5819,380,268
819,929,5820,1561,5820,380,268
819,929,5821,1561,5821,380,268
819,929,5822,1561,5822,380,268
819,929,5823,1561,5823,380,268
819,929,5824,1561,5824,380,268
819,929,5825,1561,5825,380,268
819,929,5826,1561,5826,380,268
819,929,5827,1561,5827,380,268
819,929,5828,1561,5828,380,268
819,929,5829,1561,5829,380,268
819,929,5830,1561,5830,380,268
819,929,5831,1561,5831,380,268
819,929,5832,1561,5832,380,268
819,929,5833,1561,5833,380,268
819,929,5834,1561,5834,380,268
819,929,5835,1561,5835,380,268
819,929,5836,1561,5836,380,268
819,929,5837,1561,5837,380,268
819,929,5838,1561,5838,380,268
819,929,5839,1561,5839,380,268
819,929,5840,1561,5840,380,268
819,929,5841,1561,5841,380,268
819,929,5842,1561,5842,380,268
819,929,5843,1561,5843,380,268
819,929,5844,1561,5844,380,268
819,929,5845,1561,5845,380,268
819,929,5846,1561,5846,380,268
819,929,5847,1561,5847,380,268
819,929,5848,1561,5848,380,268
819,929,5849,1561,5849,380,268
819,929,5850,1561,5850,380,268
819,929,5851,1561,5851,380,268
818,929,5852,1561,5852,380,267
818,929,5853,1561,5853,380,267
818,929,5854,1561,5854,380,267
818,929,5855,1561,5855,380,267
818,929,5856,1561,5856,380,267
818,929,5857,1561,5857,380,267
818,929,5858,1561,5858,380,267
818,929,5859,1561,5859,380,267
818,929,5860,1561,5860,380,267
818,929,5861,1561,5861,380,267
818,929,5862,1561,5862,380,267
818,929,5863,1561,5863,380,267
817,929,5864,1561,5864,380,267
817,929,5865,1561,5865,380,267
817,929,5866,1561,5866,380,267
817,929,5867,1561,5867,380,267
817,929,5868,1561,5868,380,267
817,929,5869,1561,5869,380,267
817,929,5870,1561,5870,380,267
817,929,5871,1561,5871,380,267
816,929,5872,1561,5872,380,266
816,929,5873,1561,5873,380,266
816,929,5874,1561,5874,380,266
816,929,5875,1561,5875,380,266
816,929,5876,1561,5876,380,266
816,929,5877,1561,5877,380,266
816,929,5878,1561,5878,380,266
816,929,5879,1561,5879,380,266
816,929,5880,1561,5880,380,266
816,929,5881,1561,5881,380,266
816,929,5882,1561,5882,380,266
816,929,5883,1561,5883,380,266
816,929,5884,1561,5884,380,266
816,929,5885,1561,5885,380,266
816,929,5886,1561,5886,380,266
816,929,5887,1561,5887,380,266
816,929,5888,1561,5888,380,266
816,929,5889,1561,5889,380,266
816,929,5890,1561,5890,380,266
816,929,5891,1561,5891,380,266
816,929,5892,1561,5892,380,266
816,929,5893,1561,5893,380,266
816,929,5894,1561,5894,380,266
816,929,5895,1561,5895,380,266
816,929,5896,1561,5896,380,266
816,929,5897,1561,5897,380,266
816,929,5898,1561,5898,380,266
816,929,5899,1561,5899,380,266
816,929,5900,1561,5900,380,266
816,929,5901,1561,5901,380,266
816,929,5902,1561,5902,380,266
816,929,5903,1561,5903,380,266
816,929,5904,1561,5904,380,266
816,929,5905,1561,5905,380,266
816,929,5906,1561,5906,380,266
816,929,5907,1561,5907,380,266
816,929,5908,1561,5908,380,266
816,929,5909,1561,5909,380,266
816,929,5910,1561,5910,380,266
816,929,5911,1561,5911,380,266
816,929,5912,1561,5912,380,266
816,929,5913,1561,5913,380,266
816,929,5914,1561,5914,380,266
816,929,5915,1561,5915,380,266
816,929,5916,1561,5916,380,266
816,929,5917,1561,5917,380,266
816,929,5918,1561,5918,380,266
816,929,5919,1561,5919,380,266
816,929,5920,1561,5920,380,266
816,929,5921,1561,5921,380,266
816,929,5922,1561,5922,380,266
816,929,5923,1561,5923,380,266
816,929,5924,1561,5924,380,266
816,929,5925,1561,5925,380,266
816,929,5926,1561,5926,380,266
816,929,5927,1561,5927,380,266
816,929,5928,1561,5928,380,266
816,929,5929,1561,5929,380,266
816,929,5930,1561,5930,380,266
816,929,5931,1561,5931,380,266
816,929,5932,1561,5932,380,266
816,929,5933,1561,5933,380,266
816,929,5934,1561,5934,380,266
816,929,5935,1561,5935,380,266
816,929,5936,1561,5936,380,266
816,929,5937,1561,5937,380,266
816,929,5938,1561,5938,380,266
816,929,5939,1561,5939,380,266
816,929,5940,1561,5940,380,266
816,929,5941,1561,5941,380,266
816,929,5942,1561,5942,380,266
816,929,5943,1561,5943,380,266
816,929,5944,1561,5944,380,266
816,929,5945,1561,5945,380,266
816,929,5946,1561,5946,380,266
816,929,5947,1561,5947,380,266
816,929,5948,1561,5948,380,266
816,929,5949,1561,5949,380,266
816,929,5950,1561,5950,380,266
815,929,5951,1561,5951,380,266
815,929,5952,1561,5952,380,266
815,929,5953,1561,5953,380,266
815,929,5954,1561,5954,380,266
815,929,5955,1561,5955,380,266
815,929,5956,1561,5956,380,266
815,929,5957,1561,5957,380,266
815,929,5958,1561,5958,380,266
815,929,5959,1561,5959,380,266
815,929,5960,1561,5960,380,266
815,929,5961,1561,5961,380,266
815,929,5962,1561,5962,380,266
815,929,5963,1561,5963,380,266
815,929,5964,1561,5964,380,266
815,929,5965,1561,5965,380,266
815,929,5966,1561,5966,380,266
815,929,5967,1561,5967,380,266
815,929,5968,1561,5968,380,266
815,929,5969,1561,5969,380,266
814,929,5970,1561,5970,380,265
814,929,5971,1561,5971,380,265
814,929,5972,1561,5972,380,265
814,929,5973,1561,5973,380,265
814,929,5974,1561,5974,380,265
814,929,5975,1561,5975,380,265
814,929,5976,1561,5976,380,265
814,929,5977,1561,5977,380,265
814,929,5978,1561,5978,380,265
814,929,5979,1561,5979,380,265
813,929,5980,1561,5980,380,265
813,929,5981,1561,5981,380,265
813,929,5982,1561,5982,380,265
813,929,5983,1561,5983,380,265
813,929,5984,1561,5984,380,265
813,929,5985,1561,5985,380,265
813,929,5986,1561,5986,380,265
813,929,5987,1561,5987,380,265
813,929,5988,1561,5988,380,265
813,929,5989,1561,5989,380,265
813,929,5990,1561,5990,380,265
813,929,5991,1561,5991,380,265
813,929,5992,1561,5992,380,265
813,929,5993,1561,5993,380,265
813,929,5994,1561,5994,380,265
813,929,5995,1561,5995,380,265
813,929,5996,1561,5996,380,265
813,929,5997,1561,5997,380,265
813,929,5998,1561,5998,380,265
813,929,5999,1561,5999,380,265
813,929,6000,1561,6000,380,265
813,929,6001,1561,6001,380,265
813,929,6002,1561,6002,380,265
813,929,6003,1561,6003,380,265
813,929,6004,1561,6004,380,265
813,929,6005,1561,6005,380,265
813,929,6006,1561,6006,380,265
813,929,6007,1561,6007,380,265
813,929,6008,1561,6008,380,265
813,929,6009,1561,6009,380,265
813,929,6010,1561,6010,380,265
813,929,6011,1561,6011,380,265
813,929,6012,1561,6012,380,265
813,929,6013,1561,6013,380,265
813,929,6014,1561,6014,380,265
813,929,6015,1561,6015,380,265
813,929,6016,1561,6016,380,265
813,929,6017,1561,6017,380,265
813,929,6018,1561,6018,380,265
813,929,6019,1561,6019,380,265
813,929,6020,1561,6020,380,265
813,929,6021,1561,6021,380,265
813,929,6022,1561,6022,380,265
813,929,6023,1561,6023,380,265
813,929,6024,1561,6024,380,265
813,929,6025,1561,6025,380,265
813,929,6026,1561,6026,380,265
813,929,6027,1561,6027,380,265
813,929,6028,1561,6028,380,265
813,929,6029,1561,6029,380,265
813,929,6030,1561,6030,380,265
813,929,6031,1561,6031,380,265
813,929,6032,1561,6032,380,265
813,929,6033,1561,6033,380,265
813,929,6034,1561,6034,380,265
813,929,6035,1561,6035,380,265
813,929,6036,1561,6036,380,265
813,929,6037,1561,6037,380,265
813,929,6038,1561,6038,380,265
813,929,6039,1561,6039,380,265
813,929,6040,1561,6040,380,265
813,929,6041,1561,6041,380,265
813,929,6042,1561,6042,380,265
813,929,6043,1561,6043,380,265
813,929,6044,1561,6044,380,265
813,929,6045,1561,6045,380,265
813,929,6046,1561,6046,380,265
813,929,6047,1561,6047,380,265
813,929,6048,1561,6048,380,265
813,929,6049,1561,6049,380,265
813,929,6050,1561,6050,380,265
813,929,6051,1561,6051,380,265
813,929,6052,1561,6052,380,265
813,929,6053,1561,6053,380,265
813,929,6054,1561,6054,380,265
813,929,6055,1561,6055,380,265
813,929,6056,1561,6056,380,265
813,929,6057,1561,6057,380,265
813,929,6058,1561,6058,380,265
813,929,6059,1561,6059,380,265
813,929,6060,1561,6060,380,265
813,929,6061,1561,6061,380,265
813,929,6062,1561,6062,380,265
813,929,6063,1561,6063,380,265
813,929,6064,1561,6064,380,265
813,929,6065,1561,6065,380,265
813,929,6066,1561,6066,380,265
813,929,6067,1561,6067,380,265
813,929,6068,1561,6068,380,265
813,929,6069,1561,6069,380,265
813,929,6070,1561,6070,380,265
813,929,6071,1561,6071,380,265
813,929,6072,1561,6072,380,265
813,929,6073,1561,6073,380,265
813,929,6074,1561,6074,380,265
813,929,6075,1561,6075,380,265
813,929,6076,1561,6076,380,265
813,929,6077,1561,6077,380,265
813,929,6078,1561,6078,380,265
813,929,6079,1561,6079,380,265
813,929,6080,1561,6080,380,265
813,929,6081,1561,6081,380,265
813,929,6082,1561,6082,380,265
813,929,6083,1561,6083,380,265
813,929,6084,1561,6084,380,265
813,929,6085,1561,6085,380,265
813,929,6086,1561,6086,380,265
813,929,6087,1561,6087,380,265
813,929,6088,1561,6088,380,265
813,929,6089,1561,6089,380,265
813,929,6090,1561,6090,380,265
813,929,6091,1561,6091,380,265
813,929,6092,1561,6092,380,265
813,929,6093,1561,6093,380,265
813,929,6094,1561,6094,380,265
813,929,6095,1561,6095,380,265
813,929,6096,1561,6096,380,265
813,929,6097,1561,6097,380,265
813,929,6098,1561,6098,380,265
813,929,6099,1561,6099,380,265
812,929,6100,1561,6100,380,265
812,929,6101,1561,6101,380,265
812,929,6102,1561,6102,380,265
812,929,6103,1561,6103,380,265
812,929,6104,1561,6104,380,265
812,929,6105,1561,6105,380,265
812,929,6106,1561,6106,380,265
812,929,6107,1561,6107,380,265
812,929,6108,1561,6108,380,265
812,929,6109,1561,6109,380,265
812,929,6110,1561,6110,380,265
812,929,6111,1561,6111,380,265
812,929,6112,1561,6112,380,265
812,929,6113,1561,6113,380,265
812,929,6114,1561,6114,380,265
812,929,6115,1561,6115,380,265
812,929,6116,1561,6116,380,265
812,929,6117,1561,6117,380,265
812,929,6118,1561,6118,380,265
812,929,6119,1561,6119,380,265
812,929,6120,1561,6120,380,265
812,929,6121,1561,6121,380,265
812,929,6122,1561,6122,380,265
812,929,6123,1561,6123,380,265
812,929,6124,1561,6124,380,265
812,929,6125,1561,6125,380,265
812,929,6126,1561,6126,380,265
812,929,6127,1561,6127,380,265
812,929,6128,1561,6128,380,265
812,929,6129,1561,6129,380,265
812,929,6130,1561,6130,380,265
812,929,6131,1561,6131,380,265
812,929,6132,1561,6132,380,265
812,929,6133,1561,6133,380,265
812,929,6134,1561,6134,380,265
812,929,6135,1561,6135,380,265
812,929,6136,1561,6136,380,265
812,929,6137,1561,6137,380,265
812,929,6138,1561,6138,380,265
812,929,6139,1561,6139,380,265
812,929,6140,1561,6140,380,265
812,929,6141,1561,6141,380,265
813,929,6142,1561,6142,380,265
813,929,6143,1561,6143,380,265
814,929,6144,1561,6144,380,265
814,929,6145,1561,6145,380,265
814,929,6146,1561,6146,380,265
814,929,6147,1561,6147,380,265
814,929,6148,1561,6148,380,265
814,929,6149,1561,6149,380,265
814,929,6150,1561,6150,380,265
814,929,6151,1561,6151,380,265
814,929,6152,1561,6152,380,265
814,929,6153,1561,6153,380,265
814,929,6154,1561,6154,380,265
814,929,6155,1561,6155,380,265
814,929,6156,1561,6156,380,265
814,929,6157,1561,6157,380,265
814,929,6158,1561,6158,380,265
814,929,6159,1561,6159,380,265
814,929,6160,1561,6160,380,265
814,929,6161,1561,6161,380,265
814,929,6162,1561,6162,380,265
814,929,6163,1561,6163,380,265
814,929,6164,1561,6164,380,265
814,929,6165,1561,6165,380,265
814,929,6166,1561,6166,380,265
814,929,6167,1561,6167,380,265
814,929,6168,1561,6168,380,265
814,929,6169,1561,6169,380,265
814,929,6170,1561,6170,380,265
814,929,6171,1561,6171,380,265
814,929,6172,1561,6172,380,265
814,929,6173,1561,6173,380,265
814,929,6174,1561,6174,380,265
814,929,6175,1561,6175,380,265
814,929,6176,1561,6176,380,265
814,929,6177,1561,6177,380,265
814,929,6178,1561,6178,380,265
814,929,6179,1561,6179,380,265
814,929,6180,1561,6180,380,265
814,929,6181,1561,6181,380,265
814,929,6182,1561,6182,380,265
814,929,6183,1561,6183,380,265
814,929,6184,1561,6184,380,265
814,929,6185,1561,6185,380,265
814,929,6186,1561,6186,380,265
814,929,6187,1561,6187,380,265
814,929,6188,1561,6188,380,265
814,929,6189,1561,6189,380,265
814,929,6190,1561,6190,380,265
814,929,6191,1561,6191,380,265
814,929,6192,1561,6192,380,265
814,929,6193,1561,6193,380,265
814,929,6194,1561,6194,380,265
814,929,6195,1561,6195,380,265
814,929,6196,1561,6196,380,265
814,929,6197,1561,6197,380,265
814,929,6198,1561,6198,380,265
814,929,6199,1561,6199,380,265
814,929,6200,1561,6200,380,265
814,929,6201,1561,6201,380,265
814,929,6202,1561,6202,380,265
814,929,6203,1561,6203,380,265
814,929,6204,1561,6204,380,265
814,929,6205,1561,6205,380,265
814,929,6206,1561,6206,380,265
814,929,6207,1561,6207,380,265
814,929,6208,1561,6208,380,265
814,929,6209,1561,6209,380,265
814,929,6210,1561,6210,380,265
814,929,6211,1561,6211,380,265
814,929,6212,1561,6212,380,265
814,929,6213,1561,6213,380,265
814,929,6214,1561,6214,380,265
814,929,6215,1561,6215,380,265
814,929,6216,1561,6216,380,265
814,929,6217,1561,6217,380,265
814,929,6218,1561,6218,380,265
814,929,6219,1561,6219,380,265
814,929,6220,1561,6220,380,265
814,929,6221,1561,6221,380,265
814,929,6222,1561,6222,380,265
814,929,6223,1561,6223,380,265
814,929,6224,1561,6224,380,265
814,929,6225,1561,6225,380,265
814,929,6226,1561,6226,380,265
814,929,6227,1561,6227,380,265
814,929,6228,1561,6228,380,265
814,929,6229,1561,6229,380,265
813,929,6230,1561,6230,380,265
813,929,6231,1561,6231,380,265
813,929,6232,1561,6232,380,265
813,929,6233,1561,6233,380,265
813,929,6234,1561,6234,380,265
813,929,6235,1561,6235,380,265
813,929,6236,1561,6236,380,265
813,929,6237,1561,6237,380,265
814,929,6238,1561,6238,380,265
814,929,6239,1561,6239,380,265
814,929,6240,1561,6240,380,265
814,929,6241,1561,6241,380,265
814,929,6242,1561,6242,380,265
814,929,6243,1561,6243,380,265
814,929,6244,1561,6244,380,265
814,929,6245,1561,6245,380,265
814,929,6246,1561,6246,380,265
814,929,6247,1561,6247,380,265
814,929,6248,1561,6248,380,265
814,929,6249,1561,6249,380,265
814,929,6250,1561,6250,380,265
814,929,6251,1561,6251,380,265
814,929,6252,1561,6252,380,265
814,929,6253,1561,6253,380,265
814,929,6254,1561,6254,380,265
814,929,6255,1561,6255,380,265
814,929,6256,1561,6256,380,265
814,929,6257,1561,6257,380,265
814,929,6258,1561,6258,380,265
814,929,6259,1561,6259,380,265
814,929,6260,1561,6260,380,265
814,929,6261,1561,6261,380,265
814,929,6262,1561,6262,380,265
814,929,6263,1561,6263,380,265
814,929,6264,1561,6264,380,265
814,929,6265,1561,6265,380,265
814,929,6266,1561,6266,380,265
814,929,6267,1561,6267,380,265
814,929,6268,1561,6268,380,265
814,929,6269,1561,6269,380,265
814,929,6270,1561,6270,380,265
814,929,6271,1561,6271,380,265
814,929,6272,1561,6272,380,265
815,929,6273,1561,6273,380,265
815,929,6274,1561,6274,380,265
815,929,6275,1561,6275,380,265
815,929,6276,1561,6276,380,265
815,929,6277,1561,6277,380,265
815,929,6278,1561,6278,380,265
815,929,6279,1561,6279,380,265
815,929,6280,1561,6280,380,265
815,929,6281,1561,6281,380,265
815,929,6282,1561,6282,380,265
815,929,6283,1561,6283,380,265
815,929,6284,1561,6284,380,265
815,929,6285,1561,6285,380,265
815,929,6286,1561,6286,380,265
815,929,6287,1561,6287,380,265
815,929,6288,1561,6288,380,265
815,929,6289,1561,6289,380,265
815,929,6290,1561,6290,380,265
815,929,6291,1561,6291,380,265
815,929,6292,1561,6292,380,265
815,929,6293,1561,6293,380,265
815,929,6294,1561,6294,380,265
815,929,6295,1561,6295,380,265
815,929,6296,1561,6296,380,265
815,929,6297,1561,6297,380,265
814,929,6298,1561,6298,380,264
814,929,6299,1561,6299,380,264
814,929,6300,1561,6300,380,264
814,929,6301,1561,6301,380,264
814,929,6302,1561,6302,380,264
814,929,6303,1561,6303,380,264
814,929,6304,1561,6304,380,264
814,929,6305,1561,6305,380,264
814,929,6306,1561,6306,380,264
814,929,6307,1561,6307,380,264
814,929,6308,1561,6308,380,264
814,929,6309,1561,6309,380,264
813,929,6310,1561,6310,380,264
813,929,6311,1561,6311,380,264
813,929,6312,1561,6312,380,264
813,929,6313,1561,6313,380,264
813,929,6314,1561,6314,380,264
813,929,6315,1561,6315,380,264
813,929,6316,1561,6316,380,264
813,929,6317,1561,6317,380,264
813,929,6318,1561,6318,380,264
813,929,6319,1561,6319,380,264
813,929,6320,1561,6320,380,264
813,929,6321,1561,6321,380,264
813,929,6322,1561,6322,380,264
813,929,6323,1561,6323,380,264
813,929,6324,1561,6324,380,264
813,929,6325,1561,6325,380,264
812,929,6326,1561,6326,380,264
812,929,6327,1561,6327,380,264
812,929,6328,1561,6328,380,264
812,929,6329,1561,6329,380,264
812,929,6330,1561,6330,380,264
812,929,6331,1561,6331,380,264
812,929,6332,1561,6332,380,264
812,929,6333,1561,6333,380,264
812,929,6334,1561,6334,380,264
812,929,6335,1561,6335,380,264
812,929,6336,1561,6336,380,264
812,929,6337,1561,6337,380,264
812,929,6338,1561,6338,380,264
812,929,6339,1561,6339,380,264
812,929,6340,1561,6340,380,264
812,929,6341,1561,6341,380,264
812,929,6342,1561,6342,380,264
812,929,6343,1561,6343,380,264
812,929,6344,1561,6344,380,264
812,929,6345,1561,6345,380,264
812,929,6346,1561,6346,380,264
812,929,6347,1561,6347,380,264
812,929,6348,1561,6348,380,264
812,929,6349,1561,6349,380,264
812,929,6350,1561,6350,380,264
812,929,6351,1561,6351,380,264
812,929,6352,1561,6352,380,264
812,929,6353,1561,6353,380,264
812,929,6354,1561,6354,380,264
810,929,6355,1561,6355,380,264
810,929,6356,1561,6356,380,264
810,929,6357,1561,6357,380,264
810,929,6358,1561,6358,380,264
810,929,6359,1561,6359,380,264
810,929,6360,1561,6360,380,264
810,929,6361,1561,6361,380,264
810,929,6362,1561,6362,380,264
810,929,6363,1561,6363,380,264
810,929,6364,1561,6364,380,264
810,929,6365,1561,6365,380,264
810,929,6366,1561,6366,380,264
810,929,6367,1561,6367,380,264
810,929,6368,1561,6368,380,264
810,929,6369,1561,6369,380,264
810,929,6370,1561,6370,380,264
810,929,6371,1561,6371,380,264
810,929,6372,1561,6372,380,264
810,929,6373,1561,6373,380,264
810,929,6374,1561,6374,380,264
810,929,6375,1561,6375,380,264
810,929,6376,1561,6376,380,264
810,929,6377,1561,6377,380,264
810,929,6378,1561,6378,380,264
810,929,6379,1561,6379,380,264
810,929,6380,1561,6380,380,264
810,929,6381,1561,6381,380,264
810,929,6382,1561,6382,380,264
810,929,6383,1561,6383,380,264
810,929,6384,1561,6384,380,264
810,929,6385,1561,6385,380,264
810,929,6386,1561,6386,380,264
810,929,6387,1561,6387,380,264
810,929,6388,1561,6388,380,264
810,929,6389,1561,6389,380,264
810,929,6390,1561,6390,380,264
810,929,6391,1561,6391,380,264
810,929,6392,1561,6392,380,264
810,929,6393,1561,6393,380,264
810,929,6394,1561,6394,380,264
810,929,6395,1561,6395,380,264
810,929,6396,1561,6396,380,264
810,929,6397,1561,6397,380,264
810,929,6398,1561,6398,380,264
810,929,6399,1561,6399,380,264
810,929,6400,1561,6400,380,264
810,929,6401,1561,6401,380,264
810,929,6402,1561,6402,380,264
810,929,6403,1561,6403,380,264
810,929,6404,1561,6404,380,264
810,929,6405,1561,6405,380,264
810,929,6406,1561,6406,380,264
810,929,6407,1561,6407,380,264
810,929,6408,1561,6408,380,264
810,929,6409,1561,6409,380,264
810,929,6410,1561,6410,380,264
810,929,6411,1561,6411,380,264
810,929,6412,1561,6412,380,264
810,929,6413,1561,6413,380,264
810,929,6414,1561,6414,380,264
810,929,6415,1561,6415,380,264
810,929,6416,1561,6416,380,264
810,929,6417,1561,6417,380,264
810,929,6418,1561,6418,380,264
810,929,6419,1561,6419,380,264
810,929,6420,1561,6420,380,264
810,929,6421,1561,6421,380,264
810,929,6422,1561,6422,380,264
810,929,6423,1561,6423,380,264
810,929,6424,1561,6424,380,264
810,929,6425,1561,6425,380,264
810,929,6426,1561,6426,380,264
810,929,6427,1561,6427,380,264
810,929,6428,1561,6428,380,264
810,929,6429,1561,6429,380,264
810,929,6430,1561,6430,380,264
810,929,6431,1561,6431,380,264
810,929,6432,1561,6432,380,264
810,929,6433,1561,6433,380,264
810,929,6434,1561,6434,380,264
810,929,6435,1561,6435,380,264
810,929,6436,1561,6436,380,264
810,929,6437,1561,6437,380,264
810,929,6438,1561,6438,380,264
810,929,6439,1561,6439,380,264
810,929,6440,1561,6440,380,264
810,929,6441,1561,6441,380,264
810,929,6442,1561,6442,380,264
810,929,6443,1561,6443,380,264
810,929,6444,1561,6444,380,264
810,929,6445,1561,6445,380,264
810,929,6446,1561,6446,380,264
810,929,6447,1561,6447,380,264
810,929,6448,1561,6448,380,264
811,929,6449,1561,6449,380,264
811,929,6450,1561,6450,380,264
811,929,6451,1561,6451,380,264
811,929,6452,1561,6452,380,264
811,929,6453,1561,6453,380,264
811,929,6454,1561,6454,380,264
811,929,6455,1561,6455,380,264
811,929,6456,1561,6456,380,264
811,929,6457,1561,6457,380,264
811,929,6458,1561,6458,380,264
811,929,6459,1561,6459,380,264
811,929,6460,1561,6460,380,264
811,929,6461,1561,6461,380,264
811,929,6462,1561,6462,380,264
811,929,6463,1561,6463,380,264
811,929,6464,1561,6464,380,264
811,929,6465,1561,6465,380,264
811,929,6466,1561,6466,380,264
811,929,6467,1561,6467,380,264
811,929,6468,1561,6468,380,264
811,929,6469,1561,6469,380,264
811,929,6470,1561,6470,380,264
811,929,6471,1561,6471,380,264
811,929,6472,1561,6472,380,264
811,929,6473,1561,6473,380,264
811,929,6474,1561,6474,380,264
811,929,6475,1561,6475,380,264
811,929,6476,1561,6476,380,264
811,929,6477,1561,6477,380,264
811,929,6478,1561,6478,380,264
811,929,6479,1561,6479,380,264
811,929,6480,1561,6480,380,264
811,929,6481,1561,6481,380,264
811,929,6482,1561,6482,380,264
811,929,6483,1561,6483,380,264
811,929,6484,1561,6484,380,264
811,929,6485,1561,6485,380,264
811,929,6486,1561,6486,380,264
811,929,6487,1561,6487,380,264
811,929,6488,1561,6488,380,264
811,929,6489,1561,6489,380,264
811,929,6490,1561,6490,380,264
811,929,6491,1561,6491,380,264
811,929,6492,1561,6492,380,264
811,929,6493,1561,6493,380,264
811,929,6494,1561,6494,380,264
811,929,6495,1561,6495,380,264
811,929,6496,1561,6496,380,264
811,929,6497,1561,6497,380,264
811,929,6498,1561,6498,380,264
811,929,6499,1561,6499,380,264
811,929,6500,1561,6500,380,264
811,929,6501,1561,6501,380,264
811,929,6502,1561,6502,380,264
811,929,6503,1561,6503,380,264
811,929,6504,1561,6504,380,264
811,929,6505,1561,6505,380,264
811,929,6506,1561,6506,380,264
811,929,6507,1561,6507,380,264
811,929,6508,1561,6508,380,264
811,929,6509,1561,6509,380,264
811,929,6510,1561,6510,380,264
811,929,6511,1561,6511,380,264
811,929,6512,1561,6512,380,264
811,929,6513,1561,6513,380,264
811,929,6514,1561,6514,380,264
811,929,6515,1561,6515,380,264
811,929,6516,1561,6516,380,264
811,929,6517,1561,6517,380,264
811,929,6518,1561,6518,380,264
811,929,6519,1561,6519,380,264
811,929,6520,1561,6520,380,264
811,929,6521,1561,6521,380,264
811,929,6522,1561,6522,380,264
811,929,6523,1561,6523,380,264
811,929,6524,1561,6524,380,264
811,929,6525,1561,6525,380,264
811,929,6526,1561,6526,380,264
811,929,6527,1561,6527,380,264
811,929,6528,1561,6528,380,264
811,929,6529,1561,6529,380,264
811,929,6530,1561,6530,380,264
811,929,6531,1561,6531,380,264
811,929,6532,1561,6532,380,264
811,929,6533,1561,6533,380,264
811,929,6534,1561,6534,380,264
811,929,6535,1561,6535,380,264
811,929,6536,1561,6536,380,264
811,929,6537,1561,6537,380,264
811,929,6538,1561,6538,380,264
811,929,6539,1561,6539,380,264
811,929,6540,1561,6540,380,264
811,929,6541,1561,6541,380,264
811,929,6542,1561,6542,380,264
811,929,6543,1561,6543,380,264
811,929,6544,1561,6544,380,264
811,929,6545,1561,6545,380,264
811,929,6546,1561,6546,380,264
811,929,6547,1561,6547,380,264
811,929,6548,1561,6548,380,264
811,929,6549,1561,6549,380,264
811,929,6550,1561,6550,380,264
811,929,6551,1561,6551,380,264
811,929,6552,1561,6552,380,264
811,929,6553,1561,6553,380,264
811,929,6554,1561,6554,380,264
811,929,6555,1561,6555,380,264
811,929,6556,1561,6556,380,264
811,929,6557,1561,6557,380,264
811,929,6558,1561,6558,380,264
811,929,6559,1561,6559,380,264
811,929,6560,1561,6560,380,264
811,929,6561,1561,6561,380,264
811,929,6562,1561,6562,380,264
811,929,6563,1561,6563,380,264
811,929,6564,1561,6564,380,264
811,929,6565,1561,6565,380,264
811,929,6566,1561,6566,380,264
811,929,6567,1561,6567,380,264
811,929,6568,1561,6568,380,264
811,929,6569,1561,6569,380,264
811,929,6570,1561,6570,380,264
811,929,6571,1561,6571,380,264
811,929,6572,1561,6572,380,264
811,929,6573,1561,6573,380,264
811,929,6574,1561,6574,380,264
811,929,6575,1561,6575,380,264
811,929,6576,1561,6576,380,264
811,929,6577,1561,6577,380,264
811,929,6578,1561,6578,380,264
811,929,6579,1561,6579,380,264
811,929,6580,1561,6580,380,264
811,929,6581,1561,6581,380,264
811,929,6582,1561,6582,380,264
811,929,6583,1561,6583,380,264
811,929,6584,1561,6584,380,264
811,929,6585,1561,6585,380,264
811,929,6586,1561,6586,380,264
811,929,6587,1561,6587,380,264
811,929,6588,1561,6588,380,264
811,929,6589,1561,6589,380,264
811,929,6590,1561,6590,380,264
811,929,6591,1561,6591,380,264
811,929,6592,1561,6592,380,264
811,929,6593,1561,6593,380,264
811,929,6594,1561,6594,380,264
811,929,6595,1561,6595,380,264
811,929,6596,1561,6596,380,264
811,929,6597,1561,6597,380,264
811,929,6598,1561,6598,380,264
811,929,6599,1561,6599,380,264
811,929,6600,1561,6600,380,264
811,929,6601,1561,6601,380,264
811,929,6602,1561,6602,380,264
811,929,6603,1561,6603,380,264
811,929,6604,1561,6604,380,264
811,929,6605,1561,6605,380,264
811,929,6606,1561,6606,380,264
811,929,6607,1561,6607,380,264
811,929,6608,1561,6608,380,264
811,929,6609,1561,6609,380,264
811,929,6610,1561,6610,380,264
811,929,6611,1561,6611,380,264
811,929,6612,1561,6612,380,264
811,929,6613,1561,6613,380,264
811,929,6614,1561,6614,380,264
811,929,6615,1561,6615,380,264
811,929,6616,1561,6616,380,264
811,929,6617,1561,6617,380,264
811,929,6618,1561,6618,380,264
811,929,6619,1561,6619,380,264
811,929,6620,1561,6620,380,264
811,929,6621,1561,6621,380,264
811,929,6622,1561,6622,380,264
811,929,6623,1561,6623,380,264
811,929,6624,1561,6624,380,264
811,929,6625,1561,6625,380,264
811,929,6626,1561,6626,380,264
811,929,6627,1561,6627,380,264
811,929,6628,1561,6628,380,264
811,929,6629,1561,6629,380,264
811,929,6630,1561,6630,380,264
811,929,6631,1561,6631,380,264
811,929,6632,1561,6632,380,264
811,929,6633,1561,6633,380,264
811,929,6634,1561,6634,380,264
812,929,6635,1561,6635,380,264
812,929,6636,1561,6636,380,264
812,929,6637,1561,6637,380,264
812,929,6638,1561,6638,380,264
812,929,6639,1561,6639,380,264
812,929,6640,1561,6640,380,264
812,929,6641,1561,6641,380,264
812,929,6642,1561,6642,380,264
812,929,6643,1561,6643,380,264
812,929,6644,1561,6644,380,264
812,929,6645,1561,6645,380,264
812,929,6646,1561,6646,380,264
812,929,6647,1561,6647,380,264
812,929,6648,1561,6648,380,264
812,929,6649,1561,6649,380,264
812,929,6650,1561,6650,380,264
812,929,6651,1561,6651,380,264
812,929,6652,1561,6652,380,264
812,929,6653,1561,6653,380,264
812,929,6654,1561,6654,380,264
812,929,6655,1561,6655,380,264
812,929,6656,1561,6656,380,264
812,929,6657,1561,6657,380,264
812,929,6658,1561,6658,380,264
812,929,6659,1561,6659,380,264
812,929,6660,1561,6660,380,264
812,929,6661,1561,6661,380,264
812,929,6662,1561,6662,380,264
812,929,6663,1561,6663,380,264
812,929,6664,1561,6664,380,264
812,929,6665,1561,6665,380,264
812,929,6666,1561,6666,380,264
812,929,6667,1561,6667,380,264
812,929,6668,1561,6668,380,264
812,929,6669,1561,6669,380,264
812,929,6670,1561,6670,380,264
812,929,6671,1561,6671,380,264
812,929,6672,1561,6672,380,264
812,929,6673,1561,6673,380,264
812,929,6674,1561,6674,380,264
812,929,6675,1561,6675,380,264
812,929,6676,1561,6676,380,264
812,929,6677,1561,6677,380,264
812,929,6678,1561,6678,380,264
812,929,6679,1561,6679,380,264
812,929,6680,1561,6680,380,264
812,929,6681,1561,6681,380,264
812,929,6682,1561,6682,380,264
812,929,6683,1561,6683,380,264
812,929,6684,1561,6684,380,264
812,929,6685,1561,6685,380,264
812,929,6686,1561,6686,380,264
812,929,6687,1561,6687,380,264
812,929,6688,1561,6688,380,264
812,929,6689,1561,6689,380,264
812,929,6690,1561,6690,380,264
812,929,6691,1561,6691,380,264
812,929,6692,1561,6692,380,264
812,929,6693,1561,6693,380,264
812,929,6694,1561,6694,380,264
812,929,6695,1561,6695,380,264
812,929,6696,1561,6696,380,264
812,929,6697,1561,6697,380,264
812,929,6698,1561,6698,380,264
812,929,6699,1561,6699,380,264
812,929,6700,1561,6700,380,264
812,929,6701,1561,6701,380,264
812,929,6702,1561,6702,380,264
812,929,6703,1561,6703,380,264
812,929,6704,1561,6704,380,264
812,929,6705,1561,6705,380,264
812,929,6706,1561,6706,380,264
812,929,6707,1561,6707,380,264
812,929,6708,1561,6708,380,264
812,929,6709,1561,6709,380,264
812,929,6710,1561,6710,380,264
813,929,6711,1561,6711,380,264
813,929,6712,1561,6712,380,264
813,929,6713,1561,6713,380,264
813,929,6714,1561,6714,380,264
813,929,6715,1561,6715,380,264
813,929,6716,1561,6716,380,264
813,929,6717,1561,6717,380,264
813,929,6718,1561,6718,380,264
813,929,6719,1561,6719,380,264
813,929,6720,1561,6720,380,264
813,929,6721,1561,6721,380,264
813,929,6722,1561,6722,380,264
813,929,6723,1561,6723,380,264
813,929,6724,1561,6724,380,264
813,929,6725,1561,6725,380,264
813,929,6726,1561,6726,380,264
813,929,6727,1561,6727,380,264
813,929,6728,1561,6728,380,264
813,929,6729,1561,6729,380,264
813,929,6730,1561,6730,380,264
813,929,6731,1561,6731,380,264
813,929,6732,1561,6732,380,264
813,929,6733,1561,6733,380,264
813,929,6734,1561,6734,380,264
813,929,6735,1561,6735,380,264
813,929,6736,1561,6736,380,264
813,929,6737,1561,6737,380,264
813,929,6738,1561,6738,380,264
813,929,6739,1561,6739,380,264
813,929,6740,1561,6740,380,264
813,929,6741,1561,6741,380,264
813,929,6742,1561,6742,380,264
813,929,6743,1561,6743,380,264
813,929,6744,1561,6744,380,264
813,929,6745,1561,6745,380,264
813,929,6746,1561,6746,380,264
813,929,6747,1561,6747,380,264
813,929,6748,1561,6748,380,264
813,929,6749,1561,6749,380,264
813,929,6750,1561,6750,380,264
813,929,6751,1561,6751,380,264
813,929,6752,1561,6752,380,264
813,929,6753,1561,6753,380,264
813,929,6754,1561,6754,380,264
813,929,6755,1561,6755,380,264
813,929,6756,1561,6756,380,264
813,929,6757,1561,6757,380,264
813,929,6758,1561,6758,380,264
813,929,6759,1561,6759,380,264
813,929,6760,1561,6760,380,264
813,929,6761,1561,6761,380,264
813,929,6762,1561,6762,380,264
813,929,6763,1561,6763,380,264
813,929,6764,1561,6764,380,264
813,929,6765,1561,6765,380,264
813,929,6766,1561,6766,380,264
813,929,6767,1561,6767,380,264
813,929,6768,1561,6768,380,264
813,929,6769,1561,6769,380,264
813,929,6770,1561,6770,380,264
813,929,6771,1561,6771,380,264
813,929,6772,1561,6772,380,264
813,929,6773,1561,6773,380,264
813,929,6774,1561,6774,380,264
813,929,6775,1561,6775,380,264
813,929,6776,1561,6776,380,264
813,929,6777,1561,6777,380,264
813,929,6778,1561,6778,380,264
813,929,6779,1561,6779,380,264
813,929,6780,1561,6780,380,264
813,929,6781,1561,6781,380,264
813,929,6782,1561,6782,380,264
813,929,6783,1561,6783,380,264
813,929,6784,1561,6784,380,264
813,929,6785,1561,6785,380,264
813,929,6786,1561,6786,380,264
813,929,6787,1561,6787,380,264
813,929,6788,1561,6788,380,264
813,929,6789,1561,6789,380,264
813,929,6790,1561,6790,380,264
813,929,6791,1561,6791,380,264
813,929,6792,1561,6792,380,264
813,929,6793,1561,6793,380,264
813,929,6794,1561,6794,380,264
813,929,6795,1561,6795,380,264
813,929,6796,1561,6796,380,264
813,929,6797,1561,6797,380,264
813,929,6798,1561,6798,380,264
813,929,6799,1561,6799,380,264
813,929,6800,1561,6800,380,264
813,929,6801,1561,6801,380,264
813,929,6802,1561,6802,380,264
813,929,6803,1561,6803,380,264
813,929,6804,1561,6804,380,264
813,929,6805,1561,6805,380,264
813,929,6806,1561,6806,380,264
813,929,6807,1561,6807,380,264
813,929,6808,1561,6808,380,264
813,929,6809,1561,6809,380,264
813,929,6810,1561,6810,380,264
813,929,6811,1561,6811,380,264
813,929,6812,1561,6812,380,264
813,929,6813,1561,6813,380,264
813,929,6814,1561,6814,380,264
813,929,6815,1561,6815,380,264
813,929,6816,1561,6816,380,264
813,929,6817,1561,6817,380,264
813,929,6818,1561,6818,380,264
813,929,6819,1561,6819,380,264
813,929,6820,1561,6820,380,264
813,929,6821,1561,6821,380,264
813,929,6822,1561,6822,380,264
813,929,6823,1561,6823,380,264
813,929,6824,1561,6824,380,264
813,929,6825,1561,6825,380,264
813,929,6826,1561,6826,380,264
813,929,6827,1561,6827,380,264
813,929,6828,1561,6828,380,264
813,929,6829,1561,6829,380,264
813,929,6830,1561,6830,380,264
813,929,6831,1561,6831,380,264
813,929,6832,1561,6832,380,264
813,929,6833,1561,6833,380,264
813,929,6834,1561,6834,380,264
813,929,6835,1561,6835,380,264
813,929,6836,1561,6836,380,264
813,929,6837,1561,6837,380,264
813,929,6838,1561,6838,380,264
813,929,6839,1561,6839,380,264
813,929,6840,1561,6840,380,264
813,929,6841,1561,6841,380,264
813,929,6842,1561,6842,380,264
813,929,6843,1561,6843,380,264
813,929,6844,1561,6844,380,264
813,929,6845,1561,6845,380,264
813,929,6846,1561,6846,380,264
813,929,6847,1561,6847,380,264
813,929,6848,1561,6848,380,264
813,929,6849,1561,6849,380,264
813,929,6850,1561,6850,380,264
813,929,6851,1561,6851,380,264
813,929,6852,1561,6852,380,264
813,929,6853,1561,6853,380,264
813,929,6854,1561,6854,380,264
813,929,6855,1561,6855,380,264
813,929,6856,1561,6856,380,264
813,929,6857,1561,6857,380,264
813,929,6858,1561,6858,380,264
813,929,6859,1561,6859,380,264
813,929,6860,1561,6860,380,264
813,929,6861,1561,6861,380,264
813,929,6862,1561,6862,380,264
813,929,6863,1561,6863,380,264
813,929,6864,1561,6864,380,264
813,929,6865,1561,6865,380,264
813,929,6866,1561,6866,380,264
813,929,6867,1561,6867,380,264
813,929,6868,1561,6868,380,264
813,929,6869,1561,6869,380,264
813,929,6870,1561,6870,380,264
813,929,6871,1561,6871,380,264
813,929,6872,1561,6872,380,264
813,929,6873,1561,6873,380,264
813,929,6874,1561,6874,380,264
813,929,6875,1561,6875,380,264
813,929,6876,1561,6876,380,264
813,929,6877,1561,6877,380,264
813,929,6878,1561,6878,380,264
813,929,6879,1561,6879,380,264
813,929,6880,1561,6880,380,264
813,929,6881,1561,6881,380,264
813,929,6882,1561,6882,380,264
813,929,6883,1561,6883,380,264
813,929,6884,1561,6884,380,264
813,929,6885,1561,6885,380,264
813,929,6886,1561,6886,380,264
813,929,6887,1561,6887,380,264
813,929,6888,1561,6888,380,264
813,929,6889,1561,6889,380,264
813,929,6890,1561,6890,380,264
813,929,6891,1561,6891,380,264
813,929,6892,1561,6892,380,264
813,929,6893,1561,6893,380,264
813,929,6894,1561,6894,380,264
813,929,6895,1561,6895,380,264
813,929,6896,1561,6896,380,264
813,929,6897,1561,6897,380,264
813,929,6898,1561,6898,380,264
813,929,6899,1561,6899,380,264
813,929,6900,1561,6900,380,264
813,929,6901,1561,6901,380,264
813,929,6902,1561,6902,380,264
813,929,6903,1561,6903,380,264
813,929,6904,1561,6904,380,264
813,929,6905,1561,6905,380,264
813,929,6906,1561,6906,380,264
813,929,6907,1561,6907,380,264
813,929,6908,1561,6908,380,264
813,929,6909,1561,6909,380,264
813,929,6910,1561,6910,380,264
813,929,6911,1561,6911,380,264
813,929,6912,1561,6912,380,264
813,929,6913,1561,6913,380,264
813,929,6914,1561,6914,380,264
813,929,6915,1561,6915,380,264
813,929,6916,1561,6916,380,264
813,929,6917,1561,6917,380,264
813,929,6918,1561,6918,380,264
813,929,6919,1561,6919,380,264
813,929,6920,1561,6920,380,264
813,929,6921,1561,6921,380,264
813,929,6922,1561,6922,380,264
813,929,6923,1561,6923,380,264
813,929,6924,1561,6924,380,264
813,929,6925,1561,6925,380,264
813,929,6926,1561,6926,380,264
813,929,6927,1561,6927,380,264
813,929,6928,1561,6928,380,264
813,929,6929,1561,6929,380,264
813,929,6930,1561,6930,380,264
813,929,6931,1561,6931,380,264
813,929,6932,1561,6932,380,264
813,929,6933,1561,6933,380,264
813,929,6934,1561,6934,380,264
813,929,6935,1561,6935,380,264
812,929,6936,1561,6936,380,264
812,929,6937,1561,6937,380,264
812,929,6938,1561,6938,380,264
812,929,6939,1561,6939,380,264
812,929,6940,1561,6940,380,264
812,929,6941,1561,6941,380,264
812,929,6942,1561,6942,380,264
812,929,6943,1561,6943,380,264
812,929,6944,1561,6944,380,264
812,929,6945,1561,6945,380,264
812,929,6946,1561,6946,380,264
812,929,6947,1561,6947,380,264
812,929,6948,1561,6948,380,264
812,929,6949,1561,6949,380,264
812,929,6950,1561,6950,380,264
812,929,6951,1561,6951,380,264
812,929,6952,1561,6952,380,264
812,929,6953,1561,6953,380,264
812,929,6954,1561,6954,380,264
812,929,6955,1561,6955,380,264
812,929,6956,1561,6956,380,264
812,929,6957,1561,6957,380,264
812,929,6958,1561,6958,380,264
812,929,6959,1561,6959,380,264
812,929,6960,1561,6960,380,264
812,929,6961,1561,6961,380,264
812,929,6962,1561,6962,380,264
812,929,6963,1561,6963,380,264
812,929,6964,1561,6964,380,264
812,929,6965,1561,6965,380,264
812,929,6966,1561,6966,380,264
812,929,6967,1561,6967,380,264
812,929,6968,1561,6968,380,264
811,929,6969,1561,6969,380,263
811,929,6970,1561,6970,380,263
811,929,6971,1561,6971,380,263
811,929,6972,1561,6972,380,263
811,929,6973,1561,6973,380,263
811,929,6974,1561,6974,380,263
811,929,6975,1561,6975,380,263
811,929,6976,1561,6976,380,263
811,929,6977,1561,6977,380,263
811,929,6978,1561,6978,380,263
811,929,6979,1561,6979,380,263
811,929,6980,1561,6980,380,263
811,929,6981,1561,6981,380,263
811,929,6982,1561,6982,380,263
810,929,6983,1561,6983,380,263
810,929,6984,1561,6984,380,263
810,929,6985,1561,6985,380,263
810,929,6986,1561,6986,380,263
810,929,6987,1561,6987,380,263
810,929,6988,1561,6988,380,263
810,929,6989,1561,6989,380,263
810,929,6990,1561,6990,380,263
810,929,6991,1561,6991,380,263
810,929,6992,1561,6992,380,263
810,929,6993,1561,6993,380,263
810,929,6994,1561,6994,380,263
810,929,6995,1561,6995,380,263
810,929,6996,1561,6996,380,263
810,929,6997,1561,6997,380,263
810,929,6998,1561,6998,380,263
810,929,6999,1561,6999,380,263
810,929,7000,1561,7000,380,263
810,929,7001,1561,7001,380,263
810,929,7002,1561,7002,380,263
810,929,7003,1561,7003,380,263
810,929,7004,1561,7004,380,263
810,929,7005,1561,7005,380,263
810,929,7006,1561,7006,380,263
810,929,7007,1561,7007,380,263
810,929,7008,1561,7008,380,263
810,929,7009,1561,7009,380,263
810,929,7010,1561,7010,380,263
810,929,7011,1561,7011,380,263
810,929,7012,1561,7012,380,263
810,929,7013,1561,7013,380,263
810,929,7014,1561,7014,380,263
810,929,7015,1561,7015,380,263
810,929,7016,1561,7016,380,263
810,929,7017,1561,7017,380,263
810,929,7018,1561,7018,380,263
810,929,7019,1561,7019,380,263
810,929,7020,1561,7020,380,263
810,929,7021,1561,7021,380,263
810,929,7022,1561,7022,380,263
810,929,7023,1561,7023,380,263
810,929,7024,1561,7024,380,263
810,929,7025,1561,7025,380,263
810,929,7026,1561,7026,380,263
810,929,7027,1561,7027,380,263
810,929,7028,1561,7028,380,263
810,929,7029,1561,7029,380,263
810,929,7030,1561,7030,380,263
810,929,7031,1561,7031,380,263
810,929,7032,1561,7032,380,263
810,929,7033,1561,7033,380,263
810,929,7034,1561,7034,380,263
810,929,7035,1561,7035,380,263
810,929,7036,1561,7036,380,263
810,929,7037,1561,7037,380,263
810,929,7038,1561,7038,380,263
810,929,7039,1561,7039,380,263
810,929,7040,1561,7040,380,263
810,929,7041,1561,7041,380,263
810,929,7042,1561,7042,380,263
810,929,7043,1561,7043,380,263
810,929,7044,1561,7044,380,263
810,929,7045,1561,7045,380,263
810,929,7046,1561,7046,380,263
810,929,7047,1561,7047,380,263
810,929,7048,1561,7048,380,263
809,929,7049,1561,7049,380,263
809,929,7050,1561,7050,380,263
809,929,7051,1561,7051,380,263
809,929,7052,1561,7052,380,263
809,929,7053,1561,7053,380,263
809,929,7054,1561,7054,380,263
809,929,7055,1561,7055,380,263
809,929,7056,1561,7056,380,263
809,929,7057,1561,7057,380,263
809,929,7058,1561,7058,380,263
809,929,7059,1561,7059,380,263
809,929,7060,1561,7060,380,263
809,929,7061,1561,7061,380,263
809,929,7062,1561,7062,380,263
809,929,7063,1561,7063,380,263
809,929,7064,1561,7064,380,263
809,929,7065,1561,7065,380,263
809,929,7066,1561,7066,380,263
809,929,7067,1561,7067,380,263
809,929,7068,1561,7068,380,263
809,929,7069,1561,7069,380,263
809,929,7070,1561,7070,380,263
809,929,7071,1561,7071,380,263
809,929,7072,1561,7072,380,263
809,929,7073,1561,7073,380,263
809,929,7074,1561,7074,380,263
809,929,7075,1561,7075,380,263
809,929,7076,1561,7076,380,263
809,929,7077,1561,7077,380,263
809,929,7078,1561,7078,380,263
809,929,7079,1561,7079,380,263
809,929,7080,1561,7080,380,263
809,929,7081,1561,7081,380,263
809,929,7082,1561,7082,380,263
809,929,7083,1561,7083,380,263
809,929,7084,1561,7084,380,263
809,929,7085,1561,7085,380,263
809,929,7086,1561,7086,380,263
809,929,7087,1561,7087,380,263
809,929,7088,1561,7088,380,263
809,929,7089,1561,7089,380,263
809,929,7090,1561,7090,380,263
809,929,7091,1561,7091,380,263
809,929,7092,1561,7092,380,263
809,929,7093,1561,7093,380,263
809,929,7094,1561,7094,380,263
809,929,7095,1561,7095,380,263
809,929,7096,1561,7096,380,263
809,929,7097,1561,7097,380,263
809,929,7098,1561,7098,380,263
809,929,7099,1561,7099,380,263
809,929,7100,1561,7100,380,263
809,929,7101,1561,7101,380,263
809,929,7102,1561,7102,380,263
809,929,7103,1561,7103,380,263
809,929,7104,1561,7104,380,263
809,929,7105,1561,7105,380,263
809,929,7106,1561,7106,380,263
809,929,7107,1561,7107,380,263
809,929,7108,1561,7108,380,263
809,929,7109,1561,7109,380,263
809,929,7110,1561,7110,380,263
809,929,7111,1561,7111,380,263
809,929,7112,1561,7112,380,263
809,929,7113,1561,7113,380,263
809,929,7114,1561,7114,380,263
809,929,7115,1561,7115,380,263
809,929,7116,1561,7116,380,263
809,929,7117,1561,7117,380,263
809,929,7118,1561,7118,380,263
809,929,7119,1561,7119,380,263
809,929,7120,1561,7120,380,263
809,929,7121,1561,7121,380,263
809,929,7122,1561,7122,380,263
809,929,7123,1561,7123,380,263
809,929,7124,1561,7124,380,263
809,929,7125,1561,7125,380,263
809,929,7126,1561,7126,380,263
809,929,7127,1561,7127,380,263
809,929,7128,1561,7128,380,263
809,929,7129,1561,7129,380,263
809,929,7130,1561,7130,380,263
809,929,7131,1561,7131,380,263
809,929,7132,1561,7132,380,263
809,929,7133,1561,7133,380,263
809,929,7134,1561,7134,380,263
809,929,7135,1561,7135,380,263
809,929,7136,1561,7136,380,263
809,929,7137,1561,7137,380,263
809,929,7138,1561,7138,380,263
809,929,7139,1561,7139,380,263
809,929,7140,1561,7140,380,263
809,929,7141,1561,7141,380,263
809,929,7142,1561,7142,380,263
809,929,7143,1561,7143,380,263
809,929,7144,1561,7144,380,263
809,929,7145,1561,7145,380,263
809,929,7146,1561,7146,380,263
809,929,7147,1561,7147,380,263
809,929,7148,1561,7148,380,263
809,929,7149,1561,7149,380,263
809,929,7150,1561,7150,380,263
809,929,7151,1561,7151,380,263
809,929,7152,1561,7152,380,263
809,929,7153,1561,7153,380,263
809,929,7154,1561,7154,380,263
809,929,7155,1561,7155,380,263
809,929,7156,1561,7156,380,263
809,929,7157,1561,7157,380,263
809,929,7158,1561,7158,380,263
809,929,7159,1561,7159,380,263
809,929,7160,1561,7160,380,263
809,929,7161,1561,7161,380,263
809,929,7162,1561,7162,380,263
809,929,7163,1561,7163,380,263
809,929,7164,1561,7164,380,263
809,929,7165,1561,7165,380,263
809,929,7166,1561,7166,380,263
809,929,7167,1561,7167,380,263
809,929,7168,1561,7168,380,263
809,929,7169,1561,7169,380,263
809,929,7170,1561,7170,380,263
809,929,7171,1561,7171,380,263
809,929,7172,1561,7172,380,263
809,929,7173,1561,7173,380,263
809,929,7174,1561,7174,380,263
809,929,7175,1561,7175,380,263
809,929,7176,1561,7176,380,263
809,929,7177,1561,7177,380,263
809,929,7178,1561,7178,380,263
809,929,7179,1561,7179,380,263
809,929,7180,1561,7180,380,263
809,929,7181,1561,7181,380,263
809,929,7182,1561,7182,380,263
809,929,7183,1561,7183,380,263
809,929,7184,1561,7184,380,263
809,929,7185,1561,7185,380,263
809,929,7186,1561,7186,380,263
809,929,7187,1561,7187,380,263
809,929,7188,1561,7188,380,263
809,929,7189,1561,7189,380,263
809,929,7190,1561,7190,380,263
809,929,7191,1561,7191,380,263
809,929,7192,1561,7192,380,263
809,929,7193,1561,7193,380,263
809,929,7194,1561,7194,380,263
809,929,7195,1561,7195,380,263
809,929,7196,1561,7196,380,263
809,929,7197,1561,7197,380,263
809,929,7198,1561,7198,380,263
809,929,7199,1561,7199,380,263
809,929,7200,1561,7200,380,263
809,929,7201,1561,7201,380,263
809,929,7202,1561,7202,380,263
809,929,7203,1561,7203,380,263
809,929,7204,1561,7204,380,263
809,929,7205,1561,7205,380,263
809,929,7206,1561,7206,380,263
809,929,7207,1561,7207,380,263
808,929,7208,1561,7208,380,263
808,929,7209,1561,7209,380,263
808,929,7210,1561,7210,380,263
808,929,7211,1561,7211,380,263
808,929,7212,1561,7212,380,263
808,929,7213,1561,7213,380,263
808,929,7214,1561,7214,380,263
808,929,7215,1561,7215,380,263
808,929,7216,1561,7216,380,263
808,929,7217,1561,7217,380,263
808,929,7218,1561,7218,380,263
808,929,7219,1561,7219,380,263
808,929,7220,1561,7220,380,263
808,929,7221,1561,7221,380,263
808,929,7222,1561,7222,380,263
808,929,7223,1561,7223,380,263
808,929,7224,1561,7224,380,263
808,929,7225,1561,7225,380,263
808,929,7226,1561,7226,380,263
808,929,7227,1561,7227,380,263
808,929,7228,1561,7228,380,263
808,929,7229,1561,7229,380,263
808,929,7230,1561,7230,380,263
808,929,7231,1561,7231,380,263
808,929,7232,1561,7232,380,263
808,929,7233,1561,7233,380,263
808,929,7234,1561,7234,380,263
808,929,7235,1561,7235,380,263
808,929,7236,1561,7236,380,263
808,929,7237,1561,7237,380,263
808,929,7238,1561,7238,380,263
808,929,7239,1561,7239,380,263
808,929,7240,1561,7240,380,263
808,929,7241,1561,7241,380,263
808,929,7242,1561,7242,380,263
808,929,7243,1561,7243,380,263
808,929,7244,1561,7244,380,263
808,929,7245,1561,7245,380,263
808,929,7246,1561,7246,380,263
808,929,7247,1561,7247,380,263
808,929,7248,1561,7248,380,263
808,929,7249,1561,7249,380,263
808,929,7250,1561,7250,380,263
808,929,7251,1561,7251,380,263
808,929,7252,1561,7252,380,263
808,929,7253,1561,7253,380,263
808,929,7254,1561,7254,380,263
808,929,7255,1561,7255,380,263
808,929,7256,1561,7256,380,263
808,929,7257,1561,7257,380,263
808,929,7258,1561,7258,380,263
808,929,7259,1561,7259,380,263
808,929,7260,1561,7260,380,263
808,929,7261,1561,7261,380,263
808,929,7262,1561,7262,380,263
808,929,7263,1561,7263,380,263
808,929,7264,1561,7264,380,263
808,929,7265,1561,7265,380,263
808,929,7266,1561,7266,380,263
808,929,7267,1561,7267,380,263
808,929,7268,1561,7268,380,263
808,929,7269,1561,7269,380,263
808,929,7270,1561,7270,380,263
808,929,7271,1561,7271,380,263
808,929,7272,1561,7272,380,263
808,929,7273,1561,7273,380,263
808,929,7274,1561,7274,380,263
808,929,7275,1561,7275,380,263
808,929,7276,1561,7276,380,263
808,929,7277,1561,7277,380,263
808,929,7278,1561,7278,380,263
808,929,7279,1561,7279,380,263
808,929,7280,1561,7280,380,263
808,929,7281,1561,7281,380,263
808,929,7282,1561,7282,380,263
808,929,7283,1561,7283,380,263
808,929,7284,1561,7284,380,263
808,929,7285,1561,7285,380,263
808,929,7286,1561,7286,380,263
808,929,7287,1561,7287,380,263
808,929,7288,1561,7288,380,263
808,929,7289,1561,7289,380,263
808,929,7290,1561,7290,380,263
808,929,7291,1561,7291,380,263
808,929,7292,1561,7292,380,263
808,929,7293,1561,7293,380,263
808,929,7294,1561,7294,380,263
808,929,7295,1561,7295,380,263
808,929,7296,1561,7296,380,263
808,929,7297,1561,7297,380,263
808,929,7298,1561,7298,380,263
808,929,7299,1561,7299,380,263
808,929,7300,1561,7300,380,263
808,929,7301,1561,7301,380,263
808,929,7302,1561,7302,380,263
808,929,7303,1561,7303,380,263
808,929,7304,1561,7304,380,263
808,929,7305,1561,7305,380,263
808,929,7306,1561,7306,380,263
808,929,7307,1561,7307,380,263
808,929,7308,1561,7308,380,263
808,929,7309,1561,7309,380,263
808,929,7310,1561,7310,380,263
808,929,7311,1561,7311,380,263
808,929,7312,1561,7312,380,263
808,929,7313,1561,7313,380,263
808,929,7314,1561,7314,380,263
808,929,7315,1561,7315,380,263
808,929,7316,1561,7316,380,263
808,929,7317,1561,7317,380,263
808,929,7318,1561,7318,380,263
808,929,7319,1561,7319,380,263
808,929,7320,1561,7320,380,263
808,929,7321,1561,7321,380,263
808,929,7322,1561,7322,380,263
808,929,7323,1561,7323,380,263
808,929,7324,1561,7324,380,263
808,929,7325,1561,7325,380,263
808,929,7326,1561,7326,380,263
808,929,7327,1561,7327,380,263
808,929,7328,1561,7328,380,263
808,929,7329,1561,7329,380,263
808,929,7330,1561,7330,380,263
808,929,7331,1561,7331,380,263
808,929,7332,1561,7332,380,263
808,929,7333,1561,7333,380,263
808,929,7334,1561,7334,380,263
808,929,7335,1561,7335,380,263
808,929,7336,1561,7336,380,263
808,929,7337,1561,7337,380,263
808,929,7338,1561,7338,380,263
808,929,7339,1561,7339,380,263
808,929,7340,1561,7340,380,263
808,929,7341,1561,7341,380,263
808,929,7342,1561,7342,380,263
808,929,7343,1561,7343,380,263
808,929,7344,1561,7344,380,263
808,929,7345,1561,7345,380,263
808,929,7346,1561,7346,380,263
808,929,7347,1561,7347,380,263
808,929,7348,1561,7348,380,263
808,929,7349,1561,7349,380,263
808,929,7350,1561,7350,380,263
808,929,7351,1561,7351,380,263
808,929,7352,1561,7352,380,263
808,929,7353,1561,7353,380,263
808,929,7354,1561,7354,380,263
808,929,7355,1561,7355,380,263
808,929,7356,1561,7356,380,263
808,929,7357,1561,7357,380,263
808,929,7358,1561,7358,380,263
808,929,7359,1561,7359,380,263
808,929,7360,1561,7360,380,263
808,929,7361,1561,7361,380,263
808,929,7362,1561,7362,380,263
808,929,7363,1561,7363,380,263
808,929,7364,1561,7364,380,263
808,929,7365,1561,7365,380,263
808,929,7366,1561,7366,380,263
808,929,7367,1561,7367,380,263
808,929,7368,1561,7368,380,263
808,929,7369,1561,7369,380,263
808,929,7370,1561,7370,380,263
808,929,7371,1561,7371,380,263
808,929,7372,1561,7372,380,263
808,929,7373,1561,7373,380,263
808,929,7374,1561,7374,380,263
808,929,7375,1561,7375,380,263
808,929,7376,1561,7376,380,263
808,929,7377,1561,7377,380,263
808,929,7378,1561,7378,380,263
808,929,7379,1561,7379,380,263
808,929,7380,1561,7380,380,263
808,929,7381,1561,7381,380,263
808,929,7382,1561,7382,380,263
808,929,7383,1561,7383,380,263
808,929,7384,1561,7384,380,263
808,929,7385,1561,7385,380,263
808,929,7386,1561,7386,380,263
808,929,7387,1561,7387,380,263
808,929,7388,1561,7388,380,263
808,929,7389,1561,7389,380,263
808,929,7390,1561,7390,380,263
808,929,7391,1561,7391,380,263
808,929,7392,1561,7392,380,263
808,929,7393,1561,7393,380,263
808,929,7394,1561,7394,380,263
808,929,7395,1561,7395,380,263
808,929,7396,1561,7396,380,263
808,929,7397,1561,7397,380,263
808,929,7398,1561,7398,380,263
808,929,7399,1561,7399,380,263
808,929,7400,1561,7400,380,263
808,929,7401,1561,7401,380,263
808,929,7402,1561,7402,380,263
808,929,7403,1561,7403,380,263
808,929,7404,1561,7404,380,263
808,929,7405,1561,7405,380,263
808,929,7406,1561,7406,380,263
808,929,7407,1561,7407,380,263
808,929,7408,1561,7408,380,263
808,929,7409,1561,7409,380,263
808,929,7410,1561,7410,380,263
808,929,7411,1561,7411,380,263
808,929,7412,1561,7412,380,263
808,929,7413,1561,7413,380,263
808,929,7414,1561,7414,380,263
808,929,7415,1561,7415,380,263
808,929,7416,1561,7416,380,263
808,929,7417,1561,7417,380,263
808,929,7418,1561,7418,380,263
808,929,7419,1561,7419,380,263
808,929,7420,1561,7420,380,263
808,929,7421,1561,7421,380,263
808,929,7422,1561,7422,380,263
808,929,7423,1561,7423,380,263
808,929,7424,1561,7424,380,263
808,929,7425,1561,7425,380,263
808,929,7426,1561,7426,380,263
808,929,7427,1561,7427,380,263
808,929,7428,1561,7428,380,263
808,929,7429,1561,7429,380,263
808,929,7430,1561,7430,380,263
808,929,7431,1561,7431,380,263
808,929,7432,1561,7432,380,263
808,929,7433,1561,7433,380,263
808,929,7434,1561,7434,380,263
808,929,7435,1561,7435,380,263
808,929,7436,1561,7436,380,263
808,929,7437,1561,7437,380,263
808,929,7438,1561,7438,380,263
808,929,7439,1561,7439,380,263
808,929,7440,1561,7440,380,263
808,929,7441,1561,7441,380,263
808,929,7442,1561,7442,380,263
808,929,7443,1561,7443,380,263
808,929,7444,1561,7444,380,263
808,929,7445,1561,7445,380,263
808,929,7446,1561,7446,380,263
808,929,7447,1561,7447,380,263
808,929,7448,1561,7448,380,263
808,929,7449,1561,7449,380,263
808,929,7450,1561,7450,380,263
808,929,7451,1561,7451,380,263
808,929,7452,1561,7452,380,263
808,929,7453,1561,7453,380,263
808,929,7454,1561,7454,380,263
808,929,7455,1561,7455,380,263
808,929,7456,1561,7456,380,263
808,929,7457,1561,7457,380,263
808,929,7458,1561,7458,380,263
808,929,7459,1561,7459,380,263
808,929,7460,1561,7460,380,263
808,929,7461,1561,7461,380,263
808,929,7462,1561,7462,380,263
808,929,7463,1561,7463,380,263
808,929,7464,1561,7464,380,263
808,929,7465,1561,7465,380,263
808,929,7466,1561,7466,380,263
808,929,7467,1561,7467,380,263
808,929,7468,1561,7468,380,263
808,929,7469,1561,7469,380,263
808,929,7470,1561,7470,380,263
808,929,7471,1561,7471,380,263
808,929,7472,1561,7472,380,263
808,929,7473,1561,7473,380,263
808,929,7474,1561,7474,380,263
808,929,7475,1561,7475,380,263
808,929,7476,1561,7476,380,263
808,929,7477,1561,7477,380,263
808,929,7478,1561,7478,380,263
808,929,7479,1561,7479,380,263
808,929,7480,1561,7480,380,263
808,929,7481,1561,7481,380,263
808,929,7482,1561,7482,380,263
808,929,7483,1561,7483,380,263
808,929,7484,1561,7484,380,263
808,929,7485,1561,7485,380,263
808,929,7486,1561,7486,380,263
808,929,7487,1561,7487,380,263
808,929,7488,1561,7488,380,263
808,929,7489,1561,7489,380,263
808,929,7490,1561,7490,380,263
808,929,7491,1561,7491,380,263
808,929,7492,1561,7492,380,263
808,929,7493,1561,7493,380,263
808,929,7494,1561,7494,380,263
808,929,7495,1561,7495,380,263
808,929,7496,1561,7496,380,263
808,929,7497,1561,7497,380,263
808,929,7498,1561,7498,380,263
808,929,7499,1561,7499,380,263
808,929,7500,1561,7500,380,263
808,929,7501,1561,7501,380,263
808,929,7502,1561,7502,380,263
808,929,7503,1561,7503,380,263
808,929,7504,1561,7504,380,263
808,929,7505,1561,7505,380,263
808,929,7506,1561,7506,380,263
808,929,7507,1561,7507,380,263
808,929,7508,1561,7508,380,263
808,929,7509,1561,7509,380,263
808,929,7510,1561,7510,380,263
808,929,7511,1561,7511,380,263
808,929,7512,1561,7512,380,263
808,929,7513,1561,7513,380,263
808,929,7514,1561,7514,380,263
808,929,7515,1561,7515,380,263
808,929,7516,1561,7516,380,263
808,929,7517,1561,7517,380,263
808,929,7518,1561,7518,380,263
808,929,7519,1561,7519,380,263
808,929,7520,1561,7520,380,263
808,929,7521,1561,7521,380,263
808,929,7522,1561,7522,380,263
808,929,7523,1561,7523,380,263
808,929,7524,1561,7524,380,263
808,929,7525,1561,7525,380,263
808,929,7526,1561,7526,380,263
808,929,7527,1561,7527,380,263
808,929,7528,1561,7528,380,263
808,929,7529,1561,7529,380,263
808,929,7530,1561,7530,380,263
808,929,7531,1561,7531,380,263
808,929,7532,1561,7532,380,263
808,929,7533,1561,7533,380,263
808,929,7534,1561,7534,380,263
808,929,7535,1561,7535,380,263
808,929,7536,1561,7536,380,263
808,929,7537,1561,7537,380,263
808,929,7538,1561,7538,380,263
808,929,7539,1561,7539,380,263
808,929,7540,1561,7540,380,263
808,929,7541,1561,7541,380,263
808,929,7542,1561,7542,380,263
808,929,7543,1561,7543,380,263
808,929,7544,1561,7544,380,263
808,929,7545,1561,7545,380,263
808,929,7546,1561,7546,380,263
808,929,7547,1561,7547,380,263
808,929,7548,1561,7548,380,263
808,929,7549,1561,7549,380,263
808,929,7550,1561,7550,380,263
808,929,7551,1561,7551,380,263
808,929,7552,1561,7552,380,263
808,929,7553,1561,7553,380,263
808,929,7554,1561,7554,380,263
808,929,7555,1561,7555,380,263
808,929,7556,1561,7556,380,263
808,929,7557,1561,7557,380,263
808,929,7558,1561,7558,380,263
808,929,7559,1561,7559,380,263
808,929,7560,1561,7560,380,263
808,929,7561,1561,7561,380,263
808,929,7562,1561,7562,380,263
808,929,7563,1561,7563,380,263
808,929,7564,1561,7564,380,263
808,929,7565,1561,7565,380,263
808,929,7566,1561,7566,380,263
808,929,7567,1561,7567,380,263
808,929,7568,1561,7568,380,263
808,929,7569,1561,7569,380,263
808,929,7570,1561,7570,380,263
808,929,7571,1561,7571,380,263
808,929,7572,1561,7572,380,263
808,929,7573,1561,7573,380,263
808,929,7574,1561,7574,380,263
808,929,7575,1561,7575,380,263
808,929,7576,1561,7576,380,263
807,929,7577,1561,7577,380,262
807,929,7578,1561,7578,380,262
807,929,7579,1561,7579,380,262
807,929,7580,1561,7580,380,262
807,929,7581,1561,7581,380,262
807,929,7582,1561,7582,380,262
807,929,7583,1561,7583,380,262
807,929,7584,1561,7584,380,262
806,929,7585,1561,7585,380,262
806,929,7586,1561,7586,380,262
806,929,7587,1561,7587,380,262
806,929,7588,1561,7588,380,262
806,929,7589,1561,7589,380,262
806,929,7590,1561,7590,380,262
806,929,7591,1561,7591,380,262
806,929,7592,1561,7592,380,262
806,929,7593,1561,7593,380,262
806,929,7594,1561,7594,380,262
806,929,7595,1561,7595,380,262
806,929,7596,1561,7596,380,262
806,929,7597,1561,7597,380,262
806,929,7598,1561,7598,380,262
806,929,7599,1561,7599,380,262
806,929,7600,1561,7600,380,262
806,929,7601,1561,7601,380,262
806,929,7602,1561,7602,380,262
806,929,7603,1561,7603,380,262
806,929,7604,1561,7604,380,262
806,929,7605,1561,7605,380,262
806,929,7606,1561,7606,380,262
806,929,7607,1561,7607,380,262
806,929,7608,1561,7608,380,262
806,929,7609,1561,7609,380,262
806,929,7610,1561,7610,380,262
806,929,7611,1561,7611,380,262
806,929,7612,1561,7612,380,262
806,929,7613,1561,7613,380,262
806,929,7614,1561,7614,380,262
806,929,7615,1561,7615,380,262
806,929,7616,1561,7616,380,262
806,929,7617,1561,7617,380,262
806,929,7618,1561,7618,380,262
806,929,7619,1561,7619,380,262
806,929,7620,1561,7620,380,262
806,929,7621,1561,7621,380,262
806,929,7622,1561,7622,380,262
806,929,7623,1561,7623,380,262
806,929,7624,1561,7624,380,262
806,929,7625,1561,7625,380,262
806,929,7626,1561,7626,380,262
806,929,7627,1561,7627,380,262
806,929,7628,1561,7628,380,262
806,929,7629,1561,7629,380,262
806,929,7630,1561,7630,380,262
806,929,7631,1561,7631,380,262
806,929,7632,1561,7632,380,262
806,929,7633,1561,7633,380,262
806,929,7634,1561,7634,380,262
806,929,7635,1561,7635,380,262
806,929,7636,1561,7636,380,262
806,929,7637,1561,7637,380,262
806,929,7638,1561,7638,380,262
806,929,7639,1561,7639,380,262
806,929,7640,1561,7640,380,262
806,929,7641,1561,7641,380,262
806,929,7642,1561,7642,380,262
806,929,7643,1561,7643,380,262
806,929,7644,1561,7644,380,262
806,929,7645,1561,7645,380,262
806,929,7646,1561,7646,380,262
806,929,7647,1561,7647,380,262
806,929,7648,1561,7648,380,262
806,929,7649,1561,7649,380,262
806,929,7650,1561,7650,380,262
806,929,7651,1561,7651,380,262
806,929,7652,1561,7652,380,262
806,929,7653,1561,7653,380,262
806,929,7654,1561,7654,380,262
806,929,7655,1561,7655,380,262
806,929,7656,1561,7656,380,262
806,929,7657,1561,7657,380,262
806,929,7658,1561,7658,380,262
806,929,7659,1561,7659,380,262
806,929,7660,1561,7660,380,262
806,929,7661,1561,7661,380,262
806,929,7662,1561,7662,380,262
806,929,7663,1561,7663,380,262
806,929,7664,1561,7664,380,262
806,929,7665,1561,7665,380,262
806,929,7666,1561,7666,380,262
806,929,7667,1561,7667,380,262
806,929,7668,1561,7668,380,262
806,929,7669,1561,7669,380,262
806,929,7670,1561,7670,380,262
806,929,7671,1561,7671,380,262
806,929,7672,1561,7672,380,262
806,929,7673,1561,7673,380,262
806,929,7674,1561,7674,380,262
806,929,7675,1561,7675,380,262
806,929,7676,1561,7676,380,262
806,929,7677,1561,7677,380,262
806,929,7678,1561,7678,380,262
806,929,7679,1561,7679,380,262
806,929,7680,1561,7680,380,262
806,929,7681,1561,7681,380,262
806,929,7682,1561,7682,380,262
806,929,7683,1561,7683,380,262
806,929,7684,1561,7684,380,262
806,929,7685,1561,7685,380,262
806,929,7686,1561,7686,380,262
806,929,7687,1561,7687,380,262
806,929,7688,1561,7688,380,262
806,929,7689,1561,7689,380,262
806,929,7690,1561,7690,380,262
806,929,7691,1561,7691,380,262
806,929,7692,1561,7692,380,262
806,929,7693,1561,7693,380,262
806,929,7694,1561,7694,380,262
806,929,7695,1561,7695,380,262
806,929,7696,1561,7696,380,262
806,929,7697,1561,7697,380,262
806,929,7698,1561,7698,380,262
806,929,7699,1561,7699,380,262
806,929,7700,1561,7700,380,262
806,929,7701,1561,7701,380,262
806,929,7702,1561,7702,380,262
806,929,7703,1561,7703,380,262
806,929,7704,1561,7704,380,262
806,929,7705,1561,7705,380,262
806,929,7706,1561,7706,380,262
806,929,7707,1561,7707,380,262
806,929,7708,1561,7708,380,262
806,929,7709,1561,7709,380,262
806,929,7710,1561,7710,380,262
806,929,7711,1561,7711,380,262
806,929,7712,1561,7712,380,262
806,929,7713,1561,7713,380,262
806,929,7714,1561,7714,380,262
806,929,7715,1561,7715,380,262
806,929,7716,1561,7716,380,262
806,929,7717,1561,7717,380,262
807,929,7718,1561,7718,380,262
807,929,7719,1561,7719,380,262
808,929,7720,1561,7720,380,262
808,929,7721,1561,7721,380,262
808,929,7722,1561,7722,380,262
808,929,7723,1561,7723,380,262
808,929,7724,1561,7724,380,262
808,929,7725,1561,7725,380,262
808,929,7726,1561,7726,380,262
808,929,7727,1561,7727,380,262
808,929,7728,1561,7728,380,262
808,929,7729,1561,7729,380,262
808,929,7730,1561,7730,380,262
808,929,7731,1561,7731,380,262
808,929,7732,1561,7732,380,262
808,929,7733,1561,7733,380,262
808,929,7734,1561,7734,380,262
808,929,7735,1561,7735,380,262
808,929,7736,1561,7736,380,262
808,929,7737,1561,7737,380,262
808,929,7738,1561,7738,380,262
808,929,7739,1561,7739,380,262
808,929,7740,1561,7740,380,262
808,929,7741,1561,7741,380,262
808,929,7742,1561,7742,380,262
808,929,7743,1561,7743,380,262
808,929,7744,1561,7744,380,262
808,929,7745,1561,7745,380,262
808,929,7746,1561,7746,380,262
808,929,7747,1561,7747,380,262
808,929,7748,1561,7748,380,262
808,929,7749,1561,7749,380,262
808,929,7750,1561,7750,380,262
808,929,7751,1561,7751,380,262
808,929,7752,1561,7752,380,262
807,929,7753,1561,7753,380,261
807,929,7754,1561,7754,380,261
807,929,7755,1561,7755,380,261
807,929,7756,1561,7756,380,261
807,929,7757,1561,7757,380,261
807,929,7758,1561,7758,380,261
807,929,7759,1561,7759,380,261
807,929,7760,1561,7760,380,261
807,929,7761,1561,7761,380,261
807,929,7762,1561,7762,380,261
807,929,7763,1561,7763,380,261
807,929,7764,1561,7764,380,261
807,929,7765,1561,7765,380,261
807,929,7766,1561,7766,380,261
807,929,7767,1561,7767,380,261
807,929,7768,1561,7768,380,261
807,929,7769,1561,7769,380,261
807,929,7770,1561,7770,380,261
807,929,7771,1561,7771,380,261
807,929,7772,1561,7772,380,261
807,929,7773,1561,7773,380,261
807,929,7774,1561,7774,380,261
807,929,7775,1561,7775,380,261
807,929,7776,1561,7776,380,261
807,929,7777,1561,7777,380,261
807,929,7778,1561,7778,380,261
807,929,7779,1561,7779,380,261
807,929,7780,1561,7780,380,261
807,929,7781,1561,7781,380,261
807,929,7782,1561,7782,380,261
807,929,7783,1561,7783,380,261
807,929,7784,1561,7784,380,261
807,929,7785,1561,7785,380,261
807,929,7786,1561,7786,380,261
807,929,7787,1561,7787,380,261
807,929,7788,1561,7788,380,261
807,929,7789,1561,7789,380,261
807,929,7790,1561,7790,380,261
807,929,7791,1561,7791,380,261
807,929,7792,1561,7792,380,261
807,929,7793,1561,7793,380,261
807,929,7794,1561,7794,380,261
807,929,7795,1561,7795,380,261
807,929,7796,1561,7796,380,261
807,929,7797,1561,7797,380,261
807,929,7798,1561,7798,380,261
807,929,7799,1561,7799,380,261
807,929,7800,1561,7800,380,261
807,929,7801,1561,7801,380,261
807,929,7802,1561,7802,380,261
807,929,7803,1561,7803,380,261
807,929,7804,1561,7804,380,261
807,929,7805,1561,7805,380,261
807,929,7806,1561,7806,380,261
807,929,7807,1561,7807,380,261
807,929,7808,1561,7808,380,261
807,929,7809,1561,7809,380,261
807,929,7810,1561,7810,380,261
807,929,7811,1561,7811,380,261
807,929,7812,1561,7812,380,261
807,929,7813,1561,7813,380,261
807,929,7814,1561,7814,380,261
807,929,7815,1561,7815,380,261
807,929,7816,1561,7816,380,261
807,929,7817,1561,7817,380,261
807,929,7818,1561,7818,380,261
807,929,7819,1561,7819,380,261
807,929,7820,1561,7820,380,261
807,929,7821,1561,7821,380,261
807,929,7822,1561,7822,380,261
807,929,7823,1561,7823,380,261
807,929,7824,1561,7824,380,261
807,929,7825,1561,7825,380,261
807,929,7826,1561,7826,380,261
807,929,7827,1561,7827,380,261
807,929,7828,1561,7828,380,261
807,929,7829,1561,7829,380,261
807,929,7830,1561,7830,380,261
807,929,7831,1561,7831,380,261
807,929,7832,1561,7832,380,261
807,929,7833,1561,7833,380,261
807,929,7834,1561,7834,380,261
807,929,7835,1561,7835,380,261
807,929,7836,1561,7836,380,261
807,929,7837,1561,7837,380,261
807,929,7838,1561,7838,380,261
807,929,7839,1561,7839,380,261
807,929,7840,1561,7840,380,261
807,929,7841,1561,7841,380,261
807,929,7842,1561,7842,380,261
807,929,7843,1561,7843,380,261
807,929,7844,1561,7844,380,261
807,929,7845,1561,7845,380,261
807,929,7846,1561,7846,380,261
807,929,7847,1561,7847,380,261
807,929,7848,1561,7848,380,261
807,929,7849,1561,7849,380,261
807,929,7850,1561,7850,380,261
807,929,7851,1561,7851,380,261
807,929,7852,1561,7852,380,261
807,929,7853,1561,7853,380,261
807,929,7854,1561,7854,380,261
807,929,7855,1561,7855,380,261
807,929,7856,1561,7856,380,261
807,929,7857,1561,7857,380,261
807,929,7858,1561,7858,380,261
807,929,7859,1561,7859,380,261
807,929,7860,1561,7860,380,261
807,929,7861,1561,7861,380,261
807,929,7862,1561,7862,380,261
807,929,7863,1561,7863,380,261
807,929,7864,1561,7864,380,261
807,929,7865,1561,7865,380,261
807,929,7866,1561,7866,380,261
807,929,7867,1561,7867,380,261
807,929,7868,1561,7868,380,261
807,929,7869,1561,7869,380,261
807,929,7870,1561,7870,380,261
807,929,7871,1561,7871,380,261
807,929,7872,1561,7872,380,261
807,929,7873,1561,7873,380,261
807,929,7874,1561,7874,380,261
807,929,7875,1561,7875,380,261
807,929,7876,1561,7876,380,261
807,929,7877,1561,7877,380,261
807,929,7878,1561,7878,380,261
807,929,7879,1561,7879,380,261
807,929,7880,1561,7880,380,261
807,929,7881,1561,7881,380,261
807,929,7882,1561,7882,380,261
807,929,7883,1561,7883,380,261
807,929,7884,1561,7884,380,261
807,929,7885,1561,7885,380,261
807,929,7886,1561,7886,380,261
807,929,7887,1561,7887,380,261
807,929,7888,1561,7888,380,261
807,929,7889,1561,7889,380,261
807,929,7890,1561,7890,380,261
807,929,7891,1561,7891,380,261
807,929,7892,1561,7892,380,261
807,929,7893,1561,7893,380,261
807,929,7894,1561,7894,380,261
807,929,7895,1561,7895,380,261
807,929,7896,1561,7896,380,261
807,929,7897,1561,7897,380,261
807,929,7898,1561,7898,380,261
807,929,7899,1561,7899,380,261
807,929,7900,1561,7900,380,261
807,929,7901,1561,7901,380,261
807,929,7902,1561,7902,380,261
807,929,7903,1561,7903,380,261
807,929,7904,1561,7904,380,261
807,929,7905,1561,7905,380,261
807,929,7906,1561,7906,380,261
807,929,7907,1561,7907,380,261
807,929,7908,1561,7908,380,261
807,929,7909,1561,7909,380,261
807,929,7910,1561,7910,380,261
807,929,7911,1561,7911,380,261
807,929,7912,1561,7912,380,261
807,929,7913,1561,7913,380,261
807,929,7914,1561,7914,380,261
807,929,7915,1561,7915,380,261
807,929,7916,1561,7916,380,261
807,929,7917,1561,7917,380,261
807,929,7918,1561,7918,380,261
807,929,7919,1561,7919,380,261
807,929,7920,1561,7920,380,261
807,929,7921,1561,7921,380,261
807,929,7922,1561,7922,380,261
807,929,7923,1561,7923,380,261
807,929,7924,1561,7924,380,261
807,929,7925,1561,7925,380,261
807,929,7926,1561,7926,380,261
807,929,7927,1561,7927,380,261
807,929,7928,1561,7928,380,261
807,929,7929,1561,7929,380,261
807,929,7930,1561,7930,380,261
807,929,7931,1561,7931,380,261
807,929,7932,1561,7932,380,261
807,929,7933,1561,7933,380,261
807,929,7934,1561,7934,380,261
807,929,7935,1561,7935,380,261
807,929,7936,1561,7936,380,261
807,929,7937,1561,7937,380,261
807,929,7938,1561,7938,380,261
807,929,7939,1561,7939,380,261
807,929,7940,1561,7940,380,261
807,929,7941,1561,7941,380,261
807,929,7942,1561,7942,380,261
807,929,7943,1561,7943,380,261
807,929,7944,1561,7944,380,261
807,929,7945,1561,7945,380,261
807,929,7946,1561,7946,380,261
807,929,7947,1561,7947,380,261
807,929,7948,1561,7948,380,261
807,929,7949,1561,7949,380,261
807,929,7950,1561,7950,380,261
807,929,7951,1561,7951,380,261
807,929,7952,1561,7952,380,261
807,929,7953,1561,7953,380,261
807,929,7954,1561,7954,380,261
807,929,7955,1561,7955,380,261
807,929,7956,1561,7956,380,261
807,929,7957,1561,7957,380,261
807,929,7958,1561,7958,380,261
807,929,7959,1561,7959,380,261
807,929,7960,1561,7960,380,261
807,929,7961,1561,7961,380,261
807,929,7962,1561,7962,380,261
807,929,7963,1561,7963,380,261
807,929,7964,1561,7964,380,261
807,929,7965,1561,7965,380,261
807,929,7966,1561,7966,380,261
807,929,7967,1561,7967,380,261
807,929,7968,1561,7968,380,261
807,929,7969,1561,7969,380,261
807,929,7970,1561,7970,380,261
807,929,7971,1561,7971,380,261
807,929,7972,1561,7972,380,261
807,929,7973,1561,7973,380,261
807,929,7974,1561,7974,380,261
807,929,7975,1561,7975,380,261
807,929,7976,1561,7976,380,261
807,929,7977,1561,7977,380,261
807,929,7978,1561,7978,380,261
807,929,7979,1561,7979,380,261
807,929,7980,1561,7980,380,261
807,929,7981,1561,7981,380,261
807,929,7982,1561,7982,380,261
807,929,7983,1561,7983,380,261
807,929,7984,1561,7984,380,261
807,929,7985,1561,7985,380,261
807,929,7986,1561,7986,380,261
807,929,7987,1561,7987,380,261
807,929,7988,1561,7988,380,261
807,929,7989,1561,7989,380,261
807,929,7990,1561,7990,380,261
807,929,7991,1561,7991,380,261
807,929,7992,1561,7992,380,261
807,929,7993,1561,7993,380,261
807,929,7994,1561,7994,380,261
807,929,7995,1561,7995,380,261
807,929,7996,1561,7996,380,261
807,929,7997,1561,7997,380,261
807,929,7998,1561,7998,380,261
807,929,7999,1561,7999,380,261
807,929,8000,1561,8000,380,261
807,929,8001,1561,8001,380,261
807,929,8002,1561,8002,380,261
807,929,8003,1561,8003,380,261
807,929,8004,1561,8004,380,261
807,929,8005,1561,8005,380,261
807,929,8006,1561,8006,380,261
807,929,8007,1561,8007,380,261
807,929,8008,1561,8008,380,261
807,929,8009,1561,8009,380,261
807,929,8010,1561,8010,380,261
807,929,8011,1561,8011,380,261
807,929,8012,1561,8012,380,261
807,929,8013,1561,8013,380,261
807,929,8014,1561,8014,380,261
807,929,8015,1561,8015,380,261
807,929,8016,1561,8016,380,261
807,929,8017,1561,8017,380,261
807,929,8018,1561,8018,380,261
807,929,8019,1561,8019,380,261
807,929,8020,1561,8020,380,261
807,929,8021,1561,8021,380,261
807,929,8022,1561,8022,380,261
807,929,8023,1561,8023,380,261
807,929,8024,1561,8024,380,261
807,929,8025,1561,8025,380,261
807,929,8026,1561,8026,380,261
807,929,8027,1561,8027,380,261
807,929,8028,1561,8028,380,261
807,929,8029,1561,8029,380,261
807,929,8030,1561,8030,380,261
807,929,8031,1561,8031,380,261
807,929,8032,1561,8032,380,261
807,929,8033,1561,8033,380,261
807,929,8034,1561,8034,380,261
807,929,8035,1561,8035,380,261
807,929,8036,1561,8036,380,261
807,929,8037,1561,8037,380,261
807,929,8038,1561,8038,380,261
807,929,8039,1561,8039,380,261
807,929,8040,1561,8040,380,261
807,929,8041,1561,8041,380,261
807,929,8042,1561,8042,380,261
807,929,8043,1561,8043,380,261
807,929,8044,1561,8044,380,261
807,929,8045,1561,8045,380,261
806,929,8046,1561,8046,380,260
806,929,8047,1561,8047,380,260
806,929,8048,1561,8048,380,260
806,929,8049,1561,8049,380,260
806,929,8050,1561,8050,380,260
806,929,8051,1561,8051,380,260
806,929,8052,1561,8052,380,260
806,929,8053,1561,8053,380,260
806,929,8054,1561,8054,380,260
806,929,8055,1561,8055,380,260
806,929,8056,1561,8056,380,260
806,929,8057,1561,8057,380,260
806,929,8058,1561,8058,380,260
806,929,8059,1561,8059,380,260
806,929,8060,1561,8060,380,260
806,929,8061,1561,8061,380,260
806,929,8062,1561,8062,380,260
806,929,8063,1561,8063,380,260
806,929,8064,1561,8064,380,260
806,929,8065,1561,8065,380,260
806,929,8066,1561,8066,380,260
806,929,8067,1561,8067,380,260
806,929,8068,1561,8068,380,260
806,929,8069,1561,8069,380,260
806,929,8070,1561,8070,380,260
806,929,8071,1561,8071,380,260
806,929,8072,1561,8072,380,260
806,929,8073,1561,8073,380,260
806,929,8074,1561,8074,380,260
806,929,8075,1561,8075,380,260
806,929,8076,1561,8076,380,260
806,929,8077,1561,8077,380,260
806,929,8078,1561,8078,380,260
806,929,8079,1561,8079,380,260
806,929,8080,1561,8080,380,260
806,929,8081,1561,8081,380,260
806,929,8082,1561,8082,380,260
806,929,8083,1561,8083,380,260
806,929,8084,1561,8084,380,260
806,929,8085,1561,8085,380,260
806,929,8086,1561,8086,380,260
806,929,8087,1561,8087,380,260
806,929,8088,1561,8088,380,260
806,929,8089,1561,8089,380,260
806,929,8090,1561,8090,380,260
806,929,8091,1561,8091,380,260
806,929,8092,1561,8092,380,260
806,929,8093,1561,8093,380,260
806,929,8094,1561,8094,380,260
806,929,8095,1561,8095,380,260
806,929,8096,1561,8096,380,260
806,929,8097,1561,8097,380,260
806,929,8098,1561,8098,380,260
806,929,8099,1561,8099,380,260
806,929,8100,1561,8100,380,260
806,929,8101,1561,8101,380,260
806,929,8102,1561,8102,380,260
806,929,8103,1561,8103,380,260
806,929,8104,1561,8104,380,260
806,929,8105,1561,8105,380,260
806,929,8106,1561,8106,380,260
806,929,8107,1561,8107,380,260
806,929,8108,1561,8108,380,260
806,929,8109,1561,8109,380,260
806,929,8110,1561,8110,380,260
806,929,8111,1561,8111,380,260
806,929,8112,1561,8112,380,260
806,929,8113,1561,8113,380,260
806,929,8114,1561,8114,380,260
806,929,8115,1561,8115,380,260
806,929,8116,1561,8116,380,260
806,929,8117,1561,8117,380,260
807,929,8118,1561,8118,380,260
807,929,8119,1561,8119,380,260
807,929,8120,1561,8120,380,260
807,929,8121,1561,8121,380,260
807,929,8122,1561,8122,380,260
807,929,8123,1561,8123,380,260
807,929,8124,1561,8124,380,260
807,929,8125,1561,8125,380,260
807,929,8126,1561,8126,380,260
807,929,8127,1561,8127,380,260
807,929,8128,1561,8128,380,260
807,929,8129,1561,8129,380,260
807,929,8130,1561,8130,380,260
807,929,8131,1561,8131,380,260
807,929,8132,1561,8132,380,260
807,929,8133,1561,8133,380,260
807,929,8134,1561,8134,380,260
807,929,8135,1561,8135,380,260
807,929,8136,1561,8136,380,260
807,929,8137,1561,8137,380,260
807,929,8138,1561,8138,380,260
807,929,8139,1561,8139,380,260
807,929,8140,1561,8140,380,260
807,929,8141,1561,8141,380,260
807,929,8142,1561,8142,380,260
807,929,8143,1561,8143,380,260
807,929,8144,1561,8144,380,260
807,929,8145,1561,8145,380,260
807,929,8146,1561,8146,380,260
807,929,8147,1561,8147,380,260
807,929,8148,1561,8148,380,260
807,929,8149,1561,8149,380,260
807,929,8150,1561,8150,380,260
807,929,8151,1561,8151,380,260
807,929,8152,1561,8152,380,260
807,929,8153,1561,8153,380,260
807,929,8154,1561,8154,380,260
807,929,8155,1561,8155,380,260
807,929,8156,1561,8156,380,260
807,929,8157,1561,8157,380,260
807,929,8158,1561,8158,380,260
807,929,8159,1561,8159,380,260
807,929,8160,1561,8160,380,260
807,929,8161,1561,8161,380,260
807,929,8162,1561,8162,380,260
807,929,8163,1561,8163,380,260
807,929,8164,1561,8164,380,260
807,929,8165,1561,8165,380,260
807,929,8166,1561,8166,380,260
807,929,8167,1561,8167,380,260
807,929,8168,1561,8168,380,260
807,929,8169,1561,8169,380,260
807,929,8170,1561,8170,380,260
807,929,8171,1561,8171,380,260
807,929,8172,1561,8172,380,260
807,929,8173,1561,8173,380,260
807,929,8174,1561,8174,380,260
807,929,8175,1561,8175,380,260
807,929,8176,1561,8176,380,260
807,929,8177,1561,8177,380,260
807,929,8178,1561,8178,380,260
807,929,8179,1561,8179,380,260
807,929,8180,1561,8180,380,260
807,929,8181,1561,8181,380,260
807,929,8182,1561,8182,380,260
807,929,8183,1561,8183,380,260
807,929,8184,1561,8184,380,260
807,929,8185,1561,8185,380,260
807,929,8186,1561,8186,380,260
807,929,8187,1561,8187,380,260
807,929,8188,1561,8188,380,260
807,929,8189,1561,8189,380,260
807,929,8190,1561,8190,380,260
807,929,8191,1561,8191,380,260
807,929,8192,1561,8192,380,260
807,929,8193,1561,8193,380,260
807,929,8194,1561,8194,380,260
807,929,8195,1561,8195,380,260
807,929,8196,1561,8196,380,260
807,929,8197,1561,8197,380,260
807,929,8198,1561,8198,380,260
807,929,8199,1561,8199,380,260
807,929,8200,1561,8200,380,260
807,929,8201,1561,8201,380,260
807,929,8202,1561,8202,380,260
807,929,8203,1561,8203,380,260
807,929,8204,1561,8204,380,260
807,929,8205,1561,8205,380,260
807,929,8206,1561,8206,380,260
807,929,8207,1561,8207,380,260
807,929,8208,1561,8208,380,260
807,929,8209,1561,8209,380,260
807,929,8210,1561,8210,380,260
807,929,8211,1561,8211,380,260
807,929,8212,1561,8212,380,260
807,929,8213,1561,8213,380,260
807,929,8214,1561,8214,380,260
807,929,8215,1561,8215,380,260
807,929,8216,1561,8216,380,260
807,929,8217,1561,8217,380,260
807,929,8218,1561,8218,380,260
807,929,8219,1561,8219,380,260
807,929,8220,1561,8220,380,260
807,929,8221,1561,8221,380,260
807,929,8222,1561,8222,380,260
807,929,8223,1561,8223,380,260
807,929,8224,1561,8224,380,260
807,929,8225,1561,8225,380,260
807,929,8226,1561,8226,380,260
807,929,8227,1561,8227,380,260
807,929,8228,1561,8228,380,260
807,929,8229,1561,8229,380,260
807,929,8230,1561,8230,380,260
807,929,8231,1561,8231,380,260
807,929,8232,1561,8232,380,260
807,929,8233,1561,8233,380,260
807,929,8234,1561,8234,380,260
807,929,8235,1561,8235,380,260
807,929,8236,1561,8236,380,260
807,929,8237,1561,8237,380,260
807,929,8238,1561,8238,380,260
807,929,8239,1561,8239,380,260
807,929,8240,1561,8240,380,260
807,929,8241,1561,8241,380,260
807,929,8242,1561,8242,380,260
807,929,8243,1561,8243,380,260
807,929,8244,1561,8244,380,260
807,929,8245,1561,8245,380,260
807,929,8246,1561,8246,380,260
807,929,8247,1561,8247,380,260
807,929,8248,1561,8248,380,260
807,929,8249,1561,8249,380,260
807,929,8250,1561,8250,380,260
807,929,8251,1561,8251,380,260
807,929,8252,1561,8252,380,260
807,929,8253,1561,8253,380,260
807,929,8254,1561,8254,380,260
807,929,8255,1561,8255,380,260
807,929,8256,1561,8256,380,260
807,929,8257,1561,8257,380,260
807,929,8258,1561,8258,380,260
807,929,8259,1561,8259,380,260
807,929,8260,1561,8260,380,260
807,929,8261,1561,8261,380,260
807,929,8262,1561,8262,380,260
807,929,8263,1561,8263,380,260
807,929,8264,1561,8264,380,260
807,929,8265,1561,8265,380,260
807,929,8266,1561,8266,380,260
807,929,8267,1561,8267,380,260
807,929,8268,1561,8268,380,260
807,929,8269,1561,8269,380,260
807,929,8270,1561,8270,380,260
807,929,8271,1561,8271,380,260
807,929,8272,1561,8272,380,260
807,929,8273,1561,8273,380,260
807,929,8274,1561,8274,380,260
807,929,8275,1561,8275,380,260
807,929,8276,1561,8276,380,260
807,929,8277,1561,8277,380,260
807,929,8278,1561,8278,380,260
807,929,8279,1561,8279,380,260
807,929,8280,1561,8280,380,260
807,929,8281,1561,8281,380,260
807,929,8282,1561,8282,380,260
807,929,8283,1561,8283,380,260
807,929,8284,1561,8284,380,260
807,929,8285,1561,8285,380,260
807,929,8286,1561,8286,380,260
807,929,8287,1561,8287,380,260
807,929,8288,1561,8288,380,260
807,929,8289,1561,8289,380,260
807,929,8290,1561,8290,380,260
807,929,8291,1561,8291,380,260
807,929,8292,1561,8292,380,260
807,929,8293,1561,8293,380,260
807,929,8294,1561,8294,380,260
807,929,8295,1561,8295,380,260
807,929,8296,1561,8296,380,260
807,929,8297,1561,8297,380,260
807,929,8298,1561,8298,380,260
807,929,8299,1561,8299,380,260
807,929,8300,1561,8300,380,260
807,929,8301,1561,8301,380,260
807,929,8302,1561,8302,380,260
807,929,8303,1561,8303,380,260
807,929,8304,1561,8304,380,260
807,929,8305,1561,8305,380,260
807,929,8306,1561,8306,380,260
807,929,8307,1561,8307,380,260
807,929,8308,1561,8308,380,260
807,929,8309,1561,8309,380,260
807,929,8310,1561,8310,380,260
807,929,8311,1561,8311,380,260
807,929,8312,1561,8312,380,260
807,929,8313,1561,8313,380,260
807,929,8314,1561,8314,380,260
807,929,8315,1561,8315,380,260
807,929,8316,1561,8316,380,260
807,929,8317,1561,8317,380,260
807,929,8318,1561,8318,380,260
807,929,8319,1561,8319,380,260
807,929,8320,1561,8320,380,260
807,929,8321,1561,8321,380,260
807,929,8322,1561,8322,380,260
807,929,8323,1561,8323,380,260
807,929,8324,1561,8324,380,260
807,929,8325,1561,8325,380,260
807,929,8326,1561,8326,380,260
807,929,8327,1561,8327,380,260
807,929,8328,1561,8328,380,260
807,929,8329,1561,8329,380,260
807,929,8330,1561,8330,380,260
807,929,8331,1561,8331,380,260
807,929,8332,1561,8332,380,260
807,929,8333,1561,8333,380,260
807,929,8334,1561,8334,380,260
807,929,8335,1561,8335,380,260
807,929,8336,1561,8336,380,260
807,929,8337,1561,8337,380,260
807,929,8338,1561,8338,380,260
807,929,8339,1561,8339,380,260
807,929,8340,1561,8340,380,260
807,929,8341,1561,8341,380,260
807,929,8342,1561,8342,380,260
807,929,8343,1561,8343,380,260
807,929,8344,1561,8344,380,260
807,929,8345,1561,8345,380,260
807,929,8346,1561,8346,380,260
807,929,8347,1561,8347,380,260
807,929,8348,1561,8348,380,260
807,929,8349,1561,8349,380,260
807,929,8350,1561,8350,380,260
807,929,8351,1561,8351,380,260
807,929,8352,1561,8352,380,260
807,929,8353,1561,8353,380,260
807,929,8354,1561,8354,380,260
807,929,8355,1561,8355,380,260
807,929,8356,1561,8356,380,260
807,929,8357,1561,8357,380,260
807,929,8358,1561,8358,380,260
807,929,8359,1561,8359,380,260
807,929,8360,1561,8360,380,260
807,929,8361,1561,8361,380,260
807,929,8362,1561,8362,380,260
807,929,8363,1561,8363,380,260
807,929,8364,1561,8364,380,260
807,929,8365,1561,8365,380,260
807,929,8366,1561,8366,380,260
807,929,8367,1561,8367,380,260
807,929,8368,1561,8368,380,260
807,929,8369,1561,8369,380,260
807,929,8370,1561,8370,380,260
807,929,8371,1561,8371,380,260
807,929,8372,1561,8372,380,260
807,929,8373,1561,8373,380,260
807,929,8374,1561,8374,380,260
807,929,8375,1561,8375,380,260
807,929,8376,1561,8376,380,260
807,929,8377,1561,8377,380,260
807,929,8378,1561,8378,380,260
807,929,8379,1561,8379,380,260
807,929,8380,1561,8380,380,260
807,929,8381,1561,8381,380,260
807,929,8382,1561,8382,380,260
807,929,8383,1561,8383,380,260
807,929,8384,1561,8384,380,260
807,929,8385,1561,8385,380,260
807,929,8386,1561,8386,380,260
807,929,8387,1561,8387,380,260
807,929,8388,1561,8388,380,260
807,929,8389,1561,8389,380,260
807,929,8390,1561,8390,380,260
807,929,8391,1561,8391,380,260
807,929,8392,1561,8392,380,260
807,929,8393,1561,8393,380,260
807,929,8394,1561,8394,380,260
807,929,8395,1561,8395,380,260
807,929,8396,1561,8396,380,260
807,929,8397,1561,8397,380,260
807,929,8398,1561,8398,380,260
807,929,8399,1561,8399,380,260
807,929,8400,1561,8400,380,260
807,929,8401,1561,8401,380,260
807,929,8402,1561,8402,380,260
807,929,8403,1561,8403,380,260
807,929,8404,1561,8404,380,260
807,929,8405,1561,8405,380,260
807,929,8406,1561,8406,380,260
807,929,8407,1561,8407,380,260
807,929,8408,1561,8408,380,260
807,929,8409,1561,8409,380,260
807,929,8410,1561,8410,380,260
807,929,8411,1561,8411,380,260
807,929,8412,1561,8412,380,260
807,929,8413,1561,8413,380,260
807,929,8414,1561,8414,380,260
807,929,8415,1561,8415,380,260
807,929,8416,1561,8416,380,260
807,929,8417,1561,8417,380,260
807,929,8418,1561,8418,380,260
807,929,8419,1561,8419,380,260
807,929,8420,1561,8420,380,260
807,929,8421,1561,8421,380,260
807,929,8422,1561,8422,380,260
807,929,8423,1561,8423,380,260
807,929,8424,1561,8424,380,260
807,929,8425,1561,8425,380,260
807,929,8426,1561,8426,380,260
807,929,8427,1561,8427,380,260
807,929,8428,1561,8428,380,260
807,929,8429,1561,8429,380,260
807,929,8430,1561,8430,380,260
807,929,8431,1561,8431,380,260
807,929,8432,1561,8432,380,260
807,929,8433,1561,8433,380,260
807,929,8434,1561,8434,380,260
807,929,8435,1561,8435,380,260
807,929,8436,1561,8436,380,260
807,929,8437,1561,8437,380,260
807,929,8438,1561,8438,380,260
807,929,8439,1561,8439,380,260
807,929,8440,1561,8440,380,260
807,929,8441,1561,8441,380,260
807,929,8442,1561,8442,380,260
807,929,8443,1561,8443,380,260
807,929,8444,1561,8444,380,260
807,929,8445,1561,8445,380,260
807,929,8446,1561,8446,380,260
807,929,8447,1561,8447,380,260
807,929,8448,1561,8448,380,260
807,929,8449,1561,8449,380,260
807,929,8450,1561,8450,380,260
807,929,8451,1561,8451,380,260
807,929,8452,1561,8452,380,260
807,929,8453,1561,8453,380,260
807,929,8454,1561,8454,380,260
807,929,8455,1561,8455,380,260
807,929,8456,1561,8456,380,260
807,929,8457,1561,8457,380,260
807,929,8458,1561,8458,380,260
807,929,8459,1561,8459,380,260
807,929,8460,1561,8460,380,260
807,929,8461,1561,8461,380,260
807,929,8462,1561,8462,380,260
807,929,8463,1561,8463,380,260
807,929,8464,1561,8464,380,260
807,929,8465,1561,8465,380,260
807,929,8466,1561,8466,380,260
807,929,8467,1561,8467,380,260
807,929,8468,1561,8468,380,260
807,929,8469,1561,8469,380,260
807,929,8470,1561,8470,380,260
807,929,8471,1561,8471,380,260
807,929,8472,1561,8472,380,260
807,929,8473,1561,8473,380,260
807,929,8474,1561,8474,380,260
807,929,8475,1561,8475,380,260
807,929,8476,1561,8476,380,260
807,929,8477,1561,8477,380,260
807,929,8478,1561,8478,380,260
807,929,8479,1561,8479,380,260
807,929,8480,1561,8480,380,260
807,929,8481,1561,8481,380,260
807,929,8482,1561,8482,380,260
807,929,8483,1561,8483,380,260
807,929,8484,1561,8484,380,260
807,929,8485,1561,8485,380,260
807,929,8486,1561,8486,380,260
807,929,8487,1561,8487,380,260
807,929,8488,1561,8488,380,260
807,929,8489,1561,8489,380,260
807,929,8490,1561,8490,380,260
808,929,8491,1561,8491,380,260
808,929,8492,1561,8492,380,260
808,929,8493,1561,8493,380,260
808,929,8494,1561,8494,380,260
808,929,8495,1561,8495,380,260
808,929,8496,1561,8496,380,260
808,929,8497,1561,8497,380,260
808,929,8498,1561,8498,380,260
808,929,8499,1561,8499,380,260
808,929,8500,1561,8500,380,260
808,929,8501,1561,8501,380,260
808,929,8502,1561,8502,380,260
808,929,8503,1561,8503,380,260
808,929,8504,1561,8504,380,260
808,929,8505,1561,8505,380,260
808,929,8506,1561,8506,380,260
808,929,8507,1561,8507,380,260
808,929,8508,1561,8508,380,260
808,929,8509,1561,8509,380,260
808,929,8510,1561,8510,380,260
808,929,8511,1561,8511,380,260
808,929,8512,1561,8512,380,260
808,929,8513,1561,8513,380,260
808,929,8514,1561,8514,380,260
808,929,8515,1561,8515,380,260
808,929,8516,1561,8516,380,260
808,929,8517,1561,8517,380,260
808,929,8518,1561,8518,380,260
808,929,8519,1561,8519,380,260
808,929,8520,1561,8520,380,260
808,929,8521,1561,8521,380,260
808,929,8522,1561,8522,380,260
808,929,8523,1561,8523,380,260
808,929,8524,1561,8524,380,260
808,929,8525,1561,8525,380,260
808,929,8526,1561,8526,380,260
808,929,8527,1561,8527,380,260
808,929,8528,1561,8528,380,260
808,929,8529,1561,8529,380,260
808,929,8530,1561,8530,380,260
808,929,8531,1561,8531,380,260
808,929,8532,1561,8532,380,260
808,929,8533,1561,8533,380,260
808,929,8534,1561,8534,380,260
808,929,8535,1561,8535,380,260
808,929,8536,1561,8536,380,260
808,929,8537,1561,8537,380,260
808,929,8538,1561,8538,380,260
808,929,8539,1561,8539,380,260
808,929,8540,1561,8540,380,260
808,929,8541,1561,8541,380,260
808,929,8542,1561,8542,380,260
808,929,8543,1561,8543,380,260
808,929,8544,1561,8544,380,260
808,929,8545,1561,8545,380,260
808,929,8546,1561,8546,380,260
808,929,8547,1561,8547,380,260
808,929,8548,1561,8548,380,260
808,929,8549,1561,8549,380,260
808,929,8550,1561,8550,380,260
808,929,8551,1561,8551,380,260
808,929,8552,1561,8552,380,260
808,929,8553,1561,8553,380,260
808,929,8554,1561,8554,380,260
808,929,8555,1561,8555,380,260
808,929,8556,1561,8556,380,260
808,929,8557,1561,8557,380,260
808,929,8558,1561,8558,380,260
808,929,8559,1561,8559,380,260
808,929,8560,1561,8560,380,260
808,929,8561,1561,8561,380,260
808,929,8562,1561,8562,380,260
808,929,8563,1561,8563,380,260
808,929,8564,1561,8564,380,260
808,929,8565,1561,8565,380,260
808,929,8566,1561,8566,380,260
808,929,8567,1561,8567,380,260
808,929,8568,1561,8568,380,260
808,929,8569,1561,8569,380,260
808,929,8570,1561,8570,380,260
808,929,8571,1561,8571,380,260
808,929,8572,1561,8572,380,260
808,929,8573,1561,8573,380,260
808,929,8574,1561,8574,380,260
808,929,8575,1561,8575,380,260
808,929,8576,1561,8576,380,260
808,929,8577,1561,8577,380,260
808,929,8578,1561,8578,380,260
808,929,8579,1561,8579,380,260
808,929,8580,1561,8580,380,260
808,929,8581,1561,8581,380,260
808,929,8582,1561,8582,380,260
808,929,8583,1561,8583,380,260
808,929,8584,1561,8584,380,260
808,929,8585,1561,8585,380,260
808,929,8586,1561,8586,380,260
808,929,8587,1561,8587,380,260
808,929,8588,1561,8588,380,260
808,929,8589,1561,8589,380,260
808,929,8590,1561,8590,380,260
808,929,8591,1561,8591,380,260
808,929,8592,1561,8592,380,260
808,929,8593,1561,8593,380,260
808,929,8594,1561,8594,380,260
808,929,8595,1561,8595,380,260
808,929,8596,1561,8596,380,260
808,929,8597,1561,8597,380,260
808,929,8598,1561,8598,380,260
808,929,8599,1561,8599,380,260
808,929,8600,1561,8600,380,260
808,929,8601,1561,8601,380,260
808,929,8602,1561,8602,380,260
808,929,8603,1561,8603,380,260
808,929,8604,1561,8604,380,260
808,929,8605,1561,8605,380,260
808,929,8606,1561,8606,380,260
808,929,8607,1561,8607,380,260
808,929,8608,1561,8608,380,260
808,929,8609,1561,8609,380,260
808,929,8610,1561,8610,380,260
808,929,8611,1561,8611,380,260
808,929,8612,1561,8612,380,260
808,929,8613,1561,8613,380,260
808,929,8614,1561,8614,380,260
808,929,8615,1561,8615,380,260
808,929,8616,1561,8616,380,260
808,929,8617,1561,8617,380,260
808,929,8618,1561,8618,380,260
808,929,8619,1561,8619,380,260
808,929,8620,1561,8620,380,260
808,929,8621,1561,8621,380,260
808,929,8622,1561,8622,380,260
808,929,8623,1561,8623,380,260
808,929,8624,1561,8624,380,260
808,929,8625,1561,8625,380,260
808,929,8626,1561,8626,380,260
808,929,8627,1561,8627,380,260
808,929,8628,1561,8628,380,260
808,929,8629,1561,8629,380,260
808,929,8630,1561,8630,380,260
808,929,8631,1561,8631,380,260
808,929,8632,1561,8632,380,260
808,929,8633,1561,8633,380,260
808,929,8634,1561,8634,380,260
808,929,8635,1561,8635,380,260
808,929,8636,1561,8636,380,260
807,929,8637,1561,8637,380,260
807,929,8638,1561,8638,380,260
807,929,8639,1561,8639,380,260
807,929,8640,1561,8640,380,260
807,929,8641,1561,8641,380,260
807,929,8642,1561,8642,380,260
807,929,8643,1561,8643,380,260
807,929,8644,1561,8644,380,260
807,929,8645,1561,8645,380,260
807,929,8646,1561,8646,380,260
807,929,8647,1561,8647,380,260
807,929,8648,1561,8648,380,260
807,929,8649,1561,8649,380,260
807,929,8650,1561,8650,380,260
807,929,8651,1561,8651,380,260
807,929,8652,1561,8652,380,260
807,929,8653,1561,8653,380,260
807,929,8654,1561,8654,380,260
807,929,8655,1561,8655,380,260
807,929,8656,1561,8656,380,260
807,929,8657,1561,8657,380,260
807,929,8658,1561,8658,380,260
807,929,8659,1561,8659,380,260
807,929,8660,1561,8660,380,260
807,929,8661,1561,8661,380,260
807,929,8662,1561,8662,380,260
807,929,8663,1561,8663,380,260
807,929,8664,1561,8664,380,260
807,929,8665,1561,8665,380,260
807,929,8666,1561,8666,380,260
807,929,8667,1561,8667,380,260
807,929,8668,1561,8668,380,260
807,929,8669,1561,8669,380,260
807,929,8670,1561,8670,380,260
807,929,8671,1561,8671,380,260
807,929,8672,1561,8672,380,260
807,929,8673,1561,8673,380,260
807,929,8674,1561,8674,380,260
807,929,8675,1561,8675,380,260
807,929,8676,1561,8676,380,260
807,929,8677,1561,8677,380,260
807,929,8678,1561,8678,380,260
807,929,8679,1561,8679,380,260
807,929,8680,1561,8680,380,260
807,929,8681,1561,8681,380,260
807,929,8682,1561,8682,380,260
807,929,8683,1561,8683,380,260
807,929,8684,1561,8684,380,260
807,929,8685,1561,8685,380,260
807,929,8686,1561,8686,380,260
807,929,8687,1561,8687,380,260
807,929,8688,1561,8688,380,260
807,929,8689,1561,8689,380,260
807,929,8690,1561,8690,380,260
807,929,8691,1561,8691,380,260
807,929,8692,1561,8692,380,260
807,929,8693,1561,8693,380,260
807,929,8694,1561,8694,380,260
807,929,8695,1561,8695,380,260
807,929,8696,1561,8696,380,260
807,929,8697,1561,8697,380,260
807,929,8698,1561,8698,380,260
807,929,8699,1561,8699,380,260
807,929,8700,1561,8700,380,260
807,929,8701,1561,8701,380,260
807,929,8702,1561,8702,380,260
807,929,8703,1561,8703,380,260
807,929,8704,1561,8704,380,260
807,929,8705,1561,8705,380,260
807,929,8706,1561,8706,380,260
807,929,8707,1561,8707,380,260
807,929,8708,1561,8708,380,260
807,929,8709,1561,8709,380,260
807,929,8710,1561,8710,380,260
807,929,8711,1561,8711,380,260
807,929,8712,1561,8712,380,260
807,929,8713,1561,8713,380,260
807,929,8714,1561,8714,380,260
807,929,8715,1561,8715,380,260
807,929,8716,1561,8716,380,260
807,929,8717,1561,8717,380,260
807,929,8718,1561,8718,380,260
807,929,8719,1561,8719,380,260
807,929,8720,1561,8720,380,260
807,929,8721,1561,8721,380,260
807,929,8722,1561,8722,380,260
807,929,8723,1561,8723,380,260
807,929,8724,1561,8724,380,260
807,929,8725,1561,8725,380,260
807,929,8726,1561,8726,380,260
807,929,8727,1561,8727,380,260
807,929,8728,1561,8728,380,260
807,929,8729,1561,8729,380,260
807,929,8730,1561,8730,380,260
807,929,8731,1561,8731,380,260
807,929,8732,1561,8732,380,260
807,929,8733,1561,8733,380,260
807,929,8734,1561,8734,380,260
807,929,8735,1561,8735,380,260
807,929,8736,1561,8736,380,260
807,929,8737,1561,8737,380,260
807,929,8738,1561,8738,380,260
807,929,8739,1561,8739,380,260
807,929,8740,1561,8740,380,260
807,929,8741,1561,8741,380,260
807,929,8742,1561,8742,380,260
807,929,8743,1561,8743,380,260
807,929,8744,1561,8744,380,260
807,929,8745,1561,8745,380,260
807,929,8746,1561,8746,380,260
807,929,8747,1561,8747,380,260
807,929,8748,1561,8748,380,260
807,929,8749,1561,8749,380,260
807,929,8750,1561,8750,380,260
807,929,8751,1561,8751,380,260
807,929,8752,1561,8752,380,260
807,929,8753,1561,8753,380,260
807,929,8754,1561,8754,380,260
807,929,8755,1561,8755,380,260
807,929,8756,1561,8756,380,260
807,929,8757,1561,8757,380,260
807,929,8758,1561,8758,380,260
807,929,8759,1561,8759,380,260
807,929,8760,1561,8760,380,260
807,929,8761,1561,8761,380,260
807,929,8762,1561,8762,380,260
807,929,8763,1561,8763,380,260
807,929,8764,1561,8764,380,260
807,929,8765,1561,8765,380,260
807,929,8766,1561,8766,380,260
807,929,8767,1561,8767,380,260
807,929,8768,1561,8768,380,260
807,929,8769,1561,8769,380,260
807,929,8770,1561,8770,380,260
807,929,8771,1561,8771,380,260
807,929,8772,1561,8772,380,260
807,929,8773,1561,8773,380,260
807,929,8774,1561,8774,380,260
807,929,8775,1561,8775,380,260
807,929,8776,1561,8776,380,260
807,929,8777,1561,8777,380,260
807,929,8778,1561,8778,380,260
807,929,8779,1561,8779,380,260
807,929,8780,1561,8780,380,260
807,929,8781,1561,8781,380,260
807,929,8782,1561,8782,380,260
807,929,8783,1561,8783,380,260
807,929,8784,1561,8784,380,260
807,929,8785,1561,8785,380,260
807,929,8786,1561,8786,380,260
807,929,8787,1561,8787,380,260
807,929,8788,1561,8788,380,260
807,929,8789,1561,8789,380,260
807,929,8790,1561,8790,380,260
807,929,8791,1561,8791,380,260
807,929,8792,1561,8792,380,260
807,929,8793,1561,8793,380,260
807,929,8794,1561,8794,380,260
807,929,8795,1561,8795,380,260
807,929,8796,1561,8796,380,260
807,929,8797,1561,8797,380,260
807,929,8798,1561,8798,380,260
807,929,8799,1561,8799,380,260
807,929,8800,1561,8800,380,260
807,929,8801,1561,8801,380,260
807,929,8802,1561,8802,380,260
807,929,8803,1561,8803,380,260
807,929,8804,1561,8804,380,260
807,929,8805,1561,8805,380,260
807,929,8806,1561,8806,380,260
807,929,8807,1561,8807,380,260
807,929,8808,1561,8808,380,260
807,929,8809,1561,8809,380,260
807,929,8810,1561,8810,380,260
807,929,8811,1561,8811,380,260
807,929,8812,1561,8812,380,260
807,929,8813,1561,8813,380,260
807,929,8814,1561,8814,380,260
807,929,8815,1561,8815,380,260
807,929,8816,1561,8816,380,260
807,929,8817,1561,8817,380,260
807,929,8818,1561,8818,380,260
807,929,8819,1561,8819,380,260
807,929,8820,1561,8820,380,260
807,929,8821,1561,8821,380,260
807,929,8822,1561,8822,380,260
807,929,8823,1561,8823,380,260
807,929,8824,1561,8824,380,260
807,929,8825,1561,8825,380,260
807,929,8826,1561,8826,380,260
807,929,8827,1561,8827,380,260
807,929,8828,1561,8828,380,260
807,929,8829,1561,8829,380,260
807,929,8830,1561,8830,380,260
807,929,8831,1561,8831,380,260
807,929,8832,1561,8832,380,260
807,929,8833,1561,8833,380,260
807,929,8834,1561,8834,380,260
807,929,8835,1561,8835,380,260
807,929,8836,1561,8836,380,260
807,929,8837,1561,8837,380,260
807,929,8838,1561,8838,380,260
807,929,8839,1561,8839,380,260
807,929,8840,1561,8840,380,260
807,929,8841,1561,8841,380,260
807,929,8842,1561,8842,380,260
807,929,8843,1561,8843,380,260
807,929,8844,1561,8844,380,260
807,929,8845,1561,8845,380,260
807,929,8846,1561,8846,380,260
807,929,8847,1561,8847,380,260
807,929,8848,1561,8848,380,260
807,929,8849,1561,8849,380,260
807,929,8850,1561,8850,380,260
807,929,8851,1561,8851,380,260
807,929,8852,1561,8852,380,260
807,929,8853,1561,8853,380,260
807,929,8854,1561,8854,380,260
807,929,8855,1561,8855,380,260
807,929,8856,1561,8856,380,260
807,929,8857,1561,8857,380,260
807,929,8858,1561,8858,380,260
807,929,8859,1561,8859,380,260
807,929,8860,1561,8860,380,260
807,929,8861,1561,8861,380,260
807,929,8862,1561,8862,380,260
807,929,8863,1561,8863,380,260
807,929,8864,1561,8864,380,260
807,929,8865,1561,8865,380,260
807,929,8866,1561,8866,380,260
807,929,8867,1561,8867,380,260
807,929,8868,1561,8868,380,260
807,929,8869,1561,8869,380,260
807,929,8870,1561,8870,380,260
807,929,8871,1561,8871,380,260
807,929,8872,1561,8872,380,260
807,929,8873,1561,8873,380,260
807,929,8874,1561,8874,380,260
807,929,8875,1561,8875,380,260
807,929,8876,1561,8876,380,260
807,929,8877,1561,8877,380,260
807,929,8878,1561,8878,380,260
807,929,8879,1561,8879,380,260
807,929,8880,1561,8880,380,260
807,929,8881,1561,8881,380,260
807,929,8882,1561,8882,380,260
807,929,8883,1561,8883,380,260
807,929,8884,1561,8884,380,260
807,929,8885,1561,8885,380,260
807,929,8886,1561,8886,380,260
807,929,8887,1561,8887,380,260
807,929,8888,1561,8888,380,260
807,929,8889,1561,8889,380,260
807,929,8890,1561,8890,380,260
807,929,8891,1561,8891,380,260
807,929,8892,1561,8892,380,260
807,929,8893,1561,8893,380,260
807,929,8894,1561,8894,380,260
807,929,8895,1561,8895,380,260
807,929,8896,1561,8896,380,260
807,929,8897,1561,8897,380,260
807,929,8898,1561,8898,380,260
807,929,8899,1561,8899,380,260
807,929,8900,1561,8900,380,260
807,929,8901,1561,8901,380,260
807,929,8902,1561,8902,380,260
807,929,8903,1561,8903,380,260
807,929,8904,1561,8904,380,260
807,929,8905,1561,8905,380,260
807,929,8906,1561,8906,380,260
807,929,8907,1561,8907,380,260
807,929,8908,1561,8908,380,260
807,929,8909,1561,8909,380,260
807,929,8910,1561,8910,380,260
807,929,8911,1561,8911,380,260
807,929,8912,1561,8912,380,260
807,929,8913,1561,8913,380,260
807,929,8914,1561,8914,380,260
807,929,8915,1561,8915,380,260
808,929,8916,1561,8916,380,260
808,929,8917,1561,8917,380,260
808,929,8918,1561,8918,380,260
808,929,8919,1561,8919,380,260
808,929,8920,1561,8920,380,260
808,929,8921,1561,8921,380,260
808,929,8922,1561,8922,380,260
808,929,8923,1561,8923,380,260
808,929,8924,1561,8924,380,260
808,929,8925,1561,8925,380,260
808,929,8926,1561,8926,380,260
808,929,8927,1561,8927,380,260
808,929,8928,1561,8928,380,260
808,929,8929,1561,8929,380,260
808,929,8930,1561,8930,380,260
808,929,8931,1561,8931,380,260
808,929,8932,1561,8932,380,260
808,929,8933,1561,8933,380,260
808,929,8934,1561,8934,380,260
808,929,8935,1561,8935,380,260
808,929,8936,1561,8936,380,260
808,929,8937,1561,8937,380,260
808,929,8938,1561,8938,380,260
808,929,8939,1561,8939,380,260
808,929,8940,1561,8940,380,260
808,929,8941,1561,8941,380,260
808,929,8942,1561,8942,380,260
808,929,8943,1561,8943,380,260
808,929,8944,1561,8944,380,260
808,929,8945,1561,8945,380,260
808,929,8946,1561,8946,380,260
808,929,8947,1561,8947,380,260
808,929,8948,1561,8948,380,260
808,929,8949,1561,8949,380,260
808,929,8950,1561,8950,380,260
808,929,8951,1561,8951,380,260
808,929,8952,1561,8952,380,260
808,929,8953,1561,8953,380,260
808,929,8954,1561,8954,380,260
808,929,8955,1561,8955,380,260
808,929,8956,1561,8956,380,260
808,929,8957,1561,8957,380,260
808,929,8958,1561,8958,380,260
808,929,8959,1561,8959,380,260
808,929,8960,1561,8960,380,260
808,929,8961,1561,8961,380,260
808,929,8962,1561,8962,380,260
808,929,8963,1561,8963,380,260
808,929,8964,1561,8964,380,260
808,929,8965,1561,8965,380,260
808,929,8966,1561,8966,380,260
808,929,8967,1561,8967,380,260
808,929,8968,1561,8968,380,260
808,929,8969,1561,8969,380,260
808,929,8970,1561,8970,380,260
808,929,8971,1561,8971,380,260
808,929,8972,1561,8972,380,260
808,929,8973,1561,8973,380,260
808,929,8974,1561,8974,380,260
808,929,8975,1561,8975,380,260
808,929,8976,1561,8976,380,260
808,929,8977,1561,8977,380,260
808,929,8978,1561,8978,380,260
808,929,8979,1561,8979,380,260
808,929,8980,1561,8980,380,260
808,929,8981,1561,8981,380,260
808,929,8982,1561,8982,380,260
808,929,8983,1561,8983,380,260
808,929,8984,1561,8984,380,260
808,929,8985,1561,8985,380,260
808,929,8986,1561,8986,380,260
808,929,8987,1561,8987,380,260
808,929,8988,1561,8988,380,260
808,929,8989,1561,8989,380,260
808,929,8990,1561,8990,380,260
808,929,8991,1561,8991,380,260
808,929,8992,1561,8992,380,260
808,929,8993,1561,8993,380,260
808,929,8994,1561,8994,380,260
808,929,8995,1561,8995,380,260
808,929,8996,1561,8996,380,260
808,929,8997,1561,8997,380,260
808,929,8998,1561,8998,380,260
808,929,8999,1561,8999,380,260
808,929,9000,1561,9000,380,260
808,929,9001,1561,9001,380,260
808,929,9002,1561,9002,380,260
808,929,9003,1561,9003,380,260
808,929,9004,1561,9004,380,260
808,929,9005,1561,9005,380,260
808,929,9006,1561,9006,380,260
808,929,9007,1561,9007,380,260
807,929,9008,1561,9008,380,259
807,929,9009,1561,9009,380,259
807,929,9010,1561,9010,380,259
807,929,9011,1561,9011,380,259
807,929,9012,1561,9012,380,259
807,929,9013,1561,9013,380,259
807,929,9014,1561,9014,380,259
807,929,9015,1561,9015,380,259
807,929,9016,1561,9016,380,259
807,929,9017,1561,9017,380,259
807,929,9018,1561,9018,380,259
807,929,9019,1561,9019,380,259
807,929,9020,1561,9020,380,259
807,929,9021,1561,9021,380,259
807,929,9022,1561,9022,380,259
807,929,9023,1561,9023,380,259
807,929,9024,1561,9024,380,259
807,929,9025,1561,9025,380,259
807,929,9026,1561,9026,380,259
807,929,9027,1561,9027,380,259
807,929,9028,1561,9028,380,259
807,929,9029,1561,9029,380,259
807,929,9030,1561,9030,380,259
807,929,9031,1561,9031,380,259
807,929,9032,1561,9032,380,259
807,929,9033,1561,9033,380,259
807,929,9034,1561,9034,380,259
807,929,9035,1561,9035,380,259
807,929,9036,1561,9036,380,259
807,929,9037,1561,9037,380,259
807,929,9038,1561,9038,380,259
807,929,9039,1561,9039,380,259
807,929,9040,1561,9040,380,259
807,929,9041,1561,9041,380,259
807,929,9042,1561,9042,380,259
807,929,9043,1561,9043,380,259
807,929,9044,1561,9044,380,259
807,929,9045,1561,9045,380,259
807,929,9046,1561,9046,380,259
807,929,9047,1561,9047,380,259
807,929,9048,1561,9048,380,259
807,929,9049,1561,9049,380,259
807,929,9050,1561,9050,380,259
807,929,9051,1561,9051,380,259
807,929,9052,1561,9052,380,259
807,929,9053,1561,9053,380,259
807,929,9054,1561,9054,380,259
807,929,9055,1561,9055,380,259
807,929,9056,1561,9056,380,259
807,929,9057,1561,9057,380,259
807,929,9058,1561,9058,380,259
807,929,9059,1561,9059,380,259
807,929,9060,1561,9060,380,259
807,929,9061,1561,9061,380,259
807,929,9062,1561,9062,380,259
807,929,9063,1561,9063,380,259
807,929,9064,1561,9064,380,259
807,929,9065,1561,9065,380,259
807,929,9066,1561,9066,380,259
807,929,9067,1561,9067,380,259
807,929,9068,1561,9068,380,259
807,929,9069,1561,9069,380,259
807,929,9070,1561,9070,380,259
807,929,9071,1561,9071,380,259
807,929,9072,1561,9072,380,259
807,929,9073,1561,9073,380,259
807,929,9074,1561,9074,380,259
807,929,9075,1561,9075,380,259
807,929,9076,1561,9076,380,259
807,929,9077,1561,9077,380,259
807,929,9078,1561,9078,380,259
807,929,9079,1561,9079,380,259
807,929,9080,1561,9080,380,259
807,929,9081,1561,9081,380,259
807,929,9082,1561,9082,380,259
807,929,9083,1561,9083,380,259
807,929,9084,1561,9084,380,259
807,929,9085,1561,9085,380,259
807,929,9086,1561,9086,380,259
807,929,9087,1561,9087,380,259
807,929,9088,1561,9088,380,259
807,929,9089,1561,9089,380,259
807,929,9090,1561,9090,380,259
807,929,9091,1561,9091,380,259
807,929,9092,1561,9092,380,259
807,929,9093,1561,9093,380,259
807,929,9094,1561,9094,380,259
807,929,9095,1561,9095,380,259
807,929,9096,1561,9096,380,259
807,929,9097,1561,9097,380,259
807,929,9098,1561,9098,380,259
807,929,9099,1561,9099,380,259
807,929,9100,1561,9100,380,259
807,929,9101,1561,9101,380,259
807,929,9102,1561,9102,380,259
807,929,9103,1561,9103,380,259
807,929,9104,1561,9104,380,259
807,929,9105,1561,9105,380,259
807,929,9106,1561,9106,380,259
807,929,9107,1561,9107,380,259
807,929,9108,1561,9108,380,259
807,929,9109,1561,9109,380,259
807,929,9110,1561,9110,380,259
807,929,9111,1561,9111,380,259
807,929,9112,1561,9112,380,259
807,929,9113,1561,9113,380,259
806,929,9114,1561,9114,380,259
806,929,9115,1561,9115,380,259
806,929,9116,1561,9116,380,259
806,929,9117,1561,9117,380,259
806,929,9118,1561,9118,380,259
806,929,9119,1561,9119,380,259
806,929,9120,1561,9120,380,259
806,929,9121,1561,9121,380,259
806,929,9122,1561,9122,380,259
806,929,9123,1561,9123,380,259
806,929,9124,1561,9124,380,259
806,929,9125,1561,9125,380,259
806,929,9126,1561,9126,380,259
806,929,9127,1561,9127,380,259
806,929,9128,1561,9128,380,259
806,929,9129,1561,9129,380,259
806,929,9130,1561,9130,380,259
806,929,9131,1561,9131,380,259
806,929,9132,1561,9132,380,259
806,929,9133,1561,9133,380,259
806,929,9134,1561,9134,380,259
806,929,9135,1561,9135,380,259
806,929,9136,1561,9136,380,259
806,929,9137,1561,9137,380,259
806,929,9138,1561,9138,380,259
806,929,9139,1561,9139,380,259
806,929,9140,1561,9140,380,259
806,929,9141,1561,9141,380,259
806,929,9142,1561,9142,380,259
806,929,9143,1561,9143,380,259
806,929,9144,1561,9144,380,259
806,929,9145,1561,9145,380,259
806,929,9146,1561,9146,380,259
806,929,9147,1561,9147,380,259
806,929,9148,1561,9148,380,259
806,929,9149,1561,9149,380,259
806,929,9150,1561,9150,380,259
806,929,9151,1561,9151,380,259
806,929,9152,1561,9152,380,259
806,929,9153,1561,9153,380,259
806,929,9154,1561,9154,380,259
806,929,9155,1561,9155,380,259
805,929,9156,1561,9156,380,259
805,929,9157,1561,9157,380,259
805,929,9158,1561,9158,380,259
805,929,9159,1561,9159,380,259
805,929,9160,1561,9160,380,259
805,929,9161,1561,9161,380,259
805,929,9162,1561,9162,380,259
805,929,9163,1561,9163,380,259
805,929,9164,1561,9164,380,259
805,929,9165,1561,9165,380,259
805,929,9166,1561,9166,380,259
805,929,9167,1561,9167,380,259
805,929,9168,1561,9168,380,259
805,929,9169,1561,9169,380,259
805,929,9170,1561,9170,380,259
805,929,9171,1561,9171,380,259
805,929,9172,1561,9172,380,259
805,929,9173,1561,9173,380,259
805,929,9174,1561,9174,380,259
805,929,9175,1561,9175,380,259
805,929,9176,1561,9176,380,259
805,929,9177,1561,9177,380,259
805,929,9178,1561,9178,380,259
805,929,9179,1561,9179,380,259
805,929,9180,1561,9180,380,259
805,929,9181,1561,9181,380,259
805,929,9182,1561,9182,380,259
805,929,9183,1561,9183,380,259
805,929,9184,1561,9184,380,259
805,929,9185,1561,9185,380,259
805,929,9186,1561,9186,380,259
805,929,9187,1561,9187,380,259
805,929,9188,1561,9188,380,259
805,929,9189,1561,9189,380,259
805,929,9190,1561,9190,380,259
805,929,9191,1561,9191,380,259
805,929,9192,1561,9192,380,259
805,929,9193,1561,9193,380,259
805,929,9194,1561,9194,380,259
805,929,9195,1561,9195,380,259
805,929,9196,1561,9196,380,259
805,929,9197,1561,9197,380,259
805,929,9198,1561,9198,380,259
805,929,9199,1561,9199,380,259
805,929,9200,1561,9200,380,259
805,929,9201,1561,9201,380,259
805,929,9202,1561,9202,380,259
805,929,9203,1561,9203,380,259
805,929,9204,1561,9204,380,259
805,929,9205,1561,9205,380,259
805,929,9206,1561,9206,380,259
805,929,9207,1561,9207,380,259
805,929,9208,1561,9208,380,259
805,929,9209,1561,9209,380,259
805,929,9210,1561,9210,380,259
805,929,9211,1561,9211,380,259
805,929,9212,1561,9212,380,259
805,929,9213,1561,9213,380,259
805,929,9214,1561,9214,380,259
805,929,9215,1561,9215,380,259
805,929,9216,1561,9216,380,259
805,929,9217,1561,9217,380,259
805,929,9218,1561,9218,380,259
805,929,9219,1561,9219,380,259
805,929,9220,1561,9220,380,259
805,929,9221,1561,9221,380,259
805,929,9222,1561,9222,380,259
805,929,9223,1561,9223,380,259
805,929,9224,1561,9224,380,259
805,929,9225,1561,9225,380,259
805,929,9226,1561,9226,380,259
805,929,9227,1561,9227,380,259
805,929,9228,1561,9228,380,259
805,929,9229,1561,9229,380,259
805,929,9230,1561,9230,380,259
805,929,9231,1561,9231,380,259
804,929,9232,1561,9232,380,259
804,929,9233,1561,9233,380,259
804,929,9234,1561,9234,380,259
804,929,9235,1561,9235,380,259
804,929,9236,1561,9236,380,259
804,929,9237,1561,9237,380,259
804,929,9238,1561,9238,380,259
804,929,9239,1561,9239,380,259
804,929,9240,1561,9240,380,259
804,929,9241,1561,9241,380,259
804,929,9242,1561,9242,380,259
804,929,9243,1561,9243,380,259
804,929,9244,1561,9244,380,259
804,929,9245,1561,9245,380,259
804,929,9246,1561,9246,380,259
804,929,9247,1561,9247,380,259
804,929,9248,1561,9248,380,259
804,929,9249,1561,9249,380,259
804,929,9250,1561,9250,380,259
804,929,9251,1561,9251,380,259
804,929,9252,1561,9252,380,259
804,929,9253,1561,9253,380,259
804,929,9254,1561,9254,380,259
804,929,9255,1561,9255,380,259
804,929,9256,1561,9256,380,259
804,929,9257,1561,9257,380,259
804,929,9258,1561,9258,380,259
804,929,9259,1561,9259,380,259
804,929,9260,1561,9260,380,259
804,929,9261,1561,9261,380,259
804,929,9262,1561,9262,380,259
804,929,9263,1561,9263,380,259
804,929,9264,1561,9264,380,259
804,929,9265,1561,9265,380,259
804,929,9266,1561,9266,380,259
804,929,9267,1561,9267,380,259
804,929,9268,1561,9268,380,259
804,929,9269,1561,9269,380,259
804,929,9270,1561,9270,380,259
804,929,9271,1561,9271,380,259
804,929,9272,1561,9272,380,259
804,929,9273,1561,9273,380,259
804,929,9274,1561,9274,380,259
804,929,9275,1561,9275,380,259
804,929,9276,1561,9276,380,259
804,929,9277,1561,9277,380,259
804,929,9278,1561,9278,380,259
804,929,9279,1561,9279,380,259
804,929,9280,1561,9280,380,259
804,929,9281,1561,9281,380,259
804,929,9282,1561,9282,380,259
804,929,9283,1561,9283,380,259
804,929,9284,1561,9284,380,259
804,929,9285,1561,9285,380,259
804,929,9286,1561,9286,380,259
804,929,9287,1561,9287,380,259
804,929,9288,1561,9288,380,259
804,929,9289,1561,9289,380,259
804,929,9290,1561,9290,380,259
804,929,9291,1561,9291,380,259
804,929,9292,1561,9292,380,259
804,929,9293,1561,9293,380,259
804,929,9294,1561,9294,380,259
804,929,9295,1561,9295,380,259
804,929,9296,1561,9296,380,259
804,929,9297,1561,9297,380,259
804,929,9298,1561,9298,380,259
804,929,9299,1561,9299,380,259
804,929,9300,1561,9300,380,259
804,929,9301,1561,9301,380,259
804,929,9302,1561,9302,380,259
804,929,9303,1561,9303,380,259
804,929,9304,1561,9304,380,259
804,929,9305,1561,9305,380,259
804,929,9306,1561,9306,380,259
804,929,9307,1561,9307,380,259
804,929,9308,1561,9308,380,259
804,929,9309,1561,9309,380,259
804,929,9310,1561,9310,380,259
804,929,9311,1561,9311,380,259
804,929,9312,1561,9312,380,259
804,929,9313,1561,9313,380,259
804,929,9314,1561,9314,380,259
804,929,9315,1561,9315,380,259
804,929,9316,1561,9316,380,259
804,929,9317,1561,9317,380,259
804,929,9318,1561,9318,380,259
804,929,9319,1561,9319,380,259
804,929,9320,1561,9320,380,259
804,929,9321,1561,9321,380,259
804,929,9322,1561,9322,380,259
804,929,9323,1561,9323,380,259
804,929,9324,1561,9324,380,259
804,929,9325,1561,9325,380,259
804,929,9326,1561,9326,380,259
804,929,9327,1561,9327,380,259
804,929,9328,1561,9328,380,259
804,929,9329,1561,9329,380,259
804,929,9330,1561,9330,380,259
804,929,9331,1561,9331,380,259
804,929,9332,1561,9332,380,259
804,929,9333,1561,9333,380,259
804,929,9334,1561,9334,380,259
804,929,9335,1561,9335,380,259
804,929,9336,1561,9336,380,259
804,929,9337,1561,9337,380,259
804,929,9338,1561,9338,380,259
804,929,9339,1561,9339,380,259
804,929,9340,1561,9340,380,259
804,929,9341,1561,9341,380,259
804,929,9342,1561,9342,380,259
804,929,9343,1561,9343,380,259
804,929,9344,1561,9344,380,259
804,929,9345,1561,9345,380,259
804,929,9346,1561,9346,380,259
804,929,9347,1561,9347,380,259
804,929,9348,1561,9348,380,259
804,929,9349,1561,9349,380,259
804,929,9350,1561,9350,380,259
804,929,9351,1561,9351,380,259
804,929,9352,1561,9352,380,259
804,929,9353,1561,9353,380,259
804,929,9354,1561,9354,380,259
804,929,9355,1561,9355,380,259
804,929,9356,1561,9356,380,259
804,929,9357,1561,9357,380,259
804,929,9358,1561,9358,380,259
804,929,9359,1561,9359,380,259
804,929,9360,1561,9360,380,259
804,929,9361,1561,9361,380,259
804,929,9362,1561,9362,380,259
804,929,9363,1561,9363,380,259
804,929,9364,1561,9364,380,259
804,929,9365,1561,9365,380,259
804,929,9366,1561,9366,380,259
804,929,9367,1561,9367,380,259
804,929,9368,1561,9368,380,259
804,929,9369,1561,9369,380,259
804,929,9370,1561,9370,380,259
804,929,9371,1561,9371,380,259
804,929,9372,1561,9372,380,259
803,929,9373,1561,9373,380,258
803,929,9374,1561,9374,380,258
803,929,9375,1561,9375,380,258
804,929,9376,1561,9376,380,258
804,929,9377,1561,9377,380,258
804,929,9378,1561,9378,380,258
804,929,9379,1561,9379,380,258
804,929,9380,1561,9380,380,258
804,929,9381,1561,9381,380,258
804,929,9382,1561,9382,380,258
804,929,9383,1561,9383,380,258
804,929,9384,1561,9384,380,258
804,929,9385,1561,9385,380,258
804,929,9386,1561,9386,380,258
804,929,9387,1561,9387,380,258
804,929,9388,1561,9388,380,258
804,929,9389,1561,9389,380,258
804,929,9390,1561,9390,380,258
804,929,9391,1561,9391,380,258
804,929,9392,1561,9392,380,258
804,929,9393,1561,9393,380,258
804,929,9394,1561,9394,380,258
804,929,9395,1561,9395,380,258
804,929,9396,1561,9396,380,258
804,929,9397,1561,9397,380,258
804,929,9398,1561,9398,380,258
804,929,9399,1561,9399,380,258
804,929,9400,1561,9400,380,258
804,929,9401,1561,9401,380,258
804,929,9402,1561,9402,380,258
804,929,9403,1561,9403,380,258
804,929,9404,1561,9404,380,258
804,929,9405,1561,9405,380,258
804,929,9406,1561,9406,380,258
804,929,9407,1561,9407,380,258
804,929,9408,1561,9408,380,258
804,929,9409,1561,9409,380,258
804,929,9410,1561,9410,380,258
804,929,9411,1561,9411,380,258
804,929,9412,1561,9412,380,258
804,929,9413,1561,9413,380,258
804,929,9414,1561,9414,380,258
804,929,9415,1561,9415,380,258
804,929,9416,1561,9416,380,258
804,929,9417,1561,9417,380,258
804,929,9418,1561,9418,380,258
804,929,9419,1561,9419,380,258
804,929,9420,1561,9420,380,258
804,929,9421,1561,9421,380,258
804,929,9422,1561,9422,380,258
804,929,9423,1561,9423,380,258
804,929,9424,1561,9424,380,258
804,929,9425,1561,9425,380,258
804,929,9426,1561,9426,380,258
804,929,9427,1561,9427,380,258
804,929,9428,1561,9428,380,258
804,929,9429,1561,9429,380,258
804,929,9430,1561,9430,380,258
804,929,9431,1561,9431,380,258
804,929,9432,1561,9432,380,258
804,929,9433,1561,9433,380,258
804,929,9434,1561,9434,380,258
804,929,9435,1561,9435,380,258
804,929,9436,1561,9436,380,258
804,929,9437,1561,9437,380,258
804,929,9438,1561,9438,380,258
804,929,9439,1561,9439,380,258
804,929,9440,1561,9440,380,258
804,929,9441,1561,9441,380,258
804,929,9442,1561,9442,380,258
804,929,9443,1561,9443,380,258
804,929,9444,1561,9444,380,258
804,929,9445,1561,9445,380,258
804,929,9446,1561,9446,380,258
804,929,9447,1561,9447,380,258
804,929,9448,1561,9448,380,258
804,929,9449,1561,9449,380,258
804,929,9450,1561,9450,380,258
804,929,9451,1561,9451,380,258
804,929,9452,1561,9452,380,258
804,929,9453,1561,9453,380,258
804,929,9454,1561,9454,380,258
804,929,9455,1561,9455,380,258
804,929,9456,1561,9456,380,258
804,929,9457,1561,9457,380,258
804,929,9458,1561,9458,380,258
804,929,9459,1561,9459,380,258
804,929,9460,1561,9460,380,258
804,929,9461,1561,9461,380,258
804,929,9462,1561,9462,380,258
804,929,9463,1561,9463,380,258
804,929,9464,1561,9464,380,258
804,929,9465,1561,9465,380,258
804,929,9466,1561,9466,380,258
804,929,9467,1561,9467,380,258
804,929,9468,1561,9468,380,258
804,929,9469,1561,9469,380,258
804,929,9470,1561,9470,380,258
804,929,9471,1561,9471,380,258
804,929,9472,1561,9472,380,258
804,929,9473,1561,9473,380,258
804,929,9474,1561,9474,380,258
804,929,9475,1561,9475,380,258
804,929,9476,1561,9476,380,258
804,929,9477,1561,9477,380,258
804,929,9478,1561,9478,380,258
804,929,9479,1561,9479,380,258
804,929,9480,1561,9480,380,258
804,929,9481,1561,9481,380,258
804,929,9482,1561,9482,380,258
804,929,9483,1561,9483,380,258
804,929,9484,1561,9484,380,258
804,929,9485,1561,9485,380,258
804,929,9486,1561,9486,380,258
804,929,9487,1561,9487,380,258
804,929,9488,1561,9488,380,258
804,929,9489,1561,9489,380,258
804,929,9490,1561,9490,380,258
804,929,9491,1561,9491,380,258
804,929,9492,1561,9492,380,258
804,929,9493,1561,9493,380,258
804,929,9494,1561,9494,380,258
804,929,9495,1561,9495,380,258
804,929,9496,1561,9496,380,258
804,929,9497,1561,9497,380,258
804,929,9498,1561,9498,380,258
804,929,9499,1561,9499,380,258
804,929,9500,1561,9500,380,258
804,929,9501,1561,9501,380,258
804,929,9502,1561,9502,380,258
804,929,9503,1561,9503,380,258
804,929,9504,1561,9504,380,258
804,929,9505,1561,9505,380,258
804,929,9506,1561,9506,380,258
804,929,9507,1561,9507,380,258
804,929,9508,1561,9508,380,258
804,929,9509,1561,9509,380,258
804,929,9510,1561,9510,380,258
804,929,9511,1561,9511,380,258
804,929,9512,1561,9512,380,258
804,929,9513,1561,9513,380,258
804,929,9514,1561,9514,380,258
804,929,9515,1561,9515,380,258
804,929,9516,1561,9516,380,258
804,929,9517,1561,9517,380,258
804,929,9518,1561,9518,380,258
804,929,9519,1561,9519,380,258
804,929,9520,1561,9520,380,258
804,929,9521,1561,9521,380,258
804,929,9522,1561,9522,380,258
804,929,9523,1561,9523,380,258
804,929,9524,1561,9524,380,258
804,929,9525,1561,9525,380,258
804,929,9526,1561,9526,380,258
804,929,9527,1561,9527,380,258
804,929,9528,1561,9528,380,258
804,929,9529,1561,9529,380,258
804,929,9530,1561,9530,380,258
804,929,9531,1561,9531,380,258
804,929,9532,1561,9532,380,258
804,929,9533,1561,9533,380,258
804,929,9534,1561,9534,380,258
804,929,9535,1561,9535,380,258
804,929,9536,1561,9536,380,258
804,929,9537,1561,9537,380,258
804,929,9538,1561,9538,380,258
804,929,9539,1561,9539,380,258
804,929,9540,1561,9540,380,258
804,929,9541,1561,9541,380,258
804,929,9542,1561,9542,380,258
804,929,9543,1561,9543,380,258
804,929,9544,1561,9544,380,258
804,929,9545,1561,9545,380,258
804,929,9546,1561,9546,380,258
804,929,9547,1561,9547,380,258
804,929,9548,1561,9548,380,258
804,929,9549,1561,9549,380,258
804,929,9550,1561,9550,380,258
804,929,9551,1561,9551,380,258
804,929,9552,1561,9552,380,258
804,929,9553,1561,9553,380,258
804,929,9554,1561,9554,380,258
804,929,9555,1561,9555,380,258
804,929,9556,1561,9556,380,258
804,929,9557,1561,9557,380,258
804,929,9558,1561,9558,380,258
804,929,9559,1561,9559,380,258
804,929,9560,1561,9560,380,258
804,929,9561,1561,9561,380,258
804,929,9562,1561,9562,380,258
804,929,9563,1561,9563,380,258
804,929,9564,1561,9564,380,258
804,929,9565,1561,9565,380,258
804,929,9566,1561,9566,380,258
804,929,9567,1561,9567,380,258
804,929,9568,1561,9568,380,258
804,929,9569,1561,9569,380,258
804,929,9570,1561,9570,380,258
804,929,9571,1561,9571,380,258
804,929,9572,1561,9572,380,258
804,929,9573,1561,9573,380,258
804,929,9574,1561,9574,380,258
804,929,9575,1561,9575,380,258
804,929,9576,1561,9576,380,258
804,929,9577,1561,9577,380,258
804,929,9578,1561,9578,380,258
804,929,9579,1561,9579,380,258
804,929,9580,1561,9580,380,258
804,929,9581,1561,9581,380,258
804,929,9582,1561,9582,380,258
804,929,9583,1561,9583,380,258
804,929,9584,1561,9584,380,258
804,929,9585,1561,9585,380,258
804,929,9586,1561,9586,380,258
804,929,9587,1561,9587,380,258
804,929,9588,1561,9588,380,258
804,929,9589,1561,9589,380,258
804,929,9590,1561,9590,380,258
804,929,9591,1561,9591,380,258
804,929,9592,1561,9592,380,258
804,929,9593,1561,9593,380,258
804,929,9594,1561,9594,380,258
804,929,9595,1561,9595,380,258
804,929,9596,1561,9596,380,258
804,929,9597,1561,9597,380,258
804,929,9598,1561,9598,380,258
804,929,9599,1561,9599,380,258
804,929,9600,1561,9600,380,258
804,929,9601,1561,9601,380,258
804,929,9602,1561,9602,380,258
804,929,9603,1561,9603,380,258
804,929,9604,1561,9604,380,258
804,929,9605,1561,9605,380,258
804,929,9606,1561,9606,380,258
804,929,9607,1561,9607,380,258
804,929,9608,1561,9608,380,258
804,929,9609,1561,9609,380,258
804,929,9610,1561,9610,380,258
804,929,9611,1561,9611,380,258
804,929,9612,1561,9612,380,258
804,929,9613,1561,9613,380,258
804,929,9614,1561,9614,380,258
804,929,9615,1561,9615,380,258
804,929,9616,1561,9616,380,258
804,929,9617,1561,9617,380,258
804,929,9618,1561,9618,380,258
804,929,9619,1561,9619,380,258
804,929,9620,1561,9620,380,258
804,929,9621,1561,9621,380,258
804,929,9622,1561,9622,380,258
804,929,9623,1561,9623,380,258
804,929,9624,1561,9624,380,258
804,929,9625,1561,9625,380,258
804,929,9626,1561,9626,380,258
804,929,9627,1561,9627,380,258
804,929,9628,1561,9628,380,258
804,929,9629,1561,9629,380,258
804,929,9630,1561,9630,380,258
804,929,9631,1561,9631,380,258
804,929,9632,1561,9632,380,258
804,929,9633,1561,9633,380,258
804,929,9634,1561,9634,380,258
804,929,9635,1561,9635,380,258
804,929,9636,1561,9636,380,258
804,929,9637,1561,9637,380,258
804,929,9638,1561,9638,380,258
804,929,9639,1561,9639,380,258
804,929,9640,1561,9640,380,258
804,929,9641,1561,9641,380,258
804,929,9642,1561,9642,380,258
804,929,9643,1561,9643,380,258
804,929,9644,1561,9644,380,258
804,929,9645,1561,9645,380,258
804,929,9646,1561,9646,380,258
804,929,9647,1561,9647,380,258
804,929,9648,1561,9648,380,258
804,929,9649,1561,9649,380,258
804,929,9650,1561,9650,380,258
804,929,9651,1561,9651,380,258
804,929,9652,1561,9652,380,258
804,929,9653,1561,9653,380,258
804,929,9654,1561,9654,380,258
804,929,9655,1561,9655,380,258
804,929,9656,1561,9656,380,258
804,929,9657,1561,9657,380,258
804,929,9658,1561,9658,380,258
804,929,9659,1561,9659,380,258
804,929,9660,1561,9660,380,258
804,929,9661,1561,9661,380,258
804,929,9662,1561,9662,380,258
804,929,9663,1561,9663,380,258
804,929,9664,1561,9664,380,258
804,929,9665,1561,9665,380,258
804,929,9666,1561,9666,380,258
804,929,9667,1561,9667,380,258
804,929,9668,1561,9668,380,258
804,929,9669,1561,9669,380,258
804,929,9670,1561,9670,380,258
804,929,9671,1561,9671,380,258
804,929,9672,1561,9672,380,258
804,929,9673,1561,9673,380,258
804,929,9674,1561,9674,380,258
804,929,9675,1561,9675,380,258
804,929,9676,1561,9676,380,258
804,929,9677,1561,9677,380,258
804,929,9678,1561,9678,380,258
804,929,9679,1561,9679,380,258
804,929,9680,1561,9680,380,258
804,929,9681,1561,9681,380,258
804,929,9682,1561,9682,380,258
804,929,9683,1561,9683,380,258
804,929,9684,1561,9684,380,258
804,929,9685,1561,9685,380,258
804,929,9686,1561,9686,380,258
804,929,9687,1561,9687,380,258
804,929,9688,1561,9688,380,258
804,929,9689,1561,9689,380,258
804,929,9690,1561,9690,380,258
804,929,9691,1561,9691,380,258
804,929,9692,1561,9692,380,258
804,929,9693,1561,9693,380,258
804,929,9694,1561,9694,380,258
804,929,9695,1561,9695,380,258
804,929,9696,1561,9696,380,258
804,929,9697,1561,9697,380,258
804,929,9698,1561,9698,380,258
804,929,9699,1561,9699,380,258
804,929,9700,1561,9700,380,258
804,929,9701,1561,9701,380,258
804,929,9702,1561,9702,380,258
804,929,9703,1561,9703,380,258
804,929,9704,1561,9704,380,258
804,929,9705,1561,9705,380,258
804,929,9706,1561,9706,380,258
804,929,9707,1561,9707,380,258
804,929,9708,1561,9708,380,258
804,929,9709,1561,9709,380,258
804,929,9710,1561,9710,380,258
804,929,9711,1561,9711,380,258
804,929,9712,1561,9712,380,258
804,929,9713,1561,9713,380,258
804,929,9714,1561,9714,380,258
804,929,9715,1561,9715,380,258
804,929,9716,1561,9716,380,258
804,929,9717,1561,9717,380,258
804,929,9718,1561,9718,380,258
804,929,9719,1561,9719,380,258
804,929,9720,1561,9720,380,258
804,929,9721,1561,9721,380,258
804,929,9722,1561,9722,380,258
804,929,9723,1561,9723,380,258
804,929,9724,1561,9724,380,258
804,929,9725,1561,9725,380,258
803,929,9726,1561,9726,380,258
803,929,9727,1561,9727,380,258
803,929,9728,1561,9728,380,258
803,929,9729,1561,9729,380,258
803,929,9730,1561,9730,380,258
803,929,9731,1561,9731,380,258
803,929,9732,1561,9732,380,258
803,929,9733,1561,9733,380,258
803,929,9734,1561,9734,380,258
803,929,9735,1561,9735,380,258
803,929,9736,1561,9736,380,258
803,929,9737,1561,9737,380,258
803,929,9738,1561,9738,380,258
803,929,9739,1561,9739,380,258
803,929,9740,1561,9740,380,258
803,929,9741,1561,9741,380,258
803,929,9742,1561,9742,380,258
803,929,9743,1561,9743,380,258
803,929,9744,1561,9744,380,258
803,929,9745,1561,9745,380,258
803,929,9746,1561,9746,380,258
803,929,9747,1561,9747,380,258
803,929,9748,1561,9748,380,258
804,929,9749,1561,9749,380,258
804,929,9750,1561,9750,380,258
804,929,9751,1561,9751,380,258
804,929,9752,1561,9752,380,258
804,929,9753,1561,9753,380,258
804,929,9754,1561,9754,380,258
804,929,9755,1561,9755,380,258
804,929,9756,1561,9756,380,258
804,929,9757,1561,9757,380,258
804,929,9758,1561,9758,380,258
804,929,9759,1561,9759,380,258
804,929,9760,1561,9760,380,258
804,929,9761,1561,9761,380,258
804,929,9762,1561,9762,380,258
804,929,9763,1561,9763,380,258
804,929,9764,1561,9764,380,258
804,929,9765,1561,9765,380,258
804,929,9766,1561,9766,380,258
804,929,9767,1561,9767,380,258
804,929,9768,1561,9768,380,258
804,929,9769,1561,9769,380,258
804,929,9770,1561,9770,380,258
804,929,9771,1561,9771,380,258
804,929,9772,1561,9772,380,258
804,929,9773,1561,9773,380,258
804,929,9774,1561,9774,380,258
804,929,9775,1561,9775,380,258
804,929,9776,1561,9776,380,258
804,929,9777,1561,9777,380,258
804,929,9778,1561,9778,380,258
804,929,9779,1561,9779,380,258
804,929,9780,1561,9780,380,258
804,929,9781,1561,9781,380,258
804,929,9782,1561,9782,380,258
804,929,9783,1561,9783,380,258
804,929,9784,1561,9784,380,258
804,929,9785,1561,9785,380,258
804,929,9786,1561,9786,380,258
804,929,9787,1561,9787,380,258
804,929,9788,1561,9788,380,258
804,929,9789,1561,9789,380,258
804,929,9790,1561,9790,380,258
804,929,9791,1561,9791,380,258
803,929,9792,1561,9792,380,258
803,929,9793,1561,9793,380,258
803,929,9794,1561,9794,380,258
803,929,9795,1561,9795,380,258
803,929,9796,1561,9796,380,258
803,929,9797,1561,9797,380,258
803,929,9798,1561,9798,380,258
803,929,9799,1561,9799,380,258
803,929,9800,1561,9800,380,258
803,929,9801,1561,9801,380,258
803,929,9802,1561,9802,380,258
803,929,9803,1561,9803,380,258
803,929,9804,1561,9804,380,258
803,929,9805,1561,9805,380,258
803,929,9806,1561,9806,380,258
803,929,9807,1561,9807,380,258
803,929,9808,1561,9808,380,258
803,929,9809,1561,9809,380,258
803,929,9810,1561,9810,380,258
803,929,9811,1561,9811,380,258
803,929,9812,1561,9812,380,258
803,929,9813,1561,9813,380,258
803,929,9814,1561,9814,380,258
803,929,9815,1561,9815,380,258
803,929,9816,1561,9816,380,258
803,929,9817,1561,9817,380,258
803,929,9818,1561,9818,380,258
803,929,9819,1561,9819,380,258
803,929,9820,1561,9820,380,258
803,929,9821,1561,9821,380,258
803,929,9822,1561,9822,380,258
803,929,9823,1561,9823,380,258
803,929,9824,1561,9824,380,258
803,929,9825,1561,9825,380,258
803,929,9826,1561,9826,380,258
803,929,9827,1561,9827,380,258
803,929,9828,1561,9828,380,258
803,929,9829,1561,9829,380,258
803,929,9830,1561,9830,380,258
803,929,9831,1561,9831,380,258
803,929,9832,1561,9832,380,258
803,929,9833,1561,9833,380,258
803,929,9834,1561,9834,380,258
803,929,9835,1561,9835,380,258
803,929,9836,1561,9836,380,258
803,929,9837,1561,9837,380,258
803,929,9838,1561,9838,380,258
803,929,9839,1561,9839,380,258
803,929,9840,1561,9840,380,258
803,929,9841,1561,9841,380,258
803,929,9842,1561,9842,380,258
803,929,9843,1561,9843,380,258
803,929,9844,1561,9844,380,258
803,929,9845,1561,9845,380,258
803,929,9846,1561,9846,380,258
803,929,9847,1561,9847,380,258
803,929,9848,1561,9848,380,258
803,929,9849,1561,9849,380,258
803,929,9850,1561,9850,380,258
803,929,9851,1561,9851,380,258
803,929,9852,1561,9852,380,258
803,929,9853,1561,9853,380,258
803,929,9854,1561,9854,380,258
803,929,9855,1561,9855,380,258
803,929,9856,1561,9856,380,258
803,929,9857,1561,9857,380,258
803,929,9858,1561,9858,380,258
803,929,9859,1561,9859,380,258
803,929,9860,1561,9860,380,258
803,929,9861,1561,9861,380,258
803,929,9862,1561,9862,380,258
803,929,9863,1561,9863,380,258
803,929,9864,1561,9864,380,258
803,929,9865,1561,9865,380,258
803,929,9866,1561,9866,380,258
803,929,9867,1561,9867,380,258
803,929,9868,1561,9868,380,258
803,929,9869,1561,9869,380,258
803,929,9870,1561,9870,380,258
803,929,9871,1561,9871,380,258
803,929,9872,1561,9872,380,258
803,929,9873,1561,9873,380,258
803,929,9874,1561,9874,380,258
803,929,9875,1561,9875,380,258
803,929,9876,1561,9876,380,258
803,929,9877,1561,9877,380,258
803,929,9878,1561,9878,380,258
803,929,9879,1561,9879,380,258
803,929,9880,1561,9880,380,258
803,929,9881,1561,9881,380,258
803,929,9882,1561,9882,380,258
803,929,9883,1561,9883,380,258
803,929,9884,1561,9884,380,258
803,929,9885,1561,9885,380,258
803,929,9886,1561,9886,380,258
803,929,9887,1561,9887,380,258
803,929,9888,1561,9888,380,258
803,929,9889,1561,9889,380,258
803,929,9890,1561,9890,380,258
803,929,9891,1561,9891,380,258
803,929,9892,1561,9892,380,258
803,929,9893,1561,9893,380,258
803,929,9894,1561,9894,380,258
803,929,9895,1561,9895,380,258
803,929,9896,1561,9896,380,258
803,929,9897,1561,9897,380,258
803,929,9898,1561,9898,380,258
803,929,9899,1561,9899,380,258
803,929,9900,1561,9900,380,258
803,929,9901,1561,9901,380,258
803,929,9902,1561,9902,380,258
803,929,9903,1561,9903,380,258
803,929,9904,1561,9904,380,258
803,929,9905,1561,9905,380,258
803,929,9906,1561,9906,380,258
803,929,9907,1561,9907,380,258
803,929,9908,1561,9908,380,258
803,929,9909,1561,9909,380,258
803,929,9910,1561,9910,380,258
803,929,9911,1561,9911,380,258
803,929,9912,1561,9912,380,258
803,929,9913,1561,9913,380,258
803,929,9914,1561,9914,380,258
803,929,9915,1561,9915,380,258
803,929,9916,1561,9916,380,258
803,929,9917,1561,9917,380,258
803,929,9918,1561,9918,380,258
803,929,9919,1561,9919,380,258
803,929,9920,1561,9920,380,258
803,929,9921,1561,9921,380,258
803,929,9922,1561,9922,380,258
803,929,9923,1561,9923,380,258
803,929,9924,1561,9924,380,258
803,929,9925,1561,9925,380,258
803,929,9926,1561,9926,380,258
803,929,9927,1561,9927,380,258
803,929,9928,1561,9928,380,258
803,929,9929,1561,9929,380,258
803,929,9930,1561,9930,380,258
803,929,9931,1561,9931,380,258
803,929,9932,1561,9932,380,258
803,929,9933,1561,9933,380,258
803,929,9934,1561,9934,380,258
803,929,9935,1561,9935,380,258
803,929,9936,1561,9936,380,258
803,929,9937,1561,9937,380,258
803,929,9938,1561,9938,380,258
803,929,9939,1561,9939,380,258
803,929,9940,1561,9940,380,258
803,929,9941,1561,9941,380,258
803,929,9942,1561,9942,380,258
803,929,9943,1561,9943,380,258
803,929,9944,1561,9944,380,258
803,929,9945,1561,9945,380,258
803,929,9946,1561,9946,380,258
803,929,9947,1561,9947,380,258
803,929,9948,1561,9948,380,258
803,929,9949,1561,9949,380,258
803,929,9950,1561,9950,380,258
803,929,9951,1561,9951,380,258
803,929,9952,1561,9952,380,258
803,929,9953,1561,9953,380,258
803,929,9954,1561,9954,380,258
803,929,9955,1561,9955,380,258
803,929,9956,1561,9956,380,258
803,929,9957,1561,9957,380,258
803,929,9958,1561,9958,380,258
803,929,9959,1561,9959,380,258
803,929,9960,1561,9960,380,258
803,929,9961,1561,9961,380,258
803,929,9962,1561,9962,380,258
803,929,9963,1561,9963,380,258
803,929,9964,1561,9964,380,258
803,929,9965,1561,9965,380,258
803,929,9966,1561,9966,380,258
803,929,9967,1561,9967,380,258
803,929,9968,1561,9968,380,258
803,929,9969,1561,9969,380,258
803,929,9970,1561,9970,380,258
803,929,9971,1561,9971,380,258
803,929,9972,1561,9972,380,258
803,929,9973,1561,9973,380,258
803,929,9974,1561,9974,380,258
803,929,9975,1561,9975,380,258
803,929,9976,1561,9976,380,258
803,929,9977,1561,9977,380,258
803,929,9978,1561,9978,380,258
803,929,9979,1561,9979,380,258
803,929,9980,1561,9980,380,258
803,929,9981,1561,9981,380,258
803,929,9982,1561,9982,380,258
803,929,9983,1561,9983,380,258
803,929,9984,1561,9984,380,258
803,929,9985,1561,9985,380,258
803,929,9986,1561,9986,380,258
803,929,9987,1561,9987,380,258
803,929,9988,1561,9988,380,258
803,929,9989,1561,9989,380,258
803,929,9990,1561,9990,380,258
803,929,9991,1561,9991,380,258
803,929,9992,1561,9992,380,258
803,929,9993,1561,9993,380,258
803,929,9994,1561,9994,380,258
803,929,9995,1561,9995,380,258
803,929,9996,1561,9996,380,258
803,929,9997,1561,9997,380,258
803,929,9998,1561,9998,380,258
803,929,9999,1561,9999,380,258
803,929,10000,1561,10000,380,258
803,929,10001,1561,10001,380,258
803,929,10002,1561,10002,380,258
803,929,10003,1561,10003,380,258
803,929,10004,1561,10004,380,258
803,929,10005,1561,10005,380,258
803,929,10006,1561,10006,380,258
803,929,10007,1561,10007,380,258
803,929,10008,1561,10008,380,258
803,929,10009,1561,10009,380,258
803,929,10010,1561,10010,380,258
803,929,10011,1561,10011,380,258
803,929,10012,1561,10012,380,258
803,929,10013,1561,10013,380,258
803,929,10014,1561,10014,380,258
803,929,10015,1561,10015,380,258
803,929,10016,1561,10016,380,258
803,929,10017,1561,10017,380,258
803,929,10018,1561,10018,380,258
803,929,10019,1561,10019,380,258
803,929,10020,1561,10020,380,258
803,929,10021,1561,10021,380,258
803,929,10022,1561,10022,380,258
803,929,10023,1561,10023,380,258
803,929,10024,1561,10024,380,258
803,929,10025,1561,10025,380,258
803,929,10026,1561,10026,380,258
803,929,10027,1561,10027,380,258
803,929,10028,1561,10028,380,258
803,929,10029,1561,10029,380,258
803,929,10030,1561,10030,380,258
803,929,10031,1561,10031,380,258
803,929,10032,1561,10032,380,258
803,929,10033,1561,10033,380,258
803,929,10034,1561,10034,380,258
803,929,10035,1561,10035,380,258
803,929,10036,1561,10036,380,258
803,929,10037,1561,10037,380,258
803,929,10038,1561,10038,380,258
803,929,10039,1561,10039,380,258
803,929,10040,1561,10040,380,258
803,929,10041,1561,10041,380,258
803,929,10042,1561,10042,380,258
803,929,10043,1561,10043,380,258
803,929,10044,1561,10044,380,258
803,929,10045,1561,10045,380,258
803,929,10046,1561,10046,380,258
803,929,10047,1561,10047,380,258
803,929,10048,1561,10048,380,258
803,929,10049,1561,10049,380,258
803,929,10050,1561,10050,380,258
803,929,10051,1561,10051,380,258
803,929,10052,1561,10052,380,258
803,929,10053,1561,10053,380,258
803,929,10054,1561,10054,380,258
803,929,10055,1561,10055,380,258
803,929,10056,1561,10056,380,258
803,929,10057,1561,10057,380,258
803,929,10058,1561,10058,380,258
803,929,10059,1561,10059,380,258
803,929,10060,1561,10060,380,258
803,929,10061,1561,10061,380,258
803,929,10062,1561,10062,380,258
803,929,10063,1561,10063,380,258
803,929,10064,1561,10064,380,258
803,929,10065,1561,10065,380,258
803,929,10066,1561,10066,380,258
803,929,10067,1561,10067,380,258
803,929,10068,1561,10068,380,258
803,929,10069,1561,10069,380,258
803,929,10070,1561,10070,380,258
803,929,10071,1561,10071,380,258
803,929,10072,1561,10072,380,258
803,929,10073,1561,10073,380,258
803,929,10074,1561,10074,380,258
803,929,10075,1561,10075,380,258
803,929,10076,1561,10076,380,258
803,929,10077,1561,10077,380,258
803,929,10078,1561,10078,380,258
803,929,10079,1561,10079,380,258
803,929,10080,1561,10080,380,258
803,929,10081,1561,10081,380,258
803,929,10082,1561,10082,380,258
803,929,10083,1561,10083,380,258
803,929,10084,1561,10084,380,258
803,929,10085,1561,10085,380,258
803,929,10086,1561,10086,380,258
803,929,10087,1561,10087,380,258
803,929,10088,1561,10088,380,258
803,929,10089,1561,10089,380,258
803,929,10090,1561,10090,380,258
803,929,10091,1561,10091,380,258
803,929,10092,1561,10092,380,258
803,929,10093,1561,10093,380,258
803,929,10094,1561,10094,380,258
803,929,10095,1561,10095,380,258
803,929,10096,1561,10096,380,258
803,929,10097,1561,10097,380,258
803,929,10098,1561,10098,380,258
803,929,10099,1561,10099,380,258
803,929,10100,1561,10100,380,258
803,929,10101,1561,10101,380,258
803,929,10102,1561,10102,380,258
803,929,10103,1561,10103,380,258
803,929,10104,1561,10104,380,258
803,929,10105,1561,10105,380,258
803,929,10106,1561,10106,380,258
803,929,10107,1561,10107,380,258
803,929,10108,1561,10108,380,258
803,929,10109,1561,10109,380,258
803,929,10110,1561,10110,380,258
803,929,10111,1561,10111,380,258
803,929,10112,1561,10112,380,258
803,929,10113,1561,10113,380,258
803,929,10114,1561,10114,380,258
803,929,10115,1561,10115,380,258
803,929,10116,1561,10116,380,258
803,929,10117,1561,10117,380,258
803,929,10118,1561,10118,380,258
803,929,10119,1561,10119,380,258
803,929,10120,1561,10120,380,258
803,929,10121,1561,10121,380,258
803,929,10122,1561,10122,380,258
804,929,10123,1561,10123,380,258
804,929,10124,1561,10124,380,258
804,929,10125,1561,10125,380,258
804,929,10126,1561,10126,380,258
804,929,10127,1561,10127,380,258
804,929,10128,1561,10128,380,258
804,929,10129,1561,10129,380,258
804,929,10130,1561,10130,380,258
804,929,10131,1561,10131,380,258
804,929,10132,1561,10132,380,258
804,929,10133,1561,10133,380,258
804,929,10134,1561,10134,380,258
804,929,10135,1561,10135,380,258
804,929,10136,1561,10136,380,258
804,929,10137,1561,10137,380,258
804,929,10138,1561,10138,380,258
804,929,10139,1561,10139,380,258
804,929,10140,1561,10140,380,258
804,929,10141,1561,10141,380,258
804,929,10142,1561,10142,380,258
804,929,10143,1561,10143,380,258
804,929,10144,1561,10144,380,258
804,929,10145,1561,10145,380,258
804,929,10146,1561,10146,380,258
804,929,10147,1561,10147,380,258
804,929,10148,1561,10148,380,258
804,929,10149,1561,10149,380,258
804,929,10150,1561,10150,380,258
804,929,10151,1561,10151,380,258
804,929,10152,1561,10152,380,258
803,929,10153,1561,10153,380,258
803,929,10154,1561,10154,380,258
803,929,10155,1561,10155,380,258
803,929,10156,1561,10156,380,258
803,929,10157,1561,10157,380,258
803,929,10158,1561,10158,380,258
803,929,10159,1561,10159,380,258
803,929,10160,1561,10160,380,258
803,929,10161,1561,10161,380,258
803,929,10162,1561,10162,380,258
803,929,10163,1561,10163,380,258
803,929,10164,1561,10164,380,258
803,929,10165,1561,10165,380,258
803,929,10166,1561,10166,380,258
803,929,10167,1561,10167,380,258
803,929,10168,1561,10168,380,258
803,929,10169,1561,10169,380,258
803,929,10170,1561,10170,380,258
803,929,10171,1561,10171,380,258
803,929,10172,1561,10172,380,258
803,929,10173,1561,10173,380,258
803,929,10174,1561,10174,380,258
803,929,10175,1561,10175,380,258
803,929,10176,1561,10176,380,258
803,929,10177,1561,10177,380,258
803,929,10178,1561,10178,380,258
804,929,10179,1561,10179,380,258
804,929,10180,1561,10180,380,258
804,929,10181,1561,10181,380,258
804,929,10182,1561,10182,380,258
804,929,10183,1561,10183,380,258
804,929,10184,1561,10184,380,258
804,929,10185,1561,10185,380,258
804,929,10186,1561,10186,380,258
804,929,10187,1561,10187,380,258
804,929,10188,1561,10188,380,258
804,929,10189,1561,10189,380,258
804,929,10190,1561,10190,380,258
804,929,10191,1561,10191,380,258
804,929,10192,1561,10192,380,258
804,929,10193,1561,10193,380,258
804,929,10194,1561,10194,380,258
804,929,10195,1561,10195,380,258
804,929,10196,1561,10196,380,258
804,929,10197,1561,10197,380,258
804,929,10198,1561,10198,380,258
804,929,10199,1561,10199,380,258
804,929,10200,1561,10200,380,258
804,929,10201,1561,10201,380,258
804,929,10202,1561,10202,380,258
804,929,10203,1561,10203,380,258
804,929,10204,1561,10204,380,258
804,929,10205,1561,10205,380,258
804,929,10206,1561,10206,380,258
804,929,10207,1561,10207,380,258
804,929,10208,1561,10208,380,258
804,929,10209,1561,10209,380,258
804,929,10210,1561,10210,380,258
804,929,10211,1561,10211,380,258
804,929,10212,1561,10212,380,258
804,929,10213,1561,10213,380,258
804,929,10214,1561,10214,380,258
804,929,10215,1561,10215,380,258
804,929,10216,1561,10216,380,258
804,929,10217,1561,10217,380,258
804,929,10218,1561,10218,380,258
804,929,10219,1561,10219,380,258
804,929,10220,1561,10220,380,258
804,929,10221,1561,10221,380,258
804,929,10222,1561,10222,380,258
804,929,10223,1561,10223,380,258
804,929,10224,1561,10224,380,258
804,929,10225,1561,10225,380,258
804,929,10226,1561,10226,380,258
804,929,10227,1561,10227,380,258
804,929,10228,1561,10228,380,258
804,929,10229,1561,10229,380,258
804,929,10230,1561,10230,380,258
804,929,10231,1561,10231,380,258
804,929,10232,1561,10232,380,258
804,929,10233,1561,10233,380,258
804,929,10234,1561,10234,380,258
804,929,10235,1561,10235,380,258
804,929,10236,1561,10236,380,258
804,929,10237,1561,10237,380,258
804,929,10238,1561,10238,380,258
804,929,10239,1561,10239,380,258
805,929,10240,1561,10240,380,258
805,929,10241,1561,10241,380,258
805,929,10242,1561,10242,380,258
805,929,10243,1561,10243,380,258
805,929,10244,1561,10244,380,258
805,929,10245,1561,10245,380,258
805,929,10246,1561,10246,380,258
805,929,10247,1561,10247,380,258
805,929,10248,1561,10248,380,258
805,929,10249,1561,10249,380,258
805,929,10250,1561,10250,380,258
805,929,10251,1561,10251,380,258
805,929,10252,1561,10252,380,258
805,929,10253,1561,10253,380,258
805,929,10254,1561,10254,380,258
805,929,10255,1561,10255,380,258
805,929,10256,1561,10256,380,258
805,929,10257,1561,10257,380,258
805,929,10258,1561,10258,380,258
805,929,10259,1561,10259,380,258
805,929,10260,1561,10260,380,258
805,929,10261,1561,10261,380,258
805,929,10262,1561,10262,380,258
805,929,10263,1561,10263,380,258
805,929,10264,1561,10264,380,258
805,929,10265,1561,10265,380,258
805,929,10266,1561,10266,380,258
805,929,10267,1561,10267,380,258
805,929,10268,1561,10268,380,258
805,929,10269,1561,10269,380,258
805,929,10270,1561,10270,380,258
805,929,10271,1561,10271,380,258
805,929,10272,1561,10272,380,258
805,929,10273,1561,10273,380,258
805,929,10274,1561,10274,380,258
805,929,10275,1561,10275,380,258
805,929,10276,1561,10276,380,258
805,929,10277,1561,10277,380,258
805,929,10278,1561,10278,380,258
805,929,10279,1561,10279,380,258
805,929,10280,1561,10280,380,258
805,929,10281,1561,10281,380,258
805,929,10282,1561,10282,380,258
805,929,10283,1561,10283,380,258
805,929,10284,1561,10284,380,258
805,929,10285,1561,10285,380,258
805,929,10286,1561,10286,380,258
805,929,10287,1561,10287,380,258
805,929,10288,1561,10288,380,258
805,929,10289,1561,10289,380,258
805,929,10290,1561,10290,380,258
805,929,10291,1561,10291,380,258
805,929,10292,1561,10292,380,258
805,929,10293,1561,10293,380,258
805,929,10294,1561,10294,380,258
805,929,10295,1561,10295,380,258
805,929,10296,1561,10296,380,258
805,929,10297,1561,10297,380,258
805,929,10298,1561,10298,380,258
805,929,10299,1561,10299,380,258
805,929,10300,1561,10300,380,258
805,929,10301,1561,10301,380,258
805,929,10302,1561,10302,380,258
805,929,10303,1561,10303,380,258
805,929,10304,1561,10304,380,258
805,929,10305,1561,10305,380,258
805,929,10306,1561,10306,380,258
805,929,10307,1561,10307,380,258
805,929,10308,1561,10308,380,258
805,929,10309,1561,10309,380,258
805,929,10310,1561,10310,380,258
805,929,10311,1561,10311,380,258
805,929,10312,1561,10312,380,258
805,929,10313,1561,10313,380,258
805,929,10314,1561,10314,380,258
805,929,10315,1561,10315,380,258
805,929,10316,1561,10316,380,258
805,929,10317,1561,10317,380,258
805,929,10318,1561,10318,380,258
805,929,10319,1561,10319,380,258
805,929,10320,1561,10320,380,258
805,929,10321,1561,10321,380,258
805,929,10322,1561,10322,380,258
805,929,10323,1561,10323,380,258
805,929,10324,1561,10324,380,258
805,929,10325,1561,10325,380,258
805,929,10326,1561,10326,380,258
805,929,10327,1561,10327,380,258
805,929,10328,1561,10328,380,258
805,929,10329,1561,10329,380,258
805,929,10330,1561,10330,380,258
805,929,10331,1561,10331,380,258
805,929,10332,1561,10332,380,258
805,929,10333,1561,10333,380,258
805,929,10334,1561,10334,380,258
805,929,10335,1561,10335,380,258
805,929,10336,1561,10336,380,258
805,929,10337,1561,10337,380,258
805,929,10338,1561,10338,380,258
805,929,10339,1561,10339,380,258
805,929,10340,1561,10340,380,258
805,929,10341,1561,10341,380,258
805,929,10342,1561,10342,380,258
805,929,10343,1561,10343,380,258
805,929,10344,1561,10344,380,258
805,929,10345,1561,10345,380,258
805,929,10346,1561,10346,380,258
805,929,10347,1561,10347,380,258
805,929,10348,1561,10348,380,258
805,929,10349,1561,10349,380,258
805,929,10350,1561,10350,380,258
805,929,10351,1561,10351,380,258
805,929,10352,1561,10352,380,258
805,929,10353,1561,10353,380,258
805,929,10354,1561,10354,380,258
805,929,10355,1561,10355,380,258
805,929,10356,1561,10356,380,258
805,929,10357,1561,10357,380,258
805,929,10358,1561,10358,380,258
805,929,10359,1561,10359,380,258
805,929,10360,1561,10360,380,258
805,929,10361,1561,10361,380,258
805,929,10362,1561,10362,380,258
805,929,10363,1561,10363,380,258
805,929,10364,1561,10364,380,258
805,929,10365,1561,10365,380,258
805,929,10366,1561,10366,380,258
805,929,10367,1561,10367,380,258
805,929,10368,1561,10368,380,258
805,929,10369,1561,10369,380,258
805,929,10370,1561,10370,380,258
805,929,10371,1561,10371,380,258
805,929,10372,1561,10372,380,258
805,929,10373,1561,10373,380,258
805,929,10374,1561,10374,380,258
805,929,10375,1561,10375,380,258
805,929,10376,1561,10376,380,258
805,929,10377,1561,10377,380,258
805,929,10378,1561,10378,380,258
805,929,10379,1561,10379,380,258
805,929,10380,1561,10380,380,258
805,929,10381,1561,10381,380,258
805,929,10382,1561,10382,380,258
805,929,10383,1561,10383,380,258
805,929,10384,1561,10384,380,258
805,929,10385,1561,10385,380,258
805,929,10386,1561,10386,380,258
805,929,10387,1561,10387,380,258
805,929,10388,1561,10388,380,258
805,929,10389,1561,10389,380,258
805,929,10390,1561,10390,380,258
805,929,10391,1561,10391,380,258
805,929,10392,1561,10392,380,258
805,929,10393,1561,10393,380,258
805,929,10394,1561,10394,380,258
805,929,10395,1561,10395,380,258
805,929,10396,1561,10396,380,258
805,929,10397,1561,10397,380,258
805,929,10398,1561,10398,380,258
805,929,10399,1561,10399,380,258
805,929,10400,1561,10400,380,258
805,929,10401,1561,10401,380,258
805,929,10402,1561,10402,380,258
805,929,10403,1561,10403,380,258
805,929,10404,1561,10404,380,258
805,929,10405,1561,10405,380,258
805,929,10406,1561,10406,380,258
805,929,10407,1561,10407,380,258
805,929,10408,1561,10408,380,258
805,929,10409,1561,10409,380,258
805,929,10410,1561,10410,380,258
805,929,10411,1561,10411,380,258
805,929,10412,1561,10412,380,258
805,929,10413,1561,10413,380,258
805,929,10414,1561,10414,380,258
805,929,10415,1561,10415,380,258
805,929,10416,1561,10416,380,258
805,929,10417,1561,10417,380,258
805,929,10418,1561,10418,380,258
805,929,10419,1561,10419,380,258
805,929,10420,1561,10420,380,258
805,929,10421,1561,10421,380,258
805,929,10422,1561,10422,380,258
805,929,10423,1561,10423,380,258
805,929,10424,1561,10424,380,258
805,929,10425,1561,10425,380,258
805,929,10426,1561,10426,380,258
805,929,10427,1561,10427,380,258
805,929,10428,1561,10428,380,258
805,929,10429,1561,10429,380,258
805,929,10430,1561,10430,380,258
805,929,10431,1561,10431,380,258
805,929,10432,1561,10432,380,258
805,929,10433,1561,10433,380,258
805,929,10434,1561,10434,380,258
805,929,10435,1561,10435,380,258
805,929,10436,1561,10436,380,258
805,929,10437,1561,10437,380,258
806,929,10438,1561,10438,380,258
806,929,10439,1561,10439,380,258
806,929,10440,1561,10440,380,258
806,929,10441,1561,10441,380,258
806,929,10442,1561,10442,380,258
806,929,10443,1561,10443,380,258
806,929,10444,1561,10444,380,258
806,929,10445,1561,10445,380,258
806,929,10446,1561,10446,380,258
806,929,10447,1561,10447,380,258
806,929,10448,1561,10448,380,258
806,929,10449,1561,10449,380,258
806,929,10450,1561,10450,380,258
806,929,10451,1561,10451,380,258
806,929,10452,1561,10452,380,258
806,929,10453,1561,10453,380,258
806,929,10454,1561,10454,380,258
806,929,10455,1561,10455,380,258
806,929,10456,1561,10456,380,258
806,929,10457,1561,10457,380,258
806,929,10458,1561,10458,380,258
806,929,10459,1561,10459,380,258
806,929,10460,1561,10460,380,258
806,929,10461,1561,10461,380,258
806,929,10462,1561,10462,380,258
806,929,10463,1561,10463,380,258
806,929,10464,1561,10464,380,258
806,929,10465,1561,10465,380,258
806,929,10466,1561,10466,380,258
806,929,10467,1561,10467,380,258
806,929,10468,1561,10468,380,258
806,929,10469,1561,10469,380,258
806,929,10470,1561,10470,380,258
806,929,10471,1561,10471,380,258
806,929,10472,1561,10472,380,258
806,929,10473,1561,10473,380,258
806,929,10474,1561,10474,380,258
806,929,10475,1561,10475,380,258
806,929,10476,1561,10476,380,258
806,929,10477,1561,10477,380,258
806,929,10478,1561,10478,380,258
806,929,10479,1561,10479,380,258
806,929,10480,1561,10480,380,258
806,929,10481,1561,10481,380,258
806,929,10482,1561,10482,380,258
806,929,10483,1561,10483,380,258
806,929,10484,1561,10484,380,258
806,929,10485,1561,10485,380,258
806,929,10486,1561,10486,380,258
806,929,10487,1561,10487,380,258
806,929,10488,1561,10488,380,258
806,929,10489,1561,10489,380,258
806,929,10490,1561,10490,380,258
806,929,10491,1561,10491,380,258
806,929,10492,1561,10492,380,258
806,929,10493,1561,10493,380,258
806,929,10494,1561,10494,380,258
806,929,10495,1561,10495,380,258
806,929,10496,1561,10496,380,258
806,929,10497,1561,10497,380,258
806,929,10498,1561,10498,380,258
806,929,10499,1561,10499,380,258
806,929,10500,1561,10500,380,258
806,929,10501,1561,10501,380,258
806,929,10502,1561,10502,380,258
806,929,10503,1561,10503,380,258
806,929,10504,1561,10504,380,258
806,929,10505,1561,10505,380,258
806,929,10506,1561,10506,380,258
806,929,10507,1561,10507,380,258
806,929,10508,1561,10508,380,258
806,929,10509,1561,10509,380,258
806,929,10510,1561,10510,380,258
806,929,10511,1561,10511,380,258
806,929,10512,1561,10512,380,258
806,929,10513,1561,10513,380,258
806,929,10514,1561,10514,380,258
806,929,10515,1561,10515,380,258
806,929,10516,1561,10516,380,258
806,929,10517,1561,10517,380,258
806,929,10518,1561,10518,380,258
806,929,10519,1561,10519,380,258
806,929,10520,1561,10520,380,258
806,929,10521,1561,10521,380,258
806,929,10522,1561,10522,380,258
805,929,10523,1561,10523,380,258
805,929,10524,1561,10524,380,258
805,929,10525,1561,10525,380,258
805,929,10526,1561,10526,380,258
805,929,10527,1561,10527,380,258
805,929,10528,1561,10528,380,258
805,929,10529,1561,10529,380,258
805,929,10530,1561,10530,380,258
805,929,10531,1561,10531,380,258
805,929,10532,1561,10532,380,258
805,929,10533,1561,10533,380,258
805,929,10534,1561,10534,380,258
805,929,10535,1561,10535,380,258
805,929,10536,1561,10536,380,258
805,929,10537,1561,10537,380,258
805,929,10538,1561,10538,380,258
805,929,10539,1561,10539,380,258
805,929,10540,1561,10540,380,258
805,929,10541,1561,10541,380,258
805,929,10542,1561,10542,380,258
805,929,10543,1561,10543,380,258
805,929,10544,1561,10544,380,258
805,929,10545,1561,10545,380,258
805,929,10546,1561,10546,380,258
805,929,10547,1561,10547,380,258
805,929,10548,1561,10548,380,258
805,929,10549,1561,10549,380,258
805,929,10550,1561,10550,380,258
805,929,10551,1561,10551,380,258
805,929,10552,1561,10552,380,258
805,929,10553,1561,10553,380,258
805,929,10554,1561,10554,380,258
805,929,10555,1561,10555,380,258
805,929,10556,1561,10556,380,258
805,929,10557,1561,10557,380,258
805,929,10558,1561,10558,380,258
805,929,10559,1561,10559,380,258
805,929,10560,1561,10560,380,258
805,929,10561,1561,10561,380,258
805,929,10562,1561,10562,380,258
805,929,10563,1561,10563,380,258
805,929,10564,1561,10564,380,258
805,929,10565,1561,10565,380,258
805,929,10566,1561,10566,380,258
805,929,10567,1561,10567,380,258
805,929,10568,1561,10568,380,258
805,929,10569,1561,10569,380,258
805,929,10570,1561,10570,380,258
805,929,10571,1561,10571,380,258
805,929,10572,1561,10572,380,258
805,929,10573,1561,10573,380,258
805,929,10574,1561,10574,380,258
805,929,10575,1561,10575,380,258
805,929,10576,1561,10576,380,258
805,929,10577,1561,10577,380,258
805,929,10578,1561,10578,380,258
805,929,10579,1561,10579,380,258
805,929,10580,1561,10580,380,258
805,929,10581,1561,10581,380,258
805,929,10582,1561,10582,380,258
805,929,10583,1561,10583,380,258
805,929,10584,1561,10584,380,258
805,929,10585,1561,10585,380,258
805,929,10586,1561,10586,380,258
805,929,10587,1561,10587,380,258
805,929,10588,1561,10588,380,258
805,929,10589,1561,10589,380,258
805,929,10590,1561,10590,380,258
805,929,10591,1561,10591,380,258
805,929,10592,1561,10592,380,258
805,929,10593,1561,10593,380,258
805,929,10594,1561,10594,380,258
805,929,10595,1561,10595,380,258
805,929,10596,1561,10596,380,258
805,929,10597,1561,10597,380,258
805,929,10598,1561,10598,380,258
805,929,10599,1561,10599,380,258
805,929,10600,1561,10600,380,258
805,929,10601,1561,10601,380,258
805,929,10602,1561,10602,380,258
805,929,10603,1561,10603,380,258
805,929,10604,1561,10604,380,258
805,929,10605,1561,10605,380,258
805,929,10606,1561,10606,380,258
805,929,10607,1561,10607,380,258
805,929,10608,1561,10608,380,258
805,929,10609,1561,10609,380,258
805,929,10610,1561,10610,380,258
805,929,10611,1561,10611,380,258
805,929,10612,1561,10612,380,258
805,929,10613,1561,10613,380,258
805,929,10614,1561,10614,380,258
805,929,10615,1561,10615,380,258
805,929,10616,1561,10616,380,258
805,929,10617,1561,10617,380,258
805,929,10618,1561,10618,380,258
805,929,10619,1561,10619,380,258
805,929,10620,1561,10620,380,258
805,929,10621,1561,10621,380,258
805,929,10622,1561,10622,380,258
805,929,10623,1561,10623,380,258
805,929,10624,1561,10624,380,258
805,929,10625,1561,10625,380,258
805,929,10626,1561,10626,380,258
805,929,10627,1561,10627,380,258
805,929,10628,1561,10628,380,258
805,929,10629,1561,10629,380,258
805,929,10630,1561,10630,380,258
805,929,10631,1561,10631,380,258
805,929,10632,1561,10632,380,258
805,929,10633,1561,10633,380,258
805,929,10634,1561,10634,380,258
805,929,10635,1561,10635,380,258
805,929,10636,1561,10636,380,258
805,929,10637,1561,10637,380,258
805,929,10638,1561,10638,380,258
805,929,10639,1561,10639,380,258
805,929,10640,1561,10640,380,258
805,929,10641,1561,10641,380,258
805,929,10642,1561,10642,380,258
805,929,10643,1561,10643,380,258
805,929,10644,1561,10644,380,258
805,929,10645,1561,10645,380,258
805,929,10646,1561,10646,380,258
805,929,10647,1561,10647,380,258
805,929,10648,1561,10648,380,258
805,929,10649,1561,10649,380,258
805,929,10650,1561,10650,380,258
805,929,10651,1561,10651,380,258
805,929,10652,1561,10652,380,258
805,929,10653,1561,10653,380,258
805,929,10654,1561,10654,380,258
805,929,10655,1561,10655,380,258
804,929,10656,1561,10656,380,258
804,929,10657,1561,10657,380,258
804,929,10658,1561,10658,380,258
804,929,10659,1561,10659,380,258
804,929,10660,1561,10660,380,258
804,929,10661,1561,10661,380,258
804,929,10662,1561,10662,380,258
804,929,10663,1561,10663,380,258
804,929,10664,1561,10664,380,258
804,929,10665,1561,10665,380,258
804,929,10666,1561,10666,380,258
804,929,10667,1561,10667,380,258
804,929,10668,1561,10668,380,258
804,929,10669,1561,10669,380,258
804,929,10670,1561,10670,380,258
804,929,10671,1561,10671,380,258
804,929,10672,1561,10672,380,258
804,929,10673,1561,10673,380,258
804,929,10674,1561,10674,380,258
804,929,10675,1561,10675,380,258
804,929,10676,1561,10676,380,258
804,929,10677,1561,10677,380,258
804,929,10678,1561,10678,380,258
804,929,10679,1561,10679,380,258
804,929,10680,1561,10680,380,258
804,929,10681,1561,10681,380,258
804,929,10682,1561,10682,380,258
804,929,10683,1561,10683,380,258
804,929,10684,1561,10684,380,258
804,929,10685,1561,10685,380,258
804,929,10686,1561,10686,380,258
804,929,10687,1561,10687,380,258
804,929,10688,1561,10688,380,258
804,929,10689,1561,10689,380,258
804,929,10690,1561,10690,380,258
804,929,10691,1561,10691,380,258
804,929,10692,1561,10692,380,258
804,929,10693,1561,10693,380,258
804,929,10694,1561,10694,380,258
804,929,10695,1561,10695,380,258
804,929,10696,1561,10696,380,258
804,929,10697,1561,10697,380,258
804,929,10698,1561,10698,380,258
804,929,10699,1561,10699,380,258
804,929,10700,1561,10700,380,258
804,929,10701,1561,10701,380,258
804,929,10702,1561,10702,380,258
804,929,10703,1561,10703,380,258
804,929,10704,1561,10704,380,258
804,929,10705,1561,10705,380,258
804,929,10706,1561,10706,380,258
804,929,10707,1561,10707,380,258
804,929,10708,1561,10708,380,258
804,929,10709,1561,10709,380,258
804,929,10710,1561,10710,380,258
804,929,10711,1561,10711,380,258
804,929,10712,1561,10712,380,258
804,929,10713,1561,10713,380,258
804,929,10714,1561,10714,380,258
804,929,10715,1561,10715,380,258
804,929,10716,1561,10716,380,258
804,929,10717,1561,10717,380,258
804,929,10718,1561,10718,380,258
804,929,10719,1561,10719,380,258
804,929,10720,1561,10720,380,258
804,929,10721,1561,10721,380,258
804,929,10722,1561,10722,380,258
804,929,10723,1561,10723,380,258
804,929,10724,1561,10724,380,258
804,929,10725,1561,10725,380,258
804,929,10726,1561,10726,380,258
804,929,10727,1561,10727,380,258
804,929,10728,1561,10728,380,258
804,929,10729,1561,10729,380,258
804,929,10730,1561,10730,380,258
804,929,10731,1561,10731,380,258
804,929,10732,1561,10732,380,258
804,929,10733,1561,10733,380,258
804,929,10734,1561,10734,380,258
804,929,10735,1561,10735,380,258
804,929,10736,1561,10736,380,258
804,929,10737,1561,10737,380,258
804,929,10738,1561,10738,380,258
804,929,10739,1561,10739,380,258
804,929,10740,1561,10740,380,258
804,929,10741,1561,10741,380,258
804,929,10742,1561,10742,380,258
804,929,10743,1561,10743,380,258
804,929,10744,1561,10744,380,258
804,929,10745,1561,10745,380,258
804,929,10746,1561,10746,380,258
804,929,10747,1561,10747,380,258
804,929,10748,1561,10748,380,258
804,929,10749,1561,10749,380,258
804,929,10750,1561,10750,380,258
804,929,10751,1561,10751,380,258
804,929,10752,1561,10752,380,258
804,929,10753,1561,10753,380,258
804,929,10754,1561,10754,380,258
804,929,10755,1561,10755,380,258
804,929,10756,1561,10756,380,258
804,929,10757,1561,10757,380,258
804,929,10758,1561,10758,380,258
804,929,10759,1561,10759,380,258
804,929,10760,1561,10760,380,258
804,929,10761,1561,10761,380,258
804,929,10762,1561,10762,380,258
804,929,10763,1561,10763,380,258
804,929,10764,1561,10764,380,258
804,929,10765,1561,10765,380,258
804,929,10766,1561,10766,380,258
804,929,10767,1561,10767,380,258
804,929,10768,1561,10768,380,258
804,929,10769,1561,10769,380,258
804,929,10770,1561,10770,380,258
804,929,10771,1561,10771,380,258
804,929,10772,1561,10772,380,258
804,929,10773,1561,10773,380,258
804,929,10774,1561,10774,380,258
804,929,10775,1561,10775,380,258
804,929,10776,1561,10776,380,258
804,929,10777,1561,10777,380,258
804,929,10778,1561,10778,380,258
804,929,10779,1561,10779,380,258
804,929,10780,1561,10780,380,258
804,929,10781,1561,10781,380,258
804,929,10782,1561,10782,380,258
804,929,10783,1561,10783,380,258
804,929,10784,1561,10784,380,258
804,929,10785,1561,10785,380,258
804,929,10786,1561,10786,380,258
804,929,10787,1561,10787,380,258
804,929,10788,1561,10788,380,258
804,929,10789,1561,10789,380,258
804,929,10790,1561,10790,380,258
804,929,10791,1561,10791,380,258
804,929,10792,1561,10792,380,258
804,929,10793,1561,10793,380,258
804,929,10794,1561,10794,380,258
804,929,10795,1561,10795,380,258
804,929,10796,1561,10796,380,258
804,929,10797,1561,10797,380,258
804,929,10798,1561,10798,380,258
804,929,10799,1561,10799,380,258
804,929,10800,1561,10800,380,258
804,929,10801,1561,10801,380,258
804,929,10802,1561,10802,380,258
804,929,10803,1561,10803,380,258
804,929,10804,1561,10804,380,258
804,929,10805,1561,10805,380,258
804,929,10806,1561,10806,380,258
804,929,10807,1561,10807,380,258
804,929,10808,1561,10808,380,258
804,929,10809,1561,10809,380,258
804,929,10810,1561,10810,380,258
804,929,10811,1561,10811,380,258
804,929,10812,1561,10812,380,258
804,929,10813,1561,10813,380,258
804,929,10814,1561,10814,380,258
804,929,10815,1561,10815,380,258
804,929,10816,1561,10816,380,258
804,929,10817,1561,10817,380,258
804,929,10818,1561,10818,380,258
804,929,10819,1561,10819,380,258
804,929,10820,1561,10820,380,258
804,929,10821,1561,10821,380,258
804,929,10822,1561,10822,380,258
804,929,10823,1561,10823,380,258
804,929,10824,1561,10824,380,258
804,929,10825,1561,10825,380,258
804,929,10826,1561,10826,380,258
804,929,10827,1561,10827,380,258
804,929,10828,1561,10828,380,258
804,929,10829,1561,10829,380,258
804,929,10830,1561,10830,380,258
804,929,10831,1561,10831,380,258
803,929,10832,1561,10832,380,257
803,929,10833,1561,10833,380,257
803,929,10834,1561,10834,380,257
803,929,10835,1561,10835,380,257
803,929,10836,1561,10836,380,257
803,929,10837,1561,10837,380,257
803,929,10838,1561,10838,380,257
803,929,10839,1561,10839,380,257
803,929,10840,1561,10840,380,257
803,929,10841,1561,10841,380,257
803,929,10842,1561,10842,380,257
803,929,10843,1561,10843,380,257
803,929,10844,1561,10844,380,257
803,929,10845,1561,10845,380,257
803,929,10846,1561,10846,380,257
803,929,10847,1561,10847,380,257
803,929,10848,1561,10848,380,257
803,929,10849,1561,10849,380,257
803,929,10850,1561,10850,380,257
803,929,10851,1561,10851,380,257
803,929,10852,1561,10852,380,257
803,929,10853,1561,10853,380,257
803,929,10854,1561,10854,380,257
803,929,10855,1561,10855,380,257
803,929,10856,1561,10856,380,257
803,929,10857,1561,10857,380,257
803,929,10858,1561,10858,380,257
803,929,10859,1561,10859,380,257
803,929,10860,1561,10860,380,257
803,929,10861,1561,10861,380,257
803,929,10862,1561,10862,380,257
803,929,10863,1561,10863,380,257
803,929,10864,1561,10864,380,257
803,929,10865,1561,10865,380,257
803,929,10866,1561,10866,380,257
803,929,10867,1561,10867,380,257
803,929,10868,1561,10868,380,257
803,929,10869,1561,10869,380,257
803,929,10870,1561,10870,380,257
803,929,10871,1561,10871,380,257
803,929,10872,1561,10872,380,257
803,929,10873,1561,10873,380,257
803,929,10874,1561,10874,380,257
803,929,10875,1561,10875,380,257
803,929,10876,1561,10876,380,257
803,929,10877,1561,10877,380,257
803,929,10878,1561,10878,380,257
803,929,10879,1561,10879,380,257
803,929,10880,1561,10880,380,257
803,929,10881,1561,10881,380,257
803,929,10882,1561,10882,380,257
803,929,10883,1561,10883,380,257
803,929,10884,1561,10884,380,257
803,929,10885,1561,10885,380,257
803,929,10886,1561,10886,380,257
803,929,10887,1561,10887,380,257
803,929,10888,1561,10888,380,257
803,929,10889,1561,10889,380,257
803,929,10890,1561,10890,380,257
803,929,10891,1561,10891,380,257
803,929,10892,1561,10892,380,257
803,929,10893,1561,10893,380,257
803,929,10894,1561,10894,380,257
803,929,10895,1561,10895,380,257
803,929,10896,1561,10896,380,257
803,929,10897,1561,10897,380,257
803,929,10898,1561,10898,380,257
803,929,10899,1561,10899,380,257
803,929,10900,1561,10900,380,257
803,929,10901,1561,10901,380,257
803,929,10902,1561,10902,380,257
803,929,10903,1561,10903,380,257
803,929,10904,1561,10904,380,257
803,929,10905,1561,10905,380,257
803,929,10906,1561,10906,380,257
803,929,10907,1561,10907,380,257
803,929,10908,1561,10908,380,257
803,929,10909,1561,10909,380,257
803,929,10910,1561,10910,380,257
803,929,10911,1561,10911,380,257
803,929,10912,1561,10912,380,257
803,929,10913,1561,10913,380,257
803,929,10914,1561,10914,380,257
803,929,10915,1561,10915,380,257
803,929,10916,1561,10916,380,257
803,929,10917,1561,10917,380,257
803,929,10918,1561,10918,380,257
803,929,10919,1561,10919,380,257
803,929,10920,1561,10920,380,257
803,929,10921,1561,10921,380,257
803,929,10922,1561,10922,380,257
803,929,10923,1561,10923,380,257
803,929,10924,1561,10924,380,257
803,929,10925,1561,10925,380,257
803,929,10926,1561,10926,380,257
803,929,10927,1561,10927,380,257
803,929,10928,1561,10928,380,257
803,929,10929,1561,10929,380,257
803,929,10930,1561,10930,380,257
803,929,10931,1561,10931,380,257
803,929,10932,1561,10932,380,257
803,929,10933,1561,10933,380,257
803,929,10934,1561,10934,380,257
803,929,10935,1561,10935,380,257
803,929,10936,1561,10936,380,257
803,929,10937,1561,10937,380,257
803,929,10938,1561,10938,380,257
803,929,10939,1561,10939,380,257
803,929,10940,1561,10940,380,257
803,929,10941,1561,10941,380,257
803,929,10942,1561,10942,380,257
803,929,10943,1561,10943,380,257
803,929,10944,1561,10944,380,257
803,929,10945,1561,10945,380,257
803,929,10946,1561,10946,380,257
803,929,10947,1561,10947,380,257
803,929,10948,1561,10948,380,257
803,929,10949,1561,10949,380,257
803,929,10950,1561,10950,380,257
803,929,10951,1561,10951,380,257
803,929,10952,1561,10952,380,257
803,929,10953,1561,10953,380,257
803,929,10954,1561,10954,380,257
803,929,10955,1561,10955,380,257
803,929,10956,1561,10956,380,257
803,929,10957,1561,10957,380,257
803,929,10958,1561,10958,380,257
803,929,10959,1561,10959,380,257
803,929,10960,1561,10960,380,257
803,929,10961,1561,10961,380,257
803,929,10962,1561,10962,380,257
803,929,10963,1561,10963,380,257
803,929,10964,1561,10964,380,257
803,929,10965,1561,10965,380,257
803,929,10966,1561,10966,380,257
803,929,10967,1561,10967,380,257
803,929,10968,1561,10968,380,257
803,929,10969,1561,10969,380,257
803,929,10970,1561,10970,380,257
803,929,10971,1561,10971,380,257
803,929,10972,1561,10972,380,257
803,929,10973,1561,10973,380,257
803,929,10974,1561,10974,380,257
803,929,10975,1561,10975,380,257
803,929,10976,1561,10976,380,257
803,929,10977,1561,10977,380,257
803,929,10978,1561,10978,380,257
803,929,10979,1561,10979,380,257
803,929,10980,1561,10980,380,257
803,929,10981,1561,10981,380,257
803,929,10982,1561,10982,380,257
803,929,10983,1561,10983,380,257
803,929,10984,1561,10984,380,257
803,929,10985,1561,10985,380,257
803,929,10986,1561,10986,380,257
803,929,10987,1561,10987,380,257
803,929,10988,1561,10988,380,257
803,929,10989,1561,10989,380,257
803,929,10990,1561,10990,380,257
803,929,10991,1561,10991,380,257
803,929,10992,1561,10992,380,257
803,929,10993,1561,10993,380,257
803,929,10994,1561,10994,380,257
803,929,10995,1561,10995,380,257
803,929,10996,1561,10996,380,257
803,929,10997,1561,10997,380,257
803,929,10998,1561,10998,380,257
803,929,10999,1561,10999,380,257
803,929,11000,1561,11000,380,257
803,929,11001,1561,11001,380,257
803,929,11002,1561,11002,380,257
803,929,11003,1561,11003,380,257
803,929,11004,1561,11004,380,257
803,929,11005,1561,11005,380,257
803,929,11006,1561,11006,380,257
803,929,11007,1561,11007,380,257
803,929,11008,1561,11008,380,257
803,929,11009,1561,11009,380,257
803,929,11010,1561,11010,380,257
803,929,11011,1561,11011,380,257
803,929,11012,1561,11012,380,257
803,929,11013,1561,11013,380,257
803,929,11014,1561,11014,380,257
803,929,11015,1561,11015,380,257
803,929,11016,1561,11016,380,257
803,929,11017,1561,11017,380,257
803,929,11018,1561,11018,380,257
803,929,11019,1561,11019,380,257
803,929,11020,1561,11020,380,257
803,929,11021,1561,11021,380,257
803,929,11022,1561,11022,380,257
803,929,11023,1561,11023,380,257
803,929,11024,1561,11024,380,257
803,929,11025,1561,11025,380,257
803,929,11026,1561,11026,380,257
803,929,11027,1561,11027,380,257
803,929,11028,1561,11028,380,257
803,929,11029,1561,11029,380,257
803,929,11030,1561,11030,380,257
803,929,11031,1561,11031,380,257
803,929,11032,1561,11032,380,257
803,929,11033,1561,11033,380,257
803,929,11034,1561,11034,380,257
803,929,11035,1561,11035,380,257
803,929,11036,1561,11036,380,257
803,929,11037,1561,11037,380,257
803,929,11038,1561,11038,380,257
803,929,11039,1561,11039,380,257
803,929,11040,1561,11040,380,257
803,929,11041,1561,11041,380,257
803,929,11042,1561,11042,380,257
803,929,11043,1561,11043,380,257
803,929,11044,1561,11044,380,257
803,929,11045,1561,11045,380,257
803,929,11046,1561,11046,380,257
803,929,11047,1561,11047,380,257
803,929,11048,1561,11048,380,257
803,929,11049,1561,11049,380,257
803,929,11050,1561,11050,380,257
803,929,11051,1561,11051,380,257
803,929,11052,1561,11052,380,257
803,929,11053,1561,11053,380,257
803,929,11054,1561,11054,380,257
803,929,11055,1561,11055,380,257
803,929,11056,1561,11056,380,257
803,929,11057,1561,11057,380,257
803,929,11058,1561,11058,380,257
803,929,11059,1561,11059,380,257
803,929,11060,1561,11060,380,257
803,929,11061,1561,11061,380,257
803,929,11062,1561,11062,380,257
802,929,11063,1561,11063,380,257
802,929,11064,1561,11064,380,257
802,929,11065,1561,11065,380,257
802,929,11066,1561,11066,380,257
802,929,11067,1561,11067,380,257
802,929,11068,1561,11068,380,257
802,929,11069,1561,11069,380,257
802,929,11070,1561,11070,380,257
802,929,11071,1561,11071,380,257
802,929,11072,1561,11072,380,257
802,929,11073,1561,11073,380,257
802,929,11074,1561,11074,380,257
802,929,11075,1561,11075,380,257
802,929,11076,1561,11076,380,257
802,929,11077,1561,11077,380,257
802,929,11078,1561,11078,380,257
802,929,11079,1561,11079,380,257
802,929,11080,1561,11080,380,257
802,929,11081,1561,11081,380,257
802,929,11082,1561,11082,380,257
802,929,11083,1561,11083,380,257
802,929,11084,1561,11084,380,257
802,929,11085,1561,11085,380,257
802,929,11086,1561,11086,380,257
802,929,11087,1561,11087,380,257
802,929,11088,1561,11088,380,257
802,929,11089,1561,11089,380,257
802,929,11090,1561,11090,380,257
802,929,11091,1561,11091,380,257
802,929,11092,1561,11092,380,257
802,929,11093,1561,11093,380,257
802,929,11094,1561,11094,380,257
802,929,11095,1561,11095,380,257
802,929,11096,1561,11096,380,257
802,929,11097,1561,11097,380,257
802,929,11098,1561,11098,380,257
802,929,11099,1561,11099,380,257
802,929,11100,1561,11100,380,257
802,929,11101,1561,11101,380,257
802,929,11102,1561,11102,380,257
802,929,11103,1561,11103,380,257
802,929,11104,1561,11104,380,257
802,929,11105,1561,11105,380,257
802,929,11106,1561,11106,380,257
802,929,11107,1561,11107,380,257
803,929,11108,1561,11108,380,257
803,929,11109,1561,11109,380,257
803,929,11110,1561,11110,380,257
803,929,11111,1561,11111,380,257
803,929,11112,1561,11112,380,257
803,929,11113,1561,11113,380,257
803,929,11114,1561,11114,380,257
803,929,11115,1561,11115,380,257
803,929,11116,1561,11116,380,257
803,929,11117,1561,11117,380,257
803,929,11118,1561,11118,380,257
803,929,11119,1561,11119,380,257
803,929,11120,1561,11120,380,257
803,929,11121,1561,11121,380,257
803,929,11122,1561,11122,380,257
803,929,11123,1561,11123,380,257
803,929,11124,1561,11124,380,257
803,929,11125,1561,11125,380,257
803,929,11126,1561,11126,380,257
803,929,11127,1561,11127,380,257
803,929,11128,1561,11128,380,257
803,929,11129,1561,11129,380,257
803,929,11130,1561,11130,380,257
803,929,11131,1561,11131,380,257
803,929,11132,1561,11132,380,257
803,929,11133,1561,11133,380,257
803,929,11134,1561,11134,380,257
803,929,11135,1561,11135,380,257
803,929,11136,1561,11136,380,257
803,929,11137,1561,11137,380,257
803,929,11138,1561,11138,380,257
803,929,11139,1561,11139,380,257
803,929,11140,1561,11140,380,257
803,929,11141,1561,11141,380,257
803,929,11142,1561,11142,380,257
803,929,11143,1561,11143,380,257
803,929,11144,1561,11144,380,257
803,929,11145,1561,11145,380,257
803,929,11146,1561,11146,380,257
803,929,11147,1561,11147,380,257
803,929,11148,1561,11148,380,257
803,929,11149,1561,11149,380,257
803,929,11150,1561,11150,380,257
803,929,11151,1561,11151,380,257
803,929,11152,1561,11152,380,257
803,929,11153,1561,11153,380,257
803,929,11154,1561,11154,380,257
803,929,11155,1561,11155,380,257
803,929,11156,1561,11156,380,257
803,929,11157,1561,11157,380,257
803,929,11158,1561,11158,380,257
803,929,11159,1561,11159,380,257
803,929,11160,1561,11160,380,257
803,929,11161,1561,11161,380,257
803,929,11162,1561,11162,380,257
803,929,11163,1561,11163,380,257
803,929,11164,1561,11164,380,257
803,929,11165,1561,11165,380,257
803,929,11166,1561,11166,380,257
803,929,11167,1561,11167,380,257
803,929,11168,1561,11168,380,257
803,929,11169,1561,11169,380,257
803,929,11170,1561,11170,380,257
803,929,11171,1561,11171,380,257
803,929,11172,1561,11172,380,257
803,929,11173,1561,11173,380,257
803,929,11174,1561,11174,380,257
803,929,11175,1561,11175,380,257
803,929,11176,1561,11176,380,257
803,929,11177,1561,11177,380,257
803,929,11178,1561,11178,380,257
803,929,11179,1561,11179,380,257
803,929,11180,1561,11180,380,257
803,929,11181,1561,11181,380,257
803,929,11182,1561,11182,380,257
803,929,11183,1561,11183,380,257
803,929,11184,1561,11184,380,257
803,929,11185,1561,11185,380,257
803,929,11186,1561,11186,380,257
803,929,11187,1561,11187,380,257
803,929,11188,1561,11188,380,257
803,929,11189,1561,11189,380,257
803,929,11190,1561,11190,380,257
803,929,11191,1561,11191,380,257
803,929,11192,1561,11192,380,257
803,929,11193,1561,11193,380,257
803,929,11194,1561,11194,380,257
803,929,11195,1561,11195,380,257
803,929,11196,1561,11196,380,257
803,929,11197,1561,11197,380,257
803,929,11198,1561,11198,380,257
803,929,11199,1561,11199,380,257
803,929,11200,1561,11200,380,257
803,929,11201,1561,11201,380,257
803,929,11202,1561,11202,380,257
803,929,11203,1561,11203,380,257
803,929,11204,1561,11204,380,257
803,929,11205,1561,11205,380,257
803,929,11206,1561,11206,380,257
803,929,11207,1561,11207,380,257
803,929,11208,1561,11208,380,257
803,929,11209,1561,11209,380,257
803,929,11210,1561,11210,380,257
803,929,11211,1561,11211,380,257
803,929,11212,1561,11212,380,257
803,929,11213,1561,11213,380,257
803,929,11214,1561,11214,380,257
803,929,11215,1561,11215,380,257
803,929,11216,1561,11216,380,257
803,929,11217,1561,11217,380,257
803,929,11218,1561,11218,380,257
803,929,11219,1561,11219,380,257
803,929,11220,1561,11220,380,257
803,929,11221,1561,11221,380,257
803,929,11222,1561,11222,380,257
803,929,11223,1561,11223,380,257
803,929,11224,1561,11224,380,257
803,929,11225,1561,11225,380,257
803,929,11226,1561,11226,380,257
803,929,11227,1561,11227,380,257
803,929,11228,1561,11228,380,257
803,929,11229,1561,11229,380,257
803,929,11230,1561,11230,380,257
803,929,11231,1561,11231,380,257
803,929,11232,1561,11232,380,257
803,929,11233,1561,11233,380,257
803,929,11234,1561,11234,380,257
803,929,11235,1561,11235,380,257
803,929,11236,1561,11236,380,257
803,929,11237,1561,11237,380,257
803,929,11238,1561,11238,380,257
803,929,11239,1561,11239,380,257
803,929,11240,1561,11240,380,257
803,929,11241,1561,11241,380,257
803,929,11242,1561,11242,380,257
803,929,11243,1561,11243,380,257
803,929,11244,1561,11244,380,257
803,929,11245,1561,11245,380,257
803,929,11246,1561,11246,380,257
803,929,11247,1561,11247,380,257
803,929,11248,1561,11248,380,257
803,929,11249,1561,11249,380,257
803,929,11250,1561,11250,380,257
803,929,11251,1561,11251,380,257
803,929,11252,1561,11252,380,257
803,929,11253,1561,11253,380,257
803,929,11254,1561,11254,380,257
803,929,11255,1561,11255,380,257
803,929,11256,1561,11256,380,257
803,929,11257,1561,11257,380,257
803,929,11258,1561,11258,380,257
803,929,11259,1561,11259,380,257
803,929,11260,1561,11260,380,257
803,929,11261,1561,11261,380,257
803,929,11262,1561,11262,380,257
803,929,11263,1561,11263,380,257
803,929,11264,1561,11264,380,257
803,929,11265,1561,11265,380,257
803,929,11266,1561,11266,380,257
803,929,11267,1561,11267,380,257
803,929,11268,1561,11268,380,257
803,929,11269,1561,11269,380,257
803,929,11270,1561,11270,380,257
803,929,11271,1561,11271,380,257
803,929,11272,1561,11272,380,257
803,929,11273,1561,11273,380,257
803,929,11274,1561,11274,380,257
803,929,11275,1561,11275,380,257
803,929,11276,1561,11276,380,257
803,929,11277,1561,11277,380,257
803,929,11278,1561,11278,380,257
803,929,11279,1561,11279,380,257
803,929,11280,1561,11280,380,257
803,929,11281,1561,11281,380,257
803,929,11282,1561,11282,380,257
803,929,11283,1561,11283,380,257
803,929,11284,1561,11284,380,257
803,929,11285,1561,11285,380,257
803,929,11286,1561,11286,380,257
803,929,11287,1561,11287,380,257
803,929,11288,1561,11288,380,257
803,929,11289,1561,11289,380,257
803,929,11290,1561,11290,380,257
803,929,11291,1561,11291,380,257
803,929,11292,1561,11292,380,257
803,929,11293,1561,11293,380,257
803,929,11294,1561,11294,380,257
803,929,11295,1561,11295,380,257
803,929,11296,1561,11296,380,257
803,929,11297,1561,11297,380,257
803,929,11298,1561,11298,380,257
803,929,11299,1561,11299,380,257
803,929,11300,1561,11300,380,257
803,929,11301,1561,11301,380,257
803,929,11302,1561,11302,380,257
803,929,11303,1561,11303,380,257
803,929,11304,1561,11304,380,257
803,929,11305,1561,11305,380,257
803,929,11306,1561,11306,380,257
803,929,11307,1561,11307,380,257
803,929,11308,1561,11308,380,257
803,929,11309,1561,11309,380,257
803,929,11310,1561,11310,380,257
803,929,11311,1561,11311,380,257
803,929,11312,1561,11312,380,257
803,929,11313,1561,11313,380,257
803,929,11314,1561,11314,380,257
803,929,11315,1561,11315,380,257
803,929,11316,1561,11316,380,257
803,929,11317,1561,11317,380,257
803,929,11318,1561,11318,380,257
803,929,11319,1561,11319,380,257
803,929,11320,1561,11320,380,257
803,929,11321,1561,11321,380,257
803,929,11322,1561,11322,380,257
803,929,11323,1561,11323,380,257
803,929,11324,1561,11324,380,257
803,929,11325,1561,11325,380,257
803,929,11326,1561,11326,380,257
803,929,11327,1561,11327,380,257
803,929,11328,1561,11328,380,257
803,929,11329,1561,11329,380,257
803,929,11330,1561,11330,380,257
803,929,11331,1561,11331,380,257
803,929,11332,1561,11332,380,257
803,929,11333,1561,11333,380,257
803,929,11334,1561,11334,380,257
803,929,11335,1561,11335,380,257
803,929,11336,1561,11336,380,257
803,929,11337,1561,11337,380,257
803,929,11338,1561,11338,380,257
803,929,11339,1561,11339,380,257
803,929,11340,1561,11340,380,257
803,929,11341,1561,11341,380,257
803,929,11342,1561,11342,380,257
803,929,11343,1561,11343,380,257
803,929,11344,1561,11344,380,257
803,929,11345,1561,11345,380,257
803,929,11346,1561,11346,380,257
803,929,11347,1561,11347,380,257
803,929,11348,1561,11348,380,257
803,929,11349,1561,11349,380,257
803,929,11350,1561,11350,380,257
803,929,11351,1561,11351,380,257
803,929,11352,1561,11352,380,257
803,929,11353,1561,11353,380,257
803,929,11354,1561,11354,380,257
803,929,11355,1561,11355,380,257
803,929,11356,1561,11356,380,257
803,929,11357,1561,11357,380,257
803,929,11358,1561,11358,380,257
803,929,11359,1561,11359,380,257
803,929,11360,1561,11360,380,257
803,929,11361,1561,11361,380,257
803,929,11362,1561,11362,380,257
803,929,11363,1561,11363,380,257
803,929,11364,1561,11364,380,257
803,929,11365,1561,11365,380,257
803,929,11366,1561,11366,380,257
803,929,11367,1561,11367,380,257
803,929,11368,1561,11368,380,257
803,929,11369,1561,11369,380,257
803,929,11370,1561,11370,380,257
803,929,11371,1561,11371,380,257
803,929,11372,1561,11372,380,257
803,929,11373,1561,11373,380,257
803,929,11374,1561,11374,380,257
803,929,11375,1561,11375,380,257
803,929,11376,1561,11376,380,257
803,929,11377,1561,11377,380,257
803,929,11378,1561,11378,380,257
803,929,11379,1561,11379,380,257
803,929,11380,1561,11380,380,257
803,929,11381,1561,11381,380,257
803,929,11382,1561,11382,380,257
803,929,11383,1561,11383,380,257
803,929,11384,1561,11384,380,257
803,929,11385,1561,11385,380,257
803,929,11386,1561,11386,380,257
803,929,11387,1561,11387,380,257
803,929,11388,1561,11388,380,257
803,929,11389,1561,11389,380,257
803,929,11390,1561,11390,380,257
803,929,11391,1561,11391,380,257
803,929,11392,1561,11392,380,257
803,929,11393,1561,11393,380,257
802,929,11394,1561,11394,380,256
802,929,11395,1561,11395,380,256
802,929,11396,1561,11396,380,256
802,929,11397,1561,11397,380,256
802,929,11398,1561,11398,380,256
802,929,11399,1561,11399,380,256
802,929,11400,1561,11400,380,256
802,929,11401,1561,11401,380,256
802,929,11402,1561,11402,380,256
802,929,11403,1561,11403,380,256
802,929,11404,1561,11404,380,256
802,929,11405,1561,11405,380,256
802,929,11406,1561,11406,380,256
802,929,11407,1561,11407,380,256
802,929,11408,1561,11408,380,256
802,929,11409,1561,11409,380,256
802,929,11410,1561,11410,380,256
802,929,11411,1561,11411,380,256
802,929,11412,1561,11412,380,256
802,929,11413,1561,11413,380,256
802,929,11414,1561,11414,380,256
802,929,11415,1561,11415,380,256
802,929,11416,1561,11416,380,256
802,929,11417,1561,11417,380,256
802,929,11418,1561,11418,380,256
802,929,11419,1561,11419,380,256
802,929,11420,1561,11420,380,256
802,929,11421,1561,11421,380,256
802,929,11422,1561,11422,380,256
802,929,11423,1561,11423,380,256
802,929,11424,1561,11424,380,256
802,929,11425,1561,11425,380,256
802,929,11426,1561,11426,380,256
802,929,11427,1561,11427,380,256
802,929,11428,1561,11428,380,256
802,929,11429,1561,11429,380,256
802,929,11430,1561,11430,380,256
803,929,11431,1561,11431,380,256
803,929,11432,1561,11432,380,256
803,929,11433,1561,11433,380,256
803,929,11434,1561,11434,380,256
803,929,11435,1561,11435,380,256
803,929,11436,1561,11436,380,256
803,929,11437,1561,11437,380,256
803,929,11438,1561,11438,380,256
803,929,11439,1561,11439,380,256
803,929,11440,1561,11440,380,256
803,929,11441,1561,11441,380,256
803,929,11442,1561,11442,380,256
803,929,11443,1561,11443,380,256
803,929,11444,1561,11444,380,256
803,929,11445,1561,11445,380,256
803,929,11446,1561,11446,380,256
803,929,11447,1561,11447,380,256
803,929,11448,1561,11448,380,256
803,929,11449,1561,11449,380,256
803,929,11450,1561,11450,380,256
803,929,11451,1561,11451,380,256
803,929,11452,1561,11452,380,256
803,929,11453,1561,11453,380,256
803,929,11454,1561,11454,380,256
803,929,11455,1561,11455,380,256
803,929,11456,1561,11456,380,256
803,929,11457,1561,11457,380,256
803,929,11458,1561,11458,380,256
803,929,11459,1561,11459,380,256
803,929,11460,1561,11460,380,256
803,929,11461,1561,11461,380,256
803,929,11462,1561,11462,380,256
803,929,11463,1561,11463,380,256
803,929,11464,1561,11464,380,256
803,929,11465,1561,11465,380,256
803,929,11466,1561,11466,380,256
803,929,11467,1561,11467,380,256
803,929,11468,1561,11468,380,256
803,929,11469,1561,11469,380,256
803,929,11470,1561,11470,380,256
803,929,11471,1561,11471,380,256
803,929,11472,1561,11472,380,256
803,929,11473,1561,11473,380,256
803,929,11474,1561,11474,380,256
803,929,11475,1561,11475,380,256
803,929,11476,1561,11476,380,256
803,929,11477,1561,11477,380,256
803,929,11478,1561,11478,380,256
803,929,11479,1561,11479,380,256
803,929,11480,1561,11480,380,256
803,929,11481,1561,11481,380,256
803,929,11482,1561,11482,380,256
803,929,11483,1561,11483,380,256
803,929,11484,1561,11484,380,256
803,929,11485,1561,11485,380,256
803,929,11486,1561,11486,380,256
803,929,11487,1561,11487,380,256
803,929,11488,1561,11488,380,256
803,929,11489,1561,11489,380,256
803,929,11490,1561,11490,380,256
803,929,11491,1561,11491,380,256
803,929,11492,1561,11492,380,256
803,929,11493,1561,11493,380,256
803,929,11494,1561,11494,380,256
803,929,11495,1561,11495,380,256
803,929,11496,1561,11496,380,256
803,929,11497,1561,11497,380,256
803,929,11498,1561,11498,380,256
803,929,11499,1561,11499,380,256
803,929,11500,1561,11500,380,256
803,929,11501,1561,11501,380,256
803,929,11502,1561,11502,380,256
803,929,11503,1561,11503,380,256
803,929,11504,1561,11504,380,256
803,929,11505,1561,11505,380,256
803,929,11506,1561,11506,380,256
803,929,11507,1561,11507,380,256
803,929,11508,1561,11508,380,256
803,929,11509,1561,11509,380,256
803,929,11510,1561,11510,380,256
803,929,11511,1561,11511,380,256
803,929,11512,1561,11512,380,256
803,929,11513,1561,11513,380,256
803,929,11514,1561,11514,380,256
803,929,11515,1561,11515,380,256
803,929,11516,1561,11516,380,256
803,929,11517,1561,11517,380,256
803,929,11518,1561,11518,380,256
803,929,11519,1561,11519,380,256
803,929,11520,1561,11520,380,256
803,929,11521,1561,11521,380,256
803,929,11522,1561,11522,380,256
803,929,11523,1561,11523,380,256
803,929,11524,1561,11524,380,256
803,929,11525,1561,11525,380,256
803,929,11526,1561,11526,380,256
803,929,11527,1561,11527,380,256
803,929,11528,1561,11528,380,256
803,929,11529,1561,11529,380,256
803,929,11530,1561,11530,380,256
803,929,11531,1561,11531,380,256
803,929,11532,1561,11532,380,256
803,929,11533,1561,11533,380,256
803,929,11534,1561,11534,380,256
803,929,11535,1561,11535,380,256
803,929,11536,1561,11536,380,256
803,929,11537,1561,11537,380,256
803,929,11538,1561,11538,380,256
803,929,11539,1561,11539,380,256
803,929,11540,1561,11540,380,256
803,929,11541,1561,11541,380,256
803,929,11542,1561,11542,380,256
803,929,11543,1561,11543,380,256
803,929,11544,1561,11544,380,256
803,929,11545,1561,11545,380,256
803,929,11546,1561,11546,380,256
803,929,11547,1561,11547,380,256
803,929,11548,1561,11548,380,256
803,929,11549,1561,11549,380,256
803,929,11550,1561,11550,380,256
803,929,11551,1561,11551,380,256
803,929,11552,1561,11552,380,256
803,929,11553,1561,11553,380,256
803,929,11554,1561,11554,380,256
803,929,11555,1561,11555,380,256
803,929,11556,1561,11556,380,256
803,929,11557,1561,11557,380,256
803,929,11558,1561,11558,380,256
803,929,11559,1561,11559,380,256
803,929,11560,1561,11560,380,256
803,929,11561,1561,11561,380,256
803,929,11562,1561,11562,380,256
803,929,11563,1561,11563,380,256
803,929,11564,1561,11564,380,256
803,929,11565,1561,11565,380,256
803,929,11566,1561,11566,380,256
803,929,11567,1561,11567,380,256
803,929,11568,1561,11568,380,256
803,929,11569,1561,11569,380,256
803,929,11570,1561,11570,380,256
803,929,11571,1561,11571,380,256
803,929,11572,1561,11572,380,256
803,929,11573,1561,11573,380,256
803,929,11574,1561,11574,380,256
803,929,11575,1561,11575,380,256
803,929,11576,1561,11576,380,256
803,929,11577,1561,11577,380,256
803,929,11578,1561,11578,380,256
803,929,11579,1561,11579,380,256
803,929,11580,1561,11580,380,256
803,929,11581,1561,11581,380,256
803,929,11582,1561,11582,380,256
803,929,11583,1561,11583,380,256
803,929,11584,1561,11584,380,256
803,929,11585,1561,11585,380,256
803,929,11586,1561,11586,380,256
803,929,11587,1561,11587,380,256
803,929,11588,1561,11588,380,256
803,929,11589,1561,11589,380,256
803,929,11590,1561,11590,380,256
803,929,11591,1561,11591,380,256
803,929,11592,1561,11592,380,256
803,929,11593,1561,11593,380,256
803,929,11594,1561,11594,380,256
803,929,11595,1561,11595,380,256
803,929,11596,1561,11596,380,256
803,929,11597,1561,11597,380,256
803,929,11598,1561,11598,380,256
803,929,11599,1561,11599,380,256
803,929,11600,1561,11600,380,256
803,929,11601,1561,11601,380,256
803,929,11602,1561,11602,380,256
803,929,11603,1561,11603,380,256
803,929,11604,1561,11604,380,256
803,929,11605,1561,11605,380,256
803,929,11606,1561,11606,380,256
803,929,11607,1561,11607,380,256
803,929,11608,1561,11608,380,256
803,929,11609,1561,11609,380,256
803,929,11610,1561,11610,380,256
803,929,11611,1561,11611,380,256
803,929,11612,1561,11612,380,256
803,929,11613,1561,11613,380,256
803,929,11614,1561,11614,380,256
803,929,11615,1561,11615,380,256
803,929,11616,1561,11616,380,256
803,929,11617,1561,11617,380,256
803,929,11618,1561,11618,380,256
803,929,11619,1561,11619,380,256
803,929,11620,1561,11620,380,256
803,929,11621,1561,11621,380,256
803,929,11622,1561,11622,380,256
803,929,11623,1561,11623,380,256
803,929,11624,1561,11624,380,256
803,929,11625,1561,11625,380,256
803,929,11626,1561,11626,380,256
803,929,11627,1561,11627,380,256
803,929,11628,1561,11628,380,256
803,929,11629,1561,11629,380,256
803,929,11630,1561,11630,380,256
803,929,11631,1561,11631,380,256
803,929,11632,1561,11632,380,256
803,929,11633,1561,11633,380,256
803,929,11634,1561,11634,380,256
803,929,11635,1561,11635,380,256
803,929,11636,1561,11636,380,256
803,929,11637,1561,11637,380,256
803,929,11638,1561,11638,380,256
803,929,11639,1561,11639,380,256
803,929,11640,1561,11640,380,256
803,929,11641,1561,11641,380,256
803,929,11642,1561,11642,380,256
803,929,11643,1561,11643,380,256
803,929,11644,1561,11644,380,256
803,929,11645,1561,11645,380,256
803,929,11646,1561,11646,380,256
803,929,11647,1561,11647,380,256
803,929,11648,1561,11648,380,256
803,929,11649,1561,11649,380,256
803,929,11650,1561,11650,380,256
803,929,11651,1561,11651,380,256
803,929,11652,1561,11652,380,256
803,929,11653,1561,11653,380,256
803,929,11654,1561,11654,380,256
803,929,11655,1561,11655,380,256
803,929,11656,1561,11656,380,256
803,929,11657,1561,11657,380,256
803,929,11658,1561,11658,380,256
803,929,11659,1561,11659,380,256
803,929,11660,1561,11660,380,256
803,929,11661,1561,11661,380,256
803,929,11662,1561,11662,380,256
803,929,11663,1561,11663,380,256
803,929,11664,1561,11664,380,256
803,929,11665,1561,11665,380,256
803,929,11666,1561,11666,380,256
803,929,11667,1561,11667,380,256
803,929,11668,1561,11668,380,256
803,929,11669,1561,11669,380,256
803,929,11670,1561,11670,380,256
803,929,11671,1561,11671,380,256
803,929,11672,1561,11672,380,256
803,929,11673,1561,11673,380,256
803,929,11674,1561,11674,380,256
803,929,11675,1561,11675,380,256
803,929,11676,1561,11676,380,256
803,929,11677,1561,11677,380,256
803,929,11678,1561,11678,380,256
803,929,11679,1561,11679,380,256
803,929,11680,1561,11680,380,256
803,929,11681,1561,11681,380,256
803,929,11682,1561,11682,380,256
803,929,11683,1561,11683,380,256
803,929,11684,1561,11684,380,256
803,929,11685,1561,11685,380,256
803,929,11686,1561,11686,380,256
803,929,11687,1561,11687,380,256
803,929,11688,1561,11688,380,256
803,929,11689,1561,11689,380,256
803,929,11690,1561,11690,380,256
803,929,11691,1561,11691,380,256
803,929,11692,1561,11692,380,256
803,929,11693,1561,11693,380,256
803,929,11694,1561,11694,380,256
803,929,11695,1561,11695,380,256
803,929,11696,1561,11696,380,256
803,929,11697,1561,11697,380,256
803,929,11698,1561,11698,380,256
803,929,11699,1561,11699,380,256
803,929,11700,1561,11700,380,256
803,929,11701,1561,11701,380,256
803,929,11702,1561,11702,380,256
803,929,11703,1561,11703,380,256
803,929,11704,1561,11704,380,256
803,929,11705,1561,11705,380,256
803,929,11706,1561,11706,380,256
803,929,11707,1561,11707,380,256
803,929,11708,1561,11708,380,256
803,929,11709,1561,11709,380,256
803,929,11710,1561,11710,380,256
803,929,11711,1561,11711,380,256
803,929,11712,1561,11712,380,256
803,929,11713,1561,11713,380,256
803,929,11714,1561,11714,380,256
803,929,11715,1561,11715,380,256
803,929,11716,1561,11716,380,256
803,929,11717,1561,11717,380,256
803,929,11718,1561,11718,380,256
803,929,11719,1561,11719,380,256
803,929,11720,1561,11720,380,256
803,929,11721,1561,11721,380,256
803,929,11722,1561,11722,380,256
803,929,11723,1561,11723,380,256
803,929,11724,1561,11724,380,256
803,929,11725,1561,11725,380,256
803,929,11726,1561,11726,380,256
803,929,11727,1561,11727,380,256
803,929,11728,1561,11728,380,256
803,929,11729,1561,11729,380,256
803,929,11730,1561,11730,380,256
803,929,11731,1561,11731,380,256
803,929,11732,1561,11732,380,256
803,929,11733,1561,11733,380,256
803,929,11734,1561,11734,380,256
803,929,11735,1561,11735,380,256
803,929,11736,1561,11736,380,256
803,929,11737,1561,11737,380,256
803,929,11738,1561,11738,380,256
803,929,11739,1561,11739,380,256
803,929,11740,1561,11740,380,256
803,929,11741,1561,11741,380,256
803,929,11742,1561,11742,380,256
803,929,11743,1561,11743,380,256
803,929,11744,1561,11744,380,256
803,929,11745,1561,11745,380,256
803,929,11746,1561,11746,380,256
803,929,11747,1561,11747,380,256
803,929,11748,1561,11748,380,256
803,929,11749,1561,11749,380,256
803,929,11750,1561,11750,380,256
803,929,11751,1561,11751,380,256
803,929,11752,1561,11752,380,256
803,929,11753,1561,11753,380,256
803,929,11754,1561,11754,380,256
803,929,11755,1561,11755,380,256
803,929,11756,1561,11756,380,256
803,929,11757,1561,11757,380,256
803,929,11758,1561,11758,380,256
803,929,11759,1561,11759,380,256
803,929,11760,1561,11760,380,256
803,929,11761,1561,11761,380,256
803,929,11762,1561,11762,380,256
803,929,11763,1561,11763,380,256
803,929,11764,1561,11764,380,256
803,929,11765,1561,11765,380,256
803,929,11766,1561,11766,380,256
803,929,11767,1561,11767,380,256
803,929,11768,1561,11768,380,256
803,929,11769,1561,11769,380,256
803,929,11770,1561,11770,380,256
803,929,11771,1561,11771,380,256
803,929,11772,1561,11772,380,256
803,929,11773,1561,11773,380,256
803,929,11774,1561,11774,380,256
803,929,11775,1561,11775,380,256
803,929,11776,1561,11776,380,256
803,929,11777,1561,11777,380,256
803,929,11778,1561,11778,380,256
803,929,11779,1561,11779,380,256
803,929,11780,1561,11780,380,256
803,929,11781,1561,11781,380,256
803,929,11782,1561,11782,380,256
803,929,11783,1561,11783,380,256
803,929,11784,1561,11784,380,256
803,929,11785,1561,11785,380,256
803,929,11786,1561,11786,380,256
803,929,11787,1561,11787,380,256
803,929,11788,1561,11788,380,256
803,929,11789,1561,11789,380,256
803,929,11790,1561,11790,380,256
803,929,11791,1561,11791,380,256
803,929,11792,1561,11792,380,256
803,929,11793,1561,11793,380,256
803,929,11794,1561,11794,380,256
803,929,11795,1561,11795,380,256
803,929,11796,1561,11796,380,256
803,929,11797,1561,11797,380,256
803,929,11798,1561,11798,380,256
803,929,11799,1561,11799,380,256
803,929,11800,1561,11800,380,256
803,929,11801,1561,11801,380,256
803,929,11802,1561,11802,380,256
803,929,11803,1561,11803,380,256
803,929,11804,1561,11804,380,256
803,929,11805,1561,11805,380,256
803,929,11806,1561,11806,380,256
803,929,11807,1561,11807,380,256
803,929,11808,1561,11808,380,256
803,929,11809,1561,11809,380,256
803,929,11810,1561,11810,380,256
803,929,11811,1561,11811,380,256
803,929,11812,1561,11812,380,256
803,929,11813,1561,11813,380,256
803,929,11814,1561,11814,380,256
803,929,11815,1561,11815,380,256
803,929,11816,1561,11816,380,256
803,929,11817,1561,11817,380,256
803,929,11818,1561,11818,380,256
803,929,11819,1561,11819,380,256
803,929,11820,1561,11820,380,256
803,929,11821,1561,11821,380,256
803,929,11822,1561,11822,380,256
803,929,11823,1561,11823,380,256
803,929,11824,1561,11824,380,256
803,929,11825,1561,11825,380,256
803,929,11826,1561,11826,380,256
803,929,11827,1561,11827,380,256
803,929,11828,1561,11828,380,256
803,929,11829,1561,11829,380,256
803,929,11830,1561,11830,380,256
803,929,11831,1561,11831,380,256
803,929,11832,1561,11832,380,256
803,929,11833,1561,11833,380,256
803,929,11834,1561,11834,380,256
803,929,11835,1561,11835,380,256
803,929,11836,1561,11836,380,256
803,929,11837,1561,11837,380,256
804,929,11838,1561,11838,380,256
804,929,11839,1561,11839,380,256
804,929,11840,1561,11840,380,256
804,929,11841,1561,11841,380,256
804,929,11842,1561,11842,380,256
804,929,11843,1561,11843,380,256
804,929,11844,1561,11844,380,256
804,929,11845,1561,11845,380,256
804,929,11846,1561,11846,380,256
804,929,11847,1561,11847,380,256
804,929,11848,1561,11848,380,256
804,929,11849,1561,11849,380,256
804,929,11850,1561,11850,380,256
804,929,11851,1561,11851,380,256
804,929,11852,1561,11852,380,256
804,929,11853,1561,11853,380,256
804,929,11854,1561,11854,380,256
804,929,11855,1561,11855,380,256
804,929,11856,1561,11856,380,256
804,929,11857,1561,11857,380,256
804,929,11858,1561,11858,380,256
804,929,11859,1561,11859,380,256
804,929,11860,1561,11860,380,256
804,929,11861,1561,11861,380,256
804,929,11862,1561,11862,380,256
804,929,11863,1561,11863,380,256
804,929,11864,1561,11864,380,256
804,929,11865,1561,11865,380,256
804,929,11866,1561,11866,380,256
804,929,11867,1561,11867,380,256
804,929,11868,1561,11868,380,256
804,929,11869,1561,11869,380,256
804,929,11870,1561,11870,380,256
804,929,11871,1561,11871,380,256
804,929,11872,1561,11872,380,256
804,929,11873,1561,11873,380,256
804,929,11874,1561,11874,380,256
804,929,11875,1561,11875,380,256
804,929,11876,1561,11876,380,256
804,929,11877,1561,11877,380,256
804,929,11878,1561,11878,380,256
804,929,11879,1561,11879,380,256
804,929,11880,1561,11880,380,256
804,929,11881,1561,11881,380,256
804,929,11882,1561,11882,380,256
804,929,11883,1561,11883,380,256
804,929,11884,1561,11884,380,256
804,929,11885,1561,11885,380,256
804,929,11886,1561,11886,380,256
804,929,11887,1561,11887,380,256
804,929,11888,1561,11888,380,256
804,929,11889,1561,11889,380,256
804,929,11890,1561,11890,380,256
804,929,11891,1561,11891,380,256
804,929,11892,1561,11892,380,256
804,929,11893,1561,11893,380,256
804,929,11894,1561,11894,380,256
804,929,11895,1561,11895,380,256
804,929,11896,1561,11896,380,256
804,929,11897,1561,11897,380,256
804,929,11898,1561,11898,380,256
804,929,11899,1561,11899,380,256
804,929,11900,1561,11900,380,256
804,929,11901,1561,11901,380,256
804,929,11902,1561,11902,380,256
804,929,11903,1561,11903,380,256
804,929,11904,1561,11904,380,256
804,929,11905,1561,11905,380,256
804,929,11906,1561,11906,380,256
804,929,11907,1561,11907,380,256
804,929,11908,1561,11908,380,256
804,929,11909,1561,11909,380,256
804,929,11910,1561,11910,380,256
804,929,11911,1561,11911,380,256
804,929,11912,1561,11912,380,256
804,929,11913,1561,11913,380,256
804,929,11914,1561,11914,380,256
804,929,11915,1561,11915,380,256
804,929,11916,1561,11916,380,256
804,929,11917,1561,11917,380,256
804,929,11918,1561,11918,380,256
804,929,11919,1561,11919,380,256
804,929,11920,1561,11920,380,256
804,929,11921,1561,11921,380,256
804,929,11922,1561,11922,380,256
804,929,11923,1561,11923,380,256
804,929,11924,1561,11924,380,256
804,929,11925,1561,11925,380,256
804,929,11926,1561,11926,380,256
804,929,11927,1561,11927,380,256
804,929,11928,1561,11928,380,256
804,929,11929,1561,11929,380,256
804,929,11930,1561,11930,380,256
804,929,11931,1561,11931,380,256
804,929,11932,1561,11932,380,256
804,929,11933,1561,11933,380,256
804,929,11934,1561,11934,380,256
804,929,11935,1561,11935,380,256
804,929,11936,1561,11936,380,256
804,929,11937,1561,11937,380,256
804,929,11938,1561,11938,380,256
804,929,11939,1561,11939,380,256
804,929,11940,1561,11940,380,256
804,929,11941,1561,11941,380,256
804,929,11942,1561,11942,380,256
804,929,11943,1561,11943,380,256
804,929,11944,1561,11944,380,256
804,929,11945,1561,11945,380,256
804,929,11946,1561,11946,380,256
804,929,11947,1561,11947,380,256
804,929,11948,1561,11948,380,256
804,929,11949,1561,11949,380,256
804,929,11950,1561,11950,380,256
804,929,11951,1561,11951,380,256
804,929,11952,1561,11952,380,256
804,929,11953,1561,11953,380,256
804,929,11954,1561,11954,380,256
804,929,11955,1561,11955,380,256
804,929,11956,1561,11956,380,256
804,929,11957,1561,11957,380,256
804,929,11958,1561,11958,380,256
804,929,11959,1561,11959,380,256
804,929,11960,1561,11960,380,256
804,929,11961,1561,11961,380,256
803,929,11962,1561,11962,380,256
803,929,11963,1561,11963,380,256
803,929,11964,1561,11964,380,256
803,929,11965,1561,11965,380,256
803,929,11966,1561,11966,380,256
803,929,11967,1561,11967,380,256
803,929,11968,1561,11968,380,256
803,929,11969,1561,11969,380,256
803,929,11970,1561,11970,380,256
803,929,11971,1561,11971,380,256
803,929,11972,1561,11972,380,256
803,929,11973,1561,11973,380,256
803,929,11974,1561,11974,380,256
803,929,11975,1561,11975,380,256
803,929,11976,1561,11976,380,256
803,929,11977,1561,11977,380,256
803,929,11978,1561,11978,380,256
803,929,11979,1561,11979,380,256
803,929,11980,1561,11980,380,256
803,929,11981,1561,11981,380,256
803,929,11982,1561,11982,380,256
803,929,11983,1561,11983,380,256
803,929,11984,1561,11984,380,256
803,929,11985,1561,11985,380,256
803,929,11986,1561,11986,380,256
803,929,11987,1561,11987,380,256
803,929,11988,1561,11988,380,256
803,929,11989,1561,11989,380,256
803,929,11990,1561,11990,380,256
803,929,11991,1561,11991,380,256
803,929,11992,1561,11992,380,256
803,929,11993,1561,11993,380,256
803,929,11994,1561,11994,380,256
803,929,11995,1561,11995,380,256
803,929,11996,1561,11996,380,256
803,929,11997,1561,11997,380,256
803,929,11998,1561,11998,380,256
803,929,11999,1561,11999,380,256
803,929,12000,1561,12000,380,256
803,929,12001,1561,12001,380,256
803,929,12002,1561,12002,380,256
803,929,12003,1561,12003,380,256
803,929,12004,1561,12004,380,256
803,929,12005,1561,12005,380,256
803,929,12006,1561,12006,380,256
803,929,12007,1561,12007,380,256
803,929,12008,1561,12008,380,256
803,929,12009,1561,12009,380,256
803,929,12010,1561,12010,380,256
803,929,12011,1561,12011,380,256
803,929,12012,1561,12012,380,256
803,929,12013,1561,12013,380,256
803,929,12014,1561,12014,380,256
803,929,12015,1561,12015,380,256
803,929,12016,1561,12016,380,256
803,929,12017,1561,12017,380,256
803,929,12018,1561,12018,380,256
803,929,12019,1561,12019,380,256
803,929,12020,1561,12020,380,256
803,929,12021,1561,12021,380,256
803,929,12022,1561,12022,380,256
803,929,12023,1561,12023,380,256
803,929,12024,1561,12024,380,256
803,929,12025,1561,12025,380,256
803,929,12026,1561,12026,380,256
803,929,12027,1561,12027,380,256
803,929,12028,1561,12028,380,256
803,929,12029,1561,12029,380,256
803,929,12030,1561,12030,380,256
803,929,12031,1561,12031,380,256
803,929,12032,1561,12032,380,256
803,929,12033,1561,12033,380,256
803,929,12034,1561,12034,380,256
803,929,12035,1561,12035,380,256
803,929,12036,1561,12036,380,256
803,929,12037,1561,12037,380,256
803,929,12038,1561,12038,380,256
803,929,12039,1561,12039,380,256
803,929,12040,1561,12040,380,256
803,929,12041,1561,12041,380,256
803,929,12042,1561,12042,380,256
803,929,12043,1561,12043,380,256
803,929,12044,1561,12044,380,256
803,929,12045,1561,12045,380,256
803,929,12046,1561,12046,380,256
803,929,12047,1561,12047,380,256
803,929,12048,1561,12048,380,256
803,929,12049,1561,12049,380,256
803,929,12050,1561,12050,380,256
803,929,12051,1561,12051,380,256
803,929,12052,1561,12052,380,256
803,929,12053,1561,12053,380,256
803,929,12054,1561,12054,380,256
803,929,12055,1561,12055,380,256
803,929,12056,1561,12056,380,256
803,929,12057,1561,12057,380,256
803,929,12058,1561,12058,380,256
803,929,12059,1561,12059,380,256
803,929,12060,1561,12060,380,256
803,929,12061,1561,12061,380,256
803,929,12062,1561,12062,380,256
803,929,12063,1561,12063,380,256
803,929,12064,1561,12064,380,256
803,929,12065,1561,12065,380,256
803,929,12066,1561,12066,380,256
803,929,12067,1561,12067,380,256
803,929,12068,1561,12068,380,256
803,929,12069,1561,12069,380,256
803,929,12070,1561,12070,380,256
803,929,12071,1561,12071,380,256
803,929,12072,1561,12072,380,256
803,929,12073,1561,12073,380,256
803,929,12074,1561,12074,380,256
803,929,12075,1561,12075,380,256
803,929,12076,1561,12076,380,256
803,929,12077,1561,12077,380,256
803,929,12078,1561,12078,380,256
803,929,12079,1561,12079,380,256
803,929,12080,1561,12080,380,256
803,929,12081,1561,12081,380,256
803,929,12082,1561,12082,380,256
803,929,12083,1561,12083,380,256
803,929,12084,1561,12084,380,256
803,929,12085,1561,12085,380,256
803,929,12086,1561,12086,380,256
803,929,12087,1561,12087,380,256
803,929,12088,1561,12088,380,256
803,929,12089,1561,12089,380,256
803,929,12090,1561,12090,380,256
803,929,12091,1561,12091,380,256
803,929,12092,1561,12092,380,256
803,929,12093,1561,12093,380,256
803,929,12094,1561,12094,380,256
803,929,12095,1561,12095,380,256
803,929,12096,1561,12096,380,256
803,929,12097,1561,12097,380,256
803,929,12098,1561,12098,380,256
803,929,12099,1561,12099,380,256
803,929,12100,1561,12100,380,256
803,929,12101,1561,12101,380,256
803,929,12102,1561,12102,380,256
803,929,12103,1561,12103,380,256
803,929,12104,1561,12104,380,256
803,929,12105,1561,12105,380,256
803,929,12106,1561,12106,380,256
803,929,12107,1561,12107,380,256
803,929,12108,1561,12108,380,256
803,929,12109,1561,12109,380,256
803,929,12110,1561,12110,380,256
803,929,12111,1561,12111,380,256
803,929,12112,1561,12112,380,256
803,929,12113,1561,12113,380,256
803,929,12114,1561,12114,380,256
803,929,12115,1561,12115,380,256
803,929,12116,1561,12116,380,256
803,929,12117,1561,12117,380,256
803,929,12118,1561,12118,380,256
803,929,12119,1561,12119,380,256
803,929,12120,1561,12120,380,256
803,929,12121,1561,12121,380,256
803,929,12122,1561,12122,380,256
803,929,12123,1561,12123,380,256
803,929,12124,1561,12124,380,256
803,929,12125,1561,12125,380,256
803,929,12126,1561,12126,380,256
803,929,12127,1561,12127,380,256
803,929,12128,1561,12128,380,256
803,929,12129,1561,12129,380,256
803,929,12130,1561,12130,380,256
803,929,12131,1561,12131,380,256
803,929,12132,1561,12132,380,256
803,929,12133,1561,12133,380,256
803,929,12134,1561,12134,380,256
803,929,12135,1561,12135,380,256
803,929,12136,1561,12136,380,256
803,929,12137,1561,12137,380,256
803,929,12138,1561,12138,380,256
803,929,12139,1561,12139,380,256
803,929,12140,1561,12140,380,256
803,929,12141,1561,12141,380,256
803,929,12142,1561,12142,380,256
803,929,12143,1561,12143,380,256
803,929,12144,1561,12144,380,256
803,929,12145,1561,12145,380,256
803,929,12146,1561,12146,380,256
803,929,12147,1561,12147,380,256
803,929,12148,1561,12148,380,256
803,929,12149,1561,12149,380,256
803,929,12150,1561,12150,380,256
803,929,12151,1561,12151,380,256
803,929,12152,1561,12152,380,256
803,929,12153,1561,12153,380,256
803,929,12154,1561,12154,380,256
803,929,12155,1561,12155,380,256
803,929,12156,1561,12156,380,256
803,929,12157,1561,12157,380,256
803,929,12158,1561,12158,380,256
803,929,12159,1561,12159,380,256
803,929,12160,1561,12160,380,256
803,929,12161,1561,12161,380,256
803,929,12162,1561,12162,380,256
803,929,12163,1561,12163,380,256
803,929,12164,1561,12164,380,256
803,929,12165,1561,12165,380,256
803,929,12166,1561,12166,380,256
803,929,12167,1561,12167,380,256
803,929,12168,1561,12168,380,256
803,929,12169,1561,12169,380,256
803,929,12170,1561,12170,380,256
803,929,12171,1561,12171,380,256
803,929,12172,1561,12172,380,256
803,929,12173,1561,12173,380,256
803,929,12174,1561,12174,380,256
803,929,12175,1561,12175,380,256
803,929,12176,1561,12176,380,256
803,929,12177,1561,12177,380,256
803,929,12178,1561,12178,380,256
803,929,12179,1561,12179,380,256
803,929,12180,1561,12180,380,256
803,929,12181,1561,12181,380,256
803,929,12182,1561,12182,380,256
803,929,12183,1561,12183,380,256
803,929,12184,1561,12184,380,256
803,929,12185,1561,12185,380,256
803,929,12186,1561,12186,380,256
803,929,12187,1561,12187,380,256
803,929,12188,1561,12188,380,256
803,929,12189,1561,12189,380,256
803,929,12190,1561,12190,380,256
803,929,12191,1561,12191,380,256
803,929,12192,1561,12192,380,256
803,929,12193,1561,12193,380,256
803,929,12194,1561,12194,380,256
803,929,12195,1561,12195,380,256
803,929,12196,1561,12196,380,256
803,929,12197,1561,12197,380,256
803,929,12198,1561,12198,380,256
803,929,12199,1561,12199,380,256
803,929,12200,1561,12200,380,256
803,929,12201,1561,12201,380,256
803,929,12202,1561,12202,380,256
803,929,12203,1561,12203,380,256
803,929,12204,1561,12204,380,256
803,929,12205,1561,12205,380,256
803,929,12206,1561,12206,380,256
803,929,12207,1561,12207,380,256
803,929,12208,1561,12208,380,256
803,929,12209,1561,12209,380,256
803,929,12210,1561,12210,380,256
803,929,12211,1561,12211,380,256
803,929,12212,1561,12212,380,256
803,929,12213,1561,12213,380,256
803,929,12214,1561,12214,380,256
803,929,12215,1561,12215,380,256
803,929,12216,1561,12216,380,256
803,929,12217,1561,12217,380,256
803,929,12218,1561,12218,380,256
803,929,12219,1561,12219,380,256
803,929,12220,1561,12220,380,256
803,929,12221,1561,12221,380,256
803,929,12222,1561,12222,380,256
803,929,12223,1561,12223,380,256
803,929,12224,1561,12224,380,256
803,929,12225,1561,12225,380,256
803,929,12226,1561,12226,380,256
803,929,12227,1561,12227,380,256
803,929,12228,1561,12228,380,256
803,929,12229,1561,12229,380,256
803,929,12230,1561,12230,380,256
803,929,12231,1561,12231,380,256
803,929,12232,1561,12232,380,256
803,929,12233,1561,12233,380,256
803,929,12234,1561,12234,380,256
803,929,12235,1561,12235,380,256
803,929,12236,1561,12236,380,256
803,929,12237,1561,12237,380,256
803,929,12238,1561,12238,380,256
803,929,12239,1561,12239,380,256
803,929,12240,1561,12240,380,256
803,929,12241,1561,12241,380,256
803,929,12242,1561,12242,380,256
803,929,12243,1561,12243,380,256
803,929,12244,1561,12244,380,256
803,929,12245,1561,12245,380,256
803,929,12246,1561,12246,380,256
803,929,12247,1561,12247,380,256
803,929,12248,1561,12248,380,256
803,929,12249,1561,12249,380,256
803,929,12250,1561,12250,380,256
803,929,12251,1561,12251,380,256
803,929,12252,1561,12252,380,256
803,929,12253,1561,12253,380,256
803,929,12254,1561,12254,380,256
803,929,12255,1561,12255,380,256
803,929,12256,1561,12256,380,256
803,929,12257,1561,12257,380,256
803,929,12258,1561,12258,380,256
803,929,12259,1561,12259,380,256
803,929,12260,1561,12260,380,256
803,929,12261,1561,12261,380,256
803,929,12262,1561,12262,380,256
803,929,12263,1561,12263,380,256
803,929,12264,1561,12264,380,256
803,929,12265,1561,12265,380,256
803,929,12266,1561,12266,380,256
803,929,12267,1561,12267,380,256
803,929,12268,1561,12268,380,256
803,929,12269,1561,12269,380,256
803,929,12270,1561,12270,380,256
803,929,12271,1561,12271,380,256
803,929,12272,1561,12272,380,256
803,929,12273,1561,12273,380,256
803,929,12274,1561,12274,380,256
803,929,12275,1561,12275,380,256
803,929,12276,1561,12276,380,256
803,929,12277,1561,12277,380,256
803,929,12278,1561,12278,380,256
803,929,12279,1561,12279,380,256
803,929,12280,1561,12280,380,256
803,929,12281,1561,12281,380,256
803,929,12282,1561,12282,380,256
803,929,12283,1561,12283,380,256
803,929,12284,1561,12284,380,256
803,929,12285,1561,12285,380,256
803,929,12286,1561,12286,380,256
803,929,12287,1561,12287,380,256
803,929,12288,1561,12288,380,256
803,929,12289,1561,12289,380,256
803,929,12290,1561,12290,380,256
803,929,12291,1561,12291,380,256
803,929,12292,1561,12292,380,256
803,929,12293,1561,12293,380,256
803,929,12294,1561,12294,380,256
803,929,12295,1561,12295,380,256
803,929,12296,1561,12296,380,256
802,929,12297,1561,12297,380,256
802,929,12298,1561,12298,380,256
802,929,12299,1561,12299,380,256
802,929,12300,1561,12300,380,256
802,929,12301,1561,12301,380,256
802,929,12302,1561,12302,380,256
802,929,12303,1561,12303,380,256
802,929,12304,1561,12304,380,256
802,929,12305,1561,12305,380,256
802,929,12306,1561,12306,380,256
802,929,12307,1561,12307,380,256
802,929,12308,1561,12308,380,256
802,929,12309,1561,12309,380,256
802,929,12310,1561,12310,380,256
802,929,12311,1561,12311,380,256
802,929,12312,1561,12312,380,256
802,929,12313,1561,12313,380,256
802,929,12314,1561,12314,380,256
802,929,12315,1561,12315,380,256
802,929,12316,1561,12316,380,256
802,929,12317,1561,12317,380,256
802,929,12318,1561,12318,380,256
802,929,12319,1561,12319,380,256
802,929,12320,1561,12320,380,256
802,929,12321,1561,12321,380,256
802,929,12322,1561,12322,380,256
802,929,12323,1561,12323,380,256
802,929,12324,1561,12324,380,256
802,929,12325,1561,12325,380,256
802,929,12326,1561,12326,380,256
802,929,12327,1561,12327,380,256
802,929,12328,1561,12328,380,256
802,929,12329,1561,12329,380,256
802,929,12330,1561,12330,380,256
802,929,12331,1561,12331,380,256
802,929,12332,1561,12332,380,256
802,929,12333,1561,12333,380,256
802,929,12334,1561,12334,380,256
802,929,12335,1561,12335,380,256
802,929,12336,1561,12336,380,256
802,929,12337,1561,12337,380,256
802,929,12338,1561,12338,380,256
802,929,12339,1561,12339,380,256
802,929,12340,1561,12340,380,256
802,929,12341,1561,12341,380,256
802,929,12342,1561,12342,380,256
802,929,12343,1561,12343,380,256
802,929,12344,1561,12344,380,256
802,929,12345,1561,12345,380,256
802,929,12346,1561,12346,380,256
802,929,12347,1561,12347,380,256
802,929,12348,1561,12348,380,256
802,929,12349,1561,12349,380,256
802,929,12350,1561,12350,380,256
802,929,12351,1561,12351,380,256
802,929,12352,1561,12352,380,256
802,929,12353,1561,12353,380,256
802,929,12354,1561,12354,380,256
802,929,12355,1561,12355,380,256
802,929,12356,1561,12356,380,256
802,929,12357,1561,12357,380,256
802,929,12358,1561,12358,380,256
802,929,12359,1561,12359,380,256
802,929,12360,1561,12360,380,256
802,929,12361,1561,12361,380,256
802,929,12362,1561,12362,380,256
802,929,12363,1561,12363,380,256
802,929,12364,1561,12364,380,256
802,929,12365,1561,12365,380,256
802,929,12366,1561,12366,380,256
802,929,12367,1561,12367,380,256
802,929,12368,1561,12368,380,256
802,929,12369,1561,12369,380,256
802,929,12370,1561,12370,380,256
802,929,12371,1561,12371,380,256
802,929,12372,1561,12372,380,256
802,929,12373,1561,12373,380,256
802,929,12374,1561,12374,380,256
802,929,12375,1561,12375,380,256
802,929,12376,1561,12376,380,256
802,929,12377,1561,12377,380,256
802,929,12378,1561,12378,380,256
802,929,12379,1561,12379,380,256
802,929,12380,1561,12380,380,256
802,929,12381,1561,12381,380,256
802,929,12382,1561,12382,380,256
802,929,12383,1561,12383,380,256
802,929,12384,1561,12384,380,256
802,929,12385,1561,12385,380,256
802,929,12386,1561,12386,380,256
802,929,12387,1561,12387,380,256
802,929,12388,1561,12388,380,256
802,929,12389,1561,12389,380,256
802,929,12390,1561,12390,380,256
802,929,12391,1561,12391,380,256
802,929,12392,1561,12392,380,256
802,929,12393,1561,12393,380,256
802,929,12394,1561,12394,380,256
802,929,12395,1561,12395,380,256
802,929,12396,1561,12396,380,256
802,929,12397,1561,12397,380,256
802,929,12398,1561,12398,380,256
802,929,12399,1561,12399,380,256
802,929,12400,1561,12400,380,256
802,929,12401,1561,12401,380,256
802,929,12402,1561,12402,380,256
802,929,12403,1561,12403,380,256
802,929,12404,1561,12404,380,256
802,929,12405,1561,12405,380,256
802,929,12406,1561,12406,380,256
802,929,12407,1561,12407,380,256
802,929,12408,1561,12408,380,256
802,929,12409,1561,12409,380,256
802,929,12410,1561,12410,380,256
802,929,12411,1561,12411,380,256
802,929,12412,1561,12412,380,256
802,929,12413,1561,12413,380,256
802,929,12414,1561,12414,380,256
802,929,12415,1561,12415,380,256
802,929,12416,1561,12416,380,256
802,929,12417,1561,12417,380,256
802,929,12418,1561,12418,380,256
802,929,12419,1561,12419,380,256
802,929,12420,1561,12420,380,256
802,929,12421,1561,12421,380,256
802,929,12422,1561,12422,380,256
802,929,12423,1561,12423,380,256
802,929,12424,1561,12424,380,256
802,929,12425,1561,12425,380,256
802,929,12426,1561,12426,380,256
802,929,12427,1561,12427,380,256
802,929,12428,1561,12428,380,256
802,929,12429,1561,12429,380,256
802,929,12430,1561,12430,380,256
802,929,12431,1561,12431,380,256
802,929,12432,1561,12432,380,256
802,929,12433,1561,12433,380,256
802,929,12434,1561,12434,380,256
802,929,12435,1561,12435,380,256
802,929,12436,1561,12436,380,256
802,929,12437,1561,12437,380,256
802,929,12438,1561,12438,380,256
802,929,12439,1561,12439,380,256
802,929,12440,1561,12440,380,256
802,929,12441,1561,12441,380,256
802,929,12442,1561,12442,380,256
802,929,12443,1561,12443,380,256
802,929,12444,1561,12444,380,256
802,929,12445,1561,12445,380,256
802,929,12446,1561,12446,380,256
802,929,12447,1561,12447,380,256
802,929,12448,1561,12448,380,256
802,929,12449,1561,12449,380,256
802,929,12450,1561,12450,380,256
802,929,12451,1561,12451,380,256
802,929,12452,1561,12452,380,256
802,929,12453,1561,12453,380,256
802,929,12454,1561,12454,380,256
802,929,12455,1561,12455,380,256
802,929,12456,1561,12456,380,256
802,929,12457,1561,12457,380,256
802,929,12458,1561,12458,380,256
802,929,12459,1561,12459,380,256
802,929,12460,1561,12460,380,256
802,929,12461,1561,12461,380,256
802,929,12462,1561,12462,380,256
802,929,12463,1561,12463,380,256
802,929,12464,1561,12464,380,256
802,929,12465,1561,12465,380,256
802,929,12466,1561,12466,380,256
802,929,12467,1561,12467,380,256
802,929,12468,1561,12468,380,256
802,929,12469,1561,12469,380,256
802,929,12470,1561,12470,380,256
802,929,12471,1561,12471,380,256
802,929,12472,1561,12472,380,256
802,929,12473,1561,12473,380,256
802,929,12474,1561,12474,380,256
802,929,12475,1561,12475,380,256
802,929,12476,1561,12476,380,256
802,929,12477,1561,12477,380,256
802,929,12478,1561,12478,380,256
802,929,12479,1561,12479,380,256
802,929,12480,1561,12480,380,256
802,929,12481,1561,12481,380,256
802,929,12482,1561,12482,380,256
802,929,12483,1561,12483,380,256
802,929,12484,1561,12484,380,256
802,929,12485,1561,12485,380,256
802,929,12486,1561,12486,380,256
802,929,12487,1561,12487,380,256
802,929,12488,1561,12488,380,256
802,929,12489,1561,12489,380,256
802,929,12490,1561,12490,380,256
802,929,12491,1561,12491,380,256
802,929,12492,1561,12492,380,256
802,929,12493,1561,12493,380,256
802,929,12494,1561,12494,380,256
802,929,12495,1561,12495,380,256
802,929,12496,1561,12496,380,256
802,929,12497,1561,12497,380,256
802,929,12498,1561,12498,380,256
802,929,12499,1561,12499,380,256
802,929,12500,1561,12500,380,256
802,929,12501,1561,12501,380,256
802,929,12502,1561,12502,380,256
802,929,12503,1561,12503,380,256
802,929,12504,1561,12504,380,256
802,929,12505,1561,12505,380,256
802,929,12506,1561,12506,380,256
802,929,12507,1561,12507,380,256
802,929,12508,1561,12508,380,256
802,929,12509,1561,12509,380,256
802,929,12510,1561,12510,380,256
802,929,12511,1561,12511,380,256
802,929,12512,1561,12512,380,256
802,929,12513,1561,12513,380,256
802,929,12514,1561,12514,380,256
802,929,12515,1561,12515,380,256
802,929,12516,1561,12516,380,256
802,929,12517,1561,12517,380,256
802,929,12518,1561,12518,380,256
802,929,12519,1561,12519,380,256
802,929,12520,1561,12520,380,256
802,929,12521,1561,12521,380,256
802,929,12522,1561,12522,380,256
802,929,12523,1561,12523,380,256
802,929,12524,1561,12524,380,256
802,929,12525,1561,12525,380,256
802,929,12526,1561,12526,380,256
802,929,12527,1561,12527,380,256
802,929,12528,1561,12528,380,256
802,929,12529,1561,12529,380,256
802,929,12530,1561,12530,380,256
802,929,12531,1561,12531,380,256
802,929,12532,1561,12532,380,256
802,929,12533,1561,12533,380,256
802,929,12534,1561,12534,380,256
802,929,12535,1561,12535,380,256
802,929,12536,1561,12536,380,256
802,929,12537,1561,12537,380,256
802,929,12538,1561,12538,380,256
802,929,12539,1561,12539,380,256
802,929,12540,1561,12540,380,256
802,929,12541,1561,12541,380,256
802,929,12542,1561,12542,380,256
802,929,12543,1561,12543,380,256
802,929,12544,1561,12544,380,256
802,929,12545,1561,12545,380,256
802,929,12546,1561,12546,380,256
802,929,12547,1561,12547,380,256
802,929,12548,1561,12548,380,256
802,929,12549,1561,12549,380,256
802,929,12550,1561,12550,380,256
802,929,12551,1561,12551,380,256
802,929,12552,1561,12552,380,256
802,929,12553,1561,12553,380,256
802,929,12554,1561,12554,380,256
802,929,12555,1561,12555,380,256
802,929,12556,1561,12556,380,256
802,929,12557,1561,12557,380,256
802,929,12558,1561,12558,380,256
802,929,12559,1561,12559,380,256
802,929,12560,1561,12560,380,256
802,929,12561,1561,12561,380,256
802,929,12562,1561,12562,380,256
802,929,12563,1561,12563,380,256
802,929,12564,1561,12564,380,256
802,929,12565,1561,12565,380,256
802,929,12566,1561,12566,380,256
802,929,12567,1561,12567,380,256
802,929,12568,1561,12568,380,256
802,929,12569,1561,12569,380,256
802,929,12570,1561,12570,380,256
802,929,12571,1561,12571,380,256
802,929,12572,1561,12572,380,256
802,929,12573,1561,12573,380,256
802,929,12574,1561,12574,380,256
802,929,12575,1561,12575,380,256
802,929,12576,1561,12576,380,256
802,929,12577,1561,12577,380,256
802,929,12578,1561,12578,380,256
802,929,12579,1561,12579,380,256
802,929,12580,1561,12580,380,256
802,929,12581,1561,12581,380,256
802,929,12582,1561,12582,380,256
802,929,12583,1561,12583,380,256
802,929,12584,1561,12584,380,256
802,929,12585,1561,12585,380,256
802,929,12586,1561,12586,380,256
802,929,12587,1561,12587,380,256
802,929,12588,1561,12588,380,256
802,929,12589,1561,12589,380,256
802,929,12590,1561,12590,380,256
802,929,12591,1561,12591,380,256
802,929,12592,1561,12592,380,256
802,929,12593,1561,12593,380,256
802,929,12594,1561,12594,380,256
802,929,12595,1561,12595,380,256
802,929,12596,1561,12596,380,256
802,929,12597,1561,12597,380,256
802,929,12598,1561,12598,380,256
802,929,12599,1561,12599,380,256
802,929,12600,1561,12600,380,256
802,929,12601,1561,12601,380,256
802,929,12602,1561,12602,380,256
802,929,12603,1561,12603,380,256
802,929,12604,1561,12604,380,256
802,929,12605,1561,12605,380,256
802,929,12606,1561,12606,380,256
802,929,12607,1561,12607,380,256
802,929,12608,1561,12608,380,256
802,929,12609,1561,12609,380,256
802,929,12610,1561,12610,380,256
802,929,12611,1561,12611,380,256
802,929,12612,1561,12612,380,256
802,929,12613,1561,12613,380,256
802,929,12614,1561,12614,380,256
802,929,12615,1561,12615,380,256
802,929,12616,1561,12616,380,256
802,929,12617,1561,12617,380,256
802,929,12618,1561,12618,380,256
802,929,12619,1561,12619,380,256
802,929,12620,1561,12620,380,256
802,929,12621,1561,12621,380,256
802,929,12622,1561,12622,380,256
802,929,12623,1561,12623,380,256
802,929,12624,1561,12624,380,256
802,929,12625,1561,12625,380,256
802,929,12626,1561,12626,380,256
802,929,12627,1561,12627,380,256
802,929,12628,1561,12628,380,256
802,929,12629,1561,12629,380,256
802,929,12630,1561,12630,380,256
802,929,12631,1561,12631,380,256
802,929,12632,1561,12632,380,256
802,929,12633,1561,12633,380,256
802,929,12634,1561,12634,380,256
802,929,12635,1561,12635,380,256
802,929,12636,1561,12636,380,256
802,929,12637,1561,12637,380,256
802,929,12638,1561,12638,380,256
802,929,12639,1561,12639,380,256
802,929,12640,1561,12640,380,256
802,929,12641,1561,12641,380,256
802,929,12642,1561,12642,380,256
802,929,12643,1561,12643,380,256
802,929,12644,1561,12644,380,256
802,929,12645,1561,12645,380,256
802,929,12646,1561,12646,380,256
802,929,12647,1561,12647,380,256
802,929,12648,1561,12648,380,256
802,929,12649,1561,12649,380,256
802,929,12650,1561,12650,380,256
802,929,12651,1561,12651,380,256
802,929,12652,1561,12652,380,256
802,929,12653,1561,12653,380,256
802,929,12654,1561,12654,380,256
802,929,12655,1561,12655,380,256
802,929,12656,1561,12656,380,256
802,929,12657,1561,12657,380,256
802,929,12658,1561,12658,380,256
802,929,12659,1561,12659,380,256
802,929,12660,1561,12660,380,256
802,929,12661,1561,12661,380,256
802,929,12662,1561,12662,380,256
802,929,12663,1561,12663,380,256
802,929,12664,1561,12664,380,256
802,929,12665,1561,12665,380,256
802,929,12666,1561,12666,380,256
802,929,12667,1561,12667,380,256
802,929,12668,1561,12668,380,256
802,929,12669,1561,12669,380,256
802,929,12670,1561,12670,380,256
802,929,12671,1561,12671,380,256
802,929,12672,1561,12672,380,256
802,929,12673,1561,12673,380,256
802,929,12674,1561,12674,380,256
802,929,12675,1561,12675,380,256
802,929,12676,1561,12676,380,256
802,929,12677,1561,12677,380,256
802,929,12678,1561,12678,380,256
802,929,12679,1561,12679,380,256
802,929,12680,1561,12680,380,256
802,929,12681,1561,12681,380,256
802,929,12682,1561,12682,380,256
802,929,12683,1561,12683,380,256
802,929,12684,1561,12684,380,256
802,929,12685,1561,12685,380,256
802,929,12686,1561,12686,380,256
802,929,12687,1561,12687,380,256
802,929,12688,1561,12688,380,256
802,929,12689,1561,12689,380,256
802,929,12690,1561,12690,380,256
802,929,12691,1561,12691,380,256
802,929,12692,1561,12692,380,256
802,929,12693,1561,12693,380,256
802,929,12694,1561,12694,380,256
802,929,12695,1561,12695,380,256
802,929,12696,1561,12696,380,256
802,929,12697,1561,12697,380,256
802,929,12698,1561,12698,380,256
802,929,12699,1561,12699,380,256
802,929,12700,1561,12700,380,256
802,929,12701,1561,12701,380,256
802,929,12702,1561,12702,380,256
802,929,12703,1561,12703,380,256
802,929,12704,1561,12704,380,256
802,929,12705,1561,12705,380,256
802,929,12706,1561,12706,380,256
802,929,12707,1561,12707,380,256
802,929,12708,1561,12708,380,256
802,929,12709,1561,12709,380,256
802,929,12710,1561,12710,380,256
802,929,12711,1561,12711,380,256
802,929,12712,1561,12712,380,256
802,929,12713,1561,12713,380,256
802,929,12714,1561,12714,380,256
802,929,12715,1561,12715,380,256
802,929,12716,1561,12716,380,256
802,929,12717,1561,12717,380,256
802,929,12718,1561,12718,380,256
802,929,12719,1561,12719,380,256
802,929,12720,1561,12720,380,256
802,929,12721,1561,12721,380,256
802,929,12722,1561,12722,380,256
802,929,12723,1561,12723,380,256
802,929,12724,1561,12724,380,256
802,929,12725,1561,12725,380,256
802,929,12726,1561,12726,380,256
802,929,12727,1561,12727,380,256
802,929,12728,1561,12728,380,256
802,929,12729,1561,12729,380,256
802,929,12730,1561,12730,380,256
802,929,12731,1561,12731,380,256
802,929,12732,1561,12732,380,256
802,929,12733,1561,12733,380,256
802,929,12734,1561,12734,380,256
802,929,12735,1561,12735,380,256
802,929,12736,1561,12736,380,256
802,929,12737,1561,12737,380,256
802,929,12738,1561,12738,380,256
802,929,12739,1561,12739,380,256
802,929,12740,1561,12740,380,256
802,929,12741,1561,12741,380,256
802,929,12742,1561,12742,380,256
802,929,12743,1561,12743,380,256
802,929,12744,1561,12744,380,256
802,929,12745,1561,12745,380,256
802,929,12746,1561,12746,380,256
802,929,12747,1561,12747,380,256
802,929,12748,1561,12748,380,256
802,929,12749,1561,12749,380,256
802,929,12750,1561,12750,380,256
802,929,12751,1561,12751,380,256
802,929,12752,1561,12752,380,256
802,929,12753,1561,12753,380,256
802,929,12754,1561,12754,380,256
802,929,12755,1561,12755,380,256
802,929,12756,1561,12756,380,256
802,929,12757,1561,12757,380,256
802,929,12758,1561,12758,380,256
802,929,12759,1561,12759,380,256
802,929,12760,1561,12760,380,256
802,929,12761,1561,12761,380,256
802,929,12762,1561,12762,380,256
802,929,12763,1561,12763,380,256
802,929,12764,1561,12764,380,256
802,929,12765,1561,12765,380,256
802,929,12766,1561,12766,380,256
802,929,12767,1561,12767,380,256
802,929,12768,1561,12768,380,256
802,929,12769,1561,12769,380,256
802,929,12770,1561,12770,380,256
802,929,12771,1561,12771,380,256
802,929,12772,1561,12772,380,256
802,929,12773,1561,12773,380,256
802,929,12774,1561,12774,380,256
802,929,12775,1561,12775,380,256
802,929,12776,1561,12776,380,256
802,929,12777,1561,12777,380,256
802,929,12778,1561,12778,380,256
802,929,12779,1561,12779,380,256
802,929,12780,1561,12780,380,256
802,929,12781,1561,12781,380,256
802,929,12782,1561,12782,380,256
802,929,12783,1561,12783,380,256
802,929,12784,1561,12784,380,256
802,929,12785,1561,12785,380,256
802,929,12786,1561,12786,380,256
802,929,12787,1561,12787,380,256
802,929,12788,1561,12788,380,256
802,929,12789,1561,12789,380,256
802,929,12790,1561,12790,380,256
802,929,12791,1561,12791,380,256
802,929,12792,1561,12792,380,256
802,929,12793,1561,12793,380,256
802,929,12794,1561,12794,380,256
802,929,12795,1561,12795,380,256
802,929,12796,1561,12796,380,256
802,929,12797,1561,12797,380,256
802,929,12798,1561,12798,380,256
802,929,12799,1561,12799,380,256
802,929,12800,1561,12800,380,256
802,929,12801,1561,12801,380,256
802,929,12802,1561,12802,380,256
802,929,12803,1561,12803,380,256
802,929,12804,1561,12804,380,256
802,929,12805,1561,12805,380,256
802,929,12806,1561,12806,380,256
802,929,12807,1561,12807,380,256
802,929,12808,1561,12808,380,256
802,929,12809,1561,12809,380,256
802,929,12810,1561,12810,380,256
802,929,12811,1561,12811,380,256
802,929,12812,1561,12812,380,256
802,929,12813,1561,12813,380,256
802,929,12814,1561,12814,380,256
802,929,12815,1561,12815,380,256
802,929,12816,1561,12816,380,256
802,929,12817,1561,12817,380,256
802,929,12818,1561,12818,380,256
802,929,12819,1561,12819,380,256
802,929,12820,1561,12820,380,256
802,929,12821,1561,12821,380,256
802,929,12822,1561,12822,380,256
802,929,12823,1561,12823,380,256
802,929,12824,1561,12824,380,256
802,929,12825,1561,12825,380,256
802,929,12826,1561,12826,380,256
802,929,12827,1561,12827,380,256
802,929,12828,1561,12828,380,256
802,929,12829,1561,12829,380,256
802,929,12830,1561,12830,380,256
802,929,12831,1561,12831,380,256
802,929,12832,1561,12832,380,256
802,929,12833,1561,12833,380,256
802,929,12834,1561,12834,380,256
802,929,12835,1561,12835,380,256
802,929,12836,1561,12836,380,256
802,929,12837,1561,12837,380,256
802,929,12838,1561,12838,380,256
802,929,12839,1561,12839,380,256
802,929,12840,1561,12840,380,256
802,929,12841,1561,12841,380,256
802,929,12842,1561,12842,380,256
802,929,12843,1561,12843,380,256
802,929,12844,1561,12844,380,256
802,929,12845,1561,12845,380,256
802,929,12846,1561,12846,380,256
802,929,12847,1561,12847,380,256
802,929,12848,1561,12848,380,256
802,929,12849,1561,12849,380,256
802,929,12850,1561,12850,380,256
802,929,12851,1561,12851,380,256
802,929,12852,1561,12852,380,256
802,929,12853,1561,12853,380,256
802,929,12854,1561,12854,380,256
802,929,12855,1561,12855,380,256
802,929,12856,1561,12856,380,256
802,929,12857,1561,12857,380,256
802,929,12858,1561,12858,380,256
802,929,12859,1561,12859,380,256
802,929,12860,1561,12860,380,256
802,929,12861,1561,12861,380,256
802,929,12862,1561,12862,380,256
802,929,12863,1561,12863,380,256
802,929,12864,1561,12864,380,256
802,929,12865,1561,12865,380,256
802,929,12866,1561,12866,380,256
802,929,12867,1561,12867,380,256
802,929,12868,1561,12868,380,256
802,929,12869,1561,12869,380,256
802,929,12870,1561,12870,380,256
802,929,12871,1561,12871,380,256
802,929,12872,1561,12872,380,256
802,929,12873,1561,12873,380,256
802,929,12874,1561,12874,380,256
802,929,12875,1561,12875,380,256
802,929,12876,1561,12876,380,256
802,929,12877,1561,12877,380,256
802,929,12878,1561,12878,380,256
802,929,12879,1561,12879,380,256
802,929,12880,1561,12880,380,256
802,929,12881,1561,12881,380,256
802,929,12882,1561,12882,380,256
802,929,12883,1561,12883,380,256
802,929,12884,1561,12884,380,256
802,929,12885,1561,12885,380,256
802,929,12886,1561,12886,380,256
802,929,12887,1561,12887,380,256
802,929,12888,1561,12888,380,256
802,929,12889,1561,12889,380,256
802,929,12890,1561,12890,380,256
802,929,12891,1561,12891,380,256
802,929,12892,1561,12892,380,256
802,929,12893,1561,12893,380,256
802,929,12894,1561,12894,380,256
802,929,12895,1561,12895,380,256
802,929,12896,1561,12896,380,256
802,929,12897,1561,12897,380,256
802,929,12898,1561,12898,380,256
802,929,12899,1561,12899,380,256
802,929,12900,1561,12900,380,256
802,929,12901,1561,12901,380,256
802,929,12902,1561,12902,380,256
802,929,12903,1561,12903,380,256
802,929,12904,1561,12904,380,256
802,929,12905,1561,12905,380,256
802,929,12906,1561,12906,380,256
802,929,12907,1561,12907,380,256
802,929,12908,1561,12908,380,256
802,929,12909,1561,12909,380,256
802,929,12910,1561,12910,380,256
802,929,12911,1561,12911,380,256
802,929,12912,1561,12912,380,256
802,929,12913,1561,12913,380,256
802,929,12914,1561,12914,380,256
802,929,12915,1561,12915,380,256
802,929,12916,1561,12916,380,256
802,929,12917,1561,12917,380,256
802,929,12918,1561,12918,380,256
802,929,12919,1561,12919,380,256
802,929,12920,1561,12920,380,256
802,929,12921,1561,12921,380,256
802,929,12922,1561,12922,380,256
802,929,12923,1561,12923,380,256
802,929,12924,1561,12924,380,256
802,929,12925,1561,12925,380,256
802,929,12926,1561,12926,380,256
802,929,12927,1561,12927,380,256
802,929,12928,1561,12928,380,256
802,929,12929,1561,12929,380,256
802,929,12930,1561,12930,380,256
802,929,12931,1561,12931,380,256
802,929,12932,1561,12932,380,256
802,929,12933,1561,12933,380,256
802,929,12934,1561,12934,380,256
802,929,12935,1561,12935,380,256
802,929,12936,1561,12936,380,256
802,929,12937,1561,12937,380,256
802,929,12938,1561,12938,380,256
802,929,12939,1561,12939,380,256
802,929,12940,1561,12940,380,256
802,929,12941,1561,12941,380,256
802,929,12942,1561,12942,380,256
802,929,12943,1561,12943,380,256
802,929,12944,1561,12944,380,256
802,929,12945,1561,12945,380,256
802,929,12946,1561,12946,380,256
802,929,12947,1561,12947,380,256
802,929,12948,1561,12948,380,256
802,929,12949,1561,12949,380,256
802,929,12950,1561,12950,380,256
802,929,12951,1561,12951,380,256
802,929,12952,1561,12952,380,256
802,929,12953,1561,12953,380,256
802,929,12954,1561,12954,380,256
802,929,12955,1561,12955,380,256
802,929,12956,1561,12956,380,256
802,929,12957,1561,12957,380,256
802,929,12958,1561,12958,380,256
802,929,12959,1561,12959,380,256
802,929,12960,1561,12960,380,256
802,929,12961,1561,12961,380,256
802,929,12962,1561,12962,380,256
802,929,12963,1561,12963,380,256
802,929,12964,1561,12964,380,256
802,929,12965,1561,12965,380,256
802,929,12966,1561,12966,380,256
802,929,12967,1561,12967,380,256
802,929,12968,1561,12968,380,256
802,929,12969,1561,12969,380,256
802,929,12970,1561,12970,380,256
802,929,12971,1561,12971,380,256
802,929,12972,1561,12972,380,256
802,929,12973,1561,12973,380,256
802,929,12974,1561,12974,380,256
802,929,12975,1561,12975,380,256
802,929,12976,1561,12976,380,256
802,929,12977,1561,12977,380,256
802,929,12978,1561,12978,380,256
802,929,12979,1561,12979,380,256
802,929,12980,1561,12980,380,256
802,929,12981,1561,12981,380,256
802,929,12982,1561,12982,380,256
802,929,12983,1561,12983,380,256
802,929,12984,1561,12984,380,256
802,929,12985,1561,12985,380,256
802,929,12986,1561,12986,380,256
802,929,12987,1561,12987,380,256
802,929,12988,1561,12988,380,256
802,929,12989,1561,12989,380,256
802,929,12990,1561,12990,380,256
802,929,12991,1561,12991,380,256
802,929,12992,1561,12992,380,256
802,929,12993,1561,12993,380,256
802,929,12994,1561,12994,380,256
802,929,12995,1561,12995,380,256
802,929,12996,1561,12996,380,256
802,929,12997,1561,12997,380,256
802,929,12998,1561,12998,380,256
802,929,12999,1561,12999,380,256
802,929,13000,1561,13000,380,256
802,929,13001,1561,13001,380,256
802,929,13002,1561,13002,380,256
802,929,13003,1561,13003,380,256
802,929,13004,1561,13004,380,256
802,929,13005,1561,13005,380,256
802,929,13006,1561,13006,380,256
802,929,13007,1561,13007,380,256
802,929,13008,1561,13008,380,256
802,929,13009,1561,13009,380,256
802,929,13010,1561,13010,380,256
802,929,13011,1561,13011,380,256
802,929,13012,1561,13012,380,256
802,929,13013,1561,13013,380,256
802,929,13014,1561,13014,380,256
802,929,13015,1561,13015,380,256
802,929,13016,1561,13016,380,256
802,929,13017,1561,13017,380,256
802,929,13018,1561,13018,380,256
802,929,13019,1561,13019,380,256
802,929,13020,1561,13020,380,256
802,929,13021,1561,13021,380,256
802,929,13022,1561,13022,380,256
802,929,13023,1561,13023,380,256
802,929,13024,1561,13024,380,256
802,929,13025,1561,13025,380,256
802,929,13026,1561,13026,380,256
802,929,13027,1561,13027,380,256
802,929,13028,1561,13028,380,256
802,929,13029,1561,13029,380,256
802,929,13030,1561,13030,380,256
802,929,13031,1561,13031,380,256
802,929,13032,1561,13032,380,256
802,929,13033,1561,13033,380,256
802,929,13034,1561,13034,380,256
802,929,13035,1561,13035,380,256
802,929,13036,1561,13036,380,256
802,929,13037,1561,13037,380,256
802,929,13038,1561,13038,380,256
802,929,13039,1561,13039,380,256
802,929,13040,1561,13040,380,256
802,929,13041,1561,13041,380,256
802,929,13042,1561,13042,380,256
802,929,13043,1561,13043,380,256
802,929,13044,1561,13044,380,256
802,929,13045,1561,13045,380,256
802,929,13046,1561,13046,380,256
802,929,13047,1561,13047,380,256
802,929,13048,1561,13048,380,256
802,929,13049,1561,13049,380,256
802,929,13050,1561,13050,380,256
802,929,13051,1561,13051,380,256
802,929,13052,1561,13052,380,256
802,929,13053,1561,13053,380,256
802,929,13054,1561,13054,380,256
802,929,13055,1561,13055,380,256
802,929,13056,1561,13056,380,256
802,929,13057,1561,13057,380,256
802,929,13058,1561,13058,380,256
802,929,13059,1561,13059,380,256
802,929,13060,1561,13060,380,256
802,929,13061,1561,13061,380,256
802,929,13062,1561,13062,380,256
802,929,13063,1561,13063,380,256
802,929,13064,1561,13064,380,256
802,929,13065,1561,13065,380,256
802,929,13066,1561,13066,380,256
802,929,13067,1561,13067,380,256
802,929,13068,1561,13068,380,256
802,929,13069,1561,13069,380,256
802,929,13070,1561,13070,380,256
802,929,13071,1561,13071,380,256
802,929,13072,1561,13072,380,256
802,929,13073,1561,13073,380,256
802,929,13074,1561,13074,380,256
802,929,13075,1561,13075,380,256
802,929,13076,1561,13076,380,256
802,929,13077,1561,13077,380,256
802,929,13078,1561,13078,380,256
802,929,13079,1561,13079,380,256
802,929,13080,1561,13080,380,256
802,929,13081,1561,13081,380,256
802,929,13082,1561,13082,380,256
802,929,13083,1561,13083,380,256
802,929,13084,1561,13084,380,256
802,929,13085,1561,13085,380,256
802,929,13086,1561,13086,380,256
802,929,13087,1561,13087,380,256
802,929,13088,1561,13088,380,256
802,929,13089,1561,13089,380,256
802,929,13090,1561,13090,380,256
802,929,13091,1561,13091,380,256
802,929,13092,1561,13092,380,256
802,929,13093,1561,13093,380,256
802,929,13094,1561,13094,380,256
802,929,13095,1561,13095,380,256
802,929,13096,1561,13096,380,256
802,929,13097,1561,13097,380,256
802,929,13098,1561,13098,380,256
802,929,13099,1561,13099,380,256
802,929,13100,1561,13100,380,256
802,929,13101,1561,13101,380,256
802,929,13102,1561,13102,380,256
802,929,13103,1561,13103,380,256
802,929,13104,1561,13104,380,256
802,929,13105,1561,13105,380,256
802,929,13106,1561,13106,380,256
802,929,13107,1561,13107,380,256
802,929,13108,1561,13108,380,256
802,929,13109,1561,13109,380,256
802,929,13110,1561,13110,380,256
802,929,13111,1561,13111,380,256
802,929,13112,1561,13112,380,256
802,929,13113,1561,13113,380,256
802,929,13114,1561,13114,380,256
802,929,13115,1561,13115,380,256
802,929,13116,1561,13116,380,256
802,929,13117,1561,13117,380,256
802,929,13118,1561,13118,380,256
802,929,13119,1561,13119,380,256
802,929,13120,1561,13120,380,256
802,929,13121,1561,13121,380,256
802,929,13122,1561,13122,380,256
802,929,13123,1561,13123,380,256
802,929,13124,1561,13124,380,256
802,929,13125,1561,13125,380,256
802,929,13126,1561,13126,380,256
802,929,13127,1561,13127,380,256
802,929,13128,1561,13128,380,256
802,929,13129,1561,13129,380,256
802,929,13130,1561,13130,380,256
802,929,13131,1561,13131,380,256
802,929,13132,1561,13132,380,256
802,929,13133,1561,13133,380,256
802,929,13134,1561,13134,380,256
802,929,13135,1561,13135,380,256
802,929,13136,1561,13136,380,256
802,929,13137,1561,13137,380,256
802,929,13138,1561,13138,380,256
802,929,13139,1561,13139,380,256
802,929,13140,1561,13140,380,256
802,929,13141,1561,13141,380,256
802,929,13142,1561,13142,380,256
802,929,13143,1561,13143,380,256
802,929,13144,1561,13144,380,256
802,929,13145,1561,13145,380,256
802,929,13146,1561,13146,380,256
802,929,13147,1561,13147,380,256
802,929,13148,1561,13148,380,256
802,929,13149,1561,13149,380,256
802,929,13150,1561,13150,380,256
802,929,13151,1561,13151,380,256
802,929,13152,1561,13152,380,256
802,929,13153,1561,13153,380,256
802,929,13154,1561,13154,380,256
802,929,13155,1561,13155,380,256
802,929,13156,1561,13156,380,256
802,929,13157,1561,13157,380,256
802,929,13158,1561,13158,380,256
802,929,13159,1561,13159,380,256
802,929,13160,1561,13160,380,256
802,929,13161,1561,13161,380,256
802,929,13162,1561,13162,380,256
802,929,13163,1561,13163,380,256
802,929,13164,1561,13164,380,256
802,929,13165,1561,13165,380,256
802,929,13166,1561,13166,380,256
802,929,13167,1561,13167,380,256
802,929,13168,1561,13168,380,256
802,929,13169,1561,13169,380,256
802,929,13170,1561,13170,380,256
802,929,13171,1561,13171,380,256
802,929,13172,1561,13172,380,256
802,929,13173,1561,13173,380,256
802,929,13174,1561,13174,380,256
802,929,13175,1561,13175,380,256
802,929,13176,1561,13176,380,256
802,929,13177,1561,13177,380,256
802,929,13178,1561,13178,380,256
802,929,13179,1561,13179,380,256
802,929,13180,1561,13180,380,256
802,929,13181,1561,13181,380,256
802,929,13182,1561,13182,380,256
802,929,13183,1561,13183,380,256
802,929,13184,1561,13184,380,256
802,929,13185,1561,13185,380,256
802,929,13186,1561,13186,380,256
802,929,13187,1561,13187,380,256
802,929,13188,1561,13188,380,256
802,929,13189,1561,13189,380,256
802,929,13190,1561,13190,380,256
802,929,13191,1561,13191,380,256
802,929,13192,1561,13192,380,256
802,929,13193,1561,13193,380,256
802,929,13194,1561,13194,380,256
802,929,13195,1561,13195,380,256
802,929,13196,1561,13196,380,256
802,929,13197,1561,13197,380,256
802,929,13198,1561,13198,380,256
802,929,13199,1561,13199,380,256
802,929,13200,1561,13200,380,256
802,929,13201,1561,13201,380,256
802,929,13202,1561,13202,380,256
802,929,13203,1561,13203,380,256
802,929,13204,1561,13204,380,256
802,929,13205,1561,13205,380,256
802,929,13206,1561,13206,380,256
802,929,13207,1561,13207,380,256
802,929,13208,1561,13208,380,256
802,929,13209,1561,13209,380,256
802,929,13210,1561,13210,380,256
802,929,13211,1561,13211,380,256
802,929,13212,1561,13212,380,256
802,929,13213,1561,13213,380,256
802,929,13214,1561,13214,380,256
802,929,13215,1561,13215,380,256
802,929,13216,1561,13216,380,256
802,929,13217,1561,13217,380,256
802,929,13218,1561,13218,380,256
802,929,13219,1561,13219,380,256
802,929,13220,1561,13220,380,256
802,929,13221,1561,13221,380,256
802,929,13222,1561,13222,380,256
802,929,13223,1561,13223,380,256
802,929,13224,1561,13224,380,256
802,929,13225,1561,13225,380,256
802,929,13226,1561,13226,380,256
802,929,13227,1561,13227,380,256
802,929,13228,1561,13228,380,256
802,929,13229,1561,13229,380,256
802,929,13230,1561,13230,380,256
802,929,13231,1561,13231,380,256
802,929,13232,1561,13232,380,256
802,929,13233,1561,13233,380,256
802,929,13234,1561,13234,380,256
802,929,13235,1561,13235,380,256
802,929,13236,1561,13236,380,256
802,929,13237,1561,13237,380,256
802,929,13238,1561,13238,380,256
802,929,13239,1561,13239,380,256
802,929,13240,1561,13240,380,256
802,929,13241,1561,13241,380,256
802,929,13242,1561,13242,380,256
802,929,13243,1561,13243,380,256
802,929,13244,1561,13244,380,256
802,929,13245,1561,13245,380,256
802,929,13246,1561,13246,380,256
802,929,13247,1561,13247,380,256
802,929,13248,1561,13248,380,256
802,929,13249,1561,13249,380,256
802,929,13250,1561,13250,380,256
802,929,13251,1561,13251,380,256
802,929,13252,1561,13252,380,256
802,929,13253,1561,13253,380,256
802,929,13254,1561,13254,380,256
802,929,13255,1561,13255,380,256
802,929,13256,1561,13256,380,256
802,929,13257,1561,13257,380,256
802,929,13258,1561,13258,380,256
802,929,13259,1561,13259,380,256
802,929,13260,1561,13260,380,256
802,929,13261,1561,13261,380,256
802,929,13262,1561,13262,380,256
802,929,13263,1561,13263,380,256
802,929,13264,1561,13264,380,256
802,929,13265,1561,13265,380,256
802,929,13266,1561,13266,380,256
802,929,13267,1561,13267,380,256
802,929,13268,1561,13268,380,256
802,929,13269,1561,13269,380,256
802,929,13270,1561,13270,380,256
802,929,13271,1561,13271,380,256
802,929,13272,1561,13272,380,256
802,929,13273,1561,13273,380,256
802,929,13274,1561,13274,380,256
802,929,13275,1561,13275,380,256
802,929,13276,1561,13276,380,256
802,929,13277,1561,13277,380,256
802,929,13278,1561,13278,380,256
802,929,13279,1561,13279,380,256
802,929,13280,1561,13280,380,256
802,929,13281,1561,13281,380,256
802,929,13282,1561,13282,380,256
802,929,13283,1561,13283,380,256
802,929,13284,1561,13284,380,256
802,929,13285,1561,13285,380,256
802,929,13286,1561,13286,380,256
802,929,13287,1561,13287,380,256
802,929,13288,1561,13288,380,256
802,929,13289,1561,13289,380,256
802,929,13290,1561,13290,380,256
802,929,13291,1561,13291,380,256
802,929,13292,1561,13292,380,256
802,929,13293,1561,13293,380,256
802,929,13294,1561,13294,380,256
802,929,13295,1561,13295,380,256
802,929,13296,1561,13296,380,256
802,929,13297,1561,13297,380,256
802,929,13298,1561,13298,380,256
802,929,13299,1561,13299,380,256
802,929,13300,1561,13300,380,256
802,929,13301,1561,13301,380,256
802,929,13302,1561,13302,380,256
802,929,13303,1561,13303,380,256
802,929,13304,1561,13304,380,256
802,929,13305,1561,13305,380,256
802,929,13306,1561,13306,380,256
802,929,13307,1561,13307,380,256
802,929,13308,1561,13308,380,256
802,929,13309,1561,13309,380,256
802,929,13310,1561,13310,380,256
802,929,13311,1561,13311,380,256
802,929,13312,1561,13312,380,256
802,929,13313,1561,13313,380,256
802,929,13314,1561,13314,380,256
802,929,13315,1561,13315,380,256
802,929,13316,1561,13316,380,256
802,929,13317,1561,13317,380,256
802,929,13318,1561,13318,380,256
802,929,13319,1561,13319,380,256
802,929,13320,1561,13320,380,256
802,929,13321,1561,13321,380,256
802,929,13322,1561,13322,380,256
802,929,13323,1561,13323,380,256
802,929,13324,1561,13324,380,256
802,929,13325,1561,13325,380,256
802,929,13326,1561,13326,380,256
802,929,13327,1561,13327,380,256
802,929,13328,1561,13328,380,256
802,929,13329,1561,13329,380,256
802,929,13330,1561,13330,380,256
802,929,13331,1561,13331,380,256
802,929,13332,1561,13332,380,256
802,929,13333,1561,13333,380,256
802,929,13334,1561,13334,380,256
802,929,13335,1561,13335,380,256
802,929,13336,1561,13336,380,256
802,929,13337,1561,13337,380,256
802,929,13338,1561,13338,380,256
802,929,13339,1561,13339,380,256
802,929,13340,1561,13340,380,256
802,929,13341,1561,13341,380,256
802,929,13342,1561,13342,380,256
802,929,13343,1561,13343,380,256
802,929,13344,1561,13344,380,256
802,929,13345,1561,13345,380,256
802,929,13346,1561,13346,380,256
802,929,13347,1561,13347,380,256
802,929,13348,1561,13348,380,256
802,929,13349,1561,13349,380,256
802,929,13350,1561,13350,380,256
802,929,13351,1561,13351,380,256
802,929,13352,1561,13352,380,256
802,929,13353,1561,13353,380,256
802,929,13354,1561,13354,380,256
802,929,13355,1561,13355,380,256
802,929,13356,1561,13356,380,256
802,929,13357,1561,13357,380,256
802,929,13358,1561,13358,380,256
802,929,13359,1561,13359,380,256
802,929,13360,1561,13360,380,256
802,929,13361,1561,13361,380,256
802,929,13362,1561,13362,380,256
802,929,13363,1561,13363,380,256
802,929,13364,1561,13364,380,256
802,929,13365,1561,13365,380,256
802,929,13366,1561,13366,380,256
802,929,13367,1561,13367,380,256
802,929,13368,1561,13368,380,256
802,929,13369,1561,13369,380,256
802,929,13370,1561,13370,380,256
802,929,13371,1561,13371,380,256
802,929,13372,1561,13372,380,256
802,929,13373,1561,13373,380,256
802,929,13374,1561,13374,380,256
802,929,13375,1561,13375,380,256
802,929,13376,1561,13376,380,256
802,929,13377,1561,13377,380,256
802,929,13378,1561,13378,380,256
802,929,13379,1561,13379,380,256
802,929,13380,1561,13380,380,256
802,929,13381,1561,13381,380,256
802,929,13382,1561,13382,380,256
802,929,13383,1561,13383,380,256
802,929,13384,1561,13384,380,256
802,929,13385,1561,13385,380,256
802,929,13386,1561,13386,380,256
802,929,13387,1561,13387,380,256
802,929,13388,1561,13388,380,256
802,929,13389,1561,13389,380,256
802,929,13390,1561,13390,380,256
802,929,13391,1561,13391,380,256
802,929,13392,1561,13392,380,256
802,929,13393,1561,13393,380,256
802,929,13394,1561,13394,380,256
802,929,13395,1561,13395,380,256
802,929,13396,1561,13396,380,256
802,929,13397,1561,13397,380,256
802,929,13398,1561,13398,380,256
802,929,13399,1561,13399,380,256
802,929,13400,1561,13400,380,256
802,929,13401,1561,13401,380,256
802,929,13402,1561,13402,380,256
802,929,13403,1561,13403,380,256
802,929,13404,1561,13404,380,256
802,929,13405,1561,13405,380,256
802,929,13406,1561,13406,380,256
802,929,13407,1561,13407,380,256
802,929,13408,1561,13408,380,256
802,929,13409,1561,13409,380,256
802,929,13410,1561,13410,380,256
802,929,13411,1561,13411,380,256
802,929,13412,1561,13412,380,256
802,929,13413,1561,13413,380,256
802,929,13414,1561,13414,380,256
802,929,13415,1561,13415,380,256
802,929,13416,1561,13416,380,256
802,929,13417,1561,13417,380,256
802,929,13418,1561,13418,380,256
802,929,13419,1561,13419,380,256
802,929,13420,1561,13420,380,256
802,929,13421,1561,13421,380,256
802,929,13422,1561,13422,380,256
802,929,13423,1561,13423,380,256
802,929,13424,1561,13424,380,256
802,929,13425,1561,13425,380,256
802,929,13426,1561,13426,380,256
802,929,13427,1561,13427,380,256
802,929,13428,1561,13428,380,256
802,929,13429,1561,13429,380,256
802,929,13430,1561,13430,380,256
802,929,13431,1561,13431,380,256
802,929,13432,1561,13432,380,256
802,929,13433,1561,13433,380,256
802,929,13434,1561,13434,380,256
802,929,13435,1561,13435,380,256
802,929,13436,1561,13436,380,256
802,929,13437,1561,13437,380,256
802,929,13438,1561,13438,380,256
802,929,13439,1561,13439,380,256
802,929,13440,1561,13440,380,256
802,929,13441,1561,13441,380,256
802,929,13442,1561,13442,380,256
802,929,13443,1561,13443,380,256
802,929,13444,1561,13444,380,256
802,929,13445,1561,13445,380,256
802,929,13446,1561,13446,380,256
802,929,13447,1561,13447,380,256
802,929,13448,1561,13448,380,256
802,929,13449,1561,13449,380,256
802,929,13450,1561,13450,380,256
802,929,13451,1561,13451,380,256
802,929,13452,1561,13452,380,256
802,929,13453,1561,13453,380,256
802,929,13454,1561,13454,380,256
802,929,13455,1561,13455,380,256
802,929,13456,1561,13456,380,256
802,929,13457,1561,13457,380,256
802,929,13458,1561,13458,380,256
802,929,13459,1561,13459,380,256
802,929,13460,1561,13460,380,256
802,929,13461,1561,13461,380,256
802,929,13462,1561,13462,380,256
802,929,13463,1561,13463,380,256
802,929,13464,1561,13464,380,256
802,929,13465,1561,13465,380,256
802,929,13466,1561,13466,380,256
802,929,13467,1561,13467,380,256
802,929,13468,1561,13468,380,256
802,929,13469,1561,13469,380,256
802,929,13470,1561,13470,380,256
802,929,13471,1561,13471,380,256
802,929,13472,1561,13472,380,256
802,929,13473,1561,13473,380,256
802,929,13474,1561,13474,380,256
802,929,13475,1561,13475,380,256
802,929,13476,1561,13476,380,256
802,929,13477,1561,13477,380,256
802,929,13478,1561,13478,380,256
802,929,13479,1561,13479,380,256
802,929,13480,1561,13480,380,256
802,929,13481,1561,13481,380,256
802,929,13482,1561,13482,380,256
802,929,13483,1561,13483,380,256
802,929,13484,1561,13484,380,256
802,929,13485,1561,13485,380,256
802,929,13486,1561,13486,380,256
802,929,13487,1561,13487,380,256
802,929,13488,1561,13488,380,256
802,929,13489,1561,13489,380,256
802,929,13490,1561,13490,380,256
802,929,13491,1561,13491,380,256
802,929,13492,1561,13492,380,256
802,929,13493,1561,13493,380,256
802,929,13494,1561,13494,380,256
802,929,13495,1561,13495,380,256
802,929,13496,1561,13496,380,256
802,929,13497,1561,13497,380,256
802,929,13498,1561,13498,380,256
802,929,13499,1561,13499,380,256
802,929,13500,1561,13500,380,256
802,929,13501,1561,13501,380,256
802,929,13502,1561,13502,380,256
802,929,13503,1561,13503,380,256
802,929,13504,1561,13504,380,256
802,929,13505,1561,13505,380,256
802,929,13506,1561,13506,380,256
802,929,13507,1561,13507,380,256
802,929,13508,1561,13508,380,256
802,929,13509,1561,13509,380,256
802,929,13510,1561,13510,380,256
802,929,13511,1561,13511,380,256
802,929,13512,1561,13512,380,256
801,929,13513,1561,13513,380,256
801,929,13514,1561,13514,380,256
801,929,13515,1561,13515,380,256
801,929,13516,1561,13516,380,256
801,929,13517,1561,13517,380,256
801,929,13518,1561,13518,380,256
801,929,13519,1561,13519,380,256
801,929,13520,1561,13520,380,256
801,929,13521,1561,13521,380,256
801,929,13522,1561,13522,380,256
801,929,13523,1561,13523,380,256
801,929,13524,1561,13524,380,256
801,929,13525,1561,13525,380,256
801,929,13526,1561,13526,380,256
801,929,13527,1561,13527,380,256
801,929,13528,1561,13528,380,256
801,929,13529,1561,13529,380,256
801,929,13530,1561,13530,380,256
801,929,13531,1561,13531,380,256
801,929,13532,1561,13532,380,256
801,929,13533,1561,13533,380,256
801,929,13534,1561,13534,380,256
801,929,13535,1561,13535,380,256
801,929,13536,1561,13536,380,256
801,929,13537,1561,13537,380,256
801,929,13538,1561,13538,380,256
801,929,13539,1561,13539,380,256
801,929,13540,1561,13540,380,256
801,929,13541,1561,13541,380,256
801,929,13542,1561,13542,380,256
801,929,13543,1561,13543,380,256
801,929,13544,1561,13544,380,256
801,929,13545,1561,13545,380,256
801,929,13546,1561,13546,380,256
801,929,13547,1561,13547,380,256
801,929,13548,1561,13548,380,256
801,929,13549,1561,13549,380,256
801,929,13550,1561,13550,380,256
801,929,13551,1561,13551,380,256
801,929,13552,1561,13552,380,256
801,929,13553,1561,13553,380,256
801,929,13554,1561,13554,380,256
801,929,13555,1561,13555,380,256
801,929,13556,1561,13556,380,256
801,929,13557,1561,13557,380,256
801,929,13558,1561,13558,380,256
801,929,13559,1561,13559,380,256
801,929,13560,1561,13560,380,256
801,929,13561,1561,13561,380,256
801,929,13562,1561,13562,380,256
801,929,13563,1561,13563,380,256
801,929,13564,1561,13564,380,256
801,929,13565,1561,13565,380,256
801,929,13566,1561,13566,380,256
801,929,13567,1561,13567,380,256
801,929,13568,1561,13568,380,256
801,929,13569,1561,13569,380,256
801,929,13570,1561,13570,380,256
801,929,13571,1561,13571,380,256
801,929,13572,1561,13572,380,256
801,929,13573,1561,13573,380,256
801,929,13574,1561,13574,380,256
801,929,13575,1561,13575,380,256
801,929,13576,1561,13576,380,256
801,929,13577,1561,13577,380,256
801,929,13578,1561,13578,380,256
801,929,13579,1561,13579,380,256
801,929,13580,1561,13580,380,256
801,929,13581,1561,13581,380,256
801,929,13582,1561,13582,380,256
801,929,13583,1561,13583,380,256
801,929,13584,1561,13584,380,256
801,929,13585,1561,13585,380,256
801,929,13586,1561,13586,380,256
801,929,13587,1561,13587,380,256
801,929,13588,1561,13588,380,256
801,929,13589,1561,13589,380,256
801,929,13590,1561,13590,380,256
801,929,13591,1561,13591,380,256
801,929,13592,1561,13592,380,256
801,929,13593,1561,13593,380,256
801,929,13594,1561,13594,380,256
801,929,13595,1561,13595,380,256
801,929,13596,1561,13596,380,256
801,929,13597,1561,13597,380,256
801,929,13598,1561,13598,380,256
801,929,13599,1561,13599,380,256
801,929,13600,1561,13600,380,256
801,929,13601,1561,13601,380,256
801,929,13602,1561,13602,380,256
801,929,13603,1561,13603,380,256
801,929,13604,1561,13604,380,256
801,929,13605,1561,13605,380,256
801,929,13606,1561,13606,380,256
801,929,13607,1561,13607,380,256
801,929,13608,1561,13608,380,256
801,929,13609,1561,13609,380,256
801,929,13610,1561,13610,380,256
801,929,13611,1561,13611,380,256
801,929,13612,1561,13612,380,256
801,929,13613,1561,13613,380,256
801,929,13614,1561,13614,380,256
801,929,13615,1561,13615,380,256
801,929,13616,1561,13616,380,256
801,929,13617,1561,13617,380,256
801,929,13618,1561,13618,380,256
801,929,13619,1561,13619,380,256
801,929,13620,1561,13620,380,256
801,929,13621,1561,13621,380,256
801,929,13622,1561,13622,380,256
801,929,13623,1561,13623,380,256
801,929,13624,1561,13624,380,256
801,929,13625,1561,13625,380,256
801,929,13626,1561,13626,380,256
801,929,13627,1561,13627,380,256
801,929,13628,1561,13628,380,256
801,929,13629,1561,13629,380,256
801,929,13630,1561,13630,380,256
801,929,13631,1561,13631,380,256
801,929,13632,1561,13632,380,256
801,929,13633,1561,13633,380,256
801,929,13634,1561,13634,380,256
801,929,13635,1561,13635,380,256
801,929,13636,1561,13636,380,256
801,929,13637,1561,13637,380,256
801,929,13638,1561,13638,380,256
801,929,13639,1561,13639,380,256
801,929,13640,1561,13640,380,256
801,929,13641,1561,13641,380,256
801,929,13642,1561,13642,380,256
801,929,13643,1561,13643,380,256
801,929,13644,1561,13644,380,256
801,929,13645,1561,13645,380,256
801,929,13646,1561,13646,380,256
801,929,13647,1561,13647,380,256
801,929,13648,1561,13648,380,256
801,929,13649,1561,13649,380,256
801,929,13650,1561,13650,380,256
801,929,13651,1561,13651,380,256
801,929,13652,1561,13652,380,256
801,929,13653,1561,13653,380,256
801,929,13654,1561,13654,380,256
801,929,13655,1561,13655,380,256
801,929,13656,1561,13656,380,256
801,929,13657,1561,13657,380,256
801,929,13658,1561,13658,380,256
801,929,13659,1561,13659,380,256
801,929,13660,1561,13660,380,256
801,929,13661,1561,13661,380,256
801,929,13662,1561,13662,380,256
801,929,13663,1561,13663,380,256
801,929,13664,1561,13664,380,256
801,929,13665,1561,13665,380,256
801,929,13666,1561,13666,380,256
801,929,13667,1561,13667,380,256
801,929,13668,1561,13668,380,256
801,929,13669,1561,13669,380,256
801,929,13670,1561,13670,380,256
801,929,13671,1561,13671,380,256
801,929,13672,1561,13672,380,256
801,929,13673,1561,13673,380,256
801,929,13674,1561,13674,380,256
801,929,13675,1561,13675,380,256
801,929,13676,1561,13676,380,256
801,929,13677,1561,13677,380,256
801,929,13678,1561,13678,380,256
801,929,13679,1561,13679,380,256
801,929,13680,1561,13680,380,256
801,929,13681,1561,13681,380,256
801,929,13682,1561,13682,380,256
801,929,13683,1561,13683,380,256
801,929,13684,1561,13684,380,256
801,929,13685,1561,13685,380,256
801,929,13686,1561,13686,380,256
801,929,13687,1561,13687,380,256
801,929,13688,1561,13688,380,256
801,929,13689,1561,13689,380,256
801,929,13690,1561,13690,380,256
801,929,13691,1561,13691,380,256
801,929,13692,1561,13692,380,256
801,929,13693,1561,13693,380,256
801,929,13694,1561,13694,380,256
801,929,13695,1561,13695,380,256
801,929,13696,1561,13696,380,256
801,929,13697,1561,13697,380,256
801,929,13698,1561,13698,380,256
801,929,13699,1561,13699,380,256
801,929,13700,1561,13700,380,256
801,929,13701,1561,13701,380,256
801,929,13702,1561,13702,380,256
801,929,13703,1561,13703,380,256
801,929,13704,1561,13704,380,256
801,929,13705,1561,13705,380,256
801,929,13706,1561,13706,380,256
801,929,13707,1561,13707,380,256
801,929,13708,1561,13708,380,256
801,929,13709,1561,13709,380,256
801,929,13710,1561,13710,380,256
801,929,13711,1561,13711,380,256
801,929,13712,1561,13712,380,256
801,929,13713,1561,13713,380,256
801,929,13714,1561,13714,380,256
801,929,13715,1561,13715,380,256
801,929,13716,1561,13716,380,256
801,929,13717,1561,13717,380,256
801,929,13718,1561,13718,380,256
801,929,13719,1561,13719,380,256
801,929,13720,1561,13720,380,256
801,929,13721,1561,13721,380,256
801,929,13722,1561,13722,380,256
801,929,13723,1561,13723,380,256
801,929,13724,1561,13724,380,256
801,929,13725,1561,13725,380,256
801,929,13726,1561,13726,380,256
801,929,13727,1561,13727,380,256
801,929,13728,1561,13728,380,256
801,929,13729,1561,13729,380,256
801,929,13730,1561,13730,380,256
801,929,13731,1561,13731,380,256
801,929,13732,1561,13732,380,256
801,929,13733,1561,13733,380,256
801,929,13734,1561,13734,380,256
801,929,13735,1561,13735,380,256
801,929,13736,1561,13736,380,256
801,929,13737,1561,13737,380,256
801,929,13738,1561,13738,380,256
801,929,13739,1561,13739,380,256
801,929,13740,1561,13740,380,256
801,929,13741,1561,13741,380,256
801,929,13742,1561,13742,380,256
801,929,13743,1561,13743,380,256
801,929,13744,1561,13744,380,256
801,929,13745,1561,13745,380,256
801,929,13746,1561,13746,380,256
801,929,13747,1561,13747,380,256
801,929,13748,1561,13748,380,256
801,929,13749,1561,13749,380,256
801,929,13750,1561,13750,380,256
801,929,13751,1561,13751,380,256
801,929,13752,1561,13752,380,256
801,929,13753,1561,13753,380,256
801,929,13754,1561,13754,380,256
801,929,13755,1561,13755,380,256
801,929,13756,1561,13756,380,256
801,929,13757,1561,13757,380,256
801,929,13758,1561,13758,380,256
801,929,13759,1561,13759,380,256
801,929,13760,1561,13760,380,256
801,929,13761,1561,13761,380,256
801,929,13762,1561,13762,380,256
801,929,13763,1561,13763,380,256
801,929,13764,1561,13764,380,256
801,929,13765,1561,13765,380,256
801,929,13766,1561,13766,380,256
801,929,13767,1561,13767,380,256
801,929,13768,1561,13768,380,256
801,929,13769,1561,13769,380,256
801,929,13770,1561,13770,380,256
801,929,13771,1561,13771,380,256
801,929,13772,1561,13772,380,256
801,929,13773,1561,13773,380,256
801,929,13774,1561,13774,380,256
801,929,13775,1561,13775,380,256
801,929,13776,1561,13776,380,256
801,929,13777,1561,13777,380,256
801,929,13778,1561,13778,380,256
801,929,13779,1561,13779,380,256
801,929,13780,1561,13780,380,256
801,929,13781,1561,13781,380,256
801,929,13782,1561,13782,380,256
801,929,13783,1561,13783,380,256
801,929,13784,1561,13784,380,256
801,929,13785,1561,13785,380,256
801,929,13786,1561,13786,380,256
801,929,13787,1561,13787,380,256
801,929,13788,1561,13788,380,256
801,929,13789,1561,13789,380,256
801,929,13790,1561,13790,380,256
801,929,13791,1561,13791,380,256
801,929,13792,1561,13792,380,256
801,929,13793,1561,13793,380,256
801,929,13794,1561,13794,380,256
801,929,13795,1561,13795,380,256
801,929,13796,1561,13796,380,256
801,929,13797,1561,13797,380,256
801,929,13798,1561,13798,380,256
801,929,13799,1561,13799,380,256
801,929,13800,1561,13800,380,256
801,929,13801,1561,13801,380,256
801,929,13802,1561,13802,380,256
801,929,13803,1561,13803,380,256
801,929,13804,1561,13804,380,256
801,929,13805,1561,13805,380,256
801,929,13806,1561,13806,380,256
801,929,13807,1561,13807,380,256
801,929,13808,1561,13808,380,256
801,929,13809,1561,13809,380,256
801,929,13810,1561,13810,380,256
801,929,13811,1561,13811,380,256
801,929,13812,1561,13812,380,256
801,929,13813,1561,13813,380,256
801,929,13814,1561,13814,380,256
801,929,13815,1561,13815,380,256
801,929,13816,1561,13816,380,256
801,929,13817,1561,13817,380,256
801,929,13818,1561,13818,380,256
801,929,13819,1561,13819,380,256
801,929,13820,1561,13820,380,256
801,929,13821,1561,13821,380,256
801,929,13822,1561,13822,380,256
801,929,13823,1561,13823,380,256
801,929,13824,1561,13824,380,256
801,929,13825,1561,13825,380,256
801,929,13826,1561,13826,380,256
801,929,13827,1561,13827,380,256
801,929,13828,1561,13828,380,256
801,929,13829,1561,13829,380,256
801,929,13830,1561,13830,380,256
801,929,13831,1561,13831,380,256
801,929,13832,1561,13832,380,256
801,929,13833,1561,13833,380,256
801,929,13834,1561,13834,380,256
801,929,13835,1561,13835,380,256
801,929,13836,1561,13836,380,256
801,929,13837,1561,13837,380,256
801,929,13838,1561,13838,380,256
801,929,13839,1561,13839,380,256
801,929,13840,1561,13840,380,256
801,929,13841,1561,13841,380,256
801,929,13842,1561,13842,380,256
801,929,13843,1561,13843,380,256
801,929,13844,1561,13844,380,256
801,929,13845,1561,13845,380,256
801,929,13846,1561,13846,380,256
801,929,13847,1561,13847,380,256
801,929,13848,1561,13848,380,256
801,929,13849,1561,13849,380,256
801,929,13850,1561,13850,380,256
801,929,13851,1561,13851,380,256
801,929,13852,1561,13852,380,256
801,929,13853,1561,13853,380,256
801,929,13854,1561,13854,380,256
801,929,13855,1561,13855,380,256
801,929,13856,1561,13856,380,256
801,929,13857,1561,13857,380,256
801,929,13858,1561,13858,380,256
801,929,13859,1561,13859,380,256
801,929,13860,1561,13860,380,256
801,929,13861,1561,13861,380,256
801,929,13862,1561,13862,380,256
801,929,13863,1561,13863,380,256
801,929,13864,1561,13864,380,256
801,929,13865,1561,13865,380,256
801,929,13866,1561,13866,380,256
801,929,13867,1561,13867,380,256
801,929,13868,1561,13868,380,256
801,929,13869,1561,13869,380,256
801,929,13870,1561,13870,380,256
801,929,13871,1561,13871,380,256
801,929,13872,1561,13872,380,256
801,929,13873,1561,13873,380,256
801,929,13874,1561,13874,380,256
801,929,13875,1561,13875,380,256
801,929,13876,1561,13876,380,256
801,929,13877,1561,13877,380,256
801,929,13878,1561,13878,380,256
801,929,13879,1561,13879,380,256
801,929,13880,1561,13880,380,256
801,929,13881,1561,13881,380,256
801,929,13882,1561,13882,380,256
801,929,13883,1561,13883,380,256
801,929,13884,1561,13884,380,256
801,929,13885,1561,13885,380,256
801,929,13886,1561,13886,380,256
801,929,13887,1561,13887,380,256
801,929,13888,1561,13888,380,256
801,929,13889,1561,13889,380,256
801,929,13890,1561,13890,380,256
801,929,13891,1561,13891,380,256
801,929,13892,1561,13892,380,256
801,929,13893,1561,13893,380,256
801,929,13894,1561,13894,380,256
801,929,13895,1561,13895,380,256
801,929,13896,1561,13896,380,256
801,929,13897,1561,13897,380,256
801,929,13898,1561,13898,380,256
801,929,13899,1561,13899,380,256
801,929,13900,1561,13900,380,256
801,929,13901,1561,13901,380,256
801,929,13902,1561,13902,380,256
801,929,13903,1561,13903,380,256
801,929,13904,1561,13904,380,256
801,929,13905,1561,13905,380,256
801,929,13906,1561,13906,380,256
801,929,13907,1561,13907,380,256
801,929,13908,1561,13908,380,256
801,929,13909,1561,13909,380,256
801,929,13910,1561,13910,380,256
801,929,13911,1561,13911,380,256
801,929,13912,1561,13912,380,256
801,929,13913,1561,13913,380,256
801,929,13914,1561,13914,380,256
801,929,13915,1561,13915,380,256
801,929,13916,1561,13916,380,256
801,929,13917,1561,13917,380,256
801,929,13918,1561,13918,380,256
801,929,13919,1561,13919,380,256
801,929,13920,1561,13920,380,256
801,929,13921,1561,13921,380,256
801,929,13922,1561,13922,380,256
801,929,13923,1561,13923,380,256
801,929,13924,1561,13924,380,256
801,929,13925,1561,13925,380,256
801,929,13926,1561,13926,380,256
801,929,13927,1561,13927,380,256
801,929,13928,1561,13928,380,256
801,929,13929,1561,13929,380,256
801,929,13930,1561,13930,380,256
801,929,13931,1561,13931,380,256
801,929,13932,1561,13932,380,256
801,929,13933,1561,13933,380,256
801,929,13934,1561,13934,380,256
801,929,13935,1561,13935,380,256
801,929,13936,1561,13936,380,256
801,929,13937,1561,13937,380,256
801,929,13938,1561,13938,380,256
801,929,13939,1561,13939,380,256
801,929,13940,1561,13940,380,256
801,929,13941,1561,13941,380,256
801,929,13942,1561,13942,380,256
801,929,13943,1561,13943,380,256
801,929,13944,1561,13944,380,256
801,929,13945,1561,13945,380,256
801,929,13946,1561,13946,380,256
801,929,13947,1561,13947,380,256
801,929,13948,1561,13948,380,256
801,929,13949,1561,13949,380,256
801,929,13950,1561,13950,380,256
801,929,13951,1561,13951,380,256
801,929,13952,1561,13952,380,256
801,929,13953,1561,13953,380,256
801,929,13954,1561,13954,380,256
801,929,13955,1561,13955,380,256
801,929,13956,1561,13956,380,256
801,929,13957,1561,13957,380,256
801,929,13958,1561,13958,380,256
801,929,13959,1561,13959,380,256
801,929,13960,1561,13960,380,256
801,929,13961,1561,13961,380,256
801,929,13962,1561,13962,380,256
801,929,13963,1561,13963,380,256
801,929,13964,1561,13964,380,256
801,929,13965,1561,13965,380,256
801,929,13966,1561,13966,380,256
801,929,13967,1561,13967,380,256
801,929,13968,1561,13968,380,256
801,929,13969,1561,13969,380,256
801,929,13970,1561,13970,380,256
801,929,13971,1561,13971,380,256
801,929,13972,1561,13972,380,256
801,929,13973,1561,13973,380,256
801,929,13974,1561,13974,380,256
801,929,13975,1561,13975,380,256
801,929,13976,1561,13976,380,256
801,929,13977,1561,13977,380,256
801,929,13978,1561,13978,380,256
801,929,13979,1561,13979,380,256
801,929,13980,1561,13980,380,256
801,929,13981,1561,13981,380,256
801,929,13982,1561,13982,380,256
801,929,13983,1561,13983,380,256
801,929,13984,1561,13984,380,256
801,929,13985,1561,13985,380,256
801,929,13986,1561,13986,380,256
801,929,13987,1561,13987,380,256
801,929,13988,1561,13988,380,256
801,929,13989,1561,13989,380,256
801,929,13990,1561,13990,380,256
801,929,13991,1561,13991,380,256
801,929,13992,1561,13992,380,256
801,929,13993,1561,13993,380,256
801,929,13994,1561,13994,380,256
801,929,13995,1561,13995,380,256
801,929,13996,1561,13996,380,256
801,929,13997,1561,13997,380,256
801,929,13998,1561,13998,380,256
801,929,13999,1561,13999,380,256
801,929,14000,1561,14000,380,256
801,929,14001,1561,14001,380,256
801,929,14002,1561,14002,380,256
801,929,14003,1561,14003,380,256
801,929,14004,1561,14004,380,256
801,929,14005,1561,14005,380,256
801,929,14006,1561,14006,380,256
801,929,14007,1561,14007,380,256
801,929,14008,1561,14008,380,256
801,929,14009,1561,14009,380,256
801,929,14010,1561,14010,380,256
801,929,14011,1561,14011,380,256
801,929,14012,1561,14012,380,256
801,929,14013,1561,14013,380,256
801,929,14014,1561,14014,380,256
801,929,14015,1561,14015,380,256
801,929,14016,1561,14016,380,256
801,929,14017,1561,14017,380,256
801,929,14018,1561,14018,380,256
801,929,14019,1561,14019,380,256
801,929,14020,1561,14020,380,256
801,929,14021,1561,14021,380,256
801,929,14022,1561,14022,380,256
801,929,14023,1561,14023,380,256
801,929,14024,1561,14024,380,256
801,929,14025,1561,14025,380,256
801,929,14026,1561,14026,380,256
801,929,14027,1561,14027,380,256
801,929,14028,1561,14028,380,256
801,929,14029,1561,14029,380,256
801,929,14030,1561,14030,380,256
801,929,14031,1561,14031,380,256
801,929,14032,1561,14032,380,256
801,929,14033,1561,14033,380,256
801,929,14034,1561,14034,380,256
801,929,14035,1561,14035,380,256
801,929,14036,1561,14036,380,256
801,929,14037,1561,14037,380,256
801,929,14038,1561,14038,380,256
801,929,14039,1561,14039,380,256
801,929,14040,1561,14040,380,256
801,929,14041,1561,14041,380,256
801,929,14042,1561,14042,380,256
801,929,14043,1561,14043,380,256
801,929,14044,1561,14044,380,256
801,929,14045,1561,14045,380,256
801,929,14046,1561,14046,380,256
801,929,14047,1561,14047,380,256
801,929,14048,1561,14048,380,256
801,929,14049,1561,14049,380,256
801,929,14050,1561,14050,380,256
801,929,14051,1561,14051,380,256
801,929,14052,1561,14052,380,256
801,929,14053,1561,14053,380,256
801,929,14054,1561,14054,380,256
801,929,14055,1561,14055,380,256
801,929,14056,1561,14056,380,256
801,929,14057,1561,14057,380,256
801,929,14058,1561,14058,380,256
801,929,14059,1561,14059,380,256
801,929,14060,1561,14060,380,256
801,929,14061,1561,14061,380,256
801,929,14062,1561,14062,380,256
801,929,14063,1561,14063,380,256
801,929,14064,1561,14064,380,256
801,929,14065,1561,14065,380,256
801,929,14066,1561,14066,380,256
801,929,14067,1561,14067,380,256
801,929,14068,1561,14068,380,256
801,929,14069,1561,14069,380,256
801,929,14070,1561,14070,380,256
801,929,14071,1561,14071,380,256
801,929,14072,1561,14072,380,256
801,929,14073,1561,14073,380,256
801,929,14074,1561,14074,380,256
801,929,14075,1561,14075,380,256
801,929,14076,1561,14076,380,256
801,929,14077,1561,14077,380,256
801,929,14078,1561,14078,380,256
801,929,14079,1561,14079,380,256
801,929,14080,1561,14080,380,256
801,929,14081,1561,14081,380,256
801,929,14082,1561,14082,380,256
801,929,14083,1561,14083,380,256
801,929,14084,1561,14084,380,256
801,929,14085,1561,14085,380,256
801,929,14086,1561,14086,380,256
801,929,14087,1561,14087,380,256
801,929,14088,1561,14088,380,256
801,929,14089,1561,14089,380,256
801,929,14090,1561,14090,380,256
801,929,14091,1561,14091,380,256
801,929,14092,1561,14092,380,256
801,929,14093,1561,14093,380,256
801,929,14094,1561,14094,380,256
801,929,14095,1561,14095,380,256
801,929,14096,1561,14096,380,256
801,929,14097,1561,14097,380,256
801,929,14098,1561,14098,380,256
801,929,14099,1561,14099,380,256
801,929,14100,1561,14100,380,256
801,929,14101,1561,14101,380,256
801,929,14102,1561,14102,380,256
801,929,14103,1561,14103,380,256
801,929,14104,1561,14104,380,256
801,929,14105,1561,14105,380,256
801,929,14106,1561,14106,380,256
801,929,14107,1561,14107,380,256
801,929,14108,1561,14108,380,256
801,929,14109,1561,14109,380,256
801,929,14110,1561,14110,380,256
801,929,14111,1561,14111,380,256
801,929,14112,1561,14112,380,256
801,929,14113,1561,14113,380,256
801,929,14114,1561,14114,380,256
801,929,14115,1561,14115,380,256
801,929,14116,1561,14116,380,256
801,929,14117,1561,14117,380,256
801,929,14118,1561,14118,380,256
801,929,14119,1561,14119,380,256
801,929,14120,1561,14120,380,256
801,929,14121,1561,14121,380,256
801,929,14122,1561,14122,380,256
801,929,14123,1561,14123,380,256
801,929,14124,1561,14124,380,256
801,929,14125,1561,14125,380,256
801,929,14126,1561,14126,380,256
801,929,14127,1561,14127,380,256
801,929,14128,1561,14128,380,256
801,929,14129,1561,14129,380,256
801,929,14130,1561,14130,380,256
801,929,14131,1561,14131,380,256
801,929,14132,1561,14132,380,256
802,929,14133,1561,14133,380,256
802,929,14134,1561,14134,380,256
802,929,14135,1561,14135,380,256
802,929,14136,1561,14136,380,256
802,929,14137,1561,14137,380,256
802,929,14138,1561,14138,380,256
802,929,14139,1561,14139,380,256
802,929,14140,1561,14140,380,256
802,929,14141,1561,14141,380,256
802,929,14142,1561,14142,380,256
802,929,14143,1561,14143,380,256
802,929,14144,1561,14144,380,256
802,929,14145,1561,14145,380,256
802,929,14146,1561,14146,380,256
802,929,14147,1561,14147,380,256
802,929,14148,1561,14148,380,256
802,929,14149,1561,14149,380,256
802,929,14150,1561,14150,380,256
802,929,14151,1561,14151,380,256
802,929,14152,1561,14152,380,256
802,929,14153,1561,14153,380,256
802,929,14154,1561,14154,380,256
802,929,14155,1561,14155,380,256
802,929,14156,1561,14156,380,256
802,929,14157,1561,14157,380,256
802,929,14158,1561,14158,380,256
802,929,14159,1561,14159,380,256
802,929,14160,1561,14160,380,256
802,929,14161,1561,14161,380,256
802,929,14162,1561,14162,380,256
802,929,14163,1561,14163,380,256
802,929,14164,1561,14164,380,256
802,929,14165,1561,14165,380,256
802,929,14166,1561,14166,380,256
802,929,14167,1561,14167,380,256
802,929,14168,1561,14168,380,256
802,929,14169,1561,14169,380,256
802,929,14170,1561,14170,380,256
802,929,14171,1561,14171,380,256
802,929,14172,1561,14172,380,256
802,929,14173,1561,14173,380,256
802,929,14174,1561,14174,380,256
802,929,14175,1561,14175,380,256
802,929,14176,1561,14176,380,256
802,929,14177,1561,14177,380,256
802,929,14178,1561,14178,380,256
802,929,14179,1561,14179,380,256
802,929,14180,1561,14180,380,256
802,929,14181,1561,14181,380,256
802,929,14182,1561,14182,380,256
802,929,14183,1561,14183,380,256
802,929,14184,1561,14184,380,256
802,929,14185,1561,14185,380,256
802,929,14186,1561,14186,380,256
802,929,14187,1561,14187,380,256
802,929,14188,1561,14188,380,256
802,929,14189,1561,14189,380,256
802,929,14190,1561,14190,380,256
802,929,14191,1561,14191,380,256
802,929,14192,1561,14192,380,256
802,929,14193,1561,14193,380,256
802,929,14194,1561,14194,380,256
802,929,14195,1561,14195,380,256
802,929,14196,1561,14196,380,256
802,929,14197,1561,14197,380,256
802,929,14198,1561,14198,380,256
802,929,14199,1561,14199,380,256
802,929,14200,1561,14200,380,256
802,929,14201,1561,14201,380,256
802,929,14202,1561,14202,380,256
802,929,14203,1561,14203,380,256
802,929,14204,1561,14204,380,256
802,929,14205,1561,14205,380,256
802,929,14206,1561,14206,380,256
802,929,14207,1561,14207,380,256
802,929,14208,1561,14208,380,256
802,929,14209,1561,14209,380,256
802,929,14210,1561,14210,380,256
802,929,14211,1561,14211,380,256
802,929,14212,1561,14212,380,256
802,929,14213,1561,14213,380,256
802,929,14214,1561,14214,380,256
802,929,14215,1561,14215,380,256
802,929,14216,1561,14216,380,256
802,929,14217,1561,14217,380,256
802,929,14218,1561,14218,380,256
802,929,14219,1561,14219,380,256
802,929,14220,1561,14220,380,256
802,929,14221,1561,14221,380,256
802,929,14222,1561,14222,380,256
802,929,14223,1561,14223,380,256
802,929,14224,1561,14224,380,256
802,929,14225,1561,14225,380,256
802,929,14226,1561,14226,380,256
802,929,14227,1561,14227,380,256
802,929,14228,1561,14228,380,256
802,929,14229,1561,14229,380,256
802,929,14230,1561,14230,380,256
802,929,14231,1561,14231,380,256
802,929,14232,1561,14232,380,256
802,929,14233,1561,14233,380,256
802,929,14234,1561,14234,380,256
802,929,14235,1561,14235,380,256
802,929,14236,1561,14236,380,256
802,929,14237,1561,14237,380,256
802,929,14238,1561,14238,380,256
802,929,14239,1561,14239,380,256
802,929,14240,1561,14240,380,256
802,929,14241,1561,14241,380,256
802,929,14242,1561,14242,380,256
802,929,14243,1561,14243,380,256
802,929,14244,1561,14244,380,256
802,929,14245,1561,14245,380,256
802,929,14246,1561,14246,380,256
802,929,14247,1561,14247,380,256
802,929,14248,1561,14248,380,256
802,929,14249,1561,14249,380,256
802,929,14250,1561,14250,380,256
802,929,14251,1561,14251,380,256
802,929,14252,1561,14252,380,256
802,929,14253,1561,14253,380,256
802,929,14254,1561,14254,380,256
802,929,14255,1561,14255,380,256
802,929,14256,1561,14256,380,256
802,929,14257,1561,14257,380,256
802,929,14258,1561,14258,380,256
802,929,14259,1561,14259,380,256
802,929,14260,1561,14260,380,256
802,929,14261,1561,14261,380,256
802,929,14262,1561,14262,380,256
802,929,14263,1561,14263,380,256
802,929,14264,1561,14264,380,256
802,929,14265,1561,14265,380,256
802,929,14266,1561,14266,380,256
802,929,14267,1561,14267,380,256
802,929,14268,1561,14268,380,256
802,929,14269,1561,14269,380,256
802,929,14270,1561,14270,380,256
802,929,14271,1561,14271,380,256
802,929,14272,1561,14272,380,256
802,929,14273,1561,14273,380,256
802,929,14274,1561,14274,380,256
802,929,14275,1561,14275,380,256
802,929,14276,1561,14276,380,256
802,929,14277,1561,14277,380,256
802,929,14278,1561,14278,380,256
802,929,14279,1561,14279,380,256
802,929,14280,1561,14280,380,256
802,929,14281,1561,14281,380,256
802,929,14282,1561,14282,380,256
802,929,14283,1561,14283,380,256
802,929,14284,1561,14284,380,256
802,929,14285,1561,14285,380,256
802,929,14286,1561,14286,380,256
802,929,14287,1561,14287,380,256
802,929,14288,1561,14288,380,256
802,929,14289,1561,14289,380,256
802,929,14290,1561,14290,380,256
802,929,14291,1561,14291,380,256
802,929,14292,1561,14292,380,256
802,929,14293,1561,14293,380,256
802,929,14294,1561,14294,380,256
802,929,14295,1561,14295,380,256
802,929,14296,1561,14296,380,256
802,929,14297,1561,14297,380,256
802,929,14298,1561,14298,380,256
802,929,14299,1561,14299,380,256
802,929,14300,1561,14300,380,256
802,929,14301,1561,14301,380,256
802,929,14302,1561,14302,380,256
802,929,14303,1561,14303,380,256
802,929,14304,1561,14304,380,256
802,929,14305,1561,14305,380,256
802,929,14306,1561,14306,380,256
802,929,14307,1561,14307,380,256
802,929,14308,1561,14308,380,256
802,929,14309,1561,14309,380,256
802,929,14310,1561,14310,380,256
802,929,14311,1561,14311,380,256
802,929,14312,1561,14312,380,256
802,929,14313,1561,14313,380,256
802,929,14314,1561,14314,380,256
802,929,14315,1561,14315,380,256
802,929,14316,1561,14316,380,256
802,929,14317,1561,14317,380,256
802,929,14318,1561,14318,380,256
802,929,14319,1561,14319,380,256
802,929,14320,1561,14320,380,256
802,929,14321,1561,14321,380,256
802,929,14322,1561,14322,380,256
802,929,14323,1561,14323,380,256
802,929,14324,1561,14324,380,256
802,929,14325,1561,14325,380,256
802,929,14326,1561,14326,380,256
802,929,14327,1561,14327,380,256
802,929,14328,1561,14328,380,256
802,929,14329,1561,14329,380,256
802,929,14330,1561,14330,380,256
802,929,14331,1561,14331,380,256
802,929,14332,1561,14332,380,256
802,929,14333,1561,14333,380,256
802,929,14334,1561,14334,380,256
802,929,14335,1561,14335,380,256
802,929,14336,1561,14336,380,256
802,929,14337,1561,14337,380,256
802,929,14338,1561,14338,380,256
802,929,14339,1561,14339,380,256
801,929,14340,1561,14340,380,256
801,929,14341,1561,14341,380,256
801,929,14342,1561,14342,380,256
801,929,14343,1561,14343,380,256
801,929,14344,1561,14344,380,256
801,929,14345,1561,14345,380,256
801,929,14346,1561,14346,380,256
801,929,14347,1561,14347,380,256
801,929,14348,1561,14348,380,256
801,929,14349,1561,14349,380,256
801,929,14350,1561,14350,380,256
801,929,14351,1561,14351,380,256
801,929,14352,1561,14352,380,256
801,929,14353,1561,14353,380,256
801,929,14354,1561,14354,380,256
801,929,14355,1561,14355,380,256
801,929,14356,1561,14356,380,256
801,929,14357,1561,14357,380,256
801,929,14358,1561,14358,380,256
801,929,14359,1561,14359,380,256
801,929,14360,1561,14360,380,256
801,929,14361,1561,14361,380,256
801,929,14362,1561,14362,380,256
801,929,14363,1561,14363,380,256
801,929,14364,1561,14364,380,256
801,929,14365,1561,14365,380,256
801,929,14366,1561,14366,380,256
801,929,14367,1561,14367,380,256
801,929,14368,1561,14368,380,256
801,929,14369,1561,14369,380,256
801,929,14370,1561,14370,380,256
801,929,14371,1561,14371,380,256
801,929,14372,1561,14372,380,256
801,929,14373,1561,14373,380,256
801,929,14374,1561,14374,380,256
801,929,14375,1561,14375,380,256
801,929,14376,1561,14376,380,256
801,929,14377,1561,14377,380,256
801,929,14378,1561,14378,380,256
801,929,14379,1561,14379,380,256
801,929,14380,1561,14380,380,256
801,929,14381,1561,14381,380,256
801,929,14382,1561,14382,380,256
801,929,14383,1561,14383,380,256
801,929,14384,1561,14384,380,256
801,929,14385,1561,14385,380,256
801,929,14386,1561,14386,380,256
801,929,14387,1561,14387,380,256
801,929,14388,1561,14388,380,256
801,929,14389,1561,14389,380,256
801,929,14390,1561,14390,380,256
801,929,14391,1561,14391,380,256
801,929,14392,1561,14392,380,256
801,929,14393,1561,14393,380,256
801,929,14394,1561,14394,380,256
801,929,14395,1561,14395,380,256
801,929,14396,1561,14396,380,256
801,929,14397,1561,14397,380,256
801,929,14398,1561,14398,380,256
801,929,14399,1561,14399,380,256
801,929,14400,1561,14400,380,256
801,929,14401,1561,14401,380,256
801,929,14402,1561,14402,380,256
801,929,14403,1561,14403,380,256
801,929,14404,1561,14404,380,256
801,929,14405,1561,14405,380,256
801,929,14406,1561,14406,380,256
801,929,14407,1561,14407,380,256
801,929,14408,1561,14408,380,256
801,929,14409,1561,14409,380,256
801,929,14410,1561,14410,380,256
801,929,14411,1561,14411,380,256
801,929,14412,1561,14412,380,256
801,929,14413,1561,14413,380,256
801,929,14414,1561,14414,380,256
801,929,14415,1561,14415,380,256
801,929,14416,1561,14416,380,256
801,929,14417,1561,14417,380,256
801,929,14418,1561,14418,380,256
801,929,14419,1561,14419,380,256
801,929,14420,1561,14420,380,256
801,929,14421,1561,14421,380,256
801,929,14422,1561,14422,380,256
801,929,14423,1561,14423,380,256
801,929,14424,1561,14424,380,256
801,929,14425,1561,14425,380,256
801,929,14426,1561,14426,380,256
801,929,14427,1561,14427,380,256
801,929,14428,1561,14428,380,256
801,929,14429,1561,14429,380,256
801,929,14430,1561,14430,380,256
801,929,14431,1561,14431,380,256
801,929,14432,1561,14432,380,256
801,929,14433,1561,14433,380,256
801,929,14434,1561,14434,380,256
801,929,14435,1561,14435,380,256
801,929,14436,1561,14436,380,256
801,929,14437,1561,14437,380,256
801,929,14438,1561,14438,380,256
801,929,14439,1561,14439,380,256
801,929,14440,1561,14440,380,256
801,929,14441,1561,14441,380,256
801,929,14442,1561,14442,380,256
801,929,14443,1561,14443,380,256
801,929,14444,1561,14444,380,256
801,929,14445,1561,14445,380,256
801,929,14446,1561,14446,380,256
801,929,14447,1561,14447,380,256
801,929,14448,1561,14448,380,256
801,929,14449,1561,14449,380,256
801,929,14450,1561,14450,380,256
801,929,14451,1561,14451,380,256
801,929,14452,1561,14452,380,256
801,929,14453,1561,14453,380,256
801,929,14454,1561,14454,380,256
801,929,14455,1561,14455,380,256
801,929,14456,1561,14456,380,256
801,929,14457,1561,14457,380,256
801,929,14458,1561,14458,380,256
801,929,14459,1561,14459,380,256
801,929,14460,1561,14460,380,256
801,929,14461,1561,14461,380,256
801,929,14462,1561,14462,380,256
801,929,14463,1561,14463,380,256
801,929,14464,1561,14464,380,256
801,929,14465,1561,14465,380,256
801,929,14466,1561,14466,380,256
801,929,14467,1561,14467,380,256
801,929,14468,1561,14468,380,256
801,929,14469,1561,14469,380,256
801,929,14470,1561,14470,380,256
801,929,14471,1561,14471,380,256
801,929,14472,1561,14472,380,256
801,929,14473,1561,14473,380,256
801,929,14474,1561,14474,380,256
801,929,14475,1561,14475,380,256
801,929,14476,1561,14476,380,256
801,929,14477,1561,14477,380,256
801,929,14478,1561,14478,380,256
801,929,14479,1561,14479,380,256
801,929,14480,1561,14480,380,256
801,929,14481,1561,14481,380,256
801,929,14482,1561,14482,380,256
801,929,14483,1561,14483,380,256
801,929,14484,1561,14484,380,256
801,929,14485,1561,14485,380,256
801,929,14486,1561,14486,380,256
801,929,14487,1561,14487,380,256
801,929,14488,1561,14488,380,256
801,929,14489,1561,14489,380,256
801,929,14490,1561,14490,380,256
801,929,14491,1561,14491,380,256
801,929,14492,1561,14492,380,256
801,929,14493,1561,14493,380,256
802,929,14494,1561,14494,380,256
802,929,14495,1561,14495,380,256
802,929,14496,1561,14496,380,256
802,929,14497,1561,14497,380,256
802,929,14498,1561,14498,380,256
802,929,14499,1561,14499,380,256
802,929,14500,1561,14500,380,256
802,929,14501,1561,14501,380,256
802,929,14502,1561,14502,380,256
802,929,14503,1561,14503,380,256
802,929,14504,1561,14504,380,256
802,929,14505,1561,14505,380,256
802,929,14506,1561,14506,380,256
802,929,14507,1561,14507,380,256
802,929,14508,1561,14508,380,256
802,929,14509,1561,14509,380,256
802,929,14510,1561,14510,380,256
802,929,14511,1561,14511,380,256
802,929,14512,1561,14512,380,256
802,929,14513,1561,14513,380,256
802,929,14514,1561,14514,380,256
802,929,14515,1561,14515,380,256
802,929,14516,1561,14516,380,256
802,929,14517,1561,14517,380,256
802,929,14518,1561,14518,380,256
802,929,14519,1561,14519,380,256
802,929,14520,1561,14520,380,256
802,929,14521,1561,14521,380,256
802,929,14522,1561,14522,380,256
802,929,14523,1561,14523,380,256
802,929,14524,1561,14524,380,256
802,929,14525,1561,14525,380,256
802,929,14526,1561,14526,380,256
802,929,14527,1561,14527,380,256
802,929,14528,1561,14528,380,256
802,929,14529,1561,14529,380,256
802,929,14530,1561,14530,380,256
802,929,14531,1561,14531,380,256
802,929,14532,1561,14532,380,256
802,929,14533,1561,14533,380,256
802,929,14534,1561,14534,380,256
802,929,14535,1561,14535,380,256
802,929,14536,1561,14536,380,256
802,929,14537,1561,14537,380,256
802,929,14538,1561,14538,380,256
802,929,14539,1561,14539,380,256
802,929,14540,1561,14540,380,256
802,929,14541,1561,14541,380,256
802,929,14542,1561,14542,380,256
802,929,14543,1561,14543,380,256
802,929,14544,1561,14544,380,256
802,929,14545,1561,14545,380,256
802,929,14546,1561,14546,380,256
802,929,14547,1561,14547,380,256
802,929,14548,1561,14548,380,256
802,929,14549,1561,14549,380,256
802,929,14550,1561,14550,380,256
802,929,14551,1561,14551,380,256
802,929,14552,1561,14552,380,256
802,929,14553,1561,14553,380,256
802,929,14554,1561,14554,380,256
802,929,14555,1561,14555,380,256
802,929,14556,1561,14556,380,256
802,929,14557,1561,14557,380,256
802,929,14558,1561,14558,380,256
802,929,14559,1561,14559,380,256
802,929,14560,1561,14560,380,256
802,929,14561,1561,14561,380,256
802,929,14562,1561,14562,380,256
802,929,14563,1561,14563,380,256
802,929,14564,1561,14564,380,256
802,929,14565,1561,14565,380,256
802,929,14566,1561,14566,380,256
802,929,14567,1561,14567,380,256
802,929,14568,1561,14568,380,256
802,929,14569,1561,14569,380,256
802,929,14570,1561,14570,380,256
802,929,14571,1561,14571,380,256
802,929,14572,1561,14572,380,256
802,929,14573,1561,14573,380,256
802,929,14574,1561,14574,380,256
802,929,14575,1561,14575,380,256
802,929,14576,1561,14576,380,256
802,929,14577,1561,14577,380,256
802,929,14578,1561,14578,380,256
802,929,14579,1561,14579,380,256
802,929,14580,1561,14580,380,256
802,929,14581,1561,14581,380,256
802,929,14582,1561,14582,380,256
802,929,14583,1561,14583,380,256
802,929,14584,1561,14584,380,256
802,929,14585,1561,14585,380,256
802,929,14586,1561,14586,380,256
802,929,14587,1561,14587,380,256
802,929,14588,1561,14588,380,256
802,929,14589,1561,14589,380,256
802,929,14590,1561,14590,380,256
802,929,14591,1561,14591,380,256
802,929,14592,1561,14592,380,256
802,929,14593,1561,14593,380,256
802,929,14594,1561,14594,380,256
802,929,14595,1561,14595,380,256
802,929,14596,1561,14596,380,256
802,929,14597,1561,14597,380,256
802,929,14598,1561,14598,380,256
802,929,14599,1561,14599,380,256
802,929,14600,1561,14600,380,256
802,929,14601,1561,14601,380,256
802,929,14602,1561,14602,380,256
802,929,14603,1561,14603,380,256
802,929,14604,1561,14604,380,256
802,929,14605,1561,14605,380,256
802,929,14606,1561,14606,380,256
802,929,14607,1561,14607,380,256
802,929,14608,1561,14608,380,256
802,929,14609,1561,14609,380,256
802,929,14610,1561,14610,380,256
802,929,14611,1561,14611,380,256
802,929,14612,1561,14612,380,256
802,929,14613,1561,14613,380,256
802,929,14614,1561,14614,380,256
802,929,14615,1561,14615,380,256
802,929,14616,1561,14616,380,256
802,929,14617,1561,14617,380,256
802,929,14618,1561,14618,380,256
802,929,14619,1561,14619,380,256
802,929,14620,1561,14620,380,256
802,929,14621,1561,14621,380,256
802,929,14622,1561,14622,380,256
802,929,14623,1561,14623,380,256
802,929,14624,1561,14624,380,256
802,929,14625,1561,14625,380,256
802,929,14626,1561,14626,380,256
802,929,14627,1561,14627,380,256
802,929,14628,1561,14628,380,256
802,929,14629,1561,14629,380,256
802,929,14630,1561,14630,380,256
802,929,14631,1561,14631,380,256
802,929,14632,1561,14632,380,256
802,929,14633,1561,14633,380,256
802,929,14634,1561,14634,380,256
802,929,14635,1561,14635,380,256
802,929,14636,1561,14636,380,256
802,929,14637,1561,14637,380,256
802,929,14638,1561,14638,380,256
802,929,14639,1561,14639,380,256
802,929,14640,1561,14640,380,256
802,929,14641,1561,14641,380,256
802,929,14642,1561,14642,380,256
802,929,14643,1561,14643,380,256
802,929,14644,1561,14644,380,256
802,929,14645,1561,14645,380,256
802,929,14646,1561,14646,380,256
802,929,14647,1561,14647,380,256
802,929,14648,1561,14648,380,256
802,929,14649,1561,14649,380,256
802,929,14650,1561,14650,380,256
802,929,14651,1561,14651,380,256
802,929,14652,1561,14652,380,256
802,929,14653,1561,14653,380,256
802,929,14654,1561,14654,380,256
802,929,14655,1561,14655,380,256
802,929,14656,1561,14656,380,256
802,929,14657,1561,14657,380,256
802,929,14658,1561,14658,380,256
802,929,14659,1561,14659,380,256
802,929,14660,1561,14660,380,256
802,929,14661,1561,14661,380,256
802,929,14662,1561,14662,380,256
802,929,14663,1561,14663,380,256
802,929,14664,1561,14664,380,256
802,929,14665,1561,14665,380,256
802,929,14666,1561,14666,380,256
802,929,14667,1561,14667,380,256
802,929,14668,1561,14668,380,256
802,929,14669,1561,14669,380,256
802,929,14670,1561,14670,380,256
802,929,14671,1561,14671,380,256
802,929,14672,1561,14672,380,256
802,929,14673,1561,14673,380,256
802,929,14674,1561,14674,380,256
802,929,14675,1561,14675,380,256
802,929,14676,1561,14676,380,256
802,929,14677,1561,14677,380,256
802,929,14678,1561,14678,380,256
802,929,14679,1561,14679,380,256
802,929,14680,1561,14680,380,256
802,929,14681,1561,14681,380,256
802,929,14682,1561,14682,380,256
802,929,14683,1561,14683,380,256
802,929,14684,1561,14684,380,256
802,929,14685,1561,14685,380,256
802,929,14686,1561,14686,380,256
802,929,14687,1561,14687,380,256
802,929,14688,1561,14688,380,256
802,929,14689,1561,14689,380,256
802,929,14690,1561,14690,380,256
802,929,14691,1561,14691,380,256
802,929,14692,1561,14692,380,256
802,929,14693,1561,14693,380,256
802,929,14694,1561,14694,380,256
801,929,14695,1561,14695,380,256
801,929,14696,1561,14696,380,256
801,929,14697,1561,14697,380,256
801,929,14698,1561,14698,380,256
801,929,14699,1561,14699,380,256
801,929,14700,1561,14700,380,256
801,929,14701,1561,14701,380,256
801,929,14702,1561,14702,380,256
801,929,14703,1561,14703,380,256
801,929,14704,1561,14704,380,256
801,929,14705,1561,14705,380,256
801,929,14706,1561,14706,380,256
801,929,14707,1561,14707,380,256
801,929,14708,1561,14708,380,256
801,929,14709,1561,14709,380,256
801,929,14710,1561,14710,380,256
801,929,14711,1561,14711,380,256
801,929,14712,1561,14712,380,256
801,929,14713,1561,14713,380,256
801,929,14714,1561,14714,380,256
801,929,14715,1561,14715,380,256
801,929,14716,1561,14716,380,256
801,929,14717,1561,14717,380,256
801,929,14718,1561,14718,380,256
801,929,14719,1561,14719,380,256
801,929,14720,1561,14720,380,256
801,929,14721,1561,14721,380,256
801,929,14722,1561,14722,380,256
801,929,14723,1561,14723,380,256
801,929,14724,1561,14724,380,256
801,929,14725,1561,14725,380,256
801,929,14726,1561,14726,380,256
801,929,14727,1561,14727,380,256
801,929,14728,1561,14728,380,256
801,929,14729,1561,14729,380,256
801,929,14730,1561,14730,380,256
801,929,14731,1561,14731,380,256
801,929,14732,1561,14732,380,256
801,929,14733,1561,14733,380,256
801,929,14734,1561,14734,380,256
801,929,14735,1561,14735,380,256
801,929,14736,1561,14736,380,256
801,929,14737,1561,14737,380,256
801,929,14738,1561,14738,380,256
801,929,14739,1561,14739,380,256
801,929,14740,1561,14740,380,256
801,929,14741,1561,14741,380,256
801,929,14742,1561,14742,380,256
801,929,14743,1561,14743,380,256
801,929,14744,1561,14744,380,256
801,929,14745,1561,14745,380,256
801,929,14746,1561,14746,380,256
801,929,14747,1561,14747,380,256
801,929,14748,1561,14748,380,256
801,929,14749,1561,14749,380,256
801,929,14750,1561,14750,380,256
801,929,14751,1561,14751,380,256
801,929,14752,1561,14752,380,256
801,929,14753,1561,14753,380,256
801,929,14754,1561,14754,380,256
801,929,14755,1561,14755,380,256
801,929,14756,1561,14756,380,256
801,929,14757,1561,14757,380,256
801,929,14758,1561,14758,380,256
801,929,14759,1561,14759,380,256
801,929,14760,1561,14760,380,256
801,929,14761,1561,14761,380,256
801,929,14762,1561,14762,380,256
801,929,14763,1561,14763,380,256
801,929,14764,1561,14764,380,256
801,929,14765,1561,14765,380,256
801,929,14766,1561,14766,380,256
801,929,14767,1561,14767,380,256
801,929,14768,1561,14768,380,256
801,929,14769,1561,14769,380,256
801,929,14770,1561,14770,380,256
801,929,14771,1561,14771,380,256
801,929,14772,1561,14772,380,256
801,929,14773,1561,14773,380,256
801,929,14774,1561,14774,380,256
801,929,14775,1561,14775,380,256
801,929,14776,1561,14776,380,256
801,929,14777,1561,14777,380,256
801,929,14778,1561,14778,380,256
801,929,14779,1561,14779,380,256
801,929,14780,1561,14780,380,256
801,929,14781,1561,14781,380,256
801,929,14782,1561,14782,380,256
801,929,14783,1561,14783,380,256
801,929,14784,1561,14784,380,256
801,929,14785,1561,14785,380,256
801,929,14786,1561,14786,380,256
801,929,14787,1561,14787,380,256
801,929,14788,1561,14788,380,256
801,929,14789,1561,14789,380,256
801,929,14790,1561,14790,380,256
801,929,14791,1561,14791,380,256
801,929,14792,1561,14792,380,256
801,929,14793,1561,14793,380,256
801,929,14794,1561,14794,380,256
801,929,14795,1561,14795,380,256
801,929,14796,1561,14796,380,256
801,929,14797,1561,14797,380,256
801,929,14798,1561,14798,380,256
801,929,14799,1561,14799,380,256
801,929,14800,1561,14800,380,256
801,929,14801,1561,14801,380,256
801,929,14802,1561,14802,380,256
801,929,14803,1561,14803,380,256
801,929,14804,1561,14804,380,256
801,929,14805,1561,14805,380,256
801,929,14806,1561,14806,380,256
801,929,14807,1561,14807,380,256
801,929,14808,1561,14808,380,256
801,929,14809,1561,14809,380,256
801,929,14810,1561,14810,380,256
801,929,14811,1561,14811,380,256
801,929,14812,1561,14812,380,256
801,929,14813,1561,14813,380,256
801,929,14814,1561,14814,380,256
801,929,14815,1561,14815,380,256
801,929,14816,1561,14816,380,256
801,929,14817,1561,14817,380,256
801,929,14818,1561,14818,380,256
801,929,14819,1561,14819,380,256
801,929,14820,1561,14820,380,256
801,929,14821,1561,14821,380,256
801,929,14822,1561,14822,380,256
801,929,14823,1561,14823,380,256
801,929,14824,1561,14824,380,256
801,929,14825,1561,14825,380,256
801,929,14826,1561,14826,380,256
801,929,14827,1561,14827,380,256
801,929,14828,1561,14828,380,256
801,929,14829,1561,14829,380,256
801,929,14830,1561,14830,380,256
801,929,14831,1561,14831,380,256
801,929,14832,1561,14832,380,256
801,929,14833,1561,14833,380,256
801,929,14834,1561,14834,380,256
801,929,14835,1561,14835,380,256
801,929,14836,1561,14836,380,256
801,929,14837,1561,14837,380,256
801,929,14838,1561,14838,380,256
801,929,14839,1561,14839,380,256
801,929,14840,1561,14840,380,256
801,929,14841,1561,14841,380,256
801,929,14842,1561,14842,380,256
801,929,14843,1561,14843,380,256
801,929,14844,1561,14844,380,256
801,929,14845,1561,14845,380,256
801,929,14846,1561,14846,380,256
801,929,14847,1561,14847,380,256
801,929,14848,1561,14848,380,256
801,929,14849,1561,14849,380,256
801,929,14850,1561,14850,380,256
801,929,14851,1561,14851,380,256
801,929,14852,1561,14852,380,256
801,929,14853,1561,14853,380,256
801,929,14854,1561,14854,380,256
801,929,14855,1561,14855,380,256
801,929,14856,1561,14856,380,256
801,929,14857,1561,14857,380,256
801,929,14858,1561,14858,380,256
801,929,14859,1561,14859,380,256
801,929,14860,1561,14860,380,256
801,929,14861,1561,14861,380,256
801,929,14862,1561,14862,380,256
801,929,14863,1561,14863,380,256
801,929,14864,1561,14864,380,256
801,929,14865,1561,14865,380,256
801,929,14866,1561,14866,380,256
801,929,14867,1561,14867,380,256
801,929,14868,1561,14868,380,256
801,929,14869,1561,14869,380,256
801,929,14870,1561,14870,380,256
801,929,14871,1561,14871,380,256
801,929,14872,1561,14872,380,256
801,929,14873,1561,14873,380,256
801,929,14874,1561,14874,380,256
801,929,14875,1561,14875,380,256
801,929,14876,1561,14876,380,256
801,929,14877,1561,14877,380,256
801,929,14878,1561,14878,380,256
801,929,14879,1561,14879,380,256
801,929,14880,1561,14880,380,256
801,929,14881,1561,14881,380,256
801,929,14882,1561,14882,380,256
801,929,14883,1561,14883,380,256
801,929,14884,1561,14884,380,256
801,929,14885,1561,14885,380,256
801,929,14886,1561,14886,380,256
801,929,14887,1561,14887,380,256
801,929,14888,1561,14888,380,256
801,929,14889,1561,14889,380,256
801,929,14890,1561,14890,380,256
801,929,14891,1561,14891,380,256
801,929,14892,1561,14892,380,256
801,929,14893,1561,14893,380,256
801,929,14894,1561,14894,380,256
801,929,14895,1561,14895,380,256
801,929,14896,1561,14896,380,256
801,929,14897,1561,14897,380,256
801,929,14898,1561,14898,380,256
801,929,14899,1561,14899,380,256
801,929,14900,1561,14900,380,256
801,929,14901,1561,14901,380,256
801,929,14902,1561,14902,380,256
801,929,14903,1561,14903,380,256
801,929,14904,1561,14904,380,256
801,929,14905,1561,14905,380,256
801,929,14906,1561,14906,380,256
801,929,14907,1561,14907,380,256
801,929,14908,1561,14908,380,256
801,929,14909,1561,14909,380,256
801,929,14910,1561,14910,380,256
801,929,14911,1561,14911,380,256
801,929,14912,1561,14912,380,256
801,929,14913,1561,14913,380,256
801,929,14914,1561,14914,380,256
801,929,14915,1561,14915,380,256
801,929,14916,1561,14916,380,256
801,929,14917,1561,14917,380,256
801,929,14918,1561,14918,380,256
801,929,14919,1561,14919,380,256
801,929,14920,1561,14920,380,256
801,929,14921,1561,14921,380,256
801,929,14922,1561,14922,380,256
801,929,14923,1561,14923,380,256
801,929,14924,1561,14924,380,256
801,929,14925,1561,14925,380,256
801,929,14926,1561,14926,380,256
801,929,14927,1561,14927,380,256
801,929,14928,1561,14928,380,256
801,929,14929,1561,14929,380,256
801,929,14930,1561,14930,380,256
801,929,14931,1561,14931,380,256
801,929,14932,1561,14932,380,256
801,929,14933,1561,14933,380,256
801,929,14934,1561,14934,380,256
801,929,14935,1561,14935,380,256
801,929,14936,1561,14936,380,256
801,929,14937,1561,14937,380,256
801,929,14938,1561,14938,380,256
801,929,14939,1561,14939,380,256
801,929,14940,1561,14940,380,256
801,929,14941,1561,14941,380,256
801,929,14942,1561,14942,380,256
801,929,14943,1561,14943,380,256
801,929,14944,1561,14944,380,256
801,929,14945,1561,14945,380,256
801,929,14946,1561,14946,380,256
801,929,14947,1561,14947,380,256
801,929,14948,1561,14948,380,256
801,929,14949,1561,14949,380,256
801,929,14950,1561,14950,380,256
801,929,14951,1561,14951,380,256
801,929,14952,1561,14952,380,256
801,929,14953,1561,14953,380,256
801,929,14954,1561,14954,380,256
801,929,14955,1561,14955,380,256
801,929,14956,1561,14956,380,256
801,929,14957,1561,14957,380,256
801,929,14958,1561,14958,380,256
801,929,14959,1561,14959,380,256
801,929,14960,1561,14960,380,256
801,929,14961,1561,14961,380,256
801,929,14962,1561,14962,380,256
801,929,14963,1561,14963,380,256
801,929,14964,1561,14964,380,256
801,929,14965,1561,14965,380,256
801,929,14966,1561,14966,380,256
801,929,14967,1561,14967,380,256
801,929,14968,1561,14968,380,256
801,929,14969,1561,14969,380,256
801,929,14970,1561,14970,380,256
801,929,14971,1561,14971,380,256
801,929,14972,1561,14972,380,256
801,929,14973,1561,14973,380,256
801,929,14974,1561,14974,380,256
801,929,14975,1561,14975,380,256
801,929,14976,1561,14976,380,256
801,929,14977,1561,14977,380,256
801,929,14978,1561,14978,380,256
801,929,14979,1561,14979,380,256
801,929,14980,1561,14980,380,256
801,929,14981,1561,14981,380,256
801,929,14982,1561,14982,380,256
801,929,14983,1561,14983,380,256
801,929,14984,1561,14984,380,256
801,929,14985,1561,14985,380,256
801,929,14986,1561,14986,380,256
801,929,14987,1561,14987,380,256
801,929,14988,1561,14988,380,256
801,929,14989,1561,14989,380,256
801,929,14990,1561,14990,380,256
801,929,14991,1561,14991,380,256
801,929,14992,1561,14992,380,256
801,929,14993,1561,14993,380,256
801,929,14994,1561,14994,380,256
801,929,14995,1561,14995,380,256
801,929,14996,1561,14996,380,256
801,929,14997,1561,14997,380,256
801,929,14998,1561,14998,380,256
801,929,14999,1561,14999,380,256
801,929,15000,1561,15000,380,256
801,929,15001,1561,15001,380,256
801,929,15002,1561,15002,380,256
801,929,15003,1561,15003,380,256
801,929,15004,1561,15004,380,256
801,929,15005,1561,15005,380,256
801,929,15006,1561,15006,380,256
801,929,15007,1561,15007,380,256
801,929,15008,1561,15008,380,256
801,929,15009,1561,15009,380,256
801,929,15010,1561,15010,380,256
801,929,15011,1561,15011,380,256
801,929,15012,1561,15012,380,256
801,929,15013,1561,15013,380,256
801,929,15014,1561,15014,380,256
801,929,15015,1561,15015,380,256
801,929,15016,1561,15016,380,256
801,929,15017,1561,15017,380,256
801,929,15018,1561,15018,380,256
801,929,15019,1561,15019,380,256
801,929,15020,1561,15020,380,256
801,929,15021,1561,15021,380,256
801,929,15022,1561,15022,380,256
801,929,15023,1561,15023,380,256
801,929,15024,1561,15024,380,256
801,929,15025,1561,15025,380,256
801,929,15026,1561,15026,380,256
801,929,15027,1561,15027,380,256
801,929,15028,1561,15028,380,256
801,929,15029,1561,15029,380,256
801,929,15030,1561,15030,380,256
801,929,15031,1561,15031,380,256
801,929,15032,1561,15032,380,256
801,929,15033,1561,15033,380,256
801,929,15034,1561,15034,380,256
801,929,15035,1561,15035,380,256
801,929,15036,1561,15036,380,256
801,929,15037,1561,15037,380,256
801,929,15038,1561,15038,380,256
801,929,15039,1561,15039,380,256
801,929,15040,1561,15040,380,256
801,929,15041,1561,15041,380,256
801,929,15042,1561,15042,380,256
801,929,15043,1561,15043,380,256
801,929,15044,1561,15044,380,256
801,929,15045,1561,15045,380,256
801,929,15046,1561,15046,380,256
801,929,15047,1561,15047,380,256
801,929,15048,1561,15048,380,256
801,929,15049,1561,15049,380,256
801,929,15050,1561,15050,380,256
801,929,15051,1561,15051,380,256
801,929,15052,1561,15052,380,256
801,929,15053,1561,15053,380,256
801,929,15054,1561,15054,380,256
801,929,15055,1561,15055,380,256
801,929,15056,1561,15056,380,256
801,929,15057,1561,15057,380,256
801,929,15058,1561,15058,380,256
801,929,15059,1561,15059,380,256
801,929,15060,1561,15060,380,256
801,929,15061,1561,15061,380,256
801,929,15062,1561,15062,380,256
801,929,15063,1561,15063,380,256
801,929,15064,1561,15064,380,256
801,929,15065,1561,15065,380,256
801,929,15066,1561,15066,380,256
801,929,15067,1561,15067,380,256
801,929,15068,1561,15068,380,256
801,929,15069,1561,15069,380,256
801,929,15070,1561,15070,380,256
801,929,15071,1561,15071,380,256
801,929,15072,1561,15072,380,256
801,929,15073,1561,15073,380,256
801,929,15074,1561,15074,380,256
801,929,15075,1561,15075,380,256
801,929,15076,1561,15076,380,256
801,929,15077,1561,15077,380,256
801,929,15078,1561,15078,380,256
801,929,15079,1561,15079,380,256
801,929,15080,1561,15080,380,256
801,929,15081,1561,15081,380,256
801,929,15082,1561,15082,380,256
801,929,15083,1561,15083,380,256
801,929,15084,1561,15084,380,256
801,929,15085,1561,15085,380,256
801,929,15086,1561,15086,380,256
801,929,15087,1561,15087,380,256
801,929,15088,1561,15088,380,256
801,929,15089,1561,15089,380,256
801,929,15090,1561,15090,380,256
801,929,15091,1561,15091,380,256
801,929,15092,1561,15092,380,256
801,929,15093,1561,15093,380,256
801,929,15094,1561,15094,380,256
801,929,15095,1561,15095,380,256
801,929,15096,1561,15096,380,256
801,929,15097,1561,15097,380,256
801,929,15098,1561,15098,380,256
801,929,15099,1561,15099,380,256
801,929,15100,1561,15100,380,256
801,929,15101,1561,15101,380,256
801,929,15102,1561,15102,380,256
801,929,15103,1561,15103,380,256
801,929,15104,1561,15104,380,256
801,929,15105,1561,15105,380,256
801,929,15106,1561,15106,380,256
801,929,15107,1561,15107,380,256
801,929,15108,1561,15108,380,256
801,929,15109,1561,15109,380,256
801,929,15110,1561,15110,380,256
801,929,15111,1561,15111,380,256
801,929,15112,1561,15112,380,256
801,929,15113,1561,15113,380,256
801,929,15114,1561,15114,380,256
801,929,15115,1561,15115,380,256
801,929,15116,1561,15116,380,256
801,929,15117,1561,15117,380,256
801,929,15118,1561,15118,380,256
801,929,15119,1561,15119,380,256
801,929,15120,1561,15120,380,256
801,929,15121,1561,15121,380,256
801,929,15122,1561,15122,380,256
801,929,15123,1561,15123,380,256
801,929,15124,1561,15124,380,256
801,929,15125,1561,15125,380,256
801,929,15126,1561,15126,380,256
801,929,15127,1561,15127,380,256
801,929,15128,1561,15128,380,256
801,929,15129,1561,15129,380,256
801,929,15130,1561,15130,380,256
801,929,15131,1561,15131,380,256
801,929,15132,1561,15132,380,256
801,929,15133,1561,15133,380,256
801,929,15134,1561,15134,380,256
801,929,15135,1561,15135,380,256
801,929,15136,1561,15136,380,256
801,929,15137,1561,15137,380,256
801,929,15138,1561,15138,380,256
801,929,15139,1561,15139,380,256
801,929,15140,1561,15140,380,256
801,929,15141,1561,15141,380,256
801,929,15142,1561,15142,380,256
801,929,15143,1561,15143,380,256
801,929,15144,1561,15144,380,256
801,929,15145,1561,15145,380,256
801,929,15146,1561,15146,380,256
801,929,15147,1561,15147,380,256
801,929,15148,1561,15148,380,256
801,929,15149,1561,15149,380,256
801,929,15150,1561,15150,380,256
801,929,15151,1561,15151,380,256
801,929,15152,1561,15152,380,256
800,929,15153,1561,15153,380,256
800,929,15154,1561,15154,380,256
800,929,15155,1561,15155,380,256
800,929,15156,1561,15156,380,256
800,929,15157,1561,15157,380,256
800,929,15158,1561,15158,380,256
800,929,15159,1561,15159,380,256
800,929,15160,1561,15160,380,256
800,929,15161,1561,15161,380,256
800,929,15162,1561,15162,380,256
800,929,15163,1561,15163,380,256
800,929,15164,1561,15164,380,256
800,929,15165,1561,15165,380,256
800,929,15166,1561,15166,380,256
800,929,15167,1561,15167,380,256
800,929,15168,1561,15168,380,256
800,929,15169,1561,15169,380,256
800,929,15170,1561,15170,380,256
800,929,15171,1561,15171,380,256
800,929,15172,1561,15172,380,256
800,929,15173,1561,15173,380,256
800,929,15174,1561,15174,380,256
800,929,15175,1561,15175,380,256
800,929,15176,1561,15176,380,256
800,929,15177,1561,15177,380,256
800,929,15178,1561,15178,380,256
800,929,15179,1561,15179,380,256
800,929,15180,1561,15180,380,256
800,929,15181,1561,15181,380,256
800,929,15182,1561,15182,380,256
800,929,15183,1561,15183,380,256
800,929,15184,1561,15184,380,256
800,929,15185,1561,15185,380,256
800,929,15186,1561,15186,380,256
800,929,15187,1561,15187,380,256
800,929,15188,1561,15188,380,256
800,929,15189,1561,15189,380,256
800,929,15190,1561,15190,380,256
800,929,15191,1561,15191,380,256
800,929,15192,1561,15192,380,256
800,929,15193,1561,15193,380,256
800,929,15194,1561,15194,380,256
800,929,15195,1561,15195,380,256
800,929,15196,1561,15196,380,256
800,929,15197,1561,15197,380,256
800,929,15198,1561,15198,380,256
800,929,15199,1561,15199,380,256
800,929,15200,1561,15200,380,256
800,929,15201,1561,15201,380,256
800,929,15202,1561,15202,380,256
800,929,15203,1561,15203,380,256
800,929,15204,1561,15204,380,256
800,929,15205,1561,15205,380,256
800,929,15206,1561,15206,380,256
800,929,15207,1561,15207,380,256
800,929,15208,1561,15208,380,256
800,929,15209,1561,15209,380,256
800,929,15210,1561,15210,380,256
800,929,15211,1561,15211,380,256
800,929,15212,1561,15212,380,256
800,929,15213,1561,15213,380,256
800,929,15214,1561,15214,380,256
800,929,15215,1561,15215,380,256
800,929,15216,1561,15216,380,256
800,929,15217,1561,15217,380,256
800,929,15218,1561,15218,380,256
800,929,15219,1561,15219,380,256
800,929,15220,1561,15220,380,256
800,929,15221,1561,15221,380,256
800,929,15222,1561,15222,380,256
800,929,15223,1561,15223,380,256
800,929,15224,1561,15224,380,256
800,929,15225,1561,15225,380,256
800,929,15226,1561,15226,380,256
800,929,15227,1561,15227,380,256
800,929,15228,1561,15228,380,256
800,929,15229,1561,15229,380,256
800,929,15230,1561,15230,380,256
800,929,15231,1561,15231,380,256
800,929,15232,1561,15232,380,256
800,929,15233,1561,15233,380,256
800,929,15234,1561,15234,380,256
800,929,15235,1561,15235,380,256
800,929,15236,1561,15236,380,256
800,929,15237,1561,15237,380,256
800,929,15238,1561,15238,380,256
800,929,15239,1561,15239,380,256
800,929,15240,1561,15240,380,256
800,929,15241,1561,15241,380,256
800,929,15242,1561,15242,380,256
800,929,15243,1561,15243,380,256
800,929,15244,1561,15244,380,256
800,929,15245,1561,15245,380,256
800,929,15246,1561,15246,380,256
800,929,15247,1561,15247,380,256
800,929,15248,1561,15248,380,256
800,929,15249,1561,15249,380,256
800,929,15250,1561,15250,380,256
800,929,15251,1561,15251,380,256
800,929,15252,1561,15252,380,256
800,929,15253,1561,15253,380,256
800,929,15254,1561,15254,380,256
800,929,15255,1561,15255,380,256
800,929,15256,1561,15256,380,256
800,929,15257,1561,15257,380,256
800,929,15258,1561,15258,380,256
800,929,15259,1561,15259,380,256
800,929,15260,1561,15260,380,256
800,929,15261,1561,15261,380,256
800,929,15262,1561,15262,380,256
800,929,15263,1561,15263,380,256
800,929,15264,1561,15264,380,256
800,929,15265,1561,15265,380,256
800,929,15266,1561,15266,380,256
800,929,15267,1561,15267,380,256
800,929,15268,1561,15268,380,256
800,929,15269,1561,15269,380,256
800,929,15270,1561,15270,380,256
800,929,15271,1561,15271,380,256
800,929,15272,1561,15272,380,256
800,929,15273,1561,15273,380,256
800,929,15274,1561,15274,380,256
800,929,15275,1561,15275,380,256
800,929,15276,1561,15276,380,256
800,929,15277,1561,15277,380,256
800,929,15278,1561,15278,380,256
800,929,15279,1561,15279,380,256
800,929,15280,1561,15280,380,256
800,929,15281,1561,15281,380,256
800,929,15282,1561,15282,380,256
800,929,15283,1561,15283,380,256
800,929,15284,1561,15284,380,256
800,929,15285,1561,15285,380,256
800,929,15286,1561,15286,380,256
800,929,15287,1561,15287,380,256
800,929,15288,1561,15288,380,256
800,929,15289,1561,15289,380,256
800,929,15290,1561,15290,380,256
800,929,15291,1561,15291,380,256
800,929,15292,1561,15292,380,256
800,929,15293,1561,15293,380,256
800,929,15294,1561,15294,380,256
800,929,15295,1561,15295,380,256
800,929,15296,1561,15296,380,256
800,929,15297,1561,15297,380,256
800,929,15298,1561,15298,380,256
800,929,15299,1561,15299,380,256
800,929,15300,1561,15300,380,256
800,929,15301,1561,15301,380,256
800,929,15302,1561,15302,380,256
800,929,15303,1561,15303,380,256
800,929,15304,1561,15304,380,256
800,929,15305,1561,15305,380,256
800,929,15306,1561,15306,380,256
800,929,15307,1561,15307,380,256
800,929,15308,1561,15308,380,256
800,929,15309,1561,15309,380,256
800,929,15310,1561,15310,380,256
800,929,15311,1561,15311,380,256
800,929,15312,1561,15312,380,256
800,929,15313,1561,15313,380,256
800,929,15314,1561,15314,380,256
800,929,15315,1561,15315,380,256
800,929,15316,1561,15316,380,256
800,929,15317,1561,15317,380,256
800,929,15318,1561,15318,380,256
800,929,15319,1561,15319,380,256
800,929,15320,1561,15320,380,256
800,929,15321,1561,15321,380,256
800,929,15322,1561,15322,380,256
800,929,15323,1561,15323,380,256
800,929,15324,1561,15324,380,256
800,929,15325,1561,15325,380,256
800,929,15326,1561,15326,380,256
800,929,15327,1561,15327,380,256
800,929,15328,1561,15328,380,256
800,929,15329,1561,15329,380,256
800,929,15330,1561,15330,380,256
800,929,15331,1561,15331,380,256
800,929,15332,1561,15332,380,256
800,929,15333,1561,15333,380,256
800,929,15334,1561,15334,380,256
800,929,15335,1561,15335,380,256
800,929,15336,1561,15336,380,256
800,929,15337,1561,15337,380,256
800,929,15338,1561,15338,380,256
800,929,15339,1561,15339,380,256
800,929,15340,1561,15340,380,256
800,929,15341,1561,15341,380,256
800,929,15342,1561,15342,380,256
800,929,15343,1561,15343,380,256
800,929,15344,1561,15344,380,256
800,929,15345,1561,15345,380,256
800,929,15346,1561,15346,380,256
800,929,15347,1561,15347,380,256
800,929,15348,1561,15348,380,256
800,929,15349,1561,15349,380,256
800,929,15350,1561,15350,380,256
800,929,15351,1561,15351,380,256
800,929,15352,1561,15352,380,256
800,929,15353,1561,15353,380,256
800,929,15354,1561,15354,380,256
800,929,15355,1561,15355,380,256
800,929,15356,1561,15356,380,256
800,929,15357,1561,15357,380,256
800,929,15358,1561,15358,380,256
800,929,15359,1561,15359,380,256
800,929,15360,1561,15360,380,256
800,929,15361,1561,15361,380,256
800,929,15362,1561,15362,380,256
800,929,15363,1561,15363,380,256
800,929,15364,1561,15364,380,256
800,929,15365,1561,15365,380,256
800,929,15366,1561,15366,380,256
800,929,15367,1561,15367,380,256
800,929,15368,1561,15368,380,256
800,929,15369,1561,15369,380,256
800,929,15370,1561,15370,380,256
800,929,15371,1561,15371,380,256
800,929,15372,1561,15372,380,256
800,929,15373,1561,15373,380,256
800,929,15374,1561,15374,380,256
800,929,15375,1561,15375,380,256
800,929,15376,1561,15376,380,256
800,929,15377,1561,15377,380,256
800,929,15378,1561,15378,380,256
800,929,15379,1561,15379,380,256
800,929,15380,1561,15380,380,256
800,929,15381,1561,15381,380,256
800,929,15382,1561,15382,380,256
800,929,15383,1561,15383,380,256
800,929,15384,1561,15384,380,256
800,929,15385,1561,15385,380,256
800,929,15386,1561,15386,380,256
800,929,15387,1561,15387,380,256
800,929,15388,1561,15388,380,256
800,929,15389,1561,15389,380,256
800,929,15390,1561,15390,380,256
800,929,15391,1561,15391,380,256
800,929,15392,1561,15392,380,256
800,929,15393,1561,15393,380,256
800,929,15394,1561,15394,380,256
800,929,15395,1561,15395,380,256
800,929,15396,1561,15396,380,256
800,929,15397,1561,15397,380,256
800,929,15398,1561,15398,380,256
800,929,15399,1561,15399,380,256
800,929,15400,1561,15400,380,256
800,929,15401,1561,15401,380,256
800,929,15402,1561,15402,380,256
800,929,15403,1561,15403,380,256
800,929,15404,1561,15404,380,256
800,929,15405,1561,15405,380,256
800,929,15406,1561,15406,380,256
800,929,15407,1561,15407,380,256
800,929,15408,1561,15408,380,256
800,929,15409,1561,15409,380,256
800,929,15410,1561,15410,380,256
800,929,15411,1561,15411,380,256
800,929,15412,1561,15412,380,256
800,929,15413,1561,15413,380,256
800,929,15414,1561,15414,380,256
800,929,15415,1561,15415,380,256
800,929,15416,1561,15416,380,256
800,929,15417,1561,15417,380,256
800,929,15418,1561,15418,380,256
800,929,15419,1561,15419,380,256
800,929,15420,1561,15420,380,256
800,929,15421,1561,15421,380,256
800,929,15422,1561,15422,380,256
800,929,15423,1561,15423,380,256
800,929,15424,1561,15424,380,256
800,929,15425,1561,15425,380,256
800,929,15426,1561,15426,380,256
800,929,15427,1561,15427,380,256
800,929,15428,1561,15428,380,256
800,929,15429,1561,15429,380,256
800,929,15430,1561,15430,380,256
800,929,15431,1561,15431,380,256
800,929,15432,1561,15432,380,256
800,929,15433,1561,15433,380,256
800,929,15434,1561,15434,380,256
800,929,15435,1561,15435,380,256
800,929,15436,1561,15436,380,256
800,929,15437,1561,15437,380,256
800,929,15438,1561,15438,380,256
800,929,15439,1561,15439,380,256
800,929,15440,1561,15440,380,256
800,929,15441,1561,15441,380,256
800,929,15442,1561,15442,380,256
800,929,15443,1561,15443,380,256
800,929,15444,1561,15444,380,256
800,929,15445,1561,15445,380,256
800,929,15446,1561,15446,380,256
800,929,15447,1561,15447,380,256
800,929,15448,1561,15448,380,256
800,929,15449,1561,15449,380,256
800,929,15450,1561,15450,380,256
800,929,15451,1561,15451,380,256
800,929,15452,1561,15452,380,256
800,929,15453,1561,15453,380,256
800,929,15454,1561,15454,380,256
800,929,15455,1561,15455,380,256
800,929,15456,1561,15456,380,256
800,929,15457,1561,15457,380,256
800,929,15458,1561,15458,380,256
800,929,15459,1561,15459,380,256
800,929,15460,1561,15460,380,256
800,929,15461,1561,15461,380,256
800,929,15462,1561,15462,380,256
800,929,15463,1561,15463,380,256
800,929,15464,1561,15464,380,256
800,929,15465,1561,15465,380,256
800,929,15466,1561,15466,380,256
800,929,15467,1561,15467,380,256
800,929,15468,1561,15468,380,256
800,929,15469,1561,15469,380,256
800,929,15470,1561,15470,380,256
800,929,15471,1561,15471,380,256
800,929,15472,1561,15472,380,256
800,929,15473,1561,15473,380,256
800,929,15474,1561,15474,380,256
800,929,15475,1561,15475,380,256
800,929,15476,1561,15476,380,256
800,929,15477,1561,15477,380,256
800,929,15478,1561,15478,380,256
800,929,15479,1561,15479,380,256
800,929,15480,1561,15480,380,256
800,929,15481,1561,15481,380,256
800,929,15482,1561,15482,380,256
800,929,15483,1561,15483,380,256
800,929,15484,1561,15484,380,256
800,929,15485,1561,15485,380,256
800,929,15486,1561,15486,380,256
800,929,15487,1561,15487,380,256
800,929,15488,1561,15488,380,256
800,929,15489,1561,15489,380,256
800,929,15490,1561,15490,380,256
800,929,15491,1561,15491,380,256
800,929,15492,1561,15492,380,256
800,929,15493,1561,15493,380,256
800,929,15494,1561,15494,380,256
800,929,15495,1561,15495,380,256
800,929,15496,1561,15496,380,256
800,929,15497,1561,15497,380,256
800,929,15498,1561,15498,380,256
800,929,15499,1561,15499,380,256
800,929,15500,1561,15500,380,256
800,929,15501,1561,15501,380,256
800,929,15502,1561,15502,380,256
800,929,15503,1561,15503,380,256
800,929,15504,1561,15504,380,256
800,929,15505,1561,15505,380,256
800,929,15506,1561,15506,380,256
800,929,15507,1561,15507,380,256
800,929,15508,1561,15508,380,256
800,929,15509,1561,15509,380,256
800,929,15510,1561,15510,380,256
800,929,15511,1561,15511,380,256
800,929,15512,1561,15512,380,256
800,929,15513,1561,15513,380,256
800,929,15514,1561,15514,380,256
800,929,15515,1561,15515,380,256
800,929,15516,1561,15516,380,256
800,929,15517,1561,15517,380,256
800,929,15518,1561,15518,380,256
800,929,15519,1561,15519,380,256
800,929,15520,1561,15520,380,256
800,929,15521,1561,15521,380,256
800,929,15522,1561,15522,380,256
800,929,15523,1561,15523,380,256
800,929,15524,1561,15524,380,256
800,929,15525,1561,15525,380,256
800,929,15526,1561,15526,380,256
800,929,15527,1561,15527,380,256
800,929,15528,1561,15528,380,256
800,929,15529,1561,15529,380,256
800,929,15530,1561,15530,380,256
800,929,15531,1561,15531,380,256
800,929,15532,1561,15532,380,256
800,929,15533,1561,15533,380,256
800,929,15534,1561,15534,380,256
800,929,15535,1561,15535,380,256
800,929,15536,1561,15536,380,256
800,929,15537,1561,15537,380,256
800,929,15538,1561,15538,380,256
800,929,15539,1561,15539,380,256
800,929,15540,1561,15540,380,256
800,929,15541,1561,15541,380,256
800,929,15542,1561,15542,380,256
800,929,15543,1561,15543,380,256
800,929,15544,1561,15544,380,256
800,929,15545,1561,15545,380,256
800,929,15546,1561,15546,380,256
800,929,15547,1561,15547,380,256
800,929,15548,1561,15548,380,256
800,929,15549,1561,15549,380,256
800,929,15550,1561,15550,380,256
800,929,15551,1561,15551,380,256
800,929,15552,1561,15552,380,256
800,929,15553,1561,15553,380,256
800,929,15554,1561,15554,380,256
800,929,15555,1561,15555,380,256
800,929,15556,1561,15556,380,256
800,929,15557,1561,15557,380,256
800,929,15558,1561,15558,380,256
800,929,15559,1561,15559,380,256
800,929,15560,1561,15560,380,256
800,929,15561,1561,15561,380,256
800,929,15562,1561,15562,380,256
800,929,15563,1561,15563,380,256
800,929,15564,1561,15564,380,256
800,929,15565,1561,15565,380,256
800,929,15566,1561,15566,380,256
800,929,15567,1561,15567,380,256
800,929,15568,1561,15568,380,256
800,929,15569,1561,15569,380,256
800,929,15570,1561,15570,380,256
800,929,15571,1561,15571,380,256
800,929,15572,1561,15572,380,256
800,929,15573,1561,15573,380,256
800,929,15574,1561,15574,380,256
800,929,15575,1561,15575,380,256
800,929,15576,1561,15576,380,256
800,929,15577,1561,15577,380,256
800,929,15578,1561,15578,380,256
800,929,15579,1561,15579,380,256
800,929,15580,1561,15580,380,256
800,929,15581,1561,15581,380,256
800,929,15582,1561,15582,380,256
800,929,15583,1561,15583,380,256
800,929,15584,1561,15584,380,256
800,929,15585,1561,15585,380,256
800,929,15586,1561,15586,380,256
800,929,15587,1561,15587,380,256
800,929,15588,1561,15588,380,256
800,929,15589,1561,15589,380,256
800,929,15590,1561,15590,380,256
800,929,15591,1561,15591,380,256
800,929,15592,1561,15592,380,256
800,929,15593,1561,15593,380,256
800,929,15594,1561,15594,380,256
800,929,15595,1561,15595,380,256
800,929,15596,1561,15596,380,256
800,929,15597,1561,15597,380,256
800,929,15598,1561,15598,380,256
800,929,15599,1561,15599,380,256
800,929,15600,1561,15600,380,256
800,929,15601,1561,15601,380,256
800,929,15602,1561,15602,380,256
800,929,15603,1561,15603,380,256
800,929,15604,1561,15604,380,256
800,929,15605,1561,15605,380,256
800,929,15606,1561,15606,380,256
800,929,15607,1561,15607,380,256
800,929,15608,1561,15608,380,256
800,929,15609,1561,15609,380,256
800,929,15610,1561,15610,380,256
800,929,15611,1561,15611,380,256
800,929,15612,1561,15612,380,256
800,929,15613,1561,15613,380,256
800,929,15614,1561,15614,380,256
800,929,15615,1561,15615,380,256
800,929,15616,1561,15616,380,256
800,929,15617,1561,15617,380,256
800,929,15618,1561,15618,380,256
800,929,15619,1561,15619,380,256
800,929,15620,1561,15620,380,256
800,929,15621,1561,15621,380,256
800,929,15622,1561,15622,380,256
800,929,15623,1561,15623,380,256
800,929,15624,1561,15624,380,256
800,929,15625,1561,15625,380,256
800,929,15626,1561,15626,380,256
800,929,15627,1561,15627,380,256
800,929,15628,1561,15628,380,256
800,929,15629,1561,15629,380,256
800,929,15630,1561,15630,380,256
800,929,15631,1561,15631,380,256
800,929,15632,1561,15632,380,256
800,929,15633,1561,15633,380,256
800,929,15634,1561,15634,380,256
800,929,15635,1561,15635,380,256
800,929,15636,1561,15636,380,256
800,929,15637,1561,15637,380,256
800,929,15638,1561,15638,380,256
800,929,15639,1561,15639,380,256
800,929,15640,1561,15640,380,256
800,929,15641,1561,15641,380,256
800,929,15642,1561,15642,380,256
800,929,15643,1561,15643,380,256
800,929,15644,1561,15644,380,256
800,929,15645,1561,15645,380,256
800,929,15646,1561,15646,380,256
800,929,15647,1561,15647,380,256
800,929,15648,1561,15648,380,256
800,929,15649,1561,15649,380,256
800,929,15650,1561,15650,380,256
800,929,15651,1561,15651,380,256
800,929,15652,1561,15652,380,256
800,929,15653,1561,15653,380,256
800,929,15654,1561,15654,380,256
800,929,15655,1561,15655,380,256
800,929,15656,1561,15656,380,256
800,929,15657,1561,15657,380,256
800,929,15658,1561,15658,380,256
800,929,15659,1561,15659,380,256
800,929,15660,1561,15660,380,256
800,929,15661,1561,15661,380,256
800,929,15662,1561,15662,380,256
800,929,15663,1561,15663,380,256
800,929,15664,1561,15664,380,256
800,929,15665,1561,15665,380,256
800,929,15666,1561,15666,380,256
800,929,15667,1561,15667,380,256
800,929,15668,1561,15668,380,256
800,929,15669,1561,15669,380,256
800,929,15670,1561,15670,380,256
800,929,15671,1561,15671,380,256
800,929,15672,1561,15672,380,256
800,929,15673,1561,15673,380,256
800,929,15674,1561,15674,380,256
800,929,15675,1561,15675,380,256
800,929,15676,1561,15676,380,256
800,929,15677,1561,15677,380,256
800,929,15678,1561,15678,380,256
800,929,15679,1561,15679,380,256
800,929,15680,1561,15680,380,256
800,929,15681,1561,15681,380,256
800,929,15682,1561,15682,380,256
800,929,15683,1561,15683,380,256
800,929,15684,1561,15684,380,256
800,929,15685,1561,15685,380,256
800,929,15686,1561,15686,380,256
800,929,15687,1561,15687,380,256
800,929,15688,1561,15688,380,256
800,929,15689,1561,15689,380,256
800,929,15690,1561,15690,380,256
800,929,15691,1561,15691,380,256
800,929,15692,1561,15692,380,256
800,929,15693,1561,15693,380,256
800,929,15694,1561,15694,380,256
800,929,15695,1561,15695,380,256
800,929,15696,1561,15696,380,256
800,929,15697,1561,15697,380,256
800,929,15698,1561,15698,380,256
800,929,15699,1561,15699,380,256
800,929,15700,1561,15700,380,256
800,929,15701,1561,15701,380,256
800,929,15702,1561,15702,380,256
800,929,15703,1561,15703,380,256
800,929,15704,1561,15704,380,256
800,929,15705,1561,15705,380,256
800,929,15706,1561,15706,380,256
800,929,15707,1561,15707,380,256
800,929,15708,1561,15708,380,256
800,929,15709,1561,15709,380,256
800,929,15710,1561,15710,380,256
800,929,15711,1561,15711,380,256
800,929,15712,1561,15712,380,256
800,929,15713,1561,15713,380,256
800,929,15714,1561,15714,380,256
800,929,15715,1561,15715,380,256
800,929,15716,1561,15716,380,256
800,929,15717,1561,15717,380,256
800,929,15718,1561,15718,380,256
800,929,15719,1561,15719,380,256
800,929,15720,1561,15720,380,256
800,929,15721,1561,15721,380,256
800,929,15722,1561,15722,380,256
800,929,15723,1561,15723,380,256
800,929,15724,1561,15724,380,256
800,929,15725,1561,15725,380,256
800,929,15726,1561,15726,380,256
800,929,15727,1561,15727,380,256
800,929,15728,1561,15728,380,256
800,929,15729,1561,15729,380,256
800,929,15730,1561,15730,380,256
800,929,15731,1561,15731,380,256
800,929,15732,1561,15732,380,256
800,929,15733,1561,15733,380,256
800,929,15734,1561,15734,380,256
800,929,15735,1561,15735,380,256
800,929,15736,1561,15736,380,256
800,929,15737,1561,15737,380,256
800,929,15738,1561,15738,380,256
800,929,15739,1561,15739,380,256
800,929,15740,1561,15740,380,256
800,929,15741,1561,15741,380,256
800,929,15742,1561,15742,380,256
800,929,15743,1561,15743,380,256
800,929,15744,1561,15744,380,256
800,929,15745,1561,15745,380,256
800,929,15746,1561,15746,380,256
800,929,15747,1561,15747,380,256
800,929,15748,1561,15748,380,256
800,929,15749,1561,15749,380,256
800,929,15750,1561,15750,380,256
800,929,15751,1561,15751,380,256
800,929,15752,1561,15752,380,256
800,929,15753,1561,15753,380,256
800,929,15754,1561,15754,380,256
800,929,15755,1561,15755,380,256
800,929,15756,1561,15756,380,256
800,929,15757,1561,15757,380,256
800,929,15758,1561,15758,380,256
800,929,15759,1561,15759,380,256
800,929,15760,1561,15760,380,256
800,929,15761,1561,15761,380,256
800,929,15762,1561,15762,380,256
800,929,15763,1561,15763,380,256
800,929,15764,1561,15764,380,256
800,929,15765,1561,15765,380,256
800,929,15766,1561,15766,380,256
800,929,15767,1561,15767,380,256
800,929,15768,1561,15768,380,256
800,929,15769,1561,15769,380,256
800,929,15770,1561,15770,380,256
800,929,15771,1561,15771,380,256
800,929,15772,1561,15772,380,256
800,929,15773,1561,15773,380,256
800,929,15774,1561,15774,380,256
800,929,15775,1561,15775,380,256
800,929,15776,1561,15776,380,256
800,929,15777,1561,15777,380,256
800,929,15778,1561,15778,380,256
800,929,15779,1561,15779,380,256
800,929,15780,1561,15780,380,256
800,929,15781,1561,15781,380,256
800,929,15782,1561,15782,380,256
800,929,15783,1561,15783,380,256
800,929,15784,1561,15784,380,256
800,929,15785,1561,15785,380,256
800,929,15786,1561,15786,380,256
800,929,15787,1561,15787,380,256
800,929,15788,1561,15788,380,256
800,929,15789,1561,15789,380,256
800,929,15790,1561,15790,380,256
800,929,15791,1561,15791,380,256
800,929,15792,1561,15792,380,256
800,929,15793,1561,15793,380,256
800,929,15794,1561,15794,380,256
800,929,15795,1561,15795,380,256
800,929,15796,1561,15796,380,256
800,929,15797,1561,15797,380,256
800,929,15798,1561,15798,380,256
800,929,15799,1561,15799,380,256
800,929,15800,1561,15800,380,256
800,929,15801,1561,15801,380,256
800,929,15802,1561,15802,380,256
800,929,15803,1561,15803,380,256
800,929,15804,1561,15804,380,256
800,929,15805,1561,15805,380,256
800,929,15806,1561,15806,380,256
800,929,15807,1561,15807,380,256
800,929,15808,1561,15808,380,256
800,929,15809,1561,15809,380,256
800,929,15810,1561,15810,380,256
800,929,15811,1561,15811,380,256
800,929,15812,1561,15812,380,256
800,929,15813,1561,15813,380,256
800,929,15814,1561,15814,380,256
800,929,15815,1561,15815,380,256
800,929,15816,1561,15816,380,256
800,929,15817,1561,15817,380,256
800,929,15818,1561,15818,380,256
800,929,15819,1561,15819,380,256
800,929,15820,1561,15820,380,256
800,929,15821,1561,15821,380,256
800,929,15822,1561,15822,380,256
800,929,15823,1561,15823,380,256
800,929,15824,1561,15824,380,256
800,929,15825,1561,15825,380,256
800,929,15826,1561,15826,380,256
800,929,15827,1561,15827,380,256
800,929,15828,1561,15828,380,256
800,929,15829,1561,15829,380,256
800,929,15830,1561,15830,380,256
800,929,15831,1561,15831,380,256
800,929,15832,1561,15832,380,256
800,929,15833,1561,15833,380,256
800,929,15834,1561,15834,380,256
800,929,15835,1561,15835,380,256
800,929,15836,1561,15836,380,256
800,929,15837,1561,15837,380,256
800,929,15838,1561,15838,380,256
800,929,15839,1561,15839,380,256
800,929,15840,1561,15840,380,256
800,929,15841,1561,15841,380,256
800,929,15842,1561,15842,380,256
800,929,15843,1561,15843,380,256
800,929,15844,1561,15844,380,256
800,929,15845,1561,15845,380,256
800,929,15846,1561,15846,380,256
800,929,15847,1561,15847,380,256
800,929,15848,1561,15848,380,256
800,929,15849,1561,15849,380,256
800,929,15850,1561,15850,380,256
800,929,15851,1561,15851,380,256
800,929,15852,1561,15852,380,256
800,929,15853,1561,15853,380,256
800,929,15854,1561,15854,380,256
800,929,15855,1561,15855,380,256
800,929,15856,1561,15856,380,256
800,929,15857,1561,15857,380,256
800,929,15858,1561,15858,380,256
800,929,15859,1561,15859,380,256
800,929,15860,1561,15860,380,256
800,929,15861,1561,15861,380,256
800,929,15862,1561,15862,380,256
800,929,15863,1561,15863,380,256
800,929,15864,1561,15864,380,256
800,929,15865,1561,15865,380,256
800,929,15866,1561,15866,380,256
800,929,15867,1561,15867,380,256
800,929,15868,1561,15868,380,256
800,929,15869,1561,15869,380,256
800,929,15870,1561,15870,380,256
800,929,15871,1561,15871,380,256
800,929,15872,1561,15872,380,256
800,929,15873,1561,15873,380,256
800,929,15874,1561,15874,380,256
800,929,15875,1561,15875,380,256
800,929,15876,1561,15876,380,256
800,929,15877,1561,15877,380,256
800,929,15878,1561,15878,380,256
800,929,15879,1561,15879,380,256
800,929,15880,1561,15880,380,256
800,929,15881,1561,15881,380,256
800,929,15882,1561,15882,380,256
800,929,15883,1561,15883,380,256
800,929,15884,1561,15884,380,256
800,929,15885,1561,15885,380,256
800,929,15886,1561,15886,380,256
800,929,15887,1561,15887,380,256
800,929,15888,1561,15888,380,256
800,929,15889,1561,15889,380,256
800,929,15890,1561,15890,380,256
800,929,15891,1561,15891,380,256
800,929,15892,1561,15892,380,256
800,929,15893,1561,15893,380,256
800,929,15894,1561,15894,380,256
800,929,15895,1561,15895,380,256
800,929,15896,1561,15896,380,256
800,929,15897,1561,15897,380,256
800,929,15898,1561,15898,380,256
800,929,15899,1561,15899,380,256
800,929,15900,1561,15900,380,256
800,929,15901,1561,15901,380,256
800,929,15902,1561,15902,380,256
800,929,15903,1561,15903,380,256
800,929,15904,1561,15904,380,256
800,929,15905,1561,15905,380,256
800,929,15906,1561,15906,380,256
800,929,15907,1561,15907,380,256
800,929,15908,1561,15908,380,256
800,929,15909,1561,15909,380,256
800,929,15910,1561,15910,380,256
800,929,15911,1561,15911,380,256
800,929,15912,1561,15912,380,256
800,929,15913,1561,15913,380,256
800,929,15914,1561,15914,380,256
800,929,15915,1561,15915,380,256
800,929,15916,1561,15916,380,256
800,929,15917,1561,15917,380,256
800,929,15918,1561,15918,380,256
800,929,15919,1561,15919,380,256
800,929,15920,1561,15920,380,256
800,929,15921,1561,15921,380,256
800,929,15922,1561,15922,380,256
800,929,15923,1561,15923,380,256
800,929,15924,1561,15924,380,256
800,929,15925,1561,15925,380,256
800,929,15926,1561,15926,380,256
800,929,15927,1561,15927,380,256
800,929,15928,1561,15928,380,256
800,929,15929,1561,15929,380,256
800,929,15930,1561,15930,380,256
800,929,15931,1561,15931,380,256
800,929,15932,1561,15932,380,256
800,929,15933,1561,15933,380,256
800,929,15934,1561,15934,380,256
800,929,15935,1561,15935,380,256
800,929,15936,1561,15936,380,256
800,929,15937,1561,15937,380,256
800,929,15938,1561,15938,380,256
800,929,15939,1561,15939,380,256
800,929,15940,1561,15940,380,256
800,929,15941,1561,15941,380,256
800,929,15942,1561,15942,380,256
800,929,15943,1561,15943,380,256
800,929,15944,1561,15944,380,256
800,929,15945,1561,15945,380,256
800,929,15946,1561,15946,380,256
800,929,15947,1561,15947,380,256
800,929,15948,1561,15948,380,256
800,929,15949,1561,15949,380,256
800,929,15950,1561,15950,380,256
800,929,15951,1561,15951,380,256
800,929,15952,1561,15952,380,256
800,929,15953,1561,15953,380,256
800,929,15954,1561,15954,380,256
800,929,15955,1561,15955,380,256
800,929,15956,1561,15956,380,256
800,929,15957,1561,15957,380,256
800,929,15958,1561,15958,380,256
800,929,15959,1561,15959,380,256
800,929,15960,1561,15960,380,256
800,929,15961,1561,15961,380,256
800,929,15962,1561,15962,380,256
800,929,15963,1561,15963,380,256
800,929,15964,1561,15964,380,256
800,929,15965,1561,15965,380,256
800,929,15966,1561,15966,380,256
800,929,15967,1561,15967,380,256
800,929,15968,1561,15968,380,256
800,929,15969,1561,15969,380,256
800,929,15970,1561,15970,380,256
800,929,15971,1561,15971,380,256
800,929,15972,1561,15972,380,256
800,929,15973,1561,15973,380,256
800,929,15974,1561,15974,380,256
800,929,15975,1561,15975,380,256
800,929,15976,1561,15976,380,256
800,929,15977,1561,15977,380,256
800,929,15978,1561,15978,380,256
800,929,15979,1561,15979,380,256
800,929,15980,1561,15980,380,256
800,929,15981,1561,15981,380,256
800,929,15982,1561,15982,380,256
800,929,15983,1561,15983,380,256
800,929,15984,1561,15984,380,256
800,929,15985,1561,15985,380,256
800,929,15986,1561,15986,380,256
800,929,15987,1561,15987,380,256
800,929,15988,1561,15988,380,256
800,929,15989,1561,15989,380,256
800,929,15990,1561,15990,380,256
800,929,15991,1561,15991,380,256
800,929,15992,1561,15992,380,256
800,929,15993,1561,15993,380,256
800,929,15994,1561,15994,380,256
800,929,15995,1561,15995,380,256
800,929,15996,1561,15996,380,256
800,929,15997,1561,15997,380,256
800,929,15998,1561,15998,380,256
800,929,15999,1561,15999,380,256
800,929,16000,1561,16000,380,256
800,929,16001,1561,16001,380,256
800,929,16002,1561,16002,380,256
800,929,16003,1561,16003,380,256
800,929,16004,1561,16004,380,256
800,929,16005,1561,16005,380,256
800,929,16006,1561,16006,380,256
800,929,16007,1561,16007,380,256
800,929,16008,1561,16008,380,256
800,929,16009,1561,16009,380,256
800,929,16010,1561,16010,380,256
800,929,16011,1561,16011,380,256
800,929,16012,1561,16012,380,256
800,929,16013,1561,16013,380,256
800,929,16014,1561,16014,380,256
800,929,16015,1561,16015,380,256
800,929,16016,1561,16016,380,256
800,929,16017,1561,16017,380,256
800,929,16018,1561,16018,380,256
800,929,16019,1561,16019,380,256
800,929,16020,1561,16020,380,256
800,929,16021,1561,16021,380,256
800,929,16022,1561,16022,380,256
800,929,16023,1561,16023,380,256
800,929,16024,1561,16024,380,256
800,929,16025,1561,16025,380,256
800,929,16026,1561,16026,380,256
800,929,16027,1561,16027,380,256
800,929,16028,1561,16028,380,256
800,929,16029,1561,16029,380,256
800,929,16030,1561,16030,380,256
800,929,16031,1561,16031,380,256
800,929,16032,1561,16032,380,256
800,929,16033,1561,16033,380,256
800,929,16034,1561,16034,380,256
800,929,16035,1561,16035,380,256
800,929,16036,1561,16036,380,256
800,929,16037,1561,16037,380,256
800,929,16038,1561,16038,380,256
800,929,16039,1561,16039,380,256
800,929,16040,1561,16040,380,256
800,929,16041,1561,16041,380,256
800,929,16042,1561,16042,380,256
800,929,16043,1561,16043,380,256
800,929,16044,1561,16044,380,256
800,929,16045,1561,16045,380,256
800,929,16046,1561,16046,380,256
800,929,16047,1561,16047,380,256
800,929,16048,1561,16048,380,256
800,929,16049,1561,16049,380,256
800,929,16050,1561,16050,380,256
800,929,16051,1561,16051,380,256
800,929,16052,1561,16052,380,256
800,929,16053,1561,16053,380,256
800,929,16054,1561,16054,380,256
800,929,16055,1561,16055,380,256
800,929,16056,1561,16056,380,256
800,929,16057,1561,16057,380,256
800,929,16058,1561,16058,380,256
800,929,16059,1561,16059,380,256
800,929,16060,1561,16060,380,256
800,929,16061,1561,16061,380,256
800,929,16062,1561,16062,380,256
800,929,16063,1561,16063,380,256
800,929,16064,1561,16064,380,256
800,929,16065,1561,16065,380,256
800,929,16066,1561,16066,380,256
800,929,16067,1561,16067,380,256
800,929,16068,1561,16068,380,256
800,929,16069,1561,16069,380,256
800,929,16070,1561,16070,380,256
800,929,16071,1561,16071,380,256
800,929,16072,1561,16072,380,256
800,929,16073,1561,16073,380,256
800,929,16074,1561,16074,380,256
800,929,16075,1561,16075,380,256
800,929,16076,1561,16076,380,256
800,929,16077,1561,16077,380,256
800,929,16078,1561,16078,380,256
800,929,16079,1561,16079,380,256
800,929,16080,1561,16080,380,256
800,929,16081,1561,16081,380,256
800,929,16082,1561,16082,380,256
800,929,16083,1561,16083,380,256
800,929,16084,1561,16084,380,256
800,929,16085,1561,16085,380,256
800,929,16086,1561,16086,380,256
800,929,16087,1561,16087,380,256
800,929,16088,1561,16088,380,256
800,929,16089,1561,16089,380,256
800,929,16090,1561,16090,380,256
800,929,16091,1561,16091,380,256
800,929,16092,1561,16092,380,256
800,929,16093,1561,16093,380,256
800,929,16094,1561,16094,380,256
800,929,16095,1561,16095,380,256
800,929,16096,1561,16096,380,256
800,929,16097,1561,16097,380,256
800,929,16098,1561,16098,380,256
800,929,16099,1561,16099,380,256
800,929,16100,1561,16100,380,256
800,929,16101,1561,16101,380,256
800,929,16102,1561,16102,380,256
800,929,16103,1561,16103,380,256
800,929,16104,1561,16104,380,256
800,929,16105,1561,16105,380,256
800,929,16106,1561,16106,380,256
800,929,16107,1561,16107,380,256
800,929,16108,1561,16108,380,256
800,929,16109,1561,16109,380,256
800,929,16110,1561,16110,380,256
800,929,16111,1561,16111,380,256
800,929,16112,1561,16112,380,256
800,929,16113,1561,16113,380,256
800,929,16114,1561,16114,380,256
800,929,16115,1561,16115,380,256
800,929,16116,1561,16116,380,256
800,929,16117,1561,16117,380,256
800,929,16118,1561,16118,380,256
800,929,16119,1561,16119,380,256
800,929,16120,1561,16120,380,256
800,929,16121,1561,16121,380,256
800,929,16122,1561,16122,380,256
800,929,16123,1561,16123,380,256
800,929,16124,1561,16124,380,256
800,929,16125,1561,16125,380,256
800,929,16126,1561,16126,380,256
800,929,16127,1561,16127,380,256
800,929,16128,1561,16128,380,256
800,929,16129,1561,16129,380,256
800,929,16130,1561,16130,380,256
800,929,16131,1561,16131,380,256
800,929,16132,1561,16132,380,256
800,929,16133,1561,16133,380,256
800,929,16134,1561,16134,380,256
800,929,16135,1561,16135,380,256
800,929,16136,1561,16136,380,256
800,929,16137,1561,16137,380,256
800,929,16138,1561,16138,380,256
800,929,16139,1561,16139,380,256
800,929,16140,1561,16140,380,256
800,929,16141,1561,16141,380,256
800,929,16142,1561,16142,380,256
800,929,16143,1561,16143,380,256
800,929,16144,1561,16144,380,256
800,929,16145,1561,16145,380,256
800,929,16146,1561,16146,380,256
800,929,16147,1561,16147,380,256
800,929,16148,1561,16148,380,256
800,929,16149,1561,16149,380,256
800,929,16150,1561,16150,380,256
800,929,16151,1561,16151,380,256
800,929,16152,1561,16152,380,256
800,929,16153,1561,16153,380,256
800,929,16154,1561,16154,380,256
800,929,16155,1561,16155,380,256
800,929,16156,1561,16156,380,256
800,929,16157,1561,16157,380,256
800,929,16158,1561,16158,380,256
800,929,16159,1561,16159,380,256
800,929,16160,1561,16160,380,256
800,929,16161,1561,16161,380,256
800,929,16162,1561,16162,380,256
800,929,16163,1561,16163,380,256
800,929,16164,1561,16164,380,256
800,929,16165,1561,16165,380,256
800,929,16166,1561,16166,380,256
800,929,16167,1561,16167,380,256
800,929,16168,1561,16168,380,256
800,929,16169,1561,16169,380,256
800,929,16170,1561,16170,380,256
800,929,16171,1561,16171,380,256
800,929,16172,1561,16172,380,256
800,929,16173,1561,16173,380,256
800,929,16174,1561,16174,380,256
800,929,16175,1561,16175,380,256
800,929,16176,1561,16176,380,256
800,929,16177,1561,16177,380,256
800,929,16178,1561,16178,380,256
800,929,16179,1561,16179,380,256
800,929,16180,1561,16180,380,256
800,929,16181,1561,16181,380,256
800,929,16182,1561,16182,380,256
800,929,16183,1561,16183,380,256
800,929,16184,1561,16184,380,256
800,929,16185,1561,16185,380,256
800,929,16186,1561,16186,380,256
800,929,16187,1561,16187,380,256
800,929,16188,1561,16188,380,256
800,929,16189,1561,16189,380,256
800,929,16190,1561,16190,380,256
800,929,16191,1561,16191,380,256
800,929,16192,1561,16192,380,256
800,929,16193,1561,16193,380,256
800,929,16194,1561,16194,380,256
800,929,16195,1561,16195,380,256
800,929,16196,1561,16196,380,256
800,929,16197,1561,16197,380,256
800,929,16198,1561,16198,380,256
800,929,16199,1561,16199,380,256
800,929,16200,1561,16200,380,256
800,929,16201,1561,16201,380,256
800,929,16202,1561,16202,380,256
800,929,16203,1561,16203,380,256
800,929,16204,1561,16204,380,256
800,929,16205,1561,16205,380,256
800,929,16206,1561,16206,380,256
800,929,16207,1561,16207,380,256
800,929,16208,1561,16208,380,256
800,929,16209,1561,16209,380,256
800,929,16210,1561,16210,380,256
800,929,16211,1561,16211,380,256
800,929,16212,1561,16212,380,256
800,929,16213,1561,16213,380,256
800,929,16214,1561,16214,380,256
800,929,16215,1561,16215,380,256
800,929,16216,1561,16216,380,256
800,929,16217,1561,16217,380,256
800,929,16218,1561,16218,380,256
800,929,16219,1561,16219,380,256
800,929,16220,1561,16220,380,256
800,929,16221,1561,16221,380,256
800,929,16222,1561,16222,380,256
800,929,16223,1561,16223,380,256
800,929,16224,1561,16224,380,256
800,929,16225,1561,16225,380,256
800,929,16226,1561,16226,380,256
800,929,16227,1561,16227,380,256
800,929,16228,1561,16228,380,256
800,929,16229,1561,16229,380,256
800,929,16230,1561,16230,380,256
800,929,16231,1561,16231,380,256
800,929,16232,1561,16232,380,256
800,929,16233,1561,16233,380,256
800,929,16234,1561,16234,380,256
800,929,16235,1561,16235,380,256
800,929,16236,1561,16236,380,256
800,929,16237,1561,16237,380,256
800,929,16238,1561,16238,380,256
800,929,16239,1561,16239,380,256
800,929,16240,1561,16240,380,256
800,929,16241,1561,16241,380,256
800,929,16242,1561,16242,380,256
800,929,16243,1561,16243,380,256
800,929,16244,1561,16244,380,256
800,929,16245,1561,16245,380,256
800,929,16246,1561,16246,380,256
800,929,16247,1561,16247,380,256
800,929,16248,1561,16248,380,256
800,929,16249,1561,16249,380,256
800,929,16250,1561,16250,380,256
800,929,16251,1561,16251,380,256
800,929,16252,1561,16252,380,256
800,929,16253,1561,16253,380,256
800,929,16254,1561,16254,380,256
800,929,16255,1561,16255,380,256
800,929,16256,1561,16256,380,256
800,929,16257,1561,16257,380,256
800,929,16258,1561,16258,380,256
800,929,16259,1561,16259,380,256
800,929,16260,1561,16260,380,256
800,929,16261,1561,16261,380,256
800,929,16262,1561,16262,380,256
800,929,16263,1561,16263,380,256
800,929,16264,1561,16264,380,256
800,929,16265,1561,16265,380,256
800,929,16266,1561,16266,380,256
800,929,16267,1561,16267,380,256
800,929,16268,1561,16268,380,256
800,929,16269,1561,16269,380,256
800,929,16270,1561,16270,380,256
800,929,16271,1561,16271,380,256
800,929,16272,1561,16272,380,256
800,929,16273,1561,16273,380,256
800,929,16274,1561,16274,380,256
800,929,16275,1561,16275,380,256
800,929,16276,1561,16276,380,256
800,929,16277,1561,16277,380,256
800,929,16278,1561,16278,380,256
800,929,16279,1561,16279,380,256
800,929,16280,1561,16280,380,256
800,929,16281,1561,16281,380,256
800,929,16282,1561,16282,380,256
800,929,16283,1561,16283,380,256
800,929,16284,1561,16284,380,256
800,929,16285,1561,16285,380,256
800,929,16286,1561,16286,380,256
800,929,16287,1561,16287,380,256
800,929,16288,1561,16288,380,256
800,929,16289,1561,16289,380,256
800,929,16290,1561,16290,380,256
800,929,16291,1561,16291,380,256
800,929,16292,1561,16292,380,256
800,929,16293,1561,16293,380,256
800,929,16294,1561,16294,380,256
800,929,16295,1561,16295,380,256
800,929,16296,1561,16296,380,256
800,929,16297,1561,16297,380,256
800,929,16298,1561,16298,380,256
800,929,16299,1561,16299,380,256
800,929,16300,1561,16300,380,256
800,929,16301,1561,16301,380,256
800,929,16302,1561,16302,380,256
800,929,16303,1561,16303,380,256
800,929,16304,1561,16304,380,256
800,929,16305,1561,16305,380,256
800,929,16306,1561,16306,380,256
800,929,16307,1561,16307,380,256
800,929,16308,1561,16308,380,256
800,929,16309,1561,16309,380,256
800,929,16310,1561,16310,380,256
800,929,16311,1561,16311,380,256
800,929,16312,1561,16312,380,256
800,929,16313,1561,16313,380,256
800,929,16314,1561,16314,380,256
800,929,16315,1561,16315,380,256
800,929,16316,1561,16316,380,256
800,929,16317,1561,16317,380,256
800,929,16318,1561,16318,380,256
800,929,16319,1561,16319,380,256
800,929,16320,1561,16320,380,256
800,929,16321,1561,16321,380,256
800,929,16322,1561,16322,380,256
800,929,16323,1561,16323,380,256
800,929,16324,1561,16324,380,256
800,929,16325,1561,16325,380,256
800,929,16326,1561,16326,380,256
800,929,16327,1561,16327,380,256
800,929,16328,1561,16328,380,256
800,929,16329,1561,16329,380,256
800,929,16330,1561,16330,380,256
800,929,16331,1561,16331,380,256
800,929,16332,1561,16332,380,256
800,929,16333,1561,16333,380,256
800,929,16334,1561,16334,380,256
800,929,16335,1561,16335,380,256
800,929,16336,1561,16336,380,256
800,929,16337,1561,16337,380,256
800,929,16338,1561,16338,380,256
800,929,16339,1561,16339,380,256
800,929,16340,1561,16340,380,256
800,929,16341,1561,16341,380,256
800,929,16342,1561,16342,380,256
800,929,16343,1561,16343,380,256
800,929,16344,1561,16344,380,256
800,929,16345,1561,16345,380,256
800,929,16346,1561,16346,380,256
800,929,16347,1561,16347,380,256
800,929,16348,1561,16348,380,256
800,929,16349,1561,16349,380,256
800,929,16350,1561,16350,380,256
800,929,16351,1561,16351,380,256
800,929,16352,1561,16352,380,256
800,929,16353,1561,16353,380,256
800,929,16354,1561,16354,380,256
800,929,16355,1561,16355,380,256
800,929,16356,1561,16356,380,256
800,929,16357,1561,16357,380,256
800,929,16358,1561,16358,380,256
800,929,16359,1561,16359,380,256
800,929,16360,1561,16360,380,256
800,929,16361,1561,16361,380,256
800,929,16362,1561,16362,380,256
800,929,16363,1561,16363,380,256
800,929,16364,1561,16364,380,256
800,929,16365,1561,16365,380,256
800,929,16366,1561,16366,380,256
800,929,16367,1561,16367,380,256
800,929,16368,1561,16368,380,256
800,929,16369,1561,16369,380,256
800,929,16370,1561,16370,380,256
800,929,16371,1561,16371,380,256
800,929,16372,1561,16372,380,256
800,929,16373,1561,16373,380,256
800,929,16374,1561,16374,380,256
800,929,16375,1561,16375,380,256
800,929,16376,1561,16376,380,256
800,929,16377,1561,16377,380,256
800,929,16378,1561,16378,380,256
800,929,16379,1561,16379,380,256
800,929,16380,1561,16380,380,256
800,929,16381,1561,16381,380,256
800,929,16382,1561,16382,380,256
800,929,16383,1561,16383,380,256
800,929,16384,1561,16384,380,256
800,929,16385,1561,16385,380,256
800,929,16386,1561,16386,380,256
800,929,16387,1561,16387,380,256
800,929,16388,1561,16388,380,256
800,929,16389,1561,16389,380,256
800,929,16390,1561,16390,380,256
800,929,16391,1561,16391,380,256
800,929,16392,1561,16392,380,256
800,929,16393,1561,16393,380,256
800,929,16394,1561,16394,380,256
800,929,16395,1561,16395,380,256
800,929,16396,1561,16396,380,256
800,929,16397,1561,16397,380,256
800,929,16398,1561,16398,380,256
800,929,16399,1561,16399,380,256
800,929,16400,1561,16400,380,256
800,929,16401,1561,16401,380,256
800,929,16402,1561,16402,380,256
800,929,16403,1561,16403,380,256
800,929,16404,1561,16404,380,256
800,929,16405,1561,16405,380,256
800,929,16406,1561,16406,380,256
800,929,16407,1561,16407,380,256
800,929,16408,1561,16408,380,256
800,929,16409,1561,16409,380,256
800,929,16410,1561,16410,380,256
800,929,16411,1561,16411,380,256
800,929,16412,1561,16412,380,256
800,929,16413,1561,16413,380,256
800,929,16414,1561,16414,380,256
800,929,16415,1561,16415,380,256
800,929,16416,1561,16416,380,256
800,929,16417,1561,16417,380,256
800,929,16418,1561,16418,380,256
800,929,16419,1561,16419,380,256
800,929,16420,1561,16420,380,256
800,929,16421,1561,16421,380,256
800,929,16422,1561,16422,380,256
800,929,16423,1561,16423,380,256
800,929,16424,1561,16424,380,256
800,929,16425,1561,16425,380,256
800,929,16426,1561,16426,380,256
800,929,16427,1561,16427,380,256
800,929,16428,1561,16428,380,256
800,929,16429,1561,16429,380,256
800,929,16430,1561,16430,380,256
800,929,16431,1561,16431,380,256
800,929,16432,1561,16432,380,256
800,929,16433,1561,16433,380,256
800,929,16434,1561,16434,380,256
800,929,16435,1561,16435,380,256
800,929,16436,1561,16436,380,256
800,929,16437,1561,16437,380,256
800,929,16438,1561,16438,380,256
800,929,16439,1561,16439,380,256
800,929,16440,1561,16440,380,256
800,929,16441,1561,16441,380,256
800,929,16442,1561,16442,380,256
800,929,16443,1561,16443,380,256
800,929,16444,1561,16444,380,256
800,929,16445,1561,16445,380,256
800,929,16446,1561,16446,380,256
800,929,16447,1561,16447,380,256
800,929,16448,1561,16448,380,256
800,929,16449,1561,16449,380,256
800,929,16450,1561,16450,380,256
800,929,16451,1561,16451,380,256
800,929,16452,1561,16452,380,256
800,929,16453,1561,16453,380,256
800,929,16454,1561,16454,380,256
800,929,16455,1561,16455,380,256
800,929,16456,1561,16456,380,256
800,929,16457,1561,16457,380,256
800,929,16458,1561,16458,380,256
800,929,16459,1561,16459,380,256
800,929,16460,1561,16460,380,256
800,929,16461,1561,16461,380,256
800,929,16462,1561,16462,380,256
800,929,16463,1561,16463,380,256
800,929,16464,1561,16464,380,256
800,929,16465,1561,16465,380,256
800,929,16466,1561,16466,380,256
800,929,16467,1561,16467,380,256
800,929,16468,1561,16468,380,256
800,929,16469,1561,16469,380,256
800,929,16470,1561,16470,380,256
800,929,16471,1561,16471,380,256
800,929,16472,1561,16472,380,256
800,929,16473,1561,16473,380,256
800,929,16474,1561,16474,380,256
800,929,16475,1561,16475,380,256
800,929,16476,1561,16476,380,256
800,929,16477,1561,16477,380,256
800,929,16478,1561,16478,380,256
800,929,16479,1561,16479,380,256
800,929,16480,1561,16480,380,256
800,929,16481,1561,16481,380,256
800,929,16482,1561,16482,380,256
800,929,16483,1561,16483,380,256
800,929,16484,1561,16484,380,256
800,929,16485,1561,16485,380,256
800,929,16486,1561,16486,380,256
800,929,16487,1561,16487,380,256
800,929,16488,1561,16488,380,256
800,929,16489,1561,16489,380,256
800,929,16490,1561,16490,380,256
800,929,16491,1561,16491,380,256
800,929,16492,1561,16492,380,256
800,929,16493,1561,16493,380,256
800,929,16494,1561,16494,380,256
800,929,16495,1561,16495,380,256
800,929,16496,1561,16496,380,256
800,929,16497,1561,16497,380,256
800,929,16498,1561,16498,380,256
800,929,16499,1561,16499,380,256
800,929,16500,1561,16500,380,256
800,929,16501,1561,16501,380,256
800,929,16502,1561,16502,380,256
800,929,16503,1561,16503,380,256
800,929,16504,1561,16504,380,256
800,929,16505,1561,16505,380,256
800,929,16506,1561,16506,380,256
800,929,16507,1561,16507,380,256
800,929,16508,1561,16508,380,256
800,929,16509,1561,16509,380,256
800,929,16510,1561,16510,380,256
800,929,16511,1561,16511,380,256
800,929,16512,1561,16512,380,256
800,929,16513,1561,16513,380,256
800,929,16514,1561,16514,380,256
800,929,16515,1561,16515,380,256
800,929,16516,1561,16516,380,256
800,929,16517,1561,16517,380,256
800,929,16518,1561,16518,380,256
800,929,16519,1561,16519,380,256
800,929,16520,1561,16520,380,256
800,929,16521,1561,16521,380,256
800,929,16522,1561,16522,380,256
800,929,16523,1561,16523,380,256
800,929,16524,1561,16524,380,256
800,929,16525,1561,16525,380,256
800,929,16526,1561,16526,380,256
800,929,16527,1561,16527,380,256
800,929,16528,1561,16528,380,256
800,929,16529,1561,16529,380,256
800,929,16530,1561,16530,380,256
800,929,16531,1561,16531,380,256
800,929,16532,1561,16532,380,256
800,929,16533,1561,16533,380,256
800,929,16534,1561,16534,380,256
800,929,16535,1561,16535,380,256
800,929,16536,1561,16536,380,256
800,929,16537,1561,16537,380,256
800,929,16538,1561,16538,380,256
800,929,16539,1561,16539,380,256
800,929,16540,1561,16540,380,256
800,929,16541,1561,16541,380,256
800,929,16542,1561,16542,380,256
800,929,16543,1561,16543,380,256
800,929,16544,1561,16544,380,256
800,929,16545,1561,16545,380,256
800,929,16546,1561,16546,380,256
800,929,16547,1561,16547,380,256
800,929,16548,1561,16548,380,256
800,929,16549,1561,16549,380,256
800,929,16550,1561,16550,380,256
800,929,16551,1561,16551,380,256
800,929,16552,1561,16552,380,256
800,929,16553,1561,16553,380,256
800,929,16554,1561,16554,380,256
800,929,16555,1561,16555,380,256
800,929,16556,1561,16556,380,256
800,929,16557,1561,16557,380,256
800,929,16558,1561,16558,380,256
800,929,16559,1561,16559,380,256
800,929,16560,1561,16560,380,256
800,929,16561,1561,16561,380,256
800,929,16562,1561,16562,380,256
800,929,16563,1561,16563,380,256
800,929,16564,1561,16564,380,256
800,929,16565,1561,16565,380,256
800,929,16566,1561,16566,380,256
800,929,16567,1561,16567,380,256
800,929,16568,1561,16568,380,256
800,929,16569,1561,16569,380,256
800,929,16570,1561,16570,380,256
800,929,16571,1561,16571,380,256
800,929,16572,1561,16572,380,256
800,929,16573,1561,16573,380,256
800,929,16574,1561,16574,380,256
800,929,16575,1561,16575,380,256
800,929,16576,1561,16576,380,256
800,929,16577,1561,16577,380,256
800,929,16578,1561,16578,380,256
800,929,16579,1561,16579,380,256
800,929,16580,1561,16580,380,256
800,929,16581,1561,16581,380,256
800,929,16582,1561,16582,380,256
800,929,16583,1561,16583,380,256
800,929,16584,1561,16584,380,256
800,929,16585,1561,16585,380,256
800,929,16586,1561,16586,380,256
800,929,16587,1561,16587,380,256
800,929,16588,1561,16588,380,256
800,929,16589,1561,16589,380,256
800,929,16590,1561,16590,380,256
800,929,16591,1561,16591,380,256
800,929,16592,1561,16592,380,256
800,929,16593,1561,16593,380,256
800,929,16594,1561,16594,380,256
800,929,16595,1561,16595,380,256
800,929,16596,1561,16596,380,256
800,929,16597,1561,16597,380,256
800,929,16598,1561,16598,380,256
800,929,16599,1561,16599,380,256
800,929,16600,1561,16600,380,256
800,929,16601,1561,16601,380,256
800,929,16602,1561,16602,380,256
800,929,16603,1561,16603,380,256
800,929,16604,1561,16604,380,256
800,929,16605,1561,16605,380,256
800,929,16606,1561,16606,380,256
800,929,16607,1561,16607,380,256
800,929,16608,1561,16608,380,256
800,929,16609,1561,16609,380,256
800,929,16610,1561,16610,380,256
800,929,16611,1561,16611,380,256
800,929,16612,1561,16612,380,256
800,929,16613,1561,16613,380,256
800,929,16614,1561,16614,380,256
800,929,16615,1561,16615,380,256
800,929,16616,1561,16616,380,256
800,929,16617,1561,16617,380,256
800,929,16618,1561,16618,380,256
800,929,16619,1561,16619,380,256
800,929,16620,1561,16620,380,256
800,929,16621,1561,16621,380,256
800,929,16622,1561,16622,380,256
800,929,16623,1561,16623,380,256
800,929,16624,1561,16624,380,256
800,929,16625,1561,16625,380,256
800,929,16626,1561,16626,380,256
800,929,16627,1561,16627,380,256
800,929,16628,1561,16628,380,256
800,929,16629,1561,16629,380,256
800,929,16630,1561,16630,380,256
800,929,16631,1561,16631,380,256
800,929,16632,1561,16632,380,256
800,929,16633,1561,16633,380,256
800,929,16634,1561,16634,380,256
800,929,16635,1561,16635,380,256
800,929,16636,1561,16636,380,256
800,929,16637,1561,16637,380,256
800,929,16638,1561,16638,380,256
800,929,16639,1561,16639,380,256
800,929,16640,1561,16640,380,256
800,929,16641,1561,16641,380,256
800,929,16642,1561,16642,380,256
800,929,16643,1561,16643,380,256
800,929,16644,1561,16644,380,256
800,929,16645,1561,16645,380,256
800,929,16646,1561,16646,380,256
800,929,16647,1561,16647,380,256
800,929,16648,1561,16648,380,256
800,929,16649,1561,16649,380,256
800,929,16650,1561,16650,380,256
800,929,16651,1561,16651,380,256
800,929,16652,1561,16652,380,256
800,929,16653,1561,16653,380,256
800,929,16654,1561,16654,380,256
800,929,16655,1561,16655,380,256
800,929,16656,1561,16656,380,256
800,929,16657,1561,16657,380,256
800,929,16658,1561,16658,380,256
800,929,16659,1561,16659,380,256
800,929,16660,1561,16660,380,256
800,929,16661,1561,16661,380,256
800,929,16662,1561,16662,380,256
800,929,16663,1561,16663,380,256
800,929,16664,1561,16664,380,256
800,929,16665,1561,16665,380,256
800,929,16666,1561,16666,380,256
800,929,16667,1561,16667,380,256
800,929,16668,1561,16668,380,256
800,929,16669,1561,16669,380,256
800,929,16670,1561,16670,380,256
800,929,16671,1561,16671,380,256
800,929,16672,1561,16672,380,256
800,929,16673,1561,16673,380,256
800,929,16674,1561,16674,380,256
800,929,16675,1561,16675,380,256
800,929,16676,1561,16676,380,256
800,929,16677,1561,16677,380,256
800,929,16678,1561,16678,380,256
800,929,16679,1561,16679,380,256
800,929,16680,1561,16680,380,256
800,929,16681,1561,16681,380,256
800,929,16682,1561,16682,380,256
800,929,16683,1561,16683,380,256
800,929,16684,1561,16684,380,256
800,929,16685,1561,16685,380,256
800,929,16686,1561,16686,380,256
800,929,16687,1561,16687,380,256
800,929,16688,1561,16688,380,256
800,929,16689,1561,16689,380,256
800,929,16690,1561,16690,380,256
800,929,16691,1561,16691,380,256
800,929,16692,1561,16692,380,256
800,929,16693,1561,16693,380,256
800,929,16694,1561,16694,380,256
800,929,16695,1561,16695,380,256
800,929,16696,1561,16696,380,256
800,929,16697,1561,16697,380,256
800,929,16698,1561,16698,380,256
800,929,16699,1561,16699,380,256
800,929,16700,1561,16700,380,256
800,929,16701,1561,16701,380,256
800,929,16702,1561,16702,380,256
800,929,16703,1561,16703,380,256
800,929,16704,1561,16704,380,256
800,929,16705,1561,16705,380,256
800,929,16706,1561,16706,380,256
800,929,16707,1561,16707,380,256
800,929,16708,1561,16708,380,256
800,929,16709,1561,16709,380,256
800,929,16710,1561,16710,380,256
800,929,16711,1561,16711,380,256
800,929,16712,1561,16712,380,256
800,929,16713,1561,16713,380,256
800,929,16714,1561,16714,380,256
800,929,16715,1561,16715,380,256
800,929,16716,1561,16716,380,256
800,929,16717,1561,16717,380,256
800,929,16718,1561,16718,380,256
800,929,16719,1561,16719,380,256
800,929,16720,1561,16720,380,256
800,929,16721,1561,16721,380,256
800,929,16722,1561,16722,380,256
800,929,16723,1561,16723,380,256
800,929,16724,1561,16724,380,256
800,929,16725,1561,16725,380,256
800,929,16726,1561,16726,380,256
800,929,16727,1561,16727,380,256
800,929,16728,1561,16728,380,256
800,929,16729,1561,16729,380,256
800,929,16730,1561,16730,380,256
800,929,16731,1561,16731,380,256
800,929,16732,1561,16732,380,256
800,929,16733,1561,16733,380,256
800,929,16734,1561,16734,380,256
800,929,16735,1561,16735,380,256
800,929,16736,1561,16736,380,256
800,929,16737,1561,16737,380,256
800,929,16738,1561,16738,380,256
800,929,16739,1561,16739,380,256
800,929,16740,1561,16740,380,256
800,929,16741,1561,16741,380,256
800,929,16742,1561,16742,380,256
800,929,16743,1561,16743,380,256
800,929,16744,1561,16744,380,256
800,929,16745,1561,16745,380,256
800,929,16746,1561,16746,380,256
800,929,16747,1561,16747,380,256
800,929,16748,1561,16748,380,256
800,929,16749,1561,16749,380,256
800,929,16750,1561,16750,380,256
800,929,16751,1561,16751,380,256
800,929,16752,1561,16752,380,256
800,929,16753,1561,16753,380,256
800,929,16754,1561,16754,380,256
800,929,16755,1561,16755,380,256
800,929,16756,1561,16756,380,256
800,929,16757,1561,16757,380,256
800,929,16758,1561,16758,380,256
800,929,16759,1561,16759,380,256
800,929,16760,1561,16760,380,256
800,929,16761,1561,16761,380,256
800,929,16762,1561,16762,380,256
800,929,16763,1561,16763,380,256
800,929,16764,1561,16764,380,256
800,929,16765,1561,16765,380,256
800,929,16766,1561,16766,380,256
800,929,16767,1561,16767,380,256
800,929,16768,1561,16768,380,256
800,929,16769,1561,16769,380,256
800,929,16770,1561,16770,380,256
800,929,16771,1561,16771,380,256
800,929,16772,1561,16772,380,256
800,929,16773,1561,16773,380,256
800,929,16774,1561,16774,380,256
800,929,16775,1561,16775,380,256
800,929,16776,1561,16776,380,256
800,929,16777,1561,16777,380,256
800,929,16778,1561,16778,380,256
800,929,16779,1561,16779,380,256
800,929,16780,1561,16780,380,256
800,929,16781,1561,16781,380,256
800,929,16782,1561,16782,380,256
800,929,16783,1561,16783,380,256
800,929,16784,1561,16784,380,256
800,929,16785,1561,16785,380,256
800,929,16786,1561,16786,380,256
800,929,16787,1561,16787,380,256
800,929,16788,1561,16788,380,256
800,929,16789,1561,16789,380,256
800,929,16790,1561,16790,380,256
800,929,16791,1561,16791,380,256
800,929,16792,1561,16792,380,256
800,929,16793,1561,16793,380,256
800,929,16794,1561,16794,380,256
800,929,16795,1561,16795,380,256
800,929,16796,1561,16796,380,256
800,929,16797,1561,16797,380,256
800,929,16798,1561,16798,380,256
800,929,16799,1561,16799,380,256
800,929,16800,1561,16800,380,256
800,929,16801,1561,16801,380,256
800,929,16802,1561,16802,380,256
800,929,16803,1561,16803,380,256
800,929,16804,1561,16804,380,256
800,929,16805,1561,16805,380,256
800,929,16806,1561,16806,380,256
800,929,16807,1561,16807,380,256
800,929,16808,1561,16808,380,256
800,929,16809,1561,16809,380,256
800,929,16810,1561,16810,380,256
800,929,16811,1561,16811,380,256
800,929,16812,1561,16812,380,256
800,929,16813,1561,16813,380,256
800,929,16814,1561,16814,380,256
800,929,16815,1561,16815,380,256
800,929,16816,1561,16816,380,256
800,929,16817,1561,16817,380,256
800,929,16818,1561,16818,380,256
800,929,16819,1561,16819,380,256
800,929,16820,1561,16820,380,256
800,929,16821,1561,16821,380,256
800,929,16822,1561,16822,380,256
800,929,16823,1561,16823,380,256
800,929,16824,1561,16824,380,256
800,929,16825,1561,16825,380,256
800,929,16826,1561,16826,380,256
800,929,16827,1561,16827,380,256
800,929,16828,1561,16828,380,256
800,929,16829,1561,16829,380,256
800,929,16830,1561,16830,380,256
800,929,16831,1561,16831,380,256
800,929,16832,1561,16832,380,256
800,929,16833,1561,16833,380,256
800,929,16834,1561,16834,380,256
800,929,16835,1561,16835,380,256
800,929,16836,1561,16836,380,256
800,929,16837,1561,16837,380,256
800,929,16838,1561,16838,380,256
800,929,16839,1561,16839,380,256
800,929,16840,1561,16840,380,256
800,929,16841,1561,16841,380,256
800,929,16842,1561,16842,380,256
800,929,16843,1561,16843,380,256
800,929,16844,1561,16844,380,256
800,929,16845,1561,16845,380,256
800,929,16846,1561,16846,380,256
800,929,16847,1561,16847,380,256
800,929,16848,1561,16848,380,256
800,929,16849,1561,16849,380,256
800,929,16850,1561,16850,380,256
800,929,16851,1561,16851,380,256
800,929,16852,1561,16852,380,256
800,929,16853,1561,16853,380,256
800,929,16854,1561,16854,380,256
800,929,16855,1561,16855,380,256
800,929,16856,1561,16856,380,256
800,929,16857,1561,16857,380,256
800,929,16858,1561,16858,380,256
800,929,16859,1561,16859,380,256
800,929,16860,1561,16860,380,256
800,929,16861,1561,16861,380,256
800,929,16862,1561,16862,380,256
800,929,16863,1561,16863,380,256
800,929,16864,1561,16864,380,256
800,929,16865,1561,16865,380,256
800,929,16866,1561,16866,380,256
800,929,16867,1561,16867,380,256
800,929,16868,1561,16868,380,256
800,929,16869,1561,16869,380,256
800,929,16870,1561,16870,380,256
800,929,16871,1561,16871,380,256
800,929,16872,1561,16872,380,256
800,929,16873,1561,16873,380,256
800,929,16874,1561,16874,380,256
800,929,16875,1561,16875,380,256
800,929,16876,1561,16876,380,256
800,929,16877,1561,16877,380,256
800,929,16878,1561,16878,380,256
800,929,16879,1561,16879,380,256
800,929,16880,1561,16880,380,256
800,929,16881,1561,16881,380,256
800,929,16882,1561,16882,380,256
800,929,16883,1561,16883,380,256
800,929,16884,1561,16884,380,256
800,929,16885,1561,16885,380,256
800,929,16886,1561,16886,380,256
800,929,16887,1561,16887,380,256
800,929,16888,1561,16888,380,256
800,929,16889,1561,16889,380,256
800,929,16890,1561,16890,380,256
800,929,16891,1561,16891,380,256
800,929,16892,1561,16892,380,256
800,929,16893,1561,16893,380,256
800,929,16894,1561,16894,380,256
800,929,16895,1561,16895,380,256
800,929,16896,1561,16896,380,256
800,929,16897,1561,16897,380,256
800,929,16898,1561,16898,380,256
800,929,16899,1561,16899,380,256
800,929,16900,1561,16900,380,256
800,929,16901,1561,16901,380,256
800,929,16902,1561,16902,380,256
800,929,16903,1561,16903,380,256
800,929,16904,1561,16904,380,256
800,929,16905,1561,16905,380,256
800,929,16906,1561,16906,380,256
800,929,16907,1561,16907,380,256
800,929,16908,1561,16908,380,256
800,929,16909,1561,16909,380,256
800,929,16910,1561,16910,380,256
800,929,16911,1561,16911,380,256
800,929,16912,1561,16912,380,256
800,929,16913,1561,16913,380,256
800,929,16914,1561,16914,380,256
800,929,16915,1561,16915,380,256
800,929,16916,1561,16916,380,256
800,929,16917,1561,16917,380,256
800,929,16918,1561,16918,380,256
800,929,16919,1561,16919,380,256
800,929,16920,1561,16920,380,256
800,929,16921,1561,16921,380,256
800,929,16922,1561,16922,380,256
800,929,16923,1561,16923,380,256
800,929,16924,1561,16924,380,256
800,929,16925,1561,16925,380,256
800,929,16926,1561,16926,380,256
800,929,16927,1561,16927,380,256
800,929,16928,1561,16928,380,256
800,929,16929,1561,16929,380,256
800,929,16930,1561,16930,380,256
800,929,16931,1561,16931,380,256
800,929,16932,1561,16932,380,256
800,929,16933,1561,16933,380,256
800,929,16934,1561,16934,380,256
800,929,16935,1561,16935,380,256
800,929,16936,1561,16936,380,256
800,929,16937,1561,16937,380,256
800,929,16938,1561,16938,380,256
800,929,16939,1561,16939,380,256
800,929,16940,1561,16940,380,256
800,929,16941,1561,16941,380,256
800,929,16942,1561,16942,380,256
800,929,16943,1561,16943,380,256
800,929,16944,1561,16944,380,256
800,929,16945,1561,16945,380,256
800,929,16946,1561,16946,380,256
800,929,16947,1561,16947,380,256
800,929,16948,1561,16948,380,256
800,929,16949,1561,16949,380,256
800,929,16950,1561,16950,380,256
800,929,16951,1561,16951,380,256
800,929,16952,1561,16952,380,256
800,929,16953,1561,16953,380,256
800,929,16954,1561,16954,380,256
800,929,16955,1561,16955,380,256
800,929,16956,1561,16956,380,256
800,929,16957,1561,16957,380,256
800,929,16958,1561,16958,380,256
800,929,16959,1561,16959,380,256
800,929,16960,1561,16960,380,256
800,929,16961,1561,16961,380,256
800,929,16962,1561,16962,380,256
800,929,16963,1561,16963,380,256
800,929,16964,1561,16964,380,256
800,929,16965,1561,16965,380,256
800,929,16966,1561,16966,380,256
800,929,16967,1561,16967,380,256
800,929,16968,1561,16968,380,256
800,929,16969,1561,16969,380,256
800,929,16970,1561,16970,380,256
800,929,16971,1561,16971,380,256
800,929,16972,1561,16972,380,256
800,929,16973,1561,16973,380,256
800,929,16974,1561,16974,380,256
800,929,16975,1561,16975,380,256
800,929,16976,1561,16976,380,256
800,929,16977,1561,16977,380,256
800,929,16978,1561,16978,380,256
800,929,16979,1561,16979,380,256
800,929,16980,1561,16980,380,256
800,929,16981,1561,16981,380,256
800,929,16982,1561,16982,380,256
800,929,16983,1561,16983,380,256
800,929,16984,1561,16984,380,256
800,929,16985,1561,16985,380,256
800,929,16986,1561,16986,380,256
800,929,16987,1561,16987,380,256
800,929,16988,1561,16988,380,256
800,929,16989,1561,16989,380,256
800,929,16990,1561,16990,380,256
800,929,16991,1561,16991,380,256
800,929,16992,1561,16992,380,256
800,929,16993,1561,16993,380,256
800,929,16994,1561,16994,380,256
800,929,16995,1561,16995,380,256
800,929,16996,1561,16996,380,256
800,929,16997,1561,16997,380,256
800,929,16998,1561,16998,380,256
800,929,16999,1561,16999,380,256
800,929,17000,1561,17000,380,256
800,929,17001,1561,17001,380,256
800,929,17002,1561,17002,380,256
800,929,17003,1561,17003,380,256
800,929,17004,1561,17004,380,256
800,929,17005,1561,17005,380,256
800,929,17006,1561,17006,380,256
800,929,17007,1561,17007,380,256
800,929,17008,1561,17008,380,256
800,929,17009,1561,17009,380,256
800,929,17010,1561,17010,380,256
800,929,17011,1561,17011,380,256
800,929,17012,1561,17012,380,256
800,929,17013,1561,17013,380,256
800,929,17014,1561,17014,380,256
800,929,17015,1561,17015,380,256
800,929,17016,1561,17016,380,256
800,929,17017,1561,17017,380,256
800,929,17018,1561,17018,380,256
800,929,17019,1561,17019,380,256
800,929,17020,1561,17020,380,256
800,929,17021,1561,17021,380,256
800,929,17022,1561,17022,380,256
800,929,17023,1561,17023,380,256
800,929,17024,1561,17024,380,256
800,929,17025,1561,17025,380,256
800,929,17026,1561,17026,380,256
800,929,17027,1561,17027,380,256
800,929,17028,1561,17028,380,256
800,929,17029,1561,17029,380,256
800,929,17030,1561,17030,380,256
800,929,17031,1561,17031,380,256
800,929,17032,1561,17032,380,256
800,929,17033,1561,17033,380,256
800,929,17034,1561,17034,380,256
800,929,17035,1561,17035,380,256
800,929,17036,1561,17036,380,256
800,929,17037,1561,17037,380,256
800,929,17038,1561,17038,380,256
800,929,17039,1561,17039,380,256
800,929,17040,1561,17040,380,256
800,929,17041,1561,17041,380,256
800,929,17042,1561,17042,380,256
800,929,17043,1561,17043,380,256
800,929,17044,1561,17044,380,256
800,929,17045,1561,17045,380,256
800,929,17046,1561,17046,380,256
800,929,17047,1561,17047,380,256
800,929,17048,1561,17048,380,256
800,929,17049,1561,17049,380,256
800,929,17050,1561,17050,380,256
800,929,17051,1561,17051,380,256
800,929,17052,1561,17052,380,256
800,929,17053,1561,17053,380,256
800,929,17054,1561,17054,380,256
800,929,17055,1561,17055,380,256
800,929,17056,1561,17056,380,256
800,929,17057,1561,17057,380,256
800,929,17058,1561,17058,380,256
800,929,17059,1561,17059,380,256
800,929,17060,1561,17060,380,256
800,929,17061,1561,17061,380,256
800,929,17062,1561,17062,380,256
800,929,17063,1561,17063,380,256
800,929,17064,1561,17064,380,256
800,929,17065,1561,17065,380,256
800,929,17066,1561,17066,380,256
800,929,17067,1561,17067,380,256
800,929,17068,1561,17068,380,256
800,929,17069,1561,17069,380,256
800,929,17070,1561,17070,380,256
800,929,17071,1561,17071,380,256
800,929,17072,1561,17072,380,256
800,929,17073,1561,17073,380,256
800,929,17074,1561,17074,380,256
800,929,17075,1561,17075,380,256
800,929,17076,1561,17076,380,256
800,929,17077,1561,17077,380,256
800,929,17078,1561,17078,380,256
800,929,17079,1561,17079,380,256
800,929,17080,1561,17080,380,256
800,929,17081,1561,17081,380,256
800,929,17082,1561,17082,380,256
800,929,17083,1561,17083,380,256
800,929,17084,1561,17084,380,256
800,929,17085,1561,17085,380,256
800,929,17086,1561,17086,380,256
800,929,17087,1561,17087,380,256
800,929,17088,1561,17088,380,256
800,929,17089,1561,17089,380,256
800,929,17090,1561,17090,380,256
800,929,17091,1561,17091,380,256
800,929,17092,1561,17092,380,256
800,929,17093,1561,17093,380,256
800,929,17094,1561,17094,380,256
800,929,17095,1561,17095,380,256
800,929,17096,1561,17096,380,256
800,929,17097,1561,17097,380,256
800,929,17098,1561,17098,380,256
800,929,17099,1561,17099,380,256
800,929,17100,1561,17100,380,256
800,929,17101,1561,17101,380,256
800,929,17102,1561,17102,380,256
800,929,17103,1561,17103,380,256
800,929,17104,1561,17104,380,256
800,929,17105,1561,17105,380,256
800,929,17106,1561,17106,380,256
800,929,17107,1561,17107,380,256
800,929,17108,1561,17108,380,256
800,929,17109,1561,17109,380,256
800,929,17110,1561,17110,380,256
800,929,17111,1561,17111,380,256
800,929,17112,1561,17112,380,256
800,929,17113,1561,17113,380,256
800,929,17114,1561,17114,380,256
800,929,17115,1561,17115,380,256
800,929,17116,1561,17116,380,256
800,929,17117,1561,17117,380,256
800,929,17118,1561,17118,380,256
800,929,17119,1561,17119,380,256
800,929,17120,1561,17120,380,256
800,929,17121,1561,17121,380,256
800,929,17122,1561,17122,380,256
800,929,17123,1561,17123,380,256
800,929,17124,1561,17124,380,256
800,929,17125,1561,17125,380,256
800,929,17126,1561,17126,380,256
800,929,17127,1561,17127,380,256
800,929,17128,1561,17128,380,256
800,929,17129,1561,17129,380,256
800,929,17130,1561,17130,380,256
800,929,17131,1561,17131,380,256
800,929,17132,1561,17132,380,256
800,929,17133,1561,17133,380,256
800,929,17134,1561,17134,380,256
800,929,17135,1561,17135,380,256
800,929,17136,1561,17136,380,256
800,929,17137,1561,17137,380,256
800,929,17138,1561,17138,380,256
800,929,17139,1561,17139,380,256
800,929,17140,1561,17140,380,256
800,929,17141,1561,17141,380,256
800,929,17142,1561,17142,380,256
800,929,17143,1561,17143,380,256
800,929,17144,1561,17144,380,256
800,929,17145,1561,17145,380,256
800,929,17146,1561,17146,380,256
800,929,17147,1561,17147,380,256
800,929,17148,1561,17148,380,256
800,929,17149,1561,17149,380,256
800,929,17150,1561,17150,380,256
800,929,17151,1561,17151,380,256
800,929,17152,1561,17152,380,256
800,929,17153,1561,17153,380,256
800,929,17154,1561,17154,380,256
800,929,17155,1561,17155,380,256
800,929,17156,1561,17156,380,256
800,929,17157,1561,17157,380,256
800,929,17158,1561,17158,380,256
800,929,17159,1561,17159,380,256
800,929,17160,1561,17160,380,256
800,929,17161,1561,17161,380,256
800,929,17162,1561,17162,380,256
800,929,17163,1561,17163,380,256
800,929,17164,1561,17164,380,256
800,929,17165,1561,17165,380,256
800,929,17166,1561,17166,380,256
800,929,17167,1561,17167,380,256
800,929,17168,1561,17168,380,256
800,929,17169,1561,17169,380,256
800,929,17170,1561,17170,380,256
800,929,17171,1561,17171,380,256
800,929,17172,1561,17172,380,256
800,929,17173,1561,17173,380,256
800,929,17174,1561,17174,380,256
800,929,17175,1561,17175,380,256
800,929,17176,1561,17176,380,256
800,929,17177,1561,17177,380,256
800,929,17178,1561,17178,380,256
800,929,17179,1561,17179,380,256
800,929,17180,1561,17180,380,256
800,929,17181,1561,17181,380,256
800,929,17182,1561,17182,380,256
800,929,17183,1561,17183,380,256
800,929,17184,1561,17184,380,256
800,929,17185,1561,17185,380,256
800,929,17186,1561,17186,380,256
800,929,17187,1561,17187,380,256
800,929,17188,1561,17188,380,256
800,929,17189,1561,17189,380,256
800,929,17190,1561,17190,380,256
800,929,17191,1561,17191,380,256
800,929,17192,1561,17192,380,256
800,929,17193,1561,17193,380,256
800,929,17194,1561,17194,380,256
800,929,17195,1561,17195,380,256
800,929,17196,1561,17196,380,256
800,929,17197,1561,17197,380,256
800,929,17198,1561,17198,380,256
800,929,17199,1561,17199,380,256
800,929,17200,1561,17200,380,256
800,929,17201,1561,17201,380,256
800,929,17202,1561,17202,380,256
800,929,17203,1561,17203,380,256
800,929,17204,1561,17204,380,256
800,929,17205,1561,17205,380,256
800,929,17206,1561,17206,380,256
800,929,17207,1561,17207,380,256
800,929,17208,1561,17208,380,256
800,929,17209,1561,17209,380,256
800,929,17210,1561,17210,380,256
800,929,17211,1561,17211,380,256
800,929,17212,1561,17212,380,256
800,929,17213,1561,17213,380,256
800,929,17214,1561,17214,380,256
800,929,17215,1561,17215,380,256
800,929,17216,1561,17216,380,256
800,929,17217,1561,17217,380,256
800,929,17218,1561,17218,380,256
800,929,17219,1561,17219,380,256
800,929,17220,1561,17220,380,256
800,929,17221,1561,17221,380,256
800,929,17222,1561,17222,380,256
800,929,17223,1561,17223,380,256
800,929,17224,1561,17224,380,256
800,929,17225,1561,17225,380,256
800,929,17226,1561,17226,380,256
800,929,17227,1561,17227,380,256
800,929,17228,1561,17228,380,256
800,929,17229,1561,17229,380,256
800,929,17230,1561,17230,380,256
800,929,17231,1561,17231,380,256
800,929,17232,1561,17232,380,256
800,929,17233,1561,17233,380,256
800,929,17234,1561,17234,380,256
800,929,17235,1561,17235,380,256
800,929,17236,1561,17236,380,256
800,929,17237,1561,17237,380,256
800,929,17238,1561,17238,380,256
800,929,17239,1561,17239,380,256
800,929,17240,1561,17240,380,256
800,929,17241,1561,17241,380,256
800,929,17242,1561,17242,380,256
800,929,17243,1561,17243,380,256
800,929,17244,1561,17244,380,256
800,929,17245,1561,17245,380,256
800,929,17246,1561,17246,380,256
800,929,17247,1561,17247,380,256
800,929,17248,1561,17248,380,256
800,929,17249,1561,17249,380,256
800,929,17250,1561,17250,380,256
800,929,17251,1561,17251,380,256
800,929,17252,1561,17252,380,256
800,929,17253,1561,17253,380,256
800,929,17254,1561,17254,380,256
800,929,17255,1561,17255,380,256
800,929,17256,1561,17256,380,256
800,929,17257,1561,17257,380,256
800,929,17258,1561,17258,380,256
800,929,17259,1561,17259,380,256
800,929,17260,1561,17260,380,256
800,929,17261,1561,17261,380,256
800,929,17262,1561,17262,380,256
800,929,17263,1561,17263,380,256
800,929,17264,1561,17264,380,256
800,929,17265,1561,17265,380,256
800,929,17266,1561,17266,380,256
800,929,17267,1561,17267,380,256
800,929,17268,1561,17268,380,256
800,929,17269,1561,17269,380,256
800,929,17270,1561,17270,380,256
800,929,17271,1561,17271,380,256
800,929,17272,1561,17272,380,256
800,929,17273,1561,17273,380,256
800,929,17274,1561,17274,380,256
800,929,17275,1561,17275,380,256
800,929,17276,1561,17276,380,256
800,929,17277,1561,17277,380,256
800,929,17278,1561,17278,380,256
800,929,17279,1561,17279,380,256
800,929,17280,1561,17280,380,256
800,929,17281,1561,17281,380,256
800,929,17282,1561,17282,380,256
800,929,17283,1561,17283,380,256
800,929,17284,1561,17284,380,256
800,929,17285,1561,17285,380,256
800,929,17286,1561,17286,380,256
800,929,17287,1561,17287,380,256
800,929,17288,1561,17288,380,256
800,929,17289,1561,17289,380,256
800,929,17290,1561,17290,380,256
800,929,17291,1561,17291,380,256
800,929,17292,1561,17292,380,256
800,929,17293,1561,17293,380,256
800,929,17294,1561,17294,380,256
800,929,17295,1561,17295,380,256
800,929,17296,1561,17296,380,256
800,929,17297,1561,17297,380,256
800,929,17298,1561,17298,380,256
800,929,17299,1561,17299,380,256
800,929,17300,1561,17300,380,256
800,929,17301,1561,17301,380,256
800,929,17302,1561,17302,380,256
800,929,17303,1561,17303,380,256
800,929,17304,1561,17304,380,256
800,929,17305,1561,17305,380,256
800,929,17306,1561,17306,380,256
800,929,17307,1561,17307,380,256
800,929,17308,1561,17308,380,256
800,929,17309,1561,17309,380,256
800,929,17310,1561,17310,380,256
800,929,17311,1561,17311,380,256
800,929,17312,1561,17312,380,256
800,929,17313,1561,17313,380,256
800,929,17314,1561,17314,380,256
800,929,17315,1561,17315,380,256
800,929,17316,1561,17316,380,256
800,929,17317,1561,17317,380,256
800,929,17318,1561,17318,380,256
800,929,17319,1561,17319,380,256
800,929,17320,1561,17320,380,256
800,929,17321,1561,17321,380,256
800,929,17322,1561,17322,380,256
800,929,17323,1561,17323,380,256
800,929,17324,1561,17324,380,256
800,929,17325,1561,17325,380,256
800,929,17326,1561,17326,380,256
800,929,17327,1561,17327,380,256
800,929,17328,1561,17328,380,256
800,929,17329,1561,17329,380,256
800,929,17330,1561,17330,380,256
800,929,17331,1561,17331,380,256
800,929,17332,1561,17332,380,256
800,929,17333,1561,17333,380,256
800,929,17334,1561,17334,380,256
800,929,17335,1561,17335,380,256
800,929,17336,1561,17336,380,256
800,929,17337,1561,17337,380,256
800,929,17338,1561,17338,380,256
800,929,17339,1561,17339,380,256
800,929,17340,1561,17340,380,256
800,929,17341,1561,17341,380,256
800,929,17342,1561,17342,380,256
800,929,17343,1561,17343,380,256
800,929,17344,1561,17344,380,256
800,929,17345,1561,17345,380,256
800,929,17346,1561,17346,380,256
800,929,17347,1561,17347,380,256
800,929,17348,1561,17348,380,256
800,929,17349,1561,17349,380,256
800,929,17350,1561,17350,380,256
800,929,17351,1561,17351,380,256
800,929,17352,1561,17352,380,256
800,929,17353,1561,17353,380,256
800,929,17354,1561,17354,380,256
800,929,17355,1561,17355,380,256
800,929,17356,1561,17356,380,256
800,929,17357,1561,17357,380,256
800,929,17358,1561,17358,380,256
800,929,17359,1561,17359,380,256
800,929,17360,1561,17360,380,256
800,929,17361,1561,17361,380,256
800,929,17362,1561,17362,380,256
800,929,17363,1561,17363,380,256
800,929,17364,1561,17364,380,256
800,929,17365,1561,17365,380,256
800,929,17366,1561,17366,380,256
800,929,17367,1561,17367,380,256
800,929,17368,1561,17368,380,256
800,929,17369,1561,17369,380,256
800,929,17370,1561,17370,380,256
800,929,17371,1561,17371,380,256
800,929,17372,1561,17372,380,256
800,929,17373,1561,17373,380,256
800,929,17374,1561,17374,380,256
800,929,17375,1561,17375,380,256
800,929,17376,1561,17376,380,256
800,929,17377,1561,17377,380,256
800,929,17378,1561,17378,380,256
800,929,17379,1561,17379,380,256
800,929,17380,1561,17380,380,256
800,929,17381,1561,17381,380,256
800,929,17382,1561,17382,380,256
800,929,17383,1561,17383,380,256
800,929,17384,1561,17384,380,256
800,929,17385,1561,17385,380,256
800,929,17386,1561,17386,380,256
800,929,17387,1561,17387,380,256
800,929,17388,1561,17388,380,256
800,929,17389,1561,17389,380,256
800,929,17390,1561,17390,380,256
800,929,17391,1561,17391,380,256
800,929,17392,1561,17392,380,256
800,929,17393,1561,17393,380,256
800,929,17394,1561,17394,380,256
800,929,17395,1561,17395,380,256
800,929,17396,1561,17396,380,256
800,929,17397,1561,17397,380,256
800,929,17398,1561,17398,380,256
800,929,17399,1561,17399,380,256
800,929,17400,1561,17400,380,256
800,929,17401,1561,17401,380,256
800,929,17402,1561,17402,380,256
800,929,17403,1561,17403,380,256
800,929,17404,1561,17404,380,256
800,929,17405,1561,17405,380,256
800,929,17406,1561,17406,380,256
800,929,17407,1561,17407,380,256
800,929,17408,1561,17408,380,256
800,929,17409,1561,17409,380,256
800,929,17410,1561,17410,380,256
800,929,17411,1561,17411,380,256
800,929,17412,1561,17412,380,256
800,929,17413,1561,17413,380,256
800,929,17414,1561,17414,380,256
800,929,17415,1561,17415,380,256
800,929,17416,1561,17416,380,256
800,929,17417,1561,17417,380,256
800,929,17418,1561,17418,380,256
800,929,17419,1561,17419,380,256
800,929,17420,1561,17420,380,256
800,929,17421,1561,17421,380,256
800,929,17422,1561,17422,380,256
800,929,17423,1561,17423,380,256
800,929,17424,1561,17424,380,256
800,929,17425,1561,17425,380,256
800,929,17426,1561,17426,380,256
800,929,17427,1561,17427,380,256
800,929,17428,1561,17428,380,256
800,929,17429,1561,17429,380,256
800,929,17430,1561,17430,380,256
800,929,17431,1561,17431,380,256
800,929,17432,1561,17432,380,256
800,929,17433,1561,17433,380,256
800,929,17434,1561,17434,380,256
800,929,17435,1561,17435,380,256
800,929,17436,1561,17436,380,256
800,929,17437,1561,17437,380,256
800,929,17438,1561,17438,380,256
800,929,17439,1561,17439,380,256
800,929,17440,1561,17440,380,256
800,929,17441,1561,17441,380,256
800,929,17442,1561,17442,380,256
800,929,17443,1561,17443,380,256
800,929,17444,1561,17444,380,256
800,929,17445,1561,17445,380,256
800,929,17446,1561,17446,380,256
800,929,17447,1561,17447,380,256
800,929,17448,1561,17448,380,256
800,929,17449,1561,17449,380,256
800,929,17450,1561,17450,380,256
800,929,17451,1561,17451,380,256
800,929,17452,1561,17452,380,256
800,929,17453,1561,17453,380,256
800,929,17454,1561,17454,380,256
800,929,17455,1561,17455,380,256
800,929,17456,1561,17456,380,256
800,929,17457,1561,17457,380,256
800,929,17458,1561,17458,380,256
800,929,17459,1561,17459,380,256
800,929,17460,1561,17460,380,256
800,929,17461,1561,17461,380,256
800,929,17462,1561,17462,380,256
800,929,17463,1561,17463,380,256
800,929,17464,1561,17464,380,256
800,929,17465,1561,17465,380,256
800,929,17466,1561,17466,380,256
800,929,17467,1561,17467,380,256
800,929,17468,1561,17468,380,256
800,929,17469,1561,17469,380,256
800,929,17470,1561,17470,380,256
800,929,17471,1561,17471,380,256
800,929,17472,1561,17472,380,256
800,929,17473,1561,17473,380,256
800,929,17474,1561,17474,380,256
800,929,17475,1561,17475,380,256
800,929,17476,1561,17476,380,256
800,929,17477,1561,17477,380,256
800,929,17478,1561,17478,380,256
800,929,17479,1561,17479,380,256
800,929,17480,1561,17480,380,256
800,929,17481,1561,17481,380,256
800,929,17482,1561,17482,380,256
800,929,17483,1561,17483,380,256
800,929,17484,1561,17484,380,256
800,929,17485,1561,17485,380,256
800,929,17486,1561,17486,380,256
800,929,17487,1561,17487,380,256
800,929,17488,1561,17488,380,256
800,929,17489,1561,17489,380,256
800,929,17490,1561,17490,380,256
800,929,17491,1561,17491,380,256
800,929,17492,1561,17492,380,256
800,929,17493,1561,17493,380,256
800,929,17494,1561,17494,380,256
800,929,17495,1561,17495,380,256
800,929,17496,1561,17496,380,256
800,929,17497,1561,17497,380,256
800,929,17498,1561,17498,380,256
800,929,17499,1561,17499,380,256
800,929,17500,1561,17500,380,256
800,929,17501,1561,17501,380,256
800,929,17502,1561,17502,380,256
800,929,17503,1561,17503,380,256
800,929,17504,1561,17504,380,256
800,929,17505,1561,17505,380,256
800,929,17506,1561,17506,380,256
800,929,17507,1561,17507,380,256
800,929,17508,1561,17508,380,256
800,929,17509,1561,17509,380,256
800,929,17510,1561,17510,380,256
800,929,17511,1561,17511,380,256
800,929,17512,1561,17512,380,256
800,929,17513,1561,17513,380,256
800,929,17514,1561,17514,380,256
800,929,17515,1561,17515,380,256
800,929,17516,1561,17516,380,256
800,929,17517,1561,17517,380,256
800,929,17518,1561,17518,380,256
800,929,17519,1561,17519,380,256
800,929,17520,1561,17520,380,256
800,929,17521,1561,17521,380,256
800,929,17522,1561,17522,380,256
800,929,17523,1561,17523,380,256
800,929,17524,1561,17524,380,256
800,929,17525,1561,17525,380,256
800,929,17526,1561,17526,380,256
800,929,17527,1561,17527,380,256
800,929,17528,1561,17528,380,256
800,929,17529,1561,17529,380,256
800,929,17530,1561,17530,380,256
800,929,17531,1561,17531,380,256
800,929,17532,1561,17532,380,256
800,929,17533,1561,17533,380,256
800,929,17534,1561,17534,380,256
800,929,17535,1561,17535,380,256
800,929,17536,1561,17536,380,256
800,929,17537,1561,17537,380,256
800,929,17538,1561,17538,380,256
800,929,17539,1561,17539,380,256
800,929,17540,1561,17540,380,256
800,929,17541,1561,17541,380,256
800,929,17542,1561,17542,380,256
800,929,17543,1561,17543,380,256
800,929,17544,1561,17544,380,256
800,929,17545,1561,17545,380,256
800,929,17546,1561,17546,380,256
800,929,17547,1561,17547,380,256
800,929,17548,1561,17548,380,256
800,929,17549,1561,17549,380,256
800,929,17550,1561,17550,380,256
800,929,17551,1561,17551,380,256
800,929,17552,1561,17552,380,256
800,929,17553,1561,17553,380,256
800,929,17554,1561,17554,380,256
800,929,17555,1561,17555,380,256
800,929,17556,1561,17556,380,256
800,929,17557,1561,17557,380,256
800,929,17558,1561,17558,380,256
800,929,17559,1561,17559,380,256
800,929,17560,1561,17560,380,256
800,929,17561,1561,17561,380,256
800,929,17562,1561,17562,380,256
800,929,17563,1561,17563,380,256
800,929,17564,1561,17564,380,256
800,929,17565,1561,17565,380,256
800,929,17566,1561,17566,380,256
800,929,17567,1561,17567,380,256
800,929,17568,1561,17568,380,256
800,929,17569,1561,17569,380,256
800,929,17570,1561,17570,380,256
800,929,17571,1561,17571,380,256
800,929,17572,1561,17572,380,256
800,929,17573,1561,17573,380,256
800,929,17574,1561,17574,380,256
800,929,17575,1561,17575,380,256
800,929,17576,1561,17576,380,256
800,929,17577,1561,17577,380,256
800,929,17578,1561,17578,380,256
800,929,17579,1561,17579,380,256
800,929,17580,1561,17580,380,256
800,929,17581,1561,17581,380,256
800,929,17582,1561,17582,380,256
800,929,17583,1561,17583,380,256
800,929,17584,1561,17584,380,256
800,929,17585,1561,17585,380,256
800,929,17586,1561,17586,380,256
800,929,17587,1561,17587,380,256
800,929,17588,1561,17588,380,256
800,929,17589,1561,17589,380,256
800,929,17590,1561,17590,380,256
800,929,17591,1561,17591,380,256
800,929,17592,1561,17592,380,256
800,929,17593,1561,17593,380,256
800,929,17594,1561,17594,380,256
800,929,17595,1561,17595,380,256
800,929,17596,1561,17596,380,256
800,929,17597,1561,17597,380,256
800,929,17598,1561,17598,380,256
800,929,17599,1561,17599,380,256
800,929,17600,1561,17600,380,256
800,929,17601,1561,17601,380,256
800,929,17602,1561,17602,380,256
800,929,17603,1561,17603,380,256
800,929,17604,1561,17604,380,256
800,929,17605,1561,17605,380,256
800,929,17606,1561,17606,380,256
800,929,17607,1561,17607,380,256
800,929,17608,1561,17608,380,256
800,929,17609,1561,17609,380,256
800,929,17610,1561,17610,380,256
800,929,17611,1561,17611,380,256
800,929,17612,1561,17612,380,256
800,929,17613,1561,17613,380,256
800,929,17614,1561,17614,380,256
800,929,17615,1561,17615,380,256
800,929,17616,1561,17616,380,256
800,929,17617,1561,17617,380,256
800,929,17618,1561,17618,380,256
800,929,17619,1561,17619,380,256
800,929,17620,1561,17620,380,256
800,929,17621,1561,17621,380,256
800,929,17622,1561,17622,380,256
800,929,17623,1561,17623,380,256
800,929,17624,1561,17624,380,256
800,929,17625,1561,17625,380,256
800,929,17626,1561,17626,380,256
800,929,17627,1561,17627,380,256
800,929,17628,1561,17628,380,256
800,929,17629,1561,17629,380,256
800,929,17630,1561,17630,380,256
800,929,17631,1561,17631,380,256
800,929,17632,1561,17632,380,256
800,929,17633,1561,17633,380,256
800,929,17634,1561,17634,380,256
800,929,17635,1561,17635,380,256
800,929,17636,1561,17636,380,256
800,929,17637,1561,17637,380,256
800,929,17638,1561,17638,380,256
800,929,17639,1561,17639,380,256
800,929,17640,1561,17640,380,256
800,929,17641,1561,17641,380,256
800,929,17642,1561,17642,380,256
800,929,17643,1561,17643,380,256
800,929,17644,1561,17644,380,256
800,929,17645,1561,17645,380,256
800,929,17646,1561,17646,380,256
800,929,17647,1561,17647,380,256
800,929,17648,1561,17648,380,256
800,929,17649,1561,17649,380,256
800,929,17650,1561,17650,380,256
800,929,17651,1561,17651,380,256
800,929,17652,1561,17652,380,256
800,929,17653,1561,17653,380,256
800,929,17654,1561,17654,380,256
800,929,17655,1561,17655,380,256
800,929,17656,1561,17656,380,256
800,929,17657,1561,17657,380,256
800,929,17658,1561,17658,380,256
800,929,17659,1561,17659,380,256
800,929,17660,1561,17660,380,256
800,929,17661,1561,17661,380,256
800,929,17662,1561,17662,380,256
800,929,17663,1561,17663,380,256
800,929,17664,1561,17664,380,256
800,929,17665,1561,17665,380,256
800,929,17666,1561,17666,380,256
800,929,17667,1561,17667,380,256
800,929,17668,1561,17668,380,256
800,929,17669,1561,17669,380,256
800,929,17670,1561,17670,380,256
800,929,17671,1561,17671,380,256
800,929,17672,1561,17672,380,256
800,929,17673,1561,17673,380,256
800,929,17674,1561,17674,380,256
800,929,17675,1561,17675,380,256
800,929,17676,1561,17676,380,256
800,929,17677,1561,17677,380,256
800,929,17678,1561,17678,380,256
800,929,17679,1561,17679,380,256
800,929,17680,1561,17680,380,256
800,929,17681,1561,17681,380,256
800,929,17682,1561,17682,380,256
800,929,17683,1561,17683,380,256
800,929,17684,1561,17684,380,256
800,929,17685,1561,17685,380,256
800,929,17686,1561,17686,380,256
800,929,17687,1561,17687,380,256
800,929,17688,1561,17688,380,256
800,929,17689,1561,17689,380,256
800,929,17690,1561,17690,380,256
800,929,17691,1561,17691,380,256
800,929,17692,1561,17692,380,256
800,929,17693,1561,17693,380,256
800,929,17694,1561,17694,380,256
800,929,17695,1561,17695,380,256
800,929,17696,1561,17696,380,256
800,929,17697,1561,17697,380,256
800,929,17698,1561,17698,380,256
800,929,17699,1561,17699,380,256
800,929,17700,1561,17700,380,256
800,929,17701,1561,17701,380,256
800,929,17702,1561,17702,380,256
800,929,17703,1561,17703,380,256
800,929,17704,1561,17704,380,256
800,929,17705,1561,17705,380,256
800,929,17706,1561,17706,380,256
800,929,17707,1561,17707,380,256
800,929,17708,1561,17708,380,256
800,929,17709,1561,17709,380,256
800,929,17710,1561,17710,380,256
800,929,17711,1561,17711,380,256
800,929,17712,1561,17712,380,256
800,929,17713,1561,17713,380,256
800,929,17714,1561,17714,380,256
800,929,17715,1561,17715,380,256
800,929,17716,1561,17716,380,256
800,929,17717,1561,17717,380,256
800,929,17718,1561,17718,380,256
800,929,17719,1561,17719,380,256
800,929,17720,1561,17720,380,256
800,929,17721,1561,17721,380,256
800,929,17722,1561,17722,380,256
800,929,17723,1561,17723,380,256
800,929,17724,1561,17724,380,256
800,929,17725,1561,17725,380,256
800,929,17726,1561,17726,380,256
800,929,17727,1561,17727,380,256
800,929,17728,1561,17728,380,256
800,929,17729,1561,17729,380,256
800,929,17730,1561,17730,380,256
800,929,17731,1561,17731,380,256
800,929,17732,1561,17732,380,256
800,929,17733,1561,17733,380,256
800,929,17734,1561,17734,380,256
800,929,17735,1561,17735,380,256
800,929,17736,1561,17736,380,256
800,929,17737,1561,17737,380,256
800,929,17738,1561,17738,380,256
800,929,17739,1561,17739,380,256
800,929,17740,1561,17740,380,256
800,929,17741,1561,17741,380,256
800,929,17742,1561,17742,380,256
800,929,17743,1561,17743,380,256
800,929,17744,1561,17744,380,256
800,929,17745,1561,17745,380,256
800,929,17746,1561,17746,380,256
800,929,17747,1561,17747,380,256
800,929,17748,1561,17748,380,256
800,929,17749,1561,17749,380,256
800,929,17750,1561,17750,380,256
800,929,17751,1561,17751,380,256
800,929,17752,1561,17752,380,256
800,929,17753,1561,17753,380,256
800,929,17754,1561,17754,380,256
800,929,17755,1561,17755,380,256
800,929,17756,1561,17756,380,256
800,929,17757,1561,17757,380,256
800,929,17758,1561,17758,380,256
800,929,17759,1561,17759,380,256
800,929,17760,1561,17760,380,256
800,929,17761,1561,17761,380,256
800,929,17762,1561,17762,380,256
800,929,17763,1561,17763,380,256
800,929,17764,1561,17764,380,256
800,929,17765,1561,17765,380,256
800,929,17766,1561,17766,380,256
800,929,17767,1561,17767,380,256
800,929,17768,1561,17768,380,256
800,929,17769,1561,17769,380,256
800,929,17770,1561,17770,380,256
800,929,17771,1561,17771,380,256
800,929,17772,1561,17772,380,256
800,929,17773,1561,17773,380,256
800,929,17774,1561,17774,380,256
800,929,17775,1561,17775,380,256
800,929,17776,1561,17776,380,256
800,929,17777,1561,17777,380,256
800,929,17778,1561,17778,380,256
800,929,17779,1561,17779,380,256
800,929,17780,1561,17780,380,256
800,929,17781,1561,17781,380,256
800,929,17782,1561,17782,380,256
800,929,17783,1561,17783,380,256
800,929,17784,1561,17784,380,256
800,929,17785,1561,17785,380,256
800,929,17786,1561,17786,380,256
800,929,17787,1561,17787,380,256
800,929,17788,1561,17788,380,256
800,929,17789,1561,17789,380,256
800,929,17790,1561,17790,380,256
800,929,17791,1561,17791,380,256
800,929,17792,1561,17792,380,256
800,929,17793,1561,17793,380,256
800,929,17794,1561,17794,380,256
800,929,17795,1561,17795,380,256
800,929,17796,1561,17796,380,256
800,929,17797,1561,17797,380,256
800,929,17798,1561,17798,380,256
800,929,17799,1561,17799,380,256
800,929,17800,1561,17800,380,256
800,929,17801,1561,17801,380,256
800,929,17802,1561,17802,380,256
800,929,17803,1561,17803,380,256
800,929,17804,1561,17804,380,256
800,929,17805,1561,17805,380,256
800,929,17806,1561,17806,380,256
800,929,17807,1561,17807,380,256
800,929,17808,1561,17808,380,256
800,929,17809,1561,17809,380,256
800,929,17810,1561,17810,380,256
800,929,17811,1561,17811,380,256
800,929,17812,1561,17812,380,256
800,929,17813,1561,17813,380,256
800,929,17814,1561,17814,380,256
800,929,17815,1561,17815,380,256
800,929,17816,1561,17816,380,256
800,929,17817,1561,17817,380,256
800,929,17818,1561,17818,380,256
800,929,17819,1561,17819,380,256
800,929,17820,1561,17820,380,256
800,929,17821,1561,17821,380,256
800,929,17822,1561,17822,380,256
800,929,17823,1561,17823,380,256
800,929,17824,1561,17824,380,256
800,929,17825,1561,17825,380,256
800,929,17826,1561,17826,380,256
800,929,17827,1561,17827,380,256
800,929,17828,1561,17828,380,256
800,929,17829,1561,17829,380,256
800,929,17830,1561,17830,380,256
800,929,17831,1561,17831,380,256
800,929,17832,1561,17832,380,256
800,929,17833,1561,17833,380,256
800,929,17834,1561,17834,380,256
800,929,17835,1561,17835,380,256
800,929,17836,1561,17836,380,256
800,929,17837,1561,17837,380,256
800,929,17838,1561,17838,380,256
800,929,17839,1561,17839,380,256
800,929,17840,1561,17840,380,256
800,929,17841,1561,17841,380,256
800,929,17842,1561,17842,380,256
800,929,17843,1561,17843,380,256
800,929,17844,1561,17844,380,256
800,929,17845,1561,17845,380,256
800,929,17846,1561,17846,380,256
800,929,17847,1561,17847,380,256
800,929,17848,1561,17848,380,256
800,929,17849,1561,17849,380,256
800,929,17850,1561,17850,380,256
800,929,17851,1561,17851,380,256
800,929,17852,1561,17852,380,256
800,929,17853,1561,17853,380,256
800,929,17854,1561,17854,380,256
800,929,17855,1561,17855,380,256
800,929,17856,1561,17856,380,256
800,929,17857,1561,17857,380,256
800,929,17858,1561,17858,380,256
800,929,17859,1561,17859,380,256
800,929,17860,1561,17860,380,256
800,929,17861,1561,17861,380,256
800,929,17862,1561,17862,380,256
800,929,17863,1561,17863,380,256
800,929,17864,1561,17864,380,256
800,929,17865,1561,17865,380,256
800,929,17866,1561,17866,380,256
800,929,17867,1561,17867,380,256
800,929,17868,1561,17868,380,256
800,929,17869,1561,17869,380,256
800,929,17870,1561,17870,380,256
800,929,17871,1561,17871,380,256
800,929,17872,1561,17872,380,256
800,929,17873,1561,17873,380,256
800,929,17874,1561,17874,380,256
800,929,17875,1561,17875,380,256
800,929,17876,1561,17876,380,256
800,929,17877,1561,17877,380,256
800,929,17878,1561,17878,380,256
800,929,17879,1561,17879,380,256
800,929,17880,1561,17880,380,256
800,929,17881,1561,17881,380,256
800,929,17882,1561,17882,380,256
800,929,17883,1561,17883,380,256
800,929,17884,1561,17884,380,256
800,929,17885,1561,17885,380,256
800,929,17886,1561,17886,380,256
800,929,17887,1561,17887,380,256
800,929,17888,1561,17888,380,256
800,929,17889,1561,17889,380,256
800,929,17890,1561,17890,380,256
800,929,17891,1561,17891,380,256
800,929,17892,1561,17892,380,256
800,929,17893,1561,17893,380,256
800,929,17894,1561,17894,380,256
800,929,17895,1561,17895,380,256
800,929,17896,1561,17896,380,256
800,929,17897,1561,17897,380,256
800,929,17898,1561,17898,380,256
800,929,17899,1561,17899,380,256
800,929,17900,1561,17900,380,256
800,929,17901,1561,17901,380,256
800,929,17902,1561,17902,380,256
800,929,17903,1561,17903,380,256
800,929,17904,1561,17904,380,256
800,929,17905,1561,17905,380,256
800,929,17906,1561,17906,380,256
800,929,17907,1561,17907,380,256
800,929,17908,1561,17908,380,256
800,929,17909,1561,17909,380,256
800,929,17910,1561,17910,380,256
800,929,17911,1561,17911,380,256
800,929,17912,1561,17912,380,256
800,929,17913,1561,17913,380,256
800,929,17914,1561,17914,380,256
800,929,17915,1561,17915,380,256
800,929,17916,1561,17916,380,256
800,929,17917,1561,17917,380,256
800,929,17918,1561,17918,380,256
800,929,17919,1561,17919,380,256
800,929,17920,1561,17920,380,256
800,929,17921,1561,17921,380,256
800,929,17922,1561,17922,380,256
800,929,17923,1561,17923,380,256
800,929,17924,1561,17924,380,256
800,929,17925,1561,17925,380,256
800,929,17926,1561,17926,380,256
800,929,17927,1561,17927,380,256
800,929,17928,1561,17928,380,256
800,929,17929,1561,17929,380,256
800,929,17930,1561,17930,380,256
800,929,17931,1561,17931,380,256
800,929,17932,1561,17932,380,256
800,929,17933,1561,17933,380,256
800,929,17934,1561,17934,380,256
800,929,17935,1561,17935,380,256
800,929,17936,1561,17936,380,256
800,929,17937,1561,17937,380,256
800,929,17938,1561,17938,380,256
800,929,17939,1561,17939,380,256
800,929,17940,1561,17940,380,256
800,929,17941,1561,17941,380,256
800,929,17942,1561,17942,380,256
800,929,17943,1561,17943,380,256
800,929,17944,1561,17944,380,256
800,929,17945,1561,17945,380,256
800,929,17946,1561,17946,380,256
800,929,17947,1561,17947,380,256
800,929,17948,1561,17948,380,256
800,929,17949,1561,17949,380,256
800,929,17950,1561,17950,380,256
800,929,17951,1561,17951,380,256
800,929,17952,1561,17952,380,256
800,929,17953,1561,17953,380,256
800,929,17954,1561,17954,380,256
800,929,17955,1561,17955,380,256
800,929,17956,1561,17956,380,256
800,929,17957,1561,17957,380,256
800,929,17958,1561,17958,380,256
800,929,17959,1561,17959,380,256
800,929,17960,1561,17960,380,256
800,929,17961,1561,17961,380,256
800,929,17962,1561,17962,380,256
800,929,17963,1561,17963,380,256
800,929,17964,1561,17964,380,256
800,929,17965,1561,17965,380,256
800,929,17966,1561,17966,380,256
800,929,17967,1561,17967,380,256
800,929,17968,1561,17968,380,256
800,929,17969,1561,17969,380,256
800,929,17970,1561,17970,380,256
800,929,17971,1561,17971,380,256
800,929,17972,1561,17972,380,256
800,929,17973,1561,17973,380,256
800,929,17974,1561,17974,380,256
800,929,17975,1561,17975,380,256
800,929,17976,1561,17976,380,256
800,929,17977,1561,17977,380,256
800,929,17978,1561,17978,380,256
800,929,17979,1561,17979,380,256
800,929,17980,1561,17980,380,256
800,929,17981,1561,17981,380,256
800,929,17982,1561,17982,380,256
800,929,17983,1561,17983,380,256
800,929,17984,1561,17984,380,256
800,929,17985,1561,17985,380,256
800,929,17986,1561,17986,380,256
800,929,17987,1561,17987,380,256
800,929,17988,1561,17988,380,256
800,929,17989,1561,17989,380,256
800,929,17990,1561,17990,380,256
800,929,17991,1561,17991,380,256
800,929,17992,1561,17992,380,256
800,929,17993,1561,17993,380,256
800,929,17994,1561,17994,380,256
800,929,17995,1561,17995,380,256
800,929,17996,1561,17996,380,256
800,929,17997,1561,17997,380,256
800,929,17998,1561,17998,380,256
800,929,17999,1561,17999,380,256
800,929,18000,1561,18000,380,256
800,929,18001,1561,18001,380,256
800,929,18002,1561,18002,380,256
800,929,18003,1561,18003,380,256
800,929,18004,1561,18004,380,256
800,929,18005,1561,18005,380,256
800,929,18006,1561,18006,380,256
800,929,18007,1561,18007,380,256
800,929,18008,1561,18008,380,256
800,929,18009,1561,18009,380,256
800,929,18010,1561,18010,380,256
800,929,18011,1561,18011,380,256
800,929,18012,1561,18012,380,256
800,929,18013,1561,18013,380,256
800,929,18014,1561,18014,380,256
800,929,18015,1561,18015,380,256
800,929,18016,1561,18016,380,256
800,929,18017,1561,18017,380,256
800,929,18018,1561,18018,380,256
800,929,18019,1561,18019,380,256
800,929,18020,1561,18020,380,256
800,929,18021,1561,18021,380,256
800,929,18022,1561,18022,380,256
800,929,18023,1561,18023,380,256
800,929,18024,1561,18024,380,256
800,929,18025,1561,18025,380,256
800,929,18026,1561,18026,380,256
800,929,18027,1561,18027,380,256
800,929,18028,1561,18028,380,256
800,929,18029,1561,18029,380,256
800,929,18030,1561,18030,380,256
800,929,18031,1561,18031,380,256
800,929,18032,1561,18032,380,256
800,929,18033,1561,18033,380,256
800,929,18034,1561,18034,380,256
800,929,18035,1561,18035,380,256
800,929,18036,1561,18036,380,256
800,929,18037,1561,18037,380,256
800,929,18038,1561,18038,380,256
800,929,18039,1561,18039,380,256
800,929,18040,1561,18040,380,256
800,929,18041,1561,18041,380,256
800,929,18042,1561,18042,380,256
800,929,18043,1561,18043,380,256
800,929,18044,1561,18044,380,256
800,929,18045,1561,18045,380,256
800,929,18046,1561,18046,380,256
800,929,18047,1561,18047,380,256
800,929,18048,1561,18048,380,256
800,929,18049,1561,18049,380,256
800,929,18050,1561,18050,380,256
800,929,18051,1561,18051,380,256
800,929,18052,1561,18052,380,256
800,929,18053,1561,18053,380,256
800,929,18054,1561,18054,380,256
800,929,18055,1561,18055,380,256
800,929,18056,1561,18056,380,256
800,929,18057,1561,18057,380,256
800,929,18058,1561,18058,380,256
800,929,18059,1561,18059,380,256
800,929,18060,1561,18060,380,256
800,929,18061,1561,18061,380,256
800,929,18062,1561,18062,380,256
800,929,18063,1561,18063,380,256
800,929,18064,1561,18064,380,256
800,929,18065,1561,18065,380,256
800,929,18066,1561,18066,380,256
800,929,18067,1561,18067,380,256
800,929,18068,1561,18068,380,256
800,929,18069,1561,18069,380,256
800,929,18070,1561,18070,380,256
800,929,18071,1561,18071,380,256
800,929,18072,1561,18072,380,256
800,929,18073,1561,18073,380,256
800,929,18074,1561,18074,380,256
800,929,18075,1561,18075,380,256
800,929,18076,1561,18076,380,256
800,929,18077,1561,18077,380,256
800,929,18078,1561,18078,380,256
800,929,18079,1561,18079,380,256
800,929,18080,1561,18080,380,256
800,929,18081,1561,18081,380,256
800,929,18082,1561,18082,380,256
800,929,18083,1561,18083,380,256
800,929,18084,1561,18084,380,256
800,929,18085,1561,18085,380,256
800,929,18086,1561,18086,380,256
800,929,18087,1561,18087,380,256
800,929,18088,1561,18088,380,256
800,929,18089,1561,18089,380,256
800,929,18090,1561,18090,380,256
800,929,18091,1561,18091,380,256
800,929,18092,1561,18092,380,256
800,929,18093,1561,18093,380,256
800,929,18094,1561,18094,380,256
800,929,18095,1561,18095,380,256
800,929,18096,1561,18096,380,256
800,929,18097,1561,18097,380,256
800,929,18098,1561,18098,380,256
800,929,18099,1561,18099,380,256
800,929,18100,1561,18100,380,256
800,929,18101,1561,18101,380,256
800,929,18102,1561,18102,380,256
800,929,18103,1561,18103,380,256
800,929,18104,1561,18104,380,256
800,929,18105,1561,18105,380,256
800,929,18106,1561,18106,380,256
800,929,18107,1561,18107,380,256
800,929,18108,1561,18108,380,256
800,929,18109,1561,18109,380,256
800,929,18110,1561,18110,380,256
800,929,18111,1561,18111,380,256
800,929,18112,1561,18112,380,256
800,929,18113,1561,18113,380,256
800,929,18114,1561,18114,380,256
800,929,18115,1561,18115,380,256
800,929,18116,1561,18116,380,256
800,929,18117,1561,18117,380,256
800,929,18118,1561,18118,380,256
800,929,18119,1561,18119,380,256
800,929,18120,1561,18120,380,256
800,929,18121,1561,18121,380,256
800,929,18122,1561,18122,380,256
800,929,18123,1561,18123,380,256
800,929,18124,1561,18124,380,256
800,929,18125,1561,18125,380,256
800,929,18126,1561,18126,380,256
800,929,18127,1561,18127,380,256
800,929,18128,1561,18128,380,256
800,929,18129,1561,18129,380,256
800,929,18130,1561,18130,380,256
800,929,18131,1561,18131,380,256
800,929,18132,1561,18132,380,256
800,929,18133,1561,18133,380,256
800,929,18134,1561,18134,380,256
800,929,18135,1561,18135,380,256
800,929,18136,1561,18136,380,256
800,929,18137,1561,18137,380,256
800,929,18138,1561,18138,380,256
800,929,18139,1561,18139,380,256
800,929,18140,1561,18140,380,256
800,929,18141,1561,18141,380,256
800,929,18142,1561,18142,380,256
800,929,18143,1561,18143,380,256
800,929,18144,1561,18144,380,256
800,929,18145,1561,18145,380,256
800,929,18146,1561,18146,380,256
800,929,18147,1561,18147,380,256
800,929,18148,1561,18148,380,256
800,929,18149,1561,18149,380,256
800,929,18150,1561,18150,380,256
800,929,18151,1561,18151,380,256
800,929,18152,1561,18152,380,256
800,929,18153,1561,18153,380,256
800,929,18154,1561,18154,380,256
800,929,18155,1561,18155,380,256
800,929,18156,1561,18156,380,256
800,929,18157,1561,18157,380,256
800,929,18158,1561,18158,380,256
800,929,18159,1561,18159,380,256
800,929,18160,1561,18160,380,256
800,929,18161,1561,18161,380,256
800,929,18162,1561,18162,380,256
800,929,18163,1561,18163,380,256
800,929,18164,1561,18164,380,256
800,929,18165,1561,18165,380,256
800,929,18166,1561,18166,380,256
800,929,18167,1561,18167,380,256
800,929,18168,1561,18168,380,256
800,929,18169,1561,18169,380,256
800,929,18170,1561,18170,380,256
800,929,18171,1561,18171,380,256
800,929,18172,1561,18172,380,256
800,929,18173,1561,18173,380,256
800,929,18174,1561,18174,380,256
800,929,18175,1561,18175,380,256
800,929,18176,1561,18176,380,256
800,929,18177,1561,18177,380,256
800,929,18178,1561,18178,380,256
800,929,18179,1561,18179,380,256
800,929,18180,1561,18180,380,256
800,929,18181,1561,18181,380,256
800,929,18182,1561,18182,380,256
800,929,18183,1561,18183,380,256
800,929,18184,1561,18184,380,256
800,929,18185,1561,18185,380,256
800,929,18186,1561,18186,380,256
800,929,18187,1561,18187,380,256
800,929,18188,1561,18188,380,256
800,929,18189,1561,18189,380,256
800,929,18190,1561,18190,380,256
800,929,18191,1561,18191,380,256
800,929,18192,1561,18192,380,256
800,929,18193,1561,18193,380,256
800,929,18194,1561,18194,380,256
800,929,18195,1561,18195,380,256
800,929,18196,1561,18196,380,256
800,929,18197,1561,18197,380,256
800,929,18198,1561,18198,380,256
800,929,18199,1561,18199,380,256
800,929,18200,1561,18200,380,256
800,929,18201,1561,18201,380,256
800,929,18202,1561,18202,380,256
800,929,18203,1561,18203,380,256
800,929,18204,1561,18204,380,256
800,929,18205,1561,18205,380,256
800,929,18206,1561,18206,380,256
800,929,18207,1561,18207,380,256
800,929,18208,1561,18208,380,256
800,929,18209,1561,18209,380,256
800,929,18210,1561,18210,380,256
800,929,18211,1561,18211,380,256
800,929,18212,1561,18212,380,256
800,929,18213,1561,18213,380,256
800,929,18214,1561,18214,380,256
800,929,18215,1561,18215,380,256
800,929,18216,1561,18216,380,256
800,929,18217,1561,18217,380,256
800,929,18218,1561,18218,380,256
800,929,18219,1561,18219,380,256
800,929,18220,1561,18220,380,256
800,929,18221,1561,18221,380,256
800,929,18222,1561,18222,380,256
800,929,18223,1561,18223,380,256
800,929,18224,1561,18224,380,256
800,929,18225,1561,18225,380,256
800,929,18226,1561,18226,380,256
800,929,18227,1561,18227,380,256
800,929,18228,1561,18228,380,256
800,929,18229,1561,18229,380,256
800,929,18230,1561,18230,380,256
800,929,18231,1561,18231,380,256
800,929,18232,1561,18232,380,256
800,929,18233,1561,18233,380,256
800,929,18234,1561,18234,380,256
800,929,18235,1561,18235,380,256
800,929,18236,1561,18236,380,256
800,929,18237,1561,18237,380,256
800,929,18238,1561,18238,380,256
800,929,18239,1561,18239,380,256
800,929,18240,1561,18240,380,256
800,929,18241,1561,18241,380,256
800,929,18242,1561,18242,380,256
800,929,18243,1561,18243,380,256
800,929,18244,1561,18244,380,256
800,929,18245,1561,18245,380,256
800,929,18246,1561,18246,380,256
800,929,18247,1561,18247,380,256
800,929,18248,1561,18248,380,256
800,929,18249,1561,18249,380,256
800,929,18250,1561,18250,380,256
800,929,18251,1561,18251,380,256
800,929,18252,1561,18252,380,256
800,929,18253,1561,18253,380,256
800,929,18254,1561,18254,380,256
800,929,18255,1561,18255,380,256
800,929,18256,1561,18256,380,256
800,929,18257,1561,18257,380,256
800,929,18258,1561,18258,380,256
800,929,18259,1561,18259,380,256
800,929,18260,1561,18260,380,256
800,929,18261,1561,18261,380,256
800,929,18262,1561,18262,380,256
800,929,18263,1561,18263,380,256
800,929,18264,1561,18264,380,256
800,929,18265,1561,18265,380,256
800,929,18266,1561,18266,380,256
800,929,18267,1561,18267,380,256
800,929,18268,1561,18268,380,256
800,929,18269,1561,18269,380,256
800,929,18270,1561,18270,380,256
800,929,18271,1561,18271,380,256
800,929,18272,1561,18272,380,256
800,929,18273,1561,18273,380,256
800,929,18274,1561,18274,380,256
800,929,18275,1561,18275,380,256
800,929,18276,1561,18276,380,256
800,929,18277,1561,18277,380,256
800,929,18278,1561,18278,380,256
800,929,18279,1561,18279,380,256
800,929,18280,1561,18280,380,256
800,929,18281,1561,18281,380,256
800,929,18282,1561,18282,380,256
800,929,18283,1561,18283,380,256
800,929,18284,1561,18284,380,256
800,929,18285,1561,18285,380,256
800,929,18286,1561,18286,380,256
800,929,18287,1561,18287,380,256
800,929,18288,1561,18288,380,256
800,929,18289,1561,18289,380,256
800,929,18290,1561,18290,380,256
800,929,18291,1561,18291,380,256
800,929,18292,1561,18292,380,256
800,929,18293,1561,18293,380,256
800,929,18294,1561,18294,380,256
800,929,18295,1561,18295,380,256
800,929,18296,1561,18296,380,256
800,929,18297,1561,18297,380,256
800,929,18298,1561,18298,380,256
800,929,18299,1561,18299,380,256
800,929,18300,1561,18300,380,256
800,929,18301,1561,18301,380,256
800,929,18302,1561,18302,380,256
800,929,18303,1561,18303,380,256
800,929,18304,1561,18304,380,256
800,929,18305,1561,18305,380,256
800,929,18306,1561,18306,380,256
800,929,18307,1561,18307,380,256
800,929,18308,1561,18308,380,256
800,929,18309,1561,18309,380,256
800,929,18310,1561,18310,380,256
800,929,18311,1561,18311,380,256
800,929,18312,1561,18312,380,256
800,929,18313,1561,18313,380,256
800,929,18314,1561,18314,380,256
800,929,18315,1561,18315,380,256
800,929,18316,1561,18316,380,256
800,929,18317,1561,18317,380,256
800,929,18318,1561,18318,380,256
800,929,18319,1561,18319,380,256
800,929,18320,1561,18320,380,256
800,929,18321,1561,18321,380,256
800,929,18322,1561,18322,380,256
800,929,18323,1561,18323,380,256
800,929,18324,1561,18324,380,256
800,929,18325,1561,18325,380,256
800,929,18326,1561,18326,380,256
800,929,18327,1561,18327,380,256
800,929,18328,1561,18328,380,256
800,929,18329,1561,18329,380,256
800,929,18330,1561,18330,380,256
800,929,18331,1561,18331,380,256
800,929,18332,1561,18332,380,256
800,929,18333,1561,18333,380,256
800,929,18334,1561,18334,380,256
800,929,18335,1561,18335,380,256
800,929,18336,1561,18336,380,256
800,929,18337,1561,18337,380,256
800,929,18338,1561,18338,380,256
800,929,18339,1561,18339,380,256
800,929,18340,1561,18340,380,256
800,929,18341,1561,18341,380,256
800,929,18342,1561,18342,380,256
800,929,18343,1561,18343,380,256
800,929,18344,1561,18344,380,256
800,929,18345,1561,18345,380,256
800,929,18346,1561,18346,380,256
800,929,18347,1561,18347,380,256
800,929,18348,1561,18348,380,256
800,929,18349,1561,18349,380,256
800,929,18350,1561,18350,380,256
800,929,18351,1561,18351,380,256
800,929,18352,1561,18352,380,256
800,929,18353,1561,18353,380,256
800,929,18354,1561,18354,380,256
800,929,18355,1561,18355,380,256
800,929,18356,1561,18356,380,256
800,929,18357,1561,18357,380,256
800,929,18358,1561,18358,380,256
800,929,18359,1561,18359,380,256
800,929,18360,1561,18360,380,256
800,929,18361,1561,18361,380,256
800,929,18362,1561,18362,380,256
800,929,18363,1561,18363,380,256
800,929,18364,1561,18364,380,256
800,929,18365,1561,18365,380,256
800,929,18366,1561,18366,380,256
800,929,18367,1561,18367,380,256
800,929,18368,1561,18368,380,256
800,929,18369,1561,18369,380,256
800,929,18370,1561,18370,380,256
800,929,18371,1561,18371,380,256
800,929,18372,1561,18372,380,256
800,929,18373,1561,18373,380,256
800,929,18374,1561,18374,380,256
800,929,18375,1561,18375,380,256
800,929,18376,1561,18376,380,256
800,929,18377,1561,18377,380,256
800,929,18378,1561,18378,380,256
800,929,18379,1561,18379,380,256
800,929,18380,1561,18380,380,256
800,929,18381,1561,18381,380,256
800,929,18382,1561,18382,380,256
800,929,18383,1561,18383,380,256
800,929,18384,1561,18384,380,256
800,929,18385,1561,18385,380,256
800,929,18386,1561,18386,380,256
800,929,18387,1561,18387,380,256
800,929,18388,1561,18388,380,256
800,929,18389,1561,18389,380,256
800,929,18390,1561,18390,380,256
800,929,18391,1561,18391,380,256
800,929,18392,1561,18392,380,256
800,929,18393,1561,18393,380,256
800,929,18394,1561,18394,380,256
800,929,18395,1561,18395,380,256
800,929,18396,1561,18396,380,256
800,929,18397,1561,18397,380,256
800,929,18398,1561,18398,380,256
800,929,18399,1561,18399,380,256
800,929,18400,1561,18400,380,256
800,929,18401,1561,18401,380,256
800,929,18402,1561,18402,380,256
800,929,18403,1561,18403,380,256
800,929,18404,1561,18404,380,256
800,929,18405,1561,18405,380,256
800,929,18406,1561,18406,380,256
800,929,18407,1561,18407,380,256
800,929,18408,1561,18408,380,256
800,929,18409,1561,18409,380,256
800,929,18410,1561,18410,380,256
800,929,18411,1561,18411,380,256
800,929,18412,1561,18412,380,256
800,929,18413,1561,18413,380,256
800,929,18414,1561,18414,380,256
800,929,18415,1561,18415,380,256
800,929,18416,1561,18416,380,256
800,929,18417,1561,18417,380,256
800,929,18418,1561,18418,380,256
800,929,18419,1561,18419,380,256
800,929,18420,1561,18420,380,256
800,929,18421,1561,18421,380,256
800,929,18422,1561,18422,380,256
800,929,18423,1561,18423,380,256
800,929,18424,1561,18424,380,256
800,929,18425,1561,18425,380,256
800,929,18426,1561,18426,380,256
800,929,18427,1561,18427,380,256
800,929,18428,1561,18428,380,256
800,929,18429,1561,18429,380,256
800,929,18430,1561,18430,380,256
800,929,18431,1561,18431,380,256
800,929,18432,1561,18432,380,256
800,929,18433,1561,18433,380,256
800,929,18434,1561,18434,380,256
800,929,18435,1561,18435,380,256
800,929,18436,1561,18436,380,256
800,929,18437,1561,18437,380,256
800,929,18438,1561,18438,380,256
800,929,18439,1561,18439,380,256
800,929,18440,1561,18440,380,256
800,929,18441,1561,18441,380,256
800,929,18442,1561,18442,380,256
800,929,18443,1561,18443,380,256
800,929,18444,1561,18444,380,256
800,929,18445,1561,18445,380,256
800,929,18446,1561,18446,380,256
800,929,18447,1561,18447,380,256
800,929,18448,1561,18448,380,256
800,929,18449,1561,18449,380,256
800,929,18450,1561,18450,380,256
800,929,18451,1561,18451,380,256
800,929,18452,1561,18452,380,256
800,929,18453,1561,18453,380,256
800,929,18454,1561,18454,380,256
800,929,18455,1561,18455,380,256
800,929,18456,1561,18456,380,256
800,929,18457,1561,18457,380,256
800,929,18458,1561,18458,380,256
800,929,18459,1561,18459,380,256
800,929,18460,1561,18460,380,256
800,929,18461,1561,18461,380,256
800,929,18462,1561,18462,380,256
800,929,18463,1561,18463,380,256
800,929,18464,1561,18464,380,256
800,929,18465,1561,18465,380,256
800,929,18466,1561,18466,380,256
800,929,18467,1561,18467,380,256
800,929,18468,1561,18468,380,256
800,929,18469,1561,18469,380,256
800,929,18470,1561,18470,380,256
800,929,18471,1561,18471,380,256
800,929,18472,1561,18472,380,256
800,929,18473,1561,18473,380,256
800,929,18474,1561,18474,380,256
800,929,18475,1561,18475,380,256
800,929,18476,1561,18476,380,256
800,929,18477,1561,18477,380,256
800,929,18478,1561,18478,380,256
800,929,18479,1561,18479,380,256
800,929,18480,1561,18480,380,256
800,929,18481,1561,18481,380,256
800,929,18482,1561,18482,380,256
800,929,18483,1561,18483,380,256
800,929,18484,1561,18484,380,256
800,929,18485,1561,18485,380,256
800,929,18486,1561,18486,380,256
800,929,18487,1561,18487,380,256
800,929,18488,1561,18488,380,256
800,929,18489,1561,18489,380,256
800,929,18490,1561,18490,380,256
800,929,18491,1561,18491,380,256
800,929,18492,1561,18492,380,256
800,929,18493,1561,18493,380,256
800,929,18494,1561,18494,380,256
800,929,18495,1561,18495,380,256
800,929,18496,1561,18496,380,256
800,929,18497,1561,18497,380,256
800,929,18498,1561,18498,380,256
800,929,18499,1561,18499,380,256
800,929,18500,1561,18500,380,256
800,929,18501,1561,18501,380,256
800,929,18502,1561,18502,380,256
800,929,18503,1561,18503,380,256
800,929,18504,1561,18504,380,256
800,929,18505,1561,18505,380,256
800,929,18506,1561,18506,380,256
800,929,18507,1561,18507,380,256
800,929,18508,1561,18508,380,256
800,929,18509,1561,18509,380,256
800,929,18510,1561,18510,380,256
800,929,18511,1561,18511,380,256
800,929,18512,1561,18512,380,256
800,929,18513,1561,18513,380,256
800,929,18514,1561,18514,380,256
800,929,18515,1561,18515,380,256
800,929,18516,1561,18516,380,256
800,929,18517,1561,18517,380,256
800,929,18518,1561,18518,380,256
800,929,18519,1561,18519,380,256
800,929,18520,1561,18520,380,256
800,929,18521,1561,18521,380,256
800,929,18522,1561,18522,380,256
800,929,18523,1561,18523,380,256
800,929,18524,1561,18524,380,256
800,929,18525,1561,18525,380,256
800,929,18526,1561,18526,380,256
800,929,18527,1561,18527,380,256
800,929,18528,1561,18528,380,256
800,929,18529,1561,18529,380,256
800,929,18530,1561,18530,380,256
800,929,18531,1561,18531,380,256
800,929,18532,1561,18532,380,256
800,929,18533,1561,18533,380,256
800,929,18534,1561,18534,380,256
800,929,18535,1561,18535,380,256
800,929,18536,1561,18536,380,256
800,929,18537,1561,18537,380,256
800,929,18538,1561,18538,380,256
800,929,18539,1561,18539,380,256
800,929,18540,1561,18540,380,256
800,929,18541,1561,18541,380,256
800,929,18542,1561,18542,380,256
800,929,18543,1561,18543,380,256
800,929,18544,1561,18544,380,256
800,929,18545,1561,18545,380,256
800,929,18546,1561,18546,380,256
800,929,18547,1561,18547,380,256
800,929,18548,1561,18548,380,256
800,929,18549,1561,18549,380,256
800,929,18550,1561,18550,380,256
800,929,18551,1561,18551,380,256
800,929,18552,1561,18552,380,256
800,929,18553,1561,18553,380,256
800,929,18554,1561,18554,380,256
800,929,18555,1561,18555,380,256
800,929,18556,1561,18556,380,256
800,929,18557,1561,18557,380,256
800,929,18558,1561,18558,380,256
800,929,18559,1561,18559,380,256
800,929,18560,1561,18560,380,256
800,929,18561,1561,18561,380,256
800,929,18562,1561,18562,380,256
800,929,18563,1561,18563,380,256
800,929,18564,1561,18564,380,256
800,929,18565,1561,18565,380,256
800,929,18566,1561,18566,380,256
800,929,18567,1561,18567,380,256
800,929,18568,1561,18568,380,256
800,929,18569,1561,18569,380,256
800,929,18570,1561,18570,380,256
800,929,18571,1561,18571,380,256
800,929,18572,1561,18572,380,256
800,929,18573,1561,18573,380,256
800,929,18574,1561,18574,380,256
800,929,18575,1561,18575,380,256
800,929,18576,1561,18576,380,256
800,929,18577,1561,18577,380,256
800,929,18578,1561,18578,380,256
800,929,18579,1561,18579,380,256
800,929,18580,1561,18580,380,256
800,929,18581,1561,18581,380,256
800,929,18582,1561,18582,380,256
800,929,18583,1561,18583,380,256
800,929,18584,1561,18584,380,256
800,929,18585,1561,18585,380,256
800,929,18586,1561,18586,380,256
800,929,18587,1561,18587,380,256
800,929,18588,1561,18588,380,256
800,929,18589,1561,18589,380,256
800,929,18590,1561,18590,380,256
800,929,18591,1561,18591,380,256
800,929,18592,1561,18592,380,256
800,929,18593,1561,18593,380,256
800,929,18594,1561,18594,380,256
800,929,18595,1561,18595,380,256
800,929,18596,1561,18596,380,256
800,929,18597,1561,18597,380,256
800,929,18598,1561,18598,380,256
800,929,18599,1561,18599,380,256
800,929,18600,1561,18600,380,256
800,929,18601,1561,18601,380,256
800,929,18602,1561,18602,380,256
800,929,18603,1561,18603,380,256
800,929,18604,1561,18604,380,256
800,929,18605,1561,18605,380,256
800,929,18606,1561,18606,380,256
800,929,18607,1561,18607,380,256
800,929,18608,1561,18608,380,256
800,929,18609,1561,18609,380,256
800,929,18610,1561,18610,380,256
800,929,18611,1561,18611,380,256
800,929,18612,1561,18612,380,256
800,929,18613,1561,18613,380,256
800,929,18614,1561,18614,380,256
800,929,18615,1561,18615,380,256
800,929,18616,1561,18616,380,256
800,929,18617,1561,18617,380,256
800,929,18618,1561,18618,380,256
800,929,18619,1561,18619,380,256
800,929,18620,1561,18620,380,256
800,929,18621,1561,18621,380,256
800,929,18622,1561,18622,380,256
800,929,18623,1561,18623,380,256
800,929,18624,1561,18624,380,256
800,929,18625,1561,18625,380,256
800,929,18626,1561,18626,380,256
800,929,18627,1561,18627,380,256
800,929,18628,1561,18628,380,256
800,929,18629,1561,18629,380,256
800,929,18630,1561,18630,380,256
800,929,18631,1561,18631,380,256
800,929,18632,1561,18632,380,256
800,929,18633,1561,18633,380,256
800,929,18634,1561,18634,380,256
800,929,18635,1561,18635,380,256
800,929,18636,1561,18636,380,256
800,929,18637,1561,18637,380,256
800,929,18638,1561,18638,380,256
800,929,18639,1561,18639,380,256
800,929,18640,1561,18640,380,256
800,929,18641,1561,18641,380,256
800,929,18642,1561,18642,380,256
800,929,18643,1561,18643,380,256
800,929,18644,1561,18644,380,256
800,929,18645,1561,18645,380,256
800,929,18646,1561,18646,380,256
800,929,18647,1561,18647,380,256
800,929,18648,1561,18648,380,256
800,929,18649,1561,18649,380,256
800,929,18650,1561,18650,380,256
800,929,18651,1561,18651,380,256
800,929,18652,1561,18652,380,256
800,929,18653,1561,18653,380,256
800,929,18654,1561,18654,380,256
800,929,18655,1561,18655,380,256
800,929,18656,1561,18656,380,256
800,929,18657,1561,18657,380,256
800,929,18658,1561,18658,380,256
800,929,18659,1561,18659,380,256
800,929,18660,1561,18660,380,256
800,929,18661,1561,18661,380,256
800,929,18662,1561,18662,380,256
800,929,18663,1561,18663,380,256
800,929,18664,1561,18664,380,256
800,929,18665,1561,18665,380,256
800,929,18666,1561,18666,380,256
800,929,18667,1561,18667,380,256
800,929,18668,1561,18668,380,256
800,929,18669,1561,18669,380,256
800,929,18670,1561,18670,380,256
800,929,18671,1561,18671,380,256
800,929,18672,1561,18672,380,256
800,929,18673,1561,18673,380,256
800,929,18674,1561,18674,380,256
800,929,18675,1561,18675,380,256
800,929,18676,1561,18676,380,256
800,929,18677,1561,18677,380,256
800,929,18678,1561,18678,380,256
800,929,18679,1561,18679,380,256
800,929,18680,1561,18680,380,256
800,929,18681,1561,18681,380,256
800,929,18682,1561,18682,380,256
800,929,18683,1561,18683,380,256
800,929,18684,1561,18684,380,256
800,929,18685,1561,18685,380,256
800,929,18686,1561,18686,380,256
800,929,18687,1561,18687,380,256
800,929,18688,1561,18688,380,256
800,929,18689,1561,18689,380,256
800,929,18690,1561,18690,380,256
800,929,18691,1561,18691,380,256
800,929,18692,1561,18692,380,256
800,929,18693,1561,18693,380,256
800,929,18694,1561,18694,380,256
800,929,18695,1561,18695,380,256
800,929,18696,1561,18696,380,256
800,929,18697,1561,18697,380,256
800,929,18698,1561,18698,380,256
800,929,18699,1561,18699,380,256
800,929,18700,1561,18700,380,256
800,929,18701,1561,18701,380,256
800,929,18702,1561,18702,380,256
800,929,18703,1561,18703,380,256
800,929,18704,1561,18704,380,256
800,929,18705,1561,18705,380,256
800,929,18706,1561,18706,380,256
800,929,18707,1561,18707,380,256
800,929,18708,1561,18708,380,256
800,929,18709,1561,18709,380,256
800,929,18710,1561,18710,380,256
800,929,18711,1561,18711,380,256
800,929,18712,1561,18712,380,256
800,929,18713,1561,18713,380,256
800,929,18714,1561,18714,380,256
800,929,18715,1561,18715,380,256
800,929,18716,1561,18716,380,256
800,929,18717,1561,18717,380,256
800,929,18718,1561,18718,380,256
800,929,18719,1561,18719,380,256
800,929,18720,1561,18720,380,256
800,929,18721,1561,18721,380,256
800,929,18722,1561,18722,380,256
800,929,18723,1561,18723,380,256
800,929,18724,1561,18724,380,256
800,929,18725,1561,18725,380,256
800,929,18726,1561,18726,380,256
800,929,18727,1561,18727,380,256
800,929,18728,1561,18728,380,256
800,929,18729,1561,18729,380,256
800,929,18730,1561,18730,380,256
800,929,18731,1561,18731,380,256
800,929,18732,1561,18732,380,256
800,929,18733,1561,18733,380,256
800,929,18734,1561,18734,380,256
800,929,18735,1561,18735,380,256
800,929,18736,1561,18736,380,256
800,929,18737,1561,18737,380,256
800,929,18738,1561,18738,380,256
800,929,18739,1561,18739,380,256
800,929,18740,1561,18740,380,256
800,929,18741,1561,18741,380,256
800,929,18742,1561,18742,380,256
800,929,18743,1561,18743,380,256
800,929,18744,1561,18744,380,256
800,929,18745,1561,18745,380,256
800,929,18746,1561,18746,380,256
800,929,18747,1561,18747,380,256
800,929,18748,1561,18748,380,256
800,929,18749,1561,18749,380,256
800,929,18750,1561,18750,380,256
800,929,18751,1561,18751,380,256
800,929,18752,1561,18752,380,256
800,929,18753,1561,18753,380,256
800,929,18754,1561,18754,380,256
800,929,18755,1561,18755,380,256
800,929,18756,1561,18756,380,256
800,929,18757,1561,18757,380,256
800,929,18758,1561,18758,380,256
800,929,18759,1561,18759,380,256
800,929,18760,1561,18760,380,256
800,929,18761,1561,18761,380,256
800,929,18762,1561,18762,380,256
800,929,18763,1561,18763,380,256
800,929,18764,1561,18764,380,256
800,929,18765,1561,18765,380,256
800,929,18766,1561,18766,380,256
800,929,18767,1561,18767,380,256
800,929,18768,1561,18768,380,256
800,929,18769,1561,18769,380,256
800,929,18770,1561,18770,380,256
800,929,18771,1561,18771,380,256
800,929,18772,1561,18772,380,256
800,929,18773,1561,18773,380,256
800,929,18774,1561,18774,380,256
800,929,18775,1561,18775,380,256
800,929,18776,1561,18776,380,256
800,929,18777,1561,18777,380,256
800,929,18778,1561,18778,380,256
800,929,18779,1561,18779,380,256
800,929,18780,1561,18780,380,256
800,929,18781,1561,18781,380,256
800,929,18782,1561,18782,380,256
800,929,18783,1561,18783,380,256
800,929,18784,1561,18784,380,256
800,929,18785,1561,18785,380,256
800,929,18786,1561,18786,380,256
800,929,18787,1561,18787,380,256
800,929,18788,1561,18788,380,256
800,929,18789,1561,18789,380,256
800,929,18790,1561,18790,380,256
800,929,18791,1561,18791,380,256
800,929,18792,1561,18792,380,256
800,929,18793,1561,18793,380,256
800,929,18794,1561,18794,380,256
800,929,18795,1561,18795,380,256
800,929,18796,1561,18796,380,256
800,929,18797,1561,18797,380,256
800,929,18798,1561,18798,380,256
800,929,18799,1561,18799,380,256
800,929,18800,1561,18800,380,256
800,929,18801,1561,18801,380,256
800,929,18802,1561,18802,380,256
800,929,18803,1561,18803,380,256
800,929,18804,1561,18804,380,256
800,929,18805,1561,18805,380,256
800,929,18806,1561,18806,380,256
800,929,18807,1561,18807,380,256
800,929,18808,1561,18808,380,256
800,929,18809,1561,18809,380,256
800,929,18810,1561,18810,380,256
800,929,18811,1561,18811,380,256
800,929,18812,1561,18812,380,256
800,929,18813,1561,18813,380,256
800,929,18814,1561,18814,380,256
800,929,18815,1561,18815,380,256
800,929,18816,1561,18816,380,256
800,929,18817,1561,18817,380,256
800,929,18818,1561,18818,380,256
800,929,18819,1561,18819,380,256
800,929,18820,1561,18820,380,256
800,929,18821,1561,18821,380,256
800,929,18822,1561,18822,380,256
800,929,18823,1561,18823,380,256
800,929,18824,1561,18824,380,256
800,929,18825,1561,18825,380,256
800,929,18826,1561,18826,380,256
800,929,18827,1561,18827,380,256
800,929,18828,1561,18828,380,256
800,929,18829,1561,18829,380,256
800,929,18830,1561,18830,380,256
800,929,18831,1561,18831,380,256
800,929,18832,1561,18832,380,256
800,929,18833,1561,18833,380,256
800,929,18834,1561,18834,380,256
800,929,18835,1561,18835,380,256
800,929,18836,1561,18836,380,256
800,929,18837,1561,18837,380,256
800,929,18838,1561,18838,380,256
800,929,18839,1561,18839,380,256
800,929,18840,1561,18840,380,256
800,929,18841,1561,18841,380,256
800,929,18842,1561,18842,380,256
800,929,18843,1561,18843,380,256
800,929,18844,1561,18844,380,256
800,929,18845,1561,18845,380,256
800,929,18846,1561,18846,380,256
800,929,18847,1561,18847,380,256
800,929,18848,1561,18848,380,256
800,929,18849,1561,18849,380,256
800,929,18850,1561,18850,380,256
800,929,18851,1561,18851,380,256
800,929,18852,1561,18852,380,256
800,929,18853,1561,18853,380,256
800,929,18854,1561,18854,380,256
800,929,18855,1561,18855,380,256
800,929,18856,1561,18856,380,256
800,929,18857,1561,18857,380,256
800,929,18858,1561,18858,380,256
800,929,18859,1561,18859,380,256
800,929,18860,1561,18860,380,256
800,929,18861,1561,18861,380,256
800,929,18862,1561,18862,380,256
800,929,18863,1561,18863,380,256
800,929,18864,1561,18864,380,256
800,929,18865,1561,18865,380,256
800,929,18866,1561,18866,380,256
800,929,18867,1561,18867,380,256
800,929,18868,1561,18868,380,256
800,929,18869,1561,18869,380,256
800,929,18870,1561,18870,380,256
800,929,18871,1561,18871,380,256
800,929,18872,1561,18872,380,256
800,929,18873,1561,18873,380,256
800,929,18874,1561,18874,380,256
800,929,18875,1561,18875,380,256
800,929,18876,1561,18876,380,256
800,929,18877,1561,18877,380,256
800,929,18878,1561,18878,380,256
800,929,18879,1561,18879,380,256
800,929,18880,1561,18880,380,256
800,929,18881,1561,18881,380,256
800,929,18882,1561,18882,380,256
800,929,18883,1561,18883,380,256
800,929,18884,1561,18884,380,256
800,929,18885,1561,18885,380,256
800,929,18886,1561,18886,380,256
800,929,18887,1561,18887,380,256
800,929,18888,1561,18888,380,256
800,929,18889,1561,18889,380,256
800,929,18890,1561,18890,380,256
800,929,18891,1561,18891,380,256
800,929,18892,1561,18892,380,256
800,929,18893,1561,18893,380,256
800,929,18894,1561,18894,380,256
800,929,18895,1561,18895,380,256
800,929,18896,1561,18896,380,256
800,929,18897,1561,18897,380,256
800,929,18898,1561,18898,380,256
800,929,18899,1561,18899,380,256
800,929,18900,1561,18900,380,256
800,929,18901,1561,18901,380,256
800,929,18902,1561,18902,380,256
800,929,18903,1561,18903,380,256
800,929,18904,1561,18904,380,256
800,929,18905,1561,18905,380,256
800,929,18906,1561,18906,380,256
800,929,18907,1561,18907,380,256
800,929,18908,1561,18908,380,256
800,929,18909,1561,18909,380,256
800,929,18910,1561,18910,380,256
800,929,18911,1561,18911,380,256
800,929,18912,1561,18912,380,256
800,929,18913,1561,18913,380,256
800,929,18914,1561,18914,380,256
800,929,18915,1561,18915,380,256
800,929,18916,1561,18916,380,256
800,929,18917,1561,18917,380,256
800,929,18918,1561,18918,380,256
800,929,18919,1561,18919,380,256
800,929,18920,1561,18920,380,256
800,929,18921,1561,18921,380,256
800,929,18922,1561,18922,380,256
800,929,18923,1561,18923,380,256
800,929,18924,1561,18924,380,256
800,929,18925,1561,18925,380,256
800,929,18926,1561,18926,380,256
800,929,18927,1561,18927,380,256
800,929,18928,1561,18928,380,256
800,929,18929,1561,18929,380,256
800,929,18930,1561,18930,380,256
800,929,18931,1561,18931,380,256
800,929,18932,1561,18932,380,256
800,929,18933,1561,18933,380,256
800,929,18934,1561,18934,380,256
800,929,18935,1561,18935,380,256
800,929,18936,1561,18936,380,256
800,929,18937,1561,18937,380,256
800,929,18938,1561,18938,380,256
800,929,18939,1561,18939,380,256
800,929,18940,1561,18940,380,256
800,929,18941,1561,18941,380,256
800,929,18942,1561,18942,380,256
800,929,18943,1561,18943,380,256
800,929,18944,1561,18944,380,256
800,929,18945,1561,18945,380,256
800,929,18946,1561,18946,380,256
800,929,18947,1561,18947,380,256
800,929,18948,1561,18948,380,256
800,929,18949,1561,18949,380,256
800,929,18950,1561,18950,380,256
800,929,18951,1561,18951,380,256
800,929,18952,1561,18952,380,256
800,929,18953,1561,18953,380,256
800,929,18954,1561,18954,380,256
800,929,18955,1561,18955,380,256
800,929,18956,1561,18956,380,256
800,929,18957,1561,18957,380,256
800,929,18958,1561,18958,380,256
800,929,18959,1561,18959,380,256
800,929,18960,1561,18960,380,256
800,929,18961,1561,18961,380,256
800,929,18962,1561,18962,380,256
800,929,18963,1561,18963,380,256
800,929,18964,1561,18964,380,256
800,929,18965,1561,18965,380,256
800,929,18966,1561,18966,380,256
800,929,18967,1561,18967,380,256
800,929,18968,1561,18968,380,256
800,929,18969,1561,18969,380,256
800,929,18970,1561,18970,380,256
800,929,18971,1561,18971,380,256
800,929,18972,1561,18972,380,256
800,929,18973,1561,18973,380,256
800,929,18974,1561,18974,380,256
800,929,18975,1561,18975,380,256
800,929,18976,1561,18976,380,256
800,929,18977,1561,18977,380,256
800,929,18978,1561,18978,380,256
800,929,18979,1561,18979,380,256
800,929,18980,1561,18980,380,256
800,929,18981,1561,18981,380,256
800,929,18982,1561,18982,380,256
800,929,18983,1561,18983,380,256
800,929,18984,1561,18984,380,256
800,929,18985,1561,18985,380,256
800,929,18986,1561,18986,380,256
800,929,18987,1561,18987,380,256
800,929,18988,1561,18988,380,256
800,929,18989,1561,18989,380,256
800,929,18990,1561,18990,380,256
800,929,18991,1561,18991,380,256
800,929,18992,1561,18992,380,256
800,929,18993,1561,18993,380,256
801,929,18994,1561,18994,380,256
802,929,18995,1561,18995,380,256
803,929,18996,1561,18996,380,256
803,929,18997,1561,18997,380,256
804,929,18998,1561,18998,380,256
805,929,18999,1561,18999,380,256
806,929,19000,1561,19000,380,256
807,929,19001,1561,19001,380,256
808,929,19002,1561,19002,380,256
809,929,19003,1561,19003,380,256
810,929,19004,1561,19004,380,256
811,929,19005,1561,19005,380,256
811,929,19006,1561,19006,380,256
811,929,19007,1561,19007,380,256
812,929,19008,1561,19008,380,256
812,929,19009,1561,19009,380,256
813,929,19010,1561,19010,380,256
813,929,19011,1561,19011,380,256
814,929,19012,1561,19012,380,256
815,929,19013,1561,19013,380,256
816,929,19014,1561,19014,380,256
817,929,19015,1561,19015,380,256
818,929,19016,1561,19016,380,256
819,929,19017,1561,19017,380,256
820,929,19018,1561,19018,380,256
820,929,19019,1561,19019,380,256
821,929,19020,1561,19020,380,256
822,929,19021,1561,19021,380,256
823,929,19022,1561,19022,380,256
823,929,19023,1561,19023,380,256
824,929,19024,1561,19024,380,256
824,929,19025,1561,19025,380,256
824,929,19026,1561,19026,380,256
824,929,19027,1561,19027,380,256
825,929,19028,1561,19028,380,256
826,929,19029,1561,19029,380,256
826,929,19030,1561,19030,380,256
827,929,19031,1561,19031,380,256
828,929,19032,1561,19032,380,256
828,929,19033,1561,19033,380,256
828,929,19034,1561,19034,380,256
829,929,19035,1561,19035,380,256
830,929,19036,1561,19036,380,256
831,929,19037,1561,19037,380,256
831,929,19038,1561,19038,380,256
831,929,19039,1561,19039,380,256
832,929,19040,1561,19040,380,256
832,929,19041,1561,19041,380,256
832,929,19042,1561,19042,380,256
832,929,19043,1561,19043,380,256
833,929,19044,1561,19044,380,256
834,929,19045,1561,19045,380,256
835,929,19046,1561,19046,380,256
835,929,19047,1561,19047,380,256
836,929,19048,1561,19048,380,256
836,929,19049,1561,19049,380,256
836,929,19050,1561,19050,380,256
836,929,19051,1561,19051,380,256
836,929,19052,1561,19052,380,256
837,929,19053,1561,19053,380,256
837,929,19054,1561,19054,380,256
838,929,19055,1561,19055,380,256
838,929,19056,1561,19056,380,256
838,929,19057,1561,19057,380,256
839,929,19058,1561,19058,380,256
840,929,19059,1561,19059,380,256
841,929,19060,1561,19060,380,256
842,929,19061,1561,19061,380,256
842,929,19062,1561,19062,380,256
842,929,19063,1561,19063,380,256
843,929,19064,1561,19064,380,256
844,929,19065,1561,19065,380,256
844,929,19066,1561,19066,380,256
845,929,19067,1561,19067,380,256
845,929,19068,1561,19068,380,256
846,929,19069,1561,19069,380,256
846,929,19070,1561,19070,380,256
846,929,19071,1561,19071,380,256
847,929,19072,1561,19072,380,256
847,929,19073,1561,19073,380,256
848,929,19074,1561,19074,380,256
849,929,19075,1561,19075,380,256
849,929,19076,1561,19076,380,256
850,929,19077,1561,19077,380,256
850,929,19078,1561,19078,380,256
850,929,19079,1561,19079,380,256
850,929,19080,1561,19080,380,256
850,929,19081,1561,19081,380,256
850,929,19082,1561,19082,380,256
851,929,19083,1561,19083,380,256
852,929,19084,1561,19084,380,256
853,929,19085,1561,19085,380,256
854,929,19086,1561,19086,380,256
854,929,19087,1561,19087,380,256
854,929,19088,1561,19088,380,256
854,929,19089,1561,19089,380,256
855,929,19090,1561,19090,380,256
855,929,19091,1561,19091,380,256
856,929,19092,1561,19092,380,256
857,929,19093,1561,19093,380,256
858,929,19094,1561,19094,380,256
859,929,19095,1561,19095,380,256
859,929,19096,1561,19096,380,256
859,929,19097,1561,19097,380,256
859,929,19098,1561,19098,380,256
859,929,19099,1561,19099,380,256
860,929,19100,1561,19100,380,256
861,929,19101,1561,19101,380,256
861,929,19102,1561,19102,380,256
862,929,19103,1561,19103,380,256
862,929,19104,1561,19104,380,256
862,929,19105,1561,19105,380,256
862,929,19106,1561,19106,380,256
862,929,19107,1561,19107,380,256
863,929,19108,1561,19108,380,256
863,929,19109,1561,19109,380,256
864,929,19110,1561,19110,380,256
864,929,19111,1561,19111,380,256
864,929,19112,1561,19112,380,256
864,929,19113,1561,19113,380,256
864,929,19114,1561,19114,380,256
865,929,19115,1561,19115,380,256
865,929,19116,1561,19116,380,256
865,929,19117,1561,19117,380,256
866,929,19118,1561,19118,380,256
866,929,19119,1561,19119,380,256
866,929,19120,1561,19120,380,256
866,929,19121,1561,19121,380,256
866,929,19122,1561,19122,380,256
867,929,19123,1561,19123,380,256
867,929,19124,1561,19124,380,256
867,929,19125,1561,19125,380,256
867,929,19126,1561,19126,380,256
867,929,19127,1561,19127,380,256
868,929,19128,1561,19128,380,256
869,929,19129,1561,19129,380,256
869,929,19130,1561,19130,380,256
870,929,19131,1561,19131,380,256
871,929,19132,1561,19132,380,256
872,929,19133,1561,19133,380,256
872,929,19134,1561,19134,380,256
872,929,19135,1561,19135,380,256
872,929,19136,1561,19136,380,256
872,929,19137,1561,19137,380,256
873,929,19138,1561,19138,380,256
873,929,19139,1561,19139,380,256
874,929,19140,1561,19140,380,256
875,929,19141,1561,19141,380,256
876,929,19142,1561,19142,380,256
876,929,19143,1561,19143,380,256
876,929,19144,1561,19144,380,256
876,929,19145,1561,19145,380,256
876,929,19146,1561,19146,380,256
876,929,19147,1561,19147,380,256
876,929,19148,1561,19148,380,256
877,929,19149,1561,19149,380,256
877,929,19150,1561,19150,380,256
877,929,19151,1561,19151,380,256
878,929,19152,1561,19152,380,256
878,929,19153,1561,19153,380,256
878,929,19154,1561,19154,380,256
879,929,19155,1561,19155,380,256
879,929,19156,1561,19156,380,256
879,929,19157,1561,19157,380,256
880,929,19158,1561,19158,380,256
880,929,19159,1561,19159,380,256
881,929,19160,1561,19160,380,256
881,929,19161,1561,19161,380,256
881,929,19162,1561,19162,380,256
881,929,19163,1561,19163,380,256
881,929,19164,1561,19164,380,256
881,929,19165,1561,19165,380,256
882,929,19166,1561,19166,380,256
882,929,19167,1561,19167,380,256
883,929,19168,1561,19168,380,256
883,929,19169,1561,19169,380,256
883,929,19170,1561,19170,380,256
883,929,19171,1561,19171,380,256
884,929,19172,1561,19172,380,256
884,929,19173,1561,19173,380,256
885,929,19174,1561,19174,380,256
885,929,19175,1561,19175,380,256
885,929,19176,1561,19176,380,256
886,929,19177,1561,19177,380,256
886,929,19178,1561,19178,380,256
886,929,19179,1561,19179,380,256
887,929,19180,1561,19180,380,256
887,929,19181,1561,19181,380,256
887,929,19182,1561,19182,380,256
888,929,19183,1561,19183,380,256
888,929,19184,1561,19184,380,256
888,929,19185,1561,19185,380,256
888,929,19186,1561,19186,380,256
889,929,19187,1561,19187,380,256
889,929,19188,1561,19188,380,256
889,929,19189,1561,19189,380,256
889,929,19190,1561,19190,380,256
889,929,19191,1561,19191,380,256
889,929,19192,1561,19192,380,256
889,929,19193,1561,19193,380,256
889,929,19194,1561,19194,380,256
889,929,19195,1561,19195,380,256
890,929,19196,1561,19196,380,256
891,929,19197,1561,19197,380,256
891,929,19198,1561,19198,380,256
891,929,19199,1561,19199,380,256
892,929,19200,1561,19200,380,256
892,929,19201,1561,19201,380,256
893,929,19202,1561,19202,380,256
893,929,19203,1561,19203,380,256
894,929,19204,1561,19204,380,256
894,929,19205,1561,19205,380,256
895,929,19206,1561,19206,380,256
895,929,19207,1561,19207,380,256
895,929,19208,1561,19208,380,256
895,929,19209,1561,19209,380,256
895,929,19210,1561,19210,380,256
895,929,19211,1561,19211,380,256
896,929,19212,1561,19212,380,256
896,929,19213,1561,19213,380,256
897,929,19214,1561,19214,380,256
897,929,19215,1561,19215,380,256
897,929,19216,1561,19216,380,256
898,929,19217,1561,19217,380,256
898,929,19218,1561,19218,380,256
898,929,19219,1561,19219,380,256
898,929,19220,1561,19220,380,256
898,929,19221,1561,19221,380,256
898,929,19222,1561,19222,380,256
898,929,19223,1561,19223,380,256
898,929,19224,1561,19224,380,256
899,929,19225,1561,19225,380,256
899,929,19226,1561,19226,380,256
900,929,19227,1561,19227,380,256
900,929,19228,1561,19228,380,256
900,929,19229,1561,19229,380,256
900,929,19230,1561,19230,380,256
900,929,19231,1561,19231,380,256
900,929,19232,1561,19232,380,256
899,929,19233,1561,19233,380,256
892,929,19234,1561,19234,380,256
886,929,19235,1561,19235,380,256
876,929,19236,1561,19236,380,256
869,929,19237,1561,19237,380,256
860,929,19238,1561,19238,380,256
856,929,19239,1561,19239,380,256
849,929,19240,1561,19240,380,256
843,929,19241,1561,19241,380,256
841,929,19242,1561,19242,380,256
834,929,19243,1561,19243,380,256
825,929,19244,1561,19244,380,256
815,929,19245,1561,19245,380,256
810,929,19246,1561,19246,380,256
807,929,19247,1561,19247,380,256
800,929,19248,1561,19248,380,256
800,929,19249,1561,19249,380,256
800,929,19250,1561,19250,380,256
800,929,19251,1561,19251,380,256
800,929,19252,1561,19252,380,256
800,929,19253,1561,19253,380,256
800,929,19254,1561,19254,380,256
800,929,19255,1561,19255,380,256
800,929,19256,1561,19256,380,256
800,929,19257,1561,19257,380,256
800,929,19258,1561,19258,380,256
800,929,19259,1561,19259,380,256
800,929,19260,1561,19260,380,256
800,929,19261,1561,19261,380,256
800,929,19262,1561,19262,380,256
800,929,19263,1561,19263,380,256
800,929,19264,1561,19264,380,256
800,929,19265,1561,19265,380,255
800,929,19266,1561,19266,380,254
800,929,19267,1561,19267,380,253
800,929,19268,1561,19268,380,252
800,929,19269,1561,19269,380,251
800,929,19270,1561,19270,380,250
800,929,19271,1561,19271,380,249
800,929,19272,1561,19272,380,248
800,929,19273,1561,19273,380,248
800,929,19274,1561,19274,380,247
800,929,19275,1561,19275,380,246
800,929,19276,1561,19276,380,245
800,929,19277,1561,19277,380,244
800,929,19278,1561,19278,380,243
800,929,19279,1561,19279,380,242
800,929,19280,1561,19280,380,241
800,929,19281,1561,19281,380,241
801,929,19282,1561,19282,380,241
801,929,19283,1561,19283,380,241
802,929,19284,1561,19284,380,241
803,929,19285,1561,19285,380,241
804,929,19286,1561,19286,380,241
804,929,19287,1561,19287,380,241
805,929,19288,1561,19288,380,241
806,929,19289,1561,19289,380,241
807,929,19290,1561,19290,380,241
808,929,19291,1561,19291,380,241
809,929,19292,1561,19292,380,241
810,929,19293,1561,19293,380,241
810,929,19294,1561,19294,380,241
810,929,19295,1561,19295,380,241
811,929,19296,1561,19296,380,241
811,929,19297,1561,19297,380,241
812,929,19298,1561,19298,380,241
812,929,19299,1561,19299,380,241
813,929,19300,1561,19300,380,241
814,929,19301,1561,19301,380,241
815,929,19302,1561,19302,380,241
816,929,19303,1561,19303,380,241
817,929,19304,1561,19304,380,241
817,929,19305,1561,19305,380,241
818,929,19306,1561,19306,380,241
818,929,19307,1561,19307,380,241
818,929,19308,1561,19308,380,241
819,929,19309,1561,19309,380,241
820,929,19310,1561,19310,380,241
820,929,19311,1561,19311,380,241
821,929,19312,1561,19312,380,241
821,929,19313,1561,19313,380,241
821,929,19314,1561,19314,380,241
821,929,19315,1561,19315,380,241
822,929,19316,1561,19316,380,241
823,929,19317,1561,19317,380,241
823,929,19318,1561,19318,380,241
824,929,19319,1561,19319,380,241
824,929,19320,1561,19320,380,241
824,929,19321,1561,19321,380,241
824,929,19322,1561,19322,380,241
824,929,19323,1561,19323,380,241
825,929,19324,1561,19324,380,241
826,929,19325,1561,19325,380,241
826,929,19326,1561,19326,380,241
826,929,19327,1561,19327,380,241
827,929,19328,1561,19328,380,241
827,929,19329,1561,19329,380,241
827,929,19330,1561,19330,380,241
827,929,19331,1561,19331,380,241
828,929,19332,1561,19332,380,241
828,929,19333,1561,19333,380,241
829,929,19334,1561,19334,380,241
829,929,19335,1561,19335,380,241
830,929,19336,1561,19336,380,241
830,929,19337,1561,19337,380,241
830,929,19338,1561,19338,380,241
830,929,19339,1561,19339,380,241
830,929,19340,1561,19340,380,241
831,929,19341,1561,19341,380,241
831,929,19342,1561,19342,380,241
832,929,19343,1561,19343,380,241
832,929,19344,1561,19344,380,241
832,929,19345,1561,19345,380,241
833,929,19346,1561,19346,380,241
834,929,19347,1561,19347,380,241
834,929,19348,1561,19348,380,241
835,929,19349,1561,19349,380,241
835,929,19350,1561,19350,380,241
835,929,19351,1561,19351,380,241
836,929,19352,1561,19352,380,241
837,929,19353,1561,19353,380,241
837,929,19354,1561,19354,380,241
838,929,19355,1561,19355,380,241
838,929,19356,1561,19356,380,241
839,929,19357,1561,19357,380,241
839,929,19358,1561,19358,380,241
839,929,19359,1561,19359,380,241
839,929,19360,1561,19360,380,241
839,929,19361,1561,19361,380,241
840,929,19362,1561,19362,380,241
841,929,19363,1561,19363,380,241
841,929,19364,1561,19364,380,241
842,929,19365,1561,19365,380,241
842,929,19366,1561,19366,380,241
842,929,19367,1561,19367,380,241
842,929,19368,1561,19368,380,241
842,929,19369,1561,19369,380,241
842,929,19370,1561,19370,380,241
843,929,19371,1561,19371,380,241
844,929,19372,1561,19372,380,241
845,929,19373,1561,19373,380,241
846,929,19374,1561,19374,380,241
846,929,19375,1561,19375,380,241
846,929,19376,1561,19376,380,241
846,929,19377,1561,19377,380,241
847,929,19378,1561,19378,380,241
848,929,19379,1561,19379,380,241
849,929,19380,1561,19380,380,241
850,929,19381,1561,19381,380,241
851,929,19382,1561,19382,380,241
852,929,19383,1561,19383,380,241
852,929,19384,1561,19384,380,241
853,929,19385,1561,19385,380,241
853,929,19386,1561,19386,380,241
853,929,19387,1561,19387,380,241
854,929,19388,1561,19388,380,241
854,929,19389,1561,19389,380,241
854,929,19390,1561,19390,380,241
855,929,19391,1561,19391,380,241
855,929,19392,1561,19392,380,241
855,929,19393,1561,19393,380,241
855,929,19394,1561,19394,380,241
855,929,19395,1561,19395,380,241
856,929,19396,1561,19396,380,241
856,929,19397,1561,19397,380,241
857,929,19398,1561,19398,380,241
857,929,19399,1561,19399,380,241
857,929,19400,1561,19400,380,241
857,929,19401,1561,19401,380,241
857,929,19402,1561,19402,380,241
858,929,19403,1561,19403,380,241
858,929,19404,1561,19404,380,241
858,929,19405,1561,19405,380,241
859,929,19406,1561,19406,380,241
859,929,19407,1561,19407,380,241
859,929,19408,1561,19408,380,241
859,929,19409,1561,19409,380,241
859,929,19410,1561,19410,380,241
860,929,19411,1561,19411,380,241
860,929,19412,1561,19412,380,241
860,929,19413,1561,19413,380,241
860,929,19414,1561,19414,380,241
861,929,19415,1561,19415,380,241
862,929,19416,1561,19416,380,241
863,929,19417,1561,19417,380,241
863,929,19418,1561,19418,380,241
864,929,19419,1561,19419,380,241
865,929,19420,1561,19420,380,241
866,929,19421,1561,19421,380,241
866,929,19422,1561,19422,380,241
866,929,19423,1561,19423,380,241
866,929,19424,1561,19424,380,241
866,929,19425,1561,19425,380,241
867,929,19426,1561,19426,380,241
867,929,19427,1561,19427,380,241
868,929,19428,1561,19428,380,241
869,929,19429,1561,19429,380,241
870,929,19430,1561,19430,380,241
870,929,19431,1561,19431,380,241
870,929,19432,1561,19432,380,241
870,929,19433,1561,19433,380,241
870,929,19434,1561,19434,380,241
870,929,19435,1561,19435,380,241
870,929,19436,1561,19436,380,241
871,929,19437,1561,19437,380,241
871,929,19438,1561,19438,380,241
871,929,19439,1561,19439,380,241
872,929,19440,1561,19440,380,241
872,929,19441,1561,19441,380,241
872,929,19442,1561,19442,380,241
873,929,19443,1561,19443,380,241
873,929,19444,1561,19444,380,241
873,929,19445,1561,19445,380,241
874,929,19446,1561,19446,380,241
874,929,19447,1561,19447,380,241
875,929,19448,1561,19448,380,241
875,929,19449,1561,19449,380,241
875,929,19450,1561,19450,380,241
875,929,19451,1561,19451,380,241
875,929,19452,1561,19452,380,241
875,929,19453,1561,19453,380,241
876,929,19454,1561,19454,380,241
876,929,19455,1561,19455,380,241
877,929,19456,1561,19456,380,241
877,929,19457,1561,19457,380,241
877,929,19458,1561,19458,380,241
877,929,19459,1561,19459,380,241
878,929,19460,1561,19460,380,241
878,929,19461,1561,19461,380,241
879,929,19462,1561,19462,380,241
879,929,19463,1561,19463,380,241
879,929,19464,1561,19464,380,241
880,929,19465,1561,19465,380,241
880,929,19466,1561,19466,380,241
880,929,19467,1561,19467,380,241
881,929,19468,1561,19468,380,241
881,929,19469,1561,19469,380,241
881,929,19470,1561,19470,380,241
882,929,19471,1561,19471,380,241
882,929,19472,1561,19472,380,241
882,929,19473,1561,19473,380,241
882,929,19474,1561,19474,380,241
883,929,19475,1561,19475,380,241
883,929,19476,1561,19476,380,241
883,929,19477,1561,19477,380,241
883,929,19478,1561,19478,380,241
883,929,19479,1561,19479,380,241
883,929,19480,1561,19480,380,241
883,929,19481,1561,19481,380,241
883,929,19482,1561,19482,380,241
883,929,19483,1561,19483,380,241
884,929,19484,1561,19484,380,241
885,929,19485,1561,19485,380,241
885,929,19486,1561,19486,380,241
885,929,19487,1561,19487,380,241
886,929,19488,1561,19488,380,241
886,929,19489,1561,19489,380,241
887,929,19490,1561,19490,380,241
887,929,19491,1561,19491,380,241
888,929,19492,1561,19492,380,241
888,929,19493,1561,19493,380,241
889,929,19494,1561,19494,380,241
889,929,19495,1561,19495,380,241
889,929,19496,1561,19496,380,241
889,929,19497,1561,19497,380,241
889,929,19498,1561,19498,380,241
889,929,19499,1561,19499,380,241
890,929,19500,1561,19500,380,241
890,929,19501,1561,19501,380,241
891,929,19502,1561,19502,380,241
891,929,19503,1561,19503,380,241
891,929,19504,1561,19504,380,241
892,929,19505,1561,19505,380,241
892,929,19506,1561,19506,380,241
892,929,19507,1561,19507,380,241
892,929,19508,1561,19508,380,241
892,929,19509,1561,19509,380,241
892,929,19510,1561,19510,380,241
892,929,19511,1561,19511,380,241
892,929,19512,1561,19512,380,241
893,929,19513,1561,19513,380,241
893,929,19514,1561,19514,380,241
894,929,19515,1561,19515,380,241
894,929,19516,1561,19516,380,241
894,929,19517,1561,19517,380,241
894,929,19518,1561,19518,380,241
894,929,19519,1561,19519,380,241
895,929,19520,1561,19520,380,241
894,929,19521,1561,19521,380,241
887,929,19522,1561,19522,380,241
881,929,19523,1561,19523,380,241
872,929,19524,1561,19524,380,241
865,929,19525,1561,19525,380,241
856,929,19526,1561,19526,380,241
852,929,19527,1561,19527,380,241
846,929,19528,1561,19528,380,241
840,929,19529,1561,19529,380,241
838,929,19530,1561,19530,380,241
832,929,19531,1561,19531,380,241
824,929,19532,1561,19532,380,241
815,929,19533,1561,19533,380,241
810,929,19534,1561,19534,380,241
807,929,19535,1561,19535,380,241
800,929,19536,1561,19536,380,241
800,929,19537,1561,19537,380,241
800,929,19538,1561,19538,380,241
800,929,19539,1561,19539,380,241
800,929,19540,1561,19540,380,241
800,929,19541,1561,19541,380,241
800,929,19542,1561,19542,380,241
800,929,19543,1561,19543,380,241
800,929,19544,1561,19544,380,241
800,929,19545,1561,19545,380,241
800,929,19546,1561,19546,380,241
800,929,19547,1561,19547,380,241
800,929,19548,1561,19548,380,241
800,929,19549,1561,19549,380,241
800,929,19550,1561,19550,380,241
800,929,19551,1561,19551,380,241
800,929,19552,1561,19552,380,241
800,929,19553,1561,19553,380,240
800,929,19554,1561,19554,380,239
800,929,19555,1561,19555,380,239
800,929,19556,1561,19556,380,238
800,929,19557,1561,19557,380,237
800,929,19558,1561,19558,380,237
800,929,19559,1561,19559,380,236
800,929,19560,1561,19560,380,235
800,929,19561,1561,19561,380,234
800,929,19562,1561,19562,380,233
800,929,19563,1561,19563,380,232
800,929,19564,1561,19564,380,231
800,929,19565,1561,19565,380,231
800,929,19566,1561,19566,380,230
800,929,19567,1561,19567,380,229
800,929,19568,1561,19568,380,229
800,929,19569,1561,19569,380,229
801,929,19570,1561,19570,380,229
801,929,19571,1561,19571,380,229
802,929,19572,1561,19572,380,229
803,929,19573,1561,19573,380,229
804,929,19574,1561,19574,380,229
805,929,19575,1561,19575,380,229
806,929,19576,1561,19576,380,229
806,929,19577,1561,19577,380,229
807,929,19578,1561,19578,380,229
808,929,19579,1561,19579,380,229
808,929,19580,1561,19580,380,229
809,929,19581,1561,19581,380,229
810,929,19582,1561,19582,380,229
810,929,19583,1561,19583,380,229
811,929,19584,1561,19584,380,229
811,929,19585,1561,19585,380,229
811,929,19586,1561,19586,380,229
811,929,19587,1561,19587,380,229
811,929,19588,1561,19588,380,229
811,929,19589,1561,19589,380,229
811,929,19590,1561,19590,380,229
811,929,19591,1561,19591,380,229
811,929,19592,1561,19592,380,229
811,929,19593,1561,19593,380,229
811,929,19594,1561,19594,380,229
811,929,19595,1561,19595,380,229
811,929,19596,1561,19596,380,229
811,929,19597,1561,19597,380,229
811,929,19598,1561,19598,380,229
811,929,19599,1561,19599,380,229
811,929,19600,1561,19600,380,229
811,929,19601,1561,19601,380,229
811,929,19602,1561,19602,380,229
811,929,19603,1561,19603,380,229
812,929,19604,1561,19604,380,229
813,929,19605,1561,19605,380,229
813,929,19606,1561,19606,380,229
814,929,19607,1561,19607,380,229
814,929,19608,1561,19608,380,229
814,929,19609,1561,19609,380,229
814,929,19610,1561,19610,380,229
814,929,19611,1561,19611,380,229
815,929,19612,1561,19612,380,229
816,929,19613,1561,19613,380,229
816,929,19614,1561,19614,380,229
816,929,19615,1561,19615,380,229
817,929,19616,1561,19616,380,229
817,929,19617,1561,19617,380,229
817,929,19618,1561,19618,380,229
817,929,19619,1561,19619,380,229
818,929,19620,1561,19620,380,229
818,929,19621,1561,19621,380,229
819,929,19622,1561,19622,380,229
819,929,19623,1561,19623,380,229
820,929,19624,1561,19624,380,229
820,929,19625,1561,19625,380,229
820,929,19626,1561,19626,380,229
820,929,19627,1561,19627,380,229
820,929,19628,1561,19628,380,229
821,929,19629,1561,19629,380,229
821,929,19630,1561,19630,380,229
822,929,19631,1561,19631,380,229
823,929,19632,1561,19632,380,229
823,929,19633,1561,19633,380,229
824,929,19634,1561,19634,380,229
825,929,19635,1561,19635,380,229
825,929,19636,1561,19636,380,229
826,929,19637,1561,19637,380,229
826,929,19638,1561,19638,380,229
826,929,19639,1561,19639,380,229
827,929,19640,1561,19640,380,229
828,929,19641,1561,19641,380,229
828,929,19642,1561,19642,380,229
829,929,19643,1561,19643,380,229
829,929,19644,1561,19644,380,229
830,929,19645,1561,19645,380,229
830,929,19646,1561,19646,380,229
830,929,19647,1561,19647,380,229
830,929,19648,1561,19648,380,229
830,929,19649,1561,19649,380,229
831,929,19650,1561,19650,380,229
832,929,19651,1561,19651,380,229
832,929,19652,1561,19652,380,229
833,929,19653,1561,19653,380,229
833,929,19654,1561,19654,380,229
833,929,19655,1561,19655,380,229
833,929,19656,1561,19656,380,229
833,929,19657,1561,19657,380,229
833,929,19658,1561,19658,380,229
834,929,19659,1561,19659,380,229
835,929,19660,1561,19660,380,229
836,929,19661,1561,19661,380,229
837,929,19662,1561,19662,380,229
837,929,19663,1561,19663,380,229
837,929,19664,1561,19664,380,229
837,929,19665,1561,19665,380,229
838,929,19666,1561,19666,380,229
839,929,19667,1561,19667,380,229
840,929,19668,1561,19668,380,229
841,929,19669,1561,19669,380,229
842,929,19670,1561,19670,380,229
843,929,19671,1561,19671,380,229
843,929,19672,1561,19672,380,229
844,929,19673,1561,19673,380,229
845,929,19674,1561,19674,380,229
845,929,19675,1561,19675,380,229
846,929,19676,1561,19676,380,229
846,929,19677,1561,19677,380,229
846,929,19678,1561,19678,380,229
847,929,19679,1561,19679,380,229
847,929,19680,1561,19680,380,229
847,929,19681,1561,19681,380,229
847,929,19682,1561,19682,380,229
847,929,19683,1561,19683,380,229
848,929,19684,1561,19684,380,229
848,929,19685,1561,19685,380,229
849,929,19686,1561,19686,380,229
849,929,19687,1561,19687,380,229
849,929,19688,1561,19688,380,229
849,929,19689,1561,19689,380,229
849,929,19690,1561,19690,380,229
850,929,19691,1561,19691,380,229
850,929,19692,1561,19692,380,229
850,929,19693,1561,19693,380,229
851,929,19694,1561,19694,380,229
851,929,19695,1561,19695,380,229
851,929,19696,1561,19696,380,229
851,929,19697,1561,19697,380,229
851,929,19698,1561,19698,380,229
852,929,19699,1561,19699,380,229
852,929,19700,1561,19700,380,229
852,929,19701,1561,19701,380,229
853,929,19702,1561,19702,380,229
854,929,19703,1561,19703,380,229
855,929,19704,1561,19704,380,229
856,929,19705,1561,19705,380,229
856,929,19706,1561,19706,380,229
857,929,19707,1561,19707,380,229
858,929,19708,1561,19708,380,229
859,929,19709,1561,19709,380,229
859,929,19710,1561,19710,380,229
859,929,19711,1561,19711,380,229
859,929,19712,1561,19712,380,229
859,929,19713,1561,19713,380,229
860,929,19714,1561,19714,380,229
860,929,19715,1561,19715,380,229
861,929,19716,1561,19716,380,229
862,929,19717,1561,19717,380,229
863,929,19718,1561,19718,380,229
863,929,19719,1561,19719,380,229
863,929,19720,1561,19720,380,229
863,929,19721,1561,19721,380,229
863,929,19722,1561,19722,380,229
863,929,19723,1561,19723,380,229
863,929,19724,1561,19724,380,229
864,929,19725,1561,19725,380,229
864,929,19726,1561,19726,380,229
864,929,19727,1561,19727,380,229
865,929,19728,1561,19728,380,229
865,929,19729,1561,19729,380,229
865,929,19730,1561,19730,380,229
866,929,19731,1561,19731,380,229
866,929,19732,1561,19732,380,229
867,929,19733,1561,19733,380,229
868,929,19734,1561,19734,380,229
868,929,19735,1561,19735,380,229
869,929,19736,1561,19736,380,229
869,929,19737,1561,19737,380,229
869,929,19738,1561,19738,380,229
869,929,19739,1561,19739,380,229
869,929,19740,1561,19740,380,229
870,929,19741,1561,19741,380,229
871,929,19742,1561,19742,380,229
871,929,19743,1561,19743,380,229
872,929,19744,1561,19744,380,229
872,929,19745,1561,19745,380,229
872,929,19746,1561,19746,380,229
872,929,19747,1561,19747,380,229
873,929,19748,1561,19748,380,229
873,929,19749,1561,19749,380,229
874,929,19750,1561,19750,380,229
874,929,19751,1561,19751,380,229
874,929,19752,1561,19752,380,229
875,929,19753,1561,19753,380,229
875,929,19754,1561,19754,380,229
875,929,19755,1561,19755,380,229
876,929,19756,1561,19756,380,229
876,929,19757,1561,19757,380,229
876,929,19758,1561,19758,380,229
877,929,19759,1561,19759,380,229
877,929,19760,1561,19760,380,229
877,929,19761,1561,19761,380,229
877,929,19762,1561,19762,380,229
878,929,19763,1561,19763,380,229
878,929,19764,1561,19764,380,229
878,929,19765,1561,19765,380,229
878,929,19766,1561,19766,380,229
878,929,19767,1561,19767,380,229
878,929,19768,1561,19768,380,229
878,929,19769,1561,19769,380,229
878,929,19770,1561,19770,380,229
878,929,19771,1561,19771,380,229
879,929,19772,1561,19772,380,229
880,929,19773,1561,19773,380,229
880,929,19774,1561,19774,380,229
880,929,19775,1561,19775,380,229
881,929,19776,1561,19776,380,229
881,929,19777,1561,19777,380,229
882,929,19778,1561,19778,380,229
882,929,19779,1561,19779,380,229
883,929,19780,1561,19780,380,229
883,929,19781,1561,19781,380,229
884,929,19782,1561,19782,380,229
884,929,19783,1561,19783,380,229
884,929,19784,1561,19784,380,229
884,929,19785,1561,19785,380,229
884,929,19786,1561,19786,380,229
884,929,19787,1561,19787,380,229
885,929,19788,1561,19788,380,229
885,929,19789,1561,19789,380,229
886,929,19790,1561,19790,380,229
886,929,19791,1561,19791,380,229
886,929,19792,1561,19792,380,229
887,929,19793,1561,19793,380,229
887,929,19794,1561,19794,380,229
887,929,19795,1561,19795,380,229
887,929,19796,1561,19796,380,229
887,929,19797,1561,19797,380,229
887,929,19798,1561,19798,380,229
887,929,19799,1561,19799,380,229
887,929,19800,1561,19800,380,229
888,929,19801,1561,19801,380,229
888,929,19802,1561,19802,380,229
889,929,19803,1561,19803,380,229
889,929,19804,1561,19804,380,229
889,929,19805,1561,19805,380,229
889,929,19806,1561,19806,380,229
889,929,19807,1561,19807,380,229
890,929,19808,1561,19808,380,229
889,929,19809,1561,19809,380,229
883,929,19810,1561,19810,380,229
877,929,19811,1561,19811,380,229
869,929,19812,1561,19812,380,229
862,929,19813,1561,19813,380,229
853,929,19814,1561,19814,380,229
849,929,19815,1561,19815,380,229
844,929,19816,1561,19816,380,229
839,929,19817,1561,19817,380,229
837,929,19818,1561,19818,380,229
831,929,19819,1561,19819,380,229
824,929,19820,1561,19820,380,229
815,929,19821,1561,19821,380,229
810,929,19822,1561,19822,380,229
807,929,19823,1561,19823,380,229
800,929,19824,1561,19824,380,229
800,929,19825,1561,19825,380,229
800,929,19826,1561,19826,380,229
800,929,19827,1561,19827,380,229
800,929,19828,1561,19828,380,229
800,929,19829,1561,19829,380,229
800,929,19830,1561,19830,380,229
800,929,19831,1561,19831,380,229
800,929,19832,1561,19832,380,229
800,929,19833,1561,19833,380,229
800,929,19834,1561,19834,380,229
800,929,19835,1561,19835,380,229
800,929,19836,1561,19836,380,229
800,929,19837,1561,19837,380,229
800,929,19838,1561,19838,380,229
800,929,19839,1561,19839,380,229
800,929,19840,1561,19840,380,229
800,929,19841,1561,19841,380,228
800,929,19842,1561,19842,380,227
800,929,19843,1561,19843,380,226
800,929,19844,1561,19844,380,225
800,929,19845,1561,19845,380,224
800,929,19846,1561,19846,380,223
800,929,19847,1561,19847,380,222
800,929,19848,1561,19848,380,221
800,929,19849,1561,19849,380,220
800,929,19850,1561,19850,380,219
800,929,19851,1561,19851,380,218
800,929,19852,1561,19852,380,217
800,929,19853,1561,19853,380,216
800,929,19854,1561,19854,380,215
800,929,19855,1561,19855,380,214
800,929,19856,1561,19856,380,213
800,929,19857,1561,19857,380,213
800,929,19858,1561,19858,380,213
800,929,19859,1561,19859,380,213
801,929,19860,1561,19860,380,213
802,929,19861,1561,19861,380,213
802,929,19862,1561,19862,380,213
803,929,19863,1561,19863,380,213
803,929,19864,1561,19864,380,213
803,929,19865,1561,19865,380,213
803,929,19866,1561,19866,380,213
803,929,19867,1561,19867,380,213
804,929,19868,1561,19868,380,213
805,929,19869,1561,19869,380,213
805,929,19870,1561,19870,380,213
805,929,19871,1561,19871,380,213
806,929,19872,1561,19872,380,213
806,929,19873,1561,19873,380,213
806,929,19874,1561,19874,380,213
806,929,19875,1561,19875,380,213
806,929,19876,1561,19876,380,213
806,929,19877,1561,19877,380,213
806,929,19878,1561,19878,380,213
806,929,19879,1561,19879,380,213
806,929,19880,1561,19880,380,213
806,929,19881,1561,19881,380,213
806,929,19882,1561,19882,380,213
806,929,19883,1561,19883,380,213
806,929,19884,1561,19884,380,213
806,929,19885,1561,19885,380,213
806,929,19886,1561,19886,380,213
806,929,19887,1561,19887,380,213
806,929,19888,1561,19888,380,213
806,929,19889,1561,19889,380,213
806,929,19890,1561,19890,380,213
806,929,19891,1561,19891,380,213
806,929,19892,1561,19892,380,213
806,929,19893,1561,19893,380,213
806,929,19894,1561,19894,380,213
806,929,19895,1561,19895,380,213
806,929,19896,1561,19896,380,213
806,929,19897,1561,19897,380,213
806,929,19898,1561,19898,380,213
806,929,19899,1561,19899,380,213
806,929,19900,1561,19900,380,213
806,929,19901,1561,19901,380,213
806,929,19902,1561,19902,380,213
806,929,19903,1561,19903,380,213
806,929,19904,1561,19904,380,213
806,929,19905,1561,19905,380,213
806,929,19906,1561,19906,380,213
806,929,19907,1561,19907,380,213
807,929,19908,1561,19908,380,213
807,929,19909,1561,19909,380,213
808,929,19910,1561,19910,380,213
808,929,19911,1561,19911,380,213
809,929,19912,1561,19912,380,213
809,929,19913,1561,19913,380,213
809,929,19914,1561,19914,380,213
809,929,19915,1561,19915,380,213
809,929,19916,1561,19916,380,213
810,929,19917,1561,19917,380,213
810,929,19918,1561,19918,380,213
811,929,19919,1561,19919,380,213
812,929,19920,1561,19920,380,213
812,929,19921,1561,19921,380,213
813,929,19922,1561,19922,380,213
814,929,19923,1561,19923,380,213
814,929,19924,1561,19924,380,213
815,929,19925,1561,19925,380,213
815,929,19926,1561,19926,380,213
815,929,19927,1561,19927,380,213
816,929,19928,1561,19928,380,213
817,929,19929,1561,19929,380,213
817,929,19930,1561,19930,380,213
818,929,19931,1561,19931,380,213
818,929,19932,1561,19932,380,213
819,929,19933,1561,19933,380,213
819,929,19934,1561,19934,380,213
819,929,19935,1561,19935,380,213
819,929,19936,1561,19936,380,213
819,929,19937,1561,19937,380,213
820,929,19938,1561,19938,380,213
821,929,19939,1561,19939,380,213
821,929,19940,1561,19940,380,213
822,929,19941,1561,19941,380,213
822,929,19942,1561,19942,380,213
822,929,19943,1561,19943,380,213
822,929,19944,1561,19944,380,213
822,929,19945,1561,19945,380,213
822,929,19946,1561,19946,380,213
823,929,19947,1561,19947,380,213
824,929,19948,1561,19948,380,213
825,929,19949,1561,19949,380,213
826,929,19950,1561,19950,380,213
826,929,19951,1561,19951,380,213
826,929,19952,1561,19952,380,213
826,929,19953,1561,19953,380,213
827,929,19954,1561,19954,380,213
828,929,19955,1561,19955,380,213
829,929,19956,1561,19956,380,213
830,929,19957,1561,19957,380,213
831,929,19958,1561,19958,380,213
832,929,19959,1561,19959,380,213
832,929,19960,1561,19960,380,213
833,929,19961,1561,19961,380,213
834,929,19962,1561,19962,380,213
834,929,19963,1561,19963,380,213
835,929,19964,1561,19964,380,213
835,929,19965,1561,19965,380,213
835,929,19966,1561,19966,380,213
836,929,19967,1561,19967,380,213
836,929,19968,1561,19968,380,213
836,929,19969,1561,19969,380,213
836,929,19970,1561,19970,380,213
836,929,19971,1561,19971,380,213
837,929,19972,1561,19972,380,213
837,929,19973,1561,19973,380,213
838,929,19974,1561,19974,380,213
838,929,19975,1561,19975,380,213
838,929,19976,1561,19976,380,213
838,929,19977,1561,19977,380,213
838,929,19978,1561,19978,380,213
839,929,19979,1561,19979,380,213
839,929,19980,1561,19980,380,213
839,929,19981,1561,19981,380,213
840,929,19982,1561,19982,380,213
840,929,19983,1561,19983,380,213
840,929,19984,1561,19984,380,213
840,929,19985,1561,19985,380,213
840,929,19986,1561,19986,380,213
841,929,19987,1561,19987,380,213
841,929,19988,1561,19988,380,213
841,929,19989,1561,19989,380,213
842,929,19990,1561,19990,380,213
843,929,19991,1561,19991,380,213
844,929,19992,1561,19992,380,213
845,929,19993,1561,19993,380,213
845,929,19994,1561,19994,380,213
846,929,19995,1561,19995,380,213
847,929,19996,1561,19996,380,213
848,929,19997,1561,19997,380,213
848,929,19998,1561,19998,380,213
848,929,19999,1561,19999,380,213
848,929,20000,1561,20000,380,213
848,929,20001,1561,20001,380,213
849,929,20002,1561,20002,380,213
849,929,20003,1561,20003,380,213
850,929,20004,1561,20004,380,213
851,929,20005,1561,20005,380,213
852,929,20006,1561,20006,380,213
852,929,20007,1561,20007,380,213
852,929,20008,1561,20008,380,213
852,929,20009,1561,20009,380,213
852,929,20010,1561,20010,380,213
853,929,20011,1561,20011,380,213
853,929,20012,1561,20012,380,213
854,929,20013,1561,20013,380,213
854,929,20014,1561,20014,380,213
854,929,20015,1561,20015,380,213
855,929,20016,1561,20016,380,213
855,929,20017,1561,20017,380,213
855,929,20018,1561,20018,380,213
856,929,20019,1561,20019,380,213
856,929,20020,1561,20020,380,213
857,929,20021,1561,20021,380,213
858,929,20022,1561,20022,380,213
858,929,20023,1561,20023,380,213
859,929,20024,1561,20024,380,213
859,929,20025,1561,20025,380,213
859,929,20026,1561,20026,380,213
859,929,20027,1561,20027,380,213
859,929,20028,1561,20028,380,213
860,929,20029,1561,20029,380,213
861,929,20030,1561,20030,380,213
861,929,20031,1561,20031,380,213
862,929,20032,1561,20032,380,213
862,929,20033,1561,20033,380,213
862,929,20034,1561,20034,380,213
862,929,20035,1561,20035,380,213
863,929,20036,1561,20036,380,213
863,929,20037,1561,20037,380,213
864,929,20038,1561,20038,380,213
864,929,20039,1561,20039,380,213
864,929,20040,1561,20040,380,213
865,929,20041,1561,20041,380,213
865,929,20042,1561,20042,380,213
865,929,20043,1561,20043,380,213
866,929,20044,1561,20044,380,213
866,929,20045,1561,20045,380,213
866,929,20046,1561,20046,380,213
867,929,20047,1561,20047,380,213
867,929,20048,1561,20048,380,213
867,929,20049,1561,20049,380,213
867,929,20050,1561,20050,380,213
868,929,20051,1561,20051,380,213
868,929,20052,1561,20052,380,213
868,929,20053,1561,20053,380,213
868,929,20054,1561,20054,380,213
868,929,20055,1561,20055,380,213
868,929,20056,1561,20056,380,213
868,929,20057,1561,20057,380,213
868,929,20058,1561,20058,380,213
868,929,20059,1561,20059,380,213
869,929,20060,1561,20060,380,213
870,929,20061,1561,20061,380,213
870,929,20062,1561,20062,380,213
870,929,20063,1561,20063,380,213
871,929,20064,1561,20064,380,213
871,929,20065,1561,20065,380,213
872,929,20066,1561,20066,380,213
872,929,20067,1561,20067,380,213
873,929,20068,1561,20068,380,213
873,929,20069,1561,20069,380,213
874,929,20070,1561,20070,380,213
874,929,20071,1561,20071,380,213
874,929,20072,1561,20072,380,213
874,929,20073,1561,20073,380,213
874,929,20074,1561,20074,380,213
874,929,20075,1561,20075,380,213
875,929,20076,1561,20076,380,213
875,929,20077,1561,20077,380,213
876,929,20078,1561,20078,380,213
876,929,20079,1561,20079,380,213
876,929,20080,1561,20080,380,213
877,929,20081,1561,20081,380,213
877,929,20082,1561,20082,380,213
877,929,20083,1561,20083,380,213
877,929,20084,1561,20084,380,213
877,929,20085,1561,20085,380,213
877,929,20086,1561,20086,380,213
877,929,20087,1561,20087,380,213
877,929,20088,1561,20088,380,213
878,929,20089,1561,20089,380,213
878,929,20090,1561,20090,380,213
879,929,20091,1561,20091,380,213
879,929,20092,1561,20092,380,213
879,929,20093,1561,20093,380,213
879,929,20094,1561,20094,380,213
879,929,20095,1561,20095,380,213
880,929,20096,1561,20096,380,213
879,929,20097,1561,20097,380,213
874,929,20098,1561,20098,380,213
868,929,20099,1561,20099,380,213
861,929,20100,1561,20100,380,213
855,929,20101,1561,20101,380,213
847,929,20102,1561,20102,380,213
844,929,20103,1561,20103,380,213
840,929,20104,1561,20104,380,213
835,929,20105,1561,20105,380,213
834,929,20106,1561,20106,380,213
828,929,20107,1561,20107,380,213
821,929,20108,1561,20108,380,213
813,929,20109,1561,20109,380,213
809,929,20110,1561,20110,380,213
806,929,20111,1561,20111,380,213
800,929,20112,1561,20112,380,213
800,929,20113,1561,20113,380,213
800,929,20114,1561,20114,380,213
800,929,20115,1561,20115,380,213
800,929,20116,1561,20116,380,213
800,929,20117,1561,20117,380,213
800,929,20118,1561,20118,380,213
800,929,20119,1561,20119,380,213
800,929,20120,1561,20120,380,213
800,929,20121,1561,20121,380,213
800,929,20122,1561,20122,380,213
800,929,20123,1561,20123,380,213
800,929,20124,1561,20124,380,213
800,929,20125,1561,20125,380,213
800,929,20126,1561,20126,380,213
800,929,20127,1561,20127,380,213
800,929,20128,1561,20128,380,213
800,929,20129,1561,20129,380,212
800,929,20130,1561,20130,380,211
800,929,20131,1561,20131,380,210
800,929,20132,1561,20132,380,209
800,929,20133,1561,20133,380,208
800,929,20134,1561,20134,380,207
800,929,20135,1561,20135,380,206
800,929,20136,1561,20136,380,205
800,929,20137,1561,20137,380,204
800,929,20138,1561,20138,380,203
800,929,20139,1561,20139,380,202
800,929,20140,1561,20140,380,201
800,929,20141,1561,20141,380,200
800,929,20142,1561,20142,380,199
800,929,20143,1561,20143,380,198
800,929,20144,1561,20144,380,197
800,929,20145,1561,20145,380,197
800,929,20146,1561,20146,380,197
800,929,20147,1561,20147,380,197
801,929,20148,1561,20148,380,197
801,929,20149,1561,20149,380,197
802,929,20150,1561,20150,380,197
802,929,20151,1561,20151,380,197
803,929,20152,1561,20152,380,197
803,929,20153,1561,20153,380,197
803,929,20154,1561,20154,380,197
803,929,20155,1561,20155,380,197
803,929,20156,1561,20156,380,197
804,929,20157,1561,20157,380,197
804,929,20158,1561,20158,380,197
805,929,20159,1561,20159,380,197
806,929,20160,1561,20160,380,197
806,929,20161,1561,20161,380,197
806,929,20162,1561,20162,380,197
806,929,20163,1561,20163,380,197
806,929,20164,1561,20164,380,197
806,929,20165,1561,20165,380,197
806,929,20166,1561,20166,380,197
806,929,20167,1561,20167,380,197
806,929,20168,1561,20168,380,197
806,929,20169,1561,20169,380,197
806,929,20170,1561,20170,380,197
806,929,20171,1561,20171,380,197
806,929,20172,1561,20172,380,197
806,929,20173,1561,20173,380,197
806,929,20174,1561,20174,380,197
806,929,20175,1561,20175,380,197
806,929,20176,1561,20176,380,197
806,929,20177,1561,20177,380,197
806,929,20178,1561,20178,380,197
806,929,20179,1561,20179,380,197
806,929,20180,1561,20180,380,197
806,929,20181,1561,20181,380,197
806,929,20182,1561,20182,380,197
806,929,20183,1561,20183,380,197
806,929,20184,1561,20184,380,197
806,929,20185,1561,20185,380,197
806,929,20186,1561,20186,380,197
806,929,20187,1561,20187,380,197
806,929,20188,1561,20188,380,197
806,929,20189,1561,20189,380,197
806,929,20190,1561,20190,380,197
806,929,20191,1561,20191,380,197
806,929,20192,1561,20192,380,197
806,929,20193,1561,20193,380,197
806,929,20194,1561,20194,380,197
806,929,20195,1561,20195,380,197
806,929,20196,1561,20196,380,197
806,929,20197,1561,20197,380,197
806,929,20198,1561,20198,380,197
806,929,20199,1561,20199,380,197
806,929,20200,1561,20200,380,197
806,929,20201,1561,20201,380,197
806,929,20202,1561,20202,380,197
806,929,20203,1561,20203,380,197
806,929,20204,1561,20204,380,197
806,929,20205,1561,20205,380,197
806,929,20206,1561,20206,380,197
806,929,20207,1561,20207,380,197
806,929,20208,1561,20208,380,197
806,929,20209,1561,20209,380,197
807,929,20210,1561,20210,380,197
808,929,20211,1561,20211,380,197
808,929,20212,1561,20212,380,197
809,929,20213,1561,20213,380,197
809,929,20214,1561,20214,380,197
809,929,20215,1561,20215,380,197
810,929,20216,1561,20216,380,197
811,929,20217,1561,20217,380,197
811,929,20218,1561,20218,380,197
812,929,20219,1561,20219,380,197
812,929,20220,1561,20220,380,197
813,929,20221,1561,20221,380,197
813,929,20222,1561,20222,380,197
813,929,20223,1561,20223,380,197
813,929,20224,1561,20224,380,197
813,929,20225,1561,20225,380,197
814,929,20226,1561,20226,380,197
815,929,20227,1561,20227,380,197
815,929,20228,1561,20228,380,197
816,929,20229,1561,20229,380,197
816,929,20230,1561,20230,380,197
816,929,20231,1561,20231,380,197
816,929,20232,1561,20232,380,197
816,929,20233,1561,20233,380,197
816,929,20234,1561,20234,380,197
817,929,20235,1561,20235,380,197
818,929,20236,1561,20236,380,197
819,929,20237,1561,20237,380,197
820,929,20238,1561,20238,380,197
820,929,20239,1561,20239,380,197
820,929,20240,1561,20240,380,197
820,929,20241,1561,20241,380,197
821,929,20242,1561,20242,380,197
822,929,20243,1561,20243,380,197
823,929,20244,1561,20244,380,197
824,929,20245,1561,20245,380,197
825,929,20246,1561,20246,380,197
826,929,20247,1561,20247,380,197
826,929,20248,1561,20248,380,197
827,929,20249,1561,20249,380,197
828,929,20250,1561,20250,380,197
828,929,20251,1561,20251,380,197
829,929,20252,1561,20252,380,197
829,929,20253,1561,20253,380,197
829,929,20254,1561,20254,380,197
830,929,20255,1561,20255,380,197
830,929,20256,1561,20256,380,197
830,929,20257,1561,20257,380,197
830,929,20258,1561,20258,380,197
830,929,20259,1561,20259,380,197
831,929,20260,1561,20260,380,197
831,929,20261,1561,20261,380,197
832,929,20262,1561,20262,380,197
832,929,20263,1561,20263,380,197
832,929,20264,1561,20264,380,197
832,929,20265,1561,20265,380,197
832,929,20266,1561,20266,380,197
833,929,20267,1561,20267,380,197
833,929,20268,1561,20268,380,197
833,929,20269,1561,20269,380,197
834,929,20270,1561,20270,380,197
834,929,20271,1561,20271,380,197
834,929,20272,1561,20272,380,197
834,929,20273,1561,20273,380,197
834,929,20274,1561,20274,380,197
835,929,20275,1561,20275,380,197
835,929,20276,1561,20276,380,197
835,929,20277,1561,20277,380,197
836,929,20278,1561,20278,380,197
837,929,20279,1561,20279,380,197
838,929,20280,1561,20280,380,197
839,929,20281,1561,20281,380,197
839,929,20282,1561,20282,380,197
840,929,20283,1561,20283,380,197
841,929,20284,1561,20284,380,197
842,929,20285,1561,20285,380,197
842,929,20286,1561,20286,380,197
842,929,20287,1561,20287,380,197
842,929,20288,1561,20288,380,197
842,929,20289,1561,20289,380,197
843,929,20290,1561,20290,380,197
843,929,20291,1561,20291,380,197
844,929,20292,1561,20292,380,197
845,929,20293,1561,20293,380,197
846,929,20294,1561,20294,380,197
846,929,20295,1561,20295,380,197
846,929,20296,1561,20296,380,197
846,929,20297,1561,20297,380,197
846,929,20298,1561,20298,380,197
847,929,20299,1561,20299,380,197
847,929,20300,1561,20300,380,197
848,929,20301,1561,20301,380,197
848,929,20302,1561,20302,380,197
848,929,20303,1561,20303,380,197
849,929,20304,1561,20304,380,197
849,929,20305,1561,20305,380,197
849,929,20306,1561,20306,380,197
850,929,20307,1561,20307,380,197
850,929,20308,1561,20308,380,197
851,929,20309,1561,20309,380,197
852,929,20310,1561,20310,380,197
852,929,20311,1561,20311,380,197
853,929,20312,1561,20312,380,197
853,929,20313,1561,20313,380,197
853,929,20314,1561,20314,380,197
853,929,20315,1561,20315,380,197
853,929,20316,1561,20316,380,197
854,929,20317,1561,20317,380,197
855,929,20318,1561,20318,380,197
855,929,20319,1561,20319,380,197
856,929,20320,1561,20320,380,197
856,929,20321,1561,20321,380,197
856,929,20322,1561,20322,380,197
856,929,20323,1561,20323,380,197
857,929,20324,1561,20324,380,197
857,929,20325,1561,20325,380,197
858,929,20326,1561,20326,380,197
858,929,20327,1561,20327,380,197
858,929,20328,1561,20328,380,197
859,929,20329,1561,20329,380,197
859,929,20330,1561,20330,380,197
859,929,20331,1561,20331,380,197
860,929,20332,1561,20332,380,197
860,929,20333,1561,20333,380,197
860,929,20334,1561,20334,380,197
861,929,20335,1561,20335,380,197
861,929,20336,1561,20336,380,197
861,929,20337,1561,20337,380,197
861,929,20338,1561,20338,380,197
862,929,20339,1561,20339,380,197
862,929,20340,1561,20340,380,197
862,929,20341,1561,20341,380,197
862,929,20342,1561,20342,380,197
862,929,20343,1561,20343,380,197
862,929,20344,1561,20344,380,197
862,929,20345,1561,20345,380,197
862,929,20346,1561,20346,380,197
862,929,20347,1561,20347,380,197
863,929,20348,1561,20348,380,197
864,929,20349,1561,20349,380,197
864,929,20350,1561,20350,380,197
864,929,20351,1561,20351,380,197
865,929,20352,1561,20352,380,197
865,929,20353,1561,20353,380,197
866,929,20354,1561,20354,380,197
866,929,20355,1561,20355,380,197
867,929,20356,1561,20356,380,197
867,929,20357,1561,20357,380,197
868,929,20358,1561,20358,380,197
868,929,20359,1561,20359,380,197
868,929,20360,1561,20360,380,197
868,929,20361,1561,20361,380,197
868,929,20362,1561,20362,380,197
868,929,20363,1561,20363,380,197
869,929,20364,1561,20364,380,197
869,929,20365,1561,20365,380,197
870,929,20366,1561,20366,380,197
870,929,20367,1561,20367,380,197
870,929,20368,1561,20368,380,197
871,929,20369,1561,20369,380,197
871,929,20370,1561,20370,380,197
871,929,20371,1561,20371,380,197
871,929,20372,1561,20372,380,197
871,929,20373,1561,20373,380,197
871,929,20374,1561,20374,380,197
871,929,20375,1561,20375,380,197
871,929,20376,1561,20376,380,197
872,929,20377,1561,20377,380,197
872,929,20378,1561,20378,380,197
873,929,20379,1561,20379,380,197
873,929,20380,1561,20380,380,197
873,929,20381,1561,20381,380,197
873,929,20382,1561,20382,380,197
873,929,20383,1561,20383,380,197
874,929,20384,1561,20384,380,197
873,929,20385,1561,20385,380,197
868,929,20386,1561,20386,380,197
862,929,20387,1561,20387,380,197
856,929,20388,1561,20388,380,197
851,929,20389,1561,20389,380,197
843,929,20390,1561,20390,380,197
841,929,20391,1561,20391,380,197
837,929,20392,1561,20392,380,197
832,929,20393,1561,20393,380,197
831,929,20394,1561,20394,380,197
825,929,20395,1561,20395,380,197
819,929,20396,1561,20396,380,197
812,929,20397,1561,20397,380,197
808,929,20398,1561,20398,380,197
805,929,20399,1561,20399,380,197
800,929,20400,1561,20400,380,196
800,929,20401,1561,20401,380,196
800,929,20402,1561,20402,380,196
800,929,20403,1561,20403,380,196
800,929,20404,1561,20404,380,196
800,929,20405,1561,20405,380,196
800,929,20406,1561,20406,380,196
800,929,20407,1561,20407,380,196
800,929,20408,1561,20408,380,196
800,929,20409,1561,20409,380,196
800,929,20410,1561,20410,380,196
800,929,20411,1561,20411,380,196
800,929,20412,1561,20412,380,196
800,929,20413,1561,20413,380,196
800,929,20414,1561,20414,380,196
800,929,20415,1561,20415,380,196
800,929,20416,1561,20416,380,196
800,929,20417,1561,20417,380,195
800,929,20418,1561,20418,380,194
800,929,20419,1561,20419,380,193
800,929,20420,1561,20420,380,192
800,929,20421,1561,20421,380,191
800,929,20422,1561,20422,380,190
800,929,20423,1561,20423,380,189
800,929,20424,1561,20424,380,188
800,929,20425,1561,20425,380,187
800,929,20426,1561,20426,380,186
800,929,20427,1561,20427,380,185
800,929,20428,1561,20428,380,184
800,929,20429,1561,20429,380,183
800,929,20430,1561,20430,380,182
800,929,20431,1561,20431,380,181
800,929,20432,1561,20432,380,180
800,929,20433,1561,20433,380,180
801,929,20434,1561,20434,380,180
802,929,20435,1561,20435,380,180
802,929,20436,1561,20436,380,180
803,929,20437,1561,20437,380,180
803,929,20438,1561,20438,380,180
803,929,20439,1561,20439,380,180
804,929,20440,1561,20440,380,180
805,929,20441,1561,20441,380,180
805,929,20442,1561,20442,380,180
806,929,20443,1561,20443,380,180
806,929,20444,1561,20444,380,180
807,929,20445,1561,20445,380,180
807,929,20446,1561,20446,380,180
807,929,20447,1561,20447,380,180
807,929,20448,1561,20448,380,180
807,929,20449,1561,20449,380,180
807,929,20450,1561,20450,380,180
807,929,20451,1561,20451,380,180
807,929,20452,1561,20452,380,180
807,929,20453,1561,20453,380,180
807,929,20454,1561,20454,380,180
807,929,20455,1561,20455,380,180
807,929,20456,1561,20456,380,180
807,929,20457,1561,20457,380,180
807,929,20458,1561,20458,380,180
807,929,20459,1561,20459,380,180
807,929,20460,1561,20460,380,180
807,929,20461,1561,20461,380,180
807,929,20462,1561,20462,380,180
807,929,20463,1561,20463,380,180
807,929,20464,1561,20464,380,180
807,929,20465,1561,20465,380,180
807,929,20466,1561,20466,380,180
807,929,20467,1561,20467,380,180
807,929,20468,1561,20468,380,180
807,929,20469,1561,20469,380,180
807,929,20470,1561,20470,380,180
807,929,20471,1561,20471,380,180
807,929,20472,1561,20472,380,180
807,929,20473,1561,20473,380,180
807,929,20474,1561,20474,380,180
807,929,20475,1561,20475,380,180
807,929,20476,1561,20476,380,180
807,929,20477,1561,20477,380,180
807,929,20478,1561,20478,380,180
807,929,20479,1561,20479,380,180
807,929,20480,1561,20480,380,180
807,929,20481,1561,20481,380,180
807,929,20482,1561,20482,380,180
807,929,20483,1561,20483,380,180
807,929,20484,1561,20484,380,180
807,929,20485,1561,20485,380,180
807,929,20486,1561,20486,380,180
807,929,20487,1561,20487,380,180
807,929,20488,1561,20488,380,180
807,929,20489,1561,20489,380,180
807,929,20490,1561,20490,380,180
807,929,20491,1561,20491,380,180
807,929,20492,1561,20492,380,180
807,929,20493,1561,20493,380,180
807,929,20494,1561,20494,380,180
807,929,20495,1561,20495,380,180
807,929,20496,1561,20496,380,180
807,929,20497,1561,20497,380,180
807,929,20498,1561,20498,380,180
807,929,20499,1561,20499,380,180
807,929,20500,1561,20500,380,180
807,929,20501,1561,20501,380,180
807,929,20502,1561,20502,380,180
807,929,20503,1561,20503,380,180
807,929,20504,1561,20504,380,180
807,929,20505,1561,20505,380,180
807,929,20506,1561,20506,380,180
807,929,20507,1561,20507,380,180
807,929,20508,1561,20508,380,180
807,929,20509,1561,20509,380,180
807,929,20510,1561,20510,380,180
807,929,20511,1561,20511,380,180
807,929,20512,1561,20512,380,180
807,929,20513,1561,20513,380,180
808,929,20514,1561,20514,380,180
809,929,20515,1561,20515,380,180
809,929,20516,1561,20516,380,180
810,929,20517,1561,20517,380,180
810,929,20518,1561,20518,380,180
810,929,20519,1561,20519,380,180
810,929,20520,1561,20520,380,180
810,929,20521,1561,20521,380,180
810,929,20522,1561,20522,380,180
811,929,20523,1561,20523,380,180
812,929,20524,1561,20524,380,180
813,929,20525,1561,20525,380,180
814,929,20526,1561,20526,380,180
814,929,20527,1561,20527,380,180
814,929,20528,1561,20528,380,180
814,929,20529,1561,20529,380,180
815,929,20530,1561,20530,380,180
816,929,20531,1561,20531,380,180
817,929,20532,1561,20532,380,180
818,929,20533,1561,20533,380,180
819,929,20534,1561,20534,380,180
820,929,20535,1561,20535,380,180
820,929,20536,1561,20536,380,180
821,929,20537,1561,20537,380,180
822,929,20538,1561,20538,380,180
822,929,20539,1561,20539,380,180
823,929,20540,1561,20540,380,180
823,929,20541,1561,20541,380,180
823,929,20542,1561,20542,380,180
824,929,20543,1561,20543,380,180
824,929,20544,1561,20544,380,180
824,929,20545,1561,20545,380,180
824,929,20546,1561,20546,380,180
824,929,20547,1561,20547,380,180
825,929,20548,1561,20548,380,180
825,929,20549,1561,20549,380,180
826,929,20550,1561,20550,380,180
826,929,20551,1561,20551,380,180
826,929,20552,1561,20552,380,180
826,929,20553,1561,20553,380,180
826,929,20554,1561,20554,380,180
827,929,20555,1561,20555,380,180
827,929,20556,1561,20556,380,180
827,929,20557,1561,20557,380,180
828,929,20558,1561,20558,380,180
828,929,20559,1561,20559,380,180
828,929,20560,1561,20560,380,180
828,929,20561,1561,20561,380,180
828,929,20562,1561,20562,380,180
829,929,20563,1561,20563,380,180
829,929,20564,1561,20564,380,180
829,929,20565,1561,20565,380,180
830,929,20566,1561,20566,380,180
831,929,20567,1561,20567,380,180
832,929,20568,1561,20568,380,180
833,929,20569,1561,20569,380,180
833,929,20570,1561,20570,380,180
834,929,20571,1561,20571,380,180
835,929,20572,1561,20572,380,180
836,929,20573,1561,20573,380,180
836,929,20574,1561,20574,380,180
836,929,20575,1561,20575,380,180
836,929,20576,1561,20576,380,180
836,929,20577,1561,20577,380,180
837,929,20578,1561,20578,380,180
837,929,20579,1561,20579,380,180
838,929,20580,1561,20580,380,180
839,929,20581,1561,20581,380,180
840,929,20582,1561,20582,380,180
840,929,20583,1561,20583,380,180
840,929,20584,1561,20584,380,180
840,929,20585,1561,20585,380,180
840,929,20586,1561,20586,380,180
841,929,20587,1561,20587,380,180
841,929,20588,1561,20588,380,180
842,929,20589,1561,20589,380,180
842,929,20590,1561,20590,380,180
842,929,20591,1561,20591,380,180
843,929,20592,1561,20592,380,180
843,929,20593,1561,20593,380,180
843,929,20594,1561,20594,380,180
844,929,20595,1561,20595,380,180
844,929,20596,1561,20596,380,180
845,929,20597,1561,20597,380,180
846,929,20598,1561,20598,380,180
846,929,20599,1561,20599,380,180
847,929,20600,1561,20600,380,180
847,929,20601,1561,20601,380,180
847,929,20602,1561,20602,380,180
847,929,20603,1561,20603,380,180
847,929,20604,1561,20604,380,180
848,929,20605,1561,20605,380,180
849,929,20606,1561,20606,380,180
849,929,20607,1561,20607,380,180
850,929,20608,1561,20608,380,180
850,929,20609,1561,20609,380,180
850,929,20610,1561,20610,380,180
850,929,20611,1561,20611,380,180
851,929,20612,1561,20612,380,180
851,929,20613,1561,20613,380,180
852,929,20614,1561,20614,380,180
852,929,20615,1561,20615,380,180
852,929,20616,1561,20616,380,180
853,929,20617,1561,20617,380,180
853,929,20618,1561,20618,380,180
853,929,20619,1561,20619,380,180
854,929,20620,1561,20620,380,180
854,929,20621,1561,20621,380,180
854,929,20622,1561,20622,380,180
855,929,20623,1561,20623,380,180
855,929,20624,1561,20624,380,180
855,929,20625,1561,20625,380,180
855,929,20626,1561,20626,380,180
856,929,20627,1561,20627,380,180
856,929,20628,1561,20628,380,180
856,929,20629,1561,20629,380,180
856,929,20630,1561,20630,380,180
856,929,20631,1561,20631,380,180
856,929,20632,1561,20632,380,180
856,929,20633,1561,20633,380,180
856,929,20634,1561,20634,380,180
856,929,20635,1561,20635,380,180
857,929,20636,1561,20636,380,180
858,929,20637,1561,20637,380,180
858,929,20638,1561,20638,380,180
858,929,20639,1561,20639,380,180
859,929,20640,1561,20640,380,180
859,929,20641,1561,20641,380,180
860,929,20642,1561,20642,380,180
860,929,20643,1561,20643,380,180
861,929,20644,1561,20644,380,180
861,929,20645,1561,20645,380,180
862,929,20646,1561,20646,380,180
862,929,20647,1561,20647,380,180
862,929,20648,1561,20648,380,180
862,929,20649,1561,20649,380,180
862,929,20650,1561,20650,380,180
862,929,20651,1561,20651,380,180
863,929,20652,1561,20652,380,180
863,929,20653,1561,20653,380,180
864,929,20654,1561,20654,380,180
864,929,20655,1561,20655,380,180
864,929,20656,1561,20656,380,180
865,929,20657,1561,20657,380,180
865,929,20658,1561,20658,380,180
865,929,20659,1561,20659,380,180
865,929,20660,1561,20660,380,180
865,929,20661,1561,20661,380,180
866,929,20662,1561,20662,380,180
866,929,20663,1561,20663,380,180
866,929,20664,1561,20664,380,180
867,929,20665,1561,20665,380,180
867,929,20666,1561,20666,380,180
868,929,20667,1561,20667,380,180
868,929,20668,1561,20668,380,180
868,929,20669,1561,20669,380,180
868,929,20670,1561,20670,380,180
868,929,20671,1561,20671,380,180
869,929,20672,1561,20672,380,180
868,929,20673,1561,20673,380,180
863,929,20674,1561,20674,380,180
857,929,20675,1561,20675,380,180
852,929,20676,1561,20676,380,180
847,929,20677,1561,20677,380,180
839,929,20678,1561,20678,380,180
837,929,20679,1561,20679,380,180
834,929,20680,1561,20680,380,180
829,929,20681,1561,20681,380,180
828,929,20682,1561,20682,380,180
822,929,20683,1561,20683,380,180
816,929,20684,1561,20684,380,180
810,929,20685,1561,20685,380,180
806,929,20686,1561,20686,380,180
804,929,20687,1561,20687,380,180
800,929,20688,1561,20688,380,180
800,929,20689,1561,20689,380,180
800,929,20690,1561,20690,380,180
800,929,20691,1561,20691,380,180
800,929,20692,1561,20692,380,180
800,929,20693,1561,20693,380,180
800,929,20694,1561,20694,380,180
800,929,20695,1561,20695,380,180
800,929,20696,1561,20696,380,180
800,929,20697,1561,20697,380,180
800,929,20698,1561,20698,380,180
800,929,20699,1561,20699,380,180
800,929,20700,1561,20700,380,180
800,929,20701,1561,20701,380,180
800,929,20702,1561,20702,380,180
800,929,20703,1561,20703,380,180
800,929,20704,1561,20704,380,180
800,929,20705,1561,20705,380,179
800,929,20706,1561,20706,380,179
800,929,20707,1561,20707,380,178
800,929,20708,1561,20708,380,178
800,929,20709,1561,20709,380,177
800,929,20710,1561,20710,380,177
800,929,20711,1561,20711,380,177
800,929,20712,1561,20712,380,176
800,929,20713,1561,20713,380,175
800,929,20714,1561,20714,380,174
800,929,20715,1561,20715,380,173
800,929,20716,1561,20716,380,173
800,929,20717,1561,20717,380,172
800,929,20718,1561,20718,380,171
800,929,20719,1561,20719,380,170
800,929,20720,1561,20720,380,170
800,929,20721,1561,20721,380,170
801,929,20722,1561,20722,380,170
802,929,20723,1561,20723,380,170
802,929,20724,1561,20724,380,170
803,929,20725,1561,20725,380,170
803,929,20726,1561,20726,380,170
803,929,20727,1561,20727,380,170
803,929,20728,1561,20728,380,170
803,929,20729,1561,20729,380,170
803,929,20730,1561,20730,380,170
804,929,20731,1561,20731,380,170
805,929,20732,1561,20732,380,170
806,929,20733,1561,20733,380,170
807,929,20734,1561,20734,380,170
807,929,20735,1561,20735,380,170
807,929,20736,1561,20736,380,170
807,929,20737,1561,20737,380,170
807,929,20738,1561,20738,380,170
807,929,20739,1561,20739,380,170
807,929,20740,1561,20740,380,170
807,929,20741,1561,20741,380,170
807,929,20742,1561,20742,380,170
807,929,20743,1561,20743,380,170
807,929,20744,1561,20744,380,170
807,929,20745,1561,20745,380,170
807,929,20746,1561,20746,380,170
807,929,20747,1561,20747,380,170
807,929,20748,1561,20748,380,170
807,929,20749,1561,20749,380,170
807,929,20750,1561,20750,380,170
807,929,20751,1561,20751,380,170
807,929,20752,1561,20752,380,170
807,929,20753,1561,20753,380,170
807,929,20754,1561,20754,380,170
807,929,20755,1561,20755,380,170
807,929,20756,1561,20756,380,170
807,929,20757,1561,20757,380,170
807,929,20758,1561,20758,380,170
807,929,20759,1561,20759,380,170
807,929,20760,1561,20760,380,170
807,929,20761,1561,20761,380,170
807,929,20762,1561,20762,380,170
807,929,20763,1561,20763,380,170
807,929,20764,1561,20764,380,170
807,929,20765,1561,20765,380,170
807,929,20766,1561,20766,380,170
807,929,20767,1561,20767,380,170
807,929,20768,1561,20768,380,170
807,929,20769,1561,20769,380,170
807,929,20770,1561,20770,380,170
807,929,20771,1561,20771,380,170
807,929,20772,1561,20772,380,170
807,929,20773,1561,20773,380,170
807,929,20774,1561,20774,380,170
807,929,20775,1561,20775,380,170
807,929,20776,1561,20776,380,170
807,929,20777,1561,20777,380,170
807,929,20778,1561,20778,380,170
807,929,20779,1561,20779,380,170
807,929,20780,1561,20780,380,170
807,929,20781,1561,20781,380,170
807,929,20782,1561,20782,380,170
807,929,20783,1561,20783,380,170
807,929,20784,1561,20784,380,170
807,929,20785,1561,20785,380,170
807,929,20786,1561,20786,380,170
807,929,20787,1561,20787,380,170
807,929,20788,1561,20788,380,170
807,929,20789,1561,20789,380,170
807,929,20790,1561,20790,380,170
807,929,20791,1561,20791,380,170
807,929,20792,1561,20792,380,170
807,929,20793,1561,20793,380,170
807,929,20794,1561,20794,380,170
807,929,20795,1561,20795,380,170
807,929,20796,1561,20796,380,170
807,929,20797,1561,20797,380,170
807,929,20798,1561,20798,380,170
807,929,20799,1561,20799,380,170
807,929,20800,1561,20800,380,170
807,929,20801,1561,20801,380,170
807,929,20802,1561,20802,380,170
807,929,20803,1561,20803,380,170
807,929,20804,1561,20804,380,170
807,929,20805,1561,20805,380,170
807,929,20806,1561,20806,380,170
807,929,20807,1561,20807,380,170
807,929,20808,1561,20808,380,170
807,929,20809,1561,20809,380,170
807,929,20810,1561,20810,380,170
807,929,20811,1561,20811,380,170
807,929,20812,1561,20812,380,170
807,929,20813,1561,20813,380,170
807,929,20814,1561,20814,380,170
807,929,20815,1561,20815,380,170
807,929,20816,1561,20816,380,170
807,929,20817,1561,20817,380,170
808,929,20818,1561,20818,380,170
809,929,20819,1561,20819,380,170
810,929,20820,1561,20820,380,170
811,929,20821,1561,20821,380,170
812,929,20822,1561,20822,380,170
813,929,20823,1561,20823,380,170
813,929,20824,1561,20824,380,170
814,929,20825,1561,20825,380,170
815,929,20826,1561,20826,380,170
815,929,20827,1561,20827,380,170
816,929,20828,1561,20828,380,170
816,929,20829,1561,20829,380,170
816,929,20830,1561,20830,380,170
817,929,20831,1561,20831,380,170
817,929,20832,1561,20832,380,170
817,929,20833,1561,20833,380,170
817,929,20834,1561,20834,380,170
817,929,20835,1561,20835,380,170
818,929,20836,1561,20836,380,170
818,929,20837,1561,20837,380,170
819,929,20838,1561,20838,380,170
819,929,20839,1561,20839,380,170
819,929,20840,1561,20840,380,170
819,929,20841,1561,20841,380,170
819,929,20842,1561,20842,380,170
820,929,20843,1561,20843,380,170
820,929,20844,1561,20844,380,170
820,929,20845,1561,20845,380,170
821,929,20846,1561,20846,380,170
821,929,20847,1561,20847,380,170
821,929,20848,1561,20848,380,170
821,929,20849,1561,20849,380,170
821,929,20850,1561,20850,380,170
822,929,20851,1561,20851,380,170
822,929,20852,1561,20852,380,170
822,929,20853,1561,20853,380,170
823,929,20854,1561,20854,380,170
824,929,20855,1561,20855,380,170
825,929,20856,1561,20856,380,170
826,929,20857,1561,20857,380,170
826,929,20858,1561,20858,380,170
827,929,20859,1561,20859,380,170
828,929,20860,1561,20860,380,170
829,929,20861,1561,20861,380,170
829,929,20862,1561,20862,380,170
829,929,20863,1561,20863,380,170
829,929,20864,1561,20864,380,170
829,929,20865,1561,20865,380,170
830,929,20866,1561,20866,380,170
830,929,20867,1561,20867,380,170
831,929,20868,1561,20868,380,170
832,929,20869,1561,20869,380,170
833,929,20870,1561,20870,380,170
833,929,20871,1561,20871,380,170
833,929,20872,1561,20872,380,170
833,929,20873,1561,20873,380,170
833,929,20874,1561,20874,380,170
834,929,20875,1561,20875,380,170
834,929,20876,1561,20876,380,170
835,929,20877,1561,20877,380,170
835,929,20878,1561,20878,380,170
835,929,20879,1561,20879,380,170
836,929,20880,1561,20880,380,170
836,929,20881,1561,20881,380,170
837,929,20882,1561,20882,380,170
838,929,20883,1561,20883,380,170
838,929,20884,1561,20884,380,170
839,929,20885,1561,20885,380,170
840,929,20886,1561,20886,380,170
840,929,20887,1561,20887,380,170
841,929,20888,1561,20888,380,170
841,929,20889,1561,20889,380,170
841,929,20890,1561,20890,380,170
841,929,20891,1561,20891,380,170
841,929,20892,1561,20892,380,170
842,929,20893,1561,20893,380,170
843,929,20894,1561,20894,380,170
843,929,20895,1561,20895,380,170
844,929,20896,1561,20896,380,170
844,929,20897,1561,20897,380,170
844,929,20898,1561,20898,380,170
844,929,20899,1561,20899,380,170
845,929,20900,1561,20900,380,170
845,929,20901,1561,20901,380,170
846,929,20902,1561,20902,380,170
846,929,20903,1561,20903,380,170
846,929,20904,1561,20904,380,170
847,929,20905,1561,20905,380,170
847,929,20906,1561,20906,380,170
847,929,20907,1561,20907,380,170
848,929,20908,1561,20908,380,170
848,929,20909,1561,20909,380,170
848,929,20910,1561,20910,380,170
849,929,20911,1561,20911,380,170
849,929,20912,1561,20912,380,170
849,929,20913,1561,20913,380,170
849,929,20914,1561,20914,380,170
850,929,20915,1561,20915,380,170
850,929,20916,1561,20916,380,170
850,929,20917,1561,20917,380,170
850,929,20918,1561,20918,380,170
850,929,20919,1561,20919,380,170
850,929,20920,1561,20920,380,170
850,929,20921,1561,20921,380,170
850,929,20922,1561,20922,380,170
850,929,20923,1561,20923,380,170
851,929,20924,1561,20924,380,170
852,929,20925,1561,20925,380,170
852,929,20926,1561,20926,380,170
852,929,20927,1561,20927,380,170
853,929,20928,1561,20928,380,170
853,929,20929,1561,20929,380,170
854,929,20930,1561,20930,380,170
854,929,20931,1561,20931,380,170
855,929,20932,1561,20932,380,170
855,929,20933,1561,20933,380,170
856,929,20934,1561,20934,380,170
856,929,20935,1561,20935,380,170
856,929,20936,1561,20936,380,170
856,929,20937,1561,20937,380,170
856,929,20938,1561,20938,380,170
856,929,20939,1561,20939,380,170
857,929,20940,1561,20940,380,170
857,929,20941,1561,20941,380,170
858,929,20942,1561,20942,380,170
858,929,20943,1561,20943,380,170
858,929,20944,1561,20944,380,170
859,929,20945,1561,20945,380,170
859,929,20946,1561,20946,380,170
859,929,20947,1561,20947,380,170
859,929,20948,1561,20948,380,170
859,929,20949,1561,20949,380,170
860,929,20950,1561,20950,380,170
860,929,20951,1561,20951,380,170
860,929,20952,1561,20952,380,170
861,929,20953,1561,20953,380,170
861,929,20954,1561,20954,380,170
862,929,20955,1561,20955,380,170
862,929,20956,1561,20956,380,170
862,929,20957,1561,20957,380,170
862,929,20958,1561,20958,380,170
862,929,20959,1561,20959,380,170
863,929,20960,1561,20960,380,170
862,929,20961,1561,20961,380,170
857,929,20962,1561,20962,380,170
852,929,20963,1561,20963,380,170
847,929,20964,1561,20964,380,170
843,929,20965,1561,20965,380,170
835,929,20966,1561,20966,380,170
833,929,20967,1561,20967,380,170
831,929,20968,1561,20968,380,170
827,929,20969,1561,20969,380,170
826,929,20970,1561,20970,380,170
821,929,20971,1561,20971,380,170
815,929,20972,1561,20972,380,170
810,929,20973,1561,20973,380,170
806,929,20974,1561,20974,380,170
804,929,20975,1561,20975,380,170
800,929,20976,1561,20976,380,170
800,929,20977,1561,20977,380,170
800,929,20978,1561,20978,380,170
800,929,20979,1561,20979,380,170
800,929,20980,1561,20980,380,170
800,929,20981,1561,20981,380,170
800,929,20982,1561,20982,380,170
800,929,20983,1561,20983,380,170
800,929,20984,1561,20984,380,170
800,929,20985,1561,20985,380,170
800,929,20986,1561,20986,380,170
800,929,20987,1561,20987,380,170
800,929,20988,1561,20988,380,170
800,929,20989,1561,20989,380,170
800,929,20990,1561,20990,380,170
800,929,20991,1561,20991,380,170
800,929,20992,1561,20992,380,170
800,929,20993,1561,20993,380,169
800,929,20994,1561,20994,380,168
800,929,20995,1561,20995,380,167
800,929,20996,1561,20996,380,166
800,929,20997,1561,20997,380,165
800,929,20998,1561,20998,380,164
800,929,20999,1561,20999,380,163
800,929,21000,1561,21000,380,162
800,929,21001,1561,21001,380,161
800,929,21002,1561,21002,380,160
800,929,21003,1561,21003,380,159
800,929,21004,1561,21004,380,158
800,929,21005,1561,21005,380,157
800,929,21006,1561,21006,380,156
800,929,21007,1561,21007,380,155
800,929,21008,1561,21008,380,154
800,929,21009,1561,21009,380,154
801,929,21010,1561,21010,380,154
802,929,21011,1561,21011,380,154
803,929,21012,1561,21012,380,154
804,929,21013,1561,21013,380,154
805,929,21014,1561,21014,380,154
806,929,21015,1561,21015,380,154
806,929,21016,1561,21016,380,154
807,929,21017,1561,21017,380,154
808,929,21018,1561,21018,380,154
808,929,21019,1561,21019,380,154
809,929,21020,1561,21020,380,154
809,929,21021,1561,21021,380,154
809,929,21022,1561,21022,380,154
810,929,21023,1561,21023,380,154
810,929,21024,1561,21024,380,154
810,929,21025,1561,21025,380,154
810,929,21026,1561,21026,380,154
810,929,21027,1561,21027,380,154
810,929,21028,1561,21028,380,154
810,929,21029,1561,21029,380,154
810,929,21030,1561,21030,380,154
810,929,21031,1561,21031,380,154
810,929,21032,1561,21032,380,154
810,929,21033,1561,21033,380,154
810,929,21034,1561,21034,380,154
810,929,21035,1561,21035,380,154
810,929,21036,1561,21036,380,154
810,929,21037,1561,21037,380,154
810,929,21038,1561,21038,380,154
810,929,21039,1561,21039,380,154
810,929,21040,1561,21040,380,154
810,929,21041,1561,21041,380,154
810,929,21042,1561,21042,380,154
810,929,21043,1561,21043,380,154
810,929,21044,1561,21044,380,154
810,929,21045,1561,21045,380,154
810,929,21046,1561,21046,380,154
810,929,21047,1561,21047,380,154
810,929,21048,1561,21048,380,154
810,929,21049,1561,21049,380,154
810,929,21050,1561,21050,380,154
810,929,21051,1561,21051,380,154
810,929,21052,1561,21052,380,154
810,929,21053,1561,21053,380,154
810,929,21054,1561,21054,380,154
810,929,21055,1561,21055,380,154
810,929,21056,1561,21056,380,154
810,929,21057,1561,21057,380,154
810,929,21058,1561,21058,380,154
810,929,21059,1561,21059,380,154
810,929,21060,1561,21060,380,154
810,929,21061,1561,21061,380,154
810,929,21062,1561,21062,380,154
810,929,21063,1561,21063,380,154
810,929,21064,1561,21064,380,154
810,929,21065,1561,21065,380,154
810,929,21066,1561,21066,380,154
810,929,21067,1561,21067,380,154
810,929,21068,1561,21068,380,154
810,929,21069,1561,21069,380,154
810,929,21070,1561,21070,380,154
810,929,21071,1561,21071,380,154
810,929,21072,1561,21072,380,154
810,929,21073,1561,21073,380,154
810,929,21074,1561,21074,380,154
810,929,21075,1561,21075,380,154
810,929,21076,1561,21076,380,154
810,929,21077,1561,21077,380,154
810,929,21078,1561,21078,380,154
810,929,21079,1561,21079,380,154
810,929,21080,1561,21080,380,154
810,929,21081,1561,21081,380,154
810,929,21082,1561,21082,380,154
810,929,21083,1561,21083,380,154
810,929,21084,1561,21084,380,154
810,929,21085,1561,21085,380,154
810,929,21086,1561,21086,380,154
810,929,21087,1561,21087,380,154
810,929,21088,1561,21088,380,154
810,929,21089,1561,21089,380,154
810,929,21090,1561,21090,380,154
810,929,21091,1561,21091,380,154
810,929,21092,1561,21092,380,154
810,929,21093,1561,21093,380,154
810,929,21094,1561,21094,380,154
810,929,21095,1561,21095,380,154
810,929,21096,1561,21096,380,154
810,929,21097,1561,21097,380,154
810,929,21098,1561,21098,380,154
810,929,21099,1561,21099,380,154
810,929,21100,1561,21100,380,154
810,929,21101,1561,21101,380,154
810,929,21102,1561,21102,380,154
810,929,21103,1561,21103,380,154
810,929,21104,1561,21104,380,154
810,929,21105,1561,21105,380,154
810,929,21106,1561,21106,380,154
810,929,21107,1561,21107,380,154
810,929,21108,1561,21108,380,154
810,929,21109,1561,21109,380,154
810,929,21110,1561,21110,380,154
810,929,21111,1561,21111,380,154
810,929,21112,1561,21112,380,154
810,929,21113,1561,21113,380,154
810,929,21114,1561,21114,380,154
810,929,21115,1561,21115,380,154
810,929,21116,1561,21116,380,154
810,929,21117,1561,21117,380,154
810,929,21118,1561,21118,380,154
810,929,21119,1561,21119,380,154
810,929,21120,1561,21120,380,154
810,929,21121,1561,21121,380,154
810,929,21122,1561,21122,380,154
810,929,21123,1561,21123,380,154
811,929,21124,1561,21124,380,154
811,929,21125,1561,21125,380,154
812,929,21126,1561,21126,380,154
812,929,21127,1561,21127,380,154
812,929,21128,1561,21128,380,154
812,929,21129,1561,21129,380,154
812,929,21130,1561,21130,380,154
813,929,21131,1561,21131,380,154
813,929,21132,1561,21132,380,154
813,929,21133,1561,21133,380,154
814,929,21134,1561,21134,380,154
814,929,21135,1561,21135,380,154
814,929,21136,1561,21136,380,154
814,929,21137,1561,21137,380,154
814,929,21138,1561,21138,380,154
815,929,21139,1561,21139,380,154
815,929,21140,1561,21140,380,154
815,929,21141,1561,21141,380,154
816,929,21142,1561,21142,380,154
817,929,21143,1561,21143,380,154
818,929,21144,1561,21144,380,154
819,929,21145,1561,21145,380,154
819,929,21146,1561,21146,380,154
820,929,21147,1561,21147,380,154
821,929,21148,1561,21148,380,154
822,929,21149,1561,21149,380,154
822,929,21150,1561,21150,380,154
822,929,21151,1561,21151,380,154
822,929,21152,1561,21152,380,154
822,929,21153,1561,21153,380,154
823,929,21154,1561,21154,380,154
823,929,21155,1561,21155,380,154
824,929,21156,1561,21156,380,154
825,929,21157,1561,21157,380,154
826,929,21158,1561,21158,380,154
826,929,21159,1561,21159,380,154
826,929,21160,1561,21160,380,154
826,929,21161,1561,21161,380,154
826,929,21162,1561,21162,380,154
827,929,21163,1561,21163,380,154
827,929,21164,1561,21164,380,154
828,929,21165,1561,21165,380,154
828,929,21166,1561,21166,380,154
828,929,21167,1561,21167,380,154
829,929,21168,1561,21168,380,154
829,929,21169,1561,21169,380,154
830,929,21170,1561,21170,380,154
831,929,21171,1561,21171,380,154
831,929,21172,1561,21172,380,154
832,929,21173,1561,21173,380,154
833,929,21174,1561,21174,380,154
833,929,21175,1561,21175,380,154
834,929,21176,1561,21176,380,154
834,929,21177,1561,21177,380,154
834,929,21178,1561,21178,380,154
834,929,21179,1561,21179,380,154
834,929,21180,1561,21180,380,154
835,929,21181,1561,21181,380,154
836,929,21182,1561,21182,380,154
836,929,21183,1561,21183,380,154
837,929,21184,1561,21184,380,154
837,929,21185,1561,21185,380,154
837,929,21186,1561,21186,380,154
837,929,21187,1561,21187,380,154
838,929,21188,1561,21188,380,154
838,929,21189,1561,21189,380,154
839,929,21190,1561,21190,380,154
839,929,21191,1561,21191,380,154
839,929,21192,1561,21192,380,154
840,929,21193,1561,21193,380,154
840,929,21194,1561,21194,380,154
840,929,21195,1561,21195,380,154
841,929,21196,1561,21196,380,154
842,929,21197,1561,21197,380,154
842,929,21198,1561,21198,380,154
843,929,21199,1561,21199,380,154
843,929,21200,1561,21200,380,154
843,929,21201,1561,21201,380,154
843,929,21202,1561,21202,380,154
844,929,21203,1561,21203,380,154
844,929,21204,1561,21204,380,154
844,929,21205,1561,21205,380,154
844,929,21206,1561,21206,380,154
844,929,21207,1561,21207,380,154
844,929,21208,1561,21208,380,154
844,929,21209,1561,21209,380,154
844,929,21210,1561,21210,380,154
844,929,21211,1561,21211,380,154
845,929,21212,1561,21212,380,154
846,929,21213,1561,21213,380,154
846,929,21214,1561,21214,380,154
846,929,21215,1561,21215,380,154
847,929,21216,1561,21216,380,154
847,929,21217,1561,21217,380,154
848,929,21218,1561,21218,380,154
848,929,21219,1561,21219,380,154
849,929,21220,1561,21220,380,154
849,929,21221,1561,21221,380,154
850,929,21222,1561,21222,380,154
850,929,21223,1561,21223,380,154
850,929,21224,1561,21224,380,154
850,929,21225,1561,21225,380,154
850,929,21226,1561,21226,380,154
850,929,21227,1561,21227,380,154
851,929,21228,1561,21228,380,154
851,929,21229,1561,21229,380,154
852,929,21230,1561,21230,380,154
852,929,21231,1561,21231,380,154
852,929,21232,1561,21232,380,154
853,929,21233,1561,21233,380,154
853,929,21234,1561,21234,380,154
853,929,21235,1561,21235,380,154
853,929,21236,1561,21236,380,154
853,929,21237,1561,21237,380,154
854,929,21238,1561,21238,380,154
854,929,21239,1561,21239,380,154
854,929,21240,1561,21240,380,154
855,929,21241,1561,21241,380,154
855,929,21242,1561,21242,380,154
856,929,21243,1561,21243,380,154
856,929,21244,1561,21244,380,154
856,929,21245,1561,21245,380,154
856,929,21246,1561,21246,380,154
856,929,21247,1561,21247,380,154
857,929,21248,1561,21248,380,154
856,929,21249,1561,21249,380,154
852,929,21250,1561,21250,380,154
848,929,21251,1561,21251,380,154
843,929,21252,1561,21252,380,154
840,929,21253,1561,21253,380,154
832,929,21254,1561,21254,380,154
830,929,21255,1561,21255,380,154
828,929,21256,1561,21256,380,154
824,929,21257,1561,21257,380,153
823,929,21258,1561,21258,380,153
819,929,21259,1561,21259,380,153
814,929,21260,1561,21260,380,153
809,929,21261,1561,21261,380,153
806,929,21262,1561,21262,380,153
804,929,21263,1561,21263,380,153
800,929,21264,1561,21264,380,153
800,929,21265,1561,21265,380,153
800,929,21266,1561,21266,380,153
800,929,21267,1561,21267,380,153
800,929,21268,1561,21268,380,153
800,929,21269,1561,21269,380,153
800,929,21270,1561,21270,380,153
800,929,21271,1561,21271,380,153
800,929,21272,1561,21272,380,153
800,929,21273,1561,21273,380,153
800,929,21274,1561,21274,380,153
800,929,21275,1561,21275,380,153
800,929,21276,1561,21276,380,153
800,929,21277,1561,21277,380,153
800,929,21278,1561,21278,380,153
800,929,21279,1561,21279,380,153
800,929,21280,1561,21280,380,153
800,929,21281,1561,21281,380,152
800,929,21282,1561,21282,380,151
800,929,21283,1561,21283,380,150
800,929,21284,1561,21284,380,149
800,929,21285,1561,21285,380,148
800,929,21286,1561,21286,380,147
800,929,21287,1561,21287,380,146
800,929,21288,1561,21288,380,145
800,929,21289,1561,21289,380,144
800,929,21290,1561,21290,380,143
800,929,21291,1561,21291,380,142
800,929,21292,1561,21292,380,141
800,929,21293,1561,21293,380,140
800,929,21294,1561,21294,380,139
800,929,21295,1561,21295,380,138
800,929,21296,1561,21296,380,137
800,929,21297,1561,21297,380,137
800,929,21298,1561,21298,380,137
801,929,21299,1561,21299,380,137
802,929,21300,1561,21300,380,137
803,929,21301,1561,21301,380,137
804,929,21302,1561,21302,380,137
804,929,21303,1561,21303,380,137
804,929,21304,1561,21304,380,137
804,929,21305,1561,21305,380,137
804,929,21306,1561,21306,380,137
805,929,21307,1561,21307,380,137
805,929,21308,1561,21308,380,137
805,929,21309,1561,21309,380,137
806,929,21310,1561,21310,380,137
806,929,21311,1561,21311,380,137
806,929,21312,1561,21312,380,137
806,929,21313,1561,21313,380,137
806,929,21314,1561,21314,380,137
806,929,21315,1561,21315,380,137
806,929,21316,1561,21316,380,137
806,929,21317,1561,21317,380,137
806,929,21318,1561,21318,380,137
806,929,21319,1561,21319,380,137
806,929,21320,1561,21320,380,137
806,929,21321,1561,21321,380,137
806,929,21322,1561,21322,380,137
806,929,21323,1561,21323,380,137
806,929,21324,1561,21324,380,137
806,929,21325,1561,21325,380,137
806,929,21326,1561,21326,380,137
806,929,21327,1561,21327,380,137
806,929,21328,1561,21328,380,137
806,929,21329,1561,21329,380,137
806,929,21330,1561,21330,380,137
806,929,21331,1561,21331,380,137
806,929,21332,1561,21332,380,137
806,929,21333,1561,21333,380,137
806,929,21334,1561,21334,380,137
806,929,21335,1561,21335,380,137
806,929,21336,1561,21336,380,137
806,929,21337,1561,21337,380,137
806,929,21338,1561,21338,380,137
806,929,21339,1561,21339,380,137
806,929,21340,1561,21340,380,137
806,929,21341,1561,21341,380,137
806,929,21342,1561,21342,380,137
806,929,21343,1561,21343,380,137
806,929,21344,1561,21344,380,137
806,929,21345,1561,21345,380,137
806,929,21346,1561,21346,380,137
806,929,21347,1561,21347,380,137
806,929,21348,1561,21348,380,137
806,929,21349,1561,21349,380,137
806,929,21350,1561,21350,380,137
806,929,21351,1561,21351,380,137
806,929,21352,1561,21352,380,137
806,929,21353,1561,21353,380,137
806,929,21354,1561,21354,380,137
806,929,21355,1561,21355,380,137
806,929,21356,1561,21356,380,137
806,929,21357,1561,21357,380,137
806,929,21358,1561,21358,380,137
806,929,21359,1561,21359,380,137
806,929,21360,1561,21360,380,137
806,929,21361,1561,21361,380,137
806,929,21362,1561,21362,380,137
806,929,21363,1561,21363,380,137
806,929,21364,1561,21364,380,137
806,929,21365,1561,21365,380,137
806,929,21366,1561,21366,380,137
806,929,21367,1561,21367,380,137
806,929,21368,1561,21368,380,137
806,929,21369,1561,21369,380,137
806,929,21370,1561,21370,380,137
806,929,21371,1561,21371,380,137
806,929,21372,1561,21372,380,137
806,929,21373,1561,21373,380,137
806,929,21374,1561,21374,380,137
806,929,21375,1561,21375,380,137
806,929,21376,1561,21376,380,137
806,929,21377,1561,21377,380,137
806,929,21378,1561,21378,380,137
806,929,21379,1561,21379,380,137
806,929,21380,1561,21380,380,137
806,929,21381,1561,21381,380,137
806,929,21382,1561,21382,380,137
806,929,21383,1561,21383,380,137
806,929,21384,1561,21384,380,137
806,929,21385,1561,21385,380,137
806,929,21386,1561,21386,380,137
806,929,21387,1561,21387,380,137
806,929,21388,1561,21388,380,137
806,929,21389,1561,21389,380,137
806,929,21390,1561,21390,380,137
806,929,21391,1561,21391,380,137
806,929,21392,1561,21392,380,137
806,929,21393,1561,21393,380,137
806,929,21394,1561,21394,380,137
806,929,21395,1561,21395,380,137
806,929,21396,1561,21396,380,137
806,929,21397,1561,21397,380,137
806,929,21398,1561,21398,380,137
806,929,21399,1561,21399,380,137
806,929,21400,1561,21400,380,137
806,929,21401,1561,21401,380,137
806,929,21402,1561,21402,380,137
806,929,21403,1561,21403,380,137
806,929,21404,1561,21404,380,137
806,929,21405,1561,21405,380,137
806,929,21406,1561,21406,380,137
806,929,21407,1561,21407,380,137
806,929,21408,1561,21408,380,137
806,929,21409,1561,21409,380,137
806,929,21410,1561,21410,380,137
806,929,21411,1561,21411,380,137
806,929,21412,1561,21412,380,137
806,929,21413,1561,21413,380,137
806,929,21414,1561,21414,380,137
806,929,21415,1561,21415,380,137
806,929,21416,1561,21416,380,137
806,929,21417,1561,21417,380,137
806,929,21418,1561,21418,380,137
806,929,21419,1561,21419,380,137
806,929,21420,1561,21420,380,137
806,929,21421,1561,21421,380,137
806,929,21422,1561,21422,380,137
806,929,21423,1561,21423,380,137
806,929,21424,1561,21424,380,137
806,929,21425,1561,21425,380,137
806,929,21426,1561,21426,380,137
807,929,21427,1561,21427,380,137
807,929,21428,1561,21428,380,137
807,929,21429,1561,21429,380,137
808,929,21430,1561,21430,380,137
809,929,21431,1561,21431,380,137
810,929,21432,1561,21432,380,137
811,929,21433,1561,21433,380,137
811,929,21434,1561,21434,380,137
812,929,21435,1561,21435,380,137
813,929,21436,1561,21436,380,137
814,929,21437,1561,21437,380,137
814,929,21438,1561,21438,380,137
814,929,21439,1561,21439,380,137
814,929,21440,1561,21440,380,137
814,929,21441,1561,21441,380,137
815,929,21442,1561,21442,380,137
815,929,21443,1561,21443,380,137
816,929,21444,1561,21444,380,137
817,929,21445,1561,21445,380,137
818,929,21446,1561,21446,380,137
818,929,21447,1561,21447,380,137
818,929,21448,1561,21448,380,137
818,929,21449,1561,21449,380,137
818,929,21450,1561,21450,380,137
819,929,21451,1561,21451,380,137
819,929,21452,1561,21452,380,137
820,929,21453,1561,21453,380,137
820,929,21454,1561,21454,380,137
820,929,21455,1561,21455,380,137
821,929,21456,1561,21456,380,137
821,929,21457,1561,21457,380,137
822,929,21458,1561,21458,380,137
823,929,21459,1561,21459,380,137
823,929,21460,1561,21460,380,137
824,929,21461,1561,21461,380,137
825,929,21462,1561,21462,380,137
826,929,21463,1561,21463,380,137
827,929,21464,1561,21464,380,137
827,929,21465,1561,21465,380,137
827,929,21466,1561,21466,380,137
827,929,21467,1561,21467,380,137
827,929,21468,1561,21468,380,137
828,929,21469,1561,21469,380,137
829,929,21470,1561,21470,380,137
829,929,21471,1561,21471,380,137
830,929,21472,1561,21472,380,137
830,929,21473,1561,21473,380,137
830,929,21474,1561,21474,380,137
830,929,21475,1561,21475,380,137
831,929,21476,1561,21476,380,137
831,929,21477,1561,21477,380,137
832,929,21478,1561,21478,380,137
832,929,21479,1561,21479,380,137
832,929,21480,1561,21480,380,137
833,929,21481,1561,21481,380,137
833,929,21482,1561,21482,380,137
833,929,21483,1561,21483,380,137
834,929,21484,1561,21484,380,137
835,929,21485,1561,21485,380,137
835,929,21486,1561,21486,380,137
836,929,21487,1561,21487,380,137
836,929,21488,1561,21488,380,137
836,929,21489,1561,21489,380,137
836,929,21490,1561,21490,380,137
837,929,21491,1561,21491,380,137
837,929,21492,1561,21492,380,137
837,929,21493,1561,21493,380,137
837,929,21494,1561,21494,380,137
837,929,21495,1561,21495,380,137
837,929,21496,1561,21496,380,137
837,929,21497,1561,21497,380,137
837,929,21498,1561,21498,380,137
837,929,21499,1561,21499,380,137
838,929,21500,1561,21500,380,137
839,929,21501,1561,21501,380,137
839,929,21502,1561,21502,380,137
839,929,21503,1561,21503,380,137
840,929,21504,1561,21504,380,137
840,929,21505,1561,21505,380,137
841,929,21506,1561,21506,380,137
841,929,21507,1561,21507,380,137
842,929,21508,1561,21508,380,137
842,929,21509,1561,21509,380,137
843,929,21510,1561,21510,380,137
843,929,21511,1561,21511,380,137
843,929,21512,1561,21512,380,137
843,929,21513,1561,21513,380,137
843,929,21514,1561,21514,380,137
843,929,21515,1561,21515,380,137
844,929,21516,1561,21516,380,137
844,929,21517,1561,21517,380,137
845,929,21518,1561,21518,380,137
845,929,21519,1561,21519,380,137
845,929,21520,1561,21520,380,137
846,929,21521,1561,21521,380,137
846,929,21522,1561,21522,380,137
846,929,21523,1561,21523,380,137
846,929,21524,1561,21524,380,137
846,929,21525,1561,21525,380,137
847,929,21526,1561,21526,380,137
847,929,21527,1561,21527,380,137
847,929,21528,1561,21528,380,137
848,929,21529,1561,21529,380,137
848,929,21530,1561,21530,380,137
849,929,21531,1561,21531,380,137
849,929,21532,1561,21532,380,137
849,929,21533,1561,21533,380,137
849,929,21534,1561,21534,380,137
849,929,21535,1561,21535,380,137
850,929,21536,1561,21536,380,137
849,929,21537,1561,21537,380,137
846,929,21538,1561,21538,380,137
842,929,21539,1561,21539,380,137
838,929,21540,1561,21540,380,137
835,929,21541,1561,21541,380,137
828,929,21542,1561,21542,380,137
826,929,21543,1561,21543,380,137
824,929,21544,1561,21544,380,137
821,929,21545,1561,21545,380,137
821,929,21546,1561,21546,380,137
817,929,21547,1561,21547,380,137
813,929,21548,1561,21548,380,137
808,929,21549,1561,21549,380,137
805,929,21550,1561,21550,380,137
804,929,21551,1561,21551,380,137
800,929,21552,1561,21552,380,137
800,929,21553,1561,21553,380,137
800,929,21554,1561,21554,380,137
800,929,21555,1561,21555,380,137
800,929,21556,1561,21556,380,137
800,929,21557,1561,21557,380,137
800,929,21558,1561,21558,380,137
800,929,21559,1561,21559,380,137
800,929,21560,1561,21560,380,137
800,929,21561,1561,21561,380,137
800,929,21562,1561,21562,380,137
800,929,21563,1561,21563,380,137
800,929,21564,1561,21564,380,137
800,929,21565,1561,21565,380,137
800,929,21566,1561,21566,380,137
800,929,21567,1561,21567,380,137
800,929,21568,1561,21568,380,137
800,929,21569,1561,21569,380,136
800,929,21570,1561,21570,380,135
800,929,21571,1561,21571,380,134
800,929,21572,1561,21572,380,133
800,929,21573,1561,21573,380,132
800,929,21574,1561,21574,380,131
800,929,21575,1561,21575,380,130
800,929,21576,1561,21576,380,129
800,929,21577,1561,21577,380,128
800,929,21578,1561,21578,380,127
800,929,21579,1561,21579,380,126
800,929,21580,1561,21580,380,125
800,929,21581,1561,21581,380,124
800,929,21582,1561,21582,380,123
800,929,21583,1561,21583,380,122
800,929,21584,1561,21584,380,121
800,929,21585,1561,21585,380,121
800,929,21586,1561,21586,380,121
801,929,21587,1561,21587,380,121
801,929,21588,1561,21588,380,121
801,929,21589,1561,21589,380,121
802,929,21590,1561,21590,380,121
803,929,21591,1561,21591,380,121
804,929,21592,1561,21592,380,121
805,929,21593,1561,21593,380,121
805,929,21594,1561,21594,380,121
806,929,21595,1561,21595,380,121
807,929,21596,1561,21596,380,121
808,929,21597,1561,21597,380,121
808,929,21598,1561,21598,380,121
808,929,21599,1561,21599,380,121
808,929,21600,1561,21600,380,121
808,929,21601,1561,21601,380,121
808,929,21602,1561,21602,380,121
808,929,21603,1561,21603,380,121
808,929,21604,1561,21604,380,121
808,929,21605,1561,21605,380,121
808,929,21606,1561,21606,380,121
808,929,21607,1561,21607,380,121
808,929,21608,1561,21608,380,121
808,929,21609,1561,21609,380,121
808,929,21610,1561,21610,380,121
808,929,21611,1561,21611,380,121
808,929,21612,1561,21612,380,121
808,929,21613,1561,21613,380,121
808,929,21614,1561,21614,380,121
808,929,21615,1561,21615,380,121
808,929,21616,1561,21616,380,121
808,929,21617,1561,21617,380,121
808,929,21618,1561,21618,380,121
808,929,21619,1561,21619,380,121
808,929,21620,1561,21620,380,121
808,929,21621,1561,21621,380,121
808,929,21622,1561,21622,380,121
808,929,21623,1561,21623,380,121
808,929,21624,1561,21624,380,121
808,929,21625,1561,21625,380,121
808,929,21626,1561,21626,380,121
808,929,21627,1561,21627,380,121
808,929,21628,1561,21628,380,121
808,929,21629,1561,21629,380,121
808,929,21630,1561,21630,380,121
808,929,21631,1561,21631,380,121
808,929,21632,1561,21632,380,121
808,929,21633,1561,21633,380,121
808,929,21634,1561,21634,380,121
808,929,21635,1561,21635,380,121
808,929,21636,1561,21636,380,121
808,929,21637,1561,21637,380,121
808,929,21638,1561,21638,380,121
808,929,21639,1561,21639,380,121
808,929,21640,1561,21640,380,121
808,929,21641,1561,21641,380,121
808,929,21642,1561,21642,380,121
808,929,21643,1561,21643,380,121
808,929,21644,1561,21644,380,121
808,929,21645,1561,21645,380,121
808,929,21646,1561,21646,380,121
808,929,21647,1561,21647,380,121
808,929,21648,1561,21648,380,121
808,929,21649,1561,21649,380,121
808,929,21650,1561,21650,380,121
808,929,21651,1561,21651,380,121
808,929,21652,1561,21652,380,121
808,929,21653,1561,21653,380,121
808,929,21654,1561,21654,380,121
808,929,21655,1561,21655,380,121
808,929,21656,1561,21656,380,121
808,929,21657,1561,21657,380,121
808,929,21658,1561,21658,380,121
808,929,21659,1561,21659,380,121
808,929,21660,1561,21660,380,121
808,929,21661,1561,21661,380,121
808,929,21662,1561,21662,380,121
808,929,21663,1561,21663,380,121
808,929,21664,1561,21664,380,121
808,929,21665,1561,21665,380,121
808,929,21666,1561,21666,380,121
808,929,21667,1561,21667,380,121
808,929,21668,1561,21668,380,121
808,929,21669,1561,21669,380,121
808,929,21670,1561,21670,380,121
808,929,21671,1561,21671,380,121
808,929,21672,1561,21672,380,121
808,929,21673,1561,21673,380,121
808,929,21674,1561,21674,380,121
808,929,21675,1561,21675,380,121
808,929,21676,1561,21676,380,121
808,929,21677,1561,21677,380,121
808,929,21678,1561,21678,380,121
808,929,21679,1561,21679,380,121
808,929,21680,1561,21680,380,121
808,929,21681,1561,21681,380,121
808,929,21682,1561,21682,380,121
808,929,21683,1561,21683,380,121
808,929,21684,1561,21684,380,121
808,929,21685,1561,21685,380,121
808,929,21686,1561,21686,380,121
808,929,21687,1561,21687,380,121
808,929,21688,1561,21688,380,121
808,929,21689,1561,21689,380,121
808,929,21690,1561,21690,380,121
808,929,21691,1561,21691,380,121
808,929,21692,1561,21692,380,121
808,929,21693,1561,21693,380,121
808,929,21694,1561,21694,380,121
808,929,21695,1561,21695,380,121
808,929,21696,1561,21696,380,121
808,929,21697,1561,21697,380,121
808,929,21698,1561,21698,380,121
808,929,21699,1561,21699,380,121
808,929,21700,1561,21700,380,121
808,929,21701,1561,21701,380,121
808,929,21702,1561,21702,380,121
808,929,21703,1561,21703,380,121
808,929,21704,1561,21704,380,121
808,929,21705,1561,21705,380,121
808,929,21706,1561,21706,380,121
808,929,21707,1561,21707,380,121
808,929,21708,1561,21708,380,121
808,929,21709,1561,21709,380,121
808,929,21710,1561,21710,380,121
808,929,21711,1561,21711,380,121
808,929,21712,1561,21712,380,121
808,929,21713,1561,21713,380,121
808,929,21714,1561,21714,380,121
808,929,21715,1561,21715,380,121
808,929,21716,1561,21716,380,121
808,929,21717,1561,21717,380,121
808,929,21718,1561,21718,380,121
808,929,21719,1561,21719,380,121
808,929,21720,1561,21720,380,121
808,929,21721,1561,21721,380,121
808,929,21722,1561,21722,380,121
808,929,21723,1561,21723,380,121
808,929,21724,1561,21724,380,121
808,929,21725,1561,21725,380,121
808,929,21726,1561,21726,380,121
808,929,21727,1561,21727,380,121
808,929,21728,1561,21728,380,121
808,929,21729,1561,21729,380,121
809,929,21730,1561,21730,380,121
809,929,21731,1561,21731,380,121
810,929,21732,1561,21732,380,121
811,929,21733,1561,21733,380,121
812,929,21734,1561,21734,380,121
812,929,21735,1561,21735,380,121
812,929,21736,1561,21736,380,121
812,929,21737,1561,21737,380,121
812,929,21738,1561,21738,380,121
813,929,21739,1561,21739,380,121
813,929,21740,1561,21740,380,121
814,929,21741,1561,21741,380,121
814,929,21742,1561,21742,380,121
814,929,21743,1561,21743,380,121
815,929,21744,1561,21744,380,121
815,929,21745,1561,21745,380,121
816,929,21746,1561,21746,380,121
817,929,21747,1561,21747,380,121
818,929,21748,1561,21748,380,121
819,929,21749,1561,21749,380,121
820,929,21750,1561,21750,380,121
821,929,21751,1561,21751,380,121
822,929,21752,1561,21752,380,121
822,929,21753,1561,21753,380,121
822,929,21754,1561,21754,380,121
822,929,21755,1561,21755,380,121
822,929,21756,1561,21756,380,121
823,929,21757,1561,21757,380,121
824,929,21758,1561,21758,380,121
824,929,21759,1561,21759,380,121
825,929,21760,1561,21760,380,121
825,929,21761,1561,21761,380,121
825,929,21762,1561,21762,380,121
825,929,21763,1561,21763,380,121
826,929,21764,1561,21764,380,121
826,929,21765,1561,21765,380,121
827,929,21766,1561,21766,380,121
827,929,21767,1561,21767,380,121
827,929,21768,1561,21768,380,121
828,929,21769,1561,21769,380,121
828,929,21770,1561,21770,380,121
828,929,21771,1561,21771,380,121
829,929,21772,1561,21772,380,121
830,929,21773,1561,21773,380,121
830,929,21774,1561,21774,380,121
831,929,21775,1561,21775,380,121
831,929,21776,1561,21776,380,121
831,929,21777,1561,21777,380,121
831,929,21778,1561,21778,380,121
832,929,21779,1561,21779,380,121
832,929,21780,1561,21780,380,121
832,929,21781,1561,21781,380,121
833,929,21782,1561,21782,380,121
833,929,21783,1561,21783,380,121
833,929,21784,1561,21784,380,121
833,929,21785,1561,21785,380,121
833,929,21786,1561,21786,380,121
833,929,21787,1561,21787,380,121
834,929,21788,1561,21788,380,121
835,929,21789,1561,21789,380,121
835,929,21790,1561,21790,380,121
835,929,21791,1561,21791,380,121
836,929,21792,1561,21792,380,121
836,929,21793,1561,21793,380,121
837,929,21794,1561,21794,380,121
838,929,21795,1561,21795,380,121
839,929,21796,1561,21796,380,121
839,929,21797,1561,21797,380,121
840,929,21798,1561,21798,380,121
840,929,21799,1561,21799,380,121
840,929,21800,1561,21800,380,121
840,929,21801,1561,21801,380,121
840,929,21802,1561,21802,380,121
840,929,21803,1561,21803,380,121
841,929,21804,1561,21804,380,121
841,929,21805,1561,21805,380,121
842,929,21806,1561,21806,380,121
842,929,21807,1561,21807,380,121
842,929,21808,1561,21808,380,121
843,929,21809,1561,21809,380,121
843,929,21810,1561,21810,380,121
843,929,21811,1561,21811,380,121
843,929,21812,1561,21812,380,121
843,929,21813,1561,21813,380,121
844,929,21814,1561,21814,380,121
844,929,21815,1561,21815,380,121
844,929,21816,1561,21816,380,121
845,929,21817,1561,21817,380,121
845,929,21818,1561,21818,380,121
846,929,21819,1561,21819,380,121
846,929,21820,1561,21820,380,121
846,929,21821,1561,21821,380,121
846,929,21822,1561,21822,380,121
846,929,21823,1561,21823,380,121
847,929,21824,1561,21824,380,121
846,929,21825,1561,21825,380,121
843,929,21826,1561,21826,380,121
839,929,21827,1561,21827,380,121
835,929,21828,1561,21828,380,121
833,929,21829,1561,21829,380,121
826,929,21830,1561,21830,380,120
824,929,21831,1561,21831,380,120
822,929,21832,1561,21832,380,120
819,929,21833,1561,21833,380,120
819,929,21834,1561,21834,380,120
816,929,21835,1561,21835,380,120
812,929,21836,1561,21836,380,120
807,929,21837,1561,21837,380,120
805,929,21838,1561,21838,380,120
804,929,21839,1561,21839,380,120
800,929,21840,1561,21840,380,120
800,929,21841,1561,21841,380,120
800,929,21842,1561,21842,380,120
800,929,21843,1561,21843,380,120
800,929,21844,1561,21844,380,120
800,929,21845,1561,21845,380,120
800,929,21846,1561,21846,380,120
800,929,21847,1561,21847,380,120
800,929,21848,1561,21848,380,120
800,929,21849,1561,21849,380,120
800,929,21850,1561,21850,380,120
800,929,21851,1561,21851,380,120
800,929,21852,1561,21852,380,120
800,929,21853,1561,21853,380,120
800,929,21854,1561,21854,380,120
800,929,21855,1561,21855,380,120
800,929,21856,1561,21856,380,120
800,929,21857,1561,21857,380,119
800,929,21858,1561,21858,380,118
800,929,21859,1561,21859,380,117
800,929,21860,1561,21860,380,116
800,929,21861,1561,21861,380,115
800,929,21862,1561,21862,380,114
800,929,21863,1561,21863,380,113
800,929,21864,1561,21864,380,112
800,929,21865,1561,21865,380,111
800,929,21866,1561,21866,380,110
800,929,21867,1561,21867,380,109
800,929,21868,1561,21868,380,108
800,929,21869,1561,21869,380,107
800,929,21870,1561,21870,380,106
800,929,21871,1561,21871,380,105
800,929,21872,1561,21872,380,104
800,929,21873,1561,21873,380,104
801,929,21874,1561,21874,380,104
801,929,21875,1561,21875,380,104
802,929,21876,1561,21876,380,104
803,929,21877,1561,21877,380,104
804,929,21878,1561,21878,380,104
804,929,21879,1561,21879,380,104
804,929,21880,1561,21880,380,104
804,929,21881,1561,21881,380,104
804,929,21882,1561,21882,380,104
805,929,21883,1561,21883,380,104
805,929,21884,1561,21884,380,104
806,929,21885,1561,21885,380,104
806,929,21886,1561,21886,380,104
806,929,21887,1561,21887,380,104
807,929,21888,1561,21888,380,104
807,929,21889,1561,21889,380,104
807,929,21890,1561,21890,380,104
807,929,21891,1561,21891,380,104
807,929,21892,1561,21892,380,104
807,929,21893,1561,21893,380,104
807,929,21894,1561,21894,380,104
807,929,21895,1561,21895,380,104
807,929,21896,1561,21896,380,104
807,929,21897,1561,21897,380,104
807,929,21898,1561,21898,380,104
807,929,21899,1561,21899,380,104
807,929,21900,1561,21900,380,104
807,929,21901,1561,21901,380,104
807,929,21902,1561,21902,380,104
807,929,21903,1561,21903,380,104
807,929,21904,1561,21904,380,104
807,929,21905,1561,21905,380,104
807,929,21906,1561,21906,380,104
807,929,21907,1561,21907,380,104
807,929,21908,1561,21908,380,104
807,929,21909,1561,21909,380,104
807,929,21910,1561,21910,380,104
807,929,21911,1561,21911,380,104
807,929,21912,1561,21912,380,104
807,929,21913,1561,21913,380,104
807,929,21914,1561,21914,380,104
807,929,21915,1561,21915,380,104
807,929,21916,1561,21916,380,104
807,929,21917,1561,21917,380,104
807,929,21918,1561,21918,380,104
807,929,21919,1561,21919,380,104
807,929,21920,1561,21920,380,104
807,929,21921,1561,21921,380,104
807,929,21922,1561,21922,380,104
807,929,21923,1561,21923,380,104
807,929,21924,1561,21924,380,104
807,929,21925,1561,21925,380,104
807,929,21926,1561,21926,380,104
807,929,21927,1561,21927,380,104
807,929,21928,1561,21928,380,104
807,929,21929,1561,21929,380,104
807,929,21930,1561,21930,380,104
807,929,21931,1561,21931,380,104
807,929,21932,1561,21932,380,104
807,929,21933,1561,21933,380,104
807,929,21934,1561,21934,380,104
807,929,21935,1561,21935,380,104
807,929,21936,1561,21936,380,104
807,929,21937,1561,21937,380,104
807,929,21938,1561,21938,380,104
807,929,21939,1561,21939,380,104
807,929,21940,1561,21940,380,104
807,929,21941,1561,21941,380,104
807,929,21942,1561,21942,380,104
807,929,21943,1561,21943,380,104
807,929,21944,1561,21944,380,104
807,929,21945,1561,21945,380,104
807,929,21946,1561,21946,380,104
807,929,21947,1561,21947,380,104
807,929,21948,1561,21948,380,104
807,929,21949,1561,21949,380,104
807,929,21950,1561,21950,380,104
807,929,21951,1561,21951,380,104
807,929,21952,1561,21952,380,104
807,929,21953,1561,21953,380,104
807,929,21954,1561,21954,380,104
807,929,21955,1561,21955,380,104
807,929,21956,1561,21956,380,104
807,929,21957,1561,21957,380,104
807,929,21958,1561,21958,380,104
807,929,21959,1561,21959,380,104
807,929,21960,1561,21960,380,104
807,929,21961,1561,21961,380,104
807,929,21962,1561,21962,380,104
807,929,21963,1561,21963,380,104
807,929,21964,1561,21964,380,104
807,929,21965,1561,21965,380,104
807,929,21966,1561,21966,380,104
807,929,21967,1561,21967,380,104
807,929,21968,1561,21968,380,104
807,929,21969,1561,21969,380,104
807,929,21970,1561,21970,380,104
807,929,21971,1561,21971,380,104
807,929,21972,1561,21972,380,104
807,929,21973,1561,21973,380,104
807,929,21974,1561,21974,380,104
807,929,21975,1561,21975,380,104
807,929,21976,1561,21976,380,104
807,929,21977,1561,21977,380,104
807,929,21978,1561,21978,380,104
807,929,21979,1561,21979,380,104
807,929,21980,1561,21980,380,104
807,929,21981,1561,21981,380,104
807,929,21982,1561,21982,380,104
807,929,21983,1561,21983,380,104
807,929,21984,1561,21984,380,104
807,929,21985,1561,21985,380,104
807,929,21986,1561,21986,380,104
807,929,21987,1561,21987,380,104
807,929,21988,1561,21988,380,104
807,929,21989,1561,21989,380,104
807,929,21990,1561,21990,380,104
807,929,21991,1561,21991,380,104
807,929,21992,1561,21992,380,104
807,929,21993,1561,21993,380,104
807,929,21994,1561,21994,380,104
807,929,21995,1561,21995,380,104
807,929,21996,1561,21996,380,104
807,929,21997,1561,21997,380,104
807,929,21998,1561,21998,380,104
807,929,21999,1561,21999,380,104
807,929,22000,1561,22000,380,104
807,929,22001,1561,22001,380,104
807,929,22002,1561,22002,380,104
807,929,22003,1561,22003,380,104
807,929,22004,1561,22004,380,104
807,929,22005,1561,22005,380,104
807,929,22006,1561,22006,380,104
807,929,22007,1561,22007,380,104
807,929,22008,1561,22008,380,104
807,929,22009,1561,22009,380,104
807,929,22010,1561,22010,380,104
807,929,22011,1561,22011,380,104
807,929,22012,1561,22012,380,104
807,929,22013,1561,22013,380,104
807,929,22014,1561,22014,380,104
807,929,22015,1561,22015,380,104
807,929,22016,1561,22016,380,104
807,929,22017,1561,22017,380,104
807,929,22018,1561,22018,380,104
807,929,22019,1561,22019,380,104
807,929,22020,1561,22020,380,104
807,929,22021,1561,22021,380,104
807,929,22022,1561,22022,380,104
807,929,22023,1561,22023,380,104
807,929,22024,1561,22024,380,104
807,929,22025,1561,22025,380,104
807,929,22026,1561,22026,380,104
807,929,22027,1561,22027,380,104
807,929,22028,1561,22028,380,104
807,929,22029,1561,22029,380,104
807,929,22030,1561,22030,380,104
807,929,22031,1561,22031,380,104
807,929,22032,1561,22032,380,104
807,929,22033,1561,22033,380,104
808,929,22034,1561,22034,380,104
809,929,22035,1561,22035,380,104
810,929,22036,1561,22036,380,104
811,929,22037,1561,22037,380,104
812,929,22038,1561,22038,380,104
813,929,22039,1561,22039,380,104
814,929,22040,1561,22040,380,104
814,929,22041,1561,22041,380,104
814,929,22042,1561,22042,380,104
814,929,22043,1561,22043,380,104
814,929,22044,1561,22044,380,104
815,929,22045,1561,22045,380,104
816,929,22046,1561,22046,380,104
816,929,22047,1561,22047,380,104
817,929,22048,1561,22048,380,104
817,929,22049,1561,22049,380,104
817,929,22050,1561,22050,380,104
817,929,22051,1561,22051,380,104
818,929,22052,1561,22052,380,104
818,929,22053,1561,22053,380,104
819,929,22054,1561,22054,380,104
819,929,22055,1561,22055,380,104
819,929,22056,1561,22056,380,104
820,929,22057,1561,22057,380,104
820,929,22058,1561,22058,380,104
820,929,22059,1561,22059,380,104
821,929,22060,1561,22060,380,104
822,929,22061,1561,22061,380,104
822,929,22062,1561,22062,380,104
823,929,22063,1561,22063,380,104
823,929,22064,1561,22064,380,104
823,929,22065,1561,22065,380,104
823,929,22066,1561,22066,380,104
824,929,22067,1561,22067,380,104
824,929,22068,1561,22068,380,104
824,929,22069,1561,22069,380,104
825,929,22070,1561,22070,380,104
825,929,22071,1561,22071,380,104
825,929,22072,1561,22072,380,104
825,929,22073,1561,22073,380,104
825,929,22074,1561,22074,380,104
825,929,22075,1561,22075,380,104
826,929,22076,1561,22076,380,104
827,929,22077,1561,22077,380,104
827,929,22078,1561,22078,380,104
827,929,22079,1561,22079,380,104
828,929,22080,1561,22080,380,104
828,929,22081,1561,22081,380,104
829,929,22082,1561,22082,380,104
830,929,22083,1561,22083,380,104
831,929,22084,1561,22084,380,104
831,929,22085,1561,22085,380,104
832,929,22086,1561,22086,380,104
832,929,22087,1561,22087,380,104
832,929,22088,1561,22088,380,104
832,929,22089,1561,22089,380,104
832,929,22090,1561,22090,380,104
832,929,22091,1561,22091,380,104
833,929,22092,1561,22092,380,104
834,929,22093,1561,22093,380,104
835,929,22094,1561,22094,380,104
835,929,22095,1561,22095,380,104
835,929,22096,1561,22096,380,104
836,929,22097,1561,22097,380,104
836,929,22098,1561,22098,380,104
836,929,22099,1561,22099,380,104
836,929,22100,1561,22100,380,104
836,929,22101,1561,22101,380,104
837,929,22102,1561,22102,380,104
837,929,22103,1561,22103,380,104
837,929,22104,1561,22104,380,104
838,929,22105,1561,22105,380,104
838,929,22106,1561,22106,380,104
839,929,22107,1561,22107,380,104
840,929,22108,1561,22108,380,104
840,929,22109,1561,22109,380,104
840,929,22110,1561,22110,380,104
840,929,22111,1561,22111,380,104
841,929,22112,1561,22112,380,104
840,929,22113,1561,22113,380,104
837,929,22114,1561,22114,380,104
834,929,22115,1561,22115,380,104
830,929,22116,1561,22116,380,104
828,929,22117,1561,22117,380,104
822,929,22118,1561,22118,380,104
821,929,22119,1561,22119,380,104
820,929,22120,1561,22120,380,104
818,929,22121,1561,22121,380,104
818,929,22122,1561,22122,380,104
816,929,22123,1561,22123,380,104
812,929,22124,1561,22124,380,104
807,929,22125,1561,22125,380,104
805,929,22126,1561,22126,380,104
804,929,22127,1561,22127,380,104
800,929,22128,1561,22128,380,104
800,929,22129,1561,22129,380,104
800,929,22130,1561,22130,380,104
800,929,22131,1561,22131,380,104
800,929,22132,1561,22132,380,104
800,929,22133,1561,22133,380,104
800,929,22134,1561,22134,380,104
800,929,22135,1561,22135,380,104
800,929,22136,1561,22136,380,104
800,929,22137,1561,22137,380,104
800,929,22138,1561,22138,380,104
800,929,22139,1561,22139,380,104
800,929,22140,1561,22140,380,104
800,929,22141,1561,22141,380,104
800,929,22142,1561,22142,380,104
800,929,22143,1561,22143,380,104
800,929,22144,1561,22144,380,104
800,929,22145,1561,22145,380,103
800,929,22146,1561,22146,380,102
800,929,22147,1561,22147,380,101
800,929,22148,1561,22148,380,100
800,929,22149,1561,22149,380,99
800,929,22150,1561,22150,380,98
800,929,22151,1561,22151,380,97
800,929,22152,1561,22152,380,96
800,929,22153,1561,22153,380,95
800,929,22154,1561,22154,380,94
800,929,22155,1561,22155,380,94
800,929,22156,1561,22156,380,93
800,929,22157,1561,22157,380,92
800,929,22158,1561,22158,380,91
800,929,22159,1561,22159,380,90
800,929,22160,1561,22160,380,89
800,929,22161,1561,22161,380,89
801,929,22162,1561,22162,380,89
802,929,22163,1561,22163,380,89
803,929,22164,1561,22164,380,89
804,929,22165,1561,22165,380,89
805,929,22166,1561,22166,380,89
806,929,22167,1561,22167,380,89
807,929,22168,1561,22168,380,89
807,929,22169,1561,22169,380,89
807,929,22170,1561,22170,380,89
807,929,22171,1561,22171,380,89
807,929,22172,1561,22172,380,89
808,929,22173,1561,22173,380,89
809,929,22174,1561,22174,380,89
809,929,22175,1561,22175,380,89
810,929,22176,1561,22176,380,89
810,929,22177,1561,22177,380,89
810,929,22178,1561,22178,380,89
810,929,22179,1561,22179,380,89
810,929,22180,1561,22180,380,89
810,929,22181,1561,22181,380,89
810,929,22182,1561,22182,380,89
810,929,22183,1561,22183,380,89
810,929,22184,1561,22184,380,89
810,929,22185,1561,22185,380,89
810,929,22186,1561,22186,380,89
810,929,22187,1561,22187,380,89
810,929,22188,1561,22188,380,89
810,929,22189,1561,22189,380,89
810,929,22190,1561,22190,380,89
810,929,22191,1561,22191,380,89
810,929,22192,1561,22192,380,89
810,929,22193,1561,22193,380,89
810,929,22194,1561,22194,380,89
810,929,22195,1561,22195,380,89
810,929,22196,1561,22196,380,89
810,929,22197,1561,22197,380,89
810,929,22198,1561,22198,380,89
810,929,22199,1561,22199,380,89
810,929,22200,1561,22200,380,89
810,929,22201,1561,22201,380,89
810,929,22202,1561,22202,380,89
810,929,22203,1561,22203,380,89
810,929,22204,1561,22204,380,89
810,929,22205,1561,22205,380,89
810,929,22206,1561,22206,380,89
810,929,22207,1561,22207,380,89
810,929,22208,1561,22208,380,89
810,929,22209,1561,22209,380,89
810,929,22210,1561,22210,380,89
810,929,22211,1561,22211,380,89
810,929,22212,1561,22212,380,89
810,929,22213,1561,22213,380,89
810,929,22214,1561,22214,380,89
810,929,22215,1561,22215,380,89
810,929,22216,1561,22216,380,89
810,929,22217,1561,22217,380,89
810,929,22218,1561,22218,380,89
810,929,22219,1561,22219,380,89
810,929,22220,1561,22220,380,89
810,929,22221,1561,22221,380,89
810,929,22222,1561,22222,380,89
810,929,22223,1561,22223,380,89
810,929,22224,1561,22224,380,89
810,929,22225,1561,22225,380,89
810,929,22226,1561,22226,380,89
810,929,22227,1561,22227,380,89
810,929,22228,1561,22228,380,89
810,929,22229,1561,22229,380,89
810,929,22230,1561,22230,380,89
810,929,22231,1561,22231,380,89
810,929,22232,1561,22232,380,89
810,929,22233,1561,22233,380,89
810,929,22234,1561,22234,380,89
810,929,22235,1561,22235,380,89
810,929,22236,1561,22236,380,89
810,929,22237,1561,22237,380,89
810,929,22238,1561,22238,380,89
810,929,22239,1561,22239,380,89
810,929,22240,1561,22240,380,89
810,929,22241,1561,22241,380,89
810,929,22242,1561,22242,380,89
810,929,22243,1561,22243,380,89
810,929,22244,1561,22244,380,89
810,929,22245,1561,22245,380,89
810,929,22246,1561,22246,380,89
810,929,22247,1561,22247,380,89
810,929,22248,1561,22248,380,89
810,929,22249,1561,22249,380,89
810,929,22250,1561,22250,380,89
810,929,22251,1561,22251,380,89
810,929,22252,1561,22252,380,89
810,929,22253,1561,22253,380,89
810,929,22254,1561,22254,380,89
810,929,22255,1561,22255,380,89
810,929,22256,1561,22256,380,89
810,929,22257,1561,22257,380,89
810,929,22258,1561,22258,380,89
810,929,22259,1561,22259,380,89
810,929,22260,1561,22260,380,89
810,929,22261,1561,22261,380,89
810,929,22262,1561,22262,380,89
810,929,22263,1561,22263,380,89
810,929,22264,1561,22264,380,89
810,929,22265,1561,22265,380,89
810,929,22266,1561,22266,380,89
810,929,22267,1561,22267,380,89
810,929,22268,1561,22268,380,89
810,929,22269,1561,22269,380,89
810,929,22270,1561,22270,380,89
810,929,22271,1561,22271,380,89
810,929,22272,1561,22272,380,89
810,929,22273,1561,22273,380,89
810,929,22274,1561,22274,380,89
810,929,22275,1561,22275,380,89
810,929,22276,1561,22276,380,89
810,929,22277,1561,22277,380,89
810,929,22278,1561,22278,380,89
810,929,22279,1561,22279,380,89
810,929,22280,1561,22280,380,89
810,929,22281,1561,22281,380,89
810,929,22282,1561,22282,380,89
810,929,22283,1561,22283,380,89
810,929,22284,1561,22284,380,89
810,929,22285,1561,22285,380,89
810,929,22286,1561,22286,380,89
810,929,22287,1561,22287,380,89
810,929,22288,1561,22288,380,89
810,929,22289,1561,22289,380,89
810,929,22290,1561,22290,380,89
810,929,22291,1561,22291,380,89
810,929,22292,1561,22292,380,89
810,929,22293,1561,22293,380,89
810,929,22294,1561,22294,380,89
810,929,22295,1561,22295,380,89
810,929,22296,1561,22296,380,89
810,929,22297,1561,22297,380,89
810,929,22298,1561,22298,380,89
810,929,22299,1561,22299,380,89
810,929,22300,1561,22300,380,89
810,929,22301,1561,22301,380,89
810,929,22302,1561,22302,380,89
810,929,22303,1561,22303,380,89
810,929,22304,1561,22304,380,89
810,929,22305,1561,22305,380,89
810,929,22306,1561,22306,380,89
810,929,22307,1561,22307,380,89
810,929,22308,1561,22308,380,89
810,929,22309,1561,22309,380,89
810,929,22310,1561,22310,380,89
810,929,22311,1561,22311,380,89
810,929,22312,1561,22312,380,89
810,929,22313,1561,22313,380,89
810,929,22314,1561,22314,380,89
810,929,22315,1561,22315,380,89
810,929,22316,1561,22316,380,89
810,929,22317,1561,22317,380,89
810,929,22318,1561,22318,380,89
810,929,22319,1561,22319,380,89
810,929,22320,1561,22320,380,89
810,929,22321,1561,22321,380,89
810,929,22322,1561,22322,380,89
810,929,22323,1561,22323,380,89
810,929,22324,1561,22324,380,89
810,929,22325,1561,22325,380,89
810,929,22326,1561,22326,380,89
810,929,22327,1561,22327,380,89
810,929,22328,1561,22328,380,89
810,929,22329,1561,22329,380,89
810,929,22330,1561,22330,380,89
810,929,22331,1561,22331,380,89
810,929,22332,1561,22332,380,89
810,929,22333,1561,22333,380,89
810,929,22334,1561,22334,380,89
810,929,22335,1561,22335,380,89
810,929,22336,1561,22336,380,89
810,929,22337,1561,22337,380,89
810,929,22338,1561,22338,380,89
810,929,22339,1561,22339,380,89
811,929,22340,1561,22340,380,89
811,929,22341,1561,22341,380,89
812,929,22342,1561,22342,380,89
812,929,22343,1561,22343,380,89
812,929,22344,1561,22344,380,89
813,929,22345,1561,22345,380,89
813,929,22346,1561,22346,380,89
813,929,22347,1561,22347,380,89
814,929,22348,1561,22348,380,89
815,929,22349,1561,22349,380,89
815,929,22350,1561,22350,380,89
816,929,22351,1561,22351,380,89
816,929,22352,1561,22352,380,89
816,929,22353,1561,22353,380,89
816,929,22354,1561,22354,380,89
817,929,22355,1561,22355,380,89
817,929,22356,1561,22356,380,89
817,929,22357,1561,22357,380,89
818,929,22358,1561,22358,380,89
818,929,22359,1561,22359,380,89
818,929,22360,1561,22360,380,89
818,929,22361,1561,22361,380,89
818,929,22362,1561,22362,380,89
819,929,22363,1561,22363,380,89
820,929,22364,1561,22364,380,89
821,929,22365,1561,22365,380,89
821,929,22366,1561,22366,380,89
821,929,22367,1561,22367,380,89
822,929,22368,1561,22368,380,89
822,929,22369,1561,22369,380,89
823,929,22370,1561,22370,380,89
824,929,22371,1561,22371,380,89
825,929,22372,1561,22372,380,89
825,929,22373,1561,22373,380,89
826,929,22374,1561,22374,380,89
826,929,22375,1561,22375,380,89
826,929,22376,1561,22376,380,89
826,929,22377,1561,22377,380,89
826,929,22378,1561,22378,380,89
826,929,22379,1561,22379,380,89
827,929,22380,1561,22380,380,89
828,929,22381,1561,22381,380,89
829,929,22382,1561,22382,380,89
829,929,22383,1561,22383,380,89
829,929,22384,1561,22384,380,89
830,929,22385,1561,22385,380,89
830,929,22386,1561,22386,380,89
830,929,22387,1561,22387,380,89
830,929,22388,1561,22388,380,89
830,929,22389,1561,22389,380,89
831,929,22390,1561,22390,380,89
831,929,22391,1561,22391,380,89
831,929,22392,1561,22392,380,89
832,929,22393,1561,22393,380,89
832,929,22394,1561,22394,380,89
833,929,22395,1561,22395,380,89
834,929,22396,1561,22396,380,89
834,929,22397,1561,22397,380,89
834,929,22398,1561,22398,380,89
834,929,22399,1561,22399,380,89
835,929,22400,1561,22400,380,89
834,929,22401,1561,22401,380,89
832,929,22402,1561,22402,380,88
829,929,22403,1561,22403,380,88
826,929,22404,1561,22404,380,88
825,929,22405,1561,22405,380,88
820,929,22406,1561,22406,380,88
819,929,22407,1561,22407,380,88
818,929,22408,1561,22408,380,88
816,929,22409,1561,22409,380,88
816,929,22410,1561,22410,380,88
814,929,22411,1561,22411,380,88
810,929,22412,1561,22412,380,88
806,929,22413,1561,22413,380,87
804,929,22414,1561,22414,380,87
803,929,22415,1561,22415,380,87
800,929,22416,1561,22416,380,87
800,929,22417,1561,22417,380,87
800,929,22418,1561,22418,380,87
800,929,22419,1561,22419,380,87
800,929,22420,1561,22420,380,87
800,929,22421,1561,22421,380,87
800,929,22422,1561,22422,380,87
800,929,22423,1561,22423,380,87
800,929,22424,1561,22424,380,87
800,929,22425,1561,22425,380,87
800,929,22426,1561,22426,380,87
800,929,22427,1561,22427,380,87
800,929,22428,1561,22428,380,87
800,929,22429,1561,22429,380,87
800,929,22430,1561,22430,380,87
800,929,22431,1561,22431,380,87
800,929,22432,1561,22432,380,87
800,929,22433,1561,22433,380,86
800,929,22434,1561,22434,380,85
800,929,22435,1561,22435,380,84
800,929,22436,1561,22436,380,84
800,929,22437,1561,22437,380,83
800,929,22438,1561,22438,380,82
800,929,22439,1561,22439,380,81
800,929,22440,1561,22440,380,80
800,929,22441,1561,22441,380,79
800,929,22442,1561,22442,380,78
800,929,22443,1561,22443,380,77
800,929,22444,1561,22444,380,76
800,929,22445,1561,22445,380,75
800,929,22446,1561,22446,380,74
800,929,22447,1561,22447,380,74
800,929,22448,1561,22448,380,73
800,929,22449,1561,22449,380,73
800,929,22450,1561,22450,380,73
800,929,22451,1561,22451,380,73
801,929,22452,1561,22452,380,73
801,929,22453,1561,22453,380,73
802,929,22454,1561,22454,380,73
803,929,22455,1561,22455,380,73
803,929,22456,1561,22456,380,73
804,929,22457,1561,22457,380,73
804,929,22458,1561,22458,380,73
804,929,22459,1561,22459,380,73
805,929,22460,1561,22460,380,73
806,929,22461,1561,22461,380,73
806,929,22462,1561,22462,380,73
807,929,22463,1561,22463,380,73
807,929,22464,1561,22464,380,73
807,929,22465,1561,22465,380,73
807,929,22466,1561,22466,380,73
807,929,22467,1561,22467,380,73
807,929,22468,1561,22468,380,73
807,929,22469,1561,22469,380,73
807,929,22470,1561,22470,380,73
807,929,22471,1561,22471,380,73
807,929,22472,1561,22472,380,73
807,929,22473,1561,22473,380,73
807,929,22474,1561,22474,380,73
807,929,22475,1561,22475,380,73
807,929,22476,1561,22476,380,73
807,929,22477,1561,22477,380,73
807,929,22478,1561,22478,380,73
807,929,22479,1561,22479,380,73
807,929,22480,1561,22480,380,73
807,929,22481,1561,22481,380,73
807,929,22482,1561,22482,380,73
807,929,22483,1561,22483,380,73
807,929,22484,1561,22484,380,73
807,929,22485,1561,22485,380,73
807,929,22486,1561,22486,380,73
807,929,22487,1561,22487,380,73
807,929,22488,1561,22488,380,73
807,929,22489,1561,22489,380,73
807,929,22490,1561,22490,380,73
807,929,22491,1561,22491,380,73
807,929,22492,1561,22492,380,73
807,929,22493,1561,22493,380,73
807,929,22494,1561,22494,380,73
807,929,22495,1561,22495,380,73
807,929,22496,1561,22496,380,73
807,929,22497,1561,22497,380,73
807,929,22498,1561,22498,380,73
807,929,22499,1561,22499,380,73
807,929,22500,1561,22500,380,73
807,929,22501,1561,22501,380,73
807,929,22502,1561,22502,380,73
807,929,22503,1561,22503,380,73
807,929,22504,1561,22504,380,73
807,929,22505,1561,22505,380,73
807,929,22506,1561,22506,380,73
807,929,22507,1561,22507,380,73
807,929,22508,1561,22508,380,73
807,929,22509,1561,22509,380,73
807,929,22510,1561,22510,380,73
807,929,22511,1561,22511,380,73
807,929,22512,1561,22512,380,73
807,929,22513,1561,22513,380,73
807,929,22514,1561,22514,380,73
807,929,22515,1561,22515,380,73
807,929,22516,1561,22516,380,73
807,929,22517,1561,22517,380,73
807,929,22518,1561,22518,380,73
807,929,22519,1561,22519,380,73
807,929,22520,1561,22520,380,73
807,929,22521,1561,22521,380,73
807,929,22522,1561,22522,380,73
807,929,22523,1561,22523,380,73
807,929,22524,1561,22524,380,73
807,929,22525,1561,22525,380,73
807,929,22526,1561,22526,380,73
807,929,22527,1561,22527,380,73
807,929,22528,1561,22528,380,73
807,929,22529,1561,22529,380,73
807,929,22530,1561,22530,380,73
807,929,22531,1561,22531,380,73
807,929,22532,1561,22532,380,73
807,929,22533,1561,22533,380,73
807,929,22534,1561,22534,380,73
807,929,22535,1561,22535,380,73
807,929,22536,1561,22536,380,73
807,929,22537,1561,22537,380,73
807,929,22538,1561,22538,380,73
807,929,22539,1561,22539,380,73
807,929,22540,1561,22540,380,73
807,929,22541,1561,22541,380,73
807,929,22542,1561,22542,380,73
807,929,22543,1561,22543,380,73
807,929,22544,1561,22544,380,73
807,929,22545,1561,22545,380,73
807,929,22546,1561,22546,380,73
807,929,22547,1561,22547,380,73
807,929,22548,1561,22548,380,73
807,929,22549,1561,22549,380,73
807,929,22550,1561,22550,380,73
807,929,22551,1561,22551,380,73
807,929,22552,1561,22552,380,73
807,929,22553,1561,22553,380,73
807,929,22554,1561,22554,380,73
807,929,22555,1561,22555,380,73
807,929,22556,1561,22556,380,73
807,929,22557,1561,22557,380,73
807,929,22558,1561,22558,380,73
807,929,22559,1561,22559,380,73
807,929,22560,1561,22560,380,73
807,929,22561,1561,22561,380,73
807,929,22562,1561,22562,380,73
807,929,22563,1561,22563,380,73
807,929,22564,1561,22564,380,73
807,929,22565,1561,22565,380,73
807,929,22566,1561,22566,380,73
807,929,22567,1561,22567,380,73
807,929,22568,1561,22568,380,73
807,929,22569,1561,22569,380,73
807,929,22570,1561,22570,380,73
807,929,22571,1561,22571,380,73
807,929,22572,1561,22572,380,73
807,929,22573,1561,22573,380,73
807,929,22574,1561,22574,380,73
807,929,22575,1561,22575,380,73
807,929,22576,1561,22576,380,73
807,929,22577,1561,22577,380,73
807,929,22578,1561,22578,380,73
807,929,22579,1561,22579,380,73
807,929,22580,1561,22580,380,73
807,929,22581,1561,22581,380,73
807,929,22582,1561,22582,380,73
807,929,22583,1561,22583,380,73
807,929,22584,1561,22584,380,73
807,929,22585,1561,22585,380,73
807,929,22586,1561,22586,380,73
807,929,22587,1561,22587,380,73
807,929,22588,1561,22588,380,73
807,929,22589,1561,22589,380,73
807,929,22590,1561,22590,380,73
807,929,22591,1561,22591,380,73
807,929,22592,1561,22592,380,73
807,929,22593,1561,22593,380,73
807,929,22594,1561,22594,380,73
807,929,22595,1561,22595,380,73
807,929,22596,1561,22596,380,73
807,929,22597,1561,22597,380,73
807,929,22598,1561,22598,380,73
807,929,22599,1561,22599,380,73
807,929,22600,1561,22600,380,73
807,929,22601,1561,22601,380,73
807,929,22602,1561,22602,380,73
807,929,22603,1561,22603,380,73
807,929,22604,1561,22604,380,73
807,929,22605,1561,22605,380,73
807,929,22606,1561,22606,380,73
807,929,22607,1561,22607,380,73
807,929,22608,1561,22608,380,73
807,929,22609,1561,22609,380,73
807,929,22610,1561,22610,380,73
807,929,22611,1561,22611,380,73
807,929,22612,1561,22612,380,73
807,929,22613,1561,22613,380,73
807,929,22614,1561,22614,380,73
807,929,22615,1561,22615,380,73
807,929,22616,1561,22616,380,73
807,929,22617,1561,22617,380,73
807,929,22618,1561,22618,380,73
807,929,22619,1561,22619,380,73
807,929,22620,1561,22620,380,73
807,929,22621,1561,22621,380,73
807,929,22622,1561,22622,380,73
807,929,22623,1561,22623,380,73
807,929,22624,1561,22624,380,73
807,929,22625,1561,22625,380,73
807,929,22626,1561,22626,380,73
807,929,22627,1561,22627,380,73
807,929,22628,1561,22628,380,73
807,929,22629,1561,22629,380,73
807,929,22630,1561,22630,380,73
807,929,22631,1561,22631,380,73
807,929,22632,1561,22632,380,73
807,929,22633,1561,22633,380,73
807,929,22634,1561,22634,380,73
807,929,22635,1561,22635,380,73
807,929,22636,1561,22636,380,73
807,929,22637,1561,22637,380,73
807,929,22638,1561,22638,380,73
807,929,22639,1561,22639,380,73
807,929,22640,1561,22640,380,73
807,929,22641,1561,22641,380,73
807,929,22642,1561,22642,380,73
808,929,22643,1561,22643,380,73
809,929,22644,1561,22644,380,73
809,929,22645,1561,22645,380,73
810,929,22646,1561,22646,380,73
810,929,22647,1561,22647,380,73
810,929,22648,1561,22648,380,73
810,929,22649,1561,22649,380,73
810,929,22650,1561,22650,380,73
811,929,22651,1561,22651,380,73
812,929,22652,1561,22652,380,73
813,929,22653,1561,22653,380,73
813,929,22654,1561,22654,380,73
813,929,22655,1561,22655,380,73
814,929,22656,1561,22656,380,73
814,929,22657,1561,22657,380,73
815,929,22658,1561,22658,380,73
816,929,22659,1561,22659,380,73
817,929,22660,1561,22660,380,73
817,929,22661,1561,22661,380,73
818,929,22662,1561,22662,380,73
818,929,22663,1561,22663,380,73
818,929,22664,1561,22664,380,73
818,929,22665,1561,22665,380,73
818,929,22666,1561,22666,380,73
818,929,22667,1561,22667,380,73
819,929,22668,1561,22668,380,73
820,929,22669,1561,22669,380,73
821,929,22670,1561,22670,380,73
821,929,22671,1561,22671,380,73
822,929,22672,1561,22672,380,73
823,929,22673,1561,22673,380,73
823,929,22674,1561,22674,380,73
823,929,22675,1561,22675,380,73
823,929,22676,1561,22676,380,73
823,929,22677,1561,22677,380,73
824,929,22678,1561,22678,380,73
824,929,22679,1561,22679,380,73
824,929,22680,1561,22680,380,73
825,929,22681,1561,22681,380,73
825,929,22682,1561,22682,380,73
826,929,22683,1561,22683,380,73
827,929,22684,1561,22684,380,73
827,929,22685,1561,22685,380,73
827,929,22686,1561,22686,380,73
827,929,22687,1561,22687,380,73
828,929,22688,1561,22688,380,73
827,929,22689,1561,22689,380,73
826,929,22690,1561,22690,380,73
824,929,22691,1561,22691,380,73
821,929,22692,1561,22692,380,73
821,929,22693,1561,22693,380,73
817,929,22694,1561,22694,380,73
816,929,22695,1561,22695,380,73
816,929,22696,1561,22696,380,73
814,929,22697,1561,22697,380,73
814,929,22698,1561,22698,380,73
812,929,22699,1561,22699,380,73
808,929,22700,1561,22700,380,73
805,929,22701,1561,22701,380,73
804,929,22702,1561,22702,380,73
803,929,22703,1561,22703,380,73
800,929,22704,1561,22704,380,73
800,929,22705,1561,22705,380,73
800,929,22706,1561,22706,380,73
800,929,22707,1561,22707,380,73
800,929,22708,1561,22708,380,73
800,929,22709,1561,22709,380,73
800,929,22710,1561,22710,380,73
800,929,22711,1561,22711,380,73
800,929,22712,1561,22712,380,73
800,929,22713,1561,22713,380,73
800,929,22714,1561,22714,380,73
800,929,22715,1561,22715,380,73
800,929,22716,1561,22716,380,73
800,929,22717,1561,22717,380,73
800,929,22718,1561,22718,380,73
800,929,22719,1561,22719,380,73
800,929,22720,1561,22720,380,73
800,929,22721,1561,22721,380,72
800,929,22722,1561,22722,380,71
800,929,22723,1561,22723,380,70
800,929,22724,1561,22724,380,69
800,929,22725,1561,22725,380,68
800,929,22726,1561,22726,380,67
800,929,22727,1561,22727,380,66
800,929,22728,1561,22728,380,65
800,929,22729,1561,22729,380,64
800,929,22730,1561,22730,380,63
800,929,22731,1561,22731,380,62
800,929,22732,1561,22732,380,61
800,929,22733,1561,22733,380,60
800,929,22734,1561,22734,380,59
800,929,22735,1561,22735,380,58
800,929,22736,1561,22736,380,57
800,929,22737,1561,22737,380,57
800,929,22738,1561,22738,380,57
801,929,22739,1561,22739,380,57
802,929,22740,1561,22740,380,57
802,929,22741,1561,22741,380,57
803,929,22742,1561,22742,380,57
804,929,22743,1561,22743,380,57
804,929,22744,1561,22744,380,57
804,929,22745,1561,22745,380,57
804,929,22746,1561,22746,380,57
805,929,22747,1561,22747,380,57
806,929,22748,1561,22748,380,57
807,929,22749,1561,22749,380,57
807,929,22750,1561,22750,380,57
807,929,22751,1561,22751,380,57
808,929,22752,1561,22752,380,57
808,929,22753,1561,22753,380,57
808,929,22754,1561,22754,380,57
808,929,22755,1561,22755,380,57
808,929,22756,1561,22756,380,57
808,929,22757,1561,22757,380,57
808,929,22758,1561,22758,380,57
808,929,22759,1561,22759,380,57
808,929,22760,1561,22760,380,57
808,929,22761,1561,22761,380,57
808,929,22762,1561,22762,380,57
808,929,22763,1561,22763,380,57
808,929,22764,1561,22764,380,57
808,929,22765,1561,22765,380,57
808,929,22766,1561,22766,380,57
808,929,22767,1561,22767,380,57
808,929,22768,1561,22768,380,57
808,929,22769,1561,22769,380,57
808,929,22770,1561,22770,380,57
808,929,22771,1561,22771,380,57
808,929,22772,1561,22772,380,57
808,929,22773,1561,22773,380,57
808,929,22774,1561,22774,380,57
808,929,22775,1561,22775,380,57
808,929,22776,1561,22776,380,57
808,929,22777,1561,22777,380,57
808,929,22778,1561,22778,380,57
808,929,22779,1561,22779,380,57
808,929,22780,1561,22780,380,57
808,929,22781,1561,22781,380,57
808,929,22782,1561,22782,380,57
808,929,22783,1561,22783,380,57
808,929,22784,1561,22784,380,57
808,929,22785,1561,22785,380,57
808,929,22786,1561,22786,380,57
808,929,22787,1561,22787,380,57
808,929,22788,1561,22788,380,57
808,929,22789,1561,22789,380,57
808,929,22790,1561,22790,380,57
808,929,22791,1561,22791,380,57
808,929,22792,1561,22792,380,57
808,929,22793,1561,22793,380,57
808,929,22794,1561,22794,380,57
808,929,22795,1561,22795,380,57
808,929,22796,1561,22796,380,57
808,929,22797,1561,22797,380,57
808,929,22798,1561,22798,380,57
808,929,22799,1561,22799,380,57
808,929,22800,1561,22800,380,57
808,929,22801,1561,22801,380,57
808,929,22802,1561,22802,380,57
808,929,22803,1561,22803,380,57
808,929,22804,1561,22804,380,57
808,929,22805,1561,22805,380,57
808,929,22806,1561,22806,380,57
808,929,22807,1561,22807,380,57
808,929,22808,1561,22808,380,57
808,929,22809,1561,22809,380,57
808,929,22810,1561,22810,380,57
808,929,22811,1561,22811,380,57
808,929,22812,1561,22812,380,57
808,929,22813,1561,22813,380,57
808,929,22814,1561,22814,380,57
808,929,22815,1561,22815,380,57
808,929,22816,1561,22816,380,57
808,929,22817,1561,22817,380,57
808,929,22818,1561,22818,380,57
808,929,22819,1561,22819,380,57
808,929,22820,1561,22820,380,57
808,929,22821,1561,22821,380,57
808,929,22822,1561,22822,380,57
808,929,22823,1561,22823,380,57
808,929,22824,1561,22824,380,57
808,929,22825,1561,22825,380,57
808,929,22826,1561,22826,380,57
808,929,22827,1561,22827,380,57
808,929,22828,1561,22828,380,57
808,929,22829,1561,22829,380,57
808,929,22830,1561,22830,380,57
808,929,22831,1561,22831,380,57
808,929,22832,1561,22832,380,57
808,929,22833,1561,22833,380,57
808,929,22834,1561,22834,380,57
808,929,22835,1561,22835,380,57
808,929,22836,1561,22836,380,57
808,929,22837,1561,22837,380,57
808,929,22838,1561,22838,380,57
808,929,22839,1561,22839,380,57
808,929,22840,1561,22840,380,57
808,929,22841,1561,22841,380,57
808,929,22842,1561,22842,380,57
808,929,22843,1561,22843,380,57
808,929,22844,1561,22844,380,57
808,929,22845,1561,22845,380,57
808,929,22846,1561,22846,380,57
808,929,22847,1561,22847,380,57
808,929,22848,1561,22848,380,57
808,929,22849,1561,22849,380,57
808,929,22850,1561,22850,380,57
808,929,22851,1561,22851,380,57
808,929,22852,1561,22852,380,57
808,929,22853,1561,22853,380,57
808,929,22854,1561,22854,380,57
808,929,22855,1561,22855,380,57
808,929,22856,1561,22856,380,57
808,929,22857,1561,22857,380,57
808,929,22858,1561,22858,380,57
808,929,22859,1561,22859,380,57
808,929,22860,1561,22860,380,57
808,929,22861,1561,22861,380,57
808,929,22862,1561,22862,380,57
808,929,22863,1561,22863,380,57
808,929,22864,1561,22864,380,57
808,929,22865,1561,22865,380,57
808,929,22866,1561,22866,380,57
808,929,22867,1561,22867,380,57
808,929,22868,1561,22868,380,57
808,929,22869,1561,22869,380,57
808,929,22870,1561,22870,380,57
808,929,22871,1561,22871,380,57
808,929,22872,1561,22872,380,57
808,929,22873,1561,22873,380,57
808,929,22874,1561,22874,380,57
808,929,22875,1561,22875,380,57
808,929,22876,1561,22876,380,57
808,929,22877,1561,22877,380,57
808,929,22878,1561,22878,380,57
808,929,22879,1561,22879,380,57
808,929,22880,1561,22880,380,57
808,929,22881,1561,22881,380,57
808,929,22882,1561,22882,380,57
808,929,22883,1561,22883,380,57
808,929,22884,1561,22884,380,57
808,929,22885,1561,22885,380,57
808,929,22886,1561,22886,380,57
808,929,22887,1561,22887,380,57
808,929,22888,1561,22888,380,57
808,929,22889,1561,22889,380,57
808,929,22890,1561,22890,380,57
808,929,22891,1561,22891,380,57
808,929,22892,1561,22892,380,57
808,929,22893,1561,22893,380,57
808,929,22894,1561,22894,380,57
808,929,22895,1561,22895,380,57
808,929,22896,1561,22896,380,57
808,929,22897,1561,22897,380,57
808,929,22898,1561,22898,380,57
808,929,22899,1561,22899,380,57
808,929,22900,1561,22900,380,57
808,929,22901,1561,22901,380,57
808,929,22902,1561,22902,380,57
808,929,22903,1561,22903,380,57
808,929,22904,1561,22904,380,57
808,929,22905,1561,22905,380,57
808,929,22906,1561,22906,380,57
808,929,22907,1561,22907,380,57
808,929,22908,1561,22908,380,57
808,929,22909,1561,22909,380,57
808,929,22910,1561,22910,380,57
808,929,22911,1561,22911,380,57
808,929,22912,1561,22912,380,57
808,929,22913,1561,22913,380,57
808,929,22914,1561,22914,380,57
808,929,22915,1561,22915,380,57
808,929,22916,1561,22916,380,57
808,929,22917,1561,22917,380,57
808,929,22918,1561,22918,380,57
808,929,22919,1561,22919,380,57
808,929,22920,1561,22920,380,57
808,929,22921,1561,22921,380,57
808,929,22922,1561,22922,380,57
808,929,22923,1561,22923,380,57
808,929,22924,1561,22924,380,57
808,929,22925,1561,22925,380,57
808,929,22926,1561,22926,380,57
808,929,22927,1561,22927,380,57
808,929,22928,1561,22928,380,57
808,929,22929,1561,22929,380,57
808,929,22930,1561,22930,380,57
808,929,22931,1561,22931,380,57
808,929,22932,1561,22932,380,57
808,929,22933,1561,22933,380,57
808,929,22934,1561,22934,380,57
808,929,22935,1561,22935,380,57
808,929,22936,1561,22936,380,57
808,929,22937,1561,22937,380,57
808,929,22938,1561,22938,380,57
808,929,22939,1561,22939,380,57
808,929,22940,1561,22940,380,57
808,929,22941,1561,22941,380,57
808,929,22942,1561,22942,380,57
808,929,22943,1561,22943,380,57
808,929,22944,1561,22944,380,57
808,929,22945,1561,22945,380,57
809,929,22946,1561,22946,380,57
810,929,22947,1561,22947,380,57
811,929,22948,1561,22948,380,57
811,929,22949,1561,22949,380,57
812,929,22950,1561,22950,380,57
812,929,22951,1561,22951,380,57
812,929,22952,1561,22952,380,57
812,929,22953,1561,22953,380,57
812,929,22954,1561,22954,380,57
812,929,22955,1561,22955,380,57
813,929,22956,1561,22956,380,57
814,929,22957,1561,22957,380,57
815,929,22958,1561,22958,380,57
815,929,22959,1561,22959,380,57
816,929,22960,1561,22960,380,57
817,929,22961,1561,22961,380,57
817,929,22962,1561,22962,380,57
817,929,22963,1561,22963,380,57
817,929,22964,1561,22964,380,57
817,929,22965,1561,22965,380,57
818,929,22966,1561,22966,380,57
818,929,22967,1561,22967,380,57
818,929,22968,1561,22968,380,57
819,929,22969,1561,22969,380,57
819,929,22970,1561,22970,380,57
820,929,22971,1561,22971,380,57
821,929,22972,1561,22972,380,57
821,929,22973,1561,22973,380,57
821,929,22974,1561,22974,380,57
821,929,22975,1561,22975,380,57
822,929,22976,1561,22976,380,57
821,929,22977,1561,22977,380,57
820,929,22978,1561,22978,380,57
818,929,22979,1561,22979,380,57
816,929,22980,1561,22980,380,56
816,929,22981,1561,22981,380,56
813,929,22982,1561,22982,380,56
812,929,22983,1561,22983,380,56
812,929,22984,1561,22984,380,56
811,929,22985,1561,22985,380,56
811,929,22986,1561,22986,380,56
809,929,22987,1561,22987,380,55
806,929,22988,1561,22988,380,55
804,929,22989,1561,22989,380,55
803,929,22990,1561,22990,380,55
803,929,22991,1561,22991,380,55
800,929,22992,1561,22992,380,55
800,929,22993,1561,22993,380,55
800,929,22994,1561,22994,380,55
800,929,22995,1561,22995,380,55
800,929,22996,1561,22996,380,55
800,929,22997,1561,22997,380,55
800,929,22998,1561,22998,380,55
800,929,22999,1561,22999,380,55
800,929,23000,1561,23000,380,55
800,929,23001,1561,23001,380,55
800,929,23002,1561,23002,380,55
800,929,23003,1561,23003,380,55
800,929,23004,1561,23004,380,55
800,929,23005,1561,23005,380,55
800,929,23006,1561,23006,380,55
800,929,23007,1561,23007,380,55
800,929,23008,1561,23008,380,55
800,929,23009,1561,23009,380,54
800,929,23010,1561,23010,380,53
800,929,23011,1561,23011,380,52
800,929,23012,1561,23012,380,51
800,929,23013,1561,23013,380,50
800,929,23014,1561,23014,380,49
800,929,23015,1561,23015,380,48
800,929,23016,1561,23016,380,47
800,929,23017,1561,23017,380,46
800,929,23018,1561,23018,380,45
800,929,23019,1561,23019,380,44
800,929,23020,1561,23020,380,43
800,929,23021,1561,23021,380,42
800,929,23022,1561,23022,380,41
800,929,23023,1561,23023,380,40
800,929,23024,1561,23024,380,39
800,929,23025,1561,23025,380,39
801,929,23026,1561,23026,380,39
802,929,23027,1561,23027,380,39
803,929,23028,1561,23028,380,39
803,929,23029,1561,23029,380,39
804,929,23030,1561,23030,380,39
804,929,23031,1561,23031,380,39
804,929,23032,1561,23032,380,39
804,929,23033,1561,23033,380,39
804,929,23034,1561,23034,380,39
804,929,23035,1561,23035,380,39
805,929,23036,1561,23036,380,39
806,929,23037,1561,23037,380,39
807,929,23038,1561,23038,380,39
807,929,23039,1561,23039,380,39
808,929,23040,1561,23040,380,39
808,929,23041,1561,23041,380,39
808,929,23042,1561,23042,380,39
808,929,23043,1561,23043,380,39
808,929,23044,1561,23044,380,39
808,929,23045,1561,23045,380,39
808,929,23046,1561,23046,380,39
808,929,23047,1561,23047,380,39
808,929,23048,1561,23048,380,39
808,929,23049,1561,23049,380,39
808,929,23050,1561,23050,380,39
808,929,23051,1561,23051,380,39
808,929,23052,1561,23052,380,39
808,929,23053,1561,23053,380,39
808,929,23054,1561,23054,380,39
808,929,23055,1561,23055,380,39
808,929,23056,1561,23056,380,39
808,929,23057,1561,23057,380,39
808,929,23058,1561,23058,380,39
808,929,23059,1561,23059,380,39
808,929,23060,1561,23060,380,39
808,929,23061,1561,23061,380,39
808,929,23062,1561,23062,380,39
808,929,23063,1561,23063,380,39
808,929,23064,1561,23064,380,39
808,929,23065,1561,23065,380,39
808,929,23066,1561,23066,380,39
808,929,23067,1561,23067,380,39
808,929,23068,1561,23068,380,39
808,929,23069,1561,23069,380,39
808,929,23070,1561,23070,380,39
808,929,23071,1561,23071,380,39
808,929,23072,1561,23072,380,39
808,929,23073,1561,23073,380,39
808,929,23074,1561,23074,380,39
808,929,23075,1561,23075,380,39
808,929,23076,1561,23076,380,39
808,929,23077,1561,23077,380,39
808,929,23078,1561,23078,380,39
808,929,23079,1561,23079,380,39
808,929,23080,1561,23080,380,39
808,929,23081,1561,23081,380,39
808,929,23082,1561,23082,380,39
808,929,23083,1561,23083,380,39
808,929,23084,1561,23084,380,39
808,929,23085,1561,23085,380,39
808,929,23086,1561,23086,380,39
808,929,23087,1561,23087,380,39
808,929,23088,1561,23088,380,39
808,929,23089,1561,23089,380,39
808,929,23090,1561,23090,380,39
808,929,23091,1561,23091,380,39
808,929,23092,1561,23092,380,39
808,929,23093,1561,23093,380,39
808,929,23094,1561,23094,380,39
808,929,23095,1561,23095,380,39
808,929,23096,1561,23096,380,39
808,929,23097,1561,23097,380,39
808,929,23098,1561,23098,380,39
808,929,23099,1561,23099,380,39
808,929,23100,1561,23100,380,39
808,929,23101,1561,23101,380,39
808,929,23102,1561,23102,380,39
808,929,23103,1561,23103,380,39
808,929,23104,1561,23104,380,39
808,929,23105,1561,23105,380,39
808,929,23106,1561,23106,380,39
808,929,23107,1561,23107,380,39
808,929,23108,1561,23108,380,39
808,929,23109,1561,23109,380,39
808,929,23110,1561,23110,380,39
808,929,23111,1561,23111,380,39
808,929,23112,1561,23112,380,39
808,929,23113,1561,23113,380,39
808,929,23114,1561,23114,380,39
808,929,23115,1561,23115,380,39
808,929,23116,1561,23116,380,39
808,929,23117,1561,23117,380,39
808,929,23118,1561,23118,380,39
808,929,23119,1561,23119,380,39
808,929,23120,1561,23120,380,39
808,929,23121,1561,23121,380,39
808,929,23122,1561,23122,380,39
808,929,23123,1561,23123,380,39
808,929,23124,1561,23124,380,39
808,929,23125,1561,23125,380,39
808,929,23126,1561,23126,380,39
808,929,23127,1561,23127,380,39
808,929,23128,1561,23128,380,39
808,929,23129,1561,23129,380,39
808,929,23130,1561,23130,380,39
808,929,23131,1561,23131,380,39
808,929,23132,1561,23132,380,39
808,929,23133,1561,23133,380,39
808,929,23134,1561,23134,380,39
808,929,23135,1561,23135,380,39
808,929,23136,1561,23136,380,39
808,929,23137,1561,23137,380,39
808,929,23138,1561,23138,380,39
808,929,23139,1561,23139,380,39
808,929,23140,1561,23140,380,39
808,929,23141,1561,23141,380,39
808,929,23142,1561,23142,380,39
808,929,23143,1561,23143,380,39
808,929,23144,1561,23144,380,39
808,929,23145,1561,23145,380,39
808,929,23146,1561,23146,380,39
808,929,23147,1561,23147,380,39
808,929,23148,1561,23148,380,39
808,929,23149,1561,23149,380,39
808,929,23150,1561,23150,380,39
808,929,23151,1561,23151,380,39
808,929,23152,1561,23152,380,39
808,929,23153,1561,23153,380,39
808,929,23154,1561,23154,380,39
808,929,23155,1561,23155,380,39
808,929,23156,1561,23156,380,39
808,929,23157,1561,23157,380,39
808,929,23158,1561,23158,380,39
808,929,23159,1561,23159,380,39
808,929,23160,1561,23160,380,39
808,929,23161,1561,23161,380,39
808,929,23162,1561,23162,380,39
808,929,23163,1561,23163,380,39
808,929,23164,1561,23164,380,39
808,929,23165,1561,23165,380,39
808,929,23166,1561,23166,380,39
808,929,23167,1561,23167,380,39
808,929,23168,1561,23168,380,39
808,929,23169,1561,23169,380,39
808,929,23170,1561,23170,380,39
808,929,23171,1561,23171,380,39
808,929,23172,1561,23172,380,39
808,929,23173,1561,23173,380,39
808,929,23174,1561,23174,380,39
808,929,23175,1561,23175,380,39
808,929,23176,1561,23176,380,39
808,929,23177,1561,23177,380,39
808,929,23178,1561,23178,380,39
808,929,23179,1561,23179,380,39
808,929,23180,1561,23180,380,39
808,929,23181,1561,23181,380,39
808,929,23182,1561,23182,380,39
808,929,23183,1561,23183,380,39
808,929,23184,1561,23184,380,39
808,929,23185,1561,23185,380,39
808,929,23186,1561,23186,380,39
808,929,23187,1561,23187,380,39
808,929,23188,1561,23188,380,39
808,929,23189,1561,23189,380,39
808,929,23190,1561,23190,380,39
808,929,23191,1561,23191,380,39
808,929,23192,1561,23192,380,39
808,929,23193,1561,23193,380,39
808,929,23194,1561,23194,380,39
808,929,23195,1561,23195,380,39
808,929,23196,1561,23196,380,39
808,929,23197,1561,23197,380,39
808,929,23198,1561,23198,380,39
808,929,23199,1561,23199,380,39
808,929,23200,1561,23200,380,39
808,929,23201,1561,23201,380,39
808,929,23202,1561,23202,380,39
808,929,23203,1561,23203,380,39
808,929,23204,1561,23204,380,39
808,929,23205,1561,23205,380,39
808,929,23206,1561,23206,380,39
808,929,23207,1561,23207,380,39
808,929,23208,1561,23208,380,39
808,929,23209,1561,23209,380,39
808,929,23210,1561,23210,380,39
808,929,23211,1561,23211,380,39
808,929,23212,1561,23212,380,39
808,929,23213,1561,23213,380,39
808,929,23214,1561,23214,380,39
808,929,23215,1561,23215,380,39
808,929,23216,1561,23216,380,39
808,929,23217,1561,23217,380,39
808,929,23218,1561,23218,380,39
808,929,23219,1561,23219,380,39
808,929,23220,1561,23220,380,39
808,929,23221,1561,23221,380,39
808,929,23222,1561,23222,380,39
808,929,23223,1561,23223,380,39
808,929,23224,1561,23224,380,39
808,929,23225,1561,23225,380,39
808,929,23226,1561,23226,380,39
808,929,23227,1561,23227,380,39
808,929,23228,1561,23228,380,39
808,929,23229,1561,23229,380,39
808,929,23230,1561,23230,380,39
808,929,23231,1561,23231,380,39
808,929,23232,1561,23232,380,39
808,929,23233,1561,23233,380,39
808,929,23234,1561,23234,380,39
808,929,23235,1561,23235,380,39
808,929,23236,1561,23236,380,39
808,929,23237,1561,23237,380,39
808,929,23238,1561,23238,380,39
808,929,23239,1561,23239,380,39
808,929,23240,1561,23240,380,39
808,929,23241,1561,23241,380,39
808,929,23242,1561,23242,380,39
808,929,23243,1561,23243,380,39
808,929,23244,1561,23244,380,39
808,929,23245,1561,23245,380,39
808,929,23246,1561,23246,380,39
808,929,23247,1561,23247,380,39
808,929,23248,1561,23248,380,39
809,929,23249,1561,23249,380,39
809,929,23250,1561,23250,380,39
809,929,23251,1561,23251,380,39
809,929,23252,1561,23252,380,39
809,929,23253,1561,23253,380,39
810,929,23254,1561,23254,380,39
810,929,23255,1561,23255,380,39
810,929,23256,1561,23256,380,39
811,929,23257,1561,23257,380,39
811,929,23258,1561,23258,380,39
812,929,23259,1561,23259,380,39
813,929,23260,1561,23260,380,39
813,929,23261,1561,23261,380,39
813,929,23262,1561,23262,380,39
813,929,23263,1561,23263,380,39
814,929,23264,1561,23264,380,39
813,929,23265,1561,23265,380,39
812,929,23266,1561,23266,380,39
811,929,23267,1561,23267,380,39
810,929,23268,1561,23268,380,39
810,929,23269,1561,23269,380,39
808,929,23270,1561,23270,380,39
808,929,23271,1561,23271,380,39
808,929,23272,1561,23272,380,39
807,929,23273,1561,23273,380,39
807,929,23274,1561,23274,380,39
806,929,23275,1561,23275,380,39
804,929,23276,1561,23276,380,39
803,929,23277,1561,23277,380,39
802,929,23278,1561,23278,380,39
802,929,23279,1561,23279,380,39
800,929,23280,1561,23280,380,39
800,929,23281,1561,23281,380,39
800,929,23282,1561,23282,380,39
800,929,23283,1561,23283,380,39
800,929,23284,1561,23284,380,39
800,929,23285,1561,23285,380,39
800,929,23286,1561,23286,380,39
800,929,23287,1561,23287,380,39
800,929,23288,1561,23288,380,39
800,929,23289,1561,23289,380,39
800,929,23290,1561,23290,380,39
800,929,23291,1561,23291,380,39
800,929,23292,1561,23292,380,39
800,929,23293,1561,23293,380,39
800,929,23294,1561,23294,380,39
800,929,23295,1561,23295,380,39
800,929,23296,1561,23296,380,39
800,929,23297,1561,23297,380,39
800,929,23298,1561,23298,380,38
800,929,23299,1561,23299,380,37
800,929,23300,1561,23300,380,36
800,929,23301,1561,23301,380,35
800,929,23302,1561,23302,380,34
800,929,23303,1561,23303,380,33
800,929,23304,1561,23304,380,33
800,929,23305,1561,23305,380,33
800,929,23306,1561,23306,380,33
800,929,23307,1561,23307,380,33
800,929,23308,1561,23308,380,32
800,929,23309,1561,23309,380,31
800,929,23310,1561,23310,380,30
800,929,23311,1561,23311,380,30
800,929,23312,1561,23312,380,29
801,929,23313,1561,23313,380,29
801,929,23314,1561,23314,380,29
801,929,23315,1561,23315,380,29
801,929,23316,1561,23316,380,29
801,929,23317,1561,23317,380,29
802,929,23318,1561,23318,380,29
802,929,23319,1561,23319,380,29
802,929,23320,1561,23320,380,29
803,929,23321,1561,23321,380,29
803,929,23322,1561,23322,380,29
804,929,23323,1561,23323,380,29
805,929,23324,1561,23324,380,29
805,929,23325,1561,23325,380,29
805,929,23326,1561,23326,380,29
805,929,23327,1561,23327,380,29
806,929,23328,1561,23328,380,29
806,929,23329,1561,23329,380,29
806,929,23330,1561,23330,380,29
806,929,23331,1561,23331,380,29
806,929,23332,1561,23332,380,29
806,929,23333,1561,23333,380,29
806,929,23334,1561,23334,380,29
806,929,23335,1561,23335,380,29
806,929,23336,1561,23336,380,29
806,929,23337,1561,23337,380,29
806,929,23338,1561,23338,380,29
806,929,23339,1561,23339,380,29
806,929,23340,1561,23340,380,29
806,929,23341,1561,23341,380,29
806,929,23342,1561,23342,380,29
806,929,23343,1561,23343,380,29
806,929,23344,1561,23344,380,29
806,929,23345,1561,23345,380,29
806,929,23346,1561,23346,380,29
806,929,23347,1561,23347,380,29
806,929,23348,1561,23348,380,29
806,929,23349,1561,23349,380,29
806,929,23350,1561,23350,380,29
806,929,23351,1561,23351,380,29
806,929,23352,1561,23352,380,29
806,929,23353,1561,23353,380,29
806,929,23354,1561,23354,380,29
806,929,23355,1561,23355,380,29
806,929,23356,1561,23356,380,29
806,929,23357,1561,23357,380,29
806,929,23358,1561,23358,380,29
806,929,23359,1561,23359,380,29
806,929,23360,1561,23360,380,29
806,929,23361,1561,23361,380,29
806,929,23362,1561,23362,380,29
806,929,23363,1561,23363,380,29
806,929,23364,1561,23364,380,29
806,929,23365,1561,23365,380,29
806,929,23366,1561,23366,380,29
806,929,23367,1561,23367,380,29
806,929,23368,1561,23368,380,29
806,929,23369,1561,23369,380,29
806,929,23370,1561,23370,380,29
806,929,23371,1561,23371,380,29
806,929,23372,1561,23372,380,29
806,929,23373,1561,23373,380,29
806,929,23374,1561,23374,380,29
806,929,23375,1561,23375,380,29
806,929,23376,1561,23376,380,29
806,929,23377,1561,23377,380,29
806,929,23378,1561,23378,380,29
806,929,23379,1561,23379,380,29
806,929,23380,1561,23380,380,29
806,929,23381,1561,23381,380,29
806,929,23382,1561,23382,380,29
806,929,23383,1561,23383,380,29
806,929,23384,1561,23384,380,29
806,929,23385,1561,23385,380,29
806,929,23386,1561,23386,380,29
806,929,23387,1561,23387,380,29
806,929,23388,1561,23388,380,29
806,929,23389,1561,23389,380,29
806,929,23390,1561,23390,380,29
806,929,23391,1561,23391,380,29
806,929,23392,1561,23392,380,29
806,929,23393,1561,23393,380,29
806,929,23394,1561,23394,380,29
806,929,23395,1561,23395,380,29
806,929,23396,1561,23396,380,29
806,929,23397,1561,23397,380,29
806,929,23398,1561,23398,380,29
806,929,23399,1561,23399,380,29
806,929,23400,1561,23400,380,29
806,929,23401,1561,23401,380,29
806,929,23402,1561,23402,380,29
806,929,23403,1561,23403,380,29
806,929,23404,1561,23404,380,29
806,929,23405,1561,23405,380,29
806,929,23406,1561,23406,380,29
806,929,23407,1561,23407,380,29
806,929,23408,1561,23408,380,29
806,929,23409,1561,23409,380,29
806,929,23410,1561,23410,380,29
806,929,23411,1561,23411,380,29
806,929,23412,1561,23412,380,29
806,929,23413,1561,23413,380,29
806,929,23414,1561,23414,380,29
806,929,23415,1561,23415,380,29
806,929,23416,1561,23416,380,29
806,929,23417,1561,23417,380,29
806,929,23418,1561,23418,380,29
806,929,23419,1561,23419,380,29
806,929,23420,1561,23420,380,29
806,929,23421,1561,23421,380,29
806,929,23422,1561,23422,380,29
806,929,23423,1561,23423,380,29
806,929,23424,1561,23424,380,29
806,929,23425,1561,23425,380,29
806,929,23426,1561,23426,380,29
806,929,23427,1561,23427,380,29
806,929,23428,1561,23428,380,29
806,929,23429,1561,23429,380,29
806,929,23430,1561,23430,380,29
806,929,23431,1561,23431,380,29
806,929,23432,1561,23432,380,29
806,929,23433,1561,23433,380,29
806,929,23434,1561,23434,380,29
806,929,23435,1561,23435,380,29
806,929,23436,1561,23436,380,29
806,929,23437,1561,23437,380,29
806,929,23438,1561,23438,380,29
806,929,23439,1561,23439,380,29
806,929,23440,1561,23440,380,29
806,929,23441,1561,23441,380,29
806,929,23442,1561,23442,380,29
806,929,23443,1561,23443,380,29
806,929,23444,1561,23444,380,29
806,929,23445,1561,23445,380,29
806,929,23446,1561,23446,380,29
806,929,23447,1561,23447,380,29
806,929,23448,1561,23448,380,29
806,929,23449,1561,23449,380,29
806,929,23450,1561,23450,380,29
806,929,23451,1561,23451,380,29
806,929,23452,1561,23452,380,29
806,929,23453,1561,23453,380,29
806,929,23454,1561,23454,380,29
806,929,23455,1561,23455,380,29
806,929,23456,1561,23456,380,29
806,929,23457,1561,23457,380,29
806,929,23458,1561,23458,380,29
806,929,23459,1561,23459,380,29
806,929,23460,1561,23460,380,29
806,929,23461,1561,23461,380,29
806,929,23462,1561,23462,380,29
806,929,23463,1561,23463,380,29
806,929,23464,1561,23464,380,29
806,929,23465,1561,23465,380,29
806,929,23466,1561,23466,380,29
806,929,23467,1561,23467,380,29
806,929,23468,1561,23468,380,29
806,929,23469,1561,23469,380,29
806,929,23470,1561,23470,380,29
806,929,23471,1561,23471,380,29
806,929,23472,1561,23472,380,29
806,929,23473,1561,23473,380,29
806,929,23474,1561,23474,380,29
806,929,23475,1561,23475,380,29
806,929,23476,1561,23476,380,29
806,929,23477,1561,23477,380,29
806,929,23478,1561,23478,380,29
806,929,23479,1561,23479,380,29
806,929,23480,1561,23480,380,29
806,929,23481,1561,23481,380,29
806,929,23482,1561,23482,380,29
806,929,23483,1561,23483,380,29
806,929,23484,1561,23484,380,29
806,929,23485,1561,23485,380,29
806,929,23486,1561,23486,380,29
806,929,23487,1561,23487,380,29
806,929,23488,1561,23488,380,29
806,929,23489,1561,23489,380,29
806,929,23490,1561,23490,380,29
806,929,23491,1561,23491,380,29
806,929,23492,1561,23492,380,29
806,929,23493,1561,23493,380,29
806,929,23494,1561,23494,380,29
806,929,23495,1561,23495,380,29
806,929,23496,1561,23496,380,29
806,929,23497,1561,23497,380,29
806,929,23498,1561,23498,380,29
806,929,23499,1561,23499,380,29
806,929,23500,1561,23500,380,29
806,929,23501,1561,23501,380,29
806,929,23502,1561,23502,380,29
806,929,23503,1561,23503,380,29
806,929,23504,1561,23504,380,29
806,929,23505,1561,23505,380,29
806,929,23506,1561,23506,380,29
806,929,23507,1561,23507,380,29
806,929,23508,1561,23508,380,29
806,929,23509,1561,23509,380,29
806,929,23510,1561,23510,380,29
806,929,23511,1561,23511,380,29
806,929,23512,1561,23512,380,29
806,929,23513,1561,23513,380,29
806,929,23514,1561,23514,380,29
806,929,23515,1561,23515,380,29
806,929,23516,1561,23516,380,29
806,929,23517,1561,23517,380,29
806,929,23518,1561,23518,380,29
806,929,23519,1561,23519,380,29
806,929,23520,1561,23520,380,29
806,929,23521,1561,23521,380,29
806,929,23522,1561,23522,380,29
806,929,23523,1561,23523,380,29
806,929,23524,1561,23524,380,29
806,929,23525,1561,23525,380,29
806,929,23526,1561,23526,380,29
806,929,23527,1561,23527,380,29
806,929,23528,1561,23528,380,29
806,929,23529,1561,23529,380,29
806,929,23530,1561,23530,380,29
806,929,23531,1561,23531,380,29
806,929,23532,1561,23532,380,29
806,929,23533,1561,23533,380,29
806,929,23534,1561,23534,380,29
806,929,23535,1561,23535,380,29
806,929,23536,1561,23536,380,29
806,929,23537,1561,23537,380,29
806,929,23538,1561,23538,380,29
806,929,23539,1561,23539,380,29
806,929,23540,1561,23540,380,29
806,929,23541,1561,23541,380,29
806,929,23542,1561,23542,380,29
806,929,23543,1561,23543,380,29
806,929,23544,1561,23544,380,29
806,929,23545,1561,23545,380,29
806,929,23546,1561,23546,380,29
806,929,23547,1561,23547,380,29
806,929,23548,1561,23548,380,29
806,929,23549,1561,23549,380,29
806,929,23550,1561,23550,380,29
806,929,23551,1561,23551,380,29
806,929,23552,1561,23552,380,29
805,929,23553,1561,23553,380,29
805,929,23554,1561,23554,380,29
805,929,23555,1561,23555,380,29
805,929,23556,1561,23556,380,29
805,929,23557,1561,23557,380,29
804,929,23558,1561,23558,380,29
804,929,23559,1561,23559,380,29
804,929,23560,1561,23560,380,29
803,929,23561,1561,23561,380,29
803,929,23562,1561,23562,380,29
802,929,23563,1561,23563,380,29
801,929,23564,1561,23564,380,29
801,929,23565,1561,23565,380,29
801,929,23566,1561,23566,380,29
801,929,23567,1561,23567,380,29
800,929,23568,1561,23568,380,29
800,929,23569,1561,23569,380,29
800,929,23570,1561,23570,380,29
800,929,23571,1561,23571,380,29
800,929,23572,1561,23572,380,29
800,929,23573,1561,23573,380,29
800,929,23574,1561,23574,380,29
800,929,23575,1561,23575,380,29
800,929,23576,1561,23576,380,29
800,929,23577,1561,23577,380,29
800,929,23578,1561,23578,380,29
800,929,23579,1561,23579,380,29
800,929,23580,1561,23580,380,29
800,929,23581,1561,23581,380,29
800,929,23582,1561,23582,380,29
800,929,23583,1561,23583,380,29
800,929,23584,1561,23584,380,29
800,929,23585,1561,23585,380,28
800,929,23586,1561,23586,380,28
800,929,23587,1561,23587,380,28
800,929,23588,1561,23588,380,28
800,929,23589,1561,23589,380,28
800,929,23590,1561,23590,380,28
800,929,23591,1561,23591,380,28
800,929,23592,1561,23592,380,28
800,929,23593,1561,23593,380,28
800,929,23594,1561,23594,380,28
800,929,23595,1561,23595,380,28
800,929,23596,1561,23596,380,28
800,929,23597,1561,23597,380,28
800,929,23598,1561,23598,380,28
800,929,23599,1561,23599,380,28
800,929,23600,1561,23600,380,28
800,929,23601,1561,23601,380,28
800,929,23602,1561,23602,380,28
800,929,23603,1561,23603,380,28
800,929,23604,1561,23604,380,28
800,929,23605,1561,23605,380,28
800,929,23606,1561,23606,380,28
800,929,23607,1561,23607,380,28
800,929,23608,1561,23608,380,28
800,929,23609,1561,23609,380,28
800,929,23610,1561,23610,380,28
800,929,23611,1561,23611,380,28
800,929,23612,1561,23612,380,28
800,929,23613,1561,23613,380,28
800,929,23614,1561,23614,380,28
800,929,23615,1561,23615,380,28
800,929,23616,1561,23616,380,28
800,929,23617,1561,23617,380,27
800,929,23618,1561,23618,380,27
800,929,23619,1561,23619,380,26
800,929,23620,1561,23620,380,25
800,929,23621,1561,23621,380,25
800,929,23622,1561,23622,380,24
800,929,23623,1561,23623,380,23
800,929,23624,1561,23624,380,22
800,929,23625,1561,23625,380,21
800,929,23626,1561,23626,380,20
800,929,23627,1561,23627,380,19
800,929,23628,1561,23628,380,18
800,929,23629,1561,23629,380,18
800,929,23630,1561,23630,380,18
800,929,23631,1561,23631,380,17
800,929,23632,1561,23632,380,16
