currentNumberOfWords,maxNumberOfWords,currentTime,timeWithMaxWords,convergenceTime,maxNumberOfDifferentWords,currentNumberOfDifferentWords
0,0,0,0,0,0,0
0,0,1,0,1,0,0
2,2,2,2,2,1,1
4,4,3,3,3,2,2
6,6,4,4,4,3,3
8,8,5,5,5,4,4
10,10,6,6,6,5,5
12,12,7,7,7,6,6
14,14,8,8,8,7,7
16,16,9,9,9,8,8
18,18,10,10,10,9,9
20,20,11,11,11,10,10
22,22,12,12,12,11,11
24,24,13,13,13,12,12
26,26,14,14,14,13,13
28,28,15,15,15,14,14
30,30,16,16,16,15,15
32,32,17,17,17,16,16
34,34,18,18,18,17,17
36,36,19,19,19,18,18
38,38,20,20,20,19,19
40,40,21,21,21,20,20
42,42,22,22,22,21,21
44,44,23,23,23,22,22
46,46,24,24,24,23,23
48,48,25,25,25,24,24
50,50,26,26,26,25,25
52,52,27,27,27,26,26
54,54,28,28,28,27,27
55,55,29,29,29,27,27
57,57,30,30,30,28,28
59,59,31,31,31,29,29
61,61,32,32,32,30,30
63,63,33,33,33,31,31
65,65,34,34,34,32,32
66,66,35,35,35,32,32
68,68,36,36,36,33,33
70,70,37,37,37,34,34
72,72,38,38,38,35,35
74,74,39,39,39,36,36
76,76,40,40,40,37,37
78,78,41,41,41,38,38
80,80,42,42,42,39,39
82,82,43,43,43,40,40
84,84,44,44,44,41,41
86,86,45,45,45,42,42
88,88,46,46,46,43,43
90,90,47,47,47,44,44
92,92,48,48,48,45,45
94,94,49,49,49,46,46
96,96,50,50,50,47,47
98,98,51,51,51,48,48
100,100,52,52,52,49,49
102,102,53,53,53,50,50
104,104,54,54,54,51,51
105,105,55,55,55,51,51
107,107,56,56,56,52,52
109,109,57,57,57,53,53
111,111,58,58,58,54,54
113,113,59,59,59,55,55
115,115,60,60,60,56,56
117,117,61,61,61,57,57
119,119,62,62,62,58,58
121,121,63,63,63,59,59
123,123,64,64,64,60,60
125,125,65,65,65,61,61
127,127,66,66,66,62,62
129,129,67,67,67,63,63
131,131,68,68,68,64,64
133,133,69,69,69,65,65
135,135,70,70,70,66,66
137,137,71,71,71,67,67
138,138,72,72,72,67,67
140,140,73,73,73,68,68
142,142,74,74,74,69,69
144,144,75,75,75,70,70
146,146,76,76,76,71,71
148,148,77,77,77,72,72
149,149,78,78,78,72,72
151,151,79,79,79,73,73
153,153,80,80,80,74,74
155,155,81,81,81,75,75
157,157,82,82,82,76,76
159,159,83,83,83,77,77
161,161,84,84,84,78,78
162,162,85,85,85,78,78
164,164,86,86,86,79,79
166,166,87,87,87,80,80
167,167,88,88,88,80,80
169,169,89,89,89,81,81
171,171,90,90,90,82,82
173,173,91,91,91,83,83
175,175,92,92,92,84,84
176,176,93,93,93,84,84
178,178,94,94,94,85,85
179,179,95,95,95,85,85
181,181,96,96,96,86,86
183,183,97,97,97,87,87
185,185,98,98,98,88,88
187,187,99,99,99,89,89
188,188,100,100,100,89,89
190,190,101,101,101,90,90
192,192,102,102,102,91,91
194,194,103,103,103,92,92
196,196,104,104,104,93,93
198,198,105,105,105,94,94
198,198,106,105,106,94,94
200,200,107,107,107,95,95
202,202,108,108,108,96,96
203,203,109,109,109,96,96
205,205,110,110,110,97,97
207,207,111,111,111,98,98
209,209,112,112,112,99,99
211,211,113,113,113,100,100
212,212,114,114,114,100,100
214,214,115,115,115,101,101
214,214,116,115,116,101,101
216,216,117,117,117,102,102
218,218,118,118,118,103,103
220,220,119,119,119,104,104
221,221,120,120,120,104,104
223,223,121,121,121,105,105
225,225,122,122,122,106,106
227,227,123,123,123,107,107
229,229,124,124,124,108,108
229,229,125,124,125,108,108
230,230,126,126,126,108,108
232,232,127,127,127,109,109
234,234,128,128,128,110,110
236,236,129,129,129,111,111
238,238,130,130,130,112,112
239,239,131,131,131,112,112
241,241,132,132,132,113,113
242,242,133,133,133,113,113
242,242,134,133,134,113,113
243,243,135,135,135,113,113
244,244,136,136,136,113,113
246,246,137,137,137,114,114
248,248,138,138,138,115,115
250,250,139,139,139,116,116
252,252,140,140,140,117,117
254,254,141,141,141,118,118
254,254,142,141,142,118,118
256,256,143,143,143,119,119
258,258,144,144,144,120,120
260,260,145,145,145,121,121
262,262,146,146,146,122,122
264,264,147,147,147,123,123
266,266,148,148,148,124,124
268,268,149,149,149,125,125
269,269,150,150,150,125,125
271,271,151,151,151,126,126
273,273,152,152,152,127,127
273,273,153,152,153,127,127
275,275,154,154,154,128,128
277,277,155,155,155,129,129
279,279,156,156,156,130,130
280,280,157,157,157,130,130
282,282,158,158,158,131,131
284,284,159,159,159,132,132
284,284,160,159,160,132,132
286,286,161,161,161,133,133
288,288,162,162,162,134,134
288,288,163,162,163,134,134
290,290,164,164,164,135,135
292,292,165,165,165,136,136
292,292,166,165,166,136,136
294,294,167,167,167,137,137
296,296,168,168,168,138,138
297,297,169,169,169,138,138
299,299,170,170,170,139,139
301,301,171,171,171,140,140
303,303,172,172,172,141,141
305,305,173,173,173,142,142
307,307,174,174,174,143,143
308,308,175,175,175,143,143
310,310,176,176,176,144,144
310,310,177,176,177,144,144
312,312,178,178,178,145,145
313,313,179,179,179,145,145
314,314,180,180,180,145,145
316,316,181,181,181,146,146
317,317,182,182,182,146,146
319,319,183,183,183,147,147
321,321,184,184,184,148,148
323,323,185,185,185,149,149
325,325,186,186,186,150,150
327,327,187,187,187,151,151
326,327,188,187,188,151,151
328,328,189,189,189,152,152
330,330,190,190,190,153,153
332,332,191,191,191,154,154
333,333,192,192,192,154,154
334,334,193,193,193,154,154
336,336,194,194,194,155,155
337,337,195,195,195,155,155
339,339,196,196,196,156,156
341,341,197,197,197,157,157
340,341,198,197,198,157,157
342,342,199,199,199,158,158
344,344,200,200,200,159,159
346,346,201,201,201,160,160
348,348,202,202,202,161,161
350,350,203,203,203,162,162
352,352,204,204,204,163,163
352,352,205,204,205,163,163
354,354,206,206,206,164,164
356,356,207,207,207,165,165
358,358,208,208,208,166,166
359,359,209,209,209,166,166
361,361,210,210,210,167,167
363,363,211,211,211,168,168
363,363,212,211,212,168,168
365,365,213,213,213,169,169
367,367,214,214,214,170,170
368,368,215,215,215,170,170
370,370,216,216,216,171,171
372,372,217,217,217,172,172
373,373,218,218,218,172,172
375,375,219,219,219,173,173
376,376,220,220,220,173,173
376,376,221,220,221,173,173
377,377,222,222,222,173,173
378,378,223,223,223,173,173
380,380,224,224,224,174,174
381,381,225,225,225,174,174
382,382,226,226,226,174,174
383,383,227,227,227,174,174
385,385,228,228,228,175,175
386,386,229,229,229,175,175
387,387,230,230,230,175,175
389,389,231,231,231,176,176
391,391,232,232,232,177,177
393,393,233,233,233,178,178
395,395,234,234,234,179,179
396,396,235,235,235,179,179
398,398,236,236,236,180,180
398,398,237,236,237,180,180
399,399,238,238,238,180,180
401,401,239,239,239,181,181
403,403,240,240,240,182,182
404,404,241,241,241,182,182
406,406,242,242,242,183,183
408,408,243,243,243,184,184
410,410,244,244,244,185,185
412,412,245,245,245,186,186
412,412,246,245,246,186,186
414,414,247,247,247,187,187
416,416,248,248,248,188,188
417,417,249,249,249,188,188
418,418,250,250,250,188,188
420,420,251,251,251,189,189
418,420,252,251,252,189,189
419,420,253,251,253,189,189
420,420,254,251,254,189,189
421,421,255,255,255,189,189
422,422,256,256,256,189,189
422,422,257,256,257,189,189
424,424,258,258,258,190,190
426,426,259,259,259,191,191
428,428,260,260,260,192,192
429,429,261,261,261,192,192
429,429,262,261,262,192,192
430,430,263,263,263,192,192
430,430,264,263,264,192,192
432,432,265,265,265,193,193
433,433,266,266,266,193,193
435,435,267,267,267,194,194
437,437,268,268,268,195,195
438,438,269,269,269,195,195
439,439,270,270,270,195,195
441,441,271,271,271,196,196
442,442,272,272,272,196,196
443,443,273,273,273,196,196
443,443,274,273,274,196,196
445,445,275,275,275,197,197
447,447,276,276,276,198,198
447,447,277,276,277,198,198
448,448,278,278,278,198,198
449,449,279,279,279,198,198
449,449,280,279,280,198,198
450,450,281,281,281,198,198
451,451,282,282,282,198,198
452,452,283,283,283,198,198
454,454,284,284,284,199,199
453,454,285,284,285,199,199
455,455,286,286,286,200,200
457,457,287,287,287,201,201
458,458,288,288,288,201,201
458,458,289,288,289,201,201
460,460,290,290,290,201,201
462,462,291,291,291,202,202
464,464,292,292,292,203,203
465,465,293,293,293,203,203
467,467,294,294,294,204,204
469,469,295,295,295,205,205
471,471,296,296,296,206,206
472,472,297,297,297,206,206
473,473,298,298,298,206,206
475,475,299,299,299,207,207
477,477,300,300,300,208,208
478,478,301,301,301,208,208
478,478,302,301,302,208,208
479,479,303,303,303,208,208
480,480,304,304,304,208,208
478,480,305,304,305,208,208
480,480,306,304,306,209,209
481,481,307,307,307,209,209
483,483,308,308,308,210,210
485,485,309,309,309,211,211
486,486,310,310,310,211,211
487,487,311,311,311,211,211
488,488,312,312,312,211,211
490,490,313,313,313,212,212
492,492,314,314,314,213,213
494,494,315,315,315,214,214
496,496,316,316,316,215,215
498,498,317,317,317,216,216
499,499,318,318,318,216,216
499,499,319,318,319,216,216
501,501,320,320,320,217,217
503,503,321,321,321,218,218
504,504,322,322,322,218,218
505,505,323,323,323,218,218
506,506,324,324,324,218,218
508,508,325,325,325,219,219
509,509,326,326,326,219,219
511,511,327,327,327,220,220
510,511,328,327,328,220,220
511,511,329,327,329,220,220
512,512,330,330,330,220,220
513,513,331,331,331,220,220
512,513,332,331,332,220,220
513,513,333,331,333,220,220
514,514,334,334,334,220,220
516,516,335,335,335,221,221
516,516,336,335,336,221,221
518,518,337,337,337,222,222
520,520,338,338,338,223,223
522,522,339,339,339,224,224
524,524,340,340,340,225,225
525,525,341,341,341,225,225
524,525,342,341,342,225,225
526,526,343,343,343,226,226
527,527,344,344,344,226,226
528,528,345,345,345,226,226
530,530,346,346,346,227,227
532,532,347,347,347,228,228
534,534,348,348,348,229,229
536,536,349,349,349,230,230
537,537,350,350,350,230,230
537,537,351,350,351,230,230
539,539,352,352,352,231,231
541,541,353,353,353,232,232
542,542,354,354,354,232,232
541,542,355,354,355,232,232
542,542,356,354,356,232,232
544,544,357,357,357,233,233
546,546,358,358,358,234,234
547,547,359,359,359,234,234
548,548,360,360,360,234,234
550,550,361,361,361,235,235
552,552,362,362,362,236,236
554,554,363,363,363,237,237
556,556,364,364,364,238,238
558,558,365,365,365,239,239
559,559,366,366,366,239,239
560,560,367,367,367,239,239
561,561,368,368,368,239,239
562,562,369,369,369,239,239
564,564,370,370,370,240,240
566,566,371,371,371,241,241
567,567,372,372,372,241,241
569,569,373,373,373,242,242
570,570,374,374,374,242,242
571,571,375,375,375,242,242
573,573,376,376,376,243,243
575,575,377,377,377,244,244
576,576,378,378,378,244,244
577,577,379,379,379,244,244
577,577,380,379,380,244,244
579,579,381,381,381,245,245
581,581,382,382,382,246,246
582,582,383,383,383,246,246
584,584,384,384,384,247,247
586,586,385,385,385,248,248
587,587,386,386,386,248,248
588,588,387,387,387,248,248
586,588,388,387,388,248,248
588,588,389,387,389,249,249
589,589,390,390,390,249,249
590,590,391,391,391,249,249
592,592,392,392,392,250,250
593,593,393,393,393,250,250
592,593,394,393,394,250,250
593,593,395,393,395,250,250
593,593,396,393,396,250,250
594,594,397,397,397,250,250
595,595,398,398,398,250,250
596,596,399,399,399,250,250
597,597,400,400,400,250,250
599,599,401,401,401,251,251
600,600,402,402,402,251,251
600,600,403,402,403,251,251
601,601,404,404,404,251,251
603,603,405,405,405,252,252
604,604,406,406,406,252,252
605,605,407,407,407,252,252
607,607,408,408,408,253,253
609,609,409,409,409,254,254
610,610,410,410,410,254,254
612,612,411,411,411,255,255
613,613,412,412,412,255,255
612,613,413,412,413,255,255
614,614,414,414,414,256,256
615,615,415,415,415,256,256
617,617,416,416,416,257,257
619,619,417,417,417,258,258
620,620,418,418,418,258,258
621,621,419,419,419,258,258
623,623,420,420,420,259,259
625,625,421,421,421,260,260
627,627,422,422,422,261,261
627,627,423,422,423,261,261
628,628,424,424,424,261,261
629,629,425,425,425,261,261
630,630,426,426,426,261,261
631,631,427,427,427,261,261
633,633,428,428,428,262,262
635,635,429,429,429,263,263
637,637,430,430,430,264,264
639,639,431,431,431,265,265
638,639,432,431,432,265,265
638,639,433,431,433,265,265
639,639,434,431,434,265,265
640,640,435,435,435,265,265
640,640,436,435,436,265,265
641,641,437,437,437,265,265
642,642,438,438,438,265,265
644,644,439,439,439,266,266
643,644,440,439,440,266,266
645,645,441,441,441,267,267
645,645,442,441,442,267,267
645,645,443,441,443,267,267
647,647,444,444,444,268,268
648,648,445,445,445,268,268
648,648,446,445,446,268,268
650,650,447,447,447,269,269
651,651,448,448,448,269,269
651,651,449,448,449,269,269
653,653,450,450,450,270,270
654,654,451,451,451,270,270
656,656,452,452,452,271,271
657,657,453,453,453,271,271
659,659,454,454,454,272,272
660,660,455,455,455,272,272
661,661,456,456,456,272,272
663,663,457,457,457,273,273
664,664,458,458,458,273,273
666,666,459,459,459,274,274
667,667,460,460,460,274,274
669,669,461,461,461,275,275
668,669,462,461,462,275,275
669,669,463,461,463,275,275
668,669,464,461,464,275,275
669,669,465,461,465,275,275
670,670,466,466,466,275,275
671,671,467,467,467,275,275
672,672,468,468,468,275,275
673,673,469,469,469,275,275
674,674,470,470,470,275,275
675,675,471,471,471,275,275
676,676,472,472,472,275,275
676,676,473,472,473,275,275
678,678,474,474,474,276,276
679,679,475,475,475,276,276
681,681,476,476,476,277,277
682,682,477,477,477,277,277
684,684,478,478,478,278,278
686,686,479,479,479,279,279
686,686,480,479,480,279,279
687,687,481,481,481,279,279
689,689,482,482,482,280,280
690,690,483,483,483,280,280
692,692,484,484,484,281,281
693,693,485,485,485,281,281
694,694,486,486,486,281,281
695,695,487,487,487,281,281
696,696,488,488,488,281,281
697,697,489,489,489,281,281
698,698,490,490,490,281,281
700,700,491,491,491,282,282
701,701,492,492,492,282,282
702,702,493,493,493,282,282
704,704,494,494,494,283,283
706,706,495,495,495,284,284
708,708,496,496,496,285,285
709,709,497,497,497,285,285
711,711,498,498,498,286,286
712,712,499,499,499,286,286
714,714,500,500,500,287,287
715,715,501,501,501,287,287
715,715,502,501,502,287,287
717,717,503,503,503,288,288
718,718,504,504,504,288,288
720,720,505,505,505,289,289
722,722,506,506,506,290,290
723,723,507,507,507,290,290
724,724,508,508,508,290,290
726,726,509,509,509,291,291
726,726,510,509,510,291,291
728,728,511,511,511,292,292
729,729,512,512,512,292,292
731,731,513,513,513,293,293
732,732,514,514,514,293,293
733,733,515,515,515,293,293
734,734,516,516,516,293,293
735,735,517,517,517,293,293
736,736,518,518,518,293,293
736,736,519,518,519,293,293
737,737,520,520,520,293,293
738,738,521,521,521,293,293
740,740,522,522,522,294,294
741,741,523,523,523,294,294
742,742,524,524,524,294,294
743,743,525,525,525,294,294
745,745,526,526,526,295,295
747,747,527,527,527,296,296
749,749,528,528,528,297,297
750,750,529,529,529,297,297
751,751,530,530,530,297,297
752,752,531,531,531,297,297
753,753,532,532,532,297,297
755,755,533,533,533,298,298
756,756,534,534,534,298,298
757,757,535,535,535,298,298
757,757,536,535,536,298,298
757,757,537,535,537,298,298
759,759,538,538,538,299,299
760,760,539,539,539,299,299
761,761,540,540,540,299,299
762,762,541,541,541,299,299
763,763,542,542,542,299,299
764,764,543,543,543,299,299
766,766,544,544,544,300,300
767,767,545,545,545,300,300
769,769,546,546,546,301,301
770,770,547,547,547,301,301
771,771,548,548,548,301,301
773,773,549,549,549,302,302
774,774,550,550,550,302,302
775,775,551,551,551,302,302
775,775,552,551,552,302,302
776,776,553,553,553,302,302
774,776,554,553,554,302,302
774,776,555,553,555,302,302
775,776,556,553,556,302,302
776,776,557,553,557,302,302
778,778,558,558,558,303,303
778,778,559,558,559,303,303
777,778,560,558,560,303,303
778,778,561,558,561,303,303
780,780,562,562,562,304,304
781,781,563,563,563,304,304
779,781,564,563,564,304,304
780,781,565,563,565,304,304
781,781,566,563,566,304,304
783,783,567,567,567,305,305
784,784,568,568,568,305,305
785,785,569,569,569,305,305
785,785,570,569,570,305,305
786,786,571,571,571,305,305
787,787,572,572,572,305,305
788,788,573,573,573,305,305
789,789,574,574,574,305,305
788,789,575,574,575,305,305
788,789,576,574,576,305,305
789,789,577,574,577,305,305
789,789,578,574,578,305,305
790,790,579,579,579,305,305
790,790,580,579,580,305,305
791,791,581,581,581,305,305
791,791,582,581,582,305,305
792,792,583,583,583,305,305
791,792,584,583,584,305,305
792,792,585,583,585,305,305
793,793,586,586,586,305,305
793,793,587,586,587,305,305
791,793,588,586,588,305,305
793,793,589,586,589,306,306
793,793,590,586,590,306,306
793,793,591,586,591,306,306
794,794,592,592,592,306,306
795,795,593,593,593,306,306
796,796,594,594,594,306,306
798,798,595,595,595,307,307
799,799,596,596,596,307,307
800,800,597,597,597,307,307
801,801,598,598,598,307,307
803,803,599,599,599,308,308
804,804,600,600,600,308,308
804,804,601,600,601,308,308
804,804,602,600,602,308,308
805,805,603,603,603,308,308
805,805,604,603,604,308,308
806,806,605,605,605,308,308
807,807,606,606,606,308,308
807,807,607,606,607,308,308
808,808,608,608,608,308,308
807,808,609,608,609,308,308
808,808,610,608,610,308,308
809,809,611,611,611,308,308
809,809,612,611,612,308,308
809,809,613,611,613,308,308
810,810,614,614,614,308,308
809,810,615,614,615,308,308
809,810,616,614,616,308,308
808,810,617,614,617,308,308
808,810,618,614,618,308,308
810,810,619,614,619,309,309
809,810,620,614,620,309,309
810,810,621,614,621,309,309
811,811,622,622,622,309,309
811,811,623,622,623,309,309
812,812,624,624,624,309,309
811,812,625,624,625,309,309
812,812,626,624,626,309,309
814,814,627,627,627,310,310
816,816,628,628,628,311,311
817,817,629,629,629,311,311
817,817,630,629,630,311,311
818,818,631,631,631,311,311
819,819,632,632,632,311,311
819,819,633,632,633,311,311
821,821,634,634,634,312,312
823,823,635,635,635,313,313
823,823,636,635,636,313,313
824,824,637,637,637,313,313
825,825,638,638,638,313,313
827,827,639,639,639,314,314
826,827,640,639,640,314,314
828,828,641,641,641,315,315
828,828,642,641,642,315,315
830,830,643,643,643,316,316
830,830,644,643,644,316,316
828,830,645,643,645,316,316
829,830,646,643,646,316,316
830,830,647,643,647,316,316
831,831,648,648,648,316,316
832,832,649,649,649,316,316
833,833,650,650,650,316,316
834,834,651,651,651,316,316
835,835,652,652,652,316,316
836,836,653,653,653,316,316
837,837,654,654,654,316,316
838,838,655,655,655,316,316
840,840,656,656,656,317,317
841,841,657,657,657,317,317
842,842,658,658,658,317,317
844,844,659,659,659,318,318
843,844,660,659,660,318,318
844,844,661,659,661,318,318
845,845,662,662,662,318,318
847,847,663,663,663,319,319
848,848,664,664,664,319,319
850,850,665,665,665,320,320
851,851,666,666,666,320,320
852,852,667,667,667,320,320
851,852,668,667,668,320,320
852,852,669,667,669,320,320
853,853,670,670,670,320,320
853,853,671,670,671,320,320
853,853,672,670,672,320,320
852,853,673,670,673,320,320
852,853,674,670,674,320,320
853,853,675,670,675,320,320
854,854,676,676,676,320,320
852,854,677,676,677,320,320
852,854,678,676,678,320,320
853,854,679,676,679,320,320
855,855,680,680,680,321,321
856,856,681,681,681,321,321
857,857,682,682,682,321,321
856,857,683,682,683,321,321
857,857,684,682,684,321,321
859,859,685,685,685,322,322
859,859,686,685,686,322,322
859,859,687,685,687,322,322
859,859,688,685,688,322,322
861,861,689,689,689,323,323
862,862,690,690,690,323,323
863,863,691,691,691,323,323
864,864,692,692,692,323,323
866,866,693,693,693,324,324
867,867,694,694,694,324,324
868,868,695,695,695,324,324
870,870,696,696,696,325,325
871,871,697,697,697,325,325
872,872,698,698,698,325,325
873,873,699,699,699,325,325
875,875,700,700,700,326,326
876,876,701,701,701,326,326
876,876,702,701,702,326,326
877,877,703,703,703,326,326
877,877,704,703,704,326,326
879,879,705,705,705,327,327
880,880,706,706,706,327,327
880,880,707,706,707,327,327
882,882,708,708,708,328,328
884,884,709,709,709,329,329
884,884,710,709,710,329,329
885,885,711,711,711,329,329
885,885,712,711,712,329,329
886,886,713,713,713,329,329
885,886,714,713,714,329,329
886,886,715,713,715,329,329
886,886,716,713,716,329,329
887,887,717,717,717,329,329
888,888,718,718,718,329,329
889,889,719,719,719,329,329
888,889,720,719,720,329,329
889,889,721,719,721,329,329
890,890,722,722,722,329,329
891,891,723,723,723,329,329
891,891,724,723,724,329,329
892,892,725,725,725,329,329
893,893,726,726,726,329,329
894,894,727,727,727,329,329
895,895,728,728,728,329,329
897,897,729,729,729,330,330
899,899,730,730,730,331,331
900,900,731,731,731,331,331
901,901,732,732,732,331,331
901,901,733,732,733,331,331
902,902,734,734,734,331,331
903,903,735,735,735,331,331
904,904,736,736,736,331,331
905,905,737,737,737,331,331
906,906,738,738,738,331,331
905,906,739,738,739,331,331
906,906,740,738,740,331,331
907,907,741,741,741,331,331
908,908,742,742,742,331,331
907,908,743,742,743,331,331
908,908,744,742,744,331,331
910,910,745,745,745,332,332
911,911,746,746,746,332,332
911,911,747,746,747,332,332
911,911,748,746,748,332,332
913,913,749,749,749,333,333
913,913,750,749,750,333,333
914,914,751,751,751,333,333
916,916,752,752,752,334,334
916,916,753,752,753,334,334
916,916,754,752,754,334,334
916,916,755,752,755,334,334
917,917,756,756,756,334,334
919,919,757,757,757,335,335
919,919,758,757,758,335,335
920,920,759,759,759,335,335
921,921,760,760,760,335,335
922,922,761,761,761,335,335
921,922,762,761,762,335,335
920,922,763,761,763,335,335
921,922,764,761,764,335,335
920,922,765,761,765,335,335
922,922,766,761,766,336,336
922,922,767,761,767,336,336
921,922,768,761,768,336,336
920,922,769,761,769,336,336
922,922,770,761,770,337,337
921,922,771,761,771,337,337
921,922,772,761,772,337,337
923,923,773,773,773,338,338
924,924,774,774,774,338,338
925,925,775,775,775,338,338
925,925,776,775,776,338,338
926,926,777,777,777,338,338
927,927,778,778,778,338,338
926,927,779,778,779,338,338
927,927,780,778,780,338,338
926,927,781,778,781,338,338
928,928,782,782,782,339,339
927,928,783,782,783,339,339
926,928,784,782,784,339,339
925,928,785,782,785,339,339
925,928,786,782,786,339,339
926,928,787,782,787,339,339
926,928,788,782,788,339,339
927,928,789,782,789,339,339
928,928,790,782,790,339,339
925,928,791,782,791,339,338
923,928,792,782,792,339,338
925,928,793,782,793,339,339
927,928,794,782,794,340,340
927,928,795,782,795,340,340
928,928,796,782,796,340,340
929,929,797,797,797,340,340
927,929,798,797,798,340,340
928,929,799,797,799,340,340
929,929,800,797,800,340,340
930,930,801,801,801,340,340
932,932,802,802,802,341,341
933,933,803,803,803,341,341
931,933,804,803,804,341,341
930,933,805,803,805,341,341
931,933,806,803,806,341,341
932,933,807,803,807,341,341
934,934,808,808,808,342,342
934,934,809,808,809,342,342
936,936,810,810,810,343,343
937,937,811,811,811,343,343
938,938,812,812,812,343,343
939,939,813,813,813,343,343
940,940,814,814,814,343,343
939,940,815,814,815,343,343
939,940,816,814,816,343,343
940,940,817,814,817,343,343
942,942,818,818,818,344,344
943,943,819,819,819,344,344
943,943,820,819,820,344,344
945,945,821,821,821,345,345
946,946,822,822,822,345,345
947,947,823,823,823,345,345
948,948,824,824,824,345,345
950,950,825,825,825,346,346
950,950,826,825,826,346,346
951,951,827,827,827,346,346
952,952,828,828,828,346,346
954,954,829,829,829,347,347
955,955,830,830,830,347,347
956,956,831,831,831,347,347
957,957,832,832,832,347,347
958,958,833,833,833,347,347
957,958,834,833,834,347,347
958,958,835,833,835,347,347
959,959,836,836,836,347,347
959,959,837,836,837,347,347
960,960,838,838,838,347,347
961,961,839,839,839,347,347
961,961,840,839,840,347,347
961,961,841,839,841,347,347
960,961,842,839,842,347,347
961,961,843,839,843,347,347
962,962,844,844,844,347,347
963,963,845,845,845,347,347
964,964,846,846,846,347,347
964,964,847,846,847,347,347
966,966,848,848,848,348,348
966,966,849,848,849,348,348
967,967,850,850,850,348,348
968,968,851,851,851,348,348
967,968,852,851,852,348,348
967,968,853,851,853,348,348
969,969,854,854,854,349,349
970,970,855,855,855,349,349
970,970,856,855,856,349,349
970,970,857,855,857,349,349
971,971,858,858,858,349,349
972,972,859,859,859,349,349
972,972,860,859,860,349,349
974,974,861,861,861,350,350
975,975,862,862,862,350,350
976,976,863,863,863,350,350
977,977,864,864,864,350,350
978,978,865,865,865,350,350
978,978,866,865,866,350,350
979,979,867,867,867,350,350
980,980,868,868,868,350,350
981,981,869,869,869,350,350
982,982,870,870,870,350,350
983,983,871,871,871,350,350
984,984,872,872,872,350,350
983,984,873,872,873,350,350
983,984,874,872,874,350,350
984,984,875,872,875,350,350
985,985,876,876,876,350,350
984,985,877,876,877,350,350
986,986,878,878,878,351,351
988,988,879,879,879,352,352
989,989,880,880,880,352,352
988,989,881,880,881,352,352
989,989,882,880,882,352,352
991,991,883,883,883,353,353
990,991,884,883,884,353,353
992,992,885,885,885,354,354
993,993,886,886,886,354,354
994,994,887,887,887,354,354
991,994,888,887,888,354,352
992,994,889,887,889,354,352
993,994,890,887,890,354,352
994,994,891,887,891,354,352
995,995,892,892,892,354,352
997,997,893,893,893,354,353
996,997,894,893,894,354,353
997,997,895,893,895,354,353
996,997,896,893,896,354,353
996,997,897,893,897,354,353
997,997,898,893,898,354,353
998,998,899,899,899,354,353
999,999,900,900,900,354,353
1000,1000,901,901,901,354,353
1002,1002,902,902,902,354,354
998,1002,903,902,903,354,354
996,1002,904,902,904,354,354
993,1002,905,902,905,354,354
994,1002,906,902,906,354,354
993,1002,907,902,907,354,354
992,1002,908,902,908,354,354
993,1002,909,902,909,354,354
994,1002,910,902,910,354,354
994,1002,911,902,911,354,354
995,1002,912,902,912,354,354
995,1002,913,902,913,354,354
997,1002,914,902,914,355,355
999,1002,915,902,915,356,356
1001,1002,916,902,916,357,357
1001,1002,917,902,917,357,357
1002,1002,918,902,918,357,357
1003,1003,919,919,919,357,357
1004,1004,920,920,920,357,357
1005,1005,921,921,921,357,357
1006,1006,922,922,922,357,357
1005,1006,923,922,923,357,357
1004,1006,924,922,924,357,357
1005,1006,925,922,925,357,357
1005,1006,926,922,926,357,357
1006,1006,927,922,927,357,357
1007,1007,928,928,928,357,357
1008,1008,929,929,929,357,357
1009,1009,930,930,930,357,357
1010,1010,931,931,931,357,357
1009,1010,932,931,932,357,357
1009,1010,933,931,933,357,357
1009,1010,934,931,934,357,357
1008,1010,935,931,935,357,357
1009,1010,936,931,936,357,357
1010,1010,937,931,937,357,357
1010,1010,938,931,938,357,357
1011,1011,939,939,939,357,357
1012,1012,940,940,940,357,357
1013,1013,941,941,941,357,357
1013,1013,942,941,942,357,357
1012,1013,943,941,943,357,357
1012,1013,944,941,944,357,357
1013,1013,945,941,945,357,357
1013,1013,946,941,946,357,357
1013,1013,947,941,947,357,357
1012,1013,948,941,948,357,357
1013,1013,949,941,949,357,357
1015,1015,950,950,950,358,358
1015,1015,951,950,951,358,358
1017,1017,952,952,952,359,359
1015,1017,953,952,953,359,359
1015,1017,954,952,954,359,359
1014,1017,955,952,955,359,359
1014,1017,956,952,956,359,359
1013,1017,957,952,957,359,359
1014,1017,958,952,958,359,359
1012,1017,959,952,959,359,359
1012,1017,960,952,960,359,359
1013,1017,961,952,961,359,359
1013,1017,962,952,962,359,359
1012,1017,963,952,963,359,359
1013,1017,964,952,964,359,359
1012,1017,965,952,965,359,359
1013,1017,966,952,966,359,359
1013,1017,967,952,967,359,359
1014,1017,968,952,968,359,359
1016,1017,969,952,969,360,360
1016,1017,970,952,970,360,360
1018,1018,971,971,971,361,361
1019,1019,972,972,972,361,361
1020,1020,973,973,973,361,361
1020,1020,974,973,974,361,361
1021,1021,975,975,975,361,361
1022,1022,976,976,976,361,361
1023,1023,977,977,977,361,361
1024,1024,978,978,978,361,361
1025,1025,979,979,979,361,361
1024,1025,980,979,980,361,361
1025,1025,981,979,981,361,361
1025,1025,982,979,982,361,361
1025,1025,983,979,983,361,361
1026,1026,984,984,984,361,361
1024,1026,985,984,985,361,361
1025,1026,986,984,986,361,361
1025,1026,987,984,987,361,361
1024,1026,988,984,988,361,361
1025,1026,989,984,989,361,361
1026,1026,990,984,990,361,361
1026,1026,991,984,991,361,361
1025,1026,992,984,992,361,361
1026,1026,993,984,993,361,361
1027,1027,994,994,994,361,361
1028,1028,995,995,995,361,361
1029,1029,996,996,996,361,361
1029,1029,997,996,997,361,361
1029,1029,998,996,998,361,361
1029,1029,999,996,999,361,361
1028,1029,1000,996,1000,361,361
1028,1029,1001,996,1001,361,361
1029,1029,1002,996,1002,361,361
1029,1029,1003,996,1003,361,361
1030,1030,1004,1004,1004,361,361
1030,1030,1005,1004,1005,361,361
1029,1030,1006,1004,1006,361,360
1030,1030,1007,1004,1007,361,360
1030,1030,1008,1004,1008,361,360
1030,1030,1009,1004,1009,361,360
1031,1031,1010,1010,1010,361,360
1032,1032,1011,1011,1011,361,360
1033,1033,1012,1012,1012,361,360
1033,1033,1013,1012,1013,361,360
1034,1034,1014,1014,1014,361,360
1033,1034,1015,1014,1015,361,360
1033,1034,1016,1014,1016,361,360
1034,1034,1017,1014,1017,361,360
1035,1035,1018,1018,1018,361,360
1036,1036,1019,1019,1019,361,360
1037,1037,1020,1020,1020,361,360
1037,1037,1021,1020,1021,361,360
1038,1038,1022,1022,1022,361,360
1039,1039,1023,1023,1023,361,360
1039,1039,1024,1023,1024,361,360
1040,1040,1025,1025,1025,361,360
1041,1041,1026,1026,1026,361,360
1039,1041,1027,1026,1027,361,360
1038,1041,1028,1026,1028,361,360
1036,1041,1029,1026,1029,361,360
1038,1041,1030,1026,1030,361,361
1038,1041,1031,1026,1031,361,361
1039,1041,1032,1026,1032,361,361
1039,1041,1033,1026,1033,361,361
1038,1041,1034,1026,1034,361,361
1039,1041,1035,1026,1035,361,361
1040,1041,1036,1026,1036,361,361
1040,1041,1037,1026,1037,361,361
1041,1041,1038,1026,1038,361,361
1042,1042,1039,1039,1039,361,361
1042,1042,1040,1039,1040,361,361
1043,1043,1041,1041,1041,361,361
1044,1044,1042,1042,1042,361,361
1045,1045,1043,1043,1043,361,361
1047,1047,1044,1044,1044,362,362
1048,1048,1045,1045,1045,362,362
1048,1048,1046,1045,1046,362,362
1047,1048,1047,1045,1047,362,362
1048,1048,1048,1045,1048,362,362
1049,1049,1049,1049,1049,362,362
1049,1049,1050,1049,1050,362,362
1049,1049,1051,1049,1051,362,362
1046,1049,1052,1049,1052,362,361
1047,1049,1053,1049,1053,362,361
1047,1049,1054,1049,1054,362,361
1048,1049,1055,1049,1055,362,361
1049,1049,1056,1049,1056,362,361
1049,1049,1057,1049,1057,362,361
1050,1050,1058,1058,1058,362,361
1051,1051,1059,1059,1059,362,361
1052,1052,1060,1060,1060,362,361
1052,1052,1061,1060,1061,362,361
1051,1052,1062,1060,1062,362,361
1050,1052,1063,1060,1063,362,361
1051,1052,1064,1060,1064,362,361
1050,1052,1065,1060,1065,362,361
1049,1052,1066,1060,1066,362,361
1049,1052,1067,1060,1067,362,361
1051,1052,1068,1060,1068,362,362
1052,1052,1069,1060,1069,362,362
1052,1052,1070,1060,1070,362,362
1053,1053,1071,1071,1071,362,362
1054,1054,1072,1072,1072,362,362
1052,1054,1073,1072,1073,362,362
1053,1054,1074,1072,1074,362,362
1052,1054,1075,1072,1075,362,362
1051,1054,1076,1072,1076,362,362
1052,1054,1077,1072,1077,362,362
1051,1054,1078,1072,1078,362,362
1050,1054,1079,1072,1079,362,362
1051,1054,1080,1072,1080,362,362
1050,1054,1081,1072,1081,362,362
1051,1054,1082,1072,1082,362,362
1050,1054,1083,1072,1083,362,362
1051,1054,1084,1072,1084,362,362
1051,1054,1085,1072,1085,362,362
1050,1054,1086,1072,1086,362,362
1050,1054,1087,1072,1087,362,362
1049,1054,1088,1072,1088,362,362
1051,1054,1089,1072,1089,363,363
1051,1054,1090,1072,1090,363,363
1053,1054,1091,1072,1091,364,364
1053,1054,1092,1072,1092,364,364
1054,1054,1093,1072,1093,364,364
1055,1055,1094,1094,1094,364,364
1056,1056,1095,1095,1095,364,364
1057,1057,1096,1096,1096,364,364
1058,1058,1097,1097,1097,364,364
1059,1059,1098,1098,1098,364,364
1058,1059,1099,1098,1099,364,364
1058,1059,1100,1098,1100,364,364
1059,1059,1101,1098,1101,364,364
1060,1060,1102,1102,1102,364,364
1060,1060,1103,1102,1103,364,364
1061,1061,1104,1104,1104,364,364
1062,1062,1105,1105,1105,364,364
1062,1062,1106,1105,1106,364,364
1063,1063,1107,1107,1107,364,364
1064,1064,1108,1108,1108,364,364
1065,1065,1109,1109,1109,364,364
1066,1066,1110,1110,1110,364,364
1067,1067,1111,1111,1111,364,364
1068,1068,1112,1112,1112,364,364
1068,1068,1113,1112,1113,364,364
1066,1068,1114,1112,1114,364,364
1066,1068,1115,1112,1115,364,364
1066,1068,1116,1112,1116,364,364
1066,1068,1117,1112,1117,364,364
1067,1068,1118,1112,1118,364,364
1068,1068,1119,1112,1119,364,364
1069,1069,1120,1120,1120,364,364
1071,1071,1121,1121,1121,365,365
1072,1072,1122,1122,1122,365,365
1073,1073,1123,1123,1123,365,365
1074,1074,1124,1124,1124,365,365
1076,1076,1125,1125,1125,366,366
1077,1077,1126,1126,1126,366,366
1075,1077,1127,1126,1127,366,365
1076,1077,1128,1126,1128,366,365
1077,1077,1129,1126,1129,366,365
1078,1078,1130,1130,1130,366,365
1077,1078,1131,1130,1131,366,365
1077,1078,1132,1130,1132,366,365
1078,1078,1133,1130,1133,366,365
1079,1079,1134,1134,1134,366,365
1080,1080,1135,1135,1135,366,365
1079,1080,1136,1135,1136,366,364
1078,1080,1137,1135,1137,366,364
1079,1080,1138,1135,1138,366,364
1080,1080,1139,1135,1139,366,364
1081,1081,1140,1140,1140,366,364
1081,1081,1141,1140,1141,366,364
1081,1081,1142,1140,1142,366,364
1082,1082,1143,1143,1143,366,364
1082,1082,1144,1143,1144,366,364
1083,1083,1145,1145,1145,366,364
1083,1083,1146,1145,1146,366,364
1084,1084,1147,1147,1147,366,364
1082,1084,1148,1147,1148,366,364
1083,1084,1149,1147,1149,366,364
1083,1084,1150,1147,1150,366,364
1084,1084,1151,1147,1151,366,364
1083,1084,1152,1147,1152,366,364
1083,1084,1153,1147,1153,366,364
1084,1084,1154,1147,1154,366,364
1084,1084,1155,1147,1155,366,364
1084,1084,1156,1147,1156,366,364
1085,1085,1157,1157,1157,366,364
1086,1086,1158,1158,1158,366,364
1085,1086,1159,1158,1159,366,364
1087,1087,1160,1160,1160,366,365
1088,1088,1161,1161,1161,366,365
1088,1088,1162,1161,1162,366,365
1088,1088,1163,1161,1163,366,365
1088,1088,1164,1161,1164,366,365
1087,1088,1165,1161,1165,366,365
1088,1088,1166,1161,1166,366,365
1088,1088,1167,1161,1167,366,365
1088,1088,1168,1161,1168,366,365
1089,1089,1169,1169,1169,366,365
1088,1089,1170,1169,1170,366,365
1089,1089,1171,1169,1171,366,365
1091,1091,1172,1172,1172,366,366
1092,1092,1173,1173,1173,366,366
1093,1093,1174,1174,1174,366,366
1092,1093,1175,1174,1175,366,366
1093,1093,1176,1174,1176,366,366
1094,1094,1177,1177,1177,366,366
1095,1095,1178,1178,1178,366,366
1096,1096,1179,1179,1179,366,366
1095,1096,1180,1179,1180,366,366
1094,1096,1181,1179,1181,366,366
1094,1096,1182,1179,1182,366,366
1095,1096,1183,1179,1183,366,366
1096,1096,1184,1179,1184,366,366
1096,1096,1185,1179,1185,366,366
1097,1097,1186,1186,1186,366,366
1098,1098,1187,1187,1187,366,366
1099,1099,1188,1188,1188,366,366
1100,1100,1189,1189,1189,366,366
1099,1100,1190,1189,1190,366,366
1101,1101,1191,1191,1191,367,367
1103,1103,1192,1192,1192,368,368
1104,1104,1193,1193,1193,368,368
1105,1105,1194,1194,1194,368,368
1105,1105,1195,1194,1195,368,368
1107,1107,1196,1196,1196,369,369
1108,1108,1197,1197,1197,369,369
1108,1108,1198,1197,1198,369,369
1106,1108,1199,1197,1199,369,369
1107,1108,1200,1197,1200,369,369
1107,1108,1201,1197,1201,369,369
1108,1108,1202,1197,1202,369,369
1107,1108,1203,1197,1203,369,369
1108,1108,1204,1197,1204,369,369
1109,1109,1205,1205,1205,369,369
1108,1109,1206,1205,1206,369,369
1108,1109,1207,1205,1207,369,369
1109,1109,1208,1205,1208,369,369
1110,1110,1209,1209,1209,369,369
1111,1111,1210,1210,1210,369,369
1110,1111,1211,1210,1211,369,368
1108,1111,1212,1210,1212,369,368
1107,1111,1213,1210,1213,369,368
1105,1111,1214,1210,1214,369,367
1105,1111,1215,1210,1215,369,367
1104,1111,1216,1210,1216,369,367
1102,1111,1217,1210,1217,369,366
1102,1111,1218,1210,1218,369,366
1101,1111,1219,1210,1219,369,365
1103,1111,1220,1210,1220,369,366
1104,1111,1221,1210,1221,369,366
1103,1111,1222,1210,1222,369,366
1103,1111,1223,1210,1223,369,366
1103,1111,1224,1210,1224,369,366
1102,1111,1225,1210,1225,369,366
1104,1111,1226,1210,1226,369,367
1103,1111,1227,1210,1227,369,367
1105,1111,1228,1210,1228,369,368
1106,1111,1229,1210,1229,369,368
1106,1111,1230,1210,1230,369,368
1106,1111,1231,1210,1231,369,368
1106,1111,1232,1210,1232,369,368
1105,1111,1233,1210,1233,369,368
1104,1111,1234,1210,1234,369,368
1103,1111,1235,1210,1235,369,368
1103,1111,1236,1210,1236,369,368
1104,1111,1237,1210,1237,369,368
1104,1111,1238,1210,1238,369,368
1104,1111,1239,1210,1239,369,368
1105,1111,1240,1210,1240,369,368
1105,1111,1241,1210,1241,369,368
1103,1111,1242,1210,1242,369,367
1105,1111,1243,1210,1243,369,368
1105,1111,1244,1210,1244,369,368
1104,1111,1245,1210,1245,369,368
1103,1111,1246,1210,1246,369,368
1105,1111,1247,1210,1247,369,369
1104,1111,1248,1210,1248,369,369
1105,1111,1249,1210,1249,369,369
1106,1111,1250,1210,1250,369,369
1107,1111,1251,1210,1251,369,369
1105,1111,1252,1210,1252,369,369
1106,1111,1253,1210,1253,369,369
1105,1111,1254,1210,1254,369,369
1106,1111,1255,1210,1255,369,369
1107,1111,1256,1210,1256,369,369
1106,1111,1257,1210,1257,369,369
1107,1111,1258,1210,1258,369,369
1106,1111,1259,1210,1259,369,369
1106,1111,1260,1210,1260,369,369
1105,1111,1261,1210,1261,369,369
1104,1111,1262,1210,1262,369,369
1105,1111,1263,1210,1263,369,369
1106,1111,1264,1210,1264,369,369
1107,1111,1265,1210,1265,369,369
1107,1111,1266,1210,1266,369,369
1108,1111,1267,1210,1267,369,369
1108,1111,1268,1210,1268,369,369
1107,1111,1269,1210,1269,369,369
1107,1111,1270,1210,1270,369,369
1108,1111,1271,1210,1271,369,369
1109,1111,1272,1210,1272,369,369
1110,1111,1273,1210,1273,369,369
1109,1111,1274,1210,1274,369,369
1109,1111,1275,1210,1275,369,369
1110,1111,1276,1210,1276,369,369
1109,1111,1277,1210,1277,369,369
1110,1111,1278,1210,1278,369,369
1111,1111,1279,1210,1279,369,369
1112,1112,1280,1280,1280,369,369
1112,1112,1281,1280,1281,369,369
1112,1112,1282,1280,1282,369,369
1114,1114,1283,1283,1283,370,370
1114,1114,1284,1283,1284,370,370
1115,1115,1285,1285,1285,370,370
1116,1116,1286,1286,1286,370,370
1117,1117,1287,1287,1287,370,370
1118,1118,1288,1288,1288,370,370
1119,1119,1289,1289,1289,370,370
1119,1119,1290,1289,1290,370,370
1117,1119,1291,1289,1291,370,370
1118,1119,1292,1289,1292,370,370
1118,1119,1293,1289,1293,370,370
1119,1119,1294,1289,1294,370,370
1119,1119,1295,1289,1295,370,370
1119,1119,1296,1289,1296,370,370
1119,1119,1297,1289,1297,370,370
1118,1119,1298,1289,1298,370,370
1119,1119,1299,1289,1299,370,370
1118,1119,1300,1289,1300,370,370
1119,1119,1301,1289,1301,370,370
1120,1120,1302,1302,1302,370,370
1120,1120,1303,1302,1303,370,370
1121,1121,1304,1304,1304,370,370
1120,1121,1305,1304,1305,370,369
1122,1122,1306,1306,1306,370,370
1122,1122,1307,1306,1307,370,370
1123,1123,1308,1308,1308,370,370
1121,1123,1309,1308,1309,370,369
1120,1123,1310,1308,1310,370,369
1121,1123,1311,1308,1311,370,369
1122,1123,1312,1308,1312,370,369
1121,1123,1313,1308,1313,370,368
1121,1123,1314,1308,1314,370,368
1122,1123,1315,1308,1315,370,368
1122,1123,1316,1308,1316,370,368
1122,1123,1317,1308,1317,370,368
1124,1124,1318,1318,1318,370,369
1124,1124,1319,1318,1319,370,369
1122,1124,1320,1318,1320,370,369
1123,1124,1321,1318,1321,370,369
1123,1124,1322,1318,1322,370,369
1122,1124,1323,1318,1323,370,369
1124,1124,1324,1318,1324,370,370
1124,1124,1325,1318,1325,370,370
1125,1125,1326,1326,1326,370,370
1124,1125,1327,1326,1327,370,370
1124,1125,1328,1326,1328,370,370
1124,1125,1329,1326,1329,370,370
1124,1125,1330,1326,1330,370,370
1124,1125,1331,1326,1331,370,370
1125,1125,1332,1326,1332,370,370
1126,1126,1333,1333,1333,370,370
1125,1126,1334,1333,1334,370,370
1126,1126,1335,1333,1335,370,370
1126,1126,1336,1333,1336,370,370
1127,1127,1337,1337,1337,370,370
1128,1128,1338,1338,1338,370,370
1130,1130,1339,1339,1339,371,371
1130,1130,1340,1339,1340,371,371
1129,1130,1341,1339,1341,371,371
1130,1130,1342,1339,1342,371,371
1130,1130,1343,1339,1343,371,371
1130,1130,1344,1339,1344,371,371
1131,1131,1345,1345,1345,371,371
1130,1131,1346,1345,1346,371,371
1131,1131,1347,1345,1347,371,371
1130,1131,1348,1345,1348,371,371
1130,1131,1349,1345,1349,371,371
1129,1131,1350,1345,1350,371,371
1130,1131,1351,1345,1351,371,371
1129,1131,1352,1345,1352,371,371
1130,1131,1353,1345,1353,371,371
1129,1131,1354,1345,1354,371,370
1128,1131,1355,1345,1355,371,370
1129,1131,1356,1345,1356,371,370
1130,1131,1357,1345,1357,371,370
1130,1131,1358,1345,1358,371,370
1130,1131,1359,1345,1359,371,370
1130,1131,1360,1345,1360,371,370
1128,1131,1361,1345,1361,371,369
1127,1131,1362,1345,1362,371,368
1126,1131,1363,1345,1363,371,368
1127,1131,1364,1345,1364,371,368
1128,1131,1365,1345,1365,371,368
1127,1131,1366,1345,1366,371,368
1129,1131,1367,1345,1367,371,369
1128,1131,1368,1345,1368,371,368
1130,1131,1369,1345,1369,371,369
1130,1131,1370,1345,1370,371,369
1131,1131,1371,1345,1371,371,369
1133,1133,1372,1372,1372,371,370
1133,1133,1373,1372,1373,371,370
1134,1134,1374,1374,1374,371,370
1134,1134,1375,1374,1375,371,370
1134,1134,1376,1374,1376,371,370
1134,1134,1377,1374,1377,371,370
1133,1134,1378,1374,1378,371,370
1130,1134,1379,1374,1379,371,370
1131,1134,1380,1374,1380,371,370
1131,1134,1381,1374,1381,371,370
1131,1134,1382,1374,1382,371,370
1132,1134,1383,1374,1383,371,370
1130,1134,1384,1374,1384,371,370
1131,1134,1385,1374,1385,371,370
1130,1134,1386,1374,1386,371,370
1131,1134,1387,1374,1387,371,370
1129,1134,1388,1374,1388,371,369
1128,1134,1389,1374,1389,371,369
1126,1134,1390,1374,1390,371,369
1126,1134,1391,1374,1391,371,369
1127,1134,1392,1374,1392,371,369
1126,1134,1393,1374,1393,371,368
1127,1134,1394,1374,1394,371,368
1126,1134,1395,1374,1395,371,368
1127,1134,1396,1374,1396,371,368
1128,1134,1397,1374,1397,371,368
1128,1134,1398,1374,1398,371,368
1127,1134,1399,1374,1399,371,368
1125,1134,1400,1374,1400,371,368
1124,1134,1401,1374,1401,371,368
1123,1134,1402,1374,1402,371,368
1122,1134,1403,1374,1403,371,368
1121,1134,1404,1374,1404,371,367
1121,1134,1405,1374,1405,371,367
1120,1134,1406,1374,1406,371,367
1119,1134,1407,1374,1407,371,366
1118,1134,1408,1374,1408,371,366
1119,1134,1409,1374,1409,371,366
1119,1134,1410,1374,1410,371,366
1119,1134,1411,1374,1411,371,366
1117,1134,1412,1374,1412,371,366
1117,1134,1413,1374,1413,371,366
1117,1134,1414,1374,1414,371,366
1119,1134,1415,1374,1415,371,367
1118,1134,1416,1374,1416,371,367
1118,1134,1417,1374,1417,371,367
1117,1134,1418,1374,1418,371,367
1116,1134,1419,1374,1419,371,367
1115,1134,1420,1374,1420,371,367
1116,1134,1421,1374,1421,371,367
1117,1134,1422,1374,1422,371,367
1117,1134,1423,1374,1423,371,367
1116,1134,1424,1374,1424,371,366
1116,1134,1425,1374,1425,371,366
1117,1134,1426,1374,1426,371,366
1117,1134,1427,1374,1427,371,366
1118,1134,1428,1374,1428,371,366
1118,1134,1429,1374,1429,371,366
1117,1134,1430,1374,1430,371,366
1117,1134,1431,1374,1431,371,366
1118,1134,1432,1374,1432,371,366
1119,1134,1433,1374,1433,371,366
1119,1134,1434,1374,1434,371,366
1119,1134,1435,1374,1435,371,366
1120,1134,1436,1374,1436,371,366
1120,1134,1437,1374,1437,371,366
1120,1134,1438,1374,1438,371,366
1121,1134,1439,1374,1439,371,366
1120,1134,1440,1374,1440,371,366
1121,1134,1441,1374,1441,371,366
1121,1134,1442,1374,1442,371,366
1121,1134,1443,1374,1443,371,366
1122,1134,1444,1374,1444,371,366
1122,1134,1445,1374,1445,371,366
1121,1134,1446,1374,1446,371,366
1120,1134,1447,1374,1447,371,365
1120,1134,1448,1374,1448,371,365
1121,1134,1449,1374,1449,371,365
1122,1134,1450,1374,1450,371,365
1122,1134,1451,1374,1451,371,365
1121,1134,1452,1374,1452,371,365
1120,1134,1453,1374,1453,371,365
1120,1134,1454,1374,1454,371,365
1119,1134,1455,1374,1455,371,364
1119,1134,1456,1374,1456,371,364
1120,1134,1457,1374,1457,371,364
1119,1134,1458,1374,1458,371,364
1119,1134,1459,1374,1459,371,364
1119,1134,1460,1374,1460,371,364
1119,1134,1461,1374,1461,371,364
1119,1134,1462,1374,1462,371,364
1120,1134,1463,1374,1463,371,364
1121,1134,1464,1374,1464,371,364
1120,1134,1465,1374,1465,371,364
1120,1134,1466,1374,1466,371,364
1121,1134,1467,1374,1467,371,364
1121,1134,1468,1374,1468,371,364
1123,1134,1469,1374,1469,371,365
1124,1134,1470,1374,1470,371,365
1125,1134,1471,1374,1471,371,365
1126,1134,1472,1374,1472,371,365
1127,1134,1473,1374,1473,371,365
1128,1134,1474,1374,1474,371,365
1128,1134,1475,1374,1475,371,365
1127,1134,1476,1374,1476,371,365
1128,1134,1477,1374,1477,371,365
1127,1134,1478,1374,1478,371,365
1127,1134,1479,1374,1479,371,365
1127,1134,1480,1374,1480,371,365
1128,1134,1481,1374,1481,371,365
1128,1134,1482,1374,1482,371,365
1129,1134,1483,1374,1483,371,365
1130,1134,1484,1374,1484,371,365
1129,1134,1485,1374,1485,371,365
1130,1134,1486,1374,1486,371,365
1131,1134,1487,1374,1487,371,365
1133,1134,1488,1374,1488,371,366
1132,1134,1489,1374,1489,371,366
1132,1134,1490,1374,1490,371,366
1133,1134,1491,1374,1491,371,366
1133,1134,1492,1374,1492,371,366
1133,1134,1493,1374,1493,371,366
1132,1134,1494,1374,1494,371,366
1133,1134,1495,1374,1495,371,366
1135,1135,1496,1496,1496,371,367
1135,1135,1497,1496,1497,371,367
1136,1136,1498,1498,1498,371,367
1136,1136,1499,1498,1499,371,367
1135,1136,1500,1498,1500,371,367
1135,1136,1501,1498,1501,371,367
1135,1136,1502,1498,1502,371,367
1136,1136,1503,1498,1503,371,367
1135,1136,1504,1498,1504,371,367
1136,1136,1505,1498,1505,371,367
1136,1136,1506,1498,1506,371,367
1134,1136,1507,1498,1507,371,367
1135,1136,1508,1498,1508,371,367
1134,1136,1509,1498,1509,371,367
1135,1136,1510,1498,1510,371,367
1135,1136,1511,1498,1511,371,367
1135,1136,1512,1498,1512,371,367
1135,1136,1513,1498,1513,371,367
1135,1136,1514,1498,1514,371,367
1134,1136,1515,1498,1515,371,367
1135,1136,1516,1498,1516,371,367
1135,1136,1517,1498,1517,371,367
1135,1136,1518,1498,1518,371,367
1136,1136,1519,1498,1519,371,367
1135,1136,1520,1498,1520,371,367
1135,1136,1521,1498,1521,371,367
1134,1136,1522,1498,1522,371,367
1134,1136,1523,1498,1523,371,367
1133,1136,1524,1498,1524,371,367
1132,1136,1525,1498,1525,371,366
1132,1136,1526,1498,1526,371,366
1131,1136,1527,1498,1527,371,366
1132,1136,1528,1498,1528,371,366
1133,1136,1529,1498,1529,371,366
1132,1136,1530,1498,1530,371,366
1133,1136,1531,1498,1531,371,366
1134,1136,1532,1498,1532,371,366
1134,1136,1533,1498,1533,371,366
1134,1136,1534,1498,1534,371,366
1135,1136,1535,1498,1535,371,366
1136,1136,1536,1498,1536,371,366
1137,1137,1537,1537,1537,371,366
1137,1137,1538,1537,1538,371,366
1136,1137,1539,1537,1539,371,366
1136,1137,1540,1537,1540,371,366
1136,1137,1541,1537,1541,371,366
1137,1137,1542,1537,1542,371,366
1138,1138,1543,1543,1543,371,366
1139,1139,1544,1544,1544,371,366
1140,1140,1545,1545,1545,371,366
1141,1141,1546,1546,1546,371,366
1140,1141,1547,1546,1547,371,366
1140,1141,1548,1546,1548,371,366
1139,1141,1549,1546,1549,371,366
1139,1141,1550,1546,1550,371,366
1140,1141,1551,1546,1551,371,366
1139,1141,1552,1546,1552,371,366
1139,1141,1553,1546,1553,371,366
1138,1141,1554,1546,1554,371,366
1137,1141,1555,1546,1555,371,365
1138,1141,1556,1546,1556,371,365
1137,1141,1557,1546,1557,371,364
1137,1141,1558,1546,1558,371,364
1138,1141,1559,1546,1559,371,364
1139,1141,1560,1546,1560,371,364
1138,1141,1561,1546,1561,371,363
1139,1141,1562,1546,1562,371,363
1140,1141,1563,1546,1563,371,363
1141,1141,1564,1546,1564,371,363
1139,1141,1565,1546,1565,371,363
1140,1141,1566,1546,1566,371,363
1139,1141,1567,1546,1567,371,363
1138,1141,1568,1546,1568,371,363
1139,1141,1569,1546,1569,371,363
1140,1141,1570,1546,1570,371,363
1139,1141,1571,1546,1571,371,363
1137,1141,1572,1546,1572,371,363
1137,1141,1573,1546,1573,371,363
1136,1141,1574,1546,1574,371,363
1136,1141,1575,1546,1575,371,363
1135,1141,1576,1546,1576,371,363
1135,1141,1577,1546,1577,371,363
1136,1141,1578,1546,1578,371,363
1137,1141,1579,1546,1579,371,363
1136,1141,1580,1546,1580,371,363
1137,1141,1581,1546,1581,371,363
1138,1141,1582,1546,1582,371,363
1139,1141,1583,1546,1583,371,363
1137,1141,1584,1546,1584,371,363
1136,1141,1585,1546,1585,371,363
1136,1141,1586,1546,1586,371,363
1136,1141,1587,1546,1587,371,363
1135,1141,1588,1546,1588,371,363
1134,1141,1589,1546,1589,371,362
1134,1141,1590,1546,1590,371,362
1135,1141,1591,1546,1591,371,362
1135,1141,1592,1546,1592,371,362
1136,1141,1593,1546,1593,371,362
1137,1141,1594,1546,1594,371,362
1137,1141,1595,1546,1595,371,362
1138,1141,1596,1546,1596,371,362
1137,1141,1597,1546,1597,371,362
1138,1141,1598,1546,1598,371,362
1137,1141,1599,1546,1599,371,362
1137,1141,1600,1546,1600,371,362
1137,1141,1601,1546,1601,371,362
1135,1141,1602,1546,1602,371,362
1136,1141,1603,1546,1603,371,362
1136,1141,1604,1546,1604,371,362
1137,1141,1605,1546,1605,371,362
1137,1141,1606,1546,1606,371,362
1138,1141,1607,1546,1607,371,362
1138,1141,1608,1546,1608,371,362
1139,1141,1609,1546,1609,371,362
1139,1141,1610,1546,1610,371,362
1138,1141,1611,1546,1611,371,362
1139,1141,1612,1546,1612,371,362
1140,1141,1613,1546,1613,371,362
1140,1141,1614,1546,1614,371,362
1140,1141,1615,1546,1615,371,362
1141,1141,1616,1546,1616,371,362
1141,1141,1617,1546,1617,371,362
1142,1142,1618,1618,1618,371,362
1142,1142,1619,1618,1619,371,362
1141,1142,1620,1618,1620,371,362
1141,1142,1621,1618,1621,371,362
1141,1142,1622,1618,1622,371,362
1142,1142,1623,1618,1623,371,362
1142,1142,1624,1618,1624,371,362
1141,1142,1625,1618,1625,371,362
1142,1142,1626,1618,1626,371,362
1140,1142,1627,1618,1627,371,362
1139,1142,1628,1618,1628,371,362
1139,1142,1629,1618,1629,371,362
1139,1142,1630,1618,1630,371,362
1139,1142,1631,1618,1631,371,362
1140,1142,1632,1618,1632,371,362
1140,1142,1633,1618,1633,371,362
1140,1142,1634,1618,1634,371,362
1140,1142,1635,1618,1635,371,362
1141,1142,1636,1618,1636,371,362
1138,1142,1637,1618,1637,371,362
1139,1142,1638,1618,1638,371,362
1140,1142,1639,1618,1639,371,362
1140,1142,1640,1618,1640,371,362
1141,1142,1641,1618,1641,371,362
1142,1142,1642,1618,1642,371,362
1144,1144,1643,1643,1643,371,363
1142,1144,1644,1643,1644,371,363
1141,1144,1645,1643,1645,371,363
1142,1144,1646,1643,1646,371,363
1143,1144,1647,1643,1647,371,363
1144,1144,1648,1643,1648,371,363
1145,1145,1649,1649,1649,371,363
1144,1145,1650,1649,1650,371,363
1141,1145,1651,1649,1651,371,363
1142,1145,1652,1649,1652,371,363
1141,1145,1653,1649,1653,371,363
1140,1145,1654,1649,1654,371,363
1141,1145,1655,1649,1655,371,363
1141,1145,1656,1649,1656,371,363
1140,1145,1657,1649,1657,371,362
1139,1145,1658,1649,1658,371,362
1138,1145,1659,1649,1659,371,361
1138,1145,1660,1649,1660,371,361
1139,1145,1661,1649,1661,371,361
1138,1145,1662,1649,1662,371,361
1137,1145,1663,1649,1663,371,361
1136,1145,1664,1649,1664,371,360
1135,1145,1665,1649,1665,371,360
1134,1145,1666,1649,1666,371,359
1133,1145,1667,1649,1667,371,359
1133,1145,1668,1649,1668,371,359
1132,1145,1669,1649,1669,371,359
1132,1145,1670,1649,1670,371,359
1130,1145,1671,1649,1671,371,359
1131,1145,1672,1649,1672,371,359
1132,1145,1673,1649,1673,371,359
1130,1145,1674,1649,1674,371,359
1129,1145,1675,1649,1675,371,359
1130,1145,1676,1649,1676,371,359
1129,1145,1677,1649,1677,371,359
1129,1145,1678,1649,1678,371,359
1130,1145,1679,1649,1679,371,359
1130,1145,1680,1649,1680,371,359
1129,1145,1681,1649,1681,371,359
1129,1145,1682,1649,1682,371,359
1130,1145,1683,1649,1683,371,359
1130,1145,1684,1649,1684,371,359
1131,1145,1685,1649,1685,371,359
1132,1145,1686,1649,1686,371,359
1131,1145,1687,1649,1687,371,359
1130,1145,1688,1649,1688,371,359
1130,1145,1689,1649,1689,371,359
1130,1145,1690,1649,1690,371,359
1129,1145,1691,1649,1691,371,359
1128,1145,1692,1649,1692,371,359
1128,1145,1693,1649,1693,371,359
1129,1145,1694,1649,1694,371,359
1129,1145,1695,1649,1695,371,359
1129,1145,1696,1649,1696,371,359
1130,1145,1697,1649,1697,371,359
1132,1145,1698,1649,1698,371,360
1130,1145,1699,1649,1699,371,360
1131,1145,1700,1649,1700,371,360
1132,1145,1701,1649,1701,371,360
1132,1145,1702,1649,1702,371,360
1130,1145,1703,1649,1703,371,360
1130,1145,1704,1649,1704,371,360
1129,1145,1705,1649,1705,371,360
1130,1145,1706,1649,1706,371,360
1130,1145,1707,1649,1707,371,360
1127,1145,1708,1649,1708,371,360
1128,1145,1709,1649,1709,371,360
1127,1145,1710,1649,1710,371,360
1127,1145,1711,1649,1711,371,360
1128,1145,1712,1649,1712,371,360
1129,1145,1713,1649,1713,371,360
1129,1145,1714,1649,1714,371,360
1130,1145,1715,1649,1715,371,360
1131,1145,1716,1649,1716,371,360
1131,1145,1717,1649,1717,371,360
1130,1145,1718,1649,1718,371,360
1132,1145,1719,1649,1719,371,361
1133,1145,1720,1649,1720,371,361
1132,1145,1721,1649,1721,371,361
1132,1145,1722,1649,1722,371,361
1132,1145,1723,1649,1723,371,361
1132,1145,1724,1649,1724,371,361
1133,1145,1725,1649,1725,371,361
1133,1145,1726,1649,1726,371,361
1133,1145,1727,1649,1727,371,361
1132,1145,1728,1649,1728,371,361
1133,1145,1729,1649,1729,371,361
1133,1145,1730,1649,1730,371,361
1133,1145,1731,1649,1731,371,361
1134,1145,1732,1649,1732,371,361
1134,1145,1733,1649,1733,371,361
1135,1145,1734,1649,1734,371,361
1136,1145,1735,1649,1735,371,361
1136,1145,1736,1649,1736,371,361
1135,1145,1737,1649,1737,371,361
1134,1145,1738,1649,1738,371,361
1135,1145,1739,1649,1739,371,361
1135,1145,1740,1649,1740,371,361
1136,1145,1741,1649,1741,371,361
1135,1145,1742,1649,1742,371,361
1134,1145,1743,1649,1743,371,361
1135,1145,1744,1649,1744,371,361
1134,1145,1745,1649,1745,371,361
1134,1145,1746,1649,1746,371,361
1133,1145,1747,1649,1747,371,361
1133,1145,1748,1649,1748,371,361
1134,1145,1749,1649,1749,371,361
1134,1145,1750,1649,1750,371,361
1135,1145,1751,1649,1751,371,361
1134,1145,1752,1649,1752,371,361
1135,1145,1753,1649,1753,371,361
1136,1145,1754,1649,1754,371,361
1135,1145,1755,1649,1755,371,361
1135,1145,1756,1649,1756,371,361
1133,1145,1757,1649,1757,371,359
1132,1145,1758,1649,1758,371,359
1132,1145,1759,1649,1759,371,359
1132,1145,1760,1649,1760,371,359
1132,1145,1761,1649,1761,371,359
1133,1145,1762,1649,1762,371,359
1133,1145,1763,1649,1763,371,359
1134,1145,1764,1649,1764,371,359
1134,1145,1765,1649,1765,371,359
1135,1145,1766,1649,1766,371,359
1136,1145,1767,1649,1767,371,359
1134,1145,1768,1649,1768,371,359
1134,1145,1769,1649,1769,371,359
1134,1145,1770,1649,1770,371,359
1135,1145,1771,1649,1771,371,359
1136,1145,1772,1649,1772,371,359
1136,1145,1773,1649,1773,371,359
1136,1145,1774,1649,1774,371,359
1137,1145,1775,1649,1775,371,359
1137,1145,1776,1649,1776,371,359
1136,1145,1777,1649,1777,371,359
1136,1145,1778,1649,1778,371,359
1136,1145,1779,1649,1779,371,359
1135,1145,1780,1649,1780,371,359
1135,1145,1781,1649,1781,371,359
1136,1145,1782,1649,1782,371,359
1136,1145,1783,1649,1783,371,359
1137,1145,1784,1649,1784,371,359
1136,1145,1785,1649,1785,371,358
1137,1145,1786,1649,1786,371,358
1137,1145,1787,1649,1787,371,358
1136,1145,1788,1649,1788,371,358
1137,1145,1789,1649,1789,371,358
1137,1145,1790,1649,1790,371,358
1136,1145,1791,1649,1791,371,358
1136,1145,1792,1649,1792,371,358
1136,1145,1793,1649,1793,371,358
1136,1145,1794,1649,1794,371,358
1135,1145,1795,1649,1795,371,358
1135,1145,1796,1649,1796,371,358
1136,1145,1797,1649,1797,371,358
1137,1145,1798,1649,1798,371,358
1137,1145,1799,1649,1799,371,358
1137,1145,1800,1649,1800,371,358
1139,1145,1801,1649,1801,371,359
1139,1145,1802,1649,1802,371,359
1139,1145,1803,1649,1803,371,359
1139,1145,1804,1649,1804,371,359
1138,1145,1805,1649,1805,371,359
1138,1145,1806,1649,1806,371,359
1138,1145,1807,1649,1807,371,359
1139,1145,1808,1649,1808,371,359
1140,1145,1809,1649,1809,371,359
1141,1145,1810,1649,1810,371,359
1140,1145,1811,1649,1811,371,359
1139,1145,1812,1649,1812,371,359
1136,1145,1813,1649,1813,371,359
1137,1145,1814,1649,1814,371,359
1136,1145,1815,1649,1815,371,359
1136,1145,1816,1649,1816,371,359
1137,1145,1817,1649,1817,371,359
1137,1145,1818,1649,1818,371,359
1136,1145,1819,1649,1819,371,358
1136,1145,1820,1649,1820,371,358
1136,1145,1821,1649,1821,371,358
1135,1145,1822,1649,1822,371,358
1136,1145,1823,1649,1823,371,358
1136,1145,1824,1649,1824,371,358
1135,1145,1825,1649,1825,371,358
1135,1145,1826,1649,1826,371,358
1135,1145,1827,1649,1827,371,358
1134,1145,1828,1649,1828,371,358
1135,1145,1829,1649,1829,371,358
1134,1145,1830,1649,1830,371,358
1135,1145,1831,1649,1831,371,358
1133,1145,1832,1649,1832,371,358
1132,1145,1833,1649,1833,371,358
1133,1145,1834,1649,1834,371,358
1134,1145,1835,1649,1835,371,358
1134,1145,1836,1649,1836,371,358
1135,1145,1837,1649,1837,371,358
1133,1145,1838,1649,1838,371,358
1133,1145,1839,1649,1839,371,358
1133,1145,1840,1649,1840,371,358
1133,1145,1841,1649,1841,371,358
1132,1145,1842,1649,1842,371,358
1131,1145,1843,1649,1843,371,358
1131,1145,1844,1649,1844,371,358
1132,1145,1845,1649,1845,371,358
1132,1145,1846,1649,1846,371,358
1132,1145,1847,1649,1847,371,358
1130,1145,1848,1649,1848,371,358
1129,1145,1849,1649,1849,371,358
1129,1145,1850,1649,1850,371,358
1129,1145,1851,1649,1851,371,358
1127,1145,1852,1649,1852,371,358
1127,1145,1853,1649,1853,371,358
1127,1145,1854,1649,1854,371,358
1128,1145,1855,1649,1855,371,358
1129,1145,1856,1649,1856,371,358
1130,1145,1857,1649,1857,371,358
1130,1145,1858,1649,1858,371,358
1131,1145,1859,1649,1859,371,358
1131,1145,1860,1649,1860,371,358
1131,1145,1861,1649,1861,371,358
1127,1145,1862,1649,1862,371,358
1127,1145,1863,1649,1863,371,358
1128,1145,1864,1649,1864,371,358
1129,1145,1865,1649,1865,371,358
1130,1145,1866,1649,1866,371,358
1130,1145,1867,1649,1867,371,358
1131,1145,1868,1649,1868,371,358
1132,1145,1869,1649,1869,371,358
1133,1145,1870,1649,1870,371,358
1134,1145,1871,1649,1871,371,358
1133,1145,1872,1649,1872,371,358
1134,1145,1873,1649,1873,371,358
1133,1145,1874,1649,1874,371,358
1134,1145,1875,1649,1875,371,358
1133,1145,1876,1649,1876,371,358
1134,1145,1877,1649,1877,371,358
1134,1145,1878,1649,1878,371,358
1134,1145,1879,1649,1879,371,358
1134,1145,1880,1649,1880,371,358
1134,1145,1881,1649,1881,371,358
1135,1145,1882,1649,1882,371,358
1134,1145,1883,1649,1883,371,357
1134,1145,1884,1649,1884,371,357
1134,1145,1885,1649,1885,371,357
1134,1145,1886,1649,1886,371,357
1133,1145,1887,1649,1887,371,357
1134,1145,1888,1649,1888,371,357
1135,1145,1889,1649,1889,371,357
1135,1145,1890,1649,1890,371,357
1136,1145,1891,1649,1891,371,357
1136,1145,1892,1649,1892,371,357
1136,1145,1893,1649,1893,371,357
1137,1145,1894,1649,1894,371,357
1138,1145,1895,1649,1895,371,357
1139,1145,1896,1649,1896,371,357
1138,1145,1897,1649,1897,371,356
1138,1145,1898,1649,1898,371,356
1140,1145,1899,1649,1899,371,357
1140,1145,1900,1649,1900,371,357
1140,1145,1901,1649,1901,371,357
1141,1145,1902,1649,1902,371,357
1141,1145,1903,1649,1903,371,357
1141,1145,1904,1649,1904,371,357
1139,1145,1905,1649,1905,371,357
1139,1145,1906,1649,1906,371,357
1139,1145,1907,1649,1907,371,357
1140,1145,1908,1649,1908,371,357
1139,1145,1909,1649,1909,371,357
1138,1145,1910,1649,1910,371,357
1140,1145,1911,1649,1911,371,358
1137,1145,1912,1649,1912,371,358
1135,1145,1913,1649,1913,371,358
1134,1145,1914,1649,1914,371,358
1134,1145,1915,1649,1915,371,358
1134,1145,1916,1649,1916,371,358
1134,1145,1917,1649,1917,371,358
1134,1145,1918,1649,1918,371,358
1132,1145,1919,1649,1919,371,357
1133,1145,1920,1649,1920,371,357
1134,1145,1921,1649,1921,371,357
1134,1145,1922,1649,1922,371,357
1135,1145,1923,1649,1923,371,357
1133,1145,1924,1649,1924,371,356
1133,1145,1925,1649,1925,371,356
1133,1145,1926,1649,1926,371,356
1134,1145,1927,1649,1927,371,356
1134,1145,1928,1649,1928,371,356
1133,1145,1929,1649,1929,371,356
1133,1145,1930,1649,1930,371,356
1134,1145,1931,1649,1931,371,356
1134,1145,1932,1649,1932,371,356
1133,1145,1933,1649,1933,371,356
1132,1145,1934,1649,1934,371,355
1133,1145,1935,1649,1935,371,355
1133,1145,1936,1649,1936,371,355
1133,1145,1937,1649,1937,371,355
1132,1145,1938,1649,1938,371,355
1131,1145,1939,1649,1939,371,355
1129,1145,1940,1649,1940,371,355
1129,1145,1941,1649,1941,371,355
1130,1145,1942,1649,1942,371,355
1130,1145,1943,1649,1943,371,355
1130,1145,1944,1649,1944,371,355
1131,1145,1945,1649,1945,371,355
1131,1145,1946,1649,1946,371,355
1130,1145,1947,1649,1947,371,355
1130,1145,1948,1649,1948,371,355
1131,1145,1949,1649,1949,371,355
1131,1145,1950,1649,1950,371,355
1132,1145,1951,1649,1951,371,355
1132,1145,1952,1649,1952,371,355
1133,1145,1953,1649,1953,371,355
1132,1145,1954,1649,1954,371,355
1130,1145,1955,1649,1955,371,355
1131,1145,1956,1649,1956,371,355
1131,1145,1957,1649,1957,371,355
1132,1145,1958,1649,1958,371,355
1132,1145,1959,1649,1959,371,355
1132,1145,1960,1649,1960,371,355
1131,1145,1961,1649,1961,371,355
1130,1145,1962,1649,1962,371,355
1131,1145,1963,1649,1963,371,355
1131,1145,1964,1649,1964,371,355
1130,1145,1965,1649,1965,371,355
1130,1145,1966,1649,1966,371,355
1130,1145,1967,1649,1967,371,355
1131,1145,1968,1649,1968,371,355
1131,1145,1969,1649,1969,371,355
1130,1145,1970,1649,1970,371,355
1129,1145,1971,1649,1971,371,354
1129,1145,1972,1649,1972,371,354
1129,1145,1973,1649,1973,371,354
1129,1145,1974,1649,1974,371,354
1128,1145,1975,1649,1975,371,354
1129,1145,1976,1649,1976,371,354
1127,1145,1977,1649,1977,371,353
1125,1145,1978,1649,1978,371,353
1125,1145,1979,1649,1979,371,353
1125,1145,1980,1649,1980,371,353
1126,1145,1981,1649,1981,371,353
1127,1145,1982,1649,1982,371,353
1127,1145,1983,1649,1983,371,353
1127,1145,1984,1649,1984,371,353
1127,1145,1985,1649,1985,371,353
1128,1145,1986,1649,1986,371,353
1126,1145,1987,1649,1987,371,353
1126,1145,1988,1649,1988,371,353
1127,1145,1989,1649,1989,371,353
1127,1145,1990,1649,1990,371,353
1128,1145,1991,1649,1991,371,353
1128,1145,1992,1649,1992,371,353
1128,1145,1993,1649,1993,371,353
1128,1145,1994,1649,1994,371,353
1128,1145,1995,1649,1995,371,353
1128,1145,1996,1649,1996,371,353
1129,1145,1997,1649,1997,371,353
1129,1145,1998,1649,1998,371,353
1129,1145,1999,1649,1999,371,353
1129,1145,2000,1649,2000,371,353
1130,1145,2001,1649,2001,371,353
1129,1145,2002,1649,2002,371,353
1129,1145,2003,1649,2003,371,353
1130,1145,2004,1649,2004,371,353
1130,1145,2005,1649,2005,371,353
1130,1145,2006,1649,2006,371,353
1128,1145,2007,1649,2007,371,353
1127,1145,2008,1649,2008,371,353
1128,1145,2009,1649,2009,371,353
1128,1145,2010,1649,2010,371,353
1129,1145,2011,1649,2011,371,353
1128,1145,2012,1649,2012,371,353
1129,1145,2013,1649,2013,371,353
1130,1145,2014,1649,2014,371,353
1129,1145,2015,1649,2015,371,353
1130,1145,2016,1649,2016,371,353
1129,1145,2017,1649,2017,371,353
1130,1145,2018,1649,2018,371,353
1131,1145,2019,1649,2019,371,353
1132,1145,2020,1649,2020,371,353
1132,1145,2021,1649,2021,371,353
1132,1145,2022,1649,2022,371,353
1131,1145,2023,1649,2023,371,352
1131,1145,2024,1649,2024,371,352
1131,1145,2025,1649,2025,371,352
1131,1145,2026,1649,2026,371,352
1131,1145,2027,1649,2027,371,352
1129,1145,2028,1649,2028,371,352
1129,1145,2029,1649,2029,371,352
1129,1145,2030,1649,2030,371,352
1128,1145,2031,1649,2031,371,352
1128,1145,2032,1649,2032,371,352
1129,1145,2033,1649,2033,371,352
1129,1145,2034,1649,2034,371,352
1130,1145,2035,1649,2035,371,352
1130,1145,2036,1649,2036,371,352
1130,1145,2037,1649,2037,371,352
1130,1145,2038,1649,2038,371,352
1130,1145,2039,1649,2039,371,352
1131,1145,2040,1649,2040,371,352
1132,1145,2041,1649,2041,371,352
1132,1145,2042,1649,2042,371,352
1133,1145,2043,1649,2043,371,352
1133,1145,2044,1649,2044,371,352
1133,1145,2045,1649,2045,371,352
1133,1145,2046,1649,2046,371,352
1133,1145,2047,1649,2047,371,352
1131,1145,2048,1649,2048,371,352
1132,1145,2049,1649,2049,371,352
1132,1145,2050,1649,2050,371,352
1133,1145,2051,1649,2051,371,352
1132,1145,2052,1649,2052,371,352
1132,1145,2053,1649,2053,371,352
1131,1145,2054,1649,2054,371,352
1130,1145,2055,1649,2055,371,352
1130,1145,2056,1649,2056,371,352
1129,1145,2057,1649,2057,371,352
1128,1145,2058,1649,2058,371,352
1129,1145,2059,1649,2059,371,352
1128,1145,2060,1649,2060,371,352
1127,1145,2061,1649,2061,371,352
1127,1145,2062,1649,2062,371,352
1128,1145,2063,1649,2063,371,352
1128,1145,2064,1649,2064,371,352
1126,1145,2065,1649,2065,371,352
1127,1145,2066,1649,2066,371,352
1126,1145,2067,1649,2067,371,352
1125,1145,2068,1649,2068,371,352
1125,1145,2069,1649,2069,371,352
1125,1145,2070,1649,2070,371,352
1125,1145,2071,1649,2071,371,352
1124,1145,2072,1649,2072,371,352
1124,1145,2073,1649,2073,371,352
1125,1145,2074,1649,2074,371,352
1125,1145,2075,1649,2075,371,352
1126,1145,2076,1649,2076,371,352
1126,1145,2077,1649,2077,371,352
1126,1145,2078,1649,2078,371,352
1126,1145,2079,1649,2079,371,352
1126,1145,2080,1649,2080,371,352
1125,1145,2081,1649,2081,371,352
1126,1145,2082,1649,2082,371,352
1125,1145,2083,1649,2083,371,352
1125,1145,2084,1649,2084,371,352
1125,1145,2085,1649,2085,371,352
1125,1145,2086,1649,2086,371,352
1126,1145,2087,1649,2087,371,352
1126,1145,2088,1649,2088,371,352
1126,1145,2089,1649,2089,371,352
1126,1145,2090,1649,2090,371,352
1125,1145,2091,1649,2091,371,352
1126,1145,2092,1649,2092,371,352
1125,1145,2093,1649,2093,371,351
1125,1145,2094,1649,2094,371,351
1125,1145,2095,1649,2095,371,351
1125,1145,2096,1649,2096,371,351
1125,1145,2097,1649,2097,371,351
1124,1145,2098,1649,2098,371,351
1125,1145,2099,1649,2099,371,351
1124,1145,2100,1649,2100,371,351
1123,1145,2101,1649,2101,371,351
1124,1145,2102,1649,2102,371,351
1124,1145,2103,1649,2103,371,351
1124,1145,2104,1649,2104,371,351
1125,1145,2105,1649,2105,371,351
1126,1145,2106,1649,2106,371,351
1126,1145,2107,1649,2107,371,351
1125,1145,2108,1649,2108,371,351
1125,1145,2109,1649,2109,371,351
1124,1145,2110,1649,2110,371,350
1123,1145,2111,1649,2111,371,350
1123,1145,2112,1649,2112,371,350
1123,1145,2113,1649,2113,371,350
1123,1145,2114,1649,2114,371,350
1123,1145,2115,1649,2115,371,350
1123,1145,2116,1649,2116,371,350
1123,1145,2117,1649,2117,371,350
1121,1145,2118,1649,2118,371,349
1120,1145,2119,1649,2119,371,348
1121,1145,2120,1649,2120,371,348
1120,1145,2121,1649,2121,371,348
1120,1145,2122,1649,2122,371,348
1120,1145,2123,1649,2123,371,348
1119,1145,2124,1649,2124,371,348
1117,1145,2125,1649,2125,371,347
1118,1145,2126,1649,2126,371,347
1118,1145,2127,1649,2127,371,347
1117,1145,2128,1649,2128,371,347
1117,1145,2129,1649,2129,371,347
1117,1145,2130,1649,2130,371,347
1118,1145,2131,1649,2131,371,347
1119,1145,2132,1649,2132,371,347
1119,1145,2133,1649,2133,371,347
1118,1145,2134,1649,2134,371,347
1119,1145,2135,1649,2135,371,347
1119,1145,2136,1649,2136,371,347
1118,1145,2137,1649,2137,371,347
1118,1145,2138,1649,2138,371,347
1119,1145,2139,1649,2139,371,347
1118,1145,2140,1649,2140,371,347
1118,1145,2141,1649,2141,371,347
1117,1145,2142,1649,2142,371,347
1118,1145,2143,1649,2143,371,347
1116,1145,2144,1649,2144,371,346
1116,1145,2145,1649,2145,371,346
1117,1145,2146,1649,2146,371,346
1117,1145,2147,1649,2147,371,346
1117,1145,2148,1649,2148,371,346
1118,1145,2149,1649,2149,371,346
1118,1145,2150,1649,2150,371,346
1117,1145,2151,1649,2151,371,346
1116,1145,2152,1649,2152,371,346
1115,1145,2153,1649,2153,371,346
1116,1145,2154,1649,2154,371,346
1116,1145,2155,1649,2155,371,346
1115,1145,2156,1649,2156,371,346
1114,1145,2157,1649,2157,371,346
1114,1145,2158,1649,2158,371,346
1113,1145,2159,1649,2159,371,346
1114,1145,2160,1649,2160,371,346
1113,1145,2161,1649,2161,371,346
1113,1145,2162,1649,2162,371,346
1114,1145,2163,1649,2163,371,346
1114,1145,2164,1649,2164,371,346
1114,1145,2165,1649,2165,371,346
1112,1145,2166,1649,2166,371,346
1112,1145,2167,1649,2167,371,346
1112,1145,2168,1649,2168,371,346
1111,1145,2169,1649,2169,371,346
1111,1145,2170,1649,2170,371,346
1111,1145,2171,1649,2171,371,346
1111,1145,2172,1649,2172,371,346
1109,1145,2173,1649,2173,371,345
1110,1145,2174,1649,2174,371,345
1111,1145,2175,1649,2175,371,345
1111,1145,2176,1649,2176,371,345
1112,1145,2177,1649,2177,371,345
1112,1145,2178,1649,2178,371,345
1113,1145,2179,1649,2179,371,345
1114,1145,2180,1649,2180,371,345
1113,1145,2181,1649,2181,371,345
1114,1145,2182,1649,2182,371,345
1114,1145,2183,1649,2183,371,345
1113,1145,2184,1649,2184,371,345
1114,1145,2185,1649,2185,371,345
1115,1145,2186,1649,2186,371,345
1114,1145,2187,1649,2187,371,345
1114,1145,2188,1649,2188,371,345
1114,1145,2189,1649,2189,371,345
1113,1145,2190,1649,2190,371,345
1114,1145,2191,1649,2191,371,345
1113,1145,2192,1649,2192,371,345
1112,1145,2193,1649,2193,371,345
1113,1145,2194,1649,2194,371,345
1112,1145,2195,1649,2195,371,345
1112,1145,2196,1649,2196,371,345
1111,1145,2197,1649,2197,371,344
1111,1145,2198,1649,2198,371,344
1111,1145,2199,1649,2199,371,344
1112,1145,2200,1649,2200,371,344
1113,1145,2201,1649,2201,371,344
1111,1145,2202,1649,2202,371,344
1112,1145,2203,1649,2203,371,344
1113,1145,2204,1649,2204,371,344
1114,1145,2205,1649,2205,371,344
1114,1145,2206,1649,2206,371,344
1114,1145,2207,1649,2207,371,344
1115,1145,2208,1649,2208,371,344
1116,1145,2209,1649,2209,371,344
1115,1145,2210,1649,2210,371,344
1116,1145,2211,1649,2211,371,344
1116,1145,2212,1649,2212,371,344
1117,1145,2213,1649,2213,371,344
1117,1145,2214,1649,2214,371,344
1117,1145,2215,1649,2215,371,344
1118,1145,2216,1649,2216,371,344
1119,1145,2217,1649,2217,371,344
1119,1145,2218,1649,2218,371,344
1117,1145,2219,1649,2219,371,343
1116,1145,2220,1649,2220,371,342
1114,1145,2221,1649,2221,371,342
1115,1145,2222,1649,2222,371,342
1114,1145,2223,1649,2223,371,342
1112,1145,2224,1649,2224,371,341
1112,1145,2225,1649,2225,371,341
1113,1145,2226,1649,2226,371,341
1113,1145,2227,1649,2227,371,341
1112,1145,2228,1649,2228,371,341
1111,1145,2229,1649,2229,371,341
1111,1145,2230,1649,2230,371,341
1108,1145,2231,1649,2231,371,340
1109,1145,2232,1649,2232,371,340
1109,1145,2233,1649,2233,371,340
1107,1145,2234,1649,2234,371,340
1104,1145,2235,1649,2235,371,339
1104,1145,2236,1649,2236,371,339
1103,1145,2237,1649,2237,371,339
1104,1145,2238,1649,2238,371,339
1104,1145,2239,1649,2239,371,339
1104,1145,2240,1649,2240,371,339
1103,1145,2241,1649,2241,371,339
1104,1145,2242,1649,2242,371,339
1104,1145,2243,1649,2243,371,339
1103,1145,2244,1649,2244,371,339
1103,1145,2245,1649,2245,371,339
1104,1145,2246,1649,2246,371,339
1103,1145,2247,1649,2247,371,339
1104,1145,2248,1649,2248,371,339
1103,1145,2249,1649,2249,371,339
1103,1145,2250,1649,2250,371,339
1104,1145,2251,1649,2251,371,339
1105,1145,2252,1649,2252,371,339
1105,1145,2253,1649,2253,371,339
1104,1145,2254,1649,2254,371,338
1104,1145,2255,1649,2255,371,338
1104,1145,2256,1649,2256,371,338
1103,1145,2257,1649,2257,371,338
1101,1145,2258,1649,2258,371,338
1100,1145,2259,1649,2259,371,338
1099,1145,2260,1649,2260,371,338
1099,1145,2261,1649,2261,371,338
1100,1145,2262,1649,2262,371,338
1101,1145,2263,1649,2263,371,338
1101,1145,2264,1649,2264,371,338
1098,1145,2265,1649,2265,371,338
1097,1145,2266,1649,2266,371,337
1097,1145,2267,1649,2267,371,337
1096,1145,2268,1649,2268,371,337
1096,1145,2269,1649,2269,371,337
1095,1145,2270,1649,2270,371,337
1095,1145,2271,1649,2271,371,337
1095,1145,2272,1649,2272,371,337
1094,1145,2273,1649,2273,371,337
1094,1145,2274,1649,2274,371,337
1095,1145,2275,1649,2275,371,337
1094,1145,2276,1649,2276,371,337
1092,1145,2277,1649,2277,371,337
1092,1145,2278,1649,2278,371,337
1093,1145,2279,1649,2279,371,337
1091,1145,2280,1649,2280,371,336
1092,1145,2281,1649,2281,371,336
1092,1145,2282,1649,2282,371,336
1091,1145,2283,1649,2283,371,336
1091,1145,2284,1649,2284,371,336
1091,1145,2285,1649,2285,371,336
1091,1145,2286,1649,2286,371,336
1091,1145,2287,1649,2287,371,336
1089,1145,2288,1649,2288,371,336
1089,1145,2289,1649,2289,371,336
1089,1145,2290,1649,2290,371,336
1089,1145,2291,1649,2291,371,336
1089,1145,2292,1649,2292,371,336
1088,1145,2293,1649,2293,371,336
1089,1145,2294,1649,2294,371,336
1088,1145,2295,1649,2295,371,336
1089,1145,2296,1649,2296,371,336
1090,1145,2297,1649,2297,371,336
1091,1145,2298,1649,2298,371,336
1092,1145,2299,1649,2299,371,336
1091,1145,2300,1649,2300,371,336
1091,1145,2301,1649,2301,371,336
1092,1145,2302,1649,2302,371,336
1092,1145,2303,1649,2303,371,336
1092,1145,2304,1649,2304,371,336
1091,1145,2305,1649,2305,371,336
1091,1145,2306,1649,2306,371,336
1091,1145,2307,1649,2307,371,336
1092,1145,2308,1649,2308,371,336
1092,1145,2309,1649,2309,371,336
1091,1145,2310,1649,2310,371,335
1091,1145,2311,1649,2311,371,335
1089,1145,2312,1649,2312,371,335
1089,1145,2313,1649,2313,371,335
1088,1145,2314,1649,2314,371,335
1088,1145,2315,1649,2315,371,335
1088,1145,2316,1649,2316,371,335
1087,1145,2317,1649,2317,371,335
1087,1145,2318,1649,2318,371,335
1088,1145,2319,1649,2319,371,335
1088,1145,2320,1649,2320,371,335
1088,1145,2321,1649,2321,371,335
1087,1145,2322,1649,2322,371,334
1087,1145,2323,1649,2323,371,334
1085,1145,2324,1649,2324,371,334
1084,1145,2325,1649,2325,371,334
1083,1145,2326,1649,2326,371,334
1081,1145,2327,1649,2327,371,333
1080,1145,2328,1649,2328,371,333
1080,1145,2329,1649,2329,371,333
1080,1145,2330,1649,2330,371,333
1081,1145,2331,1649,2331,371,333
1082,1145,2332,1649,2332,371,333
1082,1145,2333,1649,2333,371,333
1081,1145,2334,1649,2334,371,333
1081,1145,2335,1649,2335,371,333
1080,1145,2336,1649,2336,371,333
1079,1145,2337,1649,2337,371,333
1080,1145,2338,1649,2338,371,333
1079,1145,2339,1649,2339,371,333
1079,1145,2340,1649,2340,371,333
1079,1145,2341,1649,2341,371,333
1079,1145,2342,1649,2342,371,333
1079,1145,2343,1649,2343,371,333
1079,1145,2344,1649,2344,371,333
1079,1145,2345,1649,2345,371,333
1079,1145,2346,1649,2346,371,333
1079,1145,2347,1649,2347,371,333
1079,1145,2348,1649,2348,371,333
1080,1145,2349,1649,2349,371,333
1079,1145,2350,1649,2350,371,333
1079,1145,2351,1649,2351,371,333
1078,1145,2352,1649,2352,371,333
1077,1145,2353,1649,2353,371,332
1077,1145,2354,1649,2354,371,332
1076,1145,2355,1649,2355,371,331
1076,1145,2356,1649,2356,371,331
1077,1145,2357,1649,2357,371,331
1078,1145,2358,1649,2358,371,331
1076,1145,2359,1649,2359,371,330
1077,1145,2360,1649,2360,371,330
1076,1145,2361,1649,2361,371,330
1076,1145,2362,1649,2362,371,330
1076,1145,2363,1649,2363,371,330
1076,1145,2364,1649,2364,371,330
1075,1145,2365,1649,2365,371,330
1076,1145,2366,1649,2366,371,330
1075,1145,2367,1649,2367,371,329
1075,1145,2368,1649,2368,371,329
1073,1145,2369,1649,2369,371,329
1073,1145,2370,1649,2370,371,329
1073,1145,2371,1649,2371,371,329
1073,1145,2372,1649,2372,371,329
1073,1145,2373,1649,2373,371,329
1074,1145,2374,1649,2374,371,329
1074,1145,2375,1649,2375,371,329
1074,1145,2376,1649,2376,371,329
1074,1145,2377,1649,2377,371,329
1074,1145,2378,1649,2378,371,329
1073,1145,2379,1649,2379,371,329
1074,1145,2380,1649,2380,371,329
1074,1145,2381,1649,2381,371,329
1072,1145,2382,1649,2382,371,329
1072,1145,2383,1649,2383,371,329
1070,1145,2384,1649,2384,371,329
1070,1145,2385,1649,2385,371,329
1070,1145,2386,1649,2386,371,329
1069,1145,2387,1649,2387,371,328
1069,1145,2388,1649,2388,371,328
1069,1145,2389,1649,2389,371,328
1068,1145,2390,1649,2390,371,328
1069,1145,2391,1649,2391,371,328
1066,1145,2392,1649,2392,371,328
1065,1145,2393,1649,2393,371,328
1065,1145,2394,1649,2394,371,328
1065,1145,2395,1649,2395,371,328
1064,1145,2396,1649,2396,371,327
1065,1145,2397,1649,2397,371,327
1066,1145,2398,1649,2398,371,327
1066,1145,2399,1649,2399,371,327
1065,1145,2400,1649,2400,371,326
1064,1145,2401,1649,2401,371,326
1065,1145,2402,1649,2402,371,326
1065,1145,2403,1649,2403,371,326
1066,1145,2404,1649,2404,371,326
1066,1145,2405,1649,2405,371,326
1067,1145,2406,1649,2406,371,326
1068,1145,2407,1649,2407,371,326
1068,1145,2408,1649,2408,371,326
1068,1145,2409,1649,2409,371,326
1068,1145,2410,1649,2410,371,326
1068,1145,2411,1649,2411,371,326
1068,1145,2412,1649,2412,371,326
1068,1145,2413,1649,2413,371,326
1068,1145,2414,1649,2414,371,326
1069,1145,2415,1649,2415,371,326
1069,1145,2416,1649,2416,371,326
1069,1145,2417,1649,2417,371,326
1069,1145,2418,1649,2418,371,326
1069,1145,2419,1649,2419,371,326
1068,1145,2420,1649,2420,371,325
1068,1145,2421,1649,2421,371,325
1067,1145,2422,1649,2422,371,324
1067,1145,2423,1649,2423,371,324
1066,1145,2424,1649,2424,371,323
1066,1145,2425,1649,2425,371,323
1066,1145,2426,1649,2426,371,323
1065,1145,2427,1649,2427,371,323
1066,1145,2428,1649,2428,371,323
1065,1145,2429,1649,2429,371,323
1065,1145,2430,1649,2430,371,323
1066,1145,2431,1649,2431,371,323
1066,1145,2432,1649,2432,371,323
1066,1145,2433,1649,2433,371,323
1067,1145,2434,1649,2434,371,323
1067,1145,2435,1649,2435,371,323
1067,1145,2436,1649,2436,371,323
1067,1145,2437,1649,2437,371,323
1068,1145,2438,1649,2438,371,323
1067,1145,2439,1649,2439,371,323
1068,1145,2440,1649,2440,371,323
1068,1145,2441,1649,2441,371,323
1068,1145,2442,1649,2442,371,323
1068,1145,2443,1649,2443,371,323
1069,1145,2444,1649,2444,371,323
1069,1145,2445,1649,2445,371,323
1069,1145,2446,1649,2446,371,323
1070,1145,2447,1649,2447,371,323
1069,1145,2448,1649,2448,371,323
1070,1145,2449,1649,2449,371,323
1071,1145,2450,1649,2450,371,323
1070,1145,2451,1649,2451,371,323
1071,1145,2452,1649,2452,371,323
1071,1145,2453,1649,2453,371,323
1071,1145,2454,1649,2454,371,323
1072,1145,2455,1649,2455,371,323
1072,1145,2456,1649,2456,371,323
1073,1145,2457,1649,2457,371,323
1073,1145,2458,1649,2458,371,323
1074,1145,2459,1649,2459,371,323
1074,1145,2460,1649,2460,371,323
1074,1145,2461,1649,2461,371,323
1074,1145,2462,1649,2462,371,323
1074,1145,2463,1649,2463,371,323
1075,1145,2464,1649,2464,371,323
1075,1145,2465,1649,2465,371,323
1076,1145,2466,1649,2466,371,323
1077,1145,2467,1649,2467,371,323
1077,1145,2468,1649,2468,371,323
1077,1145,2469,1649,2469,371,323
1078,1145,2470,1649,2470,371,323
1078,1145,2471,1649,2471,371,323
1078,1145,2472,1649,2472,371,323
1079,1145,2473,1649,2473,371,323
1078,1145,2474,1649,2474,371,323
1079,1145,2475,1649,2475,371,323
1079,1145,2476,1649,2476,371,323
1080,1145,2477,1649,2477,371,323
1080,1145,2478,1649,2478,371,323
1080,1145,2479,1649,2479,371,323
1080,1145,2480,1649,2480,371,323
1079,1145,2481,1649,2481,371,323
1079,1145,2482,1649,2482,371,323
1079,1145,2483,1649,2483,371,323
1078,1145,2484,1649,2484,371,322
1079,1145,2485,1649,2485,371,322
1077,1145,2486,1649,2486,371,321
1076,1145,2487,1649,2487,371,321
1074,1145,2488,1649,2488,371,320
1074,1145,2489,1649,2489,371,320
1074,1145,2490,1649,2490,371,320
1074,1145,2491,1649,2491,371,320
1074,1145,2492,1649,2492,371,320
1074,1145,2493,1649,2493,371,320
1074,1145,2494,1649,2494,371,320
1074,1145,2495,1649,2495,371,320
1075,1145,2496,1649,2496,371,320
1076,1145,2497,1649,2497,371,320
1077,1145,2498,1649,2498,371,320
1077,1145,2499,1649,2499,371,320
1077,1145,2500,1649,2500,371,320
1077,1145,2501,1649,2501,371,320
1077,1145,2502,1649,2502,371,320
1078,1145,2503,1649,2503,371,320
1077,1145,2504,1649,2504,371,320
1077,1145,2505,1649,2505,371,320
1077,1145,2506,1649,2506,371,320
1077,1145,2507,1649,2507,371,320
1077,1145,2508,1649,2508,371,320
1078,1145,2509,1649,2509,371,320
1079,1145,2510,1649,2510,371,320
1079,1145,2511,1649,2511,371,320
1078,1145,2512,1649,2512,371,319
1078,1145,2513,1649,2513,371,319
1078,1145,2514,1649,2514,371,319
1077,1145,2515,1649,2515,371,319
1077,1145,2516,1649,2516,371,319
1078,1145,2517,1649,2517,371,319
1079,1145,2518,1649,2518,371,319
1079,1145,2519,1649,2519,371,319
1079,1145,2520,1649,2520,371,319
1080,1145,2521,1649,2521,371,319
1080,1145,2522,1649,2522,371,319
1080,1145,2523,1649,2523,371,319
1079,1145,2524,1649,2524,371,319
1079,1145,2525,1649,2525,371,319
1080,1145,2526,1649,2526,371,319
1081,1145,2527,1649,2527,371,319
1081,1145,2528,1649,2528,371,319
1081,1145,2529,1649,2529,371,319
1081,1145,2530,1649,2530,371,319
1081,1145,2531,1649,2531,371,319
1080,1145,2532,1649,2532,371,319
1080,1145,2533,1649,2533,371,319
1080,1145,2534,1649,2534,371,319
1080,1145,2535,1649,2535,371,319
1078,1145,2536,1649,2536,371,319
1079,1145,2537,1649,2537,371,319
1079,1145,2538,1649,2538,371,319
1079,1145,2539,1649,2539,371,319
1080,1145,2540,1649,2540,371,319
1081,1145,2541,1649,2541,371,319
1081,1145,2542,1649,2542,371,319
1081,1145,2543,1649,2543,371,319
1082,1145,2544,1649,2544,371,319
1081,1145,2545,1649,2545,371,319
1080,1145,2546,1649,2546,371,319
1080,1145,2547,1649,2547,371,319
1079,1145,2548,1649,2548,371,319
1079,1145,2549,1649,2549,371,319
1079,1145,2550,1649,2550,371,319
1078,1145,2551,1649,2551,371,319
1078,1145,2552,1649,2552,371,319
1077,1145,2553,1649,2553,371,319
1078,1145,2554,1649,2554,371,319
1078,1145,2555,1649,2555,371,319
1077,1145,2556,1649,2556,371,319
1077,1145,2557,1649,2557,371,319
1078,1145,2558,1649,2558,371,319
1078,1145,2559,1649,2559,371,319
1078,1145,2560,1649,2560,371,319
1078,1145,2561,1649,2561,371,319
1078,1145,2562,1649,2562,371,319
1079,1145,2563,1649,2563,371,319
1079,1145,2564,1649,2564,371,319
1079,1145,2565,1649,2565,371,319
1079,1145,2566,1649,2566,371,319
1080,1145,2567,1649,2567,371,319
1081,1145,2568,1649,2568,371,319
1081,1145,2569,1649,2569,371,319
1081,1145,2570,1649,2570,371,319
1081,1145,2571,1649,2571,371,319
1081,1145,2572,1649,2572,371,319
1081,1145,2573,1649,2573,371,319
1081,1145,2574,1649,2574,371,319
1081,1145,2575,1649,2575,371,319
1080,1145,2576,1649,2576,371,318
1080,1145,2577,1649,2577,371,318
1080,1145,2578,1649,2578,371,318
1080,1145,2579,1649,2579,371,318
1080,1145,2580,1649,2580,371,318
1080,1145,2581,1649,2581,371,318
1080,1145,2582,1649,2582,371,318
1080,1145,2583,1649,2583,371,318
1081,1145,2584,1649,2584,371,318
1081,1145,2585,1649,2585,371,318
1080,1145,2586,1649,2586,371,318
1081,1145,2587,1649,2587,371,318
1080,1145,2588,1649,2588,371,318
1081,1145,2589,1649,2589,371,318
1081,1145,2590,1649,2590,371,318
1081,1145,2591,1649,2591,371,318
1079,1145,2592,1649,2592,371,318
1079,1145,2593,1649,2593,371,318
1079,1145,2594,1649,2594,371,318
1079,1145,2595,1649,2595,371,318
1080,1145,2596,1649,2596,371,318
1081,1145,2597,1649,2597,371,318
1081,1145,2598,1649,2598,371,318
1081,1145,2599,1649,2599,371,318
1082,1145,2600,1649,2600,371,318
1082,1145,2601,1649,2601,371,318
1082,1145,2602,1649,2602,371,318
1083,1145,2603,1649,2603,371,318
1083,1145,2604,1649,2604,371,318
1084,1145,2605,1649,2605,371,318
1085,1145,2606,1649,2606,371,318
1085,1145,2607,1649,2607,371,318
1086,1145,2608,1649,2608,371,318
1086,1145,2609,1649,2609,371,318
1085,1145,2610,1649,2610,371,317
1085,1145,2611,1649,2611,371,317
1086,1145,2612,1649,2612,371,317
1086,1145,2613,1649,2613,371,317
1086,1145,2614,1649,2614,371,317
1086,1145,2615,1649,2615,371,317
1085,1145,2616,1649,2616,371,317
1085,1145,2617,1649,2617,371,317
1084,1145,2618,1649,2618,371,317
1084,1145,2619,1649,2619,371,317
1084,1145,2620,1649,2620,371,317
1085,1145,2621,1649,2621,371,317
1085,1145,2622,1649,2622,371,317
1085,1145,2623,1649,2623,371,317
1085,1145,2624,1649,2624,371,317
1084,1145,2625,1649,2625,371,317
1083,1145,2626,1649,2626,371,317
1083,1145,2627,1649,2627,371,317
1083,1145,2628,1649,2628,371,317
1082,1145,2629,1649,2629,371,317
1082,1145,2630,1649,2630,371,317
1082,1145,2631,1649,2631,371,317
1083,1145,2632,1649,2632,371,317
1083,1145,2633,1649,2633,371,317
1083,1145,2634,1649,2634,371,317
1082,1145,2635,1649,2635,371,317
1083,1145,2636,1649,2636,371,317
1083,1145,2637,1649,2637,371,317
1083,1145,2638,1649,2638,371,317
1083,1145,2639,1649,2639,371,317
1083,1145,2640,1649,2640,371,317
1083,1145,2641,1649,2641,371,317
1082,1145,2642,1649,2642,371,317
1082,1145,2643,1649,2643,371,317
1082,1145,2644,1649,2644,371,317
1082,1145,2645,1649,2645,371,317
1083,1145,2646,1649,2646,371,317
1082,1145,2647,1649,2647,371,316
1081,1145,2648,1649,2648,371,316
1080,1145,2649,1649,2649,371,316
1079,1145,2650,1649,2650,371,316
1080,1145,2651,1649,2651,371,316
1080,1145,2652,1649,2652,371,316
1080,1145,2653,1649,2653,371,316
1078,1145,2654,1649,2654,371,316
1079,1145,2655,1649,2655,371,316
1079,1145,2656,1649,2656,371,316
1078,1145,2657,1649,2657,371,316
1078,1145,2658,1649,2658,371,316
1077,1145,2659,1649,2659,371,316
1077,1145,2660,1649,2660,371,316
1077,1145,2661,1649,2661,371,316
1077,1145,2662,1649,2662,371,316
1075,1145,2663,1649,2663,371,316
1076,1145,2664,1649,2664,371,316
1077,1145,2665,1649,2665,371,316
1077,1145,2666,1649,2666,371,316
1077,1145,2667,1649,2667,371,316
1078,1145,2668,1649,2668,371,316
1078,1145,2669,1649,2669,371,316
1079,1145,2670,1649,2670,371,316
1079,1145,2671,1649,2671,371,316
1079,1145,2672,1649,2672,371,316
1080,1145,2673,1649,2673,371,316
1080,1145,2674,1649,2674,371,316
1079,1145,2675,1649,2675,371,315
1078,1145,2676,1649,2676,371,315
1079,1145,2677,1649,2677,371,315
1078,1145,2678,1649,2678,371,314
1077,1145,2679,1649,2679,371,314
1076,1145,2680,1649,2680,371,314
1074,1145,2681,1649,2681,371,313
1074,1145,2682,1649,2682,371,313
1075,1145,2683,1649,2683,371,313
1075,1145,2684,1649,2684,371,313
1075,1145,2685,1649,2685,371,313
1075,1145,2686,1649,2686,371,313
1075,1145,2687,1649,2687,371,313
1075,1145,2688,1649,2688,371,313
1075,1145,2689,1649,2689,371,313
1074,1145,2690,1649,2690,371,312
1074,1145,2691,1649,2691,371,312
1074,1145,2692,1649,2692,371,312
1075,1145,2693,1649,2693,371,312
1075,1145,2694,1649,2694,371,312
1073,1145,2695,1649,2695,371,311
1072,1145,2696,1649,2696,371,311
1072,1145,2697,1649,2697,371,311
1072,1145,2698,1649,2698,371,311
1073,1145,2699,1649,2699,371,311
1071,1145,2700,1649,2700,371,311
1072,1145,2701,1649,2701,371,311
1072,1145,2702,1649,2702,371,311
1071,1145,2703,1649,2703,371,311
1072,1145,2704,1649,2704,371,311
1070,1145,2705,1649,2705,371,311
1071,1145,2706,1649,2706,371,311
1071,1145,2707,1649,2707,371,311
1072,1145,2708,1649,2708,371,311
1072,1145,2709,1649,2709,371,311
1073,1145,2710,1649,2710,371,311
1073,1145,2711,1649,2711,371,311
1072,1145,2712,1649,2712,371,311
1071,1145,2713,1649,2713,371,311
1072,1145,2714,1649,2714,371,311
1073,1145,2715,1649,2715,371,311
1074,1145,2716,1649,2716,371,311
1074,1145,2717,1649,2717,371,311
1075,1145,2718,1649,2718,371,311
1076,1145,2719,1649,2719,371,311
1076,1145,2720,1649,2720,371,311
1076,1145,2721,1649,2721,371,311
1076,1145,2722,1649,2722,371,311
1076,1145,2723,1649,2723,371,311
1075,1145,2724,1649,2724,371,310
1075,1145,2725,1649,2725,371,310
1073,1145,2726,1649,2726,371,308
1074,1145,2727,1649,2727,371,308
1074,1145,2728,1649,2728,371,308
1074,1145,2729,1649,2729,371,308
1074,1145,2730,1649,2730,371,308
1074,1145,2731,1649,2731,371,308
1074,1145,2732,1649,2732,371,308
1074,1145,2733,1649,2733,371,308
1074,1145,2734,1649,2734,371,308
1075,1145,2735,1649,2735,371,308
1074,1145,2736,1649,2736,371,308
1073,1145,2737,1649,2737,371,308
1073,1145,2738,1649,2738,371,308
1073,1145,2739,1649,2739,371,308
1073,1145,2740,1649,2740,371,308
1073,1145,2741,1649,2741,371,308
1073,1145,2742,1649,2742,371,308
1072,1145,2743,1649,2743,371,308
1072,1145,2744,1649,2744,371,308
1073,1145,2745,1649,2745,371,308
1070,1145,2746,1649,2746,371,306
1069,1145,2747,1649,2747,371,306
1068,1145,2748,1649,2748,371,306
1066,1145,2749,1649,2749,371,306
1065,1145,2750,1649,2750,371,306
1065,1145,2751,1649,2751,371,306
1065,1145,2752,1649,2752,371,306
1066,1145,2753,1649,2753,371,306
1066,1145,2754,1649,2754,371,306
1067,1145,2755,1649,2755,371,306
1067,1145,2756,1649,2756,371,306
1067,1145,2757,1649,2757,371,306
1067,1145,2758,1649,2758,371,306
1067,1145,2759,1649,2759,371,306
1066,1145,2760,1649,2760,371,305
1067,1145,2761,1649,2761,371,305
1068,1145,2762,1649,2762,371,305
1069,1145,2763,1649,2763,371,305
1070,1145,2764,1649,2764,371,305
1070,1145,2765,1649,2765,371,305
1070,1145,2766,1649,2766,371,305
1069,1145,2767,1649,2767,371,305
1069,1145,2768,1649,2768,371,305
1069,1145,2769,1649,2769,371,305
1069,1145,2770,1649,2770,371,305
1069,1145,2771,1649,2771,371,305
1070,1145,2772,1649,2772,371,305
1070,1145,2773,1649,2773,371,305
1071,1145,2774,1649,2774,371,305
1071,1145,2775,1649,2775,371,305
1071,1145,2776,1649,2776,371,305
1071,1145,2777,1649,2777,371,305
1070,1145,2778,1649,2778,371,304
1070,1145,2779,1649,2779,371,304
1070,1145,2780,1649,2780,371,304
1068,1145,2781,1649,2781,371,304
1068,1145,2782,1649,2782,371,304
1068,1145,2783,1649,2783,371,304
1068,1145,2784,1649,2784,371,304
1069,1145,2785,1649,2785,371,304
1069,1145,2786,1649,2786,371,304
1069,1145,2787,1649,2787,371,304
1069,1145,2788,1649,2788,371,304
1069,1145,2789,1649,2789,371,304
1068,1145,2790,1649,2790,371,304
1066,1145,2791,1649,2791,371,303
1065,1145,2792,1649,2792,371,302
1064,1145,2793,1649,2793,371,301
1062,1145,2794,1649,2794,371,301
1063,1145,2795,1649,2795,371,301
1063,1145,2796,1649,2796,371,301
1064,1145,2797,1649,2797,371,301
1064,1145,2798,1649,2798,371,301
1064,1145,2799,1649,2799,371,301
1064,1145,2800,1649,2800,371,301
1064,1145,2801,1649,2801,371,301
1064,1145,2802,1649,2802,371,301
1064,1145,2803,1649,2803,371,301
1064,1145,2804,1649,2804,371,301
1064,1145,2805,1649,2805,371,301
1065,1145,2806,1649,2806,371,301
1063,1145,2807,1649,2807,371,301
1063,1145,2808,1649,2808,371,301
1063,1145,2809,1649,2809,371,301
1063,1145,2810,1649,2810,371,301
1062,1145,2811,1649,2811,371,301
1061,1145,2812,1649,2812,371,301
1061,1145,2813,1649,2813,371,301
1062,1145,2814,1649,2814,371,301
1062,1145,2815,1649,2815,371,301
1063,1145,2816,1649,2816,371,301
1063,1145,2817,1649,2817,371,301
1063,1145,2818,1649,2818,371,301
1062,1145,2819,1649,2819,371,301
1062,1145,2820,1649,2820,371,301
1061,1145,2821,1649,2821,371,301
1062,1145,2822,1649,2822,371,301
1062,1145,2823,1649,2823,371,301
1062,1145,2824,1649,2824,371,301
1062,1145,2825,1649,2825,371,301
1063,1145,2826,1649,2826,371,301
1064,1145,2827,1649,2827,371,301
1064,1145,2828,1649,2828,371,301
1064,1145,2829,1649,2829,371,301
1064,1145,2830,1649,2830,371,301
1065,1145,2831,1649,2831,371,301
1065,1145,2832,1649,2832,371,301
1066,1145,2833,1649,2833,371,301
1066,1145,2834,1649,2834,371,301
1067,1145,2835,1649,2835,371,301
1066,1145,2836,1649,2836,371,301
1067,1145,2837,1649,2837,371,301
1067,1145,2838,1649,2838,371,301
1067,1145,2839,1649,2839,371,301
1067,1145,2840,1649,2840,371,301
1067,1145,2841,1649,2841,371,301
1067,1145,2842,1649,2842,371,301
1067,1145,2843,1649,2843,371,301
1066,1145,2844,1649,2844,371,301
1065,1145,2845,1649,2845,371,300
1065,1145,2846,1649,2846,371,300
1064,1145,2847,1649,2847,371,299
1065,1145,2848,1649,2848,371,299
1065,1145,2849,1649,2849,371,299
1064,1145,2850,1649,2850,371,299
1064,1145,2851,1649,2851,371,299
1064,1145,2852,1649,2852,371,299
1064,1145,2853,1649,2853,371,299
1064,1145,2854,1649,2854,371,299
1064,1145,2855,1649,2855,371,299
1064,1145,2856,1649,2856,371,299
1063,1145,2857,1649,2857,371,298
1062,1145,2858,1649,2858,371,298
1062,1145,2859,1649,2859,371,298
1062,1145,2860,1649,2860,371,298
1062,1145,2861,1649,2861,371,298
1062,1145,2862,1649,2862,371,298
1061,1145,2863,1649,2863,371,298
1061,1145,2864,1649,2864,371,298
1061,1145,2865,1649,2865,371,298
1060,1145,2866,1649,2866,371,298
1061,1145,2867,1649,2867,371,298
1061,1145,2868,1649,2868,371,298
1062,1145,2869,1649,2869,371,298
1061,1145,2870,1649,2870,371,298
1061,1145,2871,1649,2871,371,298
1061,1145,2872,1649,2872,371,298
1062,1145,2873,1649,2873,371,298
1062,1145,2874,1649,2874,371,298
1061,1145,2875,1649,2875,371,298
1062,1145,2876,1649,2876,371,298
1062,1145,2877,1649,2877,371,298
1061,1145,2878,1649,2878,371,298
1062,1145,2879,1649,2879,371,298
1062,1145,2880,1649,2880,371,298
1061,1145,2881,1649,2881,371,298
1061,1145,2882,1649,2882,371,298
1062,1145,2883,1649,2883,371,298
1062,1145,2884,1649,2884,371,298
1060,1145,2885,1649,2885,371,296
1059,1145,2886,1649,2886,371,296
1059,1145,2887,1649,2887,371,296
1058,1145,2888,1649,2888,371,296
1057,1145,2889,1649,2889,371,296
1057,1145,2890,1649,2890,371,296
1057,1145,2891,1649,2891,371,296
1056,1145,2892,1649,2892,371,296
1056,1145,2893,1649,2893,371,296
1056,1145,2894,1649,2894,371,296
1057,1145,2895,1649,2895,371,296
1057,1145,2896,1649,2896,371,296
1057,1145,2897,1649,2897,371,296
1058,1145,2898,1649,2898,371,296
1059,1145,2899,1649,2899,371,296
1059,1145,2900,1649,2900,371,296
1059,1145,2901,1649,2901,371,296
1059,1145,2902,1649,2902,371,296
1060,1145,2903,1649,2903,371,296
1059,1145,2904,1649,2904,371,296
1060,1145,2905,1649,2905,371,296
1060,1145,2906,1649,2906,371,296
1060,1145,2907,1649,2907,371,296
1059,1145,2908,1649,2908,371,296
1059,1145,2909,1649,2909,371,296
1059,1145,2910,1649,2910,371,296
1060,1145,2911,1649,2911,371,296
1059,1145,2912,1649,2912,371,295
1059,1145,2913,1649,2913,371,295
1060,1145,2914,1649,2914,371,295
1058,1145,2915,1649,2915,371,294
1057,1145,2916,1649,2916,371,294
1056,1145,2917,1649,2917,371,293
1056,1145,2918,1649,2918,371,293
1055,1145,2919,1649,2919,371,292
1054,1145,2920,1649,2920,371,292
1055,1145,2921,1649,2921,371,292
1055,1145,2922,1649,2922,371,292
1055,1145,2923,1649,2923,371,292
1055,1145,2924,1649,2924,371,292
1055,1145,2925,1649,2925,371,292
1054,1145,2926,1649,2926,371,291
1055,1145,2927,1649,2927,371,291
1055,1145,2928,1649,2928,371,291
1055,1145,2929,1649,2929,371,291
1055,1145,2930,1649,2930,371,291
1056,1145,2931,1649,2931,371,291
1056,1145,2932,1649,2932,371,291
1056,1145,2933,1649,2933,371,291
1055,1145,2934,1649,2934,371,291
1055,1145,2935,1649,2935,371,291
1055,1145,2936,1649,2936,371,291
1056,1145,2937,1649,2937,371,291
1056,1145,2938,1649,2938,371,291
1056,1145,2939,1649,2939,371,291
1056,1145,2940,1649,2940,371,291
1056,1145,2941,1649,2941,371,291
1057,1145,2942,1649,2942,371,291
1058,1145,2943,1649,2943,371,291
1059,1145,2944,1649,2944,371,291
1060,1145,2945,1649,2945,371,291
1060,1145,2946,1649,2946,371,291
1059,1145,2947,1649,2947,371,291
1060,1145,2948,1649,2948,371,291
1059,1145,2949,1649,2949,371,291
1060,1145,2950,1649,2950,371,291
1060,1145,2951,1649,2951,371,291
1060,1145,2952,1649,2952,371,291
1059,1145,2953,1649,2953,371,291
1060,1145,2954,1649,2954,371,291
1060,1145,2955,1649,2955,371,291
1060,1145,2956,1649,2956,371,291
1060,1145,2957,1649,2957,371,291
1060,1145,2958,1649,2958,371,291
1060,1145,2959,1649,2959,371,291
1060,1145,2960,1649,2960,371,291
1059,1145,2961,1649,2961,371,290
1058,1145,2962,1649,2962,371,290
1059,1145,2963,1649,2963,371,290
1058,1145,2964,1649,2964,371,290
1059,1145,2965,1649,2965,371,290
1059,1145,2966,1649,2966,371,290
1057,1145,2967,1649,2967,371,290
1058,1145,2968,1649,2968,371,290
1058,1145,2969,1649,2969,371,290
1057,1145,2970,1649,2970,371,289
1058,1145,2971,1649,2971,371,289
1058,1145,2972,1649,2972,371,289
1058,1145,2973,1649,2973,371,289
1058,1145,2974,1649,2974,371,289
1058,1145,2975,1649,2975,371,289
1058,1145,2976,1649,2976,371,289
1059,1145,2977,1649,2977,371,289
1059,1145,2978,1649,2978,371,289
1060,1145,2979,1649,2979,371,289
1059,1145,2980,1649,2980,371,289
1060,1145,2981,1649,2981,371,289
1060,1145,2982,1649,2982,371,289
1058,1145,2983,1649,2983,371,288
1058,1145,2984,1649,2984,371,288
1058,1145,2985,1649,2985,371,288
1057,1145,2986,1649,2986,371,288
1057,1145,2987,1649,2987,371,288
1057,1145,2988,1649,2988,371,288
1057,1145,2989,1649,2989,371,288
1057,1145,2990,1649,2990,371,288
1057,1145,2991,1649,2991,371,288
1056,1145,2992,1649,2992,371,288
1057,1145,2993,1649,2993,371,288
1057,1145,2994,1649,2994,371,288
1058,1145,2995,1649,2995,371,288
1058,1145,2996,1649,2996,371,288
1059,1145,2997,1649,2997,371,288
1059,1145,2998,1649,2998,371,288
1060,1145,2999,1649,2999,371,288
1060,1145,3000,1649,3000,371,288
1060,1145,3001,1649,3001,371,288
1060,1145,3002,1649,3002,371,288
1060,1145,3003,1649,3003,371,288
1060,1145,3004,1649,3004,371,288
1060,1145,3005,1649,3005,371,288
1060,1145,3006,1649,3006,371,288
1060,1145,3007,1649,3007,371,288
1059,1145,3008,1649,3008,371,288
1058,1145,3009,1649,3009,371,288
1058,1145,3010,1649,3010,371,288
1058,1145,3011,1649,3011,371,288
1058,1145,3012,1649,3012,371,288
1058,1145,3013,1649,3013,371,288
1057,1145,3014,1649,3014,371,287
1058,1145,3015,1649,3015,371,287
1059,1145,3016,1649,3016,371,287
1059,1145,3017,1649,3017,371,287
1059,1145,3018,1649,3018,371,287
1058,1145,3019,1649,3019,371,287
1058,1145,3020,1649,3020,371,287
1059,1145,3021,1649,3021,371,287
1058,1145,3022,1649,3022,371,287
1058,1145,3023,1649,3023,371,287
1059,1145,3024,1649,3024,371,287
1060,1145,3025,1649,3025,371,287
1058,1145,3026,1649,3026,371,286
1058,1145,3027,1649,3027,371,286
1058,1145,3028,1649,3028,371,286
1058,1145,3029,1649,3029,371,286
1058,1145,3030,1649,3030,371,286
1059,1145,3031,1649,3031,371,286
1057,1145,3032,1649,3032,371,286
1057,1145,3033,1649,3033,371,286
1058,1145,3034,1649,3034,371,286
1058,1145,3035,1649,3035,371,286
1058,1145,3036,1649,3036,371,286
1058,1145,3037,1649,3037,371,286
1059,1145,3038,1649,3038,371,286
1060,1145,3039,1649,3039,371,286
1057,1145,3040,1649,3040,371,285
1057,1145,3041,1649,3041,371,285
1057,1145,3042,1649,3042,371,285
1057,1145,3043,1649,3043,371,285
1057,1145,3044,1649,3044,371,285
1056,1145,3045,1649,3045,371,285
1056,1145,3046,1649,3046,371,285
1055,1145,3047,1649,3047,371,285
1055,1145,3048,1649,3048,371,285
1054,1145,3049,1649,3049,371,285
1054,1145,3050,1649,3050,371,285
1054,1145,3051,1649,3051,371,285
1053,1145,3052,1649,3052,371,285
1052,1145,3053,1649,3053,371,285
1052,1145,3054,1649,3054,371,285
1052,1145,3055,1649,3055,371,285
1053,1145,3056,1649,3056,371,285
1053,1145,3057,1649,3057,371,285
1054,1145,3058,1649,3058,371,285
1053,1145,3059,1649,3059,371,285
1052,1145,3060,1649,3060,371,285
1052,1145,3061,1649,3061,371,285
1052,1145,3062,1649,3062,371,285
1052,1145,3063,1649,3063,371,285
1052,1145,3064,1649,3064,371,285
1052,1145,3065,1649,3065,371,285
1051,1145,3066,1649,3066,371,285
1051,1145,3067,1649,3067,371,285
1050,1145,3068,1649,3068,371,285
1048,1145,3069,1649,3069,371,283
1048,1145,3070,1649,3070,371,283
1048,1145,3071,1649,3071,371,283
1048,1145,3072,1649,3072,371,283
1049,1145,3073,1649,3073,371,283
1050,1145,3074,1649,3074,371,283
1050,1145,3075,1649,3075,371,283
1050,1145,3076,1649,3076,371,283
1050,1145,3077,1649,3077,371,283
1050,1145,3078,1649,3078,371,283
1050,1145,3079,1649,3079,371,283
1050,1145,3080,1649,3080,371,283
1051,1145,3081,1649,3081,371,283
1051,1145,3082,1649,3082,371,283
1051,1145,3083,1649,3083,371,283
1052,1145,3084,1649,3084,371,283
1052,1145,3085,1649,3085,371,283
1052,1145,3086,1649,3086,371,283
1052,1145,3087,1649,3087,371,283
1052,1145,3088,1649,3088,371,283
1052,1145,3089,1649,3089,371,283
1051,1145,3090,1649,3090,371,283
1051,1145,3091,1649,3091,371,283
1051,1145,3092,1649,3092,371,283
1052,1145,3093,1649,3093,371,283
1052,1145,3094,1649,3094,371,283
1052,1145,3095,1649,3095,371,283
1052,1145,3096,1649,3096,371,283
1052,1145,3097,1649,3097,371,283
1053,1145,3098,1649,3098,371,283
1053,1145,3099,1649,3099,371,283
1053,1145,3100,1649,3100,371,283
1053,1145,3101,1649,3101,371,283
1053,1145,3102,1649,3102,371,283
1054,1145,3103,1649,3103,371,283
1052,1145,3104,1649,3104,371,282
1052,1145,3105,1649,3105,371,282
1052,1145,3106,1649,3106,371,282
1052,1145,3107,1649,3107,371,282
1052,1145,3108,1649,3108,371,282
1053,1145,3109,1649,3109,371,282
1053,1145,3110,1649,3110,371,282
1053,1145,3111,1649,3111,371,282
1053,1145,3112,1649,3112,371,282
1053,1145,3113,1649,3113,371,282
1053,1145,3114,1649,3114,371,282
1054,1145,3115,1649,3115,371,282
1054,1145,3116,1649,3116,371,282
1053,1145,3117,1649,3117,371,282
1053,1145,3118,1649,3118,371,282
1053,1145,3119,1649,3119,371,282
1054,1145,3120,1649,3120,371,282
1054,1145,3121,1649,3121,371,282
1054,1145,3122,1649,3122,371,282
1055,1145,3123,1649,3123,371,282
1055,1145,3124,1649,3124,371,282
1054,1145,3125,1649,3125,371,281
1053,1145,3126,1649,3126,371,280
1051,1145,3127,1649,3127,371,279
1052,1145,3128,1649,3128,371,279
1053,1145,3129,1649,3129,371,279
1054,1145,3130,1649,3130,371,279
1053,1145,3131,1649,3131,371,279
1052,1145,3132,1649,3132,371,279
1053,1145,3133,1649,3133,371,279
1054,1145,3134,1649,3134,371,279
1054,1145,3135,1649,3135,371,279
1055,1145,3136,1649,3136,371,279
1055,1145,3137,1649,3137,371,279
1053,1145,3138,1649,3138,371,279
1053,1145,3139,1649,3139,371,279
1054,1145,3140,1649,3140,371,279
1054,1145,3141,1649,3141,371,279
1054,1145,3142,1649,3142,371,279
1054,1145,3143,1649,3143,371,279
1054,1145,3144,1649,3144,371,279
1052,1145,3145,1649,3145,371,278
1052,1145,3146,1649,3146,371,278
1052,1145,3147,1649,3147,371,278
1052,1145,3148,1649,3148,371,278
1052,1145,3149,1649,3149,371,278
1053,1145,3150,1649,3150,371,278
1053,1145,3151,1649,3151,371,278
1053,1145,3152,1649,3152,371,278
1053,1145,3153,1649,3153,371,278
1053,1145,3154,1649,3154,371,278
1052,1145,3155,1649,3155,371,278
1051,1145,3156,1649,3156,371,278
1051,1145,3157,1649,3157,371,278
1051,1145,3158,1649,3158,371,278
1050,1145,3159,1649,3159,371,277
1050,1145,3160,1649,3160,371,277
1050,1145,3161,1649,3161,371,277
1050,1145,3162,1649,3162,371,277
1050,1145,3163,1649,3163,371,277
1050,1145,3164,1649,3164,371,277
1051,1145,3165,1649,3165,371,277
1050,1145,3166,1649,3166,371,277
1050,1145,3167,1649,3167,371,277
1050,1145,3168,1649,3168,371,277
1049,1145,3169,1649,3169,371,277
1049,1145,3170,1649,3170,371,277
1049,1145,3171,1649,3171,371,277
1049,1145,3172,1649,3172,371,277
1049,1145,3173,1649,3173,371,277
1049,1145,3174,1649,3174,371,277
1048,1145,3175,1649,3175,371,277
1048,1145,3176,1649,3176,371,277
1048,1145,3177,1649,3177,371,277
1049,1145,3178,1649,3178,371,277
1049,1145,3179,1649,3179,371,277
1048,1145,3180,1649,3180,371,277
1049,1145,3181,1649,3181,371,277
1050,1145,3182,1649,3182,371,277
1049,1145,3183,1649,3183,371,277
1049,1145,3184,1649,3184,371,277
1050,1145,3185,1649,3185,371,277
1050,1145,3186,1649,3186,371,277
1050,1145,3187,1649,3187,371,277
1048,1145,3188,1649,3188,371,276
1047,1145,3189,1649,3189,371,276
1046,1145,3190,1649,3190,371,276
1046,1145,3191,1649,3191,371,276
1046,1145,3192,1649,3192,371,276
1046,1145,3193,1649,3193,371,276
1046,1145,3194,1649,3194,371,276
1045,1145,3195,1649,3195,371,276
1046,1145,3196,1649,3196,371,276
1046,1145,3197,1649,3197,371,276
1046,1145,3198,1649,3198,371,276
1046,1145,3199,1649,3199,371,276
1046,1145,3200,1649,3200,371,276
1046,1145,3201,1649,3201,371,276
1046,1145,3202,1649,3202,371,276
1046,1145,3203,1649,3203,371,276
1046,1145,3204,1649,3204,371,276
1047,1145,3205,1649,3205,371,276
1047,1145,3206,1649,3206,371,276
1046,1145,3207,1649,3207,371,276
1046,1145,3208,1649,3208,371,276
1046,1145,3209,1649,3209,371,276
1045,1145,3210,1649,3210,371,276
1045,1145,3211,1649,3211,371,276
1045,1145,3212,1649,3212,371,276
1046,1145,3213,1649,3213,371,276
1045,1145,3214,1649,3214,371,275
1045,1145,3215,1649,3215,371,275
1047,1145,3216,1649,3216,371,276
1047,1145,3217,1649,3217,371,276
1047,1145,3218,1649,3218,371,276
1048,1145,3219,1649,3219,371,276
1047,1145,3220,1649,3220,371,276
1047,1145,3221,1649,3221,371,276
1047,1145,3222,1649,3222,371,276
1047,1145,3223,1649,3223,371,276
1048,1145,3224,1649,3224,371,276
1048,1145,3225,1649,3225,371,276
1048,1145,3226,1649,3226,371,276
1047,1145,3227,1649,3227,371,276
1047,1145,3228,1649,3228,371,276
1047,1145,3229,1649,3229,371,276
1047,1145,3230,1649,3230,371,276
1047,1145,3231,1649,3231,371,276
1047,1145,3232,1649,3232,371,276
1047,1145,3233,1649,3233,371,276
1046,1145,3234,1649,3234,371,276
1046,1145,3235,1649,3235,371,276
1046,1145,3236,1649,3236,371,276
1047,1145,3237,1649,3237,371,276
1047,1145,3238,1649,3238,371,276
1047,1145,3239,1649,3239,371,276
1046,1145,3240,1649,3240,371,276
1046,1145,3241,1649,3241,371,276
1047,1145,3242,1649,3242,371,276
1047,1145,3243,1649,3243,371,276
1046,1145,3244,1649,3244,371,275
1045,1145,3245,1649,3245,371,274
1043,1145,3246,1649,3246,371,273
1043,1145,3247,1649,3247,371,273
1043,1145,3248,1649,3248,371,273
1042,1145,3249,1649,3249,371,273
1042,1145,3250,1649,3250,371,273
1042,1145,3251,1649,3251,371,273
1041,1145,3252,1649,3252,371,273
1040,1145,3253,1649,3253,371,273
1040,1145,3254,1649,3254,371,273
1040,1145,3255,1649,3255,371,273
1041,1145,3256,1649,3256,371,273
1040,1145,3257,1649,3257,371,273
1040,1145,3258,1649,3258,371,273
1040,1145,3259,1649,3259,371,273
1041,1145,3260,1649,3260,371,273
1041,1145,3261,1649,3261,371,273
1041,1145,3262,1649,3262,371,273
1041,1145,3263,1649,3263,371,273
1042,1145,3264,1649,3264,371,273
1042,1145,3265,1649,3265,371,273
1042,1145,3266,1649,3266,371,273
1041,1145,3267,1649,3267,371,273
1042,1145,3268,1649,3268,371,273
1042,1145,3269,1649,3269,371,273
1042,1145,3270,1649,3270,371,273
1042,1145,3271,1649,3271,371,273
1042,1145,3272,1649,3272,371,273
1042,1145,3273,1649,3273,371,273
1042,1145,3274,1649,3274,371,273
1041,1145,3275,1649,3275,371,272
1040,1145,3276,1649,3276,371,272
1040,1145,3277,1649,3277,371,272
1041,1145,3278,1649,3278,371,272
1041,1145,3279,1649,3279,371,272
1041,1145,3280,1649,3280,371,272
1042,1145,3281,1649,3281,371,272
1042,1145,3282,1649,3282,371,272
1042,1145,3283,1649,3283,371,272
1042,1145,3284,1649,3284,371,272
1042,1145,3285,1649,3285,371,272
1042,1145,3286,1649,3286,371,272
1041,1145,3287,1649,3287,371,272
1041,1145,3288,1649,3288,371,272
1040,1145,3289,1649,3289,371,272
1040,1145,3290,1649,3290,371,272
1040,1145,3291,1649,3291,371,272
1038,1145,3292,1649,3292,371,272
1038,1145,3293,1649,3293,371,272
1038,1145,3294,1649,3294,371,272
1038,1145,3295,1649,3295,371,272
1038,1145,3296,1649,3296,371,272
1036,1145,3297,1649,3297,371,270
1036,1145,3298,1649,3298,371,270
1035,1145,3299,1649,3299,371,270
1035,1145,3300,1649,3300,371,270
1035,1145,3301,1649,3301,371,270
1034,1145,3302,1649,3302,371,270
1035,1145,3303,1649,3303,371,270
1035,1145,3304,1649,3304,371,270
1035,1145,3305,1649,3305,371,270
1034,1145,3306,1649,3306,371,270
1034,1145,3307,1649,3307,371,270
1034,1145,3308,1649,3308,371,270
1033,1145,3309,1649,3309,371,270
1033,1145,3310,1649,3310,371,270
1033,1145,3311,1649,3311,371,270
1034,1145,3312,1649,3312,371,270
1031,1145,3313,1649,3313,371,267
1031,1145,3314,1649,3314,371,267
1031,1145,3315,1649,3315,371,267
1031,1145,3316,1649,3316,371,267
1032,1145,3317,1649,3317,371,267
1031,1145,3318,1649,3318,371,267
1032,1145,3319,1649,3319,371,267
1033,1145,3320,1649,3320,371,267
1033,1145,3321,1649,3321,371,267
1033,1145,3322,1649,3322,371,267
1033,1145,3323,1649,3323,371,267
1032,1145,3324,1649,3324,371,266
1032,1145,3325,1649,3325,371,266
1032,1145,3326,1649,3326,371,266
1032,1145,3327,1649,3327,371,266
1031,1145,3328,1649,3328,371,266
1032,1145,3329,1649,3329,371,266
1032,1145,3330,1649,3330,371,266
1032,1145,3331,1649,3331,371,266
1032,1145,3332,1649,3332,371,266
1033,1145,3333,1649,3333,371,266
1033,1145,3334,1649,3334,371,266
1033,1145,3335,1649,3335,371,266
1033,1145,3336,1649,3336,371,266
1033,1145,3337,1649,3337,371,266
1033,1145,3338,1649,3338,371,266
1033,1145,3339,1649,3339,371,266
1032,1145,3340,1649,3340,371,265
1032,1145,3341,1649,3341,371,265
1032,1145,3342,1649,3342,371,265
1032,1145,3343,1649,3343,371,265
1032,1145,3344,1649,3344,371,265
1032,1145,3345,1649,3345,371,265
1032,1145,3346,1649,3346,371,265
1032,1145,3347,1649,3347,371,265
1032,1145,3348,1649,3348,371,265
1032,1145,3349,1649,3349,371,265
1032,1145,3350,1649,3350,371,265
1032,1145,3351,1649,3351,371,265
1032,1145,3352,1649,3352,371,265
1031,1145,3353,1649,3353,371,265
1031,1145,3354,1649,3354,371,265
1031,1145,3355,1649,3355,371,265
1030,1145,3356,1649,3356,371,265
1030,1145,3357,1649,3357,371,265
1031,1145,3358,1649,3358,371,265
1031,1145,3359,1649,3359,371,265
1030,1145,3360,1649,3360,371,265
1030,1145,3361,1649,3361,371,265
1030,1145,3362,1649,3362,371,265
1030,1145,3363,1649,3363,371,265
1030,1145,3364,1649,3364,371,265
1030,1145,3365,1649,3365,371,265
1030,1145,3366,1649,3366,371,265
1030,1145,3367,1649,3367,371,265
1030,1145,3368,1649,3368,371,265
1030,1145,3369,1649,3369,371,265
1030,1145,3370,1649,3370,371,265
1030,1145,3371,1649,3371,371,265
1031,1145,3372,1649,3372,371,265
1030,1145,3373,1649,3373,371,265
1030,1145,3374,1649,3374,371,265
1030,1145,3375,1649,3375,371,265
1029,1145,3376,1649,3376,371,265
1029,1145,3377,1649,3377,371,265
1027,1145,3378,1649,3378,371,264
1027,1145,3379,1649,3379,371,264
1027,1145,3380,1649,3380,371,264
1027,1145,3381,1649,3381,371,264
1027,1145,3382,1649,3382,371,264
1027,1145,3383,1649,3383,371,264
1027,1145,3384,1649,3384,371,264
1026,1145,3385,1649,3385,371,264
1026,1145,3386,1649,3386,371,264
1026,1145,3387,1649,3387,371,264
1026,1145,3388,1649,3388,371,264
1026,1145,3389,1649,3389,371,264
1026,1145,3390,1649,3390,371,264
1026,1145,3391,1649,3391,371,264
1025,1145,3392,1649,3392,371,263
1025,1145,3393,1649,3393,371,263
1025,1145,3394,1649,3394,371,263
1025,1145,3395,1649,3395,371,263
1026,1145,3396,1649,3396,371,263
1025,1145,3397,1649,3397,371,263
1025,1145,3398,1649,3398,371,263
1025,1145,3399,1649,3399,371,263
1024,1145,3400,1649,3400,371,263
1024,1145,3401,1649,3401,371,263
1023,1145,3402,1649,3402,371,263
1022,1145,3403,1649,3403,371,263
1022,1145,3404,1649,3404,371,263
1023,1145,3405,1649,3405,371,263
1023,1145,3406,1649,3406,371,263
1022,1145,3407,1649,3407,371,263
1022,1145,3408,1649,3408,371,263
1020,1145,3409,1649,3409,371,262
1020,1145,3410,1649,3410,371,262
1019,1145,3411,1649,3411,371,262
1018,1145,3412,1649,3412,371,262
1018,1145,3413,1649,3413,371,262
1018,1145,3414,1649,3414,371,262
1018,1145,3415,1649,3415,371,262
1018,1145,3416,1649,3416,371,262
1018,1145,3417,1649,3417,371,262
1019,1145,3418,1649,3418,371,262
1020,1145,3419,1649,3419,371,262
1020,1145,3420,1649,3420,371,262
1018,1145,3421,1649,3421,371,261
1018,1145,3422,1649,3422,371,261
1017,1145,3423,1649,3423,371,261
1017,1145,3424,1649,3424,371,261
1017,1145,3425,1649,3425,371,261
1017,1145,3426,1649,3426,371,261
1017,1145,3427,1649,3427,371,261
1017,1145,3428,1649,3428,371,261
1017,1145,3429,1649,3429,371,261
1017,1145,3430,1649,3430,371,261
1018,1145,3431,1649,3431,371,261
1017,1145,3432,1649,3432,371,261
1018,1145,3433,1649,3433,371,261
1019,1145,3434,1649,3434,371,261
1020,1145,3435,1649,3435,371,261
1019,1145,3436,1649,3436,371,261
1020,1145,3437,1649,3437,371,261
1021,1145,3438,1649,3438,371,261
1021,1145,3439,1649,3439,371,261
1021,1145,3440,1649,3440,371,261
1020,1145,3441,1649,3441,371,261
1020,1145,3442,1649,3442,371,261
1020,1145,3443,1649,3443,371,261
1021,1145,3444,1649,3444,371,261
1021,1145,3445,1649,3445,371,261
1019,1145,3446,1649,3446,371,261
1019,1145,3447,1649,3447,371,261
1019,1145,3448,1649,3448,371,261
1017,1145,3449,1649,3449,371,260
1016,1145,3450,1649,3450,371,260
1015,1145,3451,1649,3451,371,260
1015,1145,3452,1649,3452,371,260
1014,1145,3453,1649,3453,371,260
1015,1145,3454,1649,3454,371,260
1015,1145,3455,1649,3455,371,260
1015,1145,3456,1649,3456,371,260
1015,1145,3457,1649,3457,371,260
1014,1145,3458,1649,3458,371,260
1015,1145,3459,1649,3459,371,260
1014,1145,3460,1649,3460,371,260
1014,1145,3461,1649,3461,371,260
1014,1145,3462,1649,3462,371,260
1014,1145,3463,1649,3463,371,260
1013,1145,3464,1649,3464,371,260
1013,1145,3465,1649,3465,371,260
1013,1145,3466,1649,3466,371,260
1014,1145,3467,1649,3467,371,260
1014,1145,3468,1649,3468,371,260
1015,1145,3469,1649,3469,371,260
1015,1145,3470,1649,3470,371,260
1015,1145,3471,1649,3471,371,260
1014,1145,3472,1649,3472,371,260
1015,1145,3473,1649,3473,371,260
1014,1145,3474,1649,3474,371,260
1014,1145,3475,1649,3475,371,260
1015,1145,3476,1649,3476,371,260
1014,1145,3477,1649,3477,371,260
1014,1145,3478,1649,3478,371,260
1014,1145,3479,1649,3479,371,260
1013,1145,3480,1649,3480,371,260
1013,1145,3481,1649,3481,371,260
1013,1145,3482,1649,3482,371,260
1014,1145,3483,1649,3483,371,260
1014,1145,3484,1649,3484,371,260
1014,1145,3485,1649,3485,371,260
1014,1145,3486,1649,3486,371,260
1014,1145,3487,1649,3487,371,260
1014,1145,3488,1649,3488,371,260
1014,1145,3489,1649,3489,371,260
1013,1145,3490,1649,3490,371,260
1014,1145,3491,1649,3491,371,260
1015,1145,3492,1649,3492,371,260
1015,1145,3493,1649,3493,371,260
1014,1145,3494,1649,3494,371,260
1014,1145,3495,1649,3495,371,260
1014,1145,3496,1649,3496,371,260
1014,1145,3497,1649,3497,371,260
1014,1145,3498,1649,3498,371,260
1015,1145,3499,1649,3499,371,260
1014,1145,3500,1649,3500,371,260
1015,1145,3501,1649,3501,371,260
1015,1145,3502,1649,3502,371,260
1016,1145,3503,1649,3503,371,260
1016,1145,3504,1649,3504,371,260
1016,1145,3505,1649,3505,371,260
1016,1145,3506,1649,3506,371,260
1016,1145,3507,1649,3507,371,260
1016,1145,3508,1649,3508,371,260
1016,1145,3509,1649,3509,371,260
1016,1145,3510,1649,3510,371,260
1016,1145,3511,1649,3511,371,260
1016,1145,3512,1649,3512,371,260
1016,1145,3513,1649,3513,371,260
1015,1145,3514,1649,3514,371,260
1015,1145,3515,1649,3515,371,260
1013,1145,3516,1649,3516,371,260
1014,1145,3517,1649,3517,371,260
1014,1145,3518,1649,3518,371,260
1015,1145,3519,1649,3519,371,260
1013,1145,3520,1649,3520,371,260
1012,1145,3521,1649,3521,371,259
1012,1145,3522,1649,3522,371,259
1013,1145,3523,1649,3523,371,259
1014,1145,3524,1649,3524,371,259
1014,1145,3525,1649,3525,371,259
1013,1145,3526,1649,3526,371,259
1012,1145,3527,1649,3527,371,259
1011,1145,3528,1649,3528,371,258
1011,1145,3529,1649,3529,371,258
1011,1145,3530,1649,3530,371,258
1012,1145,3531,1649,3531,371,258
1012,1145,3532,1649,3532,371,258
1013,1145,3533,1649,3533,371,258
1013,1145,3534,1649,3534,371,258
1013,1145,3535,1649,3535,371,258
1012,1145,3536,1649,3536,371,258
1012,1145,3537,1649,3537,371,258
1011,1145,3538,1649,3538,371,257
1011,1145,3539,1649,3539,371,257
1011,1145,3540,1649,3540,371,257
1011,1145,3541,1649,3541,371,257
1011,1145,3542,1649,3542,371,257
1011,1145,3543,1649,3543,371,257
1009,1145,3544,1649,3544,371,257
1007,1145,3545,1649,3545,371,256
1008,1145,3546,1649,3546,371,256
1008,1145,3547,1649,3547,371,256
1008,1145,3548,1649,3548,371,256
1007,1145,3549,1649,3549,371,256
1008,1145,3550,1649,3550,371,256
1008,1145,3551,1649,3551,371,256
1008,1145,3552,1649,3552,371,256
1008,1145,3553,1649,3553,371,256
1008,1145,3554,1649,3554,371,256
1009,1145,3555,1649,3555,371,256
1009,1145,3556,1649,3556,371,256
1010,1145,3557,1649,3557,371,256
1009,1145,3558,1649,3558,371,255
1010,1145,3559,1649,3559,371,255
1010,1145,3560,1649,3560,371,255
1010,1145,3561,1649,3561,371,255
1010,1145,3562,1649,3562,371,255
1010,1145,3563,1649,3563,371,255
1008,1145,3564,1649,3564,371,255
1008,1145,3565,1649,3565,371,255
1008,1145,3566,1649,3566,371,255
1008,1145,3567,1649,3567,371,255
1006,1145,3568,1649,3568,371,254
1006,1145,3569,1649,3569,371,254
1002,1145,3570,1649,3570,371,252
1001,1145,3571,1649,3571,371,252
999,1145,3572,1649,3572,371,251
999,1145,3573,1649,3573,371,251
999,1145,3574,1649,3574,371,251
999,1145,3575,1649,3575,371,251
999,1145,3576,1649,3576,371,251
999,1145,3577,1649,3577,371,251
1000,1145,3578,1649,3578,371,251
1000,1145,3579,1649,3579,371,251
1001,1145,3580,1649,3580,371,251
1001,1145,3581,1649,3581,371,251
1002,1145,3582,1649,3582,371,251
1003,1145,3583,1649,3583,371,251
1003,1145,3584,1649,3584,371,251
1003,1145,3585,1649,3585,371,251
1003,1145,3586,1649,3586,371,251
1002,1145,3587,1649,3587,371,250
1002,1145,3588,1649,3588,371,250
1002,1145,3589,1649,3589,371,250
1002,1145,3590,1649,3590,371,250
1001,1145,3591,1649,3591,371,249
1001,1145,3592,1649,3592,371,249
1001,1145,3593,1649,3593,371,249
1001,1145,3594,1649,3594,371,249
1001,1145,3595,1649,3595,371,249
1000,1145,3596,1649,3596,371,249
1000,1145,3597,1649,3597,371,249
1000,1145,3598,1649,3598,371,249
1000,1145,3599,1649,3599,371,249
998,1145,3600,1649,3600,371,247
998,1145,3601,1649,3601,371,247
998,1145,3602,1649,3602,371,247
998,1145,3603,1649,3603,371,247
999,1145,3604,1649,3604,371,247
999,1145,3605,1649,3605,371,247
1000,1145,3606,1649,3606,371,247
999,1145,3607,1649,3607,371,247
998,1145,3608,1649,3608,371,246
999,1145,3609,1649,3609,371,246
999,1145,3610,1649,3610,371,246
999,1145,3611,1649,3611,371,246
999,1145,3612,1649,3612,371,246
998,1145,3613,1649,3613,371,246
998,1145,3614,1649,3614,371,246
998,1145,3615,1649,3615,371,246
999,1145,3616,1649,3616,371,246
1000,1145,3617,1649,3617,371,246
999,1145,3618,1649,3618,371,246
1000,1145,3619,1649,3619,371,246
1001,1145,3620,1649,3620,371,246
1001,1145,3621,1649,3621,371,246
1002,1145,3622,1649,3622,371,246
1001,1145,3623,1649,3623,371,245
1001,1145,3624,1649,3624,371,245
1001,1145,3625,1649,3625,371,245
1000,1145,3626,1649,3626,371,245
1001,1145,3627,1649,3627,371,245
1001,1145,3628,1649,3628,371,245
1001,1145,3629,1649,3629,371,245
1001,1145,3630,1649,3630,371,245
1001,1145,3631,1649,3631,371,245
1002,1145,3632,1649,3632,371,245
1002,1145,3633,1649,3633,371,245
1002,1145,3634,1649,3634,371,245
1002,1145,3635,1649,3635,371,245
1002,1145,3636,1649,3636,371,245
1002,1145,3637,1649,3637,371,245
1001,1145,3638,1649,3638,371,245
1002,1145,3639,1649,3639,371,245
1002,1145,3640,1649,3640,371,245
999,1145,3641,1649,3641,371,245
999,1145,3642,1649,3642,371,245
998,1145,3643,1649,3643,371,245
998,1145,3644,1649,3644,371,245
998,1145,3645,1649,3645,371,245
998,1145,3646,1649,3646,371,245
996,1145,3647,1649,3647,371,245
995,1145,3648,1649,3648,371,245
994,1145,3649,1649,3649,371,245
994,1145,3650,1649,3650,371,245
994,1145,3651,1649,3651,371,245
994,1145,3652,1649,3652,371,245
994,1145,3653,1649,3653,371,245
993,1145,3654,1649,3654,371,245
993,1145,3655,1649,3655,371,245
993,1145,3656,1649,3656,371,245
993,1145,3657,1649,3657,371,245
992,1145,3658,1649,3658,371,245
992,1145,3659,1649,3659,371,245
993,1145,3660,1649,3660,371,245
994,1145,3661,1649,3661,371,245
994,1145,3662,1649,3662,371,245
994,1145,3663,1649,3663,371,245
994,1145,3664,1649,3664,371,245
994,1145,3665,1649,3665,371,245
995,1145,3666,1649,3666,371,245
995,1145,3667,1649,3667,371,245
996,1145,3668,1649,3668,371,245
996,1145,3669,1649,3669,371,245
995,1145,3670,1649,3670,371,244
996,1145,3671,1649,3671,371,244
996,1145,3672,1649,3672,371,244
996,1145,3673,1649,3673,371,244
996,1145,3674,1649,3674,371,244
995,1145,3675,1649,3675,371,244
995,1145,3676,1649,3676,371,244
995,1145,3677,1649,3677,371,244
994,1145,3678,1649,3678,371,244
994,1145,3679,1649,3679,371,244
994,1145,3680,1649,3680,371,244
994,1145,3681,1649,3681,371,244
994,1145,3682,1649,3682,371,244
994,1145,3683,1649,3683,371,244
994,1145,3684,1649,3684,371,244
994,1145,3685,1649,3685,371,244
994,1145,3686,1649,3686,371,244
994,1145,3687,1649,3687,371,244
994,1145,3688,1649,3688,371,244
994,1145,3689,1649,3689,371,244
995,1145,3690,1649,3690,371,244
994,1145,3691,1649,3691,371,244
994,1145,3692,1649,3692,371,244
995,1145,3693,1649,3693,371,244
995,1145,3694,1649,3694,371,244
995,1145,3695,1649,3695,371,244
995,1145,3696,1649,3696,371,244
995,1145,3697,1649,3697,371,244
995,1145,3698,1649,3698,371,244
995,1145,3699,1649,3699,371,244
995,1145,3700,1649,3700,371,244
995,1145,3701,1649,3701,371,244
996,1145,3702,1649,3702,371,244
996,1145,3703,1649,3703,371,244
996,1145,3704,1649,3704,371,244
996,1145,3705,1649,3705,371,244
996,1145,3706,1649,3706,371,244
996,1145,3707,1649,3707,371,244
996,1145,3708,1649,3708,371,244
996,1145,3709,1649,3709,371,244
996,1145,3710,1649,3710,371,244
996,1145,3711,1649,3711,371,244
996,1145,3712,1649,3712,371,244
996,1145,3713,1649,3713,371,244
996,1145,3714,1649,3714,371,244
996,1145,3715,1649,3715,371,244
996,1145,3716,1649,3716,371,244
996,1145,3717,1649,3717,371,244
996,1145,3718,1649,3718,371,244
996,1145,3719,1649,3719,371,244
996,1145,3720,1649,3720,371,244
996,1145,3721,1649,3721,371,244
996,1145,3722,1649,3722,371,244
996,1145,3723,1649,3723,371,244
996,1145,3724,1649,3724,371,244
996,1145,3725,1649,3725,371,244
995,1145,3726,1649,3726,371,244
996,1145,3727,1649,3727,371,244
997,1145,3728,1649,3728,371,244
996,1145,3729,1649,3729,371,243
996,1145,3730,1649,3730,371,243
996,1145,3731,1649,3731,371,243
996,1145,3732,1649,3732,371,243
995,1145,3733,1649,3733,371,243
995,1145,3734,1649,3734,371,243
995,1145,3735,1649,3735,371,243
995,1145,3736,1649,3736,371,243
995,1145,3737,1649,3737,371,243
994,1145,3738,1649,3738,371,243
994,1145,3739,1649,3739,371,243
994,1145,3740,1649,3740,371,243
994,1145,3741,1649,3741,371,243
995,1145,3742,1649,3742,371,243
994,1145,3743,1649,3743,371,243
994,1145,3744,1649,3744,371,243
993,1145,3745,1649,3745,371,243
992,1145,3746,1649,3746,371,243
992,1145,3747,1649,3747,371,243
992,1145,3748,1649,3748,371,243
992,1145,3749,1649,3749,371,243
993,1145,3750,1649,3750,371,243
993,1145,3751,1649,3751,371,243
994,1145,3752,1649,3752,371,243
994,1145,3753,1649,3753,371,243
995,1145,3754,1649,3754,371,243
995,1145,3755,1649,3755,371,243
995,1145,3756,1649,3756,371,243
996,1145,3757,1649,3757,371,243
995,1145,3758,1649,3758,371,243
995,1145,3759,1649,3759,371,243
995,1145,3760,1649,3760,371,243
995,1145,3761,1649,3761,371,243
995,1145,3762,1649,3762,371,243
995,1145,3763,1649,3763,371,243
994,1145,3764,1649,3764,371,243
994,1145,3765,1649,3765,371,243
993,1145,3766,1649,3766,371,243
993,1145,3767,1649,3767,371,243
994,1145,3768,1649,3768,371,243
994,1145,3769,1649,3769,371,243
994,1145,3770,1649,3770,371,243
995,1145,3771,1649,3771,371,243
995,1145,3772,1649,3772,371,243
996,1145,3773,1649,3773,371,243
996,1145,3774,1649,3774,371,243
996,1145,3775,1649,3775,371,243
996,1145,3776,1649,3776,371,243
996,1145,3777,1649,3777,371,243
996,1145,3778,1649,3778,371,243
995,1145,3779,1649,3779,371,243
995,1145,3780,1649,3780,371,243
994,1145,3781,1649,3781,371,243
994,1145,3782,1649,3782,371,243
994,1145,3783,1649,3783,371,243
993,1145,3784,1649,3784,371,242
993,1145,3785,1649,3785,371,242
993,1145,3786,1649,3786,371,242
993,1145,3787,1649,3787,371,242
993,1145,3788,1649,3788,371,242
993,1145,3789,1649,3789,371,242
992,1145,3790,1649,3790,371,242
992,1145,3791,1649,3791,371,242
991,1145,3792,1649,3792,371,242
991,1145,3793,1649,3793,371,242
991,1145,3794,1649,3794,371,242
991,1145,3795,1649,3795,371,242
991,1145,3796,1649,3796,371,242
991,1145,3797,1649,3797,371,242
992,1145,3798,1649,3798,371,242
992,1145,3799,1649,3799,371,242
992,1145,3800,1649,3800,371,242
992,1145,3801,1649,3801,371,242
992,1145,3802,1649,3802,371,242
992,1145,3803,1649,3803,371,242
992,1145,3804,1649,3804,371,242
991,1145,3805,1649,3805,371,242
991,1145,3806,1649,3806,371,242
991,1145,3807,1649,3807,371,242
991,1145,3808,1649,3808,371,242
991,1145,3809,1649,3809,371,242
990,1145,3810,1649,3810,371,241
990,1145,3811,1649,3811,371,241
990,1145,3812,1649,3812,371,241
990,1145,3813,1649,3813,371,241
990,1145,3814,1649,3814,371,241
988,1145,3815,1649,3815,371,239
988,1145,3816,1649,3816,371,239
988,1145,3817,1649,3817,371,239
988,1145,3818,1649,3818,371,239
988,1145,3819,1649,3819,371,239
988,1145,3820,1649,3820,371,239
989,1145,3821,1649,3821,371,239
988,1145,3822,1649,3822,371,239
988,1145,3823,1649,3823,371,239
989,1145,3824,1649,3824,371,239
989,1145,3825,1649,3825,371,239
989,1145,3826,1649,3826,371,239
988,1145,3827,1649,3827,371,239
988,1145,3828,1649,3828,371,239
989,1145,3829,1649,3829,371,239
990,1145,3830,1649,3830,371,239
990,1145,3831,1649,3831,371,239
990,1145,3832,1649,3832,371,239
989,1145,3833,1649,3833,371,239
989,1145,3834,1649,3834,371,239
989,1145,3835,1649,3835,371,239
989,1145,3836,1649,3836,371,239
987,1145,3837,1649,3837,371,237
987,1145,3838,1649,3838,371,237
986,1145,3839,1649,3839,371,237
984,1145,3840,1649,3840,371,235
984,1145,3841,1649,3841,371,235
984,1145,3842,1649,3842,371,235
984,1145,3843,1649,3843,371,235
984,1145,3844,1649,3844,371,235
984,1145,3845,1649,3845,371,235
984,1145,3846,1649,3846,371,235
984,1145,3847,1649,3847,371,235
984,1145,3848,1649,3848,371,235
985,1145,3849,1649,3849,371,235
985,1145,3850,1649,3850,371,235
985,1145,3851,1649,3851,371,235
984,1145,3852,1649,3852,371,235
984,1145,3853,1649,3853,371,235
984,1145,3854,1649,3854,371,235
984,1145,3855,1649,3855,371,235
984,1145,3856,1649,3856,371,235
984,1145,3857,1649,3857,371,235
983,1145,3858,1649,3858,371,235
983,1145,3859,1649,3859,371,235
983,1145,3860,1649,3860,371,235
981,1145,3861,1649,3861,371,233
981,1145,3862,1649,3862,371,233
980,1145,3863,1649,3863,371,233
980,1145,3864,1649,3864,371,233
980,1145,3865,1649,3865,371,233
980,1145,3866,1649,3866,371,233
980,1145,3867,1649,3867,371,233
981,1145,3868,1649,3868,371,233
981,1145,3869,1649,3869,371,233
981,1145,3870,1649,3870,371,233
981,1145,3871,1649,3871,371,233
980,1145,3872,1649,3872,371,233
979,1145,3873,1649,3873,371,233
979,1145,3874,1649,3874,371,233
979,1145,3875,1649,3875,371,233
979,1145,3876,1649,3876,371,233
979,1145,3877,1649,3877,371,233
978,1145,3878,1649,3878,371,233
978,1145,3879,1649,3879,371,233
978,1145,3880,1649,3880,371,233
978,1145,3881,1649,3881,371,233
977,1145,3882,1649,3882,371,233
977,1145,3883,1649,3883,371,233
977,1145,3884,1649,3884,371,233
977,1145,3885,1649,3885,371,233
977,1145,3886,1649,3886,371,233
977,1145,3887,1649,3887,371,233
977,1145,3888,1649,3888,371,233
977,1145,3889,1649,3889,371,233
978,1145,3890,1649,3890,371,233
978,1145,3891,1649,3891,371,233
978,1145,3892,1649,3892,371,233
978,1145,3893,1649,3893,371,233
979,1145,3894,1649,3894,371,233
979,1145,3895,1649,3895,371,233
979,1145,3896,1649,3896,371,233
980,1145,3897,1649,3897,371,233
979,1145,3898,1649,3898,371,233
977,1145,3899,1649,3899,371,233
977,1145,3900,1649,3900,371,233
977,1145,3901,1649,3901,371,233
978,1145,3902,1649,3902,371,233
978,1145,3903,1649,3903,371,233
978,1145,3904,1649,3904,371,233
978,1145,3905,1649,3905,371,233
979,1145,3906,1649,3906,371,233
979,1145,3907,1649,3907,371,233
979,1145,3908,1649,3908,371,233
979,1145,3909,1649,3909,371,233
979,1145,3910,1649,3910,371,233
979,1145,3911,1649,3911,371,233
980,1145,3912,1649,3912,371,233
980,1145,3913,1649,3913,371,233
980,1145,3914,1649,3914,371,233
981,1145,3915,1649,3915,371,233
981,1145,3916,1649,3916,371,233
981,1145,3917,1649,3917,371,233
981,1145,3918,1649,3918,371,233
981,1145,3919,1649,3919,371,233
981,1145,3920,1649,3920,371,233
981,1145,3921,1649,3921,371,233
981,1145,3922,1649,3922,371,233
981,1145,3923,1649,3923,371,233
981,1145,3924,1649,3924,371,233
980,1145,3925,1649,3925,371,233
981,1145,3926,1649,3926,371,233
981,1145,3927,1649,3927,371,233
981,1145,3928,1649,3928,371,233
980,1145,3929,1649,3929,371,233
979,1145,3930,1649,3930,371,233
980,1145,3931,1649,3931,371,233
980,1145,3932,1649,3932,371,233
980,1145,3933,1649,3933,371,233
981,1145,3934,1649,3934,371,233
981,1145,3935,1649,3935,371,233
981,1145,3936,1649,3936,371,233
982,1145,3937,1649,3937,371,233
982,1145,3938,1649,3938,371,233
983,1145,3939,1649,3939,371,233
983,1145,3940,1649,3940,371,233
983,1145,3941,1649,3941,371,233
983,1145,3942,1649,3942,371,233
984,1145,3943,1649,3943,371,233
984,1145,3944,1649,3944,371,233
984,1145,3945,1649,3945,371,233
984,1145,3946,1649,3946,371,233
984,1145,3947,1649,3947,371,233
984,1145,3948,1649,3948,371,233
982,1145,3949,1649,3949,371,233
982,1145,3950,1649,3950,371,233
982,1145,3951,1649,3951,371,233
983,1145,3952,1649,3952,371,233
983,1145,3953,1649,3953,371,233
984,1145,3954,1649,3954,371,233
984,1145,3955,1649,3955,371,233
984,1145,3956,1649,3956,371,233
982,1145,3957,1649,3957,371,232
982,1145,3958,1649,3958,371,232
982,1145,3959,1649,3959,371,232
982,1145,3960,1649,3960,371,232
981,1145,3961,1649,3961,371,232
981,1145,3962,1649,3962,371,232
981,1145,3963,1649,3963,371,232
980,1145,3964,1649,3964,371,232
979,1145,3965,1649,3965,371,232
979,1145,3966,1649,3966,371,232
979,1145,3967,1649,3967,371,232
979,1145,3968,1649,3968,371,232
979,1145,3969,1649,3969,371,232
979,1145,3970,1649,3970,371,232
978,1145,3971,1649,3971,371,232
979,1145,3972,1649,3972,371,232
979,1145,3973,1649,3973,371,232
979,1145,3974,1649,3974,371,232
979,1145,3975,1649,3975,371,232
979,1145,3976,1649,3976,371,232
980,1145,3977,1649,3977,371,232
980,1145,3978,1649,3978,371,232
980,1145,3979,1649,3979,371,232
979,1145,3980,1649,3980,371,231
980,1145,3981,1649,3981,371,231
979,1145,3982,1649,3982,371,231
979,1145,3983,1649,3983,371,231
979,1145,3984,1649,3984,371,231
979,1145,3985,1649,3985,371,231
980,1145,3986,1649,3986,371,231
980,1145,3987,1649,3987,371,231
980,1145,3988,1649,3988,371,231
981,1145,3989,1649,3989,371,231
981,1145,3990,1649,3990,371,231
981,1145,3991,1649,3991,371,231
981,1145,3992,1649,3992,371,231
982,1145,3993,1649,3993,371,231
982,1145,3994,1649,3994,371,231
982,1145,3995,1649,3995,371,231
982,1145,3996,1649,3996,371,231
982,1145,3997,1649,3997,371,231
982,1145,3998,1649,3998,371,231
982,1145,3999,1649,3999,371,231
982,1145,4000,1649,4000,371,231
981,1145,4001,1649,4001,371,230
981,1145,4002,1649,4002,371,230
981,1145,4003,1649,4003,371,230
982,1145,4004,1649,4004,371,230
982,1145,4005,1649,4005,371,230
982,1145,4006,1649,4006,371,230
982,1145,4007,1649,4007,371,230
981,1145,4008,1649,4008,371,229
981,1145,4009,1649,4009,371,229
981,1145,4010,1649,4010,371,229
980,1145,4011,1649,4011,371,229
979,1145,4012,1649,4012,371,229
979,1145,4013,1649,4013,371,229
979,1145,4014,1649,4014,371,229
979,1145,4015,1649,4015,371,229
978,1145,4016,1649,4016,371,229
978,1145,4017,1649,4017,371,229
978,1145,4018,1649,4018,371,229
979,1145,4019,1649,4019,371,229
979,1145,4020,1649,4020,371,229
977,1145,4021,1649,4021,371,229
977,1145,4022,1649,4022,371,229
977,1145,4023,1649,4023,371,229
977,1145,4024,1649,4024,371,229
977,1145,4025,1649,4025,371,229
977,1145,4026,1649,4026,371,229
977,1145,4027,1649,4027,371,229
977,1145,4028,1649,4028,371,229
977,1145,4029,1649,4029,371,229
977,1145,4030,1649,4030,371,229
976,1145,4031,1649,4031,371,229
975,1145,4032,1649,4032,371,229
975,1145,4033,1649,4033,371,229
976,1145,4034,1649,4034,371,229
976,1145,4035,1649,4035,371,229
975,1145,4036,1649,4036,371,229
975,1145,4037,1649,4037,371,229
975,1145,4038,1649,4038,371,229
975,1145,4039,1649,4039,371,229
974,1145,4040,1649,4040,371,229
973,1145,4041,1649,4041,371,229
972,1145,4042,1649,4042,371,229
972,1145,4043,1649,4043,371,229
972,1145,4044,1649,4044,371,229
973,1145,4045,1649,4045,371,229
972,1145,4046,1649,4046,371,228
972,1145,4047,1649,4047,371,228
972,1145,4048,1649,4048,371,228
972,1145,4049,1649,4049,371,228
972,1145,4050,1649,4050,371,228
972,1145,4051,1649,4051,371,228
972,1145,4052,1649,4052,371,228
973,1145,4053,1649,4053,371,228
974,1145,4054,1649,4054,371,228
974,1145,4055,1649,4055,371,228
974,1145,4056,1649,4056,371,228
972,1145,4057,1649,4057,371,227
972,1145,4058,1649,4058,371,227
972,1145,4059,1649,4059,371,227
972,1145,4060,1649,4060,371,227
970,1145,4061,1649,4061,371,227
971,1145,4062,1649,4062,371,227
971,1145,4063,1649,4063,371,227
971,1145,4064,1649,4064,371,227
971,1145,4065,1649,4065,371,227
971,1145,4066,1649,4066,371,227
971,1145,4067,1649,4067,371,227
971,1145,4068,1649,4068,371,227
971,1145,4069,1649,4069,371,227
968,1145,4070,1649,4070,371,225
968,1145,4071,1649,4071,371,225
966,1145,4072,1649,4072,371,224
966,1145,4073,1649,4073,371,224
966,1145,4074,1649,4074,371,224
966,1145,4075,1649,4075,371,224
966,1145,4076,1649,4076,371,224
967,1145,4077,1649,4077,371,224
967,1145,4078,1649,4078,371,224
967,1145,4079,1649,4079,371,224
967,1145,4080,1649,4080,371,224
966,1145,4081,1649,4081,371,224
966,1145,4082,1649,4082,371,224
966,1145,4083,1649,4083,371,224
966,1145,4084,1649,4084,371,224
966,1145,4085,1649,4085,371,224
965,1145,4086,1649,4086,371,224
965,1145,4087,1649,4087,371,224
965,1145,4088,1649,4088,371,224
965,1145,4089,1649,4089,371,224
965,1145,4090,1649,4090,371,224
965,1145,4091,1649,4091,371,224
965,1145,4092,1649,4092,371,224
965,1145,4093,1649,4093,371,224
965,1145,4094,1649,4094,371,224
964,1145,4095,1649,4095,371,224
963,1145,4096,1649,4096,371,223
963,1145,4097,1649,4097,371,223
963,1145,4098,1649,4098,371,223
963,1145,4099,1649,4099,371,223
964,1145,4100,1649,4100,371,223
964,1145,4101,1649,4101,371,223
962,1145,4102,1649,4102,371,221
962,1145,4103,1649,4103,371,221
963,1145,4104,1649,4104,371,221
963,1145,4105,1649,4105,371,221
963,1145,4106,1649,4106,371,221
963,1145,4107,1649,4107,371,221
964,1145,4108,1649,4108,371,221
964,1145,4109,1649,4109,371,221
964,1145,4110,1649,4110,371,221
964,1145,4111,1649,4111,371,221
965,1145,4112,1649,4112,371,221
965,1145,4113,1649,4113,371,221
965,1145,4114,1649,4114,371,221
965,1145,4115,1649,4115,371,221
965,1145,4116,1649,4116,371,221
965,1145,4117,1649,4117,371,221
965,1145,4118,1649,4118,371,221
966,1145,4119,1649,4119,371,221
966,1145,4120,1649,4120,371,221
966,1145,4121,1649,4121,371,221
967,1145,4122,1649,4122,371,221
967,1145,4123,1649,4123,371,221
967,1145,4124,1649,4124,371,221
967,1145,4125,1649,4125,371,221
967,1145,4126,1649,4126,371,221
967,1145,4127,1649,4127,371,221
967,1145,4128,1649,4128,371,221
967,1145,4129,1649,4129,371,221
968,1145,4130,1649,4130,371,221
968,1145,4131,1649,4131,371,221
968,1145,4132,1649,4132,371,221
968,1145,4133,1649,4133,371,221
968,1145,4134,1649,4134,371,221
968,1145,4135,1649,4135,371,221
968,1145,4136,1649,4136,371,221
967,1145,4137,1649,4137,371,221
967,1145,4138,1649,4138,371,221
967,1145,4139,1649,4139,371,221
967,1145,4140,1649,4140,371,221
968,1145,4141,1649,4141,371,221
966,1145,4142,1649,4142,371,220
966,1145,4143,1649,4143,371,220
966,1145,4144,1649,4144,371,220
966,1145,4145,1649,4145,371,220
966,1145,4146,1649,4146,371,220
966,1145,4147,1649,4147,371,220
966,1145,4148,1649,4148,371,220
966,1145,4149,1649,4149,371,220
966,1145,4150,1649,4150,371,220
967,1145,4151,1649,4151,371,220
967,1145,4152,1649,4152,371,220
967,1145,4153,1649,4153,371,220
968,1145,4154,1649,4154,371,220
968,1145,4155,1649,4155,371,220
968,1145,4156,1649,4156,371,220
968,1145,4157,1649,4157,371,220
968,1145,4158,1649,4158,371,220
968,1145,4159,1649,4159,371,220
968,1145,4160,1649,4160,371,220
968,1145,4161,1649,4161,371,220
968,1145,4162,1649,4162,371,220
968,1145,4163,1649,4163,371,220
968,1145,4164,1649,4164,371,220
968,1145,4165,1649,4165,371,220
968,1145,4166,1649,4166,371,220
968,1145,4167,1649,4167,371,220
968,1145,4168,1649,4168,371,220
966,1145,4169,1649,4169,371,218
964,1145,4170,1649,4170,371,217
964,1145,4171,1649,4171,371,217
964,1145,4172,1649,4172,371,217
964,1145,4173,1649,4173,371,217
961,1145,4174,1649,4174,371,216
962,1145,4175,1649,4175,371,216
961,1145,4176,1649,4176,371,216
960,1145,4177,1649,4177,371,216
959,1145,4178,1649,4178,371,216
960,1145,4179,1649,4179,371,216
960,1145,4180,1649,4180,371,216
959,1145,4181,1649,4181,371,215
959,1145,4182,1649,4182,371,215
959,1145,4183,1649,4183,371,215
957,1145,4184,1649,4184,371,215
957,1145,4185,1649,4185,371,215
957,1145,4186,1649,4186,371,215
957,1145,4187,1649,4187,371,215
956,1145,4188,1649,4188,371,215
956,1145,4189,1649,4189,371,215
956,1145,4190,1649,4190,371,215
956,1145,4191,1649,4191,371,215
956,1145,4192,1649,4192,371,215
956,1145,4193,1649,4193,371,215
956,1145,4194,1649,4194,371,215
956,1145,4195,1649,4195,371,215
956,1145,4196,1649,4196,371,215
956,1145,4197,1649,4197,371,215
956,1145,4198,1649,4198,371,215
956,1145,4199,1649,4199,371,215
957,1145,4200,1649,4200,371,215
958,1145,4201,1649,4201,371,215
958,1145,4202,1649,4202,371,215
958,1145,4203,1649,4203,371,215
958,1145,4204,1649,4204,371,215
958,1145,4205,1649,4205,371,215
958,1145,4206,1649,4206,371,215
958,1145,4207,1649,4207,371,215
957,1145,4208,1649,4208,371,215
957,1145,4209,1649,4209,371,215
958,1145,4210,1649,4210,371,215
958,1145,4211,1649,4211,371,215
957,1145,4212,1649,4212,371,215
957,1145,4213,1649,4213,371,215
956,1145,4214,1649,4214,371,215
956,1145,4215,1649,4215,371,215
956,1145,4216,1649,4216,371,215
955,1145,4217,1649,4217,371,215
956,1145,4218,1649,4218,371,215
956,1145,4219,1649,4219,371,215
956,1145,4220,1649,4220,371,215
956,1145,4221,1649,4221,371,215
956,1145,4222,1649,4222,371,215
956,1145,4223,1649,4223,371,215
956,1145,4224,1649,4224,371,215
956,1145,4225,1649,4225,371,215
954,1145,4226,1649,4226,371,213
953,1145,4227,1649,4227,371,213
954,1145,4228,1649,4228,371,213
954,1145,4229,1649,4229,371,213
954,1145,4230,1649,4230,371,213
954,1145,4231,1649,4231,371,213
953,1145,4232,1649,4232,371,213
953,1145,4233,1649,4233,371,213
953,1145,4234,1649,4234,371,213
953,1145,4235,1649,4235,371,213
953,1145,4236,1649,4236,371,213
953,1145,4237,1649,4237,371,213
952,1145,4238,1649,4238,371,213
952,1145,4239,1649,4239,371,213
953,1145,4240,1649,4240,371,213
953,1145,4241,1649,4241,371,213
952,1145,4242,1649,4242,371,212
952,1145,4243,1649,4243,371,212
952,1145,4244,1649,4244,371,212
952,1145,4245,1649,4245,371,212
953,1145,4246,1649,4246,371,212
953,1145,4247,1649,4247,371,212
952,1145,4248,1649,4248,371,212
952,1145,4249,1649,4249,371,212
952,1145,4250,1649,4250,371,212
952,1145,4251,1649,4251,371,212
952,1145,4252,1649,4252,371,212
952,1145,4253,1649,4253,371,212
952,1145,4254,1649,4254,371,212
952,1145,4255,1649,4255,371,212
952,1145,4256,1649,4256,371,212
951,1145,4257,1649,4257,371,212
951,1145,4258,1649,4258,371,212
951,1145,4259,1649,4259,371,212
951,1145,4260,1649,4260,371,212
951,1145,4261,1649,4261,371,212
951,1145,4262,1649,4262,371,212
950,1145,4263,1649,4263,371,212
950,1145,4264,1649,4264,371,212
949,1145,4265,1649,4265,371,212
949,1145,4266,1649,4266,371,212
949,1145,4267,1649,4267,371,212
949,1145,4268,1649,4268,371,212
949,1145,4269,1649,4269,371,212
950,1145,4270,1649,4270,371,212
950,1145,4271,1649,4271,371,212
949,1145,4272,1649,4272,371,212
949,1145,4273,1649,4273,371,212
949,1145,4274,1649,4274,371,212
949,1145,4275,1649,4275,371,212
949,1145,4276,1649,4276,371,212
949,1145,4277,1649,4277,371,212
950,1145,4278,1649,4278,371,212
949,1145,4279,1649,4279,371,212
949,1145,4280,1649,4280,371,212
949,1145,4281,1649,4281,371,212
949,1145,4282,1649,4282,371,212
949,1145,4283,1649,4283,371,212
949,1145,4284,1649,4284,371,212
950,1145,4285,1649,4285,371,212
949,1145,4286,1649,4286,371,212
949,1145,4287,1649,4287,371,212
949,1145,4288,1649,4288,371,212
949,1145,4289,1649,4289,371,212
948,1145,4290,1649,4290,371,212
949,1145,4291,1649,4291,371,212
949,1145,4292,1649,4292,371,212
949,1145,4293,1649,4293,371,212
949,1145,4294,1649,4294,371,212
948,1145,4295,1649,4295,371,212
947,1145,4296,1649,4296,371,212
947,1145,4297,1649,4297,371,212
947,1145,4298,1649,4298,371,212
947,1145,4299,1649,4299,371,212
947,1145,4300,1649,4300,371,212
947,1145,4301,1649,4301,371,212
947,1145,4302,1649,4302,371,212
946,1145,4303,1649,4303,371,212
946,1145,4304,1649,4304,371,212
945,1145,4305,1649,4305,371,212
945,1145,4306,1649,4306,371,212
945,1145,4307,1649,4307,371,212
944,1145,4308,1649,4308,371,212
943,1145,4309,1649,4309,371,211
943,1145,4310,1649,4310,371,211
943,1145,4311,1649,4311,371,211
943,1145,4312,1649,4312,371,211
943,1145,4313,1649,4313,371,211
942,1145,4314,1649,4314,371,211
942,1145,4315,1649,4315,371,211
942,1145,4316,1649,4316,371,211
942,1145,4317,1649,4317,371,211
942,1145,4318,1649,4318,371,211
942,1145,4319,1649,4319,371,211
942,1145,4320,1649,4320,371,211
942,1145,4321,1649,4321,371,211
941,1145,4322,1649,4322,371,211
941,1145,4323,1649,4323,371,211
941,1145,4324,1649,4324,371,211
941,1145,4325,1649,4325,371,211
940,1145,4326,1649,4326,371,211
940,1145,4327,1649,4327,371,211
941,1145,4328,1649,4328,371,211
940,1145,4329,1649,4329,371,210
940,1145,4330,1649,4330,371,210
939,1145,4331,1649,4331,371,209
939,1145,4332,1649,4332,371,209
938,1145,4333,1649,4333,371,209
938,1145,4334,1649,4334,371,209
938,1145,4335,1649,4335,371,209
937,1145,4336,1649,4336,371,209
937,1145,4337,1649,4337,371,209
937,1145,4338,1649,4338,371,209
936,1145,4339,1649,4339,371,209
936,1145,4340,1649,4340,371,209
936,1145,4341,1649,4341,371,209
936,1145,4342,1649,4342,371,209
936,1145,4343,1649,4343,371,209
936,1145,4344,1649,4344,371,209
936,1145,4345,1649,4345,371,209
936,1145,4346,1649,4346,371,209
936,1145,4347,1649,4347,371,209
935,1145,4348,1649,4348,371,209
936,1145,4349,1649,4349,371,209
936,1145,4350,1649,4350,371,209
936,1145,4351,1649,4351,371,209
936,1145,4352,1649,4352,371,209
936,1145,4353,1649,4353,371,209
936,1145,4354,1649,4354,371,209
936,1145,4355,1649,4355,371,209
936,1145,4356,1649,4356,371,209
936,1145,4357,1649,4357,371,209
936,1145,4358,1649,4358,371,209
936,1145,4359,1649,4359,371,209
936,1145,4360,1649,4360,371,209
936,1145,4361,1649,4361,371,209
936,1145,4362,1649,4362,371,209
936,1145,4363,1649,4363,371,209
936,1145,4364,1649,4364,371,209
936,1145,4365,1649,4365,371,209
936,1145,4366,1649,4366,371,209
936,1145,4367,1649,4367,371,209
935,1145,4368,1649,4368,371,209
935,1145,4369,1649,4369,371,209
935,1145,4370,1649,4370,371,209
934,1145,4371,1649,4371,371,209
933,1145,4372,1649,4372,371,208
933,1145,4373,1649,4373,371,208
933,1145,4374,1649,4374,371,208
933,1145,4375,1649,4375,371,208
933,1145,4376,1649,4376,371,208
933,1145,4377,1649,4377,371,208
933,1145,4378,1649,4378,371,208
933,1145,4379,1649,4379,371,208
933,1145,4380,1649,4380,371,208
933,1145,4381,1649,4381,371,208
933,1145,4382,1649,4382,371,208
933,1145,4383,1649,4383,371,208
934,1145,4384,1649,4384,371,208
934,1145,4385,1649,4385,371,208
935,1145,4386,1649,4386,371,208
935,1145,4387,1649,4387,371,208
935,1145,4388,1649,4388,371,208
935,1145,4389,1649,4389,371,208
935,1145,4390,1649,4390,371,208
935,1145,4391,1649,4391,371,208
933,1145,4392,1649,4392,371,206
933,1145,4393,1649,4393,371,206
933,1145,4394,1649,4394,371,206
934,1145,4395,1649,4395,371,206
934,1145,4396,1649,4396,371,206
933,1145,4397,1649,4397,371,206
934,1145,4398,1649,4398,371,206
935,1145,4399,1649,4399,371,206
935,1145,4400,1649,4400,371,206
934,1145,4401,1649,4401,371,206
934,1145,4402,1649,4402,371,206
934,1145,4403,1649,4403,371,206
935,1145,4404,1649,4404,371,206
935,1145,4405,1649,4405,371,206
935,1145,4406,1649,4406,371,206
934,1145,4407,1649,4407,371,206
934,1145,4408,1649,4408,371,206
935,1145,4409,1649,4409,371,206
935,1145,4410,1649,4410,371,206
935,1145,4411,1649,4411,371,206
935,1145,4412,1649,4412,371,206
935,1145,4413,1649,4413,371,206
935,1145,4414,1649,4414,371,206
934,1145,4415,1649,4415,371,206
934,1145,4416,1649,4416,371,206
934,1145,4417,1649,4417,371,206
934,1145,4418,1649,4418,371,206
934,1145,4419,1649,4419,371,206
934,1145,4420,1649,4420,371,206
933,1145,4421,1649,4421,371,206
933,1145,4422,1649,4422,371,206
932,1145,4423,1649,4423,371,206
932,1145,4424,1649,4424,371,206
932,1145,4425,1649,4425,371,206
933,1145,4426,1649,4426,371,206
933,1145,4427,1649,4427,371,206
932,1145,4428,1649,4428,371,205
932,1145,4429,1649,4429,371,205
932,1145,4430,1649,4430,371,205
932,1145,4431,1649,4431,371,205
932,1145,4432,1649,4432,371,205
932,1145,4433,1649,4433,371,205
932,1145,4434,1649,4434,371,205
932,1145,4435,1649,4435,371,205
932,1145,4436,1649,4436,371,205
932,1145,4437,1649,4437,371,205
932,1145,4438,1649,4438,371,205
932,1145,4439,1649,4439,371,205
932,1145,4440,1649,4440,371,205
931,1145,4441,1649,4441,371,204
929,1145,4442,1649,4442,371,204
929,1145,4443,1649,4443,371,204
929,1145,4444,1649,4444,371,204
929,1145,4445,1649,4445,371,204
929,1145,4446,1649,4446,371,204
929,1145,4447,1649,4447,371,204
929,1145,4448,1649,4448,371,204
929,1145,4449,1649,4449,371,204
929,1145,4450,1649,4450,371,204
928,1145,4451,1649,4451,371,204
928,1145,4452,1649,4452,371,204
927,1145,4453,1649,4453,371,204
927,1145,4454,1649,4454,371,204
927,1145,4455,1649,4455,371,204
927,1145,4456,1649,4456,371,204
927,1145,4457,1649,4457,371,204
927,1145,4458,1649,4458,371,204
926,1145,4459,1649,4459,371,204
926,1145,4460,1649,4460,371,204
926,1145,4461,1649,4461,371,204
925,1145,4462,1649,4462,371,204
925,1145,4463,1649,4463,371,204
925,1145,4464,1649,4464,371,204
925,1145,4465,1649,4465,371,204
925,1145,4466,1649,4466,371,204
925,1145,4467,1649,4467,371,204
925,1145,4468,1649,4468,371,204
925,1145,4469,1649,4469,371,204
926,1145,4470,1649,4470,371,204
926,1145,4471,1649,4471,371,204
926,1145,4472,1649,4472,371,204
927,1145,4473,1649,4473,371,204
927,1145,4474,1649,4474,371,204
926,1145,4475,1649,4475,371,203
926,1145,4476,1649,4476,371,203
926,1145,4477,1649,4477,371,203
926,1145,4478,1649,4478,371,203
926,1145,4479,1649,4479,371,203
926,1145,4480,1649,4480,371,203
925,1145,4481,1649,4481,371,203
925,1145,4482,1649,4482,371,203
925,1145,4483,1649,4483,371,203
925,1145,4484,1649,4484,371,203
925,1145,4485,1649,4485,371,203
925,1145,4486,1649,4486,371,203
925,1145,4487,1649,4487,371,203
925,1145,4488,1649,4488,371,203
925,1145,4489,1649,4489,371,203
925,1145,4490,1649,4490,371,203
926,1145,4491,1649,4491,371,203
926,1145,4492,1649,4492,371,203
926,1145,4493,1649,4493,371,203
926,1145,4494,1649,4494,371,203
925,1145,4495,1649,4495,371,203
925,1145,4496,1649,4496,371,203
924,1145,4497,1649,4497,371,203
924,1145,4498,1649,4498,371,203
924,1145,4499,1649,4499,371,203
924,1145,4500,1649,4500,371,203
925,1145,4501,1649,4501,371,203
925,1145,4502,1649,4502,371,203
923,1145,4503,1649,4503,371,202
923,1145,4504,1649,4504,371,202
923,1145,4505,1649,4505,371,202
923,1145,4506,1649,4506,371,202
923,1145,4507,1649,4507,371,202
923,1145,4508,1649,4508,371,202
923,1145,4509,1649,4509,371,202
923,1145,4510,1649,4510,371,202
923,1145,4511,1649,4511,371,202
923,1145,4512,1649,4512,371,202
923,1145,4513,1649,4513,371,202
923,1145,4514,1649,4514,371,202
923,1145,4515,1649,4515,371,202
922,1145,4516,1649,4516,371,202
922,1145,4517,1649,4517,371,202
922,1145,4518,1649,4518,371,202
922,1145,4519,1649,4519,371,202
922,1145,4520,1649,4520,371,202
922,1145,4521,1649,4521,371,202
922,1145,4522,1649,4522,371,202
922,1145,4523,1649,4523,371,202
922,1145,4524,1649,4524,371,202
922,1145,4525,1649,4525,371,202
922,1145,4526,1649,4526,371,202
921,1145,4527,1649,4527,371,201
921,1145,4528,1649,4528,371,201
921,1145,4529,1649,4529,371,201
920,1145,4530,1649,4530,371,200
920,1145,4531,1649,4531,371,200
920,1145,4532,1649,4532,371,200
920,1145,4533,1649,4533,371,200
920,1145,4534,1649,4534,371,200
921,1145,4535,1649,4535,371,200
921,1145,4536,1649,4536,371,200
921,1145,4537,1649,4537,371,200
922,1145,4538,1649,4538,371,200
922,1145,4539,1649,4539,371,200
922,1145,4540,1649,4540,371,200
923,1145,4541,1649,4541,371,200
923,1145,4542,1649,4542,371,200
923,1145,4543,1649,4543,371,200
923,1145,4544,1649,4544,371,200
923,1145,4545,1649,4545,371,200
923,1145,4546,1649,4546,371,200
921,1145,4547,1649,4547,371,199
921,1145,4548,1649,4548,371,199
921,1145,4549,1649,4549,371,199
920,1145,4550,1649,4550,371,199
918,1145,4551,1649,4551,371,198
918,1145,4552,1649,4552,371,198
918,1145,4553,1649,4553,371,198
918,1145,4554,1649,4554,371,198
918,1145,4555,1649,4555,371,198
918,1145,4556,1649,4556,371,198
918,1145,4557,1649,4557,371,198
918,1145,4558,1649,4558,371,198
918,1145,4559,1649,4559,371,198
918,1145,4560,1649,4560,371,198
918,1145,4561,1649,4561,371,198
918,1145,4562,1649,4562,371,198
919,1145,4563,1649,4563,371,198
919,1145,4564,1649,4564,371,198
920,1145,4565,1649,4565,371,198
921,1145,4566,1649,4566,371,198
921,1145,4567,1649,4567,371,198
922,1145,4568,1649,4568,371,198
922,1145,4569,1649,4569,371,198
922,1145,4570,1649,4570,371,198
922,1145,4571,1649,4571,371,198
922,1145,4572,1649,4572,371,198
922,1145,4573,1649,4573,371,198
922,1145,4574,1649,4574,371,198
921,1145,4575,1649,4575,371,198
921,1145,4576,1649,4576,371,198
921,1145,4577,1649,4577,371,198
921,1145,4578,1649,4578,371,198
922,1145,4579,1649,4579,371,198
922,1145,4580,1649,4580,371,198
922,1145,4581,1649,4581,371,198
921,1145,4582,1649,4582,371,198
921,1145,4583,1649,4583,371,198
921,1145,4584,1649,4584,371,198
921,1145,4585,1649,4585,371,198
921,1145,4586,1649,4586,371,198
920,1145,4587,1649,4587,371,198
920,1145,4588,1649,4588,371,198
920,1145,4589,1649,4589,371,198
920,1145,4590,1649,4590,371,198
921,1145,4591,1649,4591,371,198
921,1145,4592,1649,4592,371,198
921,1145,4593,1649,4593,371,198
921,1145,4594,1649,4594,371,198
922,1145,4595,1649,4595,371,198
923,1145,4596,1649,4596,371,198
921,1145,4597,1649,4597,371,198
921,1145,4598,1649,4598,371,198
921,1145,4599,1649,4599,371,198
921,1145,4600,1649,4600,371,198
920,1145,4601,1649,4601,371,198
921,1145,4602,1649,4602,371,198
921,1145,4603,1649,4603,371,198
921,1145,4604,1649,4604,371,198
921,1145,4605,1649,4605,371,198
921,1145,4606,1649,4606,371,198
921,1145,4607,1649,4607,371,198
921,1145,4608,1649,4608,371,198
921,1145,4609,1649,4609,371,198
921,1145,4610,1649,4610,371,198
921,1145,4611,1649,4611,371,198
921,1145,4612,1649,4612,371,198
921,1145,4613,1649,4613,371,198
921,1145,4614,1649,4614,371,198
921,1145,4615,1649,4615,371,198
921,1145,4616,1649,4616,371,198
921,1145,4617,1649,4617,371,198
920,1145,4618,1649,4618,371,198
920,1145,4619,1649,4619,371,198
920,1145,4620,1649,4620,371,198
920,1145,4621,1649,4621,371,198
919,1145,4622,1649,4622,371,198
919,1145,4623,1649,4623,371,198
919,1145,4624,1649,4624,371,198
919,1145,4625,1649,4625,371,198
919,1145,4626,1649,4626,371,198
919,1145,4627,1649,4627,371,198
919,1145,4628,1649,4628,371,198
918,1145,4629,1649,4629,371,198
917,1145,4630,1649,4630,371,197
917,1145,4631,1649,4631,371,197
917,1145,4632,1649,4632,371,197
917,1145,4633,1649,4633,371,197
917,1145,4634,1649,4634,371,197
917,1145,4635,1649,4635,371,197
917,1145,4636,1649,4636,371,197
917,1145,4637,1649,4637,371,197
917,1145,4638,1649,4638,371,197
917,1145,4639,1649,4639,371,197
917,1145,4640,1649,4640,371,197
917,1145,4641,1649,4641,371,197
917,1145,4642,1649,4642,371,197
918,1145,4643,1649,4643,371,197
918,1145,4644,1649,4644,371,197
917,1145,4645,1649,4645,371,197
918,1145,4646,1649,4646,371,197
918,1145,4647,1649,4647,371,197
918,1145,4648,1649,4648,371,197
918,1145,4649,1649,4649,371,197
918,1145,4650,1649,4650,371,197
918,1145,4651,1649,4651,371,197
918,1145,4652,1649,4652,371,197
918,1145,4653,1649,4653,371,197
918,1145,4654,1649,4654,371,197
918,1145,4655,1649,4655,371,197
918,1145,4656,1649,4656,371,197
919,1145,4657,1649,4657,371,197
919,1145,4658,1649,4658,371,197
918,1145,4659,1649,4659,371,197
918,1145,4660,1649,4660,371,197
918,1145,4661,1649,4661,371,197
918,1145,4662,1649,4662,371,197
918,1145,4663,1649,4663,371,197
918,1145,4664,1649,4664,371,197
919,1145,4665,1649,4665,371,197
919,1145,4666,1649,4666,371,197
920,1145,4667,1649,4667,371,197
920,1145,4668,1649,4668,371,197
920,1145,4669,1649,4669,371,197
920,1145,4670,1649,4670,371,197
920,1145,4671,1649,4671,371,197
920,1145,4672,1649,4672,371,197
919,1145,4673,1649,4673,371,197
919,1145,4674,1649,4674,371,197
918,1145,4675,1649,4675,371,197
918,1145,4676,1649,4676,371,197
918,1145,4677,1649,4677,371,197
917,1145,4678,1649,4678,371,197
917,1145,4679,1649,4679,371,197
917,1145,4680,1649,4680,371,197
917,1145,4681,1649,4681,371,197
917,1145,4682,1649,4682,371,197
917,1145,4683,1649,4683,371,197
917,1145,4684,1649,4684,371,197
917,1145,4685,1649,4685,371,197
917,1145,4686,1649,4686,371,197
918,1145,4687,1649,4687,371,197
918,1145,4688,1649,4688,371,197
918,1145,4689,1649,4689,371,197
918,1145,4690,1649,4690,371,197
919,1145,4691,1649,4691,371,197
919,1145,4692,1649,4692,371,197
919,1145,4693,1649,4693,371,197
919,1145,4694,1649,4694,371,197
919,1145,4695,1649,4695,371,197
919,1145,4696,1649,4696,371,197
920,1145,4697,1649,4697,371,197
920,1145,4698,1649,4698,371,197
920,1145,4699,1649,4699,371,197
920,1145,4700,1649,4700,371,197
920,1145,4701,1649,4701,371,197
921,1145,4702,1649,4702,371,197
921,1145,4703,1649,4703,371,197
921,1145,4704,1649,4704,371,197
922,1145,4705,1649,4705,371,197
923,1145,4706,1649,4706,371,197
923,1145,4707,1649,4707,371,197
923,1145,4708,1649,4708,371,197
923,1145,4709,1649,4709,371,197
923,1145,4710,1649,4710,371,197
924,1145,4711,1649,4711,371,197
924,1145,4712,1649,4712,371,197
923,1145,4713,1649,4713,371,197
923,1145,4714,1649,4714,371,197
923,1145,4715,1649,4715,371,197
923,1145,4716,1649,4716,371,197
921,1145,4717,1649,4717,371,196
922,1145,4718,1649,4718,371,196
922,1145,4719,1649,4719,371,196
922,1145,4720,1649,4720,371,196
922,1145,4721,1649,4721,371,196
921,1145,4722,1649,4722,371,196
921,1145,4723,1649,4723,371,196
921,1145,4724,1649,4724,371,196
921,1145,4725,1649,4725,371,196
921,1145,4726,1649,4726,371,196
921,1145,4727,1649,4727,371,196
922,1145,4728,1649,4728,371,196
922,1145,4729,1649,4729,371,196
922,1145,4730,1649,4730,371,196
922,1145,4731,1649,4731,371,196
922,1145,4732,1649,4732,371,196
923,1145,4733,1649,4733,371,196
923,1145,4734,1649,4734,371,196
923,1145,4735,1649,4735,371,196
923,1145,4736,1649,4736,371,196
924,1145,4737,1649,4737,371,196
923,1145,4738,1649,4738,371,196
923,1145,4739,1649,4739,371,196
923,1145,4740,1649,4740,371,196
923,1145,4741,1649,4741,371,196
923,1145,4742,1649,4742,371,196
923,1145,4743,1649,4743,371,196
923,1145,4744,1649,4744,371,196
922,1145,4745,1649,4745,371,196
922,1145,4746,1649,4746,371,196
922,1145,4747,1649,4747,371,196
922,1145,4748,1649,4748,371,196
922,1145,4749,1649,4749,371,196
922,1145,4750,1649,4750,371,196
922,1145,4751,1649,4751,371,196
922,1145,4752,1649,4752,371,196
922,1145,4753,1649,4753,371,196
922,1145,4754,1649,4754,371,196
922,1145,4755,1649,4755,371,196
922,1145,4756,1649,4756,371,196
922,1145,4757,1649,4757,371,196
921,1145,4758,1649,4758,371,196
921,1145,4759,1649,4759,371,196
921,1145,4760,1649,4760,371,196
921,1145,4761,1649,4761,371,196
920,1145,4762,1649,4762,371,196
919,1145,4763,1649,4763,371,196
919,1145,4764,1649,4764,371,196
919,1145,4765,1649,4765,371,196
919,1145,4766,1649,4766,371,196
919,1145,4767,1649,4767,371,196
919,1145,4768,1649,4768,371,196
919,1145,4769,1649,4769,371,196
919,1145,4770,1649,4770,371,196
919,1145,4771,1649,4771,371,196
919,1145,4772,1649,4772,371,196
919,1145,4773,1649,4773,371,196
919,1145,4774,1649,4774,371,196
919,1145,4775,1649,4775,371,196
920,1145,4776,1649,4776,371,196
920,1145,4777,1649,4777,371,196
920,1145,4778,1649,4778,371,196
920,1145,4779,1649,4779,371,196
920,1145,4780,1649,4780,371,196
920,1145,4781,1649,4781,371,196
919,1145,4782,1649,4782,371,196
919,1145,4783,1649,4783,371,196
919,1145,4784,1649,4784,371,196
919,1145,4785,1649,4785,371,196
918,1145,4786,1649,4786,371,195
918,1145,4787,1649,4787,371,195
918,1145,4788,1649,4788,371,195
918,1145,4789,1649,4789,371,195
918,1145,4790,1649,4790,371,195
918,1145,4791,1649,4791,371,195
918,1145,4792,1649,4792,371,195
918,1145,4793,1649,4793,371,195
918,1145,4794,1649,4794,371,195
917,1145,4795,1649,4795,371,195
917,1145,4796,1649,4796,371,195
917,1145,4797,1649,4797,371,195
917,1145,4798,1649,4798,371,195
917,1145,4799,1649,4799,371,195
917,1145,4800,1649,4800,371,195
917,1145,4801,1649,4801,371,195
917,1145,4802,1649,4802,371,195
917,1145,4803,1649,4803,371,195
917,1145,4804,1649,4804,371,195
917,1145,4805,1649,4805,371,195
916,1145,4806,1649,4806,371,195
915,1145,4807,1649,4807,371,195
915,1145,4808,1649,4808,371,195
915,1145,4809,1649,4809,371,195
915,1145,4810,1649,4810,371,195
915,1145,4811,1649,4811,371,195
915,1145,4812,1649,4812,371,195
914,1145,4813,1649,4813,371,195
914,1145,4814,1649,4814,371,195
914,1145,4815,1649,4815,371,195
914,1145,4816,1649,4816,371,195
913,1145,4817,1649,4817,371,195
913,1145,4818,1649,4818,371,195
913,1145,4819,1649,4819,371,195
913,1145,4820,1649,4820,371,195
913,1145,4821,1649,4821,371,195
912,1145,4822,1649,4822,371,195
912,1145,4823,1649,4823,371,195
912,1145,4824,1649,4824,371,195
912,1145,4825,1649,4825,371,195
912,1145,4826,1649,4826,371,195
912,1145,4827,1649,4827,371,195
912,1145,4828,1649,4828,371,195
912,1145,4829,1649,4829,371,195
911,1145,4830,1649,4830,371,194
911,1145,4831,1649,4831,371,194
911,1145,4832,1649,4832,371,194
910,1145,4833,1649,4833,371,194
910,1145,4834,1649,4834,371,194
911,1145,4835,1649,4835,371,194
911,1145,4836,1649,4836,371,194
910,1145,4837,1649,4837,371,194
910,1145,4838,1649,4838,371,194
911,1145,4839,1649,4839,371,194
911,1145,4840,1649,4840,371,194
911,1145,4841,1649,4841,371,194
912,1145,4842,1649,4842,371,194
912,1145,4843,1649,4843,371,194
912,1145,4844,1649,4844,371,194
912,1145,4845,1649,4845,371,194
912,1145,4846,1649,4846,371,194
912,1145,4847,1649,4847,371,194
912,1145,4848,1649,4848,371,194
912,1145,4849,1649,4849,371,194
912,1145,4850,1649,4850,371,194
912,1145,4851,1649,4851,371,194
912,1145,4852,1649,4852,371,194
912,1145,4853,1649,4853,371,194
911,1145,4854,1649,4854,371,194
911,1145,4855,1649,4855,371,194
911,1145,4856,1649,4856,371,194
909,1145,4857,1649,4857,371,192
908,1145,4858,1649,4858,371,192
908,1145,4859,1649,4859,371,192
908,1145,4860,1649,4860,371,192
908,1145,4861,1649,4861,371,192
908,1145,4862,1649,4862,371,192
908,1145,4863,1649,4863,371,192
908,1145,4864,1649,4864,371,192
908,1145,4865,1649,4865,371,192
908,1145,4866,1649,4866,371,192
908,1145,4867,1649,4867,371,192
908,1145,4868,1649,4868,371,192
908,1145,4869,1649,4869,371,192
908,1145,4870,1649,4870,371,192
908,1145,4871,1649,4871,371,192
908,1145,4872,1649,4872,371,192
909,1145,4873,1649,4873,371,192
909,1145,4874,1649,4874,371,192
909,1145,4875,1649,4875,371,192
909,1145,4876,1649,4876,371,192
909,1145,4877,1649,4877,371,192
908,1145,4878,1649,4878,371,192
908,1145,4879,1649,4879,371,192
907,1145,4880,1649,4880,371,191
907,1145,4881,1649,4881,371,191
908,1145,4882,1649,4882,371,191
908,1145,4883,1649,4883,371,191
909,1145,4884,1649,4884,371,191
909,1145,4885,1649,4885,371,191
909,1145,4886,1649,4886,371,191
909,1145,4887,1649,4887,371,191
910,1145,4888,1649,4888,371,191
910,1145,4889,1649,4889,371,191
910,1145,4890,1649,4890,371,191
910,1145,4891,1649,4891,371,191
910,1145,4892,1649,4892,371,191
910,1145,4893,1649,4893,371,191
910,1145,4894,1649,4894,371,191
910,1145,4895,1649,4895,371,191
910,1145,4896,1649,4896,371,191
910,1145,4897,1649,4897,371,191
910,1145,4898,1649,4898,371,191
910,1145,4899,1649,4899,371,191
910,1145,4900,1649,4900,371,191
910,1145,4901,1649,4901,371,191
909,1145,4902,1649,4902,371,190
909,1145,4903,1649,4903,371,190
909,1145,4904,1649,4904,371,190
909,1145,4905,1649,4905,371,190
908,1145,4906,1649,4906,371,190
908,1145,4907,1649,4907,371,190
908,1145,4908,1649,4908,371,190
908,1145,4909,1649,4909,371,190
909,1145,4910,1649,4910,371,190
909,1145,4911,1649,4911,371,190
909,1145,4912,1649,4912,371,190
909,1145,4913,1649,4913,371,190
909,1145,4914,1649,4914,371,190
909,1145,4915,1649,4915,371,190
909,1145,4916,1649,4916,371,190
909,1145,4917,1649,4917,371,190
909,1145,4918,1649,4918,371,190
909,1145,4919,1649,4919,371,190
909,1145,4920,1649,4920,371,190
909,1145,4921,1649,4921,371,190
909,1145,4922,1649,4922,371,190
909,1145,4923,1649,4923,371,190
909,1145,4924,1649,4924,371,190
910,1145,4925,1649,4925,371,190
910,1145,4926,1649,4926,371,190
910,1145,4927,1649,4927,371,190
910,1145,4928,1649,4928,371,190
910,1145,4929,1649,4929,371,190
911,1145,4930,1649,4930,371,190
911,1145,4931,1649,4931,371,190
911,1145,4932,1649,4932,371,190
911,1145,4933,1649,4933,371,190
911,1145,4934,1649,4934,371,190
911,1145,4935,1649,4935,371,190
911,1145,4936,1649,4936,371,190
911,1145,4937,1649,4937,371,190
911,1145,4938,1649,4938,371,190
911,1145,4939,1649,4939,371,190
911,1145,4940,1649,4940,371,190
912,1145,4941,1649,4941,371,190
912,1145,4942,1649,4942,371,190
912,1145,4943,1649,4943,371,190
912,1145,4944,1649,4944,371,190
912,1145,4945,1649,4945,371,190
912,1145,4946,1649,4946,371,190
912,1145,4947,1649,4947,371,190
911,1145,4948,1649,4948,371,190
911,1145,4949,1649,4949,371,190
911,1145,4950,1649,4950,371,190
911,1145,4951,1649,4951,371,190
911,1145,4952,1649,4952,371,190
909,1145,4953,1649,4953,371,190
909,1145,4954,1649,4954,371,190
909,1145,4955,1649,4955,371,190
909,1145,4956,1649,4956,371,190
909,1145,4957,1649,4957,371,190
909,1145,4958,1649,4958,371,190
909,1145,4959,1649,4959,371,190
909,1145,4960,1649,4960,371,190
909,1145,4961,1649,4961,371,190
909,1145,4962,1649,4962,371,190
909,1145,4963,1649,4963,371,190
909,1145,4964,1649,4964,371,190
909,1145,4965,1649,4965,371,190
910,1145,4966,1649,4966,371,190
910,1145,4967,1649,4967,371,190
910,1145,4968,1649,4968,371,190
910,1145,4969,1649,4969,371,190
909,1145,4970,1649,4970,371,190
910,1145,4971,1649,4971,371,190
909,1145,4972,1649,4972,371,189
909,1145,4973,1649,4973,371,189
909,1145,4974,1649,4974,371,189
909,1145,4975,1649,4975,371,189
908,1145,4976,1649,4976,371,189
908,1145,4977,1649,4977,371,189
908,1145,4978,1649,4978,371,189
906,1145,4979,1649,4979,371,189
906,1145,4980,1649,4980,371,189
907,1145,4981,1649,4981,371,189
907,1145,4982,1649,4982,371,189
907,1145,4983,1649,4983,371,189
906,1145,4984,1649,4984,371,189
906,1145,4985,1649,4985,371,189
906,1145,4986,1649,4986,371,189
906,1145,4987,1649,4987,371,189
906,1145,4988,1649,4988,371,189
906,1145,4989,1649,4989,371,189
906,1145,4990,1649,4990,371,189
905,1145,4991,1649,4991,371,189
905,1145,4992,1649,4992,371,189
905,1145,4993,1649,4993,371,189
904,1145,4994,1649,4994,371,189
903,1145,4995,1649,4995,371,189
903,1145,4996,1649,4996,371,189
902,1145,4997,1649,4997,371,189
902,1145,4998,1649,4998,371,189
902,1145,4999,1649,4999,371,189
902,1145,5000,1649,5000,371,189
902,1145,5001,1649,5001,371,189
902,1145,5002,1649,5002,371,189
903,1145,5003,1649,5003,371,189
903,1145,5004,1649,5004,371,189
903,1145,5005,1649,5005,371,189
903,1145,5006,1649,5006,371,189
903,1145,5007,1649,5007,371,189
903,1145,5008,1649,5008,371,189
902,1145,5009,1649,5009,371,189
902,1145,5010,1649,5010,371,189
902,1145,5011,1649,5011,371,189
903,1145,5012,1649,5012,371,189
903,1145,5013,1649,5013,371,189
903,1145,5014,1649,5014,371,189
903,1145,5015,1649,5015,371,189
903,1145,5016,1649,5016,371,189
904,1145,5017,1649,5017,371,189
904,1145,5018,1649,5018,371,189
903,1145,5019,1649,5019,371,189
903,1145,5020,1649,5020,371,189
903,1145,5021,1649,5021,371,189
903,1145,5022,1649,5022,371,189
903,1145,5023,1649,5023,371,189
903,1145,5024,1649,5024,371,189
903,1145,5025,1649,5025,371,189
903,1145,5026,1649,5026,371,189
903,1145,5027,1649,5027,371,189
903,1145,5028,1649,5028,371,189
903,1145,5029,1649,5029,371,189
902,1145,5030,1649,5030,371,189
902,1145,5031,1649,5031,371,189
902,1145,5032,1649,5032,371,189
902,1145,5033,1649,5033,371,189
901,1145,5034,1649,5034,371,189
901,1145,5035,1649,5035,371,189
901,1145,5036,1649,5036,371,189
901,1145,5037,1649,5037,371,189
901,1145,5038,1649,5038,371,189
901,1145,5039,1649,5039,371,189
901,1145,5040,1649,5040,371,189
901,1145,5041,1649,5041,371,189
901,1145,5042,1649,5042,371,189
902,1145,5043,1649,5043,371,189
901,1145,5044,1649,5044,371,189
901,1145,5045,1649,5045,371,189
901,1145,5046,1649,5046,371,189
900,1145,5047,1649,5047,371,189
901,1145,5048,1649,5048,371,189
900,1145,5049,1649,5049,371,189
899,1145,5050,1649,5050,371,189
899,1145,5051,1649,5051,371,189
898,1145,5052,1649,5052,371,189
898,1145,5053,1649,5053,371,189
899,1145,5054,1649,5054,371,189
899,1145,5055,1649,5055,371,189
899,1145,5056,1649,5056,371,189
899,1145,5057,1649,5057,371,189
899,1145,5058,1649,5058,371,189
898,1145,5059,1649,5059,371,189
898,1145,5060,1649,5060,371,189
897,1145,5061,1649,5061,371,189
897,1145,5062,1649,5062,371,189
897,1145,5063,1649,5063,371,189
897,1145,5064,1649,5064,371,189
898,1145,5065,1649,5065,371,189
898,1145,5066,1649,5066,371,189
897,1145,5067,1649,5067,371,188
896,1145,5068,1649,5068,371,188
896,1145,5069,1649,5069,371,188
896,1145,5070,1649,5070,371,188
896,1145,5071,1649,5071,371,188
896,1145,5072,1649,5072,371,188
896,1145,5073,1649,5073,371,188
896,1145,5074,1649,5074,371,188
896,1145,5075,1649,5075,371,188
896,1145,5076,1649,5076,371,188
896,1145,5077,1649,5077,371,188
896,1145,5078,1649,5078,371,188
896,1145,5079,1649,5079,371,188
896,1145,5080,1649,5080,371,188
896,1145,5081,1649,5081,371,188
896,1145,5082,1649,5082,371,188
895,1145,5083,1649,5083,371,188
895,1145,5084,1649,5084,371,188
895,1145,5085,1649,5085,371,188
895,1145,5086,1649,5086,371,188
895,1145,5087,1649,5087,371,188
895,1145,5088,1649,5088,371,188
895,1145,5089,1649,5089,371,188
894,1145,5090,1649,5090,371,188
894,1145,5091,1649,5091,371,188
894,1145,5092,1649,5092,371,188
894,1145,5093,1649,5093,371,188
894,1145,5094,1649,5094,371,188
894,1145,5095,1649,5095,371,188
894,1145,5096,1649,5096,371,188
894,1145,5097,1649,5097,371,188
894,1145,5098,1649,5098,371,188
894,1145,5099,1649,5099,371,188
894,1145,5100,1649,5100,371,188
894,1145,5101,1649,5101,371,188
894,1145,5102,1649,5102,371,188
894,1145,5103,1649,5103,371,188
894,1145,5104,1649,5104,371,188
893,1145,5105,1649,5105,371,188
893,1145,5106,1649,5106,371,188
893,1145,5107,1649,5107,371,188
894,1145,5108,1649,5108,371,188
894,1145,5109,1649,5109,371,188
894,1145,5110,1649,5110,371,188
894,1145,5111,1649,5111,371,188
894,1145,5112,1649,5112,371,188
894,1145,5113,1649,5113,371,188
894,1145,5114,1649,5114,371,188
894,1145,5115,1649,5115,371,188
894,1145,5116,1649,5116,371,188
894,1145,5117,1649,5117,371,188
894,1145,5118,1649,5118,371,188
894,1145,5119,1649,5119,371,188
893,1145,5120,1649,5120,371,188
894,1145,5121,1649,5121,371,188
894,1145,5122,1649,5122,371,188
894,1145,5123,1649,5123,371,188
894,1145,5124,1649,5124,371,188
894,1145,5125,1649,5125,371,188
894,1145,5126,1649,5126,371,188
894,1145,5127,1649,5127,371,188
894,1145,5128,1649,5128,371,188
894,1145,5129,1649,5129,371,188
893,1145,5130,1649,5130,371,188
893,1145,5131,1649,5131,371,188
893,1145,5132,1649,5132,371,188
891,1145,5133,1649,5133,371,188
891,1145,5134,1649,5134,371,188
891,1145,5135,1649,5135,371,188
891,1145,5136,1649,5136,371,188
891,1145,5137,1649,5137,371,188
891,1145,5138,1649,5138,371,188
891,1145,5139,1649,5139,371,188
889,1145,5140,1649,5140,371,188
889,1145,5141,1649,5141,371,188
889,1145,5142,1649,5142,371,188
889,1145,5143,1649,5143,371,188
889,1145,5144,1649,5144,371,188
889,1145,5145,1649,5145,371,188
889,1145,5146,1649,5146,371,188
890,1145,5147,1649,5147,371,188
890,1145,5148,1649,5148,371,188
890,1145,5149,1649,5149,371,188
890,1145,5150,1649,5150,371,188
890,1145,5151,1649,5151,371,188
890,1145,5152,1649,5152,371,188
889,1145,5153,1649,5153,371,188
889,1145,5154,1649,5154,371,188
889,1145,5155,1649,5155,371,188
889,1145,5156,1649,5156,371,188
889,1145,5157,1649,5157,371,188
889,1145,5158,1649,5158,371,188
889,1145,5159,1649,5159,371,188
889,1145,5160,1649,5160,371,188
889,1145,5161,1649,5161,371,188
889,1145,5162,1649,5162,371,188
889,1145,5163,1649,5163,371,188
887,1145,5164,1649,5164,371,187
888,1145,5165,1649,5165,371,187
888,1145,5166,1649,5166,371,187
888,1145,5167,1649,5167,371,187
888,1145,5168,1649,5168,371,187
888,1145,5169,1649,5169,371,187
888,1145,5170,1649,5170,371,187
888,1145,5171,1649,5171,371,187
887,1145,5172,1649,5172,371,187
887,1145,5173,1649,5173,371,187
887,1145,5174,1649,5174,371,187
887,1145,5175,1649,5175,371,187
887,1145,5176,1649,5176,371,187
887,1145,5177,1649,5177,371,187
887,1145,5178,1649,5178,371,187
887,1145,5179,1649,5179,371,187
887,1145,5180,1649,5180,371,187
887,1145,5181,1649,5181,371,187
887,1145,5182,1649,5182,371,187
887,1145,5183,1649,5183,371,187
888,1145,5184,1649,5184,371,187
888,1145,5185,1649,5185,371,187
888,1145,5186,1649,5186,371,187
888,1145,5187,1649,5187,371,187
888,1145,5188,1649,5188,371,187
888,1145,5189,1649,5189,371,187
888,1145,5190,1649,5190,371,187
888,1145,5191,1649,5191,371,187
888,1145,5192,1649,5192,371,187
889,1145,5193,1649,5193,371,187
889,1145,5194,1649,5194,371,187
889,1145,5195,1649,5195,371,187
888,1145,5196,1649,5196,371,187
888,1145,5197,1649,5197,371,187
889,1145,5198,1649,5198,371,187
889,1145,5199,1649,5199,371,187
889,1145,5200,1649,5200,371,187
888,1145,5201,1649,5201,371,187
888,1145,5202,1649,5202,371,187
887,1145,5203,1649,5203,371,187
887,1145,5204,1649,5204,371,187
888,1145,5205,1649,5205,371,187
887,1145,5206,1649,5206,371,187
887,1145,5207,1649,5207,371,187
887,1145,5208,1649,5208,371,187
887,1145,5209,1649,5209,371,187
887,1145,5210,1649,5210,371,187
887,1145,5211,1649,5211,371,187
887,1145,5212,1649,5212,371,187
887,1145,5213,1649,5213,371,187
887,1145,5214,1649,5214,371,187
887,1145,5215,1649,5215,371,187
887,1145,5216,1649,5216,371,187
887,1145,5217,1649,5217,371,187
888,1145,5218,1649,5218,371,187
888,1145,5219,1649,5219,371,187
888,1145,5220,1649,5220,371,187
888,1145,5221,1649,5221,371,187
888,1145,5222,1649,5222,371,187
888,1145,5223,1649,5223,371,187
888,1145,5224,1649,5224,371,187
888,1145,5225,1649,5225,371,187
888,1145,5226,1649,5226,371,187
888,1145,5227,1649,5227,371,187
888,1145,5228,1649,5228,371,187
888,1145,5229,1649,5229,371,187
889,1145,5230,1649,5230,371,187
889,1145,5231,1649,5231,371,187
889,1145,5232,1649,5232,371,187
888,1145,5233,1649,5233,371,187
888,1145,5234,1649,5234,371,187
887,1145,5235,1649,5235,371,187
887,1145,5236,1649,5236,371,187
887,1145,5237,1649,5237,371,187
887,1145,5238,1649,5238,371,187
888,1145,5239,1649,5239,371,187
888,1145,5240,1649,5240,371,187
887,1145,5241,1649,5241,371,187
888,1145,5242,1649,5242,371,187
888,1145,5243,1649,5243,371,187
888,1145,5244,1649,5244,371,187
888,1145,5245,1649,5245,371,187
888,1145,5246,1649,5246,371,187
888,1145,5247,1649,5247,371,187
888,1145,5248,1649,5248,371,187
888,1145,5249,1649,5249,371,187
888,1145,5250,1649,5250,371,187
888,1145,5251,1649,5251,371,187
888,1145,5252,1649,5252,371,187
888,1145,5253,1649,5253,371,187
888,1145,5254,1649,5254,371,187
888,1145,5255,1649,5255,371,187
888,1145,5256,1649,5256,371,187
889,1145,5257,1649,5257,371,187
890,1145,5258,1649,5258,371,187
890,1145,5259,1649,5259,371,187
890,1145,5260,1649,5260,371,187
890,1145,5261,1649,5261,371,187
890,1145,5262,1649,5262,371,187
890,1145,5263,1649,5263,371,187
890,1145,5264,1649,5264,371,187
891,1145,5265,1649,5265,371,187
891,1145,5266,1649,5266,371,187
891,1145,5267,1649,5267,371,187
891,1145,5268,1649,5268,371,187
891,1145,5269,1649,5269,371,187
891,1145,5270,1649,5270,371,187
890,1145,5271,1649,5271,371,187
890,1145,5272,1649,5272,371,187
890,1145,5273,1649,5273,371,187
891,1145,5274,1649,5274,371,187
891,1145,5275,1649,5275,371,187
891,1145,5276,1649,5276,371,187
891,1145,5277,1649,5277,371,187
891,1145,5278,1649,5278,371,187
891,1145,5279,1649,5279,371,187
891,1145,5280,1649,5280,371,187
891,1145,5281,1649,5281,371,187
891,1145,5282,1649,5282,371,187
891,1145,5283,1649,5283,371,187
891,1145,5284,1649,5284,371,187
892,1145,5285,1649,5285,371,187
892,1145,5286,1649,5286,371,187
892,1145,5287,1649,5287,371,187
892,1145,5288,1649,5288,371,187
892,1145,5289,1649,5289,371,187
892,1145,5290,1649,5290,371,187
892,1145,5291,1649,5291,371,187
892,1145,5292,1649,5292,371,187
892,1145,5293,1649,5293,371,187
892,1145,5294,1649,5294,371,187
892,1145,5295,1649,5295,371,187
891,1145,5296,1649,5296,371,187
890,1145,5297,1649,5297,371,187
890,1145,5298,1649,5298,371,187
889,1145,5299,1649,5299,371,187
889,1145,5300,1649,5300,371,187
890,1145,5301,1649,5301,371,187
890,1145,5302,1649,5302,371,187
890,1145,5303,1649,5303,371,187
890,1145,5304,1649,5304,371,187
889,1145,5305,1649,5305,371,187
889,1145,5306,1649,5306,371,187
889,1145,5307,1649,5307,371,187
889,1145,5308,1649,5308,371,187
889,1145,5309,1649,5309,371,187
889,1145,5310,1649,5310,371,187
889,1145,5311,1649,5311,371,187
889,1145,5312,1649,5312,371,187
890,1145,5313,1649,5313,371,187
890,1145,5314,1649,5314,371,187
890,1145,5315,1649,5315,371,187
890,1145,5316,1649,5316,371,187
890,1145,5317,1649,5317,371,187
890,1145,5318,1649,5318,371,187
890,1145,5319,1649,5319,371,187
890,1145,5320,1649,5320,371,187
890,1145,5321,1649,5321,371,187
890,1145,5322,1649,5322,371,187
891,1145,5323,1649,5323,371,187
891,1145,5324,1649,5324,371,187
890,1145,5325,1649,5325,371,186
890,1145,5326,1649,5326,371,186
889,1145,5327,1649,5327,371,186
889,1145,5328,1649,5328,371,186
888,1145,5329,1649,5329,371,186
889,1145,5330,1649,5330,371,186
889,1145,5331,1649,5331,371,186
889,1145,5332,1649,5332,371,186
889,1145,5333,1649,5333,371,186
889,1145,5334,1649,5334,371,186
889,1145,5335,1649,5335,371,186
888,1145,5336,1649,5336,371,185
888,1145,5337,1649,5337,371,185
888,1145,5338,1649,5338,371,185
888,1145,5339,1649,5339,371,185
889,1145,5340,1649,5340,371,185
890,1145,5341,1649,5341,371,185
890,1145,5342,1649,5342,371,185
890,1145,5343,1649,5343,371,185
890,1145,5344,1649,5344,371,185
890,1145,5345,1649,5345,371,185
890,1145,5346,1649,5346,371,185
890,1145,5347,1649,5347,371,185
888,1145,5348,1649,5348,371,185
888,1145,5349,1649,5349,371,185
888,1145,5350,1649,5350,371,185
887,1145,5351,1649,5351,371,184
887,1145,5352,1649,5352,371,184
887,1145,5353,1649,5353,371,184
887,1145,5354,1649,5354,371,184
887,1145,5355,1649,5355,371,184
887,1145,5356,1649,5356,371,184
887,1145,5357,1649,5357,371,184
887,1145,5358,1649,5358,371,184
887,1145,5359,1649,5359,371,184
887,1145,5360,1649,5360,371,184
887,1145,5361,1649,5361,371,184
887,1145,5362,1649,5362,371,184
888,1145,5363,1649,5363,371,184
888,1145,5364,1649,5364,371,184
888,1145,5365,1649,5365,371,184
888,1145,5366,1649,5366,371,184
888,1145,5367,1649,5367,371,184
888,1145,5368,1649,5368,371,184
888,1145,5369,1649,5369,371,184
889,1145,5370,1649,5370,371,184
889,1145,5371,1649,5371,371,184
888,1145,5372,1649,5372,371,184
888,1145,5373,1649,5373,371,184
888,1145,5374,1649,5374,371,184
888,1145,5375,1649,5375,371,184
888,1145,5376,1649,5376,371,184
888,1145,5377,1649,5377,371,184
888,1145,5378,1649,5378,371,184
888,1145,5379,1649,5379,371,184
888,1145,5380,1649,5380,371,184
887,1145,5381,1649,5381,371,184
887,1145,5382,1649,5382,371,184
887,1145,5383,1649,5383,371,184
887,1145,5384,1649,5384,371,184
887,1145,5385,1649,5385,371,184
886,1145,5386,1649,5386,371,183
885,1145,5387,1649,5387,371,183
885,1145,5388,1649,5388,371,183
885,1145,5389,1649,5389,371,183
886,1145,5390,1649,5390,371,183
886,1145,5391,1649,5391,371,183
886,1145,5392,1649,5392,371,183
886,1145,5393,1649,5393,371,183
886,1145,5394,1649,5394,371,183
886,1145,5395,1649,5395,371,183
886,1145,5396,1649,5396,371,183
886,1145,5397,1649,5397,371,183
885,1145,5398,1649,5398,371,183
885,1145,5399,1649,5399,371,183
885,1145,5400,1649,5400,371,183
885,1145,5401,1649,5401,371,183
885,1145,5402,1649,5402,371,183
885,1145,5403,1649,5403,371,183
885,1145,5404,1649,5404,371,183
885,1145,5405,1649,5405,371,183
885,1145,5406,1649,5406,371,183
885,1145,5407,1649,5407,371,183
885,1145,5408,1649,5408,371,183
885,1145,5409,1649,5409,371,183
885,1145,5410,1649,5410,371,183
885,1145,5411,1649,5411,371,183
885,1145,5412,1649,5412,371,183
885,1145,5413,1649,5413,371,183
885,1145,5414,1649,5414,371,183
885,1145,5415,1649,5415,371,183
885,1145,5416,1649,5416,371,183
886,1145,5417,1649,5417,371,183
886,1145,5418,1649,5418,371,183
886,1145,5419,1649,5419,371,183
886,1145,5420,1649,5420,371,183
886,1145,5421,1649,5421,371,183
886,1145,5422,1649,5422,371,183
886,1145,5423,1649,5423,371,183
886,1145,5424,1649,5424,371,183
885,1145,5425,1649,5425,371,183
885,1145,5426,1649,5426,371,183
885,1145,5427,1649,5427,371,183
885,1145,5428,1649,5428,371,183
885,1145,5429,1649,5429,371,183
883,1145,5430,1649,5430,371,183
883,1145,5431,1649,5431,371,183
883,1145,5432,1649,5432,371,183
883,1145,5433,1649,5433,371,183
883,1145,5434,1649,5434,371,183
883,1145,5435,1649,5435,371,183
883,1145,5436,1649,5436,371,183
884,1145,5437,1649,5437,371,183
885,1145,5438,1649,5438,371,183
885,1145,5439,1649,5439,371,183
886,1145,5440,1649,5440,371,183
886,1145,5441,1649,5441,371,183
886,1145,5442,1649,5442,371,183
886,1145,5443,1649,5443,371,183
886,1145,5444,1649,5444,371,183
886,1145,5445,1649,5445,371,183
886,1145,5446,1649,5446,371,183
886,1145,5447,1649,5447,371,183
886,1145,5448,1649,5448,371,183
886,1145,5449,1649,5449,371,183
886,1145,5450,1649,5450,371,183
886,1145,5451,1649,5451,371,183
885,1145,5452,1649,5452,371,182
885,1145,5453,1649,5453,371,182
885,1145,5454,1649,5454,371,182
885,1145,5455,1649,5455,371,182
885,1145,5456,1649,5456,371,182
885,1145,5457,1649,5457,371,182
885,1145,5458,1649,5458,371,182
885,1145,5459,1649,5459,371,182
885,1145,5460,1649,5460,371,182
886,1145,5461,1649,5461,371,182
887,1145,5462,1649,5462,371,182
888,1145,5463,1649,5463,371,182
889,1145,5464,1649,5464,371,182
890,1145,5465,1649,5465,371,182
889,1145,5466,1649,5466,371,182
889,1145,5467,1649,5467,371,182
889,1145,5468,1649,5468,371,182
889,1145,5469,1649,5469,371,182
889,1145,5470,1649,5470,371,182
890,1145,5471,1649,5471,371,182
890,1145,5472,1649,5472,371,182
890,1145,5473,1649,5473,371,182
890,1145,5474,1649,5474,371,182
890,1145,5475,1649,5475,371,182
890,1145,5476,1649,5476,371,182
889,1145,5477,1649,5477,371,182
890,1145,5478,1649,5478,371,182
890,1145,5479,1649,5479,371,182
890,1145,5480,1649,5480,371,182
888,1145,5481,1649,5481,371,181
888,1145,5482,1649,5482,371,181
888,1145,5483,1649,5483,371,181
888,1145,5484,1649,5484,371,181
888,1145,5485,1649,5485,371,181
888,1145,5486,1649,5486,371,181
888,1145,5487,1649,5487,371,181
888,1145,5488,1649,5488,371,181
888,1145,5489,1649,5489,371,181
888,1145,5490,1649,5490,371,181
888,1145,5491,1649,5491,371,181
888,1145,5492,1649,5492,371,181
888,1145,5493,1649,5493,371,181
887,1145,5494,1649,5494,371,181
887,1145,5495,1649,5495,371,181
887,1145,5496,1649,5496,371,181
887,1145,5497,1649,5497,371,181
887,1145,5498,1649,5498,371,181
886,1145,5499,1649,5499,371,181
886,1145,5500,1649,5500,371,181
886,1145,5501,1649,5501,371,181
886,1145,5502,1649,5502,371,181
885,1145,5503,1649,5503,371,181
885,1145,5504,1649,5504,371,181
885,1145,5505,1649,5505,371,181
885,1145,5506,1649,5506,371,181
885,1145,5507,1649,5507,371,181
885,1145,5508,1649,5508,371,181
885,1145,5509,1649,5509,371,181
885,1145,5510,1649,5510,371,181
885,1145,5511,1649,5511,371,181
885,1145,5512,1649,5512,371,181
885,1145,5513,1649,5513,371,181
885,1145,5514,1649,5514,371,181
885,1145,5515,1649,5515,371,181
885,1145,5516,1649,5516,371,181
885,1145,5517,1649,5517,371,181
885,1145,5518,1649,5518,371,181
885,1145,5519,1649,5519,371,181
885,1145,5520,1649,5520,371,181
885,1145,5521,1649,5521,371,181
885,1145,5522,1649,5522,371,181
885,1145,5523,1649,5523,371,181
885,1145,5524,1649,5524,371,181
886,1145,5525,1649,5525,371,181
885,1145,5526,1649,5526,371,181
884,1145,5527,1649,5527,371,181
884,1145,5528,1649,5528,371,181
884,1145,5529,1649,5529,371,181
884,1145,5530,1649,5530,371,181
884,1145,5531,1649,5531,371,181
884,1145,5532,1649,5532,371,181
884,1145,5533,1649,5533,371,181
884,1145,5534,1649,5534,371,181
884,1145,5535,1649,5535,371,181
884,1145,5536,1649,5536,371,181
882,1145,5537,1649,5537,371,180
882,1145,5538,1649,5538,371,180
882,1145,5539,1649,5539,371,180
881,1145,5540,1649,5540,371,180
881,1145,5541,1649,5541,371,180
881,1145,5542,1649,5542,371,180
881,1145,5543,1649,5543,371,180
881,1145,5544,1649,5544,371,180
881,1145,5545,1649,5545,371,180
881,1145,5546,1649,5546,371,180
881,1145,5547,1649,5547,371,180
881,1145,5548,1649,5548,371,180
881,1145,5549,1649,5549,371,180
881,1145,5550,1649,5550,371,180
881,1145,5551,1649,5551,371,180
881,1145,5552,1649,5552,371,180
881,1145,5553,1649,5553,371,180
881,1145,5554,1649,5554,371,180
882,1145,5555,1649,5555,371,180
882,1145,5556,1649,5556,371,180
882,1145,5557,1649,5557,371,180
882,1145,5558,1649,5558,371,180
882,1145,5559,1649,5559,371,180
882,1145,5560,1649,5560,371,180
882,1145,5561,1649,5561,371,180
882,1145,5562,1649,5562,371,180
882,1145,5563,1649,5563,371,180
882,1145,5564,1649,5564,371,180
882,1145,5565,1649,5565,371,180
882,1145,5566,1649,5566,371,180
882,1145,5567,1649,5567,371,180
882,1145,5568,1649,5568,371,180
882,1145,5569,1649,5569,371,180
882,1145,5570,1649,5570,371,180
882,1145,5571,1649,5571,371,180
882,1145,5572,1649,5572,371,180
882,1145,5573,1649,5573,371,180
881,1145,5574,1649,5574,371,180
880,1145,5575,1649,5575,371,180
880,1145,5576,1649,5576,371,180
880,1145,5577,1649,5577,371,180
880,1145,5578,1649,5578,371,180
881,1145,5579,1649,5579,371,180
881,1145,5580,1649,5580,371,180
881,1145,5581,1649,5581,371,180
881,1145,5582,1649,5582,371,180
882,1145,5583,1649,5583,371,180
882,1145,5584,1649,5584,371,180
882,1145,5585,1649,5585,371,180
881,1145,5586,1649,5586,371,180
881,1145,5587,1649,5587,371,180
881,1145,5588,1649,5588,371,180
881,1145,5589,1649,5589,371,180
881,1145,5590,1649,5590,371,180
881,1145,5591,1649,5591,371,180
881,1145,5592,1649,5592,371,180
881,1145,5593,1649,5593,371,180
881,1145,5594,1649,5594,371,180
881,1145,5595,1649,5595,371,180
881,1145,5596,1649,5596,371,180
881,1145,5597,1649,5597,371,180
881,1145,5598,1649,5598,371,180
881,1145,5599,1649,5599,371,180
881,1145,5600,1649,5600,371,180
881,1145,5601,1649,5601,371,180
881,1145,5602,1649,5602,371,180
881,1145,5603,1649,5603,371,180
881,1145,5604,1649,5604,371,180
881,1145,5605,1649,5605,371,180
881,1145,5606,1649,5606,371,180
881,1145,5607,1649,5607,371,180
881,1145,5608,1649,5608,371,180
881,1145,5609,1649,5609,371,180
881,1145,5610,1649,5610,371,180
881,1145,5611,1649,5611,371,180
881,1145,5612,1649,5612,371,180
881,1145,5613,1649,5613,371,180
881,1145,5614,1649,5614,371,180
881,1145,5615,1649,5615,371,180
882,1145,5616,1649,5616,371,180
883,1145,5617,1649,5617,371,180
883,1145,5618,1649,5618,371,180
883,1145,5619,1649,5619,371,180
883,1145,5620,1649,5620,371,180
883,1145,5621,1649,5621,371,180
883,1145,5622,1649,5622,371,180
883,1145,5623,1649,5623,371,180
883,1145,5624,1649,5624,371,180
882,1145,5625,1649,5625,371,180
882,1145,5626,1649,5626,371,180
882,1145,5627,1649,5627,371,180
882,1145,5628,1649,5628,371,180
881,1145,5629,1649,5629,371,179
881,1145,5630,1649,5630,371,179
881,1145,5631,1649,5631,371,179
880,1145,5632,1649,5632,371,179
880,1145,5633,1649,5633,371,179
880,1145,5634,1649,5634,371,179
880,1145,5635,1649,5635,371,179
880,1145,5636,1649,5636,371,179
881,1145,5637,1649,5637,371,179
880,1145,5638,1649,5638,371,179
880,1145,5639,1649,5639,371,179
880,1145,5640,1649,5640,371,179
880,1145,5641,1649,5641,371,179
880,1145,5642,1649,5642,371,179
880,1145,5643,1649,5643,371,179
880,1145,5644,1649,5644,371,179
879,1145,5645,1649,5645,371,179
880,1145,5646,1649,5646,371,179
880,1145,5647,1649,5647,371,179
881,1145,5648,1649,5648,371,179
881,1145,5649,1649,5649,371,179
881,1145,5650,1649,5650,371,179
881,1145,5651,1649,5651,371,179
881,1145,5652,1649,5652,371,179
881,1145,5653,1649,5653,371,179
881,1145,5654,1649,5654,371,179
881,1145,5655,1649,5655,371,179
881,1145,5656,1649,5656,371,179
881,1145,5657,1649,5657,371,179
881,1145,5658,1649,5658,371,179
881,1145,5659,1649,5659,371,179
882,1145,5660,1649,5660,371,179
882,1145,5661,1649,5661,371,179
882,1145,5662,1649,5662,371,179
882,1145,5663,1649,5663,371,179
882,1145,5664,1649,5664,371,179
882,1145,5665,1649,5665,371,179
882,1145,5666,1649,5666,371,179
882,1145,5667,1649,5667,371,179
882,1145,5668,1649,5668,371,179
882,1145,5669,1649,5669,371,179
882,1145,5670,1649,5670,371,179
882,1145,5671,1649,5671,371,179
882,1145,5672,1649,5672,371,179
882,1145,5673,1649,5673,371,179
881,1145,5674,1649,5674,371,179
882,1145,5675,1649,5675,371,179
882,1145,5676,1649,5676,371,179
882,1145,5677,1649,5677,371,179
882,1145,5678,1649,5678,371,179
881,1145,5679,1649,5679,371,179
881,1145,5680,1649,5680,371,179
881,1145,5681,1649,5681,371,179
881,1145,5682,1649,5682,371,179
881,1145,5683,1649,5683,371,179
881,1145,5684,1649,5684,371,179
881,1145,5685,1649,5685,371,179
880,1145,5686,1649,5686,371,179
880,1145,5687,1649,5687,371,179
880,1145,5688,1649,5688,371,179
879,1145,5689,1649,5689,371,178
879,1145,5690,1649,5690,371,178
879,1145,5691,1649,5691,371,178
879,1145,5692,1649,5692,371,178
879,1145,5693,1649,5693,371,178
879,1145,5694,1649,5694,371,178
879,1145,5695,1649,5695,371,178
879,1145,5696,1649,5696,371,178
879,1145,5697,1649,5697,371,178
880,1145,5698,1649,5698,371,178
880,1145,5699,1649,5699,371,178
880,1145,5700,1649,5700,371,178
880,1145,5701,1649,5701,371,178
880,1145,5702,1649,5702,371,178
880,1145,5703,1649,5703,371,178
880,1145,5704,1649,5704,371,178
880,1145,5705,1649,5705,371,178
880,1145,5706,1649,5706,371,178
880,1145,5707,1649,5707,371,178
880,1145,5708,1649,5708,371,178
880,1145,5709,1649,5709,371,178
879,1145,5710,1649,5710,371,178
878,1145,5711,1649,5711,371,177
878,1145,5712,1649,5712,371,177
878,1145,5713,1649,5713,371,177
878,1145,5714,1649,5714,371,177
878,1145,5715,1649,5715,371,177
878,1145,5716,1649,5716,371,177
878,1145,5717,1649,5717,371,177
879,1145,5718,1649,5718,371,177
878,1145,5719,1649,5719,371,177
878,1145,5720,1649,5720,371,177
878,1145,5721,1649,5721,371,177
878,1145,5722,1649,5722,371,177
878,1145,5723,1649,5723,371,177
878,1145,5724,1649,5724,371,177
877,1145,5725,1649,5725,371,177
877,1145,5726,1649,5726,371,177
877,1145,5727,1649,5727,371,177
877,1145,5728,1649,5728,371,177
877,1145,5729,1649,5729,371,177
877,1145,5730,1649,5730,371,177
877,1145,5731,1649,5731,371,177
877,1145,5732,1649,5732,371,177
877,1145,5733,1649,5733,371,177
877,1145,5734,1649,5734,371,177
877,1145,5735,1649,5735,371,177
877,1145,5736,1649,5736,371,177
877,1145,5737,1649,5737,371,177
877,1145,5738,1649,5738,371,177
877,1145,5739,1649,5739,371,177
877,1145,5740,1649,5740,371,177
877,1145,5741,1649,5741,371,177
877,1145,5742,1649,5742,371,177
877,1145,5743,1649,5743,371,177
877,1145,5744,1649,5744,371,177
877,1145,5745,1649,5745,371,177
877,1145,5746,1649,5746,371,177
877,1145,5747,1649,5747,371,177
877,1145,5748,1649,5748,371,177
876,1145,5749,1649,5749,371,177
876,1145,5750,1649,5750,371,177
876,1145,5751,1649,5751,371,177
874,1145,5752,1649,5752,371,177
874,1145,5753,1649,5753,371,177
875,1145,5754,1649,5754,371,177
874,1145,5755,1649,5755,371,177
874,1145,5756,1649,5756,371,177
874,1145,5757,1649,5757,371,177
874,1145,5758,1649,5758,371,177
874,1145,5759,1649,5759,371,177
874,1145,5760,1649,5760,371,177
874,1145,5761,1649,5761,371,177
874,1145,5762,1649,5762,371,177
874,1145,5763,1649,5763,371,177
874,1145,5764,1649,5764,371,177
874,1145,5765,1649,5765,371,177
874,1145,5766,1649,5766,371,177
872,1145,5767,1649,5767,371,176
872,1145,5768,1649,5768,371,176
872,1145,5769,1649,5769,371,176
872,1145,5770,1649,5770,371,176
872,1145,5771,1649,5771,371,176
872,1145,5772,1649,5772,371,176
872,1145,5773,1649,5773,371,176
872,1145,5774,1649,5774,371,176
872,1145,5775,1649,5775,371,176
872,1145,5776,1649,5776,371,176
871,1145,5777,1649,5777,371,175
869,1145,5778,1649,5778,371,173
869,1145,5779,1649,5779,371,173
869,1145,5780,1649,5780,371,173
869,1145,5781,1649,5781,371,173
868,1145,5782,1649,5782,371,173
868,1145,5783,1649,5783,371,173
868,1145,5784,1649,5784,371,173
868,1145,5785,1649,5785,371,173
868,1145,5786,1649,5786,371,173
868,1145,5787,1649,5787,371,173
868,1145,5788,1649,5788,371,173
868,1145,5789,1649,5789,371,173
868,1145,5790,1649,5790,371,173
868,1145,5791,1649,5791,371,173
868,1145,5792,1649,5792,371,173
868,1145,5793,1649,5793,371,173
867,1145,5794,1649,5794,371,173
867,1145,5795,1649,5795,371,173
868,1145,5796,1649,5796,371,173
867,1145,5797,1649,5797,371,173
867,1145,5798,1649,5798,371,173
866,1145,5799,1649,5799,371,173
866,1145,5800,1649,5800,371,173
866,1145,5801,1649,5801,371,173
866,1145,5802,1649,5802,371,173
866,1145,5803,1649,5803,371,173
866,1145,5804,1649,5804,371,173
866,1145,5805,1649,5805,371,173
866,1145,5806,1649,5806,371,173
866,1145,5807,1649,5807,371,173
866,1145,5808,1649,5808,371,173
866,1145,5809,1649,5809,371,173
866,1145,5810,1649,5810,371,173
866,1145,5811,1649,5811,371,173
866,1145,5812,1649,5812,371,173
866,1145,5813,1649,5813,371,173
866,1145,5814,1649,5814,371,173
866,1145,5815,1649,5815,371,173
866,1145,5816,1649,5816,371,173
866,1145,5817,1649,5817,371,173
866,1145,5818,1649,5818,371,173
866,1145,5819,1649,5819,371,173
866,1145,5820,1649,5820,371,173
866,1145,5821,1649,5821,371,173
866,1145,5822,1649,5822,371,173
866,1145,5823,1649,5823,371,173
866,1145,5824,1649,5824,371,173
866,1145,5825,1649,5825,371,173
867,1145,5826,1649,5826,371,173
867,1145,5827,1649,5827,371,173
867,1145,5828,1649,5828,371,173
867,1145,5829,1649,5829,371,173
867,1145,5830,1649,5830,371,173
867,1145,5831,1649,5831,371,173
867,1145,5832,1649,5832,371,173
867,1145,5833,1649,5833,371,173
867,1145,5834,1649,5834,371,173
867,1145,5835,1649,5835,371,173
867,1145,5836,1649,5836,371,173
868,1145,5837,1649,5837,371,173
868,1145,5838,1649,5838,371,173
868,1145,5839,1649,5839,371,173
868,1145,5840,1649,5840,371,173
868,1145,5841,1649,5841,371,173
868,1145,5842,1649,5842,371,173
868,1145,5843,1649,5843,371,173
868,1145,5844,1649,5844,371,173
868,1145,5845,1649,5845,371,173
868,1145,5846,1649,5846,371,173
868,1145,5847,1649,5847,371,173
868,1145,5848,1649,5848,371,173
867,1145,5849,1649,5849,371,173
867,1145,5850,1649,5850,371,173
867,1145,5851,1649,5851,371,173
867,1145,5852,1649,5852,371,173
867,1145,5853,1649,5853,371,173
867,1145,5854,1649,5854,371,173
867,1145,5855,1649,5855,371,173
867,1145,5856,1649,5856,371,173
867,1145,5857,1649,5857,371,173
867,1145,5858,1649,5858,371,173
867,1145,5859,1649,5859,371,173
867,1145,5860,1649,5860,371,173
867,1145,5861,1649,5861,371,173
867,1145,5862,1649,5862,371,173
867,1145,5863,1649,5863,371,173
867,1145,5864,1649,5864,371,173
867,1145,5865,1649,5865,371,173
867,1145,5866,1649,5866,371,173
867,1145,5867,1649,5867,371,173
867,1145,5868,1649,5868,371,173
867,1145,5869,1649,5869,371,173
866,1145,5870,1649,5870,371,173
866,1145,5871,1649,5871,371,173
866,1145,5872,1649,5872,371,173
866,1145,5873,1649,5873,371,173
866,1145,5874,1649,5874,371,173
866,1145,5875,1649,5875,371,173
866,1145,5876,1649,5876,371,173
866,1145,5877,1649,5877,371,173
866,1145,5878,1649,5878,371,173
866,1145,5879,1649,5879,371,173
866,1145,5880,1649,5880,371,173
866,1145,5881,1649,5881,371,173
866,1145,5882,1649,5882,371,173
865,1145,5883,1649,5883,371,172
865,1145,5884,1649,5884,371,172
865,1145,5885,1649,5885,371,172
865,1145,5886,1649,5886,371,172
865,1145,5887,1649,5887,371,172
865,1145,5888,1649,5888,371,172
865,1145,5889,1649,5889,371,172
866,1145,5890,1649,5890,371,172
866,1145,5891,1649,5891,371,172
866,1145,5892,1649,5892,371,172
866,1145,5893,1649,5893,371,172
866,1145,5894,1649,5894,371,172
866,1145,5895,1649,5895,371,172
866,1145,5896,1649,5896,371,172
866,1145,5897,1649,5897,371,172
865,1145,5898,1649,5898,371,172
865,1145,5899,1649,5899,371,172
865,1145,5900,1649,5900,371,172
865,1145,5901,1649,5901,371,172
865,1145,5902,1649,5902,371,172
865,1145,5903,1649,5903,371,172
865,1145,5904,1649,5904,371,172
865,1145,5905,1649,5905,371,172
865,1145,5906,1649,5906,371,172
865,1145,5907,1649,5907,371,172
865,1145,5908,1649,5908,371,172
865,1145,5909,1649,5909,371,172
866,1145,5910,1649,5910,371,172
866,1145,5911,1649,5911,371,172
866,1145,5912,1649,5912,371,172
866,1145,5913,1649,5913,371,172
866,1145,5914,1649,5914,371,172
866,1145,5915,1649,5915,371,172
866,1145,5916,1649,5916,371,172
866,1145,5917,1649,5917,371,172
866,1145,5918,1649,5918,371,172
866,1145,5919,1649,5919,371,172
866,1145,5920,1649,5920,371,172
866,1145,5921,1649,5921,371,172
866,1145,5922,1649,5922,371,172
866,1145,5923,1649,5923,371,172
866,1145,5924,1649,5924,371,172
866,1145,5925,1649,5925,371,172
866,1145,5926,1649,5926,371,172
866,1145,5927,1649,5927,371,172
866,1145,5928,1649,5928,371,172
866,1145,5929,1649,5929,371,172
866,1145,5930,1649,5930,371,172
866,1145,5931,1649,5931,371,172
866,1145,5932,1649,5932,371,172
865,1145,5933,1649,5933,371,172
865,1145,5934,1649,5934,371,172
865,1145,5935,1649,5935,371,172
865,1145,5936,1649,5936,371,172
865,1145,5937,1649,5937,371,172
865,1145,5938,1649,5938,371,172
865,1145,5939,1649,5939,371,172
865,1145,5940,1649,5940,371,172
865,1145,5941,1649,5941,371,172
865,1145,5942,1649,5942,371,172
865,1145,5943,1649,5943,371,172
865,1145,5944,1649,5944,371,172
865,1145,5945,1649,5945,371,172
864,1145,5946,1649,5946,371,171
864,1145,5947,1649,5947,371,171
864,1145,5948,1649,5948,371,171
864,1145,5949,1649,5949,371,171
864,1145,5950,1649,5950,371,171
864,1145,5951,1649,5951,371,171
865,1145,5952,1649,5952,371,171
865,1145,5953,1649,5953,371,171
865,1145,5954,1649,5954,371,171
864,1145,5955,1649,5955,371,171
864,1145,5956,1649,5956,371,171
864,1145,5957,1649,5957,371,171
864,1145,5958,1649,5958,371,171
863,1145,5959,1649,5959,371,171
863,1145,5960,1649,5960,371,171
863,1145,5961,1649,5961,371,171
862,1145,5962,1649,5962,371,171
862,1145,5963,1649,5963,371,171
862,1145,5964,1649,5964,371,171
863,1145,5965,1649,5965,371,171
863,1145,5966,1649,5966,371,171
863,1145,5967,1649,5967,371,171
863,1145,5968,1649,5968,371,171
863,1145,5969,1649,5969,371,171
863,1145,5970,1649,5970,371,171
863,1145,5971,1649,5971,371,171
863,1145,5972,1649,5972,371,171
864,1145,5973,1649,5973,371,171
864,1145,5974,1649,5974,371,171
864,1145,5975,1649,5975,371,171
864,1145,5976,1649,5976,371,171
864,1145,5977,1649,5977,371,171
864,1145,5978,1649,5978,371,171
863,1145,5979,1649,5979,371,171
863,1145,5980,1649,5980,371,171
863,1145,5981,1649,5981,371,171
864,1145,5982,1649,5982,371,171
865,1145,5983,1649,5983,371,171
865,1145,5984,1649,5984,371,171
865,1145,5985,1649,5985,371,171
865,1145,5986,1649,5986,371,171
865,1145,5987,1649,5987,371,171
865,1145,5988,1649,5988,371,171
865,1145,5989,1649,5989,371,171
866,1145,5990,1649,5990,371,171
866,1145,5991,1649,5991,371,171
866,1145,5992,1649,5992,371,171
866,1145,5993,1649,5993,371,171
866,1145,5994,1649,5994,371,171
866,1145,5995,1649,5995,371,171
866,1145,5996,1649,5996,371,171
866,1145,5997,1649,5997,371,171
866,1145,5998,1649,5998,371,171
865,1145,5999,1649,5999,371,170
865,1145,6000,1649,6000,371,170
865,1145,6001,1649,6001,371,170
865,1145,6002,1649,6002,371,170
865,1145,6003,1649,6003,371,170
865,1145,6004,1649,6004,371,170
865,1145,6005,1649,6005,371,170
865,1145,6006,1649,6006,371,170
865,1145,6007,1649,6007,371,170
865,1145,6008,1649,6008,371,170
865,1145,6009,1649,6009,371,170
865,1145,6010,1649,6010,371,170
865,1145,6011,1649,6011,371,170
865,1145,6012,1649,6012,371,170
865,1145,6013,1649,6013,371,170
865,1145,6014,1649,6014,371,170
865,1145,6015,1649,6015,371,170
865,1145,6016,1649,6016,371,170
865,1145,6017,1649,6017,371,170
865,1145,6018,1649,6018,371,170
865,1145,6019,1649,6019,371,170
865,1145,6020,1649,6020,371,170
865,1145,6021,1649,6021,371,170
865,1145,6022,1649,6022,371,170
865,1145,6023,1649,6023,371,170
865,1145,6024,1649,6024,371,170
865,1145,6025,1649,6025,371,170
865,1145,6026,1649,6026,371,170
865,1145,6027,1649,6027,371,170
864,1145,6028,1649,6028,371,170
864,1145,6029,1649,6029,371,170
864,1145,6030,1649,6030,371,170
864,1145,6031,1649,6031,371,170
864,1145,6032,1649,6032,371,170
864,1145,6033,1649,6033,371,170
864,1145,6034,1649,6034,371,170
864,1145,6035,1649,6035,371,170
864,1145,6036,1649,6036,371,170
864,1145,6037,1649,6037,371,170
865,1145,6038,1649,6038,371,170
865,1145,6039,1649,6039,371,170
866,1145,6040,1649,6040,371,170
866,1145,6041,1649,6041,371,170
866,1145,6042,1649,6042,371,170
866,1145,6043,1649,6043,371,170
866,1145,6044,1649,6044,371,170
866,1145,6045,1649,6045,371,170
866,1145,6046,1649,6046,371,170
866,1145,6047,1649,6047,371,170
866,1145,6048,1649,6048,371,170
866,1145,6049,1649,6049,371,170
866,1145,6050,1649,6050,371,170
867,1145,6051,1649,6051,371,170
867,1145,6052,1649,6052,371,170
867,1145,6053,1649,6053,371,170
867,1145,6054,1649,6054,371,170
867,1145,6055,1649,6055,371,170
867,1145,6056,1649,6056,371,170
865,1145,6057,1649,6057,371,168
864,1145,6058,1649,6058,371,168
864,1145,6059,1649,6059,371,168
864,1145,6060,1649,6060,371,168
864,1145,6061,1649,6061,371,168
863,1145,6062,1649,6062,371,168
862,1145,6063,1649,6063,371,168
862,1145,6064,1649,6064,371,168
862,1145,6065,1649,6065,371,168
862,1145,6066,1649,6066,371,168
862,1145,6067,1649,6067,371,168
862,1145,6068,1649,6068,371,168
862,1145,6069,1649,6069,371,168
863,1145,6070,1649,6070,371,168
861,1145,6071,1649,6071,371,166
862,1145,6072,1649,6072,371,166
863,1145,6073,1649,6073,371,166
863,1145,6074,1649,6074,371,166
863,1145,6075,1649,6075,371,166
863,1145,6076,1649,6076,371,166
863,1145,6077,1649,6077,371,166
863,1145,6078,1649,6078,371,166
863,1145,6079,1649,6079,371,166
863,1145,6080,1649,6080,371,166
863,1145,6081,1649,6081,371,166
863,1145,6082,1649,6082,371,166
863,1145,6083,1649,6083,371,166
863,1145,6084,1649,6084,371,166
863,1145,6085,1649,6085,371,166
863,1145,6086,1649,6086,371,166
863,1145,6087,1649,6087,371,166
863,1145,6088,1649,6088,371,166
863,1145,6089,1649,6089,371,166
863,1145,6090,1649,6090,371,166
863,1145,6091,1649,6091,371,166
863,1145,6092,1649,6092,371,166
863,1145,6093,1649,6093,371,166
863,1145,6094,1649,6094,371,166
862,1145,6095,1649,6095,371,166
862,1145,6096,1649,6096,371,166
862,1145,6097,1649,6097,371,166
862,1145,6098,1649,6098,371,166
862,1145,6099,1649,6099,371,166
862,1145,6100,1649,6100,371,166
861,1145,6101,1649,6101,371,166
861,1145,6102,1649,6102,371,166
861,1145,6103,1649,6103,371,166
861,1145,6104,1649,6104,371,166
861,1145,6105,1649,6105,371,166
861,1145,6106,1649,6106,371,166
861,1145,6107,1649,6107,371,166
861,1145,6108,1649,6108,371,166
861,1145,6109,1649,6109,371,166
860,1145,6110,1649,6110,371,166
860,1145,6111,1649,6111,371,166
860,1145,6112,1649,6112,371,166
860,1145,6113,1649,6113,371,166
861,1145,6114,1649,6114,371,166
861,1145,6115,1649,6115,371,166
861,1145,6116,1649,6116,371,166
861,1145,6117,1649,6117,371,166
861,1145,6118,1649,6118,371,166
861,1145,6119,1649,6119,371,166
861,1145,6120,1649,6120,371,166
862,1145,6121,1649,6121,371,166
862,1145,6122,1649,6122,371,166
862,1145,6123,1649,6123,371,166
862,1145,6124,1649,6124,371,166
862,1145,6125,1649,6125,371,166
862,1145,6126,1649,6126,371,166
862,1145,6127,1649,6127,371,166
863,1145,6128,1649,6128,371,166
863,1145,6129,1649,6129,371,166
863,1145,6130,1649,6130,371,166
863,1145,6131,1649,6131,371,166
863,1145,6132,1649,6132,371,166
863,1145,6133,1649,6133,371,166
864,1145,6134,1649,6134,371,166
864,1145,6135,1649,6135,371,166
864,1145,6136,1649,6136,371,166
864,1145,6137,1649,6137,371,166
864,1145,6138,1649,6138,371,166
864,1145,6139,1649,6139,371,166
864,1145,6140,1649,6140,371,166
864,1145,6141,1649,6141,371,166
864,1145,6142,1649,6142,371,166
864,1145,6143,1649,6143,371,166
864,1145,6144,1649,6144,371,166
863,1145,6145,1649,6145,371,166
863,1145,6146,1649,6146,371,166
863,1145,6147,1649,6147,371,166
863,1145,6148,1649,6148,371,166
863,1145,6149,1649,6149,371,166
862,1145,6150,1649,6150,371,166
862,1145,6151,1649,6151,371,166
862,1145,6152,1649,6152,371,166
862,1145,6153,1649,6153,371,166
862,1145,6154,1649,6154,371,166
863,1145,6155,1649,6155,371,166
863,1145,6156,1649,6156,371,166
863,1145,6157,1649,6157,371,166
863,1145,6158,1649,6158,371,166
862,1145,6159,1649,6159,371,166
862,1145,6160,1649,6160,371,166
862,1145,6161,1649,6161,371,166
862,1145,6162,1649,6162,371,166
862,1145,6163,1649,6163,371,166
862,1145,6164,1649,6164,371,166
862,1145,6165,1649,6165,371,166
862,1145,6166,1649,6166,371,166
862,1145,6167,1649,6167,371,166
862,1145,6168,1649,6168,371,166
862,1145,6169,1649,6169,371,166
862,1145,6170,1649,6170,371,166
861,1145,6171,1649,6171,371,166
861,1145,6172,1649,6172,371,166
861,1145,6173,1649,6173,371,166
861,1145,6174,1649,6174,371,166
861,1145,6175,1649,6175,371,166
861,1145,6176,1649,6176,371,166
861,1145,6177,1649,6177,371,166
861,1145,6178,1649,6178,371,166
861,1145,6179,1649,6179,371,166
861,1145,6180,1649,6180,371,166
861,1145,6181,1649,6181,371,166
861,1145,6182,1649,6182,371,166
861,1145,6183,1649,6183,371,166
861,1145,6184,1649,6184,371,166
861,1145,6185,1649,6185,371,166
861,1145,6186,1649,6186,371,166
861,1145,6187,1649,6187,371,166
861,1145,6188,1649,6188,371,166
861,1145,6189,1649,6189,371,166
861,1145,6190,1649,6190,371,166
860,1145,6191,1649,6191,371,166
860,1145,6192,1649,6192,371,166
860,1145,6193,1649,6193,371,166
860,1145,6194,1649,6194,371,166
860,1145,6195,1649,6195,371,166
860,1145,6196,1649,6196,371,166
860,1145,6197,1649,6197,371,166
860,1145,6198,1649,6198,371,166
860,1145,6199,1649,6199,371,166
860,1145,6200,1649,6200,371,166
860,1145,6201,1649,6201,371,166
858,1145,6202,1649,6202,371,165
859,1145,6203,1649,6203,371,165
859,1145,6204,1649,6204,371,165
859,1145,6205,1649,6205,371,165
859,1145,6206,1649,6206,371,165
859,1145,6207,1649,6207,371,165
859,1145,6208,1649,6208,371,165
859,1145,6209,1649,6209,371,165
859,1145,6210,1649,6210,371,165
859,1145,6211,1649,6211,371,165
859,1145,6212,1649,6212,371,165
859,1145,6213,1649,6213,371,165
859,1145,6214,1649,6214,371,165
858,1145,6215,1649,6215,371,165
857,1145,6216,1649,6216,371,165
857,1145,6217,1649,6217,371,165
857,1145,6218,1649,6218,371,165
858,1145,6219,1649,6219,371,165
858,1145,6220,1649,6220,371,165
858,1145,6221,1649,6221,371,165
858,1145,6222,1649,6222,371,165
858,1145,6223,1649,6223,371,165
858,1145,6224,1649,6224,371,165
858,1145,6225,1649,6225,371,165
859,1145,6226,1649,6226,371,165
859,1145,6227,1649,6227,371,165
859,1145,6228,1649,6228,371,165
859,1145,6229,1649,6229,371,165
859,1145,6230,1649,6230,371,165
859,1145,6231,1649,6231,371,165
858,1145,6232,1649,6232,371,165
858,1145,6233,1649,6233,371,165
858,1145,6234,1649,6234,371,165
858,1145,6235,1649,6235,371,165
858,1145,6236,1649,6236,371,165
858,1145,6237,1649,6237,371,165
858,1145,6238,1649,6238,371,165
858,1145,6239,1649,6239,371,165
858,1145,6240,1649,6240,371,165
858,1145,6241,1649,6241,371,165
858,1145,6242,1649,6242,371,165
858,1145,6243,1649,6243,371,165
858,1145,6244,1649,6244,371,165
858,1145,6245,1649,6245,371,165
858,1145,6246,1649,6246,371,165
858,1145,6247,1649,6247,371,165
858,1145,6248,1649,6248,371,165
858,1145,6249,1649,6249,371,165
858,1145,6250,1649,6250,371,165
858,1145,6251,1649,6251,371,165
858,1145,6252,1649,6252,371,165
858,1145,6253,1649,6253,371,165
857,1145,6254,1649,6254,371,164
857,1145,6255,1649,6255,371,164
857,1145,6256,1649,6256,371,164
857,1145,6257,1649,6257,371,164
857,1145,6258,1649,6258,371,164
857,1145,6259,1649,6259,371,164
857,1145,6260,1649,6260,371,164
857,1145,6261,1649,6261,371,164
857,1145,6262,1649,6262,371,164
857,1145,6263,1649,6263,371,164
857,1145,6264,1649,6264,371,164
857,1145,6265,1649,6265,371,164
857,1145,6266,1649,6266,371,164
857,1145,6267,1649,6267,371,164
857,1145,6268,1649,6268,371,164
858,1145,6269,1649,6269,371,164
858,1145,6270,1649,6270,371,164
858,1145,6271,1649,6271,371,164
858,1145,6272,1649,6272,371,164
858,1145,6273,1649,6273,371,164
858,1145,6274,1649,6274,371,164
858,1145,6275,1649,6275,371,164
858,1145,6276,1649,6276,371,164
858,1145,6277,1649,6277,371,164
858,1145,6278,1649,6278,371,164
858,1145,6279,1649,6279,371,164
858,1145,6280,1649,6280,371,164
858,1145,6281,1649,6281,371,164
858,1145,6282,1649,6282,371,164
858,1145,6283,1649,6283,371,164
858,1145,6284,1649,6284,371,164
859,1145,6285,1649,6285,371,164
859,1145,6286,1649,6286,371,164
859,1145,6287,1649,6287,371,164
859,1145,6288,1649,6288,371,164
859,1145,6289,1649,6289,371,164
860,1145,6290,1649,6290,371,164
860,1145,6291,1649,6291,371,164
860,1145,6292,1649,6292,371,164
860,1145,6293,1649,6293,371,164
860,1145,6294,1649,6294,371,164
860,1145,6295,1649,6295,371,164
860,1145,6296,1649,6296,371,164
860,1145,6297,1649,6297,371,164
860,1145,6298,1649,6298,371,164
860,1145,6299,1649,6299,371,164
860,1145,6300,1649,6300,371,164
860,1145,6301,1649,6301,371,164
860,1145,6302,1649,6302,371,164
860,1145,6303,1649,6303,371,164
860,1145,6304,1649,6304,371,164
859,1145,6305,1649,6305,371,164
859,1145,6306,1649,6306,371,164
859,1145,6307,1649,6307,371,164
858,1145,6308,1649,6308,371,164
859,1145,6309,1649,6309,371,164
859,1145,6310,1649,6310,371,164
859,1145,6311,1649,6311,371,164
859,1145,6312,1649,6312,371,164
859,1145,6313,1649,6313,371,164
859,1145,6314,1649,6314,371,164
859,1145,6315,1649,6315,371,164
859,1145,6316,1649,6316,371,164
859,1145,6317,1649,6317,371,164
859,1145,6318,1649,6318,371,164
859,1145,6319,1649,6319,371,164
859,1145,6320,1649,6320,371,164
859,1145,6321,1649,6321,371,164
859,1145,6322,1649,6322,371,164
859,1145,6323,1649,6323,371,164
859,1145,6324,1649,6324,371,164
859,1145,6325,1649,6325,371,164
860,1145,6326,1649,6326,371,164
860,1145,6327,1649,6327,371,164
861,1145,6328,1649,6328,371,164
861,1145,6329,1649,6329,371,164
861,1145,6330,1649,6330,371,164
861,1145,6331,1649,6331,371,164
861,1145,6332,1649,6332,371,164
861,1145,6333,1649,6333,371,164
861,1145,6334,1649,6334,371,164
861,1145,6335,1649,6335,371,164
861,1145,6336,1649,6336,371,164
861,1145,6337,1649,6337,371,164
861,1145,6338,1649,6338,371,164
861,1145,6339,1649,6339,371,164
861,1145,6340,1649,6340,371,164
861,1145,6341,1649,6341,371,164
860,1145,6342,1649,6342,371,163
860,1145,6343,1649,6343,371,163
860,1145,6344,1649,6344,371,163
860,1145,6345,1649,6345,371,163
860,1145,6346,1649,6346,371,163
860,1145,6347,1649,6347,371,163
860,1145,6348,1649,6348,371,163
860,1145,6349,1649,6349,371,163
860,1145,6350,1649,6350,371,163
860,1145,6351,1649,6351,371,163
860,1145,6352,1649,6352,371,163
861,1145,6353,1649,6353,371,163
861,1145,6354,1649,6354,371,163
861,1145,6355,1649,6355,371,163
861,1145,6356,1649,6356,371,163
861,1145,6357,1649,6357,371,163
860,1145,6358,1649,6358,371,162
860,1145,6359,1649,6359,371,162
861,1145,6360,1649,6360,371,162
861,1145,6361,1649,6361,371,162
861,1145,6362,1649,6362,371,162
861,1145,6363,1649,6363,371,162
861,1145,6364,1649,6364,371,162
861,1145,6365,1649,6365,371,162
861,1145,6366,1649,6366,371,162
861,1145,6367,1649,6367,371,162
861,1145,6368,1649,6368,371,162
861,1145,6369,1649,6369,371,162
861,1145,6370,1649,6370,371,162
862,1145,6371,1649,6371,371,162
862,1145,6372,1649,6372,371,162
862,1145,6373,1649,6373,371,162
861,1145,6374,1649,6374,371,162
862,1145,6375,1649,6375,371,162
862,1145,6376,1649,6376,371,162
862,1145,6377,1649,6377,371,162
862,1145,6378,1649,6378,371,162
862,1145,6379,1649,6379,371,162
862,1145,6380,1649,6380,371,162
862,1145,6381,1649,6381,371,162
862,1145,6382,1649,6382,371,162
862,1145,6383,1649,6383,371,162
862,1145,6384,1649,6384,371,162
862,1145,6385,1649,6385,371,162
860,1145,6386,1649,6386,371,161
860,1145,6387,1649,6387,371,161
860,1145,6388,1649,6388,371,161
860,1145,6389,1649,6389,371,161
861,1145,6390,1649,6390,371,161
861,1145,6391,1649,6391,371,161
861,1145,6392,1649,6392,371,161
861,1145,6393,1649,6393,371,161
861,1145,6394,1649,6394,371,161
861,1145,6395,1649,6395,371,161
861,1145,6396,1649,6396,371,161
861,1145,6397,1649,6397,371,161
861,1145,6398,1649,6398,371,161
861,1145,6399,1649,6399,371,161
861,1145,6400,1649,6400,371,161
861,1145,6401,1649,6401,371,161
861,1145,6402,1649,6402,371,161
861,1145,6403,1649,6403,371,161
861,1145,6404,1649,6404,371,161
861,1145,6405,1649,6405,371,161
861,1145,6406,1649,6406,371,161
861,1145,6407,1649,6407,371,161
861,1145,6408,1649,6408,371,161
861,1145,6409,1649,6409,371,161
861,1145,6410,1649,6410,371,161
861,1145,6411,1649,6411,371,161
861,1145,6412,1649,6412,371,161
861,1145,6413,1649,6413,371,161
861,1145,6414,1649,6414,371,161
861,1145,6415,1649,6415,371,161
861,1145,6416,1649,6416,371,161
861,1145,6417,1649,6417,371,161
861,1145,6418,1649,6418,371,161
861,1145,6419,1649,6419,371,161
861,1145,6420,1649,6420,371,161
861,1145,6421,1649,6421,371,161
861,1145,6422,1649,6422,371,161
861,1145,6423,1649,6423,371,161
861,1145,6424,1649,6424,371,161
862,1145,6425,1649,6425,371,161
862,1145,6426,1649,6426,371,161
862,1145,6427,1649,6427,371,161
861,1145,6428,1649,6428,371,161
861,1145,6429,1649,6429,371,161
861,1145,6430,1649,6430,371,161
861,1145,6431,1649,6431,371,161
861,1145,6432,1649,6432,371,161
861,1145,6433,1649,6433,371,161
861,1145,6434,1649,6434,371,161
861,1145,6435,1649,6435,371,161
861,1145,6436,1649,6436,371,161
862,1145,6437,1649,6437,371,161
862,1145,6438,1649,6438,371,161
862,1145,6439,1649,6439,371,161
862,1145,6440,1649,6440,371,161
862,1145,6441,1649,6441,371,161
862,1145,6442,1649,6442,371,161
862,1145,6443,1649,6443,371,161
862,1145,6444,1649,6444,371,161
862,1145,6445,1649,6445,371,161
862,1145,6446,1649,6446,371,161
863,1145,6447,1649,6447,371,161
863,1145,6448,1649,6448,371,161
863,1145,6449,1649,6449,371,161
863,1145,6450,1649,6450,371,161
863,1145,6451,1649,6451,371,161
863,1145,6452,1649,6452,371,161
863,1145,6453,1649,6453,371,161
863,1145,6454,1649,6454,371,161
862,1145,6455,1649,6455,371,161
861,1145,6456,1649,6456,371,161
861,1145,6457,1649,6457,371,161
861,1145,6458,1649,6458,371,161
861,1145,6459,1649,6459,371,161
862,1145,6460,1649,6460,371,161
862,1145,6461,1649,6461,371,161
863,1145,6462,1649,6462,371,161
863,1145,6463,1649,6463,371,161
863,1145,6464,1649,6464,371,161
863,1145,6465,1649,6465,371,161
863,1145,6466,1649,6466,371,161
863,1145,6467,1649,6467,371,161
863,1145,6468,1649,6468,371,161
863,1145,6469,1649,6469,371,161
863,1145,6470,1649,6470,371,161
863,1145,6471,1649,6471,371,161
863,1145,6472,1649,6472,371,161
863,1145,6473,1649,6473,371,161
863,1145,6474,1649,6474,371,161
863,1145,6475,1649,6475,371,161
863,1145,6476,1649,6476,371,161
863,1145,6477,1649,6477,371,161
863,1145,6478,1649,6478,371,161
863,1145,6479,1649,6479,371,161
863,1145,6480,1649,6480,371,161
863,1145,6481,1649,6481,371,161
864,1145,6482,1649,6482,371,161
864,1145,6483,1649,6483,371,161
864,1145,6484,1649,6484,371,161
864,1145,6485,1649,6485,371,161
864,1145,6486,1649,6486,371,161
864,1145,6487,1649,6487,371,161
865,1145,6488,1649,6488,371,161
865,1145,6489,1649,6489,371,161
865,1145,6490,1649,6490,371,161
865,1145,6491,1649,6491,371,161
865,1145,6492,1649,6492,371,161
865,1145,6493,1649,6493,371,161
865,1145,6494,1649,6494,371,161
865,1145,6495,1649,6495,371,161
866,1145,6496,1649,6496,371,161
866,1145,6497,1649,6497,371,161
866,1145,6498,1649,6498,371,161
866,1145,6499,1649,6499,371,161
866,1145,6500,1649,6500,371,161
866,1145,6501,1649,6501,371,161
866,1145,6502,1649,6502,371,161
866,1145,6503,1649,6503,371,161
866,1145,6504,1649,6504,371,161
865,1145,6505,1649,6505,371,161
865,1145,6506,1649,6506,371,161
865,1145,6507,1649,6507,371,161
865,1145,6508,1649,6508,371,161
865,1145,6509,1649,6509,371,161
865,1145,6510,1649,6510,371,161
864,1145,6511,1649,6511,371,161
864,1145,6512,1649,6512,371,161
865,1145,6513,1649,6513,371,161
865,1145,6514,1649,6514,371,161
865,1145,6515,1649,6515,371,161
865,1145,6516,1649,6516,371,161
865,1145,6517,1649,6517,371,161
865,1145,6518,1649,6518,371,161
865,1145,6519,1649,6519,371,161
865,1145,6520,1649,6520,371,161
866,1145,6521,1649,6521,371,161
865,1145,6522,1649,6522,371,161
865,1145,6523,1649,6523,371,161
865,1145,6524,1649,6524,371,161
865,1145,6525,1649,6525,371,161
865,1145,6526,1649,6526,371,161
865,1145,6527,1649,6527,371,161
865,1145,6528,1649,6528,371,161
864,1145,6529,1649,6529,371,161
864,1145,6530,1649,6530,371,161
864,1145,6531,1649,6531,371,161
863,1145,6532,1649,6532,371,161
863,1145,6533,1649,6533,371,161
863,1145,6534,1649,6534,371,161
863,1145,6535,1649,6535,371,161
863,1145,6536,1649,6536,371,161
863,1145,6537,1649,6537,371,161
863,1145,6538,1649,6538,371,161
863,1145,6539,1649,6539,371,161
863,1145,6540,1649,6540,371,161
862,1145,6541,1649,6541,371,161
862,1145,6542,1649,6542,371,161
862,1145,6543,1649,6543,371,161
862,1145,6544,1649,6544,371,161
862,1145,6545,1649,6545,371,161
862,1145,6546,1649,6546,371,161
862,1145,6547,1649,6547,371,161
862,1145,6548,1649,6548,371,161
862,1145,6549,1649,6549,371,161
862,1145,6550,1649,6550,371,161
862,1145,6551,1649,6551,371,161
863,1145,6552,1649,6552,371,161
863,1145,6553,1649,6553,371,161
863,1145,6554,1649,6554,371,161
863,1145,6555,1649,6555,371,161
863,1145,6556,1649,6556,371,161
863,1145,6557,1649,6557,371,161
863,1145,6558,1649,6558,371,161
863,1145,6559,1649,6559,371,161
863,1145,6560,1649,6560,371,161
863,1145,6561,1649,6561,371,161
863,1145,6562,1649,6562,371,161
863,1145,6563,1649,6563,371,161
863,1145,6564,1649,6564,371,161
863,1145,6565,1649,6565,371,161
863,1145,6566,1649,6566,371,161
863,1145,6567,1649,6567,371,161
863,1145,6568,1649,6568,371,161
863,1145,6569,1649,6569,371,161
863,1145,6570,1649,6570,371,161
863,1145,6571,1649,6571,371,161
863,1145,6572,1649,6572,371,161
863,1145,6573,1649,6573,371,161
863,1145,6574,1649,6574,371,161
863,1145,6575,1649,6575,371,161
863,1145,6576,1649,6576,371,161
863,1145,6577,1649,6577,371,161
863,1145,6578,1649,6578,371,161
863,1145,6579,1649,6579,371,161
863,1145,6580,1649,6580,371,161
863,1145,6581,1649,6581,371,161
863,1145,6582,1649,6582,371,161
863,1145,6583,1649,6583,371,161
863,1145,6584,1649,6584,371,161
863,1145,6585,1649,6585,371,161
863,1145,6586,1649,6586,371,161
863,1145,6587,1649,6587,371,161
863,1145,6588,1649,6588,371,161
863,1145,6589,1649,6589,371,161
863,1145,6590,1649,6590,371,161
863,1145,6591,1649,6591,371,161
863,1145,6592,1649,6592,371,161
863,1145,6593,1649,6593,371,161
863,1145,6594,1649,6594,371,161
863,1145,6595,1649,6595,371,161
863,1145,6596,1649,6596,371,161
863,1145,6597,1649,6597,371,161
863,1145,6598,1649,6598,371,161
863,1145,6599,1649,6599,371,161
863,1145,6600,1649,6600,371,161
863,1145,6601,1649,6601,371,161
863,1145,6602,1649,6602,371,161
863,1145,6603,1649,6603,371,161
863,1145,6604,1649,6604,371,161
863,1145,6605,1649,6605,371,161
863,1145,6606,1649,6606,371,161
863,1145,6607,1649,6607,371,161
863,1145,6608,1649,6608,371,161
863,1145,6609,1649,6609,371,161
863,1145,6610,1649,6610,371,161
863,1145,6611,1649,6611,371,161
862,1145,6612,1649,6612,371,160
862,1145,6613,1649,6613,371,160
862,1145,6614,1649,6614,371,160
862,1145,6615,1649,6615,371,160
862,1145,6616,1649,6616,371,160
862,1145,6617,1649,6617,371,160
862,1145,6618,1649,6618,371,160
862,1145,6619,1649,6619,371,160
862,1145,6620,1649,6620,371,160
862,1145,6621,1649,6621,371,160
862,1145,6622,1649,6622,371,160
862,1145,6623,1649,6623,371,160
862,1145,6624,1649,6624,371,160
862,1145,6625,1649,6625,371,160
862,1145,6626,1649,6626,371,160
862,1145,6627,1649,6627,371,160
862,1145,6628,1649,6628,371,160
862,1145,6629,1649,6629,371,160
862,1145,6630,1649,6630,371,160
862,1145,6631,1649,6631,371,160
862,1145,6632,1649,6632,371,160
861,1145,6633,1649,6633,371,159
861,1145,6634,1649,6634,371,159
861,1145,6635,1649,6635,371,159
861,1145,6636,1649,6636,371,159
861,1145,6637,1649,6637,371,159
861,1145,6638,1649,6638,371,159
861,1145,6639,1649,6639,371,159
861,1145,6640,1649,6640,371,159
861,1145,6641,1649,6641,371,159
861,1145,6642,1649,6642,371,159
861,1145,6643,1649,6643,371,159
861,1145,6644,1649,6644,371,159
861,1145,6645,1649,6645,371,159
861,1145,6646,1649,6646,371,159
861,1145,6647,1649,6647,371,159
861,1145,6648,1649,6648,371,159
861,1145,6649,1649,6649,371,159
861,1145,6650,1649,6650,371,159
861,1145,6651,1649,6651,371,159
861,1145,6652,1649,6652,371,159
861,1145,6653,1649,6653,371,159
859,1145,6654,1649,6654,371,159
859,1145,6655,1649,6655,371,159
859,1145,6656,1649,6656,371,159
859,1145,6657,1649,6657,371,159
859,1145,6658,1649,6658,371,159
859,1145,6659,1649,6659,371,159
859,1145,6660,1649,6660,371,159
859,1145,6661,1649,6661,371,159
859,1145,6662,1649,6662,371,159
859,1145,6663,1649,6663,371,159
859,1145,6664,1649,6664,371,159
859,1145,6665,1649,6665,371,159
859,1145,6666,1649,6666,371,159
859,1145,6667,1649,6667,371,159
858,1145,6668,1649,6668,371,159
858,1145,6669,1649,6669,371,159
857,1145,6670,1649,6670,371,159
857,1145,6671,1649,6671,371,159
857,1145,6672,1649,6672,371,159
857,1145,6673,1649,6673,371,159
857,1145,6674,1649,6674,371,159
857,1145,6675,1649,6675,371,159
857,1145,6676,1649,6676,371,159
857,1145,6677,1649,6677,371,159
857,1145,6678,1649,6678,371,159
857,1145,6679,1649,6679,371,159
857,1145,6680,1649,6680,371,159
857,1145,6681,1649,6681,371,159
857,1145,6682,1649,6682,371,159
857,1145,6683,1649,6683,371,159
857,1145,6684,1649,6684,371,159
858,1145,6685,1649,6685,371,159
858,1145,6686,1649,6686,371,159
858,1145,6687,1649,6687,371,159
858,1145,6688,1649,6688,371,159
858,1145,6689,1649,6689,371,159
857,1145,6690,1649,6690,371,158
857,1145,6691,1649,6691,371,158
857,1145,6692,1649,6692,371,158
857,1145,6693,1649,6693,371,158
857,1145,6694,1649,6694,371,158
857,1145,6695,1649,6695,371,158
857,1145,6696,1649,6696,371,158
857,1145,6697,1649,6697,371,158
857,1145,6698,1649,6698,371,158
857,1145,6699,1649,6699,371,158
857,1145,6700,1649,6700,371,158
857,1145,6701,1649,6701,371,158
857,1145,6702,1649,6702,371,158
857,1145,6703,1649,6703,371,158
857,1145,6704,1649,6704,371,158
857,1145,6705,1649,6705,371,158
857,1145,6706,1649,6706,371,158
857,1145,6707,1649,6707,371,158
857,1145,6708,1649,6708,371,158
857,1145,6709,1649,6709,371,158
857,1145,6710,1649,6710,371,158
857,1145,6711,1649,6711,371,158
857,1145,6712,1649,6712,371,158
857,1145,6713,1649,6713,371,158
858,1145,6714,1649,6714,371,158
859,1145,6715,1649,6715,371,158
859,1145,6716,1649,6716,371,158
859,1145,6717,1649,6717,371,158
859,1145,6718,1649,6718,371,158
859,1145,6719,1649,6719,371,158
859,1145,6720,1649,6720,371,158
859,1145,6721,1649,6721,371,158
859,1145,6722,1649,6722,371,158
859,1145,6723,1649,6723,371,158
859,1145,6724,1649,6724,371,158
859,1145,6725,1649,6725,371,158
859,1145,6726,1649,6726,371,158
859,1145,6727,1649,6727,371,158
859,1145,6728,1649,6728,371,158
859,1145,6729,1649,6729,371,158
859,1145,6730,1649,6730,371,158
859,1145,6731,1649,6731,371,158
859,1145,6732,1649,6732,371,158
859,1145,6733,1649,6733,371,158
859,1145,6734,1649,6734,371,158
859,1145,6735,1649,6735,371,158
859,1145,6736,1649,6736,371,158
859,1145,6737,1649,6737,371,158
859,1145,6738,1649,6738,371,158
859,1145,6739,1649,6739,371,158
859,1145,6740,1649,6740,371,158
859,1145,6741,1649,6741,371,158
859,1145,6742,1649,6742,371,158
859,1145,6743,1649,6743,371,158
860,1145,6744,1649,6744,371,158
860,1145,6745,1649,6745,371,158
860,1145,6746,1649,6746,371,158
860,1145,6747,1649,6747,371,158
860,1145,6748,1649,6748,371,158
860,1145,6749,1649,6749,371,158
860,1145,6750,1649,6750,371,158
860,1145,6751,1649,6751,371,158
860,1145,6752,1649,6752,371,158
860,1145,6753,1649,6753,371,158
860,1145,6754,1649,6754,371,158
860,1145,6755,1649,6755,371,158
860,1145,6756,1649,6756,371,158
860,1145,6757,1649,6757,371,158
860,1145,6758,1649,6758,371,158
860,1145,6759,1649,6759,371,158
860,1145,6760,1649,6760,371,158
860,1145,6761,1649,6761,371,158
860,1145,6762,1649,6762,371,158
860,1145,6763,1649,6763,371,158
860,1145,6764,1649,6764,371,158
860,1145,6765,1649,6765,371,158
860,1145,6766,1649,6766,371,158
860,1145,6767,1649,6767,371,158
860,1145,6768,1649,6768,371,158
860,1145,6769,1649,6769,371,158
860,1145,6770,1649,6770,371,158
860,1145,6771,1649,6771,371,158
860,1145,6772,1649,6772,371,158
860,1145,6773,1649,6773,371,158
860,1145,6774,1649,6774,371,158
860,1145,6775,1649,6775,371,158
860,1145,6776,1649,6776,371,158
860,1145,6777,1649,6777,371,158
860,1145,6778,1649,6778,371,158
859,1145,6779,1649,6779,371,158
859,1145,6780,1649,6780,371,158
859,1145,6781,1649,6781,371,158
859,1145,6782,1649,6782,371,158
859,1145,6783,1649,6783,371,158
859,1145,6784,1649,6784,371,158
859,1145,6785,1649,6785,371,158
859,1145,6786,1649,6786,371,158
859,1145,6787,1649,6787,371,158
859,1145,6788,1649,6788,371,158
859,1145,6789,1649,6789,371,158
859,1145,6790,1649,6790,371,158
859,1145,6791,1649,6791,371,158
859,1145,6792,1649,6792,371,158
859,1145,6793,1649,6793,371,158
859,1145,6794,1649,6794,371,158
859,1145,6795,1649,6795,371,158
858,1145,6796,1649,6796,371,158
858,1145,6797,1649,6797,371,158
858,1145,6798,1649,6798,371,158
858,1145,6799,1649,6799,371,158
858,1145,6800,1649,6800,371,158
858,1145,6801,1649,6801,371,158
858,1145,6802,1649,6802,371,158
858,1145,6803,1649,6803,371,158
858,1145,6804,1649,6804,371,158
858,1145,6805,1649,6805,371,158
858,1145,6806,1649,6806,371,158
858,1145,6807,1649,6807,371,158
858,1145,6808,1649,6808,371,158
857,1145,6809,1649,6809,371,158
857,1145,6810,1649,6810,371,158
857,1145,6811,1649,6811,371,158
857,1145,6812,1649,6812,371,158
857,1145,6813,1649,6813,371,158
857,1145,6814,1649,6814,371,158
857,1145,6815,1649,6815,371,158
857,1145,6816,1649,6816,371,158
857,1145,6817,1649,6817,371,158
857,1145,6818,1649,6818,371,158
857,1145,6819,1649,6819,371,158
857,1145,6820,1649,6820,371,158
857,1145,6821,1649,6821,371,158
857,1145,6822,1649,6822,371,158
857,1145,6823,1649,6823,371,158
857,1145,6824,1649,6824,371,158
856,1145,6825,1649,6825,371,158
856,1145,6826,1649,6826,371,158
856,1145,6827,1649,6827,371,158
857,1145,6828,1649,6828,371,158
857,1145,6829,1649,6829,371,158
857,1145,6830,1649,6830,371,158
857,1145,6831,1649,6831,371,158
857,1145,6832,1649,6832,371,158
857,1145,6833,1649,6833,371,158
856,1145,6834,1649,6834,371,158
856,1145,6835,1649,6835,371,158
856,1145,6836,1649,6836,371,158
856,1145,6837,1649,6837,371,158
856,1145,6838,1649,6838,371,158
856,1145,6839,1649,6839,371,158
856,1145,6840,1649,6840,371,158
857,1145,6841,1649,6841,371,158
857,1145,6842,1649,6842,371,158
857,1145,6843,1649,6843,371,158
857,1145,6844,1649,6844,371,158
857,1145,6845,1649,6845,371,158
857,1145,6846,1649,6846,371,158
858,1145,6847,1649,6847,371,158
858,1145,6848,1649,6848,371,158
858,1145,6849,1649,6849,371,158
858,1145,6850,1649,6850,371,158
858,1145,6851,1649,6851,371,158
858,1145,6852,1649,6852,371,158
858,1145,6853,1649,6853,371,158
858,1145,6854,1649,6854,371,158
858,1145,6855,1649,6855,371,158
858,1145,6856,1649,6856,371,158
858,1145,6857,1649,6857,371,158
858,1145,6858,1649,6858,371,158
858,1145,6859,1649,6859,371,158
858,1145,6860,1649,6860,371,158
858,1145,6861,1649,6861,371,158
858,1145,6862,1649,6862,371,158
858,1145,6863,1649,6863,371,158
858,1145,6864,1649,6864,371,158
858,1145,6865,1649,6865,371,158
858,1145,6866,1649,6866,371,158
858,1145,6867,1649,6867,371,158
858,1145,6868,1649,6868,371,158
858,1145,6869,1649,6869,371,158
858,1145,6870,1649,6870,371,158
858,1145,6871,1649,6871,371,158
858,1145,6872,1649,6872,371,158
858,1145,6873,1649,6873,371,158
858,1145,6874,1649,6874,371,158
858,1145,6875,1649,6875,371,158
859,1145,6876,1649,6876,371,158
859,1145,6877,1649,6877,371,158
859,1145,6878,1649,6878,371,158
859,1145,6879,1649,6879,371,158
859,1145,6880,1649,6880,371,158
859,1145,6881,1649,6881,371,158
859,1145,6882,1649,6882,371,158
859,1145,6883,1649,6883,371,158
859,1145,6884,1649,6884,371,158
859,1145,6885,1649,6885,371,158
859,1145,6886,1649,6886,371,158
859,1145,6887,1649,6887,371,158
859,1145,6888,1649,6888,371,158
859,1145,6889,1649,6889,371,158
859,1145,6890,1649,6890,371,158
859,1145,6891,1649,6891,371,158
860,1145,6892,1649,6892,371,158
860,1145,6893,1649,6893,371,158
860,1145,6894,1649,6894,371,158
860,1145,6895,1649,6895,371,158
860,1145,6896,1649,6896,371,158
860,1145,6897,1649,6897,371,158
860,1145,6898,1649,6898,371,158
860,1145,6899,1649,6899,371,158
860,1145,6900,1649,6900,371,158
860,1145,6901,1649,6901,371,158
860,1145,6902,1649,6902,371,158
860,1145,6903,1649,6903,371,158
860,1145,6904,1649,6904,371,158
860,1145,6905,1649,6905,371,158
860,1145,6906,1649,6906,371,158
860,1145,6907,1649,6907,371,158
860,1145,6908,1649,6908,371,158
860,1145,6909,1649,6909,371,158
860,1145,6910,1649,6910,371,158
860,1145,6911,1649,6911,371,158
860,1145,6912,1649,6912,371,158
860,1145,6913,1649,6913,371,158
860,1145,6914,1649,6914,371,158
860,1145,6915,1649,6915,371,158
860,1145,6916,1649,6916,371,158
859,1145,6917,1649,6917,371,157
859,1145,6918,1649,6918,371,157
859,1145,6919,1649,6919,371,157
859,1145,6920,1649,6920,371,157
858,1145,6921,1649,6921,371,157
858,1145,6922,1649,6922,371,157
858,1145,6923,1649,6923,371,157
858,1145,6924,1649,6924,371,157
857,1145,6925,1649,6925,371,157
857,1145,6926,1649,6926,371,157
857,1145,6927,1649,6927,371,157
857,1145,6928,1649,6928,371,157
857,1145,6929,1649,6929,371,157
857,1145,6930,1649,6930,371,157
857,1145,6931,1649,6931,371,157
857,1145,6932,1649,6932,371,157
857,1145,6933,1649,6933,371,157
857,1145,6934,1649,6934,371,157
857,1145,6935,1649,6935,371,157
857,1145,6936,1649,6936,371,157
857,1145,6937,1649,6937,371,157
857,1145,6938,1649,6938,371,157
857,1145,6939,1649,6939,371,157
857,1145,6940,1649,6940,371,157
857,1145,6941,1649,6941,371,157
857,1145,6942,1649,6942,371,157
857,1145,6943,1649,6943,371,157
856,1145,6944,1649,6944,371,157
856,1145,6945,1649,6945,371,157
856,1145,6946,1649,6946,371,157
856,1145,6947,1649,6947,371,157
855,1145,6948,1649,6948,371,157
855,1145,6949,1649,6949,371,157
855,1145,6950,1649,6950,371,157
855,1145,6951,1649,6951,371,157
855,1145,6952,1649,6952,371,157
855,1145,6953,1649,6953,371,157
855,1145,6954,1649,6954,371,157
855,1145,6955,1649,6955,371,157
855,1145,6956,1649,6956,371,157
855,1145,6957,1649,6957,371,157
855,1145,6958,1649,6958,371,157
855,1145,6959,1649,6959,371,157
855,1145,6960,1649,6960,371,157
855,1145,6961,1649,6961,371,157
855,1145,6962,1649,6962,371,157
855,1145,6963,1649,6963,371,157
855,1145,6964,1649,6964,371,157
855,1145,6965,1649,6965,371,157
855,1145,6966,1649,6966,371,157
855,1145,6967,1649,6967,371,157
855,1145,6968,1649,6968,371,157
855,1145,6969,1649,6969,371,157
855,1145,6970,1649,6970,371,157
855,1145,6971,1649,6971,371,157
855,1145,6972,1649,6972,371,157
855,1145,6973,1649,6973,371,157
855,1145,6974,1649,6974,371,157
855,1145,6975,1649,6975,371,157
855,1145,6976,1649,6976,371,157
855,1145,6977,1649,6977,371,157
855,1145,6978,1649,6978,371,157
855,1145,6979,1649,6979,371,157
855,1145,6980,1649,6980,371,157
855,1145,6981,1649,6981,371,157
855,1145,6982,1649,6982,371,157
855,1145,6983,1649,6983,371,157
855,1145,6984,1649,6984,371,157
855,1145,6985,1649,6985,371,157
855,1145,6986,1649,6986,371,157
855,1145,6987,1649,6987,371,157
855,1145,6988,1649,6988,371,157
855,1145,6989,1649,6989,371,157
855,1145,6990,1649,6990,371,157
855,1145,6991,1649,6991,371,157
855,1145,6992,1649,6992,371,157
855,1145,6993,1649,6993,371,157
855,1145,6994,1649,6994,371,157
856,1145,6995,1649,6995,371,157
856,1145,6996,1649,6996,371,157
856,1145,6997,1649,6997,371,157
856,1145,6998,1649,6998,371,157
856,1145,6999,1649,6999,371,157
856,1145,7000,1649,7000,371,157
855,1145,7001,1649,7001,371,157
855,1145,7002,1649,7002,371,157
855,1145,7003,1649,7003,371,157
855,1145,7004,1649,7004,371,157
855,1145,7005,1649,7005,371,157
855,1145,7006,1649,7006,371,157
855,1145,7007,1649,7007,371,157
855,1145,7008,1649,7008,371,157
855,1145,7009,1649,7009,371,157
855,1145,7010,1649,7010,371,157
855,1145,7011,1649,7011,371,157
855,1145,7012,1649,7012,371,157
855,1145,7013,1649,7013,371,157
855,1145,7014,1649,7014,371,157
855,1145,7015,1649,7015,371,157
855,1145,7016,1649,7016,371,157
855,1145,7017,1649,7017,371,157
855,1145,7018,1649,7018,371,157
855,1145,7019,1649,7019,371,157
855,1145,7020,1649,7020,371,157
855,1145,7021,1649,7021,371,157
855,1145,7022,1649,7022,371,157
855,1145,7023,1649,7023,371,157
855,1145,7024,1649,7024,371,157
855,1145,7025,1649,7025,371,157
855,1145,7026,1649,7026,371,157
855,1145,7027,1649,7027,371,157
855,1145,7028,1649,7028,371,157
855,1145,7029,1649,7029,371,157
855,1145,7030,1649,7030,371,157
855,1145,7031,1649,7031,371,157
855,1145,7032,1649,7032,371,157
855,1145,7033,1649,7033,371,157
855,1145,7034,1649,7034,371,157
855,1145,7035,1649,7035,371,157
855,1145,7036,1649,7036,371,157
855,1145,7037,1649,7037,371,157
855,1145,7038,1649,7038,371,157
854,1145,7039,1649,7039,371,157
854,1145,7040,1649,7040,371,157
854,1145,7041,1649,7041,371,157
854,1145,7042,1649,7042,371,157
854,1145,7043,1649,7043,371,157
854,1145,7044,1649,7044,371,157
854,1145,7045,1649,7045,371,157
854,1145,7046,1649,7046,371,157
854,1145,7047,1649,7047,371,157
854,1145,7048,1649,7048,371,157
854,1145,7049,1649,7049,371,157
854,1145,7050,1649,7050,371,157
854,1145,7051,1649,7051,371,157
854,1145,7052,1649,7052,371,157
854,1145,7053,1649,7053,371,157
854,1145,7054,1649,7054,371,157
854,1145,7055,1649,7055,371,157
854,1145,7056,1649,7056,371,157
854,1145,7057,1649,7057,371,157
854,1145,7058,1649,7058,371,157
854,1145,7059,1649,7059,371,157
854,1145,7060,1649,7060,371,157
854,1145,7061,1649,7061,371,157
854,1145,7062,1649,7062,371,157
854,1145,7063,1649,7063,371,157
854,1145,7064,1649,7064,371,157
854,1145,7065,1649,7065,371,157
854,1145,7066,1649,7066,371,157
854,1145,7067,1649,7067,371,157
854,1145,7068,1649,7068,371,157
854,1145,7069,1649,7069,371,157
854,1145,7070,1649,7070,371,157
854,1145,7071,1649,7071,371,157
854,1145,7072,1649,7072,371,157
854,1145,7073,1649,7073,371,157
854,1145,7074,1649,7074,371,157
854,1145,7075,1649,7075,371,157
854,1145,7076,1649,7076,371,157
854,1145,7077,1649,7077,371,157
853,1145,7078,1649,7078,371,157
852,1145,7079,1649,7079,371,157
852,1145,7080,1649,7080,371,157
851,1145,7081,1649,7081,371,157
851,1145,7082,1649,7082,371,157
851,1145,7083,1649,7083,371,157
851,1145,7084,1649,7084,371,157
851,1145,7085,1649,7085,371,157
851,1145,7086,1649,7086,371,157
851,1145,7087,1649,7087,371,157
851,1145,7088,1649,7088,371,157
851,1145,7089,1649,7089,371,157
851,1145,7090,1649,7090,371,157
851,1145,7091,1649,7091,371,157
851,1145,7092,1649,7092,371,157
851,1145,7093,1649,7093,371,157
851,1145,7094,1649,7094,371,157
851,1145,7095,1649,7095,371,157
851,1145,7096,1649,7096,371,157
851,1145,7097,1649,7097,371,157
851,1145,7098,1649,7098,371,157
851,1145,7099,1649,7099,371,157
851,1145,7100,1649,7100,371,157
851,1145,7101,1649,7101,371,157
851,1145,7102,1649,7102,371,157
852,1145,7103,1649,7103,371,157
852,1145,7104,1649,7104,371,157
852,1145,7105,1649,7105,371,157
851,1145,7106,1649,7106,371,157
851,1145,7107,1649,7107,371,157
851,1145,7108,1649,7108,371,157
851,1145,7109,1649,7109,371,157
851,1145,7110,1649,7110,371,157
851,1145,7111,1649,7111,371,157
851,1145,7112,1649,7112,371,157
851,1145,7113,1649,7113,371,157
851,1145,7114,1649,7114,371,157
851,1145,7115,1649,7115,371,157
851,1145,7116,1649,7116,371,157
851,1145,7117,1649,7117,371,157
851,1145,7118,1649,7118,371,157
851,1145,7119,1649,7119,371,157
851,1145,7120,1649,7120,371,157
851,1145,7121,1649,7121,371,157
851,1145,7122,1649,7122,371,157
851,1145,7123,1649,7123,371,157
851,1145,7124,1649,7124,371,157
851,1145,7125,1649,7125,371,157
851,1145,7126,1649,7126,371,157
851,1145,7127,1649,7127,371,157
851,1145,7128,1649,7128,371,157
851,1145,7129,1649,7129,371,157
851,1145,7130,1649,7130,371,157
851,1145,7131,1649,7131,371,157
851,1145,7132,1649,7132,371,157
851,1145,7133,1649,7133,371,157
851,1145,7134,1649,7134,371,157
851,1145,7135,1649,7135,371,157
851,1145,7136,1649,7136,371,157
851,1145,7137,1649,7137,371,157
851,1145,7138,1649,7138,371,157
851,1145,7139,1649,7139,371,157
851,1145,7140,1649,7140,371,157
851,1145,7141,1649,7141,371,157
851,1145,7142,1649,7142,371,157
851,1145,7143,1649,7143,371,157
851,1145,7144,1649,7144,371,157
851,1145,7145,1649,7145,371,157
849,1145,7146,1649,7146,371,155
849,1145,7147,1649,7147,371,155
849,1145,7148,1649,7148,371,155
849,1145,7149,1649,7149,371,155
849,1145,7150,1649,7150,371,155
849,1145,7151,1649,7151,371,155
849,1145,7152,1649,7152,371,155
850,1145,7153,1649,7153,371,155
850,1145,7154,1649,7154,371,155
850,1145,7155,1649,7155,371,155
850,1145,7156,1649,7156,371,155
850,1145,7157,1649,7157,371,155
850,1145,7158,1649,7158,371,155
850,1145,7159,1649,7159,371,155
850,1145,7160,1649,7160,371,155
849,1145,7161,1649,7161,371,155
849,1145,7162,1649,7162,371,155
849,1145,7163,1649,7163,371,155
849,1145,7164,1649,7164,371,155
849,1145,7165,1649,7165,371,155
849,1145,7166,1649,7166,371,155
849,1145,7167,1649,7167,371,155
849,1145,7168,1649,7168,371,155
849,1145,7169,1649,7169,371,155
849,1145,7170,1649,7170,371,155
848,1145,7171,1649,7171,371,155
848,1145,7172,1649,7172,371,155
847,1145,7173,1649,7173,371,155
847,1145,7174,1649,7174,371,155
847,1145,7175,1649,7175,371,155
847,1145,7176,1649,7176,371,155
847,1145,7177,1649,7177,371,155
847,1145,7178,1649,7178,371,155
847,1145,7179,1649,7179,371,155
847,1145,7180,1649,7180,371,155
848,1145,7181,1649,7181,371,155
848,1145,7182,1649,7182,371,155
848,1145,7183,1649,7183,371,155
848,1145,7184,1649,7184,371,155
848,1145,7185,1649,7185,371,155
848,1145,7186,1649,7186,371,155
848,1145,7187,1649,7187,371,155
848,1145,7188,1649,7188,371,155
848,1145,7189,1649,7189,371,155
848,1145,7190,1649,7190,371,155
848,1145,7191,1649,7191,371,155
848,1145,7192,1649,7192,371,155
848,1145,7193,1649,7193,371,155
848,1145,7194,1649,7194,371,155
848,1145,7195,1649,7195,371,155
848,1145,7196,1649,7196,371,155
848,1145,7197,1649,7197,371,155
848,1145,7198,1649,7198,371,155
848,1145,7199,1649,7199,371,155
848,1145,7200,1649,7200,371,155
848,1145,7201,1649,7201,371,155
848,1145,7202,1649,7202,371,155
848,1145,7203,1649,7203,371,155
848,1145,7204,1649,7204,371,155
848,1145,7205,1649,7205,371,155
848,1145,7206,1649,7206,371,155
848,1145,7207,1649,7207,371,155
847,1145,7208,1649,7208,371,155
847,1145,7209,1649,7209,371,155
847,1145,7210,1649,7210,371,155
846,1145,7211,1649,7211,371,154
846,1145,7212,1649,7212,371,154
846,1145,7213,1649,7213,371,154
846,1145,7214,1649,7214,371,154
846,1145,7215,1649,7215,371,154
846,1145,7216,1649,7216,371,154
846,1145,7217,1649,7217,371,154
846,1145,7218,1649,7218,371,154
846,1145,7219,1649,7219,371,154
846,1145,7220,1649,7220,371,154
846,1145,7221,1649,7221,371,154
846,1145,7222,1649,7222,371,154
846,1145,7223,1649,7223,371,154
846,1145,7224,1649,7224,371,154
846,1145,7225,1649,7225,371,154
846,1145,7226,1649,7226,371,154
846,1145,7227,1649,7227,371,154
846,1145,7228,1649,7228,371,154
846,1145,7229,1649,7229,371,154
847,1145,7230,1649,7230,371,154
847,1145,7231,1649,7231,371,154
847,1145,7232,1649,7232,371,154
847,1145,7233,1649,7233,371,154
847,1145,7234,1649,7234,371,154
846,1145,7235,1649,7235,371,154
846,1145,7236,1649,7236,371,154
846,1145,7237,1649,7237,371,154
846,1145,7238,1649,7238,371,154
846,1145,7239,1649,7239,371,154
846,1145,7240,1649,7240,371,154
846,1145,7241,1649,7241,371,154
846,1145,7242,1649,7242,371,154
846,1145,7243,1649,7243,371,154
845,1145,7244,1649,7244,371,153
845,1145,7245,1649,7245,371,153
845,1145,7246,1649,7246,371,153
845,1145,7247,1649,7247,371,153
845,1145,7248,1649,7248,371,153
845,1145,7249,1649,7249,371,153
845,1145,7250,1649,7250,371,153
845,1145,7251,1649,7251,371,153
845,1145,7252,1649,7252,371,153
845,1145,7253,1649,7253,371,153
845,1145,7254,1649,7254,371,153
845,1145,7255,1649,7255,371,153
845,1145,7256,1649,7256,371,153
845,1145,7257,1649,7257,371,153
845,1145,7258,1649,7258,371,153
844,1145,7259,1649,7259,371,153
844,1145,7260,1649,7260,371,153
844,1145,7261,1649,7261,371,153
844,1145,7262,1649,7262,371,153
844,1145,7263,1649,7263,371,153
844,1145,7264,1649,7264,371,153
844,1145,7265,1649,7265,371,153
844,1145,7266,1649,7266,371,153
844,1145,7267,1649,7267,371,153
844,1145,7268,1649,7268,371,153
844,1145,7269,1649,7269,371,153
844,1145,7270,1649,7270,371,153
844,1145,7271,1649,7271,371,153
844,1145,7272,1649,7272,371,153
844,1145,7273,1649,7273,371,153
844,1145,7274,1649,7274,371,153
844,1145,7275,1649,7275,371,153
844,1145,7276,1649,7276,371,153
844,1145,7277,1649,7277,371,153
844,1145,7278,1649,7278,371,153
844,1145,7279,1649,7279,371,153
844,1145,7280,1649,7280,371,153
844,1145,7281,1649,7281,371,153
844,1145,7282,1649,7282,371,153
844,1145,7283,1649,7283,371,153
844,1145,7284,1649,7284,371,153
844,1145,7285,1649,7285,371,153
844,1145,7286,1649,7286,371,153
844,1145,7287,1649,7287,371,153
844,1145,7288,1649,7288,371,153
844,1145,7289,1649,7289,371,153
844,1145,7290,1649,7290,371,153
844,1145,7291,1649,7291,371,153
844,1145,7292,1649,7292,371,153
844,1145,7293,1649,7293,371,153
844,1145,7294,1649,7294,371,153
844,1145,7295,1649,7295,371,153
844,1145,7296,1649,7296,371,153
844,1145,7297,1649,7297,371,153
844,1145,7298,1649,7298,371,153
844,1145,7299,1649,7299,371,153
844,1145,7300,1649,7300,371,153
844,1145,7301,1649,7301,371,153
844,1145,7302,1649,7302,371,153
844,1145,7303,1649,7303,371,153
844,1145,7304,1649,7304,371,153
844,1145,7305,1649,7305,371,153
844,1145,7306,1649,7306,371,153
844,1145,7307,1649,7307,371,153
844,1145,7308,1649,7308,371,153
844,1145,7309,1649,7309,371,153
843,1145,7310,1649,7310,371,153
842,1145,7311,1649,7311,371,153
842,1145,7312,1649,7312,371,153
842,1145,7313,1649,7313,371,153
842,1145,7314,1649,7314,371,153
842,1145,7315,1649,7315,371,153
842,1145,7316,1649,7316,371,153
843,1145,7317,1649,7317,371,153
843,1145,7318,1649,7318,371,153
843,1145,7319,1649,7319,371,153
843,1145,7320,1649,7320,371,153
843,1145,7321,1649,7321,371,153
843,1145,7322,1649,7322,371,153
843,1145,7323,1649,7323,371,153
843,1145,7324,1649,7324,371,153
843,1145,7325,1649,7325,371,153
842,1145,7326,1649,7326,371,153
842,1145,7327,1649,7327,371,153
842,1145,7328,1649,7328,371,153
842,1145,7329,1649,7329,371,153
842,1145,7330,1649,7330,371,153
842,1145,7331,1649,7331,371,153
842,1145,7332,1649,7332,371,153
842,1145,7333,1649,7333,371,153
842,1145,7334,1649,7334,371,153
842,1145,7335,1649,7335,371,153
842,1145,7336,1649,7336,371,153
842,1145,7337,1649,7337,371,153
842,1145,7338,1649,7338,371,153
842,1145,7339,1649,7339,371,153
842,1145,7340,1649,7340,371,153
842,1145,7341,1649,7341,371,153
842,1145,7342,1649,7342,371,153
842,1145,7343,1649,7343,371,153
842,1145,7344,1649,7344,371,153
842,1145,7345,1649,7345,371,153
843,1145,7346,1649,7346,371,153
843,1145,7347,1649,7347,371,153
843,1145,7348,1649,7348,371,153
843,1145,7349,1649,7349,371,153
843,1145,7350,1649,7350,371,153
843,1145,7351,1649,7351,371,153
843,1145,7352,1649,7352,371,153
842,1145,7353,1649,7353,371,153
842,1145,7354,1649,7354,371,153
842,1145,7355,1649,7355,371,153
842,1145,7356,1649,7356,371,153
842,1145,7357,1649,7357,371,153
842,1145,7358,1649,7358,371,153
842,1145,7359,1649,7359,371,153
842,1145,7360,1649,7360,371,153
842,1145,7361,1649,7361,371,153
842,1145,7362,1649,7362,371,153
842,1145,7363,1649,7363,371,153
842,1145,7364,1649,7364,371,153
842,1145,7365,1649,7365,371,153
842,1145,7366,1649,7366,371,153
842,1145,7367,1649,7367,371,153
842,1145,7368,1649,7368,371,153
842,1145,7369,1649,7369,371,153
842,1145,7370,1649,7370,371,153
842,1145,7371,1649,7371,371,153
842,1145,7372,1649,7372,371,153
842,1145,7373,1649,7373,371,153
842,1145,7374,1649,7374,371,153
842,1145,7375,1649,7375,371,153
842,1145,7376,1649,7376,371,153
842,1145,7377,1649,7377,371,153
842,1145,7378,1649,7378,371,153
842,1145,7379,1649,7379,371,153
842,1145,7380,1649,7380,371,153
842,1145,7381,1649,7381,371,153
842,1145,7382,1649,7382,371,153
842,1145,7383,1649,7383,371,153
840,1145,7384,1649,7384,371,152
840,1145,7385,1649,7385,371,152
840,1145,7386,1649,7386,371,152
840,1145,7387,1649,7387,371,152
840,1145,7388,1649,7388,371,152
840,1145,7389,1649,7389,371,152
840,1145,7390,1649,7390,371,152
840,1145,7391,1649,7391,371,152
840,1145,7392,1649,7392,371,152
840,1145,7393,1649,7393,371,152
840,1145,7394,1649,7394,371,152
840,1145,7395,1649,7395,371,152
840,1145,7396,1649,7396,371,152
840,1145,7397,1649,7397,371,152
840,1145,7398,1649,7398,371,152
840,1145,7399,1649,7399,371,152
840,1145,7400,1649,7400,371,152
840,1145,7401,1649,7401,371,152
839,1145,7402,1649,7402,371,151
839,1145,7403,1649,7403,371,151
839,1145,7404,1649,7404,371,151
839,1145,7405,1649,7405,371,151
839,1145,7406,1649,7406,371,151
839,1145,7407,1649,7407,371,151
839,1145,7408,1649,7408,371,151
839,1145,7409,1649,7409,371,151
839,1145,7410,1649,7410,371,151
839,1145,7411,1649,7411,371,151
839,1145,7412,1649,7412,371,151
839,1145,7413,1649,7413,371,151
839,1145,7414,1649,7414,371,151
839,1145,7415,1649,7415,371,151
839,1145,7416,1649,7416,371,151
839,1145,7417,1649,7417,371,151
839,1145,7418,1649,7418,371,151
839,1145,7419,1649,7419,371,151
839,1145,7420,1649,7420,371,151
839,1145,7421,1649,7421,371,151
839,1145,7422,1649,7422,371,151
839,1145,7423,1649,7423,371,151
839,1145,7424,1649,7424,371,151
839,1145,7425,1649,7425,371,151
839,1145,7426,1649,7426,371,151
839,1145,7427,1649,7427,371,151
839,1145,7428,1649,7428,371,151
839,1145,7429,1649,7429,371,151
839,1145,7430,1649,7430,371,151
840,1145,7431,1649,7431,371,151
840,1145,7432,1649,7432,371,151
840,1145,7433,1649,7433,371,151
840,1145,7434,1649,7434,371,151
840,1145,7435,1649,7435,371,151
840,1145,7436,1649,7436,371,151
840,1145,7437,1649,7437,371,151
840,1145,7438,1649,7438,371,151
841,1145,7439,1649,7439,371,151
841,1145,7440,1649,7440,371,151
841,1145,7441,1649,7441,371,151
841,1145,7442,1649,7442,371,151
841,1145,7443,1649,7443,371,151
841,1145,7444,1649,7444,371,151
841,1145,7445,1649,7445,371,151
841,1145,7446,1649,7446,371,151
841,1145,7447,1649,7447,371,151
841,1145,7448,1649,7448,371,151
841,1145,7449,1649,7449,371,151
841,1145,7450,1649,7450,371,151
841,1145,7451,1649,7451,371,151
841,1145,7452,1649,7452,371,151
841,1145,7453,1649,7453,371,151
841,1145,7454,1649,7454,371,151
841,1145,7455,1649,7455,371,151
841,1145,7456,1649,7456,371,151
840,1145,7457,1649,7457,371,151
840,1145,7458,1649,7458,371,151
840,1145,7459,1649,7459,371,151
840,1145,7460,1649,7460,371,151
840,1145,7461,1649,7461,371,151
840,1145,7462,1649,7462,371,151
840,1145,7463,1649,7463,371,151
840,1145,7464,1649,7464,371,151
840,1145,7465,1649,7465,371,151
840,1145,7466,1649,7466,371,151
840,1145,7467,1649,7467,371,151
840,1145,7468,1649,7468,371,151
840,1145,7469,1649,7469,371,151
840,1145,7470,1649,7470,371,151
840,1145,7471,1649,7471,371,151
840,1145,7472,1649,7472,371,151
840,1145,7473,1649,7473,371,151
840,1145,7474,1649,7474,371,151
840,1145,7475,1649,7475,371,151
840,1145,7476,1649,7476,371,151
840,1145,7477,1649,7477,371,151
840,1145,7478,1649,7478,371,151
840,1145,7479,1649,7479,371,151
840,1145,7480,1649,7480,371,151
840,1145,7481,1649,7481,371,151
840,1145,7482,1649,7482,371,151
840,1145,7483,1649,7483,371,151
840,1145,7484,1649,7484,371,151
840,1145,7485,1649,7485,371,151
840,1145,7486,1649,7486,371,151
840,1145,7487,1649,7487,371,151
840,1145,7488,1649,7488,371,151
840,1145,7489,1649,7489,371,151
840,1145,7490,1649,7490,371,151
840,1145,7491,1649,7491,371,151
840,1145,7492,1649,7492,371,151
840,1145,7493,1649,7493,371,151
840,1145,7494,1649,7494,371,151
840,1145,7495,1649,7495,371,151
840,1145,7496,1649,7496,371,151
840,1145,7497,1649,7497,371,151
840,1145,7498,1649,7498,371,151
840,1145,7499,1649,7499,371,151
840,1145,7500,1649,7500,371,151
840,1145,7501,1649,7501,371,151
840,1145,7502,1649,7502,371,151
840,1145,7503,1649,7503,371,151
840,1145,7504,1649,7504,371,151
840,1145,7505,1649,7505,371,151
840,1145,7506,1649,7506,371,151
840,1145,7507,1649,7507,371,151
840,1145,7508,1649,7508,371,151
840,1145,7509,1649,7509,371,151
840,1145,7510,1649,7510,371,151
840,1145,7511,1649,7511,371,151
840,1145,7512,1649,7512,371,151
840,1145,7513,1649,7513,371,151
840,1145,7514,1649,7514,371,151
840,1145,7515,1649,7515,371,151
840,1145,7516,1649,7516,371,151
840,1145,7517,1649,7517,371,151
840,1145,7518,1649,7518,371,151
840,1145,7519,1649,7519,371,151
840,1145,7520,1649,7520,371,151
840,1145,7521,1649,7521,371,151
840,1145,7522,1649,7522,371,151
840,1145,7523,1649,7523,371,151
840,1145,7524,1649,7524,371,151
840,1145,7525,1649,7525,371,151
840,1145,7526,1649,7526,371,151
840,1145,7527,1649,7527,371,151
840,1145,7528,1649,7528,371,151
840,1145,7529,1649,7529,371,151
840,1145,7530,1649,7530,371,151
840,1145,7531,1649,7531,371,151
840,1145,7532,1649,7532,371,151
840,1145,7533,1649,7533,371,151
840,1145,7534,1649,7534,371,151
840,1145,7535,1649,7535,371,151
840,1145,7536,1649,7536,371,151
840,1145,7537,1649,7537,371,151
840,1145,7538,1649,7538,371,151
840,1145,7539,1649,7539,371,151
840,1145,7540,1649,7540,371,151
840,1145,7541,1649,7541,371,151
838,1145,7542,1649,7542,371,150
838,1145,7543,1649,7543,371,150
838,1145,7544,1649,7544,371,150
838,1145,7545,1649,7545,371,150
838,1145,7546,1649,7546,371,150
838,1145,7547,1649,7547,371,150
838,1145,7548,1649,7548,371,150
838,1145,7549,1649,7549,371,150
838,1145,7550,1649,7550,371,150
838,1145,7551,1649,7551,371,150
838,1145,7552,1649,7552,371,150
838,1145,7553,1649,7553,371,150
838,1145,7554,1649,7554,371,150
838,1145,7555,1649,7555,371,150
838,1145,7556,1649,7556,371,150
838,1145,7557,1649,7557,371,150
838,1145,7558,1649,7558,371,150
838,1145,7559,1649,7559,371,150
837,1145,7560,1649,7560,371,150
837,1145,7561,1649,7561,371,150
837,1145,7562,1649,7562,371,150
837,1145,7563,1649,7563,371,150
837,1145,7564,1649,7564,371,150
837,1145,7565,1649,7565,371,150
837,1145,7566,1649,7566,371,150
837,1145,7567,1649,7567,371,150
837,1145,7568,1649,7568,371,150
837,1145,7569,1649,7569,371,150
837,1145,7570,1649,7570,371,150
837,1145,7571,1649,7571,371,150
837,1145,7572,1649,7572,371,150
837,1145,7573,1649,7573,371,150
837,1145,7574,1649,7574,371,150
837,1145,7575,1649,7575,371,150
837,1145,7576,1649,7576,371,150
837,1145,7577,1649,7577,371,150
837,1145,7578,1649,7578,371,150
837,1145,7579,1649,7579,371,150
837,1145,7580,1649,7580,371,150
837,1145,7581,1649,7581,371,150
837,1145,7582,1649,7582,371,150
837,1145,7583,1649,7583,371,150
837,1145,7584,1649,7584,371,150
837,1145,7585,1649,7585,371,150
837,1145,7586,1649,7586,371,150
837,1145,7587,1649,7587,371,150
837,1145,7588,1649,7588,371,150
837,1145,7589,1649,7589,371,150
837,1145,7590,1649,7590,371,150
837,1145,7591,1649,7591,371,150
837,1145,7592,1649,7592,371,150
838,1145,7593,1649,7593,371,150
838,1145,7594,1649,7594,371,150
838,1145,7595,1649,7595,371,150
838,1145,7596,1649,7596,371,150
838,1145,7597,1649,7597,371,150
838,1145,7598,1649,7598,371,150
838,1145,7599,1649,7599,371,150
838,1145,7600,1649,7600,371,150
838,1145,7601,1649,7601,371,150
838,1145,7602,1649,7602,371,150
838,1145,7603,1649,7603,371,150
838,1145,7604,1649,7604,371,150
838,1145,7605,1649,7605,371,150
838,1145,7606,1649,7606,371,150
838,1145,7607,1649,7607,371,150
838,1145,7608,1649,7608,371,150
838,1145,7609,1649,7609,371,150
838,1145,7610,1649,7610,371,150
838,1145,7611,1649,7611,371,150
838,1145,7612,1649,7612,371,150
838,1145,7613,1649,7613,371,150
838,1145,7614,1649,7614,371,150
839,1145,7615,1649,7615,371,150
839,1145,7616,1649,7616,371,150
839,1145,7617,1649,7617,371,150
839,1145,7618,1649,7618,371,150
839,1145,7619,1649,7619,371,150
839,1145,7620,1649,7620,371,150
839,1145,7621,1649,7621,371,150
839,1145,7622,1649,7622,371,150
839,1145,7623,1649,7623,371,150
839,1145,7624,1649,7624,371,150
839,1145,7625,1649,7625,371,150
839,1145,7626,1649,7626,371,150
839,1145,7627,1649,7627,371,150
839,1145,7628,1649,7628,371,150
839,1145,7629,1649,7629,371,150
839,1145,7630,1649,7630,371,150
839,1145,7631,1649,7631,371,150
839,1145,7632,1649,7632,371,150
839,1145,7633,1649,7633,371,150
839,1145,7634,1649,7634,371,150
838,1145,7635,1649,7635,371,150
838,1145,7636,1649,7636,371,150
838,1145,7637,1649,7637,371,150
838,1145,7638,1649,7638,371,150
838,1145,7639,1649,7639,371,150
839,1145,7640,1649,7640,371,150
839,1145,7641,1649,7641,371,150
839,1145,7642,1649,7642,371,150
839,1145,7643,1649,7643,371,150
839,1145,7644,1649,7644,371,150
839,1145,7645,1649,7645,371,150
839,1145,7646,1649,7646,371,150
839,1145,7647,1649,7647,371,150
839,1145,7648,1649,7648,371,150
839,1145,7649,1649,7649,371,150
839,1145,7650,1649,7650,371,150
839,1145,7651,1649,7651,371,150
839,1145,7652,1649,7652,371,150
839,1145,7653,1649,7653,371,150
839,1145,7654,1649,7654,371,150
839,1145,7655,1649,7655,371,150
838,1145,7656,1649,7656,371,150
838,1145,7657,1649,7657,371,150
838,1145,7658,1649,7658,371,150
838,1145,7659,1649,7659,371,150
838,1145,7660,1649,7660,371,150
838,1145,7661,1649,7661,371,150
838,1145,7662,1649,7662,371,150
838,1145,7663,1649,7663,371,150
839,1145,7664,1649,7664,371,150
839,1145,7665,1649,7665,371,150
839,1145,7666,1649,7666,371,150
839,1145,7667,1649,7667,371,150
839,1145,7668,1649,7668,371,150
839,1145,7669,1649,7669,371,150
839,1145,7670,1649,7670,371,150
839,1145,7671,1649,7671,371,150
840,1145,7672,1649,7672,371,150
840,1145,7673,1649,7673,371,150
840,1145,7674,1649,7674,371,150
840,1145,7675,1649,7675,371,150
839,1145,7676,1649,7676,371,150
839,1145,7677,1649,7677,371,150
839,1145,7678,1649,7678,371,150
839,1145,7679,1649,7679,371,150
839,1145,7680,1649,7680,371,150
839,1145,7681,1649,7681,371,150
839,1145,7682,1649,7682,371,150
839,1145,7683,1649,7683,371,150
839,1145,7684,1649,7684,371,150
839,1145,7685,1649,7685,371,150
839,1145,7686,1649,7686,371,150
839,1145,7687,1649,7687,371,150
839,1145,7688,1649,7688,371,150
839,1145,7689,1649,7689,371,150
839,1145,7690,1649,7690,371,150
839,1145,7691,1649,7691,371,150
838,1145,7692,1649,7692,371,150
838,1145,7693,1649,7693,371,150
838,1145,7694,1649,7694,371,150
838,1145,7695,1649,7695,371,150
838,1145,7696,1649,7696,371,150
838,1145,7697,1649,7697,371,150
838,1145,7698,1649,7698,371,150
838,1145,7699,1649,7699,371,150
838,1145,7700,1649,7700,371,150
838,1145,7701,1649,7701,371,150
838,1145,7702,1649,7702,371,150
838,1145,7703,1649,7703,371,150
838,1145,7704,1649,7704,371,150
837,1145,7705,1649,7705,371,149
837,1145,7706,1649,7706,371,149
837,1145,7707,1649,7707,371,149
837,1145,7708,1649,7708,371,149
837,1145,7709,1649,7709,371,149
837,1145,7710,1649,7710,371,149
837,1145,7711,1649,7711,371,149
837,1145,7712,1649,7712,371,149
837,1145,7713,1649,7713,371,149
837,1145,7714,1649,7714,371,149
837,1145,7715,1649,7715,371,149
837,1145,7716,1649,7716,371,149
837,1145,7717,1649,7717,371,149
837,1145,7718,1649,7718,371,149
837,1145,7719,1649,7719,371,149
837,1145,7720,1649,7720,371,149
837,1145,7721,1649,7721,371,149
837,1145,7722,1649,7722,371,149
837,1145,7723,1649,7723,371,149
837,1145,7724,1649,7724,371,149
837,1145,7725,1649,7725,371,149
837,1145,7726,1649,7726,371,149
837,1145,7727,1649,7727,371,149
837,1145,7728,1649,7728,371,149
837,1145,7729,1649,7729,371,149
837,1145,7730,1649,7730,371,149
837,1145,7731,1649,7731,371,149
837,1145,7732,1649,7732,371,149
837,1145,7733,1649,7733,371,149
837,1145,7734,1649,7734,371,149
837,1145,7735,1649,7735,371,149
837,1145,7736,1649,7736,371,149
837,1145,7737,1649,7737,371,149
837,1145,7738,1649,7738,371,149
837,1145,7739,1649,7739,371,149
837,1145,7740,1649,7740,371,149
837,1145,7741,1649,7741,371,149
837,1145,7742,1649,7742,371,149
837,1145,7743,1649,7743,371,149
837,1145,7744,1649,7744,371,149
838,1145,7745,1649,7745,371,149
838,1145,7746,1649,7746,371,149
838,1145,7747,1649,7747,371,149
838,1145,7748,1649,7748,371,149
838,1145,7749,1649,7749,371,149
838,1145,7750,1649,7750,371,149
838,1145,7751,1649,7751,371,149
838,1145,7752,1649,7752,371,149
838,1145,7753,1649,7753,371,149
838,1145,7754,1649,7754,371,149
838,1145,7755,1649,7755,371,149
838,1145,7756,1649,7756,371,149
838,1145,7757,1649,7757,371,149
838,1145,7758,1649,7758,371,149
838,1145,7759,1649,7759,371,149
838,1145,7760,1649,7760,371,149
838,1145,7761,1649,7761,371,149
838,1145,7762,1649,7762,371,149
838,1145,7763,1649,7763,371,149
838,1145,7764,1649,7764,371,149
838,1145,7765,1649,7765,371,149
838,1145,7766,1649,7766,371,149
838,1145,7767,1649,7767,371,149
838,1145,7768,1649,7768,371,149
838,1145,7769,1649,7769,371,149
838,1145,7770,1649,7770,371,149
838,1145,7771,1649,7771,371,149
838,1145,7772,1649,7772,371,149
838,1145,7773,1649,7773,371,149
838,1145,7774,1649,7774,371,149
838,1145,7775,1649,7775,371,149
838,1145,7776,1649,7776,371,149
839,1145,7777,1649,7777,371,149
839,1145,7778,1649,7778,371,149
839,1145,7779,1649,7779,371,149
839,1145,7780,1649,7780,371,149
839,1145,7781,1649,7781,371,149
839,1145,7782,1649,7782,371,149
839,1145,7783,1649,7783,371,149
839,1145,7784,1649,7784,371,149
839,1145,7785,1649,7785,371,149
839,1145,7786,1649,7786,371,149
839,1145,7787,1649,7787,371,149
839,1145,7788,1649,7788,371,149
839,1145,7789,1649,7789,371,149
839,1145,7790,1649,7790,371,149
839,1145,7791,1649,7791,371,149
839,1145,7792,1649,7792,371,149
839,1145,7793,1649,7793,371,149
839,1145,7794,1649,7794,371,149
839,1145,7795,1649,7795,371,149
839,1145,7796,1649,7796,371,149
839,1145,7797,1649,7797,371,149
839,1145,7798,1649,7798,371,149
839,1145,7799,1649,7799,371,149
839,1145,7800,1649,7800,371,149
839,1145,7801,1649,7801,371,149
839,1145,7802,1649,7802,371,149
839,1145,7803,1649,7803,371,149
839,1145,7804,1649,7804,371,149
839,1145,7805,1649,7805,371,149
839,1145,7806,1649,7806,371,149
839,1145,7807,1649,7807,371,149
839,1145,7808,1649,7808,371,149
839,1145,7809,1649,7809,371,149
839,1145,7810,1649,7810,371,149
839,1145,7811,1649,7811,371,149
839,1145,7812,1649,7812,371,149
839,1145,7813,1649,7813,371,149
839,1145,7814,1649,7814,371,149
839,1145,7815,1649,7815,371,149
839,1145,7816,1649,7816,371,149
839,1145,7817,1649,7817,371,149
840,1145,7818,1649,7818,371,149
840,1145,7819,1649,7819,371,149
840,1145,7820,1649,7820,371,149
840,1145,7821,1649,7821,371,149
840,1145,7822,1649,7822,371,149
840,1145,7823,1649,7823,371,149
840,1145,7824,1649,7824,371,149
840,1145,7825,1649,7825,371,149
840,1145,7826,1649,7826,371,149
840,1145,7827,1649,7827,371,149
840,1145,7828,1649,7828,371,149
840,1145,7829,1649,7829,371,149
840,1145,7830,1649,7830,371,149
840,1145,7831,1649,7831,371,149
840,1145,7832,1649,7832,371,149
840,1145,7833,1649,7833,371,149
840,1145,7834,1649,7834,371,149
839,1145,7835,1649,7835,371,149
839,1145,7836,1649,7836,371,149
839,1145,7837,1649,7837,371,149
839,1145,7838,1649,7838,371,149
839,1145,7839,1649,7839,371,149
839,1145,7840,1649,7840,371,149
839,1145,7841,1649,7841,371,149
839,1145,7842,1649,7842,371,149
839,1145,7843,1649,7843,371,149
839,1145,7844,1649,7844,371,149
839,1145,7845,1649,7845,371,149
839,1145,7846,1649,7846,371,149
838,1145,7847,1649,7847,371,149
838,1145,7848,1649,7848,371,149
838,1145,7849,1649,7849,371,149
838,1145,7850,1649,7850,371,149
838,1145,7851,1649,7851,371,149
838,1145,7852,1649,7852,371,149
839,1145,7853,1649,7853,371,149
839,1145,7854,1649,7854,371,149
839,1145,7855,1649,7855,371,149
839,1145,7856,1649,7856,371,149
839,1145,7857,1649,7857,371,149
839,1145,7858,1649,7858,371,149
839,1145,7859,1649,7859,371,149
839,1145,7860,1649,7860,371,149
839,1145,7861,1649,7861,371,149
839,1145,7862,1649,7862,371,149
839,1145,7863,1649,7863,371,149
839,1145,7864,1649,7864,371,149
838,1145,7865,1649,7865,371,149
838,1145,7866,1649,7866,371,149
838,1145,7867,1649,7867,371,149
838,1145,7868,1649,7868,371,149
838,1145,7869,1649,7869,371,149
838,1145,7870,1649,7870,371,149
838,1145,7871,1649,7871,371,149
838,1145,7872,1649,7872,371,149
838,1145,7873,1649,7873,371,149
838,1145,7874,1649,7874,371,149
838,1145,7875,1649,7875,371,149
836,1145,7876,1649,7876,371,149
836,1145,7877,1649,7877,371,149
836,1145,7878,1649,7878,371,149
836,1145,7879,1649,7879,371,149
836,1145,7880,1649,7880,371,149
836,1145,7881,1649,7881,371,149
836,1145,7882,1649,7882,371,149
836,1145,7883,1649,7883,371,149
836,1145,7884,1649,7884,371,149
835,1145,7885,1649,7885,371,148
835,1145,7886,1649,7886,371,148
835,1145,7887,1649,7887,371,148
835,1145,7888,1649,7888,371,148
835,1145,7889,1649,7889,371,148
835,1145,7890,1649,7890,371,148
835,1145,7891,1649,7891,371,148
835,1145,7892,1649,7892,371,148
835,1145,7893,1649,7893,371,148
835,1145,7894,1649,7894,371,148
835,1145,7895,1649,7895,371,148
835,1145,7896,1649,7896,371,148
835,1145,7897,1649,7897,371,148
835,1145,7898,1649,7898,371,148
835,1145,7899,1649,7899,371,148
835,1145,7900,1649,7900,371,148
835,1145,7901,1649,7901,371,148
835,1145,7902,1649,7902,371,148
835,1145,7903,1649,7903,371,148
836,1145,7904,1649,7904,371,148
836,1145,7905,1649,7905,371,148
836,1145,7906,1649,7906,371,148
836,1145,7907,1649,7907,371,148
836,1145,7908,1649,7908,371,148
836,1145,7909,1649,7909,371,148
836,1145,7910,1649,7910,371,148
836,1145,7911,1649,7911,371,148
836,1145,7912,1649,7912,371,148
836,1145,7913,1649,7913,371,148
836,1145,7914,1649,7914,371,148
836,1145,7915,1649,7915,371,148
836,1145,7916,1649,7916,371,148
836,1145,7917,1649,7917,371,148
836,1145,7918,1649,7918,371,148
836,1145,7919,1649,7919,371,148
836,1145,7920,1649,7920,371,148
836,1145,7921,1649,7921,371,148
836,1145,7922,1649,7922,371,148
836,1145,7923,1649,7923,371,148
836,1145,7924,1649,7924,371,148
836,1145,7925,1649,7925,371,148
836,1145,7926,1649,7926,371,148
836,1145,7927,1649,7927,371,148
835,1145,7928,1649,7928,371,148
835,1145,7929,1649,7929,371,148
835,1145,7930,1649,7930,371,148
835,1145,7931,1649,7931,371,148
835,1145,7932,1649,7932,371,148
835,1145,7933,1649,7933,371,148
835,1145,7934,1649,7934,371,148
835,1145,7935,1649,7935,371,148
836,1145,7936,1649,7936,371,148
836,1145,7937,1649,7937,371,148
836,1145,7938,1649,7938,371,148
836,1145,7939,1649,7939,371,148
836,1145,7940,1649,7940,371,148
836,1145,7941,1649,7941,371,148
836,1145,7942,1649,7942,371,148
836,1145,7943,1649,7943,371,148
836,1145,7944,1649,7944,371,148
836,1145,7945,1649,7945,371,148
836,1145,7946,1649,7946,371,148
836,1145,7947,1649,7947,371,148
836,1145,7948,1649,7948,371,148
836,1145,7949,1649,7949,371,148
836,1145,7950,1649,7950,371,148
836,1145,7951,1649,7951,371,148
836,1145,7952,1649,7952,371,148
836,1145,7953,1649,7953,371,148
836,1145,7954,1649,7954,371,148
836,1145,7955,1649,7955,371,148
836,1145,7956,1649,7956,371,148
836,1145,7957,1649,7957,371,148
836,1145,7958,1649,7958,371,148
836,1145,7959,1649,7959,371,148
836,1145,7960,1649,7960,371,148
836,1145,7961,1649,7961,371,148
836,1145,7962,1649,7962,371,148
836,1145,7963,1649,7963,371,148
836,1145,7964,1649,7964,371,148
836,1145,7965,1649,7965,371,148
836,1145,7966,1649,7966,371,148
836,1145,7967,1649,7967,371,148
836,1145,7968,1649,7968,371,148
836,1145,7969,1649,7969,371,148
836,1145,7970,1649,7970,371,148
836,1145,7971,1649,7971,371,148
836,1145,7972,1649,7972,371,148
836,1145,7973,1649,7973,371,148
836,1145,7974,1649,7974,371,148
836,1145,7975,1649,7975,371,148
836,1145,7976,1649,7976,371,148
836,1145,7977,1649,7977,371,148
836,1145,7978,1649,7978,371,148
836,1145,7979,1649,7979,371,148
836,1145,7980,1649,7980,371,148
836,1145,7981,1649,7981,371,148
836,1145,7982,1649,7982,371,148
836,1145,7983,1649,7983,371,148
835,1145,7984,1649,7984,371,148
835,1145,7985,1649,7985,371,148
835,1145,7986,1649,7986,371,148
835,1145,7987,1649,7987,371,148
835,1145,7988,1649,7988,371,148
835,1145,7989,1649,7989,371,148
835,1145,7990,1649,7990,371,148
835,1145,7991,1649,7991,371,148
835,1145,7992,1649,7992,371,148
835,1145,7993,1649,7993,371,148
835,1145,7994,1649,7994,371,148
835,1145,7995,1649,7995,371,148
835,1145,7996,1649,7996,371,148
835,1145,7997,1649,7997,371,148
835,1145,7998,1649,7998,371,148
835,1145,7999,1649,7999,371,148
835,1145,8000,1649,8000,371,148
835,1145,8001,1649,8001,371,148
835,1145,8002,1649,8002,371,148
835,1145,8003,1649,8003,371,148
835,1145,8004,1649,8004,371,148
835,1145,8005,1649,8005,371,148
835,1145,8006,1649,8006,371,148
835,1145,8007,1649,8007,371,148
835,1145,8008,1649,8008,371,148
835,1145,8009,1649,8009,371,148
835,1145,8010,1649,8010,371,148
835,1145,8011,1649,8011,371,148
835,1145,8012,1649,8012,371,148
835,1145,8013,1649,8013,371,148
835,1145,8014,1649,8014,371,148
835,1145,8015,1649,8015,371,148
835,1145,8016,1649,8016,371,148
835,1145,8017,1649,8017,371,148
835,1145,8018,1649,8018,371,148
835,1145,8019,1649,8019,371,148
834,1145,8020,1649,8020,371,148
834,1145,8021,1649,8021,371,148
834,1145,8022,1649,8022,371,148
834,1145,8023,1649,8023,371,148
834,1145,8024,1649,8024,371,148
834,1145,8025,1649,8025,371,148
835,1145,8026,1649,8026,371,148
835,1145,8027,1649,8027,371,148
835,1145,8028,1649,8028,371,148
836,1145,8029,1649,8029,371,148
836,1145,8030,1649,8030,371,148
837,1145,8031,1649,8031,371,148
837,1145,8032,1649,8032,371,148
837,1145,8033,1649,8033,371,148
837,1145,8034,1649,8034,371,148
837,1145,8035,1649,8035,371,148
837,1145,8036,1649,8036,371,148
837,1145,8037,1649,8037,371,148
837,1145,8038,1649,8038,371,148
837,1145,8039,1649,8039,371,148
837,1145,8040,1649,8040,371,148
837,1145,8041,1649,8041,371,148
837,1145,8042,1649,8042,371,148
837,1145,8043,1649,8043,371,148
837,1145,8044,1649,8044,371,148
837,1145,8045,1649,8045,371,148
837,1145,8046,1649,8046,371,148
837,1145,8047,1649,8047,371,148
838,1145,8048,1649,8048,371,148
838,1145,8049,1649,8049,371,148
838,1145,8050,1649,8050,371,148
838,1145,8051,1649,8051,371,148
838,1145,8052,1649,8052,371,148
838,1145,8053,1649,8053,371,148
837,1145,8054,1649,8054,371,148
837,1145,8055,1649,8055,371,148
837,1145,8056,1649,8056,371,148
837,1145,8057,1649,8057,371,148
837,1145,8058,1649,8058,371,148
837,1145,8059,1649,8059,371,148
837,1145,8060,1649,8060,371,148
837,1145,8061,1649,8061,371,148
837,1145,8062,1649,8062,371,148
837,1145,8063,1649,8063,371,148
837,1145,8064,1649,8064,371,148
837,1145,8065,1649,8065,371,148
837,1145,8066,1649,8066,371,148
837,1145,8067,1649,8067,371,148
837,1145,8068,1649,8068,371,148
837,1145,8069,1649,8069,371,148
837,1145,8070,1649,8070,371,148
837,1145,8071,1649,8071,371,148
837,1145,8072,1649,8072,371,148
837,1145,8073,1649,8073,371,148
837,1145,8074,1649,8074,371,148
837,1145,8075,1649,8075,371,148
837,1145,8076,1649,8076,371,148
837,1145,8077,1649,8077,371,148
837,1145,8078,1649,8078,371,148
837,1145,8079,1649,8079,371,148
837,1145,8080,1649,8080,371,148
837,1145,8081,1649,8081,371,148
837,1145,8082,1649,8082,371,148
837,1145,8083,1649,8083,371,148
837,1145,8084,1649,8084,371,148
837,1145,8085,1649,8085,371,148
837,1145,8086,1649,8086,371,148
837,1145,8087,1649,8087,371,148
837,1145,8088,1649,8088,371,148
837,1145,8089,1649,8089,371,148
837,1145,8090,1649,8090,371,148
837,1145,8091,1649,8091,371,148
837,1145,8092,1649,8092,371,148
837,1145,8093,1649,8093,371,148
837,1145,8094,1649,8094,371,148
837,1145,8095,1649,8095,371,148
837,1145,8096,1649,8096,371,148
837,1145,8097,1649,8097,371,148
837,1145,8098,1649,8098,371,148
837,1145,8099,1649,8099,371,148
837,1145,8100,1649,8100,371,148
837,1145,8101,1649,8101,371,148
837,1145,8102,1649,8102,371,148
837,1145,8103,1649,8103,371,148
837,1145,8104,1649,8104,371,148
838,1145,8105,1649,8105,371,148
837,1145,8106,1649,8106,371,148
837,1145,8107,1649,8107,371,148
837,1145,8108,1649,8108,371,148
837,1145,8109,1649,8109,371,148
837,1145,8110,1649,8110,371,148
837,1145,8111,1649,8111,371,148
837,1145,8112,1649,8112,371,148
837,1145,8113,1649,8113,371,148
837,1145,8114,1649,8114,371,148
837,1145,8115,1649,8115,371,148
837,1145,8116,1649,8116,371,148
837,1145,8117,1649,8117,371,148
837,1145,8118,1649,8118,371,148
837,1145,8119,1649,8119,371,148
837,1145,8120,1649,8120,371,148
837,1145,8121,1649,8121,371,148
837,1145,8122,1649,8122,371,148
837,1145,8123,1649,8123,371,148
837,1145,8124,1649,8124,371,148
837,1145,8125,1649,8125,371,148
837,1145,8126,1649,8126,371,148
836,1145,8127,1649,8127,371,148
836,1145,8128,1649,8128,371,148
836,1145,8129,1649,8129,371,148
836,1145,8130,1649,8130,371,148
836,1145,8131,1649,8131,371,148
836,1145,8132,1649,8132,371,148
836,1145,8133,1649,8133,371,148
836,1145,8134,1649,8134,371,148
836,1145,8135,1649,8135,371,148
836,1145,8136,1649,8136,371,148
836,1145,8137,1649,8137,371,148
836,1145,8138,1649,8138,371,148
836,1145,8139,1649,8139,371,148
835,1145,8140,1649,8140,371,148
835,1145,8141,1649,8141,371,148
835,1145,8142,1649,8142,371,148
835,1145,8143,1649,8143,371,148
835,1145,8144,1649,8144,371,148
835,1145,8145,1649,8145,371,148
835,1145,8146,1649,8146,371,148
835,1145,8147,1649,8147,371,148
835,1145,8148,1649,8148,371,148
834,1145,8149,1649,8149,371,148
834,1145,8150,1649,8150,371,148
834,1145,8151,1649,8151,371,148
834,1145,8152,1649,8152,371,148
833,1145,8153,1649,8153,371,148
833,1145,8154,1649,8154,371,148
833,1145,8155,1649,8155,371,148
833,1145,8156,1649,8156,371,148
833,1145,8157,1649,8157,371,148
833,1145,8158,1649,8158,371,148
834,1145,8159,1649,8159,371,148
834,1145,8160,1649,8160,371,148
834,1145,8161,1649,8161,371,148
834,1145,8162,1649,8162,371,148
834,1145,8163,1649,8163,371,148
833,1145,8164,1649,8164,371,147
833,1145,8165,1649,8165,371,147
833,1145,8166,1649,8166,371,147
833,1145,8167,1649,8167,371,147
833,1145,8168,1649,8168,371,147
833,1145,8169,1649,8169,371,147
833,1145,8170,1649,8170,371,147
833,1145,8171,1649,8171,371,147
833,1145,8172,1649,8172,371,147
833,1145,8173,1649,8173,371,147
832,1145,8174,1649,8174,371,147
832,1145,8175,1649,8175,371,147
832,1145,8176,1649,8176,371,147
832,1145,8177,1649,8177,371,147
832,1145,8178,1649,8178,371,147
832,1145,8179,1649,8179,371,147
832,1145,8180,1649,8180,371,147
832,1145,8181,1649,8181,371,147
832,1145,8182,1649,8182,371,147
832,1145,8183,1649,8183,371,147
832,1145,8184,1649,8184,371,147
832,1145,8185,1649,8185,371,147
832,1145,8186,1649,8186,371,147
832,1145,8187,1649,8187,371,147
833,1145,8188,1649,8188,371,147
833,1145,8189,1649,8189,371,147
833,1145,8190,1649,8190,371,147
833,1145,8191,1649,8191,371,147
833,1145,8192,1649,8192,371,147
833,1145,8193,1649,8193,371,147
833,1145,8194,1649,8194,371,147
833,1145,8195,1649,8195,371,147
833,1145,8196,1649,8196,371,147
833,1145,8197,1649,8197,371,147
833,1145,8198,1649,8198,371,147
833,1145,8199,1649,8199,371,147
832,1145,8200,1649,8200,371,147
832,1145,8201,1649,8201,371,147
832,1145,8202,1649,8202,371,147
832,1145,8203,1649,8203,371,147
832,1145,8204,1649,8204,371,147
832,1145,8205,1649,8205,371,147
832,1145,8206,1649,8206,371,147
832,1145,8207,1649,8207,371,147
832,1145,8208,1649,8208,371,147
832,1145,8209,1649,8209,371,147
832,1145,8210,1649,8210,371,147
832,1145,8211,1649,8211,371,147
832,1145,8212,1649,8212,371,147
830,1145,8213,1649,8213,371,147
830,1145,8214,1649,8214,371,147
830,1145,8215,1649,8215,371,147
830,1145,8216,1649,8216,371,147
831,1145,8217,1649,8217,371,147
831,1145,8218,1649,8218,371,147
831,1145,8219,1649,8219,371,147
831,1145,8220,1649,8220,371,147
831,1145,8221,1649,8221,371,147
831,1145,8222,1649,8222,371,147
831,1145,8223,1649,8223,371,147
831,1145,8224,1649,8224,371,147
831,1145,8225,1649,8225,371,147
831,1145,8226,1649,8226,371,147
831,1145,8227,1649,8227,371,147
831,1145,8228,1649,8228,371,147
831,1145,8229,1649,8229,371,147
831,1145,8230,1649,8230,371,147
831,1145,8231,1649,8231,371,147
831,1145,8232,1649,8232,371,147
831,1145,8233,1649,8233,371,147
831,1145,8234,1649,8234,371,147
831,1145,8235,1649,8235,371,147
831,1145,8236,1649,8236,371,147
831,1145,8237,1649,8237,371,147
831,1145,8238,1649,8238,371,147
831,1145,8239,1649,8239,371,147
831,1145,8240,1649,8240,371,147
831,1145,8241,1649,8241,371,147
831,1145,8242,1649,8242,371,147
831,1145,8243,1649,8243,371,147
831,1145,8244,1649,8244,371,147
831,1145,8245,1649,8245,371,147
831,1145,8246,1649,8246,371,147
831,1145,8247,1649,8247,371,147
831,1145,8248,1649,8248,371,147
832,1145,8249,1649,8249,371,147
832,1145,8250,1649,8250,371,147
832,1145,8251,1649,8251,371,147
832,1145,8252,1649,8252,371,147
832,1145,8253,1649,8253,371,147
832,1145,8254,1649,8254,371,147
832,1145,8255,1649,8255,371,147
833,1145,8256,1649,8256,371,147
833,1145,8257,1649,8257,371,147
833,1145,8258,1649,8258,371,147
834,1145,8259,1649,8259,371,147
834,1145,8260,1649,8260,371,147
834,1145,8261,1649,8261,371,147
834,1145,8262,1649,8262,371,147
834,1145,8263,1649,8263,371,147
834,1145,8264,1649,8264,371,147
834,1145,8265,1649,8265,371,147
834,1145,8266,1649,8266,371,147
834,1145,8267,1649,8267,371,147
834,1145,8268,1649,8268,371,147
834,1145,8269,1649,8269,371,147
834,1145,8270,1649,8270,371,147
834,1145,8271,1649,8271,371,147
834,1145,8272,1649,8272,371,147
834,1145,8273,1649,8273,371,147
834,1145,8274,1649,8274,371,147
834,1145,8275,1649,8275,371,147
834,1145,8276,1649,8276,371,147
834,1145,8277,1649,8277,371,147
834,1145,8278,1649,8278,371,147
834,1145,8279,1649,8279,371,147
834,1145,8280,1649,8280,371,147
834,1145,8281,1649,8281,371,147
834,1145,8282,1649,8282,371,147
834,1145,8283,1649,8283,371,147
834,1145,8284,1649,8284,371,147
834,1145,8285,1649,8285,371,147
834,1145,8286,1649,8286,371,147
834,1145,8287,1649,8287,371,147
833,1145,8288,1649,8288,371,147
833,1145,8289,1649,8289,371,147
833,1145,8290,1649,8290,371,147
833,1145,8291,1649,8291,371,147
834,1145,8292,1649,8292,371,147
834,1145,8293,1649,8293,371,147
834,1145,8294,1649,8294,371,147
834,1145,8295,1649,8295,371,147
834,1145,8296,1649,8296,371,147
834,1145,8297,1649,8297,371,147
834,1145,8298,1649,8298,371,147
834,1145,8299,1649,8299,371,147
834,1145,8300,1649,8300,371,147
834,1145,8301,1649,8301,371,147
834,1145,8302,1649,8302,371,147
834,1145,8303,1649,8303,371,147
834,1145,8304,1649,8304,371,147
834,1145,8305,1649,8305,371,147
834,1145,8306,1649,8306,371,147
834,1145,8307,1649,8307,371,147
835,1145,8308,1649,8308,371,147
835,1145,8309,1649,8309,371,147
835,1145,8310,1649,8310,371,147
835,1145,8311,1649,8311,371,147
835,1145,8312,1649,8312,371,147
835,1145,8313,1649,8313,371,147
835,1145,8314,1649,8314,371,147
835,1145,8315,1649,8315,371,147
835,1145,8316,1649,8316,371,147
835,1145,8317,1649,8317,371,147
835,1145,8318,1649,8318,371,147
835,1145,8319,1649,8319,371,147
835,1145,8320,1649,8320,371,147
835,1145,8321,1649,8321,371,147
835,1145,8322,1649,8322,371,147
836,1145,8323,1649,8323,371,147
836,1145,8324,1649,8324,371,147
836,1145,8325,1649,8325,371,147
836,1145,8326,1649,8326,371,147
836,1145,8327,1649,8327,371,147
836,1145,8328,1649,8328,371,147
836,1145,8329,1649,8329,371,147
836,1145,8330,1649,8330,371,147
836,1145,8331,1649,8331,371,147
836,1145,8332,1649,8332,371,147
836,1145,8333,1649,8333,371,147
836,1145,8334,1649,8334,371,147
836,1145,8335,1649,8335,371,147
836,1145,8336,1649,8336,371,147
836,1145,8337,1649,8337,371,147
836,1145,8338,1649,8338,371,147
836,1145,8339,1649,8339,371,147
836,1145,8340,1649,8340,371,147
836,1145,8341,1649,8341,371,147
836,1145,8342,1649,8342,371,147
836,1145,8343,1649,8343,371,147
836,1145,8344,1649,8344,371,147
836,1145,8345,1649,8345,371,147
836,1145,8346,1649,8346,371,147
836,1145,8347,1649,8347,371,147
836,1145,8348,1649,8348,371,147
836,1145,8349,1649,8349,371,147
836,1145,8350,1649,8350,371,147
836,1145,8351,1649,8351,371,147
836,1145,8352,1649,8352,371,147
836,1145,8353,1649,8353,371,147
836,1145,8354,1649,8354,371,147
836,1145,8355,1649,8355,371,147
836,1145,8356,1649,8356,371,147
836,1145,8357,1649,8357,371,147
836,1145,8358,1649,8358,371,147
836,1145,8359,1649,8359,371,147
836,1145,8360,1649,8360,371,147
837,1145,8361,1649,8361,371,147
837,1145,8362,1649,8362,371,147
837,1145,8363,1649,8363,371,147
837,1145,8364,1649,8364,371,147
838,1145,8365,1649,8365,371,147
838,1145,8366,1649,8366,371,147
839,1145,8367,1649,8367,371,147
839,1145,8368,1649,8368,371,147
839,1145,8369,1649,8369,371,147
839,1145,8370,1649,8370,371,147
839,1145,8371,1649,8371,371,147
839,1145,8372,1649,8372,371,147
838,1145,8373,1649,8373,371,147
838,1145,8374,1649,8374,371,147
838,1145,8375,1649,8375,371,147
838,1145,8376,1649,8376,371,147
838,1145,8377,1649,8377,371,147
838,1145,8378,1649,8378,371,147
838,1145,8379,1649,8379,371,147
838,1145,8380,1649,8380,371,147
838,1145,8381,1649,8381,371,147
838,1145,8382,1649,8382,371,147
839,1145,8383,1649,8383,371,147
839,1145,8384,1649,8384,371,147
839,1145,8385,1649,8385,371,147
840,1145,8386,1649,8386,371,147
840,1145,8387,1649,8387,371,147
840,1145,8388,1649,8388,371,147
840,1145,8389,1649,8389,371,147
840,1145,8390,1649,8390,371,147
840,1145,8391,1649,8391,371,147
840,1145,8392,1649,8392,371,147
840,1145,8393,1649,8393,371,147
840,1145,8394,1649,8394,371,147
840,1145,8395,1649,8395,371,147
840,1145,8396,1649,8396,371,147
840,1145,8397,1649,8397,371,147
840,1145,8398,1649,8398,371,147
840,1145,8399,1649,8399,371,147
840,1145,8400,1649,8400,371,147
840,1145,8401,1649,8401,371,147
840,1145,8402,1649,8402,371,147
840,1145,8403,1649,8403,371,147
840,1145,8404,1649,8404,371,147
840,1145,8405,1649,8405,371,147
840,1145,8406,1649,8406,371,147
840,1145,8407,1649,8407,371,147
840,1145,8408,1649,8408,371,147
840,1145,8409,1649,8409,371,147
840,1145,8410,1649,8410,371,147
840,1145,8411,1649,8411,371,147
841,1145,8412,1649,8412,371,147
841,1145,8413,1649,8413,371,147
841,1145,8414,1649,8414,371,147
841,1145,8415,1649,8415,371,147
841,1145,8416,1649,8416,371,147
841,1145,8417,1649,8417,371,147
841,1145,8418,1649,8418,371,147
841,1145,8419,1649,8419,371,147
840,1145,8420,1649,8420,371,147
840,1145,8421,1649,8421,371,147
840,1145,8422,1649,8422,371,147
840,1145,8423,1649,8423,371,147
840,1145,8424,1649,8424,371,147
840,1145,8425,1649,8425,371,147
840,1145,8426,1649,8426,371,147
840,1145,8427,1649,8427,371,147
840,1145,8428,1649,8428,371,147
840,1145,8429,1649,8429,371,147
840,1145,8430,1649,8430,371,147
840,1145,8431,1649,8431,371,147
840,1145,8432,1649,8432,371,147
840,1145,8433,1649,8433,371,147
841,1145,8434,1649,8434,371,147
841,1145,8435,1649,8435,371,147
841,1145,8436,1649,8436,371,147
841,1145,8437,1649,8437,371,147
841,1145,8438,1649,8438,371,147
841,1145,8439,1649,8439,371,147
841,1145,8440,1649,8440,371,147
841,1145,8441,1649,8441,371,147
841,1145,8442,1649,8442,371,147
841,1145,8443,1649,8443,371,147
840,1145,8444,1649,8444,371,147
841,1145,8445,1649,8445,371,147
841,1145,8446,1649,8446,371,147
841,1145,8447,1649,8447,371,147
841,1145,8448,1649,8448,371,147
841,1145,8449,1649,8449,371,147
841,1145,8450,1649,8450,371,147
841,1145,8451,1649,8451,371,147
841,1145,8452,1649,8452,371,147
841,1145,8453,1649,8453,371,147
841,1145,8454,1649,8454,371,147
840,1145,8455,1649,8455,371,146
840,1145,8456,1649,8456,371,146
840,1145,8457,1649,8457,371,146
840,1145,8458,1649,8458,371,146
840,1145,8459,1649,8459,371,146
840,1145,8460,1649,8460,371,146
840,1145,8461,1649,8461,371,146
840,1145,8462,1649,8462,371,146
840,1145,8463,1649,8463,371,146
840,1145,8464,1649,8464,371,146
840,1145,8465,1649,8465,371,146
840,1145,8466,1649,8466,371,146
839,1145,8467,1649,8467,371,146
839,1145,8468,1649,8468,371,146
839,1145,8469,1649,8469,371,146
838,1145,8470,1649,8470,371,146
838,1145,8471,1649,8471,371,146
838,1145,8472,1649,8472,371,146
838,1145,8473,1649,8473,371,146
838,1145,8474,1649,8474,371,146
838,1145,8475,1649,8475,371,146
838,1145,8476,1649,8476,371,146
838,1145,8477,1649,8477,371,146
838,1145,8478,1649,8478,371,146
838,1145,8479,1649,8479,371,146
838,1145,8480,1649,8480,371,146
838,1145,8481,1649,8481,371,146
839,1145,8482,1649,8482,371,146
839,1145,8483,1649,8483,371,146
839,1145,8484,1649,8484,371,146
839,1145,8485,1649,8485,371,146
839,1145,8486,1649,8486,371,146
839,1145,8487,1649,8487,371,146
839,1145,8488,1649,8488,371,146
839,1145,8489,1649,8489,371,146
839,1145,8490,1649,8490,371,146
840,1145,8491,1649,8491,371,146
840,1145,8492,1649,8492,371,146
840,1145,8493,1649,8493,371,146
839,1145,8494,1649,8494,371,146
839,1145,8495,1649,8495,371,146
839,1145,8496,1649,8496,371,146
839,1145,8497,1649,8497,371,146
839,1145,8498,1649,8498,371,146
839,1145,8499,1649,8499,371,146
839,1145,8500,1649,8500,371,146
839,1145,8501,1649,8501,371,146
839,1145,8502,1649,8502,371,146
839,1145,8503,1649,8503,371,146
839,1145,8504,1649,8504,371,146
839,1145,8505,1649,8505,371,146
839,1145,8506,1649,8506,371,146
839,1145,8507,1649,8507,371,146
839,1145,8508,1649,8508,371,146
839,1145,8509,1649,8509,371,146
839,1145,8510,1649,8510,371,146
839,1145,8511,1649,8511,371,146
840,1145,8512,1649,8512,371,146
840,1145,8513,1649,8513,371,146
840,1145,8514,1649,8514,371,146
840,1145,8515,1649,8515,371,146
840,1145,8516,1649,8516,371,146
840,1145,8517,1649,8517,371,146
840,1145,8518,1649,8518,371,146
840,1145,8519,1649,8519,371,146
840,1145,8520,1649,8520,371,146
840,1145,8521,1649,8521,371,146
840,1145,8522,1649,8522,371,146
840,1145,8523,1649,8523,371,146
840,1145,8524,1649,8524,371,146
840,1145,8525,1649,8525,371,146
840,1145,8526,1649,8526,371,146
841,1145,8527,1649,8527,371,146
841,1145,8528,1649,8528,371,146
840,1145,8529,1649,8529,371,146
840,1145,8530,1649,8530,371,146
840,1145,8531,1649,8531,371,146
840,1145,8532,1649,8532,371,146
840,1145,8533,1649,8533,371,146
841,1145,8534,1649,8534,371,146
841,1145,8535,1649,8535,371,146
841,1145,8536,1649,8536,371,146
841,1145,8537,1649,8537,371,146
840,1145,8538,1649,8538,371,146
840,1145,8539,1649,8539,371,146
840,1145,8540,1649,8540,371,146
839,1145,8541,1649,8541,371,145
839,1145,8542,1649,8542,371,145
839,1145,8543,1649,8543,371,145
839,1145,8544,1649,8544,371,145
839,1145,8545,1649,8545,371,145
839,1145,8546,1649,8546,371,145
839,1145,8547,1649,8547,371,145
839,1145,8548,1649,8548,371,145
839,1145,8549,1649,8549,371,145
839,1145,8550,1649,8550,371,145
839,1145,8551,1649,8551,371,145
839,1145,8552,1649,8552,371,145
839,1145,8553,1649,8553,371,145
839,1145,8554,1649,8554,371,145
839,1145,8555,1649,8555,371,145
839,1145,8556,1649,8556,371,145
839,1145,8557,1649,8557,371,145
839,1145,8558,1649,8558,371,145
839,1145,8559,1649,8559,371,145
839,1145,8560,1649,8560,371,145
839,1145,8561,1649,8561,371,145
839,1145,8562,1649,8562,371,145
839,1145,8563,1649,8563,371,145
839,1145,8564,1649,8564,371,145
839,1145,8565,1649,8565,371,145
839,1145,8566,1649,8566,371,145
839,1145,8567,1649,8567,371,145
839,1145,8568,1649,8568,371,145
838,1145,8569,1649,8569,371,145
838,1145,8570,1649,8570,371,145
838,1145,8571,1649,8571,371,145
838,1145,8572,1649,8572,371,145
838,1145,8573,1649,8573,371,145
838,1145,8574,1649,8574,371,145
838,1145,8575,1649,8575,371,145
838,1145,8576,1649,8576,371,145
838,1145,8577,1649,8577,371,145
838,1145,8578,1649,8578,371,145
838,1145,8579,1649,8579,371,145
838,1145,8580,1649,8580,371,145
837,1145,8581,1649,8581,371,145
837,1145,8582,1649,8582,371,145
837,1145,8583,1649,8583,371,145
837,1145,8584,1649,8584,371,145
837,1145,8585,1649,8585,371,145
837,1145,8586,1649,8586,371,145
837,1145,8587,1649,8587,371,145
837,1145,8588,1649,8588,371,145
837,1145,8589,1649,8589,371,145
837,1145,8590,1649,8590,371,145
837,1145,8591,1649,8591,371,145
837,1145,8592,1649,8592,371,145
837,1145,8593,1649,8593,371,145
837,1145,8594,1649,8594,371,145
838,1145,8595,1649,8595,371,145
838,1145,8596,1649,8596,371,145
838,1145,8597,1649,8597,371,145
838,1145,8598,1649,8598,371,145
838,1145,8599,1649,8599,371,145
839,1145,8600,1649,8600,371,145
839,1145,8601,1649,8601,371,145
839,1145,8602,1649,8602,371,145
839,1145,8603,1649,8603,371,145
839,1145,8604,1649,8604,371,145
839,1145,8605,1649,8605,371,145
839,1145,8606,1649,8606,371,145
838,1145,8607,1649,8607,371,145
838,1145,8608,1649,8608,371,145
838,1145,8609,1649,8609,371,145
838,1145,8610,1649,8610,371,145
838,1145,8611,1649,8611,371,145
838,1145,8612,1649,8612,371,145
838,1145,8613,1649,8613,371,145
838,1145,8614,1649,8614,371,145
838,1145,8615,1649,8615,371,145
838,1145,8616,1649,8616,371,145
838,1145,8617,1649,8617,371,145
839,1145,8618,1649,8618,371,145
839,1145,8619,1649,8619,371,145
839,1145,8620,1649,8620,371,145
839,1145,8621,1649,8621,371,145
839,1145,8622,1649,8622,371,145
839,1145,8623,1649,8623,371,145
839,1145,8624,1649,8624,371,145
839,1145,8625,1649,8625,371,145
839,1145,8626,1649,8626,371,145
839,1145,8627,1649,8627,371,145
839,1145,8628,1649,8628,371,145
840,1145,8629,1649,8629,371,145
840,1145,8630,1649,8630,371,145
840,1145,8631,1649,8631,371,145
840,1145,8632,1649,8632,371,145
840,1145,8633,1649,8633,371,145
840,1145,8634,1649,8634,371,145
840,1145,8635,1649,8635,371,145
840,1145,8636,1649,8636,371,145
840,1145,8637,1649,8637,371,145
840,1145,8638,1649,8638,371,145
840,1145,8639,1649,8639,371,145
839,1145,8640,1649,8640,371,144
838,1145,8641,1649,8641,371,144
838,1145,8642,1649,8642,371,144
838,1145,8643,1649,8643,371,144
839,1145,8644,1649,8644,371,144
839,1145,8645,1649,8645,371,144
839,1145,8646,1649,8646,371,144
838,1145,8647,1649,8647,371,144
838,1145,8648,1649,8648,371,144
837,1145,8649,1649,8649,371,144
837,1145,8650,1649,8650,371,144
837,1145,8651,1649,8651,371,144
837,1145,8652,1649,8652,371,144
837,1145,8653,1649,8653,371,144
837,1145,8654,1649,8654,371,144
837,1145,8655,1649,8655,371,144
837,1145,8656,1649,8656,371,144
837,1145,8657,1649,8657,371,144
837,1145,8658,1649,8658,371,144
837,1145,8659,1649,8659,371,144
837,1145,8660,1649,8660,371,144
837,1145,8661,1649,8661,371,144
837,1145,8662,1649,8662,371,144
837,1145,8663,1649,8663,371,144
837,1145,8664,1649,8664,371,144
837,1145,8665,1649,8665,371,144
837,1145,8666,1649,8666,371,144
837,1145,8667,1649,8667,371,144
837,1145,8668,1649,8668,371,144
838,1145,8669,1649,8669,371,144
838,1145,8670,1649,8670,371,144
838,1145,8671,1649,8671,371,144
837,1145,8672,1649,8672,371,144
838,1145,8673,1649,8673,371,144
837,1145,8674,1649,8674,371,143
837,1145,8675,1649,8675,371,143
837,1145,8676,1649,8676,371,143
837,1145,8677,1649,8677,371,143
837,1145,8678,1649,8678,371,143
837,1145,8679,1649,8679,371,143
836,1145,8680,1649,8680,371,143
836,1145,8681,1649,8681,371,143
836,1145,8682,1649,8682,371,143
836,1145,8683,1649,8683,371,143
835,1145,8684,1649,8684,371,143
835,1145,8685,1649,8685,371,143
835,1145,8686,1649,8686,371,143
835,1145,8687,1649,8687,371,143
835,1145,8688,1649,8688,371,143
835,1145,8689,1649,8689,371,143
835,1145,8690,1649,8690,371,143
835,1145,8691,1649,8691,371,143
835,1145,8692,1649,8692,371,143
835,1145,8693,1649,8693,371,143
834,1145,8694,1649,8694,371,143
834,1145,8695,1649,8695,371,143
834,1145,8696,1649,8696,371,143
834,1145,8697,1649,8697,371,143
834,1145,8698,1649,8698,371,143
833,1145,8699,1649,8699,371,143
833,1145,8700,1649,8700,371,143
833,1145,8701,1649,8701,371,143
833,1145,8702,1649,8702,371,143
834,1145,8703,1649,8703,371,143
834,1145,8704,1649,8704,371,143
834,1145,8705,1649,8705,371,143
834,1145,8706,1649,8706,371,143
834,1145,8707,1649,8707,371,143
834,1145,8708,1649,8708,371,143
835,1145,8709,1649,8709,371,143
836,1145,8710,1649,8710,371,143
836,1145,8711,1649,8711,371,143
836,1145,8712,1649,8712,371,143
836,1145,8713,1649,8713,371,143
836,1145,8714,1649,8714,371,143
836,1145,8715,1649,8715,371,143
836,1145,8716,1649,8716,371,143
836,1145,8717,1649,8717,371,143
835,1145,8718,1649,8718,371,142
835,1145,8719,1649,8719,371,142
835,1145,8720,1649,8720,371,142
835,1145,8721,1649,8721,371,142
835,1145,8722,1649,8722,371,142
835,1145,8723,1649,8723,371,142
835,1145,8724,1649,8724,371,142
835,1145,8725,1649,8725,371,142
835,1145,8726,1649,8726,371,142
835,1145,8727,1649,8727,371,142
835,1145,8728,1649,8728,371,142
835,1145,8729,1649,8729,371,142
835,1145,8730,1649,8730,371,142
835,1145,8731,1649,8731,371,142
835,1145,8732,1649,8732,371,142
835,1145,8733,1649,8733,371,142
835,1145,8734,1649,8734,371,142
835,1145,8735,1649,8735,371,142
835,1145,8736,1649,8736,371,142
835,1145,8737,1649,8737,371,142
835,1145,8738,1649,8738,371,142
836,1145,8739,1649,8739,371,142
836,1145,8740,1649,8740,371,142
836,1145,8741,1649,8741,371,142
836,1145,8742,1649,8742,371,142
836,1145,8743,1649,8743,371,142
836,1145,8744,1649,8744,371,142
836,1145,8745,1649,8745,371,142
836,1145,8746,1649,8746,371,142
836,1145,8747,1649,8747,371,142
836,1145,8748,1649,8748,371,142
836,1145,8749,1649,8749,371,142
836,1145,8750,1649,8750,371,142
836,1145,8751,1649,8751,371,142
836,1145,8752,1649,8752,371,142
836,1145,8753,1649,8753,371,142
836,1145,8754,1649,8754,371,142
836,1145,8755,1649,8755,371,142
836,1145,8756,1649,8756,371,142
836,1145,8757,1649,8757,371,142
836,1145,8758,1649,8758,371,142
836,1145,8759,1649,8759,371,142
836,1145,8760,1649,8760,371,142
836,1145,8761,1649,8761,371,142
836,1145,8762,1649,8762,371,142
836,1145,8763,1649,8763,371,142
836,1145,8764,1649,8764,371,142
836,1145,8765,1649,8765,371,142
836,1145,8766,1649,8766,371,142
836,1145,8767,1649,8767,371,142
835,1145,8768,1649,8768,371,142
835,1145,8769,1649,8769,371,142
835,1145,8770,1649,8770,371,142
835,1145,8771,1649,8771,371,142
835,1145,8772,1649,8772,371,142
835,1145,8773,1649,8773,371,142
835,1145,8774,1649,8774,371,142
835,1145,8775,1649,8775,371,142
835,1145,8776,1649,8776,371,142
835,1145,8777,1649,8777,371,142
835,1145,8778,1649,8778,371,142
835,1145,8779,1649,8779,371,142
835,1145,8780,1649,8780,371,142
835,1145,8781,1649,8781,371,142
835,1145,8782,1649,8782,371,142
835,1145,8783,1649,8783,371,142
835,1145,8784,1649,8784,371,142
835,1145,8785,1649,8785,371,142
835,1145,8786,1649,8786,371,142
835,1145,8787,1649,8787,371,142
835,1145,8788,1649,8788,371,142
835,1145,8789,1649,8789,371,142
835,1145,8790,1649,8790,371,142
835,1145,8791,1649,8791,371,142
835,1145,8792,1649,8792,371,142
835,1145,8793,1649,8793,371,142
835,1145,8794,1649,8794,371,142
835,1145,8795,1649,8795,371,142
835,1145,8796,1649,8796,371,142
835,1145,8797,1649,8797,371,142
835,1145,8798,1649,8798,371,142
835,1145,8799,1649,8799,371,142
835,1145,8800,1649,8800,371,142
835,1145,8801,1649,8801,371,142
835,1145,8802,1649,8802,371,142
835,1145,8803,1649,8803,371,142
835,1145,8804,1649,8804,371,142
835,1145,8805,1649,8805,371,142
835,1145,8806,1649,8806,371,142
836,1145,8807,1649,8807,371,142
836,1145,8808,1649,8808,371,142
836,1145,8809,1649,8809,371,142
836,1145,8810,1649,8810,371,142
836,1145,8811,1649,8811,371,142
836,1145,8812,1649,8812,371,142
836,1145,8813,1649,8813,371,142
836,1145,8814,1649,8814,371,142
836,1145,8815,1649,8815,371,142
836,1145,8816,1649,8816,371,142
835,1145,8817,1649,8817,371,142
835,1145,8818,1649,8818,371,142
835,1145,8819,1649,8819,371,142
835,1145,8820,1649,8820,371,142
835,1145,8821,1649,8821,371,142
835,1145,8822,1649,8822,371,142
835,1145,8823,1649,8823,371,142
835,1145,8824,1649,8824,371,142
834,1145,8825,1649,8825,371,142
834,1145,8826,1649,8826,371,142
834,1145,8827,1649,8827,371,142
834,1145,8828,1649,8828,371,142
834,1145,8829,1649,8829,371,142
834,1145,8830,1649,8830,371,142
834,1145,8831,1649,8831,371,142
834,1145,8832,1649,8832,371,142
834,1145,8833,1649,8833,371,142
834,1145,8834,1649,8834,371,142
834,1145,8835,1649,8835,371,142
834,1145,8836,1649,8836,371,142
834,1145,8837,1649,8837,371,142
834,1145,8838,1649,8838,371,142
834,1145,8839,1649,8839,371,142
834,1145,8840,1649,8840,371,142
834,1145,8841,1649,8841,371,142
834,1145,8842,1649,8842,371,142
834,1145,8843,1649,8843,371,142
834,1145,8844,1649,8844,371,142
834,1145,8845,1649,8845,371,142
834,1145,8846,1649,8846,371,142
834,1145,8847,1649,8847,371,142
834,1145,8848,1649,8848,371,142
834,1145,8849,1649,8849,371,142
835,1145,8850,1649,8850,371,142
835,1145,8851,1649,8851,371,142
835,1145,8852,1649,8852,371,142
835,1145,8853,1649,8853,371,142
835,1145,8854,1649,8854,371,142
835,1145,8855,1649,8855,371,142
835,1145,8856,1649,8856,371,142
835,1145,8857,1649,8857,371,142
834,1145,8858,1649,8858,371,142
834,1145,8859,1649,8859,371,142
834,1145,8860,1649,8860,371,142
834,1145,8861,1649,8861,371,142
834,1145,8862,1649,8862,371,142
834,1145,8863,1649,8863,371,142
834,1145,8864,1649,8864,371,142
834,1145,8865,1649,8865,371,142
834,1145,8866,1649,8866,371,142
834,1145,8867,1649,8867,371,142
834,1145,8868,1649,8868,371,142
834,1145,8869,1649,8869,371,142
834,1145,8870,1649,8870,371,142
834,1145,8871,1649,8871,371,142
834,1145,8872,1649,8872,371,142
834,1145,8873,1649,8873,371,142
834,1145,8874,1649,8874,371,142
834,1145,8875,1649,8875,371,142
834,1145,8876,1649,8876,371,142
833,1145,8877,1649,8877,371,142
833,1145,8878,1649,8878,371,142
833,1145,8879,1649,8879,371,142
833,1145,8880,1649,8880,371,142
833,1145,8881,1649,8881,371,142
833,1145,8882,1649,8882,371,142
833,1145,8883,1649,8883,371,142
833,1145,8884,1649,8884,371,142
833,1145,8885,1649,8885,371,142
834,1145,8886,1649,8886,371,142
834,1145,8887,1649,8887,371,142
834,1145,8888,1649,8888,371,142
834,1145,8889,1649,8889,371,142
834,1145,8890,1649,8890,371,142
834,1145,8891,1649,8891,371,142
834,1145,8892,1649,8892,371,142
834,1145,8893,1649,8893,371,142
834,1145,8894,1649,8894,371,142
834,1145,8895,1649,8895,371,142
834,1145,8896,1649,8896,371,142
834,1145,8897,1649,8897,371,142
834,1145,8898,1649,8898,371,142
834,1145,8899,1649,8899,371,142
834,1145,8900,1649,8900,371,142
834,1145,8901,1649,8901,371,142
834,1145,8902,1649,8902,371,142
833,1145,8903,1649,8903,371,142
833,1145,8904,1649,8904,371,142
833,1145,8905,1649,8905,371,142
833,1145,8906,1649,8906,371,142
833,1145,8907,1649,8907,371,142
832,1145,8908,1649,8908,371,141
832,1145,8909,1649,8909,371,141
832,1145,8910,1649,8910,371,141
832,1145,8911,1649,8911,371,141
832,1145,8912,1649,8912,371,141
832,1145,8913,1649,8913,371,141
832,1145,8914,1649,8914,371,141
832,1145,8915,1649,8915,371,141
832,1145,8916,1649,8916,371,141
832,1145,8917,1649,8917,371,141
832,1145,8918,1649,8918,371,141
832,1145,8919,1649,8919,371,141
832,1145,8920,1649,8920,371,141
832,1145,8921,1649,8921,371,141
832,1145,8922,1649,8922,371,141
832,1145,8923,1649,8923,371,141
832,1145,8924,1649,8924,371,141
832,1145,8925,1649,8925,371,141
832,1145,8926,1649,8926,371,141
832,1145,8927,1649,8927,371,141
832,1145,8928,1649,8928,371,141
832,1145,8929,1649,8929,371,141
832,1145,8930,1649,8930,371,141
832,1145,8931,1649,8931,371,141
832,1145,8932,1649,8932,371,141
832,1145,8933,1649,8933,371,141
832,1145,8934,1649,8934,371,141
832,1145,8935,1649,8935,371,141
832,1145,8936,1649,8936,371,141
832,1145,8937,1649,8937,371,141
832,1145,8938,1649,8938,371,141
832,1145,8939,1649,8939,371,141
832,1145,8940,1649,8940,371,141
832,1145,8941,1649,8941,371,141
832,1145,8942,1649,8942,371,141
832,1145,8943,1649,8943,371,141
832,1145,8944,1649,8944,371,141
832,1145,8945,1649,8945,371,141
832,1145,8946,1649,8946,371,141
832,1145,8947,1649,8947,371,141
832,1145,8948,1649,8948,371,141
832,1145,8949,1649,8949,371,141
832,1145,8950,1649,8950,371,141
832,1145,8951,1649,8951,371,141
832,1145,8952,1649,8952,371,141
832,1145,8953,1649,8953,371,141
832,1145,8954,1649,8954,371,141
832,1145,8955,1649,8955,371,141
832,1145,8956,1649,8956,371,141
832,1145,8957,1649,8957,371,141
832,1145,8958,1649,8958,371,141
832,1145,8959,1649,8959,371,141
832,1145,8960,1649,8960,371,141
832,1145,8961,1649,8961,371,141
832,1145,8962,1649,8962,371,141
832,1145,8963,1649,8963,371,141
832,1145,8964,1649,8964,371,141
832,1145,8965,1649,8965,371,141
832,1145,8966,1649,8966,371,141
832,1145,8967,1649,8967,371,141
832,1145,8968,1649,8968,371,141
832,1145,8969,1649,8969,371,141
832,1145,8970,1649,8970,371,141
832,1145,8971,1649,8971,371,141
832,1145,8972,1649,8972,371,141
832,1145,8973,1649,8973,371,141
832,1145,8974,1649,8974,371,141
832,1145,8975,1649,8975,371,141
832,1145,8976,1649,8976,371,141
832,1145,8977,1649,8977,371,141
832,1145,8978,1649,8978,371,141
832,1145,8979,1649,8979,371,141
832,1145,8980,1649,8980,371,141
832,1145,8981,1649,8981,371,141
832,1145,8982,1649,8982,371,141
832,1145,8983,1649,8983,371,141
832,1145,8984,1649,8984,371,141
832,1145,8985,1649,8985,371,141
832,1145,8986,1649,8986,371,141
832,1145,8987,1649,8987,371,141
832,1145,8988,1649,8988,371,141
832,1145,8989,1649,8989,371,141
832,1145,8990,1649,8990,371,141
832,1145,8991,1649,8991,371,141
833,1145,8992,1649,8992,371,141
833,1145,8993,1649,8993,371,141
833,1145,8994,1649,8994,371,141
833,1145,8995,1649,8995,371,141
833,1145,8996,1649,8996,371,141
833,1145,8997,1649,8997,371,141
833,1145,8998,1649,8998,371,141
833,1145,8999,1649,8999,371,141
833,1145,9000,1649,9000,371,141
833,1145,9001,1649,9001,371,141
833,1145,9002,1649,9002,371,141
833,1145,9003,1649,9003,371,141
833,1145,9004,1649,9004,371,141
833,1145,9005,1649,9005,371,141
833,1145,9006,1649,9006,371,141
833,1145,9007,1649,9007,371,141
833,1145,9008,1649,9008,371,141
833,1145,9009,1649,9009,371,141
833,1145,9010,1649,9010,371,141
833,1145,9011,1649,9011,371,141
833,1145,9012,1649,9012,371,141
833,1145,9013,1649,9013,371,141
833,1145,9014,1649,9014,371,141
834,1145,9015,1649,9015,371,141
834,1145,9016,1649,9016,371,141
834,1145,9017,1649,9017,371,141
834,1145,9018,1649,9018,371,141
834,1145,9019,1649,9019,371,141
834,1145,9020,1649,9020,371,141
834,1145,9021,1649,9021,371,141
834,1145,9022,1649,9022,371,141
833,1145,9023,1649,9023,371,140
833,1145,9024,1649,9024,371,140
833,1145,9025,1649,9025,371,140
833,1145,9026,1649,9026,371,140
833,1145,9027,1649,9027,371,140
833,1145,9028,1649,9028,371,140
834,1145,9029,1649,9029,371,140
834,1145,9030,1649,9030,371,140
834,1145,9031,1649,9031,371,140
834,1145,9032,1649,9032,371,140
834,1145,9033,1649,9033,371,140
834,1145,9034,1649,9034,371,140
834,1145,9035,1649,9035,371,140
834,1145,9036,1649,9036,371,140
834,1145,9037,1649,9037,371,140
834,1145,9038,1649,9038,371,140
834,1145,9039,1649,9039,371,140
834,1145,9040,1649,9040,371,140
834,1145,9041,1649,9041,371,140
834,1145,9042,1649,9042,371,140
834,1145,9043,1649,9043,371,140
834,1145,9044,1649,9044,371,140
834,1145,9045,1649,9045,371,140
834,1145,9046,1649,9046,371,140
834,1145,9047,1649,9047,371,140
834,1145,9048,1649,9048,371,140
834,1145,9049,1649,9049,371,140
834,1145,9050,1649,9050,371,140
834,1145,9051,1649,9051,371,140
834,1145,9052,1649,9052,371,140
834,1145,9053,1649,9053,371,140
834,1145,9054,1649,9054,371,140
834,1145,9055,1649,9055,371,140
834,1145,9056,1649,9056,371,140
834,1145,9057,1649,9057,371,140
834,1145,9058,1649,9058,371,140
834,1145,9059,1649,9059,371,140
834,1145,9060,1649,9060,371,140
834,1145,9061,1649,9061,371,140
834,1145,9062,1649,9062,371,140
834,1145,9063,1649,9063,371,140
834,1145,9064,1649,9064,371,140
834,1145,9065,1649,9065,371,140
834,1145,9066,1649,9066,371,140
834,1145,9067,1649,9067,371,140
834,1145,9068,1649,9068,371,140
834,1145,9069,1649,9069,371,140
834,1145,9070,1649,9070,371,140
834,1145,9071,1649,9071,371,140
834,1145,9072,1649,9072,371,140
834,1145,9073,1649,9073,371,140
834,1145,9074,1649,9074,371,140
834,1145,9075,1649,9075,371,140
834,1145,9076,1649,9076,371,140
834,1145,9077,1649,9077,371,140
834,1145,9078,1649,9078,371,140
834,1145,9079,1649,9079,371,140
834,1145,9080,1649,9080,371,140
834,1145,9081,1649,9081,371,140
834,1145,9082,1649,9082,371,140
834,1145,9083,1649,9083,371,140
834,1145,9084,1649,9084,371,140
834,1145,9085,1649,9085,371,140
834,1145,9086,1649,9086,371,140
834,1145,9087,1649,9087,371,140
834,1145,9088,1649,9088,371,140
834,1145,9089,1649,9089,371,140
834,1145,9090,1649,9090,371,140
834,1145,9091,1649,9091,371,140
834,1145,9092,1649,9092,371,140
834,1145,9093,1649,9093,371,140
834,1145,9094,1649,9094,371,140
834,1145,9095,1649,9095,371,140
834,1145,9096,1649,9096,371,140
834,1145,9097,1649,9097,371,140
834,1145,9098,1649,9098,371,140
834,1145,9099,1649,9099,371,140
834,1145,9100,1649,9100,371,140
834,1145,9101,1649,9101,371,140
834,1145,9102,1649,9102,371,140
834,1145,9103,1649,9103,371,140
833,1145,9104,1649,9104,371,140
833,1145,9105,1649,9105,371,140
833,1145,9106,1649,9106,371,140
833,1145,9107,1649,9107,371,140
833,1145,9108,1649,9108,371,140
833,1145,9109,1649,9109,371,140
833,1145,9110,1649,9110,371,140
833,1145,9111,1649,9111,371,140
832,1145,9112,1649,9112,371,140
832,1145,9113,1649,9113,371,140
832,1145,9114,1649,9114,371,140
832,1145,9115,1649,9115,371,140
832,1145,9116,1649,9116,371,140
832,1145,9117,1649,9117,371,140
832,1145,9118,1649,9118,371,140
832,1145,9119,1649,9119,371,140
832,1145,9120,1649,9120,371,140
832,1145,9121,1649,9121,371,140
832,1145,9122,1649,9122,371,140
832,1145,9123,1649,9123,371,140
832,1145,9124,1649,9124,371,140
832,1145,9125,1649,9125,371,140
832,1145,9126,1649,9126,371,140
832,1145,9127,1649,9127,371,140
832,1145,9128,1649,9128,371,140
832,1145,9129,1649,9129,371,140
832,1145,9130,1649,9130,371,140
832,1145,9131,1649,9131,371,140
832,1145,9132,1649,9132,371,140
832,1145,9133,1649,9133,371,140
832,1145,9134,1649,9134,371,140
832,1145,9135,1649,9135,371,140
832,1145,9136,1649,9136,371,140
832,1145,9137,1649,9137,371,140
832,1145,9138,1649,9138,371,140
832,1145,9139,1649,9139,371,140
832,1145,9140,1649,9140,371,140
832,1145,9141,1649,9141,371,140
831,1145,9142,1649,9142,371,140
831,1145,9143,1649,9143,371,140
831,1145,9144,1649,9144,371,140
831,1145,9145,1649,9145,371,140
831,1145,9146,1649,9146,371,140
831,1145,9147,1649,9147,371,140
831,1145,9148,1649,9148,371,140
831,1145,9149,1649,9149,371,140
831,1145,9150,1649,9150,371,140
830,1145,9151,1649,9151,371,140
830,1145,9152,1649,9152,371,140
830,1145,9153,1649,9153,371,140
830,1145,9154,1649,9154,371,140
830,1145,9155,1649,9155,371,140
830,1145,9156,1649,9156,371,140
830,1145,9157,1649,9157,371,140
830,1145,9158,1649,9158,371,140
830,1145,9159,1649,9159,371,140
830,1145,9160,1649,9160,371,140
830,1145,9161,1649,9161,371,140
830,1145,9162,1649,9162,371,140
830,1145,9163,1649,9163,371,140
831,1145,9164,1649,9164,371,140
831,1145,9165,1649,9165,371,140
831,1145,9166,1649,9166,371,140
831,1145,9167,1649,9167,371,140
831,1145,9168,1649,9168,371,140
831,1145,9169,1649,9169,371,140
831,1145,9170,1649,9170,371,140
831,1145,9171,1649,9171,371,140
831,1145,9172,1649,9172,371,140
831,1145,9173,1649,9173,371,140
831,1145,9174,1649,9174,371,140
830,1145,9175,1649,9175,371,140
829,1145,9176,1649,9176,371,140
829,1145,9177,1649,9177,371,140
829,1145,9178,1649,9178,371,140
829,1145,9179,1649,9179,371,140
829,1145,9180,1649,9180,371,140
829,1145,9181,1649,9181,371,140
829,1145,9182,1649,9182,371,140
829,1145,9183,1649,9183,371,140
829,1145,9184,1649,9184,371,140
828,1145,9185,1649,9185,371,140
827,1145,9186,1649,9186,371,140
827,1145,9187,1649,9187,371,140
827,1145,9188,1649,9188,371,140
827,1145,9189,1649,9189,371,140
827,1145,9190,1649,9190,371,140
827,1145,9191,1649,9191,371,140
827,1145,9192,1649,9192,371,140
827,1145,9193,1649,9193,371,140
826,1145,9194,1649,9194,371,140
826,1145,9195,1649,9195,371,140
826,1145,9196,1649,9196,371,140
826,1145,9197,1649,9197,371,140
826,1145,9198,1649,9198,371,140
825,1145,9199,1649,9199,371,140
825,1145,9200,1649,9200,371,140
825,1145,9201,1649,9201,371,140
825,1145,9202,1649,9202,371,140
825,1145,9203,1649,9203,371,140
825,1145,9204,1649,9204,371,140
825,1145,9205,1649,9205,371,140
825,1145,9206,1649,9206,371,140
824,1145,9207,1649,9207,371,140
824,1145,9208,1649,9208,371,140
824,1145,9209,1649,9209,371,140
824,1145,9210,1649,9210,371,140
824,1145,9211,1649,9211,371,140
824,1145,9212,1649,9212,371,140
824,1145,9213,1649,9213,371,140
824,1145,9214,1649,9214,371,140
824,1145,9215,1649,9215,371,140
824,1145,9216,1649,9216,371,140
824,1145,9217,1649,9217,371,140
824,1145,9218,1649,9218,371,140
824,1145,9219,1649,9219,371,140
824,1145,9220,1649,9220,371,140
824,1145,9221,1649,9221,371,140
825,1145,9222,1649,9222,371,140
825,1145,9223,1649,9223,371,140
825,1145,9224,1649,9224,371,140
825,1145,9225,1649,9225,371,140
825,1145,9226,1649,9226,371,140
825,1145,9227,1649,9227,371,140
825,1145,9228,1649,9228,371,140
825,1145,9229,1649,9229,371,140
825,1145,9230,1649,9230,371,140
825,1145,9231,1649,9231,371,140
825,1145,9232,1649,9232,371,140
825,1145,9233,1649,9233,371,140
825,1145,9234,1649,9234,371,140
825,1145,9235,1649,9235,371,140
825,1145,9236,1649,9236,371,140
825,1145,9237,1649,9237,371,140
825,1145,9238,1649,9238,371,140
825,1145,9239,1649,9239,371,140
825,1145,9240,1649,9240,371,140
825,1145,9241,1649,9241,371,140
825,1145,9242,1649,9242,371,140
825,1145,9243,1649,9243,371,140
825,1145,9244,1649,9244,371,140
825,1145,9245,1649,9245,371,140
825,1145,9246,1649,9246,371,140
825,1145,9247,1649,9247,371,140
825,1145,9248,1649,9248,371,140
825,1145,9249,1649,9249,371,140
825,1145,9250,1649,9250,371,140
825,1145,9251,1649,9251,371,140
825,1145,9252,1649,9252,371,140
825,1145,9253,1649,9253,371,140
825,1145,9254,1649,9254,371,140
825,1145,9255,1649,9255,371,140
825,1145,9256,1649,9256,371,140
825,1145,9257,1649,9257,371,140
825,1145,9258,1649,9258,371,140
825,1145,9259,1649,9259,371,140
825,1145,9260,1649,9260,371,140
825,1145,9261,1649,9261,371,140
825,1145,9262,1649,9262,371,140
825,1145,9263,1649,9263,371,140
825,1145,9264,1649,9264,371,140
825,1145,9265,1649,9265,371,140
825,1145,9266,1649,9266,371,140
825,1145,9267,1649,9267,371,140
825,1145,9268,1649,9268,371,140
825,1145,9269,1649,9269,371,140
824,1145,9270,1649,9270,371,140
824,1145,9271,1649,9271,371,140
824,1145,9272,1649,9272,371,140
824,1145,9273,1649,9273,371,140
823,1145,9274,1649,9274,371,140
823,1145,9275,1649,9275,371,140
823,1145,9276,1649,9276,371,140
823,1145,9277,1649,9277,371,140
823,1145,9278,1649,9278,371,140
823,1145,9279,1649,9279,371,140
823,1145,9280,1649,9280,371,140
823,1145,9281,1649,9281,371,140
823,1145,9282,1649,9282,371,140
823,1145,9283,1649,9283,371,140
823,1145,9284,1649,9284,371,140
823,1145,9285,1649,9285,371,140
823,1145,9286,1649,9286,371,140
823,1145,9287,1649,9287,371,140
823,1145,9288,1649,9288,371,140
823,1145,9289,1649,9289,371,140
823,1145,9290,1649,9290,371,140
823,1145,9291,1649,9291,371,140
823,1145,9292,1649,9292,371,140
823,1145,9293,1649,9293,371,140
823,1145,9294,1649,9294,371,140
823,1145,9295,1649,9295,371,140
823,1145,9296,1649,9296,371,140
823,1145,9297,1649,9297,371,140
823,1145,9298,1649,9298,371,140
823,1145,9299,1649,9299,371,140
823,1145,9300,1649,9300,371,140
823,1145,9301,1649,9301,371,140
823,1145,9302,1649,9302,371,140
823,1145,9303,1649,9303,371,140
823,1145,9304,1649,9304,371,140
823,1145,9305,1649,9305,371,140
823,1145,9306,1649,9306,371,140
823,1145,9307,1649,9307,371,140
823,1145,9308,1649,9308,371,140
823,1145,9309,1649,9309,371,140
823,1145,9310,1649,9310,371,140
823,1145,9311,1649,9311,371,140
823,1145,9312,1649,9312,371,140
823,1145,9313,1649,9313,371,140
823,1145,9314,1649,9314,371,140
823,1145,9315,1649,9315,371,140
823,1145,9316,1649,9316,371,140
822,1145,9317,1649,9317,371,140
822,1145,9318,1649,9318,371,140
822,1145,9319,1649,9319,371,140
822,1145,9320,1649,9320,371,140
822,1145,9321,1649,9321,371,140
822,1145,9322,1649,9322,371,140
822,1145,9323,1649,9323,371,140
822,1145,9324,1649,9324,371,140
822,1145,9325,1649,9325,371,140
823,1145,9326,1649,9326,371,140
823,1145,9327,1649,9327,371,140
823,1145,9328,1649,9328,371,140
823,1145,9329,1649,9329,371,140
823,1145,9330,1649,9330,371,140
823,1145,9331,1649,9331,371,140
823,1145,9332,1649,9332,371,140
823,1145,9333,1649,9333,371,140
823,1145,9334,1649,9334,371,140
823,1145,9335,1649,9335,371,140
823,1145,9336,1649,9336,371,140
823,1145,9337,1649,9337,371,140
823,1145,9338,1649,9338,371,140
823,1145,9339,1649,9339,371,140
823,1145,9340,1649,9340,371,140
823,1145,9341,1649,9341,371,140
823,1145,9342,1649,9342,371,140
823,1145,9343,1649,9343,371,140
823,1145,9344,1649,9344,371,140
823,1145,9345,1649,9345,371,140
823,1145,9346,1649,9346,371,140
823,1145,9347,1649,9347,371,140
823,1145,9348,1649,9348,371,140
823,1145,9349,1649,9349,371,140
823,1145,9350,1649,9350,371,140
823,1145,9351,1649,9351,371,140
823,1145,9352,1649,9352,371,140
823,1145,9353,1649,9353,371,140
823,1145,9354,1649,9354,371,140
823,1145,9355,1649,9355,371,140
823,1145,9356,1649,9356,371,140
823,1145,9357,1649,9357,371,140
823,1145,9358,1649,9358,371,140
823,1145,9359,1649,9359,371,140
823,1145,9360,1649,9360,371,140
823,1145,9361,1649,9361,371,140
823,1145,9362,1649,9362,371,140
823,1145,9363,1649,9363,371,140
823,1145,9364,1649,9364,371,140
823,1145,9365,1649,9365,371,140
823,1145,9366,1649,9366,371,140
823,1145,9367,1649,9367,371,140
823,1145,9368,1649,9368,371,140
823,1145,9369,1649,9369,371,140
823,1145,9370,1649,9370,371,140
823,1145,9371,1649,9371,371,140
823,1145,9372,1649,9372,371,140
823,1145,9373,1649,9373,371,140
823,1145,9374,1649,9374,371,140
823,1145,9375,1649,9375,371,140
823,1145,9376,1649,9376,371,140
823,1145,9377,1649,9377,371,140
823,1145,9378,1649,9378,371,140
823,1145,9379,1649,9379,371,140
823,1145,9380,1649,9380,371,140
823,1145,9381,1649,9381,371,140
823,1145,9382,1649,9382,371,140
823,1145,9383,1649,9383,371,140
823,1145,9384,1649,9384,371,140
823,1145,9385,1649,9385,371,140
823,1145,9386,1649,9386,371,140
823,1145,9387,1649,9387,371,140
823,1145,9388,1649,9388,371,140
823,1145,9389,1649,9389,371,140
823,1145,9390,1649,9390,371,140
823,1145,9391,1649,9391,371,140
823,1145,9392,1649,9392,371,140
823,1145,9393,1649,9393,371,140
823,1145,9394,1649,9394,371,140
823,1145,9395,1649,9395,371,140
823,1145,9396,1649,9396,371,140
823,1145,9397,1649,9397,371,140
823,1145,9398,1649,9398,371,140
823,1145,9399,1649,9399,371,140
823,1145,9400,1649,9400,371,140
823,1145,9401,1649,9401,371,140
823,1145,9402,1649,9402,371,140
823,1145,9403,1649,9403,371,140
823,1145,9404,1649,9404,371,140
823,1145,9405,1649,9405,371,140
823,1145,9406,1649,9406,371,140
823,1145,9407,1649,9407,371,140
823,1145,9408,1649,9408,371,140
823,1145,9409,1649,9409,371,140
823,1145,9410,1649,9410,371,140
824,1145,9411,1649,9411,371,140
824,1145,9412,1649,9412,371,140
824,1145,9413,1649,9413,371,140
824,1145,9414,1649,9414,371,140
824,1145,9415,1649,9415,371,140
824,1145,9416,1649,9416,371,140
824,1145,9417,1649,9417,371,140
824,1145,9418,1649,9418,371,140
824,1145,9419,1649,9419,371,140
823,1145,9420,1649,9420,371,140
823,1145,9421,1649,9421,371,140
823,1145,9422,1649,9422,371,140
823,1145,9423,1649,9423,371,140
824,1145,9424,1649,9424,371,140
824,1145,9425,1649,9425,371,140
824,1145,9426,1649,9426,371,140
824,1145,9427,1649,9427,371,140
824,1145,9428,1649,9428,371,140
824,1145,9429,1649,9429,371,140
824,1145,9430,1649,9430,371,140
824,1145,9431,1649,9431,371,140
824,1145,9432,1649,9432,371,140
824,1145,9433,1649,9433,371,140
824,1145,9434,1649,9434,371,140
824,1145,9435,1649,9435,371,140
824,1145,9436,1649,9436,371,140
824,1145,9437,1649,9437,371,140
824,1145,9438,1649,9438,371,140
824,1145,9439,1649,9439,371,140
824,1145,9440,1649,9440,371,140
824,1145,9441,1649,9441,371,140
824,1145,9442,1649,9442,371,140
824,1145,9443,1649,9443,371,140
824,1145,9444,1649,9444,371,140
824,1145,9445,1649,9445,371,140
824,1145,9446,1649,9446,371,140
824,1145,9447,1649,9447,371,140
824,1145,9448,1649,9448,371,140
823,1145,9449,1649,9449,371,140
823,1145,9450,1649,9450,371,140
823,1145,9451,1649,9451,371,140
823,1145,9452,1649,9452,371,140
823,1145,9453,1649,9453,371,140
823,1145,9454,1649,9454,371,140
823,1145,9455,1649,9455,371,140
823,1145,9456,1649,9456,371,140
823,1145,9457,1649,9457,371,140
823,1145,9458,1649,9458,371,140
823,1145,9459,1649,9459,371,140
823,1145,9460,1649,9460,371,140
824,1145,9461,1649,9461,371,140
824,1145,9462,1649,9462,371,140
824,1145,9463,1649,9463,371,140
824,1145,9464,1649,9464,371,140
824,1145,9465,1649,9465,371,140
824,1145,9466,1649,9466,371,140
825,1145,9467,1649,9467,371,140
825,1145,9468,1649,9468,371,140
825,1145,9469,1649,9469,371,140
825,1145,9470,1649,9470,371,140
825,1145,9471,1649,9471,371,140
825,1145,9472,1649,9472,371,140
825,1145,9473,1649,9473,371,140
825,1145,9474,1649,9474,371,140
825,1145,9475,1649,9475,371,140
825,1145,9476,1649,9476,371,140
825,1145,9477,1649,9477,371,140
825,1145,9478,1649,9478,371,140
825,1145,9479,1649,9479,371,140
825,1145,9480,1649,9480,371,140
825,1145,9481,1649,9481,371,140
825,1145,9482,1649,9482,371,140
825,1145,9483,1649,9483,371,140
825,1145,9484,1649,9484,371,140
825,1145,9485,1649,9485,371,140
825,1145,9486,1649,9486,371,140
825,1145,9487,1649,9487,371,140
825,1145,9488,1649,9488,371,140
825,1145,9489,1649,9489,371,140
825,1145,9490,1649,9490,371,140
825,1145,9491,1649,9491,371,140
825,1145,9492,1649,9492,371,140
825,1145,9493,1649,9493,371,140
825,1145,9494,1649,9494,371,140
825,1145,9495,1649,9495,371,140
825,1145,9496,1649,9496,371,140
825,1145,9497,1649,9497,371,140
825,1145,9498,1649,9498,371,140
825,1145,9499,1649,9499,371,140
825,1145,9500,1649,9500,371,140
825,1145,9501,1649,9501,371,140
825,1145,9502,1649,9502,371,140
825,1145,9503,1649,9503,371,140
825,1145,9504,1649,9504,371,140
825,1145,9505,1649,9505,371,140
825,1145,9506,1649,9506,371,140
825,1145,9507,1649,9507,371,140
826,1145,9508,1649,9508,371,140
826,1145,9509,1649,9509,371,140
826,1145,9510,1649,9510,371,140
826,1145,9511,1649,9511,371,140
826,1145,9512,1649,9512,371,140
826,1145,9513,1649,9513,371,140
826,1145,9514,1649,9514,371,140
826,1145,9515,1649,9515,371,140
825,1145,9516,1649,9516,371,140
825,1145,9517,1649,9517,371,140
825,1145,9518,1649,9518,371,140
825,1145,9519,1649,9519,371,140
825,1145,9520,1649,9520,371,140
825,1145,9521,1649,9521,371,140
825,1145,9522,1649,9522,371,140
825,1145,9523,1649,9523,371,140
824,1145,9524,1649,9524,371,140
824,1145,9525,1649,9525,371,140
824,1145,9526,1649,9526,371,140
824,1145,9527,1649,9527,371,140
824,1145,9528,1649,9528,371,140
824,1145,9529,1649,9529,371,140
824,1145,9530,1649,9530,371,140
824,1145,9531,1649,9531,371,140
824,1145,9532,1649,9532,371,140
824,1145,9533,1649,9533,371,140
824,1145,9534,1649,9534,371,140
824,1145,9535,1649,9535,371,140
824,1145,9536,1649,9536,371,140
824,1145,9537,1649,9537,371,140
824,1145,9538,1649,9538,371,140
824,1145,9539,1649,9539,371,140
824,1145,9540,1649,9540,371,140
824,1145,9541,1649,9541,371,140
824,1145,9542,1649,9542,371,140
824,1145,9543,1649,9543,371,140
824,1145,9544,1649,9544,371,140
824,1145,9545,1649,9545,371,140
824,1145,9546,1649,9546,371,140
824,1145,9547,1649,9547,371,140
824,1145,9548,1649,9548,371,140
824,1145,9549,1649,9549,371,140
824,1145,9550,1649,9550,371,140
824,1145,9551,1649,9551,371,140
824,1145,9552,1649,9552,371,140
824,1145,9553,1649,9553,371,140
824,1145,9554,1649,9554,371,140
824,1145,9555,1649,9555,371,140
824,1145,9556,1649,9556,371,140
824,1145,9557,1649,9557,371,140
824,1145,9558,1649,9558,371,140
824,1145,9559,1649,9559,371,140
824,1145,9560,1649,9560,371,140
824,1145,9561,1649,9561,371,140
824,1145,9562,1649,9562,371,140
824,1145,9563,1649,9563,371,140
824,1145,9564,1649,9564,371,140
824,1145,9565,1649,9565,371,140
824,1145,9566,1649,9566,371,140
824,1145,9567,1649,9567,371,140
824,1145,9568,1649,9568,371,140
824,1145,9569,1649,9569,371,140
824,1145,9570,1649,9570,371,140
824,1145,9571,1649,9571,371,140
824,1145,9572,1649,9572,371,140
824,1145,9573,1649,9573,371,140
824,1145,9574,1649,9574,371,140
824,1145,9575,1649,9575,371,140
824,1145,9576,1649,9576,371,140
824,1145,9577,1649,9577,371,140
824,1145,9578,1649,9578,371,140
824,1145,9579,1649,9579,371,140
824,1145,9580,1649,9580,371,140
824,1145,9581,1649,9581,371,140
824,1145,9582,1649,9582,371,140
824,1145,9583,1649,9583,371,140
824,1145,9584,1649,9584,371,140
824,1145,9585,1649,9585,371,140
824,1145,9586,1649,9586,371,140
824,1145,9587,1649,9587,371,140
824,1145,9588,1649,9588,371,140
824,1145,9589,1649,9589,371,140
824,1145,9590,1649,9590,371,140
824,1145,9591,1649,9591,371,140
824,1145,9592,1649,9592,371,140
824,1145,9593,1649,9593,371,140
824,1145,9594,1649,9594,371,140
824,1145,9595,1649,9595,371,140
824,1145,9596,1649,9596,371,140
824,1145,9597,1649,9597,371,140
824,1145,9598,1649,9598,371,140
824,1145,9599,1649,9599,371,140
824,1145,9600,1649,9600,371,140
824,1145,9601,1649,9601,371,140
824,1145,9602,1649,9602,371,140
823,1145,9603,1649,9603,371,140
823,1145,9604,1649,9604,371,140
822,1145,9605,1649,9605,371,140
822,1145,9606,1649,9606,371,140
822,1145,9607,1649,9607,371,140
822,1145,9608,1649,9608,371,140
822,1145,9609,1649,9609,371,140
822,1145,9610,1649,9610,371,140
822,1145,9611,1649,9611,371,140
822,1145,9612,1649,9612,371,140
822,1145,9613,1649,9613,371,140
822,1145,9614,1649,9614,371,140
822,1145,9615,1649,9615,371,140
822,1145,9616,1649,9616,371,140
822,1145,9617,1649,9617,371,140
822,1145,9618,1649,9618,371,140
822,1145,9619,1649,9619,371,140
822,1145,9620,1649,9620,371,140
822,1145,9621,1649,9621,371,140
822,1145,9622,1649,9622,371,140
822,1145,9623,1649,9623,371,140
822,1145,9624,1649,9624,371,140
822,1145,9625,1649,9625,371,140
822,1145,9626,1649,9626,371,140
822,1145,9627,1649,9627,371,140
822,1145,9628,1649,9628,371,140
822,1145,9629,1649,9629,371,140
822,1145,9630,1649,9630,371,140
822,1145,9631,1649,9631,371,140
822,1145,9632,1649,9632,371,140
822,1145,9633,1649,9633,371,140
822,1145,9634,1649,9634,371,140
822,1145,9635,1649,9635,371,140
822,1145,9636,1649,9636,371,140
822,1145,9637,1649,9637,371,140
822,1145,9638,1649,9638,371,140
822,1145,9639,1649,9639,371,140
822,1145,9640,1649,9640,371,140
822,1145,9641,1649,9641,371,140
822,1145,9642,1649,9642,371,140
822,1145,9643,1649,9643,371,140
822,1145,9644,1649,9644,371,140
822,1145,9645,1649,9645,371,140
822,1145,9646,1649,9646,371,140
822,1145,9647,1649,9647,371,140
822,1145,9648,1649,9648,371,140
822,1145,9649,1649,9649,371,140
822,1145,9650,1649,9650,371,140
822,1145,9651,1649,9651,371,140
822,1145,9652,1649,9652,371,140
822,1145,9653,1649,9653,371,140
822,1145,9654,1649,9654,371,140
823,1145,9655,1649,9655,371,140
823,1145,9656,1649,9656,371,140
823,1145,9657,1649,9657,371,140
823,1145,9658,1649,9658,371,140
823,1145,9659,1649,9659,371,140
823,1145,9660,1649,9660,371,140
823,1145,9661,1649,9661,371,140
823,1145,9662,1649,9662,371,140
823,1145,9663,1649,9663,371,140
823,1145,9664,1649,9664,371,140
823,1145,9665,1649,9665,371,140
823,1145,9666,1649,9666,371,140
823,1145,9667,1649,9667,371,140
823,1145,9668,1649,9668,371,140
823,1145,9669,1649,9669,371,140
823,1145,9670,1649,9670,371,140
823,1145,9671,1649,9671,371,140
823,1145,9672,1649,9672,371,140
823,1145,9673,1649,9673,371,140
823,1145,9674,1649,9674,371,140
823,1145,9675,1649,9675,371,140
823,1145,9676,1649,9676,371,140
823,1145,9677,1649,9677,371,140
823,1145,9678,1649,9678,371,140
823,1145,9679,1649,9679,371,140
823,1145,9680,1649,9680,371,140
823,1145,9681,1649,9681,371,140
823,1145,9682,1649,9682,371,140
823,1145,9683,1649,9683,371,140
823,1145,9684,1649,9684,371,140
823,1145,9685,1649,9685,371,140
823,1145,9686,1649,9686,371,140
823,1145,9687,1649,9687,371,140
823,1145,9688,1649,9688,371,140
823,1145,9689,1649,9689,371,140
823,1145,9690,1649,9690,371,140
823,1145,9691,1649,9691,371,140
823,1145,9692,1649,9692,371,140
823,1145,9693,1649,9693,371,140
823,1145,9694,1649,9694,371,140
823,1145,9695,1649,9695,371,140
823,1145,9696,1649,9696,371,140
823,1145,9697,1649,9697,371,140
823,1145,9698,1649,9698,371,140
823,1145,9699,1649,9699,371,140
823,1145,9700,1649,9700,371,140
823,1145,9701,1649,9701,371,140
823,1145,9702,1649,9702,371,140
823,1145,9703,1649,9703,371,140
823,1145,9704,1649,9704,371,140
823,1145,9705,1649,9705,371,140
823,1145,9706,1649,9706,371,140
823,1145,9707,1649,9707,371,140
823,1145,9708,1649,9708,371,140
823,1145,9709,1649,9709,371,140
823,1145,9710,1649,9710,371,140
823,1145,9711,1649,9711,371,140
823,1145,9712,1649,9712,371,140
823,1145,9713,1649,9713,371,140
823,1145,9714,1649,9714,371,140
823,1145,9715,1649,9715,371,140
823,1145,9716,1649,9716,371,140
823,1145,9717,1649,9717,371,140
823,1145,9718,1649,9718,371,140
823,1145,9719,1649,9719,371,140
823,1145,9720,1649,9720,371,140
823,1145,9721,1649,9721,371,140
824,1145,9722,1649,9722,371,140
824,1145,9723,1649,9723,371,140
824,1145,9724,1649,9724,371,140
824,1145,9725,1649,9725,371,140
824,1145,9726,1649,9726,371,140
824,1145,9727,1649,9727,371,140
824,1145,9728,1649,9728,371,140
824,1145,9729,1649,9729,371,140
824,1145,9730,1649,9730,371,140
824,1145,9731,1649,9731,371,140
824,1145,9732,1649,9732,371,140
824,1145,9733,1649,9733,371,140
824,1145,9734,1649,9734,371,140
823,1145,9735,1649,9735,371,140
823,1145,9736,1649,9736,371,140
823,1145,9737,1649,9737,371,140
823,1145,9738,1649,9738,371,140
823,1145,9739,1649,9739,371,140
823,1145,9740,1649,9740,371,140
823,1145,9741,1649,9741,371,140
823,1145,9742,1649,9742,371,140
822,1145,9743,1649,9743,371,140
822,1145,9744,1649,9744,371,140
822,1145,9745,1649,9745,371,140
822,1145,9746,1649,9746,371,140
822,1145,9747,1649,9747,371,140
822,1145,9748,1649,9748,371,140
822,1145,9749,1649,9749,371,140
822,1145,9750,1649,9750,371,140
822,1145,9751,1649,9751,371,140
822,1145,9752,1649,9752,371,140
822,1145,9753,1649,9753,371,140
823,1145,9754,1649,9754,371,140
823,1145,9755,1649,9755,371,140
823,1145,9756,1649,9756,371,140
823,1145,9757,1649,9757,371,140
823,1145,9758,1649,9758,371,140
823,1145,9759,1649,9759,371,140
823,1145,9760,1649,9760,371,140
823,1145,9761,1649,9761,371,140
822,1145,9762,1649,9762,371,140
822,1145,9763,1649,9763,371,140
822,1145,9764,1649,9764,371,140
822,1145,9765,1649,9765,371,140
822,1145,9766,1649,9766,371,140
822,1145,9767,1649,9767,371,140
822,1145,9768,1649,9768,371,140
822,1145,9769,1649,9769,371,140
822,1145,9770,1649,9770,371,140
822,1145,9771,1649,9771,371,140
822,1145,9772,1649,9772,371,140
822,1145,9773,1649,9773,371,140
821,1145,9774,1649,9774,371,140
821,1145,9775,1649,9775,371,140
821,1145,9776,1649,9776,371,140
821,1145,9777,1649,9777,371,140
821,1145,9778,1649,9778,371,140
821,1145,9779,1649,9779,371,140
821,1145,9780,1649,9780,371,140
821,1145,9781,1649,9781,371,140
821,1145,9782,1649,9782,371,140
821,1145,9783,1649,9783,371,140
821,1145,9784,1649,9784,371,140
821,1145,9785,1649,9785,371,140
821,1145,9786,1649,9786,371,140
821,1145,9787,1649,9787,371,140
821,1145,9788,1649,9788,371,140
821,1145,9789,1649,9789,371,140
821,1145,9790,1649,9790,371,140
821,1145,9791,1649,9791,371,140
821,1145,9792,1649,9792,371,140
821,1145,9793,1649,9793,371,140
821,1145,9794,1649,9794,371,140
821,1145,9795,1649,9795,371,140
821,1145,9796,1649,9796,371,140
821,1145,9797,1649,9797,371,140
821,1145,9798,1649,9798,371,140
821,1145,9799,1649,9799,371,140
821,1145,9800,1649,9800,371,140
821,1145,9801,1649,9801,371,140
821,1145,9802,1649,9802,371,140
821,1145,9803,1649,9803,371,140
821,1145,9804,1649,9804,371,140
821,1145,9805,1649,9805,371,140
821,1145,9806,1649,9806,371,140
821,1145,9807,1649,9807,371,140
821,1145,9808,1649,9808,371,140
821,1145,9809,1649,9809,371,140
821,1145,9810,1649,9810,371,140
821,1145,9811,1649,9811,371,140
821,1145,9812,1649,9812,371,140
821,1145,9813,1649,9813,371,140
821,1145,9814,1649,9814,371,140
821,1145,9815,1649,9815,371,140
821,1145,9816,1649,9816,371,140
821,1145,9817,1649,9817,371,140
821,1145,9818,1649,9818,371,140
821,1145,9819,1649,9819,371,140
821,1145,9820,1649,9820,371,140
821,1145,9821,1649,9821,371,140
821,1145,9822,1649,9822,371,140
821,1145,9823,1649,9823,371,140
821,1145,9824,1649,9824,371,140
821,1145,9825,1649,9825,371,140
821,1145,9826,1649,9826,371,140
821,1145,9827,1649,9827,371,140
821,1145,9828,1649,9828,371,140
821,1145,9829,1649,9829,371,140
821,1145,9830,1649,9830,371,140
821,1145,9831,1649,9831,371,140
821,1145,9832,1649,9832,371,140
821,1145,9833,1649,9833,371,140
821,1145,9834,1649,9834,371,140
821,1145,9835,1649,9835,371,140
821,1145,9836,1649,9836,371,140
821,1145,9837,1649,9837,371,140
821,1145,9838,1649,9838,371,140
821,1145,9839,1649,9839,371,140
821,1145,9840,1649,9840,371,140
821,1145,9841,1649,9841,371,140
821,1145,9842,1649,9842,371,140
821,1145,9843,1649,9843,371,140
821,1145,9844,1649,9844,371,140
821,1145,9845,1649,9845,371,140
821,1145,9846,1649,9846,371,140
821,1145,9847,1649,9847,371,140
821,1145,9848,1649,9848,371,140
821,1145,9849,1649,9849,371,140
821,1145,9850,1649,9850,371,140
821,1145,9851,1649,9851,371,140
821,1145,9852,1649,9852,371,140
821,1145,9853,1649,9853,371,140
821,1145,9854,1649,9854,371,140
821,1145,9855,1649,9855,371,140
821,1145,9856,1649,9856,371,140
821,1145,9857,1649,9857,371,140
821,1145,9858,1649,9858,371,140
821,1145,9859,1649,9859,371,140
821,1145,9860,1649,9860,371,140
820,1145,9861,1649,9861,371,140
820,1145,9862,1649,9862,371,140
820,1145,9863,1649,9863,371,140
820,1145,9864,1649,9864,371,140
820,1145,9865,1649,9865,371,140
820,1145,9866,1649,9866,371,140
820,1145,9867,1649,9867,371,140
820,1145,9868,1649,9868,371,140
820,1145,9869,1649,9869,371,140
820,1145,9870,1649,9870,371,140
820,1145,9871,1649,9871,371,140
820,1145,9872,1649,9872,371,140
820,1145,9873,1649,9873,371,140
820,1145,9874,1649,9874,371,140
820,1145,9875,1649,9875,371,140
820,1145,9876,1649,9876,371,140
820,1145,9877,1649,9877,371,140
820,1145,9878,1649,9878,371,140
821,1145,9879,1649,9879,371,140
821,1145,9880,1649,9880,371,140
821,1145,9881,1649,9881,371,140
821,1145,9882,1649,9882,371,140
822,1145,9883,1649,9883,371,140
822,1145,9884,1649,9884,371,140
822,1145,9885,1649,9885,371,140
822,1145,9886,1649,9886,371,140
822,1145,9887,1649,9887,371,140
822,1145,9888,1649,9888,371,140
822,1145,9889,1649,9889,371,140
821,1145,9890,1649,9890,371,139
821,1145,9891,1649,9891,371,139
821,1145,9892,1649,9892,371,139
821,1145,9893,1649,9893,371,139
821,1145,9894,1649,9894,371,139
821,1145,9895,1649,9895,371,139
821,1145,9896,1649,9896,371,139
821,1145,9897,1649,9897,371,139
821,1145,9898,1649,9898,371,139
821,1145,9899,1649,9899,371,139
821,1145,9900,1649,9900,371,139
821,1145,9901,1649,9901,371,139
821,1145,9902,1649,9902,371,139
821,1145,9903,1649,9903,371,139
821,1145,9904,1649,9904,371,139
821,1145,9905,1649,9905,371,139
821,1145,9906,1649,9906,371,139
821,1145,9907,1649,9907,371,139
821,1145,9908,1649,9908,371,139
821,1145,9909,1649,9909,371,139
821,1145,9910,1649,9910,371,139
821,1145,9911,1649,9911,371,139
821,1145,9912,1649,9912,371,139
821,1145,9913,1649,9913,371,139
821,1145,9914,1649,9914,371,139
821,1145,9915,1649,9915,371,139
821,1145,9916,1649,9916,371,139
821,1145,9917,1649,9917,371,139
822,1145,9918,1649,9918,371,139
822,1145,9919,1649,9919,371,139
822,1145,9920,1649,9920,371,139
822,1145,9921,1649,9921,371,139
822,1145,9922,1649,9922,371,139
822,1145,9923,1649,9923,371,139
822,1145,9924,1649,9924,371,139
822,1145,9925,1649,9925,371,139
822,1145,9926,1649,9926,371,139
822,1145,9927,1649,9927,371,139
822,1145,9928,1649,9928,371,139
822,1145,9929,1649,9929,371,139
822,1145,9930,1649,9930,371,139
822,1145,9931,1649,9931,371,139
822,1145,9932,1649,9932,371,139
822,1145,9933,1649,9933,371,139
822,1145,9934,1649,9934,371,139
822,1145,9935,1649,9935,371,139
822,1145,9936,1649,9936,371,139
822,1145,9937,1649,9937,371,139
822,1145,9938,1649,9938,371,139
821,1145,9939,1649,9939,371,139
821,1145,9940,1649,9940,371,139
821,1145,9941,1649,9941,371,139
821,1145,9942,1649,9942,371,139
821,1145,9943,1649,9943,371,139
821,1145,9944,1649,9944,371,139
821,1145,9945,1649,9945,371,139
821,1145,9946,1649,9946,371,139
821,1145,9947,1649,9947,371,139
821,1145,9948,1649,9948,371,139
821,1145,9949,1649,9949,371,139
821,1145,9950,1649,9950,371,139
821,1145,9951,1649,9951,371,139
820,1145,9952,1649,9952,371,139
820,1145,9953,1649,9953,371,139
820,1145,9954,1649,9954,371,139
820,1145,9955,1649,9955,371,139
820,1145,9956,1649,9956,371,139
820,1145,9957,1649,9957,371,139
820,1145,9958,1649,9958,371,139
820,1145,9959,1649,9959,371,139
820,1145,9960,1649,9960,371,139
820,1145,9961,1649,9961,371,139
820,1145,9962,1649,9962,371,139
820,1145,9963,1649,9963,371,139
820,1145,9964,1649,9964,371,139
820,1145,9965,1649,9965,371,139
820,1145,9966,1649,9966,371,139
820,1145,9967,1649,9967,371,139
820,1145,9968,1649,9968,371,139
820,1145,9969,1649,9969,371,139
820,1145,9970,1649,9970,371,139
820,1145,9971,1649,9971,371,139
819,1145,9972,1649,9972,371,139
819,1145,9973,1649,9973,371,139
820,1145,9974,1649,9974,371,139
820,1145,9975,1649,9975,371,139
820,1145,9976,1649,9976,371,139
820,1145,9977,1649,9977,371,139
820,1145,9978,1649,9978,371,139
820,1145,9979,1649,9979,371,139
820,1145,9980,1649,9980,371,139
820,1145,9981,1649,9981,371,139
820,1145,9982,1649,9982,371,139
820,1145,9983,1649,9983,371,139
820,1145,9984,1649,9984,371,139
820,1145,9985,1649,9985,371,139
820,1145,9986,1649,9986,371,139
820,1145,9987,1649,9987,371,139
820,1145,9988,1649,9988,371,139
820,1145,9989,1649,9989,371,139
820,1145,9990,1649,9990,371,139
820,1145,9991,1649,9991,371,139
820,1145,9992,1649,9992,371,139
820,1145,9993,1649,9993,371,139
820,1145,9994,1649,9994,371,139
820,1145,9995,1649,9995,371,139
820,1145,9996,1649,9996,371,139
820,1145,9997,1649,9997,371,139
820,1145,9998,1649,9998,371,139
820,1145,9999,1649,9999,371,139
820,1145,10000,1649,10000,371,139
820,1145,10001,1649,10001,371,139
820,1145,10002,1649,10002,371,139
820,1145,10003,1649,10003,371,139
820,1145,10004,1649,10004,371,139
820,1145,10005,1649,10005,371,139
819,1145,10006,1649,10006,371,139
819,1145,10007,1649,10007,371,139
819,1145,10008,1649,10008,371,139
819,1145,10009,1649,10009,371,139
819,1145,10010,1649,10010,371,139
819,1145,10011,1649,10011,371,139
819,1145,10012,1649,10012,371,139
819,1145,10013,1649,10013,371,139
819,1145,10014,1649,10014,371,139
819,1145,10015,1649,10015,371,139
819,1145,10016,1649,10016,371,139
819,1145,10017,1649,10017,371,139
819,1145,10018,1649,10018,371,139
819,1145,10019,1649,10019,371,139
819,1145,10020,1649,10020,371,139
819,1145,10021,1649,10021,371,139
819,1145,10022,1649,10022,371,139
819,1145,10023,1649,10023,371,139
819,1145,10024,1649,10024,371,139
819,1145,10025,1649,10025,371,139
819,1145,10026,1649,10026,371,139
819,1145,10027,1649,10027,371,139
819,1145,10028,1649,10028,371,139
819,1145,10029,1649,10029,371,139
819,1145,10030,1649,10030,371,139
819,1145,10031,1649,10031,371,139
819,1145,10032,1649,10032,371,139
819,1145,10033,1649,10033,371,139
819,1145,10034,1649,10034,371,139
819,1145,10035,1649,10035,371,139
819,1145,10036,1649,10036,371,139
819,1145,10037,1649,10037,371,139
819,1145,10038,1649,10038,371,139
819,1145,10039,1649,10039,371,139
819,1145,10040,1649,10040,371,139
819,1145,10041,1649,10041,371,139
819,1145,10042,1649,10042,371,139
819,1145,10043,1649,10043,371,139
819,1145,10044,1649,10044,371,139
819,1145,10045,1649,10045,371,139
819,1145,10046,1649,10046,371,139
819,1145,10047,1649,10047,371,139
819,1145,10048,1649,10048,371,139
819,1145,10049,1649,10049,371,139
819,1145,10050,1649,10050,371,139
819,1145,10051,1649,10051,371,139
819,1145,10052,1649,10052,371,139
819,1145,10053,1649,10053,371,139
819,1145,10054,1649,10054,371,139
819,1145,10055,1649,10055,371,139
819,1145,10056,1649,10056,371,139
819,1145,10057,1649,10057,371,139
820,1145,10058,1649,10058,371,139
820,1145,10059,1649,10059,371,139
820,1145,10060,1649,10060,371,139
820,1145,10061,1649,10061,371,139
820,1145,10062,1649,10062,371,139
820,1145,10063,1649,10063,371,139
820,1145,10064,1649,10064,371,139
820,1145,10065,1649,10065,371,139
820,1145,10066,1649,10066,371,139
820,1145,10067,1649,10067,371,139
820,1145,10068,1649,10068,371,139
820,1145,10069,1649,10069,371,139
820,1145,10070,1649,10070,371,139
820,1145,10071,1649,10071,371,139
820,1145,10072,1649,10072,371,139
821,1145,10073,1649,10073,371,139
821,1145,10074,1649,10074,371,139
821,1145,10075,1649,10075,371,139
821,1145,10076,1649,10076,371,139
821,1145,10077,1649,10077,371,139
821,1145,10078,1649,10078,371,139
821,1145,10079,1649,10079,371,139
821,1145,10080,1649,10080,371,139
821,1145,10081,1649,10081,371,139
821,1145,10082,1649,10082,371,139
821,1145,10083,1649,10083,371,139
821,1145,10084,1649,10084,371,139
821,1145,10085,1649,10085,371,139
821,1145,10086,1649,10086,371,139
822,1145,10087,1649,10087,371,139
822,1145,10088,1649,10088,371,139
822,1145,10089,1649,10089,371,139
822,1145,10090,1649,10090,371,139
822,1145,10091,1649,10091,371,139
822,1145,10092,1649,10092,371,139
822,1145,10093,1649,10093,371,139
822,1145,10094,1649,10094,371,139
822,1145,10095,1649,10095,371,139
822,1145,10096,1649,10096,371,139
822,1145,10097,1649,10097,371,139
822,1145,10098,1649,10098,371,139
822,1145,10099,1649,10099,371,139
822,1145,10100,1649,10100,371,139
822,1145,10101,1649,10101,371,139
822,1145,10102,1649,10102,371,139
822,1145,10103,1649,10103,371,139
822,1145,10104,1649,10104,371,139
822,1145,10105,1649,10105,371,139
822,1145,10106,1649,10106,371,139
822,1145,10107,1649,10107,371,139
822,1145,10108,1649,10108,371,139
822,1145,10109,1649,10109,371,139
822,1145,10110,1649,10110,371,139
822,1145,10111,1649,10111,371,139
822,1145,10112,1649,10112,371,139
822,1145,10113,1649,10113,371,139
822,1145,10114,1649,10114,371,139
822,1145,10115,1649,10115,371,139
822,1145,10116,1649,10116,371,139
822,1145,10117,1649,10117,371,139
822,1145,10118,1649,10118,371,139
822,1145,10119,1649,10119,371,139
822,1145,10120,1649,10120,371,139
822,1145,10121,1649,10121,371,139
823,1145,10122,1649,10122,371,139
823,1145,10123,1649,10123,371,139
823,1145,10124,1649,10124,371,139
823,1145,10125,1649,10125,371,139
823,1145,10126,1649,10126,371,139
823,1145,10127,1649,10127,371,139
823,1145,10128,1649,10128,371,139
823,1145,10129,1649,10129,371,139
823,1145,10130,1649,10130,371,139
823,1145,10131,1649,10131,371,139
823,1145,10132,1649,10132,371,139
823,1145,10133,1649,10133,371,139
823,1145,10134,1649,10134,371,139
823,1145,10135,1649,10135,371,139
823,1145,10136,1649,10136,371,139
823,1145,10137,1649,10137,371,139
823,1145,10138,1649,10138,371,139
823,1145,10139,1649,10139,371,139
823,1145,10140,1649,10140,371,139
823,1145,10141,1649,10141,371,139
823,1145,10142,1649,10142,371,139
823,1145,10143,1649,10143,371,139
823,1145,10144,1649,10144,371,139
823,1145,10145,1649,10145,371,139
823,1145,10146,1649,10146,371,139
823,1145,10147,1649,10147,371,139
823,1145,10148,1649,10148,371,139
823,1145,10149,1649,10149,371,139
823,1145,10150,1649,10150,371,139
823,1145,10151,1649,10151,371,139
823,1145,10152,1649,10152,371,139
823,1145,10153,1649,10153,371,139
823,1145,10154,1649,10154,371,139
823,1145,10155,1649,10155,371,139
823,1145,10156,1649,10156,371,139
823,1145,10157,1649,10157,371,139
823,1145,10158,1649,10158,371,139
823,1145,10159,1649,10159,371,139
823,1145,10160,1649,10160,371,139
823,1145,10161,1649,10161,371,139
823,1145,10162,1649,10162,371,139
823,1145,10163,1649,10163,371,139
823,1145,10164,1649,10164,371,139
823,1145,10165,1649,10165,371,139
823,1145,10166,1649,10166,371,139
823,1145,10167,1649,10167,371,139
823,1145,10168,1649,10168,371,139
823,1145,10169,1649,10169,371,139
823,1145,10170,1649,10170,371,139
823,1145,10171,1649,10171,371,139
823,1145,10172,1649,10172,371,139
823,1145,10173,1649,10173,371,139
823,1145,10174,1649,10174,371,139
823,1145,10175,1649,10175,371,139
823,1145,10176,1649,10176,371,139
823,1145,10177,1649,10177,371,139
823,1145,10178,1649,10178,371,139
823,1145,10179,1649,10179,371,139
823,1145,10180,1649,10180,371,139
822,1145,10181,1649,10181,371,139
822,1145,10182,1649,10182,371,139
822,1145,10183,1649,10183,371,139
822,1145,10184,1649,10184,371,139
822,1145,10185,1649,10185,371,139
822,1145,10186,1649,10186,371,139
822,1145,10187,1649,10187,371,139
822,1145,10188,1649,10188,371,139
822,1145,10189,1649,10189,371,139
822,1145,10190,1649,10190,371,139
822,1145,10191,1649,10191,371,139
822,1145,10192,1649,10192,371,139
822,1145,10193,1649,10193,371,139
822,1145,10194,1649,10194,371,139
822,1145,10195,1649,10195,371,139
822,1145,10196,1649,10196,371,139
822,1145,10197,1649,10197,371,139
822,1145,10198,1649,10198,371,139
822,1145,10199,1649,10199,371,139
822,1145,10200,1649,10200,371,139
822,1145,10201,1649,10201,371,139
822,1145,10202,1649,10202,371,139
822,1145,10203,1649,10203,371,139
822,1145,10204,1649,10204,371,139
822,1145,10205,1649,10205,371,139
822,1145,10206,1649,10206,371,139
822,1145,10207,1649,10207,371,139
822,1145,10208,1649,10208,371,139
822,1145,10209,1649,10209,371,139
821,1145,10210,1649,10210,371,139
821,1145,10211,1649,10211,371,139
821,1145,10212,1649,10212,371,139
821,1145,10213,1649,10213,371,139
821,1145,10214,1649,10214,371,139
821,1145,10215,1649,10215,371,139
821,1145,10216,1649,10216,371,139
821,1145,10217,1649,10217,371,139
821,1145,10218,1649,10218,371,139
821,1145,10219,1649,10219,371,139
821,1145,10220,1649,10220,371,139
821,1145,10221,1649,10221,371,139
821,1145,10222,1649,10222,371,139
821,1145,10223,1649,10223,371,139
821,1145,10224,1649,10224,371,139
821,1145,10225,1649,10225,371,139
821,1145,10226,1649,10226,371,139
821,1145,10227,1649,10227,371,139
821,1145,10228,1649,10228,371,139
821,1145,10229,1649,10229,371,139
821,1145,10230,1649,10230,371,139
821,1145,10231,1649,10231,371,139
821,1145,10232,1649,10232,371,139
821,1145,10233,1649,10233,371,139
821,1145,10234,1649,10234,371,139
821,1145,10235,1649,10235,371,139
821,1145,10236,1649,10236,371,139
821,1145,10237,1649,10237,371,139
821,1145,10238,1649,10238,371,139
821,1145,10239,1649,10239,371,139
821,1145,10240,1649,10240,371,139
821,1145,10241,1649,10241,371,139
821,1145,10242,1649,10242,371,139
821,1145,10243,1649,10243,371,139
821,1145,10244,1649,10244,371,139
821,1145,10245,1649,10245,371,139
821,1145,10246,1649,10246,371,139
821,1145,10247,1649,10247,371,139
821,1145,10248,1649,10248,371,139
821,1145,10249,1649,10249,371,139
821,1145,10250,1649,10250,371,139
821,1145,10251,1649,10251,371,139
821,1145,10252,1649,10252,371,139
821,1145,10253,1649,10253,371,139
821,1145,10254,1649,10254,371,139
821,1145,10255,1649,10255,371,139
821,1145,10256,1649,10256,371,139
821,1145,10257,1649,10257,371,139
821,1145,10258,1649,10258,371,139
821,1145,10259,1649,10259,371,139
821,1145,10260,1649,10260,371,139
821,1145,10261,1649,10261,371,139
821,1145,10262,1649,10262,371,139
821,1145,10263,1649,10263,371,139
821,1145,10264,1649,10264,371,139
821,1145,10265,1649,10265,371,139
821,1145,10266,1649,10266,371,139
821,1145,10267,1649,10267,371,139
821,1145,10268,1649,10268,371,139
821,1145,10269,1649,10269,371,139
821,1145,10270,1649,10270,371,139
821,1145,10271,1649,10271,371,139
821,1145,10272,1649,10272,371,139
821,1145,10273,1649,10273,371,139
821,1145,10274,1649,10274,371,139
821,1145,10275,1649,10275,371,139
821,1145,10276,1649,10276,371,139
821,1145,10277,1649,10277,371,139
821,1145,10278,1649,10278,371,139
821,1145,10279,1649,10279,371,139
821,1145,10280,1649,10280,371,139
821,1145,10281,1649,10281,371,139
821,1145,10282,1649,10282,371,139
821,1145,10283,1649,10283,371,139
821,1145,10284,1649,10284,371,139
821,1145,10285,1649,10285,371,139
821,1145,10286,1649,10286,371,139
821,1145,10287,1649,10287,371,139
821,1145,10288,1649,10288,371,139
822,1145,10289,1649,10289,371,139
822,1145,10290,1649,10290,371,139
822,1145,10291,1649,10291,371,139
822,1145,10292,1649,10292,371,139
822,1145,10293,1649,10293,371,139
822,1145,10294,1649,10294,371,139
822,1145,10295,1649,10295,371,139
822,1145,10296,1649,10296,371,139
822,1145,10297,1649,10297,371,139
822,1145,10298,1649,10298,371,139
822,1145,10299,1649,10299,371,139
822,1145,10300,1649,10300,371,139
822,1145,10301,1649,10301,371,139
822,1145,10302,1649,10302,371,139
822,1145,10303,1649,10303,371,139
822,1145,10304,1649,10304,371,139
822,1145,10305,1649,10305,371,139
822,1145,10306,1649,10306,371,139
822,1145,10307,1649,10307,371,139
822,1145,10308,1649,10308,371,139
822,1145,10309,1649,10309,371,139
822,1145,10310,1649,10310,371,139
822,1145,10311,1649,10311,371,139
822,1145,10312,1649,10312,371,139
822,1145,10313,1649,10313,371,139
822,1145,10314,1649,10314,371,139
822,1145,10315,1649,10315,371,139
822,1145,10316,1649,10316,371,139
822,1145,10317,1649,10317,371,139
822,1145,10318,1649,10318,371,139
822,1145,10319,1649,10319,371,139
822,1145,10320,1649,10320,371,139
822,1145,10321,1649,10321,371,139
822,1145,10322,1649,10322,371,139
822,1145,10323,1649,10323,371,139
822,1145,10324,1649,10324,371,139
822,1145,10325,1649,10325,371,139
822,1145,10326,1649,10326,371,139
822,1145,10327,1649,10327,371,139
822,1145,10328,1649,10328,371,139
822,1145,10329,1649,10329,371,139
822,1145,10330,1649,10330,371,139
822,1145,10331,1649,10331,371,139
822,1145,10332,1649,10332,371,139
822,1145,10333,1649,10333,371,139
822,1145,10334,1649,10334,371,139
822,1145,10335,1649,10335,371,139
822,1145,10336,1649,10336,371,139
822,1145,10337,1649,10337,371,139
822,1145,10338,1649,10338,371,139
822,1145,10339,1649,10339,371,139
822,1145,10340,1649,10340,371,139
822,1145,10341,1649,10341,371,139
822,1145,10342,1649,10342,371,139
822,1145,10343,1649,10343,371,139
822,1145,10344,1649,10344,371,139
822,1145,10345,1649,10345,371,139
822,1145,10346,1649,10346,371,139
822,1145,10347,1649,10347,371,139
822,1145,10348,1649,10348,371,139
822,1145,10349,1649,10349,371,139
822,1145,10350,1649,10350,371,139
822,1145,10351,1649,10351,371,139
822,1145,10352,1649,10352,371,139
822,1145,10353,1649,10353,371,139
822,1145,10354,1649,10354,371,139
822,1145,10355,1649,10355,371,139
822,1145,10356,1649,10356,371,139
822,1145,10357,1649,10357,371,139
822,1145,10358,1649,10358,371,139
822,1145,10359,1649,10359,371,139
822,1145,10360,1649,10360,371,139
822,1145,10361,1649,10361,371,139
822,1145,10362,1649,10362,371,139
822,1145,10363,1649,10363,371,139
822,1145,10364,1649,10364,371,139
822,1145,10365,1649,10365,371,139
822,1145,10366,1649,10366,371,139
822,1145,10367,1649,10367,371,139
822,1145,10368,1649,10368,371,139
822,1145,10369,1649,10369,371,139
822,1145,10370,1649,10370,371,139
822,1145,10371,1649,10371,371,139
822,1145,10372,1649,10372,371,139
822,1145,10373,1649,10373,371,139
822,1145,10374,1649,10374,371,139
822,1145,10375,1649,10375,371,139
822,1145,10376,1649,10376,371,139
823,1145,10377,1649,10377,371,139
823,1145,10378,1649,10378,371,139
824,1145,10379,1649,10379,371,139
824,1145,10380,1649,10380,371,139
824,1145,10381,1649,10381,371,139
824,1145,10382,1649,10382,371,139
824,1145,10383,1649,10383,371,139
824,1145,10384,1649,10384,371,139
824,1145,10385,1649,10385,371,139
824,1145,10386,1649,10386,371,139
824,1145,10387,1649,10387,371,139
824,1145,10388,1649,10388,371,139
824,1145,10389,1649,10389,371,139
824,1145,10390,1649,10390,371,139
824,1145,10391,1649,10391,371,139
824,1145,10392,1649,10392,371,139
824,1145,10393,1649,10393,371,139
824,1145,10394,1649,10394,371,139
824,1145,10395,1649,10395,371,139
824,1145,10396,1649,10396,371,139
824,1145,10397,1649,10397,371,139
823,1145,10398,1649,10398,371,139
823,1145,10399,1649,10399,371,139
823,1145,10400,1649,10400,371,139
823,1145,10401,1649,10401,371,139
823,1145,10402,1649,10402,371,139
823,1145,10403,1649,10403,371,139
823,1145,10404,1649,10404,371,139
823,1145,10405,1649,10405,371,139
823,1145,10406,1649,10406,371,139
823,1145,10407,1649,10407,371,139
823,1145,10408,1649,10408,371,139
823,1145,10409,1649,10409,371,139
823,1145,10410,1649,10410,371,139
823,1145,10411,1649,10411,371,139
823,1145,10412,1649,10412,371,139
823,1145,10413,1649,10413,371,139
823,1145,10414,1649,10414,371,139
823,1145,10415,1649,10415,371,139
823,1145,10416,1649,10416,371,139
823,1145,10417,1649,10417,371,139
823,1145,10418,1649,10418,371,139
823,1145,10419,1649,10419,371,139
824,1145,10420,1649,10420,371,139
824,1145,10421,1649,10421,371,139
824,1145,10422,1649,10422,371,139
824,1145,10423,1649,10423,371,139
824,1145,10424,1649,10424,371,139
824,1145,10425,1649,10425,371,139
824,1145,10426,1649,10426,371,139
824,1145,10427,1649,10427,371,139
824,1145,10428,1649,10428,371,139
824,1145,10429,1649,10429,371,139
824,1145,10430,1649,10430,371,139
824,1145,10431,1649,10431,371,139
824,1145,10432,1649,10432,371,139
824,1145,10433,1649,10433,371,139
824,1145,10434,1649,10434,371,139
824,1145,10435,1649,10435,371,139
824,1145,10436,1649,10436,371,139
824,1145,10437,1649,10437,371,139
824,1145,10438,1649,10438,371,139
824,1145,10439,1649,10439,371,139
824,1145,10440,1649,10440,371,139
824,1145,10441,1649,10441,371,139
824,1145,10442,1649,10442,371,139
824,1145,10443,1649,10443,371,139
824,1145,10444,1649,10444,371,139
824,1145,10445,1649,10445,371,139
824,1145,10446,1649,10446,371,139
824,1145,10447,1649,10447,371,139
824,1145,10448,1649,10448,371,139
824,1145,10449,1649,10449,371,139
824,1145,10450,1649,10450,371,139
824,1145,10451,1649,10451,371,139
824,1145,10452,1649,10452,371,139
824,1145,10453,1649,10453,371,139
824,1145,10454,1649,10454,371,139
824,1145,10455,1649,10455,371,139
824,1145,10456,1649,10456,371,139
824,1145,10457,1649,10457,371,139
824,1145,10458,1649,10458,371,139
824,1145,10459,1649,10459,371,139
824,1145,10460,1649,10460,371,139
824,1145,10461,1649,10461,371,139
824,1145,10462,1649,10462,371,139
824,1145,10463,1649,10463,371,139
824,1145,10464,1649,10464,371,139
824,1145,10465,1649,10465,371,139
824,1145,10466,1649,10466,371,139
824,1145,10467,1649,10467,371,139
824,1145,10468,1649,10468,371,139
824,1145,10469,1649,10469,371,139
824,1145,10470,1649,10470,371,139
824,1145,10471,1649,10471,371,139
824,1145,10472,1649,10472,371,139
824,1145,10473,1649,10473,371,139
824,1145,10474,1649,10474,371,139
824,1145,10475,1649,10475,371,139
824,1145,10476,1649,10476,371,139
824,1145,10477,1649,10477,371,139
824,1145,10478,1649,10478,371,139
824,1145,10479,1649,10479,371,139
824,1145,10480,1649,10480,371,139
824,1145,10481,1649,10481,371,139
823,1145,10482,1649,10482,371,138
823,1145,10483,1649,10483,371,138
823,1145,10484,1649,10484,371,138
823,1145,10485,1649,10485,371,138
823,1145,10486,1649,10486,371,138
823,1145,10487,1649,10487,371,138
823,1145,10488,1649,10488,371,138
823,1145,10489,1649,10489,371,138
823,1145,10490,1649,10490,371,138
823,1145,10491,1649,10491,371,138
823,1145,10492,1649,10492,371,138
823,1145,10493,1649,10493,371,138
823,1145,10494,1649,10494,371,138
823,1145,10495,1649,10495,371,138
823,1145,10496,1649,10496,371,138
823,1145,10497,1649,10497,371,138
823,1145,10498,1649,10498,371,138
823,1145,10499,1649,10499,371,138
823,1145,10500,1649,10500,371,138
823,1145,10501,1649,10501,371,138
823,1145,10502,1649,10502,371,138
823,1145,10503,1649,10503,371,138
823,1145,10504,1649,10504,371,138
823,1145,10505,1649,10505,371,138
823,1145,10506,1649,10506,371,138
823,1145,10507,1649,10507,371,138
823,1145,10508,1649,10508,371,138
823,1145,10509,1649,10509,371,138
823,1145,10510,1649,10510,371,138
823,1145,10511,1649,10511,371,138
823,1145,10512,1649,10512,371,138
823,1145,10513,1649,10513,371,138
823,1145,10514,1649,10514,371,138
823,1145,10515,1649,10515,371,138
823,1145,10516,1649,10516,371,138
823,1145,10517,1649,10517,371,138
823,1145,10518,1649,10518,371,138
823,1145,10519,1649,10519,371,138
823,1145,10520,1649,10520,371,138
822,1145,10521,1649,10521,371,138
822,1145,10522,1649,10522,371,138
822,1145,10523,1649,10523,371,138
822,1145,10524,1649,10524,371,138
822,1145,10525,1649,10525,371,138
822,1145,10526,1649,10526,371,138
822,1145,10527,1649,10527,371,138
822,1145,10528,1649,10528,371,138
822,1145,10529,1649,10529,371,138
822,1145,10530,1649,10530,371,138
822,1145,10531,1649,10531,371,138
822,1145,10532,1649,10532,371,138
822,1145,10533,1649,10533,371,138
822,1145,10534,1649,10534,371,138
822,1145,10535,1649,10535,371,138
822,1145,10536,1649,10536,371,138
822,1145,10537,1649,10537,371,138
822,1145,10538,1649,10538,371,138
822,1145,10539,1649,10539,371,138
823,1145,10540,1649,10540,371,138
823,1145,10541,1649,10541,371,138
823,1145,10542,1649,10542,371,138
823,1145,10543,1649,10543,371,138
823,1145,10544,1649,10544,371,138
823,1145,10545,1649,10545,371,138
823,1145,10546,1649,10546,371,138
823,1145,10547,1649,10547,371,138
823,1145,10548,1649,10548,371,138
823,1145,10549,1649,10549,371,138
823,1145,10550,1649,10550,371,138
823,1145,10551,1649,10551,371,138
823,1145,10552,1649,10552,371,138
823,1145,10553,1649,10553,371,138
823,1145,10554,1649,10554,371,138
823,1145,10555,1649,10555,371,138
823,1145,10556,1649,10556,371,138
823,1145,10557,1649,10557,371,138
823,1145,10558,1649,10558,371,138
823,1145,10559,1649,10559,371,138
823,1145,10560,1649,10560,371,138
823,1145,10561,1649,10561,371,138
823,1145,10562,1649,10562,371,138
823,1145,10563,1649,10563,371,138
823,1145,10564,1649,10564,371,138
823,1145,10565,1649,10565,371,138
823,1145,10566,1649,10566,371,138
823,1145,10567,1649,10567,371,138
823,1145,10568,1649,10568,371,138
823,1145,10569,1649,10569,371,138
823,1145,10570,1649,10570,371,138
823,1145,10571,1649,10571,371,138
824,1145,10572,1649,10572,371,138
824,1145,10573,1649,10573,371,138
824,1145,10574,1649,10574,371,138
824,1145,10575,1649,10575,371,138
824,1145,10576,1649,10576,371,138
824,1145,10577,1649,10577,371,138
824,1145,10578,1649,10578,371,138
824,1145,10579,1649,10579,371,138
824,1145,10580,1649,10580,371,138
824,1145,10581,1649,10581,371,138
824,1145,10582,1649,10582,371,138
824,1145,10583,1649,10583,371,138
824,1145,10584,1649,10584,371,138
824,1145,10585,1649,10585,371,138
823,1145,10586,1649,10586,371,138
823,1145,10587,1649,10587,371,138
823,1145,10588,1649,10588,371,138
823,1145,10589,1649,10589,371,138
823,1145,10590,1649,10590,371,138
823,1145,10591,1649,10591,371,138
823,1145,10592,1649,10592,371,138
823,1145,10593,1649,10593,371,138
823,1145,10594,1649,10594,371,138
823,1145,10595,1649,10595,371,138
823,1145,10596,1649,10596,371,138
823,1145,10597,1649,10597,371,138
823,1145,10598,1649,10598,371,138
823,1145,10599,1649,10599,371,138
823,1145,10600,1649,10600,371,138
823,1145,10601,1649,10601,371,138
823,1145,10602,1649,10602,371,138
823,1145,10603,1649,10603,371,138
823,1145,10604,1649,10604,371,138
823,1145,10605,1649,10605,371,138
823,1145,10606,1649,10606,371,138
823,1145,10607,1649,10607,371,138
823,1145,10608,1649,10608,371,138
824,1145,10609,1649,10609,371,138
824,1145,10610,1649,10610,371,138
824,1145,10611,1649,10611,371,138
824,1145,10612,1649,10612,371,138
824,1145,10613,1649,10613,371,138
824,1145,10614,1649,10614,371,138
824,1145,10615,1649,10615,371,138
824,1145,10616,1649,10616,371,138
824,1145,10617,1649,10617,371,138
824,1145,10618,1649,10618,371,138
824,1145,10619,1649,10619,371,138
824,1145,10620,1649,10620,371,138
824,1145,10621,1649,10621,371,138
824,1145,10622,1649,10622,371,138
824,1145,10623,1649,10623,371,138
824,1145,10624,1649,10624,371,138
824,1145,10625,1649,10625,371,138
824,1145,10626,1649,10626,371,138
824,1145,10627,1649,10627,371,138
824,1145,10628,1649,10628,371,138
824,1145,10629,1649,10629,371,138
824,1145,10630,1649,10630,371,138
824,1145,10631,1649,10631,371,138
824,1145,10632,1649,10632,371,138
824,1145,10633,1649,10633,371,138
824,1145,10634,1649,10634,371,138
824,1145,10635,1649,10635,371,138
823,1145,10636,1649,10636,371,138
823,1145,10637,1649,10637,371,138
823,1145,10638,1649,10638,371,138
823,1145,10639,1649,10639,371,138
823,1145,10640,1649,10640,371,138
823,1145,10641,1649,10641,371,138
824,1145,10642,1649,10642,371,138
824,1145,10643,1649,10643,371,138
824,1145,10644,1649,10644,371,138
824,1145,10645,1649,10645,371,138
824,1145,10646,1649,10646,371,138
824,1145,10647,1649,10647,371,138
824,1145,10648,1649,10648,371,138
824,1145,10649,1649,10649,371,138
824,1145,10650,1649,10650,371,138
824,1145,10651,1649,10651,371,138
824,1145,10652,1649,10652,371,138
824,1145,10653,1649,10653,371,138
824,1145,10654,1649,10654,371,138
824,1145,10655,1649,10655,371,138
824,1145,10656,1649,10656,371,138
824,1145,10657,1649,10657,371,138
824,1145,10658,1649,10658,371,138
824,1145,10659,1649,10659,371,138
824,1145,10660,1649,10660,371,138
824,1145,10661,1649,10661,371,138
825,1145,10662,1649,10662,371,138
825,1145,10663,1649,10663,371,138
825,1145,10664,1649,10664,371,138
825,1145,10665,1649,10665,371,138
825,1145,10666,1649,10666,371,138
825,1145,10667,1649,10667,371,138
825,1145,10668,1649,10668,371,138
825,1145,10669,1649,10669,371,138
825,1145,10670,1649,10670,371,138
825,1145,10671,1649,10671,371,138
825,1145,10672,1649,10672,371,138
825,1145,10673,1649,10673,371,138
825,1145,10674,1649,10674,371,138
825,1145,10675,1649,10675,371,138
825,1145,10676,1649,10676,371,138
825,1145,10677,1649,10677,371,138
825,1145,10678,1649,10678,371,138
825,1145,10679,1649,10679,371,138
825,1145,10680,1649,10680,371,138
825,1145,10681,1649,10681,371,138
825,1145,10682,1649,10682,371,138
825,1145,10683,1649,10683,371,138
825,1145,10684,1649,10684,371,138
825,1145,10685,1649,10685,371,138
825,1145,10686,1649,10686,371,138
825,1145,10687,1649,10687,371,138
825,1145,10688,1649,10688,371,138
825,1145,10689,1649,10689,371,138
825,1145,10690,1649,10690,371,138
825,1145,10691,1649,10691,371,138
825,1145,10692,1649,10692,371,138
825,1145,10693,1649,10693,371,138
825,1145,10694,1649,10694,371,138
825,1145,10695,1649,10695,371,138
825,1145,10696,1649,10696,371,138
825,1145,10697,1649,10697,371,138
825,1145,10698,1649,10698,371,138
825,1145,10699,1649,10699,371,138
825,1145,10700,1649,10700,371,138
825,1145,10701,1649,10701,371,138
825,1145,10702,1649,10702,371,138
825,1145,10703,1649,10703,371,138
825,1145,10704,1649,10704,371,138
825,1145,10705,1649,10705,371,138
825,1145,10706,1649,10706,371,138
825,1145,10707,1649,10707,371,138
825,1145,10708,1649,10708,371,138
825,1145,10709,1649,10709,371,138
825,1145,10710,1649,10710,371,138
825,1145,10711,1649,10711,371,138
825,1145,10712,1649,10712,371,138
825,1145,10713,1649,10713,371,138
825,1145,10714,1649,10714,371,138
825,1145,10715,1649,10715,371,138
825,1145,10716,1649,10716,371,138
825,1145,10717,1649,10717,371,138
825,1145,10718,1649,10718,371,138
825,1145,10719,1649,10719,371,138
825,1145,10720,1649,10720,371,138
825,1145,10721,1649,10721,371,138
825,1145,10722,1649,10722,371,138
825,1145,10723,1649,10723,371,138
825,1145,10724,1649,10724,371,138
825,1145,10725,1649,10725,371,138
825,1145,10726,1649,10726,371,138
825,1145,10727,1649,10727,371,138
825,1145,10728,1649,10728,371,138
825,1145,10729,1649,10729,371,138
825,1145,10730,1649,10730,371,138
825,1145,10731,1649,10731,371,138
825,1145,10732,1649,10732,371,138
825,1145,10733,1649,10733,371,138
825,1145,10734,1649,10734,371,138
825,1145,10735,1649,10735,371,138
825,1145,10736,1649,10736,371,138
825,1145,10737,1649,10737,371,138
825,1145,10738,1649,10738,371,138
825,1145,10739,1649,10739,371,138
825,1145,10740,1649,10740,371,138
825,1145,10741,1649,10741,371,138
825,1145,10742,1649,10742,371,138
825,1145,10743,1649,10743,371,138
825,1145,10744,1649,10744,371,138
825,1145,10745,1649,10745,371,138
825,1145,10746,1649,10746,371,138
825,1145,10747,1649,10747,371,138
825,1145,10748,1649,10748,371,138
825,1145,10749,1649,10749,371,138
825,1145,10750,1649,10750,371,138
825,1145,10751,1649,10751,371,138
825,1145,10752,1649,10752,371,138
825,1145,10753,1649,10753,371,138
825,1145,10754,1649,10754,371,138
824,1145,10755,1649,10755,371,138
823,1145,10756,1649,10756,371,138
823,1145,10757,1649,10757,371,138
823,1145,10758,1649,10758,371,138
823,1145,10759,1649,10759,371,138
823,1145,10760,1649,10760,371,138
823,1145,10761,1649,10761,371,138
823,1145,10762,1649,10762,371,138
823,1145,10763,1649,10763,371,138
823,1145,10764,1649,10764,371,138
823,1145,10765,1649,10765,371,138
823,1145,10766,1649,10766,371,138
823,1145,10767,1649,10767,371,138
823,1145,10768,1649,10768,371,138
823,1145,10769,1649,10769,371,138
823,1145,10770,1649,10770,371,138
823,1145,10771,1649,10771,371,138
823,1145,10772,1649,10772,371,138
823,1145,10773,1649,10773,371,138
823,1145,10774,1649,10774,371,138
823,1145,10775,1649,10775,371,138
823,1145,10776,1649,10776,371,138
823,1145,10777,1649,10777,371,138
823,1145,10778,1649,10778,371,138
823,1145,10779,1649,10779,371,138
823,1145,10780,1649,10780,371,138
823,1145,10781,1649,10781,371,138
823,1145,10782,1649,10782,371,138
823,1145,10783,1649,10783,371,138
823,1145,10784,1649,10784,371,138
823,1145,10785,1649,10785,371,138
823,1145,10786,1649,10786,371,138
823,1145,10787,1649,10787,371,138
822,1145,10788,1649,10788,371,138
822,1145,10789,1649,10789,371,138
822,1145,10790,1649,10790,371,138
822,1145,10791,1649,10791,371,138
822,1145,10792,1649,10792,371,138
822,1145,10793,1649,10793,371,138
822,1145,10794,1649,10794,371,138
822,1145,10795,1649,10795,371,138
822,1145,10796,1649,10796,371,138
822,1145,10797,1649,10797,371,138
822,1145,10798,1649,10798,371,138
822,1145,10799,1649,10799,371,138
822,1145,10800,1649,10800,371,138
822,1145,10801,1649,10801,371,138
822,1145,10802,1649,10802,371,138
822,1145,10803,1649,10803,371,138
822,1145,10804,1649,10804,371,138
822,1145,10805,1649,10805,371,138
822,1145,10806,1649,10806,371,138
822,1145,10807,1649,10807,371,138
823,1145,10808,1649,10808,371,138
823,1145,10809,1649,10809,371,138
823,1145,10810,1649,10810,371,138
823,1145,10811,1649,10811,371,138
823,1145,10812,1649,10812,371,138
823,1145,10813,1649,10813,371,138
823,1145,10814,1649,10814,371,138
823,1145,10815,1649,10815,371,138
823,1145,10816,1649,10816,371,138
823,1145,10817,1649,10817,371,138
823,1145,10818,1649,10818,371,138
823,1145,10819,1649,10819,371,138
823,1145,10820,1649,10820,371,138
823,1145,10821,1649,10821,371,138
823,1145,10822,1649,10822,371,138
823,1145,10823,1649,10823,371,138
823,1145,10824,1649,10824,371,138
823,1145,10825,1649,10825,371,138
823,1145,10826,1649,10826,371,138
823,1145,10827,1649,10827,371,138
823,1145,10828,1649,10828,371,138
823,1145,10829,1649,10829,371,138
823,1145,10830,1649,10830,371,138
823,1145,10831,1649,10831,371,138
822,1145,10832,1649,10832,371,138
822,1145,10833,1649,10833,371,138
822,1145,10834,1649,10834,371,138
822,1145,10835,1649,10835,371,138
822,1145,10836,1649,10836,371,138
822,1145,10837,1649,10837,371,138
822,1145,10838,1649,10838,371,138
822,1145,10839,1649,10839,371,138
822,1145,10840,1649,10840,371,138
822,1145,10841,1649,10841,371,138
822,1145,10842,1649,10842,371,138
822,1145,10843,1649,10843,371,138
822,1145,10844,1649,10844,371,138
822,1145,10845,1649,10845,371,138
822,1145,10846,1649,10846,371,138
822,1145,10847,1649,10847,371,138
822,1145,10848,1649,10848,371,138
822,1145,10849,1649,10849,371,138
822,1145,10850,1649,10850,371,138
822,1145,10851,1649,10851,371,138
822,1145,10852,1649,10852,371,138
822,1145,10853,1649,10853,371,138
822,1145,10854,1649,10854,371,138
822,1145,10855,1649,10855,371,138
822,1145,10856,1649,10856,371,138
822,1145,10857,1649,10857,371,138
822,1145,10858,1649,10858,371,138
822,1145,10859,1649,10859,371,138
822,1145,10860,1649,10860,371,138
822,1145,10861,1649,10861,371,138
822,1145,10862,1649,10862,371,138
822,1145,10863,1649,10863,371,138
822,1145,10864,1649,10864,371,138
822,1145,10865,1649,10865,371,138
822,1145,10866,1649,10866,371,138
822,1145,10867,1649,10867,371,138
822,1145,10868,1649,10868,371,138
822,1145,10869,1649,10869,371,138
822,1145,10870,1649,10870,371,138
822,1145,10871,1649,10871,371,138
822,1145,10872,1649,10872,371,138
822,1145,10873,1649,10873,371,138
822,1145,10874,1649,10874,371,138
822,1145,10875,1649,10875,371,138
822,1145,10876,1649,10876,371,138
822,1145,10877,1649,10877,371,138
822,1145,10878,1649,10878,371,138
822,1145,10879,1649,10879,371,138
822,1145,10880,1649,10880,371,138
822,1145,10881,1649,10881,371,138
822,1145,10882,1649,10882,371,138
822,1145,10883,1649,10883,371,138
822,1145,10884,1649,10884,371,138
822,1145,10885,1649,10885,371,138
822,1145,10886,1649,10886,371,138
822,1145,10887,1649,10887,371,138
822,1145,10888,1649,10888,371,138
822,1145,10889,1649,10889,371,138
822,1145,10890,1649,10890,371,138
822,1145,10891,1649,10891,371,138
822,1145,10892,1649,10892,371,138
822,1145,10893,1649,10893,371,138
822,1145,10894,1649,10894,371,138
822,1145,10895,1649,10895,371,138
822,1145,10896,1649,10896,371,138
822,1145,10897,1649,10897,371,138
822,1145,10898,1649,10898,371,138
822,1145,10899,1649,10899,371,138
822,1145,10900,1649,10900,371,138
822,1145,10901,1649,10901,371,138
822,1145,10902,1649,10902,371,138
822,1145,10903,1649,10903,371,138
822,1145,10904,1649,10904,371,138
822,1145,10905,1649,10905,371,138
822,1145,10906,1649,10906,371,138
822,1145,10907,1649,10907,371,138
822,1145,10908,1649,10908,371,138
822,1145,10909,1649,10909,371,138
822,1145,10910,1649,10910,371,138
822,1145,10911,1649,10911,371,138
822,1145,10912,1649,10912,371,138
822,1145,10913,1649,10913,371,138
822,1145,10914,1649,10914,371,138
822,1145,10915,1649,10915,371,138
822,1145,10916,1649,10916,371,138
822,1145,10917,1649,10917,371,138
822,1145,10918,1649,10918,371,138
822,1145,10919,1649,10919,371,138
822,1145,10920,1649,10920,371,138
822,1145,10921,1649,10921,371,138
822,1145,10922,1649,10922,371,138
822,1145,10923,1649,10923,371,138
822,1145,10924,1649,10924,371,138
822,1145,10925,1649,10925,371,138
822,1145,10926,1649,10926,371,138
822,1145,10927,1649,10927,371,138
822,1145,10928,1649,10928,371,138
822,1145,10929,1649,10929,371,138
822,1145,10930,1649,10930,371,138
822,1145,10931,1649,10931,371,138
822,1145,10932,1649,10932,371,138
822,1145,10933,1649,10933,371,138
822,1145,10934,1649,10934,371,138
822,1145,10935,1649,10935,371,138
822,1145,10936,1649,10936,371,138
822,1145,10937,1649,10937,371,138
822,1145,10938,1649,10938,371,138
822,1145,10939,1649,10939,371,138
822,1145,10940,1649,10940,371,138
822,1145,10941,1649,10941,371,138
822,1145,10942,1649,10942,371,138
822,1145,10943,1649,10943,371,138
822,1145,10944,1649,10944,371,138
822,1145,10945,1649,10945,371,138
822,1145,10946,1649,10946,371,138
822,1145,10947,1649,10947,371,138
822,1145,10948,1649,10948,371,138
822,1145,10949,1649,10949,371,138
822,1145,10950,1649,10950,371,138
822,1145,10951,1649,10951,371,138
822,1145,10952,1649,10952,371,138
822,1145,10953,1649,10953,371,138
822,1145,10954,1649,10954,371,138
822,1145,10955,1649,10955,371,138
822,1145,10956,1649,10956,371,138
822,1145,10957,1649,10957,371,138
822,1145,10958,1649,10958,371,138
822,1145,10959,1649,10959,371,138
822,1145,10960,1649,10960,371,138
822,1145,10961,1649,10961,371,138
822,1145,10962,1649,10962,371,138
822,1145,10963,1649,10963,371,138
822,1145,10964,1649,10964,371,138
822,1145,10965,1649,10965,371,138
823,1145,10966,1649,10966,371,138
823,1145,10967,1649,10967,371,138
823,1145,10968,1649,10968,371,138
823,1145,10969,1649,10969,371,138
823,1145,10970,1649,10970,371,138
824,1145,10971,1649,10971,371,138
823,1145,10972,1649,10972,371,138
822,1145,10973,1649,10973,371,138
822,1145,10974,1649,10974,371,138
822,1145,10975,1649,10975,371,138
822,1145,10976,1649,10976,371,138
822,1145,10977,1649,10977,371,138
822,1145,10978,1649,10978,371,138
822,1145,10979,1649,10979,371,138
822,1145,10980,1649,10980,371,138
822,1145,10981,1649,10981,371,138
822,1145,10982,1649,10982,371,138
822,1145,10983,1649,10983,371,138
823,1145,10984,1649,10984,371,138
823,1145,10985,1649,10985,371,138
823,1145,10986,1649,10986,371,138
823,1145,10987,1649,10987,371,138
823,1145,10988,1649,10988,371,138
822,1145,10989,1649,10989,371,138
822,1145,10990,1649,10990,371,138
822,1145,10991,1649,10991,371,138
822,1145,10992,1649,10992,371,138
822,1145,10993,1649,10993,371,138
822,1145,10994,1649,10994,371,138
822,1145,10995,1649,10995,371,138
822,1145,10996,1649,10996,371,138
822,1145,10997,1649,10997,371,138
822,1145,10998,1649,10998,371,138
822,1145,10999,1649,10999,371,138
822,1145,11000,1649,11000,371,138
822,1145,11001,1649,11001,371,138
822,1145,11002,1649,11002,371,138
822,1145,11003,1649,11003,371,138
822,1145,11004,1649,11004,371,138
822,1145,11005,1649,11005,371,138
822,1145,11006,1649,11006,371,138
822,1145,11007,1649,11007,371,138
822,1145,11008,1649,11008,371,138
822,1145,11009,1649,11009,371,138
822,1145,11010,1649,11010,371,138
822,1145,11011,1649,11011,371,138
822,1145,11012,1649,11012,371,138
822,1145,11013,1649,11013,371,138
822,1145,11014,1649,11014,371,138
822,1145,11015,1649,11015,371,138
822,1145,11016,1649,11016,371,138
822,1145,11017,1649,11017,371,138
822,1145,11018,1649,11018,371,138
822,1145,11019,1649,11019,371,138
822,1145,11020,1649,11020,371,138
822,1145,11021,1649,11021,371,138
822,1145,11022,1649,11022,371,138
822,1145,11023,1649,11023,371,138
822,1145,11024,1649,11024,371,138
822,1145,11025,1649,11025,371,138
822,1145,11026,1649,11026,371,138
823,1145,11027,1649,11027,371,138
823,1145,11028,1649,11028,371,138
821,1145,11029,1649,11029,371,137
821,1145,11030,1649,11030,371,137
821,1145,11031,1649,11031,371,137
821,1145,11032,1649,11032,371,137
821,1145,11033,1649,11033,371,137
821,1145,11034,1649,11034,371,137
821,1145,11035,1649,11035,371,137
822,1145,11036,1649,11036,371,137
822,1145,11037,1649,11037,371,137
822,1145,11038,1649,11038,371,137
822,1145,11039,1649,11039,371,137
822,1145,11040,1649,11040,371,137
822,1145,11041,1649,11041,371,137
822,1145,11042,1649,11042,371,137
822,1145,11043,1649,11043,371,137
822,1145,11044,1649,11044,371,137
822,1145,11045,1649,11045,371,137
822,1145,11046,1649,11046,371,137
822,1145,11047,1649,11047,371,137
822,1145,11048,1649,11048,371,137
822,1145,11049,1649,11049,371,137
822,1145,11050,1649,11050,371,137
822,1145,11051,1649,11051,371,137
822,1145,11052,1649,11052,371,137
822,1145,11053,1649,11053,371,137
822,1145,11054,1649,11054,371,137
822,1145,11055,1649,11055,371,137
822,1145,11056,1649,11056,371,137
822,1145,11057,1649,11057,371,137
822,1145,11058,1649,11058,371,137
822,1145,11059,1649,11059,371,137
822,1145,11060,1649,11060,371,137
822,1145,11061,1649,11061,371,137
822,1145,11062,1649,11062,371,137
822,1145,11063,1649,11063,371,137
821,1145,11064,1649,11064,371,137
821,1145,11065,1649,11065,371,137
821,1145,11066,1649,11066,371,137
821,1145,11067,1649,11067,371,137
821,1145,11068,1649,11068,371,137
821,1145,11069,1649,11069,371,137
821,1145,11070,1649,11070,371,137
821,1145,11071,1649,11071,371,137
821,1145,11072,1649,11072,371,137
821,1145,11073,1649,11073,371,137
821,1145,11074,1649,11074,371,137
821,1145,11075,1649,11075,371,137
821,1145,11076,1649,11076,371,137
821,1145,11077,1649,11077,371,137
821,1145,11078,1649,11078,371,137
821,1145,11079,1649,11079,371,137
821,1145,11080,1649,11080,371,137
821,1145,11081,1649,11081,371,137
821,1145,11082,1649,11082,371,137
821,1145,11083,1649,11083,371,137
821,1145,11084,1649,11084,371,137
821,1145,11085,1649,11085,371,137
821,1145,11086,1649,11086,371,137
821,1145,11087,1649,11087,371,137
821,1145,11088,1649,11088,371,137
821,1145,11089,1649,11089,371,137
821,1145,11090,1649,11090,371,137
821,1145,11091,1649,11091,371,137
821,1145,11092,1649,11092,371,137
821,1145,11093,1649,11093,371,137
821,1145,11094,1649,11094,371,137
821,1145,11095,1649,11095,371,137
821,1145,11096,1649,11096,371,137
821,1145,11097,1649,11097,371,137
821,1145,11098,1649,11098,371,137
821,1145,11099,1649,11099,371,137
821,1145,11100,1649,11100,371,137
820,1145,11101,1649,11101,371,137
820,1145,11102,1649,11102,371,137
820,1145,11103,1649,11103,371,137
820,1145,11104,1649,11104,371,137
820,1145,11105,1649,11105,371,137
820,1145,11106,1649,11106,371,137
820,1145,11107,1649,11107,371,137
820,1145,11108,1649,11108,371,137
820,1145,11109,1649,11109,371,137
820,1145,11110,1649,11110,371,137
820,1145,11111,1649,11111,371,137
820,1145,11112,1649,11112,371,137
820,1145,11113,1649,11113,371,137
820,1145,11114,1649,11114,371,137
820,1145,11115,1649,11115,371,137
820,1145,11116,1649,11116,371,137
820,1145,11117,1649,11117,371,137
820,1145,11118,1649,11118,371,137
820,1145,11119,1649,11119,371,137
820,1145,11120,1649,11120,371,137
820,1145,11121,1649,11121,371,137
820,1145,11122,1649,11122,371,137
820,1145,11123,1649,11123,371,137
820,1145,11124,1649,11124,371,137
820,1145,11125,1649,11125,371,137
820,1145,11126,1649,11126,371,137
820,1145,11127,1649,11127,371,137
820,1145,11128,1649,11128,371,137
820,1145,11129,1649,11129,371,137
820,1145,11130,1649,11130,371,137
821,1145,11131,1649,11131,371,137
821,1145,11132,1649,11132,371,137
821,1145,11133,1649,11133,371,137
821,1145,11134,1649,11134,371,137
821,1145,11135,1649,11135,371,137
821,1145,11136,1649,11136,371,137
821,1145,11137,1649,11137,371,137
821,1145,11138,1649,11138,371,137
821,1145,11139,1649,11139,371,137
821,1145,11140,1649,11140,371,137
821,1145,11141,1649,11141,371,137
821,1145,11142,1649,11142,371,137
821,1145,11143,1649,11143,371,137
821,1145,11144,1649,11144,371,137
821,1145,11145,1649,11145,371,137
821,1145,11146,1649,11146,371,137
820,1145,11147,1649,11147,371,137
820,1145,11148,1649,11148,371,137
820,1145,11149,1649,11149,371,137
820,1145,11150,1649,11150,371,137
820,1145,11151,1649,11151,371,137
820,1145,11152,1649,11152,371,137
819,1145,11153,1649,11153,371,137
818,1145,11154,1649,11154,371,137
818,1145,11155,1649,11155,371,137
818,1145,11156,1649,11156,371,137
818,1145,11157,1649,11157,371,137
818,1145,11158,1649,11158,371,137
818,1145,11159,1649,11159,371,137
818,1145,11160,1649,11160,371,137
818,1145,11161,1649,11161,371,137
818,1145,11162,1649,11162,371,137
818,1145,11163,1649,11163,371,137
818,1145,11164,1649,11164,371,137
818,1145,11165,1649,11165,371,137
818,1145,11166,1649,11166,371,137
818,1145,11167,1649,11167,371,137
818,1145,11168,1649,11168,371,137
818,1145,11169,1649,11169,371,137
818,1145,11170,1649,11170,371,137
818,1145,11171,1649,11171,371,137
818,1145,11172,1649,11172,371,137
818,1145,11173,1649,11173,371,137
818,1145,11174,1649,11174,371,137
818,1145,11175,1649,11175,371,137
818,1145,11176,1649,11176,371,137
818,1145,11177,1649,11177,371,137
818,1145,11178,1649,11178,371,137
818,1145,11179,1649,11179,371,137
817,1145,11180,1649,11180,371,137
817,1145,11181,1649,11181,371,137
817,1145,11182,1649,11182,371,137
817,1145,11183,1649,11183,371,137
817,1145,11184,1649,11184,371,137
817,1145,11185,1649,11185,371,137
817,1145,11186,1649,11186,371,137
817,1145,11187,1649,11187,371,137
817,1145,11188,1649,11188,371,137
817,1145,11189,1649,11189,371,137
817,1145,11190,1649,11190,371,137
817,1145,11191,1649,11191,371,137
817,1145,11192,1649,11192,371,137
817,1145,11193,1649,11193,371,137
817,1145,11194,1649,11194,371,137
817,1145,11195,1649,11195,371,137
818,1145,11196,1649,11196,371,137
818,1145,11197,1649,11197,371,137
818,1145,11198,1649,11198,371,137
818,1145,11199,1649,11199,371,137
818,1145,11200,1649,11200,371,137
818,1145,11201,1649,11201,371,137
818,1145,11202,1649,11202,371,137
818,1145,11203,1649,11203,371,137
818,1145,11204,1649,11204,371,137
818,1145,11205,1649,11205,371,137
818,1145,11206,1649,11206,371,137
818,1145,11207,1649,11207,371,137
818,1145,11208,1649,11208,371,137
818,1145,11209,1649,11209,371,137
818,1145,11210,1649,11210,371,137
818,1145,11211,1649,11211,371,137
818,1145,11212,1649,11212,371,137
818,1145,11213,1649,11213,371,137
818,1145,11214,1649,11214,371,137
818,1145,11215,1649,11215,371,137
818,1145,11216,1649,11216,371,137
818,1145,11217,1649,11217,371,137
818,1145,11218,1649,11218,371,137
818,1145,11219,1649,11219,371,137
818,1145,11220,1649,11220,371,137
818,1145,11221,1649,11221,371,137
818,1145,11222,1649,11222,371,137
818,1145,11223,1649,11223,371,137
818,1145,11224,1649,11224,371,137
818,1145,11225,1649,11225,371,137
818,1145,11226,1649,11226,371,137
818,1145,11227,1649,11227,371,137
818,1145,11228,1649,11228,371,137
818,1145,11229,1649,11229,371,137
818,1145,11230,1649,11230,371,137
818,1145,11231,1649,11231,371,137
818,1145,11232,1649,11232,371,137
818,1145,11233,1649,11233,371,137
818,1145,11234,1649,11234,371,137
818,1145,11235,1649,11235,371,137
818,1145,11236,1649,11236,371,137
818,1145,11237,1649,11237,371,137
818,1145,11238,1649,11238,371,137
818,1145,11239,1649,11239,371,137
818,1145,11240,1649,11240,371,137
818,1145,11241,1649,11241,371,137
818,1145,11242,1649,11242,371,137
818,1145,11243,1649,11243,371,137
818,1145,11244,1649,11244,371,137
818,1145,11245,1649,11245,371,137
818,1145,11246,1649,11246,371,137
818,1145,11247,1649,11247,371,137
818,1145,11248,1649,11248,371,137
818,1145,11249,1649,11249,371,137
818,1145,11250,1649,11250,371,137
818,1145,11251,1649,11251,371,137
818,1145,11252,1649,11252,371,137
818,1145,11253,1649,11253,371,137
818,1145,11254,1649,11254,371,137
818,1145,11255,1649,11255,371,137
818,1145,11256,1649,11256,371,137
818,1145,11257,1649,11257,371,137
818,1145,11258,1649,11258,371,137
818,1145,11259,1649,11259,371,137
818,1145,11260,1649,11260,371,137
818,1145,11261,1649,11261,371,137
818,1145,11262,1649,11262,371,137
818,1145,11263,1649,11263,371,137
818,1145,11264,1649,11264,371,137
818,1145,11265,1649,11265,371,137
818,1145,11266,1649,11266,371,137
818,1145,11267,1649,11267,371,137
818,1145,11268,1649,11268,371,137
818,1145,11269,1649,11269,371,137
818,1145,11270,1649,11270,371,137
818,1145,11271,1649,11271,371,137
818,1145,11272,1649,11272,371,137
818,1145,11273,1649,11273,371,137
818,1145,11274,1649,11274,371,137
818,1145,11275,1649,11275,371,137
818,1145,11276,1649,11276,371,137
818,1145,11277,1649,11277,371,137
817,1145,11278,1649,11278,371,137
817,1145,11279,1649,11279,371,137
817,1145,11280,1649,11280,371,137
817,1145,11281,1649,11281,371,137
817,1145,11282,1649,11282,371,137
817,1145,11283,1649,11283,371,137
817,1145,11284,1649,11284,371,137
817,1145,11285,1649,11285,371,137
817,1145,11286,1649,11286,371,137
817,1145,11287,1649,11287,371,137
817,1145,11288,1649,11288,371,137
817,1145,11289,1649,11289,371,137
817,1145,11290,1649,11290,371,137
817,1145,11291,1649,11291,371,137
817,1145,11292,1649,11292,371,137
816,1145,11293,1649,11293,371,137
816,1145,11294,1649,11294,371,137
816,1145,11295,1649,11295,371,137
816,1145,11296,1649,11296,371,137
816,1145,11297,1649,11297,371,137
816,1145,11298,1649,11298,371,137
816,1145,11299,1649,11299,371,137
816,1145,11300,1649,11300,371,137
816,1145,11301,1649,11301,371,137
816,1145,11302,1649,11302,371,137
816,1145,11303,1649,11303,371,137
816,1145,11304,1649,11304,371,137
816,1145,11305,1649,11305,371,137
816,1145,11306,1649,11306,371,137
816,1145,11307,1649,11307,371,137
816,1145,11308,1649,11308,371,137
816,1145,11309,1649,11309,371,137
816,1145,11310,1649,11310,371,137
816,1145,11311,1649,11311,371,137
816,1145,11312,1649,11312,371,137
816,1145,11313,1649,11313,371,137
816,1145,11314,1649,11314,371,137
816,1145,11315,1649,11315,371,137
816,1145,11316,1649,11316,371,137
816,1145,11317,1649,11317,371,137
816,1145,11318,1649,11318,371,137
816,1145,11319,1649,11319,371,137
816,1145,11320,1649,11320,371,137
816,1145,11321,1649,11321,371,137
816,1145,11322,1649,11322,371,137
816,1145,11323,1649,11323,371,137
816,1145,11324,1649,11324,371,137
816,1145,11325,1649,11325,371,137
816,1145,11326,1649,11326,371,137
816,1145,11327,1649,11327,371,137
816,1145,11328,1649,11328,371,137
816,1145,11329,1649,11329,371,137
816,1145,11330,1649,11330,371,137
816,1145,11331,1649,11331,371,137
816,1145,11332,1649,11332,371,137
816,1145,11333,1649,11333,371,137
816,1145,11334,1649,11334,371,137
816,1145,11335,1649,11335,371,137
816,1145,11336,1649,11336,371,137
816,1145,11337,1649,11337,371,137
816,1145,11338,1649,11338,371,137
816,1145,11339,1649,11339,371,137
816,1145,11340,1649,11340,371,137
816,1145,11341,1649,11341,371,137
816,1145,11342,1649,11342,371,137
816,1145,11343,1649,11343,371,137
816,1145,11344,1649,11344,371,137
816,1145,11345,1649,11345,371,137
816,1145,11346,1649,11346,371,137
816,1145,11347,1649,11347,371,137
816,1145,11348,1649,11348,371,137
816,1145,11349,1649,11349,371,137
816,1145,11350,1649,11350,371,137
816,1145,11351,1649,11351,371,137
816,1145,11352,1649,11352,371,137
816,1145,11353,1649,11353,371,137
816,1145,11354,1649,11354,371,137
816,1145,11355,1649,11355,371,137
816,1145,11356,1649,11356,371,137
816,1145,11357,1649,11357,371,137
816,1145,11358,1649,11358,371,137
816,1145,11359,1649,11359,371,137
816,1145,11360,1649,11360,371,137
816,1145,11361,1649,11361,371,137
816,1145,11362,1649,11362,371,137
816,1145,11363,1649,11363,371,137
816,1145,11364,1649,11364,371,137
816,1145,11365,1649,11365,371,137
816,1145,11366,1649,11366,371,137
816,1145,11367,1649,11367,371,137
816,1145,11368,1649,11368,371,137
816,1145,11369,1649,11369,371,137
816,1145,11370,1649,11370,371,137
816,1145,11371,1649,11371,371,137
816,1145,11372,1649,11372,371,137
816,1145,11373,1649,11373,371,137
816,1145,11374,1649,11374,371,137
816,1145,11375,1649,11375,371,137
816,1145,11376,1649,11376,371,137
816,1145,11377,1649,11377,371,137
816,1145,11378,1649,11378,371,137
816,1145,11379,1649,11379,371,137
816,1145,11380,1649,11380,371,137
816,1145,11381,1649,11381,371,137
816,1145,11382,1649,11382,371,137
816,1145,11383,1649,11383,371,137
816,1145,11384,1649,11384,371,137
816,1145,11385,1649,11385,371,137
816,1145,11386,1649,11386,371,137
816,1145,11387,1649,11387,371,137
816,1145,11388,1649,11388,371,137
817,1145,11389,1649,11389,371,137
817,1145,11390,1649,11390,371,137
817,1145,11391,1649,11391,371,137
817,1145,11392,1649,11392,371,137
817,1145,11393,1649,11393,371,137
817,1145,11394,1649,11394,371,137
817,1145,11395,1649,11395,371,137
817,1145,11396,1649,11396,371,137
816,1145,11397,1649,11397,371,136
816,1145,11398,1649,11398,371,136
816,1145,11399,1649,11399,371,136
816,1145,11400,1649,11400,371,136
816,1145,11401,1649,11401,371,136
816,1145,11402,1649,11402,371,136
816,1145,11403,1649,11403,371,136
816,1145,11404,1649,11404,371,136
816,1145,11405,1649,11405,371,136
816,1145,11406,1649,11406,371,136
816,1145,11407,1649,11407,371,136
816,1145,11408,1649,11408,371,136
816,1145,11409,1649,11409,371,136
816,1145,11410,1649,11410,371,136
816,1145,11411,1649,11411,371,136
816,1145,11412,1649,11412,371,136
816,1145,11413,1649,11413,371,136
816,1145,11414,1649,11414,371,136
816,1145,11415,1649,11415,371,136
816,1145,11416,1649,11416,371,136
816,1145,11417,1649,11417,371,136
816,1145,11418,1649,11418,371,136
816,1145,11419,1649,11419,371,136
816,1145,11420,1649,11420,371,136
816,1145,11421,1649,11421,371,136
816,1145,11422,1649,11422,371,136
816,1145,11423,1649,11423,371,136
816,1145,11424,1649,11424,371,136
816,1145,11425,1649,11425,371,136
816,1145,11426,1649,11426,371,136
815,1145,11427,1649,11427,371,136
815,1145,11428,1649,11428,371,136
815,1145,11429,1649,11429,371,136
815,1145,11430,1649,11430,371,136
815,1145,11431,1649,11431,371,136
815,1145,11432,1649,11432,371,136
815,1145,11433,1649,11433,371,136
815,1145,11434,1649,11434,371,136
815,1145,11435,1649,11435,371,136
816,1145,11436,1649,11436,371,136
816,1145,11437,1649,11437,371,136
816,1145,11438,1649,11438,371,136
816,1145,11439,1649,11439,371,136
816,1145,11440,1649,11440,371,136
816,1145,11441,1649,11441,371,136
815,1145,11442,1649,11442,371,136
815,1145,11443,1649,11443,371,136
815,1145,11444,1649,11444,371,136
816,1145,11445,1649,11445,371,136
816,1145,11446,1649,11446,371,136
816,1145,11447,1649,11447,371,136
816,1145,11448,1649,11448,371,136
816,1145,11449,1649,11449,371,136
816,1145,11450,1649,11450,371,136
816,1145,11451,1649,11451,371,136
816,1145,11452,1649,11452,371,136
816,1145,11453,1649,11453,371,136
816,1145,11454,1649,11454,371,136
816,1145,11455,1649,11455,371,136
816,1145,11456,1649,11456,371,136
816,1145,11457,1649,11457,371,136
816,1145,11458,1649,11458,371,136
816,1145,11459,1649,11459,371,136
816,1145,11460,1649,11460,371,136
816,1145,11461,1649,11461,371,136
816,1145,11462,1649,11462,371,136
816,1145,11463,1649,11463,371,136
816,1145,11464,1649,11464,371,136
816,1145,11465,1649,11465,371,136
816,1145,11466,1649,11466,371,136
816,1145,11467,1649,11467,371,136
816,1145,11468,1649,11468,371,136
816,1145,11469,1649,11469,371,136
816,1145,11470,1649,11470,371,136
816,1145,11471,1649,11471,371,136
816,1145,11472,1649,11472,371,136
816,1145,11473,1649,11473,371,136
816,1145,11474,1649,11474,371,136
816,1145,11475,1649,11475,371,136
816,1145,11476,1649,11476,371,136
816,1145,11477,1649,11477,371,136
816,1145,11478,1649,11478,371,136
816,1145,11479,1649,11479,371,136
816,1145,11480,1649,11480,371,136
816,1145,11481,1649,11481,371,136
816,1145,11482,1649,11482,371,136
816,1145,11483,1649,11483,371,136
816,1145,11484,1649,11484,371,136
816,1145,11485,1649,11485,371,136
816,1145,11486,1649,11486,371,136
816,1145,11487,1649,11487,371,136
816,1145,11488,1649,11488,371,136
815,1145,11489,1649,11489,371,136
815,1145,11490,1649,11490,371,136
815,1145,11491,1649,11491,371,136
815,1145,11492,1649,11492,371,136
815,1145,11493,1649,11493,371,136
815,1145,11494,1649,11494,371,136
815,1145,11495,1649,11495,371,136
815,1145,11496,1649,11496,371,136
815,1145,11497,1649,11497,371,136
815,1145,11498,1649,11498,371,136
815,1145,11499,1649,11499,371,136
815,1145,11500,1649,11500,371,136
815,1145,11501,1649,11501,371,136
815,1145,11502,1649,11502,371,136
815,1145,11503,1649,11503,371,136
815,1145,11504,1649,11504,371,136
815,1145,11505,1649,11505,371,136
814,1145,11506,1649,11506,371,136
814,1145,11507,1649,11507,371,136
814,1145,11508,1649,11508,371,136
814,1145,11509,1649,11509,371,136
814,1145,11510,1649,11510,371,136
814,1145,11511,1649,11511,371,136
814,1145,11512,1649,11512,371,136
814,1145,11513,1649,11513,371,136
814,1145,11514,1649,11514,371,136
814,1145,11515,1649,11515,371,136
814,1145,11516,1649,11516,371,136
814,1145,11517,1649,11517,371,136
814,1145,11518,1649,11518,371,136
814,1145,11519,1649,11519,371,136
814,1145,11520,1649,11520,371,136
814,1145,11521,1649,11521,371,136
814,1145,11522,1649,11522,371,136
814,1145,11523,1649,11523,371,136
814,1145,11524,1649,11524,371,136
814,1145,11525,1649,11525,371,136
814,1145,11526,1649,11526,371,136
814,1145,11527,1649,11527,371,136
814,1145,11528,1649,11528,371,136
814,1145,11529,1649,11529,371,136
814,1145,11530,1649,11530,371,136
814,1145,11531,1649,11531,371,136
814,1145,11532,1649,11532,371,136
814,1145,11533,1649,11533,371,136
814,1145,11534,1649,11534,371,136
814,1145,11535,1649,11535,371,136
814,1145,11536,1649,11536,371,136
814,1145,11537,1649,11537,371,136
814,1145,11538,1649,11538,371,136
814,1145,11539,1649,11539,371,136
814,1145,11540,1649,11540,371,136
814,1145,11541,1649,11541,371,136
814,1145,11542,1649,11542,371,136
814,1145,11543,1649,11543,371,136
814,1145,11544,1649,11544,371,136
814,1145,11545,1649,11545,371,136
814,1145,11546,1649,11546,371,136
814,1145,11547,1649,11547,371,136
814,1145,11548,1649,11548,371,136
814,1145,11549,1649,11549,371,136
815,1145,11550,1649,11550,371,136
815,1145,11551,1649,11551,371,136
815,1145,11552,1649,11552,371,136
815,1145,11553,1649,11553,371,136
815,1145,11554,1649,11554,371,136
815,1145,11555,1649,11555,371,136
815,1145,11556,1649,11556,371,136
815,1145,11557,1649,11557,371,136
815,1145,11558,1649,11558,371,136
815,1145,11559,1649,11559,371,136
815,1145,11560,1649,11560,371,136
815,1145,11561,1649,11561,371,136
815,1145,11562,1649,11562,371,136
815,1145,11563,1649,11563,371,136
815,1145,11564,1649,11564,371,136
815,1145,11565,1649,11565,371,136
814,1145,11566,1649,11566,371,136
814,1145,11567,1649,11567,371,136
814,1145,11568,1649,11568,371,136
814,1145,11569,1649,11569,371,136
814,1145,11570,1649,11570,371,136
814,1145,11571,1649,11571,371,136
814,1145,11572,1649,11572,371,136
814,1145,11573,1649,11573,371,136
814,1145,11574,1649,11574,371,136
814,1145,11575,1649,11575,371,136
814,1145,11576,1649,11576,371,136
814,1145,11577,1649,11577,371,136
814,1145,11578,1649,11578,371,136
814,1145,11579,1649,11579,371,136
814,1145,11580,1649,11580,371,136
814,1145,11581,1649,11581,371,136
813,1145,11582,1649,11582,371,136
813,1145,11583,1649,11583,371,136
813,1145,11584,1649,11584,371,136
813,1145,11585,1649,11585,371,136
813,1145,11586,1649,11586,371,136
813,1145,11587,1649,11587,371,136
813,1145,11588,1649,11588,371,136
813,1145,11589,1649,11589,371,136
813,1145,11590,1649,11590,371,136
813,1145,11591,1649,11591,371,136
813,1145,11592,1649,11592,371,136
813,1145,11593,1649,11593,371,136
813,1145,11594,1649,11594,371,136
813,1145,11595,1649,11595,371,136
813,1145,11596,1649,11596,371,136
813,1145,11597,1649,11597,371,136
813,1145,11598,1649,11598,371,136
813,1145,11599,1649,11599,371,136
813,1145,11600,1649,11600,371,136
813,1145,11601,1649,11601,371,136
813,1145,11602,1649,11602,371,136
813,1145,11603,1649,11603,371,136
813,1145,11604,1649,11604,371,136
813,1145,11605,1649,11605,371,136
813,1145,11606,1649,11606,371,136
813,1145,11607,1649,11607,371,136
813,1145,11608,1649,11608,371,136
813,1145,11609,1649,11609,371,136
813,1145,11610,1649,11610,371,136
813,1145,11611,1649,11611,371,136
813,1145,11612,1649,11612,371,136
813,1145,11613,1649,11613,371,136
813,1145,11614,1649,11614,371,136
813,1145,11615,1649,11615,371,136
813,1145,11616,1649,11616,371,136
813,1145,11617,1649,11617,371,136
813,1145,11618,1649,11618,371,136
813,1145,11619,1649,11619,371,136
813,1145,11620,1649,11620,371,136
813,1145,11621,1649,11621,371,136
813,1145,11622,1649,11622,371,136
813,1145,11623,1649,11623,371,136
813,1145,11624,1649,11624,371,136
813,1145,11625,1649,11625,371,136
813,1145,11626,1649,11626,371,136
813,1145,11627,1649,11627,371,136
813,1145,11628,1649,11628,371,136
813,1145,11629,1649,11629,371,136
813,1145,11630,1649,11630,371,136
813,1145,11631,1649,11631,371,136
813,1145,11632,1649,11632,371,136
813,1145,11633,1649,11633,371,136
813,1145,11634,1649,11634,371,136
813,1145,11635,1649,11635,371,136
813,1145,11636,1649,11636,371,136
813,1145,11637,1649,11637,371,136
813,1145,11638,1649,11638,371,136
813,1145,11639,1649,11639,371,136
813,1145,11640,1649,11640,371,136
813,1145,11641,1649,11641,371,136
813,1145,11642,1649,11642,371,136
813,1145,11643,1649,11643,371,136
813,1145,11644,1649,11644,371,136
813,1145,11645,1649,11645,371,136
813,1145,11646,1649,11646,371,136
813,1145,11647,1649,11647,371,136
813,1145,11648,1649,11648,371,136
813,1145,11649,1649,11649,371,136
813,1145,11650,1649,11650,371,136
813,1145,11651,1649,11651,371,136
813,1145,11652,1649,11652,371,136
813,1145,11653,1649,11653,371,136
813,1145,11654,1649,11654,371,136
813,1145,11655,1649,11655,371,136
813,1145,11656,1649,11656,371,136
813,1145,11657,1649,11657,371,136
813,1145,11658,1649,11658,371,136
813,1145,11659,1649,11659,371,136
813,1145,11660,1649,11660,371,136
813,1145,11661,1649,11661,371,136
813,1145,11662,1649,11662,371,136
813,1145,11663,1649,11663,371,136
813,1145,11664,1649,11664,371,136
813,1145,11665,1649,11665,371,136
813,1145,11666,1649,11666,371,136
813,1145,11667,1649,11667,371,136
813,1145,11668,1649,11668,371,136
813,1145,11669,1649,11669,371,136
813,1145,11670,1649,11670,371,136
813,1145,11671,1649,11671,371,136
813,1145,11672,1649,11672,371,136
813,1145,11673,1649,11673,371,136
813,1145,11674,1649,11674,371,136
813,1145,11675,1649,11675,371,136
813,1145,11676,1649,11676,371,136
813,1145,11677,1649,11677,371,136
813,1145,11678,1649,11678,371,136
813,1145,11679,1649,11679,371,136
813,1145,11680,1649,11680,371,136
813,1145,11681,1649,11681,371,136
813,1145,11682,1649,11682,371,136
813,1145,11683,1649,11683,371,136
813,1145,11684,1649,11684,371,136
813,1145,11685,1649,11685,371,136
813,1145,11686,1649,11686,371,136
813,1145,11687,1649,11687,371,136
813,1145,11688,1649,11688,371,136
813,1145,11689,1649,11689,371,136
813,1145,11690,1649,11690,371,136
813,1145,11691,1649,11691,371,136
813,1145,11692,1649,11692,371,136
813,1145,11693,1649,11693,371,136
813,1145,11694,1649,11694,371,136
813,1145,11695,1649,11695,371,136
813,1145,11696,1649,11696,371,136
813,1145,11697,1649,11697,371,136
813,1145,11698,1649,11698,371,136
813,1145,11699,1649,11699,371,136
813,1145,11700,1649,11700,371,136
813,1145,11701,1649,11701,371,136
813,1145,11702,1649,11702,371,136
814,1145,11703,1649,11703,371,136
813,1145,11704,1649,11704,371,136
813,1145,11705,1649,11705,371,136
813,1145,11706,1649,11706,371,136
813,1145,11707,1649,11707,371,136
813,1145,11708,1649,11708,371,136
813,1145,11709,1649,11709,371,136
813,1145,11710,1649,11710,371,136
813,1145,11711,1649,11711,371,136
813,1145,11712,1649,11712,371,136
813,1145,11713,1649,11713,371,136
813,1145,11714,1649,11714,371,136
813,1145,11715,1649,11715,371,136
813,1145,11716,1649,11716,371,136
813,1145,11717,1649,11717,371,136
813,1145,11718,1649,11718,371,136
813,1145,11719,1649,11719,371,136
813,1145,11720,1649,11720,371,136
813,1145,11721,1649,11721,371,136
813,1145,11722,1649,11722,371,136
813,1145,11723,1649,11723,371,136
813,1145,11724,1649,11724,371,136
813,1145,11725,1649,11725,371,136
813,1145,11726,1649,11726,371,136
813,1145,11727,1649,11727,371,136
813,1145,11728,1649,11728,371,136
813,1145,11729,1649,11729,371,136
813,1145,11730,1649,11730,371,136
813,1145,11731,1649,11731,371,136
813,1145,11732,1649,11732,371,136
813,1145,11733,1649,11733,371,136
813,1145,11734,1649,11734,371,136
813,1145,11735,1649,11735,371,136
813,1145,11736,1649,11736,371,136
813,1145,11737,1649,11737,371,136
813,1145,11738,1649,11738,371,136
813,1145,11739,1649,11739,371,136
813,1145,11740,1649,11740,371,136
813,1145,11741,1649,11741,371,136
813,1145,11742,1649,11742,371,136
813,1145,11743,1649,11743,371,136
813,1145,11744,1649,11744,371,136
813,1145,11745,1649,11745,371,136
813,1145,11746,1649,11746,371,136
813,1145,11747,1649,11747,371,136
813,1145,11748,1649,11748,371,136
813,1145,11749,1649,11749,371,136
813,1145,11750,1649,11750,371,136
813,1145,11751,1649,11751,371,136
813,1145,11752,1649,11752,371,136
813,1145,11753,1649,11753,371,136
813,1145,11754,1649,11754,371,136
813,1145,11755,1649,11755,371,136
813,1145,11756,1649,11756,371,136
813,1145,11757,1649,11757,371,136
813,1145,11758,1649,11758,371,136
813,1145,11759,1649,11759,371,136
813,1145,11760,1649,11760,371,136
813,1145,11761,1649,11761,371,136
813,1145,11762,1649,11762,371,136
813,1145,11763,1649,11763,371,136
813,1145,11764,1649,11764,371,136
813,1145,11765,1649,11765,371,136
813,1145,11766,1649,11766,371,136
813,1145,11767,1649,11767,371,136
813,1145,11768,1649,11768,371,136
813,1145,11769,1649,11769,371,136
813,1145,11770,1649,11770,371,136
813,1145,11771,1649,11771,371,136
813,1145,11772,1649,11772,371,136
813,1145,11773,1649,11773,371,136
813,1145,11774,1649,11774,371,136
813,1145,11775,1649,11775,371,136
813,1145,11776,1649,11776,371,136
813,1145,11777,1649,11777,371,136
813,1145,11778,1649,11778,371,136
813,1145,11779,1649,11779,371,136
813,1145,11780,1649,11780,371,136
813,1145,11781,1649,11781,371,136
813,1145,11782,1649,11782,371,136
813,1145,11783,1649,11783,371,136
813,1145,11784,1649,11784,371,136
813,1145,11785,1649,11785,371,136
813,1145,11786,1649,11786,371,136
813,1145,11787,1649,11787,371,136
813,1145,11788,1649,11788,371,136
813,1145,11789,1649,11789,371,136
813,1145,11790,1649,11790,371,136
813,1145,11791,1649,11791,371,136
813,1145,11792,1649,11792,371,136
813,1145,11793,1649,11793,371,136
813,1145,11794,1649,11794,371,136
813,1145,11795,1649,11795,371,136
812,1145,11796,1649,11796,371,135
812,1145,11797,1649,11797,371,135
812,1145,11798,1649,11798,371,135
812,1145,11799,1649,11799,371,135
812,1145,11800,1649,11800,371,135
812,1145,11801,1649,11801,371,135
812,1145,11802,1649,11802,371,135
812,1145,11803,1649,11803,371,135
812,1145,11804,1649,11804,371,135
812,1145,11805,1649,11805,371,135
812,1145,11806,1649,11806,371,135
812,1145,11807,1649,11807,371,135
812,1145,11808,1649,11808,371,135
812,1145,11809,1649,11809,371,135
812,1145,11810,1649,11810,371,135
812,1145,11811,1649,11811,371,135
812,1145,11812,1649,11812,371,135
812,1145,11813,1649,11813,371,135
812,1145,11814,1649,11814,371,135
812,1145,11815,1649,11815,371,135
813,1145,11816,1649,11816,371,135
813,1145,11817,1649,11817,371,135
813,1145,11818,1649,11818,371,135
813,1145,11819,1649,11819,371,135
813,1145,11820,1649,11820,371,135
813,1145,11821,1649,11821,371,135
813,1145,11822,1649,11822,371,135
813,1145,11823,1649,11823,371,135
813,1145,11824,1649,11824,371,135
813,1145,11825,1649,11825,371,135
813,1145,11826,1649,11826,371,135
813,1145,11827,1649,11827,371,135
813,1145,11828,1649,11828,371,135
813,1145,11829,1649,11829,371,135
813,1145,11830,1649,11830,371,135
813,1145,11831,1649,11831,371,135
813,1145,11832,1649,11832,371,135
813,1145,11833,1649,11833,371,135
813,1145,11834,1649,11834,371,135
813,1145,11835,1649,11835,371,135
813,1145,11836,1649,11836,371,135
813,1145,11837,1649,11837,371,135
813,1145,11838,1649,11838,371,135
813,1145,11839,1649,11839,371,135
813,1145,11840,1649,11840,371,135
813,1145,11841,1649,11841,371,135
813,1145,11842,1649,11842,371,135
813,1145,11843,1649,11843,371,135
813,1145,11844,1649,11844,371,135
813,1145,11845,1649,11845,371,135
813,1145,11846,1649,11846,371,135
813,1145,11847,1649,11847,371,135
813,1145,11848,1649,11848,371,135
813,1145,11849,1649,11849,371,135
813,1145,11850,1649,11850,371,135
813,1145,11851,1649,11851,371,135
813,1145,11852,1649,11852,371,135
813,1145,11853,1649,11853,371,135
813,1145,11854,1649,11854,371,135
813,1145,11855,1649,11855,371,135
813,1145,11856,1649,11856,371,135
813,1145,11857,1649,11857,371,135
813,1145,11858,1649,11858,371,135
812,1145,11859,1649,11859,371,135
812,1145,11860,1649,11860,371,135
812,1145,11861,1649,11861,371,135
812,1145,11862,1649,11862,371,135
812,1145,11863,1649,11863,371,135
812,1145,11864,1649,11864,371,135
812,1145,11865,1649,11865,371,135
812,1145,11866,1649,11866,371,135
812,1145,11867,1649,11867,371,135
812,1145,11868,1649,11868,371,135
812,1145,11869,1649,11869,371,135
812,1145,11870,1649,11870,371,135
812,1145,11871,1649,11871,371,135
812,1145,11872,1649,11872,371,135
812,1145,11873,1649,11873,371,135
812,1145,11874,1649,11874,371,135
812,1145,11875,1649,11875,371,135
812,1145,11876,1649,11876,371,135
812,1145,11877,1649,11877,371,135
812,1145,11878,1649,11878,371,135
812,1145,11879,1649,11879,371,135
812,1145,11880,1649,11880,371,135
812,1145,11881,1649,11881,371,135
812,1145,11882,1649,11882,371,135
812,1145,11883,1649,11883,371,135
812,1145,11884,1649,11884,371,135
812,1145,11885,1649,11885,371,135
812,1145,11886,1649,11886,371,135
812,1145,11887,1649,11887,371,135
812,1145,11888,1649,11888,371,135
812,1145,11889,1649,11889,371,135
812,1145,11890,1649,11890,371,135
812,1145,11891,1649,11891,371,135
812,1145,11892,1649,11892,371,135
812,1145,11893,1649,11893,371,135
812,1145,11894,1649,11894,371,135
812,1145,11895,1649,11895,371,135
812,1145,11896,1649,11896,371,135
812,1145,11897,1649,11897,371,135
812,1145,11898,1649,11898,371,135
812,1145,11899,1649,11899,371,135
812,1145,11900,1649,11900,371,135
812,1145,11901,1649,11901,371,135
812,1145,11902,1649,11902,371,135
812,1145,11903,1649,11903,371,135
812,1145,11904,1649,11904,371,135
812,1145,11905,1649,11905,371,135
812,1145,11906,1649,11906,371,135
812,1145,11907,1649,11907,371,135
812,1145,11908,1649,11908,371,135
812,1145,11909,1649,11909,371,135
812,1145,11910,1649,11910,371,135
812,1145,11911,1649,11911,371,135
812,1145,11912,1649,11912,371,135
812,1145,11913,1649,11913,371,135
812,1145,11914,1649,11914,371,135
812,1145,11915,1649,11915,371,135
812,1145,11916,1649,11916,371,135
812,1145,11917,1649,11917,371,135
813,1145,11918,1649,11918,371,135
813,1145,11919,1649,11919,371,135
813,1145,11920,1649,11920,371,135
813,1145,11921,1649,11921,371,135
813,1145,11922,1649,11922,371,135
813,1145,11923,1649,11923,371,135
813,1145,11924,1649,11924,371,135
813,1145,11925,1649,11925,371,135
813,1145,11926,1649,11926,371,135
813,1145,11927,1649,11927,371,135
813,1145,11928,1649,11928,371,135
813,1145,11929,1649,11929,371,135
813,1145,11930,1649,11930,371,135
813,1145,11931,1649,11931,371,135
813,1145,11932,1649,11932,371,135
813,1145,11933,1649,11933,371,135
813,1145,11934,1649,11934,371,135
812,1145,11935,1649,11935,371,135
812,1145,11936,1649,11936,371,135
812,1145,11937,1649,11937,371,135
812,1145,11938,1649,11938,371,135
812,1145,11939,1649,11939,371,135
812,1145,11940,1649,11940,371,135
812,1145,11941,1649,11941,371,135
812,1145,11942,1649,11942,371,135
812,1145,11943,1649,11943,371,135
812,1145,11944,1649,11944,371,135
812,1145,11945,1649,11945,371,135
812,1145,11946,1649,11946,371,135
812,1145,11947,1649,11947,371,135
812,1145,11948,1649,11948,371,135
812,1145,11949,1649,11949,371,135
812,1145,11950,1649,11950,371,135
812,1145,11951,1649,11951,371,135
812,1145,11952,1649,11952,371,135
813,1145,11953,1649,11953,371,135
813,1145,11954,1649,11954,371,135
814,1145,11955,1649,11955,371,135
814,1145,11956,1649,11956,371,135
814,1145,11957,1649,11957,371,135
814,1145,11958,1649,11958,371,135
814,1145,11959,1649,11959,371,135
814,1145,11960,1649,11960,371,135
814,1145,11961,1649,11961,371,135
814,1145,11962,1649,11962,371,135
814,1145,11963,1649,11963,371,135
814,1145,11964,1649,11964,371,135
814,1145,11965,1649,11965,371,135
814,1145,11966,1649,11966,371,135
814,1145,11967,1649,11967,371,135
814,1145,11968,1649,11968,371,135
814,1145,11969,1649,11969,371,135
814,1145,11970,1649,11970,371,135
814,1145,11971,1649,11971,371,135
814,1145,11972,1649,11972,371,135
814,1145,11973,1649,11973,371,135
815,1145,11974,1649,11974,371,135
815,1145,11975,1649,11975,371,135
815,1145,11976,1649,11976,371,135
815,1145,11977,1649,11977,371,135
815,1145,11978,1649,11978,371,135
815,1145,11979,1649,11979,371,135
815,1145,11980,1649,11980,371,135
815,1145,11981,1649,11981,371,135
815,1145,11982,1649,11982,371,135
815,1145,11983,1649,11983,371,135
815,1145,11984,1649,11984,371,135
816,1145,11985,1649,11985,371,135
816,1145,11986,1649,11986,371,135
816,1145,11987,1649,11987,371,135
816,1145,11988,1649,11988,371,135
816,1145,11989,1649,11989,371,135
816,1145,11990,1649,11990,371,135
815,1145,11991,1649,11991,371,135
815,1145,11992,1649,11992,371,135
815,1145,11993,1649,11993,371,135
815,1145,11994,1649,11994,371,135
815,1145,11995,1649,11995,371,135
815,1145,11996,1649,11996,371,135
815,1145,11997,1649,11997,371,135
815,1145,11998,1649,11998,371,135
815,1145,11999,1649,11999,371,135
815,1145,12000,1649,12000,371,135
815,1145,12001,1649,12001,371,135
815,1145,12002,1649,12002,371,135
815,1145,12003,1649,12003,371,135
815,1145,12004,1649,12004,371,135
816,1145,12005,1649,12005,371,135
816,1145,12006,1649,12006,371,135
816,1145,12007,1649,12007,371,135
816,1145,12008,1649,12008,371,135
816,1145,12009,1649,12009,371,135
816,1145,12010,1649,12010,371,135
816,1145,12011,1649,12011,371,135
816,1145,12012,1649,12012,371,135
816,1145,12013,1649,12013,371,135
816,1145,12014,1649,12014,371,135
816,1145,12015,1649,12015,371,135
816,1145,12016,1649,12016,371,135
816,1145,12017,1649,12017,371,135
816,1145,12018,1649,12018,371,135
816,1145,12019,1649,12019,371,135
816,1145,12020,1649,12020,371,135
816,1145,12021,1649,12021,371,135
816,1145,12022,1649,12022,371,135
816,1145,12023,1649,12023,371,135
816,1145,12024,1649,12024,371,135
816,1145,12025,1649,12025,371,135
816,1145,12026,1649,12026,371,135
816,1145,12027,1649,12027,371,135
816,1145,12028,1649,12028,371,135
816,1145,12029,1649,12029,371,135
816,1145,12030,1649,12030,371,135
816,1145,12031,1649,12031,371,135
816,1145,12032,1649,12032,371,135
816,1145,12033,1649,12033,371,135
816,1145,12034,1649,12034,371,135
815,1145,12035,1649,12035,371,135
815,1145,12036,1649,12036,371,135
815,1145,12037,1649,12037,371,135
815,1145,12038,1649,12038,371,135
815,1145,12039,1649,12039,371,135
815,1145,12040,1649,12040,371,135
815,1145,12041,1649,12041,371,135
815,1145,12042,1649,12042,371,135
814,1145,12043,1649,12043,371,135
814,1145,12044,1649,12044,371,135
814,1145,12045,1649,12045,371,135
814,1145,12046,1649,12046,371,135
814,1145,12047,1649,12047,371,135
814,1145,12048,1649,12048,371,135
814,1145,12049,1649,12049,371,135
814,1145,12050,1649,12050,371,135
814,1145,12051,1649,12051,371,135
814,1145,12052,1649,12052,371,135
814,1145,12053,1649,12053,371,135
814,1145,12054,1649,12054,371,135
814,1145,12055,1649,12055,371,135
814,1145,12056,1649,12056,371,135
814,1145,12057,1649,12057,371,135
814,1145,12058,1649,12058,371,135
814,1145,12059,1649,12059,371,135
814,1145,12060,1649,12060,371,135
814,1145,12061,1649,12061,371,135
814,1145,12062,1649,12062,371,135
814,1145,12063,1649,12063,371,135
815,1145,12064,1649,12064,371,135
815,1145,12065,1649,12065,371,135
815,1145,12066,1649,12066,371,135
815,1145,12067,1649,12067,371,135
815,1145,12068,1649,12068,371,135
815,1145,12069,1649,12069,371,135
815,1145,12070,1649,12070,371,135
815,1145,12071,1649,12071,371,135
815,1145,12072,1649,12072,371,135
815,1145,12073,1649,12073,371,135
815,1145,12074,1649,12074,371,135
815,1145,12075,1649,12075,371,135
815,1145,12076,1649,12076,371,135
815,1145,12077,1649,12077,371,135
815,1145,12078,1649,12078,371,135
815,1145,12079,1649,12079,371,135
815,1145,12080,1649,12080,371,135
815,1145,12081,1649,12081,371,135
815,1145,12082,1649,12082,371,135
815,1145,12083,1649,12083,371,135
815,1145,12084,1649,12084,371,135
815,1145,12085,1649,12085,371,135
815,1145,12086,1649,12086,371,135
815,1145,12087,1649,12087,371,135
815,1145,12088,1649,12088,371,135
815,1145,12089,1649,12089,371,135
815,1145,12090,1649,12090,371,135
815,1145,12091,1649,12091,371,135
815,1145,12092,1649,12092,371,135
815,1145,12093,1649,12093,371,135
815,1145,12094,1649,12094,371,135
815,1145,12095,1649,12095,371,135
815,1145,12096,1649,12096,371,135
815,1145,12097,1649,12097,371,135
815,1145,12098,1649,12098,371,135
815,1145,12099,1649,12099,371,135
815,1145,12100,1649,12100,371,135
815,1145,12101,1649,12101,371,135
815,1145,12102,1649,12102,371,135
815,1145,12103,1649,12103,371,135
815,1145,12104,1649,12104,371,135
815,1145,12105,1649,12105,371,135
815,1145,12106,1649,12106,371,135
815,1145,12107,1649,12107,371,135
815,1145,12108,1649,12108,371,135
815,1145,12109,1649,12109,371,135
815,1145,12110,1649,12110,371,135
815,1145,12111,1649,12111,371,135
815,1145,12112,1649,12112,371,135
815,1145,12113,1649,12113,371,135
815,1145,12114,1649,12114,371,135
815,1145,12115,1649,12115,371,135
815,1145,12116,1649,12116,371,135
815,1145,12117,1649,12117,371,135
815,1145,12118,1649,12118,371,135
815,1145,12119,1649,12119,371,135
815,1145,12120,1649,12120,371,135
815,1145,12121,1649,12121,371,135
815,1145,12122,1649,12122,371,135
815,1145,12123,1649,12123,371,135
815,1145,12124,1649,12124,371,135
815,1145,12125,1649,12125,371,135
815,1145,12126,1649,12126,371,135
815,1145,12127,1649,12127,371,135
815,1145,12128,1649,12128,371,135
815,1145,12129,1649,12129,371,135
815,1145,12130,1649,12130,371,135
815,1145,12131,1649,12131,371,135
815,1145,12132,1649,12132,371,135
815,1145,12133,1649,12133,371,135
815,1145,12134,1649,12134,371,135
815,1145,12135,1649,12135,371,135
815,1145,12136,1649,12136,371,135
815,1145,12137,1649,12137,371,135
815,1145,12138,1649,12138,371,135
815,1145,12139,1649,12139,371,135
815,1145,12140,1649,12140,371,135
815,1145,12141,1649,12141,371,135
815,1145,12142,1649,12142,371,135
815,1145,12143,1649,12143,371,135
815,1145,12144,1649,12144,371,135
815,1145,12145,1649,12145,371,135
815,1145,12146,1649,12146,371,135
815,1145,12147,1649,12147,371,135
815,1145,12148,1649,12148,371,135
815,1145,12149,1649,12149,371,135
815,1145,12150,1649,12150,371,135
815,1145,12151,1649,12151,371,135
815,1145,12152,1649,12152,371,135
815,1145,12153,1649,12153,371,135
815,1145,12154,1649,12154,371,135
815,1145,12155,1649,12155,371,135
815,1145,12156,1649,12156,371,135
815,1145,12157,1649,12157,371,135
815,1145,12158,1649,12158,371,135
815,1145,12159,1649,12159,371,135
815,1145,12160,1649,12160,371,135
815,1145,12161,1649,12161,371,135
815,1145,12162,1649,12162,371,135
815,1145,12163,1649,12163,371,135
815,1145,12164,1649,12164,371,135
815,1145,12165,1649,12165,371,135
815,1145,12166,1649,12166,371,135
815,1145,12167,1649,12167,371,135
815,1145,12168,1649,12168,371,135
815,1145,12169,1649,12169,371,135
815,1145,12170,1649,12170,371,135
815,1145,12171,1649,12171,371,135
815,1145,12172,1649,12172,371,135
815,1145,12173,1649,12173,371,135
815,1145,12174,1649,12174,371,135
815,1145,12175,1649,12175,371,135
815,1145,12176,1649,12176,371,135
815,1145,12177,1649,12177,371,135
815,1145,12178,1649,12178,371,135
815,1145,12179,1649,12179,371,135
815,1145,12180,1649,12180,371,135
815,1145,12181,1649,12181,371,135
815,1145,12182,1649,12182,371,135
815,1145,12183,1649,12183,371,135
815,1145,12184,1649,12184,371,135
815,1145,12185,1649,12185,371,135
815,1145,12186,1649,12186,371,135
815,1145,12187,1649,12187,371,135
815,1145,12188,1649,12188,371,135
815,1145,12189,1649,12189,371,135
815,1145,12190,1649,12190,371,135
815,1145,12191,1649,12191,371,135
815,1145,12192,1649,12192,371,135
815,1145,12193,1649,12193,371,135
815,1145,12194,1649,12194,371,135
815,1145,12195,1649,12195,371,135
815,1145,12196,1649,12196,371,135
815,1145,12197,1649,12197,371,135
815,1145,12198,1649,12198,371,135
815,1145,12199,1649,12199,371,135
815,1145,12200,1649,12200,371,135
815,1145,12201,1649,12201,371,135
815,1145,12202,1649,12202,371,135
815,1145,12203,1649,12203,371,135
815,1145,12204,1649,12204,371,135
815,1145,12205,1649,12205,371,135
815,1145,12206,1649,12206,371,135
815,1145,12207,1649,12207,371,135
815,1145,12208,1649,12208,371,135
815,1145,12209,1649,12209,371,135
815,1145,12210,1649,12210,371,135
815,1145,12211,1649,12211,371,135
815,1145,12212,1649,12212,371,135
815,1145,12213,1649,12213,371,135
815,1145,12214,1649,12214,371,135
815,1145,12215,1649,12215,371,135
815,1145,12216,1649,12216,371,135
815,1145,12217,1649,12217,371,135
815,1145,12218,1649,12218,371,135
815,1145,12219,1649,12219,371,135
815,1145,12220,1649,12220,371,135
815,1145,12221,1649,12221,371,135
815,1145,12222,1649,12222,371,135
815,1145,12223,1649,12223,371,135
815,1145,12224,1649,12224,371,135
815,1145,12225,1649,12225,371,135
815,1145,12226,1649,12226,371,135
815,1145,12227,1649,12227,371,135
815,1145,12228,1649,12228,371,135
815,1145,12229,1649,12229,371,135
815,1145,12230,1649,12230,371,135
815,1145,12231,1649,12231,371,135
815,1145,12232,1649,12232,371,135
815,1145,12233,1649,12233,371,135
815,1145,12234,1649,12234,371,135
815,1145,12235,1649,12235,371,135
815,1145,12236,1649,12236,371,135
815,1145,12237,1649,12237,371,135
815,1145,12238,1649,12238,371,135
815,1145,12239,1649,12239,371,135
815,1145,12240,1649,12240,371,135
815,1145,12241,1649,12241,371,135
815,1145,12242,1649,12242,371,135
815,1145,12243,1649,12243,371,135
815,1145,12244,1649,12244,371,135
815,1145,12245,1649,12245,371,135
815,1145,12246,1649,12246,371,135
815,1145,12247,1649,12247,371,135
815,1145,12248,1649,12248,371,135
815,1145,12249,1649,12249,371,135
815,1145,12250,1649,12250,371,135
815,1145,12251,1649,12251,371,135
816,1145,12252,1649,12252,371,135
816,1145,12253,1649,12253,371,135
816,1145,12254,1649,12254,371,135
816,1145,12255,1649,12255,371,135
816,1145,12256,1649,12256,371,135
816,1145,12257,1649,12257,371,135
816,1145,12258,1649,12258,371,135
816,1145,12259,1649,12259,371,135
816,1145,12260,1649,12260,371,135
816,1145,12261,1649,12261,371,135
816,1145,12262,1649,12262,371,135
816,1145,12263,1649,12263,371,135
816,1145,12264,1649,12264,371,135
816,1145,12265,1649,12265,371,135
816,1145,12266,1649,12266,371,135
816,1145,12267,1649,12267,371,135
816,1145,12268,1649,12268,371,135
816,1145,12269,1649,12269,371,135
816,1145,12270,1649,12270,371,135
816,1145,12271,1649,12271,371,135
816,1145,12272,1649,12272,371,135
816,1145,12273,1649,12273,371,135
816,1145,12274,1649,12274,371,135
816,1145,12275,1649,12275,371,135
816,1145,12276,1649,12276,371,135
816,1145,12277,1649,12277,371,135
816,1145,12278,1649,12278,371,135
816,1145,12279,1649,12279,371,135
816,1145,12280,1649,12280,371,135
816,1145,12281,1649,12281,371,135
816,1145,12282,1649,12282,371,135
816,1145,12283,1649,12283,371,135
816,1145,12284,1649,12284,371,135
816,1145,12285,1649,12285,371,135
816,1145,12286,1649,12286,371,135
816,1145,12287,1649,12287,371,135
816,1145,12288,1649,12288,371,135
816,1145,12289,1649,12289,371,135
816,1145,12290,1649,12290,371,135
816,1145,12291,1649,12291,371,135
816,1145,12292,1649,12292,371,135
816,1145,12293,1649,12293,371,135
816,1145,12294,1649,12294,371,135
816,1145,12295,1649,12295,371,135
816,1145,12296,1649,12296,371,135
816,1145,12297,1649,12297,371,135
816,1145,12298,1649,12298,371,135
816,1145,12299,1649,12299,371,135
816,1145,12300,1649,12300,371,135
816,1145,12301,1649,12301,371,135
816,1145,12302,1649,12302,371,135
816,1145,12303,1649,12303,371,135
816,1145,12304,1649,12304,371,135
816,1145,12305,1649,12305,371,135
816,1145,12306,1649,12306,371,135
816,1145,12307,1649,12307,371,135
816,1145,12308,1649,12308,371,135
816,1145,12309,1649,12309,371,135
816,1145,12310,1649,12310,371,135
816,1145,12311,1649,12311,371,135
816,1145,12312,1649,12312,371,135
816,1145,12313,1649,12313,371,135
816,1145,12314,1649,12314,371,135
816,1145,12315,1649,12315,371,135
816,1145,12316,1649,12316,371,135
816,1145,12317,1649,12317,371,135
816,1145,12318,1649,12318,371,135
816,1145,12319,1649,12319,371,135
816,1145,12320,1649,12320,371,135
816,1145,12321,1649,12321,371,135
816,1145,12322,1649,12322,371,135
816,1145,12323,1649,12323,371,135
816,1145,12324,1649,12324,371,135
816,1145,12325,1649,12325,371,135
816,1145,12326,1649,12326,371,135
816,1145,12327,1649,12327,371,135
816,1145,12328,1649,12328,371,135
816,1145,12329,1649,12329,371,135
816,1145,12330,1649,12330,371,135
816,1145,12331,1649,12331,371,135
816,1145,12332,1649,12332,371,135
816,1145,12333,1649,12333,371,135
816,1145,12334,1649,12334,371,135
816,1145,12335,1649,12335,371,135
816,1145,12336,1649,12336,371,135
816,1145,12337,1649,12337,371,135
816,1145,12338,1649,12338,371,135
816,1145,12339,1649,12339,371,135
816,1145,12340,1649,12340,371,135
816,1145,12341,1649,12341,371,135
816,1145,12342,1649,12342,371,135
816,1145,12343,1649,12343,371,135
816,1145,12344,1649,12344,371,135
816,1145,12345,1649,12345,371,135
816,1145,12346,1649,12346,371,135
816,1145,12347,1649,12347,371,135
816,1145,12348,1649,12348,371,135
816,1145,12349,1649,12349,371,135
816,1145,12350,1649,12350,371,135
816,1145,12351,1649,12351,371,135
816,1145,12352,1649,12352,371,135
816,1145,12353,1649,12353,371,135
816,1145,12354,1649,12354,371,135
816,1145,12355,1649,12355,371,135
816,1145,12356,1649,12356,371,135
816,1145,12357,1649,12357,371,135
816,1145,12358,1649,12358,371,135
816,1145,12359,1649,12359,371,135
816,1145,12360,1649,12360,371,135
816,1145,12361,1649,12361,371,135
816,1145,12362,1649,12362,371,135
816,1145,12363,1649,12363,371,135
816,1145,12364,1649,12364,371,135
816,1145,12365,1649,12365,371,135
816,1145,12366,1649,12366,371,135
816,1145,12367,1649,12367,371,135
816,1145,12368,1649,12368,371,135
816,1145,12369,1649,12369,371,135
816,1145,12370,1649,12370,371,135
816,1145,12371,1649,12371,371,135
816,1145,12372,1649,12372,371,135
816,1145,12373,1649,12373,371,135
816,1145,12374,1649,12374,371,135
816,1145,12375,1649,12375,371,135
816,1145,12376,1649,12376,371,135
816,1145,12377,1649,12377,371,135
816,1145,12378,1649,12378,371,135
816,1145,12379,1649,12379,371,135
816,1145,12380,1649,12380,371,135
816,1145,12381,1649,12381,371,135
816,1145,12382,1649,12382,371,135
816,1145,12383,1649,12383,371,135
816,1145,12384,1649,12384,371,135
816,1145,12385,1649,12385,371,135
816,1145,12386,1649,12386,371,135
816,1145,12387,1649,12387,371,135
816,1145,12388,1649,12388,371,135
816,1145,12389,1649,12389,371,135
816,1145,12390,1649,12390,371,135
816,1145,12391,1649,12391,371,135
816,1145,12392,1649,12392,371,135
816,1145,12393,1649,12393,371,135
816,1145,12394,1649,12394,371,135
816,1145,12395,1649,12395,371,135
816,1145,12396,1649,12396,371,135
816,1145,12397,1649,12397,371,135
816,1145,12398,1649,12398,371,135
816,1145,12399,1649,12399,371,135
816,1145,12400,1649,12400,371,135
816,1145,12401,1649,12401,371,135
816,1145,12402,1649,12402,371,135
816,1145,12403,1649,12403,371,135
816,1145,12404,1649,12404,371,135
816,1145,12405,1649,12405,371,135
816,1145,12406,1649,12406,371,135
816,1145,12407,1649,12407,371,135
816,1145,12408,1649,12408,371,135
816,1145,12409,1649,12409,371,135
816,1145,12410,1649,12410,371,135
816,1145,12411,1649,12411,371,135
816,1145,12412,1649,12412,371,135
816,1145,12413,1649,12413,371,135
816,1145,12414,1649,12414,371,135
816,1145,12415,1649,12415,371,135
816,1145,12416,1649,12416,371,135
816,1145,12417,1649,12417,371,135
816,1145,12418,1649,12418,371,135
816,1145,12419,1649,12419,371,135
816,1145,12420,1649,12420,371,135
816,1145,12421,1649,12421,371,135
816,1145,12422,1649,12422,371,135
816,1145,12423,1649,12423,371,135
816,1145,12424,1649,12424,371,135
816,1145,12425,1649,12425,371,135
816,1145,12426,1649,12426,371,135
816,1145,12427,1649,12427,371,135
816,1145,12428,1649,12428,371,135
816,1145,12429,1649,12429,371,135
816,1145,12430,1649,12430,371,135
816,1145,12431,1649,12431,371,135
816,1145,12432,1649,12432,371,135
816,1145,12433,1649,12433,371,135
816,1145,12434,1649,12434,371,135
816,1145,12435,1649,12435,371,135
816,1145,12436,1649,12436,371,135
816,1145,12437,1649,12437,371,135
816,1145,12438,1649,12438,371,135
816,1145,12439,1649,12439,371,135
816,1145,12440,1649,12440,371,135
816,1145,12441,1649,12441,371,135
816,1145,12442,1649,12442,371,135
816,1145,12443,1649,12443,371,135
816,1145,12444,1649,12444,371,135
816,1145,12445,1649,12445,371,135
816,1145,12446,1649,12446,371,135
816,1145,12447,1649,12447,371,135
816,1145,12448,1649,12448,371,135
816,1145,12449,1649,12449,371,135
816,1145,12450,1649,12450,371,135
816,1145,12451,1649,12451,371,135
816,1145,12452,1649,12452,371,135
816,1145,12453,1649,12453,371,135
816,1145,12454,1649,12454,371,135
816,1145,12455,1649,12455,371,135
816,1145,12456,1649,12456,371,135
816,1145,12457,1649,12457,371,135
816,1145,12458,1649,12458,371,135
816,1145,12459,1649,12459,371,135
816,1145,12460,1649,12460,371,135
816,1145,12461,1649,12461,371,135
816,1145,12462,1649,12462,371,135
816,1145,12463,1649,12463,371,135
816,1145,12464,1649,12464,371,135
816,1145,12465,1649,12465,371,135
815,1145,12466,1649,12466,371,135
815,1145,12467,1649,12467,371,135
815,1145,12468,1649,12468,371,135
815,1145,12469,1649,12469,371,135
815,1145,12470,1649,12470,371,135
815,1145,12471,1649,12471,371,135
815,1145,12472,1649,12472,371,135
815,1145,12473,1649,12473,371,135
815,1145,12474,1649,12474,371,135
815,1145,12475,1649,12475,371,135
815,1145,12476,1649,12476,371,135
815,1145,12477,1649,12477,371,135
815,1145,12478,1649,12478,371,135
815,1145,12479,1649,12479,371,135
815,1145,12480,1649,12480,371,135
815,1145,12481,1649,12481,371,135
815,1145,12482,1649,12482,371,135
815,1145,12483,1649,12483,371,135
815,1145,12484,1649,12484,371,135
815,1145,12485,1649,12485,371,135
815,1145,12486,1649,12486,371,135
815,1145,12487,1649,12487,371,135
815,1145,12488,1649,12488,371,135
815,1145,12489,1649,12489,371,135
815,1145,12490,1649,12490,371,135
815,1145,12491,1649,12491,371,135
815,1145,12492,1649,12492,371,135
814,1145,12493,1649,12493,371,135
814,1145,12494,1649,12494,371,135
814,1145,12495,1649,12495,371,135
814,1145,12496,1649,12496,371,135
814,1145,12497,1649,12497,371,135
814,1145,12498,1649,12498,371,135
814,1145,12499,1649,12499,371,135
814,1145,12500,1649,12500,371,135
814,1145,12501,1649,12501,371,135
814,1145,12502,1649,12502,371,135
814,1145,12503,1649,12503,371,135
814,1145,12504,1649,12504,371,135
814,1145,12505,1649,12505,371,135
814,1145,12506,1649,12506,371,135
814,1145,12507,1649,12507,371,135
814,1145,12508,1649,12508,371,135
814,1145,12509,1649,12509,371,135
814,1145,12510,1649,12510,371,135
814,1145,12511,1649,12511,371,135
814,1145,12512,1649,12512,371,135
814,1145,12513,1649,12513,371,135
814,1145,12514,1649,12514,371,135
814,1145,12515,1649,12515,371,135
814,1145,12516,1649,12516,371,135
814,1145,12517,1649,12517,371,135
814,1145,12518,1649,12518,371,135
814,1145,12519,1649,12519,371,135
814,1145,12520,1649,12520,371,135
814,1145,12521,1649,12521,371,135
814,1145,12522,1649,12522,371,135
814,1145,12523,1649,12523,371,135
814,1145,12524,1649,12524,371,135
814,1145,12525,1649,12525,371,135
814,1145,12526,1649,12526,371,135
814,1145,12527,1649,12527,371,135
814,1145,12528,1649,12528,371,135
814,1145,12529,1649,12529,371,135
814,1145,12530,1649,12530,371,135
814,1145,12531,1649,12531,371,135
814,1145,12532,1649,12532,371,135
814,1145,12533,1649,12533,371,135
814,1145,12534,1649,12534,371,135
814,1145,12535,1649,12535,371,135
814,1145,12536,1649,12536,371,135
814,1145,12537,1649,12537,371,135
813,1145,12538,1649,12538,371,134
813,1145,12539,1649,12539,371,134
813,1145,12540,1649,12540,371,134
813,1145,12541,1649,12541,371,134
813,1145,12542,1649,12542,371,134
813,1145,12543,1649,12543,371,134
813,1145,12544,1649,12544,371,134
813,1145,12545,1649,12545,371,134
813,1145,12546,1649,12546,371,134
813,1145,12547,1649,12547,371,134
813,1145,12548,1649,12548,371,134
813,1145,12549,1649,12549,371,134
814,1145,12550,1649,12550,371,134
814,1145,12551,1649,12551,371,134
814,1145,12552,1649,12552,371,134
814,1145,12553,1649,12553,371,134
814,1145,12554,1649,12554,371,134
814,1145,12555,1649,12555,371,134
814,1145,12556,1649,12556,371,134
814,1145,12557,1649,12557,371,134
814,1145,12558,1649,12558,371,134
814,1145,12559,1649,12559,371,134
814,1145,12560,1649,12560,371,134
814,1145,12561,1649,12561,371,134
814,1145,12562,1649,12562,371,134
814,1145,12563,1649,12563,371,134
814,1145,12564,1649,12564,371,134
814,1145,12565,1649,12565,371,134
814,1145,12566,1649,12566,371,134
814,1145,12567,1649,12567,371,134
814,1145,12568,1649,12568,371,134
814,1145,12569,1649,12569,371,134
814,1145,12570,1649,12570,371,134
814,1145,12571,1649,12571,371,134
814,1145,12572,1649,12572,371,134
814,1145,12573,1649,12573,371,134
814,1145,12574,1649,12574,371,134
814,1145,12575,1649,12575,371,134
814,1145,12576,1649,12576,371,134
814,1145,12577,1649,12577,371,134
814,1145,12578,1649,12578,371,134
814,1145,12579,1649,12579,371,134
814,1145,12580,1649,12580,371,134
814,1145,12581,1649,12581,371,134
814,1145,12582,1649,12582,371,134
814,1145,12583,1649,12583,371,134
814,1145,12584,1649,12584,371,134
814,1145,12585,1649,12585,371,134
814,1145,12586,1649,12586,371,134
814,1145,12587,1649,12587,371,134
814,1145,12588,1649,12588,371,134
814,1145,12589,1649,12589,371,134
814,1145,12590,1649,12590,371,134
814,1145,12591,1649,12591,371,134
814,1145,12592,1649,12592,371,134
814,1145,12593,1649,12593,371,134
814,1145,12594,1649,12594,371,134
814,1145,12595,1649,12595,371,134
814,1145,12596,1649,12596,371,134
814,1145,12597,1649,12597,371,134
814,1145,12598,1649,12598,371,134
814,1145,12599,1649,12599,371,134
814,1145,12600,1649,12600,371,134
814,1145,12601,1649,12601,371,134
814,1145,12602,1649,12602,371,134
814,1145,12603,1649,12603,371,134
814,1145,12604,1649,12604,371,134
814,1145,12605,1649,12605,371,134
814,1145,12606,1649,12606,371,134
814,1145,12607,1649,12607,371,134
813,1145,12608,1649,12608,371,133
813,1145,12609,1649,12609,371,133
813,1145,12610,1649,12610,371,133
813,1145,12611,1649,12611,371,133
813,1145,12612,1649,12612,371,133
813,1145,12613,1649,12613,371,133
813,1145,12614,1649,12614,371,133
813,1145,12615,1649,12615,371,133
813,1145,12616,1649,12616,371,133
813,1145,12617,1649,12617,371,133
813,1145,12618,1649,12618,371,133
813,1145,12619,1649,12619,371,133
813,1145,12620,1649,12620,371,133
813,1145,12621,1649,12621,371,133
813,1145,12622,1649,12622,371,133
813,1145,12623,1649,12623,371,133
813,1145,12624,1649,12624,371,133
813,1145,12625,1649,12625,371,133
813,1145,12626,1649,12626,371,133
813,1145,12627,1649,12627,371,133
813,1145,12628,1649,12628,371,133
813,1145,12629,1649,12629,371,133
813,1145,12630,1649,12630,371,133
813,1145,12631,1649,12631,371,133
813,1145,12632,1649,12632,371,133
813,1145,12633,1649,12633,371,133
813,1145,12634,1649,12634,371,133
813,1145,12635,1649,12635,371,133
813,1145,12636,1649,12636,371,133
813,1145,12637,1649,12637,371,133
813,1145,12638,1649,12638,371,133
813,1145,12639,1649,12639,371,133
813,1145,12640,1649,12640,371,133
813,1145,12641,1649,12641,371,133
813,1145,12642,1649,12642,371,133
813,1145,12643,1649,12643,371,133
813,1145,12644,1649,12644,371,133
813,1145,12645,1649,12645,371,133
813,1145,12646,1649,12646,371,133
813,1145,12647,1649,12647,371,133
813,1145,12648,1649,12648,371,133
813,1145,12649,1649,12649,371,133
813,1145,12650,1649,12650,371,133
813,1145,12651,1649,12651,371,133
813,1145,12652,1649,12652,371,133
813,1145,12653,1649,12653,371,133
813,1145,12654,1649,12654,371,133
813,1145,12655,1649,12655,371,133
813,1145,12656,1649,12656,371,133
813,1145,12657,1649,12657,371,133
813,1145,12658,1649,12658,371,133
813,1145,12659,1649,12659,371,133
813,1145,12660,1649,12660,371,133
813,1145,12661,1649,12661,371,133
813,1145,12662,1649,12662,371,133
813,1145,12663,1649,12663,371,133
813,1145,12664,1649,12664,371,133
813,1145,12665,1649,12665,371,133
813,1145,12666,1649,12666,371,133
813,1145,12667,1649,12667,371,133
813,1145,12668,1649,12668,371,133
813,1145,12669,1649,12669,371,133
813,1145,12670,1649,12670,371,133
813,1145,12671,1649,12671,371,133
813,1145,12672,1649,12672,371,133
813,1145,12673,1649,12673,371,133
813,1145,12674,1649,12674,371,133
813,1145,12675,1649,12675,371,133
813,1145,12676,1649,12676,371,133
813,1145,12677,1649,12677,371,133
813,1145,12678,1649,12678,371,133
813,1145,12679,1649,12679,371,133
813,1145,12680,1649,12680,371,133
813,1145,12681,1649,12681,371,133
813,1145,12682,1649,12682,371,133
813,1145,12683,1649,12683,371,133
813,1145,12684,1649,12684,371,133
813,1145,12685,1649,12685,371,133
813,1145,12686,1649,12686,371,133
813,1145,12687,1649,12687,371,133
813,1145,12688,1649,12688,371,133
813,1145,12689,1649,12689,371,133
813,1145,12690,1649,12690,371,133
813,1145,12691,1649,12691,371,133
813,1145,12692,1649,12692,371,133
813,1145,12693,1649,12693,371,133
813,1145,12694,1649,12694,371,133
813,1145,12695,1649,12695,371,133
813,1145,12696,1649,12696,371,133
813,1145,12697,1649,12697,371,133
813,1145,12698,1649,12698,371,133
813,1145,12699,1649,12699,371,133
813,1145,12700,1649,12700,371,133
813,1145,12701,1649,12701,371,133
813,1145,12702,1649,12702,371,133
813,1145,12703,1649,12703,371,133
813,1145,12704,1649,12704,371,133
813,1145,12705,1649,12705,371,133
813,1145,12706,1649,12706,371,133
813,1145,12707,1649,12707,371,133
813,1145,12708,1649,12708,371,133
813,1145,12709,1649,12709,371,133
813,1145,12710,1649,12710,371,133
813,1145,12711,1649,12711,371,133
813,1145,12712,1649,12712,371,133
813,1145,12713,1649,12713,371,133
813,1145,12714,1649,12714,371,133
813,1145,12715,1649,12715,371,133
813,1145,12716,1649,12716,371,133
813,1145,12717,1649,12717,371,133
813,1145,12718,1649,12718,371,133
813,1145,12719,1649,12719,371,133
813,1145,12720,1649,12720,371,133
813,1145,12721,1649,12721,371,133
813,1145,12722,1649,12722,371,133
813,1145,12723,1649,12723,371,133
813,1145,12724,1649,12724,371,133
813,1145,12725,1649,12725,371,133
814,1145,12726,1649,12726,371,133
814,1145,12727,1649,12727,371,133
814,1145,12728,1649,12728,371,133
814,1145,12729,1649,12729,371,133
814,1145,12730,1649,12730,371,133
814,1145,12731,1649,12731,371,133
814,1145,12732,1649,12732,371,133
814,1145,12733,1649,12733,371,133
814,1145,12734,1649,12734,371,133
814,1145,12735,1649,12735,371,133
814,1145,12736,1649,12736,371,133
814,1145,12737,1649,12737,371,133
814,1145,12738,1649,12738,371,133
814,1145,12739,1649,12739,371,133
814,1145,12740,1649,12740,371,133
814,1145,12741,1649,12741,371,133
814,1145,12742,1649,12742,371,133
814,1145,12743,1649,12743,371,133
814,1145,12744,1649,12744,371,133
814,1145,12745,1649,12745,371,133
814,1145,12746,1649,12746,371,133
814,1145,12747,1649,12747,371,133
814,1145,12748,1649,12748,371,133
814,1145,12749,1649,12749,371,133
814,1145,12750,1649,12750,371,133
814,1145,12751,1649,12751,371,133
814,1145,12752,1649,12752,371,133
814,1145,12753,1649,12753,371,133
814,1145,12754,1649,12754,371,133
814,1145,12755,1649,12755,371,133
814,1145,12756,1649,12756,371,133
814,1145,12757,1649,12757,371,133
814,1145,12758,1649,12758,371,133
814,1145,12759,1649,12759,371,133
814,1145,12760,1649,12760,371,133
814,1145,12761,1649,12761,371,133
814,1145,12762,1649,12762,371,133
814,1145,12763,1649,12763,371,133
814,1145,12764,1649,12764,371,133
814,1145,12765,1649,12765,371,133
814,1145,12766,1649,12766,371,133
814,1145,12767,1649,12767,371,133
814,1145,12768,1649,12768,371,133
814,1145,12769,1649,12769,371,133
814,1145,12770,1649,12770,371,133
814,1145,12771,1649,12771,371,133
814,1145,12772,1649,12772,371,133
814,1145,12773,1649,12773,371,133
814,1145,12774,1649,12774,371,133
814,1145,12775,1649,12775,371,133
814,1145,12776,1649,12776,371,133
814,1145,12777,1649,12777,371,133
814,1145,12778,1649,12778,371,133
814,1145,12779,1649,12779,371,133
814,1145,12780,1649,12780,371,133
814,1145,12781,1649,12781,371,133
814,1145,12782,1649,12782,371,133
814,1145,12783,1649,12783,371,133
814,1145,12784,1649,12784,371,133
814,1145,12785,1649,12785,371,133
814,1145,12786,1649,12786,371,133
814,1145,12787,1649,12787,371,133
814,1145,12788,1649,12788,371,133
814,1145,12789,1649,12789,371,133
814,1145,12790,1649,12790,371,133
814,1145,12791,1649,12791,371,133
814,1145,12792,1649,12792,371,133
814,1145,12793,1649,12793,371,133
814,1145,12794,1649,12794,371,133
814,1145,12795,1649,12795,371,133
814,1145,12796,1649,12796,371,133
814,1145,12797,1649,12797,371,133
814,1145,12798,1649,12798,371,133
814,1145,12799,1649,12799,371,133
814,1145,12800,1649,12800,371,133
814,1145,12801,1649,12801,371,133
814,1145,12802,1649,12802,371,133
814,1145,12803,1649,12803,371,133
814,1145,12804,1649,12804,371,133
814,1145,12805,1649,12805,371,133
814,1145,12806,1649,12806,371,133
814,1145,12807,1649,12807,371,133
814,1145,12808,1649,12808,371,133
814,1145,12809,1649,12809,371,133
814,1145,12810,1649,12810,371,133
814,1145,12811,1649,12811,371,133
814,1145,12812,1649,12812,371,133
813,1145,12813,1649,12813,371,133
813,1145,12814,1649,12814,371,133
813,1145,12815,1649,12815,371,133
813,1145,12816,1649,12816,371,133
813,1145,12817,1649,12817,371,133
813,1145,12818,1649,12818,371,133
813,1145,12819,1649,12819,371,133
813,1145,12820,1649,12820,371,133
813,1145,12821,1649,12821,371,133
813,1145,12822,1649,12822,371,133
813,1145,12823,1649,12823,371,133
813,1145,12824,1649,12824,371,133
813,1145,12825,1649,12825,371,133
812,1145,12826,1649,12826,371,132
812,1145,12827,1649,12827,371,132
812,1145,12828,1649,12828,371,132
812,1145,12829,1649,12829,371,132
812,1145,12830,1649,12830,371,132
812,1145,12831,1649,12831,371,132
812,1145,12832,1649,12832,371,132
812,1145,12833,1649,12833,371,132
812,1145,12834,1649,12834,371,132
812,1145,12835,1649,12835,371,132
812,1145,12836,1649,12836,371,132
812,1145,12837,1649,12837,371,132
812,1145,12838,1649,12838,371,132
812,1145,12839,1649,12839,371,132
812,1145,12840,1649,12840,371,132
812,1145,12841,1649,12841,371,132
812,1145,12842,1649,12842,371,132
812,1145,12843,1649,12843,371,132
812,1145,12844,1649,12844,371,132
812,1145,12845,1649,12845,371,132
812,1145,12846,1649,12846,371,132
812,1145,12847,1649,12847,371,132
812,1145,12848,1649,12848,371,132
812,1145,12849,1649,12849,371,132
812,1145,12850,1649,12850,371,132
812,1145,12851,1649,12851,371,132
812,1145,12852,1649,12852,371,132
812,1145,12853,1649,12853,371,132
812,1145,12854,1649,12854,371,132
812,1145,12855,1649,12855,371,132
812,1145,12856,1649,12856,371,132
812,1145,12857,1649,12857,371,132
812,1145,12858,1649,12858,371,132
812,1145,12859,1649,12859,371,132
812,1145,12860,1649,12860,371,132
812,1145,12861,1649,12861,371,132
812,1145,12862,1649,12862,371,132
812,1145,12863,1649,12863,371,132
812,1145,12864,1649,12864,371,132
812,1145,12865,1649,12865,371,132
812,1145,12866,1649,12866,371,132
812,1145,12867,1649,12867,371,132
812,1145,12868,1649,12868,371,132
812,1145,12869,1649,12869,371,132
812,1145,12870,1649,12870,371,132
812,1145,12871,1649,12871,371,132
812,1145,12872,1649,12872,371,132
812,1145,12873,1649,12873,371,132
812,1145,12874,1649,12874,371,132
812,1145,12875,1649,12875,371,132
812,1145,12876,1649,12876,371,132
812,1145,12877,1649,12877,371,132
812,1145,12878,1649,12878,371,132
812,1145,12879,1649,12879,371,132
812,1145,12880,1649,12880,371,132
812,1145,12881,1649,12881,371,132
812,1145,12882,1649,12882,371,132
812,1145,12883,1649,12883,371,132
812,1145,12884,1649,12884,371,132
812,1145,12885,1649,12885,371,132
812,1145,12886,1649,12886,371,132
812,1145,12887,1649,12887,371,132
812,1145,12888,1649,12888,371,132
811,1145,12889,1649,12889,371,132
811,1145,12890,1649,12890,371,132
811,1145,12891,1649,12891,371,132
811,1145,12892,1649,12892,371,132
811,1145,12893,1649,12893,371,132
811,1145,12894,1649,12894,371,132
811,1145,12895,1649,12895,371,132
811,1145,12896,1649,12896,371,132
811,1145,12897,1649,12897,371,132
811,1145,12898,1649,12898,371,132
811,1145,12899,1649,12899,371,132
810,1145,12900,1649,12900,371,132
810,1145,12901,1649,12901,371,132
810,1145,12902,1649,12902,371,132
809,1145,12903,1649,12903,371,132
809,1145,12904,1649,12904,371,132
809,1145,12905,1649,12905,371,132
809,1145,12906,1649,12906,371,132
809,1145,12907,1649,12907,371,132
809,1145,12908,1649,12908,371,132
809,1145,12909,1649,12909,371,132
809,1145,12910,1649,12910,371,132
809,1145,12911,1649,12911,371,132
810,1145,12912,1649,12912,371,132
810,1145,12913,1649,12913,371,132
810,1145,12914,1649,12914,371,132
810,1145,12915,1649,12915,371,132
810,1145,12916,1649,12916,371,132
810,1145,12917,1649,12917,371,132
810,1145,12918,1649,12918,371,132
810,1145,12919,1649,12919,371,132
810,1145,12920,1649,12920,371,132
810,1145,12921,1649,12921,371,132
810,1145,12922,1649,12922,371,132
810,1145,12923,1649,12923,371,132
810,1145,12924,1649,12924,371,132
810,1145,12925,1649,12925,371,132
810,1145,12926,1649,12926,371,132
810,1145,12927,1649,12927,371,132
810,1145,12928,1649,12928,371,132
810,1145,12929,1649,12929,371,132
810,1145,12930,1649,12930,371,132
810,1145,12931,1649,12931,371,132
810,1145,12932,1649,12932,371,132
810,1145,12933,1649,12933,371,132
810,1145,12934,1649,12934,371,132
810,1145,12935,1649,12935,371,132
810,1145,12936,1649,12936,371,132
810,1145,12937,1649,12937,371,132
810,1145,12938,1649,12938,371,132
810,1145,12939,1649,12939,371,132
810,1145,12940,1649,12940,371,132
810,1145,12941,1649,12941,371,132
810,1145,12942,1649,12942,371,132
810,1145,12943,1649,12943,371,132
810,1145,12944,1649,12944,371,132
810,1145,12945,1649,12945,371,132
810,1145,12946,1649,12946,371,132
810,1145,12947,1649,12947,371,132
810,1145,12948,1649,12948,371,132
810,1145,12949,1649,12949,371,132
810,1145,12950,1649,12950,371,132
810,1145,12951,1649,12951,371,132
810,1145,12952,1649,12952,371,132
810,1145,12953,1649,12953,371,132
810,1145,12954,1649,12954,371,132
810,1145,12955,1649,12955,371,132
810,1145,12956,1649,12956,371,132
810,1145,12957,1649,12957,371,132
810,1145,12958,1649,12958,371,132
810,1145,12959,1649,12959,371,132
810,1145,12960,1649,12960,371,132
810,1145,12961,1649,12961,371,132
810,1145,12962,1649,12962,371,132
810,1145,12963,1649,12963,371,132
810,1145,12964,1649,12964,371,132
810,1145,12965,1649,12965,371,132
810,1145,12966,1649,12966,371,132
810,1145,12967,1649,12967,371,132
810,1145,12968,1649,12968,371,132
810,1145,12969,1649,12969,371,132
810,1145,12970,1649,12970,371,132
810,1145,12971,1649,12971,371,132
810,1145,12972,1649,12972,371,132
810,1145,12973,1649,12973,371,132
810,1145,12974,1649,12974,371,132
810,1145,12975,1649,12975,371,132
810,1145,12976,1649,12976,371,132
810,1145,12977,1649,12977,371,132
810,1145,12978,1649,12978,371,132
810,1145,12979,1649,12979,371,132
810,1145,12980,1649,12980,371,132
810,1145,12981,1649,12981,371,132
810,1145,12982,1649,12982,371,132
810,1145,12983,1649,12983,371,132
810,1145,12984,1649,12984,371,132
810,1145,12985,1649,12985,371,132
810,1145,12986,1649,12986,371,132
810,1145,12987,1649,12987,371,132
810,1145,12988,1649,12988,371,132
810,1145,12989,1649,12989,371,132
810,1145,12990,1649,12990,371,132
810,1145,12991,1649,12991,371,132
810,1145,12992,1649,12992,371,132
810,1145,12993,1649,12993,371,132
810,1145,12994,1649,12994,371,132
810,1145,12995,1649,12995,371,132
810,1145,12996,1649,12996,371,132
810,1145,12997,1649,12997,371,132
810,1145,12998,1649,12998,371,132
810,1145,12999,1649,12999,371,132
810,1145,13000,1649,13000,371,132
810,1145,13001,1649,13001,371,132
810,1145,13002,1649,13002,371,132
810,1145,13003,1649,13003,371,132
810,1145,13004,1649,13004,371,132
810,1145,13005,1649,13005,371,132
810,1145,13006,1649,13006,371,132
810,1145,13007,1649,13007,371,132
810,1145,13008,1649,13008,371,132
810,1145,13009,1649,13009,371,132
810,1145,13010,1649,13010,371,132
810,1145,13011,1649,13011,371,132
810,1145,13012,1649,13012,371,132
810,1145,13013,1649,13013,371,132
810,1145,13014,1649,13014,371,132
810,1145,13015,1649,13015,371,132
810,1145,13016,1649,13016,371,132
810,1145,13017,1649,13017,371,132
810,1145,13018,1649,13018,371,132
810,1145,13019,1649,13019,371,132
810,1145,13020,1649,13020,371,132
810,1145,13021,1649,13021,371,132
810,1145,13022,1649,13022,371,132
810,1145,13023,1649,13023,371,132
810,1145,13024,1649,13024,371,132
810,1145,13025,1649,13025,371,132
810,1145,13026,1649,13026,371,132
810,1145,13027,1649,13027,371,132
810,1145,13028,1649,13028,371,132
810,1145,13029,1649,13029,371,132
810,1145,13030,1649,13030,371,132
809,1145,13031,1649,13031,371,132
809,1145,13032,1649,13032,371,132
809,1145,13033,1649,13033,371,132
809,1145,13034,1649,13034,371,132
809,1145,13035,1649,13035,371,132
809,1145,13036,1649,13036,371,132
809,1145,13037,1649,13037,371,132
809,1145,13038,1649,13038,371,132
809,1145,13039,1649,13039,371,132
809,1145,13040,1649,13040,371,132
809,1145,13041,1649,13041,371,132
809,1145,13042,1649,13042,371,132
809,1145,13043,1649,13043,371,132
809,1145,13044,1649,13044,371,132
809,1145,13045,1649,13045,371,132
809,1145,13046,1649,13046,371,132
809,1145,13047,1649,13047,371,132
809,1145,13048,1649,13048,371,132
809,1145,13049,1649,13049,371,132
809,1145,13050,1649,13050,371,132
809,1145,13051,1649,13051,371,132
809,1145,13052,1649,13052,371,132
809,1145,13053,1649,13053,371,132
809,1145,13054,1649,13054,371,132
809,1145,13055,1649,13055,371,132
809,1145,13056,1649,13056,371,132
809,1145,13057,1649,13057,371,132
809,1145,13058,1649,13058,371,132
809,1145,13059,1649,13059,371,132
809,1145,13060,1649,13060,371,132
809,1145,13061,1649,13061,371,132
809,1145,13062,1649,13062,371,132
809,1145,13063,1649,13063,371,132
809,1145,13064,1649,13064,371,132
809,1145,13065,1649,13065,371,132
809,1145,13066,1649,13066,371,132
809,1145,13067,1649,13067,371,132
809,1145,13068,1649,13068,371,132
809,1145,13069,1649,13069,371,132
809,1145,13070,1649,13070,371,132
809,1145,13071,1649,13071,371,132
809,1145,13072,1649,13072,371,132
809,1145,13073,1649,13073,371,132
809,1145,13074,1649,13074,371,132
809,1145,13075,1649,13075,371,132
809,1145,13076,1649,13076,371,132
809,1145,13077,1649,13077,371,132
809,1145,13078,1649,13078,371,132
809,1145,13079,1649,13079,371,132
809,1145,13080,1649,13080,371,132
809,1145,13081,1649,13081,371,132
809,1145,13082,1649,13082,371,132
809,1145,13083,1649,13083,371,132
809,1145,13084,1649,13084,371,132
809,1145,13085,1649,13085,371,132
809,1145,13086,1649,13086,371,132
809,1145,13087,1649,13087,371,132
809,1145,13088,1649,13088,371,132
809,1145,13089,1649,13089,371,132
809,1145,13090,1649,13090,371,132
809,1145,13091,1649,13091,371,132
809,1145,13092,1649,13092,371,132
809,1145,13093,1649,13093,371,132
809,1145,13094,1649,13094,371,132
809,1145,13095,1649,13095,371,132
809,1145,13096,1649,13096,371,132
809,1145,13097,1649,13097,371,132
809,1145,13098,1649,13098,371,132
809,1145,13099,1649,13099,371,132
809,1145,13100,1649,13100,371,132
809,1145,13101,1649,13101,371,132
809,1145,13102,1649,13102,371,132
809,1145,13103,1649,13103,371,132
809,1145,13104,1649,13104,371,132
809,1145,13105,1649,13105,371,132
809,1145,13106,1649,13106,371,132
809,1145,13107,1649,13107,371,132
809,1145,13108,1649,13108,371,132
809,1145,13109,1649,13109,371,132
809,1145,13110,1649,13110,371,132
809,1145,13111,1649,13111,371,132
809,1145,13112,1649,13112,371,132
809,1145,13113,1649,13113,371,132
809,1145,13114,1649,13114,371,132
809,1145,13115,1649,13115,371,132
809,1145,13116,1649,13116,371,132
809,1145,13117,1649,13117,371,132
809,1145,13118,1649,13118,371,132
809,1145,13119,1649,13119,371,132
809,1145,13120,1649,13120,371,132
809,1145,13121,1649,13121,371,132
809,1145,13122,1649,13122,371,132
808,1145,13123,1649,13123,371,132
808,1145,13124,1649,13124,371,132
808,1145,13125,1649,13125,371,132
808,1145,13126,1649,13126,371,132
808,1145,13127,1649,13127,371,132
808,1145,13128,1649,13128,371,132
808,1145,13129,1649,13129,371,132
808,1145,13130,1649,13130,371,132
808,1145,13131,1649,13131,371,132
808,1145,13132,1649,13132,371,132
808,1145,13133,1649,13133,371,132
807,1145,13134,1649,13134,371,132
807,1145,13135,1649,13135,371,132
807,1145,13136,1649,13136,371,132
807,1145,13137,1649,13137,371,132
807,1145,13138,1649,13138,371,132
807,1145,13139,1649,13139,371,132
807,1145,13140,1649,13140,371,132
807,1145,13141,1649,13141,371,132
807,1145,13142,1649,13142,371,132
807,1145,13143,1649,13143,371,132
807,1145,13144,1649,13144,371,132
807,1145,13145,1649,13145,371,132
807,1145,13146,1649,13146,371,132
807,1145,13147,1649,13147,371,132
807,1145,13148,1649,13148,371,132
807,1145,13149,1649,13149,371,132
807,1145,13150,1649,13150,371,132
807,1145,13151,1649,13151,371,132
807,1145,13152,1649,13152,371,132
807,1145,13153,1649,13153,371,132
807,1145,13154,1649,13154,371,132
807,1145,13155,1649,13155,371,132
807,1145,13156,1649,13156,371,132
807,1145,13157,1649,13157,371,132
807,1145,13158,1649,13158,371,132
807,1145,13159,1649,13159,371,132
807,1145,13160,1649,13160,371,132
807,1145,13161,1649,13161,371,132
807,1145,13162,1649,13162,371,132
807,1145,13163,1649,13163,371,132
807,1145,13164,1649,13164,371,132
807,1145,13165,1649,13165,371,132
807,1145,13166,1649,13166,371,132
807,1145,13167,1649,13167,371,132
807,1145,13168,1649,13168,371,132
807,1145,13169,1649,13169,371,132
807,1145,13170,1649,13170,371,132
807,1145,13171,1649,13171,371,132
807,1145,13172,1649,13172,371,132
807,1145,13173,1649,13173,371,132
807,1145,13174,1649,13174,371,132
807,1145,13175,1649,13175,371,132
807,1145,13176,1649,13176,371,132
807,1145,13177,1649,13177,371,132
807,1145,13178,1649,13178,371,132
807,1145,13179,1649,13179,371,132
807,1145,13180,1649,13180,371,132
807,1145,13181,1649,13181,371,132
807,1145,13182,1649,13182,371,132
807,1145,13183,1649,13183,371,132
807,1145,13184,1649,13184,371,132
807,1145,13185,1649,13185,371,132
807,1145,13186,1649,13186,371,132
807,1145,13187,1649,13187,371,132
807,1145,13188,1649,13188,371,132
807,1145,13189,1649,13189,371,132
807,1145,13190,1649,13190,371,132
807,1145,13191,1649,13191,371,132
807,1145,13192,1649,13192,371,132
807,1145,13193,1649,13193,371,132
807,1145,13194,1649,13194,371,132
807,1145,13195,1649,13195,371,132
807,1145,13196,1649,13196,371,132
807,1145,13197,1649,13197,371,132
807,1145,13198,1649,13198,371,132
807,1145,13199,1649,13199,371,132
807,1145,13200,1649,13200,371,132
807,1145,13201,1649,13201,371,132
807,1145,13202,1649,13202,371,132
807,1145,13203,1649,13203,371,132
807,1145,13204,1649,13204,371,132
807,1145,13205,1649,13205,371,132
807,1145,13206,1649,13206,371,132
807,1145,13207,1649,13207,371,132
807,1145,13208,1649,13208,371,132
807,1145,13209,1649,13209,371,132
807,1145,13210,1649,13210,371,132
807,1145,13211,1649,13211,371,132
807,1145,13212,1649,13212,371,132
807,1145,13213,1649,13213,371,132
807,1145,13214,1649,13214,371,132
807,1145,13215,1649,13215,371,132
807,1145,13216,1649,13216,371,132
807,1145,13217,1649,13217,371,132
807,1145,13218,1649,13218,371,132
807,1145,13219,1649,13219,371,132
806,1145,13220,1649,13220,371,132
806,1145,13221,1649,13221,371,132
806,1145,13222,1649,13222,371,132
806,1145,13223,1649,13223,371,132
806,1145,13224,1649,13224,371,132
806,1145,13225,1649,13225,371,132
806,1145,13226,1649,13226,371,132
806,1145,13227,1649,13227,371,132
806,1145,13228,1649,13228,371,132
806,1145,13229,1649,13229,371,132
806,1145,13230,1649,13230,371,132
806,1145,13231,1649,13231,371,132
806,1145,13232,1649,13232,371,132
806,1145,13233,1649,13233,371,132
806,1145,13234,1649,13234,371,132
806,1145,13235,1649,13235,371,132
806,1145,13236,1649,13236,371,132
806,1145,13237,1649,13237,371,132
806,1145,13238,1649,13238,371,132
806,1145,13239,1649,13239,371,132
806,1145,13240,1649,13240,371,132
806,1145,13241,1649,13241,371,132
806,1145,13242,1649,13242,371,132
806,1145,13243,1649,13243,371,132
806,1145,13244,1649,13244,371,132
806,1145,13245,1649,13245,371,132
806,1145,13246,1649,13246,371,132
806,1145,13247,1649,13247,371,132
806,1145,13248,1649,13248,371,132
806,1145,13249,1649,13249,371,132
806,1145,13250,1649,13250,371,132
806,1145,13251,1649,13251,371,132
806,1145,13252,1649,13252,371,132
806,1145,13253,1649,13253,371,132
806,1145,13254,1649,13254,371,132
806,1145,13255,1649,13255,371,132
806,1145,13256,1649,13256,371,132
806,1145,13257,1649,13257,371,132
806,1145,13258,1649,13258,371,132
806,1145,13259,1649,13259,371,132
806,1145,13260,1649,13260,371,132
806,1145,13261,1649,13261,371,132
806,1145,13262,1649,13262,371,132
806,1145,13263,1649,13263,371,132
806,1145,13264,1649,13264,371,132
806,1145,13265,1649,13265,371,132
807,1145,13266,1649,13266,371,132
807,1145,13267,1649,13267,371,132
807,1145,13268,1649,13268,371,132
807,1145,13269,1649,13269,371,132
807,1145,13270,1649,13270,371,132
807,1145,13271,1649,13271,371,132
807,1145,13272,1649,13272,371,132
807,1145,13273,1649,13273,371,132
807,1145,13274,1649,13274,371,132
807,1145,13275,1649,13275,371,132
807,1145,13276,1649,13276,371,132
807,1145,13277,1649,13277,371,132
807,1145,13278,1649,13278,371,132
807,1145,13279,1649,13279,371,132
807,1145,13280,1649,13280,371,132
807,1145,13281,1649,13281,371,132
807,1145,13282,1649,13282,371,132
807,1145,13283,1649,13283,371,132
807,1145,13284,1649,13284,371,132
807,1145,13285,1649,13285,371,132
807,1145,13286,1649,13286,371,132
807,1145,13287,1649,13287,371,132
807,1145,13288,1649,13288,371,132
807,1145,13289,1649,13289,371,132
807,1145,13290,1649,13290,371,132
807,1145,13291,1649,13291,371,132
807,1145,13292,1649,13292,371,132
807,1145,13293,1649,13293,371,132
807,1145,13294,1649,13294,371,132
807,1145,13295,1649,13295,371,132
807,1145,13296,1649,13296,371,132
807,1145,13297,1649,13297,371,132
807,1145,13298,1649,13298,371,132
807,1145,13299,1649,13299,371,132
807,1145,13300,1649,13300,371,132
807,1145,13301,1649,13301,371,132
807,1145,13302,1649,13302,371,132
807,1145,13303,1649,13303,371,132
807,1145,13304,1649,13304,371,132
807,1145,13305,1649,13305,371,132
807,1145,13306,1649,13306,371,132
807,1145,13307,1649,13307,371,132
807,1145,13308,1649,13308,371,132
807,1145,13309,1649,13309,371,132
807,1145,13310,1649,13310,371,132
807,1145,13311,1649,13311,371,132
807,1145,13312,1649,13312,371,132
807,1145,13313,1649,13313,371,132
807,1145,13314,1649,13314,371,132
807,1145,13315,1649,13315,371,132
807,1145,13316,1649,13316,371,132
807,1145,13317,1649,13317,371,132
807,1145,13318,1649,13318,371,132
807,1145,13319,1649,13319,371,132
807,1145,13320,1649,13320,371,132
807,1145,13321,1649,13321,371,132
806,1145,13322,1649,13322,371,132
806,1145,13323,1649,13323,371,132
806,1145,13324,1649,13324,371,132
806,1145,13325,1649,13325,371,132
806,1145,13326,1649,13326,371,132
806,1145,13327,1649,13327,371,132
806,1145,13328,1649,13328,371,132
806,1145,13329,1649,13329,371,132
806,1145,13330,1649,13330,371,132
806,1145,13331,1649,13331,371,132
806,1145,13332,1649,13332,371,132
806,1145,13333,1649,13333,371,132
806,1145,13334,1649,13334,371,132
806,1145,13335,1649,13335,371,132
806,1145,13336,1649,13336,371,132
806,1145,13337,1649,13337,371,132
806,1145,13338,1649,13338,371,132
806,1145,13339,1649,13339,371,132
806,1145,13340,1649,13340,371,132
806,1145,13341,1649,13341,371,132
806,1145,13342,1649,13342,371,132
806,1145,13343,1649,13343,371,132
806,1145,13344,1649,13344,371,132
806,1145,13345,1649,13345,371,132
806,1145,13346,1649,13346,371,132
806,1145,13347,1649,13347,371,132
806,1145,13348,1649,13348,371,132
806,1145,13349,1649,13349,371,132
806,1145,13350,1649,13350,371,132
806,1145,13351,1649,13351,371,132
806,1145,13352,1649,13352,371,132
806,1145,13353,1649,13353,371,132
806,1145,13354,1649,13354,371,132
806,1145,13355,1649,13355,371,132
806,1145,13356,1649,13356,371,132
806,1145,13357,1649,13357,371,132
806,1145,13358,1649,13358,371,132
806,1145,13359,1649,13359,371,132
806,1145,13360,1649,13360,371,132
806,1145,13361,1649,13361,371,132
806,1145,13362,1649,13362,371,132
806,1145,13363,1649,13363,371,132
806,1145,13364,1649,13364,371,132
806,1145,13365,1649,13365,371,132
806,1145,13366,1649,13366,371,132
806,1145,13367,1649,13367,371,132
806,1145,13368,1649,13368,371,132
806,1145,13369,1649,13369,371,132
806,1145,13370,1649,13370,371,132
806,1145,13371,1649,13371,371,132
806,1145,13372,1649,13372,371,132
806,1145,13373,1649,13373,371,132
806,1145,13374,1649,13374,371,132
806,1145,13375,1649,13375,371,132
806,1145,13376,1649,13376,371,132
806,1145,13377,1649,13377,371,132
806,1145,13378,1649,13378,371,132
806,1145,13379,1649,13379,371,132
806,1145,13380,1649,13380,371,132
806,1145,13381,1649,13381,371,132
806,1145,13382,1649,13382,371,132
806,1145,13383,1649,13383,371,132
806,1145,13384,1649,13384,371,132
806,1145,13385,1649,13385,371,132
806,1145,13386,1649,13386,371,132
806,1145,13387,1649,13387,371,132
806,1145,13388,1649,13388,371,132
806,1145,13389,1649,13389,371,132
806,1145,13390,1649,13390,371,132
806,1145,13391,1649,13391,371,132
806,1145,13392,1649,13392,371,132
806,1145,13393,1649,13393,371,132
806,1145,13394,1649,13394,371,132
806,1145,13395,1649,13395,371,132
805,1145,13396,1649,13396,371,132
805,1145,13397,1649,13397,371,132
805,1145,13398,1649,13398,371,132
805,1145,13399,1649,13399,371,132
805,1145,13400,1649,13400,371,132
805,1145,13401,1649,13401,371,132
805,1145,13402,1649,13402,371,132
805,1145,13403,1649,13403,371,132
805,1145,13404,1649,13404,371,132
805,1145,13405,1649,13405,371,132
805,1145,13406,1649,13406,371,132
805,1145,13407,1649,13407,371,132
805,1145,13408,1649,13408,371,132
805,1145,13409,1649,13409,371,132
805,1145,13410,1649,13410,371,132
805,1145,13411,1649,13411,371,132
805,1145,13412,1649,13412,371,132
805,1145,13413,1649,13413,371,132
805,1145,13414,1649,13414,371,132
805,1145,13415,1649,13415,371,132
805,1145,13416,1649,13416,371,132
805,1145,13417,1649,13417,371,132
805,1145,13418,1649,13418,371,132
805,1145,13419,1649,13419,371,132
805,1145,13420,1649,13420,371,132
805,1145,13421,1649,13421,371,132
805,1145,13422,1649,13422,371,132
805,1145,13423,1649,13423,371,132
805,1145,13424,1649,13424,371,132
805,1145,13425,1649,13425,371,132
805,1145,13426,1649,13426,371,132
806,1145,13427,1649,13427,371,132
806,1145,13428,1649,13428,371,132
806,1145,13429,1649,13429,371,132
806,1145,13430,1649,13430,371,132
806,1145,13431,1649,13431,371,132
806,1145,13432,1649,13432,371,132
806,1145,13433,1649,13433,371,132
806,1145,13434,1649,13434,371,132
805,1145,13435,1649,13435,371,132
805,1145,13436,1649,13436,371,132
805,1145,13437,1649,13437,371,132
805,1145,13438,1649,13438,371,132
805,1145,13439,1649,13439,371,132
805,1145,13440,1649,13440,371,132
805,1145,13441,1649,13441,371,132
805,1145,13442,1649,13442,371,132
805,1145,13443,1649,13443,371,132
805,1145,13444,1649,13444,371,132
805,1145,13445,1649,13445,371,132
805,1145,13446,1649,13446,371,132
804,1145,13447,1649,13447,371,132
804,1145,13448,1649,13448,371,132
804,1145,13449,1649,13449,371,132
804,1145,13450,1649,13450,371,132
804,1145,13451,1649,13451,371,132
804,1145,13452,1649,13452,371,132
804,1145,13453,1649,13453,371,132
804,1145,13454,1649,13454,371,132
804,1145,13455,1649,13455,371,132
804,1145,13456,1649,13456,371,132
804,1145,13457,1649,13457,371,132
804,1145,13458,1649,13458,371,132
804,1145,13459,1649,13459,371,132
804,1145,13460,1649,13460,371,132
804,1145,13461,1649,13461,371,132
804,1145,13462,1649,13462,371,132
804,1145,13463,1649,13463,371,132
804,1145,13464,1649,13464,371,132
804,1145,13465,1649,13465,371,132
804,1145,13466,1649,13466,371,132
804,1145,13467,1649,13467,371,132
804,1145,13468,1649,13468,371,132
804,1145,13469,1649,13469,371,132
804,1145,13470,1649,13470,371,132
804,1145,13471,1649,13471,371,132
804,1145,13472,1649,13472,371,132
804,1145,13473,1649,13473,371,132
804,1145,13474,1649,13474,371,132
804,1145,13475,1649,13475,371,132
804,1145,13476,1649,13476,371,132
804,1145,13477,1649,13477,371,132
804,1145,13478,1649,13478,371,132
804,1145,13479,1649,13479,371,132
804,1145,13480,1649,13480,371,132
804,1145,13481,1649,13481,371,132
804,1145,13482,1649,13482,371,132
804,1145,13483,1649,13483,371,132
804,1145,13484,1649,13484,371,132
804,1145,13485,1649,13485,371,132
804,1145,13486,1649,13486,371,132
804,1145,13487,1649,13487,371,132
804,1145,13488,1649,13488,371,132
804,1145,13489,1649,13489,371,132
804,1145,13490,1649,13490,371,132
804,1145,13491,1649,13491,371,132
804,1145,13492,1649,13492,371,132
804,1145,13493,1649,13493,371,132
804,1145,13494,1649,13494,371,132
804,1145,13495,1649,13495,371,132
804,1145,13496,1649,13496,371,132
804,1145,13497,1649,13497,371,132
804,1145,13498,1649,13498,371,132
804,1145,13499,1649,13499,371,132
804,1145,13500,1649,13500,371,132
804,1145,13501,1649,13501,371,132
804,1145,13502,1649,13502,371,132
804,1145,13503,1649,13503,371,132
804,1145,13504,1649,13504,371,132
804,1145,13505,1649,13505,371,132
804,1145,13506,1649,13506,371,132
804,1145,13507,1649,13507,371,132
804,1145,13508,1649,13508,371,132
804,1145,13509,1649,13509,371,132
804,1145,13510,1649,13510,371,132
804,1145,13511,1649,13511,371,132
804,1145,13512,1649,13512,371,132
804,1145,13513,1649,13513,371,132
804,1145,13514,1649,13514,371,132
804,1145,13515,1649,13515,371,132
804,1145,13516,1649,13516,371,132
804,1145,13517,1649,13517,371,132
804,1145,13518,1649,13518,371,132
804,1145,13519,1649,13519,371,132
804,1145,13520,1649,13520,371,132
804,1145,13521,1649,13521,371,132
804,1145,13522,1649,13522,371,132
804,1145,13523,1649,13523,371,132
804,1145,13524,1649,13524,371,132
804,1145,13525,1649,13525,371,132
804,1145,13526,1649,13526,371,132
804,1145,13527,1649,13527,371,132
805,1145,13528,1649,13528,371,132
805,1145,13529,1649,13529,371,132
805,1145,13530,1649,13530,371,132
805,1145,13531,1649,13531,371,132
805,1145,13532,1649,13532,371,132
805,1145,13533,1649,13533,371,132
805,1145,13534,1649,13534,371,132
805,1145,13535,1649,13535,371,132
805,1145,13536,1649,13536,371,132
805,1145,13537,1649,13537,371,132
805,1145,13538,1649,13538,371,132
805,1145,13539,1649,13539,371,132
805,1145,13540,1649,13540,371,132
805,1145,13541,1649,13541,371,132
805,1145,13542,1649,13542,371,132
805,1145,13543,1649,13543,371,132
805,1145,13544,1649,13544,371,132
805,1145,13545,1649,13545,371,132
805,1145,13546,1649,13546,371,132
805,1145,13547,1649,13547,371,132
805,1145,13548,1649,13548,371,132
805,1145,13549,1649,13549,371,132
805,1145,13550,1649,13550,371,132
805,1145,13551,1649,13551,371,132
805,1145,13552,1649,13552,371,132
805,1145,13553,1649,13553,371,132
805,1145,13554,1649,13554,371,132
805,1145,13555,1649,13555,371,132
805,1145,13556,1649,13556,371,132
805,1145,13557,1649,13557,371,132
805,1145,13558,1649,13558,371,132
805,1145,13559,1649,13559,371,132
805,1145,13560,1649,13560,371,132
805,1145,13561,1649,13561,371,132
805,1145,13562,1649,13562,371,132
805,1145,13563,1649,13563,371,132
805,1145,13564,1649,13564,371,132
806,1145,13565,1649,13565,371,132
806,1145,13566,1649,13566,371,132
806,1145,13567,1649,13567,371,132
806,1145,13568,1649,13568,371,132
806,1145,13569,1649,13569,371,132
806,1145,13570,1649,13570,371,132
806,1145,13571,1649,13571,371,132
806,1145,13572,1649,13572,371,132
806,1145,13573,1649,13573,371,132
806,1145,13574,1649,13574,371,132
806,1145,13575,1649,13575,371,132
806,1145,13576,1649,13576,371,132
806,1145,13577,1649,13577,371,132
806,1145,13578,1649,13578,371,132
806,1145,13579,1649,13579,371,132
806,1145,13580,1649,13580,371,132
806,1145,13581,1649,13581,371,132
806,1145,13582,1649,13582,371,132
806,1145,13583,1649,13583,371,132
806,1145,13584,1649,13584,371,132
806,1145,13585,1649,13585,371,132
806,1145,13586,1649,13586,371,132
806,1145,13587,1649,13587,371,132
806,1145,13588,1649,13588,371,132
806,1145,13589,1649,13589,371,132
806,1145,13590,1649,13590,371,132
805,1145,13591,1649,13591,371,132
805,1145,13592,1649,13592,371,132
805,1145,13593,1649,13593,371,132
805,1145,13594,1649,13594,371,132
805,1145,13595,1649,13595,371,132
805,1145,13596,1649,13596,371,132
805,1145,13597,1649,13597,371,132
805,1145,13598,1649,13598,371,132
805,1145,13599,1649,13599,371,132
805,1145,13600,1649,13600,371,132
805,1145,13601,1649,13601,371,132
805,1145,13602,1649,13602,371,132
805,1145,13603,1649,13603,371,132
805,1145,13604,1649,13604,371,132
805,1145,13605,1649,13605,371,132
805,1145,13606,1649,13606,371,132
805,1145,13607,1649,13607,371,132
805,1145,13608,1649,13608,371,132
805,1145,13609,1649,13609,371,132
805,1145,13610,1649,13610,371,132
805,1145,13611,1649,13611,371,132
805,1145,13612,1649,13612,371,132
805,1145,13613,1649,13613,371,132
805,1145,13614,1649,13614,371,132
805,1145,13615,1649,13615,371,132
805,1145,13616,1649,13616,371,132
805,1145,13617,1649,13617,371,132
805,1145,13618,1649,13618,371,132
805,1145,13619,1649,13619,371,132
805,1145,13620,1649,13620,371,132
805,1145,13621,1649,13621,371,132
805,1145,13622,1649,13622,371,132
805,1145,13623,1649,13623,371,132
805,1145,13624,1649,13624,371,132
805,1145,13625,1649,13625,371,132
805,1145,13626,1649,13626,371,132
805,1145,13627,1649,13627,371,132
805,1145,13628,1649,13628,371,132
805,1145,13629,1649,13629,371,132
805,1145,13630,1649,13630,371,132
805,1145,13631,1649,13631,371,132
805,1145,13632,1649,13632,371,132
805,1145,13633,1649,13633,371,132
805,1145,13634,1649,13634,371,132
805,1145,13635,1649,13635,371,132
805,1145,13636,1649,13636,371,132
805,1145,13637,1649,13637,371,132
805,1145,13638,1649,13638,371,132
805,1145,13639,1649,13639,371,132
805,1145,13640,1649,13640,371,132
805,1145,13641,1649,13641,371,132
805,1145,13642,1649,13642,371,132
805,1145,13643,1649,13643,371,132
805,1145,13644,1649,13644,371,132
805,1145,13645,1649,13645,371,132
805,1145,13646,1649,13646,371,132
805,1145,13647,1649,13647,371,132
805,1145,13648,1649,13648,371,132
805,1145,13649,1649,13649,371,132
805,1145,13650,1649,13650,371,132
805,1145,13651,1649,13651,371,132
805,1145,13652,1649,13652,371,132
805,1145,13653,1649,13653,371,132
805,1145,13654,1649,13654,371,132
805,1145,13655,1649,13655,371,132
805,1145,13656,1649,13656,371,132
805,1145,13657,1649,13657,371,132
805,1145,13658,1649,13658,371,132
805,1145,13659,1649,13659,371,132
805,1145,13660,1649,13660,371,132
805,1145,13661,1649,13661,371,132
805,1145,13662,1649,13662,371,132
805,1145,13663,1649,13663,371,132
805,1145,13664,1649,13664,371,132
805,1145,13665,1649,13665,371,132
805,1145,13666,1649,13666,371,132
805,1145,13667,1649,13667,371,132
805,1145,13668,1649,13668,371,132
805,1145,13669,1649,13669,371,132
805,1145,13670,1649,13670,371,132
805,1145,13671,1649,13671,371,132
805,1145,13672,1649,13672,371,132
805,1145,13673,1649,13673,371,132
805,1145,13674,1649,13674,371,132
805,1145,13675,1649,13675,371,132
805,1145,13676,1649,13676,371,132
805,1145,13677,1649,13677,371,132
805,1145,13678,1649,13678,371,132
805,1145,13679,1649,13679,371,132
805,1145,13680,1649,13680,371,132
805,1145,13681,1649,13681,371,132
805,1145,13682,1649,13682,371,132
805,1145,13683,1649,13683,371,132
805,1145,13684,1649,13684,371,132
805,1145,13685,1649,13685,371,132
805,1145,13686,1649,13686,371,132
805,1145,13687,1649,13687,371,132
805,1145,13688,1649,13688,371,132
805,1145,13689,1649,13689,371,132
805,1145,13690,1649,13690,371,132
805,1145,13691,1649,13691,371,132
805,1145,13692,1649,13692,371,132
805,1145,13693,1649,13693,371,132
805,1145,13694,1649,13694,371,132
805,1145,13695,1649,13695,371,132
805,1145,13696,1649,13696,371,132
805,1145,13697,1649,13697,371,132
805,1145,13698,1649,13698,371,132
805,1145,13699,1649,13699,371,132
805,1145,13700,1649,13700,371,132
805,1145,13701,1649,13701,371,132
805,1145,13702,1649,13702,371,132
805,1145,13703,1649,13703,371,132
805,1145,13704,1649,13704,371,132
805,1145,13705,1649,13705,371,132
805,1145,13706,1649,13706,371,132
805,1145,13707,1649,13707,371,132
805,1145,13708,1649,13708,371,132
805,1145,13709,1649,13709,371,132
805,1145,13710,1649,13710,371,132
805,1145,13711,1649,13711,371,132
805,1145,13712,1649,13712,371,132
805,1145,13713,1649,13713,371,132
805,1145,13714,1649,13714,371,132
805,1145,13715,1649,13715,371,132
805,1145,13716,1649,13716,371,132
805,1145,13717,1649,13717,371,132
805,1145,13718,1649,13718,371,132
805,1145,13719,1649,13719,371,132
805,1145,13720,1649,13720,371,132
805,1145,13721,1649,13721,371,132
805,1145,13722,1649,13722,371,132
805,1145,13723,1649,13723,371,132
805,1145,13724,1649,13724,371,132
805,1145,13725,1649,13725,371,132
805,1145,13726,1649,13726,371,132
805,1145,13727,1649,13727,371,132
805,1145,13728,1649,13728,371,132
805,1145,13729,1649,13729,371,132
805,1145,13730,1649,13730,371,132
805,1145,13731,1649,13731,371,132
805,1145,13732,1649,13732,371,132
805,1145,13733,1649,13733,371,132
805,1145,13734,1649,13734,371,132
805,1145,13735,1649,13735,371,132
806,1145,13736,1649,13736,371,132
806,1145,13737,1649,13737,371,132
806,1145,13738,1649,13738,371,132
806,1145,13739,1649,13739,371,132
806,1145,13740,1649,13740,371,132
806,1145,13741,1649,13741,371,132
806,1145,13742,1649,13742,371,132
806,1145,13743,1649,13743,371,132
806,1145,13744,1649,13744,371,132
806,1145,13745,1649,13745,371,132
806,1145,13746,1649,13746,371,132
806,1145,13747,1649,13747,371,132
806,1145,13748,1649,13748,371,132
806,1145,13749,1649,13749,371,132
806,1145,13750,1649,13750,371,132
806,1145,13751,1649,13751,371,132
806,1145,13752,1649,13752,371,132
806,1145,13753,1649,13753,371,132
806,1145,13754,1649,13754,371,132
806,1145,13755,1649,13755,371,132
806,1145,13756,1649,13756,371,132
806,1145,13757,1649,13757,371,132
806,1145,13758,1649,13758,371,132
806,1145,13759,1649,13759,371,132
806,1145,13760,1649,13760,371,132
806,1145,13761,1649,13761,371,132
806,1145,13762,1649,13762,371,132
806,1145,13763,1649,13763,371,132
806,1145,13764,1649,13764,371,132
806,1145,13765,1649,13765,371,132
806,1145,13766,1649,13766,371,132
806,1145,13767,1649,13767,371,132
806,1145,13768,1649,13768,371,132
806,1145,13769,1649,13769,371,132
806,1145,13770,1649,13770,371,132
806,1145,13771,1649,13771,371,132
806,1145,13772,1649,13772,371,132
806,1145,13773,1649,13773,371,132
806,1145,13774,1649,13774,371,132
806,1145,13775,1649,13775,371,132
806,1145,13776,1649,13776,371,132
806,1145,13777,1649,13777,371,132
806,1145,13778,1649,13778,371,132
806,1145,13779,1649,13779,371,132
806,1145,13780,1649,13780,371,132
806,1145,13781,1649,13781,371,132
806,1145,13782,1649,13782,371,132
806,1145,13783,1649,13783,371,132
806,1145,13784,1649,13784,371,132
806,1145,13785,1649,13785,371,132
806,1145,13786,1649,13786,371,132
806,1145,13787,1649,13787,371,132
806,1145,13788,1649,13788,371,132
806,1145,13789,1649,13789,371,132
806,1145,13790,1649,13790,371,132
806,1145,13791,1649,13791,371,132
806,1145,13792,1649,13792,371,132
806,1145,13793,1649,13793,371,132
806,1145,13794,1649,13794,371,132
806,1145,13795,1649,13795,371,132
806,1145,13796,1649,13796,371,132
806,1145,13797,1649,13797,371,132
806,1145,13798,1649,13798,371,132
806,1145,13799,1649,13799,371,132
806,1145,13800,1649,13800,371,132
806,1145,13801,1649,13801,371,132
806,1145,13802,1649,13802,371,132
806,1145,13803,1649,13803,371,132
806,1145,13804,1649,13804,371,132
806,1145,13805,1649,13805,371,132
806,1145,13806,1649,13806,371,132
806,1145,13807,1649,13807,371,132
806,1145,13808,1649,13808,371,132
806,1145,13809,1649,13809,371,132
806,1145,13810,1649,13810,371,132
806,1145,13811,1649,13811,371,132
806,1145,13812,1649,13812,371,132
806,1145,13813,1649,13813,371,132
806,1145,13814,1649,13814,371,132
806,1145,13815,1649,13815,371,132
806,1145,13816,1649,13816,371,132
806,1145,13817,1649,13817,371,132
806,1145,13818,1649,13818,371,132
806,1145,13819,1649,13819,371,132
806,1145,13820,1649,13820,371,132
806,1145,13821,1649,13821,371,132
806,1145,13822,1649,13822,371,132
806,1145,13823,1649,13823,371,132
806,1145,13824,1649,13824,371,132
806,1145,13825,1649,13825,371,132
806,1145,13826,1649,13826,371,132
805,1145,13827,1649,13827,371,132
805,1145,13828,1649,13828,371,132
805,1145,13829,1649,13829,371,132
805,1145,13830,1649,13830,371,132
805,1145,13831,1649,13831,371,132
805,1145,13832,1649,13832,371,132
805,1145,13833,1649,13833,371,132
805,1145,13834,1649,13834,371,132
805,1145,13835,1649,13835,371,132
805,1145,13836,1649,13836,371,132
805,1145,13837,1649,13837,371,132
805,1145,13838,1649,13838,371,132
805,1145,13839,1649,13839,371,132
805,1145,13840,1649,13840,371,132
805,1145,13841,1649,13841,371,132
805,1145,13842,1649,13842,371,132
805,1145,13843,1649,13843,371,132
805,1145,13844,1649,13844,371,132
805,1145,13845,1649,13845,371,132
805,1145,13846,1649,13846,371,132
805,1145,13847,1649,13847,371,132
805,1145,13848,1649,13848,371,132
805,1145,13849,1649,13849,371,132
805,1145,13850,1649,13850,371,132
805,1145,13851,1649,13851,371,132
805,1145,13852,1649,13852,371,132
805,1145,13853,1649,13853,371,132
805,1145,13854,1649,13854,371,132
805,1145,13855,1649,13855,371,132
805,1145,13856,1649,13856,371,132
805,1145,13857,1649,13857,371,132
805,1145,13858,1649,13858,371,132
805,1145,13859,1649,13859,371,132
805,1145,13860,1649,13860,371,132
805,1145,13861,1649,13861,371,132
805,1145,13862,1649,13862,371,132
805,1145,13863,1649,13863,371,132
805,1145,13864,1649,13864,371,132
805,1145,13865,1649,13865,371,132
805,1145,13866,1649,13866,371,132
805,1145,13867,1649,13867,371,132
805,1145,13868,1649,13868,371,132
805,1145,13869,1649,13869,371,132
805,1145,13870,1649,13870,371,132
805,1145,13871,1649,13871,371,132
805,1145,13872,1649,13872,371,132
805,1145,13873,1649,13873,371,132
805,1145,13874,1649,13874,371,132
805,1145,13875,1649,13875,371,132
805,1145,13876,1649,13876,371,132
805,1145,13877,1649,13877,371,132
805,1145,13878,1649,13878,371,132
805,1145,13879,1649,13879,371,132
805,1145,13880,1649,13880,371,132
805,1145,13881,1649,13881,371,132
805,1145,13882,1649,13882,371,132
805,1145,13883,1649,13883,371,132
805,1145,13884,1649,13884,371,132
805,1145,13885,1649,13885,371,132
805,1145,13886,1649,13886,371,132
804,1145,13887,1649,13887,371,132
804,1145,13888,1649,13888,371,132
804,1145,13889,1649,13889,371,132
804,1145,13890,1649,13890,371,132
804,1145,13891,1649,13891,371,132
804,1145,13892,1649,13892,371,132
804,1145,13893,1649,13893,371,132
804,1145,13894,1649,13894,371,132
804,1145,13895,1649,13895,371,132
804,1145,13896,1649,13896,371,132
804,1145,13897,1649,13897,371,132
804,1145,13898,1649,13898,371,132
804,1145,13899,1649,13899,371,132
804,1145,13900,1649,13900,371,132
804,1145,13901,1649,13901,371,132
804,1145,13902,1649,13902,371,132
804,1145,13903,1649,13903,371,132
804,1145,13904,1649,13904,371,132
804,1145,13905,1649,13905,371,132
804,1145,13906,1649,13906,371,132
804,1145,13907,1649,13907,371,132
804,1145,13908,1649,13908,371,132
804,1145,13909,1649,13909,371,132
804,1145,13910,1649,13910,371,132
804,1145,13911,1649,13911,371,132
804,1145,13912,1649,13912,371,132
804,1145,13913,1649,13913,371,132
804,1145,13914,1649,13914,371,132
804,1145,13915,1649,13915,371,132
804,1145,13916,1649,13916,371,132
804,1145,13917,1649,13917,371,132
804,1145,13918,1649,13918,371,132
804,1145,13919,1649,13919,371,132
804,1145,13920,1649,13920,371,132
804,1145,13921,1649,13921,371,132
804,1145,13922,1649,13922,371,132
804,1145,13923,1649,13923,371,132
804,1145,13924,1649,13924,371,132
804,1145,13925,1649,13925,371,132
804,1145,13926,1649,13926,371,132
804,1145,13927,1649,13927,371,132
804,1145,13928,1649,13928,371,132
804,1145,13929,1649,13929,371,132
804,1145,13930,1649,13930,371,132
804,1145,13931,1649,13931,371,132
804,1145,13932,1649,13932,371,132
804,1145,13933,1649,13933,371,132
804,1145,13934,1649,13934,371,132
804,1145,13935,1649,13935,371,132
804,1145,13936,1649,13936,371,132
804,1145,13937,1649,13937,371,132
804,1145,13938,1649,13938,371,132
804,1145,13939,1649,13939,371,132
804,1145,13940,1649,13940,371,132
804,1145,13941,1649,13941,371,132
804,1145,13942,1649,13942,371,132
804,1145,13943,1649,13943,371,132
804,1145,13944,1649,13944,371,132
804,1145,13945,1649,13945,371,132
804,1145,13946,1649,13946,371,132
804,1145,13947,1649,13947,371,132
804,1145,13948,1649,13948,371,132
804,1145,13949,1649,13949,371,132
805,1145,13950,1649,13950,371,132
804,1145,13951,1649,13951,371,132
804,1145,13952,1649,13952,371,132
804,1145,13953,1649,13953,371,132
804,1145,13954,1649,13954,371,132
804,1145,13955,1649,13955,371,132
804,1145,13956,1649,13956,371,132
804,1145,13957,1649,13957,371,132
804,1145,13958,1649,13958,371,132
803,1145,13959,1649,13959,371,132
803,1145,13960,1649,13960,371,132
803,1145,13961,1649,13961,371,132
803,1145,13962,1649,13962,371,132
803,1145,13963,1649,13963,371,132
803,1145,13964,1649,13964,371,132
803,1145,13965,1649,13965,371,132
803,1145,13966,1649,13966,371,132
803,1145,13967,1649,13967,371,132
803,1145,13968,1649,13968,371,132
803,1145,13969,1649,13969,371,132
803,1145,13970,1649,13970,371,132
803,1145,13971,1649,13971,371,132
803,1145,13972,1649,13972,371,132
803,1145,13973,1649,13973,371,132
803,1145,13974,1649,13974,371,132
803,1145,13975,1649,13975,371,132
803,1145,13976,1649,13976,371,132
803,1145,13977,1649,13977,371,132
803,1145,13978,1649,13978,371,132
803,1145,13979,1649,13979,371,132
803,1145,13980,1649,13980,371,132
803,1145,13981,1649,13981,371,132
803,1145,13982,1649,13982,371,132
803,1145,13983,1649,13983,371,132
803,1145,13984,1649,13984,371,132
803,1145,13985,1649,13985,371,132
803,1145,13986,1649,13986,371,132
803,1145,13987,1649,13987,371,132
803,1145,13988,1649,13988,371,132
803,1145,13989,1649,13989,371,132
803,1145,13990,1649,13990,371,132
803,1145,13991,1649,13991,371,132
803,1145,13992,1649,13992,371,132
803,1145,13993,1649,13993,371,132
803,1145,13994,1649,13994,371,132
803,1145,13995,1649,13995,371,132
803,1145,13996,1649,13996,371,132
803,1145,13997,1649,13997,371,132
803,1145,13998,1649,13998,371,132
803,1145,13999,1649,13999,371,132
803,1145,14000,1649,14000,371,132
803,1145,14001,1649,14001,371,132
803,1145,14002,1649,14002,371,132
803,1145,14003,1649,14003,371,132
803,1145,14004,1649,14004,371,132
803,1145,14005,1649,14005,371,132
803,1145,14006,1649,14006,371,132
803,1145,14007,1649,14007,371,132
803,1145,14008,1649,14008,371,132
803,1145,14009,1649,14009,371,132
803,1145,14010,1649,14010,371,132
803,1145,14011,1649,14011,371,132
803,1145,14012,1649,14012,371,132
803,1145,14013,1649,14013,371,132
803,1145,14014,1649,14014,371,132
803,1145,14015,1649,14015,371,132
803,1145,14016,1649,14016,371,132
803,1145,14017,1649,14017,371,132
803,1145,14018,1649,14018,371,132
803,1145,14019,1649,14019,371,132
803,1145,14020,1649,14020,371,132
803,1145,14021,1649,14021,371,132
803,1145,14022,1649,14022,371,132
803,1145,14023,1649,14023,371,132
803,1145,14024,1649,14024,371,132
803,1145,14025,1649,14025,371,132
803,1145,14026,1649,14026,371,132
803,1145,14027,1649,14027,371,132
803,1145,14028,1649,14028,371,132
803,1145,14029,1649,14029,371,132
803,1145,14030,1649,14030,371,132
803,1145,14031,1649,14031,371,132
803,1145,14032,1649,14032,371,132
803,1145,14033,1649,14033,371,132
803,1145,14034,1649,14034,371,132
803,1145,14035,1649,14035,371,132
803,1145,14036,1649,14036,371,132
803,1145,14037,1649,14037,371,132
803,1145,14038,1649,14038,371,132
803,1145,14039,1649,14039,371,132
803,1145,14040,1649,14040,371,132
803,1145,14041,1649,14041,371,132
803,1145,14042,1649,14042,371,132
803,1145,14043,1649,14043,371,132
802,1145,14044,1649,14044,371,131
802,1145,14045,1649,14045,371,131
802,1145,14046,1649,14046,371,131
802,1145,14047,1649,14047,371,131
802,1145,14048,1649,14048,371,131
802,1145,14049,1649,14049,371,131
802,1145,14050,1649,14050,371,131
802,1145,14051,1649,14051,371,131
802,1145,14052,1649,14052,371,131
802,1145,14053,1649,14053,371,131
802,1145,14054,1649,14054,371,131
802,1145,14055,1649,14055,371,131
802,1145,14056,1649,14056,371,131
802,1145,14057,1649,14057,371,131
802,1145,14058,1649,14058,371,131
802,1145,14059,1649,14059,371,131
802,1145,14060,1649,14060,371,131
802,1145,14061,1649,14061,371,131
802,1145,14062,1649,14062,371,131
802,1145,14063,1649,14063,371,131
802,1145,14064,1649,14064,371,131
802,1145,14065,1649,14065,371,131
802,1145,14066,1649,14066,371,131
802,1145,14067,1649,14067,371,131
802,1145,14068,1649,14068,371,131
802,1145,14069,1649,14069,371,131
802,1145,14070,1649,14070,371,131
802,1145,14071,1649,14071,371,131
802,1145,14072,1649,14072,371,131
802,1145,14073,1649,14073,371,131
802,1145,14074,1649,14074,371,131
802,1145,14075,1649,14075,371,131
802,1145,14076,1649,14076,371,131
802,1145,14077,1649,14077,371,131
802,1145,14078,1649,14078,371,131
802,1145,14079,1649,14079,371,131
802,1145,14080,1649,14080,371,131
802,1145,14081,1649,14081,371,131
802,1145,14082,1649,14082,371,131
802,1145,14083,1649,14083,371,131
802,1145,14084,1649,14084,371,131
802,1145,14085,1649,14085,371,131
802,1145,14086,1649,14086,371,131
802,1145,14087,1649,14087,371,131
802,1145,14088,1649,14088,371,131
802,1145,14089,1649,14089,371,131
802,1145,14090,1649,14090,371,131
802,1145,14091,1649,14091,371,131
802,1145,14092,1649,14092,371,131
802,1145,14093,1649,14093,371,131
802,1145,14094,1649,14094,371,131
802,1145,14095,1649,14095,371,131
802,1145,14096,1649,14096,371,131
802,1145,14097,1649,14097,371,131
802,1145,14098,1649,14098,371,131
802,1145,14099,1649,14099,371,131
802,1145,14100,1649,14100,371,131
802,1145,14101,1649,14101,371,131
802,1145,14102,1649,14102,371,131
802,1145,14103,1649,14103,371,131
802,1145,14104,1649,14104,371,131
802,1145,14105,1649,14105,371,131
802,1145,14106,1649,14106,371,131
802,1145,14107,1649,14107,371,131
802,1145,14108,1649,14108,371,131
802,1145,14109,1649,14109,371,131
802,1145,14110,1649,14110,371,131
802,1145,14111,1649,14111,371,131
802,1145,14112,1649,14112,371,131
802,1145,14113,1649,14113,371,131
802,1145,14114,1649,14114,371,131
802,1145,14115,1649,14115,371,131
802,1145,14116,1649,14116,371,131
802,1145,14117,1649,14117,371,131
802,1145,14118,1649,14118,371,131
802,1145,14119,1649,14119,371,131
802,1145,14120,1649,14120,371,131
802,1145,14121,1649,14121,371,131
802,1145,14122,1649,14122,371,131
802,1145,14123,1649,14123,371,131
802,1145,14124,1649,14124,371,131
802,1145,14125,1649,14125,371,131
802,1145,14126,1649,14126,371,131
802,1145,14127,1649,14127,371,131
802,1145,14128,1649,14128,371,131
802,1145,14129,1649,14129,371,131
802,1145,14130,1649,14130,371,131
802,1145,14131,1649,14131,371,131
802,1145,14132,1649,14132,371,131
802,1145,14133,1649,14133,371,131
802,1145,14134,1649,14134,371,131
802,1145,14135,1649,14135,371,131
802,1145,14136,1649,14136,371,131
802,1145,14137,1649,14137,371,131
802,1145,14138,1649,14138,371,131
802,1145,14139,1649,14139,371,131
802,1145,14140,1649,14140,371,131
802,1145,14141,1649,14141,371,131
802,1145,14142,1649,14142,371,131
802,1145,14143,1649,14143,371,131
802,1145,14144,1649,14144,371,131
802,1145,14145,1649,14145,371,131
802,1145,14146,1649,14146,371,131
802,1145,14147,1649,14147,371,131
802,1145,14148,1649,14148,371,131
802,1145,14149,1649,14149,371,131
802,1145,14150,1649,14150,371,131
802,1145,14151,1649,14151,371,131
802,1145,14152,1649,14152,371,131
802,1145,14153,1649,14153,371,131
802,1145,14154,1649,14154,371,131
802,1145,14155,1649,14155,371,131
802,1145,14156,1649,14156,371,131
802,1145,14157,1649,14157,371,131
802,1145,14158,1649,14158,371,131
802,1145,14159,1649,14159,371,131
802,1145,14160,1649,14160,371,131
802,1145,14161,1649,14161,371,131
802,1145,14162,1649,14162,371,131
802,1145,14163,1649,14163,371,131
802,1145,14164,1649,14164,371,131
802,1145,14165,1649,14165,371,131
802,1145,14166,1649,14166,371,131
802,1145,14167,1649,14167,371,131
802,1145,14168,1649,14168,371,131
802,1145,14169,1649,14169,371,131
802,1145,14170,1649,14170,371,131
802,1145,14171,1649,14171,371,131
802,1145,14172,1649,14172,371,131
802,1145,14173,1649,14173,371,131
802,1145,14174,1649,14174,371,131
802,1145,14175,1649,14175,371,131
802,1145,14176,1649,14176,371,131
802,1145,14177,1649,14177,371,131
802,1145,14178,1649,14178,371,131
802,1145,14179,1649,14179,371,131
802,1145,14180,1649,14180,371,131
802,1145,14181,1649,14181,371,131
802,1145,14182,1649,14182,371,131
802,1145,14183,1649,14183,371,131
802,1145,14184,1649,14184,371,131
802,1145,14185,1649,14185,371,131
802,1145,14186,1649,14186,371,131
802,1145,14187,1649,14187,371,131
802,1145,14188,1649,14188,371,131
802,1145,14189,1649,14189,371,131
802,1145,14190,1649,14190,371,131
802,1145,14191,1649,14191,371,131
802,1145,14192,1649,14192,371,131
802,1145,14193,1649,14193,371,131
802,1145,14194,1649,14194,371,131
802,1145,14195,1649,14195,371,131
802,1145,14196,1649,14196,371,131
802,1145,14197,1649,14197,371,131
802,1145,14198,1649,14198,371,131
802,1145,14199,1649,14199,371,131
802,1145,14200,1649,14200,371,131
802,1145,14201,1649,14201,371,131
802,1145,14202,1649,14202,371,131
802,1145,14203,1649,14203,371,131
802,1145,14204,1649,14204,371,131
802,1145,14205,1649,14205,371,131
802,1145,14206,1649,14206,371,131
802,1145,14207,1649,14207,371,131
802,1145,14208,1649,14208,371,131
802,1145,14209,1649,14209,371,131
802,1145,14210,1649,14210,371,131
802,1145,14211,1649,14211,371,131
802,1145,14212,1649,14212,371,131
802,1145,14213,1649,14213,371,131
802,1145,14214,1649,14214,371,131
802,1145,14215,1649,14215,371,131
802,1145,14216,1649,14216,371,131
802,1145,14217,1649,14217,371,131
802,1145,14218,1649,14218,371,131
802,1145,14219,1649,14219,371,131
802,1145,14220,1649,14220,371,131
802,1145,14221,1649,14221,371,131
802,1145,14222,1649,14222,371,131
802,1145,14223,1649,14223,371,131
802,1145,14224,1649,14224,371,131
802,1145,14225,1649,14225,371,131
802,1145,14226,1649,14226,371,131
802,1145,14227,1649,14227,371,131
802,1145,14228,1649,14228,371,131
802,1145,14229,1649,14229,371,131
801,1145,14230,1649,14230,371,131
801,1145,14231,1649,14231,371,131
801,1145,14232,1649,14232,371,131
801,1145,14233,1649,14233,371,131
801,1145,14234,1649,14234,371,131
801,1145,14235,1649,14235,371,131
801,1145,14236,1649,14236,371,131
801,1145,14237,1649,14237,371,131
801,1145,14238,1649,14238,371,131
801,1145,14239,1649,14239,371,131
801,1145,14240,1649,14240,371,131
801,1145,14241,1649,14241,371,131
801,1145,14242,1649,14242,371,131
801,1145,14243,1649,14243,371,131
801,1145,14244,1649,14244,371,131
801,1145,14245,1649,14245,371,131
801,1145,14246,1649,14246,371,131
801,1145,14247,1649,14247,371,131
801,1145,14248,1649,14248,371,131
801,1145,14249,1649,14249,371,131
801,1145,14250,1649,14250,371,131
801,1145,14251,1649,14251,371,131
801,1145,14252,1649,14252,371,131
801,1145,14253,1649,14253,371,131
801,1145,14254,1649,14254,371,131
801,1145,14255,1649,14255,371,131
801,1145,14256,1649,14256,371,131
801,1145,14257,1649,14257,371,131
801,1145,14258,1649,14258,371,131
801,1145,14259,1649,14259,371,131
801,1145,14260,1649,14260,371,131
801,1145,14261,1649,14261,371,131
801,1145,14262,1649,14262,371,131
801,1145,14263,1649,14263,371,131
801,1145,14264,1649,14264,371,131
801,1145,14265,1649,14265,371,131
801,1145,14266,1649,14266,371,131
801,1145,14267,1649,14267,371,131
801,1145,14268,1649,14268,371,131
801,1145,14269,1649,14269,371,131
801,1145,14270,1649,14270,371,131
801,1145,14271,1649,14271,371,131
801,1145,14272,1649,14272,371,131
801,1145,14273,1649,14273,371,131
801,1145,14274,1649,14274,371,131
801,1145,14275,1649,14275,371,131
801,1145,14276,1649,14276,371,131
801,1145,14277,1649,14277,371,131
801,1145,14278,1649,14278,371,131
801,1145,14279,1649,14279,371,131
801,1145,14280,1649,14280,371,131
801,1145,14281,1649,14281,371,131
801,1145,14282,1649,14282,371,131
801,1145,14283,1649,14283,371,131
801,1145,14284,1649,14284,371,131
801,1145,14285,1649,14285,371,131
801,1145,14286,1649,14286,371,131
801,1145,14287,1649,14287,371,131
801,1145,14288,1649,14288,371,131
801,1145,14289,1649,14289,371,131
801,1145,14290,1649,14290,371,131
801,1145,14291,1649,14291,371,131
801,1145,14292,1649,14292,371,131
801,1145,14293,1649,14293,371,131
801,1145,14294,1649,14294,371,131
801,1145,14295,1649,14295,371,131
801,1145,14296,1649,14296,371,131
801,1145,14297,1649,14297,371,131
801,1145,14298,1649,14298,371,131
801,1145,14299,1649,14299,371,131
801,1145,14300,1649,14300,371,131
801,1145,14301,1649,14301,371,131
801,1145,14302,1649,14302,371,131
801,1145,14303,1649,14303,371,131
801,1145,14304,1649,14304,371,131
801,1145,14305,1649,14305,371,131
801,1145,14306,1649,14306,371,131
801,1145,14307,1649,14307,371,131
801,1145,14308,1649,14308,371,131
801,1145,14309,1649,14309,371,131
801,1145,14310,1649,14310,371,131
801,1145,14311,1649,14311,371,131
801,1145,14312,1649,14312,371,131
801,1145,14313,1649,14313,371,131
801,1145,14314,1649,14314,371,131
801,1145,14315,1649,14315,371,131
801,1145,14316,1649,14316,371,131
801,1145,14317,1649,14317,371,131
801,1145,14318,1649,14318,371,131
801,1145,14319,1649,14319,371,131
801,1145,14320,1649,14320,371,131
801,1145,14321,1649,14321,371,131
801,1145,14322,1649,14322,371,131
801,1145,14323,1649,14323,371,131
801,1145,14324,1649,14324,371,131
801,1145,14325,1649,14325,371,131
801,1145,14326,1649,14326,371,131
801,1145,14327,1649,14327,371,131
801,1145,14328,1649,14328,371,131
801,1145,14329,1649,14329,371,131
801,1145,14330,1649,14330,371,131
801,1145,14331,1649,14331,371,131
802,1145,14332,1649,14332,371,131
802,1145,14333,1649,14333,371,131
802,1145,14334,1649,14334,371,131
802,1145,14335,1649,14335,371,131
802,1145,14336,1649,14336,371,131
802,1145,14337,1649,14337,371,131
802,1145,14338,1649,14338,371,131
802,1145,14339,1649,14339,371,131
802,1145,14340,1649,14340,371,131
802,1145,14341,1649,14341,371,131
802,1145,14342,1649,14342,371,131
802,1145,14343,1649,14343,371,131
802,1145,14344,1649,14344,371,131
802,1145,14345,1649,14345,371,131
802,1145,14346,1649,14346,371,131
802,1145,14347,1649,14347,371,131
802,1145,14348,1649,14348,371,131
802,1145,14349,1649,14349,371,131
802,1145,14350,1649,14350,371,131
802,1145,14351,1649,14351,371,131
802,1145,14352,1649,14352,371,131
802,1145,14353,1649,14353,371,131
802,1145,14354,1649,14354,371,131
802,1145,14355,1649,14355,371,131
802,1145,14356,1649,14356,371,131
802,1145,14357,1649,14357,371,131
802,1145,14358,1649,14358,371,131
802,1145,14359,1649,14359,371,131
802,1145,14360,1649,14360,371,131
802,1145,14361,1649,14361,371,131
802,1145,14362,1649,14362,371,131
802,1145,14363,1649,14363,371,131
802,1145,14364,1649,14364,371,131
802,1145,14365,1649,14365,371,131
802,1145,14366,1649,14366,371,131
802,1145,14367,1649,14367,371,131
802,1145,14368,1649,14368,371,131
802,1145,14369,1649,14369,371,131
802,1145,14370,1649,14370,371,131
802,1145,14371,1649,14371,371,131
802,1145,14372,1649,14372,371,131
802,1145,14373,1649,14373,371,131
802,1145,14374,1649,14374,371,131
802,1145,14375,1649,14375,371,131
802,1145,14376,1649,14376,371,131
802,1145,14377,1649,14377,371,131
802,1145,14378,1649,14378,371,131
802,1145,14379,1649,14379,371,131
802,1145,14380,1649,14380,371,131
802,1145,14381,1649,14381,371,131
802,1145,14382,1649,14382,371,131
802,1145,14383,1649,14383,371,131
802,1145,14384,1649,14384,371,131
802,1145,14385,1649,14385,371,131
802,1145,14386,1649,14386,371,131
802,1145,14387,1649,14387,371,131
802,1145,14388,1649,14388,371,131
802,1145,14389,1649,14389,371,131
802,1145,14390,1649,14390,371,131
802,1145,14391,1649,14391,371,131
802,1145,14392,1649,14392,371,131
802,1145,14393,1649,14393,371,131
802,1145,14394,1649,14394,371,131
802,1145,14395,1649,14395,371,131
802,1145,14396,1649,14396,371,131
802,1145,14397,1649,14397,371,131
802,1145,14398,1649,14398,371,131
802,1145,14399,1649,14399,371,131
802,1145,14400,1649,14400,371,131
802,1145,14401,1649,14401,371,131
802,1145,14402,1649,14402,371,131
802,1145,14403,1649,14403,371,131
802,1145,14404,1649,14404,371,131
802,1145,14405,1649,14405,371,131
802,1145,14406,1649,14406,371,131
802,1145,14407,1649,14407,371,131
802,1145,14408,1649,14408,371,131
802,1145,14409,1649,14409,371,131
802,1145,14410,1649,14410,371,131
802,1145,14411,1649,14411,371,131
802,1145,14412,1649,14412,371,131
802,1145,14413,1649,14413,371,131
802,1145,14414,1649,14414,371,131
802,1145,14415,1649,14415,371,131
802,1145,14416,1649,14416,371,131
802,1145,14417,1649,14417,371,131
802,1145,14418,1649,14418,371,131
802,1145,14419,1649,14419,371,131
802,1145,14420,1649,14420,371,131
802,1145,14421,1649,14421,371,131
802,1145,14422,1649,14422,371,131
802,1145,14423,1649,14423,371,131
802,1145,14424,1649,14424,371,131
802,1145,14425,1649,14425,371,131
802,1145,14426,1649,14426,371,131
802,1145,14427,1649,14427,371,131
802,1145,14428,1649,14428,371,131
802,1145,14429,1649,14429,371,131
802,1145,14430,1649,14430,371,131
802,1145,14431,1649,14431,371,131
802,1145,14432,1649,14432,371,131
802,1145,14433,1649,14433,371,131
802,1145,14434,1649,14434,371,131
802,1145,14435,1649,14435,371,131
802,1145,14436,1649,14436,371,131
802,1145,14437,1649,14437,371,131
802,1145,14438,1649,14438,371,131
802,1145,14439,1649,14439,371,131
802,1145,14440,1649,14440,371,131
802,1145,14441,1649,14441,371,131
802,1145,14442,1649,14442,371,131
802,1145,14443,1649,14443,371,131
802,1145,14444,1649,14444,371,131
802,1145,14445,1649,14445,371,131
802,1145,14446,1649,14446,371,131
802,1145,14447,1649,14447,371,131
802,1145,14448,1649,14448,371,131
802,1145,14449,1649,14449,371,131
802,1145,14450,1649,14450,371,131
802,1145,14451,1649,14451,371,131
802,1145,14452,1649,14452,371,131
802,1145,14453,1649,14453,371,131
802,1145,14454,1649,14454,371,131
802,1145,14455,1649,14455,371,131
802,1145,14456,1649,14456,371,131
802,1145,14457,1649,14457,371,131
802,1145,14458,1649,14458,371,131
802,1145,14459,1649,14459,371,131
802,1145,14460,1649,14460,371,131
802,1145,14461,1649,14461,371,131
802,1145,14462,1649,14462,371,131
802,1145,14463,1649,14463,371,131
802,1145,14464,1649,14464,371,131
802,1145,14465,1649,14465,371,131
802,1145,14466,1649,14466,371,131
802,1145,14467,1649,14467,371,131
802,1145,14468,1649,14468,371,131
802,1145,14469,1649,14469,371,131
802,1145,14470,1649,14470,371,131
802,1145,14471,1649,14471,371,131
801,1145,14472,1649,14472,371,131
801,1145,14473,1649,14473,371,131
801,1145,14474,1649,14474,371,131
801,1145,14475,1649,14475,371,131
801,1145,14476,1649,14476,371,131
801,1145,14477,1649,14477,371,131
801,1145,14478,1649,14478,371,131
801,1145,14479,1649,14479,371,131
801,1145,14480,1649,14480,371,131
801,1145,14481,1649,14481,371,131
801,1145,14482,1649,14482,371,131
801,1145,14483,1649,14483,371,131
801,1145,14484,1649,14484,371,131
801,1145,14485,1649,14485,371,131
801,1145,14486,1649,14486,371,131
801,1145,14487,1649,14487,371,131
801,1145,14488,1649,14488,371,131
801,1145,14489,1649,14489,371,131
801,1145,14490,1649,14490,371,131
801,1145,14491,1649,14491,371,131
801,1145,14492,1649,14492,371,131
801,1145,14493,1649,14493,371,131
801,1145,14494,1649,14494,371,131
801,1145,14495,1649,14495,371,131
801,1145,14496,1649,14496,371,131
801,1145,14497,1649,14497,371,131
801,1145,14498,1649,14498,371,131
801,1145,14499,1649,14499,371,131
801,1145,14500,1649,14500,371,131
801,1145,14501,1649,14501,371,131
801,1145,14502,1649,14502,371,131
801,1145,14503,1649,14503,371,131
801,1145,14504,1649,14504,371,131
801,1145,14505,1649,14505,371,131
801,1145,14506,1649,14506,371,131
801,1145,14507,1649,14507,371,131
801,1145,14508,1649,14508,371,131
801,1145,14509,1649,14509,371,131
801,1145,14510,1649,14510,371,131
801,1145,14511,1649,14511,371,131
801,1145,14512,1649,14512,371,131
801,1145,14513,1649,14513,371,131
801,1145,14514,1649,14514,371,131
801,1145,14515,1649,14515,371,131
801,1145,14516,1649,14516,371,131
801,1145,14517,1649,14517,371,131
801,1145,14518,1649,14518,371,131
801,1145,14519,1649,14519,371,131
801,1145,14520,1649,14520,371,131
801,1145,14521,1649,14521,371,131
801,1145,14522,1649,14522,371,131
801,1145,14523,1649,14523,371,131
801,1145,14524,1649,14524,371,131
801,1145,14525,1649,14525,371,131
801,1145,14526,1649,14526,371,131
801,1145,14527,1649,14527,371,131
801,1145,14528,1649,14528,371,131
801,1145,14529,1649,14529,371,131
801,1145,14530,1649,14530,371,131
801,1145,14531,1649,14531,371,131
801,1145,14532,1649,14532,371,131
801,1145,14533,1649,14533,371,131
801,1145,14534,1649,14534,371,131
801,1145,14535,1649,14535,371,131
801,1145,14536,1649,14536,371,131
801,1145,14537,1649,14537,371,131
801,1145,14538,1649,14538,371,131
801,1145,14539,1649,14539,371,131
801,1145,14540,1649,14540,371,131
801,1145,14541,1649,14541,371,131
801,1145,14542,1649,14542,371,131
801,1145,14543,1649,14543,371,131
801,1145,14544,1649,14544,371,131
801,1145,14545,1649,14545,371,131
801,1145,14546,1649,14546,371,131
801,1145,14547,1649,14547,371,131
801,1145,14548,1649,14548,371,131
801,1145,14549,1649,14549,371,131
801,1145,14550,1649,14550,371,131
801,1145,14551,1649,14551,371,131
801,1145,14552,1649,14552,371,131
801,1145,14553,1649,14553,371,131
801,1145,14554,1649,14554,371,131
801,1145,14555,1649,14555,371,131
802,1145,14556,1649,14556,371,131
802,1145,14557,1649,14557,371,131
802,1145,14558,1649,14558,371,131
802,1145,14559,1649,14559,371,131
802,1145,14560,1649,14560,371,131
802,1145,14561,1649,14561,371,131
802,1145,14562,1649,14562,371,131
802,1145,14563,1649,14563,371,131
802,1145,14564,1649,14564,371,131
802,1145,14565,1649,14565,371,131
802,1145,14566,1649,14566,371,131
802,1145,14567,1649,14567,371,131
802,1145,14568,1649,14568,371,131
802,1145,14569,1649,14569,371,131
802,1145,14570,1649,14570,371,131
802,1145,14571,1649,14571,371,131
802,1145,14572,1649,14572,371,131
802,1145,14573,1649,14573,371,131
802,1145,14574,1649,14574,371,131
802,1145,14575,1649,14575,371,131
802,1145,14576,1649,14576,371,131
802,1145,14577,1649,14577,371,131
802,1145,14578,1649,14578,371,131
802,1145,14579,1649,14579,371,131
802,1145,14580,1649,14580,371,131
802,1145,14581,1649,14581,371,131
802,1145,14582,1649,14582,371,131
802,1145,14583,1649,14583,371,131
802,1145,14584,1649,14584,371,131
802,1145,14585,1649,14585,371,131
802,1145,14586,1649,14586,371,131
802,1145,14587,1649,14587,371,131
802,1145,14588,1649,14588,371,131
802,1145,14589,1649,14589,371,131
802,1145,14590,1649,14590,371,131
802,1145,14591,1649,14591,371,131
802,1145,14592,1649,14592,371,131
802,1145,14593,1649,14593,371,131
802,1145,14594,1649,14594,371,131
802,1145,14595,1649,14595,371,131
802,1145,14596,1649,14596,371,131
802,1145,14597,1649,14597,371,131
802,1145,14598,1649,14598,371,131
802,1145,14599,1649,14599,371,131
802,1145,14600,1649,14600,371,131
802,1145,14601,1649,14601,371,131
802,1145,14602,1649,14602,371,131
802,1145,14603,1649,14603,371,131
802,1145,14604,1649,14604,371,131
802,1145,14605,1649,14605,371,131
802,1145,14606,1649,14606,371,131
802,1145,14607,1649,14607,371,131
802,1145,14608,1649,14608,371,131
802,1145,14609,1649,14609,371,131
802,1145,14610,1649,14610,371,131
803,1145,14611,1649,14611,371,131
803,1145,14612,1649,14612,371,131
803,1145,14613,1649,14613,371,131
803,1145,14614,1649,14614,371,131
803,1145,14615,1649,14615,371,131
803,1145,14616,1649,14616,371,131
803,1145,14617,1649,14617,371,131
803,1145,14618,1649,14618,371,131
803,1145,14619,1649,14619,371,131
803,1145,14620,1649,14620,371,131
803,1145,14621,1649,14621,371,131
803,1145,14622,1649,14622,371,131
803,1145,14623,1649,14623,371,131
803,1145,14624,1649,14624,371,131
803,1145,14625,1649,14625,371,131
803,1145,14626,1649,14626,371,131
803,1145,14627,1649,14627,371,131
803,1145,14628,1649,14628,371,131
803,1145,14629,1649,14629,371,131
803,1145,14630,1649,14630,371,131
803,1145,14631,1649,14631,371,131
803,1145,14632,1649,14632,371,131
803,1145,14633,1649,14633,371,131
803,1145,14634,1649,14634,371,131
803,1145,14635,1649,14635,371,131
803,1145,14636,1649,14636,371,131
803,1145,14637,1649,14637,371,131
803,1145,14638,1649,14638,371,131
803,1145,14639,1649,14639,371,131
803,1145,14640,1649,14640,371,131
803,1145,14641,1649,14641,371,131
803,1145,14642,1649,14642,371,131
803,1145,14643,1649,14643,371,131
803,1145,14644,1649,14644,371,131
803,1145,14645,1649,14645,371,131
803,1145,14646,1649,14646,371,131
803,1145,14647,1649,14647,371,131
803,1145,14648,1649,14648,371,131
803,1145,14649,1649,14649,371,131
803,1145,14650,1649,14650,371,131
803,1145,14651,1649,14651,371,131
803,1145,14652,1649,14652,371,131
803,1145,14653,1649,14653,371,131
803,1145,14654,1649,14654,371,131
803,1145,14655,1649,14655,371,131
803,1145,14656,1649,14656,371,131
803,1145,14657,1649,14657,371,131
803,1145,14658,1649,14658,371,131
803,1145,14659,1649,14659,371,131
803,1145,14660,1649,14660,371,131
803,1145,14661,1649,14661,371,131
803,1145,14662,1649,14662,371,131
803,1145,14663,1649,14663,371,131
803,1145,14664,1649,14664,371,131
803,1145,14665,1649,14665,371,131
803,1145,14666,1649,14666,371,131
803,1145,14667,1649,14667,371,131
803,1145,14668,1649,14668,371,131
803,1145,14669,1649,14669,371,131
803,1145,14670,1649,14670,371,131
803,1145,14671,1649,14671,371,131
803,1145,14672,1649,14672,371,131
803,1145,14673,1649,14673,371,131
803,1145,14674,1649,14674,371,131
803,1145,14675,1649,14675,371,131
803,1145,14676,1649,14676,371,131
803,1145,14677,1649,14677,371,131
803,1145,14678,1649,14678,371,131
803,1145,14679,1649,14679,371,131
803,1145,14680,1649,14680,371,131
803,1145,14681,1649,14681,371,131
803,1145,14682,1649,14682,371,131
803,1145,14683,1649,14683,371,131
803,1145,14684,1649,14684,371,131
803,1145,14685,1649,14685,371,131
803,1145,14686,1649,14686,371,131
803,1145,14687,1649,14687,371,131
803,1145,14688,1649,14688,371,131
803,1145,14689,1649,14689,371,131
803,1145,14690,1649,14690,371,131
803,1145,14691,1649,14691,371,131
803,1145,14692,1649,14692,371,131
803,1145,14693,1649,14693,371,131
803,1145,14694,1649,14694,371,131
803,1145,14695,1649,14695,371,131
803,1145,14696,1649,14696,371,131
803,1145,14697,1649,14697,371,131
803,1145,14698,1649,14698,371,131
803,1145,14699,1649,14699,371,131
803,1145,14700,1649,14700,371,131
803,1145,14701,1649,14701,371,131
803,1145,14702,1649,14702,371,131
803,1145,14703,1649,14703,371,131
803,1145,14704,1649,14704,371,131
803,1145,14705,1649,14705,371,131
803,1145,14706,1649,14706,371,131
803,1145,14707,1649,14707,371,131
803,1145,14708,1649,14708,371,131
803,1145,14709,1649,14709,371,131
803,1145,14710,1649,14710,371,131
803,1145,14711,1649,14711,371,131
803,1145,14712,1649,14712,371,131
803,1145,14713,1649,14713,371,131
803,1145,14714,1649,14714,371,131
803,1145,14715,1649,14715,371,131
803,1145,14716,1649,14716,371,131
803,1145,14717,1649,14717,371,131
803,1145,14718,1649,14718,371,131
804,1145,14719,1649,14719,371,131
804,1145,14720,1649,14720,371,131
804,1145,14721,1649,14721,371,131
804,1145,14722,1649,14722,371,131
804,1145,14723,1649,14723,371,131
804,1145,14724,1649,14724,371,131
804,1145,14725,1649,14725,371,131
804,1145,14726,1649,14726,371,131
804,1145,14727,1649,14727,371,131
804,1145,14728,1649,14728,371,131
804,1145,14729,1649,14729,371,131
804,1145,14730,1649,14730,371,131
804,1145,14731,1649,14731,371,131
805,1145,14732,1649,14732,371,131
805,1145,14733,1649,14733,371,131
805,1145,14734,1649,14734,371,131
805,1145,14735,1649,14735,371,131
805,1145,14736,1649,14736,371,131
805,1145,14737,1649,14737,371,131
805,1145,14738,1649,14738,371,131
804,1145,14739,1649,14739,371,130
804,1145,14740,1649,14740,371,130
804,1145,14741,1649,14741,371,130
804,1145,14742,1649,14742,371,130
804,1145,14743,1649,14743,371,130
804,1145,14744,1649,14744,371,130
804,1145,14745,1649,14745,371,130
804,1145,14746,1649,14746,371,130
804,1145,14747,1649,14747,371,130
804,1145,14748,1649,14748,371,130
804,1145,14749,1649,14749,371,130
804,1145,14750,1649,14750,371,130
804,1145,14751,1649,14751,371,130
804,1145,14752,1649,14752,371,130
804,1145,14753,1649,14753,371,130
804,1145,14754,1649,14754,371,130
804,1145,14755,1649,14755,371,130
804,1145,14756,1649,14756,371,130
804,1145,14757,1649,14757,371,130
804,1145,14758,1649,14758,371,130
804,1145,14759,1649,14759,371,130
804,1145,14760,1649,14760,371,130
804,1145,14761,1649,14761,371,130
804,1145,14762,1649,14762,371,130
804,1145,14763,1649,14763,371,130
804,1145,14764,1649,14764,371,130
804,1145,14765,1649,14765,371,130
804,1145,14766,1649,14766,371,130
804,1145,14767,1649,14767,371,130
804,1145,14768,1649,14768,371,130
804,1145,14769,1649,14769,371,130
804,1145,14770,1649,14770,371,130
804,1145,14771,1649,14771,371,130
804,1145,14772,1649,14772,371,130
804,1145,14773,1649,14773,371,130
804,1145,14774,1649,14774,371,130
804,1145,14775,1649,14775,371,130
804,1145,14776,1649,14776,371,130
804,1145,14777,1649,14777,371,130
804,1145,14778,1649,14778,371,130
804,1145,14779,1649,14779,371,130
804,1145,14780,1649,14780,371,130
804,1145,14781,1649,14781,371,130
804,1145,14782,1649,14782,371,130
804,1145,14783,1649,14783,371,130
804,1145,14784,1649,14784,371,130
804,1145,14785,1649,14785,371,130
804,1145,14786,1649,14786,371,130
804,1145,14787,1649,14787,371,130
804,1145,14788,1649,14788,371,130
804,1145,14789,1649,14789,371,130
804,1145,14790,1649,14790,371,130
804,1145,14791,1649,14791,371,130
804,1145,14792,1649,14792,371,130
804,1145,14793,1649,14793,371,130
804,1145,14794,1649,14794,371,130
804,1145,14795,1649,14795,371,130
804,1145,14796,1649,14796,371,130
804,1145,14797,1649,14797,371,130
804,1145,14798,1649,14798,371,130
804,1145,14799,1649,14799,371,130
804,1145,14800,1649,14800,371,130
804,1145,14801,1649,14801,371,130
804,1145,14802,1649,14802,371,130
804,1145,14803,1649,14803,371,130
804,1145,14804,1649,14804,371,130
804,1145,14805,1649,14805,371,130
804,1145,14806,1649,14806,371,130
804,1145,14807,1649,14807,371,130
804,1145,14808,1649,14808,371,130
804,1145,14809,1649,14809,371,130
804,1145,14810,1649,14810,371,130
804,1145,14811,1649,14811,371,130
804,1145,14812,1649,14812,371,130
804,1145,14813,1649,14813,371,130
804,1145,14814,1649,14814,371,130
804,1145,14815,1649,14815,371,130
804,1145,14816,1649,14816,371,130
804,1145,14817,1649,14817,371,130
804,1145,14818,1649,14818,371,130
804,1145,14819,1649,14819,371,130
804,1145,14820,1649,14820,371,130
804,1145,14821,1649,14821,371,130
804,1145,14822,1649,14822,371,130
804,1145,14823,1649,14823,371,130
804,1145,14824,1649,14824,371,130
804,1145,14825,1649,14825,371,130
804,1145,14826,1649,14826,371,130
804,1145,14827,1649,14827,371,130
804,1145,14828,1649,14828,371,130
804,1145,14829,1649,14829,371,130
804,1145,14830,1649,14830,371,130
804,1145,14831,1649,14831,371,130
804,1145,14832,1649,14832,371,130
804,1145,14833,1649,14833,371,130
804,1145,14834,1649,14834,371,130
804,1145,14835,1649,14835,371,130
804,1145,14836,1649,14836,371,130
804,1145,14837,1649,14837,371,130
804,1145,14838,1649,14838,371,130
804,1145,14839,1649,14839,371,130
804,1145,14840,1649,14840,371,130
804,1145,14841,1649,14841,371,130
804,1145,14842,1649,14842,371,130
804,1145,14843,1649,14843,371,130
804,1145,14844,1649,14844,371,130
804,1145,14845,1649,14845,371,130
804,1145,14846,1649,14846,371,130
804,1145,14847,1649,14847,371,130
804,1145,14848,1649,14848,371,130
804,1145,14849,1649,14849,371,130
804,1145,14850,1649,14850,371,130
804,1145,14851,1649,14851,371,130
804,1145,14852,1649,14852,371,130
804,1145,14853,1649,14853,371,130
804,1145,14854,1649,14854,371,130
804,1145,14855,1649,14855,371,130
804,1145,14856,1649,14856,371,130
804,1145,14857,1649,14857,371,130
804,1145,14858,1649,14858,371,130
804,1145,14859,1649,14859,371,130
804,1145,14860,1649,14860,371,130
804,1145,14861,1649,14861,371,130
804,1145,14862,1649,14862,371,130
804,1145,14863,1649,14863,371,130
804,1145,14864,1649,14864,371,130
804,1145,14865,1649,14865,371,130
804,1145,14866,1649,14866,371,130
804,1145,14867,1649,14867,371,130
804,1145,14868,1649,14868,371,130
804,1145,14869,1649,14869,371,130
804,1145,14870,1649,14870,371,130
804,1145,14871,1649,14871,371,130
804,1145,14872,1649,14872,371,130
804,1145,14873,1649,14873,371,130
804,1145,14874,1649,14874,371,130
804,1145,14875,1649,14875,371,130
804,1145,14876,1649,14876,371,130
804,1145,14877,1649,14877,371,130
804,1145,14878,1649,14878,371,130
804,1145,14879,1649,14879,371,130
804,1145,14880,1649,14880,371,130
804,1145,14881,1649,14881,371,130
804,1145,14882,1649,14882,371,130
804,1145,14883,1649,14883,371,130
804,1145,14884,1649,14884,371,130
804,1145,14885,1649,14885,371,130
804,1145,14886,1649,14886,371,130
804,1145,14887,1649,14887,371,130
804,1145,14888,1649,14888,371,130
804,1145,14889,1649,14889,371,130
804,1145,14890,1649,14890,371,130
804,1145,14891,1649,14891,371,130
804,1145,14892,1649,14892,371,130
804,1145,14893,1649,14893,371,130
805,1145,14894,1649,14894,371,130
805,1145,14895,1649,14895,371,130
805,1145,14896,1649,14896,371,130
805,1145,14897,1649,14897,371,130
805,1145,14898,1649,14898,371,130
805,1145,14899,1649,14899,371,130
805,1145,14900,1649,14900,371,130
805,1145,14901,1649,14901,371,130
805,1145,14902,1649,14902,371,130
805,1145,14903,1649,14903,371,130
805,1145,14904,1649,14904,371,130
805,1145,14905,1649,14905,371,130
805,1145,14906,1649,14906,371,130
805,1145,14907,1649,14907,371,130
805,1145,14908,1649,14908,371,130
805,1145,14909,1649,14909,371,130
805,1145,14910,1649,14910,371,130
805,1145,14911,1649,14911,371,130
805,1145,14912,1649,14912,371,130
805,1145,14913,1649,14913,371,130
805,1145,14914,1649,14914,371,130
805,1145,14915,1649,14915,371,130
805,1145,14916,1649,14916,371,130
805,1145,14917,1649,14917,371,130
805,1145,14918,1649,14918,371,130
805,1145,14919,1649,14919,371,130
805,1145,14920,1649,14920,371,130
805,1145,14921,1649,14921,371,130
805,1145,14922,1649,14922,371,130
805,1145,14923,1649,14923,371,130
805,1145,14924,1649,14924,371,130
805,1145,14925,1649,14925,371,130
805,1145,14926,1649,14926,371,130
805,1145,14927,1649,14927,371,130
805,1145,14928,1649,14928,371,130
805,1145,14929,1649,14929,371,130
805,1145,14930,1649,14930,371,130
805,1145,14931,1649,14931,371,130
805,1145,14932,1649,14932,371,130
805,1145,14933,1649,14933,371,130
805,1145,14934,1649,14934,371,130
805,1145,14935,1649,14935,371,130
805,1145,14936,1649,14936,371,130
805,1145,14937,1649,14937,371,130
805,1145,14938,1649,14938,371,130
805,1145,14939,1649,14939,371,130
805,1145,14940,1649,14940,371,130
805,1145,14941,1649,14941,371,130
805,1145,14942,1649,14942,371,130
805,1145,14943,1649,14943,371,130
805,1145,14944,1649,14944,371,130
805,1145,14945,1649,14945,371,130
805,1145,14946,1649,14946,371,130
805,1145,14947,1649,14947,371,130
805,1145,14948,1649,14948,371,130
805,1145,14949,1649,14949,371,130
805,1145,14950,1649,14950,371,130
805,1145,14951,1649,14951,371,130
805,1145,14952,1649,14952,371,130
805,1145,14953,1649,14953,371,130
805,1145,14954,1649,14954,371,130
805,1145,14955,1649,14955,371,130
805,1145,14956,1649,14956,371,130
805,1145,14957,1649,14957,371,130
805,1145,14958,1649,14958,371,130
805,1145,14959,1649,14959,371,130
805,1145,14960,1649,14960,371,130
805,1145,14961,1649,14961,371,130
805,1145,14962,1649,14962,371,130
805,1145,14963,1649,14963,371,130
805,1145,14964,1649,14964,371,130
805,1145,14965,1649,14965,371,130
805,1145,14966,1649,14966,371,130
805,1145,14967,1649,14967,371,130
805,1145,14968,1649,14968,371,130
806,1145,14969,1649,14969,371,130
806,1145,14970,1649,14970,371,130
806,1145,14971,1649,14971,371,130
806,1145,14972,1649,14972,371,130
806,1145,14973,1649,14973,371,130
806,1145,14974,1649,14974,371,130
806,1145,14975,1649,14975,371,130
806,1145,14976,1649,14976,371,130
806,1145,14977,1649,14977,371,130
806,1145,14978,1649,14978,371,130
806,1145,14979,1649,14979,371,130
806,1145,14980,1649,14980,371,130
806,1145,14981,1649,14981,371,130
806,1145,14982,1649,14982,371,130
806,1145,14983,1649,14983,371,130
806,1145,14984,1649,14984,371,130
806,1145,14985,1649,14985,371,130
806,1145,14986,1649,14986,371,130
805,1145,14987,1649,14987,371,130
805,1145,14988,1649,14988,371,130
805,1145,14989,1649,14989,371,130
805,1145,14990,1649,14990,371,130
805,1145,14991,1649,14991,371,130
805,1145,14992,1649,14992,371,130
805,1145,14993,1649,14993,371,130
805,1145,14994,1649,14994,371,130
805,1145,14995,1649,14995,371,130
805,1145,14996,1649,14996,371,130
805,1145,14997,1649,14997,371,130
805,1145,14998,1649,14998,371,130
805,1145,14999,1649,14999,371,130
805,1145,15000,1649,15000,371,130
805,1145,15001,1649,15001,371,130
805,1145,15002,1649,15002,371,130
805,1145,15003,1649,15003,371,130
805,1145,15004,1649,15004,371,130
805,1145,15005,1649,15005,371,130
805,1145,15006,1649,15006,371,130
805,1145,15007,1649,15007,371,130
805,1145,15008,1649,15008,371,130
805,1145,15009,1649,15009,371,130
805,1145,15010,1649,15010,371,130
805,1145,15011,1649,15011,371,130
805,1145,15012,1649,15012,371,130
805,1145,15013,1649,15013,371,130
805,1145,15014,1649,15014,371,130
805,1145,15015,1649,15015,371,130
805,1145,15016,1649,15016,371,130
805,1145,15017,1649,15017,371,130
805,1145,15018,1649,15018,371,130
805,1145,15019,1649,15019,371,130
805,1145,15020,1649,15020,371,130
805,1145,15021,1649,15021,371,130
805,1145,15022,1649,15022,371,130
805,1145,15023,1649,15023,371,130
805,1145,15024,1649,15024,371,130
805,1145,15025,1649,15025,371,130
805,1145,15026,1649,15026,371,130
805,1145,15027,1649,15027,371,130
805,1145,15028,1649,15028,371,130
805,1145,15029,1649,15029,371,130
805,1145,15030,1649,15030,371,130
805,1145,15031,1649,15031,371,130
805,1145,15032,1649,15032,371,130
805,1145,15033,1649,15033,371,130
805,1145,15034,1649,15034,371,130
805,1145,15035,1649,15035,371,130
805,1145,15036,1649,15036,371,130
805,1145,15037,1649,15037,371,130
805,1145,15038,1649,15038,371,130
805,1145,15039,1649,15039,371,130
805,1145,15040,1649,15040,371,130
805,1145,15041,1649,15041,371,130
805,1145,15042,1649,15042,371,130
805,1145,15043,1649,15043,371,130
805,1145,15044,1649,15044,371,130
805,1145,15045,1649,15045,371,130
805,1145,15046,1649,15046,371,130
804,1145,15047,1649,15047,371,130
804,1145,15048,1649,15048,371,130
804,1145,15049,1649,15049,371,130
804,1145,15050,1649,15050,371,130
804,1145,15051,1649,15051,371,130
804,1145,15052,1649,15052,371,130
804,1145,15053,1649,15053,371,130
804,1145,15054,1649,15054,371,130
804,1145,15055,1649,15055,371,130
804,1145,15056,1649,15056,371,130
804,1145,15057,1649,15057,371,130
804,1145,15058,1649,15058,371,130
804,1145,15059,1649,15059,371,130
804,1145,15060,1649,15060,371,130
804,1145,15061,1649,15061,371,130
804,1145,15062,1649,15062,371,130
804,1145,15063,1649,15063,371,130
804,1145,15064,1649,15064,371,130
804,1145,15065,1649,15065,371,130
804,1145,15066,1649,15066,371,130
804,1145,15067,1649,15067,371,130
804,1145,15068,1649,15068,371,130
804,1145,15069,1649,15069,371,130
804,1145,15070,1649,15070,371,130
804,1145,15071,1649,15071,371,130
804,1145,15072,1649,15072,371,130
804,1145,15073,1649,15073,371,130
803,1145,15074,1649,15074,371,130
803,1145,15075,1649,15075,371,130
803,1145,15076,1649,15076,371,130
803,1145,15077,1649,15077,371,130
803,1145,15078,1649,15078,371,130
803,1145,15079,1649,15079,371,130
803,1145,15080,1649,15080,371,130
803,1145,15081,1649,15081,371,130
803,1145,15082,1649,15082,371,130
803,1145,15083,1649,15083,371,130
803,1145,15084,1649,15084,371,130
803,1145,15085,1649,15085,371,130
803,1145,15086,1649,15086,371,130
803,1145,15087,1649,15087,371,130
803,1145,15088,1649,15088,371,130
803,1145,15089,1649,15089,371,130
803,1145,15090,1649,15090,371,130
803,1145,15091,1649,15091,371,130
803,1145,15092,1649,15092,371,130
803,1145,15093,1649,15093,371,130
803,1145,15094,1649,15094,371,130
803,1145,15095,1649,15095,371,130
803,1145,15096,1649,15096,371,130
803,1145,15097,1649,15097,371,130
803,1145,15098,1649,15098,371,130
803,1145,15099,1649,15099,371,130
803,1145,15100,1649,15100,371,130
803,1145,15101,1649,15101,371,130
803,1145,15102,1649,15102,371,130
803,1145,15103,1649,15103,371,130
803,1145,15104,1649,15104,371,130
803,1145,15105,1649,15105,371,130
803,1145,15106,1649,15106,371,130
803,1145,15107,1649,15107,371,130
803,1145,15108,1649,15108,371,130
803,1145,15109,1649,15109,371,130
803,1145,15110,1649,15110,371,130
803,1145,15111,1649,15111,371,130
803,1145,15112,1649,15112,371,130
803,1145,15113,1649,15113,371,130
803,1145,15114,1649,15114,371,130
804,1145,15115,1649,15115,371,130
804,1145,15116,1649,15116,371,130
804,1145,15117,1649,15117,371,130
804,1145,15118,1649,15118,371,130
804,1145,15119,1649,15119,371,130
804,1145,15120,1649,15120,371,130
804,1145,15121,1649,15121,371,130
804,1145,15122,1649,15122,371,130
804,1145,15123,1649,15123,371,130
804,1145,15124,1649,15124,371,130
804,1145,15125,1649,15125,371,130
804,1145,15126,1649,15126,371,130
804,1145,15127,1649,15127,371,130
804,1145,15128,1649,15128,371,130
804,1145,15129,1649,15129,371,130
804,1145,15130,1649,15130,371,130
804,1145,15131,1649,15131,371,130
804,1145,15132,1649,15132,371,130
804,1145,15133,1649,15133,371,130
804,1145,15134,1649,15134,371,130
804,1145,15135,1649,15135,371,130
804,1145,15136,1649,15136,371,130
804,1145,15137,1649,15137,371,130
804,1145,15138,1649,15138,371,130
804,1145,15139,1649,15139,371,130
804,1145,15140,1649,15140,371,130
804,1145,15141,1649,15141,371,130
804,1145,15142,1649,15142,371,130
804,1145,15143,1649,15143,371,130
804,1145,15144,1649,15144,371,130
804,1145,15145,1649,15145,371,130
804,1145,15146,1649,15146,371,130
804,1145,15147,1649,15147,371,130
804,1145,15148,1649,15148,371,130
804,1145,15149,1649,15149,371,130
804,1145,15150,1649,15150,371,130
804,1145,15151,1649,15151,371,130
804,1145,15152,1649,15152,371,130
804,1145,15153,1649,15153,371,130
804,1145,15154,1649,15154,371,130
804,1145,15155,1649,15155,371,130
804,1145,15156,1649,15156,371,130
804,1145,15157,1649,15157,371,130
804,1145,15158,1649,15158,371,130
804,1145,15159,1649,15159,371,130
804,1145,15160,1649,15160,371,130
804,1145,15161,1649,15161,371,130
804,1145,15162,1649,15162,371,130
804,1145,15163,1649,15163,371,130
804,1145,15164,1649,15164,371,130
804,1145,15165,1649,15165,371,130
804,1145,15166,1649,15166,371,130
804,1145,15167,1649,15167,371,130
804,1145,15168,1649,15168,371,130
804,1145,15169,1649,15169,371,130
804,1145,15170,1649,15170,371,130
804,1145,15171,1649,15171,371,130
804,1145,15172,1649,15172,371,130
804,1145,15173,1649,15173,371,130
804,1145,15174,1649,15174,371,130
804,1145,15175,1649,15175,371,130
804,1145,15176,1649,15176,371,130
804,1145,15177,1649,15177,371,130
804,1145,15178,1649,15178,371,130
804,1145,15179,1649,15179,371,130
804,1145,15180,1649,15180,371,130
804,1145,15181,1649,15181,371,130
804,1145,15182,1649,15182,371,130
804,1145,15183,1649,15183,371,130
804,1145,15184,1649,15184,371,130
804,1145,15185,1649,15185,371,130
804,1145,15186,1649,15186,371,130
804,1145,15187,1649,15187,371,130
804,1145,15188,1649,15188,371,130
804,1145,15189,1649,15189,371,130
804,1145,15190,1649,15190,371,130
804,1145,15191,1649,15191,371,130
804,1145,15192,1649,15192,371,130
804,1145,15193,1649,15193,371,130
804,1145,15194,1649,15194,371,130
804,1145,15195,1649,15195,371,130
804,1145,15196,1649,15196,371,130
804,1145,15197,1649,15197,371,130
804,1145,15198,1649,15198,371,130
804,1145,15199,1649,15199,371,130
804,1145,15200,1649,15200,371,130
804,1145,15201,1649,15201,371,130
804,1145,15202,1649,15202,371,130
804,1145,15203,1649,15203,371,130
804,1145,15204,1649,15204,371,130
804,1145,15205,1649,15205,371,130
804,1145,15206,1649,15206,371,130
804,1145,15207,1649,15207,371,130
804,1145,15208,1649,15208,371,130
804,1145,15209,1649,15209,371,130
804,1145,15210,1649,15210,371,130
804,1145,15211,1649,15211,371,130
804,1145,15212,1649,15212,371,130
804,1145,15213,1649,15213,371,130
804,1145,15214,1649,15214,371,130
804,1145,15215,1649,15215,371,130
804,1145,15216,1649,15216,371,130
804,1145,15217,1649,15217,371,130
804,1145,15218,1649,15218,371,130
804,1145,15219,1649,15219,371,130
804,1145,15220,1649,15220,371,130
804,1145,15221,1649,15221,371,130
804,1145,15222,1649,15222,371,130
804,1145,15223,1649,15223,371,130
804,1145,15224,1649,15224,371,130
804,1145,15225,1649,15225,371,130
804,1145,15226,1649,15226,371,130
804,1145,15227,1649,15227,371,130
804,1145,15228,1649,15228,371,130
804,1145,15229,1649,15229,371,130
804,1145,15230,1649,15230,371,130
804,1145,15231,1649,15231,371,130
804,1145,15232,1649,15232,371,130
804,1145,15233,1649,15233,371,130
804,1145,15234,1649,15234,371,130
804,1145,15235,1649,15235,371,130
804,1145,15236,1649,15236,371,130
804,1145,15237,1649,15237,371,130
804,1145,15238,1649,15238,371,130
804,1145,15239,1649,15239,371,130
804,1145,15240,1649,15240,371,130
804,1145,15241,1649,15241,371,130
804,1145,15242,1649,15242,371,130
804,1145,15243,1649,15243,371,130
804,1145,15244,1649,15244,371,130
804,1145,15245,1649,15245,371,130
804,1145,15246,1649,15246,371,130
804,1145,15247,1649,15247,371,130
804,1145,15248,1649,15248,371,130
804,1145,15249,1649,15249,371,130
804,1145,15250,1649,15250,371,130
804,1145,15251,1649,15251,371,130
805,1145,15252,1649,15252,371,130
805,1145,15253,1649,15253,371,130
805,1145,15254,1649,15254,371,130
805,1145,15255,1649,15255,371,130
805,1145,15256,1649,15256,371,130
805,1145,15257,1649,15257,371,130
805,1145,15258,1649,15258,371,130
805,1145,15259,1649,15259,371,130
805,1145,15260,1649,15260,371,130
805,1145,15261,1649,15261,371,130
805,1145,15262,1649,15262,371,130
805,1145,15263,1649,15263,371,130
805,1145,15264,1649,15264,371,130
805,1145,15265,1649,15265,371,130
805,1145,15266,1649,15266,371,130
805,1145,15267,1649,15267,371,130
805,1145,15268,1649,15268,371,130
805,1145,15269,1649,15269,371,130
805,1145,15270,1649,15270,371,130
805,1145,15271,1649,15271,371,130
805,1145,15272,1649,15272,371,130
805,1145,15273,1649,15273,371,130
805,1145,15274,1649,15274,371,130
805,1145,15275,1649,15275,371,130
805,1145,15276,1649,15276,371,130
805,1145,15277,1649,15277,371,130
805,1145,15278,1649,15278,371,130
805,1145,15279,1649,15279,371,130
805,1145,15280,1649,15280,371,130
805,1145,15281,1649,15281,371,130
805,1145,15282,1649,15282,371,130
805,1145,15283,1649,15283,371,130
805,1145,15284,1649,15284,371,130
805,1145,15285,1649,15285,371,130
805,1145,15286,1649,15286,371,130
805,1145,15287,1649,15287,371,130
805,1145,15288,1649,15288,371,130
805,1145,15289,1649,15289,371,130
805,1145,15290,1649,15290,371,130
805,1145,15291,1649,15291,371,130
805,1145,15292,1649,15292,371,130
805,1145,15293,1649,15293,371,130
805,1145,15294,1649,15294,371,130
805,1145,15295,1649,15295,371,130
805,1145,15296,1649,15296,371,130
805,1145,15297,1649,15297,371,130
805,1145,15298,1649,15298,371,130
805,1145,15299,1649,15299,371,130
805,1145,15300,1649,15300,371,130
805,1145,15301,1649,15301,371,130
805,1145,15302,1649,15302,371,130
805,1145,15303,1649,15303,371,130
805,1145,15304,1649,15304,371,130
805,1145,15305,1649,15305,371,130
805,1145,15306,1649,15306,371,130
805,1145,15307,1649,15307,371,130
805,1145,15308,1649,15308,371,130
805,1145,15309,1649,15309,371,130
805,1145,15310,1649,15310,371,130
805,1145,15311,1649,15311,371,130
805,1145,15312,1649,15312,371,130
805,1145,15313,1649,15313,371,130
805,1145,15314,1649,15314,371,130
805,1145,15315,1649,15315,371,130
805,1145,15316,1649,15316,371,130
805,1145,15317,1649,15317,371,130
805,1145,15318,1649,15318,371,130
804,1145,15319,1649,15319,371,130
804,1145,15320,1649,15320,371,130
804,1145,15321,1649,15321,371,130
804,1145,15322,1649,15322,371,130
804,1145,15323,1649,15323,371,130
804,1145,15324,1649,15324,371,130
804,1145,15325,1649,15325,371,130
804,1145,15326,1649,15326,371,130
804,1145,15327,1649,15327,371,130
804,1145,15328,1649,15328,371,130
804,1145,15329,1649,15329,371,130
804,1145,15330,1649,15330,371,130
804,1145,15331,1649,15331,371,130
804,1145,15332,1649,15332,371,130
804,1145,15333,1649,15333,371,130
804,1145,15334,1649,15334,371,130
804,1145,15335,1649,15335,371,130
804,1145,15336,1649,15336,371,130
804,1145,15337,1649,15337,371,130
804,1145,15338,1649,15338,371,130
804,1145,15339,1649,15339,371,130
804,1145,15340,1649,15340,371,130
804,1145,15341,1649,15341,371,130
804,1145,15342,1649,15342,371,130
804,1145,15343,1649,15343,371,130
804,1145,15344,1649,15344,371,130
804,1145,15345,1649,15345,371,130
804,1145,15346,1649,15346,371,130
804,1145,15347,1649,15347,371,130
804,1145,15348,1649,15348,371,130
804,1145,15349,1649,15349,371,130
804,1145,15350,1649,15350,371,130
804,1145,15351,1649,15351,371,130
804,1145,15352,1649,15352,371,130
804,1145,15353,1649,15353,371,130
804,1145,15354,1649,15354,371,130
804,1145,15355,1649,15355,371,130
804,1145,15356,1649,15356,371,130
804,1145,15357,1649,15357,371,130
804,1145,15358,1649,15358,371,130
804,1145,15359,1649,15359,371,130
804,1145,15360,1649,15360,371,130
804,1145,15361,1649,15361,371,130
804,1145,15362,1649,15362,371,130
804,1145,15363,1649,15363,371,130
804,1145,15364,1649,15364,371,130
804,1145,15365,1649,15365,371,130
804,1145,15366,1649,15366,371,130
804,1145,15367,1649,15367,371,130
804,1145,15368,1649,15368,371,130
804,1145,15369,1649,15369,371,130
804,1145,15370,1649,15370,371,130
804,1145,15371,1649,15371,371,130
804,1145,15372,1649,15372,371,130
804,1145,15373,1649,15373,371,130
804,1145,15374,1649,15374,371,130
804,1145,15375,1649,15375,371,130
804,1145,15376,1649,15376,371,130
804,1145,15377,1649,15377,371,130
804,1145,15378,1649,15378,371,130
804,1145,15379,1649,15379,371,130
804,1145,15380,1649,15380,371,130
804,1145,15381,1649,15381,371,130
804,1145,15382,1649,15382,371,130
804,1145,15383,1649,15383,371,130
804,1145,15384,1649,15384,371,130
804,1145,15385,1649,15385,371,130
804,1145,15386,1649,15386,371,130
804,1145,15387,1649,15387,371,130
804,1145,15388,1649,15388,371,130
804,1145,15389,1649,15389,371,130
804,1145,15390,1649,15390,371,130
804,1145,15391,1649,15391,371,130
804,1145,15392,1649,15392,371,130
804,1145,15393,1649,15393,371,130
804,1145,15394,1649,15394,371,130
804,1145,15395,1649,15395,371,130
804,1145,15396,1649,15396,371,130
804,1145,15397,1649,15397,371,130
803,1145,15398,1649,15398,371,130
803,1145,15399,1649,15399,371,130
803,1145,15400,1649,15400,371,130
803,1145,15401,1649,15401,371,130
803,1145,15402,1649,15402,371,130
803,1145,15403,1649,15403,371,130
803,1145,15404,1649,15404,371,130
803,1145,15405,1649,15405,371,130
803,1145,15406,1649,15406,371,130
803,1145,15407,1649,15407,371,130
803,1145,15408,1649,15408,371,130
803,1145,15409,1649,15409,371,130
803,1145,15410,1649,15410,371,130
803,1145,15411,1649,15411,371,130
803,1145,15412,1649,15412,371,130
803,1145,15413,1649,15413,371,130
803,1145,15414,1649,15414,371,130
803,1145,15415,1649,15415,371,130
803,1145,15416,1649,15416,371,130
803,1145,15417,1649,15417,371,130
803,1145,15418,1649,15418,371,130
803,1145,15419,1649,15419,371,130
803,1145,15420,1649,15420,371,130
803,1145,15421,1649,15421,371,130
803,1145,15422,1649,15422,371,130
803,1145,15423,1649,15423,371,130
803,1145,15424,1649,15424,371,130
803,1145,15425,1649,15425,371,130
803,1145,15426,1649,15426,371,130
803,1145,15427,1649,15427,371,130
803,1145,15428,1649,15428,371,130
803,1145,15429,1649,15429,371,130
803,1145,15430,1649,15430,371,130
803,1145,15431,1649,15431,371,130
803,1145,15432,1649,15432,371,130
803,1145,15433,1649,15433,371,130
803,1145,15434,1649,15434,371,130
803,1145,15435,1649,15435,371,130
803,1145,15436,1649,15436,371,130
803,1145,15437,1649,15437,371,130
803,1145,15438,1649,15438,371,130
803,1145,15439,1649,15439,371,130
803,1145,15440,1649,15440,371,130
803,1145,15441,1649,15441,371,130
803,1145,15442,1649,15442,371,130
803,1145,15443,1649,15443,371,130
803,1145,15444,1649,15444,371,130
803,1145,15445,1649,15445,371,130
803,1145,15446,1649,15446,371,130
803,1145,15447,1649,15447,371,130
803,1145,15448,1649,15448,371,130
803,1145,15449,1649,15449,371,130
803,1145,15450,1649,15450,371,130
803,1145,15451,1649,15451,371,130
804,1145,15452,1649,15452,371,130
804,1145,15453,1649,15453,371,130
804,1145,15454,1649,15454,371,130
804,1145,15455,1649,15455,371,130
804,1145,15456,1649,15456,371,130
804,1145,15457,1649,15457,371,130
804,1145,15458,1649,15458,371,130
804,1145,15459,1649,15459,371,130
804,1145,15460,1649,15460,371,130
804,1145,15461,1649,15461,371,130
804,1145,15462,1649,15462,371,130
804,1145,15463,1649,15463,371,130
804,1145,15464,1649,15464,371,130
804,1145,15465,1649,15465,371,130
804,1145,15466,1649,15466,371,130
804,1145,15467,1649,15467,371,130
804,1145,15468,1649,15468,371,130
804,1145,15469,1649,15469,371,130
804,1145,15470,1649,15470,371,130
804,1145,15471,1649,15471,371,130
804,1145,15472,1649,15472,371,130
804,1145,15473,1649,15473,371,130
804,1145,15474,1649,15474,371,130
804,1145,15475,1649,15475,371,130
804,1145,15476,1649,15476,371,130
804,1145,15477,1649,15477,371,130
804,1145,15478,1649,15478,371,130
804,1145,15479,1649,15479,371,130
804,1145,15480,1649,15480,371,130
804,1145,15481,1649,15481,371,130
804,1145,15482,1649,15482,371,130
804,1145,15483,1649,15483,371,130
804,1145,15484,1649,15484,371,130
804,1145,15485,1649,15485,371,130
804,1145,15486,1649,15486,371,130
805,1145,15487,1649,15487,371,130
805,1145,15488,1649,15488,371,130
805,1145,15489,1649,15489,371,130
805,1145,15490,1649,15490,371,130
805,1145,15491,1649,15491,371,130
805,1145,15492,1649,15492,371,130
805,1145,15493,1649,15493,371,130
805,1145,15494,1649,15494,371,130
805,1145,15495,1649,15495,371,130
805,1145,15496,1649,15496,371,130
805,1145,15497,1649,15497,371,130
805,1145,15498,1649,15498,371,130
805,1145,15499,1649,15499,371,130
805,1145,15500,1649,15500,371,130
805,1145,15501,1649,15501,371,130
805,1145,15502,1649,15502,371,130
805,1145,15503,1649,15503,371,130
805,1145,15504,1649,15504,371,130
805,1145,15505,1649,15505,371,130
805,1145,15506,1649,15506,371,130
805,1145,15507,1649,15507,371,130
805,1145,15508,1649,15508,371,130
805,1145,15509,1649,15509,371,130
805,1145,15510,1649,15510,371,130
805,1145,15511,1649,15511,371,130
805,1145,15512,1649,15512,371,130
805,1145,15513,1649,15513,371,130
805,1145,15514,1649,15514,371,130
805,1145,15515,1649,15515,371,130
805,1145,15516,1649,15516,371,130
805,1145,15517,1649,15517,371,130
805,1145,15518,1649,15518,371,130
805,1145,15519,1649,15519,371,130
805,1145,15520,1649,15520,371,130
805,1145,15521,1649,15521,371,130
805,1145,15522,1649,15522,371,130
805,1145,15523,1649,15523,371,130
805,1145,15524,1649,15524,371,130
805,1145,15525,1649,15525,371,130
805,1145,15526,1649,15526,371,130
805,1145,15527,1649,15527,371,130
805,1145,15528,1649,15528,371,130
805,1145,15529,1649,15529,371,130
805,1145,15530,1649,15530,371,130
805,1145,15531,1649,15531,371,130
805,1145,15532,1649,15532,371,130
805,1145,15533,1649,15533,371,130
805,1145,15534,1649,15534,371,130
805,1145,15535,1649,15535,371,130
805,1145,15536,1649,15536,371,130
805,1145,15537,1649,15537,371,130
805,1145,15538,1649,15538,371,130
805,1145,15539,1649,15539,371,130
805,1145,15540,1649,15540,371,130
805,1145,15541,1649,15541,371,130
805,1145,15542,1649,15542,371,130
805,1145,15543,1649,15543,371,130
805,1145,15544,1649,15544,371,130
805,1145,15545,1649,15545,371,130
805,1145,15546,1649,15546,371,130
805,1145,15547,1649,15547,371,130
805,1145,15548,1649,15548,371,130
805,1145,15549,1649,15549,371,130
805,1145,15550,1649,15550,371,130
805,1145,15551,1649,15551,371,130
805,1145,15552,1649,15552,371,130
805,1145,15553,1649,15553,371,130
805,1145,15554,1649,15554,371,130
805,1145,15555,1649,15555,371,130
805,1145,15556,1649,15556,371,130
805,1145,15557,1649,15557,371,130
805,1145,15558,1649,15558,371,130
805,1145,15559,1649,15559,371,130
805,1145,15560,1649,15560,371,130
805,1145,15561,1649,15561,371,130
805,1145,15562,1649,15562,371,130
805,1145,15563,1649,15563,371,130
805,1145,15564,1649,15564,371,130
805,1145,15565,1649,15565,371,130
805,1145,15566,1649,15566,371,130
805,1145,15567,1649,15567,371,130
805,1145,15568,1649,15568,371,130
805,1145,15569,1649,15569,371,130
805,1145,15570,1649,15570,371,130
805,1145,15571,1649,15571,371,130
805,1145,15572,1649,15572,371,130
805,1145,15573,1649,15573,371,130
805,1145,15574,1649,15574,371,130
805,1145,15575,1649,15575,371,130
805,1145,15576,1649,15576,371,130
805,1145,15577,1649,15577,371,130
805,1145,15578,1649,15578,371,130
805,1145,15579,1649,15579,371,130
805,1145,15580,1649,15580,371,130
805,1145,15581,1649,15581,371,130
805,1145,15582,1649,15582,371,130
805,1145,15583,1649,15583,371,130
805,1145,15584,1649,15584,371,130
805,1145,15585,1649,15585,371,130
805,1145,15586,1649,15586,371,130
805,1145,15587,1649,15587,371,130
805,1145,15588,1649,15588,371,130
805,1145,15589,1649,15589,371,130
805,1145,15590,1649,15590,371,130
805,1145,15591,1649,15591,371,130
805,1145,15592,1649,15592,371,130
805,1145,15593,1649,15593,371,130
805,1145,15594,1649,15594,371,130
805,1145,15595,1649,15595,371,130
805,1145,15596,1649,15596,371,130
805,1145,15597,1649,15597,371,130
805,1145,15598,1649,15598,371,130
805,1145,15599,1649,15599,371,130
805,1145,15600,1649,15600,371,130
805,1145,15601,1649,15601,371,130
805,1145,15602,1649,15602,371,130
805,1145,15603,1649,15603,371,130
805,1145,15604,1649,15604,371,130
805,1145,15605,1649,15605,371,130
805,1145,15606,1649,15606,371,130
805,1145,15607,1649,15607,371,130
805,1145,15608,1649,15608,371,130
805,1145,15609,1649,15609,371,130
805,1145,15610,1649,15610,371,130
805,1145,15611,1649,15611,371,130
805,1145,15612,1649,15612,371,130
805,1145,15613,1649,15613,371,130
805,1145,15614,1649,15614,371,130
805,1145,15615,1649,15615,371,130
805,1145,15616,1649,15616,371,130
805,1145,15617,1649,15617,371,130
805,1145,15618,1649,15618,371,130
805,1145,15619,1649,15619,371,130
805,1145,15620,1649,15620,371,130
805,1145,15621,1649,15621,371,130
805,1145,15622,1649,15622,371,130
805,1145,15623,1649,15623,371,130
805,1145,15624,1649,15624,371,130
805,1145,15625,1649,15625,371,130
805,1145,15626,1649,15626,371,130
805,1145,15627,1649,15627,371,130
805,1145,15628,1649,15628,371,130
805,1145,15629,1649,15629,371,130
805,1145,15630,1649,15630,371,130
805,1145,15631,1649,15631,371,130
805,1145,15632,1649,15632,371,130
805,1145,15633,1649,15633,371,130
805,1145,15634,1649,15634,371,130
805,1145,15635,1649,15635,371,130
805,1145,15636,1649,15636,371,130
805,1145,15637,1649,15637,371,130
805,1145,15638,1649,15638,371,130
805,1145,15639,1649,15639,371,130
805,1145,15640,1649,15640,371,130
805,1145,15641,1649,15641,371,130
805,1145,15642,1649,15642,371,130
805,1145,15643,1649,15643,371,130
805,1145,15644,1649,15644,371,130
805,1145,15645,1649,15645,371,130
805,1145,15646,1649,15646,371,130
805,1145,15647,1649,15647,371,130
805,1145,15648,1649,15648,371,130
805,1145,15649,1649,15649,371,130
805,1145,15650,1649,15650,371,130
805,1145,15651,1649,15651,371,130
805,1145,15652,1649,15652,371,130
805,1145,15653,1649,15653,371,130
805,1145,15654,1649,15654,371,130
805,1145,15655,1649,15655,371,130
805,1145,15656,1649,15656,371,130
805,1145,15657,1649,15657,371,130
805,1145,15658,1649,15658,371,130
805,1145,15659,1649,15659,371,130
805,1145,15660,1649,15660,371,130
805,1145,15661,1649,15661,371,130
805,1145,15662,1649,15662,371,130
805,1145,15663,1649,15663,371,130
805,1145,15664,1649,15664,371,130
805,1145,15665,1649,15665,371,130
805,1145,15666,1649,15666,371,130
805,1145,15667,1649,15667,371,130
805,1145,15668,1649,15668,371,130
805,1145,15669,1649,15669,371,130
805,1145,15670,1649,15670,371,130
805,1145,15671,1649,15671,371,130
805,1145,15672,1649,15672,371,130
805,1145,15673,1649,15673,371,130
805,1145,15674,1649,15674,371,130
805,1145,15675,1649,15675,371,130
805,1145,15676,1649,15676,371,130
805,1145,15677,1649,15677,371,130
805,1145,15678,1649,15678,371,130
805,1145,15679,1649,15679,371,130
805,1145,15680,1649,15680,371,130
805,1145,15681,1649,15681,371,130
805,1145,15682,1649,15682,371,130
805,1145,15683,1649,15683,371,130
805,1145,15684,1649,15684,371,130
805,1145,15685,1649,15685,371,130
805,1145,15686,1649,15686,371,130
805,1145,15687,1649,15687,371,130
805,1145,15688,1649,15688,371,130
805,1145,15689,1649,15689,371,130
805,1145,15690,1649,15690,371,130
805,1145,15691,1649,15691,371,130
805,1145,15692,1649,15692,371,130
805,1145,15693,1649,15693,371,130
805,1145,15694,1649,15694,371,130
805,1145,15695,1649,15695,371,130
805,1145,15696,1649,15696,371,130
805,1145,15697,1649,15697,371,130
805,1145,15698,1649,15698,371,130
805,1145,15699,1649,15699,371,130
805,1145,15700,1649,15700,371,130
805,1145,15701,1649,15701,371,130
805,1145,15702,1649,15702,371,130
805,1145,15703,1649,15703,371,130
805,1145,15704,1649,15704,371,130
805,1145,15705,1649,15705,371,130
805,1145,15706,1649,15706,371,130
805,1145,15707,1649,15707,371,130
805,1145,15708,1649,15708,371,130
805,1145,15709,1649,15709,371,130
805,1145,15710,1649,15710,371,130
805,1145,15711,1649,15711,371,130
805,1145,15712,1649,15712,371,130
805,1145,15713,1649,15713,371,130
805,1145,15714,1649,15714,371,130
805,1145,15715,1649,15715,371,130
805,1145,15716,1649,15716,371,130
805,1145,15717,1649,15717,371,130
805,1145,15718,1649,15718,371,130
805,1145,15719,1649,15719,371,130
805,1145,15720,1649,15720,371,130
805,1145,15721,1649,15721,371,130
805,1145,15722,1649,15722,371,130
805,1145,15723,1649,15723,371,130
805,1145,15724,1649,15724,371,130
805,1145,15725,1649,15725,371,130
805,1145,15726,1649,15726,371,130
805,1145,15727,1649,15727,371,130
805,1145,15728,1649,15728,371,130
805,1145,15729,1649,15729,371,130
805,1145,15730,1649,15730,371,130
805,1145,15731,1649,15731,371,130
805,1145,15732,1649,15732,371,130
805,1145,15733,1649,15733,371,130
805,1145,15734,1649,15734,371,130
805,1145,15735,1649,15735,371,130
805,1145,15736,1649,15736,371,130
805,1145,15737,1649,15737,371,130
805,1145,15738,1649,15738,371,130
805,1145,15739,1649,15739,371,130
805,1145,15740,1649,15740,371,130
805,1145,15741,1649,15741,371,130
805,1145,15742,1649,15742,371,130
805,1145,15743,1649,15743,371,130
805,1145,15744,1649,15744,371,130
805,1145,15745,1649,15745,371,130
805,1145,15746,1649,15746,371,130
805,1145,15747,1649,15747,371,130
805,1145,15748,1649,15748,371,130
805,1145,15749,1649,15749,371,130
805,1145,15750,1649,15750,371,130
805,1145,15751,1649,15751,371,130
805,1145,15752,1649,15752,371,130
805,1145,15753,1649,15753,371,130
805,1145,15754,1649,15754,371,130
805,1145,15755,1649,15755,371,130
805,1145,15756,1649,15756,371,130
805,1145,15757,1649,15757,371,130
805,1145,15758,1649,15758,371,130
805,1145,15759,1649,15759,371,130
805,1145,15760,1649,15760,371,130
805,1145,15761,1649,15761,371,130
805,1145,15762,1649,15762,371,130
805,1145,15763,1649,15763,371,130
805,1145,15764,1649,15764,371,130
805,1145,15765,1649,15765,371,130
805,1145,15766,1649,15766,371,130
805,1145,15767,1649,15767,371,130
805,1145,15768,1649,15768,371,130
805,1145,15769,1649,15769,371,130
805,1145,15770,1649,15770,371,130
805,1145,15771,1649,15771,371,130
805,1145,15772,1649,15772,371,130
805,1145,15773,1649,15773,371,130
805,1145,15774,1649,15774,371,130
805,1145,15775,1649,15775,371,130
805,1145,15776,1649,15776,371,130
805,1145,15777,1649,15777,371,130
805,1145,15778,1649,15778,371,130
805,1145,15779,1649,15779,371,130
805,1145,15780,1649,15780,371,130
805,1145,15781,1649,15781,371,130
805,1145,15782,1649,15782,371,130
805,1145,15783,1649,15783,371,130
805,1145,15784,1649,15784,371,130
805,1145,15785,1649,15785,371,130
805,1145,15786,1649,15786,371,130
805,1145,15787,1649,15787,371,130
805,1145,15788,1649,15788,371,130
805,1145,15789,1649,15789,371,130
805,1145,15790,1649,15790,371,130
805,1145,15791,1649,15791,371,130
805,1145,15792,1649,15792,371,130
805,1145,15793,1649,15793,371,130
805,1145,15794,1649,15794,371,130
805,1145,15795,1649,15795,371,130
805,1145,15796,1649,15796,371,130
805,1145,15797,1649,15797,371,130
805,1145,15798,1649,15798,371,130
805,1145,15799,1649,15799,371,130
805,1145,15800,1649,15800,371,130
805,1145,15801,1649,15801,371,130
805,1145,15802,1649,15802,371,130
805,1145,15803,1649,15803,371,130
805,1145,15804,1649,15804,371,130
805,1145,15805,1649,15805,371,130
804,1145,15806,1649,15806,371,130
804,1145,15807,1649,15807,371,130
804,1145,15808,1649,15808,371,130
804,1145,15809,1649,15809,371,130
804,1145,15810,1649,15810,371,130
804,1145,15811,1649,15811,371,130
804,1145,15812,1649,15812,371,130
804,1145,15813,1649,15813,371,130
804,1145,15814,1649,15814,371,130
804,1145,15815,1649,15815,371,130
804,1145,15816,1649,15816,371,130
804,1145,15817,1649,15817,371,130
804,1145,15818,1649,15818,371,130
804,1145,15819,1649,15819,371,130
804,1145,15820,1649,15820,371,130
804,1145,15821,1649,15821,371,130
804,1145,15822,1649,15822,371,130
804,1145,15823,1649,15823,371,130
804,1145,15824,1649,15824,371,130
804,1145,15825,1649,15825,371,130
804,1145,15826,1649,15826,371,130
804,1145,15827,1649,15827,371,130
804,1145,15828,1649,15828,371,130
804,1145,15829,1649,15829,371,130
804,1145,15830,1649,15830,371,130
804,1145,15831,1649,15831,371,130
804,1145,15832,1649,15832,371,130
804,1145,15833,1649,15833,371,130
804,1145,15834,1649,15834,371,130
804,1145,15835,1649,15835,371,130
804,1145,15836,1649,15836,371,130
804,1145,15837,1649,15837,371,130
804,1145,15838,1649,15838,371,130
804,1145,15839,1649,15839,371,130
804,1145,15840,1649,15840,371,130
804,1145,15841,1649,15841,371,130
804,1145,15842,1649,15842,371,130
804,1145,15843,1649,15843,371,130
804,1145,15844,1649,15844,371,130
804,1145,15845,1649,15845,371,130
804,1145,15846,1649,15846,371,130
804,1145,15847,1649,15847,371,130
804,1145,15848,1649,15848,371,130
804,1145,15849,1649,15849,371,130
804,1145,15850,1649,15850,371,130
804,1145,15851,1649,15851,371,130
804,1145,15852,1649,15852,371,130
804,1145,15853,1649,15853,371,130
804,1145,15854,1649,15854,371,130
804,1145,15855,1649,15855,371,130
804,1145,15856,1649,15856,371,130
804,1145,15857,1649,15857,371,130
804,1145,15858,1649,15858,371,130
804,1145,15859,1649,15859,371,130
804,1145,15860,1649,15860,371,130
804,1145,15861,1649,15861,371,130
804,1145,15862,1649,15862,371,130
804,1145,15863,1649,15863,371,130
804,1145,15864,1649,15864,371,130
804,1145,15865,1649,15865,371,130
804,1145,15866,1649,15866,371,130
804,1145,15867,1649,15867,371,130
804,1145,15868,1649,15868,371,130
804,1145,15869,1649,15869,371,130
804,1145,15870,1649,15870,371,130
804,1145,15871,1649,15871,371,130
804,1145,15872,1649,15872,371,130
804,1145,15873,1649,15873,371,130
804,1145,15874,1649,15874,371,130
804,1145,15875,1649,15875,371,130
804,1145,15876,1649,15876,371,130
804,1145,15877,1649,15877,371,130
804,1145,15878,1649,15878,371,130
804,1145,15879,1649,15879,371,130
804,1145,15880,1649,15880,371,130
804,1145,15881,1649,15881,371,130
804,1145,15882,1649,15882,371,130
804,1145,15883,1649,15883,371,130
804,1145,15884,1649,15884,371,130
804,1145,15885,1649,15885,371,130
804,1145,15886,1649,15886,371,130
804,1145,15887,1649,15887,371,130
804,1145,15888,1649,15888,371,130
804,1145,15889,1649,15889,371,130
804,1145,15890,1649,15890,371,130
804,1145,15891,1649,15891,371,130
804,1145,15892,1649,15892,371,130
804,1145,15893,1649,15893,371,130
804,1145,15894,1649,15894,371,130
804,1145,15895,1649,15895,371,130
804,1145,15896,1649,15896,371,130
804,1145,15897,1649,15897,371,130
804,1145,15898,1649,15898,371,130
804,1145,15899,1649,15899,371,130
804,1145,15900,1649,15900,371,130
804,1145,15901,1649,15901,371,130
804,1145,15902,1649,15902,371,130
804,1145,15903,1649,15903,371,130
804,1145,15904,1649,15904,371,130
804,1145,15905,1649,15905,371,130
804,1145,15906,1649,15906,371,130
804,1145,15907,1649,15907,371,130
804,1145,15908,1649,15908,371,130
804,1145,15909,1649,15909,371,130
804,1145,15910,1649,15910,371,130
804,1145,15911,1649,15911,371,130
804,1145,15912,1649,15912,371,130
804,1145,15913,1649,15913,371,130
804,1145,15914,1649,15914,371,130
804,1145,15915,1649,15915,371,130
804,1145,15916,1649,15916,371,130
804,1145,15917,1649,15917,371,130
804,1145,15918,1649,15918,371,130
804,1145,15919,1649,15919,371,130
804,1145,15920,1649,15920,371,130
804,1145,15921,1649,15921,371,130
804,1145,15922,1649,15922,371,130
804,1145,15923,1649,15923,371,130
804,1145,15924,1649,15924,371,130
804,1145,15925,1649,15925,371,130
804,1145,15926,1649,15926,371,130
804,1145,15927,1649,15927,371,130
804,1145,15928,1649,15928,371,130
804,1145,15929,1649,15929,371,130
804,1145,15930,1649,15930,371,130
804,1145,15931,1649,15931,371,130
804,1145,15932,1649,15932,371,130
804,1145,15933,1649,15933,371,130
804,1145,15934,1649,15934,371,130
804,1145,15935,1649,15935,371,130
804,1145,15936,1649,15936,371,130
804,1145,15937,1649,15937,371,130
804,1145,15938,1649,15938,371,130
804,1145,15939,1649,15939,371,130
804,1145,15940,1649,15940,371,130
804,1145,15941,1649,15941,371,130
804,1145,15942,1649,15942,371,130
804,1145,15943,1649,15943,371,130
804,1145,15944,1649,15944,371,130
804,1145,15945,1649,15945,371,130
804,1145,15946,1649,15946,371,130
804,1145,15947,1649,15947,371,130
804,1145,15948,1649,15948,371,130
804,1145,15949,1649,15949,371,130
804,1145,15950,1649,15950,371,130
804,1145,15951,1649,15951,371,130
804,1145,15952,1649,15952,371,130
804,1145,15953,1649,15953,371,130
804,1145,15954,1649,15954,371,130
804,1145,15955,1649,15955,371,130
804,1145,15956,1649,15956,371,130
804,1145,15957,1649,15957,371,130
804,1145,15958,1649,15958,371,130
804,1145,15959,1649,15959,371,130
804,1145,15960,1649,15960,371,130
804,1145,15961,1649,15961,371,130
804,1145,15962,1649,15962,371,130
804,1145,15963,1649,15963,371,130
804,1145,15964,1649,15964,371,130
804,1145,15965,1649,15965,371,130
804,1145,15966,1649,15966,371,130
804,1145,15967,1649,15967,371,130
804,1145,15968,1649,15968,371,130
804,1145,15969,1649,15969,371,130
804,1145,15970,1649,15970,371,130
804,1145,15971,1649,15971,371,130
804,1145,15972,1649,15972,371,130
804,1145,15973,1649,15973,371,130
804,1145,15974,1649,15974,371,130
804,1145,15975,1649,15975,371,130
804,1145,15976,1649,15976,371,130
804,1145,15977,1649,15977,371,130
804,1145,15978,1649,15978,371,130
804,1145,15979,1649,15979,371,130
804,1145,15980,1649,15980,371,130
804,1145,15981,1649,15981,371,130
804,1145,15982,1649,15982,371,130
804,1145,15983,1649,15983,371,130
804,1145,15984,1649,15984,371,130
804,1145,15985,1649,15985,371,130
804,1145,15986,1649,15986,371,130
804,1145,15987,1649,15987,371,130
804,1145,15988,1649,15988,371,130
804,1145,15989,1649,15989,371,130
804,1145,15990,1649,15990,371,130
804,1145,15991,1649,15991,371,130
804,1145,15992,1649,15992,371,130
804,1145,15993,1649,15993,371,130
804,1145,15994,1649,15994,371,130
804,1145,15995,1649,15995,371,130
804,1145,15996,1649,15996,371,130
804,1145,15997,1649,15997,371,130
804,1145,15998,1649,15998,371,130
804,1145,15999,1649,15999,371,130
804,1145,16000,1649,16000,371,130
804,1145,16001,1649,16001,371,130
804,1145,16002,1649,16002,371,130
804,1145,16003,1649,16003,371,130
804,1145,16004,1649,16004,371,130
804,1145,16005,1649,16005,371,130
804,1145,16006,1649,16006,371,130
804,1145,16007,1649,16007,371,130
804,1145,16008,1649,16008,371,130
804,1145,16009,1649,16009,371,130
804,1145,16010,1649,16010,371,130
804,1145,16011,1649,16011,371,130
804,1145,16012,1649,16012,371,130
804,1145,16013,1649,16013,371,130
804,1145,16014,1649,16014,371,130
804,1145,16015,1649,16015,371,130
804,1145,16016,1649,16016,371,130
804,1145,16017,1649,16017,371,130
804,1145,16018,1649,16018,371,130
804,1145,16019,1649,16019,371,130
804,1145,16020,1649,16020,371,130
804,1145,16021,1649,16021,371,130
804,1145,16022,1649,16022,371,130
804,1145,16023,1649,16023,371,130
804,1145,16024,1649,16024,371,130
804,1145,16025,1649,16025,371,130
804,1145,16026,1649,16026,371,130
804,1145,16027,1649,16027,371,130
804,1145,16028,1649,16028,371,130
804,1145,16029,1649,16029,371,130
804,1145,16030,1649,16030,371,130
804,1145,16031,1649,16031,371,130
804,1145,16032,1649,16032,371,130
804,1145,16033,1649,16033,371,130
804,1145,16034,1649,16034,371,130
804,1145,16035,1649,16035,371,130
804,1145,16036,1649,16036,371,130
804,1145,16037,1649,16037,371,130
804,1145,16038,1649,16038,371,130
804,1145,16039,1649,16039,371,130
804,1145,16040,1649,16040,371,130
804,1145,16041,1649,16041,371,130
804,1145,16042,1649,16042,371,130
804,1145,16043,1649,16043,371,130
804,1145,16044,1649,16044,371,130
804,1145,16045,1649,16045,371,130
804,1145,16046,1649,16046,371,130
804,1145,16047,1649,16047,371,130
804,1145,16048,1649,16048,371,130
804,1145,16049,1649,16049,371,130
804,1145,16050,1649,16050,371,130
804,1145,16051,1649,16051,371,130
804,1145,16052,1649,16052,371,130
804,1145,16053,1649,16053,371,130
804,1145,16054,1649,16054,371,130
804,1145,16055,1649,16055,371,130
804,1145,16056,1649,16056,371,130
804,1145,16057,1649,16057,371,130
804,1145,16058,1649,16058,371,130
804,1145,16059,1649,16059,371,130
804,1145,16060,1649,16060,371,130
804,1145,16061,1649,16061,371,130
804,1145,16062,1649,16062,371,130
804,1145,16063,1649,16063,371,130
804,1145,16064,1649,16064,371,130
804,1145,16065,1649,16065,371,130
804,1145,16066,1649,16066,371,130
804,1145,16067,1649,16067,371,130
804,1145,16068,1649,16068,371,130
804,1145,16069,1649,16069,371,130
804,1145,16070,1649,16070,371,130
804,1145,16071,1649,16071,371,130
804,1145,16072,1649,16072,371,130
804,1145,16073,1649,16073,371,130
804,1145,16074,1649,16074,371,130
804,1145,16075,1649,16075,371,130
804,1145,16076,1649,16076,371,130
804,1145,16077,1649,16077,371,130
804,1145,16078,1649,16078,371,130
804,1145,16079,1649,16079,371,130
804,1145,16080,1649,16080,371,130
804,1145,16081,1649,16081,371,130
804,1145,16082,1649,16082,371,130
804,1145,16083,1649,16083,371,130
804,1145,16084,1649,16084,371,130
804,1145,16085,1649,16085,371,130
804,1145,16086,1649,16086,371,130
804,1145,16087,1649,16087,371,130
804,1145,16088,1649,16088,371,130
804,1145,16089,1649,16089,371,130
804,1145,16090,1649,16090,371,130
804,1145,16091,1649,16091,371,130
804,1145,16092,1649,16092,371,130
804,1145,16093,1649,16093,371,130
804,1145,16094,1649,16094,371,130
804,1145,16095,1649,16095,371,130
804,1145,16096,1649,16096,371,130
804,1145,16097,1649,16097,371,130
804,1145,16098,1649,16098,371,130
804,1145,16099,1649,16099,371,130
804,1145,16100,1649,16100,371,130
804,1145,16101,1649,16101,371,130
804,1145,16102,1649,16102,371,130
804,1145,16103,1649,16103,371,130
804,1145,16104,1649,16104,371,130
804,1145,16105,1649,16105,371,130
804,1145,16106,1649,16106,371,130
804,1145,16107,1649,16107,371,130
804,1145,16108,1649,16108,371,130
804,1145,16109,1649,16109,371,130
804,1145,16110,1649,16110,371,130
804,1145,16111,1649,16111,371,130
804,1145,16112,1649,16112,371,130
804,1145,16113,1649,16113,371,130
804,1145,16114,1649,16114,371,130
804,1145,16115,1649,16115,371,130
804,1145,16116,1649,16116,371,130
804,1145,16117,1649,16117,371,130
804,1145,16118,1649,16118,371,130
804,1145,16119,1649,16119,371,130
804,1145,16120,1649,16120,371,130
804,1145,16121,1649,16121,371,130
804,1145,16122,1649,16122,371,130
804,1145,16123,1649,16123,371,130
804,1145,16124,1649,16124,371,130
804,1145,16125,1649,16125,371,130
804,1145,16126,1649,16126,371,130
804,1145,16127,1649,16127,371,130
804,1145,16128,1649,16128,371,130
804,1145,16129,1649,16129,371,130
804,1145,16130,1649,16130,371,130
804,1145,16131,1649,16131,371,130
804,1145,16132,1649,16132,371,130
804,1145,16133,1649,16133,371,130
804,1145,16134,1649,16134,371,130
804,1145,16135,1649,16135,371,130
804,1145,16136,1649,16136,371,130
804,1145,16137,1649,16137,371,130
804,1145,16138,1649,16138,371,130
804,1145,16139,1649,16139,371,130
804,1145,16140,1649,16140,371,130
804,1145,16141,1649,16141,371,130
803,1145,16142,1649,16142,371,130
803,1145,16143,1649,16143,371,130
803,1145,16144,1649,16144,371,130
803,1145,16145,1649,16145,371,130
803,1145,16146,1649,16146,371,130
803,1145,16147,1649,16147,371,130
803,1145,16148,1649,16148,371,130
803,1145,16149,1649,16149,371,130
803,1145,16150,1649,16150,371,130
803,1145,16151,1649,16151,371,130
803,1145,16152,1649,16152,371,130
803,1145,16153,1649,16153,371,130
803,1145,16154,1649,16154,371,130
803,1145,16155,1649,16155,371,130
803,1145,16156,1649,16156,371,130
803,1145,16157,1649,16157,371,130
803,1145,16158,1649,16158,371,130
803,1145,16159,1649,16159,371,130
803,1145,16160,1649,16160,371,130
803,1145,16161,1649,16161,371,130
803,1145,16162,1649,16162,371,130
803,1145,16163,1649,16163,371,130
803,1145,16164,1649,16164,371,130
803,1145,16165,1649,16165,371,130
803,1145,16166,1649,16166,371,130
803,1145,16167,1649,16167,371,130
803,1145,16168,1649,16168,371,130
803,1145,16169,1649,16169,371,130
803,1145,16170,1649,16170,371,130
803,1145,16171,1649,16171,371,130
803,1145,16172,1649,16172,371,130
803,1145,16173,1649,16173,371,130
803,1145,16174,1649,16174,371,130
803,1145,16175,1649,16175,371,130
803,1145,16176,1649,16176,371,130
803,1145,16177,1649,16177,371,130
803,1145,16178,1649,16178,371,130
803,1145,16179,1649,16179,371,130
803,1145,16180,1649,16180,371,130
803,1145,16181,1649,16181,371,130
803,1145,16182,1649,16182,371,130
803,1145,16183,1649,16183,371,130
803,1145,16184,1649,16184,371,130
803,1145,16185,1649,16185,371,130
803,1145,16186,1649,16186,371,130
803,1145,16187,1649,16187,371,130
803,1145,16188,1649,16188,371,130
803,1145,16189,1649,16189,371,130
803,1145,16190,1649,16190,371,130
803,1145,16191,1649,16191,371,130
803,1145,16192,1649,16192,371,130
803,1145,16193,1649,16193,371,130
803,1145,16194,1649,16194,371,130
803,1145,16195,1649,16195,371,130
803,1145,16196,1649,16196,371,130
803,1145,16197,1649,16197,371,130
803,1145,16198,1649,16198,371,130
803,1145,16199,1649,16199,371,130
803,1145,16200,1649,16200,371,130
803,1145,16201,1649,16201,371,130
803,1145,16202,1649,16202,371,130
803,1145,16203,1649,16203,371,130
803,1145,16204,1649,16204,371,130
803,1145,16205,1649,16205,371,130
803,1145,16206,1649,16206,371,130
803,1145,16207,1649,16207,371,130
803,1145,16208,1649,16208,371,130
803,1145,16209,1649,16209,371,130
803,1145,16210,1649,16210,371,130
803,1145,16211,1649,16211,371,130
803,1145,16212,1649,16212,371,130
803,1145,16213,1649,16213,371,130
803,1145,16214,1649,16214,371,130
803,1145,16215,1649,16215,371,130
803,1145,16216,1649,16216,371,130
803,1145,16217,1649,16217,371,130
803,1145,16218,1649,16218,371,130
803,1145,16219,1649,16219,371,130
803,1145,16220,1649,16220,371,130
803,1145,16221,1649,16221,371,130
803,1145,16222,1649,16222,371,130
803,1145,16223,1649,16223,371,130
803,1145,16224,1649,16224,371,130
803,1145,16225,1649,16225,371,130
803,1145,16226,1649,16226,371,130
803,1145,16227,1649,16227,371,130
803,1145,16228,1649,16228,371,130
803,1145,16229,1649,16229,371,130
803,1145,16230,1649,16230,371,130
803,1145,16231,1649,16231,371,130
803,1145,16232,1649,16232,371,130
803,1145,16233,1649,16233,371,130
803,1145,16234,1649,16234,371,130
803,1145,16235,1649,16235,371,130
803,1145,16236,1649,16236,371,130
803,1145,16237,1649,16237,371,130
803,1145,16238,1649,16238,371,130
803,1145,16239,1649,16239,371,130
803,1145,16240,1649,16240,371,130
803,1145,16241,1649,16241,371,130
803,1145,16242,1649,16242,371,130
803,1145,16243,1649,16243,371,130
803,1145,16244,1649,16244,371,130
803,1145,16245,1649,16245,371,130
803,1145,16246,1649,16246,371,130
803,1145,16247,1649,16247,371,130
803,1145,16248,1649,16248,371,130
803,1145,16249,1649,16249,371,130
803,1145,16250,1649,16250,371,130
803,1145,16251,1649,16251,371,130
803,1145,16252,1649,16252,371,130
803,1145,16253,1649,16253,371,130
803,1145,16254,1649,16254,371,130
803,1145,16255,1649,16255,371,130
803,1145,16256,1649,16256,371,130
803,1145,16257,1649,16257,371,130
803,1145,16258,1649,16258,371,130
803,1145,16259,1649,16259,371,130
803,1145,16260,1649,16260,371,130
803,1145,16261,1649,16261,371,130
803,1145,16262,1649,16262,371,130
803,1145,16263,1649,16263,371,130
803,1145,16264,1649,16264,371,130
803,1145,16265,1649,16265,371,130
803,1145,16266,1649,16266,371,130
803,1145,16267,1649,16267,371,130
803,1145,16268,1649,16268,371,130
803,1145,16269,1649,16269,371,130
803,1145,16270,1649,16270,371,130
803,1145,16271,1649,16271,371,130
803,1145,16272,1649,16272,371,130
803,1145,16273,1649,16273,371,130
803,1145,16274,1649,16274,371,130
803,1145,16275,1649,16275,371,130
803,1145,16276,1649,16276,371,130
803,1145,16277,1649,16277,371,130
803,1145,16278,1649,16278,371,130
803,1145,16279,1649,16279,371,130
803,1145,16280,1649,16280,371,130
803,1145,16281,1649,16281,371,130
803,1145,16282,1649,16282,371,130
803,1145,16283,1649,16283,371,130
803,1145,16284,1649,16284,371,130
803,1145,16285,1649,16285,371,130
803,1145,16286,1649,16286,371,130
803,1145,16287,1649,16287,371,130
803,1145,16288,1649,16288,371,130
803,1145,16289,1649,16289,371,130
803,1145,16290,1649,16290,371,130
803,1145,16291,1649,16291,371,130
803,1145,16292,1649,16292,371,130
803,1145,16293,1649,16293,371,130
803,1145,16294,1649,16294,371,130
803,1145,16295,1649,16295,371,130
803,1145,16296,1649,16296,371,130
803,1145,16297,1649,16297,371,130
803,1145,16298,1649,16298,371,130
803,1145,16299,1649,16299,371,130
803,1145,16300,1649,16300,371,130
803,1145,16301,1649,16301,371,130
803,1145,16302,1649,16302,371,130
803,1145,16303,1649,16303,371,130
803,1145,16304,1649,16304,371,130
803,1145,16305,1649,16305,371,130
803,1145,16306,1649,16306,371,130
803,1145,16307,1649,16307,371,130
803,1145,16308,1649,16308,371,130
803,1145,16309,1649,16309,371,130
803,1145,16310,1649,16310,371,130
803,1145,16311,1649,16311,371,130
803,1145,16312,1649,16312,371,130
803,1145,16313,1649,16313,371,130
803,1145,16314,1649,16314,371,130
803,1145,16315,1649,16315,371,130
803,1145,16316,1649,16316,371,130
803,1145,16317,1649,16317,371,130
803,1145,16318,1649,16318,371,130
803,1145,16319,1649,16319,371,130
803,1145,16320,1649,16320,371,130
803,1145,16321,1649,16321,371,130
803,1145,16322,1649,16322,371,130
803,1145,16323,1649,16323,371,130
803,1145,16324,1649,16324,371,130
803,1145,16325,1649,16325,371,130
803,1145,16326,1649,16326,371,130
803,1145,16327,1649,16327,371,130
803,1145,16328,1649,16328,371,130
803,1145,16329,1649,16329,371,130
803,1145,16330,1649,16330,371,130
803,1145,16331,1649,16331,371,130
803,1145,16332,1649,16332,371,130
803,1145,16333,1649,16333,371,130
803,1145,16334,1649,16334,371,130
803,1145,16335,1649,16335,371,130
803,1145,16336,1649,16336,371,130
803,1145,16337,1649,16337,371,130
803,1145,16338,1649,16338,371,130
803,1145,16339,1649,16339,371,130
803,1145,16340,1649,16340,371,130
803,1145,16341,1649,16341,371,130
803,1145,16342,1649,16342,371,130
803,1145,16343,1649,16343,371,130
803,1145,16344,1649,16344,371,130
803,1145,16345,1649,16345,371,130
803,1145,16346,1649,16346,371,130
803,1145,16347,1649,16347,371,130
803,1145,16348,1649,16348,371,130
803,1145,16349,1649,16349,371,130
803,1145,16350,1649,16350,371,130
803,1145,16351,1649,16351,371,130
804,1145,16352,1649,16352,371,130
804,1145,16353,1649,16353,371,130
804,1145,16354,1649,16354,371,130
804,1145,16355,1649,16355,371,130
804,1145,16356,1649,16356,371,130
804,1145,16357,1649,16357,371,130
804,1145,16358,1649,16358,371,130
804,1145,16359,1649,16359,371,130
804,1145,16360,1649,16360,371,130
804,1145,16361,1649,16361,371,130
804,1145,16362,1649,16362,371,130
804,1145,16363,1649,16363,371,130
804,1145,16364,1649,16364,371,130
804,1145,16365,1649,16365,371,130
804,1145,16366,1649,16366,371,130
804,1145,16367,1649,16367,371,130
804,1145,16368,1649,16368,371,130
804,1145,16369,1649,16369,371,130
804,1145,16370,1649,16370,371,130
804,1145,16371,1649,16371,371,130
804,1145,16372,1649,16372,371,130
804,1145,16373,1649,16373,371,130
804,1145,16374,1649,16374,371,130
804,1145,16375,1649,16375,371,130
804,1145,16376,1649,16376,371,130
804,1145,16377,1649,16377,371,130
804,1145,16378,1649,16378,371,130
804,1145,16379,1649,16379,371,130
804,1145,16380,1649,16380,371,130
804,1145,16381,1649,16381,371,130
804,1145,16382,1649,16382,371,130
804,1145,16383,1649,16383,371,130
804,1145,16384,1649,16384,371,130
804,1145,16385,1649,16385,371,130
804,1145,16386,1649,16386,371,130
804,1145,16387,1649,16387,371,130
804,1145,16388,1649,16388,371,130
804,1145,16389,1649,16389,371,130
804,1145,16390,1649,16390,371,130
804,1145,16391,1649,16391,371,130
804,1145,16392,1649,16392,371,130
804,1145,16393,1649,16393,371,130
804,1145,16394,1649,16394,371,130
804,1145,16395,1649,16395,371,130
804,1145,16396,1649,16396,371,130
804,1145,16397,1649,16397,371,130
804,1145,16398,1649,16398,371,130
804,1145,16399,1649,16399,371,130
804,1145,16400,1649,16400,371,130
804,1145,16401,1649,16401,371,130
804,1145,16402,1649,16402,371,130
804,1145,16403,1649,16403,371,130
804,1145,16404,1649,16404,371,130
804,1145,16405,1649,16405,371,130
804,1145,16406,1649,16406,371,130
804,1145,16407,1649,16407,371,130
804,1145,16408,1649,16408,371,130
804,1145,16409,1649,16409,371,130
804,1145,16410,1649,16410,371,130
804,1145,16411,1649,16411,371,130
804,1145,16412,1649,16412,371,130
804,1145,16413,1649,16413,371,130
804,1145,16414,1649,16414,371,130
804,1145,16415,1649,16415,371,130
804,1145,16416,1649,16416,371,130
804,1145,16417,1649,16417,371,130
804,1145,16418,1649,16418,371,130
804,1145,16419,1649,16419,371,130
804,1145,16420,1649,16420,371,130
804,1145,16421,1649,16421,371,130
804,1145,16422,1649,16422,371,130
804,1145,16423,1649,16423,371,130
804,1145,16424,1649,16424,371,130
804,1145,16425,1649,16425,371,130
804,1145,16426,1649,16426,371,130
804,1145,16427,1649,16427,371,130
804,1145,16428,1649,16428,371,130
804,1145,16429,1649,16429,371,130
804,1145,16430,1649,16430,371,130
804,1145,16431,1649,16431,371,130
804,1145,16432,1649,16432,371,130
804,1145,16433,1649,16433,371,130
804,1145,16434,1649,16434,371,130
804,1145,16435,1649,16435,371,130
804,1145,16436,1649,16436,371,130
804,1145,16437,1649,16437,371,130
804,1145,16438,1649,16438,371,130
804,1145,16439,1649,16439,371,130
804,1145,16440,1649,16440,371,130
804,1145,16441,1649,16441,371,130
804,1145,16442,1649,16442,371,130
804,1145,16443,1649,16443,371,130
804,1145,16444,1649,16444,371,130
804,1145,16445,1649,16445,371,130
804,1145,16446,1649,16446,371,130
804,1145,16447,1649,16447,371,130
804,1145,16448,1649,16448,371,130
804,1145,16449,1649,16449,371,130
804,1145,16450,1649,16450,371,130
804,1145,16451,1649,16451,371,130
804,1145,16452,1649,16452,371,130
804,1145,16453,1649,16453,371,130
804,1145,16454,1649,16454,371,130
804,1145,16455,1649,16455,371,130
804,1145,16456,1649,16456,371,130
804,1145,16457,1649,16457,371,130
804,1145,16458,1649,16458,371,130
804,1145,16459,1649,16459,371,130
804,1145,16460,1649,16460,371,130
804,1145,16461,1649,16461,371,130
804,1145,16462,1649,16462,371,130
804,1145,16463,1649,16463,371,130
804,1145,16464,1649,16464,371,130
804,1145,16465,1649,16465,371,130
804,1145,16466,1649,16466,371,130
804,1145,16467,1649,16467,371,130
804,1145,16468,1649,16468,371,130
804,1145,16469,1649,16469,371,130
804,1145,16470,1649,16470,371,130
804,1145,16471,1649,16471,371,130
804,1145,16472,1649,16472,371,130
804,1145,16473,1649,16473,371,130
804,1145,16474,1649,16474,371,130
804,1145,16475,1649,16475,371,130
804,1145,16476,1649,16476,371,130
804,1145,16477,1649,16477,371,130
804,1145,16478,1649,16478,371,130
804,1145,16479,1649,16479,371,130
804,1145,16480,1649,16480,371,130
804,1145,16481,1649,16481,371,130
804,1145,16482,1649,16482,371,130
804,1145,16483,1649,16483,371,130
804,1145,16484,1649,16484,371,130
804,1145,16485,1649,16485,371,130
804,1145,16486,1649,16486,371,130
804,1145,16487,1649,16487,371,130
804,1145,16488,1649,16488,371,130
804,1145,16489,1649,16489,371,130
804,1145,16490,1649,16490,371,130
804,1145,16491,1649,16491,371,130
804,1145,16492,1649,16492,371,130
804,1145,16493,1649,16493,371,130
804,1145,16494,1649,16494,371,130
804,1145,16495,1649,16495,371,130
804,1145,16496,1649,16496,371,130
804,1145,16497,1649,16497,371,130
804,1145,16498,1649,16498,371,130
804,1145,16499,1649,16499,371,130
804,1145,16500,1649,16500,371,130
804,1145,16501,1649,16501,371,130
804,1145,16502,1649,16502,371,130
804,1145,16503,1649,16503,371,130
804,1145,16504,1649,16504,371,130
804,1145,16505,1649,16505,371,130
804,1145,16506,1649,16506,371,130
804,1145,16507,1649,16507,371,130
804,1145,16508,1649,16508,371,130
804,1145,16509,1649,16509,371,130
804,1145,16510,1649,16510,371,130
804,1145,16511,1649,16511,371,130
804,1145,16512,1649,16512,371,130
804,1145,16513,1649,16513,371,130
804,1145,16514,1649,16514,371,130
804,1145,16515,1649,16515,371,130
804,1145,16516,1649,16516,371,130
804,1145,16517,1649,16517,371,130
804,1145,16518,1649,16518,371,130
804,1145,16519,1649,16519,371,130
804,1145,16520,1649,16520,371,130
804,1145,16521,1649,16521,371,130
804,1145,16522,1649,16522,371,130
804,1145,16523,1649,16523,371,130
804,1145,16524,1649,16524,371,130
804,1145,16525,1649,16525,371,130
804,1145,16526,1649,16526,371,130
804,1145,16527,1649,16527,371,130
804,1145,16528,1649,16528,371,130
804,1145,16529,1649,16529,371,130
804,1145,16530,1649,16530,371,130
804,1145,16531,1649,16531,371,130
804,1145,16532,1649,16532,371,130
804,1145,16533,1649,16533,371,130
804,1145,16534,1649,16534,371,130
804,1145,16535,1649,16535,371,130
804,1145,16536,1649,16536,371,130
804,1145,16537,1649,16537,371,130
804,1145,16538,1649,16538,371,130
804,1145,16539,1649,16539,371,130
804,1145,16540,1649,16540,371,130
804,1145,16541,1649,16541,371,130
804,1145,16542,1649,16542,371,130
804,1145,16543,1649,16543,371,130
804,1145,16544,1649,16544,371,130
804,1145,16545,1649,16545,371,130
804,1145,16546,1649,16546,371,130
804,1145,16547,1649,16547,371,130
804,1145,16548,1649,16548,371,130
804,1145,16549,1649,16549,371,130
804,1145,16550,1649,16550,371,130
804,1145,16551,1649,16551,371,130
804,1145,16552,1649,16552,371,130
804,1145,16553,1649,16553,371,130
804,1145,16554,1649,16554,371,130
804,1145,16555,1649,16555,371,130
804,1145,16556,1649,16556,371,130
804,1145,16557,1649,16557,371,130
804,1145,16558,1649,16558,371,130
804,1145,16559,1649,16559,371,130
804,1145,16560,1649,16560,371,130
804,1145,16561,1649,16561,371,130
804,1145,16562,1649,16562,371,130
804,1145,16563,1649,16563,371,130
804,1145,16564,1649,16564,371,130
804,1145,16565,1649,16565,371,130
804,1145,16566,1649,16566,371,130
804,1145,16567,1649,16567,371,130
804,1145,16568,1649,16568,371,130
804,1145,16569,1649,16569,371,130
804,1145,16570,1649,16570,371,130
804,1145,16571,1649,16571,371,130
804,1145,16572,1649,16572,371,130
804,1145,16573,1649,16573,371,130
804,1145,16574,1649,16574,371,130
804,1145,16575,1649,16575,371,130
804,1145,16576,1649,16576,371,130
804,1145,16577,1649,16577,371,130
804,1145,16578,1649,16578,371,130
804,1145,16579,1649,16579,371,130
804,1145,16580,1649,16580,371,130
804,1145,16581,1649,16581,371,130
804,1145,16582,1649,16582,371,130
804,1145,16583,1649,16583,371,130
804,1145,16584,1649,16584,371,130
804,1145,16585,1649,16585,371,130
804,1145,16586,1649,16586,371,130
804,1145,16587,1649,16587,371,130
804,1145,16588,1649,16588,371,130
804,1145,16589,1649,16589,371,130
804,1145,16590,1649,16590,371,130
804,1145,16591,1649,16591,371,130
804,1145,16592,1649,16592,371,130
804,1145,16593,1649,16593,371,130
804,1145,16594,1649,16594,371,130
804,1145,16595,1649,16595,371,130
804,1145,16596,1649,16596,371,130
804,1145,16597,1649,16597,371,130
804,1145,16598,1649,16598,371,130
804,1145,16599,1649,16599,371,130
804,1145,16600,1649,16600,371,130
804,1145,16601,1649,16601,371,130
804,1145,16602,1649,16602,371,130
804,1145,16603,1649,16603,371,130
804,1145,16604,1649,16604,371,130
804,1145,16605,1649,16605,371,130
804,1145,16606,1649,16606,371,130
804,1145,16607,1649,16607,371,130
804,1145,16608,1649,16608,371,130
804,1145,16609,1649,16609,371,130
804,1145,16610,1649,16610,371,130
804,1145,16611,1649,16611,371,130
804,1145,16612,1649,16612,371,130
804,1145,16613,1649,16613,371,130
804,1145,16614,1649,16614,371,130
804,1145,16615,1649,16615,371,130
804,1145,16616,1649,16616,371,130
804,1145,16617,1649,16617,371,130
804,1145,16618,1649,16618,371,130
804,1145,16619,1649,16619,371,130
804,1145,16620,1649,16620,371,130
804,1145,16621,1649,16621,371,130
804,1145,16622,1649,16622,371,130
804,1145,16623,1649,16623,371,130
804,1145,16624,1649,16624,371,130
804,1145,16625,1649,16625,371,130
804,1145,16626,1649,16626,371,130
804,1145,16627,1649,16627,371,130
804,1145,16628,1649,16628,371,130
804,1145,16629,1649,16629,371,130
804,1145,16630,1649,16630,371,130
804,1145,16631,1649,16631,371,130
804,1145,16632,1649,16632,371,130
804,1145,16633,1649,16633,371,130
804,1145,16634,1649,16634,371,130
804,1145,16635,1649,16635,371,130
804,1145,16636,1649,16636,371,130
804,1145,16637,1649,16637,371,130
804,1145,16638,1649,16638,371,130
804,1145,16639,1649,16639,371,130
804,1145,16640,1649,16640,371,130
804,1145,16641,1649,16641,371,130
804,1145,16642,1649,16642,371,130
804,1145,16643,1649,16643,371,130
804,1145,16644,1649,16644,371,130
804,1145,16645,1649,16645,371,130
804,1145,16646,1649,16646,371,130
804,1145,16647,1649,16647,371,130
804,1145,16648,1649,16648,371,130
804,1145,16649,1649,16649,371,130
804,1145,16650,1649,16650,371,130
804,1145,16651,1649,16651,371,130
804,1145,16652,1649,16652,371,130
804,1145,16653,1649,16653,371,130
804,1145,16654,1649,16654,371,130
804,1145,16655,1649,16655,371,130
804,1145,16656,1649,16656,371,130
804,1145,16657,1649,16657,371,130
804,1145,16658,1649,16658,371,130
804,1145,16659,1649,16659,371,130
804,1145,16660,1649,16660,371,130
804,1145,16661,1649,16661,371,130
804,1145,16662,1649,16662,371,130
804,1145,16663,1649,16663,371,130
804,1145,16664,1649,16664,371,130
804,1145,16665,1649,16665,371,130
804,1145,16666,1649,16666,371,130
804,1145,16667,1649,16667,371,130
804,1145,16668,1649,16668,371,130
804,1145,16669,1649,16669,371,130
804,1145,16670,1649,16670,371,130
804,1145,16671,1649,16671,371,130
804,1145,16672,1649,16672,371,130
804,1145,16673,1649,16673,371,130
804,1145,16674,1649,16674,371,130
804,1145,16675,1649,16675,371,130
804,1145,16676,1649,16676,371,130
804,1145,16677,1649,16677,371,130
804,1145,16678,1649,16678,371,130
804,1145,16679,1649,16679,371,130
804,1145,16680,1649,16680,371,130
804,1145,16681,1649,16681,371,130
804,1145,16682,1649,16682,371,130
804,1145,16683,1649,16683,371,130
804,1145,16684,1649,16684,371,130
804,1145,16685,1649,16685,371,130
804,1145,16686,1649,16686,371,130
804,1145,16687,1649,16687,371,130
804,1145,16688,1649,16688,371,130
804,1145,16689,1649,16689,371,130
804,1145,16690,1649,16690,371,130
804,1145,16691,1649,16691,371,130
804,1145,16692,1649,16692,371,130
804,1145,16693,1649,16693,371,130
804,1145,16694,1649,16694,371,130
804,1145,16695,1649,16695,371,130
804,1145,16696,1649,16696,371,130
804,1145,16697,1649,16697,371,130
804,1145,16698,1649,16698,371,130
804,1145,16699,1649,16699,371,130
804,1145,16700,1649,16700,371,130
804,1145,16701,1649,16701,371,130
804,1145,16702,1649,16702,371,130
804,1145,16703,1649,16703,371,130
804,1145,16704,1649,16704,371,130
804,1145,16705,1649,16705,371,130
804,1145,16706,1649,16706,371,130
804,1145,16707,1649,16707,371,130
804,1145,16708,1649,16708,371,130
804,1145,16709,1649,16709,371,130
804,1145,16710,1649,16710,371,130
804,1145,16711,1649,16711,371,130
804,1145,16712,1649,16712,371,130
804,1145,16713,1649,16713,371,130
804,1145,16714,1649,16714,371,130
804,1145,16715,1649,16715,371,130
804,1145,16716,1649,16716,371,130
804,1145,16717,1649,16717,371,130
804,1145,16718,1649,16718,371,130
804,1145,16719,1649,16719,371,130
804,1145,16720,1649,16720,371,130
804,1145,16721,1649,16721,371,130
804,1145,16722,1649,16722,371,130
804,1145,16723,1649,16723,371,130
804,1145,16724,1649,16724,371,130
804,1145,16725,1649,16725,371,130
804,1145,16726,1649,16726,371,130
804,1145,16727,1649,16727,371,130
804,1145,16728,1649,16728,371,130
804,1145,16729,1649,16729,371,130
804,1145,16730,1649,16730,371,130
804,1145,16731,1649,16731,371,130
804,1145,16732,1649,16732,371,130
804,1145,16733,1649,16733,371,130
804,1145,16734,1649,16734,371,130
804,1145,16735,1649,16735,371,130
804,1145,16736,1649,16736,371,130
804,1145,16737,1649,16737,371,130
804,1145,16738,1649,16738,371,130
804,1145,16739,1649,16739,371,130
804,1145,16740,1649,16740,371,130
804,1145,16741,1649,16741,371,130
804,1145,16742,1649,16742,371,130
804,1145,16743,1649,16743,371,130
804,1145,16744,1649,16744,371,130
804,1145,16745,1649,16745,371,130
804,1145,16746,1649,16746,371,130
804,1145,16747,1649,16747,371,130
804,1145,16748,1649,16748,371,130
804,1145,16749,1649,16749,371,130
804,1145,16750,1649,16750,371,130
804,1145,16751,1649,16751,371,130
804,1145,16752,1649,16752,371,130
804,1145,16753,1649,16753,371,130
804,1145,16754,1649,16754,371,130
804,1145,16755,1649,16755,371,130
804,1145,16756,1649,16756,371,130
804,1145,16757,1649,16757,371,130
804,1145,16758,1649,16758,371,130
804,1145,16759,1649,16759,371,130
804,1145,16760,1649,16760,371,130
804,1145,16761,1649,16761,371,130
804,1145,16762,1649,16762,371,130
804,1145,16763,1649,16763,371,130
804,1145,16764,1649,16764,371,130
805,1145,16765,1649,16765,371,130
805,1145,16766,1649,16766,371,130
805,1145,16767,1649,16767,371,130
805,1145,16768,1649,16768,371,130
805,1145,16769,1649,16769,371,130
805,1145,16770,1649,16770,371,130
805,1145,16771,1649,16771,371,130
805,1145,16772,1649,16772,371,130
805,1145,16773,1649,16773,371,130
805,1145,16774,1649,16774,371,130
805,1145,16775,1649,16775,371,130
805,1145,16776,1649,16776,371,130
805,1145,16777,1649,16777,371,130
805,1145,16778,1649,16778,371,130
805,1145,16779,1649,16779,371,130
805,1145,16780,1649,16780,371,130
805,1145,16781,1649,16781,371,130
805,1145,16782,1649,16782,371,130
805,1145,16783,1649,16783,371,130
805,1145,16784,1649,16784,371,130
805,1145,16785,1649,16785,371,130
805,1145,16786,1649,16786,371,130
805,1145,16787,1649,16787,371,130
805,1145,16788,1649,16788,371,130
805,1145,16789,1649,16789,371,130
805,1145,16790,1649,16790,371,130
805,1145,16791,1649,16791,371,130
805,1145,16792,1649,16792,371,130
805,1145,16793,1649,16793,371,130
805,1145,16794,1649,16794,371,130
805,1145,16795,1649,16795,371,130
805,1145,16796,1649,16796,371,130
805,1145,16797,1649,16797,371,130
805,1145,16798,1649,16798,371,130
805,1145,16799,1649,16799,371,130
805,1145,16800,1649,16800,371,130
805,1145,16801,1649,16801,371,130
805,1145,16802,1649,16802,371,130
805,1145,16803,1649,16803,371,130
805,1145,16804,1649,16804,371,130
805,1145,16805,1649,16805,371,130
805,1145,16806,1649,16806,371,130
805,1145,16807,1649,16807,371,130
805,1145,16808,1649,16808,371,130
805,1145,16809,1649,16809,371,130
805,1145,16810,1649,16810,371,130
805,1145,16811,1649,16811,371,130
805,1145,16812,1649,16812,371,130
805,1145,16813,1649,16813,371,130
805,1145,16814,1649,16814,371,130
805,1145,16815,1649,16815,371,130
805,1145,16816,1649,16816,371,130
805,1145,16817,1649,16817,371,130
805,1145,16818,1649,16818,371,130
805,1145,16819,1649,16819,371,130
805,1145,16820,1649,16820,371,130
805,1145,16821,1649,16821,371,130
805,1145,16822,1649,16822,371,130
805,1145,16823,1649,16823,371,130
805,1145,16824,1649,16824,371,130
805,1145,16825,1649,16825,371,130
805,1145,16826,1649,16826,371,130
805,1145,16827,1649,16827,371,130
805,1145,16828,1649,16828,371,130
805,1145,16829,1649,16829,371,130
805,1145,16830,1649,16830,371,130
805,1145,16831,1649,16831,371,130
805,1145,16832,1649,16832,371,130
805,1145,16833,1649,16833,371,130
805,1145,16834,1649,16834,371,130
805,1145,16835,1649,16835,371,130
805,1145,16836,1649,16836,371,130
805,1145,16837,1649,16837,371,130
805,1145,16838,1649,16838,371,130
805,1145,16839,1649,16839,371,130
805,1145,16840,1649,16840,371,130
805,1145,16841,1649,16841,371,130
805,1145,16842,1649,16842,371,130
805,1145,16843,1649,16843,371,130
805,1145,16844,1649,16844,371,130
805,1145,16845,1649,16845,371,130
805,1145,16846,1649,16846,371,130
805,1145,16847,1649,16847,371,130
805,1145,16848,1649,16848,371,130
805,1145,16849,1649,16849,371,130
805,1145,16850,1649,16850,371,130
805,1145,16851,1649,16851,371,130
805,1145,16852,1649,16852,371,130
805,1145,16853,1649,16853,371,130
805,1145,16854,1649,16854,371,130
805,1145,16855,1649,16855,371,130
805,1145,16856,1649,16856,371,130
805,1145,16857,1649,16857,371,130
805,1145,16858,1649,16858,371,130
805,1145,16859,1649,16859,371,130
805,1145,16860,1649,16860,371,130
805,1145,16861,1649,16861,371,130
805,1145,16862,1649,16862,371,130
805,1145,16863,1649,16863,371,130
805,1145,16864,1649,16864,371,130
805,1145,16865,1649,16865,371,130
805,1145,16866,1649,16866,371,130
805,1145,16867,1649,16867,371,130
805,1145,16868,1649,16868,371,130
805,1145,16869,1649,16869,371,130
805,1145,16870,1649,16870,371,130
805,1145,16871,1649,16871,371,130
805,1145,16872,1649,16872,371,130
805,1145,16873,1649,16873,371,130
805,1145,16874,1649,16874,371,130
805,1145,16875,1649,16875,371,130
805,1145,16876,1649,16876,371,130
805,1145,16877,1649,16877,371,130
805,1145,16878,1649,16878,371,130
805,1145,16879,1649,16879,371,130
805,1145,16880,1649,16880,371,130
805,1145,16881,1649,16881,371,130
805,1145,16882,1649,16882,371,130
805,1145,16883,1649,16883,371,130
805,1145,16884,1649,16884,371,130
805,1145,16885,1649,16885,371,130
805,1145,16886,1649,16886,371,130
805,1145,16887,1649,16887,371,130
805,1145,16888,1649,16888,371,130
805,1145,16889,1649,16889,371,130
805,1145,16890,1649,16890,371,130
805,1145,16891,1649,16891,371,130
805,1145,16892,1649,16892,371,130
805,1145,16893,1649,16893,371,130
805,1145,16894,1649,16894,371,130
805,1145,16895,1649,16895,371,130
805,1145,16896,1649,16896,371,130
805,1145,16897,1649,16897,371,130
805,1145,16898,1649,16898,371,130
805,1145,16899,1649,16899,371,130
805,1145,16900,1649,16900,371,130
805,1145,16901,1649,16901,371,130
805,1145,16902,1649,16902,371,130
805,1145,16903,1649,16903,371,130
805,1145,16904,1649,16904,371,130
805,1145,16905,1649,16905,371,130
805,1145,16906,1649,16906,371,130
805,1145,16907,1649,16907,371,130
805,1145,16908,1649,16908,371,130
805,1145,16909,1649,16909,371,130
805,1145,16910,1649,16910,371,130
805,1145,16911,1649,16911,371,130
805,1145,16912,1649,16912,371,130
805,1145,16913,1649,16913,371,130
805,1145,16914,1649,16914,371,130
805,1145,16915,1649,16915,371,130
805,1145,16916,1649,16916,371,130
805,1145,16917,1649,16917,371,130
805,1145,16918,1649,16918,371,130
805,1145,16919,1649,16919,371,130
805,1145,16920,1649,16920,371,130
805,1145,16921,1649,16921,371,130
805,1145,16922,1649,16922,371,130
805,1145,16923,1649,16923,371,130
805,1145,16924,1649,16924,371,130
805,1145,16925,1649,16925,371,130
805,1145,16926,1649,16926,371,130
805,1145,16927,1649,16927,371,130
805,1145,16928,1649,16928,371,130
805,1145,16929,1649,16929,371,130
805,1145,16930,1649,16930,371,130
805,1145,16931,1649,16931,371,130
805,1145,16932,1649,16932,371,130
805,1145,16933,1649,16933,371,130
805,1145,16934,1649,16934,371,130
805,1145,16935,1649,16935,371,130
805,1145,16936,1649,16936,371,130
805,1145,16937,1649,16937,371,130
805,1145,16938,1649,16938,371,130
805,1145,16939,1649,16939,371,130
805,1145,16940,1649,16940,371,130
805,1145,16941,1649,16941,371,130
805,1145,16942,1649,16942,371,130
805,1145,16943,1649,16943,371,130
805,1145,16944,1649,16944,371,130
805,1145,16945,1649,16945,371,130
805,1145,16946,1649,16946,371,130
805,1145,16947,1649,16947,371,130
805,1145,16948,1649,16948,371,130
805,1145,16949,1649,16949,371,130
805,1145,16950,1649,16950,371,130
805,1145,16951,1649,16951,371,130
805,1145,16952,1649,16952,371,130
804,1145,16953,1649,16953,371,129
804,1145,16954,1649,16954,371,129
804,1145,16955,1649,16955,371,129
804,1145,16956,1649,16956,371,129
804,1145,16957,1649,16957,371,129
804,1145,16958,1649,16958,371,129
804,1145,16959,1649,16959,371,129
804,1145,16960,1649,16960,371,129
804,1145,16961,1649,16961,371,129
804,1145,16962,1649,16962,371,129
803,1145,16963,1649,16963,371,129
803,1145,16964,1649,16964,371,129
803,1145,16965,1649,16965,371,129
803,1145,16966,1649,16966,371,129
803,1145,16967,1649,16967,371,129
803,1145,16968,1649,16968,371,129
803,1145,16969,1649,16969,371,129
803,1145,16970,1649,16970,371,129
803,1145,16971,1649,16971,371,129
803,1145,16972,1649,16972,371,129
803,1145,16973,1649,16973,371,129
803,1145,16974,1649,16974,371,129
803,1145,16975,1649,16975,371,129
803,1145,16976,1649,16976,371,129
803,1145,16977,1649,16977,371,129
803,1145,16978,1649,16978,371,129
803,1145,16979,1649,16979,371,129
803,1145,16980,1649,16980,371,129
803,1145,16981,1649,16981,371,129
803,1145,16982,1649,16982,371,129
803,1145,16983,1649,16983,371,129
803,1145,16984,1649,16984,371,129
803,1145,16985,1649,16985,371,129
803,1145,16986,1649,16986,371,129
802,1145,16987,1649,16987,371,129
802,1145,16988,1649,16988,371,129
802,1145,16989,1649,16989,371,129
802,1145,16990,1649,16990,371,129
802,1145,16991,1649,16991,371,129
802,1145,16992,1649,16992,371,129
802,1145,16993,1649,16993,371,129
802,1145,16994,1649,16994,371,129
802,1145,16995,1649,16995,371,129
802,1145,16996,1649,16996,371,129
802,1145,16997,1649,16997,371,129
802,1145,16998,1649,16998,371,129
802,1145,16999,1649,16999,371,129
802,1145,17000,1649,17000,371,129
802,1145,17001,1649,17001,371,129
802,1145,17002,1649,17002,371,129
802,1145,17003,1649,17003,371,129
802,1145,17004,1649,17004,371,129
802,1145,17005,1649,17005,371,129
802,1145,17006,1649,17006,371,129
802,1145,17007,1649,17007,371,129
802,1145,17008,1649,17008,371,129
802,1145,17009,1649,17009,371,129
802,1145,17010,1649,17010,371,129
802,1145,17011,1649,17011,371,129
802,1145,17012,1649,17012,371,129
802,1145,17013,1649,17013,371,129
802,1145,17014,1649,17014,371,129
802,1145,17015,1649,17015,371,129
802,1145,17016,1649,17016,371,129
802,1145,17017,1649,17017,371,129
802,1145,17018,1649,17018,371,129
802,1145,17019,1649,17019,371,129
802,1145,17020,1649,17020,371,129
802,1145,17021,1649,17021,371,129
802,1145,17022,1649,17022,371,129
802,1145,17023,1649,17023,371,129
802,1145,17024,1649,17024,371,129
802,1145,17025,1649,17025,371,129
802,1145,17026,1649,17026,371,129
802,1145,17027,1649,17027,371,129
802,1145,17028,1649,17028,371,129
802,1145,17029,1649,17029,371,129
802,1145,17030,1649,17030,371,129
803,1145,17031,1649,17031,371,129
803,1145,17032,1649,17032,371,129
803,1145,17033,1649,17033,371,129
803,1145,17034,1649,17034,371,129
803,1145,17035,1649,17035,371,129
803,1145,17036,1649,17036,371,129
803,1145,17037,1649,17037,371,129
803,1145,17038,1649,17038,371,129
803,1145,17039,1649,17039,371,129
803,1145,17040,1649,17040,371,129
803,1145,17041,1649,17041,371,129
803,1145,17042,1649,17042,371,129
803,1145,17043,1649,17043,371,129
803,1145,17044,1649,17044,371,129
803,1145,17045,1649,17045,371,129
803,1145,17046,1649,17046,371,129
803,1145,17047,1649,17047,371,129
803,1145,17048,1649,17048,371,129
803,1145,17049,1649,17049,371,129
803,1145,17050,1649,17050,371,129
803,1145,17051,1649,17051,371,129
803,1145,17052,1649,17052,371,129
803,1145,17053,1649,17053,371,129
803,1145,17054,1649,17054,371,129
803,1145,17055,1649,17055,371,129
803,1145,17056,1649,17056,371,129
803,1145,17057,1649,17057,371,129
803,1145,17058,1649,17058,371,129
803,1145,17059,1649,17059,371,129
803,1145,17060,1649,17060,371,129
803,1145,17061,1649,17061,371,129
803,1145,17062,1649,17062,371,129
803,1145,17063,1649,17063,371,129
803,1145,17064,1649,17064,371,129
803,1145,17065,1649,17065,371,129
803,1145,17066,1649,17066,371,129
803,1145,17067,1649,17067,371,129
803,1145,17068,1649,17068,371,129
803,1145,17069,1649,17069,371,129
803,1145,17070,1649,17070,371,129
803,1145,17071,1649,17071,371,129
803,1145,17072,1649,17072,371,129
803,1145,17073,1649,17073,371,129
803,1145,17074,1649,17074,371,129
803,1145,17075,1649,17075,371,129
803,1145,17076,1649,17076,371,129
803,1145,17077,1649,17077,371,129
803,1145,17078,1649,17078,371,129
803,1145,17079,1649,17079,371,129
803,1145,17080,1649,17080,371,129
803,1145,17081,1649,17081,371,129
803,1145,17082,1649,17082,371,129
803,1145,17083,1649,17083,371,129
803,1145,17084,1649,17084,371,129
803,1145,17085,1649,17085,371,129
803,1145,17086,1649,17086,371,129
803,1145,17087,1649,17087,371,129
803,1145,17088,1649,17088,371,129
803,1145,17089,1649,17089,371,129
803,1145,17090,1649,17090,371,129
803,1145,17091,1649,17091,371,129
803,1145,17092,1649,17092,371,129
803,1145,17093,1649,17093,371,129
803,1145,17094,1649,17094,371,129
803,1145,17095,1649,17095,371,129
803,1145,17096,1649,17096,371,129
803,1145,17097,1649,17097,371,129
803,1145,17098,1649,17098,371,129
803,1145,17099,1649,17099,371,129
803,1145,17100,1649,17100,371,129
803,1145,17101,1649,17101,371,129
803,1145,17102,1649,17102,371,129
803,1145,17103,1649,17103,371,129
803,1145,17104,1649,17104,371,129
803,1145,17105,1649,17105,371,129
803,1145,17106,1649,17106,371,129
803,1145,17107,1649,17107,371,129
803,1145,17108,1649,17108,371,129
803,1145,17109,1649,17109,371,129
803,1145,17110,1649,17110,371,129
803,1145,17111,1649,17111,371,129
803,1145,17112,1649,17112,371,129
803,1145,17113,1649,17113,371,129
803,1145,17114,1649,17114,371,129
803,1145,17115,1649,17115,371,129
803,1145,17116,1649,17116,371,129
803,1145,17117,1649,17117,371,129
803,1145,17118,1649,17118,371,129
803,1145,17119,1649,17119,371,129
803,1145,17120,1649,17120,371,129
803,1145,17121,1649,17121,371,129
803,1145,17122,1649,17122,371,129
803,1145,17123,1649,17123,371,129
803,1145,17124,1649,17124,371,129
803,1145,17125,1649,17125,371,129
803,1145,17126,1649,17126,371,129
803,1145,17127,1649,17127,371,129
803,1145,17128,1649,17128,371,129
803,1145,17129,1649,17129,371,129
803,1145,17130,1649,17130,371,129
803,1145,17131,1649,17131,371,129
803,1145,17132,1649,17132,371,129
803,1145,17133,1649,17133,371,129
803,1145,17134,1649,17134,371,129
803,1145,17135,1649,17135,371,129
803,1145,17136,1649,17136,371,129
803,1145,17137,1649,17137,371,129
803,1145,17138,1649,17138,371,129
803,1145,17139,1649,17139,371,129
803,1145,17140,1649,17140,371,129
803,1145,17141,1649,17141,371,129
802,1145,17142,1649,17142,371,129
802,1145,17143,1649,17143,371,129
802,1145,17144,1649,17144,371,129
802,1145,17145,1649,17145,371,129
802,1145,17146,1649,17146,371,129
802,1145,17147,1649,17147,371,129
802,1145,17148,1649,17148,371,129
802,1145,17149,1649,17149,371,129
802,1145,17150,1649,17150,371,129
802,1145,17151,1649,17151,371,129
802,1145,17152,1649,17152,371,129
802,1145,17153,1649,17153,371,129
802,1145,17154,1649,17154,371,129
802,1145,17155,1649,17155,371,129
802,1145,17156,1649,17156,371,129
802,1145,17157,1649,17157,371,129
802,1145,17158,1649,17158,371,129
802,1145,17159,1649,17159,371,129
802,1145,17160,1649,17160,371,129
802,1145,17161,1649,17161,371,129
802,1145,17162,1649,17162,371,129
802,1145,17163,1649,17163,371,129
802,1145,17164,1649,17164,371,129
802,1145,17165,1649,17165,371,129
802,1145,17166,1649,17166,371,129
802,1145,17167,1649,17167,371,129
802,1145,17168,1649,17168,371,129
802,1145,17169,1649,17169,371,129
802,1145,17170,1649,17170,371,129
802,1145,17171,1649,17171,371,129
802,1145,17172,1649,17172,371,129
802,1145,17173,1649,17173,371,129
802,1145,17174,1649,17174,371,129
802,1145,17175,1649,17175,371,129
802,1145,17176,1649,17176,371,129
802,1145,17177,1649,17177,371,129
802,1145,17178,1649,17178,371,129
802,1145,17179,1649,17179,371,129
802,1145,17180,1649,17180,371,129
802,1145,17181,1649,17181,371,129
802,1145,17182,1649,17182,371,129
802,1145,17183,1649,17183,371,129
802,1145,17184,1649,17184,371,129
802,1145,17185,1649,17185,371,129
802,1145,17186,1649,17186,371,129
802,1145,17187,1649,17187,371,129
802,1145,17188,1649,17188,371,129
802,1145,17189,1649,17189,371,129
802,1145,17190,1649,17190,371,129
802,1145,17191,1649,17191,371,129
802,1145,17192,1649,17192,371,129
802,1145,17193,1649,17193,371,129
802,1145,17194,1649,17194,371,129
802,1145,17195,1649,17195,371,129
802,1145,17196,1649,17196,371,129
802,1145,17197,1649,17197,371,129
802,1145,17198,1649,17198,371,129
802,1145,17199,1649,17199,371,129
802,1145,17200,1649,17200,371,129
802,1145,17201,1649,17201,371,129
802,1145,17202,1649,17202,371,129
802,1145,17203,1649,17203,371,129
802,1145,17204,1649,17204,371,129
802,1145,17205,1649,17205,371,129
802,1145,17206,1649,17206,371,129
802,1145,17207,1649,17207,371,129
802,1145,17208,1649,17208,371,129
802,1145,17209,1649,17209,371,129
802,1145,17210,1649,17210,371,129
802,1145,17211,1649,17211,371,129
802,1145,17212,1649,17212,371,129
802,1145,17213,1649,17213,371,129
802,1145,17214,1649,17214,371,129
802,1145,17215,1649,17215,371,129
802,1145,17216,1649,17216,371,129
802,1145,17217,1649,17217,371,129
802,1145,17218,1649,17218,371,129
802,1145,17219,1649,17219,371,129
802,1145,17220,1649,17220,371,129
802,1145,17221,1649,17221,371,129
802,1145,17222,1649,17222,371,129
802,1145,17223,1649,17223,371,129
802,1145,17224,1649,17224,371,129
802,1145,17225,1649,17225,371,129
802,1145,17226,1649,17226,371,129
802,1145,17227,1649,17227,371,129
802,1145,17228,1649,17228,371,129
802,1145,17229,1649,17229,371,129
802,1145,17230,1649,17230,371,129
802,1145,17231,1649,17231,371,129
802,1145,17232,1649,17232,371,129
802,1145,17233,1649,17233,371,129
802,1145,17234,1649,17234,371,129
802,1145,17235,1649,17235,371,129
802,1145,17236,1649,17236,371,129
802,1145,17237,1649,17237,371,129
802,1145,17238,1649,17238,371,129
802,1145,17239,1649,17239,371,129
802,1145,17240,1649,17240,371,129
802,1145,17241,1649,17241,371,129
802,1145,17242,1649,17242,371,129
802,1145,17243,1649,17243,371,129
802,1145,17244,1649,17244,371,129
802,1145,17245,1649,17245,371,129
802,1145,17246,1649,17246,371,129
802,1145,17247,1649,17247,371,129
802,1145,17248,1649,17248,371,129
802,1145,17249,1649,17249,371,129
802,1145,17250,1649,17250,371,129
802,1145,17251,1649,17251,371,129
802,1145,17252,1649,17252,371,129
802,1145,17253,1649,17253,371,129
802,1145,17254,1649,17254,371,129
802,1145,17255,1649,17255,371,129
802,1145,17256,1649,17256,371,129
802,1145,17257,1649,17257,371,129
802,1145,17258,1649,17258,371,129
802,1145,17259,1649,17259,371,129
802,1145,17260,1649,17260,371,129
802,1145,17261,1649,17261,371,129
802,1145,17262,1649,17262,371,129
802,1145,17263,1649,17263,371,129
802,1145,17264,1649,17264,371,129
802,1145,17265,1649,17265,371,129
802,1145,17266,1649,17266,371,129
802,1145,17267,1649,17267,371,129
802,1145,17268,1649,17268,371,129
802,1145,17269,1649,17269,371,129
802,1145,17270,1649,17270,371,129
802,1145,17271,1649,17271,371,129
802,1145,17272,1649,17272,371,129
802,1145,17273,1649,17273,371,129
802,1145,17274,1649,17274,371,129
802,1145,17275,1649,17275,371,129
802,1145,17276,1649,17276,371,129
802,1145,17277,1649,17277,371,129
802,1145,17278,1649,17278,371,129
802,1145,17279,1649,17279,371,129
802,1145,17280,1649,17280,371,129
802,1145,17281,1649,17281,371,129
802,1145,17282,1649,17282,371,129
802,1145,17283,1649,17283,371,129
802,1145,17284,1649,17284,371,129
802,1145,17285,1649,17285,371,129
802,1145,17286,1649,17286,371,129
802,1145,17287,1649,17287,371,129
802,1145,17288,1649,17288,371,129
802,1145,17289,1649,17289,371,129
802,1145,17290,1649,17290,371,129
802,1145,17291,1649,17291,371,129
802,1145,17292,1649,17292,371,129
802,1145,17293,1649,17293,371,129
802,1145,17294,1649,17294,371,129
802,1145,17295,1649,17295,371,129
802,1145,17296,1649,17296,371,129
802,1145,17297,1649,17297,371,129
802,1145,17298,1649,17298,371,129
802,1145,17299,1649,17299,371,129
802,1145,17300,1649,17300,371,129
802,1145,17301,1649,17301,371,129
802,1145,17302,1649,17302,371,129
802,1145,17303,1649,17303,371,129
802,1145,17304,1649,17304,371,129
802,1145,17305,1649,17305,371,129
802,1145,17306,1649,17306,371,129
802,1145,17307,1649,17307,371,129
802,1145,17308,1649,17308,371,129
802,1145,17309,1649,17309,371,129
802,1145,17310,1649,17310,371,129
802,1145,17311,1649,17311,371,129
802,1145,17312,1649,17312,371,129
802,1145,17313,1649,17313,371,129
802,1145,17314,1649,17314,371,129
802,1145,17315,1649,17315,371,129
802,1145,17316,1649,17316,371,129
802,1145,17317,1649,17317,371,129
802,1145,17318,1649,17318,371,129
802,1145,17319,1649,17319,371,129
802,1145,17320,1649,17320,371,129
802,1145,17321,1649,17321,371,129
802,1145,17322,1649,17322,371,129
802,1145,17323,1649,17323,371,129
802,1145,17324,1649,17324,371,129
802,1145,17325,1649,17325,371,129
802,1145,17326,1649,17326,371,129
802,1145,17327,1649,17327,371,129
802,1145,17328,1649,17328,371,129
802,1145,17329,1649,17329,371,129
802,1145,17330,1649,17330,371,129
802,1145,17331,1649,17331,371,129
802,1145,17332,1649,17332,371,129
802,1145,17333,1649,17333,371,129
802,1145,17334,1649,17334,371,129
802,1145,17335,1649,17335,371,129
802,1145,17336,1649,17336,371,129
802,1145,17337,1649,17337,371,129
802,1145,17338,1649,17338,371,129
802,1145,17339,1649,17339,371,129
802,1145,17340,1649,17340,371,129
802,1145,17341,1649,17341,371,129
802,1145,17342,1649,17342,371,129
802,1145,17343,1649,17343,371,129
802,1145,17344,1649,17344,371,129
802,1145,17345,1649,17345,371,129
802,1145,17346,1649,17346,371,129
802,1145,17347,1649,17347,371,129
802,1145,17348,1649,17348,371,129
802,1145,17349,1649,17349,371,129
802,1145,17350,1649,17350,371,129
802,1145,17351,1649,17351,371,129
802,1145,17352,1649,17352,371,129
802,1145,17353,1649,17353,371,129
802,1145,17354,1649,17354,371,129
802,1145,17355,1649,17355,371,129
802,1145,17356,1649,17356,371,129
802,1145,17357,1649,17357,371,129
802,1145,17358,1649,17358,371,129
802,1145,17359,1649,17359,371,129
802,1145,17360,1649,17360,371,129
802,1145,17361,1649,17361,371,129
802,1145,17362,1649,17362,371,129
802,1145,17363,1649,17363,371,129
802,1145,17364,1649,17364,371,129
802,1145,17365,1649,17365,371,129
802,1145,17366,1649,17366,371,129
802,1145,17367,1649,17367,371,129
802,1145,17368,1649,17368,371,129
802,1145,17369,1649,17369,371,129
802,1145,17370,1649,17370,371,129
802,1145,17371,1649,17371,371,129
802,1145,17372,1649,17372,371,129
802,1145,17373,1649,17373,371,129
802,1145,17374,1649,17374,371,129
802,1145,17375,1649,17375,371,129
802,1145,17376,1649,17376,371,129
802,1145,17377,1649,17377,371,129
802,1145,17378,1649,17378,371,129
802,1145,17379,1649,17379,371,129
802,1145,17380,1649,17380,371,129
802,1145,17381,1649,17381,371,129
802,1145,17382,1649,17382,371,129
802,1145,17383,1649,17383,371,129
802,1145,17384,1649,17384,371,129
802,1145,17385,1649,17385,371,129
802,1145,17386,1649,17386,371,129
802,1145,17387,1649,17387,371,129
802,1145,17388,1649,17388,371,129
802,1145,17389,1649,17389,371,129
802,1145,17390,1649,17390,371,129
802,1145,17391,1649,17391,371,129
802,1145,17392,1649,17392,371,129
802,1145,17393,1649,17393,371,129
802,1145,17394,1649,17394,371,129
802,1145,17395,1649,17395,371,129
802,1145,17396,1649,17396,371,129
802,1145,17397,1649,17397,371,129
802,1145,17398,1649,17398,371,129
802,1145,17399,1649,17399,371,129
802,1145,17400,1649,17400,371,129
802,1145,17401,1649,17401,371,129
802,1145,17402,1649,17402,371,129
802,1145,17403,1649,17403,371,129
802,1145,17404,1649,17404,371,129
802,1145,17405,1649,17405,371,129
802,1145,17406,1649,17406,371,129
802,1145,17407,1649,17407,371,129
802,1145,17408,1649,17408,371,129
802,1145,17409,1649,17409,371,129
802,1145,17410,1649,17410,371,129
802,1145,17411,1649,17411,371,129
801,1145,17412,1649,17412,371,129
801,1145,17413,1649,17413,371,129
801,1145,17414,1649,17414,371,129
801,1145,17415,1649,17415,371,129
801,1145,17416,1649,17416,371,129
801,1145,17417,1649,17417,371,129
801,1145,17418,1649,17418,371,129
801,1145,17419,1649,17419,371,129
801,1145,17420,1649,17420,371,129
801,1145,17421,1649,17421,371,129
801,1145,17422,1649,17422,371,129
801,1145,17423,1649,17423,371,129
801,1145,17424,1649,17424,371,129
801,1145,17425,1649,17425,371,129
801,1145,17426,1649,17426,371,129
801,1145,17427,1649,17427,371,129
801,1145,17428,1649,17428,371,129
801,1145,17429,1649,17429,371,129
801,1145,17430,1649,17430,371,129
801,1145,17431,1649,17431,371,129
801,1145,17432,1649,17432,371,129
801,1145,17433,1649,17433,371,129
801,1145,17434,1649,17434,371,129
801,1145,17435,1649,17435,371,129
801,1145,17436,1649,17436,371,129
801,1145,17437,1649,17437,371,129
801,1145,17438,1649,17438,371,129
801,1145,17439,1649,17439,371,129
801,1145,17440,1649,17440,371,129
801,1145,17441,1649,17441,371,129
801,1145,17442,1649,17442,371,129
801,1145,17443,1649,17443,371,129
801,1145,17444,1649,17444,371,129
801,1145,17445,1649,17445,371,129
801,1145,17446,1649,17446,371,129
801,1145,17447,1649,17447,371,129
801,1145,17448,1649,17448,371,129
801,1145,17449,1649,17449,371,129
801,1145,17450,1649,17450,371,129
801,1145,17451,1649,17451,371,129
801,1145,17452,1649,17452,371,129
801,1145,17453,1649,17453,371,129
801,1145,17454,1649,17454,371,129
801,1145,17455,1649,17455,371,129
801,1145,17456,1649,17456,371,129
801,1145,17457,1649,17457,371,129
801,1145,17458,1649,17458,371,129
801,1145,17459,1649,17459,371,129
801,1145,17460,1649,17460,371,129
801,1145,17461,1649,17461,371,129
801,1145,17462,1649,17462,371,129
801,1145,17463,1649,17463,371,129
801,1145,17464,1649,17464,371,129
801,1145,17465,1649,17465,371,129
801,1145,17466,1649,17466,371,129
801,1145,17467,1649,17467,371,129
801,1145,17468,1649,17468,371,129
801,1145,17469,1649,17469,371,129
801,1145,17470,1649,17470,371,129
801,1145,17471,1649,17471,371,129
801,1145,17472,1649,17472,371,129
801,1145,17473,1649,17473,371,129
801,1145,17474,1649,17474,371,129
801,1145,17475,1649,17475,371,129
801,1145,17476,1649,17476,371,129
801,1145,17477,1649,17477,371,129
801,1145,17478,1649,17478,371,129
801,1145,17479,1649,17479,371,129
801,1145,17480,1649,17480,371,129
801,1145,17481,1649,17481,371,129
801,1145,17482,1649,17482,371,129
801,1145,17483,1649,17483,371,129
801,1145,17484,1649,17484,371,129
801,1145,17485,1649,17485,371,129
801,1145,17486,1649,17486,371,129
801,1145,17487,1649,17487,371,129
801,1145,17488,1649,17488,371,129
801,1145,17489,1649,17489,371,129
801,1145,17490,1649,17490,371,129
801,1145,17491,1649,17491,371,129
801,1145,17492,1649,17492,371,129
801,1145,17493,1649,17493,371,129
801,1145,17494,1649,17494,371,129
801,1145,17495,1649,17495,371,129
801,1145,17496,1649,17496,371,129
801,1145,17497,1649,17497,371,129
801,1145,17498,1649,17498,371,129
801,1145,17499,1649,17499,371,129
801,1145,17500,1649,17500,371,129
801,1145,17501,1649,17501,371,129
801,1145,17502,1649,17502,371,129
801,1145,17503,1649,17503,371,129
801,1145,17504,1649,17504,371,129
801,1145,17505,1649,17505,371,129
801,1145,17506,1649,17506,371,129
801,1145,17507,1649,17507,371,129
801,1145,17508,1649,17508,371,129
801,1145,17509,1649,17509,371,129
801,1145,17510,1649,17510,371,129
801,1145,17511,1649,17511,371,129
801,1145,17512,1649,17512,371,129
801,1145,17513,1649,17513,371,129
801,1145,17514,1649,17514,371,129
801,1145,17515,1649,17515,371,129
801,1145,17516,1649,17516,371,129
801,1145,17517,1649,17517,371,129
801,1145,17518,1649,17518,371,129
801,1145,17519,1649,17519,371,129
801,1145,17520,1649,17520,371,129
801,1145,17521,1649,17521,371,129
801,1145,17522,1649,17522,371,129
801,1145,17523,1649,17523,371,129
801,1145,17524,1649,17524,371,129
801,1145,17525,1649,17525,371,129
801,1145,17526,1649,17526,371,129
801,1145,17527,1649,17527,371,129
801,1145,17528,1649,17528,371,129
801,1145,17529,1649,17529,371,129
801,1145,17530,1649,17530,371,129
801,1145,17531,1649,17531,371,129
801,1145,17532,1649,17532,371,129
801,1145,17533,1649,17533,371,129
801,1145,17534,1649,17534,371,129
801,1145,17535,1649,17535,371,129
801,1145,17536,1649,17536,371,129
801,1145,17537,1649,17537,371,129
801,1145,17538,1649,17538,371,129
801,1145,17539,1649,17539,371,129
801,1145,17540,1649,17540,371,129
801,1145,17541,1649,17541,371,129
801,1145,17542,1649,17542,371,129
801,1145,17543,1649,17543,371,129
801,1145,17544,1649,17544,371,129
801,1145,17545,1649,17545,371,129
801,1145,17546,1649,17546,371,129
801,1145,17547,1649,17547,371,129
801,1145,17548,1649,17548,371,129
801,1145,17549,1649,17549,371,129
801,1145,17550,1649,17550,371,129
801,1145,17551,1649,17551,371,129
801,1145,17552,1649,17552,371,129
801,1145,17553,1649,17553,371,129
801,1145,17554,1649,17554,371,129
801,1145,17555,1649,17555,371,129
801,1145,17556,1649,17556,371,129
801,1145,17557,1649,17557,371,129
801,1145,17558,1649,17558,371,129
801,1145,17559,1649,17559,371,129
801,1145,17560,1649,17560,371,129
801,1145,17561,1649,17561,371,129
801,1145,17562,1649,17562,371,129
801,1145,17563,1649,17563,371,129
801,1145,17564,1649,17564,371,129
801,1145,17565,1649,17565,371,129
801,1145,17566,1649,17566,371,129
801,1145,17567,1649,17567,371,129
801,1145,17568,1649,17568,371,129
801,1145,17569,1649,17569,371,129
801,1145,17570,1649,17570,371,129
801,1145,17571,1649,17571,371,129
801,1145,17572,1649,17572,371,129
801,1145,17573,1649,17573,371,129
801,1145,17574,1649,17574,371,129
801,1145,17575,1649,17575,371,129
801,1145,17576,1649,17576,371,129
801,1145,17577,1649,17577,371,129
801,1145,17578,1649,17578,371,129
801,1145,17579,1649,17579,371,129
801,1145,17580,1649,17580,371,129
801,1145,17581,1649,17581,371,129
801,1145,17582,1649,17582,371,129
801,1145,17583,1649,17583,371,129
801,1145,17584,1649,17584,371,129
801,1145,17585,1649,17585,371,129
801,1145,17586,1649,17586,371,129
801,1145,17587,1649,17587,371,129
801,1145,17588,1649,17588,371,129
801,1145,17589,1649,17589,371,129
801,1145,17590,1649,17590,371,129
801,1145,17591,1649,17591,371,129
801,1145,17592,1649,17592,371,129
801,1145,17593,1649,17593,371,129
801,1145,17594,1649,17594,371,129
801,1145,17595,1649,17595,371,129
801,1145,17596,1649,17596,371,129
801,1145,17597,1649,17597,371,129
801,1145,17598,1649,17598,371,129
801,1145,17599,1649,17599,371,129
801,1145,17600,1649,17600,371,129
801,1145,17601,1649,17601,371,129
801,1145,17602,1649,17602,371,129
801,1145,17603,1649,17603,371,129
801,1145,17604,1649,17604,371,129
801,1145,17605,1649,17605,371,129
801,1145,17606,1649,17606,371,129
801,1145,17607,1649,17607,371,129
801,1145,17608,1649,17608,371,129
801,1145,17609,1649,17609,371,129
801,1145,17610,1649,17610,371,129
801,1145,17611,1649,17611,371,129
801,1145,17612,1649,17612,371,129
801,1145,17613,1649,17613,371,129
801,1145,17614,1649,17614,371,129
801,1145,17615,1649,17615,371,129
801,1145,17616,1649,17616,371,129
801,1145,17617,1649,17617,371,129
801,1145,17618,1649,17618,371,129
801,1145,17619,1649,17619,371,129
801,1145,17620,1649,17620,371,129
801,1145,17621,1649,17621,371,129
801,1145,17622,1649,17622,371,129
801,1145,17623,1649,17623,371,129
801,1145,17624,1649,17624,371,129
801,1145,17625,1649,17625,371,129
801,1145,17626,1649,17626,371,129
801,1145,17627,1649,17627,371,129
801,1145,17628,1649,17628,371,129
801,1145,17629,1649,17629,371,129
801,1145,17630,1649,17630,371,129
801,1145,17631,1649,17631,371,129
801,1145,17632,1649,17632,371,129
801,1145,17633,1649,17633,371,129
801,1145,17634,1649,17634,371,129
801,1145,17635,1649,17635,371,129
801,1145,17636,1649,17636,371,129
801,1145,17637,1649,17637,371,129
801,1145,17638,1649,17638,371,129
801,1145,17639,1649,17639,371,129
801,1145,17640,1649,17640,371,129
801,1145,17641,1649,17641,371,129
801,1145,17642,1649,17642,371,129
801,1145,17643,1649,17643,371,129
801,1145,17644,1649,17644,371,129
801,1145,17645,1649,17645,371,129
801,1145,17646,1649,17646,371,129
801,1145,17647,1649,17647,371,129
801,1145,17648,1649,17648,371,129
801,1145,17649,1649,17649,371,129
801,1145,17650,1649,17650,371,129
801,1145,17651,1649,17651,371,129
801,1145,17652,1649,17652,371,129
801,1145,17653,1649,17653,371,129
801,1145,17654,1649,17654,371,129
801,1145,17655,1649,17655,371,129
801,1145,17656,1649,17656,371,129
801,1145,17657,1649,17657,371,129
801,1145,17658,1649,17658,371,129
801,1145,17659,1649,17659,371,129
801,1145,17660,1649,17660,371,129
801,1145,17661,1649,17661,371,129
801,1145,17662,1649,17662,371,129
801,1145,17663,1649,17663,371,129
801,1145,17664,1649,17664,371,129
801,1145,17665,1649,17665,371,129
801,1145,17666,1649,17666,371,129
801,1145,17667,1649,17667,371,129
801,1145,17668,1649,17668,371,129
801,1145,17669,1649,17669,371,129
801,1145,17670,1649,17670,371,129
801,1145,17671,1649,17671,371,129
801,1145,17672,1649,17672,371,129
801,1145,17673,1649,17673,371,129
801,1145,17674,1649,17674,371,129
801,1145,17675,1649,17675,371,129
801,1145,17676,1649,17676,371,129
801,1145,17677,1649,17677,371,129
801,1145,17678,1649,17678,371,129
801,1145,17679,1649,17679,371,129
801,1145,17680,1649,17680,371,129
801,1145,17681,1649,17681,371,129
801,1145,17682,1649,17682,371,129
801,1145,17683,1649,17683,371,129
801,1145,17684,1649,17684,371,129
801,1145,17685,1649,17685,371,129
801,1145,17686,1649,17686,371,129
801,1145,17687,1649,17687,371,129
801,1145,17688,1649,17688,371,129
801,1145,17689,1649,17689,371,129
801,1145,17690,1649,17690,371,129
801,1145,17691,1649,17691,371,129
801,1145,17692,1649,17692,371,129
801,1145,17693,1649,17693,371,129
801,1145,17694,1649,17694,371,129
801,1145,17695,1649,17695,371,129
801,1145,17696,1649,17696,371,129
801,1145,17697,1649,17697,371,129
801,1145,17698,1649,17698,371,129
801,1145,17699,1649,17699,371,129
801,1145,17700,1649,17700,371,129
801,1145,17701,1649,17701,371,129
801,1145,17702,1649,17702,371,129
801,1145,17703,1649,17703,371,129
801,1145,17704,1649,17704,371,129
801,1145,17705,1649,17705,371,129
801,1145,17706,1649,17706,371,129
801,1145,17707,1649,17707,371,129
801,1145,17708,1649,17708,371,129
801,1145,17709,1649,17709,371,129
801,1145,17710,1649,17710,371,129
801,1145,17711,1649,17711,371,129
801,1145,17712,1649,17712,371,129
801,1145,17713,1649,17713,371,129
801,1145,17714,1649,17714,371,129
801,1145,17715,1649,17715,371,129
801,1145,17716,1649,17716,371,129
801,1145,17717,1649,17717,371,129
801,1145,17718,1649,17718,371,129
801,1145,17719,1649,17719,371,129
801,1145,17720,1649,17720,371,129
801,1145,17721,1649,17721,371,129
801,1145,17722,1649,17722,371,129
801,1145,17723,1649,17723,371,129
801,1145,17724,1649,17724,371,129
801,1145,17725,1649,17725,371,129
801,1145,17726,1649,17726,371,129
801,1145,17727,1649,17727,371,129
801,1145,17728,1649,17728,371,129
801,1145,17729,1649,17729,371,129
801,1145,17730,1649,17730,371,129
801,1145,17731,1649,17731,371,129
801,1145,17732,1649,17732,371,129
801,1145,17733,1649,17733,371,129
801,1145,17734,1649,17734,371,129
801,1145,17735,1649,17735,371,129
801,1145,17736,1649,17736,371,129
801,1145,17737,1649,17737,371,129
801,1145,17738,1649,17738,371,129
801,1145,17739,1649,17739,371,129
801,1145,17740,1649,17740,371,129
801,1145,17741,1649,17741,371,129
801,1145,17742,1649,17742,371,129
801,1145,17743,1649,17743,371,129
801,1145,17744,1649,17744,371,129
801,1145,17745,1649,17745,371,129
801,1145,17746,1649,17746,371,129
801,1145,17747,1649,17747,371,129
801,1145,17748,1649,17748,371,129
801,1145,17749,1649,17749,371,129
801,1145,17750,1649,17750,371,129
801,1145,17751,1649,17751,371,129
801,1145,17752,1649,17752,371,129
801,1145,17753,1649,17753,371,129
801,1145,17754,1649,17754,371,129
801,1145,17755,1649,17755,371,129
801,1145,17756,1649,17756,371,129
801,1145,17757,1649,17757,371,129
801,1145,17758,1649,17758,371,129
801,1145,17759,1649,17759,371,129
801,1145,17760,1649,17760,371,129
801,1145,17761,1649,17761,371,129
801,1145,17762,1649,17762,371,129
801,1145,17763,1649,17763,371,129
801,1145,17764,1649,17764,371,129
801,1145,17765,1649,17765,371,129
801,1145,17766,1649,17766,371,129
801,1145,17767,1649,17767,371,129
801,1145,17768,1649,17768,371,129
801,1145,17769,1649,17769,371,129
800,1145,17770,1649,17770,371,129
800,1145,17771,1649,17771,371,129
800,1145,17772,1649,17772,371,129
800,1145,17773,1649,17773,371,129
800,1145,17774,1649,17774,371,129
800,1145,17775,1649,17775,371,129
800,1145,17776,1649,17776,371,129
800,1145,17777,1649,17777,371,129
800,1145,17778,1649,17778,371,129
800,1145,17779,1649,17779,371,129
800,1145,17780,1649,17780,371,129
800,1145,17781,1649,17781,371,129
800,1145,17782,1649,17782,371,129
800,1145,17783,1649,17783,371,129
800,1145,17784,1649,17784,371,129
800,1145,17785,1649,17785,371,129
800,1145,17786,1649,17786,371,129
800,1145,17787,1649,17787,371,129
800,1145,17788,1649,17788,371,129
800,1145,17789,1649,17789,371,129
800,1145,17790,1649,17790,371,129
800,1145,17791,1649,17791,371,129
800,1145,17792,1649,17792,371,129
800,1145,17793,1649,17793,371,129
800,1145,17794,1649,17794,371,129
800,1145,17795,1649,17795,371,129
800,1145,17796,1649,17796,371,129
800,1145,17797,1649,17797,371,129
800,1145,17798,1649,17798,371,129
800,1145,17799,1649,17799,371,129
800,1145,17800,1649,17800,371,129
800,1145,17801,1649,17801,371,129
800,1145,17802,1649,17802,371,129
800,1145,17803,1649,17803,371,129
800,1145,17804,1649,17804,371,129
800,1145,17805,1649,17805,371,129
800,1145,17806,1649,17806,371,129
800,1145,17807,1649,17807,371,129
800,1145,17808,1649,17808,371,129
800,1145,17809,1649,17809,371,129
800,1145,17810,1649,17810,371,129
800,1145,17811,1649,17811,371,129
800,1145,17812,1649,17812,371,129
800,1145,17813,1649,17813,371,129
800,1145,17814,1649,17814,371,129
800,1145,17815,1649,17815,371,129
800,1145,17816,1649,17816,371,129
800,1145,17817,1649,17817,371,129
800,1145,17818,1649,17818,371,129
800,1145,17819,1649,17819,371,129
800,1145,17820,1649,17820,371,129
800,1145,17821,1649,17821,371,129
800,1145,17822,1649,17822,371,129
800,1145,17823,1649,17823,371,129
800,1145,17824,1649,17824,371,129
800,1145,17825,1649,17825,371,129
800,1145,17826,1649,17826,371,129
800,1145,17827,1649,17827,371,129
800,1145,17828,1649,17828,371,129
800,1145,17829,1649,17829,371,129
800,1145,17830,1649,17830,371,129
800,1145,17831,1649,17831,371,129
800,1145,17832,1649,17832,371,129
800,1145,17833,1649,17833,371,129
800,1145,17834,1649,17834,371,129
800,1145,17835,1649,17835,371,129
800,1145,17836,1649,17836,371,129
800,1145,17837,1649,17837,371,129
800,1145,17838,1649,17838,371,129
800,1145,17839,1649,17839,371,129
800,1145,17840,1649,17840,371,129
800,1145,17841,1649,17841,371,129
800,1145,17842,1649,17842,371,129
800,1145,17843,1649,17843,371,129
800,1145,17844,1649,17844,371,129
800,1145,17845,1649,17845,371,129
800,1145,17846,1649,17846,371,129
800,1145,17847,1649,17847,371,129
800,1145,17848,1649,17848,371,129
800,1145,17849,1649,17849,371,129
800,1145,17850,1649,17850,371,129
800,1145,17851,1649,17851,371,129
800,1145,17852,1649,17852,371,129
800,1145,17853,1649,17853,371,129
800,1145,17854,1649,17854,371,129
800,1145,17855,1649,17855,371,129
800,1145,17856,1649,17856,371,129
800,1145,17857,1649,17857,371,129
800,1145,17858,1649,17858,371,129
800,1145,17859,1649,17859,371,129
800,1145,17860,1649,17860,371,129
800,1145,17861,1649,17861,371,129
800,1145,17862,1649,17862,371,129
800,1145,17863,1649,17863,371,129
800,1145,17864,1649,17864,371,129
800,1145,17865,1649,17865,371,129
800,1145,17866,1649,17866,371,129
800,1145,17867,1649,17867,371,129
800,1145,17868,1649,17868,371,129
800,1145,17869,1649,17869,371,129
800,1145,17870,1649,17870,371,129
800,1145,17871,1649,17871,371,129
800,1145,17872,1649,17872,371,129
800,1145,17873,1649,17873,371,129
800,1145,17874,1649,17874,371,129
800,1145,17875,1649,17875,371,129
800,1145,17876,1649,17876,371,129
800,1145,17877,1649,17877,371,129
800,1145,17878,1649,17878,371,129
800,1145,17879,1649,17879,371,129
800,1145,17880,1649,17880,371,129
800,1145,17881,1649,17881,371,129
800,1145,17882,1649,17882,371,129
800,1145,17883,1649,17883,371,129
800,1145,17884,1649,17884,371,129
800,1145,17885,1649,17885,371,129
800,1145,17886,1649,17886,371,129
800,1145,17887,1649,17887,371,129
800,1145,17888,1649,17888,371,129
800,1145,17889,1649,17889,371,129
800,1145,17890,1649,17890,371,129
800,1145,17891,1649,17891,371,129
800,1145,17892,1649,17892,371,129
800,1145,17893,1649,17893,371,129
800,1145,17894,1649,17894,371,129
800,1145,17895,1649,17895,371,129
800,1145,17896,1649,17896,371,129
800,1145,17897,1649,17897,371,129
800,1145,17898,1649,17898,371,129
800,1145,17899,1649,17899,371,129
800,1145,17900,1649,17900,371,129
800,1145,17901,1649,17901,371,129
800,1145,17902,1649,17902,371,129
800,1145,17903,1649,17903,371,129
800,1145,17904,1649,17904,371,129
800,1145,17905,1649,17905,371,129
800,1145,17906,1649,17906,371,129
800,1145,17907,1649,17907,371,129
800,1145,17908,1649,17908,371,129
800,1145,17909,1649,17909,371,129
800,1145,17910,1649,17910,371,129
800,1145,17911,1649,17911,371,129
800,1145,17912,1649,17912,371,129
800,1145,17913,1649,17913,371,129
800,1145,17914,1649,17914,371,129
800,1145,17915,1649,17915,371,129
800,1145,17916,1649,17916,371,129
800,1145,17917,1649,17917,371,129
800,1145,17918,1649,17918,371,129
800,1145,17919,1649,17919,371,129
800,1145,17920,1649,17920,371,129
800,1145,17921,1649,17921,371,129
800,1145,17922,1649,17922,371,129
800,1145,17923,1649,17923,371,129
800,1145,17924,1649,17924,371,129
800,1145,17925,1649,17925,371,129
800,1145,17926,1649,17926,371,129
800,1145,17927,1649,17927,371,129
800,1145,17928,1649,17928,371,129
800,1145,17929,1649,17929,371,129
800,1145,17930,1649,17930,371,129
800,1145,17931,1649,17931,371,129
800,1145,17932,1649,17932,371,129
800,1145,17933,1649,17933,371,129
800,1145,17934,1649,17934,371,129
800,1145,17935,1649,17935,371,129
800,1145,17936,1649,17936,371,129
800,1145,17937,1649,17937,371,129
800,1145,17938,1649,17938,371,129
800,1145,17939,1649,17939,371,129
800,1145,17940,1649,17940,371,129
800,1145,17941,1649,17941,371,129
800,1145,17942,1649,17942,371,129
800,1145,17943,1649,17943,371,129
800,1145,17944,1649,17944,371,129
800,1145,17945,1649,17945,371,129
800,1145,17946,1649,17946,371,129
800,1145,17947,1649,17947,371,129
800,1145,17948,1649,17948,371,129
800,1145,17949,1649,17949,371,129
800,1145,17950,1649,17950,371,129
800,1145,17951,1649,17951,371,129
800,1145,17952,1649,17952,371,129
800,1145,17953,1649,17953,371,129
800,1145,17954,1649,17954,371,129
800,1145,17955,1649,17955,371,129
800,1145,17956,1649,17956,371,129
800,1145,17957,1649,17957,371,129
800,1145,17958,1649,17958,371,129
800,1145,17959,1649,17959,371,129
800,1145,17960,1649,17960,371,129
800,1145,17961,1649,17961,371,129
800,1145,17962,1649,17962,371,129
800,1145,17963,1649,17963,371,129
800,1145,17964,1649,17964,371,129
800,1145,17965,1649,17965,371,129
800,1145,17966,1649,17966,371,129
800,1145,17967,1649,17967,371,129
800,1145,17968,1649,17968,371,129
800,1145,17969,1649,17969,371,129
800,1145,17970,1649,17970,371,129
800,1145,17971,1649,17971,371,129
800,1145,17972,1649,17972,371,129
800,1145,17973,1649,17973,371,129
800,1145,17974,1649,17974,371,129
800,1145,17975,1649,17975,371,129
800,1145,17976,1649,17976,371,129
800,1145,17977,1649,17977,371,129
800,1145,17978,1649,17978,371,129
800,1145,17979,1649,17979,371,129
800,1145,17980,1649,17980,371,129
800,1145,17981,1649,17981,371,129
800,1145,17982,1649,17982,371,129
800,1145,17983,1649,17983,371,129
800,1145,17984,1649,17984,371,129
800,1145,17985,1649,17985,371,129
800,1145,17986,1649,17986,371,129
800,1145,17987,1649,17987,371,129
800,1145,17988,1649,17988,371,129
800,1145,17989,1649,17989,371,129
800,1145,17990,1649,17990,371,129
800,1145,17991,1649,17991,371,129
800,1145,17992,1649,17992,371,129
800,1145,17993,1649,17993,371,129
800,1145,17994,1649,17994,371,129
800,1145,17995,1649,17995,371,129
800,1145,17996,1649,17996,371,129
800,1145,17997,1649,17997,371,129
800,1145,17998,1649,17998,371,129
800,1145,17999,1649,17999,371,129
800,1145,18000,1649,18000,371,129
800,1145,18001,1649,18001,371,129
800,1145,18002,1649,18002,371,129
800,1145,18003,1649,18003,371,129
800,1145,18004,1649,18004,371,129
800,1145,18005,1649,18005,371,129
800,1145,18006,1649,18006,371,129
800,1145,18007,1649,18007,371,129
800,1145,18008,1649,18008,371,129
800,1145,18009,1649,18009,371,129
800,1145,18010,1649,18010,371,129
800,1145,18011,1649,18011,371,129
800,1145,18012,1649,18012,371,129
800,1145,18013,1649,18013,371,129
800,1145,18014,1649,18014,371,129
800,1145,18015,1649,18015,371,129
800,1145,18016,1649,18016,371,129
800,1145,18017,1649,18017,371,129
800,1145,18018,1649,18018,371,129
800,1145,18019,1649,18019,371,129
800,1145,18020,1649,18020,371,129
800,1145,18021,1649,18021,371,129
800,1145,18022,1649,18022,371,129
800,1145,18023,1649,18023,371,129
800,1145,18024,1649,18024,371,129
800,1145,18025,1649,18025,371,129
800,1145,18026,1649,18026,371,129
800,1145,18027,1649,18027,371,129
800,1145,18028,1649,18028,371,129
800,1145,18029,1649,18029,371,129
800,1145,18030,1649,18030,371,129
800,1145,18031,1649,18031,371,129
800,1145,18032,1649,18032,371,129
800,1145,18033,1649,18033,371,129
800,1145,18034,1649,18034,371,129
800,1145,18035,1649,18035,371,129
800,1145,18036,1649,18036,371,129
800,1145,18037,1649,18037,371,129
800,1145,18038,1649,18038,371,129
800,1145,18039,1649,18039,371,129
800,1145,18040,1649,18040,371,129
800,1145,18041,1649,18041,371,129
800,1145,18042,1649,18042,371,129
800,1145,18043,1649,18043,371,129
800,1145,18044,1649,18044,371,129
800,1145,18045,1649,18045,371,129
800,1145,18046,1649,18046,371,129
800,1145,18047,1649,18047,371,129
800,1145,18048,1649,18048,371,129
800,1145,18049,1649,18049,371,129
800,1145,18050,1649,18050,371,129
800,1145,18051,1649,18051,371,129
800,1145,18052,1649,18052,371,129
800,1145,18053,1649,18053,371,129
800,1145,18054,1649,18054,371,129
800,1145,18055,1649,18055,371,129
800,1145,18056,1649,18056,371,129
800,1145,18057,1649,18057,371,129
800,1145,18058,1649,18058,371,129
800,1145,18059,1649,18059,371,129
800,1145,18060,1649,18060,371,129
800,1145,18061,1649,18061,371,129
800,1145,18062,1649,18062,371,129
800,1145,18063,1649,18063,371,129
800,1145,18064,1649,18064,371,129
800,1145,18065,1649,18065,371,129
800,1145,18066,1649,18066,371,129
800,1145,18067,1649,18067,371,129
800,1145,18068,1649,18068,371,129
800,1145,18069,1649,18069,371,129
800,1145,18070,1649,18070,371,129
800,1145,18071,1649,18071,371,129
800,1145,18072,1649,18072,371,129
800,1145,18073,1649,18073,371,129
800,1145,18074,1649,18074,371,129
800,1145,18075,1649,18075,371,129
800,1145,18076,1649,18076,371,129
800,1145,18077,1649,18077,371,129
800,1145,18078,1649,18078,371,129
800,1145,18079,1649,18079,371,129
800,1145,18080,1649,18080,371,129
800,1145,18081,1649,18081,371,129
800,1145,18082,1649,18082,371,129
800,1145,18083,1649,18083,371,129
800,1145,18084,1649,18084,371,129
800,1145,18085,1649,18085,371,129
800,1145,18086,1649,18086,371,129
800,1145,18087,1649,18087,371,129
800,1145,18088,1649,18088,371,129
800,1145,18089,1649,18089,371,129
800,1145,18090,1649,18090,371,129
800,1145,18091,1649,18091,371,129
800,1145,18092,1649,18092,371,129
800,1145,18093,1649,18093,371,129
800,1145,18094,1649,18094,371,129
800,1145,18095,1649,18095,371,129
800,1145,18096,1649,18096,371,129
800,1145,18097,1649,18097,371,129
800,1145,18098,1649,18098,371,129
800,1145,18099,1649,18099,371,129
800,1145,18100,1649,18100,371,129
800,1145,18101,1649,18101,371,129
800,1145,18102,1649,18102,371,129
800,1145,18103,1649,18103,371,129
800,1145,18104,1649,18104,371,129
800,1145,18105,1649,18105,371,129
800,1145,18106,1649,18106,371,129
800,1145,18107,1649,18107,371,129
800,1145,18108,1649,18108,371,129
800,1145,18109,1649,18109,371,129
800,1145,18110,1649,18110,371,129
800,1145,18111,1649,18111,371,129
800,1145,18112,1649,18112,371,129
800,1145,18113,1649,18113,371,129
800,1145,18114,1649,18114,371,129
800,1145,18115,1649,18115,371,129
800,1145,18116,1649,18116,371,129
800,1145,18117,1649,18117,371,129
800,1145,18118,1649,18118,371,129
800,1145,18119,1649,18119,371,129
800,1145,18120,1649,18120,371,129
800,1145,18121,1649,18121,371,129
800,1145,18122,1649,18122,371,129
800,1145,18123,1649,18123,371,129
800,1145,18124,1649,18124,371,129
800,1145,18125,1649,18125,371,129
800,1145,18126,1649,18126,371,129
800,1145,18127,1649,18127,371,129
800,1145,18128,1649,18128,371,129
800,1145,18129,1649,18129,371,129
800,1145,18130,1649,18130,371,129
800,1145,18131,1649,18131,371,129
800,1145,18132,1649,18132,371,129
800,1145,18133,1649,18133,371,129
800,1145,18134,1649,18134,371,129
800,1145,18135,1649,18135,371,129
800,1145,18136,1649,18136,371,129
800,1145,18137,1649,18137,371,129
800,1145,18138,1649,18138,371,129
800,1145,18139,1649,18139,371,129
800,1145,18140,1649,18140,371,129
800,1145,18141,1649,18141,371,129
800,1145,18142,1649,18142,371,129
800,1145,18143,1649,18143,371,129
800,1145,18144,1649,18144,371,129
800,1145,18145,1649,18145,371,129
800,1145,18146,1649,18146,371,129
800,1145,18147,1649,18147,371,129
800,1145,18148,1649,18148,371,129
800,1145,18149,1649,18149,371,129
800,1145,18150,1649,18150,371,129
800,1145,18151,1649,18151,371,129
800,1145,18152,1649,18152,371,129
800,1145,18153,1649,18153,371,129
800,1145,18154,1649,18154,371,129
800,1145,18155,1649,18155,371,129
800,1145,18156,1649,18156,371,129
800,1145,18157,1649,18157,371,129
800,1145,18158,1649,18158,371,129
800,1145,18159,1649,18159,371,129
800,1145,18160,1649,18160,371,129
800,1145,18161,1649,18161,371,129
800,1145,18162,1649,18162,371,129
800,1145,18163,1649,18163,371,129
800,1145,18164,1649,18164,371,129
800,1145,18165,1649,18165,371,129
800,1145,18166,1649,18166,371,129
800,1145,18167,1649,18167,371,129
800,1145,18168,1649,18168,371,129
800,1145,18169,1649,18169,371,129
800,1145,18170,1649,18170,371,129
800,1145,18171,1649,18171,371,129
800,1145,18172,1649,18172,371,129
800,1145,18173,1649,18173,371,129
800,1145,18174,1649,18174,371,129
800,1145,18175,1649,18175,371,129
800,1145,18176,1649,18176,371,129
800,1145,18177,1649,18177,371,129
800,1145,18178,1649,18178,371,129
800,1145,18179,1649,18179,371,129
800,1145,18180,1649,18180,371,129
800,1145,18181,1649,18181,371,129
800,1145,18182,1649,18182,371,129
800,1145,18183,1649,18183,371,129
800,1145,18184,1649,18184,371,129
800,1145,18185,1649,18185,371,129
800,1145,18186,1649,18186,371,129
800,1145,18187,1649,18187,371,129
800,1145,18188,1649,18188,371,129
800,1145,18189,1649,18189,371,129
800,1145,18190,1649,18190,371,129
800,1145,18191,1649,18191,371,129
800,1145,18192,1649,18192,371,129
800,1145,18193,1649,18193,371,129
800,1145,18194,1649,18194,371,129
800,1145,18195,1649,18195,371,129
800,1145,18196,1649,18196,371,129
800,1145,18197,1649,18197,371,129
800,1145,18198,1649,18198,371,129
800,1145,18199,1649,18199,371,129
800,1145,18200,1649,18200,371,129
800,1145,18201,1649,18201,371,129
800,1145,18202,1649,18202,371,129
800,1145,18203,1649,18203,371,129
800,1145,18204,1649,18204,371,129
800,1145,18205,1649,18205,371,129
800,1145,18206,1649,18206,371,129
800,1145,18207,1649,18207,371,129
800,1145,18208,1649,18208,371,129
800,1145,18209,1649,18209,371,129
800,1145,18210,1649,18210,371,129
800,1145,18211,1649,18211,371,129
800,1145,18212,1649,18212,371,129
800,1145,18213,1649,18213,371,129
800,1145,18214,1649,18214,371,129
800,1145,18215,1649,18215,371,129
800,1145,18216,1649,18216,371,129
800,1145,18217,1649,18217,371,129
800,1145,18218,1649,18218,371,129
800,1145,18219,1649,18219,371,129
800,1145,18220,1649,18220,371,129
800,1145,18221,1649,18221,371,129
800,1145,18222,1649,18222,371,129
800,1145,18223,1649,18223,371,129
800,1145,18224,1649,18224,371,129
800,1145,18225,1649,18225,371,129
800,1145,18226,1649,18226,371,129
800,1145,18227,1649,18227,371,129
800,1145,18228,1649,18228,371,129
800,1145,18229,1649,18229,371,129
800,1145,18230,1649,18230,371,129
800,1145,18231,1649,18231,371,129
800,1145,18232,1649,18232,371,129
800,1145,18233,1649,18233,371,129
800,1145,18234,1649,18234,371,129
800,1145,18235,1649,18235,371,129
800,1145,18236,1649,18236,371,129
800,1145,18237,1649,18237,371,129
800,1145,18238,1649,18238,371,129
800,1145,18239,1649,18239,371,129
800,1145,18240,1649,18240,371,129
800,1145,18241,1649,18241,371,129
800,1145,18242,1649,18242,371,129
800,1145,18243,1649,18243,371,129
800,1145,18244,1649,18244,371,129
800,1145,18245,1649,18245,371,129
800,1145,18246,1649,18246,371,129
800,1145,18247,1649,18247,371,129
800,1145,18248,1649,18248,371,129
800,1145,18249,1649,18249,371,129
800,1145,18250,1649,18250,371,129
800,1145,18251,1649,18251,371,129
800,1145,18252,1649,18252,371,129
800,1145,18253,1649,18253,371,129
800,1145,18254,1649,18254,371,129
800,1145,18255,1649,18255,371,129
800,1145,18256,1649,18256,371,129
800,1145,18257,1649,18257,371,129
800,1145,18258,1649,18258,371,129
800,1145,18259,1649,18259,371,129
800,1145,18260,1649,18260,371,129
800,1145,18261,1649,18261,371,129
800,1145,18262,1649,18262,371,129
800,1145,18263,1649,18263,371,129
800,1145,18264,1649,18264,371,129
800,1145,18265,1649,18265,371,129
800,1145,18266,1649,18266,371,129
800,1145,18267,1649,18267,371,129
800,1145,18268,1649,18268,371,129
800,1145,18269,1649,18269,371,129
800,1145,18270,1649,18270,371,129
800,1145,18271,1649,18271,371,129
800,1145,18272,1649,18272,371,129
800,1145,18273,1649,18273,371,129
800,1145,18274,1649,18274,371,129
800,1145,18275,1649,18275,371,129
800,1145,18276,1649,18276,371,129
800,1145,18277,1649,18277,371,129
800,1145,18278,1649,18278,371,129
800,1145,18279,1649,18279,371,129
800,1145,18280,1649,18280,371,129
800,1145,18281,1649,18281,371,129
800,1145,18282,1649,18282,371,129
800,1145,18283,1649,18283,371,129
800,1145,18284,1649,18284,371,129
800,1145,18285,1649,18285,371,129
800,1145,18286,1649,18286,371,129
800,1145,18287,1649,18287,371,129
800,1145,18288,1649,18288,371,129
800,1145,18289,1649,18289,371,129
800,1145,18290,1649,18290,371,129
800,1145,18291,1649,18291,371,129
800,1145,18292,1649,18292,371,129
800,1145,18293,1649,18293,371,129
800,1145,18294,1649,18294,371,129
800,1145,18295,1649,18295,371,129
800,1145,18296,1649,18296,371,129
800,1145,18297,1649,18297,371,129
800,1145,18298,1649,18298,371,129
800,1145,18299,1649,18299,371,129
800,1145,18300,1649,18300,371,129
800,1145,18301,1649,18301,371,129
800,1145,18302,1649,18302,371,129
800,1145,18303,1649,18303,371,129
800,1145,18304,1649,18304,371,129
800,1145,18305,1649,18305,371,129
800,1145,18306,1649,18306,371,129
800,1145,18307,1649,18307,371,129
800,1145,18308,1649,18308,371,129
800,1145,18309,1649,18309,371,129
800,1145,18310,1649,18310,371,129
800,1145,18311,1649,18311,371,129
800,1145,18312,1649,18312,371,129
800,1145,18313,1649,18313,371,129
800,1145,18314,1649,18314,371,129
800,1145,18315,1649,18315,371,129
800,1145,18316,1649,18316,371,129
800,1145,18317,1649,18317,371,129
800,1145,18318,1649,18318,371,129
800,1145,18319,1649,18319,371,129
800,1145,18320,1649,18320,371,129
800,1145,18321,1649,18321,371,129
800,1145,18322,1649,18322,371,129
800,1145,18323,1649,18323,371,129
800,1145,18324,1649,18324,371,129
800,1145,18325,1649,18325,371,129
800,1145,18326,1649,18326,371,129
800,1145,18327,1649,18327,371,129
800,1145,18328,1649,18328,371,129
800,1145,18329,1649,18329,371,129
800,1145,18330,1649,18330,371,129
800,1145,18331,1649,18331,371,129
800,1145,18332,1649,18332,371,129
800,1145,18333,1649,18333,371,129
800,1145,18334,1649,18334,371,129
800,1145,18335,1649,18335,371,129
800,1145,18336,1649,18336,371,129
800,1145,18337,1649,18337,371,129
800,1145,18338,1649,18338,371,129
800,1145,18339,1649,18339,371,129
800,1145,18340,1649,18340,371,129
800,1145,18341,1649,18341,371,129
800,1145,18342,1649,18342,371,129
800,1145,18343,1649,18343,371,129
800,1145,18344,1649,18344,371,129
800,1145,18345,1649,18345,371,129
800,1145,18346,1649,18346,371,129
800,1145,18347,1649,18347,371,129
800,1145,18348,1649,18348,371,129
800,1145,18349,1649,18349,371,129
800,1145,18350,1649,18350,371,129
800,1145,18351,1649,18351,371,129
800,1145,18352,1649,18352,371,129
800,1145,18353,1649,18353,371,129
800,1145,18354,1649,18354,371,129
800,1145,18355,1649,18355,371,129
800,1145,18356,1649,18356,371,129
800,1145,18357,1649,18357,371,129
800,1145,18358,1649,18358,371,129
800,1145,18359,1649,18359,371,129
800,1145,18360,1649,18360,371,129
800,1145,18361,1649,18361,371,129
800,1145,18362,1649,18362,371,129
800,1145,18363,1649,18363,371,129
800,1145,18364,1649,18364,371,129
800,1145,18365,1649,18365,371,129
800,1145,18366,1649,18366,371,129
800,1145,18367,1649,18367,371,129
800,1145,18368,1649,18368,371,129
800,1145,18369,1649,18369,371,129
800,1145,18370,1649,18370,371,129
800,1145,18371,1649,18371,371,129
800,1145,18372,1649,18372,371,129
800,1145,18373,1649,18373,371,129
800,1145,18374,1649,18374,371,129
800,1145,18375,1649,18375,371,129
800,1145,18376,1649,18376,371,129
800,1145,18377,1649,18377,371,129
800,1145,18378,1649,18378,371,129
800,1145,18379,1649,18379,371,129
800,1145,18380,1649,18380,371,129
800,1145,18381,1649,18381,371,129
800,1145,18382,1649,18382,371,129
800,1145,18383,1649,18383,371,129
800,1145,18384,1649,18384,371,129
800,1145,18385,1649,18385,371,129
800,1145,18386,1649,18386,371,129
800,1145,18387,1649,18387,371,129
800,1145,18388,1649,18388,371,129
800,1145,18389,1649,18389,371,129
800,1145,18390,1649,18390,371,129
800,1145,18391,1649,18391,371,129
800,1145,18392,1649,18392,371,129
800,1145,18393,1649,18393,371,129
800,1145,18394,1649,18394,371,129
800,1145,18395,1649,18395,371,129
800,1145,18396,1649,18396,371,129
800,1145,18397,1649,18397,371,129
800,1145,18398,1649,18398,371,129
800,1145,18399,1649,18399,371,129
800,1145,18400,1649,18400,371,129
800,1145,18401,1649,18401,371,129
800,1145,18402,1649,18402,371,129
800,1145,18403,1649,18403,371,129
800,1145,18404,1649,18404,371,129
800,1145,18405,1649,18405,371,129
800,1145,18406,1649,18406,371,129
800,1145,18407,1649,18407,371,129
800,1145,18408,1649,18408,371,129
800,1145,18409,1649,18409,371,129
800,1145,18410,1649,18410,371,129
800,1145,18411,1649,18411,371,129
800,1145,18412,1649,18412,371,129
800,1145,18413,1649,18413,371,129
800,1145,18414,1649,18414,371,129
800,1145,18415,1649,18415,371,129
800,1145,18416,1649,18416,371,129
800,1145,18417,1649,18417,371,129
800,1145,18418,1649,18418,371,129
800,1145,18419,1649,18419,371,129
800,1145,18420,1649,18420,371,129
800,1145,18421,1649,18421,371,129
800,1145,18422,1649,18422,371,129
800,1145,18423,1649,18423,371,129
800,1145,18424,1649,18424,371,129
800,1145,18425,1649,18425,371,129
800,1145,18426,1649,18426,371,129
800,1145,18427,1649,18427,371,129
800,1145,18428,1649,18428,371,129
800,1145,18429,1649,18429,371,129
800,1145,18430,1649,18430,371,129
800,1145,18431,1649,18431,371,129
800,1145,18432,1649,18432,371,129
800,1145,18433,1649,18433,371,129
800,1145,18434,1649,18434,371,129
800,1145,18435,1649,18435,371,129
800,1145,18436,1649,18436,371,129
800,1145,18437,1649,18437,371,129
800,1145,18438,1649,18438,371,129
800,1145,18439,1649,18439,371,129
800,1145,18440,1649,18440,371,129
800,1145,18441,1649,18441,371,129
800,1145,18442,1649,18442,371,129
800,1145,18443,1649,18443,371,129
800,1145,18444,1649,18444,371,129
800,1145,18445,1649,18445,371,129
800,1145,18446,1649,18446,371,129
800,1145,18447,1649,18447,371,129
800,1145,18448,1649,18448,371,129
800,1145,18449,1649,18449,371,129
800,1145,18450,1649,18450,371,129
800,1145,18451,1649,18451,371,129
800,1145,18452,1649,18452,371,129
800,1145,18453,1649,18453,371,129
800,1145,18454,1649,18454,371,129
800,1145,18455,1649,18455,371,129
800,1145,18456,1649,18456,371,129
800,1145,18457,1649,18457,371,129
800,1145,18458,1649,18458,371,129
800,1145,18459,1649,18459,371,129
800,1145,18460,1649,18460,371,129
800,1145,18461,1649,18461,371,129
800,1145,18462,1649,18462,371,129
800,1145,18463,1649,18463,371,129
800,1145,18464,1649,18464,371,129
800,1145,18465,1649,18465,371,129
800,1145,18466,1649,18466,371,129
800,1145,18467,1649,18467,371,129
800,1145,18468,1649,18468,371,129
800,1145,18469,1649,18469,371,129
800,1145,18470,1649,18470,371,129
800,1145,18471,1649,18471,371,129
800,1145,18472,1649,18472,371,129
800,1145,18473,1649,18473,371,129
800,1145,18474,1649,18474,371,129
800,1145,18475,1649,18475,371,129
800,1145,18476,1649,18476,371,129
800,1145,18477,1649,18477,371,129
800,1145,18478,1649,18478,371,129
800,1145,18479,1649,18479,371,129
800,1145,18480,1649,18480,371,129
800,1145,18481,1649,18481,371,129
800,1145,18482,1649,18482,371,129
800,1145,18483,1649,18483,371,129
800,1145,18484,1649,18484,371,129
800,1145,18485,1649,18485,371,129
800,1145,18486,1649,18486,371,129
800,1145,18487,1649,18487,371,129
800,1145,18488,1649,18488,371,129
800,1145,18489,1649,18489,371,129
800,1145,18490,1649,18490,371,129
800,1145,18491,1649,18491,371,129
800,1145,18492,1649,18492,371,129
800,1145,18493,1649,18493,371,129
800,1145,18494,1649,18494,371,129
800,1145,18495,1649,18495,371,129
800,1145,18496,1649,18496,371,129
800,1145,18497,1649,18497,371,129
800,1145,18498,1649,18498,371,129
800,1145,18499,1649,18499,371,129
800,1145,18500,1649,18500,371,129
800,1145,18501,1649,18501,371,129
800,1145,18502,1649,18502,371,129
800,1145,18503,1649,18503,371,129
800,1145,18504,1649,18504,371,129
800,1145,18505,1649,18505,371,129
800,1145,18506,1649,18506,371,129
800,1145,18507,1649,18507,371,129
800,1145,18508,1649,18508,371,129
800,1145,18509,1649,18509,371,129
800,1145,18510,1649,18510,371,129
800,1145,18511,1649,18511,371,129
800,1145,18512,1649,18512,371,129
800,1145,18513,1649,18513,371,129
800,1145,18514,1649,18514,371,129
800,1145,18515,1649,18515,371,129
800,1145,18516,1649,18516,371,129
800,1145,18517,1649,18517,371,129
800,1145,18518,1649,18518,371,129
800,1145,18519,1649,18519,371,129
800,1145,18520,1649,18520,371,129
800,1145,18521,1649,18521,371,129
800,1145,18522,1649,18522,371,129
800,1145,18523,1649,18523,371,129
800,1145,18524,1649,18524,371,129
800,1145,18525,1649,18525,371,129
800,1145,18526,1649,18526,371,129
800,1145,18527,1649,18527,371,129
800,1145,18528,1649,18528,371,129
800,1145,18529,1649,18529,371,129
800,1145,18530,1649,18530,371,129
800,1145,18531,1649,18531,371,129
800,1145,18532,1649,18532,371,129
800,1145,18533,1649,18533,371,129
800,1145,18534,1649,18534,371,129
800,1145,18535,1649,18535,371,129
800,1145,18536,1649,18536,371,129
800,1145,18537,1649,18537,371,129
800,1145,18538,1649,18538,371,129
800,1145,18539,1649,18539,371,129
800,1145,18540,1649,18540,371,129
800,1145,18541,1649,18541,371,129
800,1145,18542,1649,18542,371,129
800,1145,18543,1649,18543,371,129
800,1145,18544,1649,18544,371,129
800,1145,18545,1649,18545,371,129
800,1145,18546,1649,18546,371,129
800,1145,18547,1649,18547,371,129
800,1145,18548,1649,18548,371,129
800,1145,18549,1649,18549,371,129
800,1145,18550,1649,18550,371,129
800,1145,18551,1649,18551,371,129
800,1145,18552,1649,18552,371,129
800,1145,18553,1649,18553,371,129
800,1145,18554,1649,18554,371,129
800,1145,18555,1649,18555,371,129
800,1145,18556,1649,18556,371,129
800,1145,18557,1649,18557,371,129
800,1145,18558,1649,18558,371,129
800,1145,18559,1649,18559,371,129
800,1145,18560,1649,18560,371,129
800,1145,18561,1649,18561,371,129
800,1145,18562,1649,18562,371,129
800,1145,18563,1649,18563,371,129
800,1145,18564,1649,18564,371,129
800,1145,18565,1649,18565,371,129
800,1145,18566,1649,18566,371,129
800,1145,18567,1649,18567,371,129
800,1145,18568,1649,18568,371,129
800,1145,18569,1649,18569,371,129
800,1145,18570,1649,18570,371,129
800,1145,18571,1649,18571,371,129
800,1145,18572,1649,18572,371,129
800,1145,18573,1649,18573,371,129
800,1145,18574,1649,18574,371,129
800,1145,18575,1649,18575,371,129
800,1145,18576,1649,18576,371,129
800,1145,18577,1649,18577,371,129
800,1145,18578,1649,18578,371,129
800,1145,18579,1649,18579,371,129
800,1145,18580,1649,18580,371,129
800,1145,18581,1649,18581,371,129
800,1145,18582,1649,18582,371,129
800,1145,18583,1649,18583,371,129
800,1145,18584,1649,18584,371,129
800,1145,18585,1649,18585,371,129
800,1145,18586,1649,18586,371,129
800,1145,18587,1649,18587,371,129
800,1145,18588,1649,18588,371,129
800,1145,18589,1649,18589,371,129
800,1145,18590,1649,18590,371,129
800,1145,18591,1649,18591,371,129
800,1145,18592,1649,18592,371,129
800,1145,18593,1649,18593,371,129
800,1145,18594,1649,18594,371,129
800,1145,18595,1649,18595,371,129
800,1145,18596,1649,18596,371,129
800,1145,18597,1649,18597,371,129
800,1145,18598,1649,18598,371,129
800,1145,18599,1649,18599,371,129
800,1145,18600,1649,18600,371,129
800,1145,18601,1649,18601,371,129
800,1145,18602,1649,18602,371,129
800,1145,18603,1649,18603,371,129
800,1145,18604,1649,18604,371,129
800,1145,18605,1649,18605,371,129
800,1145,18606,1649,18606,371,129
800,1145,18607,1649,18607,371,129
800,1145,18608,1649,18608,371,129
800,1145,18609,1649,18609,371,129
800,1145,18610,1649,18610,371,129
800,1145,18611,1649,18611,371,129
800,1145,18612,1649,18612,371,129
800,1145,18613,1649,18613,371,129
800,1145,18614,1649,18614,371,129
800,1145,18615,1649,18615,371,129
800,1145,18616,1649,18616,371,129
800,1145,18617,1649,18617,371,129
800,1145,18618,1649,18618,371,129
800,1145,18619,1649,18619,371,129
800,1145,18620,1649,18620,371,129
800,1145,18621,1649,18621,371,129
800,1145,18622,1649,18622,371,129
800,1145,18623,1649,18623,371,129
800,1145,18624,1649,18624,371,129
800,1145,18625,1649,18625,371,129
800,1145,18626,1649,18626,371,129
800,1145,18627,1649,18627,371,129
800,1145,18628,1649,18628,371,129
800,1145,18629,1649,18629,371,129
800,1145,18630,1649,18630,371,129
800,1145,18631,1649,18631,371,129
800,1145,18632,1649,18632,371,129
800,1145,18633,1649,18633,371,129
800,1145,18634,1649,18634,371,129
800,1145,18635,1649,18635,371,129
800,1145,18636,1649,18636,371,129
800,1145,18637,1649,18637,371,129
800,1145,18638,1649,18638,371,129
800,1145,18639,1649,18639,371,129
800,1145,18640,1649,18640,371,129
800,1145,18641,1649,18641,371,129
800,1145,18642,1649,18642,371,129
800,1145,18643,1649,18643,371,129
800,1145,18644,1649,18644,371,129
800,1145,18645,1649,18645,371,129
800,1145,18646,1649,18646,371,129
800,1145,18647,1649,18647,371,129
800,1145,18648,1649,18648,371,129
800,1145,18649,1649,18649,371,129
800,1145,18650,1649,18650,371,129
800,1145,18651,1649,18651,371,129
800,1145,18652,1649,18652,371,129
800,1145,18653,1649,18653,371,129
800,1145,18654,1649,18654,371,129
800,1145,18655,1649,18655,371,129
800,1145,18656,1649,18656,371,129
800,1145,18657,1649,18657,371,129
800,1145,18658,1649,18658,371,129
800,1145,18659,1649,18659,371,129
800,1145,18660,1649,18660,371,129
800,1145,18661,1649,18661,371,129
800,1145,18662,1649,18662,371,129
800,1145,18663,1649,18663,371,129
800,1145,18664,1649,18664,371,129
800,1145,18665,1649,18665,371,129
801,1145,18666,1649,18666,371,129
802,1145,18667,1649,18667,371,129
803,1145,18668,1649,18668,371,129
804,1145,18669,1649,18669,371,129
805,1145,18670,1649,18670,371,129
806,1145,18671,1649,18671,371,129
807,1145,18672,1649,18672,371,129
808,1145,18673,1649,18673,371,129
809,1145,18674,1649,18674,371,129
810,1145,18675,1649,18675,371,129
810,1145,18676,1649,18676,371,129
811,1145,18677,1649,18677,371,129
812,1145,18678,1649,18678,371,129
813,1145,18679,1649,18679,371,129
814,1145,18680,1649,18680,371,129
814,1145,18681,1649,18681,371,129
815,1145,18682,1649,18682,371,129
816,1145,18683,1649,18683,371,129
817,1145,18684,1649,18684,371,129
818,1145,18685,1649,18685,371,129
819,1145,18686,1649,18686,371,129
820,1145,18687,1649,18687,371,129
821,1145,18688,1649,18688,371,129
822,1145,18689,1649,18689,371,129
823,1145,18690,1649,18690,371,129
824,1145,18691,1649,18691,371,129
824,1145,18692,1649,18692,371,129
824,1145,18693,1649,18693,371,129
824,1145,18694,1649,18694,371,129
825,1145,18695,1649,18695,371,129
825,1145,18696,1649,18696,371,129
826,1145,18697,1649,18697,371,129
826,1145,18698,1649,18698,371,129
827,1145,18699,1649,18699,371,129
828,1145,18700,1649,18700,371,129
828,1145,18701,1649,18701,371,129
829,1145,18702,1649,18702,371,129
829,1145,18703,1649,18703,371,129
829,1145,18704,1649,18704,371,129
830,1145,18705,1649,18705,371,129
830,1145,18706,1649,18706,371,129
831,1145,18707,1649,18707,371,129
832,1145,18708,1649,18708,371,129
832,1145,18709,1649,18709,371,129
833,1145,18710,1649,18710,371,129
833,1145,18711,1649,18711,371,129
833,1145,18712,1649,18712,371,129
833,1145,18713,1649,18713,371,129
833,1145,18714,1649,18714,371,129
833,1145,18715,1649,18715,371,129
834,1145,18716,1649,18716,371,129
835,1145,18717,1649,18717,371,129
836,1145,18718,1649,18718,371,129
836,1145,18719,1649,18719,371,129
837,1145,18720,1649,18720,371,129
837,1145,18721,1649,18721,371,129
837,1145,18722,1649,18722,371,129
838,1145,18723,1649,18723,371,129
838,1145,18724,1649,18724,371,129
838,1145,18725,1649,18725,371,129
838,1145,18726,1649,18726,371,129
838,1145,18727,1649,18727,371,129
838,1145,18728,1649,18728,371,129
839,1145,18729,1649,18729,371,129
840,1145,18730,1649,18730,371,129
841,1145,18731,1649,18731,371,129
842,1145,18732,1649,18732,371,129
843,1145,18733,1649,18733,371,129
844,1145,18734,1649,18734,371,129
844,1145,18735,1649,18735,371,129
844,1145,18736,1649,18736,371,129
844,1145,18737,1649,18737,371,129
844,1145,18738,1649,18738,371,129
845,1145,18739,1649,18739,371,129
846,1145,18740,1649,18740,371,129
847,1145,18741,1649,18741,371,129
848,1145,18742,1649,18742,371,129
849,1145,18743,1649,18743,371,129
850,1145,18744,1649,18744,371,129
850,1145,18745,1649,18745,371,129
851,1145,18746,1649,18746,371,129
852,1145,18747,1649,18747,371,129
853,1145,18748,1649,18748,371,129
853,1145,18749,1649,18749,371,129
853,1145,18750,1649,18750,371,129
853,1145,18751,1649,18751,371,129
853,1145,18752,1649,18752,371,129
854,1145,18753,1649,18753,371,129
854,1145,18754,1649,18754,371,129
855,1145,18755,1649,18755,371,129
855,1145,18756,1649,18756,371,129
855,1145,18757,1649,18757,371,129
855,1145,18758,1649,18758,371,129
856,1145,18759,1649,18759,371,129
857,1145,18760,1649,18760,371,129
857,1145,18761,1649,18761,371,129
858,1145,18762,1649,18762,371,129
858,1145,18763,1649,18763,371,129
859,1145,18764,1649,18764,371,129
859,1145,18765,1649,18765,371,129
860,1145,18766,1649,18766,371,129
860,1145,18767,1649,18767,371,129
860,1145,18768,1649,18768,371,129
860,1145,18769,1649,18769,371,129
860,1145,18770,1649,18770,371,129
860,1145,18771,1649,18771,371,129
860,1145,18772,1649,18772,371,129
860,1145,18773,1649,18773,371,129
860,1145,18774,1649,18774,371,129
860,1145,18775,1649,18775,371,129
861,1145,18776,1649,18776,371,129
862,1145,18777,1649,18777,371,129
857,1145,18778,1649,18778,371,129
852,1145,18779,1649,18779,371,129
845,1145,18780,1649,18780,371,129
841,1145,18781,1649,18781,371,129
835,1145,18782,1649,18782,371,129
833,1145,18783,1649,18783,371,129
830,1145,18784,1649,18784,371,129
826,1145,18785,1649,18785,371,129
824,1145,18786,1649,18786,371,129
818,1145,18787,1649,18787,371,129
816,1145,18788,1649,18788,371,129
814,1145,18789,1649,18789,371,129
811,1145,18790,1649,18790,371,129
807,1145,18791,1649,18791,371,129
803,1145,18792,1649,18792,371,129
800,1145,18793,1649,18793,371,129
800,1145,18794,1649,18794,371,129
800,1145,18795,1649,18795,371,129
800,1145,18796,1649,18796,371,129
800,1145,18797,1649,18797,371,129
800,1145,18798,1649,18798,371,129
800,1145,18799,1649,18799,371,129
800,1145,18800,1649,18800,371,129
800,1145,18801,1649,18801,371,129
800,1145,18802,1649,18802,371,129
800,1145,18803,1649,18803,371,129
800,1145,18804,1649,18804,371,129
800,1145,18805,1649,18805,371,129
800,1145,18806,1649,18806,371,129
800,1145,18807,1649,18807,371,129
800,1145,18808,1649,18808,371,129
800,1145,18809,1649,18809,371,129
800,1145,18810,1649,18810,371,129
800,1145,18811,1649,18811,371,129
800,1145,18812,1649,18812,371,129
800,1145,18813,1649,18813,371,129
800,1145,18814,1649,18814,371,129
800,1145,18815,1649,18815,371,129
800,1145,18816,1649,18816,371,129
800,1145,18817,1649,18817,371,129
800,1145,18818,1649,18818,371,129
800,1145,18819,1649,18819,371,129
800,1145,18820,1649,18820,371,129
800,1145,18821,1649,18821,371,129
800,1145,18822,1649,18822,371,129
800,1145,18823,1649,18823,371,129
800,1145,18824,1649,18824,371,129
800,1145,18825,1649,18825,371,129
800,1145,18826,1649,18826,371,129
800,1145,18827,1649,18827,371,129
800,1145,18828,1649,18828,371,129
800,1145,18829,1649,18829,371,129
800,1145,18830,1649,18830,371,129
800,1145,18831,1649,18831,371,129
800,1145,18832,1649,18832,371,129
800,1145,18833,1649,18833,371,129
800,1145,18834,1649,18834,371,129
800,1145,18835,1649,18835,371,129
800,1145,18836,1649,18836,371,129
800,1145,18837,1649,18837,371,129
800,1145,18838,1649,18838,371,129
800,1145,18839,1649,18839,371,129
800,1145,18840,1649,18840,371,129
800,1145,18841,1649,18841,371,129
800,1145,18842,1649,18842,371,129
800,1145,18843,1649,18843,371,129
800,1145,18844,1649,18844,371,129
800,1145,18845,1649,18845,371,129
800,1145,18846,1649,18846,371,129
800,1145,18847,1649,18847,371,129
800,1145,18848,1649,18848,371,129
800,1145,18849,1649,18849,371,129
800,1145,18850,1649,18850,371,129
800,1145,18851,1649,18851,371,129
800,1145,18852,1649,18852,371,129
800,1145,18853,1649,18853,371,129
800,1145,18854,1649,18854,371,129
800,1145,18855,1649,18855,371,129
800,1145,18856,1649,18856,371,129
800,1145,18857,1649,18857,371,129
800,1145,18858,1649,18858,371,128
800,1145,18859,1649,18859,371,127
800,1145,18860,1649,18860,371,126
800,1145,18861,1649,18861,371,125
800,1145,18862,1649,18862,371,124
800,1145,18863,1649,18863,371,124
800,1145,18864,1649,18864,371,124
800,1145,18865,1649,18865,371,123
800,1145,18866,1649,18866,371,122
800,1145,18867,1649,18867,371,121
800,1145,18868,1649,18868,371,121
800,1145,18869,1649,18869,371,120
800,1145,18870,1649,18870,371,120
800,1145,18871,1649,18871,371,120
800,1145,18872,1649,18872,371,120
800,1145,18873,1649,18873,371,119
801,1145,18874,1649,18874,371,119
802,1145,18875,1649,18875,371,119
803,1145,18876,1649,18876,371,119
804,1145,18877,1649,18877,371,119
805,1145,18878,1649,18878,371,119
806,1145,18879,1649,18879,371,119
807,1145,18880,1649,18880,371,119
807,1145,18881,1649,18881,371,119
807,1145,18882,1649,18882,371,119
808,1145,18883,1649,18883,371,119
808,1145,18884,1649,18884,371,119
808,1145,18885,1649,18885,371,119
809,1145,18886,1649,18886,371,119
810,1145,18887,1649,18887,371,119
811,1145,18888,1649,18888,371,119
811,1145,18889,1649,18889,371,119
811,1145,18890,1649,18890,371,119
811,1145,18891,1649,18891,371,119
812,1145,18892,1649,18892,371,119
812,1145,18893,1649,18893,371,119
812,1145,18894,1649,18894,371,119
813,1145,18895,1649,18895,371,119
814,1145,18896,1649,18896,371,119
815,1145,18897,1649,18897,371,119
816,1145,18898,1649,18898,371,119
817,1145,18899,1649,18899,371,119
817,1145,18900,1649,18900,371,119
817,1145,18901,1649,18901,371,119
817,1145,18902,1649,18902,371,119
818,1145,18903,1649,18903,371,119
818,1145,18904,1649,18904,371,119
819,1145,18905,1649,18905,371,119
819,1145,18906,1649,18906,371,119
820,1145,18907,1649,18907,371,119
821,1145,18908,1649,18908,371,119
821,1145,18909,1649,18909,371,119
822,1145,18910,1649,18910,371,119
822,1145,18911,1649,18911,371,119
822,1145,18912,1649,18912,371,119
823,1145,18913,1649,18913,371,119
823,1145,18914,1649,18914,371,119
824,1145,18915,1649,18915,371,119
825,1145,18916,1649,18916,371,119
825,1145,18917,1649,18917,371,119
826,1145,18918,1649,18918,371,119
826,1145,18919,1649,18919,371,119
826,1145,18920,1649,18920,371,119
826,1145,18921,1649,18921,371,119
826,1145,18922,1649,18922,371,119
826,1145,18923,1649,18923,371,119
826,1145,18924,1649,18924,371,119
827,1145,18925,1649,18925,371,119
828,1145,18926,1649,18926,371,119
828,1145,18927,1649,18927,371,119
829,1145,18928,1649,18928,371,119
829,1145,18929,1649,18929,371,119
829,1145,18930,1649,18930,371,119
829,1145,18931,1649,18931,371,119
829,1145,18932,1649,18932,371,119
829,1145,18933,1649,18933,371,119
829,1145,18934,1649,18934,371,119
829,1145,18935,1649,18935,371,119
829,1145,18936,1649,18936,371,119
830,1145,18937,1649,18937,371,119
831,1145,18938,1649,18938,371,119
832,1145,18939,1649,18939,371,119
833,1145,18940,1649,18940,371,119
834,1145,18941,1649,18941,371,119
835,1145,18942,1649,18942,371,119
835,1145,18943,1649,18943,371,119
835,1145,18944,1649,18944,371,119
835,1145,18945,1649,18945,371,119
835,1145,18946,1649,18946,371,119
836,1145,18947,1649,18947,371,119
837,1145,18948,1649,18948,371,119
838,1145,18949,1649,18949,371,119
839,1145,18950,1649,18950,371,119
840,1145,18951,1649,18951,371,119
841,1145,18952,1649,18952,371,119
841,1145,18953,1649,18953,371,119
842,1145,18954,1649,18954,371,119
843,1145,18955,1649,18955,371,119
844,1145,18956,1649,18956,371,119
844,1145,18957,1649,18957,371,119
844,1145,18958,1649,18958,371,119
844,1145,18959,1649,18959,371,119
844,1145,18960,1649,18960,371,119
845,1145,18961,1649,18961,371,119
845,1145,18962,1649,18962,371,119
846,1145,18963,1649,18963,371,119
846,1145,18964,1649,18964,371,119
846,1145,18965,1649,18965,371,119
846,1145,18966,1649,18966,371,119
847,1145,18967,1649,18967,371,119
848,1145,18968,1649,18968,371,119
848,1145,18969,1649,18969,371,119
849,1145,18970,1649,18970,371,119
849,1145,18971,1649,18971,371,119
850,1145,18972,1649,18972,371,119
850,1145,18973,1649,18973,371,119
851,1145,18974,1649,18974,371,119
851,1145,18975,1649,18975,371,119
851,1145,18976,1649,18976,371,119
851,1145,18977,1649,18977,371,119
851,1145,18978,1649,18978,371,119
851,1145,18979,1649,18979,371,119
851,1145,18980,1649,18980,371,119
851,1145,18981,1649,18981,371,119
851,1145,18982,1649,18982,371,119
851,1145,18983,1649,18983,371,119
852,1145,18984,1649,18984,371,119
853,1145,18985,1649,18985,371,119
849,1145,18986,1649,18986,371,119
845,1145,18987,1649,18987,371,119
839,1145,18988,1649,18988,371,119
836,1145,18989,1649,18989,371,119
831,1145,18990,1649,18990,371,119
829,1145,18991,1649,18991,371,119
826,1145,18992,1649,18992,371,119
823,1145,18993,1649,18993,371,119
822,1145,18994,1649,18994,371,119
817,1145,18995,1649,18995,371,119
815,1145,18996,1649,18996,371,119
814,1145,18997,1649,18997,371,119
811,1145,18998,1649,18998,371,119
807,1145,18999,1649,18999,371,119
803,1145,19000,1649,19000,371,119
800,1145,19001,1649,19001,371,119
800,1145,19002,1649,19002,371,119
800,1145,19003,1649,19003,371,119
800,1145,19004,1649,19004,371,119
800,1145,19005,1649,19005,371,119
800,1145,19006,1649,19006,371,119
800,1145,19007,1649,19007,371,119
800,1145,19008,1649,19008,371,119
800,1145,19009,1649,19009,371,119
800,1145,19010,1649,19010,371,119
800,1145,19011,1649,19011,371,119
800,1145,19012,1649,19012,371,119
800,1145,19013,1649,19013,371,119
800,1145,19014,1649,19014,371,119
800,1145,19015,1649,19015,371,119
800,1145,19016,1649,19016,371,119
800,1145,19017,1649,19017,371,119
800,1145,19018,1649,19018,371,119
800,1145,19019,1649,19019,371,119
800,1145,19020,1649,19020,371,119
800,1145,19021,1649,19021,371,119
800,1145,19022,1649,19022,371,119
800,1145,19023,1649,19023,371,119
800,1145,19024,1649,19024,371,119
800,1145,19025,1649,19025,371,119
800,1145,19026,1649,19026,371,119
800,1145,19027,1649,19027,371,119
800,1145,19028,1649,19028,371,119
800,1145,19029,1649,19029,371,119
800,1145,19030,1649,19030,371,119
800,1145,19031,1649,19031,371,119
800,1145,19032,1649,19032,371,119
800,1145,19033,1649,19033,371,119
800,1145,19034,1649,19034,371,119
800,1145,19035,1649,19035,371,119
800,1145,19036,1649,19036,371,119
800,1145,19037,1649,19037,371,119
800,1145,19038,1649,19038,371,119
800,1145,19039,1649,19039,371,119
800,1145,19040,1649,19040,371,119
800,1145,19041,1649,19041,371,119
800,1145,19042,1649,19042,371,119
800,1145,19043,1649,19043,371,119
800,1145,19044,1649,19044,371,119
800,1145,19045,1649,19045,371,119
800,1145,19046,1649,19046,371,119
800,1145,19047,1649,19047,371,119
800,1145,19048,1649,19048,371,119
800,1145,19049,1649,19049,371,119
800,1145,19050,1649,19050,371,119
800,1145,19051,1649,19051,371,119
800,1145,19052,1649,19052,371,119
800,1145,19053,1649,19053,371,119
800,1145,19054,1649,19054,371,119
800,1145,19055,1649,19055,371,119
800,1145,19056,1649,19056,371,119
800,1145,19057,1649,19057,371,119
800,1145,19058,1649,19058,371,119
800,1145,19059,1649,19059,371,119
800,1145,19060,1649,19060,371,119
800,1145,19061,1649,19061,371,119
800,1145,19062,1649,19062,371,119
800,1145,19063,1649,19063,371,119
800,1145,19064,1649,19064,371,119
800,1145,19065,1649,19065,371,119
800,1145,19066,1649,19066,371,118
800,1145,19067,1649,19067,371,117
800,1145,19068,1649,19068,371,116
800,1145,19069,1649,19069,371,115
800,1145,19070,1649,19070,371,114
800,1145,19071,1649,19071,371,113
800,1145,19072,1649,19072,371,112
800,1145,19073,1649,19073,371,111
800,1145,19074,1649,19074,371,110
800,1145,19075,1649,19075,371,109
800,1145,19076,1649,19076,371,108
800,1145,19077,1649,19077,371,107
800,1145,19078,1649,19078,371,106
800,1145,19079,1649,19079,371,106
800,1145,19080,1649,19080,371,105
800,1145,19081,1649,19081,371,104
800,1145,19082,1649,19082,371,104
800,1145,19083,1649,19083,371,104
801,1145,19084,1649,19084,371,104
801,1145,19085,1649,19085,371,104
801,1145,19086,1649,19086,371,104
802,1145,19087,1649,19087,371,104
803,1145,19088,1649,19088,371,104
804,1145,19089,1649,19089,371,104
805,1145,19090,1649,19090,371,104
806,1145,19091,1649,19091,371,104
806,1145,19092,1649,19092,371,104
806,1145,19093,1649,19093,371,104
807,1145,19094,1649,19094,371,104
808,1145,19095,1649,19095,371,104
808,1145,19096,1649,19096,371,104
809,1145,19097,1649,19097,371,104
809,1145,19098,1649,19098,371,104
809,1145,19099,1649,19099,371,104
809,1145,19100,1649,19100,371,104
809,1145,19101,1649,19101,371,104
809,1145,19102,1649,19102,371,104
809,1145,19103,1649,19103,371,104
809,1145,19104,1649,19104,371,104
809,1145,19105,1649,19105,371,104
809,1145,19106,1649,19106,371,104
809,1145,19107,1649,19107,371,104
809,1145,19108,1649,19108,371,104
809,1145,19109,1649,19109,371,104
809,1145,19110,1649,19110,371,104
809,1145,19111,1649,19111,371,104
809,1145,19112,1649,19112,371,104
809,1145,19113,1649,19113,371,104
809,1145,19114,1649,19114,371,104
810,1145,19115,1649,19115,371,104
811,1145,19116,1649,19116,371,104
811,1145,19117,1649,19117,371,104
812,1145,19118,1649,19118,371,104
812,1145,19119,1649,19119,371,104
812,1145,19120,1649,19120,371,104
813,1145,19121,1649,19121,371,104
813,1145,19122,1649,19122,371,104
814,1145,19123,1649,19123,371,104
815,1145,19124,1649,19124,371,104
815,1145,19125,1649,19125,371,104
816,1145,19126,1649,19126,371,104
816,1145,19127,1649,19127,371,104
816,1145,19128,1649,19128,371,104
816,1145,19129,1649,19129,371,104
816,1145,19130,1649,19130,371,104
816,1145,19131,1649,19131,371,104
816,1145,19132,1649,19132,371,104
817,1145,19133,1649,19133,371,104
818,1145,19134,1649,19134,371,104
818,1145,19135,1649,19135,371,104
819,1145,19136,1649,19136,371,104
819,1145,19137,1649,19137,371,104
819,1145,19138,1649,19138,371,104
819,1145,19139,1649,19139,371,104
819,1145,19140,1649,19140,371,104
819,1145,19141,1649,19141,371,104
819,1145,19142,1649,19142,371,104
820,1145,19143,1649,19143,371,104
820,1145,19144,1649,19144,371,104
821,1145,19145,1649,19145,371,104
822,1145,19146,1649,19146,371,104
823,1145,19147,1649,19147,371,104
824,1145,19148,1649,19148,371,104
825,1145,19149,1649,19149,371,104
826,1145,19150,1649,19150,371,104
826,1145,19151,1649,19151,371,104
826,1145,19152,1649,19152,371,104
826,1145,19153,1649,19153,371,104
826,1145,19154,1649,19154,371,104
827,1145,19155,1649,19155,371,104
828,1145,19156,1649,19156,371,104
829,1145,19157,1649,19157,371,104
830,1145,19158,1649,19158,371,104
831,1145,19159,1649,19159,371,104
832,1145,19160,1649,19160,371,104
832,1145,19161,1649,19161,371,104
833,1145,19162,1649,19162,371,104
834,1145,19163,1649,19163,371,104
835,1145,19164,1649,19164,371,104
835,1145,19165,1649,19165,371,104
835,1145,19166,1649,19166,371,104
835,1145,19167,1649,19167,371,104
835,1145,19168,1649,19168,371,104
836,1145,19169,1649,19169,371,104
836,1145,19170,1649,19170,371,104
837,1145,19171,1649,19171,371,104
837,1145,19172,1649,19172,371,104
837,1145,19173,1649,19173,371,104
837,1145,19174,1649,19174,371,104
838,1145,19175,1649,19175,371,104
839,1145,19176,1649,19176,371,104
839,1145,19177,1649,19177,371,104
840,1145,19178,1649,19178,371,104
840,1145,19179,1649,19179,371,104
841,1145,19180,1649,19180,371,104
841,1145,19181,1649,19181,371,104
842,1145,19182,1649,19182,371,104
842,1145,19183,1649,19183,371,104
842,1145,19184,1649,19184,371,104
842,1145,19185,1649,19185,371,104
842,1145,19186,1649,19186,371,104
842,1145,19187,1649,19187,371,104
842,1145,19188,1649,19188,371,104
842,1145,19189,1649,19189,371,104
842,1145,19190,1649,19190,371,104
842,1145,19191,1649,19191,371,104
843,1145,19192,1649,19192,371,104
844,1145,19193,1649,19193,371,104
841,1145,19194,1649,19194,371,104
838,1145,19195,1649,19195,371,104
833,1145,19196,1649,19196,371,104
831,1145,19197,1649,19197,371,104
827,1145,19198,1649,19198,371,104
826,1145,19199,1649,19199,371,104
824,1145,19200,1649,19200,371,104
821,1145,19201,1649,19201,371,104
820,1145,19202,1649,19202,371,104
816,1145,19203,1649,19203,371,104
814,1145,19204,1649,19204,371,104
813,1145,19205,1649,19205,371,104
810,1145,19206,1649,19206,371,104
806,1145,19207,1649,19207,371,104
803,1145,19208,1649,19208,371,104
800,1145,19209,1649,19209,371,104
800,1145,19210,1649,19210,371,104
800,1145,19211,1649,19211,371,104
800,1145,19212,1649,19212,371,104
800,1145,19213,1649,19213,371,104
800,1145,19214,1649,19214,371,104
800,1145,19215,1649,19215,371,104
800,1145,19216,1649,19216,371,104
800,1145,19217,1649,19217,371,104
800,1145,19218,1649,19218,371,104
800,1145,19219,1649,19219,371,104
800,1145,19220,1649,19220,371,104
800,1145,19221,1649,19221,371,104
800,1145,19222,1649,19222,371,104
800,1145,19223,1649,19223,371,104
800,1145,19224,1649,19224,371,104
800,1145,19225,1649,19225,371,104
800,1145,19226,1649,19226,371,104
800,1145,19227,1649,19227,371,104
800,1145,19228,1649,19228,371,104
800,1145,19229,1649,19229,371,104
800,1145,19230,1649,19230,371,104
800,1145,19231,1649,19231,371,104
800,1145,19232,1649,19232,371,104
800,1145,19233,1649,19233,371,104
800,1145,19234,1649,19234,371,104
800,1145,19235,1649,19235,371,104
800,1145,19236,1649,19236,371,104
800,1145,19237,1649,19237,371,104
800,1145,19238,1649,19238,371,104
800,1145,19239,1649,19239,371,104
800,1145,19240,1649,19240,371,104
800,1145,19241,1649,19241,371,104
800,1145,19242,1649,19242,371,104
800,1145,19243,1649,19243,371,104
800,1145,19244,1649,19244,371,104
800,1145,19245,1649,19245,371,104
800,1145,19246,1649,19246,371,104
800,1145,19247,1649,19247,371,104
800,1145,19248,1649,19248,371,104
800,1145,19249,1649,19249,371,104
800,1145,19250,1649,19250,371,104
800,1145,19251,1649,19251,371,104
800,1145,19252,1649,19252,371,104
800,1145,19253,1649,19253,371,104
800,1145,19254,1649,19254,371,104
800,1145,19255,1649,19255,371,104
800,1145,19256,1649,19256,371,104
800,1145,19257,1649,19257,371,104
800,1145,19258,1649,19258,371,104
800,1145,19259,1649,19259,371,104
800,1145,19260,1649,19260,371,104
800,1145,19261,1649,19261,371,104
800,1145,19262,1649,19262,371,104
800,1145,19263,1649,19263,371,104
800,1145,19264,1649,19264,371,104
800,1145,19265,1649,19265,371,104
800,1145,19266,1649,19266,371,104
800,1145,19267,1649,19267,371,104
800,1145,19268,1649,19268,371,104
800,1145,19269,1649,19269,371,104
800,1145,19270,1649,19270,371,104
800,1145,19271,1649,19271,371,104
800,1145,19272,1649,19272,371,104
800,1145,19273,1649,19273,371,104
800,1145,19274,1649,19274,371,103
800,1145,19275,1649,19275,371,102
800,1145,19276,1649,19276,371,101
800,1145,19277,1649,19277,371,100
800,1145,19278,1649,19278,371,99
800,1145,19279,1649,19279,371,98
800,1145,19280,1649,19280,371,97
800,1145,19281,1649,19281,371,96
800,1145,19282,1649,19282,371,95
800,1145,19283,1649,19283,371,94
800,1145,19284,1649,19284,371,93
800,1145,19285,1649,19285,371,92
800,1145,19286,1649,19286,371,91
800,1145,19287,1649,19287,371,90
800,1145,19288,1649,19288,371,89
800,1145,19289,1649,19289,371,88
800,1145,19290,1649,19290,371,88
801,1145,19291,1649,19291,371,88
802,1145,19292,1649,19292,371,88
802,1145,19293,1649,19293,371,88
803,1145,19294,1649,19294,371,88
803,1145,19295,1649,19295,371,88
803,1145,19296,1649,19296,371,88
804,1145,19297,1649,19297,371,88
804,1145,19298,1649,19298,371,88
805,1145,19299,1649,19299,371,88
806,1145,19300,1649,19300,371,88
806,1145,19301,1649,19301,371,88
807,1145,19302,1649,19302,371,88
807,1145,19303,1649,19303,371,88
807,1145,19304,1649,19304,371,88
807,1145,19305,1649,19305,371,88
807,1145,19306,1649,19306,371,88
807,1145,19307,1649,19307,371,88
807,1145,19308,1649,19308,371,88
807,1145,19309,1649,19309,371,88
807,1145,19310,1649,19310,371,88
807,1145,19311,1649,19311,371,88
807,1145,19312,1649,19312,371,88
807,1145,19313,1649,19313,371,88
807,1145,19314,1649,19314,371,88
807,1145,19315,1649,19315,371,88
807,1145,19316,1649,19316,371,88
807,1145,19317,1649,19317,371,88
807,1145,19318,1649,19318,371,88
807,1145,19319,1649,19319,371,88
807,1145,19320,1649,19320,371,88
807,1145,19321,1649,19321,371,88
807,1145,19322,1649,19322,371,88
807,1145,19323,1649,19323,371,88
807,1145,19324,1649,19324,371,88
807,1145,19325,1649,19325,371,88
807,1145,19326,1649,19326,371,88
807,1145,19327,1649,19327,371,88
807,1145,19328,1649,19328,371,88
807,1145,19329,1649,19329,371,88
807,1145,19330,1649,19330,371,88
807,1145,19331,1649,19331,371,88
807,1145,19332,1649,19332,371,88
807,1145,19333,1649,19333,371,88
807,1145,19334,1649,19334,371,88
807,1145,19335,1649,19335,371,88
807,1145,19336,1649,19336,371,88
807,1145,19337,1649,19337,371,88
807,1145,19338,1649,19338,371,88
807,1145,19339,1649,19339,371,88
807,1145,19340,1649,19340,371,88
808,1145,19341,1649,19341,371,88
809,1145,19342,1649,19342,371,88
809,1145,19343,1649,19343,371,88
810,1145,19344,1649,19344,371,88
810,1145,19345,1649,19345,371,88
810,1145,19346,1649,19346,371,88
810,1145,19347,1649,19347,371,88
810,1145,19348,1649,19348,371,88
810,1145,19349,1649,19349,371,88
810,1145,19350,1649,19350,371,88
811,1145,19351,1649,19351,371,88
811,1145,19352,1649,19352,371,88
812,1145,19353,1649,19353,371,88
813,1145,19354,1649,19354,371,88
814,1145,19355,1649,19355,371,88
815,1145,19356,1649,19356,371,88
816,1145,19357,1649,19357,371,88
817,1145,19358,1649,19358,371,88
818,1145,19359,1649,19359,371,88
818,1145,19360,1649,19360,371,88
818,1145,19361,1649,19361,371,88
818,1145,19362,1649,19362,371,88
819,1145,19363,1649,19363,371,88
820,1145,19364,1649,19364,371,88
821,1145,19365,1649,19365,371,88
822,1145,19366,1649,19366,371,88
823,1145,19367,1649,19367,371,88
824,1145,19368,1649,19368,371,88
824,1145,19369,1649,19369,371,88
825,1145,19370,1649,19370,371,88
826,1145,19371,1649,19371,371,88
827,1145,19372,1649,19372,371,88
827,1145,19373,1649,19373,371,88
827,1145,19374,1649,19374,371,88
827,1145,19375,1649,19375,371,88
827,1145,19376,1649,19376,371,88
828,1145,19377,1649,19377,371,88
828,1145,19378,1649,19378,371,88
829,1145,19379,1649,19379,371,88
829,1145,19380,1649,19380,371,88
829,1145,19381,1649,19381,371,88
829,1145,19382,1649,19382,371,88
830,1145,19383,1649,19383,371,88
831,1145,19384,1649,19384,371,88
831,1145,19385,1649,19385,371,88
832,1145,19386,1649,19386,371,88
832,1145,19387,1649,19387,371,88
833,1145,19388,1649,19388,371,88
833,1145,19389,1649,19389,371,88
834,1145,19390,1649,19390,371,88
834,1145,19391,1649,19391,371,88
834,1145,19392,1649,19392,371,88
834,1145,19393,1649,19393,371,88
834,1145,19394,1649,19394,371,88
834,1145,19395,1649,19395,371,88
834,1145,19396,1649,19396,371,88
834,1145,19397,1649,19397,371,88
835,1145,19398,1649,19398,371,88
835,1145,19399,1649,19399,371,88
836,1145,19400,1649,19400,371,88
837,1145,19401,1649,19401,371,88
834,1145,19402,1649,19402,371,88
831,1145,19403,1649,19403,371,88
827,1145,19404,1649,19404,371,88
825,1145,19405,1649,19405,371,88
821,1145,19406,1649,19406,371,88
820,1145,19407,1649,19407,371,88
819,1145,19408,1649,19408,371,88
817,1145,19409,1649,19409,371,88
817,1145,19410,1649,19410,371,88
814,1145,19411,1649,19411,371,88
812,1145,19412,1649,19412,371,88
811,1145,19413,1649,19413,371,88
808,1145,19414,1649,19414,371,88
805,1145,19415,1649,19415,371,88
802,1145,19416,1649,19416,371,88
800,1145,19417,1649,19417,371,88
800,1145,19418,1649,19418,371,88
800,1145,19419,1649,19419,371,88
800,1145,19420,1649,19420,371,88
800,1145,19421,1649,19421,371,88
800,1145,19422,1649,19422,371,88
800,1145,19423,1649,19423,371,88
800,1145,19424,1649,19424,371,88
800,1145,19425,1649,19425,371,88
800,1145,19426,1649,19426,371,88
800,1145,19427,1649,19427,371,88
800,1145,19428,1649,19428,371,88
800,1145,19429,1649,19429,371,88
800,1145,19430,1649,19430,371,88
800,1145,19431,1649,19431,371,88
800,1145,19432,1649,19432,371,88
800,1145,19433,1649,19433,371,88
800,1145,19434,1649,19434,371,88
800,1145,19435,1649,19435,371,88
800,1145,19436,1649,19436,371,88
800,1145,19437,1649,19437,371,88
800,1145,19438,1649,19438,371,88
800,1145,19439,1649,19439,371,88
800,1145,19440,1649,19440,371,88
800,1145,19441,1649,19441,371,88
800,1145,19442,1649,19442,371,88
800,1145,19443,1649,19443,371,88
800,1145,19444,1649,19444,371,88
800,1145,19445,1649,19445,371,88
800,1145,19446,1649,19446,371,88
800,1145,19447,1649,19447,371,88
800,1145,19448,1649,19448,371,88
800,1145,19449,1649,19449,371,88
800,1145,19450,1649,19450,371,88
800,1145,19451,1649,19451,371,88
800,1145,19452,1649,19452,371,88
800,1145,19453,1649,19453,371,88
800,1145,19454,1649,19454,371,88
800,1145,19455,1649,19455,371,88
800,1145,19456,1649,19456,371,88
800,1145,19457,1649,19457,371,88
800,1145,19458,1649,19458,371,88
800,1145,19459,1649,19459,371,88
800,1145,19460,1649,19460,371,88
800,1145,19461,1649,19461,371,88
800,1145,19462,1649,19462,371,88
800,1145,19463,1649,19463,371,88
800,1145,19464,1649,19464,371,88
800,1145,19465,1649,19465,371,88
800,1145,19466,1649,19466,371,88
800,1145,19467,1649,19467,371,88
800,1145,19468,1649,19468,371,88
800,1145,19469,1649,19469,371,88
800,1145,19470,1649,19470,371,88
800,1145,19471,1649,19471,371,88
800,1145,19472,1649,19472,371,88
800,1145,19473,1649,19473,371,88
800,1145,19474,1649,19474,371,88
800,1145,19475,1649,19475,371,88
800,1145,19476,1649,19476,371,88
800,1145,19477,1649,19477,371,88
800,1145,19478,1649,19478,371,88
800,1145,19479,1649,19479,371,88
800,1145,19480,1649,19480,371,88
800,1145,19481,1649,19481,371,88
800,1145,19482,1649,19482,371,87
800,1145,19483,1649,19483,371,86
800,1145,19484,1649,19484,371,85
800,1145,19485,1649,19485,371,85
800,1145,19486,1649,19486,371,84
800,1145,19487,1649,19487,371,83
800,1145,19488,1649,19488,371,82
800,1145,19489,1649,19489,371,81
800,1145,19490,1649,19490,371,80
800,1145,19491,1649,19491,371,79
800,1145,19492,1649,19492,371,78
800,1145,19493,1649,19493,371,77
800,1145,19494,1649,19494,371,76
800,1145,19495,1649,19495,371,75
800,1145,19496,1649,19496,371,74
800,1145,19497,1649,19497,371,73
800,1145,19498,1649,19498,371,73
800,1145,19499,1649,19499,371,73
800,1145,19500,1649,19500,371,73
801,1145,19501,1649,19501,371,73
802,1145,19502,1649,19502,371,73
802,1145,19503,1649,19503,371,73
803,1145,19504,1649,19504,371,73
803,1145,19505,1649,19505,371,73
803,1145,19506,1649,19506,371,73
803,1145,19507,1649,19507,371,73
803,1145,19508,1649,19508,371,73
803,1145,19509,1649,19509,371,73
803,1145,19510,1649,19510,371,73
804,1145,19511,1649,19511,371,73
804,1145,19512,1649,19512,371,73
805,1145,19513,1649,19513,371,73
805,1145,19514,1649,19514,371,73
805,1145,19515,1649,19515,371,73
805,1145,19516,1649,19516,371,73
805,1145,19517,1649,19517,371,73
805,1145,19518,1649,19518,371,73
805,1145,19519,1649,19519,371,73
805,1145,19520,1649,19520,371,73
805,1145,19521,1649,19521,371,73
805,1145,19522,1649,19522,371,73
805,1145,19523,1649,19523,371,73
805,1145,19524,1649,19524,371,73
805,1145,19525,1649,19525,371,73
805,1145,19526,1649,19526,371,73
805,1145,19527,1649,19527,371,73
805,1145,19528,1649,19528,371,73
805,1145,19529,1649,19529,371,73
805,1145,19530,1649,19530,371,73
805,1145,19531,1649,19531,371,73
805,1145,19532,1649,19532,371,73
805,1145,19533,1649,19533,371,73
805,1145,19534,1649,19534,371,73
805,1145,19535,1649,19535,371,73
805,1145,19536,1649,19536,371,73
805,1145,19537,1649,19537,371,73
805,1145,19538,1649,19538,371,73
805,1145,19539,1649,19539,371,73
805,1145,19540,1649,19540,371,73
805,1145,19541,1649,19541,371,73
805,1145,19542,1649,19542,371,73
805,1145,19543,1649,19543,371,73
805,1145,19544,1649,19544,371,73
805,1145,19545,1649,19545,371,73
805,1145,19546,1649,19546,371,73
805,1145,19547,1649,19547,371,73
805,1145,19548,1649,19548,371,73
805,1145,19549,1649,19549,371,73
805,1145,19550,1649,19550,371,73
805,1145,19551,1649,19551,371,73
805,1145,19552,1649,19552,371,73
805,1145,19553,1649,19553,371,73
805,1145,19554,1649,19554,371,73
805,1145,19555,1649,19555,371,73
805,1145,19556,1649,19556,371,73
805,1145,19557,1649,19557,371,73
805,1145,19558,1649,19558,371,73
805,1145,19559,1649,19559,371,73
805,1145,19560,1649,19560,371,73
805,1145,19561,1649,19561,371,73
806,1145,19562,1649,19562,371,73
807,1145,19563,1649,19563,371,73
808,1145,19564,1649,19564,371,73
809,1145,19565,1649,19565,371,73
810,1145,19566,1649,19566,371,73
811,1145,19567,1649,19567,371,73
811,1145,19568,1649,19568,371,73
811,1145,19569,1649,19569,371,73
811,1145,19570,1649,19570,371,73
812,1145,19571,1649,19571,371,73
813,1145,19572,1649,19572,371,73
814,1145,19573,1649,19573,371,73
815,1145,19574,1649,19574,371,73
816,1145,19575,1649,19575,371,73
817,1145,19576,1649,19576,371,73
817,1145,19577,1649,19577,371,73
818,1145,19578,1649,19578,371,73
819,1145,19579,1649,19579,371,73
820,1145,19580,1649,19580,371,73
820,1145,19581,1649,19581,371,73
820,1145,19582,1649,19582,371,73
820,1145,19583,1649,19583,371,73
820,1145,19584,1649,19584,371,73
821,1145,19585,1649,19585,371,73
821,1145,19586,1649,19586,371,73
822,1145,19587,1649,19587,371,73
822,1145,19588,1649,19588,371,73
822,1145,19589,1649,19589,371,73
822,1145,19590,1649,19590,371,73
823,1145,19591,1649,19591,371,73
824,1145,19592,1649,19592,371,73
824,1145,19593,1649,19593,371,73
825,1145,19594,1649,19594,371,73
825,1145,19595,1649,19595,371,73
826,1145,19596,1649,19596,371,73
826,1145,19597,1649,19597,371,73
827,1145,19598,1649,19598,371,73
827,1145,19599,1649,19599,371,73
827,1145,19600,1649,19600,371,73
827,1145,19601,1649,19601,371,73
827,1145,19602,1649,19602,371,73
827,1145,19603,1649,19603,371,73
827,1145,19604,1649,19604,371,73
827,1145,19605,1649,19605,371,73
828,1145,19606,1649,19606,371,73
828,1145,19607,1649,19607,371,73
829,1145,19608,1649,19608,371,73
830,1145,19609,1649,19609,371,73
827,1145,19610,1649,19610,371,73
825,1145,19611,1649,19611,371,73
822,1145,19612,1649,19612,371,73
820,1145,19613,1649,19613,371,73
817,1145,19614,1649,19614,371,73
816,1145,19615,1649,19615,371,73
815,1145,19616,1649,19616,371,73
814,1145,19617,1649,19617,371,73
814,1145,19618,1649,19618,371,73
812,1145,19619,1649,19619,371,73
811,1145,19620,1649,19620,371,73
810,1145,19621,1649,19621,371,73
808,1145,19622,1649,19622,371,73
805,1145,19623,1649,19623,371,72
802,1145,19624,1649,19624,371,72
800,1145,19625,1649,19625,371,72
800,1145,19626,1649,19626,371,72
800,1145,19627,1649,19627,371,72
800,1145,19628,1649,19628,371,72
800,1145,19629,1649,19629,371,72
800,1145,19630,1649,19630,371,72
800,1145,19631,1649,19631,371,72
800,1145,19632,1649,19632,371,72
800,1145,19633,1649,19633,371,72
800,1145,19634,1649,19634,371,72
800,1145,19635,1649,19635,371,72
800,1145,19636,1649,19636,371,72
800,1145,19637,1649,19637,371,72
800,1145,19638,1649,19638,371,72
800,1145,19639,1649,19639,371,72
800,1145,19640,1649,19640,371,72
800,1145,19641,1649,19641,371,72
800,1145,19642,1649,19642,371,72
800,1145,19643,1649,19643,371,72
800,1145,19644,1649,19644,371,72
800,1145,19645,1649,19645,371,72
800,1145,19646,1649,19646,371,72
800,1145,19647,1649,19647,371,72
800,1145,19648,1649,19648,371,72
800,1145,19649,1649,19649,371,72
800,1145,19650,1649,19650,371,72
800,1145,19651,1649,19651,371,72
800,1145,19652,1649,19652,371,72
800,1145,19653,1649,19653,371,72
800,1145,19654,1649,19654,371,72
800,1145,19655,1649,19655,371,72
800,1145,19656,1649,19656,371,72
800,1145,19657,1649,19657,371,72
800,1145,19658,1649,19658,371,72
800,1145,19659,1649,19659,371,72
800,1145,19660,1649,19660,371,72
800,1145,19661,1649,19661,371,72
800,1145,19662,1649,19662,371,72
800,1145,19663,1649,19663,371,72
800,1145,19664,1649,19664,371,72
800,1145,19665,1649,19665,371,72
800,1145,19666,1649,19666,371,72
800,1145,19667,1649,19667,371,72
800,1145,19668,1649,19668,371,72
800,1145,19669,1649,19669,371,72
800,1145,19670,1649,19670,371,72
800,1145,19671,1649,19671,371,72
800,1145,19672,1649,19672,371,72
800,1145,19673,1649,19673,371,72
800,1145,19674,1649,19674,371,72
800,1145,19675,1649,19675,371,72
800,1145,19676,1649,19676,371,72
800,1145,19677,1649,19677,371,72
800,1145,19678,1649,19678,371,72
800,1145,19679,1649,19679,371,72
800,1145,19680,1649,19680,371,72
800,1145,19681,1649,19681,371,72
800,1145,19682,1649,19682,371,72
800,1145,19683,1649,19683,371,72
800,1145,19684,1649,19684,371,72
800,1145,19685,1649,19685,371,72
800,1145,19686,1649,19686,371,72
800,1145,19687,1649,19687,371,72
800,1145,19688,1649,19688,371,72
800,1145,19689,1649,19689,371,72
800,1145,19690,1649,19690,371,72
800,1145,19691,1649,19691,371,72
800,1145,19692,1649,19692,371,72
800,1145,19693,1649,19693,371,71
800,1145,19694,1649,19694,371,70
800,1145,19695,1649,19695,371,69
800,1145,19696,1649,19696,371,68
800,1145,19697,1649,19697,371,67
800,1145,19698,1649,19698,371,66
800,1145,19699,1649,19699,371,66
800,1145,19700,1649,19700,371,65
800,1145,19701,1649,19701,371,65
800,1145,19702,1649,19702,371,65
800,1145,19703,1649,19703,371,64
800,1145,19704,1649,19704,371,63
800,1145,19705,1649,19705,371,62
801,1145,19706,1649,19706,371,62
802,1145,19707,1649,19707,371,62
803,1145,19708,1649,19708,371,62
804,1145,19709,1649,19709,371,62
805,1145,19710,1649,19710,371,62
806,1145,19711,1649,19711,371,62
806,1145,19712,1649,19712,371,62
806,1145,19713,1649,19713,371,62
806,1145,19714,1649,19714,371,62
807,1145,19715,1649,19715,371,62
808,1145,19716,1649,19716,371,62
809,1145,19717,1649,19717,371,62
810,1145,19718,1649,19718,371,62
811,1145,19719,1649,19719,371,62
812,1145,19720,1649,19720,371,62
812,1145,19721,1649,19721,371,62
812,1145,19722,1649,19722,371,62
812,1145,19723,1649,19723,371,62
812,1145,19724,1649,19724,371,62
812,1145,19725,1649,19725,371,62
812,1145,19726,1649,19726,371,62
812,1145,19727,1649,19727,371,62
812,1145,19728,1649,19728,371,62
812,1145,19729,1649,19729,371,62
812,1145,19730,1649,19730,371,62
812,1145,19731,1649,19731,371,62
812,1145,19732,1649,19732,371,62
812,1145,19733,1649,19733,371,62
812,1145,19734,1649,19734,371,62
812,1145,19735,1649,19735,371,62
812,1145,19736,1649,19736,371,62
812,1145,19737,1649,19737,371,62
812,1145,19738,1649,19738,371,62
812,1145,19739,1649,19739,371,62
812,1145,19740,1649,19740,371,62
812,1145,19741,1649,19741,371,62
812,1145,19742,1649,19742,371,62
812,1145,19743,1649,19743,371,62
812,1145,19744,1649,19744,371,62
812,1145,19745,1649,19745,371,62
812,1145,19746,1649,19746,371,62
812,1145,19747,1649,19747,371,62
812,1145,19748,1649,19748,371,62
812,1145,19749,1649,19749,371,62
812,1145,19750,1649,19750,371,62
812,1145,19751,1649,19751,371,62
812,1145,19752,1649,19752,371,62
812,1145,19753,1649,19753,371,62
812,1145,19754,1649,19754,371,62
812,1145,19755,1649,19755,371,62
812,1145,19756,1649,19756,371,62
812,1145,19757,1649,19757,371,62
812,1145,19758,1649,19758,371,62
812,1145,19759,1649,19759,371,62
812,1145,19760,1649,19760,371,62
812,1145,19761,1649,19761,371,62
812,1145,19762,1649,19762,371,62
812,1145,19763,1649,19763,371,62
812,1145,19764,1649,19764,371,62
812,1145,19765,1649,19765,371,62
812,1145,19766,1649,19766,371,62
812,1145,19767,1649,19767,371,62
812,1145,19768,1649,19768,371,62
812,1145,19769,1649,19769,371,62
812,1145,19770,1649,19770,371,62
812,1145,19771,1649,19771,371,62
812,1145,19772,1649,19772,371,62
812,1145,19773,1649,19773,371,62
812,1145,19774,1649,19774,371,62
812,1145,19775,1649,19775,371,62
812,1145,19776,1649,19776,371,62
812,1145,19777,1649,19777,371,62
812,1145,19778,1649,19778,371,62
812,1145,19779,1649,19779,371,62
812,1145,19780,1649,19780,371,62
812,1145,19781,1649,19781,371,62
812,1145,19782,1649,19782,371,62
812,1145,19783,1649,19783,371,62
812,1145,19784,1649,19784,371,62
812,1145,19785,1649,19785,371,62
813,1145,19786,1649,19786,371,62
814,1145,19787,1649,19787,371,62
815,1145,19788,1649,19788,371,62
815,1145,19789,1649,19789,371,62
815,1145,19790,1649,19790,371,62
815,1145,19791,1649,19791,371,62
815,1145,19792,1649,19792,371,62
816,1145,19793,1649,19793,371,62
816,1145,19794,1649,19794,371,62
817,1145,19795,1649,19795,371,62
817,1145,19796,1649,19796,371,62
817,1145,19797,1649,19797,371,62
817,1145,19798,1649,19798,371,62
818,1145,19799,1649,19799,371,62
819,1145,19800,1649,19800,371,62
819,1145,19801,1649,19801,371,62
820,1145,19802,1649,19802,371,62
820,1145,19803,1649,19803,371,62
821,1145,19804,1649,19804,371,62
821,1145,19805,1649,19805,371,62
822,1145,19806,1649,19806,371,62
822,1145,19807,1649,19807,371,62
822,1145,19808,1649,19808,371,62
822,1145,19809,1649,19809,371,62
822,1145,19810,1649,19810,371,62
822,1145,19811,1649,19811,371,62
822,1145,19812,1649,19812,371,62
822,1145,19813,1649,19813,371,62
823,1145,19814,1649,19814,371,62
823,1145,19815,1649,19815,371,62
824,1145,19816,1649,19816,371,62
825,1145,19817,1649,19817,371,62
822,1145,19818,1649,19818,371,62
820,1145,19819,1649,19819,371,62
817,1145,19820,1649,19820,371,62
816,1145,19821,1649,19821,371,62
814,1145,19822,1649,19822,371,62
813,1145,19823,1649,19823,371,62
813,1145,19824,1649,19824,371,62
812,1145,19825,1649,19825,371,62
812,1145,19826,1649,19826,371,62
810,1145,19827,1649,19827,371,62
809,1145,19828,1649,19828,371,62
808,1145,19829,1649,19829,371,62
806,1145,19830,1649,19830,371,62
804,1145,19831,1649,19831,371,62
801,1145,19832,1649,19832,371,62
800,1145,19833,1649,19833,371,62
800,1145,19834,1649,19834,371,62
800,1145,19835,1649,19835,371,62
800,1145,19836,1649,19836,371,62
800,1145,19837,1649,19837,371,62
800,1145,19838,1649,19838,371,62
800,1145,19839,1649,19839,371,62
800,1145,19840,1649,19840,371,62
800,1145,19841,1649,19841,371,62
800,1145,19842,1649,19842,371,62
800,1145,19843,1649,19843,371,62
800,1145,19844,1649,19844,371,62
800,1145,19845,1649,19845,371,62
800,1145,19846,1649,19846,371,62
800,1145,19847,1649,19847,371,62
800,1145,19848,1649,19848,371,62
800,1145,19849,1649,19849,371,62
800,1145,19850,1649,19850,371,62
800,1145,19851,1649,19851,371,62
800,1145,19852,1649,19852,371,62
800,1145,19853,1649,19853,371,62
800,1145,19854,1649,19854,371,62
800,1145,19855,1649,19855,371,62
800,1145,19856,1649,19856,371,62
800,1145,19857,1649,19857,371,62
800,1145,19858,1649,19858,371,62
800,1145,19859,1649,19859,371,62
800,1145,19860,1649,19860,371,62
800,1145,19861,1649,19861,371,62
800,1145,19862,1649,19862,371,62
800,1145,19863,1649,19863,371,62
800,1145,19864,1649,19864,371,62
800,1145,19865,1649,19865,371,62
800,1145,19866,1649,19866,371,62
800,1145,19867,1649,19867,371,62
800,1145,19868,1649,19868,371,62
800,1145,19869,1649,19869,371,62
800,1145,19870,1649,19870,371,62
800,1145,19871,1649,19871,371,62
800,1145,19872,1649,19872,371,62
800,1145,19873,1649,19873,371,62
800,1145,19874,1649,19874,371,62
800,1145,19875,1649,19875,371,62
800,1145,19876,1649,19876,371,62
800,1145,19877,1649,19877,371,62
800,1145,19878,1649,19878,371,62
800,1145,19879,1649,19879,371,62
800,1145,19880,1649,19880,371,62
800,1145,19881,1649,19881,371,62
800,1145,19882,1649,19882,371,62
800,1145,19883,1649,19883,371,62
800,1145,19884,1649,19884,371,62
800,1145,19885,1649,19885,371,62
800,1145,19886,1649,19886,371,62
800,1145,19887,1649,19887,371,62
800,1145,19888,1649,19888,371,62
800,1145,19889,1649,19889,371,62
800,1145,19890,1649,19890,371,62
800,1145,19891,1649,19891,371,62
800,1145,19892,1649,19892,371,62
800,1145,19893,1649,19893,371,62
800,1145,19894,1649,19894,371,62
800,1145,19895,1649,19895,371,62
800,1145,19896,1649,19896,371,62
800,1145,19897,1649,19897,371,61
800,1145,19898,1649,19898,371,60
800,1145,19899,1649,19899,371,59
800,1145,19900,1649,19900,371,58
800,1145,19901,1649,19901,371,57
800,1145,19902,1649,19902,371,56
800,1145,19903,1649,19903,371,55
800,1145,19904,1649,19904,371,54
800,1145,19905,1649,19905,371,54
800,1145,19906,1649,19906,371,54
800,1145,19907,1649,19907,371,53
800,1145,19908,1649,19908,371,52
800,1145,19909,1649,19909,371,51
800,1145,19910,1649,19910,371,50
800,1145,19911,1649,19911,371,49
800,1145,19912,1649,19912,371,48
800,1145,19913,1649,19913,371,48
801,1145,19914,1649,19914,371,48
802,1145,19915,1649,19915,371,48
803,1145,19916,1649,19916,371,48
803,1145,19917,1649,19917,371,48
803,1145,19918,1649,19918,371,48
803,1145,19919,1649,19919,371,48
803,1145,19920,1649,19920,371,48
804,1145,19921,1649,19921,371,48
804,1145,19922,1649,19922,371,48
805,1145,19923,1649,19923,371,48
805,1145,19924,1649,19924,371,48
805,1145,19925,1649,19925,371,48
805,1145,19926,1649,19926,371,48
806,1145,19927,1649,19927,371,48
807,1145,19928,1649,19928,371,48
807,1145,19929,1649,19929,371,48
807,1145,19930,1649,19930,371,48
807,1145,19931,1649,19931,371,48
807,1145,19932,1649,19932,371,48
807,1145,19933,1649,19933,371,48
807,1145,19934,1649,19934,371,48
807,1145,19935,1649,19935,371,48
807,1145,19936,1649,19936,371,48
807,1145,19937,1649,19937,371,48
807,1145,19938,1649,19938,371,48
807,1145,19939,1649,19939,371,48
807,1145,19940,1649,19940,371,48
807,1145,19941,1649,19941,371,48
807,1145,19942,1649,19942,371,48
807,1145,19943,1649,19943,371,48
807,1145,19944,1649,19944,371,48
807,1145,19945,1649,19945,371,48
807,1145,19946,1649,19946,371,48
807,1145,19947,1649,19947,371,48
807,1145,19948,1649,19948,371,48
807,1145,19949,1649,19949,371,48
807,1145,19950,1649,19950,371,48
807,1145,19951,1649,19951,371,48
807,1145,19952,1649,19952,371,48
807,1145,19953,1649,19953,371,48
807,1145,19954,1649,19954,371,48
807,1145,19955,1649,19955,371,48
807,1145,19956,1649,19956,371,48
807,1145,19957,1649,19957,371,48
807,1145,19958,1649,19958,371,48
807,1145,19959,1649,19959,371,48
807,1145,19960,1649,19960,371,48
807,1145,19961,1649,19961,371,48
807,1145,19962,1649,19962,371,48
807,1145,19963,1649,19963,371,48
807,1145,19964,1649,19964,371,48
807,1145,19965,1649,19965,371,48
807,1145,19966,1649,19966,371,48
807,1145,19967,1649,19967,371,48
807,1145,19968,1649,19968,371,48
807,1145,19969,1649,19969,371,48
807,1145,19970,1649,19970,371,48
807,1145,19971,1649,19971,371,48
807,1145,19972,1649,19972,371,48
807,1145,19973,1649,19973,371,48
807,1145,19974,1649,19974,371,48
807,1145,19975,1649,19975,371,48
807,1145,19976,1649,19976,371,48
807,1145,19977,1649,19977,371,48
807,1145,19978,1649,19978,371,48
807,1145,19979,1649,19979,371,48
807,1145,19980,1649,19980,371,48
807,1145,19981,1649,19981,371,48
807,1145,19982,1649,19982,371,48
807,1145,19983,1649,19983,371,48
807,1145,19984,1649,19984,371,48
807,1145,19985,1649,19985,371,48
807,1145,19986,1649,19986,371,48
807,1145,19987,1649,19987,371,48
807,1145,19988,1649,19988,371,48
807,1145,19989,1649,19989,371,48
807,1145,19990,1649,19990,371,48
807,1145,19991,1649,19991,371,48
807,1145,19992,1649,19992,371,48
807,1145,19993,1649,19993,371,48
807,1145,19994,1649,19994,371,48
807,1145,19995,1649,19995,371,48
807,1145,19996,1649,19996,371,48
807,1145,19997,1649,19997,371,48
807,1145,19998,1649,19998,371,48
807,1145,19999,1649,19999,371,48
807,1145,20000,1649,20000,371,48
807,1145,20001,1649,20001,371,48
807,1145,20002,1649,20002,371,48
807,1145,20003,1649,20003,371,48
807,1145,20004,1649,20004,371,48
807,1145,20005,1649,20005,371,48
807,1145,20006,1649,20006,371,48
807,1145,20007,1649,20007,371,48
807,1145,20008,1649,20008,371,48
807,1145,20009,1649,20009,371,48
808,1145,20010,1649,20010,371,48
808,1145,20011,1649,20011,371,48
809,1145,20012,1649,20012,371,48
809,1145,20013,1649,20013,371,48
810,1145,20014,1649,20014,371,48
810,1145,20015,1649,20015,371,48
810,1145,20016,1649,20016,371,48
810,1145,20017,1649,20017,371,48
810,1145,20018,1649,20018,371,48
810,1145,20019,1649,20019,371,48
810,1145,20020,1649,20020,371,48
810,1145,20021,1649,20021,371,48
811,1145,20022,1649,20022,371,48
811,1145,20023,1649,20023,371,48
812,1145,20024,1649,20024,371,48
813,1145,20025,1649,20025,371,48
811,1145,20026,1649,20026,371,48
810,1145,20027,1649,20027,371,48
808,1145,20028,1649,20028,371,48
808,1145,20029,1649,20029,371,48
807,1145,20030,1649,20030,371,48
807,1145,20031,1649,20031,371,48
807,1145,20032,1649,20032,371,48
806,1145,20033,1649,20033,371,48
806,1145,20034,1649,20034,371,48
805,1145,20035,1649,20035,371,48
805,1145,20036,1649,20036,371,48
805,1145,20037,1649,20037,371,48
804,1145,20038,1649,20038,371,48
803,1145,20039,1649,20039,371,48
801,1145,20040,1649,20040,371,48
800,1145,20041,1649,20041,371,48
800,1145,20042,1649,20042,371,48
800,1145,20043,1649,20043,371,48
800,1145,20044,1649,20044,371,48
800,1145,20045,1649,20045,371,48
800,1145,20046,1649,20046,371,48
800,1145,20047,1649,20047,371,48
800,1145,20048,1649,20048,371,48
800,1145,20049,1649,20049,371,48
800,1145,20050,1649,20050,371,48
800,1145,20051,1649,20051,371,48
800,1145,20052,1649,20052,371,48
800,1145,20053,1649,20053,371,48
800,1145,20054,1649,20054,371,48
800,1145,20055,1649,20055,371,48
800,1145,20056,1649,20056,371,48
800,1145,20057,1649,20057,371,48
800,1145,20058,1649,20058,371,48
800,1145,20059,1649,20059,371,48
800,1145,20060,1649,20060,371,48
800,1145,20061,1649,20061,371,48
800,1145,20062,1649,20062,371,48
800,1145,20063,1649,20063,371,48
800,1145,20064,1649,20064,371,48
800,1145,20065,1649,20065,371,48
800,1145,20066,1649,20066,371,48
800,1145,20067,1649,20067,371,48
800,1145,20068,1649,20068,371,48
800,1145,20069,1649,20069,371,48
800,1145,20070,1649,20070,371,48
800,1145,20071,1649,20071,371,48
800,1145,20072,1649,20072,371,48
800,1145,20073,1649,20073,371,48
800,1145,20074,1649,20074,371,48
800,1145,20075,1649,20075,371,48
800,1145,20076,1649,20076,371,48
800,1145,20077,1649,20077,371,48
800,1145,20078,1649,20078,371,48
800,1145,20079,1649,20079,371,48
800,1145,20080,1649,20080,371,48
800,1145,20081,1649,20081,371,48
800,1145,20082,1649,20082,371,48
800,1145,20083,1649,20083,371,48
800,1145,20084,1649,20084,371,48
800,1145,20085,1649,20085,371,48
800,1145,20086,1649,20086,371,48
800,1145,20087,1649,20087,371,48
800,1145,20088,1649,20088,371,48
800,1145,20089,1649,20089,371,48
800,1145,20090,1649,20090,371,48
800,1145,20091,1649,20091,371,48
800,1145,20092,1649,20092,371,48
800,1145,20093,1649,20093,371,48
800,1145,20094,1649,20094,371,48
800,1145,20095,1649,20095,371,48
800,1145,20096,1649,20096,371,48
800,1145,20097,1649,20097,371,48
800,1145,20098,1649,20098,371,48
800,1145,20099,1649,20099,371,48
800,1145,20100,1649,20100,371,48
800,1145,20101,1649,20101,371,48
800,1145,20102,1649,20102,371,48
800,1145,20103,1649,20103,371,48
800,1145,20104,1649,20104,371,48
800,1145,20105,1649,20105,371,48
800,1145,20106,1649,20106,371,47
800,1145,20107,1649,20107,371,46
800,1145,20108,1649,20108,371,45
800,1145,20109,1649,20109,371,44
800,1145,20110,1649,20110,371,44
800,1145,20111,1649,20111,371,43
800,1145,20112,1649,20112,371,42
800,1145,20113,1649,20113,371,41
800,1145,20114,1649,20114,371,40
800,1145,20115,1649,20115,371,39
800,1145,20116,1649,20116,371,38
800,1145,20117,1649,20117,371,37
800,1145,20118,1649,20118,371,36
800,1145,20119,1649,20119,371,35
800,1145,20120,1649,20120,371,34
800,1145,20121,1649,20121,371,33
801,1145,20122,1649,20122,371,33
801,1145,20123,1649,20123,371,33
802,1145,20124,1649,20124,371,33
802,1145,20125,1649,20125,371,33
803,1145,20126,1649,20126,371,33
803,1145,20127,1649,20127,371,33
803,1145,20128,1649,20128,371,33
803,1145,20129,1649,20129,371,33
803,1145,20130,1649,20130,371,33
803,1145,20131,1649,20131,371,33
803,1145,20132,1649,20132,371,33
803,1145,20133,1649,20133,371,33
804,1145,20134,1649,20134,371,33
804,1145,20135,1649,20135,371,33
805,1145,20136,1649,20136,371,33
806,1145,20137,1649,20137,371,33
806,1145,20138,1649,20138,371,33
806,1145,20139,1649,20139,371,33
806,1145,20140,1649,20140,371,33
806,1145,20141,1649,20141,371,33
806,1145,20142,1649,20142,371,33
806,1145,20143,1649,20143,371,33
806,1145,20144,1649,20144,371,33
806,1145,20145,1649,20145,371,33
806,1145,20146,1649,20146,371,33
806,1145,20147,1649,20147,371,33
806,1145,20148,1649,20148,371,33
806,1145,20149,1649,20149,371,33
806,1145,20150,1649,20150,371,33
806,1145,20151,1649,20151,371,33
806,1145,20152,1649,20152,371,33
806,1145,20153,1649,20153,371,33
806,1145,20154,1649,20154,371,33
806,1145,20155,1649,20155,371,33
806,1145,20156,1649,20156,371,33
806,1145,20157,1649,20157,371,33
806,1145,20158,1649,20158,371,33
806,1145,20159,1649,20159,371,33
806,1145,20160,1649,20160,371,33
806,1145,20161,1649,20161,371,33
806,1145,20162,1649,20162,371,33
806,1145,20163,1649,20163,371,33
806,1145,20164,1649,20164,371,33
806,1145,20165,1649,20165,371,33
806,1145,20166,1649,20166,371,33
806,1145,20167,1649,20167,371,33
806,1145,20168,1649,20168,371,33
806,1145,20169,1649,20169,371,33
806,1145,20170,1649,20170,371,33
806,1145,20171,1649,20171,371,33
806,1145,20172,1649,20172,371,33
806,1145,20173,1649,20173,371,33
806,1145,20174,1649,20174,371,33
806,1145,20175,1649,20175,371,33
806,1145,20176,1649,20176,371,33
806,1145,20177,1649,20177,371,33
806,1145,20178,1649,20178,371,33
806,1145,20179,1649,20179,371,33
806,1145,20180,1649,20180,371,33
806,1145,20181,1649,20181,371,33
806,1145,20182,1649,20182,371,33
806,1145,20183,1649,20183,371,33
806,1145,20184,1649,20184,371,33
806,1145,20185,1649,20185,371,33
806,1145,20186,1649,20186,371,33
806,1145,20187,1649,20187,371,33
806,1145,20188,1649,20188,371,33
806,1145,20189,1649,20189,371,33
806,1145,20190,1649,20190,371,33
806,1145,20191,1649,20191,371,33
806,1145,20192,1649,20192,371,33
806,1145,20193,1649,20193,371,33
806,1145,20194,1649,20194,371,33
806,1145,20195,1649,20195,371,33
806,1145,20196,1649,20196,371,33
806,1145,20197,1649,20197,371,33
806,1145,20198,1649,20198,371,33
806,1145,20199,1649,20199,371,33
806,1145,20200,1649,20200,371,33
806,1145,20201,1649,20201,371,33
806,1145,20202,1649,20202,371,33
806,1145,20203,1649,20203,371,33
806,1145,20204,1649,20204,371,33
806,1145,20205,1649,20205,371,33
806,1145,20206,1649,20206,371,33
806,1145,20207,1649,20207,371,33
806,1145,20208,1649,20208,371,33
806,1145,20209,1649,20209,371,33
806,1145,20210,1649,20210,371,33
806,1145,20211,1649,20211,371,33
806,1145,20212,1649,20212,371,33
806,1145,20213,1649,20213,371,33
806,1145,20214,1649,20214,371,33
806,1145,20215,1649,20215,371,33
806,1145,20216,1649,20216,371,33
806,1145,20217,1649,20217,371,33
806,1145,20218,1649,20218,371,33
806,1145,20219,1649,20219,371,33
806,1145,20220,1649,20220,371,33
806,1145,20221,1649,20221,371,33
806,1145,20222,1649,20222,371,33
806,1145,20223,1649,20223,371,33
806,1145,20224,1649,20224,371,33
806,1145,20225,1649,20225,371,33
806,1145,20226,1649,20226,371,33
806,1145,20227,1649,20227,371,33
806,1145,20228,1649,20228,371,33
806,1145,20229,1649,20229,371,33
806,1145,20230,1649,20230,371,33
806,1145,20231,1649,20231,371,33
806,1145,20232,1649,20232,371,33
806,1145,20233,1649,20233,371,33
805,1145,20234,1649,20234,371,33
805,1145,20235,1649,20235,371,33
804,1145,20236,1649,20236,371,33
804,1145,20237,1649,20237,371,33
803,1145,20238,1649,20238,371,33
803,1145,20239,1649,20239,371,33
803,1145,20240,1649,20240,371,33
803,1145,20241,1649,20241,371,33
803,1145,20242,1649,20242,371,33
803,1145,20243,1649,20243,371,33
803,1145,20244,1649,20244,371,33
803,1145,20245,1649,20245,371,33
802,1145,20246,1649,20246,371,32
802,1145,20247,1649,20247,371,32
801,1145,20248,1649,20248,371,32
800,1145,20249,1649,20249,371,32
800,1145,20250,1649,20250,371,32
800,1145,20251,1649,20251,371,32
800,1145,20252,1649,20252,371,32
800,1145,20253,1649,20253,371,32
800,1145,20254,1649,20254,371,32
800,1145,20255,1649,20255,371,32
800,1145,20256,1649,20256,371,32
800,1145,20257,1649,20257,371,32
800,1145,20258,1649,20258,371,32
800,1145,20259,1649,20259,371,32
800,1145,20260,1649,20260,371,32
800,1145,20261,1649,20261,371,32
800,1145,20262,1649,20262,371,32
800,1145,20263,1649,20263,371,32
800,1145,20264,1649,20264,371,32
800,1145,20265,1649,20265,371,32
800,1145,20266,1649,20266,371,32
800,1145,20267,1649,20267,371,32
800,1145,20268,1649,20268,371,32
800,1145,20269,1649,20269,371,32
800,1145,20270,1649,20270,371,32
800,1145,20271,1649,20271,371,32
800,1145,20272,1649,20272,371,32
800,1145,20273,1649,20273,371,32
800,1145,20274,1649,20274,371,32
800,1145,20275,1649,20275,371,32
800,1145,20276,1649,20276,371,32
800,1145,20277,1649,20277,371,32
800,1145,20278,1649,20278,371,32
800,1145,20279,1649,20279,371,32
800,1145,20280,1649,20280,371,32
800,1145,20281,1649,20281,371,32
800,1145,20282,1649,20282,371,32
800,1145,20283,1649,20283,371,32
800,1145,20284,1649,20284,371,32
800,1145,20285,1649,20285,371,32
800,1145,20286,1649,20286,371,32
800,1145,20287,1649,20287,371,32
800,1145,20288,1649,20288,371,32
800,1145,20289,1649,20289,371,32
800,1145,20290,1649,20290,371,32
800,1145,20291,1649,20291,371,32
800,1145,20292,1649,20292,371,32
800,1145,20293,1649,20293,371,32
800,1145,20294,1649,20294,371,32
800,1145,20295,1649,20295,371,32
800,1145,20296,1649,20296,371,32
800,1145,20297,1649,20297,371,32
800,1145,20298,1649,20298,371,32
800,1145,20299,1649,20299,371,32
800,1145,20300,1649,20300,371,32
800,1145,20301,1649,20301,371,32
800,1145,20302,1649,20302,371,32
800,1145,20303,1649,20303,371,32
800,1145,20304,1649,20304,371,32
800,1145,20305,1649,20305,371,32
800,1145,20306,1649,20306,371,32
800,1145,20307,1649,20307,371,32
800,1145,20308,1649,20308,371,32
800,1145,20309,1649,20309,371,32
800,1145,20310,1649,20310,371,32
800,1145,20311,1649,20311,371,32
800,1145,20312,1649,20312,371,32
800,1145,20313,1649,20313,371,32
800,1145,20314,1649,20314,371,32
800,1145,20315,1649,20315,371,32
800,1145,20316,1649,20316,371,32
800,1145,20317,1649,20317,371,32
800,1145,20318,1649,20318,371,32
800,1145,20319,1649,20319,371,32
800,1145,20320,1649,20320,371,32
800,1145,20321,1649,20321,371,32
800,1145,20322,1649,20322,371,32
800,1145,20323,1649,20323,371,32
800,1145,20324,1649,20324,371,32
800,1145,20325,1649,20325,371,32
800,1145,20326,1649,20326,371,32
800,1145,20327,1649,20327,371,32
800,1145,20328,1649,20328,371,32
800,1145,20329,1649,20329,371,32
800,1145,20330,1649,20330,371,32
800,1145,20331,1649,20331,371,32
800,1145,20332,1649,20332,371,32
800,1145,20333,1649,20333,371,32
800,1145,20334,1649,20334,371,32
800,1145,20335,1649,20335,371,32
800,1145,20336,1649,20336,371,32
800,1145,20337,1649,20337,371,32
800,1145,20338,1649,20338,371,32
800,1145,20339,1649,20339,371,32
800,1145,20340,1649,20340,371,32
800,1145,20341,1649,20341,371,32
800,1145,20342,1649,20342,371,32
800,1145,20343,1649,20343,371,32
800,1145,20344,1649,20344,371,32
800,1145,20345,1649,20345,371,32
800,1145,20346,1649,20346,371,31
800,1145,20347,1649,20347,371,30
800,1145,20348,1649,20348,371,29
800,1145,20349,1649,20349,371,28
800,1145,20350,1649,20350,371,27
800,1145,20351,1649,20351,371,26
800,1145,20352,1649,20352,371,25
800,1145,20353,1649,20353,371,24
800,1145,20354,1649,20354,371,23
800,1145,20355,1649,20355,371,22
800,1145,20356,1649,20356,371,21
800,1145,20357,1649,20357,371,20
800,1145,20358,1649,20358,371,19
800,1145,20359,1649,20359,371,18
800,1145,20360,1649,20360,371,17
800,1145,20361,1649,20361,371,16
