currentNumberOfWords,maxNumberOfWords,currentTime,timeWithMaxWords,convergenceTime,maxNumberOfDifferentWords,currentNumberOfDifferentWords
0,0,0,0,0,0,0
0,0,1,0,1,0,0
2,2,2,2,2,1,1
4,4,3,3,3,2,2
6,6,4,4,4,3,3
8,8,5,5,5,4,4
10,10,6,6,6,5,5
12,12,7,7,7,6,6
14,14,8,8,8,7,7
16,16,9,9,9,8,8
18,18,10,10,10,9,9
20,20,11,11,11,10,10
22,22,12,12,12,11,11
24,24,13,13,13,12,12
25,25,14,14,14,12,12
27,27,15,15,15,13,13
29,29,16,16,16,14,14
31,31,17,17,17,15,15
33,33,18,18,18,16,16
35,35,19,19,19,17,17
37,37,20,20,20,18,18
39,39,21,21,21,19,19
41,41,22,22,22,20,20
43,43,23,23,23,21,21
45,45,24,24,24,22,22
47,47,25,25,25,23,23
49,49,26,26,26,24,24
51,51,27,27,27,25,25
53,53,28,28,28,26,26
55,55,29,29,29,27,27
57,57,30,30,30,28,28
59,59,31,31,31,29,29
61,61,32,32,32,30,30
63,63,33,33,33,31,31
65,65,34,34,34,32,32
67,67,35,35,35,33,33
69,69,36,36,36,34,34
71,71,37,37,37,35,35
73,73,38,38,38,36,36
75,75,39,39,39,37,37
77,77,40,40,40,38,38
79,79,41,41,41,39,39
81,81,42,42,42,40,40
83,83,43,43,43,41,41
85,85,44,44,44,42,42
87,87,45,45,45,43,43
89,89,46,46,46,44,44
91,91,47,47,47,45,45
93,93,48,48,48,46,46
95,95,49,49,49,47,47
97,97,50,50,50,48,48
99,99,51,51,51,49,49
101,101,52,52,52,50,50
103,103,53,53,53,51,51
105,105,54,54,54,52,52
107,107,55,55,55,53,53
109,109,56,56,56,54,54
111,111,57,57,57,55,55
113,113,58,58,58,56,56
115,115,59,59,59,57,57
117,117,60,60,60,58,58
119,119,61,61,61,59,59
121,121,62,62,62,60,60
123,123,63,63,63,61,61
125,125,64,64,64,62,62
127,127,65,65,65,63,63
129,129,66,66,66,64,64
131,131,67,67,67,65,65
133,133,68,68,68,66,66
135,135,69,69,69,67,67
137,137,70,70,70,68,68
139,139,71,71,71,69,69
141,141,72,72,72,70,70
143,143,73,73,73,71,71
145,145,74,74,74,72,72
147,147,75,75,75,73,73
149,149,76,76,76,74,74
151,151,77,77,77,75,75
153,153,78,78,78,76,76
155,155,79,79,79,77,77
157,157,80,80,80,78,78
159,159,81,81,81,79,79
161,161,82,82,82,80,80
163,163,83,83,83,81,81
165,165,84,84,84,82,82
167,167,85,85,85,83,83
169,169,86,86,86,84,84
171,171,87,87,87,85,85
173,173,88,88,88,86,86
174,174,89,89,89,86,86
176,176,90,90,90,87,87
178,178,91,91,91,88,88
180,180,92,92,92,89,89
182,182,93,93,93,90,90
184,184,94,94,94,91,91
186,186,95,95,95,92,92
188,188,96,96,96,93,93
190,190,97,97,97,94,94
191,191,98,98,98,94,94
193,193,99,99,99,95,95
195,195,100,100,100,96,96
197,197,101,101,101,97,97
199,199,102,102,102,98,98
201,201,103,103,103,99,99
203,203,104,104,104,100,100
205,205,105,105,105,101,101
207,207,106,106,106,102,102
208,208,107,107,107,102,102
209,209,108,108,108,102,102
210,210,109,109,109,102,102
210,210,110,109,110,102,102
212,212,111,111,111,103,103
214,214,112,112,112,104,104
216,216,113,113,113,105,105
218,218,114,114,114,106,106
220,220,115,115,115,107,107
222,222,116,116,116,108,108
224,224,117,117,117,109,109
226,226,118,118,118,110,110
227,227,119,119,119,110,110
229,229,120,120,120,111,111
231,231,121,121,121,112,112
233,233,122,122,122,113,113
235,235,123,123,123,114,114
237,237,124,124,124,115,115
239,239,125,125,125,116,116
241,241,126,126,126,117,117
242,242,127,127,127,117,117
244,244,128,128,128,118,118
246,246,129,129,129,119,119
248,248,130,130,130,120,120
250,250,131,131,131,121,121
251,251,132,132,132,121,121
251,251,133,132,133,121,121
252,252,134,134,134,121,121
254,254,135,135,135,122,122
256,256,136,136,136,123,123
258,258,137,137,137,124,124
260,260,138,138,138,125,125
262,262,139,139,139,126,126
263,263,140,140,140,126,126
264,264,141,141,141,126,126
265,265,142,142,142,126,126
267,267,143,143,143,127,127
269,269,144,144,144,128,128
271,271,145,145,145,129,129
273,273,146,146,146,130,130
275,275,147,147,147,131,131
277,277,148,148,148,132,132
279,279,149,149,149,133,133
281,281,150,150,150,134,134
283,283,151,151,151,135,135
285,285,152,152,152,136,136
287,287,153,153,153,137,137
289,289,154,154,154,138,138
291,291,155,155,155,139,139
293,293,156,156,156,140,140
295,295,157,157,157,141,141
297,297,158,158,158,142,142
298,298,159,159,159,142,142
300,300,160,160,160,143,143
302,302,161,161,161,144,144
304,304,162,162,162,145,145
306,306,163,163,163,146,146
307,307,164,164,164,146,146
309,309,165,165,165,147,147
311,311,166,166,166,148,148
313,313,167,167,167,149,149
315,315,168,168,168,150,150
317,317,169,169,169,151,151
319,319,170,170,170,152,152
321,321,171,171,171,153,153
322,322,172,172,172,153,153
324,324,173,173,173,154,154
326,326,174,174,174,155,155
328,328,175,175,175,156,156
328,328,176,175,176,156,156
330,330,177,177,177,157,157
332,332,178,178,178,158,158
334,334,179,179,179,159,159
336,336,180,180,180,160,160
338,338,181,181,181,161,161
340,340,182,182,182,162,162
342,342,183,183,183,163,163
344,344,184,184,184,164,164
346,346,185,185,185,165,165
348,348,186,186,186,166,166
350,350,187,187,187,167,167
352,352,188,188,188,168,168
354,354,189,189,189,169,169
356,356,190,190,190,170,170
358,358,191,191,191,171,171
360,360,192,192,192,172,172
362,362,193,193,193,173,173
364,364,194,194,194,174,174
366,366,195,195,195,175,175
368,368,196,196,196,176,176
370,370,197,197,197,177,177
372,372,198,198,198,178,178
374,374,199,199,199,179,179
376,376,200,200,200,180,180
378,378,201,201,201,181,181
380,380,202,202,202,182,182
382,382,203,203,203,183,183
383,383,204,204,204,183,183
385,385,205,205,205,184,184
387,387,206,206,206,185,185
389,389,207,207,207,186,186
391,391,208,208,208,187,187
393,393,209,209,209,188,188
395,395,210,210,210,189,189
397,397,211,211,211,190,190
399,399,212,212,212,191,191
401,401,213,213,213,192,192
403,403,214,214,214,193,193
405,405,215,215,215,194,194
407,407,216,216,216,195,195
409,409,217,217,217,196,196
410,410,218,218,218,196,196
411,411,219,219,219,196,196
412,412,220,220,220,196,196
414,414,221,221,221,197,197
415,415,222,222,222,197,197
416,416,223,223,223,197,197
418,418,224,224,224,198,198
420,420,225,225,225,199,199
422,422,226,226,226,200,200
424,424,227,227,227,201,201
426,426,228,228,228,202,202
427,427,229,229,229,202,202
428,428,230,230,230,202,202
430,430,231,231,231,203,203
432,432,232,232,232,204,204
434,434,233,233,233,205,205
436,436,234,234,234,206,206
438,438,235,235,235,207,207
439,439,236,236,236,207,207
441,441,237,237,237,208,208
443,443,238,238,238,209,209
445,445,239,239,239,210,210
446,446,240,240,240,210,210
448,448,241,241,241,211,211
450,450,242,242,242,212,212
452,452,243,243,243,213,213
454,454,244,244,244,214,214
455,455,245,245,245,214,214
457,457,246,246,246,215,215
459,459,247,247,247,216,216
460,460,248,248,248,216,216
462,462,249,249,249,217,217
464,464,250,250,250,218,218
466,466,251,251,251,219,219
468,468,252,252,252,220,220
470,470,253,253,253,221,221
472,472,254,254,254,222,222
474,474,255,255,255,223,223
475,475,256,256,256,223,223
476,476,257,257,257,223,223
478,478,258,258,258,224,224
479,479,259,259,259,224,224
481,481,260,260,260,225,225
483,483,261,261,261,226,226
485,485,262,262,262,227,227
487,487,263,263,263,228,228
488,488,264,264,264,228,228
490,490,265,265,265,229,229
492,492,266,266,266,230,230
494,494,267,267,267,231,231
496,496,268,268,268,232,232
498,498,269,269,269,233,233
500,500,270,270,270,234,234
501,501,271,271,271,234,234
503,503,272,272,272,235,235
505,505,273,273,273,236,236
507,507,274,274,274,237,237
509,509,275,275,275,238,238
511,511,276,276,276,239,239
513,513,277,277,277,240,240
514,514,278,278,278,240,240
516,516,279,279,279,241,241
518,518,280,280,280,242,242
520,520,281,281,281,243,243
522,522,282,282,282,244,244
523,523,283,283,283,244,244
525,525,284,284,284,245,245
526,526,285,285,285,245,245
527,527,286,286,286,245,245
529,529,287,287,287,246,246
530,530,288,288,288,246,246
532,532,289,289,289,247,247
533,533,290,290,290,247,247
535,535,291,291,291,248,248
537,537,292,292,292,249,249
539,539,293,293,293,250,250
541,541,294,294,294,251,251
542,542,295,295,295,251,251
543,543,296,296,296,251,251
545,545,297,297,297,252,252
547,547,298,298,298,253,253
549,549,299,299,299,254,254
551,551,300,300,300,255,255
553,553,301,301,301,256,256
554,554,302,302,302,256,256
556,556,303,303,303,257,257
558,558,304,304,304,258,258
560,560,305,305,305,259,259
561,561,306,306,306,259,259
562,562,307,307,307,259,259
564,564,308,308,308,260,260
566,566,309,309,309,261,261
568,568,310,310,310,262,262
569,569,311,311,311,262,262
571,571,312,312,312,263,263
573,573,313,313,313,264,264
574,574,314,314,314,264,264
576,576,315,315,315,265,265
578,578,316,316,316,266,266
579,579,317,317,317,266,266
581,581,318,318,318,267,267
583,583,319,319,319,268,268
585,585,320,320,320,269,269
587,587,321,321,321,270,270
589,589,322,322,322,271,271
590,590,323,323,323,271,271
592,592,324,324,324,272,272
594,594,325,325,325,273,273
596,596,326,326,326,274,274
598,598,327,327,327,275,275
599,599,328,328,328,275,275
601,601,329,329,329,276,276
603,603,330,330,330,277,277
605,605,331,331,331,278,278
607,607,332,332,332,279,279
609,609,333,333,333,280,280
610,610,334,334,334,280,280
611,611,335,335,335,280,280
613,613,336,336,336,281,281
615,615,337,337,337,282,282
616,616,338,338,338,282,282
618,618,339,339,339,283,283
620,620,340,340,340,284,284
622,622,341,341,341,285,285
623,623,342,342,342,285,285
624,624,343,343,343,285,285
625,625,344,344,344,285,285
626,626,345,345,345,285,285
628,628,346,346,346,286,286
630,630,347,347,347,287,287
632,632,348,348,348,288,288
633,633,349,349,349,288,288
635,635,350,350,350,289,289
637,637,351,351,351,290,290
639,639,352,352,352,291,291
641,641,353,353,353,292,292
643,643,354,354,354,293,293
644,644,355,355,355,293,293
646,646,356,356,356,294,294
647,647,357,357,357,294,294
649,649,358,358,358,295,295
651,651,359,359,359,296,296
653,653,360,360,360,297,297
655,655,361,361,361,298,298
657,657,362,362,362,299,299
658,658,363,363,363,299,299
660,660,364,364,364,300,300
662,662,365,365,365,301,301
664,664,366,366,366,302,302
666,666,367,367,367,303,303
667,667,368,368,368,303,303
669,669,369,369,369,304,304
671,671,370,370,370,305,305
673,673,371,371,371,306,306
674,674,372,372,372,306,306
676,676,373,373,373,307,307
678,678,374,374,374,308,308
679,679,375,375,375,308,308
680,680,376,376,376,308,308
682,682,377,377,377,309,309
684,684,378,378,378,310,310
686,686,379,379,379,311,311
688,688,380,380,380,312,312
690,690,381,381,381,313,313
691,691,382,382,382,313,313
693,693,383,383,383,314,314
695,695,384,384,384,315,315
696,696,385,385,385,315,315
697,697,386,386,386,315,315
698,698,387,387,387,315,315
699,699,388,388,388,315,315
701,701,389,389,389,316,316
702,702,390,390,390,316,316
704,704,391,391,391,317,317
705,705,392,392,392,317,317
707,707,393,393,393,318,318
709,709,394,394,394,319,319
710,710,395,395,395,319,319
712,712,396,396,396,320,320
713,713,397,397,397,320,320
715,715,398,398,398,321,321
717,717,399,399,399,322,322
718,718,400,400,400,322,322
720,720,401,401,401,323,323
721,721,402,402,402,323,323
722,722,403,403,403,323,323
724,724,404,404,404,324,324
725,725,405,405,405,324,324
726,726,406,406,406,324,324
728,728,407,407,407,325,325
729,729,408,408,408,325,325
730,730,409,409,409,325,325
732,732,410,410,410,326,326
734,734,411,411,411,327,327
735,735,412,412,412,327,327
737,737,413,413,413,328,328
738,738,414,414,414,328,328
737,738,415,414,415,328,328
738,738,416,414,416,328,328
739,739,417,417,417,328,328
741,741,418,418,418,329,329
743,743,419,419,419,330,330
745,745,420,420,420,331,331
746,746,421,421,421,331,331
746,746,422,421,422,331,331
748,748,423,423,423,332,332
749,749,424,424,424,332,332
751,751,425,425,425,333,333
753,753,426,426,426,334,334
755,755,427,427,427,335,335
756,756,428,428,428,335,335
758,758,429,429,429,336,336
759,759,430,430,430,336,336
761,761,431,431,431,337,337
763,763,432,432,432,338,338
765,765,433,433,433,339,339
767,767,434,434,434,340,340
768,768,435,435,435,340,340
769,769,436,436,436,340,340
770,770,437,437,437,340,340
771,771,438,438,438,340,340
773,773,439,439,439,341,341
775,775,440,440,440,342,342
777,777,441,441,441,343,343
778,778,442,442,442,343,343
780,780,443,443,443,344,344
781,781,444,444,444,344,344
781,781,445,444,445,344,344
782,782,446,446,446,344,344
783,783,447,447,447,344,344
785,785,448,448,448,345,345
787,787,449,449,449,346,346
789,789,450,450,450,347,347
791,791,451,451,451,348,348
792,792,452,452,452,348,348
794,794,453,453,453,349,349
796,796,454,454,454,350,350
798,798,455,455,455,351,351
799,799,456,456,456,351,351
800,800,457,457,457,351,351
802,802,458,458,458,352,352
804,804,459,459,459,353,353
806,806,460,460,460,354,354
807,807,461,461,461,354,354
808,808,462,462,462,354,354
809,809,463,463,463,354,354
811,811,464,464,464,355,355
813,813,465,465,465,356,356
814,814,466,466,466,356,356
816,816,467,467,467,357,357
817,817,468,468,468,357,357
818,818,469,469,469,357,357
820,820,470,470,470,358,358
822,822,471,471,471,359,359
823,823,472,472,472,359,359
824,824,473,473,473,359,359
826,826,474,474,474,360,360
828,828,475,475,475,361,361
830,830,476,476,476,362,362
832,832,477,477,477,363,363
834,834,478,478,478,364,364
836,836,479,479,479,365,365
838,838,480,480,480,366,366
840,840,481,481,481,367,367
841,841,482,482,482,367,367
843,843,483,483,483,368,368
845,845,484,484,484,369,369
847,847,485,485,485,370,370
846,847,486,485,486,370,370
848,848,487,487,487,371,371
849,849,488,488,488,371,371
851,851,489,489,489,372,372
853,853,490,490,490,373,373
855,855,491,491,491,374,374
857,857,492,492,492,375,375
859,859,493,493,493,376,376
860,860,494,494,494,376,376
861,861,495,495,495,376,376
863,863,496,496,496,377,377
865,865,497,497,497,378,378
866,866,498,498,498,378,378
865,866,499,498,499,378,378
867,867,500,500,500,379,379
869,869,501,501,501,380,380
870,870,502,502,502,380,380
872,872,503,503,503,381,381
874,874,504,504,504,382,382
875,875,505,505,505,382,382
877,877,506,506,506,383,383
879,879,507,507,507,384,384
880,880,508,508,508,384,384
881,881,509,509,509,384,384
883,883,510,510,510,385,385
884,884,511,511,511,385,385
886,886,512,512,512,386,386
888,888,513,513,513,387,387
889,889,514,514,514,387,387
890,890,515,515,515,387,387
891,891,516,516,516,387,387
893,893,517,517,517,388,388
895,895,518,518,518,389,389
897,897,519,519,519,390,390
898,898,520,520,520,390,390
900,900,521,521,521,391,391
901,901,522,522,522,391,391
902,902,523,523,523,391,391
904,904,524,524,524,392,392
905,905,525,525,525,392,392
907,907,526,526,526,393,393
909,909,527,527,527,394,394
910,910,528,528,528,394,394
911,911,529,529,529,394,394
913,913,530,530,530,395,395
914,914,531,531,531,395,395
916,916,532,532,532,396,396
918,918,533,533,533,397,397
920,920,534,534,534,398,398
921,921,535,535,535,398,398
923,923,536,536,536,399,399
924,924,537,537,537,399,399
925,925,538,538,538,399,399
927,927,539,539,539,400,400
929,929,540,540,540,401,401
930,930,541,541,541,401,401
932,932,542,542,542,402,402
933,933,543,543,543,402,402
935,935,544,544,544,403,403
936,936,545,545,545,403,403
938,938,546,546,546,404,404
939,939,547,547,547,404,404
941,941,548,548,548,405,405
942,942,549,549,549,405,405
943,943,550,550,550,405,405
945,945,551,551,551,406,406
947,947,552,552,552,407,407
949,949,553,553,553,408,408
951,951,554,554,554,409,409
953,953,555,555,555,410,410
954,954,556,556,556,410,410
955,955,557,557,557,410,410
956,956,558,558,558,410,410
957,957,559,559,559,410,410
959,959,560,560,560,411,411
960,960,561,561,561,411,411
962,962,562,562,562,412,412
964,964,563,563,563,413,413
965,965,564,564,564,413,413
966,966,565,565,565,413,413
967,967,566,566,566,413,413
969,969,567,567,567,414,414
970,970,568,568,568,414,414
971,971,569,569,569,414,414
972,972,570,570,570,414,414
974,974,571,571,571,415,415
976,976,572,572,572,416,416
977,977,573,573,573,416,416
978,978,574,574,574,416,416
979,979,575,575,575,416,416
981,981,576,576,576,417,417
983,983,577,577,577,418,418
984,984,578,578,578,418,418
986,986,579,579,579,419,419
987,987,580,580,580,419,419
988,988,581,581,581,419,419
990,990,582,582,582,420,420
992,992,583,583,583,421,421
994,994,584,584,584,422,422
995,995,585,585,585,422,422
997,997,586,586,586,423,423
997,997,587,586,587,423,423
996,997,588,586,588,423,423
998,998,589,589,589,424,424
1000,1000,590,590,590,425,425
1001,1001,591,591,591,425,425
1002,1002,592,592,592,425,425
1001,1002,593,592,593,425,425
1002,1002,594,592,594,425,425
1004,1004,595,595,595,426,426
1005,1005,596,596,596,426,426
1006,1006,597,597,597,426,426
1008,1008,598,598,598,427,427
1010,1010,599,599,599,428,428
1012,1012,600,600,600,429,429
1013,1013,601,601,601,429,429
1014,1014,602,602,602,429,429
1015,1015,603,603,603,429,429
1016,1016,604,604,604,429,429
1018,1018,605,605,605,430,430
1019,1019,606,606,606,430,430
1020,1020,607,607,607,430,430
1021,1021,608,608,608,430,430
1022,1022,609,609,609,430,430
1024,1024,610,610,610,431,431
1025,1025,611,611,611,431,431
1027,1027,612,612,612,432,432
1027,1027,613,612,613,432,432
1028,1028,614,614,614,432,432
1030,1030,615,615,615,433,433
1031,1031,616,616,616,433,433
1033,1033,617,617,617,434,434
1033,1033,618,617,618,434,434
1035,1035,619,619,619,435,435
1035,1035,620,619,620,435,435
1036,1036,621,621,621,435,435
1037,1037,622,622,622,435,435
1039,1039,623,623,623,436,436
1041,1041,624,624,624,437,437
1043,1043,625,625,625,438,438
1044,1044,626,626,626,438,438
1045,1045,627,627,627,438,438
1047,1047,628,628,628,439,439
1049,1049,629,629,629,440,440
1051,1051,630,630,630,441,441
1053,1053,631,631,631,442,442
1054,1054,632,632,632,442,442
1055,1055,633,633,633,442,442
1056,1056,634,634,634,442,442
1058,1058,635,635,635,443,443
1059,1059,636,636,636,443,443
1061,1061,637,637,637,444,444
1063,1063,638,638,638,445,445
1065,1065,639,639,639,446,446
1066,1066,640,640,640,446,446
1068,1068,641,641,641,447,447
1070,1070,642,642,642,448,448
1072,1072,643,643,643,449,449
1074,1074,644,644,644,450,450
1076,1076,645,645,645,451,451
1077,1077,646,646,646,451,451
1079,1079,647,647,647,452,452
1080,1080,648,648,648,452,452
1082,1082,649,649,649,453,453
1083,1083,650,650,650,453,453
1084,1084,651,651,651,453,453
1085,1085,652,652,652,453,453
1087,1087,653,653,653,454,454
1088,1088,654,654,654,454,454
1090,1090,655,655,655,455,455
1091,1091,656,656,656,455,455
1092,1092,657,657,657,455,455
1093,1093,658,658,658,455,455
1094,1094,659,659,659,455,455
1095,1095,660,660,660,455,455
1096,1096,661,661,661,455,455
1098,1098,662,662,662,456,456
1099,1099,663,663,663,456,456
1100,1100,664,664,664,456,456
1101,1101,665,665,665,456,456
1102,1102,666,666,666,456,456
1103,1103,667,667,667,456,456
1104,1104,668,668,668,456,456
1105,1105,669,669,669,456,456
1107,1107,670,670,670,457,457
1108,1108,671,671,671,457,457
1110,1110,672,672,672,458,458
1111,1111,673,673,673,458,458
1113,1113,674,674,674,459,459
1114,1114,675,675,675,459,459
1115,1115,676,676,676,459,459
1116,1116,677,677,677,459,459
1117,1117,678,678,678,459,459
1118,1118,679,679,679,459,459
1119,1119,680,680,680,459,459
1120,1120,681,681,681,459,459
1122,1122,682,682,682,460,460
1123,1123,683,683,683,460,460
1123,1123,684,683,684,460,460
1125,1125,685,685,685,461,461
1125,1125,686,685,686,461,461
1126,1126,687,687,687,461,461
1128,1128,688,688,688,462,462
1127,1128,689,688,689,462,462
1129,1129,690,690,690,463,463
1130,1130,691,691,691,463,463
1132,1132,692,692,692,464,464
1134,1134,693,693,693,465,465
1136,1136,694,694,694,466,466
1138,1138,695,695,695,467,467
1139,1139,696,696,696,467,467
1140,1140,697,697,697,467,467
1141,1141,698,698,698,467,467
1143,1143,699,699,699,468,468
1144,1144,700,700,700,468,468
1145,1145,701,701,701,468,468
1145,1145,702,701,702,468,468
1147,1147,703,703,703,469,469
1149,1149,704,704,704,470,470
1150,1150,705,705,705,470,470
1152,1152,706,706,706,471,471
1153,1153,707,707,707,471,471
1155,1155,708,708,708,472,472
1157,1157,709,709,709,473,473
1159,1159,710,710,710,474,474
1160,1160,711,711,711,474,474
1161,1161,712,712,712,474,474
1163,1163,713,713,713,475,475
1165,1165,714,714,714,476,476
1166,1166,715,715,715,476,476
1167,1167,716,716,716,476,476
1168,1168,717,717,717,476,476
1169,1169,718,718,718,476,476
1171,1171,719,719,719,477,477
1173,1173,720,720,720,478,478
1174,1174,721,721,721,478,478
1175,1175,722,722,722,478,478
1177,1177,723,723,723,479,479
1179,1179,724,724,724,480,480
1180,1180,725,725,725,480,480
1181,1181,726,726,726,480,480
1182,1182,727,727,727,480,480
1183,1183,728,728,728,480,480
1184,1184,729,729,729,480,480
1185,1185,730,730,730,480,480
1187,1187,731,731,731,481,481
1188,1188,732,732,732,481,481
1189,1189,733,733,733,481,481
1190,1190,734,734,734,481,481
1192,1192,735,735,735,482,482
1193,1193,736,736,736,482,482
1194,1194,737,737,737,482,482
1195,1195,738,738,738,482,482
1196,1196,739,739,739,482,482
1197,1197,740,740,740,482,482
1198,1198,741,741,741,482,482
1200,1200,742,742,742,483,483
1201,1201,743,743,743,483,483
1203,1203,744,744,744,484,484
1205,1205,745,745,745,485,485
1206,1206,746,746,746,485,485
1207,1207,747,747,747,485,485
1209,1209,748,748,748,486,486
1210,1210,749,749,749,486,486
1211,1211,750,750,750,486,486
1213,1213,751,751,751,487,487
1214,1214,752,752,752,487,487
1215,1215,753,753,753,487,487
1216,1216,754,754,754,487,487
1217,1217,755,755,755,487,487
1219,1219,756,756,756,488,488
1221,1221,757,757,757,489,489
1222,1222,758,758,758,489,489
1223,1223,759,759,759,489,489
1224,1224,760,760,760,489,489
1226,1226,761,761,761,490,490
1227,1227,762,762,762,490,490
1229,1229,763,763,763,491,491
1231,1231,764,764,764,492,492
1232,1232,765,765,765,492,492
1233,1233,766,766,766,492,492
1231,1233,767,766,767,492,492
1231,1233,768,766,768,492,492
1232,1233,769,766,769,492,492
1234,1234,770,770,770,493,493
1235,1235,771,771,771,493,493
1237,1237,772,772,772,494,494
1238,1238,773,773,773,494,494
1240,1240,774,774,774,495,495
1241,1241,775,775,775,495,495
1242,1242,776,776,776,495,495
1243,1243,777,777,777,495,495
1244,1244,778,778,778,495,495
1246,1246,779,779,779,496,496
1247,1247,780,780,780,496,496
1248,1248,781,781,781,496,496
1250,1250,782,782,782,497,497
1251,1251,783,783,783,497,497
1252,1252,784,784,784,497,497
1253,1253,785,785,785,497,497
1255,1255,786,786,786,498,498
1256,1256,787,787,787,498,498
1258,1258,788,788,788,499,499
1260,1260,789,789,789,500,500
1262,1262,790,790,790,501,501
1264,1264,791,791,791,502,502
1266,1266,792,792,792,503,503
1267,1267,793,793,793,503,503
1268,1268,794,794,794,503,503
1269,1269,795,795,795,503,503
1271,1271,796,796,796,504,504
1273,1273,797,797,797,505,505
1275,1275,798,798,798,506,506
1276,1276,799,799,799,506,506
1278,1278,800,800,800,507,507
1279,1279,801,801,801,507,507
1281,1281,802,802,802,508,508
1282,1282,803,803,803,508,508
1284,1284,804,804,804,509,509
1285,1285,805,805,805,509,509
1286,1286,806,806,806,509,509
1287,1287,807,807,807,509,509
1288,1288,808,808,808,509,509
1289,1289,809,809,809,509,509
1290,1290,810,810,810,509,509
1292,1292,811,811,811,510,510
1293,1293,812,812,812,510,510
1294,1294,813,813,813,510,510
1296,1296,814,814,814,511,511
1298,1298,815,815,815,512,512
1299,1299,816,816,816,512,512
1301,1301,817,817,817,513,513
1303,1303,818,818,818,514,514
1305,1305,819,819,819,515,515
1306,1306,820,820,820,515,515
1307,1307,821,821,821,515,515
1309,1309,822,822,822,516,516
1311,1311,823,823,823,517,517
1312,1312,824,824,824,517,517
1313,1313,825,825,825,517,517
1314,1314,826,826,826,517,517
1315,1315,827,827,827,517,517
1316,1316,828,828,828,517,517
1318,1318,829,829,829,518,518
1319,1319,830,830,830,518,518
1320,1320,831,831,831,518,518
1322,1322,832,832,832,519,519
1323,1323,833,833,833,519,519
1324,1324,834,834,834,519,519
1325,1325,835,835,835,519,519
1326,1326,836,836,836,519,519
1327,1327,837,837,837,519,519
1328,1328,838,838,838,519,519
1328,1328,839,838,839,519,519
1329,1329,840,840,840,519,519
1331,1331,841,841,841,520,520
1332,1332,842,842,842,520,520
1333,1333,843,843,843,520,520
1334,1334,844,844,844,520,520
1335,1335,845,845,845,520,520
1337,1337,846,846,846,521,521
1338,1338,847,847,847,521,521
1340,1340,848,848,848,522,522
1341,1341,849,849,849,522,522
1342,1342,850,850,850,522,522
1343,1343,851,851,851,522,522
1345,1345,852,852,852,523,523
1347,1347,853,853,853,524,524
1349,1349,854,854,854,525,525
1351,1351,855,855,855,526,526
1353,1353,856,856,856,527,527
1354,1354,857,857,857,527,527
1355,1355,858,858,858,527,527
1356,1356,859,859,859,527,527
1357,1357,860,860,860,527,527
1357,1357,861,860,861,527,527
1359,1359,862,862,862,528,528
1360,1360,863,863,863,528,528
1361,1361,864,864,864,528,528
1362,1362,865,865,865,528,528
1363,1363,866,866,866,528,528
1364,1364,867,867,867,528,528
1366,1366,868,868,868,529,529
1368,1368,869,869,869,530,530
1369,1369,870,870,870,530,530
1370,1370,871,871,871,530,530
1370,1370,872,871,872,530,530
1372,1372,873,873,873,531,531
1373,1373,874,874,874,531,531
1375,1375,875,875,875,532,532
1376,1376,876,876,876,532,532
1377,1377,877,877,877,532,532
1378,1378,878,878,878,532,532
1380,1380,879,879,879,533,533
1381,1381,880,880,880,533,533
1383,1383,881,881,881,534,534
1385,1385,882,882,882,535,535
1386,1386,883,883,883,535,535
1388,1388,884,884,884,536,536
1389,1389,885,885,885,536,536
1390,1390,886,886,886,536,536
1392,1392,887,887,887,537,537
1393,1393,888,888,888,537,537
1394,1394,889,889,889,537,537
1395,1395,890,890,890,537,537
1396,1396,891,891,891,537,537
1398,1398,892,892,892,538,538
1399,1399,893,893,893,538,538
1401,1401,894,894,894,539,539
1402,1402,895,895,895,539,539
1403,1403,896,896,896,539,539
1404,1404,897,897,897,539,539
1406,1406,898,898,898,540,540
1407,1407,899,899,899,540,540
1408,1408,900,900,900,540,540
1410,1410,901,901,901,541,541
1412,1412,902,902,902,542,542
1414,1414,903,903,903,543,543
1415,1415,904,904,904,543,543
1414,1415,905,904,905,543,543
1415,1415,906,904,906,543,543
1415,1415,907,904,907,543,543
1417,1417,908,908,908,544,544
1419,1419,909,909,909,545,545
1420,1420,910,910,910,545,545
1422,1422,911,911,911,546,546
1424,1424,912,912,912,547,547
1425,1425,913,913,913,547,547
1426,1426,914,914,914,547,547
1427,1427,915,915,915,547,547
1428,1428,916,916,916,547,547
1430,1430,917,917,917,548,548
1431,1431,918,918,918,548,548
1432,1432,919,919,919,548,548
1433,1433,920,920,920,548,548
1434,1434,921,921,921,548,548
1436,1436,922,922,922,549,549
1437,1437,923,923,923,549,549
1439,1439,924,924,924,550,550
1440,1440,925,925,925,550,550
1441,1441,926,926,926,550,550
1443,1443,927,927,927,551,551
1444,1444,928,928,928,551,551
1445,1445,929,929,929,551,551
1446,1446,930,930,930,551,551
1448,1448,931,931,931,552,552
1449,1449,932,932,932,552,552
1450,1450,933,933,933,552,552
1451,1451,934,934,934,552,552
1453,1453,935,935,935,553,553
1451,1453,936,935,936,553,553
1452,1453,937,935,937,553,553
1453,1453,938,935,938,553,553
1454,1454,939,939,939,553,553
1455,1455,940,940,940,553,553
1456,1456,941,941,941,553,553
1457,1457,942,942,942,553,553
1458,1458,943,943,943,553,553
1459,1459,944,944,944,553,553
1460,1460,945,945,945,553,553
1462,1462,946,946,946,554,554
1463,1463,947,947,947,554,554
1464,1464,948,948,948,554,554
1465,1465,949,949,949,554,554
1466,1466,950,950,950,554,554
1468,1468,951,951,951,555,555
1469,1469,952,952,952,555,555
1470,1470,953,953,953,555,555
1472,1472,954,954,954,555,555
1474,1474,955,955,955,556,556
1475,1475,956,956,956,556,556
1474,1475,957,956,957,556,556
1475,1475,958,956,958,556,556
1477,1477,959,959,959,557,557
1478,1478,960,960,960,557,557
1476,1478,961,960,961,557,557
1477,1478,962,960,962,557,557
1478,1478,963,960,963,557,557
1479,1479,964,964,964,557,557
1480,1480,965,965,965,557,557
1481,1481,966,966,966,557,557
1482,1482,967,967,967,557,557
1484,1484,968,968,968,558,558
1485,1485,969,969,969,558,558
1486,1486,970,970,970,558,558
1487,1487,971,971,971,558,558
1489,1489,972,972,972,559,559
1490,1490,973,973,973,559,559
1492,1492,974,974,974,560,560
1494,1494,975,975,975,561,561
1495,1495,976,976,976,561,561
1497,1497,977,977,977,562,562
1498,1498,978,978,978,562,562
1500,1500,979,979,979,563,563
1501,1501,980,980,980,563,563
1502,1502,981,981,981,563,563
1503,1503,982,982,982,563,563
1504,1504,983,983,983,563,563
1505,1505,984,984,984,563,563
1507,1507,985,985,985,564,564
1509,1509,986,986,986,565,565
1509,1509,987,986,987,565,565
1509,1509,988,986,988,565,565
1510,1510,989,989,989,565,565
1511,1511,990,990,990,565,565
1512,1512,991,991,991,565,565
1514,1514,992,992,992,566,566
1515,1515,993,993,993,566,566
1516,1516,994,994,994,566,566
1518,1518,995,995,995,567,567
1519,1519,996,996,996,567,567
1521,1521,997,997,997,568,568
1522,1522,998,998,998,568,568
1524,1524,999,999,999,569,569
1526,1526,1000,1000,1000,570,570
1527,1527,1001,1001,1001,570,570
1528,1528,1002,1002,1002,570,570
1530,1530,1003,1003,1003,571,571
1531,1531,1004,1004,1004,571,571
1532,1532,1005,1005,1005,571,571
1533,1533,1006,1006,1006,571,571
1534,1534,1007,1007,1007,571,571
1535,1535,1008,1008,1008,571,571
1536,1536,1009,1009,1009,571,571
1537,1537,1010,1010,1010,571,571
1538,1538,1011,1011,1011,571,571
1540,1540,1012,1012,1012,572,572
1541,1541,1013,1013,1013,572,572
1542,1542,1014,1014,1014,572,572
1543,1543,1015,1015,1015,572,572
1545,1545,1016,1016,1016,573,573
1547,1547,1017,1017,1017,574,574
1548,1548,1018,1018,1018,574,574
1549,1549,1019,1019,1019,574,574
1550,1550,1020,1020,1020,574,574
1552,1552,1021,1021,1021,575,575
1553,1553,1022,1022,1022,575,575
1554,1554,1023,1023,1023,575,575
1555,1555,1024,1024,1024,575,575
1556,1556,1025,1025,1025,575,575
1557,1557,1026,1026,1026,575,575
1558,1558,1027,1027,1027,575,575
1559,1559,1028,1028,1028,575,575
1561,1561,1029,1029,1029,576,576
1562,1562,1030,1030,1030,576,576
1563,1563,1031,1031,1031,576,576
1564,1564,1032,1032,1032,576,576
1565,1565,1033,1033,1033,576,576
1566,1566,1034,1034,1034,576,576
1568,1568,1035,1035,1035,577,577
1569,1569,1036,1036,1036,577,577
1570,1570,1037,1037,1037,577,577
1571,1571,1038,1038,1038,577,577
1572,1572,1039,1039,1039,577,577
1573,1573,1040,1040,1040,577,577
1574,1574,1041,1041,1041,577,577
1576,1576,1042,1042,1042,578,578
1577,1577,1043,1043,1043,578,578
1578,1578,1044,1044,1044,578,578
1579,1579,1045,1045,1045,578,578
1580,1580,1046,1046,1046,578,578
1581,1581,1047,1047,1047,578,578
1583,1583,1048,1048,1048,579,579
1584,1584,1049,1049,1049,579,579
1585,1585,1050,1050,1050,579,579
1584,1585,1051,1050,1051,579,579
1585,1585,1052,1050,1052,579,579
1586,1586,1053,1053,1053,579,579
1587,1587,1054,1054,1054,579,579
1588,1588,1055,1055,1055,579,579
1589,1589,1056,1056,1056,579,579
1588,1589,1057,1056,1057,579,579
1590,1590,1058,1058,1058,580,580
1592,1592,1059,1059,1059,581,581
1593,1593,1060,1060,1060,581,581
1594,1594,1061,1061,1061,581,581
1595,1595,1062,1062,1062,581,581
1596,1596,1063,1063,1063,581,581
1598,1598,1064,1064,1064,582,582
1599,1599,1065,1065,1065,582,582
1600,1600,1066,1066,1066,582,582
1601,1601,1067,1067,1067,582,582
1602,1602,1068,1068,1068,582,582
1604,1604,1069,1069,1069,583,583
1605,1605,1070,1070,1070,583,583
1606,1606,1071,1071,1071,583,583
1607,1607,1072,1072,1072,583,583
1608,1608,1073,1073,1073,583,583
1609,1609,1074,1074,1074,583,583
1610,1610,1075,1075,1075,583,583
1612,1612,1076,1076,1076,584,584
1613,1613,1077,1077,1077,584,584
1614,1614,1078,1078,1078,584,584
1614,1614,1079,1078,1079,584,584
1615,1615,1080,1080,1080,584,584
1615,1615,1081,1080,1081,584,584
1617,1617,1082,1082,1082,585,585
1618,1618,1083,1083,1083,585,585
1620,1620,1084,1084,1084,586,586
1621,1621,1085,1085,1085,586,586
1622,1622,1086,1086,1086,586,586
1623,1623,1087,1087,1087,586,586
1624,1624,1088,1088,1088,586,586
1625,1625,1089,1089,1089,586,586
1626,1626,1090,1090,1090,586,586
1625,1626,1091,1090,1091,586,586
1627,1627,1092,1092,1092,587,587
1628,1628,1093,1093,1093,587,587
1629,1629,1094,1094,1094,587,587
1630,1630,1095,1095,1095,587,587
1631,1631,1096,1096,1096,587,587
1632,1632,1097,1097,1097,587,587
1634,1634,1098,1098,1098,588,588
1635,1635,1099,1099,1099,588,588
1636,1636,1100,1100,1100,588,588
1637,1637,1101,1101,1101,588,588
1638,1638,1102,1102,1102,588,588
1640,1640,1103,1103,1103,589,589
1641,1641,1104,1104,1104,589,589
1643,1643,1105,1105,1105,590,590
1644,1644,1106,1106,1106,590,590
1645,1645,1107,1107,1107,590,590
1647,1647,1108,1108,1108,591,591
1646,1647,1109,1108,1109,591,591
1647,1647,1110,1108,1110,591,591
1648,1648,1111,1111,1111,591,591
1649,1649,1112,1112,1112,591,591
1650,1650,1113,1113,1113,591,591
1651,1651,1114,1114,1114,591,591
1652,1652,1115,1115,1115,591,591
1654,1654,1116,1116,1116,592,592
1656,1656,1117,1117,1117,593,593
1657,1657,1118,1118,1118,593,593
1658,1658,1119,1119,1119,593,593
1657,1658,1120,1119,1120,593,593
1658,1658,1121,1119,1121,593,593
1659,1659,1122,1122,1122,593,593
1660,1660,1123,1123,1123,593,593
1661,1661,1124,1124,1124,593,593
1662,1662,1125,1125,1125,593,593
1661,1662,1126,1125,1126,593,593
1662,1662,1127,1125,1127,593,593
1663,1663,1128,1128,1128,593,593
1664,1664,1129,1129,1129,593,593
1666,1666,1130,1130,1130,594,594
1667,1667,1131,1131,1131,594,594
1668,1668,1132,1132,1132,594,594
1669,1669,1133,1133,1133,594,594
1670,1670,1134,1134,1134,594,594
1672,1672,1135,1135,1135,595,595
1673,1673,1136,1136,1136,595,595
1674,1674,1137,1137,1137,595,595
1675,1675,1138,1138,1138,595,595
1673,1675,1139,1138,1139,595,595
1672,1675,1140,1138,1140,595,595
1673,1675,1141,1138,1141,595,595
1673,1675,1142,1138,1142,595,595
1674,1675,1143,1138,1143,595,595
1675,1675,1144,1138,1144,595,595
1675,1675,1145,1138,1145,595,595
1676,1676,1146,1146,1146,595,595
1678,1678,1147,1147,1147,596,596
1679,1679,1148,1148,1148,596,596
1680,1680,1149,1149,1149,596,596
1681,1681,1150,1150,1150,596,596
1682,1682,1151,1151,1151,596,596
1684,1684,1152,1152,1152,597,597
1685,1685,1153,1153,1153,597,597
1686,1686,1154,1154,1154,597,597
1687,1687,1155,1155,1155,597,597
1688,1688,1156,1156,1156,597,597
1689,1689,1157,1157,1157,597,597
1690,1690,1158,1158,1158,597,597
1691,1691,1159,1159,1159,597,597
1692,1692,1160,1160,1160,597,597
1693,1693,1161,1161,1161,597,597
1694,1694,1162,1162,1162,597,597
1695,1695,1163,1163,1163,597,597
1696,1696,1164,1164,1164,597,597
1698,1698,1165,1165,1165,598,598
1698,1698,1166,1165,1166,598,598
1700,1700,1167,1167,1167,599,599
1701,1701,1168,1168,1168,599,599
1702,1702,1169,1169,1169,599,599
1704,1704,1170,1170,1170,600,600
1705,1705,1171,1171,1171,600,600
1706,1706,1172,1172,1172,600,600
1708,1708,1173,1173,1173,601,601
1708,1708,1174,1173,1174,601,601
1710,1710,1175,1175,1175,602,602
1711,1711,1176,1176,1176,602,602
1712,1712,1177,1177,1177,602,602
1713,1713,1178,1178,1178,602,602
1714,1714,1179,1179,1179,602,602
1716,1716,1180,1180,1180,603,603
1717,1717,1181,1181,1181,603,603
1718,1718,1182,1182,1182,603,603
1719,1719,1183,1183,1183,603,603
1718,1719,1184,1183,1184,603,603
1720,1720,1185,1185,1185,604,604
1721,1721,1186,1186,1186,604,604
1720,1721,1187,1186,1187,604,604
1721,1721,1188,1186,1188,604,604
1722,1722,1189,1189,1189,604,604
1723,1723,1190,1190,1190,604,604
1724,1724,1191,1191,1191,604,604
1726,1726,1192,1192,1192,605,605
1728,1728,1193,1193,1193,606,606
1729,1729,1194,1194,1194,606,606
1731,1731,1195,1195,1195,607,607
1733,1733,1196,1196,1196,608,608
1735,1735,1197,1197,1197,609,609
1736,1736,1198,1198,1198,609,609
1737,1737,1199,1199,1199,609,609
1738,1738,1200,1200,1200,609,609
1739,1739,1201,1201,1201,609,609
1740,1740,1202,1202,1202,609,609
1741,1741,1203,1203,1203,609,609
1743,1743,1204,1204,1204,610,610
1744,1744,1205,1205,1205,610,610
1746,1746,1206,1206,1206,611,611
1747,1747,1207,1207,1207,611,611
1748,1748,1208,1208,1208,611,611
1749,1749,1209,1209,1209,611,611
1750,1750,1210,1210,1210,611,611
1751,1751,1211,1211,1211,611,611
1752,1752,1212,1212,1212,611,611
1753,1753,1213,1213,1213,611,611
1754,1754,1214,1214,1214,611,611
1756,1756,1215,1215,1215,612,612
1757,1757,1216,1216,1216,612,612
1758,1758,1217,1217,1217,612,612
1759,1759,1218,1218,1218,612,612
1760,1760,1219,1219,1219,612,612
1761,1761,1220,1220,1220,612,612
1762,1762,1221,1221,1221,612,612
1763,1763,1222,1222,1222,612,612
1764,1764,1223,1223,1223,612,612
1765,1765,1224,1224,1224,612,612
1766,1766,1225,1225,1225,612,612
1767,1767,1226,1226,1226,612,612
1766,1767,1227,1226,1227,612,612
1767,1767,1228,1226,1228,612,612
1768,1768,1229,1229,1229,612,612
1770,1770,1230,1230,1230,613,613
1771,1771,1231,1231,1231,613,613
1772,1772,1232,1232,1232,613,613
1771,1772,1233,1232,1233,613,613
1772,1772,1234,1232,1234,613,613
1771,1772,1235,1232,1235,613,613
1772,1772,1236,1232,1236,613,613
1773,1773,1237,1237,1237,613,613
1772,1773,1238,1237,1238,613,613
1774,1774,1239,1239,1239,614,614
1775,1775,1240,1240,1240,614,614
1776,1776,1241,1241,1241,614,614
1777,1777,1242,1242,1242,614,614
1778,1778,1243,1243,1243,614,614
1779,1779,1244,1244,1244,614,614
1780,1780,1245,1245,1245,614,614
1781,1781,1246,1246,1246,614,614
1783,1783,1247,1247,1247,615,615
1784,1784,1248,1248,1248,615,615
1785,1785,1249,1249,1249,615,615
1786,1786,1250,1250,1250,615,615
1788,1788,1251,1251,1251,616,616
1790,1790,1252,1252,1252,617,617
1789,1790,1253,1252,1253,617,617
1790,1790,1254,1252,1254,617,617
1790,1790,1255,1252,1255,617,617
1791,1791,1256,1256,1256,617,617
1793,1793,1257,1257,1257,618,618
1795,1795,1258,1258,1258,619,619
1797,1797,1259,1259,1259,620,620
1799,1799,1260,1260,1260,621,621
1800,1800,1261,1261,1261,621,621
1799,1800,1262,1261,1262,621,621
1800,1800,1263,1261,1263,621,621
1802,1802,1264,1264,1264,622,622
1803,1803,1265,1265,1265,622,622
1804,1804,1266,1266,1266,622,622
1805,1805,1267,1267,1267,622,622
1807,1807,1268,1268,1268,623,623
1808,1808,1269,1269,1269,623,623
1809,1809,1270,1270,1270,623,623
1810,1810,1271,1271,1271,623,623
1812,1812,1272,1272,1272,624,624
1813,1813,1273,1273,1273,624,624
1814,1814,1274,1274,1274,624,624
1815,1815,1275,1275,1275,624,624
1816,1816,1276,1276,1276,624,624
1818,1818,1277,1277,1277,625,625
1819,1819,1278,1278,1278,625,625
1820,1820,1279,1279,1279,625,625
1822,1822,1280,1280,1280,626,626
1823,1823,1281,1281,1281,626,626
1825,1825,1282,1282,1282,627,627
1826,1826,1283,1283,1283,627,627
1828,1828,1284,1284,1284,628,628
1829,1829,1285,1285,1285,628,628
1827,1829,1286,1285,1286,628,628
1828,1829,1287,1285,1287,628,628
1829,1829,1288,1285,1288,628,628
1830,1830,1289,1289,1289,628,628
1831,1831,1290,1290,1290,628,628
1833,1833,1291,1291,1291,629,629
1834,1834,1292,1292,1292,629,629
1833,1834,1293,1292,1293,629,629
1835,1835,1294,1294,1294,630,630
1834,1835,1295,1294,1295,630,630
1835,1835,1296,1294,1296,630,630
1836,1836,1297,1297,1297,630,630
1838,1838,1298,1298,1298,631,631
1839,1839,1299,1299,1299,631,631
1841,1841,1300,1300,1300,632,632
1842,1842,1301,1301,1301,632,632
1843,1843,1302,1302,1302,632,632
1844,1844,1303,1303,1303,632,632
1845,1845,1304,1304,1304,632,632
1846,1846,1305,1305,1305,632,632
1847,1847,1306,1306,1306,632,632
1848,1848,1307,1307,1307,632,632
1847,1848,1308,1307,1308,632,632
1848,1848,1309,1307,1309,632,632
1849,1849,1310,1310,1310,632,632
1850,1850,1311,1311,1311,632,632
1850,1850,1312,1311,1312,632,632
1851,1851,1313,1313,1313,632,632
1852,1852,1314,1314,1314,632,632
1854,1854,1315,1315,1315,633,633
1855,1855,1316,1316,1316,633,633
1856,1856,1317,1317,1317,633,633
1858,1858,1318,1318,1318,634,634
1860,1860,1319,1319,1319,635,635
1861,1861,1320,1320,1320,635,635
1862,1862,1321,1321,1321,635,635
1863,1863,1322,1322,1322,635,635
1865,1865,1323,1323,1323,636,636
1864,1865,1324,1323,1324,636,636
1863,1865,1325,1323,1325,636,636
1864,1865,1326,1323,1326,636,636
1865,1865,1327,1323,1327,636,636
1864,1865,1328,1323,1328,636,636
1865,1865,1329,1323,1329,636,636
1866,1866,1330,1330,1330,636,636
1867,1867,1331,1331,1331,636,636
1868,1868,1332,1332,1332,636,636
1870,1870,1333,1333,1333,637,637
1871,1871,1334,1334,1334,637,637
1873,1873,1335,1335,1335,638,638
1874,1874,1336,1336,1336,638,638
1875,1875,1337,1337,1337,638,638
1877,1877,1338,1338,1338,639,639
1879,1879,1339,1339,1339,640,640
1880,1880,1340,1340,1340,640,640
1881,1881,1341,1341,1341,640,640
1883,1883,1342,1342,1342,641,641
1884,1884,1343,1343,1343,641,641
1884,1884,1344,1343,1344,641,641
1885,1885,1345,1345,1345,641,641
1886,1886,1346,1346,1346,641,641
1887,1887,1347,1347,1347,641,641
1889,1889,1348,1348,1348,642,642
1890,1890,1349,1349,1349,642,642
1891,1891,1350,1350,1350,642,642
1892,1892,1351,1351,1351,642,642
1893,1893,1352,1352,1352,642,642
1894,1894,1353,1353,1353,642,642
1895,1895,1354,1354,1354,642,642
1896,1896,1355,1355,1355,642,642
1897,1897,1356,1356,1356,642,642
1898,1898,1357,1357,1357,642,642
1899,1899,1358,1358,1358,642,642
1900,1900,1359,1359,1359,642,642
1901,1901,1360,1360,1360,642,642
1902,1902,1361,1361,1361,642,642
1904,1904,1362,1362,1362,643,643
1905,1905,1363,1363,1363,643,643
1906,1906,1364,1364,1364,643,643
1907,1907,1365,1365,1365,643,643
1908,1908,1366,1366,1366,643,643
1907,1908,1367,1366,1367,643,643
1908,1908,1368,1366,1368,643,643
1909,1909,1369,1369,1369,643,643
1910,1910,1370,1370,1370,643,643
1911,1911,1371,1371,1371,643,643
1912,1912,1372,1372,1372,643,643
1913,1913,1373,1373,1373,643,643
1914,1914,1374,1374,1374,643,643
1916,1916,1375,1375,1375,643,643
1917,1917,1376,1376,1376,643,643
1918,1918,1377,1377,1377,643,643
1919,1919,1378,1378,1378,643,643
1920,1920,1379,1379,1379,643,643
1922,1922,1380,1380,1380,644,644
1924,1924,1381,1381,1381,645,645
1926,1926,1382,1382,1382,646,646
1927,1927,1383,1383,1383,646,646
1928,1928,1384,1384,1384,646,646
1929,1929,1385,1385,1385,646,646
1930,1930,1386,1386,1386,646,646
1931,1931,1387,1387,1387,646,646
1932,1932,1388,1388,1388,646,646
1934,1934,1389,1389,1389,647,647
1935,1935,1390,1390,1390,647,647
1937,1937,1391,1391,1391,648,648
1938,1938,1392,1392,1392,648,648
1939,1939,1393,1393,1393,648,648
1938,1939,1394,1393,1394,648,648
1940,1940,1395,1395,1395,649,649
1941,1941,1396,1396,1396,649,649
1942,1942,1397,1397,1397,649,649
1943,1943,1398,1398,1398,649,649
1944,1944,1399,1399,1399,649,649
1945,1945,1400,1400,1400,649,649
1946,1946,1401,1401,1401,649,649
1946,1946,1402,1401,1402,649,649
1947,1947,1403,1403,1403,649,649
1948,1948,1404,1404,1404,649,649
1949,1949,1405,1405,1405,649,649
1951,1951,1406,1406,1406,650,650
1952,1952,1407,1407,1407,650,650
1950,1952,1408,1407,1408,650,650
1951,1952,1409,1407,1409,650,650
1952,1952,1410,1407,1410,650,650
1953,1953,1411,1411,1411,650,650
1955,1955,1412,1412,1412,651,651
1956,1956,1413,1413,1413,651,651
1957,1957,1414,1414,1414,651,651
1958,1958,1415,1415,1415,651,651
1959,1959,1416,1416,1416,651,651
1960,1960,1417,1417,1417,651,651
1961,1961,1418,1418,1418,651,651
1962,1962,1419,1419,1419,651,651
1962,1962,1420,1419,1420,651,651
1964,1964,1421,1421,1421,652,652
1965,1965,1422,1422,1422,652,652
1966,1966,1423,1423,1423,652,652
1967,1967,1424,1424,1424,652,652
1968,1968,1425,1425,1425,652,652
1969,1969,1426,1426,1426,652,652
1970,1970,1427,1427,1427,652,652
1970,1970,1428,1427,1428,652,652
1970,1970,1429,1427,1429,652,652
1971,1971,1430,1430,1430,652,652
1972,1972,1431,1431,1431,652,652
1971,1972,1432,1431,1432,652,652
1972,1972,1433,1431,1433,652,652
1973,1973,1434,1434,1434,652,652
1974,1974,1435,1435,1435,652,652
1976,1976,1436,1436,1436,653,653
1978,1978,1437,1437,1437,654,654
1979,1979,1438,1438,1438,654,654
1980,1980,1439,1439,1439,654,654
1979,1980,1440,1439,1440,654,654
1980,1980,1441,1439,1441,654,654
1981,1981,1442,1442,1442,654,654
1982,1982,1443,1443,1443,654,654
1983,1983,1444,1444,1444,654,654
1985,1985,1445,1445,1445,655,655
1986,1986,1446,1446,1446,655,655
1988,1988,1447,1447,1447,656,656
1989,1989,1448,1448,1448,656,656
1990,1990,1449,1449,1449,656,656
1992,1992,1450,1450,1450,657,657
1993,1993,1451,1451,1451,657,657
1994,1994,1452,1452,1452,657,657
1995,1995,1453,1453,1453,657,657
1996,1996,1454,1454,1454,657,657
1997,1997,1455,1455,1455,657,657
1998,1998,1456,1456,1456,657,657
2000,2000,1457,1457,1457,658,658
2001,2001,1458,1458,1458,658,658
2002,2002,1459,1459,1459,658,658
2003,2003,1460,1460,1460,658,658
2003,2003,1461,1460,1461,658,658
2004,2004,1462,1462,1462,658,658
2005,2005,1463,1463,1463,658,658
2007,2007,1464,1464,1464,659,659
2008,2008,1465,1465,1465,659,659
2010,2010,1466,1466,1466,660,660
2011,2011,1467,1467,1467,660,660
2013,2013,1468,1468,1468,661,661
2015,2015,1469,1469,1469,662,662
2016,2016,1470,1470,1470,662,662
2017,2017,1471,1471,1471,662,662
2018,2018,1472,1472,1472,662,662
2019,2019,1473,1473,1473,662,662
2020,2020,1474,1474,1474,662,662
2021,2021,1475,1475,1475,662,662
2022,2022,1476,1476,1476,662,662
2024,2024,1477,1477,1477,663,663
2025,2025,1478,1478,1478,663,663
2026,2026,1479,1479,1479,663,663
2027,2027,1480,1480,1480,663,663
2026,2027,1481,1480,1481,663,663
2028,2028,1482,1482,1482,664,664
2029,2029,1483,1483,1483,664,664
2030,2030,1484,1484,1484,664,664
2030,2030,1485,1484,1485,664,664
2031,2031,1486,1486,1486,664,664
2031,2031,1487,1486,1487,664,664
2032,2032,1488,1488,1488,664,664
2033,2033,1489,1489,1489,664,664
2032,2033,1490,1489,1490,664,664
2033,2033,1491,1489,1491,664,664
2033,2033,1492,1489,1492,664,664
2034,2034,1493,1493,1493,664,664
2035,2035,1494,1494,1494,664,664
2036,2036,1495,1495,1495,664,664
2037,2037,1496,1496,1496,664,664
2038,2038,1497,1497,1497,664,664
2039,2039,1498,1498,1498,664,664
2041,2041,1499,1499,1499,665,665
2042,2042,1500,1500,1500,665,665
2043,2043,1501,1501,1501,665,665
2045,2045,1502,1502,1502,666,666
2046,2046,1503,1503,1503,666,666
2047,2047,1504,1504,1504,666,666
2048,2048,1505,1505,1505,666,666
2049,2049,1506,1506,1506,666,666
2050,2050,1507,1507,1507,666,666
2051,2051,1508,1508,1508,666,666
2052,2052,1509,1509,1509,666,666
2053,2053,1510,1510,1510,666,666
2054,2054,1511,1511,1511,666,666
2055,2055,1512,1512,1512,666,666
2056,2056,1513,1513,1513,666,666
2057,2057,1514,1514,1514,666,666
2058,2058,1515,1515,1515,666,666
2059,2059,1516,1516,1516,666,666
2060,2060,1517,1517,1517,666,666
2061,2061,1518,1518,1518,666,666
2062,2062,1519,1519,1519,666,666
2063,2063,1520,1520,1520,666,666
2065,2065,1521,1521,1521,667,667
2067,2067,1522,1522,1522,668,668
2068,2068,1523,1523,1523,668,668
2069,2069,1524,1524,1524,668,668
2071,2071,1525,1525,1525,669,669
2071,2071,1526,1525,1526,669,669
2069,2071,1527,1525,1527,669,669
2070,2071,1528,1525,1528,669,669
2071,2071,1529,1525,1529,669,669
2072,2072,1530,1530,1530,669,669
2073,2073,1531,1531,1531,669,669
2074,2074,1532,1532,1532,669,669
2075,2075,1533,1533,1533,669,669
2074,2075,1534,1533,1534,669,669
2075,2075,1535,1533,1535,669,669
2076,2076,1536,1536,1536,669,669
2077,2077,1537,1537,1537,669,669
2079,2079,1538,1538,1538,670,670
2080,2080,1539,1539,1539,670,670
2081,2081,1540,1540,1540,670,670
2082,2082,1541,1541,1541,670,670
2083,2083,1542,1542,1542,670,670
2084,2084,1543,1543,1543,670,670
2085,2085,1544,1544,1544,670,670
2086,2086,1545,1545,1545,670,670
2087,2087,1546,1546,1546,670,670
2088,2088,1547,1547,1547,670,670
2089,2089,1548,1548,1548,670,670
2090,2090,1549,1549,1549,670,670
2091,2091,1550,1550,1550,670,670
2092,2092,1551,1551,1551,670,670
2093,2093,1552,1552,1552,670,670
2092,2093,1553,1552,1553,670,670
2093,2093,1554,1552,1554,670,670
2094,2094,1555,1555,1555,670,670
2095,2095,1556,1556,1556,670,670
2096,2096,1557,1557,1557,670,670
2097,2097,1558,1558,1558,670,670
2098,2098,1559,1559,1559,670,670
2100,2100,1560,1560,1560,671,671
2101,2101,1561,1561,1561,671,671
2103,2103,1562,1562,1562,672,672
2104,2104,1563,1563,1563,672,672
2105,2105,1564,1564,1564,672,672
2106,2106,1565,1565,1565,672,672
2107,2107,1566,1566,1566,672,672
2108,2108,1567,1567,1567,672,672
2109,2109,1568,1568,1568,672,672
2110,2110,1569,1569,1569,672,672
2109,2110,1570,1569,1570,672,672
2110,2110,1571,1569,1571,672,672
2111,2111,1572,1572,1572,672,672
2112,2112,1573,1573,1573,672,672
2112,2112,1574,1573,1574,672,672
2113,2113,1575,1575,1575,672,672
2112,2113,1576,1575,1576,672,672
2111,2113,1577,1575,1577,672,672
2113,2113,1578,1575,1578,673,673
2114,2114,1579,1579,1579,673,673
2115,2115,1580,1580,1580,673,673
2116,2116,1581,1581,1581,673,673
2118,2118,1582,1582,1582,674,674
2119,2119,1583,1583,1583,674,674
2120,2120,1584,1584,1584,674,674
2121,2121,1585,1585,1585,674,674
2122,2122,1586,1586,1586,674,674
2123,2123,1587,1587,1587,674,674
2124,2124,1588,1588,1588,674,674
2126,2126,1589,1589,1589,675,675
2127,2127,1590,1590,1590,675,675
2129,2129,1591,1591,1591,676,676
2130,2130,1592,1592,1592,676,676
2132,2132,1593,1593,1593,677,677
2133,2133,1594,1594,1594,677,677
2135,2135,1595,1595,1595,678,678
2137,2137,1596,1596,1596,679,679
2138,2138,1597,1597,1597,679,679
2138,2138,1598,1597,1598,679,679
2139,2139,1599,1599,1599,679,679
2141,2141,1600,1600,1600,680,680
2142,2142,1601,1601,1601,680,680
2143,2143,1602,1602,1602,680,680
2144,2144,1603,1603,1603,680,680
2145,2145,1604,1604,1604,680,680
2146,2146,1605,1605,1605,680,680
2145,2146,1606,1605,1606,680,680
2146,2146,1607,1605,1607,680,680
2147,2147,1608,1608,1608,680,680
2148,2148,1609,1609,1609,680,680
2149,2149,1610,1610,1610,680,680
2150,2150,1611,1611,1611,680,680
2152,2152,1612,1612,1612,681,681
2153,2153,1613,1613,1613,681,681
2154,2154,1614,1614,1614,681,681
2156,2156,1615,1615,1615,682,682
2157,2157,1616,1616,1616,682,682
2158,2158,1617,1617,1617,682,682
2159,2159,1618,1618,1618,682,682
2160,2160,1619,1619,1619,682,682
2161,2161,1620,1620,1620,682,682
2162,2162,1621,1621,1621,682,682
2163,2163,1622,1622,1622,682,682
2164,2164,1623,1623,1623,682,682
2165,2165,1624,1624,1624,682,682
2166,2166,1625,1625,1625,682,682
2167,2167,1626,1626,1626,682,682
2168,2168,1627,1627,1627,682,682
2170,2170,1628,1628,1628,683,683
2170,2170,1629,1628,1629,683,683
2171,2171,1630,1630,1630,683,683
2172,2172,1631,1631,1631,683,683
2173,2173,1632,1632,1632,683,683
2174,2174,1633,1633,1633,683,683
2175,2175,1634,1634,1634,683,683
2176,2176,1635,1635,1635,683,683
2177,2177,1636,1636,1636,683,683
2178,2178,1637,1637,1637,683,683
2179,2179,1638,1638,1638,683,683
2180,2180,1639,1639,1639,683,683
2181,2181,1640,1640,1640,683,683
2182,2182,1641,1641,1641,683,683
2184,2184,1642,1642,1642,684,684
2185,2185,1643,1643,1643,684,684
2186,2186,1644,1644,1644,684,684
2184,2186,1645,1644,1645,684,684
2185,2186,1646,1644,1646,684,684
2183,2186,1647,1644,1647,684,684
2185,2186,1648,1644,1648,685,685
2187,2187,1649,1649,1649,686,686
2188,2188,1650,1650,1650,686,686
2189,2189,1651,1651,1651,686,686
2190,2190,1652,1652,1652,686,686
2189,2190,1653,1652,1653,686,686
2190,2190,1654,1652,1654,686,686
2191,2191,1655,1655,1655,686,686
2192,2192,1656,1656,1656,686,686
2193,2193,1657,1657,1657,686,686
2194,2194,1658,1658,1658,686,686
2195,2195,1659,1659,1659,686,686
2197,2197,1660,1660,1660,687,687
2198,2198,1661,1661,1661,687,687
2199,2199,1662,1662,1662,687,687
2200,2200,1663,1663,1663,687,687
2201,2201,1664,1664,1664,687,687
2202,2202,1665,1665,1665,687,687
2200,2202,1666,1665,1666,687,687
2201,2202,1667,1665,1667,687,687
2202,2202,1668,1665,1668,687,687
2204,2204,1669,1669,1669,688,688
2205,2205,1670,1670,1670,688,688
2207,2207,1671,1671,1671,689,689
2208,2208,1672,1672,1672,689,689
2206,2208,1673,1672,1673,689,689
2207,2208,1674,1672,1674,689,689
2208,2208,1675,1672,1675,689,689
2209,2209,1676,1676,1676,689,689
2210,2210,1677,1677,1677,689,689
2211,2211,1678,1678,1678,689,689
2212,2212,1679,1679,1679,689,689
2213,2213,1680,1680,1680,689,689
2214,2214,1681,1681,1681,689,689
2215,2215,1682,1682,1682,689,689
2216,2216,1683,1683,1683,689,689
2216,2216,1684,1683,1684,689,689
2217,2217,1685,1685,1685,689,689
2218,2218,1686,1686,1686,689,689
2220,2220,1687,1687,1687,690,690
2221,2221,1688,1688,1688,690,690
2222,2222,1689,1689,1689,690,690
2223,2223,1690,1690,1690,690,690
2224,2224,1691,1691,1691,690,690
2225,2225,1692,1692,1692,690,690
2226,2226,1693,1693,1693,690,690
2227,2227,1694,1694,1694,690,690
2228,2228,1695,1695,1695,690,690
2229,2229,1696,1696,1696,690,690
2230,2230,1697,1697,1697,690,690
2231,2231,1698,1698,1698,690,690
2232,2232,1699,1699,1699,690,690
2233,2233,1700,1700,1700,690,690
2234,2234,1701,1701,1701,690,690
2235,2235,1702,1702,1702,690,690
2236,2236,1703,1703,1703,690,690
2235,2236,1704,1703,1704,690,690
2237,2237,1705,1705,1705,691,691
2238,2238,1706,1706,1706,691,691
2239,2239,1707,1707,1707,691,691
2240,2240,1708,1708,1708,691,691
2241,2241,1709,1709,1709,691,691
2242,2242,1710,1710,1710,691,691
2244,2244,1711,1711,1711,692,692
2246,2246,1712,1712,1712,693,693
2247,2247,1713,1713,1713,693,693
2249,2249,1714,1714,1714,694,694
2251,2251,1715,1715,1715,695,695
2252,2252,1716,1716,1716,695,695
2253,2253,1717,1717,1717,695,695
2254,2254,1718,1718,1718,695,695
2255,2255,1719,1719,1719,695,695
2256,2256,1720,1720,1720,695,695
2257,2257,1721,1721,1721,695,695
2258,2258,1722,1722,1722,695,695
2259,2259,1723,1723,1723,695,695
2259,2259,1724,1723,1724,695,695
2260,2260,1725,1725,1725,695,695
2261,2261,1726,1726,1726,695,695
2262,2262,1727,1727,1727,695,695
2263,2263,1728,1728,1728,695,695
2264,2264,1729,1729,1729,695,695
2262,2264,1730,1729,1730,695,695
2263,2264,1731,1729,1731,695,695
2264,2264,1732,1729,1732,695,695
2265,2265,1733,1733,1733,695,695
2266,2266,1734,1734,1734,695,695
2267,2267,1735,1735,1735,695,695
2268,2268,1736,1736,1736,695,695
2270,2270,1737,1737,1737,696,696
2271,2271,1738,1738,1738,696,696
2272,2272,1739,1739,1739,696,696
2271,2272,1740,1739,1740,696,696
2272,2272,1741,1739,1741,696,696
2273,2273,1742,1742,1742,696,696
2274,2274,1743,1743,1743,696,696
2273,2274,1744,1743,1744,696,696
2274,2274,1745,1743,1745,696,696
2272,2274,1746,1743,1746,696,696
2274,2274,1747,1743,1747,697,697
2275,2275,1748,1748,1748,697,697
2276,2276,1749,1749,1749,697,697
2277,2277,1750,1750,1750,697,697
2277,2277,1751,1750,1751,697,697
2278,2278,1752,1752,1752,697,697
2279,2279,1753,1753,1753,697,697
2280,2280,1754,1754,1754,697,697
2278,2280,1755,1754,1755,697,697
2279,2280,1756,1754,1756,697,697
2279,2280,1757,1754,1757,697,697
2280,2280,1758,1754,1758,697,697
2281,2281,1759,1759,1759,697,697
2283,2283,1760,1760,1760,698,698
2285,2285,1761,1761,1761,699,699
2286,2286,1762,1762,1762,699,699
2286,2286,1763,1762,1763,699,699
2286,2286,1764,1762,1764,699,699
2287,2287,1765,1765,1765,699,699
2288,2288,1766,1766,1766,699,699
2289,2289,1767,1767,1767,699,699
2290,2290,1768,1768,1768,699,699
2290,2290,1769,1768,1769,699,699
2291,2291,1770,1770,1770,699,699
2292,2292,1771,1771,1771,699,699
2293,2293,1772,1772,1772,699,699
2293,2293,1773,1772,1773,699,699
2289,2293,1774,1772,1774,699,699
2290,2293,1775,1772,1775,699,699
2291,2293,1776,1772,1776,699,699
2292,2293,1777,1772,1777,699,699
2293,2293,1778,1772,1778,699,699
2294,2294,1779,1779,1779,699,699
2295,2295,1780,1780,1780,699,699
2296,2296,1781,1781,1781,699,699
2297,2297,1782,1782,1782,699,699
2298,2298,1783,1783,1783,699,699
2299,2299,1784,1784,1784,699,699
2300,2300,1785,1785,1785,699,699
2301,2301,1786,1786,1786,699,699
2302,2302,1787,1787,1787,699,699
2303,2303,1788,1788,1788,699,699
2304,2304,1789,1789,1789,699,699
2305,2305,1790,1790,1790,699,699
2306,2306,1791,1791,1791,699,699
2307,2307,1792,1792,1792,699,699
2308,2308,1793,1793,1793,699,699
2309,2309,1794,1794,1794,699,699
2311,2311,1795,1795,1795,700,700
2312,2312,1796,1796,1796,700,700
2313,2313,1797,1797,1797,700,700
2314,2314,1798,1798,1798,700,700
2315,2315,1799,1799,1799,700,700
2317,2317,1800,1800,1800,701,701
2318,2318,1801,1801,1801,701,701
2319,2319,1802,1802,1802,701,701
2320,2320,1803,1803,1803,701,701
2321,2321,1804,1804,1804,701,701
2322,2322,1805,1805,1805,701,701
2323,2323,1806,1806,1806,701,701
2321,2323,1807,1806,1807,701,701
2322,2323,1808,1806,1808,701,701
2323,2323,1809,1806,1809,701,701
2324,2324,1810,1810,1810,701,701
2325,2325,1811,1811,1811,701,701
2326,2326,1812,1812,1812,701,701
2327,2327,1813,1813,1813,701,701
2325,2327,1814,1813,1814,701,701
2326,2327,1815,1813,1815,701,701
2328,2328,1816,1816,1816,702,702
2329,2329,1817,1817,1817,702,702
2330,2330,1818,1818,1818,702,702
2331,2331,1819,1819,1819,702,702
2333,2333,1820,1820,1820,703,703
2334,2334,1821,1821,1821,703,703
2336,2336,1822,1822,1822,704,704
2338,2338,1823,1823,1823,705,705
2340,2340,1824,1824,1824,706,706
2341,2341,1825,1825,1825,706,706
2342,2342,1826,1826,1826,706,706
2343,2343,1827,1827,1827,706,706
2344,2344,1828,1828,1828,706,706
2345,2345,1829,1829,1829,706,706
2346,2346,1830,1830,1830,706,706
2347,2347,1831,1831,1831,706,706
2348,2348,1832,1832,1832,706,706
2349,2349,1833,1833,1833,706,706
2350,2350,1834,1834,1834,706,706
2351,2351,1835,1835,1835,706,706
2352,2352,1836,1836,1836,706,706
2353,2353,1837,1837,1837,706,706
2354,2354,1838,1838,1838,706,706
2355,2355,1839,1839,1839,706,706
2356,2356,1840,1840,1840,706,706
2357,2357,1841,1841,1841,706,706
2358,2358,1842,1842,1842,706,706
2359,2359,1843,1843,1843,706,706
2360,2360,1844,1844,1844,706,706
2361,2361,1845,1845,1845,706,706
2362,2362,1846,1846,1846,706,706
2364,2364,1847,1847,1847,707,707
2365,2365,1848,1848,1848,707,707
2366,2366,1849,1849,1849,707,707
2367,2367,1850,1850,1850,707,707
2368,2368,1851,1851,1851,707,707
2370,2370,1852,1852,1852,708,708
2371,2371,1853,1853,1853,708,708
2372,2372,1854,1854,1854,708,708
2373,2373,1855,1855,1855,708,708
2374,2374,1856,1856,1856,708,708
2375,2375,1857,1857,1857,708,708
2376,2376,1858,1858,1858,708,708
2377,2377,1859,1859,1859,708,708
2376,2377,1860,1859,1860,708,708
2377,2377,1861,1859,1861,708,708
2378,2378,1862,1862,1862,708,708
2380,2380,1863,1863,1863,709,709
2382,2382,1864,1864,1864,710,710
2383,2383,1865,1865,1865,710,710
2382,2383,1866,1865,1866,710,710
2383,2383,1867,1865,1867,710,710
2384,2384,1868,1868,1868,710,710
2385,2385,1869,1869,1869,710,710
2386,2386,1870,1870,1870,710,710
2386,2386,1871,1870,1871,710,710
2387,2387,1872,1872,1872,710,710
2388,2388,1873,1873,1873,710,710
2389,2389,1874,1874,1874,710,710
2390,2390,1875,1875,1875,710,710
2391,2391,1876,1876,1876,710,710
2390,2391,1877,1876,1877,710,710
2391,2391,1878,1876,1878,710,710
2392,2392,1879,1879,1879,710,710
2391,2392,1880,1879,1880,710,709
2390,2392,1881,1879,1881,710,709
2391,2392,1882,1879,1882,710,709
2392,2392,1883,1879,1883,710,709
2393,2393,1884,1884,1884,710,709
2394,2394,1885,1885,1885,710,709
2395,2395,1886,1886,1886,710,709
2396,2396,1887,1887,1887,710,709
2397,2397,1888,1888,1888,710,709
2398,2398,1889,1889,1889,710,709
2399,2399,1890,1890,1890,710,709
2400,2400,1891,1891,1891,710,709
2401,2401,1892,1892,1892,710,709
2402,2402,1893,1893,1893,710,709
2403,2403,1894,1894,1894,710,709
2404,2404,1895,1895,1895,710,709
2404,2404,1896,1895,1896,710,709
2405,2405,1897,1897,1897,710,709
2407,2407,1898,1898,1898,710,710
2408,2408,1899,1899,1899,710,710
2409,2409,1900,1900,1900,710,710
2410,2410,1901,1901,1901,710,710
2411,2411,1902,1902,1902,710,710
2412,2412,1903,1903,1903,710,710
2411,2412,1904,1903,1904,710,710
2412,2412,1905,1903,1905,710,710
2413,2413,1906,1906,1906,710,710
2414,2414,1907,1907,1907,710,710
2415,2415,1908,1908,1908,710,710
2416,2416,1909,1909,1909,710,710
2414,2416,1910,1909,1910,710,710
2415,2416,1911,1909,1911,710,710
2416,2416,1912,1909,1912,710,710
2418,2418,1913,1913,1913,711,711
2419,2419,1914,1914,1914,711,711
2420,2420,1915,1915,1915,711,711
2421,2421,1916,1916,1916,711,711
2422,2422,1917,1917,1917,711,711
2423,2423,1918,1918,1918,711,711
2424,2424,1919,1919,1919,711,711
2425,2425,1920,1920,1920,711,711
2426,2426,1921,1921,1921,711,711
2428,2428,1922,1922,1922,712,712
2429,2429,1923,1923,1923,712,712
2430,2430,1924,1924,1924,712,712
2431,2431,1925,1925,1925,712,712
2432,2432,1926,1926,1926,712,712
2433,2433,1927,1927,1927,712,712
2434,2434,1928,1928,1928,712,712
2432,2434,1929,1928,1929,712,712
2433,2434,1930,1928,1930,712,712
2434,2434,1931,1928,1931,712,712
2435,2435,1932,1932,1932,712,712
2436,2436,1933,1933,1933,712,712
2437,2437,1934,1934,1934,712,712
2438,2438,1935,1935,1935,712,712
2439,2439,1936,1936,1936,712,712
2437,2439,1937,1936,1937,712,712
2438,2439,1938,1936,1938,712,712
2439,2439,1939,1936,1939,712,712
2440,2440,1940,1940,1940,712,712
2441,2441,1941,1941,1941,712,712
2442,2442,1942,1942,1942,712,712
2441,2442,1943,1942,1943,712,712
2440,2442,1944,1942,1944,712,712
2441,2442,1945,1942,1945,712,712
2442,2442,1946,1942,1946,712,712
2444,2444,1947,1947,1947,713,713
2445,2445,1948,1948,1948,713,713
2446,2446,1949,1949,1949,713,713
2444,2446,1950,1949,1950,713,713
2446,2446,1951,1949,1951,714,714
2447,2447,1952,1952,1952,714,714
2448,2448,1953,1953,1953,714,714
2449,2449,1954,1954,1954,714,714
2450,2450,1955,1955,1955,714,714
2451,2451,1956,1956,1956,714,714
2452,2452,1957,1957,1957,714,714
2453,2453,1958,1958,1958,714,714
2454,2454,1959,1959,1959,714,714
2455,2455,1960,1960,1960,714,714
2456,2456,1961,1961,1961,714,714
2457,2457,1962,1962,1962,714,714
2458,2458,1963,1963,1963,714,714
2459,2459,1964,1964,1964,714,714
2460,2460,1965,1965,1965,714,714
2461,2461,1966,1966,1966,714,714
2462,2462,1967,1967,1967,714,714
2463,2463,1968,1968,1968,714,714
2464,2464,1969,1969,1969,714,714
2465,2465,1970,1970,1970,714,714
2466,2466,1971,1971,1971,714,714
2465,2466,1972,1971,1972,714,714
2466,2466,1973,1971,1973,714,714
2468,2468,1974,1974,1974,715,715
2468,2468,1975,1974,1975,715,715
2469,2469,1976,1976,1976,715,715
2468,2469,1977,1976,1977,715,715
2469,2469,1978,1976,1978,715,715
2470,2470,1979,1979,1979,715,715
2472,2472,1980,1980,1980,716,716
2473,2473,1981,1981,1981,716,716
2475,2475,1982,1982,1982,717,717
2476,2476,1983,1983,1983,717,717
2473,2476,1984,1983,1984,717,717
2474,2476,1985,1983,1985,717,717
2475,2476,1986,1983,1986,717,717
2476,2476,1987,1983,1987,717,717
2477,2477,1988,1988,1988,717,717
2478,2478,1989,1989,1989,717,717
2479,2479,1990,1990,1990,717,717
2480,2480,1991,1991,1991,717,717
2481,2481,1992,1992,1992,717,717
2480,2481,1993,1992,1993,717,717
2481,2481,1994,1992,1994,717,717
2482,2482,1995,1995,1995,717,717
2481,2482,1996,1995,1996,717,717
2482,2482,1997,1995,1997,717,717
2483,2483,1998,1998,1998,717,717
2484,2484,1999,1999,1999,717,717
2485,2485,2000,2000,2000,717,717
2486,2486,2001,2001,2001,717,717
2487,2487,2002,2002,2002,717,717
2488,2488,2003,2003,2003,717,717
2489,2489,2004,2004,2004,717,717
2490,2490,2005,2005,2005,717,717
2491,2491,2006,2006,2006,717,717
2489,2491,2007,2006,2007,717,717
2488,2491,2008,2006,2008,717,717
2489,2491,2009,2006,2009,717,717
2491,2491,2010,2006,2010,718,718
2489,2491,2011,2006,2011,718,718
2490,2491,2012,2006,2012,718,718
2491,2491,2013,2006,2013,718,718
2489,2491,2014,2006,2014,718,718
2490,2491,2015,2006,2015,718,718
2491,2491,2016,2006,2016,718,718
2492,2492,2017,2017,2017,718,718
2493,2493,2018,2018,2018,718,718
2494,2494,2019,2019,2019,718,718
2491,2494,2020,2019,2020,718,718
2492,2494,2021,2019,2021,718,718
2493,2494,2022,2019,2022,718,718
2494,2494,2023,2019,2023,718,718
2495,2495,2024,2024,2024,718,718
2496,2496,2025,2025,2025,718,718
2497,2497,2026,2026,2026,718,718
2498,2498,2027,2027,2027,718,718
2499,2499,2028,2028,2028,718,718
2500,2500,2029,2029,2029,718,718
2502,2502,2030,2030,2030,719,719
2503,2503,2031,2031,2031,719,719
2504,2504,2032,2032,2032,719,719
2506,2506,2033,2033,2033,720,720
2507,2507,2034,2034,2034,720,720
2508,2508,2035,2035,2035,720,720
2509,2509,2036,2036,2036,720,720
2510,2510,2037,2037,2037,720,720
2511,2511,2038,2038,2038,720,720
2512,2512,2039,2039,2039,720,720
2513,2513,2040,2040,2040,720,720
2515,2515,2041,2041,2041,721,721
2516,2516,2042,2042,2042,721,721
2517,2517,2043,2043,2043,721,721
2516,2517,2044,2043,2044,721,721
2517,2517,2045,2043,2045,721,721
2518,2518,2046,2046,2046,721,721
2519,2519,2047,2047,2047,721,721
2520,2520,2048,2048,2048,721,721
2521,2521,2049,2049,2049,721,721
2522,2522,2050,2050,2050,721,721
2523,2523,2051,2051,2051,721,721
2524,2524,2052,2052,2052,721,721
2525,2525,2053,2053,2053,721,721
2526,2526,2054,2054,2054,721,721
2527,2527,2055,2055,2055,721,721
2528,2528,2056,2056,2056,721,721
2529,2529,2057,2057,2057,721,721
2530,2530,2058,2058,2058,721,721
2531,2531,2059,2059,2059,721,721
2533,2533,2060,2060,2060,722,722
2534,2534,2061,2061,2061,722,722
2535,2535,2062,2062,2062,722,722
2536,2536,2063,2063,2063,722,722
2537,2537,2064,2064,2064,722,722
2538,2538,2065,2065,2065,722,722
2540,2540,2066,2066,2066,723,723
2541,2541,2067,2067,2067,723,723
2542,2542,2068,2068,2068,723,723
2543,2543,2069,2069,2069,723,723
2544,2544,2070,2070,2070,723,723
2543,2544,2071,2070,2071,723,723
2544,2544,2072,2070,2072,723,723
2545,2545,2073,2073,2073,723,723
2547,2547,2074,2074,2074,724,724
2548,2548,2075,2075,2075,724,724
2549,2549,2076,2076,2076,724,724
2550,2550,2077,2077,2077,724,724
2551,2551,2078,2078,2078,724,724
2550,2551,2079,2078,2079,724,724
2549,2551,2080,2078,2080,724,724
2550,2551,2081,2078,2081,724,724
2552,2552,2082,2082,2082,725,725
2550,2552,2083,2082,2083,725,725
2551,2552,2084,2082,2084,725,725
2552,2552,2085,2082,2085,725,725
2553,2553,2086,2086,2086,725,725
2553,2553,2087,2086,2087,725,725
2551,2553,2088,2086,2088,725,725
2552,2553,2089,2086,2089,725,725
2553,2553,2090,2086,2090,725,725
2552,2553,2091,2086,2091,725,725
2553,2553,2092,2086,2092,725,725
2554,2554,2093,2093,2093,725,725
2555,2555,2094,2094,2094,725,725
2556,2556,2095,2095,2095,725,725
2557,2557,2096,2096,2096,725,725
2558,2558,2097,2097,2097,725,725
2559,2559,2098,2098,2098,725,725
2560,2560,2099,2099,2099,725,725
2560,2560,2100,2099,2100,725,725
2561,2561,2101,2101,2101,725,725
2562,2562,2102,2102,2102,725,725
2563,2563,2103,2103,2103,725,725
2564,2564,2104,2104,2104,725,725
2565,2565,2105,2105,2105,725,725
2566,2566,2106,2106,2106,725,725
2567,2567,2107,2107,2107,725,725
2568,2568,2108,2108,2108,725,725
2569,2569,2109,2109,2109,725,725
2568,2569,2110,2109,2110,725,725
2569,2569,2111,2109,2111,725,725
2570,2570,2112,2112,2112,725,725
2572,2572,2113,2113,2113,726,726
2573,2573,2114,2114,2114,726,726
2573,2573,2115,2114,2115,726,726
2574,2574,2116,2116,2116,726,726
2575,2575,2117,2117,2117,726,726
2576,2576,2118,2118,2118,726,726
2578,2578,2119,2119,2119,727,727
2579,2579,2120,2120,2120,727,727
2580,2580,2121,2121,2121,727,727
2581,2581,2122,2122,2122,727,727
2582,2582,2123,2123,2123,727,727
2583,2583,2124,2124,2124,727,727
2585,2585,2125,2125,2125,728,728
2583,2585,2126,2125,2126,728,728
2584,2585,2127,2125,2127,728,728
2585,2585,2128,2125,2128,728,728
2586,2586,2129,2129,2129,728,728
2584,2586,2130,2129,2130,728,728
2585,2586,2131,2129,2131,728,728
2586,2586,2132,2129,2132,728,728
2587,2587,2133,2133,2133,728,728
2588,2588,2134,2134,2134,728,728
2589,2589,2135,2135,2135,728,728
2590,2590,2136,2136,2136,728,728
2591,2591,2137,2137,2137,728,728
2592,2592,2138,2138,2138,728,728
2593,2593,2139,2139,2139,728,728
2594,2594,2140,2140,2140,728,728
2594,2594,2141,2140,2141,728,728
2593,2594,2142,2140,2142,728,728
2594,2594,2143,2140,2143,728,728
2595,2595,2144,2144,2144,728,728
2596,2596,2145,2145,2145,728,728
2597,2597,2146,2146,2146,728,728
2595,2597,2147,2146,2147,728,728
2596,2597,2148,2146,2148,728,728
2595,2597,2149,2146,2149,728,728
2596,2597,2150,2146,2150,728,728
2597,2597,2151,2146,2151,728,728
2598,2598,2152,2152,2152,728,728
2599,2599,2153,2153,2153,728,728
2600,2600,2154,2154,2154,728,728
2601,2601,2155,2155,2155,728,728
2602,2602,2156,2156,2156,728,728
2603,2603,2157,2157,2157,728,728
2604,2604,2158,2158,2158,728,728
2605,2605,2159,2159,2159,728,728
2606,2606,2160,2160,2160,728,728
2607,2607,2161,2161,2161,728,728
2608,2608,2162,2162,2162,728,728
2609,2609,2163,2163,2163,728,728
2610,2610,2164,2164,2164,728,728
2611,2611,2165,2165,2165,728,728
2612,2612,2166,2166,2166,728,728
2613,2613,2167,2167,2167,728,728
2614,2614,2168,2168,2168,728,728
2615,2615,2169,2169,2169,728,728
2616,2616,2170,2170,2170,728,728
2617,2617,2171,2171,2171,728,728
2618,2618,2172,2172,2172,728,728
2619,2619,2173,2173,2173,728,728
2618,2619,2174,2173,2174,728,728
2619,2619,2175,2173,2175,728,728
2620,2620,2176,2176,2176,728,728
2621,2621,2177,2177,2177,728,728
2622,2622,2178,2178,2178,728,728
2621,2622,2179,2178,2179,728,728
2619,2622,2180,2178,2180,728,728
2617,2622,2181,2178,2181,728,728
2617,2622,2182,2178,2182,728,728
2616,2622,2183,2178,2183,728,728
2617,2622,2184,2178,2184,728,728
2615,2622,2185,2178,2185,728,728
2616,2622,2186,2178,2186,728,728
2617,2622,2187,2178,2187,728,728
2619,2622,2188,2178,2188,729,729
2621,2622,2189,2178,2189,730,730
2622,2622,2190,2178,2190,730,730
2623,2623,2191,2191,2191,730,730
2624,2624,2192,2192,2192,730,730
2625,2625,2193,2193,2193,730,730
2626,2626,2194,2194,2194,730,730
2627,2627,2195,2195,2195,730,730
2628,2628,2196,2196,2196,730,730
2629,2629,2197,2197,2197,730,730
2630,2630,2198,2198,2198,730,730
2631,2631,2199,2199,2199,730,730
2632,2632,2200,2200,2200,730,730
2630,2632,2201,2200,2201,730,730
2631,2632,2202,2200,2202,730,730
2632,2632,2203,2200,2203,730,730
2634,2634,2204,2204,2204,731,731
2635,2635,2205,2205,2205,731,731
2636,2636,2206,2206,2206,731,731
2637,2637,2207,2207,2207,731,731
2638,2638,2208,2208,2208,731,731
2639,2639,2209,2209,2209,731,731
2640,2640,2210,2210,2210,731,731
2641,2641,2211,2211,2211,731,731
2642,2642,2212,2212,2212,731,731
2644,2644,2213,2213,2213,732,732
2645,2645,2214,2214,2214,732,732
2646,2646,2215,2215,2215,732,732
2647,2647,2216,2216,2216,732,732
2648,2648,2217,2217,2217,732,732
2649,2649,2218,2218,2218,732,732
2650,2650,2219,2219,2219,732,732
2651,2651,2220,2220,2220,732,732
2653,2653,2221,2221,2221,733,733
2654,2654,2222,2222,2222,733,733
2655,2655,2223,2223,2223,733,733
2656,2656,2224,2224,2224,733,733
2657,2657,2225,2225,2225,733,733
2658,2658,2226,2226,2226,733,733
2659,2659,2227,2227,2227,733,733
2661,2661,2228,2228,2228,734,734
2660,2661,2229,2228,2229,734,734
2662,2662,2230,2230,2230,735,735
2663,2663,2231,2231,2231,735,735
2664,2664,2232,2232,2232,735,735
2665,2665,2233,2233,2233,735,735
2666,2666,2234,2234,2234,735,735
2667,2667,2235,2235,2235,735,735
2668,2668,2236,2236,2236,735,735
2668,2668,2237,2236,2237,735,735
2667,2668,2238,2236,2238,735,735
2668,2668,2239,2236,2239,735,735
2669,2669,2240,2240,2240,735,735
2670,2670,2241,2241,2241,735,735
2671,2671,2242,2242,2242,735,735
2673,2673,2243,2243,2243,736,736
2674,2674,2244,2244,2244,736,736
2675,2675,2245,2245,2245,736,736
2676,2676,2246,2246,2246,736,736
2677,2677,2247,2247,2247,736,736
2678,2678,2248,2248,2248,736,736
2679,2679,2249,2249,2249,736,736
2680,2680,2250,2250,2250,736,736
2681,2681,2251,2251,2251,736,736
2683,2683,2252,2252,2252,737,737
2684,2684,2253,2253,2253,737,737
2685,2685,2254,2254,2254,737,737
2686,2686,2255,2255,2255,737,737
2688,2688,2256,2256,2256,738,738
2689,2689,2257,2257,2257,738,738
2690,2690,2258,2258,2258,738,738
2691,2691,2259,2259,2259,738,738
2692,2692,2260,2260,2260,738,738
2693,2693,2261,2261,2261,738,738
2694,2694,2262,2262,2262,738,738
2693,2694,2263,2262,2263,738,738
2694,2694,2264,2262,2264,738,738
2695,2695,2265,2265,2265,738,738
2693,2695,2266,2265,2266,738,738
2694,2695,2267,2265,2267,738,738
2693,2695,2268,2265,2268,738,738
2694,2695,2269,2265,2269,738,738
2695,2695,2270,2265,2270,738,738
2696,2696,2271,2271,2271,738,738
2697,2697,2272,2272,2272,738,738
2698,2698,2273,2273,2273,738,738
2699,2699,2274,2274,2274,738,738
2700,2700,2275,2275,2275,738,738
2701,2701,2276,2276,2276,738,738
2702,2702,2277,2277,2277,738,738
2703,2703,2278,2278,2278,738,738
2704,2704,2279,2279,2279,738,738
2706,2706,2280,2280,2280,739,739
2707,2707,2281,2281,2281,739,739
2709,2709,2282,2282,2282,740,740
2710,2710,2283,2283,2283,740,740
2711,2711,2284,2284,2284,740,740
2711,2711,2285,2284,2285,740,740
2712,2712,2286,2286,2286,740,740
2710,2712,2287,2286,2287,740,740
2709,2712,2288,2286,2288,740,740
2710,2712,2289,2286,2289,740,740
2712,2712,2290,2286,2290,741,741
2713,2713,2291,2291,2291,741,741
2714,2714,2292,2292,2292,741,741
2715,2715,2293,2293,2293,741,741
2716,2716,2294,2294,2294,741,741
2717,2717,2295,2295,2295,741,741
2718,2718,2296,2296,2296,741,741
2719,2719,2297,2297,2297,741,741
2720,2720,2298,2298,2298,741,741
2721,2721,2299,2299,2299,741,741
2722,2722,2300,2300,2300,741,741
2719,2722,2301,2300,2301,741,741
2720,2722,2302,2300,2302,741,741
2721,2722,2303,2300,2303,741,741
2722,2722,2304,2300,2304,741,741
2722,2722,2305,2300,2305,741,741
2723,2723,2306,2306,2306,741,741
2724,2724,2307,2307,2307,741,741
2725,2725,2308,2308,2308,741,741
2726,2726,2309,2309,2309,741,741
2727,2727,2310,2310,2310,741,741
2728,2728,2311,2311,2311,741,741
2729,2729,2312,2312,2312,741,741
2730,2730,2313,2313,2313,741,741
2731,2731,2314,2314,2314,741,741
2732,2732,2315,2315,2315,741,741
2733,2733,2316,2316,2316,741,741
2730,2733,2317,2316,2317,741,741
2731,2733,2318,2316,2318,741,741
2732,2733,2319,2316,2319,741,741
2733,2733,2320,2316,2320,741,741
2729,2733,2321,2316,2321,741,741
2730,2733,2322,2316,2322,741,741
2731,2733,2323,2316,2323,741,741
2732,2733,2324,2316,2324,741,741
2733,2733,2325,2316,2325,741,741
2734,2734,2326,2326,2326,741,741
2735,2735,2327,2327,2327,741,741
2733,2735,2328,2327,2328,741,741
2735,2735,2329,2327,2329,742,742
2733,2735,2330,2327,2330,742,742
2734,2735,2331,2327,2331,742,742
2735,2735,2332,2327,2332,742,742
2733,2735,2333,2327,2333,742,742
2732,2735,2334,2327,2334,742,742
2733,2735,2335,2327,2335,742,742
2730,2735,2336,2327,2336,742,742
2731,2735,2337,2327,2337,742,742
2732,2735,2338,2327,2338,742,742
2733,2735,2339,2327,2339,742,742
2734,2735,2340,2327,2340,742,742
2735,2735,2341,2327,2341,742,742
2736,2736,2342,2342,2342,742,742
2736,2736,2343,2342,2343,742,742
2735,2736,2344,2342,2344,742,742
2736,2736,2345,2342,2345,742,742
2737,2737,2346,2346,2346,742,742
2738,2738,2347,2347,2347,742,742
2739,2739,2348,2348,2348,742,742
2740,2740,2349,2349,2349,742,742
2741,2741,2350,2350,2350,742,742
2740,2741,2351,2350,2351,742,742
2741,2741,2352,2350,2352,742,742
2742,2742,2353,2353,2353,742,742
2741,2742,2354,2353,2354,742,742
2738,2742,2355,2353,2355,742,742
2739,2742,2356,2353,2356,742,742
2741,2742,2357,2353,2357,743,743
2742,2742,2358,2353,2358,743,743
2743,2743,2359,2359,2359,743,743
2744,2744,2360,2360,2360,743,743
2743,2744,2361,2360,2361,743,743
2744,2744,2362,2360,2362,743,743
2745,2745,2363,2363,2363,743,743
2746,2746,2364,2364,2364,743,743
2745,2746,2365,2364,2365,743,743
2746,2746,2366,2364,2366,743,743
2747,2747,2367,2367,2367,743,743
2748,2748,2368,2368,2368,743,743
2749,2749,2369,2369,2369,743,743
2748,2749,2370,2369,2370,743,743
2749,2749,2371,2369,2371,743,743
2750,2750,2372,2372,2372,743,743
2751,2751,2373,2373,2373,743,743
2748,2751,2374,2373,2374,743,743
2749,2751,2375,2373,2375,743,743
2751,2751,2376,2373,2376,744,744
2752,2752,2377,2377,2377,744,744
2753,2753,2378,2378,2378,744,744
2754,2754,2379,2379,2379,744,744
2756,2756,2380,2380,2380,745,745
2757,2757,2381,2381,2381,745,745
2758,2758,2382,2382,2382,745,745
2759,2759,2383,2383,2383,745,745
2760,2760,2384,2384,2384,745,745
2761,2761,2385,2385,2385,745,745
2762,2762,2386,2386,2386,745,745
2763,2763,2387,2387,2387,745,745
2764,2764,2388,2388,2388,745,745
2766,2766,2389,2389,2389,746,746
2767,2767,2390,2390,2390,746,746
2768,2768,2391,2391,2391,746,746
2769,2769,2392,2392,2392,746,746
2770,2770,2393,2393,2393,746,746
2771,2771,2394,2394,2394,746,746
2772,2772,2395,2395,2395,746,746
2773,2773,2396,2396,2396,746,746
2774,2774,2397,2397,2397,746,746
2775,2775,2398,2398,2398,746,746
2772,2775,2399,2398,2399,746,746
2773,2775,2400,2398,2400,746,746
2775,2775,2401,2398,2401,747,747
2776,2776,2402,2402,2402,747,747
2777,2777,2403,2403,2403,747,747
2778,2778,2404,2404,2404,747,747
2777,2778,2405,2404,2405,747,747
2778,2778,2406,2404,2406,747,747
2780,2780,2407,2407,2407,748,748
2781,2781,2408,2408,2408,748,748
2778,2781,2409,2408,2409,748,747
2779,2781,2410,2408,2410,748,747
2780,2781,2411,2408,2411,748,747
2779,2781,2412,2408,2412,748,747
2780,2781,2413,2408,2413,748,747
2780,2781,2414,2408,2414,748,747
2781,2781,2415,2408,2415,748,747
2782,2782,2416,2416,2416,748,747
2783,2783,2417,2417,2417,748,747
2784,2784,2418,2418,2418,748,747
2785,2785,2419,2419,2419,748,747
2786,2786,2420,2420,2420,748,747
2787,2787,2421,2421,2421,748,747
2788,2788,2422,2422,2422,748,747
2787,2788,2423,2422,2423,748,747
2788,2788,2424,2422,2424,748,747
2789,2789,2425,2425,2425,748,747
2788,2789,2426,2425,2426,748,747
2789,2789,2427,2425,2427,748,747
2790,2790,2428,2428,2428,748,747
2791,2791,2429,2429,2429,748,747
2791,2791,2430,2429,2430,748,747
2792,2792,2431,2431,2431,748,747
2793,2793,2432,2432,2432,748,747
2794,2794,2433,2433,2433,748,747
2793,2794,2434,2433,2434,748,747
2794,2794,2435,2433,2435,748,747
2795,2795,2436,2436,2436,748,747
2796,2796,2437,2437,2437,748,747
2797,2797,2438,2438,2438,748,747
2798,2798,2439,2439,2439,748,747
2799,2799,2440,2440,2440,748,747
2800,2800,2441,2441,2441,748,747
2801,2801,2442,2442,2442,748,747
2802,2802,2443,2443,2443,748,747
2803,2803,2444,2444,2444,748,747
2804,2804,2445,2445,2445,748,747
2805,2805,2446,2446,2446,748,747
2806,2806,2447,2447,2447,748,747
2807,2807,2448,2448,2448,748,747
2808,2808,2449,2449,2449,748,747
2809,2809,2450,2450,2450,748,747
2810,2810,2451,2451,2451,748,747
2811,2811,2452,2452,2452,748,747
2810,2811,2453,2452,2453,748,747
2811,2811,2454,2452,2454,748,747
2812,2812,2455,2455,2455,748,747
2813,2813,2456,2456,2456,748,747
2814,2814,2457,2457,2457,748,747
2815,2815,2458,2458,2458,748,747
2816,2816,2459,2459,2459,748,747
2817,2817,2460,2460,2460,748,747
2818,2818,2461,2461,2461,748,747
2819,2819,2462,2462,2462,748,747
2820,2820,2463,2463,2463,748,747
2821,2821,2464,2464,2464,748,747
2822,2822,2465,2465,2465,748,747
2823,2823,2466,2466,2466,748,747
2824,2824,2467,2467,2467,748,747
2825,2825,2468,2468,2468,748,747
2826,2826,2469,2469,2469,748,747
2827,2827,2470,2470,2470,748,747
2828,2828,2471,2471,2471,748,747
2829,2829,2472,2472,2472,748,747
2830,2830,2473,2473,2473,748,747
2831,2831,2474,2474,2474,748,747
2831,2831,2475,2474,2475,748,747
2832,2832,2476,2476,2476,748,747
2833,2833,2477,2477,2477,748,747
2834,2834,2478,2478,2478,748,747
2833,2834,2479,2478,2479,748,747
2834,2834,2480,2478,2480,748,747
2835,2835,2481,2481,2481,748,747
2836,2836,2482,2482,2482,748,747
2837,2837,2483,2483,2483,748,747
2838,2838,2484,2484,2484,748,747
2837,2838,2485,2484,2485,748,747
2839,2839,2486,2486,2486,748,748
2840,2840,2487,2487,2487,748,748
2841,2841,2488,2488,2488,748,748
2842,2842,2489,2489,2489,748,748
2843,2843,2490,2490,2490,748,748
2844,2844,2491,2491,2491,748,748
2845,2845,2492,2492,2492,748,748
2845,2845,2493,2492,2493,748,748
2842,2845,2494,2492,2494,748,748
2841,2845,2495,2492,2495,748,748
2842,2845,2496,2492,2496,748,748
2843,2845,2497,2492,2497,748,748
2844,2845,2498,2492,2498,748,748
2845,2845,2499,2492,2499,748,748
2846,2846,2500,2500,2500,748,748
2846,2846,2501,2500,2501,748,748
2847,2847,2502,2502,2502,748,748
2848,2848,2503,2503,2503,748,748
2849,2849,2504,2504,2504,748,748
2850,2850,2505,2505,2505,748,748
2851,2851,2506,2506,2506,748,748
2852,2852,2507,2507,2507,748,748
2853,2853,2508,2508,2508,748,748
2854,2854,2509,2509,2509,748,748
2853,2854,2510,2509,2510,748,748
2853,2854,2511,2509,2511,748,748
2854,2854,2512,2509,2512,748,748
2854,2854,2513,2509,2513,748,748
2855,2855,2514,2514,2514,748,748
2854,2855,2515,2514,2515,748,748
2855,2855,2516,2514,2516,748,748
2856,2856,2517,2517,2517,748,748
2857,2857,2518,2518,2518,748,748
2858,2858,2519,2519,2519,748,748
2859,2859,2520,2520,2520,748,748
2860,2860,2521,2521,2521,748,748
2861,2861,2522,2522,2522,748,748
2862,2862,2523,2523,2523,748,748
2863,2863,2524,2524,2524,748,748
2864,2864,2525,2525,2525,748,748
2865,2865,2526,2526,2526,748,748
2864,2865,2527,2526,2527,748,748
2865,2865,2528,2526,2528,748,748
2867,2867,2529,2529,2529,749,749
2868,2868,2530,2530,2530,749,749
2869,2869,2531,2531,2531,749,749
2870,2870,2532,2532,2532,749,749
2870,2870,2533,2532,2533,749,749
2871,2871,2534,2534,2534,749,749
2872,2872,2535,2535,2535,749,749
2873,2873,2536,2536,2536,749,749
2872,2873,2537,2536,2537,749,749
2873,2873,2538,2536,2538,749,749
2872,2873,2539,2536,2539,749,749
2867,2873,2540,2536,2540,749,748
2868,2873,2541,2536,2541,749,748
2867,2873,2542,2536,2542,749,748
2866,2873,2543,2536,2543,749,748
2867,2873,2544,2536,2544,749,748
2864,2873,2545,2536,2545,749,748
2865,2873,2546,2536,2546,749,748
2866,2873,2547,2536,2547,749,748
2867,2873,2548,2536,2548,749,748
2868,2873,2549,2536,2549,749,748
2868,2873,2550,2536,2550,749,748
2869,2873,2551,2536,2551,749,748
2869,2873,2552,2536,2552,749,748
2870,2873,2553,2536,2553,749,748
2867,2873,2554,2536,2554,749,748
2868,2873,2555,2536,2555,749,748
2869,2873,2556,2536,2556,749,748
2870,2873,2557,2536,2557,749,748
2871,2873,2558,2536,2558,749,748
2872,2873,2559,2536,2559,749,748
2872,2873,2560,2536,2560,749,748
2872,2873,2561,2536,2561,749,748
2874,2874,2562,2562,2562,749,749
2875,2875,2563,2563,2563,749,749
2877,2877,2564,2564,2564,750,750
2878,2878,2565,2565,2565,750,750
2878,2878,2566,2565,2566,750,750
2879,2879,2567,2567,2567,750,750
2880,2880,2568,2568,2568,750,750
2881,2881,2569,2569,2569,750,750
2882,2882,2570,2570,2570,750,750
2883,2883,2571,2571,2571,750,750
2884,2884,2572,2572,2572,750,750
2883,2884,2573,2572,2573,750,750
2884,2884,2574,2572,2574,750,750
2885,2885,2575,2575,2575,750,750
2886,2886,2576,2576,2576,750,750
2887,2887,2577,2577,2577,750,750
2888,2888,2578,2578,2578,750,750
2889,2889,2579,2579,2579,750,750
2891,2891,2580,2580,2580,751,751
2892,2892,2581,2581,2581,751,751
2893,2893,2582,2582,2582,751,751
2894,2894,2583,2583,2583,751,751
2896,2896,2584,2584,2584,752,752
2897,2897,2585,2585,2585,752,752
2898,2898,2586,2586,2586,752,752
2897,2898,2587,2586,2587,752,752
2895,2898,2588,2586,2588,752,752
2896,2898,2589,2586,2589,752,752
2897,2898,2590,2586,2590,752,752
2896,2898,2591,2586,2591,752,752
2897,2898,2592,2586,2592,752,752
2898,2898,2593,2586,2593,752,752
2899,2899,2594,2594,2594,752,752
2900,2900,2595,2595,2595,752,752
2901,2901,2596,2596,2596,752,752
2902,2902,2597,2597,2597,752,752
2903,2903,2598,2598,2598,752,752
2905,2905,2599,2599,2599,753,753
2906,2906,2600,2600,2600,753,753
2907,2907,2601,2601,2601,753,753
2906,2907,2602,2601,2602,753,753
2907,2907,2603,2601,2603,753,753
2908,2908,2604,2604,2604,753,753
2909,2909,2605,2605,2605,753,753
2910,2910,2606,2606,2606,753,753
2911,2911,2607,2607,2607,753,753
2912,2912,2608,2608,2608,753,753
2913,2913,2609,2609,2609,753,753
2913,2913,2610,2609,2610,753,753
2914,2914,2611,2611,2611,753,753
2915,2915,2612,2612,2612,753,753
2916,2916,2613,2613,2613,753,753
2913,2916,2614,2613,2614,753,753
2914,2916,2615,2613,2615,753,753
2916,2916,2616,2613,2616,754,754
2917,2917,2617,2617,2617,754,754
2918,2918,2618,2618,2618,754,754
2919,2919,2619,2619,2619,754,754
2920,2920,2620,2620,2620,754,754
2921,2921,2621,2621,2621,754,754
2919,2921,2622,2621,2622,754,754
2920,2921,2623,2621,2623,754,754
2921,2921,2624,2621,2624,754,754
2922,2922,2625,2625,2625,754,754
2923,2923,2626,2626,2626,754,754
2924,2924,2627,2627,2627,754,754
2925,2925,2628,2628,2628,754,754
2926,2926,2629,2629,2629,754,754
2924,2926,2630,2629,2630,754,754
2925,2926,2631,2629,2631,754,754
2926,2926,2632,2629,2632,754,754
2927,2927,2633,2633,2633,754,754
2928,2928,2634,2634,2634,754,754
2929,2929,2635,2635,2635,754,754
2930,2930,2636,2636,2636,754,754
2931,2931,2637,2637,2637,754,754
2932,2932,2638,2638,2638,754,754
2933,2933,2639,2639,2639,754,754
2934,2934,2640,2640,2640,754,754
2935,2935,2641,2641,2641,754,754
2936,2936,2642,2642,2642,754,754
2937,2937,2643,2643,2643,754,754
2938,2938,2644,2644,2644,754,754
2937,2938,2645,2644,2645,754,754
2936,2938,2646,2644,2646,754,754
2934,2938,2647,2644,2647,754,754
2935,2938,2648,2644,2648,754,754
2936,2938,2649,2644,2649,754,754
2937,2938,2650,2644,2650,754,754
2938,2938,2651,2644,2651,754,754
2939,2939,2652,2652,2652,754,754
2935,2939,2653,2652,2653,754,754
2936,2939,2654,2652,2654,754,754
2937,2939,2655,2652,2655,754,754
2935,2939,2656,2652,2656,754,754
2936,2939,2657,2652,2657,754,754
2937,2939,2658,2652,2658,754,754
2938,2939,2659,2652,2659,754,754
2939,2939,2660,2652,2660,754,754
2940,2940,2661,2661,2661,754,754
2941,2941,2662,2662,2662,754,754
2942,2942,2663,2663,2663,754,754
2943,2943,2664,2664,2664,754,754
2943,2943,2665,2664,2665,754,754
2944,2944,2666,2666,2666,754,754
2944,2944,2667,2666,2667,754,754
2943,2944,2668,2666,2668,754,753
2943,2944,2669,2666,2669,754,753
2941,2944,2670,2666,2670,754,753
2942,2944,2671,2666,2671,754,753
2943,2944,2672,2666,2672,754,753
2942,2944,2673,2666,2673,754,753
2943,2944,2674,2666,2674,754,753
2941,2944,2675,2666,2675,754,753
2942,2944,2676,2666,2676,754,753
2943,2944,2677,2666,2677,754,753
2944,2944,2678,2666,2678,754,753
2945,2945,2679,2679,2679,754,753
2946,2946,2680,2680,2680,754,753
2945,2946,2681,2680,2681,754,753
2947,2947,2682,2682,2682,754,754
2948,2948,2683,2683,2683,754,754
2949,2949,2684,2684,2684,754,754
2948,2949,2685,2684,2685,754,754
2949,2949,2686,2684,2686,754,754
2950,2950,2687,2687,2687,754,754
2952,2952,2688,2688,2688,755,755
2953,2953,2689,2689,2689,755,755
2954,2954,2690,2690,2690,755,755
2954,2954,2691,2690,2691,755,755
2955,2955,2692,2692,2692,755,755
2956,2956,2693,2693,2693,755,755
2957,2957,2694,2694,2694,755,755
2958,2958,2695,2695,2695,755,755
2959,2959,2696,2696,2696,755,755
2960,2960,2697,2697,2697,755,755
2961,2961,2698,2698,2698,755,755
2962,2962,2699,2699,2699,755,755
2963,2963,2700,2700,2700,755,755
2963,2963,2701,2700,2701,755,755
2964,2964,2702,2702,2702,755,755
2965,2965,2703,2703,2703,755,755
2966,2966,2704,2704,2704,755,755
2968,2968,2705,2705,2705,756,756
2969,2969,2706,2706,2706,756,756
2970,2970,2707,2707,2707,756,756
2968,2970,2708,2707,2708,756,756
2969,2970,2709,2707,2709,756,756
2970,2970,2710,2707,2710,756,756
2971,2971,2711,2711,2711,756,756
2972,2972,2712,2712,2712,756,756
2973,2973,2713,2713,2713,756,756
2974,2974,2714,2714,2714,756,756
2975,2975,2715,2715,2715,756,756
2976,2976,2716,2716,2716,756,756
2976,2976,2717,2716,2717,756,756
2977,2977,2718,2718,2718,756,756
2978,2978,2719,2719,2719,756,756
2979,2979,2720,2720,2720,756,756
2980,2980,2721,2721,2721,756,756
2976,2980,2722,2721,2722,756,756
2975,2980,2723,2721,2723,756,756
2976,2980,2724,2721,2724,756,756
2977,2980,2725,2721,2725,756,756
2978,2980,2726,2721,2726,756,756
2979,2980,2727,2721,2727,756,756
2976,2980,2728,2721,2728,756,756
2977,2980,2729,2721,2729,756,756
2978,2980,2730,2721,2730,756,756
2979,2980,2731,2721,2731,756,756
2980,2980,2732,2721,2732,756,756
2981,2981,2733,2733,2733,756,756
2982,2982,2734,2734,2734,756,756
2983,2983,2735,2735,2735,756,756
2984,2984,2736,2736,2736,756,756
2982,2984,2737,2736,2737,756,756
2983,2984,2738,2736,2738,756,756
2984,2984,2739,2736,2739,756,756
2985,2985,2740,2740,2740,756,756
2982,2985,2741,2740,2741,756,756
2983,2985,2742,2740,2742,756,756
2984,2985,2743,2740,2743,756,756
2985,2985,2744,2740,2744,756,756
2984,2985,2745,2740,2745,756,756
2985,2985,2746,2740,2746,756,756
2986,2986,2747,2747,2747,756,756
2988,2988,2748,2748,2748,757,757
2987,2988,2749,2748,2749,757,757
2988,2988,2750,2748,2750,757,757
2989,2989,2751,2751,2751,757,757
2990,2990,2752,2752,2752,757,757
2991,2991,2753,2753,2753,757,757
2992,2992,2754,2754,2754,757,757
2993,2993,2755,2755,2755,757,757
2994,2994,2756,2756,2756,757,757
2995,2995,2757,2757,2757,757,757
2994,2995,2758,2757,2758,757,757
2995,2995,2759,2757,2759,757,757
2993,2995,2760,2757,2760,757,757
2994,2995,2761,2757,2761,757,757
2995,2995,2762,2757,2762,757,757
2996,2996,2763,2763,2763,757,757
2996,2996,2764,2763,2764,757,757
2995,2996,2765,2763,2765,757,756
2996,2996,2766,2763,2766,757,756
2997,2997,2767,2767,2767,757,756
2996,2997,2768,2767,2768,757,756
2997,2997,2769,2767,2769,757,756
2998,2998,2770,2770,2770,757,756
2999,2999,2771,2771,2771,757,756
2998,2999,2772,2771,2772,757,756
2999,2999,2773,2771,2773,757,756
3000,3000,2774,2774,2774,757,756
3001,3001,2775,2775,2775,757,756
3000,3001,2776,2775,2776,757,756
3001,3001,2777,2775,2777,757,756
3002,3002,2778,2778,2778,757,756
2999,3002,2779,2778,2779,757,756
2998,3002,2780,2778,2780,757,756
2998,3002,2781,2778,2781,757,756
2997,3002,2782,2778,2782,757,756
2998,3002,2783,2778,2783,757,756
2999,3002,2784,2778,2784,757,756
3000,3002,2785,2778,2785,757,756
2997,3002,2786,2778,2786,757,756
2998,3002,2787,2778,2787,757,756
2999,3002,2788,2778,2788,757,756
3000,3002,2789,2778,2789,757,756
2998,3002,2790,2778,2790,757,756
2999,3002,2791,2778,2791,757,756
3000,3002,2792,2778,2792,757,756
3001,3002,2793,2778,2793,757,756
3002,3002,2794,2778,2794,757,756
3001,3002,2795,2778,2795,757,756
3000,3002,2796,2778,2796,757,756
3001,3002,2797,2778,2797,757,756
3002,3002,2798,2778,2798,757,756
3003,3003,2799,2799,2799,757,756
3004,3004,2800,2800,2800,757,756
3004,3004,2801,2800,2801,757,756
3003,3004,2802,2800,2802,757,756
3004,3004,2803,2800,2803,757,756
3005,3005,2804,2804,2804,757,756
3006,3006,2805,2805,2805,757,756
3007,3007,2806,2806,2806,757,756
3008,3008,2807,2807,2807,757,756
3009,3009,2808,2808,2808,757,756
3010,3010,2809,2809,2809,757,756
3011,3011,2810,2810,2810,757,756
3010,3011,2811,2810,2811,757,756
3011,3011,2812,2810,2812,757,756
3012,3012,2813,2813,2813,757,756
3013,3013,2814,2814,2814,757,756
3014,3014,2815,2815,2815,757,756
3015,3015,2816,2816,2816,757,756
3016,3016,2817,2817,2817,757,756
3015,3016,2818,2817,2818,757,756
3012,3016,2819,2817,2819,757,756
3011,3016,2820,2817,2820,757,756
3012,3016,2821,2817,2821,757,756
3013,3016,2822,2817,2822,757,756
3014,3016,2823,2817,2823,757,756
3015,3016,2824,2817,2824,757,756
3016,3016,2825,2817,2825,757,756
3017,3017,2826,2826,2826,757,756
3018,3018,2827,2827,2827,757,756
3015,3018,2828,2827,2828,757,756
3016,3018,2829,2827,2829,757,756
3018,3018,2830,2827,2830,757,757
3019,3019,2831,2831,2831,757,757
3020,3020,2832,2832,2832,757,757
3021,3021,2833,2833,2833,757,757
3022,3022,2834,2834,2834,757,757
3023,3023,2835,2835,2835,757,757
3024,3024,2836,2836,2836,757,757
3024,3024,2837,2836,2837,757,757
3023,3024,2838,2836,2838,757,757
3025,3025,2839,2839,2839,758,758
3026,3026,2840,2840,2840,758,758
3025,3026,2841,2840,2841,758,758
3026,3026,2842,2840,2842,758,758
3026,3026,2843,2840,2843,758,758
3027,3027,2844,2844,2844,758,758
3028,3028,2845,2845,2845,758,758
3029,3029,2846,2846,2846,758,758
3030,3030,2847,2847,2847,758,758
3031,3031,2848,2848,2848,758,758
3032,3032,2849,2849,2849,758,758
3032,3032,2850,2849,2850,758,758
3032,3032,2851,2849,2851,758,758
3031,3032,2852,2849,2852,758,758
3032,3032,2853,2849,2853,758,758
3033,3033,2854,2854,2854,758,758
3034,3034,2855,2855,2855,758,758
3035,3035,2856,2856,2856,758,758
3036,3036,2857,2857,2857,758,758
3035,3036,2858,2857,2858,758,758
3037,3037,2859,2859,2859,759,759
3036,3037,2860,2859,2860,759,759
3037,3037,2861,2859,2861,759,759
3038,3038,2862,2862,2862,759,759
3039,3039,2863,2863,2863,759,759
3039,3039,2864,2863,2864,759,759
3040,3040,2865,2865,2865,759,759
3041,3041,2866,2866,2866,759,759
3042,3042,2867,2867,2867,759,759
3043,3043,2868,2868,2868,759,759
3044,3044,2869,2869,2869,759,759
3045,3045,2870,2870,2870,759,759
3046,3046,2871,2871,2871,759,759
3045,3046,2872,2871,2872,759,759
3045,3046,2873,2871,2873,759,759
3043,3046,2874,2871,2874,759,759
3040,3046,2875,2871,2875,759,759
3041,3046,2876,2871,2876,759,759
3039,3046,2877,2871,2877,759,759
3037,3046,2878,2871,2878,759,759
3035,3046,2879,2871,2879,759,759
3036,3046,2880,2871,2880,759,759
3037,3046,2881,2871,2881,759,759
3036,3046,2882,2871,2882,759,759
3037,3046,2883,2871,2883,759,759
3038,3046,2884,2871,2884,759,759
3039,3046,2885,2871,2885,759,759
3040,3046,2886,2871,2886,759,759
3036,3046,2887,2871,2887,759,759
3033,3046,2888,2871,2888,759,759
3034,3046,2889,2871,2889,759,759
3035,3046,2890,2871,2890,759,759
3036,3046,2891,2871,2891,759,759
3035,3046,2892,2871,2892,759,759
3034,3046,2893,2871,2893,759,759
3032,3046,2894,2871,2894,759,759
3033,3046,2895,2871,2895,759,759
3034,3046,2896,2871,2896,759,759
3032,3046,2897,2871,2897,759,759
3033,3046,2898,2871,2898,759,759
3031,3046,2899,2871,2899,759,759
3030,3046,2900,2871,2900,759,759
3031,3046,2901,2871,2901,759,759
3032,3046,2902,2871,2902,759,759
3033,3046,2903,2871,2903,759,759
3031,3046,2904,2871,2904,759,759
3032,3046,2905,2871,2905,759,759
3033,3046,2906,2871,2906,759,759
3034,3046,2907,2871,2907,759,759
3035,3046,2908,2871,2908,759,759
3036,3046,2909,2871,2909,759,759
3037,3046,2910,2871,2910,759,759
3038,3046,2911,2871,2911,759,759
3039,3046,2912,2871,2912,759,759
3040,3046,2913,2871,2913,759,759
3041,3046,2914,2871,2914,759,759
3040,3046,2915,2871,2915,759,759
3041,3046,2916,2871,2916,759,759
3042,3046,2917,2871,2917,759,759
3043,3046,2918,2871,2918,759,759
3044,3046,2919,2871,2919,759,759
3045,3046,2920,2871,2920,759,759
3046,3046,2921,2871,2921,759,759
3047,3047,2922,2922,2922,759,759
3048,3048,2923,2923,2923,759,759
3049,3049,2924,2924,2924,759,759
3050,3050,2925,2925,2925,759,759
3051,3051,2926,2926,2926,759,759
3052,3052,2927,2927,2927,759,759
3052,3052,2928,2927,2928,759,759
3053,3053,2929,2929,2929,759,759
3054,3054,2930,2930,2930,759,759
3055,3055,2931,2931,2931,759,759
3056,3056,2932,2932,2932,759,759
3057,3057,2933,2933,2933,759,759
3058,3058,2934,2934,2934,759,759
3059,3059,2935,2935,2935,759,759
3058,3059,2936,2935,2936,759,759
3059,3059,2937,2935,2937,759,759
3060,3060,2938,2938,2938,759,759
3061,3061,2939,2939,2939,759,759
3062,3062,2940,2940,2940,759,759
3063,3063,2941,2941,2941,759,759
3064,3064,2942,2942,2942,759,759
3065,3065,2943,2943,2943,759,759
3066,3066,2944,2944,2944,759,759
3067,3067,2945,2945,2945,759,759
3068,3068,2946,2946,2946,759,759
3066,3068,2947,2946,2947,759,759
3064,3068,2948,2946,2948,759,759
3065,3068,2949,2946,2949,759,759
3066,3068,2950,2946,2950,759,759
3067,3068,2951,2946,2951,759,759
3068,3068,2952,2946,2952,759,759
3069,3069,2953,2953,2953,759,759
3070,3070,2954,2954,2954,759,759
3071,3071,2955,2955,2955,759,759
3072,3072,2956,2956,2956,759,759
3073,3073,2957,2957,2957,759,759
3074,3074,2958,2958,2958,759,759
3075,3075,2959,2959,2959,759,759
3076,3076,2960,2960,2960,759,759
3077,3077,2961,2961,2961,759,759
3078,3078,2962,2962,2962,759,759
3075,3078,2963,2962,2963,759,759
3077,3078,2964,2962,2964,760,760
3078,3078,2965,2962,2965,760,760
3077,3078,2966,2962,2966,760,760
3078,3078,2967,2962,2967,760,760
3079,3079,2968,2968,2968,760,760
3077,3079,2969,2968,2969,760,760
3078,3079,2970,2968,2970,760,760
3075,3079,2971,2968,2971,760,759
3077,3079,2972,2968,2972,760,760
3078,3079,2973,2968,2973,760,760
3077,3079,2974,2968,2974,760,760
3077,3079,2975,2968,2975,760,760
3079,3079,2976,2968,2976,761,761
3080,3080,2977,2977,2977,761,761
3081,3081,2978,2978,2978,761,761
3082,3082,2979,2979,2979,761,761
3083,3083,2980,2980,2980,761,761
3082,3083,2981,2980,2981,761,761
3083,3083,2982,2980,2982,761,761
3084,3084,2983,2983,2983,761,761
3085,3085,2984,2984,2984,761,761
3086,3086,2985,2985,2985,761,761
3083,3086,2986,2985,2986,761,760
3084,3086,2987,2985,2987,761,760
3085,3086,2988,2985,2988,761,760
3086,3086,2989,2985,2989,761,760
3084,3086,2990,2985,2990,761,760
3085,3086,2991,2985,2991,761,760
3086,3086,2992,2985,2992,761,760
3087,3087,2993,2993,2993,761,760
3088,3088,2994,2994,2994,761,760
3089,3089,2995,2995,2995,761,760
3090,3090,2996,2996,2996,761,760
3087,3090,2997,2996,2997,761,760
3088,3090,2998,2996,2998,761,760
3089,3090,2999,2996,2999,761,760
3090,3090,3000,2996,3000,761,760
3089,3090,3001,2996,3001,761,760
3086,3090,3002,2996,3002,761,760
3087,3090,3003,2996,3003,761,760
3088,3090,3004,2996,3004,761,760
3087,3090,3005,2996,3005,761,760
3088,3090,3006,2996,3006,761,760
3089,3090,3007,2996,3007,761,760
3090,3090,3008,2996,3008,761,760
3091,3091,3009,3009,3009,761,760
3092,3092,3010,3010,3010,761,760
3092,3092,3011,3010,3011,761,760
3093,3093,3012,3012,3012,761,760
3089,3093,3013,3012,3013,761,759
3090,3093,3014,3012,3014,761,759
3092,3093,3015,3012,3015,761,760
3091,3093,3016,3012,3016,761,760
3089,3093,3017,3012,3017,761,760
3090,3093,3018,3012,3018,761,760
3091,3093,3019,3012,3019,761,760
3092,3093,3020,3012,3020,761,760
3093,3093,3021,3012,3021,761,760
3094,3094,3022,3022,3022,761,760
3095,3095,3023,3023,3023,761,760
3096,3096,3024,3024,3024,761,760
3096,3096,3025,3024,3025,761,760
3097,3097,3026,3026,3026,761,760
3098,3098,3027,3027,3027,761,760
3099,3099,3028,3028,3028,761,760
3100,3100,3029,3029,3029,761,760
3101,3101,3030,3030,3030,761,760
3100,3101,3031,3030,3031,761,760
3097,3101,3032,3030,3032,761,760
3098,3101,3033,3030,3033,761,760
3099,3101,3034,3030,3034,761,760
3100,3101,3035,3030,3035,761,760
3101,3101,3036,3030,3036,761,760
3102,3102,3037,3037,3037,761,760
3103,3103,3038,3038,3038,761,760
3104,3104,3039,3039,3039,761,760
3105,3105,3040,3040,3040,761,760
3104,3105,3041,3040,3041,761,760
3105,3105,3042,3040,3042,761,760
3106,3106,3043,3043,3043,761,760
3107,3107,3044,3044,3044,761,760
3107,3107,3045,3044,3045,761,760
3106,3107,3046,3044,3046,761,760
3107,3107,3047,3044,3047,761,760
3108,3108,3048,3048,3048,761,760
3109,3109,3049,3049,3049,761,760
3108,3109,3050,3049,3050,761,760
3109,3109,3051,3049,3051,761,760
3110,3110,3052,3052,3052,761,760
3111,3111,3053,3053,3053,761,760
3112,3112,3054,3054,3054,761,760
3113,3113,3055,3055,3055,761,760
3114,3114,3056,3056,3056,761,760
3115,3115,3057,3057,3057,761,760
3116,3116,3058,3058,3058,761,760
3117,3117,3059,3059,3059,761,760
3118,3118,3060,3060,3060,761,760
3119,3119,3061,3061,3061,761,760
3120,3120,3062,3062,3062,761,760
3121,3121,3063,3063,3063,761,760
3120,3121,3064,3063,3064,761,760
3121,3121,3065,3063,3065,761,760
3119,3121,3066,3063,3066,761,760
3120,3121,3067,3063,3067,761,760
3121,3121,3068,3063,3068,761,760
3122,3122,3069,3069,3069,761,760
3120,3122,3070,3069,3070,761,760
3121,3122,3071,3069,3071,761,760
3122,3122,3072,3069,3072,761,760
3123,3123,3073,3073,3073,761,760
3124,3124,3074,3074,3074,761,760
3122,3124,3075,3074,3075,761,760
3123,3124,3076,3074,3076,761,760
3124,3124,3077,3074,3077,761,760
3125,3125,3078,3078,3078,761,760
3126,3126,3079,3079,3079,761,760
3123,3126,3080,3079,3080,761,760
3123,3126,3081,3079,3081,761,760
3123,3126,3082,3079,3082,761,760
3121,3126,3083,3079,3083,761,760
3122,3126,3084,3079,3084,761,760
3123,3126,3085,3079,3085,761,760
3124,3126,3086,3079,3086,761,760
3125,3126,3087,3079,3087,761,760
3122,3126,3088,3079,3088,761,760
3123,3126,3089,3079,3089,761,760
3124,3126,3090,3079,3090,761,760
3122,3126,3091,3079,3091,761,760
3120,3126,3092,3079,3092,761,760
3121,3126,3093,3079,3093,761,760
3122,3126,3094,3079,3094,761,760
3123,3126,3095,3079,3095,761,760
3124,3126,3096,3079,3096,761,760
3125,3126,3097,3079,3097,761,760
3126,3126,3098,3079,3098,761,760
3127,3127,3099,3099,3099,761,760
3128,3128,3100,3100,3100,761,760
3128,3128,3101,3100,3101,761,760
3127,3128,3102,3100,3102,761,760
3128,3128,3103,3100,3103,761,760
3129,3129,3104,3104,3104,761,760
3130,3130,3105,3105,3105,761,760
3131,3131,3106,3106,3106,761,760
3130,3131,3107,3106,3107,761,760
3131,3131,3108,3106,3108,761,760
3132,3132,3109,3109,3109,761,760
3133,3133,3110,3110,3110,761,760
3134,3134,3111,3111,3111,761,760
3133,3134,3112,3111,3112,761,760
3134,3134,3113,3111,3113,761,760
3136,3136,3114,3114,3114,761,761
3135,3136,3115,3114,3115,761,761
3136,3136,3116,3114,3116,761,761
3133,3136,3117,3114,3117,761,761
3134,3136,3118,3114,3118,761,761
3135,3136,3119,3114,3119,761,761
3136,3136,3120,3114,3120,761,761
3137,3137,3121,3121,3121,761,761
3138,3138,3122,3122,3122,761,761
3139,3139,3123,3123,3123,761,761
3140,3140,3124,3124,3124,761,761
3141,3141,3125,3125,3125,761,761
3142,3142,3126,3126,3126,761,761
3143,3143,3127,3127,3127,761,761
3144,3144,3128,3128,3128,761,761
3144,3144,3129,3128,3129,761,761
3145,3145,3130,3130,3130,761,761
3146,3146,3131,3131,3131,761,761
3147,3147,3132,3132,3132,761,761
3146,3147,3133,3132,3133,761,761
3147,3147,3134,3132,3134,761,761
3148,3148,3135,3135,3135,761,761
3149,3149,3136,3136,3136,761,761
3147,3149,3137,3136,3137,761,761
3148,3149,3138,3136,3138,761,761
3149,3149,3139,3136,3139,761,761
3150,3150,3140,3140,3140,761,761
3151,3151,3141,3141,3141,761,761
3147,3151,3142,3141,3142,761,760
3148,3151,3143,3141,3143,761,760
3149,3151,3144,3141,3144,761,760
3148,3151,3145,3141,3145,761,760
3149,3151,3146,3141,3146,761,760
3150,3151,3147,3141,3147,761,760
3151,3151,3148,3141,3148,761,760
3152,3152,3149,3149,3149,761,760
3153,3153,3150,3150,3150,761,760
3149,3153,3151,3150,3151,761,759
3148,3153,3152,3150,3152,761,759
3145,3153,3153,3150,3153,761,759
3146,3153,3154,3150,3154,761,759
3147,3153,3155,3150,3155,761,759
3148,3153,3156,3150,3156,761,759
3149,3153,3157,3150,3157,761,759
3150,3153,3158,3150,3158,761,759
3151,3153,3159,3150,3159,761,759
3152,3153,3160,3150,3160,761,759
3153,3153,3161,3150,3161,761,759
3154,3154,3162,3162,3162,761,759
3154,3154,3163,3162,3163,761,759
3155,3155,3164,3164,3164,761,759
3157,3157,3165,3165,3165,761,760
3158,3158,3166,3166,3166,761,760
3159,3159,3167,3167,3167,761,760
3160,3160,3168,3168,3168,761,760
3158,3160,3169,3168,3169,761,760
3159,3160,3170,3168,3170,761,760
3156,3160,3171,3168,3171,761,760
3154,3160,3172,3168,3172,761,760
3154,3160,3173,3168,3173,761,760
3151,3160,3174,3168,3174,761,760
3149,3160,3175,3168,3175,761,760
3150,3160,3176,3168,3176,761,760
3152,3160,3177,3168,3177,761,761
3149,3160,3178,3168,3178,761,761
3150,3160,3179,3168,3179,761,761
3148,3160,3180,3168,3180,761,761
3146,3160,3181,3168,3181,761,761
3147,3160,3182,3168,3182,761,761
3148,3160,3183,3168,3183,761,761
3149,3160,3184,3168,3184,761,761
3150,3160,3185,3168,3185,761,761
3151,3160,3186,3168,3186,761,761
3152,3160,3187,3168,3187,761,761
3151,3160,3188,3168,3188,761,761
3152,3160,3189,3168,3189,761,761
3153,3160,3190,3168,3190,761,761
3154,3160,3191,3168,3191,761,761
3152,3160,3192,3168,3192,761,761
3150,3160,3193,3168,3193,761,761
3151,3160,3194,3168,3194,761,761
3152,3160,3195,3168,3195,761,761
3153,3160,3196,3168,3196,761,761
3154,3160,3197,3168,3197,761,761
3155,3160,3198,3168,3198,761,761
3153,3160,3199,3168,3199,761,761
3154,3160,3200,3168,3200,761,761
3155,3160,3201,3168,3201,761,761
3156,3160,3202,3168,3202,761,761
3157,3160,3203,3168,3203,761,761
3158,3160,3204,3168,3204,761,761
3159,3160,3205,3168,3205,761,761
3160,3160,3206,3168,3206,761,761
3161,3161,3207,3207,3207,761,761
3162,3162,3208,3208,3208,761,761
3161,3162,3209,3208,3209,761,761
3160,3162,3210,3208,3210,761,761
3161,3162,3211,3208,3211,761,761
3161,3162,3212,3208,3212,761,761
3158,3162,3213,3208,3213,761,761
3159,3162,3214,3208,3214,761,761
3158,3162,3215,3208,3215,761,761
3156,3162,3216,3208,3216,761,761
3153,3162,3217,3208,3217,761,761
3153,3162,3218,3208,3218,761,761
3152,3162,3219,3208,3219,761,761
3153,3162,3220,3208,3220,761,761
3154,3162,3221,3208,3221,761,761
3155,3162,3222,3208,3222,761,761
3152,3162,3223,3208,3223,761,761
3153,3162,3224,3208,3224,761,761
3154,3162,3225,3208,3225,761,761
3152,3162,3226,3208,3226,761,761
3153,3162,3227,3208,3227,761,761
3152,3162,3228,3208,3228,761,761
3153,3162,3229,3208,3229,761,761
3154,3162,3230,3208,3230,761,761
3155,3162,3231,3208,3231,761,761
3156,3162,3232,3208,3232,761,761
3157,3162,3233,3208,3233,761,761
3158,3162,3234,3208,3234,761,761
3160,3162,3235,3208,3235,762,762
3161,3162,3236,3208,3236,762,762
3162,3162,3237,3208,3237,762,762
3163,3163,3238,3238,3238,762,762
3164,3164,3239,3239,3239,762,762
3165,3165,3240,3240,3240,762,762
3166,3166,3241,3241,3241,762,762
3167,3167,3242,3242,3242,762,762
3168,3168,3243,3243,3243,762,762
3169,3169,3244,3244,3244,762,762
3170,3170,3245,3245,3245,762,762
3171,3171,3246,3246,3246,762,762
3169,3171,3247,3246,3247,762,762
3170,3171,3248,3246,3248,762,762
3171,3171,3249,3246,3249,762,762
3171,3171,3250,3246,3250,762,762
3172,3172,3251,3251,3251,762,762
3173,3173,3252,3252,3252,762,762
3173,3173,3253,3252,3253,762,762
3175,3175,3254,3254,3254,763,763
3176,3176,3255,3255,3255,763,763
3177,3177,3256,3256,3256,763,763
3178,3178,3257,3257,3257,763,763
3179,3179,3258,3258,3258,763,763
3180,3180,3259,3259,3259,763,763
3181,3181,3260,3260,3260,763,763
3182,3182,3261,3261,3261,763,763
3183,3183,3262,3262,3262,763,763
3182,3183,3263,3262,3263,763,763
3182,3183,3264,3262,3264,763,763
3183,3183,3265,3262,3265,763,763
3184,3184,3266,3266,3266,763,763
3185,3185,3267,3267,3267,763,763
3186,3186,3268,3268,3268,763,763
3187,3187,3269,3269,3269,763,763
3188,3188,3270,3270,3270,763,763
3189,3189,3271,3271,3271,763,763
3185,3189,3272,3271,3272,763,761
3186,3189,3273,3271,3273,763,761
3185,3189,3274,3271,3274,763,761
3183,3189,3275,3271,3275,763,761
3184,3189,3276,3271,3276,763,761
3185,3189,3277,3271,3277,763,761
3186,3189,3278,3271,3278,763,761
3187,3189,3279,3271,3279,763,761
3188,3189,3280,3271,3280,763,761
3189,3189,3281,3271,3281,763,761
3188,3189,3282,3271,3282,763,761
3189,3189,3283,3271,3283,763,761
3190,3190,3284,3284,3284,763,761
3191,3191,3285,3285,3285,763,761
3191,3191,3286,3285,3286,763,761
3190,3191,3287,3285,3287,763,761
3191,3191,3288,3285,3288,763,761
3191,3191,3289,3285,3289,763,761
3192,3192,3290,3290,3290,763,761
3193,3193,3291,3291,3291,763,761
3190,3193,3292,3291,3292,763,761
3191,3193,3293,3291,3293,763,761
3190,3193,3294,3291,3294,763,761
3191,3193,3295,3291,3295,763,761
3192,3193,3296,3291,3296,763,761
3192,3193,3297,3291,3297,763,761
3193,3193,3298,3291,3298,763,761
3194,3194,3299,3299,3299,763,761
3195,3195,3300,3300,3300,763,761
3196,3196,3301,3301,3301,763,761
3195,3196,3302,3301,3302,763,761
3196,3196,3303,3301,3303,763,761
3197,3197,3304,3304,3304,763,761
3198,3198,3305,3305,3305,763,761
3199,3199,3306,3306,3306,763,761
3200,3200,3307,3307,3307,763,761
3201,3201,3308,3308,3308,763,761
3202,3202,3309,3309,3309,763,761
3203,3203,3310,3310,3310,763,761
3205,3205,3311,3311,3311,763,762
3205,3205,3312,3311,3312,763,762
3206,3206,3313,3313,3313,763,762
3207,3207,3314,3314,3314,763,762
3208,3208,3315,3315,3315,763,762
3209,3209,3316,3316,3316,763,762
3208,3209,3317,3316,3317,763,762
3208,3209,3318,3316,3318,763,762
3209,3209,3319,3316,3319,763,762
3210,3210,3320,3320,3320,763,762
3211,3211,3321,3321,3321,763,762
3205,3211,3322,3321,3322,763,762
3205,3211,3323,3321,3323,763,762
3206,3211,3324,3321,3324,763,762
3207,3211,3325,3321,3325,763,762
3205,3211,3326,3321,3326,763,761
3207,3211,3327,3321,3327,763,762
3208,3211,3328,3321,3328,763,762
3209,3211,3329,3321,3329,763,762
3210,3211,3330,3321,3330,763,762
3211,3211,3331,3321,3331,763,762
3208,3211,3332,3321,3332,763,762
3206,3211,3333,3321,3333,763,762
3207,3211,3334,3321,3334,763,762
3208,3211,3335,3321,3335,763,762
3209,3211,3336,3321,3336,763,762
3210,3211,3337,3321,3337,763,762
3211,3211,3338,3321,3338,763,762
3212,3212,3339,3339,3339,763,762
3212,3212,3340,3339,3340,763,762
3213,3213,3341,3341,3341,763,762
3214,3214,3342,3342,3342,763,762
3213,3214,3343,3342,3343,763,762
3214,3214,3344,3342,3344,763,762
3211,3214,3345,3342,3345,763,762
3210,3214,3346,3342,3346,763,762
3209,3214,3347,3342,3347,763,762
3210,3214,3348,3342,3348,763,762
3208,3214,3349,3342,3349,763,762
3209,3214,3350,3342,3350,763,762
3210,3214,3351,3342,3351,763,762
3211,3214,3352,3342,3352,763,762
3212,3214,3353,3342,3353,763,762
3213,3214,3354,3342,3354,763,762
3214,3214,3355,3342,3355,763,762
3215,3215,3356,3356,3356,763,762
3214,3215,3357,3356,3357,763,762
3215,3215,3358,3356,3358,763,762
3213,3215,3359,3356,3359,763,762
3214,3215,3360,3356,3360,763,762
3215,3215,3361,3356,3361,763,762
3216,3216,3362,3362,3362,763,762
3217,3217,3363,3363,3363,763,762
3218,3218,3364,3364,3364,763,762
3219,3219,3365,3365,3365,763,762
3220,3220,3366,3366,3366,763,762
3221,3221,3367,3367,3367,763,762
3222,3222,3368,3368,3368,763,762
3221,3222,3369,3368,3369,763,762
3222,3222,3370,3368,3370,763,762
3220,3222,3371,3368,3371,763,762
3217,3222,3372,3368,3372,763,762
3216,3222,3373,3368,3373,763,762
3217,3222,3374,3368,3374,763,762
3218,3222,3375,3368,3375,763,762
3218,3222,3376,3368,3376,763,762
3219,3222,3377,3368,3377,763,762
3220,3222,3378,3368,3378,763,762
3221,3222,3379,3368,3379,763,762
3220,3222,3380,3368,3380,763,762
3221,3222,3381,3368,3381,763,762
3222,3222,3382,3368,3382,763,762
3223,3223,3383,3383,3383,763,762
3221,3223,3384,3383,3384,763,762
3220,3223,3385,3383,3385,763,762
3217,3223,3386,3383,3386,763,762
3218,3223,3387,3383,3387,763,762
3219,3223,3388,3383,3388,763,762
3221,3223,3389,3383,3389,763,763
3222,3223,3390,3383,3390,763,763
3223,3223,3391,3383,3391,763,763
3224,3224,3392,3392,3392,763,763
3225,3225,3393,3393,3393,763,763
3223,3225,3394,3393,3394,763,763
3224,3225,3395,3393,3395,763,763
3225,3225,3396,3393,3396,763,763
3226,3226,3397,3397,3397,763,763
3227,3227,3398,3398,3398,763,763
3228,3228,3399,3399,3399,763,763
3229,3229,3400,3400,3400,763,763
3230,3230,3401,3401,3401,763,763
3231,3231,3402,3402,3402,763,763
3232,3232,3403,3403,3403,763,763
3233,3233,3404,3404,3404,763,763
3234,3234,3405,3405,3405,763,763
3235,3235,3406,3406,3406,763,763
3236,3236,3407,3407,3407,763,763
3237,3237,3408,3408,3408,763,763
3238,3238,3409,3409,3409,763,763
3239,3239,3410,3410,3410,763,763
3240,3240,3411,3411,3411,763,763
3241,3241,3412,3412,3412,763,763
3242,3242,3413,3413,3413,763,763
3237,3242,3414,3413,3414,763,763
3238,3242,3415,3413,3415,763,763
3239,3242,3416,3413,3416,763,763
3240,3242,3417,3413,3417,763,763
3238,3242,3418,3413,3418,763,763
3239,3242,3419,3413,3419,763,763
3240,3242,3420,3413,3420,763,763
3239,3242,3421,3413,3421,763,763
3240,3242,3422,3413,3422,763,763
3241,3242,3423,3413,3423,763,763
3239,3242,3424,3413,3424,763,763
3240,3242,3425,3413,3425,763,763
3240,3242,3426,3413,3426,763,763
3241,3242,3427,3413,3427,763,763
3242,3242,3428,3413,3428,763,763
3243,3243,3429,3429,3429,763,763
3244,3244,3430,3430,3430,763,763
3245,3245,3431,3431,3431,763,763
3246,3246,3432,3432,3432,763,763
3246,3246,3433,3432,3433,763,763
3247,3247,3434,3434,3434,763,763
3248,3248,3435,3435,3435,763,763
3247,3248,3436,3435,3436,763,763
3248,3248,3437,3435,3437,763,763
3249,3249,3438,3438,3438,763,763
3250,3250,3439,3439,3439,763,763
3251,3251,3440,3440,3440,763,763
3249,3251,3441,3440,3441,763,763
3250,3251,3442,3440,3442,763,763
3251,3251,3443,3440,3443,763,763
3252,3252,3444,3444,3444,763,763
3250,3252,3445,3444,3445,763,763
3251,3252,3446,3444,3446,763,763
3252,3252,3447,3444,3447,763,763
3253,3253,3448,3448,3448,763,763
3254,3254,3449,3449,3449,763,763
3255,3255,3450,3450,3450,763,763
3256,3256,3451,3451,3451,763,763
3258,3258,3452,3452,3452,764,764
3259,3259,3453,3453,3453,764,764
3261,3261,3454,3454,3454,765,765
3262,3262,3455,3455,3455,765,765
3263,3263,3456,3456,3456,765,765
3264,3264,3457,3457,3457,765,765
3265,3265,3458,3458,3458,765,765
3266,3266,3459,3459,3459,765,765
3267,3267,3460,3460,3460,765,765
3268,3268,3461,3461,3461,765,765
3269,3269,3462,3462,3462,765,765
3270,3270,3463,3463,3463,765,765
3271,3271,3464,3464,3464,765,765
3273,3273,3465,3465,3465,766,766
3274,3274,3466,3466,3466,766,766
3275,3275,3467,3467,3467,766,766
3272,3275,3468,3467,3468,766,766
3273,3275,3469,3467,3469,766,766
3274,3275,3470,3467,3470,766,766
3275,3275,3471,3467,3471,766,766
3276,3276,3472,3472,3472,766,766
3277,3277,3473,3473,3473,766,766
3278,3278,3474,3474,3474,766,766
3279,3279,3475,3475,3475,766,766
3280,3280,3476,3476,3476,766,766
3281,3281,3477,3477,3477,766,766
3282,3282,3478,3478,3478,766,766
3283,3283,3479,3479,3479,766,766
3282,3283,3480,3479,3480,766,766
3283,3283,3481,3479,3481,766,766
3284,3284,3482,3482,3482,766,766
3285,3285,3483,3483,3483,766,766
3286,3286,3484,3484,3484,766,766
3287,3287,3485,3485,3485,766,766
3288,3288,3486,3486,3486,766,766
3289,3289,3487,3487,3487,766,766
3290,3290,3488,3488,3488,766,766
3289,3290,3489,3488,3489,766,766
3290,3290,3490,3488,3490,766,766
3291,3291,3491,3491,3491,766,766
3292,3292,3492,3492,3492,766,766
3293,3293,3493,3493,3493,766,766
3294,3294,3494,3494,3494,766,766
3295,3295,3495,3495,3495,766,766
3295,3295,3496,3495,3496,766,766
3296,3296,3497,3497,3497,766,766
3297,3297,3498,3498,3498,766,766
3298,3298,3499,3499,3499,766,766
3299,3299,3500,3500,3500,766,766
3300,3300,3501,3501,3501,766,766
3298,3300,3502,3501,3502,766,766
3299,3300,3503,3501,3503,766,766
3298,3300,3504,3501,3504,766,766
3297,3300,3505,3501,3505,766,766
3298,3300,3506,3501,3506,766,766
3299,3300,3507,3501,3507,766,766
3300,3300,3508,3501,3508,766,766
3299,3300,3509,3501,3509,766,766
3297,3300,3510,3501,3510,766,766
3298,3300,3511,3501,3511,766,766
3299,3300,3512,3501,3512,766,766
3300,3300,3513,3501,3513,766,766
3301,3301,3514,3514,3514,766,766
3302,3302,3515,3515,3515,766,766
3302,3302,3516,3515,3516,766,766
3303,3303,3517,3517,3517,766,766
3304,3304,3518,3518,3518,766,766
3305,3305,3519,3519,3519,766,766
3306,3306,3520,3520,3520,766,766
3307,3307,3521,3521,3521,766,766
3304,3307,3522,3521,3522,766,766
3305,3307,3523,3521,3523,766,766
3303,3307,3524,3521,3524,766,766
3303,3307,3525,3521,3525,766,766
3303,3307,3526,3521,3526,766,766
3304,3307,3527,3521,3527,766,766
3305,3307,3528,3521,3528,766,766
3303,3307,3529,3521,3529,766,766
3300,3307,3530,3521,3530,766,766
3298,3307,3531,3521,3531,766,765
3299,3307,3532,3521,3532,766,765
3300,3307,3533,3521,3533,766,765
3301,3307,3534,3521,3534,766,765
3302,3307,3535,3521,3535,766,765
3303,3307,3536,3521,3536,766,765
3304,3307,3537,3521,3537,766,765
3303,3307,3538,3521,3538,766,765
3300,3307,3539,3521,3539,766,765
3298,3307,3540,3521,3540,766,765
3299,3307,3541,3521,3541,766,765
3299,3307,3542,3521,3542,766,765
3299,3307,3543,3521,3543,766,765
3300,3307,3544,3521,3544,766,765
3297,3307,3545,3521,3545,766,765
3297,3307,3546,3521,3546,766,765
3298,3307,3547,3521,3547,766,765
3299,3307,3548,3521,3548,766,765
3300,3307,3549,3521,3549,766,765
3300,3307,3550,3521,3550,766,765
3301,3307,3551,3521,3551,766,765
3300,3307,3552,3521,3552,766,765
3301,3307,3553,3521,3553,766,765
3298,3307,3554,3521,3554,766,765
3299,3307,3555,3521,3555,766,765
3300,3307,3556,3521,3556,766,765
3301,3307,3557,3521,3557,766,765
3302,3307,3558,3521,3558,766,765
3303,3307,3559,3521,3559,766,765
3304,3307,3560,3521,3560,766,765
3302,3307,3561,3521,3561,766,765
3300,3307,3562,3521,3562,766,765
3298,3307,3563,3521,3563,766,765
3298,3307,3564,3521,3564,766,765
3299,3307,3565,3521,3565,766,765
3300,3307,3566,3521,3566,766,765
3301,3307,3567,3521,3567,766,765
3300,3307,3568,3521,3568,766,765
3301,3307,3569,3521,3569,766,765
3302,3307,3570,3521,3570,766,765
3303,3307,3571,3521,3571,766,765
3303,3307,3572,3521,3572,766,765
3304,3307,3573,3521,3573,766,765
3305,3307,3574,3521,3574,766,765
3306,3307,3575,3521,3575,766,765
3306,3307,3576,3521,3576,766,765
3307,3307,3577,3521,3577,766,765
3308,3308,3578,3578,3578,766,765
3309,3309,3579,3579,3579,766,765
3308,3309,3580,3579,3580,766,765
3309,3309,3581,3579,3581,766,765
3306,3309,3582,3579,3582,766,764
3305,3309,3583,3579,3583,766,764
3304,3309,3584,3579,3584,766,764
3303,3309,3585,3579,3585,766,764
3304,3309,3586,3579,3586,766,764
3305,3309,3587,3579,3587,766,764
3306,3309,3588,3579,3588,766,764
3307,3309,3589,3579,3589,766,764
3308,3309,3590,3579,3590,766,764
3306,3309,3591,3579,3591,766,764
3307,3309,3592,3579,3592,766,764
3308,3309,3593,3579,3593,766,764
3309,3309,3594,3579,3594,766,764
3310,3310,3595,3595,3595,766,764
3309,3310,3596,3595,3596,766,764
3310,3310,3597,3595,3597,766,764
3311,3311,3598,3598,3598,766,764
3308,3311,3599,3598,3599,766,764
3309,3311,3600,3598,3600,766,764
3310,3311,3601,3598,3601,766,764
3311,3311,3602,3598,3602,766,764
3313,3313,3603,3603,3603,766,765
3313,3313,3604,3603,3604,766,765
3314,3314,3605,3605,3605,766,765
3315,3315,3606,3606,3606,766,765
3310,3315,3607,3606,3607,766,765
3310,3315,3608,3606,3608,766,765
3311,3315,3609,3606,3609,766,765
3309,3315,3610,3606,3610,766,765
3310,3315,3611,3606,3611,766,765
3311,3315,3612,3606,3612,766,765
3310,3315,3613,3606,3613,766,765
3307,3315,3614,3606,3614,766,765
3308,3315,3615,3606,3615,766,765
3309,3315,3616,3606,3616,766,765
3310,3315,3617,3606,3617,766,765
3310,3315,3618,3606,3618,766,765
3311,3315,3619,3606,3619,766,765
3312,3315,3620,3606,3620,766,765
3313,3315,3621,3606,3621,766,765
3313,3315,3622,3606,3622,766,765
3310,3315,3623,3606,3623,766,764
3311,3315,3624,3606,3624,766,764
3312,3315,3625,3606,3625,766,764
3309,3315,3626,3606,3626,766,764
3310,3315,3627,3606,3627,766,764
3311,3315,3628,3606,3628,766,764
3310,3315,3629,3606,3629,766,764
3311,3315,3630,3606,3630,766,764
3312,3315,3631,3606,3631,766,764
3313,3315,3632,3606,3632,766,764
3314,3315,3633,3606,3633,766,764
3315,3315,3634,3606,3634,766,764
3316,3316,3635,3635,3635,766,764
3315,3316,3636,3635,3636,766,764
3309,3316,3637,3635,3637,766,764
3310,3316,3638,3635,3638,766,764
3311,3316,3639,3635,3639,766,764
3312,3316,3640,3635,3640,766,764
3313,3316,3641,3635,3641,766,764
3314,3316,3642,3635,3642,766,764
3315,3316,3643,3635,3643,766,764
3316,3316,3644,3635,3644,766,764
3316,3316,3645,3635,3645,766,764
3317,3317,3646,3646,3646,766,764
3318,3318,3647,3647,3647,766,764
3319,3319,3648,3648,3648,766,764
3320,3320,3649,3649,3649,766,764
3321,3321,3650,3650,3650,766,764
3322,3322,3651,3651,3651,766,764
3321,3322,3652,3651,3652,766,764
3322,3322,3653,3651,3653,766,764
3323,3323,3654,3654,3654,766,764
3324,3324,3655,3655,3655,766,764
3325,3325,3656,3656,3656,766,764
3326,3326,3657,3657,3657,766,764
3326,3326,3658,3657,3658,766,764
3327,3327,3659,3659,3659,766,764
3328,3328,3660,3660,3660,766,764
3329,3329,3661,3661,3661,766,764
3330,3330,3662,3662,3662,766,764
3331,3331,3663,3663,3663,766,764
3332,3332,3664,3664,3664,766,764
3333,3333,3665,3665,3665,766,764
3334,3334,3666,3666,3666,766,764
3335,3335,3667,3667,3667,766,764
3336,3336,3668,3668,3668,766,764
3337,3337,3669,3669,3669,766,764
3338,3338,3670,3670,3670,766,764
3335,3338,3671,3670,3671,766,764
3336,3338,3672,3670,3672,766,764
3337,3338,3673,3670,3673,766,764
3333,3338,3674,3670,3674,766,764
3334,3338,3675,3670,3675,766,764
3334,3338,3676,3670,3676,766,764
3335,3338,3677,3670,3677,766,764
3336,3338,3678,3670,3678,766,764
3337,3338,3679,3670,3679,766,764
3337,3338,3680,3670,3680,766,764
3338,3338,3681,3670,3681,766,764
3339,3339,3682,3682,3682,766,764
3340,3340,3683,3683,3683,766,764
3341,3341,3684,3684,3684,766,764
3340,3341,3685,3684,3685,766,764
3338,3341,3686,3684,3686,766,764
3337,3341,3687,3684,3687,766,764
3338,3341,3688,3684,3688,766,764
3339,3341,3689,3684,3689,766,764
3340,3341,3690,3684,3690,766,764
3341,3341,3691,3684,3691,766,764
3342,3342,3692,3692,3692,766,764
3342,3342,3693,3692,3693,766,764
3343,3343,3694,3694,3694,766,764
3344,3344,3695,3695,3695,766,764
3345,3345,3696,3696,3696,766,764
3346,3346,3697,3697,3697,766,764
3347,3347,3698,3698,3698,766,764
3348,3348,3699,3699,3699,766,764
3349,3349,3700,3700,3700,766,764
3350,3350,3701,3701,3701,766,764
3348,3350,3702,3701,3702,766,764
3346,3350,3703,3701,3703,766,764
3347,3350,3704,3701,3704,766,764
3348,3350,3705,3701,3705,766,764
3349,3350,3706,3701,3706,766,764
3350,3350,3707,3701,3707,766,764
3351,3351,3708,3708,3708,766,764
3352,3352,3709,3709,3709,766,764
3353,3353,3710,3710,3710,766,764
3354,3354,3711,3711,3711,766,764
3355,3355,3712,3712,3712,766,764
3354,3355,3713,3712,3713,766,764
3352,3355,3714,3712,3714,766,764
3351,3355,3715,3712,3715,766,764
3352,3355,3716,3712,3716,766,764
3351,3355,3717,3712,3717,766,764
3351,3355,3718,3712,3718,766,764
3348,3355,3719,3712,3719,766,763
3349,3355,3720,3712,3720,766,763
3351,3355,3721,3712,3721,766,764
3349,3355,3722,3712,3722,766,764
3350,3355,3723,3712,3723,766,764
3350,3355,3724,3712,3724,766,764
3351,3355,3725,3712,3725,766,764
3352,3355,3726,3712,3726,766,764
3353,3355,3727,3712,3727,766,764
3353,3355,3728,3712,3728,766,764
3354,3355,3729,3712,3729,766,764
3355,3355,3730,3712,3730,766,764
3354,3355,3731,3712,3731,766,764
3354,3355,3732,3712,3732,766,764
3355,3355,3733,3712,3733,766,764
3353,3355,3734,3712,3734,766,764
3354,3355,3735,3712,3735,766,764
3355,3355,3736,3712,3736,766,764
3354,3355,3737,3712,3737,766,764
3352,3355,3738,3712,3738,766,764
3353,3355,3739,3712,3739,766,764
3354,3355,3740,3712,3740,766,764
3355,3355,3741,3712,3741,766,764
3356,3356,3742,3742,3742,766,764
3357,3357,3743,3743,3743,766,764
3358,3358,3744,3744,3744,766,764
3359,3359,3745,3745,3745,766,764
3360,3360,3746,3746,3746,766,764
3361,3361,3747,3747,3747,766,764
3357,3361,3748,3747,3748,766,763
3358,3361,3749,3747,3749,766,763
3359,3361,3750,3747,3750,766,763
3360,3361,3751,3747,3751,766,763
3359,3361,3752,3747,3752,766,763
3360,3361,3753,3747,3753,766,763
3361,3361,3754,3747,3754,766,763
3357,3361,3755,3747,3755,766,763
3357,3361,3756,3747,3756,766,763
3358,3361,3757,3747,3757,766,763
3356,3361,3758,3747,3758,766,763
3357,3361,3759,3747,3759,766,763
3358,3361,3760,3747,3760,766,763
3359,3361,3761,3747,3761,766,763
3360,3361,3762,3747,3762,766,763
3361,3361,3763,3747,3763,766,763
3362,3362,3764,3764,3764,766,763
3363,3363,3765,3765,3765,766,763
3364,3364,3766,3766,3766,766,763
3365,3365,3767,3767,3767,766,763
3366,3366,3768,3768,3768,766,763
3366,3366,3769,3768,3769,766,763
3366,3366,3770,3768,3770,766,763
3363,3366,3771,3768,3771,766,763
3364,3366,3772,3768,3772,766,763
3365,3366,3773,3768,3773,766,763
3366,3366,3774,3768,3774,766,763
3363,3366,3775,3768,3775,766,762
3364,3366,3776,3768,3776,766,762
3364,3366,3777,3768,3777,766,762
3363,3366,3778,3768,3778,766,762
3363,3366,3779,3768,3779,766,762
3362,3366,3780,3768,3780,766,761
3363,3366,3781,3768,3781,766,761
3364,3366,3782,3768,3782,766,761
3365,3366,3783,3768,3783,766,761
3363,3366,3784,3768,3784,766,761
3364,3366,3785,3768,3785,766,761
3365,3366,3786,3768,3786,766,761
3366,3366,3787,3768,3787,766,761
3367,3367,3788,3788,3788,766,761
3368,3368,3789,3789,3789,766,761
3368,3368,3790,3789,3790,766,761
3369,3369,3791,3791,3791,766,761
3370,3370,3792,3792,3792,766,761
3371,3371,3793,3793,3793,766,761
3372,3372,3794,3794,3794,766,761
3373,3373,3795,3795,3795,766,761
3373,3373,3796,3795,3796,766,761
3374,3374,3797,3797,3797,766,761
3375,3375,3798,3798,3798,766,761
3373,3375,3799,3798,3799,766,761
3374,3375,3800,3798,3800,766,761
3375,3375,3801,3798,3801,766,761
3375,3375,3802,3798,3802,766,761
3375,3375,3803,3798,3803,766,761
3374,3375,3804,3798,3804,766,761
3375,3375,3805,3798,3805,766,761
3376,3376,3806,3806,3806,766,761
3377,3377,3807,3807,3807,766,761
3378,3378,3808,3808,3808,766,761
3379,3379,3809,3809,3809,766,761
3380,3380,3810,3810,3810,766,761
3381,3381,3811,3811,3811,766,761
3378,3381,3812,3811,3812,766,761
3379,3381,3813,3811,3813,766,761
3377,3381,3814,3811,3814,766,761
3373,3381,3815,3811,3815,766,760
3374,3381,3816,3811,3816,766,760
3375,3381,3817,3811,3817,766,760
3376,3381,3818,3811,3818,766,760
3375,3381,3819,3811,3819,766,760
3376,3381,3820,3811,3820,766,760
3377,3381,3821,3811,3821,766,760
3378,3381,3822,3811,3822,766,760
3379,3381,3823,3811,3823,766,760
3375,3381,3824,3811,3824,766,760
3373,3381,3825,3811,3825,766,760
3372,3381,3826,3811,3826,766,760
3373,3381,3827,3811,3827,766,760
3374,3381,3828,3811,3828,766,760
3375,3381,3829,3811,3829,766,760
3376,3381,3830,3811,3830,766,760
3375,3381,3831,3811,3831,766,760
3376,3381,3832,3811,3832,766,760
3377,3381,3833,3811,3833,766,760
3378,3381,3834,3811,3834,766,760
3379,3381,3835,3811,3835,766,760
3380,3381,3836,3811,3836,766,760
3381,3381,3837,3811,3837,766,760
3382,3382,3838,3838,3838,766,760
3383,3383,3839,3839,3839,766,760
3384,3384,3840,3840,3840,766,760
3385,3385,3841,3841,3841,766,760
3386,3386,3842,3842,3842,766,760
3381,3386,3843,3842,3843,766,759
3382,3386,3844,3842,3844,766,759
3383,3386,3845,3842,3845,766,759
3384,3386,3846,3842,3846,766,759
3385,3386,3847,3842,3847,766,759
3386,3386,3848,3842,3848,766,759
3387,3387,3849,3849,3849,766,759
3388,3388,3850,3850,3850,766,759
3389,3389,3851,3851,3851,766,759
3390,3390,3852,3852,3852,766,759
3391,3391,3853,3853,3853,766,759
3391,3391,3854,3853,3854,766,759
3392,3392,3855,3855,3855,766,759
3390,3392,3856,3855,3856,766,759
3391,3392,3857,3855,3857,766,759
3391,3392,3858,3855,3858,766,759
3390,3392,3859,3855,3859,766,759
3391,3392,3860,3855,3860,766,759
3391,3392,3861,3855,3861,766,759
3392,3392,3862,3855,3862,766,759
3393,3393,3863,3863,3863,766,759
3394,3394,3864,3864,3864,766,759
3395,3395,3865,3865,3865,766,759
3396,3396,3866,3866,3866,766,759
3394,3396,3867,3866,3867,766,759
3395,3396,3868,3866,3868,766,759
3396,3396,3869,3866,3869,766,759
3396,3396,3870,3866,3870,766,759
3394,3396,3871,3866,3871,766,759
3395,3396,3872,3866,3872,766,759
3396,3396,3873,3866,3873,766,759
3394,3396,3874,3866,3874,766,758
3394,3396,3875,3866,3875,766,758
3393,3396,3876,3866,3876,766,758
3392,3396,3877,3866,3877,766,758
3393,3396,3878,3866,3878,766,758
3390,3396,3879,3866,3879,766,758
3391,3396,3880,3866,3880,766,758
3390,3396,3881,3866,3881,766,758
3391,3396,3882,3866,3882,766,758
3390,3396,3883,3866,3883,766,758
3391,3396,3884,3866,3884,766,758
3388,3396,3885,3866,3885,766,758
3389,3396,3886,3866,3886,766,758
3390,3396,3887,3866,3887,766,758
3391,3396,3888,3866,3888,766,758
3392,3396,3889,3866,3889,766,758
3392,3396,3890,3866,3890,766,758
3393,3396,3891,3866,3891,766,758
3394,3396,3892,3866,3892,766,758
3391,3396,3893,3866,3893,766,758
3389,3396,3894,3866,3894,766,758
3390,3396,3895,3866,3895,766,758
3387,3396,3896,3866,3896,766,758
3388,3396,3897,3866,3897,766,758
3388,3396,3898,3866,3898,766,758
3389,3396,3899,3866,3899,766,758
3388,3396,3900,3866,3900,766,758
3388,3396,3901,3866,3901,766,758
3389,3396,3902,3866,3902,766,758
3386,3396,3903,3866,3903,766,758
3386,3396,3904,3866,3904,766,758
3387,3396,3905,3866,3905,766,758
3384,3396,3906,3866,3906,766,758
3385,3396,3907,3866,3907,766,758
3382,3396,3908,3866,3908,766,758
3382,3396,3909,3866,3909,766,758
3381,3396,3910,3866,3910,766,758
3378,3396,3911,3866,3911,766,758
3379,3396,3912,3866,3912,766,758
3377,3396,3913,3866,3913,766,758
3378,3396,3914,3866,3914,766,758
3377,3396,3915,3866,3915,766,758
3378,3396,3916,3866,3916,766,758
3379,3396,3917,3866,3917,766,758
3380,3396,3918,3866,3918,766,758
3381,3396,3919,3866,3919,766,758
3382,3396,3920,3866,3920,766,758
3383,3396,3921,3866,3921,766,758
3384,3396,3922,3866,3922,766,758
3385,3396,3923,3866,3923,766,758
3382,3396,3924,3866,3924,766,758
3383,3396,3925,3866,3925,766,758
3384,3396,3926,3866,3926,766,758
3385,3396,3927,3866,3927,766,758
3384,3396,3928,3866,3928,766,757
3383,3396,3929,3866,3929,766,756
3384,3396,3930,3866,3930,766,756
3385,3396,3931,3866,3931,766,756
3386,3396,3932,3866,3932,766,756
3387,3396,3933,3866,3933,766,756
3387,3396,3934,3866,3934,766,756
3388,3396,3935,3866,3935,766,756
3389,3396,3936,3866,3936,766,756
3389,3396,3937,3866,3937,766,756
3388,3396,3938,3866,3938,766,756
3384,3396,3939,3866,3939,766,756
3385,3396,3940,3866,3940,766,756
3386,3396,3941,3866,3941,766,756
3386,3396,3942,3866,3942,766,756
3387,3396,3943,3866,3943,766,756
3385,3396,3944,3866,3944,766,756
3386,3396,3945,3866,3945,766,756
3386,3396,3946,3866,3946,766,756
3387,3396,3947,3866,3947,766,756
3388,3396,3948,3866,3948,766,756
3389,3396,3949,3866,3949,766,756
3388,3396,3950,3866,3950,766,756
3386,3396,3951,3866,3951,766,756
3387,3396,3952,3866,3952,766,756
3388,3396,3953,3866,3953,766,756
3389,3396,3954,3866,3954,766,756
3390,3396,3955,3866,3955,766,756
3390,3396,3956,3866,3956,766,756
3391,3396,3957,3866,3957,766,756
3392,3396,3958,3866,3958,766,756
3393,3396,3959,3866,3959,766,756
3392,3396,3960,3866,3960,766,756
3393,3396,3961,3866,3961,766,756
3394,3396,3962,3866,3962,766,756
3395,3396,3963,3866,3963,766,756
3393,3396,3964,3866,3964,766,756
3391,3396,3965,3866,3965,766,756
3392,3396,3966,3866,3966,766,756
3390,3396,3967,3866,3967,766,756
3391,3396,3968,3866,3968,766,756
3389,3396,3969,3866,3969,766,756
3390,3396,3970,3866,3970,766,756
3391,3396,3971,3866,3971,766,756
3392,3396,3972,3866,3972,766,756
3393,3396,3973,3866,3973,766,756
3391,3396,3974,3866,3974,766,756
3389,3396,3975,3866,3975,766,756
3390,3396,3976,3866,3976,766,756
3388,3396,3977,3866,3977,766,756
3389,3396,3978,3866,3978,766,756
3390,3396,3979,3866,3979,766,756
3391,3396,3980,3866,3980,766,756
3392,3396,3981,3866,3981,766,756
3391,3396,3982,3866,3982,766,756
3392,3396,3983,3866,3983,766,756
3393,3396,3984,3866,3984,766,756
3394,3396,3985,3866,3985,766,756
3392,3396,3986,3866,3986,766,756
3389,3396,3987,3866,3987,766,756
3389,3396,3988,3866,3988,766,756
3390,3396,3989,3866,3989,766,756
3390,3396,3990,3866,3990,766,756
3391,3396,3991,3866,3991,766,756
3392,3396,3992,3866,3992,766,756
3390,3396,3993,3866,3993,766,756
3391,3396,3994,3866,3994,766,756
3392,3396,3995,3866,3995,766,756
3393,3396,3996,3866,3996,766,756
3394,3396,3997,3866,3997,766,756
3395,3396,3998,3866,3998,766,756
3396,3396,3999,3866,3999,766,756
3397,3397,4000,4000,4000,766,756
3398,3398,4001,4001,4001,766,756
3399,3399,4002,4002,4002,766,756
3400,3400,4003,4003,4003,766,756
3399,3400,4004,4003,4004,766,756
3400,3400,4005,4003,4005,766,756
3399,3400,4006,4003,4006,766,756
3400,3400,4007,4003,4007,766,756
3396,3400,4008,4003,4008,766,756
3397,3400,4009,4003,4009,766,756
3398,3400,4010,4003,4010,766,756
3397,3400,4011,4003,4011,766,756
3398,3400,4012,4003,4012,766,756
3400,3400,4013,4003,4013,766,756
3401,3401,4014,4014,4014,766,756
3402,3402,4015,4015,4015,766,756
3401,3402,4016,4015,4016,766,756
3401,3402,4017,4015,4017,766,756
3402,3402,4018,4015,4018,766,756
3403,3403,4019,4019,4019,766,756
3400,3403,4020,4019,4020,766,756
3401,3403,4021,4019,4021,766,756
3402,3403,4022,4019,4022,766,756
3403,3403,4023,4019,4023,766,756
3404,3404,4024,4024,4024,766,756
3401,3404,4025,4024,4025,766,756
3402,3404,4026,4024,4026,766,756
3401,3404,4027,4024,4027,766,756
3402,3404,4028,4024,4028,766,756
3403,3404,4029,4024,4029,766,756
3403,3404,4030,4024,4030,766,756
3404,3404,4031,4024,4031,766,756
3405,3405,4032,4032,4032,766,756
3403,3405,4033,4032,4033,766,756
3403,3405,4034,4032,4034,766,756
3404,3405,4035,4032,4035,766,756
3405,3405,4036,4032,4036,766,756
3406,3406,4037,4037,4037,766,756
3407,3407,4038,4038,4038,766,756
3408,3408,4039,4039,4039,766,756
3409,3409,4040,4040,4040,766,756
3410,3410,4041,4041,4041,766,756
3411,3411,4042,4042,4042,766,756
3411,3411,4043,4042,4043,766,756
3412,3412,4044,4044,4044,766,756
3413,3413,4045,4045,4045,766,756
3414,3414,4046,4046,4046,766,756
3415,3415,4047,4047,4047,766,756
3416,3416,4048,4048,4048,766,756
3417,3417,4049,4049,4049,766,756
3418,3418,4050,4050,4050,766,756
3419,3419,4051,4051,4051,766,756
3420,3420,4052,4052,4052,766,756
3421,3421,4053,4053,4053,766,756
3422,3422,4054,4054,4054,766,756
3423,3423,4055,4055,4055,766,756
3421,3423,4056,4055,4056,766,756
3422,3423,4057,4055,4057,766,756
3421,3423,4058,4055,4058,766,756
3422,3423,4059,4055,4059,766,756
3419,3423,4060,4055,4060,766,756
3415,3423,4061,4055,4061,766,756
3416,3423,4062,4055,4062,766,756
3417,3423,4063,4055,4063,766,756
3418,3423,4064,4055,4064,766,756
3419,3423,4065,4055,4065,766,756
3420,3423,4066,4055,4066,766,756
3420,3423,4067,4055,4067,766,756
3421,3423,4068,4055,4068,766,756
3422,3423,4069,4055,4069,766,756
3423,3423,4070,4055,4070,766,756
3421,3423,4071,4055,4071,766,756
3422,3423,4072,4055,4072,766,756
3423,3423,4073,4055,4073,766,756
3424,3424,4074,4074,4074,766,756
3425,3425,4075,4075,4075,766,756
3426,3426,4076,4076,4076,766,756
3423,3426,4077,4076,4077,766,756
3424,3426,4078,4076,4078,766,756
3425,3426,4079,4076,4079,766,756
3426,3426,4080,4076,4080,766,756
3423,3426,4081,4076,4081,766,756
3423,3426,4082,4076,4082,766,756
3420,3426,4083,4076,4083,766,755
3419,3426,4084,4076,4084,766,755
3419,3426,4085,4076,4085,766,755
3420,3426,4086,4076,4086,766,755
3421,3426,4087,4076,4087,766,755
3422,3426,4088,4076,4088,766,755
3423,3426,4089,4076,4089,766,755
3424,3426,4090,4076,4090,766,755
3425,3426,4091,4076,4091,766,755
3426,3426,4092,4076,4092,766,755
3427,3427,4093,4093,4093,766,755
3426,3427,4094,4093,4094,766,755
3427,3427,4095,4093,4095,766,755
3428,3428,4096,4096,4096,766,755
3426,3428,4097,4096,4097,766,755
3424,3428,4098,4096,4098,766,755
3422,3428,4099,4096,4099,766,755
3419,3428,4100,4096,4100,766,754
3417,3428,4101,4096,4101,766,754
3418,3428,4102,4096,4102,766,754
3417,3428,4103,4096,4103,766,754
3416,3428,4104,4096,4104,766,754
3416,3428,4105,4096,4105,766,754
3417,3428,4106,4096,4106,766,754
3418,3428,4107,4096,4107,766,754
3419,3428,4108,4096,4108,766,754
3420,3428,4109,4096,4109,766,754
3421,3428,4110,4096,4110,766,754
3422,3428,4111,4096,4111,766,754
3423,3428,4112,4096,4112,766,754
3424,3428,4113,4096,4113,766,754
3425,3428,4114,4096,4114,766,754
3426,3428,4115,4096,4115,766,754
3427,3428,4116,4096,4116,766,754
3428,3428,4117,4096,4117,766,754
3429,3429,4118,4118,4118,766,754
3430,3430,4119,4119,4119,766,754
3431,3431,4120,4120,4120,766,754
3426,3431,4121,4120,4121,766,754
3426,3431,4122,4120,4122,766,754
3424,3431,4123,4120,4123,766,754
3425,3431,4124,4120,4124,766,754
3422,3431,4125,4120,4125,766,754
3419,3431,4126,4120,4126,766,754
3420,3431,4127,4120,4127,766,754
3418,3431,4128,4120,4128,766,754
3418,3431,4129,4120,4129,766,754
3419,3431,4130,4120,4130,766,754
3415,3431,4131,4120,4131,766,753
3412,3431,4132,4120,4132,766,753
3413,3431,4133,4120,4133,766,753
3411,3431,4134,4120,4134,766,753
3412,3431,4135,4120,4135,766,753
3413,3431,4136,4120,4136,766,753
3413,3431,4137,4120,4137,766,753
3414,3431,4138,4120,4138,766,753
3415,3431,4139,4120,4139,766,753
3416,3431,4140,4120,4140,766,753
3417,3431,4141,4120,4141,766,753
3415,3431,4142,4120,4142,766,753
3416,3431,4143,4120,4143,766,753
3417,3431,4144,4120,4144,766,753
3418,3431,4145,4120,4145,766,753
3419,3431,4146,4120,4146,766,753
3417,3431,4147,4120,4147,766,753
3418,3431,4148,4120,4148,766,753
3416,3431,4149,4120,4149,766,753
3417,3431,4150,4120,4150,766,753
3418,3431,4151,4120,4151,766,753
3419,3431,4152,4120,4152,766,753
3420,3431,4153,4120,4153,766,753
3419,3431,4154,4120,4154,766,753
3420,3431,4155,4120,4155,766,753
3419,3431,4156,4120,4156,766,753
3420,3431,4157,4120,4157,766,753
3421,3431,4158,4120,4158,766,753
3420,3431,4159,4120,4159,766,753
3421,3431,4160,4120,4160,766,753
3422,3431,4161,4120,4161,766,753
3419,3431,4162,4120,4162,766,752
3419,3431,4163,4120,4163,766,752
3420,3431,4164,4120,4164,766,752
3421,3431,4165,4120,4165,766,752
3421,3431,4166,4120,4166,766,752
3419,3431,4167,4120,4167,766,752
3420,3431,4168,4120,4168,766,752
3421,3431,4169,4120,4169,766,752
3422,3431,4170,4120,4170,766,752
3423,3431,4171,4120,4171,766,752
3423,3431,4172,4120,4172,766,752
3424,3431,4173,4120,4173,766,752
3425,3431,4174,4120,4174,766,752
3426,3431,4175,4120,4175,766,752
3427,3431,4176,4120,4176,766,752
3428,3431,4177,4120,4177,766,752
3429,3431,4178,4120,4178,766,752
3430,3431,4179,4120,4179,766,752
3431,3431,4180,4120,4180,766,752
3432,3432,4181,4181,4181,766,752
3431,3432,4182,4181,4182,766,752
3431,3432,4183,4181,4183,766,752
3432,3432,4184,4181,4184,766,752
3433,3433,4185,4185,4185,766,752
3434,3434,4186,4186,4186,766,752
3435,3435,4187,4187,4187,766,752
3436,3436,4188,4188,4188,766,752
3437,3437,4189,4189,4189,766,752
3438,3438,4190,4190,4190,766,752
3439,3439,4191,4191,4191,766,752
3440,3440,4192,4192,4192,766,752
3440,3440,4193,4192,4193,766,752
3438,3440,4194,4192,4194,766,752
3438,3440,4195,4192,4195,766,752
3436,3440,4196,4192,4196,766,752
3437,3440,4197,4192,4197,766,752
3433,3440,4198,4192,4198,766,751
3434,3440,4199,4192,4199,766,751
3432,3440,4200,4192,4200,766,751
3431,3440,4201,4192,4201,766,751
3432,3440,4202,4192,4202,766,751
3432,3440,4203,4192,4203,766,751
3433,3440,4204,4192,4204,766,751
3434,3440,4205,4192,4205,766,751
3434,3440,4206,4192,4206,766,751
3435,3440,4207,4192,4207,766,751
3436,3440,4208,4192,4208,766,751
3434,3440,4209,4192,4209,766,751
3435,3440,4210,4192,4210,766,751
3436,3440,4211,4192,4211,766,751
3437,3440,4212,4192,4212,766,751
3435,3440,4213,4192,4213,766,751
3432,3440,4214,4192,4214,766,750
3433,3440,4215,4192,4215,766,750
3434,3440,4216,4192,4216,766,750
3434,3440,4217,4192,4217,766,750
3435,3440,4218,4192,4218,766,750
3433,3440,4219,4192,4219,766,750
3429,3440,4220,4192,4220,766,750
3430,3440,4221,4192,4221,766,750
3430,3440,4222,4192,4222,766,750
3431,3440,4223,4192,4223,766,750
3430,3440,4224,4192,4224,766,750
3431,3440,4225,4192,4225,766,750
3432,3440,4226,4192,4226,766,750
3433,3440,4227,4192,4227,766,750
3434,3440,4228,4192,4228,766,750
3435,3440,4229,4192,4229,766,750
3436,3440,4230,4192,4230,766,750
3434,3440,4231,4192,4231,766,750
3431,3440,4232,4192,4232,766,750
3427,3440,4233,4192,4233,766,750
3424,3440,4234,4192,4234,766,750
3425,3440,4235,4192,4235,766,750
3426,3440,4236,4192,4236,766,750
3427,3440,4237,4192,4237,766,750
3428,3440,4238,4192,4238,766,750
3429,3440,4239,4192,4239,766,750
3431,3440,4240,4192,4240,766,751
3432,3440,4241,4192,4241,766,751
3433,3440,4242,4192,4242,766,751
3430,3440,4243,4192,4243,766,751
3427,3440,4244,4192,4244,766,751
3427,3440,4245,4192,4245,766,751
3428,3440,4246,4192,4246,766,751
3429,3440,4247,4192,4247,766,751
3430,3440,4248,4192,4248,766,751
3431,3440,4249,4192,4249,766,751
3432,3440,4250,4192,4250,766,751
3433,3440,4251,4192,4251,766,751
3431,3440,4252,4192,4252,766,751
3432,3440,4253,4192,4253,766,751
3431,3440,4254,4192,4254,766,751
3431,3440,4255,4192,4255,766,751
3432,3440,4256,4192,4256,766,751
3433,3440,4257,4192,4257,766,751
3428,3440,4258,4192,4258,766,751
3429,3440,4259,4192,4259,766,751
3426,3440,4260,4192,4260,766,750
3427,3440,4261,4192,4261,766,750
3428,3440,4262,4192,4262,766,750
3427,3440,4263,4192,4263,766,750
3426,3440,4264,4192,4264,766,750
3427,3440,4265,4192,4265,766,750
3426,3440,4266,4192,4266,766,750
3426,3440,4267,4192,4267,766,750
3423,3440,4268,4192,4268,766,750
3424,3440,4269,4192,4269,766,750
3423,3440,4270,4192,4270,766,750
3424,3440,4271,4192,4271,766,750
3425,3440,4272,4192,4272,766,750
3425,3440,4273,4192,4273,766,750
3426,3440,4274,4192,4274,766,750
3427,3440,4275,4192,4275,766,750
3425,3440,4276,4192,4276,766,750
3426,3440,4277,4192,4277,766,750
3427,3440,4278,4192,4278,766,750
3428,3440,4279,4192,4279,766,750
3429,3440,4280,4192,4280,766,750
3430,3440,4281,4192,4281,766,750
3431,3440,4282,4192,4282,766,750
3427,3440,4283,4192,4283,766,750
3425,3440,4284,4192,4284,766,750
3426,3440,4285,4192,4285,766,750
3427,3440,4286,4192,4286,766,750
3424,3440,4287,4192,4287,766,750
3425,3440,4288,4192,4288,766,750
3426,3440,4289,4192,4289,766,750
3427,3440,4290,4192,4290,766,750
3428,3440,4291,4192,4291,766,750
3429,3440,4292,4192,4292,766,750
3427,3440,4293,4192,4293,766,750
3422,3440,4294,4192,4294,766,749
3423,3440,4295,4192,4295,766,749
3421,3440,4296,4192,4296,766,749
3422,3440,4297,4192,4297,766,749
3423,3440,4298,4192,4298,766,749
3424,3440,4299,4192,4299,766,749
3423,3440,4300,4192,4300,766,749
3424,3440,4301,4192,4301,766,749
3425,3440,4302,4192,4302,766,749
3425,3440,4303,4192,4303,766,749
3423,3440,4304,4192,4304,766,749
3422,3440,4305,4192,4305,766,748
3423,3440,4306,4192,4306,766,748
3424,3440,4307,4192,4307,766,748
3425,3440,4308,4192,4308,766,748
3426,3440,4309,4192,4309,766,748
3427,3440,4310,4192,4310,766,748
3428,3440,4311,4192,4311,766,748
3429,3440,4312,4192,4312,766,748
3430,3440,4313,4192,4313,766,748
3431,3440,4314,4192,4314,766,748
3432,3440,4315,4192,4315,766,748
3433,3440,4316,4192,4316,766,748
3434,3440,4317,4192,4317,766,748
3435,3440,4318,4192,4318,766,748
3432,3440,4319,4192,4319,766,748
3433,3440,4320,4192,4320,766,748
3434,3440,4321,4192,4321,766,748
3432,3440,4322,4192,4322,766,747
3429,3440,4323,4192,4323,766,747
3430,3440,4324,4192,4324,766,747
3430,3440,4325,4192,4325,766,747
3431,3440,4326,4192,4326,766,747
3432,3440,4327,4192,4327,766,747
3433,3440,4328,4192,4328,766,747
3431,3440,4329,4192,4329,766,747
3432,3440,4330,4192,4330,766,747
3432,3440,4331,4192,4331,766,747
3433,3440,4332,4192,4332,766,747
3434,3440,4333,4192,4333,766,747
3435,3440,4334,4192,4334,766,747
3436,3440,4335,4192,4335,766,747
3433,3440,4336,4192,4336,766,747
3434,3440,4337,4192,4337,766,747
3435,3440,4338,4192,4338,766,747
3435,3440,4339,4192,4339,766,747
3436,3440,4340,4192,4340,766,747
3437,3440,4341,4192,4341,766,747
3438,3440,4342,4192,4342,766,747
3439,3440,4343,4192,4343,766,747
3435,3440,4344,4192,4344,766,746
3436,3440,4345,4192,4345,766,746
3437,3440,4346,4192,4346,766,746
3437,3440,4347,4192,4347,766,746
3438,3440,4348,4192,4348,766,746
3439,3440,4349,4192,4349,766,746
3440,3440,4350,4192,4350,766,746
3440,3440,4351,4192,4351,766,746
3441,3441,4352,4352,4352,766,746
3442,3442,4353,4353,4353,766,746
3443,3443,4354,4354,4354,766,746
3444,3444,4355,4355,4355,766,746
3445,3445,4356,4356,4356,766,746
3446,3446,4357,4357,4357,766,746
3446,3446,4358,4357,4358,766,746
3447,3447,4359,4359,4359,766,746
3444,3447,4360,4359,4360,766,745
3442,3447,4361,4359,4361,766,745
3443,3447,4362,4359,4362,766,745
3444,3447,4363,4359,4363,766,745
3445,3447,4364,4359,4364,766,745
3446,3447,4365,4359,4365,766,745
3447,3447,4366,4359,4366,766,745
3448,3448,4367,4367,4367,766,745
3449,3449,4368,4368,4368,766,745
3450,3450,4369,4369,4369,766,745
3451,3451,4370,4370,4370,766,745
3449,3451,4371,4370,4371,766,745
3450,3451,4372,4370,4372,766,745
3449,3451,4373,4370,4373,766,745
3450,3451,4374,4370,4374,766,745
3451,3451,4375,4370,4375,766,745
3452,3452,4376,4376,4376,766,745
3453,3453,4377,4377,4377,766,745
3454,3454,4378,4378,4378,766,745
3455,3455,4379,4379,4379,766,745
3456,3456,4380,4380,4380,766,745
3457,3457,4381,4381,4381,766,745
3458,3458,4382,4382,4382,766,745
3458,3458,4383,4382,4383,766,745
3459,3459,4384,4384,4384,766,745
3460,3460,4385,4385,4385,766,745
3461,3461,4386,4386,4386,766,745
3458,3461,4387,4386,4387,766,745
3459,3461,4388,4386,4388,766,745
3457,3461,4389,4386,4389,766,745
3458,3461,4390,4386,4390,766,745
3459,3461,4391,4386,4391,766,745
3457,3461,4392,4386,4392,766,745
3458,3461,4393,4386,4393,766,745
3455,3461,4394,4386,4394,766,745
3453,3461,4395,4386,4395,766,745
3454,3461,4396,4386,4396,766,745
3455,3461,4397,4386,4397,766,745
3456,3461,4398,4386,4398,766,745
3457,3461,4399,4386,4399,766,745
3455,3461,4400,4386,4400,766,745
3456,3461,4401,4386,4401,766,745
3457,3461,4402,4386,4402,766,745
3458,3461,4403,4386,4403,766,745
3456,3461,4404,4386,4404,766,745
3457,3461,4405,4386,4405,766,745
3458,3461,4406,4386,4406,766,745
3459,3461,4407,4386,4407,766,745
3457,3461,4408,4386,4408,766,745
3458,3461,4409,4386,4409,766,745
3459,3461,4410,4386,4410,766,745
3458,3461,4411,4386,4411,766,745
3459,3461,4412,4386,4412,766,745
3460,3461,4413,4386,4413,766,745
3461,3461,4414,4386,4414,766,745
3461,3461,4415,4386,4415,766,745
3462,3462,4416,4416,4416,766,745
3460,3462,4417,4416,4417,766,745
3461,3462,4418,4416,4418,766,745
3462,3462,4419,4416,4419,766,745
3461,3462,4420,4416,4420,766,745
3462,3462,4421,4416,4421,766,745
3461,3462,4422,4416,4422,766,745
3461,3462,4423,4416,4423,766,745
3462,3462,4424,4416,4424,766,745
3463,3463,4425,4425,4425,766,745
3461,3463,4426,4425,4426,766,745
3461,3463,4427,4425,4427,766,745
3462,3463,4428,4425,4428,766,745
3463,3463,4429,4425,4429,766,745
3459,3463,4430,4425,4430,766,745
3460,3463,4431,4425,4431,766,745
3455,3463,4432,4425,4432,766,745
3452,3463,4433,4425,4433,766,745
3453,3463,4434,4425,4434,766,745
3451,3463,4435,4425,4435,766,745
3452,3463,4436,4425,4436,766,745
3453,3463,4437,4425,4437,766,745
3453,3463,4438,4425,4438,766,745
3454,3463,4439,4425,4439,766,745
3455,3463,4440,4425,4440,766,745
3456,3463,4441,4425,4441,766,745
3457,3463,4442,4425,4442,766,745
3458,3463,4443,4425,4443,766,745
3456,3463,4444,4425,4444,766,745
3457,3463,4445,4425,4445,766,745
3457,3463,4446,4425,4446,766,745
3456,3463,4447,4425,4447,766,745
3457,3463,4448,4425,4448,766,745
3458,3463,4449,4425,4449,766,745
3457,3463,4450,4425,4450,766,745
3458,3463,4451,4425,4451,766,745
3459,3463,4452,4425,4452,766,745
3460,3463,4453,4425,4453,766,745
3458,3463,4454,4425,4454,766,745
3456,3463,4455,4425,4455,766,745
3455,3463,4456,4425,4456,766,745
3456,3463,4457,4425,4457,766,745
3457,3463,4458,4425,4458,766,745
3454,3463,4459,4425,4459,766,745
3455,3463,4460,4425,4460,766,745
3456,3463,4461,4425,4461,766,745
3456,3463,4462,4425,4462,766,745
3457,3463,4463,4425,4463,766,745
3458,3463,4464,4425,4464,766,745
3458,3463,4465,4425,4465,766,745
3460,3463,4466,4425,4466,766,746
3461,3463,4467,4425,4467,766,746
3462,3463,4468,4425,4468,766,746
3463,3463,4469,4425,4469,766,746
3460,3463,4470,4425,4470,766,745
3459,3463,4471,4425,4471,766,745
3460,3463,4472,4425,4472,766,745
3461,3463,4473,4425,4473,766,745
3460,3463,4474,4425,4474,766,745
3461,3463,4475,4425,4475,766,745
3461,3463,4476,4425,4476,766,745
3459,3463,4477,4425,4477,766,744
3460,3463,4478,4425,4478,766,744
3459,3463,4479,4425,4479,766,744
3456,3463,4480,4425,4480,766,744
3456,3463,4481,4425,4481,766,744
3457,3463,4482,4425,4482,766,744
3458,3463,4483,4425,4483,766,744
3459,3463,4484,4425,4484,766,744
3460,3463,4485,4425,4485,766,744
3457,3463,4486,4425,4486,766,744
3458,3463,4487,4425,4487,766,744
3459,3463,4488,4425,4488,766,744
3460,3463,4489,4425,4489,766,744
3461,3463,4490,4425,4490,766,744
3462,3463,4491,4425,4491,766,744
3463,3463,4492,4425,4492,766,744
3464,3464,4493,4493,4493,766,744
3465,3465,4494,4494,4494,766,744
3466,3466,4495,4495,4495,766,744
3467,3467,4496,4496,4496,766,744
3468,3468,4497,4497,4497,766,744
3469,3469,4498,4498,4498,766,744
3468,3469,4499,4498,4499,766,744
3465,3469,4500,4498,4500,766,744
3463,3469,4501,4498,4501,766,744
3462,3469,4502,4498,4502,766,744
3463,3469,4503,4498,4503,766,744
3464,3469,4504,4498,4504,766,744
3461,3469,4505,4498,4505,766,744
3462,3469,4506,4498,4506,766,744
3463,3469,4507,4498,4507,766,744
3460,3469,4508,4498,4508,766,744
3458,3469,4509,4498,4509,766,744
3459,3469,4510,4498,4510,766,744
3459,3469,4511,4498,4511,766,744
3460,3469,4512,4498,4512,766,744
3461,3469,4513,4498,4513,766,744
3462,3469,4514,4498,4514,766,744
3463,3469,4515,4498,4515,766,744
3464,3469,4516,4498,4516,766,744
3463,3469,4517,4498,4517,766,743
3464,3469,4518,4498,4518,766,743
3464,3469,4519,4498,4519,766,743
3465,3469,4520,4498,4520,766,743
3466,3469,4521,4498,4521,766,743
3467,3469,4522,4498,4522,766,743
3468,3469,4523,4498,4523,766,743
3469,3469,4524,4498,4524,766,743
3468,3469,4525,4498,4525,766,743
3469,3469,4526,4498,4526,766,743
3468,3469,4527,4498,4527,766,743
3469,3469,4528,4498,4528,766,743
3470,3470,4529,4529,4529,766,743
3469,3470,4530,4529,4530,766,743
3470,3470,4531,4529,4531,766,743
3469,3470,4532,4529,4532,766,743
3465,3470,4533,4529,4533,766,743
3464,3470,4534,4529,4534,766,743
3461,3470,4535,4529,4535,766,743
3462,3470,4536,4529,4536,766,743
3463,3470,4537,4529,4537,766,743
3464,3470,4538,4529,4538,766,743
3465,3470,4539,4529,4539,766,743
3466,3470,4540,4529,4540,766,743
3467,3470,4541,4529,4541,766,743
3468,3470,4542,4529,4542,766,743
3465,3470,4543,4529,4543,766,742
3462,3470,4544,4529,4544,766,742
3458,3470,4545,4529,4545,766,742
3459,3470,4546,4529,4546,766,742
3458,3470,4547,4529,4547,766,742
3458,3470,4548,4529,4548,766,742
3459,3470,4549,4529,4549,766,742
3460,3470,4550,4529,4550,766,742
3460,3470,4551,4529,4551,766,742
3458,3470,4552,4529,4552,766,742
3459,3470,4553,4529,4553,766,742
3460,3470,4554,4529,4554,766,742
3458,3470,4555,4529,4555,766,742
3459,3470,4556,4529,4556,766,742
3454,3470,4557,4529,4557,766,742
3455,3470,4558,4529,4558,766,742
3456,3470,4559,4529,4559,766,742
3454,3470,4560,4529,4560,766,742
3454,3470,4561,4529,4561,766,742
3451,3470,4562,4529,4562,766,742
3452,3470,4563,4529,4563,766,742
3453,3470,4564,4529,4564,766,742
3454,3470,4565,4529,4565,766,742
3454,3470,4566,4529,4566,766,742
3454,3470,4567,4529,4567,766,742
3455,3470,4568,4529,4568,766,742
3453,3470,4569,4529,4569,766,742
3454,3470,4570,4529,4570,766,742
3454,3470,4571,4529,4571,766,742
3455,3470,4572,4529,4572,766,742
3453,3470,4573,4529,4573,766,742
3454,3470,4574,4529,4574,766,742
3453,3470,4575,4529,4575,766,742
3454,3470,4576,4529,4576,766,742
3455,3470,4577,4529,4577,766,742
3456,3470,4578,4529,4578,766,742
3457,3470,4579,4529,4579,766,742
3456,3470,4580,4529,4580,766,742
3457,3470,4581,4529,4581,766,742
3458,3470,4582,4529,4582,766,742
3455,3470,4583,4529,4583,766,742
3456,3470,4584,4529,4584,766,742
3454,3470,4585,4529,4585,766,742
3450,3470,4586,4529,4586,766,742
3449,3470,4587,4529,4587,766,742
3450,3470,4588,4529,4588,766,742
3451,3470,4589,4529,4589,766,742
3450,3470,4590,4529,4590,766,742
3451,3470,4591,4529,4591,766,742
3450,3470,4592,4529,4592,766,742
3449,3470,4593,4529,4593,766,742
3450,3470,4594,4529,4594,766,742
3451,3470,4595,4529,4595,766,742
3452,3470,4596,4529,4596,766,742
3453,3470,4597,4529,4597,766,742
3453,3470,4598,4529,4598,766,742
3454,3470,4599,4529,4599,766,742
3455,3470,4600,4529,4600,766,742
3453,3470,4601,4529,4601,766,741
3454,3470,4602,4529,4602,766,741
3455,3470,4603,4529,4603,766,741
3456,3470,4604,4529,4604,766,741
3457,3470,4605,4529,4605,766,741
3458,3470,4606,4529,4606,766,741
3459,3470,4607,4529,4607,766,741
3460,3470,4608,4529,4608,766,741
3461,3470,4609,4529,4609,766,741
3459,3470,4610,4529,4610,766,741
3460,3470,4611,4529,4611,766,741
3461,3470,4612,4529,4612,766,741
3462,3470,4613,4529,4613,766,741
3463,3470,4614,4529,4614,766,741
3464,3470,4615,4529,4615,766,741
3462,3470,4616,4529,4616,766,740
3462,3470,4617,4529,4617,766,740
3463,3470,4618,4529,4618,766,740
3461,3470,4619,4529,4619,766,740
3458,3470,4620,4529,4620,766,740
3457,3470,4621,4529,4621,766,740
3458,3470,4622,4529,4622,766,740
3457,3470,4623,4529,4623,766,740
3458,3470,4624,4529,4624,766,740
3459,3470,4625,4529,4625,766,740
3458,3470,4626,4529,4626,766,740
3459,3470,4627,4529,4627,766,740
3457,3470,4628,4529,4628,766,740
3458,3470,4629,4529,4629,766,740
3457,3470,4630,4529,4630,766,740
3458,3470,4631,4529,4631,766,740
3459,3470,4632,4529,4632,766,740
3460,3470,4633,4529,4633,766,740
3460,3470,4634,4529,4634,766,740
3459,3470,4635,4529,4635,766,740
3459,3470,4636,4529,4636,766,740
3455,3470,4637,4529,4637,766,740
3456,3470,4638,4529,4638,766,740
3455,3470,4639,4529,4639,766,740
3455,3470,4640,4529,4640,766,740
3453,3470,4641,4529,4641,766,739
3451,3470,4642,4529,4642,766,739
3451,3470,4643,4529,4643,766,739
3452,3470,4644,4529,4644,766,739
3453,3470,4645,4529,4645,766,739
3452,3470,4646,4529,4646,766,739
3453,3470,4647,4529,4647,766,739
3454,3470,4648,4529,4648,766,739
3454,3470,4649,4529,4649,766,739
3453,3470,4650,4529,4650,766,739
3454,3470,4651,4529,4651,766,739
3455,3470,4652,4529,4652,766,739
3456,3470,4653,4529,4653,766,739
3458,3470,4654,4529,4654,766,740
3459,3470,4655,4529,4655,766,740
3459,3470,4656,4529,4656,766,740
3460,3470,4657,4529,4657,766,740
3461,3470,4658,4529,4658,766,740
3461,3470,4659,4529,4659,766,740
3462,3470,4660,4529,4660,766,740
3459,3470,4661,4529,4661,766,740
3456,3470,4662,4529,4662,766,740
3457,3470,4663,4529,4663,766,740
3458,3470,4664,4529,4664,766,740
3459,3470,4665,4529,4665,766,740
3459,3470,4666,4529,4666,766,740
3457,3470,4667,4529,4667,766,740
3455,3470,4668,4529,4668,766,740
3456,3470,4669,4529,4669,766,740
3457,3470,4670,4529,4670,766,740
3455,3470,4671,4529,4671,766,740
3456,3470,4672,4529,4672,766,740
3452,3470,4673,4529,4673,766,740
3452,3470,4674,4529,4674,766,740
3453,3470,4675,4529,4675,766,740
3454,3470,4676,4529,4676,766,740
3455,3470,4677,4529,4677,766,740
3454,3470,4678,4529,4678,766,740
3455,3470,4679,4529,4679,766,740
3456,3470,4680,4529,4680,766,740
3457,3470,4681,4529,4681,766,740
3458,3470,4682,4529,4682,766,740
3459,3470,4683,4529,4683,766,740
3459,3470,4684,4529,4684,766,740
3459,3470,4685,4529,4685,766,740
3460,3470,4686,4529,4686,766,740
3460,3470,4687,4529,4687,766,740
3461,3470,4688,4529,4688,766,740
3462,3470,4689,4529,4689,766,740
3463,3470,4690,4529,4690,766,740
3463,3470,4691,4529,4691,766,740
3464,3470,4692,4529,4692,766,740
3464,3470,4693,4529,4693,766,740
3464,3470,4694,4529,4694,766,740
3464,3470,4695,4529,4695,766,740
3465,3470,4696,4529,4696,766,740
3466,3470,4697,4529,4697,766,740
3467,3470,4698,4529,4698,766,740
3465,3470,4699,4529,4699,766,740
3466,3470,4700,4529,4700,766,740
3467,3470,4701,4529,4701,766,740
3462,3470,4702,4529,4702,766,740
3461,3470,4703,4529,4703,766,740
3462,3470,4704,4529,4704,766,740
3463,3470,4705,4529,4705,766,740
3462,3470,4706,4529,4706,766,740
3463,3470,4707,4529,4707,766,740
3464,3470,4708,4529,4708,766,740
3465,3470,4709,4529,4709,766,740
3466,3470,4710,4529,4710,766,740
3462,3470,4711,4529,4711,766,739
3463,3470,4712,4529,4712,766,739
3463,3470,4713,4529,4713,766,739
3463,3470,4714,4529,4714,766,739
3464,3470,4715,4529,4715,766,739
3465,3470,4716,4529,4716,766,739
3466,3470,4717,4529,4717,766,739
3463,3470,4718,4529,4718,766,739
3462,3470,4719,4529,4719,766,739
3463,3470,4720,4529,4720,766,739
3461,3470,4721,4529,4721,766,739
3462,3470,4722,4529,4722,766,739
3463,3470,4723,4529,4723,766,739
3461,3470,4724,4529,4724,766,739
3462,3470,4725,4529,4725,766,739
3463,3470,4726,4529,4726,766,739
3464,3470,4727,4529,4727,766,739
3465,3470,4728,4529,4728,766,739
3463,3470,4729,4529,4729,766,738
3464,3470,4730,4529,4730,766,738
3465,3470,4731,4529,4731,766,738
3464,3470,4732,4529,4732,766,738
3465,3470,4733,4529,4733,766,738
3465,3470,4734,4529,4734,766,738
3466,3470,4735,4529,4735,766,738
3467,3470,4736,4529,4736,766,738
3468,3470,4737,4529,4737,766,738
3469,3470,4738,4529,4738,766,738
3466,3470,4739,4529,4739,766,738
3465,3470,4740,4529,4740,766,738
3465,3470,4741,4529,4741,766,738
3466,3470,4742,4529,4742,766,738
3467,3470,4743,4529,4743,766,738
3465,3470,4744,4529,4744,766,738
3462,3470,4745,4529,4745,766,738
3462,3470,4746,4529,4746,766,738
3461,3470,4747,4529,4747,766,738
3461,3470,4748,4529,4748,766,738
3462,3470,4749,4529,4749,766,738
3463,3470,4750,4529,4750,766,738
3464,3470,4751,4529,4751,766,738
3464,3470,4752,4529,4752,766,738
3464,3470,4753,4529,4753,766,738
3465,3470,4754,4529,4754,766,738
3465,3470,4755,4529,4755,766,738
3466,3470,4756,4529,4756,766,738
3465,3470,4757,4529,4757,766,738
3466,3470,4758,4529,4758,766,738
3466,3470,4759,4529,4759,766,738
3467,3470,4760,4529,4760,766,738
3466,3470,4761,4529,4761,766,738
3465,3470,4762,4529,4762,766,738
3465,3470,4763,4529,4763,766,738
3466,3470,4764,4529,4764,766,738
3467,3470,4765,4529,4765,766,738
3467,3470,4766,4529,4766,766,738
3468,3470,4767,4529,4767,766,738
3465,3470,4768,4529,4768,766,738
3466,3470,4769,4529,4769,766,738
3467,3470,4770,4529,4770,766,738
3467,3470,4771,4529,4771,766,738
3464,3470,4772,4529,4772,766,738
3461,3470,4773,4529,4773,766,737
3461,3470,4774,4529,4774,766,737
3457,3470,4775,4529,4775,766,736
3458,3470,4776,4529,4776,766,736
3456,3470,4777,4529,4777,766,736
3457,3470,4778,4529,4778,766,736
3456,3470,4779,4529,4779,766,736
3457,3470,4780,4529,4780,766,736
3458,3470,4781,4529,4781,766,736
3459,3470,4782,4529,4782,766,736
3459,3470,4783,4529,4783,766,736
3457,3470,4784,4529,4784,766,735
3455,3470,4785,4529,4785,766,735
3456,3470,4786,4529,4786,766,735
3457,3470,4787,4529,4787,766,735
3457,3470,4788,4529,4788,766,735
3457,3470,4789,4529,4789,766,735
3458,3470,4790,4529,4790,766,735
3459,3470,4791,4529,4791,766,735
3457,3470,4792,4529,4792,766,735
3453,3470,4793,4529,4793,766,735
3454,3470,4794,4529,4794,766,735
3455,3470,4795,4529,4795,766,735
3456,3470,4796,4529,4796,766,735
3457,3470,4797,4529,4797,766,735
3458,3470,4798,4529,4798,766,735
3457,3470,4799,4529,4799,766,735
3458,3470,4800,4529,4800,766,735
3459,3470,4801,4529,4801,766,735
3460,3470,4802,4529,4802,766,735
3458,3470,4803,4529,4803,766,735
3459,3470,4804,4529,4804,766,735
3460,3470,4805,4529,4805,766,735
3459,3470,4806,4529,4806,766,735
3459,3470,4807,4529,4807,766,735
3458,3470,4808,4529,4808,766,735
3455,3470,4809,4529,4809,766,735
3456,3470,4810,4529,4810,766,735
3456,3470,4811,4529,4811,766,735
3455,3470,4812,4529,4812,766,735
3456,3470,4813,4529,4813,766,735
3457,3470,4814,4529,4814,766,735
3458,3470,4815,4529,4815,766,735
3459,3470,4816,4529,4816,766,735
3458,3470,4817,4529,4817,766,735
3459,3470,4818,4529,4818,766,735
3458,3470,4819,4529,4819,766,735
3459,3470,4820,4529,4820,766,735
3460,3470,4821,4529,4821,766,735
3461,3470,4822,4529,4822,766,735
3462,3470,4823,4529,4823,766,735
3463,3470,4824,4529,4824,766,735
3464,3470,4825,4529,4825,766,735
3465,3470,4826,4529,4826,766,735
3464,3470,4827,4529,4827,766,735
3465,3470,4828,4529,4828,766,735
3462,3470,4829,4529,4829,766,735
3463,3470,4830,4529,4830,766,735
3463,3470,4831,4529,4831,766,735
3464,3470,4832,4529,4832,766,735
3461,3470,4833,4529,4833,766,735
3460,3470,4834,4529,4834,766,735
3461,3470,4835,4529,4835,766,735
3462,3470,4836,4529,4836,766,735
3463,3470,4837,4529,4837,766,735
3459,3470,4838,4529,4838,766,734
3460,3470,4839,4529,4839,766,734
3461,3470,4840,4529,4840,766,734
3462,3470,4841,4529,4841,766,734
3462,3470,4842,4529,4842,766,734
3462,3470,4843,4529,4843,766,734
3461,3470,4844,4529,4844,766,734
3459,3470,4845,4529,4845,766,733
3458,3470,4846,4529,4846,766,733
3459,3470,4847,4529,4847,766,733
3460,3470,4848,4529,4848,766,733
3461,3470,4849,4529,4849,766,733
3457,3470,4850,4529,4850,766,733
3452,3470,4851,4529,4851,766,733
3453,3470,4852,4529,4852,766,733
3450,3470,4853,4529,4853,766,733
3451,3470,4854,4529,4854,766,733
3448,3470,4855,4529,4855,766,732
3449,3470,4856,4529,4856,766,732
3448,3470,4857,4529,4857,766,732
3449,3470,4858,4529,4858,766,732
3450,3470,4859,4529,4859,766,732
3447,3470,4860,4529,4860,766,732
3445,3470,4861,4529,4861,766,732
3445,3470,4862,4529,4862,766,732
3446,3470,4863,4529,4863,766,732
3446,3470,4864,4529,4864,766,732
3447,3470,4865,4529,4865,766,732
3446,3470,4866,4529,4866,766,732
3447,3470,4867,4529,4867,766,732
3446,3470,4868,4529,4868,766,732
3447,3470,4869,4529,4869,766,732
3448,3470,4870,4529,4870,766,732
3449,3470,4871,4529,4871,766,732
3450,3470,4872,4529,4872,766,732
3448,3470,4873,4529,4873,766,732
3449,3470,4874,4529,4874,766,732
3450,3470,4875,4529,4875,766,732
3450,3470,4876,4529,4876,766,732
3451,3470,4877,4529,4877,766,732
3452,3470,4878,4529,4878,766,732
3452,3470,4879,4529,4879,766,732
3452,3470,4880,4529,4880,766,732
3452,3470,4881,4529,4881,766,732
3450,3470,4882,4529,4882,766,731
3451,3470,4883,4529,4883,766,731
3452,3470,4884,4529,4884,766,731
3450,3470,4885,4529,4885,766,731
3450,3470,4886,4529,4886,766,731
3448,3470,4887,4529,4887,766,731
3449,3470,4888,4529,4888,766,731
3449,3470,4889,4529,4889,766,731
3450,3470,4890,4529,4890,766,731
3451,3470,4891,4529,4891,766,731
3452,3470,4892,4529,4892,766,731
3453,3470,4893,4529,4893,766,731
3454,3470,4894,4529,4894,766,731
3455,3470,4895,4529,4895,766,731
3456,3470,4896,4529,4896,766,731
3457,3470,4897,4529,4897,766,731
3458,3470,4898,4529,4898,766,731
3459,3470,4899,4529,4899,766,731
3457,3470,4900,4529,4900,766,731
3455,3470,4901,4529,4901,766,731
3456,3470,4902,4529,4902,766,731
3456,3470,4903,4529,4903,766,731
3454,3470,4904,4529,4904,766,731
3455,3470,4905,4529,4905,766,731
3454,3470,4906,4529,4906,766,731
3455,3470,4907,4529,4907,766,731
3456,3470,4908,4529,4908,766,731
3452,3470,4909,4529,4909,766,730
3453,3470,4910,4529,4910,766,730
3454,3470,4911,4529,4911,766,730
3455,3470,4912,4529,4912,766,730
3456,3470,4913,4529,4913,766,730
3457,3470,4914,4529,4914,766,730
3458,3470,4915,4529,4915,766,730
3459,3470,4916,4529,4916,766,730
3460,3470,4917,4529,4917,766,730
3461,3470,4918,4529,4918,766,730
3458,3470,4919,4529,4919,766,730
3456,3470,4920,4529,4920,766,730
3453,3470,4921,4529,4921,766,730
3454,3470,4922,4529,4922,766,730
3449,3470,4923,4529,4923,766,729
3448,3470,4924,4529,4924,766,729
3449,3470,4925,4529,4925,766,729
3450,3470,4926,4529,4926,766,729
3451,3470,4927,4529,4927,766,729
3449,3470,4928,4529,4928,766,729
3448,3470,4929,4529,4929,766,729
3449,3470,4930,4529,4930,766,729
3450,3470,4931,4529,4931,766,729
3451,3470,4932,4529,4932,766,729
3452,3470,4933,4529,4933,766,729
3453,3470,4934,4529,4934,766,729
3454,3470,4935,4529,4935,766,729
3454,3470,4936,4529,4936,766,729
3454,3470,4937,4529,4937,766,729
3449,3470,4938,4529,4938,766,729
3450,3470,4939,4529,4939,766,729
3451,3470,4940,4529,4940,766,729
3452,3470,4941,4529,4941,766,729
3453,3470,4942,4529,4942,766,729
3454,3470,4943,4529,4943,766,729
3452,3470,4944,4529,4944,766,729
3451,3470,4945,4529,4945,766,729
3452,3470,4946,4529,4946,766,729
3453,3470,4947,4529,4947,766,729
3454,3470,4948,4529,4948,766,729
3455,3470,4949,4529,4949,766,729
3455,3470,4950,4529,4950,766,729
3454,3470,4951,4529,4951,766,729
3455,3470,4952,4529,4952,766,729
3456,3470,4953,4529,4953,766,729
3457,3470,4954,4529,4954,766,729
3458,3470,4955,4529,4955,766,729
3458,3470,4956,4529,4956,766,729
3458,3470,4957,4529,4957,766,729
3459,3470,4958,4529,4958,766,729
3458,3470,4959,4529,4959,766,729
3459,3470,4960,4529,4960,766,729
3457,3470,4961,4529,4961,766,729
3457,3470,4962,4529,4962,766,729
3452,3470,4963,4529,4963,766,729
3452,3470,4964,4529,4964,766,729
3453,3470,4965,4529,4965,766,729
3454,3470,4966,4529,4966,766,729
3455,3470,4967,4529,4967,766,729
3455,3470,4968,4529,4968,766,729
3455,3470,4969,4529,4969,766,729
3451,3470,4970,4529,4970,766,727
3452,3470,4971,4529,4971,766,727
3451,3470,4972,4529,4972,766,727
3451,3470,4973,4529,4973,766,727
3452,3470,4974,4529,4974,766,727
3453,3470,4975,4529,4975,766,727
3454,3470,4976,4529,4976,766,727
3452,3470,4977,4529,4977,766,727
3453,3470,4978,4529,4978,766,727
3454,3470,4979,4529,4979,766,727
3455,3470,4980,4529,4980,766,727
3455,3470,4981,4529,4981,766,727
3456,3470,4982,4529,4982,766,727
3457,3470,4983,4529,4983,766,727
3458,3470,4984,4529,4984,766,727
3459,3470,4985,4529,4985,766,727
3457,3470,4986,4529,4986,766,727
3455,3470,4987,4529,4987,766,727
3454,3470,4988,4529,4988,766,727
3453,3470,4989,4529,4989,766,727
3455,3470,4990,4529,4990,766,728
3456,3470,4991,4529,4991,766,728
3457,3470,4992,4529,4992,766,728
3458,3470,4993,4529,4993,766,728
3458,3470,4994,4529,4994,766,728
3459,3470,4995,4529,4995,766,728
3460,3470,4996,4529,4996,766,728
3461,3470,4997,4529,4997,766,728
3458,3470,4998,4529,4998,766,728
3459,3470,4999,4529,4999,766,728
3459,3470,5000,4529,5000,766,728
3460,3470,5001,4529,5001,766,728
3461,3470,5002,4529,5002,766,728
3462,3470,5003,4529,5003,766,728
3461,3470,5004,4529,5004,766,728
3462,3470,5005,4529,5005,766,728
3463,3470,5006,4529,5006,766,728
3464,3470,5007,4529,5007,766,728
3463,3470,5008,4529,5008,766,728
3464,3470,5009,4529,5009,766,728
3462,3470,5010,4529,5010,766,728
3460,3470,5011,4529,5011,766,727
3461,3470,5012,4529,5012,766,727
3461,3470,5013,4529,5013,766,727
3461,3470,5014,4529,5014,766,727
3460,3470,5015,4529,5015,766,727
3458,3470,5016,4529,5016,766,727
3458,3470,5017,4529,5017,766,727
3459,3470,5018,4529,5018,766,727
3459,3470,5019,4529,5019,766,727
3454,3470,5020,4529,5020,766,725
3455,3470,5021,4529,5021,766,725
3455,3470,5022,4529,5022,766,725
3456,3470,5023,4529,5023,766,725
3455,3470,5024,4529,5024,766,725
3456,3470,5025,4529,5025,766,725
3457,3470,5026,4529,5026,766,725
3458,3470,5027,4529,5027,766,725
3459,3470,5028,4529,5028,766,725
3458,3470,5029,4529,5029,766,725
3459,3470,5030,4529,5030,766,725
3458,3470,5031,4529,5031,766,725
3455,3470,5032,4529,5032,766,724
3453,3470,5033,4529,5033,766,724
3453,3470,5034,4529,5034,766,724
3454,3470,5035,4529,5035,766,724
3453,3470,5036,4529,5036,766,724
3452,3470,5037,4529,5037,766,724
3452,3470,5038,4529,5038,766,724
3453,3470,5039,4529,5039,766,724
3453,3470,5040,4529,5040,766,724
3454,3470,5041,4529,5041,766,724
3455,3470,5042,4529,5042,766,724
3456,3470,5043,4529,5043,766,724
3457,3470,5044,4529,5044,766,724
3458,3470,5045,4529,5045,766,724
3455,3470,5046,4529,5046,766,724
3453,3470,5047,4529,5047,766,724
3452,3470,5048,4529,5048,766,724
3450,3470,5049,4529,5049,766,724
3451,3470,5050,4529,5050,766,724
3452,3470,5051,4529,5051,766,724
3451,3470,5052,4529,5052,766,724
3452,3470,5053,4529,5053,766,724
3452,3470,5054,4529,5054,766,724
3450,3470,5055,4529,5055,766,724
3450,3470,5056,4529,5056,766,724
3451,3470,5057,4529,5057,766,724
3452,3470,5058,4529,5058,766,724
3453,3470,5059,4529,5059,766,724
3454,3470,5060,4529,5060,766,724
3455,3470,5061,4529,5061,766,724
3456,3470,5062,4529,5062,766,724
3457,3470,5063,4529,5063,766,724
3457,3470,5064,4529,5064,766,724
3458,3470,5065,4529,5065,766,724
3459,3470,5066,4529,5066,766,724
3460,3470,5067,4529,5067,766,724
3461,3470,5068,4529,5068,766,724
3461,3470,5069,4529,5069,766,724
3461,3470,5070,4529,5070,766,724
3461,3470,5071,4529,5071,766,724
3462,3470,5072,4529,5072,766,724
3463,3470,5073,4529,5073,766,724
3464,3470,5074,4529,5074,766,724
3465,3470,5075,4529,5075,766,724
3466,3470,5076,4529,5076,766,724
3464,3470,5077,4529,5077,766,724
3465,3470,5078,4529,5078,766,724
3466,3470,5079,4529,5079,766,724
3467,3470,5080,4529,5080,766,724
3467,3470,5081,4529,5081,766,724
3463,3470,5082,4529,5082,766,724
3464,3470,5083,4529,5083,766,724
3465,3470,5084,4529,5084,766,724
3466,3470,5085,4529,5085,766,724
3467,3470,5086,4529,5086,766,724
3464,3470,5087,4529,5087,766,723
3465,3470,5088,4529,5088,766,723
3466,3470,5089,4529,5089,766,723
3466,3470,5090,4529,5090,766,723
3467,3470,5091,4529,5091,766,723
3467,3470,5092,4529,5092,766,723
3468,3470,5093,4529,5093,766,723
3469,3470,5094,4529,5094,766,723
3465,3470,5095,4529,5095,766,723
3465,3470,5096,4529,5096,766,723
3466,3470,5097,4529,5097,766,723
3465,3470,5098,4529,5098,766,723
3466,3470,5099,4529,5099,766,723
3466,3470,5100,4529,5100,766,723
3464,3470,5101,4529,5101,766,723
3464,3470,5102,4529,5102,766,723
3462,3470,5103,4529,5103,766,723
3460,3470,5104,4529,5104,766,722
3459,3470,5105,4529,5105,766,722
3460,3470,5106,4529,5106,766,722
3461,3470,5107,4529,5107,766,722
3455,3470,5108,4529,5108,766,722
3456,3470,5109,4529,5109,766,722
3455,3470,5110,4529,5110,766,722
3456,3470,5111,4529,5111,766,722
3453,3470,5112,4529,5112,766,722
3450,3470,5113,4529,5113,766,722
3451,3470,5114,4529,5114,766,722
3449,3470,5115,4529,5115,766,722
3450,3470,5116,4529,5116,766,722
3451,3470,5117,4529,5117,766,722
3451,3470,5118,4529,5118,766,722
3448,3470,5119,4529,5119,766,722
3449,3470,5120,4529,5120,766,722
3450,3470,5121,4529,5121,766,722
3450,3470,5122,4529,5122,766,722
3448,3470,5123,4529,5123,766,722
3449,3470,5124,4529,5124,766,722
3446,3470,5125,4529,5125,766,722
3443,3470,5126,4529,5126,766,720
3442,3470,5127,4529,5127,766,720
3440,3470,5128,4529,5128,766,720
3441,3470,5129,4529,5129,766,720
3442,3470,5130,4529,5130,766,720
3440,3470,5131,4529,5131,766,719
3440,3470,5132,4529,5132,766,719
3441,3470,5133,4529,5133,766,719
3442,3470,5134,4529,5134,766,719
3443,3470,5135,4529,5135,766,719
3444,3470,5136,4529,5136,766,719
3445,3470,5137,4529,5137,766,719
3442,3470,5138,4529,5138,766,719
3443,3470,5139,4529,5139,766,719
3444,3470,5140,4529,5140,766,719
3445,3470,5141,4529,5141,766,719
3446,3470,5142,4529,5142,766,719
3446,3470,5143,4529,5143,766,719
3447,3470,5144,4529,5144,766,719
3448,3470,5145,4529,5145,766,719
3449,3470,5146,4529,5146,766,719
3449,3470,5147,4529,5147,766,719
3449,3470,5148,4529,5148,766,719
3450,3470,5149,4529,5149,766,719
3451,3470,5150,4529,5150,766,719
3450,3470,5151,4529,5151,766,719
3450,3470,5152,4529,5152,766,719
3451,3470,5153,4529,5153,766,719
3452,3470,5154,4529,5154,766,719
3452,3470,5155,4529,5155,766,719
3453,3470,5156,4529,5156,766,719
3454,3470,5157,4529,5157,766,719
3453,3470,5158,4529,5158,766,719
3450,3470,5159,4529,5159,766,719
3445,3470,5160,4529,5160,766,719
3446,3470,5161,4529,5161,766,719
3446,3470,5162,4529,5162,766,719
3447,3470,5163,4529,5163,766,719
3448,3470,5164,4529,5164,766,719
3449,3470,5165,4529,5165,766,719
3446,3470,5166,4529,5166,766,719
3447,3470,5167,4529,5167,766,719
3448,3470,5168,4529,5168,766,719
3445,3470,5169,4529,5169,766,719
3443,3470,5170,4529,5170,766,719
3444,3470,5171,4529,5171,766,719
3443,3470,5172,4529,5172,766,718
3444,3470,5173,4529,5173,766,718
3444,3470,5174,4529,5174,766,718
3443,3470,5175,4529,5175,766,718
3444,3470,5176,4529,5176,766,718
3443,3470,5177,4529,5177,766,718
3442,3470,5178,4529,5178,766,718
3443,3470,5179,4529,5179,766,718
3444,3470,5180,4529,5180,766,718
3445,3470,5181,4529,5181,766,718
3446,3470,5182,4529,5182,766,718
3445,3470,5183,4529,5183,766,718
3446,3470,5184,4529,5184,766,718
3446,3470,5185,4529,5185,766,718
3446,3470,5186,4529,5186,766,718
3447,3470,5187,4529,5187,766,718
3444,3470,5188,4529,5188,766,718
3443,3470,5189,4529,5189,766,718
3444,3470,5190,4529,5190,766,718
3445,3470,5191,4529,5191,766,718
3445,3470,5192,4529,5192,766,718
3446,3470,5193,4529,5193,766,718
3446,3470,5194,4529,5194,766,718
3442,3470,5195,4529,5195,766,717
3443,3470,5196,4529,5196,766,717
3444,3470,5197,4529,5197,766,717
3444,3470,5198,4529,5198,766,717
3444,3470,5199,4529,5199,766,717
3441,3470,5200,4529,5200,766,717
3434,3470,5201,4529,5201,766,716
3432,3470,5202,4529,5202,766,716
3433,3470,5203,4529,5203,766,716
3434,3470,5204,4529,5204,766,716
3432,3470,5205,4529,5205,766,716
3433,3470,5206,4529,5206,766,716
3432,3470,5207,4529,5207,766,716
3431,3470,5208,4529,5208,766,716
3432,3470,5209,4529,5209,766,716
3431,3470,5210,4529,5210,766,716
3431,3470,5211,4529,5211,766,716
3432,3470,5212,4529,5212,766,716
3428,3470,5213,4529,5213,766,716
3429,3470,5214,4529,5214,766,716
3428,3470,5215,4529,5215,766,716
3429,3470,5216,4529,5216,766,716
3430,3470,5217,4529,5217,766,716
3429,3470,5218,4529,5218,766,716
3430,3470,5219,4529,5219,766,716
3428,3470,5220,4529,5220,766,716
3426,3470,5221,4529,5221,766,716
3426,3470,5222,4529,5222,766,716
3427,3470,5223,4529,5223,766,716
3428,3470,5224,4529,5224,766,716
3427,3470,5225,4529,5225,766,716
3428,3470,5226,4529,5226,766,716
3427,3470,5227,4529,5227,766,716
3428,3470,5228,4529,5228,766,716
3429,3470,5229,4529,5229,766,716
3429,3470,5230,4529,5230,766,716
3429,3470,5231,4529,5231,766,716
3430,3470,5232,4529,5232,766,716
3428,3470,5233,4529,5233,766,716
3427,3470,5234,4529,5234,766,716
3426,3470,5235,4529,5235,766,716
3427,3470,5236,4529,5236,766,716
3426,3470,5237,4529,5237,766,715
3425,3470,5238,4529,5238,766,715
3426,3470,5239,4529,5239,766,715
3427,3470,5240,4529,5240,766,715
3425,3470,5241,4529,5241,766,715
3423,3470,5242,4529,5242,766,715
3424,3470,5243,4529,5243,766,715
3421,3470,5244,4529,5244,766,714
3422,3470,5245,4529,5245,766,714
3420,3470,5246,4529,5246,766,714
3421,3470,5247,4529,5247,766,714
3419,3470,5248,4529,5248,766,714
3420,3470,5249,4529,5249,766,714
3419,3470,5250,4529,5250,766,713
3417,3470,5251,4529,5251,766,713
3418,3470,5252,4529,5252,766,713
3419,3470,5253,4529,5253,766,713
3420,3470,5254,4529,5254,766,713
3418,3470,5255,4529,5255,766,713
3416,3470,5256,4529,5256,766,713
3415,3470,5257,4529,5257,766,713
3413,3470,5258,4529,5258,766,713
3411,3470,5259,4529,5259,766,712
3412,3470,5260,4529,5260,766,712
3413,3470,5261,4529,5261,766,712
3414,3470,5262,4529,5262,766,712
3415,3470,5263,4529,5263,766,712
3416,3470,5264,4529,5264,766,712
3417,3470,5265,4529,5265,766,712
3415,3470,5266,4529,5266,766,711
3415,3470,5267,4529,5267,766,711
3414,3470,5268,4529,5268,766,711
3410,3470,5269,4529,5269,766,711
3410,3470,5270,4529,5270,766,711
3411,3470,5271,4529,5271,766,711
3412,3470,5272,4529,5272,766,711
3411,3470,5273,4529,5273,766,711
3411,3470,5274,4529,5274,766,711
3412,3470,5275,4529,5275,766,711
3412,3470,5276,4529,5276,766,711
3413,3470,5277,4529,5277,766,711
3412,3470,5278,4529,5278,766,711
3408,3470,5279,4529,5279,766,710
3409,3470,5280,4529,5280,766,710
3405,3470,5281,4529,5281,766,710
3405,3470,5282,4529,5282,766,710
3406,3470,5283,4529,5283,766,710
3407,3470,5284,4529,5284,766,710
3408,3470,5285,4529,5285,766,710
3407,3470,5286,4529,5286,766,710
3408,3470,5287,4529,5287,766,710
3409,3470,5288,4529,5288,766,710
3410,3470,5289,4529,5289,766,710
3411,3470,5290,4529,5290,766,710
3412,3470,5291,4529,5291,766,710
3413,3470,5292,4529,5292,766,710
3414,3470,5293,4529,5293,766,710
3409,3470,5294,4529,5294,766,710
3409,3470,5295,4529,5295,766,710
3410,3470,5296,4529,5296,766,710
3411,3470,5297,4529,5297,766,710
3410,3470,5298,4529,5298,766,710
3411,3470,5299,4529,5299,766,710
3411,3470,5300,4529,5300,766,710
3411,3470,5301,4529,5301,766,710
3412,3470,5302,4529,5302,766,710
3413,3470,5303,4529,5303,766,710
3414,3470,5304,4529,5304,766,710
3415,3470,5305,4529,5305,766,710
3416,3470,5306,4529,5306,766,710
3414,3470,5307,4529,5307,766,710
3412,3470,5308,4529,5308,766,709
3413,3470,5309,4529,5309,766,709
3412,3470,5310,4529,5310,766,709
3413,3470,5311,4529,5311,766,709
3414,3470,5312,4529,5312,766,709
3415,3470,5313,4529,5313,766,709
3416,3470,5314,4529,5314,766,709
3411,3470,5315,4529,5315,766,709
3412,3470,5316,4529,5316,766,709
3412,3470,5317,4529,5317,766,709
3413,3470,5318,4529,5318,766,709
3413,3470,5319,4529,5319,766,709
3414,3470,5320,4529,5320,766,709
3415,3470,5321,4529,5321,766,709
3416,3470,5322,4529,5322,766,709
3417,3470,5323,4529,5323,766,709
3417,3470,5324,4529,5324,766,709
3416,3470,5325,4529,5325,766,709
3414,3470,5326,4529,5326,766,709
3410,3470,5327,4529,5327,766,707
3411,3470,5328,4529,5328,766,707
3411,3470,5329,4529,5329,766,707
3411,3470,5330,4529,5330,766,707
3412,3470,5331,4529,5331,766,707
3412,3470,5332,4529,5332,766,707
3413,3470,5333,4529,5333,766,707
3414,3470,5334,4529,5334,766,707
3414,3470,5335,4529,5335,766,707
3413,3470,5336,4529,5336,766,707
3413,3470,5337,4529,5337,766,707
3413,3470,5338,4529,5338,766,707
3412,3470,5339,4529,5339,766,707
3412,3470,5340,4529,5340,766,707
3413,3470,5341,4529,5341,766,707
3412,3470,5342,4529,5342,766,707
3412,3470,5343,4529,5343,766,707
3409,3470,5344,4529,5344,766,707
3408,3470,5345,4529,5345,766,706
3409,3470,5346,4529,5346,766,706
3410,3470,5347,4529,5347,766,706
3411,3470,5348,4529,5348,766,706
3412,3470,5349,4529,5349,766,706
3413,3470,5350,4529,5350,766,706
3414,3470,5351,4529,5351,766,706
3412,3470,5352,4529,5352,766,706
3413,3470,5353,4529,5353,766,706
3414,3470,5354,4529,5354,766,706
3415,3470,5355,4529,5355,766,706
3416,3470,5356,4529,5356,766,706
3416,3470,5357,4529,5357,766,706
3414,3470,5358,4529,5358,766,706
3415,3470,5359,4529,5359,766,706
3416,3470,5360,4529,5360,766,706
3417,3470,5361,4529,5361,766,706
3414,3470,5362,4529,5362,766,706
3415,3470,5363,4529,5363,766,706
3412,3470,5364,4529,5364,766,705
3413,3470,5365,4529,5365,766,705
3414,3470,5366,4529,5366,766,705
3413,3470,5367,4529,5367,766,705
3410,3470,5368,4529,5368,766,705
3408,3470,5369,4529,5369,766,705
3408,3470,5370,4529,5370,766,705
3409,3470,5371,4529,5371,766,705
3409,3470,5372,4529,5372,766,705
3409,3470,5373,4529,5373,766,705
3406,3470,5374,4529,5374,766,705
3407,3470,5375,4529,5375,766,705
3408,3470,5376,4529,5376,766,705
3408,3470,5377,4529,5377,766,705
3409,3470,5378,4529,5378,766,705
3410,3470,5379,4529,5379,766,705
3410,3470,5380,4529,5380,766,705
3411,3470,5381,4529,5381,766,705
3412,3470,5382,4529,5382,766,705
3413,3470,5383,4529,5383,766,705
3414,3470,5384,4529,5384,766,705
3415,3470,5385,4529,5385,766,705
3416,3470,5386,4529,5386,766,705
3417,3470,5387,4529,5387,766,705
3418,3470,5388,4529,5388,766,705
3419,3470,5389,4529,5389,766,705
3418,3470,5390,4529,5390,766,705
3419,3470,5391,4529,5391,766,705
3420,3470,5392,4529,5392,766,705
3417,3470,5393,4529,5393,766,705
3415,3470,5394,4529,5394,766,705
3415,3470,5395,4529,5395,766,705
3416,3470,5396,4529,5396,766,705
3417,3470,5397,4529,5397,766,705
3415,3470,5398,4529,5398,766,705
3416,3470,5399,4529,5399,766,705
3417,3470,5400,4529,5400,766,705
3416,3470,5401,4529,5401,766,705
3415,3470,5402,4529,5402,766,705
3413,3470,5403,4529,5403,766,705
3414,3470,5404,4529,5404,766,705
3414,3470,5405,4529,5405,766,705
3415,3470,5406,4529,5406,766,705
3416,3470,5407,4529,5407,766,705
3417,3470,5408,4529,5408,766,705
3418,3470,5409,4529,5409,766,705
3415,3470,5410,4529,5410,766,705
3416,3470,5411,4529,5411,766,705
3415,3470,5412,4529,5412,766,705
3413,3470,5413,4529,5413,766,705
3412,3470,5414,4529,5414,766,705
3410,3470,5415,4529,5415,766,705
3411,3470,5416,4529,5416,766,705
3412,3470,5417,4529,5417,766,705
3413,3470,5418,4529,5418,766,705
3411,3470,5419,4529,5419,766,705
3412,3470,5420,4529,5420,766,705
3411,3470,5421,4529,5421,766,705
3412,3470,5422,4529,5422,766,705
3413,3470,5423,4529,5423,766,705
3414,3470,5424,4529,5424,766,705
3414,3470,5425,4529,5425,766,705
3413,3470,5426,4529,5426,766,705
3412,3470,5427,4529,5427,766,705
3413,3470,5428,4529,5428,766,705
3414,3470,5429,4529,5429,766,705
3414,3470,5430,4529,5430,766,705
3415,3470,5431,4529,5431,766,705
3412,3470,5432,4529,5432,766,705
3412,3470,5433,4529,5433,766,705
3413,3470,5434,4529,5434,766,705
3414,3470,5435,4529,5435,766,705
3415,3470,5436,4529,5436,766,705
3416,3470,5437,4529,5437,766,705
3414,3470,5438,4529,5438,766,705
3415,3470,5439,4529,5439,766,705
3414,3470,5440,4529,5440,766,705
3415,3470,5441,4529,5441,766,705
3416,3470,5442,4529,5442,766,705
3417,3470,5443,4529,5443,766,705
3417,3470,5444,4529,5444,766,705
3418,3470,5445,4529,5445,766,705
3418,3470,5446,4529,5446,766,705
3419,3470,5447,4529,5447,766,705
3420,3470,5448,4529,5448,766,705
3421,3470,5449,4529,5449,766,705
3422,3470,5450,4529,5450,766,705
3419,3470,5451,4529,5451,766,705
3420,3470,5452,4529,5452,766,705
3419,3470,5453,4529,5453,766,705
3420,3470,5454,4529,5454,766,705
3420,3470,5455,4529,5455,766,705
3421,3470,5456,4529,5456,766,705
3422,3470,5457,4529,5457,766,705
3420,3470,5458,4529,5458,766,705
3420,3470,5459,4529,5459,766,705
3421,3470,5460,4529,5460,766,705
3420,3470,5461,4529,5461,766,705
3421,3470,5462,4529,5462,766,705
3422,3470,5463,4529,5463,766,705
3423,3470,5464,4529,5464,766,705
3423,3470,5465,4529,5465,766,705
3424,3470,5466,4529,5466,766,705
3425,3470,5467,4529,5467,766,705
3426,3470,5468,4529,5468,766,705
3424,3470,5469,4529,5469,766,705
3424,3470,5470,4529,5470,766,705
3421,3470,5471,4529,5471,766,705
3422,3470,5472,4529,5472,766,705
3423,3470,5473,4529,5473,766,705
3424,3470,5474,4529,5474,766,705
3425,3470,5475,4529,5475,766,705
3426,3470,5476,4529,5476,766,705
3427,3470,5477,4529,5477,766,705
3428,3470,5478,4529,5478,766,705
3429,3470,5479,4529,5479,766,705
3429,3470,5480,4529,5480,766,705
3430,3470,5481,4529,5481,766,705
3429,3470,5482,4529,5482,766,705
3429,3470,5483,4529,5483,766,705
3430,3470,5484,4529,5484,766,705
3431,3470,5485,4529,5485,766,705
3428,3470,5486,4529,5486,766,705
3428,3470,5487,4529,5487,766,705
3429,3470,5488,4529,5488,766,705
3428,3470,5489,4529,5489,766,705
3429,3470,5490,4529,5490,766,705
3430,3470,5491,4529,5491,766,705
3429,3470,5492,4529,5492,766,705
3428,3470,5493,4529,5493,766,705
3429,3470,5494,4529,5494,766,705
3426,3470,5495,4529,5495,766,705
3427,3470,5496,4529,5496,766,705
3424,3470,5497,4529,5497,766,705
3424,3470,5498,4529,5498,766,705
3425,3470,5499,4529,5499,766,705
3426,3470,5500,4529,5500,766,705
3427,3470,5501,4529,5501,766,705
3428,3470,5502,4529,5502,766,705
3425,3470,5503,4529,5503,766,704
3421,3470,5504,4529,5504,766,704
3422,3470,5505,4529,5505,766,704
3423,3470,5506,4529,5506,766,704
3422,3470,5507,4529,5507,766,704
3420,3470,5508,4529,5508,766,703
3421,3470,5509,4529,5509,766,703
3422,3470,5510,4529,5510,766,703
3423,3470,5511,4529,5511,766,703
3420,3470,5512,4529,5512,766,703
3421,3470,5513,4529,5513,766,703
3417,3470,5514,4529,5514,766,703
3418,3470,5515,4529,5515,766,703
3419,3470,5516,4529,5516,766,703
3420,3470,5517,4529,5517,766,703
3417,3470,5518,4529,5518,766,703
3418,3470,5519,4529,5519,766,703
3417,3470,5520,4529,5520,766,703
3415,3470,5521,4529,5521,766,703
3411,3470,5522,4529,5522,766,703
3412,3470,5523,4529,5523,766,703
3413,3470,5524,4529,5524,766,703
3409,3470,5525,4529,5525,766,702
3410,3470,5526,4529,5526,766,702
3411,3470,5527,4529,5527,766,702
3412,3470,5528,4529,5528,766,702
3407,3470,5529,4529,5529,766,702
3408,3470,5530,4529,5530,766,702
3408,3470,5531,4529,5531,766,702
3409,3470,5532,4529,5532,766,702
3410,3470,5533,4529,5533,766,702
3409,3470,5534,4529,5534,766,702
3410,3470,5535,4529,5535,766,702
3410,3470,5536,4529,5536,766,702
3410,3470,5537,4529,5537,766,702
3410,3470,5538,4529,5538,766,702
3410,3470,5539,4529,5539,766,702
3411,3470,5540,4529,5540,766,702
3412,3470,5541,4529,5541,766,702
3413,3470,5542,4529,5542,766,702
3413,3470,5543,4529,5543,766,702
3412,3470,5544,4529,5544,766,702
3413,3470,5545,4529,5545,766,702
3414,3470,5546,4529,5546,766,702
3414,3470,5547,4529,5547,766,702
3415,3470,5548,4529,5548,766,702
3416,3470,5549,4529,5549,766,702
3414,3470,5550,4529,5550,766,702
3415,3470,5551,4529,5551,766,702
3416,3470,5552,4529,5552,766,702
3417,3470,5553,4529,5553,766,702
3414,3470,5554,4529,5554,766,700
3415,3470,5555,4529,5555,766,700
3416,3470,5556,4529,5556,766,700
3414,3470,5557,4529,5557,766,700
3413,3470,5558,4529,5558,766,700
3414,3470,5559,4529,5559,766,700
3415,3470,5560,4529,5560,766,700
3414,3470,5561,4529,5561,766,700
3415,3470,5562,4529,5562,766,700
3414,3470,5563,4529,5563,766,700
3415,3470,5564,4529,5564,766,700
3415,3470,5565,4529,5565,766,700
3416,3470,5566,4529,5566,766,700
3417,3470,5567,4529,5567,766,700
3418,3470,5568,4529,5568,766,700
3416,3470,5569,4529,5569,766,700
3417,3470,5570,4529,5570,766,700
3417,3470,5571,4529,5571,766,700
3418,3470,5572,4529,5572,766,700
3418,3470,5573,4529,5573,766,700
3418,3470,5574,4529,5574,766,700
3419,3470,5575,4529,5575,766,700
3419,3470,5576,4529,5576,766,700
3418,3470,5577,4529,5577,766,700
3418,3470,5578,4529,5578,766,700
3419,3470,5579,4529,5579,766,700
3417,3470,5580,4529,5580,766,700
3418,3470,5581,4529,5581,766,700
3419,3470,5582,4529,5582,766,700
3415,3470,5583,4529,5583,766,700
3415,3470,5584,4529,5584,766,700
3416,3470,5585,4529,5585,766,700
3416,3470,5586,4529,5586,766,700
3416,3470,5587,4529,5587,766,700
3417,3470,5588,4529,5588,766,700
3412,3470,5589,4529,5589,766,700
3408,3470,5590,4529,5590,766,700
3407,3470,5591,4529,5591,766,700
3403,3470,5592,4529,5592,766,700
3402,3470,5593,4529,5593,766,700
3403,3470,5594,4529,5594,766,700
3404,3470,5595,4529,5595,766,700
3405,3470,5596,4529,5596,766,700
3406,3470,5597,4529,5597,766,700
3407,3470,5598,4529,5598,766,700
3408,3470,5599,4529,5599,766,700
3409,3470,5600,4529,5600,766,700
3409,3470,5601,4529,5601,766,700
3410,3470,5602,4529,5602,766,700
3408,3470,5603,4529,5603,766,700
3408,3470,5604,4529,5604,766,700
3407,3470,5605,4529,5605,766,700
3408,3470,5606,4529,5606,766,700
3406,3470,5607,4529,5607,766,700
3407,3470,5608,4529,5608,766,700
3408,3470,5609,4529,5609,766,700
3409,3470,5610,4529,5610,766,700
3410,3470,5611,4529,5611,766,700
3411,3470,5612,4529,5612,766,700
3412,3470,5613,4529,5613,766,700
3410,3470,5614,4529,5614,766,700
3411,3470,5615,4529,5615,766,700
3412,3470,5616,4529,5616,766,700
3412,3470,5617,4529,5617,766,700
3413,3470,5618,4529,5618,766,700
3414,3470,5619,4529,5619,766,700
3412,3470,5620,4529,5620,766,700
3410,3470,5621,4529,5621,766,700
3408,3470,5622,4529,5622,766,700
3409,3470,5623,4529,5623,766,700
3408,3470,5624,4529,5624,766,700
3409,3470,5625,4529,5625,766,700
3406,3470,5626,4529,5626,766,700
3407,3470,5627,4529,5627,766,700
3405,3470,5628,4529,5628,766,700
3406,3470,5629,4529,5629,766,700
3406,3470,5630,4529,5630,766,700
3407,3470,5631,4529,5631,766,700
3408,3470,5632,4529,5632,766,700
3408,3470,5633,4529,5633,766,700
3404,3470,5634,4529,5634,766,700
3402,3470,5635,4529,5635,766,700
3402,3470,5636,4529,5636,766,700
3403,3470,5637,4529,5637,766,700
3404,3470,5638,4529,5638,766,700
3404,3470,5639,4529,5639,766,700
3405,3470,5640,4529,5640,766,700
3405,3470,5641,4529,5641,766,700
3401,3470,5642,4529,5642,766,700
3402,3470,5643,4529,5643,766,700
3403,3470,5644,4529,5644,766,700
3403,3470,5645,4529,5645,766,700
3400,3470,5646,4529,5646,766,700
3400,3470,5647,4529,5647,766,700
3401,3470,5648,4529,5648,766,700
3402,3470,5649,4529,5649,766,700
3403,3470,5650,4529,5650,766,700
3401,3470,5651,4529,5651,766,700
3398,3470,5652,4529,5652,766,700
3399,3470,5653,4529,5653,766,700
3400,3470,5654,4529,5654,766,700
3400,3470,5655,4529,5655,766,700
3399,3470,5656,4529,5656,766,700
3400,3470,5657,4529,5657,766,700
3400,3470,5658,4529,5658,766,700
3401,3470,5659,4529,5659,766,700
3399,3470,5660,4529,5660,766,700
3400,3470,5661,4529,5661,766,700
3399,3470,5662,4529,5662,766,700
3400,3470,5663,4529,5663,766,700
3400,3470,5664,4529,5664,766,700
3401,3470,5665,4529,5665,766,700
3401,3470,5666,4529,5666,766,700
3400,3470,5667,4529,5667,766,700
3399,3470,5668,4529,5668,766,699
3400,3470,5669,4529,5669,766,699
3396,3470,5670,4529,5670,766,699
3395,3470,5671,4529,5671,766,699
3393,3470,5672,4529,5672,766,699
3393,3470,5673,4529,5673,766,699
3394,3470,5674,4529,5674,766,699
3393,3470,5675,4529,5675,766,699
3394,3470,5676,4529,5676,766,699
3395,3470,5677,4529,5677,766,699
3396,3470,5678,4529,5678,766,699
3395,3470,5679,4529,5679,766,699
3391,3470,5680,4529,5680,766,698
3392,3470,5681,4529,5681,766,698
3393,3470,5682,4529,5682,766,698
3394,3470,5683,4529,5683,766,698
3395,3470,5684,4529,5684,766,698
3392,3470,5685,4529,5685,766,698
3392,3470,5686,4529,5686,766,698
3393,3470,5687,4529,5687,766,698
3394,3470,5688,4529,5688,766,698
3393,3470,5689,4529,5689,766,698
3394,3470,5690,4529,5690,766,698
3395,3470,5691,4529,5691,766,698
3396,3470,5692,4529,5692,766,698
3397,3470,5693,4529,5693,766,698
3398,3470,5694,4529,5694,766,698
3397,3470,5695,4529,5695,766,698
3398,3470,5696,4529,5696,766,698
3399,3470,5697,4529,5697,766,698
3400,3470,5698,4529,5698,766,698
3400,3470,5699,4529,5699,766,698
3399,3470,5700,4529,5700,766,698
3395,3470,5701,4529,5701,766,697
3391,3470,5702,4529,5702,766,696
3392,3470,5703,4529,5703,766,696
3393,3470,5704,4529,5704,766,696
3394,3470,5705,4529,5705,766,696
3394,3470,5706,4529,5706,766,696
3395,3470,5707,4529,5707,766,696
3396,3470,5708,4529,5708,766,696
3397,3470,5709,4529,5709,766,696
3398,3470,5710,4529,5710,766,696
3395,3470,5711,4529,5711,766,695
3396,3470,5712,4529,5712,766,695
3397,3470,5713,4529,5713,766,695
3398,3470,5714,4529,5714,766,695
3399,3470,5715,4529,5715,766,695
3395,3470,5716,4529,5716,766,694
3396,3470,5717,4529,5717,766,694
3397,3470,5718,4529,5718,766,694
3398,3470,5719,4529,5719,766,694
3398,3470,5720,4529,5720,766,694
3399,3470,5721,4529,5721,766,694
3395,3470,5722,4529,5722,766,694
3396,3470,5723,4529,5723,766,694
3394,3470,5724,4529,5724,766,694
3395,3470,5725,4529,5725,766,694
3394,3470,5726,4529,5726,766,694
3395,3470,5727,4529,5727,766,694
3396,3470,5728,4529,5728,766,694
3393,3470,5729,4529,5729,766,693
3390,3470,5730,4529,5730,766,693
3391,3470,5731,4529,5731,766,693
3391,3470,5732,4529,5732,766,693
3392,3470,5733,4529,5733,766,693
3393,3470,5734,4529,5734,766,693
3393,3470,5735,4529,5735,766,693
3394,3470,5736,4529,5736,766,693
3395,3470,5737,4529,5737,766,693
3396,3470,5738,4529,5738,766,693
3397,3470,5739,4529,5739,766,693
3397,3470,5740,4529,5740,766,693
3398,3470,5741,4529,5741,766,693
3394,3470,5742,4529,5742,766,693
3393,3470,5743,4529,5743,766,693
3394,3470,5744,4529,5744,766,693
3391,3470,5745,4529,5745,766,693
3391,3470,5746,4529,5746,766,693
3392,3470,5747,4529,5747,766,693
3391,3470,5748,4529,5748,766,693
3392,3470,5749,4529,5749,766,693
3393,3470,5750,4529,5750,766,693
3394,3470,5751,4529,5751,766,693
3392,3470,5752,4529,5752,766,693
3393,3470,5753,4529,5753,766,693
3392,3470,5754,4529,5754,766,693
3393,3470,5755,4529,5755,766,693
3393,3470,5756,4529,5756,766,693
3394,3470,5757,4529,5757,766,693
3394,3470,5758,4529,5758,766,693
3395,3470,5759,4529,5759,766,693
3396,3470,5760,4529,5760,766,693
3394,3470,5761,4529,5761,766,693
3393,3470,5762,4529,5762,766,693
3393,3470,5763,4529,5763,766,693
3394,3470,5764,4529,5764,766,693
3395,3470,5765,4529,5765,766,693
3391,3470,5766,4529,5766,766,693
3389,3470,5767,4529,5767,766,693
3390,3470,5768,4529,5768,766,693
3391,3470,5769,4529,5769,766,693
3392,3470,5770,4529,5770,766,693
3390,3470,5771,4529,5771,766,693
3387,3470,5772,4529,5772,766,693
3384,3470,5773,4529,5773,766,693
3384,3470,5774,4529,5774,766,693
3385,3470,5775,4529,5775,766,693
3385,3470,5776,4529,5776,766,693
3386,3470,5777,4529,5777,766,693
3387,3470,5778,4529,5778,766,693
3388,3470,5779,4529,5779,766,693
3389,3470,5780,4529,5780,766,693
3390,3470,5781,4529,5781,766,693
3390,3470,5782,4529,5782,766,693
3391,3470,5783,4529,5783,766,693
3390,3470,5784,4529,5784,766,693
3391,3470,5785,4529,5785,766,693
3391,3470,5786,4529,5786,766,693
3392,3470,5787,4529,5787,766,693
3393,3470,5788,4529,5788,766,693
3393,3470,5789,4529,5789,766,693
3394,3470,5790,4529,5790,766,693
3392,3470,5791,4529,5791,766,693
3393,3470,5792,4529,5792,766,693
3394,3470,5793,4529,5793,766,693
3395,3470,5794,4529,5794,766,693
3396,3470,5795,4529,5795,766,693
3396,3470,5796,4529,5796,766,693
3390,3470,5797,4529,5797,766,692
3391,3470,5798,4529,5798,766,692
3392,3470,5799,4529,5799,766,692
3393,3470,5800,4529,5800,766,692
3392,3470,5801,4529,5801,766,692
3392,3470,5802,4529,5802,766,692
3393,3470,5803,4529,5803,766,692
3394,3470,5804,4529,5804,766,692
3393,3470,5805,4529,5805,766,692
3394,3470,5806,4529,5806,766,692
3391,3470,5807,4529,5807,766,692
3391,3470,5808,4529,5808,766,692
3387,3470,5809,4529,5809,766,692
3388,3470,5810,4529,5810,766,692
3389,3470,5811,4529,5811,766,692
3390,3470,5812,4529,5812,766,692
3391,3470,5813,4529,5813,766,692
3390,3470,5814,4529,5814,766,692
3387,3470,5815,4529,5815,766,692
3388,3470,5816,4529,5816,766,692
3387,3470,5817,4529,5817,766,692
3388,3470,5818,4529,5818,766,692
3389,3470,5819,4529,5819,766,692
3388,3470,5820,4529,5820,766,692
3389,3470,5821,4529,5821,766,692
3386,3470,5822,4529,5822,766,691
3387,3470,5823,4529,5823,766,691
3388,3470,5824,4529,5824,766,691
3386,3470,5825,4529,5825,766,691
3384,3470,5826,4529,5826,766,691
3385,3470,5827,4529,5827,766,691
3386,3470,5828,4529,5828,766,691
3387,3470,5829,4529,5829,766,691
3387,3470,5830,4529,5830,766,691
3388,3470,5831,4529,5831,766,691
3389,3470,5832,4529,5832,766,691
3390,3470,5833,4529,5833,766,691
3390,3470,5834,4529,5834,766,691
3391,3470,5835,4529,5835,766,691
3390,3470,5836,4529,5836,766,691
3391,3470,5837,4529,5837,766,691
3392,3470,5838,4529,5838,766,691
3390,3470,5839,4529,5839,766,691
3391,3470,5840,4529,5840,766,691
3392,3470,5841,4529,5841,766,691
3393,3470,5842,4529,5842,766,691
3393,3470,5843,4529,5843,766,691
3392,3470,5844,4529,5844,766,690
3393,3470,5845,4529,5845,766,690
3394,3470,5846,4529,5846,766,690
3392,3470,5847,4529,5847,766,690
3392,3470,5848,4529,5848,766,690
3393,3470,5849,4529,5849,766,690
3391,3470,5850,4529,5850,766,690
3392,3470,5851,4529,5851,766,690
3393,3470,5852,4529,5852,766,690
3394,3470,5853,4529,5853,766,690
3395,3470,5854,4529,5854,766,690
3396,3470,5855,4529,5855,766,690
3397,3470,5856,4529,5856,766,690
3394,3470,5857,4529,5857,766,689
3395,3470,5858,4529,5858,766,689
3396,3470,5859,4529,5859,766,689
3397,3470,5860,4529,5860,766,689
3395,3470,5861,4529,5861,766,688
3392,3470,5862,4529,5862,766,688
3392,3470,5863,4529,5863,766,688
3393,3470,5864,4529,5864,766,688
3394,3470,5865,4529,5865,766,688
3395,3470,5866,4529,5866,766,688
3393,3470,5867,4529,5867,766,687
3392,3470,5868,4529,5868,766,686
3393,3470,5869,4529,5869,766,686
3394,3470,5870,4529,5870,766,686
3395,3470,5871,4529,5871,766,686
3396,3470,5872,4529,5872,766,686
3395,3470,5873,4529,5873,766,686
3396,3470,5874,4529,5874,766,686
3394,3470,5875,4529,5875,766,686
3394,3470,5876,4529,5876,766,686
3395,3470,5877,4529,5877,766,686
3394,3470,5878,4529,5878,766,685
3395,3470,5879,4529,5879,766,685
3391,3470,5880,4529,5880,766,685
3390,3470,5881,4529,5881,766,685
3390,3470,5882,4529,5882,766,685
3389,3470,5883,4529,5883,766,685
3389,3470,5884,4529,5884,766,685
3390,3470,5885,4529,5885,766,685
3388,3470,5886,4529,5886,766,685
3389,3470,5887,4529,5887,766,685
3387,3470,5888,4529,5888,766,685
3388,3470,5889,4529,5889,766,685
3389,3470,5890,4529,5890,766,685
3390,3470,5891,4529,5891,766,685
3391,3470,5892,4529,5892,766,685
3391,3470,5893,4529,5893,766,685
3392,3470,5894,4529,5894,766,685
3389,3470,5895,4529,5895,766,685
3390,3470,5896,4529,5896,766,685
3390,3470,5897,4529,5897,766,685
3391,3470,5898,4529,5898,766,685
3392,3470,5899,4529,5899,766,685
3392,3470,5900,4529,5900,766,685
3392,3470,5901,4529,5901,766,685
3391,3470,5902,4529,5902,766,685
3393,3470,5903,4529,5903,766,686
3394,3470,5904,4529,5904,766,686
3390,3470,5905,4529,5905,766,686
3387,3470,5906,4529,5906,766,686
3388,3470,5907,4529,5907,766,686
3387,3470,5908,4529,5908,766,686
3385,3470,5909,4529,5909,766,686
3386,3470,5910,4529,5910,766,686
3387,3470,5911,4529,5911,766,686
3388,3470,5912,4529,5912,766,686
3388,3470,5913,4529,5913,766,686
3387,3470,5914,4529,5914,766,686
3388,3470,5915,4529,5915,766,686
3386,3470,5916,4529,5916,766,686
3386,3470,5917,4529,5917,766,686
3387,3470,5918,4529,5918,766,686
3385,3470,5919,4529,5919,766,686
3385,3470,5920,4529,5920,766,686
3386,3470,5921,4529,5921,766,686
3387,3470,5922,4529,5922,766,686
3385,3470,5923,4529,5923,766,685
3384,3470,5924,4529,5924,766,685
3385,3470,5925,4529,5925,766,685
3386,3470,5926,4529,5926,766,685
3387,3470,5927,4529,5927,766,685
3387,3470,5928,4529,5928,766,685
3388,3470,5929,4529,5929,766,685
3389,3470,5930,4529,5930,766,685
3390,3470,5931,4529,5931,766,685
3389,3470,5932,4529,5932,766,685
3387,3470,5933,4529,5933,766,685
3385,3470,5934,4529,5934,766,685
3384,3470,5935,4529,5935,766,685
3385,3470,5936,4529,5936,766,685
3385,3470,5937,4529,5937,766,685
3382,3470,5938,4529,5938,766,685
3382,3470,5939,4529,5939,766,685
3383,3470,5940,4529,5940,766,685
3381,3470,5941,4529,5941,766,685
3382,3470,5942,4529,5942,766,685
3383,3470,5943,4529,5943,766,685
3381,3470,5944,4529,5944,766,684
3380,3470,5945,4529,5945,766,684
3379,3470,5946,4529,5946,766,684
3379,3470,5947,4529,5947,766,684
3377,3470,5948,4529,5948,766,684
3378,3470,5949,4529,5949,766,684
3376,3470,5950,4529,5950,766,684
3373,3470,5951,4529,5951,766,683
3373,3470,5952,4529,5952,766,683
3373,3470,5953,4529,5953,766,683
3374,3470,5954,4529,5954,766,683
3373,3470,5955,4529,5955,766,683
3373,3470,5956,4529,5956,766,683
3373,3470,5957,4529,5957,766,683
3373,3470,5958,4529,5958,766,683
3372,3470,5959,4529,5959,766,683
3370,3470,5960,4529,5960,766,683
3371,3470,5961,4529,5961,766,683
3372,3470,5962,4529,5962,766,683
3370,3470,5963,4529,5963,766,683
3371,3470,5964,4529,5964,766,683
3372,3470,5965,4529,5965,766,683
3373,3470,5966,4529,5966,766,683
3374,3470,5967,4529,5967,766,683
3375,3470,5968,4529,5968,766,683
3376,3470,5969,4529,5969,766,683
3377,3470,5970,4529,5970,766,683
3378,3470,5971,4529,5971,766,683
3379,3470,5972,4529,5972,766,683
3380,3470,5973,4529,5973,766,683
3381,3470,5974,4529,5974,766,683
3382,3470,5975,4529,5975,766,683
3383,3470,5976,4529,5976,766,683
3384,3470,5977,4529,5977,766,683
3385,3470,5978,4529,5978,766,683
3386,3470,5979,4529,5979,766,683
3387,3470,5980,4529,5980,766,683
3387,3470,5981,4529,5981,766,683
3387,3470,5982,4529,5982,766,683
3388,3470,5983,4529,5983,766,683
3389,3470,5984,4529,5984,766,683
3390,3470,5985,4529,5985,766,683
3390,3470,5986,4529,5986,766,683
3389,3470,5987,4529,5987,766,683
3388,3470,5988,4529,5988,766,683
3389,3470,5989,4529,5989,766,683
3390,3470,5990,4529,5990,766,683
3391,3470,5991,4529,5991,766,683
3390,3470,5992,4529,5992,766,683
3388,3470,5993,4529,5993,766,683
3385,3470,5994,4529,5994,766,682
3386,3470,5995,4529,5995,766,682
3386,3470,5996,4529,5996,766,682
3387,3470,5997,4529,5997,766,682
3388,3470,5998,4529,5998,766,682
3387,3470,5999,4529,5999,766,682
3388,3470,6000,4529,6000,766,682
3387,3470,6001,4529,6001,766,682
3388,3470,6002,4529,6002,766,682
3386,3470,6003,4529,6003,766,682
3387,3470,6004,4529,6004,766,682
3388,3470,6005,4529,6005,766,682
3389,3470,6006,4529,6006,766,682
3390,3470,6007,4529,6007,766,682
3388,3470,6008,4529,6008,766,682
3389,3470,6009,4529,6009,766,682
3389,3470,6010,4529,6010,766,682
3388,3470,6011,4529,6011,766,682
3389,3470,6012,4529,6012,766,682
3390,3470,6013,4529,6013,766,682
3391,3470,6014,4529,6014,766,682
3392,3470,6015,4529,6015,766,682
3393,3470,6016,4529,6016,766,682
3394,3470,6017,4529,6017,766,682
3395,3470,6018,4529,6018,766,682
3396,3470,6019,4529,6019,766,682
3397,3470,6020,4529,6020,766,682
3398,3470,6021,4529,6021,766,682
3398,3470,6022,4529,6022,766,682
3397,3470,6023,4529,6023,766,682
3393,3470,6024,4529,6024,766,682
3391,3470,6025,4529,6025,766,682
3392,3470,6026,4529,6026,766,682
3389,3470,6027,4529,6027,766,682
3389,3470,6028,4529,6028,766,682
3389,3470,6029,4529,6029,766,682
3390,3470,6030,4529,6030,766,682
3391,3470,6031,4529,6031,766,682
3392,3470,6032,4529,6032,766,682
3393,3470,6033,4529,6033,766,682
3394,3470,6034,4529,6034,766,682
3395,3470,6035,4529,6035,766,682
3393,3470,6036,4529,6036,766,682
3393,3470,6037,4529,6037,766,682
3389,3470,6038,4529,6038,766,682
3390,3470,6039,4529,6039,766,682
3391,3470,6040,4529,6040,766,682
3392,3470,6041,4529,6041,766,682
3392,3470,6042,4529,6042,766,682
3393,3470,6043,4529,6043,766,682
3390,3470,6044,4529,6044,766,681
3389,3470,6045,4529,6045,766,681
3390,3470,6046,4529,6046,766,681
3390,3470,6047,4529,6047,766,681
3389,3470,6048,4529,6048,766,681
3387,3470,6049,4529,6049,766,681
3383,3470,6050,4529,6050,766,681
3380,3470,6051,4529,6051,766,681
3381,3470,6052,4529,6052,766,681
3382,3470,6053,4529,6053,766,681
3382,3470,6054,4529,6054,766,681
3383,3470,6055,4529,6055,766,681
3384,3470,6056,4529,6056,766,681
3385,3470,6057,4529,6057,766,681
3386,3470,6058,4529,6058,766,681
3383,3470,6059,4529,6059,766,681
3382,3470,6060,4529,6060,766,681
3383,3470,6061,4529,6061,766,681
3384,3470,6062,4529,6062,766,681
3385,3470,6063,4529,6063,766,681
3386,3470,6064,4529,6064,766,681
3387,3470,6065,4529,6065,766,681
3388,3470,6066,4529,6066,766,681
3388,3470,6067,4529,6067,766,681
3390,3470,6068,4529,6068,766,682
3387,3470,6069,4529,6069,766,682
3385,3470,6070,4529,6070,766,681
3386,3470,6071,4529,6071,766,681
3387,3470,6072,4529,6072,766,681
3386,3470,6073,4529,6073,766,681
3384,3470,6074,4529,6074,766,681
3385,3470,6075,4529,6075,766,681
3386,3470,6076,4529,6076,766,681
3387,3470,6077,4529,6077,766,681
3388,3470,6078,4529,6078,766,681
3389,3470,6079,4529,6079,766,681
3390,3470,6080,4529,6080,766,681
3391,3470,6081,4529,6081,766,681
3392,3470,6082,4529,6082,766,681
3393,3470,6083,4529,6083,766,681
3394,3470,6084,4529,6084,766,681
3390,3470,6085,4529,6085,766,681
3389,3470,6086,4529,6086,766,681
3389,3470,6087,4529,6087,766,681
3390,3470,6088,4529,6088,766,681
3391,3470,6089,4529,6089,766,681
3392,3470,6090,4529,6090,766,681
3393,3470,6091,4529,6091,766,681
3391,3470,6092,4529,6092,766,681
3388,3470,6093,4529,6093,766,681
3389,3470,6094,4529,6094,766,681
3390,3470,6095,4529,6095,766,681
3391,3470,6096,4529,6096,766,681
3391,3470,6097,4529,6097,766,681
3392,3470,6098,4529,6098,766,681
3393,3470,6099,4529,6099,766,681
3392,3470,6100,4529,6100,766,681
3393,3470,6101,4529,6101,766,681
3391,3470,6102,4529,6102,766,681
3392,3470,6103,4529,6103,766,681
3389,3470,6104,4529,6104,766,680
3390,3470,6105,4529,6105,766,680
3391,3470,6106,4529,6106,766,680
3392,3470,6107,4529,6107,766,680
3392,3470,6108,4529,6108,766,680
3393,3470,6109,4529,6109,766,680
3394,3470,6110,4529,6110,766,680
3394,3470,6111,4529,6111,766,680
3394,3470,6112,4529,6112,766,680
3395,3470,6113,4529,6113,766,680
3396,3470,6114,4529,6114,766,680
3396,3470,6115,4529,6115,766,680
3395,3470,6116,4529,6116,766,680
3396,3470,6117,4529,6117,766,680
3396,3470,6118,4529,6118,766,680
3396,3470,6119,4529,6119,766,680
3395,3470,6120,4529,6120,766,680
3395,3470,6121,4529,6121,766,680
3393,3470,6122,4529,6122,766,680
3392,3470,6123,4529,6123,766,680
3393,3470,6124,4529,6124,766,680
3392,3470,6125,4529,6125,766,680
3393,3470,6126,4529,6126,766,680
3390,3470,6127,4529,6127,766,680
3389,3470,6128,4529,6128,766,680
3390,3470,6129,4529,6129,766,680
3389,3470,6130,4529,6130,766,679
3388,3470,6131,4529,6131,766,679
3389,3470,6132,4529,6132,766,679
3388,3470,6133,4529,6133,766,679
3388,3470,6134,4529,6134,766,679
3389,3470,6135,4529,6135,766,679
3390,3470,6136,4529,6136,766,679
3391,3470,6137,4529,6137,766,679
3390,3470,6138,4529,6138,766,679
3391,3470,6139,4529,6139,766,679
3389,3470,6140,4529,6140,766,679
3390,3470,6141,4529,6141,766,679
3391,3470,6142,4529,6142,766,679
3392,3470,6143,4529,6143,766,679
3393,3470,6144,4529,6144,766,679
3394,3470,6145,4529,6145,766,679
3395,3470,6146,4529,6146,766,679
3396,3470,6147,4529,6147,766,679
3397,3470,6148,4529,6148,766,679
3398,3470,6149,4529,6149,766,679
3399,3470,6150,4529,6150,766,679
3400,3470,6151,4529,6151,766,679
3401,3470,6152,4529,6152,766,679
3399,3470,6153,4529,6153,766,679
3400,3470,6154,4529,6154,766,679
3399,3470,6155,4529,6155,766,679
3400,3470,6156,4529,6156,766,679
3401,3470,6157,4529,6157,766,679
3402,3470,6158,4529,6158,766,679
3403,3470,6159,4529,6159,766,679
3404,3470,6160,4529,6160,766,679
3405,3470,6161,4529,6161,766,679
3405,3470,6162,4529,6162,766,679
3406,3470,6163,4529,6163,766,679
3404,3470,6164,4529,6164,766,679
3401,3470,6165,4529,6165,766,678
3402,3470,6166,4529,6166,766,678
3402,3470,6167,4529,6167,766,678
3402,3470,6168,4529,6168,766,678
3403,3470,6169,4529,6169,766,678
3403,3470,6170,4529,6170,766,678
3401,3470,6171,4529,6171,766,678
3402,3470,6172,4529,6172,766,678
3403,3470,6173,4529,6173,766,678
3401,3470,6174,4529,6174,766,678
3401,3470,6175,4529,6175,766,678
3401,3470,6176,4529,6176,766,678
3399,3470,6177,4529,6177,766,678
3399,3470,6178,4529,6178,766,678
3399,3470,6179,4529,6179,766,678
3400,3470,6180,4529,6180,766,678
3401,3470,6181,4529,6181,766,678
3401,3470,6182,4529,6182,766,678
3401,3470,6183,4529,6183,766,678
3402,3470,6184,4529,6184,766,678
3403,3470,6185,4529,6185,766,678
3401,3470,6186,4529,6186,766,678
3402,3470,6187,4529,6187,766,678
3402,3470,6188,4529,6188,766,678
3403,3470,6189,4529,6189,766,678
3404,3470,6190,4529,6190,766,678
3404,3470,6191,4529,6191,766,678
3402,3470,6192,4529,6192,766,678
3403,3470,6193,4529,6193,766,678
3402,3470,6194,4529,6194,766,678
3403,3470,6195,4529,6195,766,678
3404,3470,6196,4529,6196,766,678
3405,3470,6197,4529,6197,766,678
3405,3470,6198,4529,6198,766,678
3406,3470,6199,4529,6199,766,678
3407,3470,6200,4529,6200,766,678
3408,3470,6201,4529,6201,766,678
3409,3470,6202,4529,6202,766,678
3407,3470,6203,4529,6203,766,678
3405,3470,6204,4529,6204,766,678
3406,3470,6205,4529,6205,766,678
3407,3470,6206,4529,6206,766,678
3408,3470,6207,4529,6207,766,678
3409,3470,6208,4529,6208,766,678
3410,3470,6209,4529,6209,766,678
3411,3470,6210,4529,6210,766,678
3410,3470,6211,4529,6211,766,678
3411,3470,6212,4529,6212,766,678
3409,3470,6213,4529,6213,766,678
3408,3470,6214,4529,6214,766,678
3409,3470,6215,4529,6215,766,678
3408,3470,6216,4529,6216,766,678
3408,3470,6217,4529,6217,766,678
3408,3470,6218,4529,6218,766,678
3406,3470,6219,4529,6219,766,678
3406,3470,6220,4529,6220,766,678
3407,3470,6221,4529,6221,766,678
3403,3470,6222,4529,6222,766,678
3404,3470,6223,4529,6223,766,678
3405,3470,6224,4529,6224,766,678
3406,3470,6225,4529,6225,766,678
3402,3470,6226,4529,6226,766,678
3403,3470,6227,4529,6227,766,678
3404,3470,6228,4529,6228,766,678
3403,3470,6229,4529,6229,766,678
3400,3470,6230,4529,6230,766,678
3401,3470,6231,4529,6231,766,678
3402,3470,6232,4529,6232,766,678
3401,3470,6233,4529,6233,766,678
3401,3470,6234,4529,6234,766,678
3401,3470,6235,4529,6235,766,678
3399,3470,6236,4529,6236,766,678
3400,3470,6237,4529,6237,766,678
3400,3470,6238,4529,6238,766,678
3400,3470,6239,4529,6239,766,678
3396,3470,6240,4529,6240,766,678
3396,3470,6241,4529,6241,766,678
3395,3470,6242,4529,6242,766,678
3392,3470,6243,4529,6243,766,678
3392,3470,6244,4529,6244,766,678
3393,3470,6245,4529,6245,766,678
3391,3470,6246,4529,6246,766,678
3390,3470,6247,4529,6247,766,678
3390,3470,6248,4529,6248,766,678
3390,3470,6249,4529,6249,766,678
3391,3470,6250,4529,6250,766,678
3390,3470,6251,4529,6251,766,678
3388,3470,6252,4529,6252,766,677
3389,3470,6253,4529,6253,766,677
3390,3470,6254,4529,6254,766,677
3391,3470,6255,4529,6255,766,677
3390,3470,6256,4529,6256,766,677
3388,3470,6257,4529,6257,766,677
3389,3470,6258,4529,6258,766,677
3388,3470,6259,4529,6259,766,677
3388,3470,6260,4529,6260,766,677
3389,3470,6261,4529,6261,766,677
3390,3470,6262,4529,6262,766,677
3391,3470,6263,4529,6263,766,677
3392,3470,6264,4529,6264,766,677
3393,3470,6265,4529,6265,766,677
3394,3470,6266,4529,6266,766,677
3395,3470,6267,4529,6267,766,677
3396,3470,6268,4529,6268,766,677
3397,3470,6269,4529,6269,766,677
3398,3470,6270,4529,6270,766,677
3396,3470,6271,4529,6271,766,677
3394,3470,6272,4529,6272,766,677
3395,3470,6273,4529,6273,766,677
3395,3470,6274,4529,6274,766,677
3396,3470,6275,4529,6275,766,677
3396,3470,6276,4529,6276,766,677
3397,3470,6277,4529,6277,766,677
3396,3470,6278,4529,6278,766,677
3397,3470,6279,4529,6279,766,677
3398,3470,6280,4529,6280,766,677
3398,3470,6281,4529,6281,766,677
3393,3470,6282,4529,6282,766,676
3390,3470,6283,4529,6283,766,676
3391,3470,6284,4529,6284,766,676
3392,3470,6285,4529,6285,766,676
3393,3470,6286,4529,6286,766,676
3392,3470,6287,4529,6287,766,676
3393,3470,6288,4529,6288,766,676
3392,3470,6289,4529,6289,766,676
3393,3470,6290,4529,6290,766,676
3393,3470,6291,4529,6291,766,676
3394,3470,6292,4529,6292,766,676
3395,3470,6293,4529,6293,766,676
3396,3470,6294,4529,6294,766,676
3397,3470,6295,4529,6295,766,676
3397,3470,6296,4529,6296,766,676
3398,3470,6297,4529,6297,766,676
3399,3470,6298,4529,6298,766,676
3400,3470,6299,4529,6299,766,676
3398,3470,6300,4529,6300,766,676
3399,3470,6301,4529,6301,766,676
3399,3470,6302,4529,6302,766,676
3400,3470,6303,4529,6303,766,676
3399,3470,6304,4529,6304,766,676
3400,3470,6305,4529,6305,766,676
3400,3470,6306,4529,6306,766,676
3397,3470,6307,4529,6307,766,676
3398,3470,6308,4529,6308,766,676
3399,3470,6309,4529,6309,766,676
3400,3470,6310,4529,6310,766,676
3400,3470,6311,4529,6311,766,676
3401,3470,6312,4529,6312,766,676
3399,3470,6313,4529,6313,766,676
3398,3470,6314,4529,6314,766,676
3397,3470,6315,4529,6315,766,676
3397,3470,6316,4529,6316,766,676
3398,3470,6317,4529,6317,766,676
3395,3470,6318,4529,6318,766,676
3395,3470,6319,4529,6319,766,676
3392,3470,6320,4529,6320,766,675
3393,3470,6321,4529,6321,766,675
3394,3470,6322,4529,6322,766,675
3391,3470,6323,4529,6323,766,674
3392,3470,6324,4529,6324,766,674
3393,3470,6325,4529,6325,766,674
3394,3470,6326,4529,6326,766,674
3395,3470,6327,4529,6327,766,674
3394,3470,6328,4529,6328,766,674
3391,3470,6329,4529,6329,766,674
3392,3470,6330,4529,6330,766,674
3393,3470,6331,4529,6331,766,674
3393,3470,6332,4529,6332,766,674
3392,3470,6333,4529,6333,766,674
3393,3470,6334,4529,6334,766,674
3394,3470,6335,4529,6335,766,674
3393,3470,6336,4529,6336,766,674
3393,3470,6337,4529,6337,766,674
3394,3470,6338,4529,6338,766,674
3394,3470,6339,4529,6339,766,674
3392,3470,6340,4529,6340,766,674
3392,3470,6341,4529,6341,766,674
3391,3470,6342,4529,6342,766,674
3392,3470,6343,4529,6343,766,674
3393,3470,6344,4529,6344,766,674
3394,3470,6345,4529,6345,766,674
3395,3470,6346,4529,6346,766,674
3394,3470,6347,4529,6347,766,674
3394,3470,6348,4529,6348,766,674
3395,3470,6349,4529,6349,766,674
3395,3470,6350,4529,6350,766,674
3396,3470,6351,4529,6351,766,674
3397,3470,6352,4529,6352,766,674
3398,3470,6353,4529,6353,766,674
3399,3470,6354,4529,6354,766,674
3400,3470,6355,4529,6355,766,674
3401,3470,6356,4529,6356,766,674
3402,3470,6357,4529,6357,766,674
3402,3470,6358,4529,6358,766,674
3403,3470,6359,4529,6359,766,674
3404,3470,6360,4529,6360,766,674
3403,3470,6361,4529,6361,766,674
3399,3470,6362,4529,6362,766,674
3400,3470,6363,4529,6363,766,674
3400,3470,6364,4529,6364,766,674
3401,3470,6365,4529,6365,766,674
3400,3470,6366,4529,6366,766,674
3399,3470,6367,4529,6367,766,673
3400,3470,6368,4529,6368,766,673
3401,3470,6369,4529,6369,766,673
3401,3470,6370,4529,6370,766,673
3403,3470,6371,4529,6371,766,674
3404,3470,6372,4529,6372,766,674
3401,3470,6373,4529,6373,766,674
3401,3470,6374,4529,6374,766,674
3402,3470,6375,4529,6375,766,674
3402,3470,6376,4529,6376,766,674
3403,3470,6377,4529,6377,766,674
3404,3470,6378,4529,6378,766,674
3404,3470,6379,4529,6379,766,674
3402,3470,6380,4529,6380,766,674
3398,3470,6381,4529,6381,766,674
3399,3470,6382,4529,6382,766,674
3400,3470,6383,4529,6383,766,674
3401,3470,6384,4529,6384,766,674
3399,3470,6385,4529,6385,766,674
3399,3470,6386,4529,6386,766,674
3396,3470,6387,4529,6387,766,674
3396,3470,6388,4529,6388,766,674
3394,3470,6389,4529,6389,766,674
3395,3470,6390,4529,6390,766,674
3392,3470,6391,4529,6391,766,671
3391,3470,6392,4529,6392,766,671
3392,3470,6393,4529,6393,766,671
3391,3470,6394,4529,6394,766,671
3391,3470,6395,4529,6395,766,671
3391,3470,6396,4529,6396,766,671
3389,3470,6397,4529,6397,766,670
3390,3470,6398,4529,6398,766,670
3391,3470,6399,4529,6399,766,670
3392,3470,6400,4529,6400,766,670
3392,3470,6401,4529,6401,766,670
3393,3470,6402,4529,6402,766,670
3392,3470,6403,4529,6403,766,669
3393,3470,6404,4529,6404,766,669
3394,3470,6405,4529,6405,766,669
3395,3470,6406,4529,6406,766,669
3395,3470,6407,4529,6407,766,669
3394,3470,6408,4529,6408,766,669
3395,3470,6409,4529,6409,766,669
3395,3470,6410,4529,6410,766,669
3396,3470,6411,4529,6411,766,669
3397,3470,6412,4529,6412,766,669
3397,3470,6413,4529,6413,766,669
3397,3470,6414,4529,6414,766,669
3398,3470,6415,4529,6415,766,669
3399,3470,6416,4529,6416,766,669
3397,3470,6417,4529,6417,766,669
3396,3470,6418,4529,6418,766,669
3394,3470,6419,4529,6419,766,669
3393,3470,6420,4529,6420,766,669
3393,3470,6421,4529,6421,766,669
3389,3470,6422,4529,6422,766,669
3390,3470,6423,4529,6423,766,669
3388,3470,6424,4529,6424,766,669
3388,3470,6425,4529,6425,766,669
3387,3470,6426,4529,6426,766,669
3388,3470,6427,4529,6427,766,669
3389,3470,6428,4529,6428,766,669
3390,3470,6429,4529,6429,766,669
3391,3470,6430,4529,6430,766,669
3389,3470,6431,4529,6431,766,669
3384,3470,6432,4529,6432,766,669
3385,3470,6433,4529,6433,766,669
3386,3470,6434,4529,6434,766,669
3387,3470,6435,4529,6435,766,669
3388,3470,6436,4529,6436,766,669
3388,3470,6437,4529,6437,766,669
3386,3470,6438,4529,6438,766,669
3387,3470,6439,4529,6439,766,669
3385,3470,6440,4529,6440,766,669
3385,3470,6441,4529,6441,766,669
3386,3470,6442,4529,6442,766,669
3387,3470,6443,4529,6443,766,669
3388,3470,6444,4529,6444,766,669
3389,3470,6445,4529,6445,766,669
3390,3470,6446,4529,6446,766,669
3391,3470,6447,4529,6447,766,669
3392,3470,6448,4529,6448,766,669
3391,3470,6449,4529,6449,766,669
3392,3470,6450,4529,6450,766,669
3392,3470,6451,4529,6451,766,669
3391,3470,6452,4529,6452,766,669
3391,3470,6453,4529,6453,766,669
3389,3470,6454,4529,6454,766,669
3390,3470,6455,4529,6455,766,669
3390,3470,6456,4529,6456,766,669
3390,3470,6457,4529,6457,766,669
3388,3470,6458,4529,6458,766,669
3389,3470,6459,4529,6459,766,669
3389,3470,6460,4529,6460,766,669
3390,3470,6461,4529,6461,766,669
3390,3470,6462,4529,6462,766,669
3389,3470,6463,4529,6463,766,668
3389,3470,6464,4529,6464,766,668
3386,3470,6465,4529,6465,766,668
3387,3470,6466,4529,6466,766,668
3387,3470,6467,4529,6467,766,668
3386,3470,6468,4529,6468,766,668
3387,3470,6469,4529,6469,766,668
3385,3470,6470,4529,6470,766,668
3383,3470,6471,4529,6471,766,668
3384,3470,6472,4529,6472,766,668
3383,3470,6473,4529,6473,766,667
3384,3470,6474,4529,6474,766,667
3385,3470,6475,4529,6475,766,667
3384,3470,6476,4529,6476,766,666
3385,3470,6477,4529,6477,766,666
3382,3470,6478,4529,6478,766,666
3381,3470,6479,4529,6479,766,666
3379,3470,6480,4529,6480,766,666
3380,3470,6481,4529,6481,766,666
3377,3470,6482,4529,6482,766,664
3375,3470,6483,4529,6483,766,663
3376,3470,6484,4529,6484,766,663
3377,3470,6485,4529,6485,766,663
3378,3470,6486,4529,6486,766,663
3379,3470,6487,4529,6487,766,663
3378,3470,6488,4529,6488,766,663
3375,3470,6489,4529,6489,766,663
3376,3470,6490,4529,6490,766,663
3372,3470,6491,4529,6491,766,661
3373,3470,6492,4529,6492,766,661
3371,3470,6493,4529,6493,766,660
3372,3470,6494,4529,6494,766,660
3373,3470,6495,4529,6495,766,660
3371,3470,6496,4529,6496,766,660
3371,3470,6497,4529,6497,766,660
3371,3470,6498,4529,6498,766,660
3371,3470,6499,4529,6499,766,660
3372,3470,6500,4529,6500,766,660
3370,3470,6501,4529,6501,766,660
3370,3470,6502,4529,6502,766,660
3371,3470,6503,4529,6503,766,660
3372,3470,6504,4529,6504,766,660
3368,3470,6505,4529,6505,766,659
3366,3470,6506,4529,6506,766,659
3367,3470,6507,4529,6507,766,659
3368,3470,6508,4529,6508,766,659
3366,3470,6509,4529,6509,766,659
3367,3470,6510,4529,6510,766,659
3366,3470,6511,4529,6511,766,659
3366,3470,6512,4529,6512,766,659
3365,3470,6513,4529,6513,766,659
3365,3470,6514,4529,6514,766,659
3363,3470,6515,4529,6515,766,658
3364,3470,6516,4529,6516,766,658
3365,3470,6517,4529,6517,766,658
3365,3470,6518,4529,6518,766,658
3366,3470,6519,4529,6519,766,658
3367,3470,6520,4529,6520,766,658
3364,3470,6521,4529,6521,766,657
3365,3470,6522,4529,6522,766,657
3366,3470,6523,4529,6523,766,657
3363,3470,6524,4529,6524,766,657
3362,3470,6525,4529,6525,766,657
3361,3470,6526,4529,6526,766,657
3359,3470,6527,4529,6527,766,657
3360,3470,6528,4529,6528,766,657
3360,3470,6529,4529,6529,766,657
3361,3470,6530,4529,6530,766,657
3357,3470,6531,4529,6531,766,657
3358,3470,6532,4529,6532,766,657
3358,3470,6533,4529,6533,766,657
3359,3470,6534,4529,6534,766,657
3360,3470,6535,4529,6535,766,657
3361,3470,6536,4529,6536,766,657
3360,3470,6537,4529,6537,766,657
3358,3470,6538,4529,6538,766,657
3357,3470,6539,4529,6539,766,657
3358,3470,6540,4529,6540,766,657
3359,3470,6541,4529,6541,766,657
3359,3470,6542,4529,6542,766,657
3357,3470,6543,4529,6543,766,657
3358,3470,6544,4529,6544,766,657
3358,3470,6545,4529,6545,766,657
3358,3470,6546,4529,6546,766,657
3359,3470,6547,4529,6547,766,657
3359,3470,6548,4529,6548,766,657
3359,3470,6549,4529,6549,766,657
3360,3470,6550,4529,6550,766,657
3361,3470,6551,4529,6551,766,657
3361,3470,6552,4529,6552,766,657
3362,3470,6553,4529,6553,766,657
3360,3470,6554,4529,6554,766,657
3361,3470,6555,4529,6555,766,657
3361,3470,6556,4529,6556,766,657
3362,3470,6557,4529,6557,766,657
3363,3470,6558,4529,6558,766,657
3364,3470,6559,4529,6559,766,657
3364,3470,6560,4529,6560,766,657
3364,3470,6561,4529,6561,766,657
3365,3470,6562,4529,6562,766,657
3363,3470,6563,4529,6563,766,657
3360,3470,6564,4529,6564,766,656
3361,3470,6565,4529,6565,766,656
3358,3470,6566,4529,6566,766,655
3359,3470,6567,4529,6567,766,655
3359,3470,6568,4529,6568,766,655
3357,3470,6569,4529,6569,766,654
3357,3470,6570,4529,6570,766,654
3357,3470,6571,4529,6571,766,654
3357,3470,6572,4529,6572,766,654
3358,3470,6573,4529,6573,766,654
3359,3470,6574,4529,6574,766,654
3360,3470,6575,4529,6575,766,654
3361,3470,6576,4529,6576,766,654
3362,3470,6577,4529,6577,766,654
3361,3470,6578,4529,6578,766,654
3358,3470,6579,4529,6579,766,654
3357,3470,6580,4529,6580,766,654
3356,3470,6581,4529,6581,766,654
3357,3470,6582,4529,6582,766,654
3357,3470,6583,4529,6583,766,654
3358,3470,6584,4529,6584,766,654
3359,3470,6585,4529,6585,766,654
3358,3470,6586,4529,6586,766,654
3353,3470,6587,4529,6587,766,654
3353,3470,6588,4529,6588,766,654
3354,3470,6589,4529,6589,766,654
3355,3470,6590,4529,6590,766,654
3356,3470,6591,4529,6591,766,654
3352,3470,6592,4529,6592,766,654
3349,3470,6593,4529,6593,766,654
3349,3470,6594,4529,6594,766,654
3349,3470,6595,4529,6595,766,654
3348,3470,6596,4529,6596,766,654
3348,3470,6597,4529,6597,766,654
3349,3470,6598,4529,6598,766,654
3349,3470,6599,4529,6599,766,654
3348,3470,6600,4529,6600,766,654
3347,3470,6601,4529,6601,766,654
3348,3470,6602,4529,6602,766,654
3347,3470,6603,4529,6603,766,654
3348,3470,6604,4529,6604,766,654
3349,3470,6605,4529,6605,766,654
3350,3470,6606,4529,6606,766,654
3351,3470,6607,4529,6607,766,654
3350,3470,6608,4529,6608,766,654
3351,3470,6609,4529,6609,766,654
3350,3470,6610,4529,6610,766,654
3350,3470,6611,4529,6611,766,654
3351,3470,6612,4529,6612,766,654
3352,3470,6613,4529,6613,766,654
3353,3470,6614,4529,6614,766,654
3354,3470,6615,4529,6615,766,654
3355,3470,6616,4529,6616,766,654
3354,3470,6617,4529,6617,766,654
3352,3470,6618,4529,6618,766,654
3351,3470,6619,4529,6619,766,654
3352,3470,6620,4529,6620,766,654
3353,3470,6621,4529,6621,766,654
3353,3470,6622,4529,6622,766,654
3353,3470,6623,4529,6623,766,654
3353,3470,6624,4529,6624,766,654
3354,3470,6625,4529,6625,766,654
3355,3470,6626,4529,6626,766,654
3354,3470,6627,4529,6627,766,654
3354,3470,6628,4529,6628,766,654
3352,3470,6629,4529,6629,766,654
3353,3470,6630,4529,6630,766,654
3351,3470,6631,4529,6631,766,653
3352,3470,6632,4529,6632,766,653
3351,3470,6633,4529,6633,766,653
3352,3470,6634,4529,6634,766,653
3352,3470,6635,4529,6635,766,653
3351,3470,6636,4529,6636,766,653
3351,3470,6637,4529,6637,766,653
3352,3470,6638,4529,6638,766,653
3353,3470,6639,4529,6639,766,653
3354,3470,6640,4529,6640,766,653
3355,3470,6641,4529,6641,766,653
3351,3470,6642,4529,6642,766,652
3352,3470,6643,4529,6643,766,652
3350,3470,6644,4529,6644,766,652
3350,3470,6645,4529,6645,766,652
3347,3470,6646,4529,6646,766,651
3348,3470,6647,4529,6647,766,651
3348,3470,6648,4529,6648,766,651
3349,3470,6649,4529,6649,766,651
3347,3470,6650,4529,6650,766,651
3346,3470,6651,4529,6651,766,651
3346,3470,6652,4529,6652,766,651
3346,3470,6653,4529,6653,766,651
3347,3470,6654,4529,6654,766,651
3348,3470,6655,4529,6655,766,651
3349,3470,6656,4529,6656,766,651
3350,3470,6657,4529,6657,766,651
3349,3470,6658,4529,6658,766,651
3346,3470,6659,4529,6659,766,651
3345,3470,6660,4529,6660,766,651
3346,3470,6661,4529,6661,766,651
3346,3470,6662,4529,6662,766,651
3346,3470,6663,4529,6663,766,651
3343,3470,6664,4529,6664,766,649
3341,3470,6665,4529,6665,766,649
3342,3470,6666,4529,6666,766,649
3343,3470,6667,4529,6667,766,649
3343,3470,6668,4529,6668,766,649
3340,3470,6669,4529,6669,766,649
3340,3470,6670,4529,6670,766,649
3337,3470,6671,4529,6671,766,649
3335,3470,6672,4529,6672,766,649
3336,3470,6673,4529,6673,766,649
3337,3470,6674,4529,6674,766,649
3338,3470,6675,4529,6675,766,649
3338,3470,6676,4529,6676,766,649
3339,3470,6677,4529,6677,766,649
3339,3470,6678,4529,6678,766,649
3339,3470,6679,4529,6679,766,649
3339,3470,6680,4529,6680,766,649
3340,3470,6681,4529,6681,766,649
3341,3470,6682,4529,6682,766,649
3340,3470,6683,4529,6683,766,649
3341,3470,6684,4529,6684,766,649
3342,3470,6685,4529,6685,766,649
3343,3470,6686,4529,6686,766,649
3344,3470,6687,4529,6687,766,649
3344,3470,6688,4529,6688,766,649
3345,3470,6689,4529,6689,766,649
3345,3470,6690,4529,6690,766,649
3346,3470,6691,4529,6691,766,649
3347,3470,6692,4529,6692,766,649
3347,3470,6693,4529,6693,766,649
3348,3470,6694,4529,6694,766,649
3346,3470,6695,4529,6695,766,649
3347,3470,6696,4529,6696,766,649
3345,3470,6697,4529,6697,766,649
3346,3470,6698,4529,6698,766,649
3346,3470,6699,4529,6699,766,649
3344,3470,6700,4529,6700,766,648
3342,3470,6701,4529,6701,766,648
3343,3470,6702,4529,6702,766,648
3343,3470,6703,4529,6703,766,648
3343,3470,6704,4529,6704,766,648
3342,3470,6705,4529,6705,766,648
3343,3470,6706,4529,6706,766,648
3343,3470,6707,4529,6707,766,648
3344,3470,6708,4529,6708,766,648
3344,3470,6709,4529,6709,766,648
3340,3470,6710,4529,6710,766,647
3341,3470,6711,4529,6711,766,647
3342,3470,6712,4529,6712,766,647
3341,3470,6713,4529,6713,766,647
3342,3470,6714,4529,6714,766,647
3343,3470,6715,4529,6715,766,647
3340,3470,6716,4529,6716,766,647
3341,3470,6717,4529,6717,766,647
3342,3470,6718,4529,6718,766,647
3341,3470,6719,4529,6719,766,647
3340,3470,6720,4529,6720,766,647
3340,3470,6721,4529,6721,766,647
3337,3470,6722,4529,6722,766,646
3338,3470,6723,4529,6723,766,646
3339,3470,6724,4529,6724,766,646
3340,3470,6725,4529,6725,766,646
3341,3470,6726,4529,6726,766,646
3341,3470,6727,4529,6727,766,646
3342,3470,6728,4529,6728,766,646
3343,3470,6729,4529,6729,766,646
3344,3470,6730,4529,6730,766,646
3345,3470,6731,4529,6731,766,646
3346,3470,6732,4529,6732,766,646
3344,3470,6733,4529,6733,766,646
3338,3470,6734,4529,6734,766,644
3337,3470,6735,4529,6735,766,644
3337,3470,6736,4529,6736,766,644
3338,3470,6737,4529,6737,766,644
3339,3470,6738,4529,6738,766,644
3340,3470,6739,4529,6739,766,644
3339,3470,6740,4529,6740,766,644
3340,3470,6741,4529,6741,766,644
3339,3470,6742,4529,6742,766,644
3340,3470,6743,4529,6743,766,644
3338,3470,6744,4529,6744,766,644
3339,3470,6745,4529,6745,766,644
3337,3470,6746,4529,6746,766,644
3332,3470,6747,4529,6747,766,643
3330,3470,6748,4529,6748,766,643
3331,3470,6749,4529,6749,766,643
3326,3470,6750,4529,6750,766,643
3326,3470,6751,4529,6751,766,643
3327,3470,6752,4529,6752,766,643
3328,3470,6753,4529,6753,766,643
3325,3470,6754,4529,6754,766,642
3326,3470,6755,4529,6755,766,642
3327,3470,6756,4529,6756,766,642
3328,3470,6757,4529,6757,766,642
3329,3470,6758,4529,6758,766,642
3328,3470,6759,4529,6759,766,642
3328,3470,6760,4529,6760,766,642
3328,3470,6761,4529,6761,766,642
3329,3470,6762,4529,6762,766,642
3330,3470,6763,4529,6763,766,642
3330,3470,6764,4529,6764,766,642
3331,3470,6765,4529,6765,766,642
3332,3470,6766,4529,6766,766,642
3330,3470,6767,4529,6767,766,642
3331,3470,6768,4529,6768,766,642
3327,3470,6769,4529,6769,766,641
3324,3470,6770,4529,6770,766,641
3325,3470,6771,4529,6771,766,641
3325,3470,6772,4529,6772,766,641
3324,3470,6773,4529,6773,766,641
3323,3470,6774,4529,6774,766,641
3323,3470,6775,4529,6775,766,641
3323,3470,6776,4529,6776,766,641
3324,3470,6777,4529,6777,766,641
3325,3470,6778,4529,6778,766,641
3326,3470,6779,4529,6779,766,641
3326,3470,6780,4529,6780,766,641
3327,3470,6781,4529,6781,766,641
3324,3470,6782,4529,6782,766,641
3320,3470,6783,4529,6783,766,641
3320,3470,6784,4529,6784,766,641
3320,3470,6785,4529,6785,766,641
3319,3470,6786,4529,6786,766,641
3319,3470,6787,4529,6787,766,641
3320,3470,6788,4529,6788,766,641
3321,3470,6789,4529,6789,766,641
3318,3470,6790,4529,6790,766,641
3319,3470,6791,4529,6791,766,641
3320,3470,6792,4529,6792,766,641
3321,3470,6793,4529,6793,766,641
3322,3470,6794,4529,6794,766,641
3323,3470,6795,4529,6795,766,641
3324,3470,6796,4529,6796,766,641
3325,3470,6797,4529,6797,766,641
3321,3470,6798,4529,6798,766,641
3320,3470,6799,4529,6799,766,641
3321,3470,6800,4529,6800,766,641
3322,3470,6801,4529,6801,766,641
3318,3470,6802,4529,6802,766,641
3319,3470,6803,4529,6803,766,641
3318,3470,6804,4529,6804,766,641
3319,3470,6805,4529,6805,766,641
3318,3470,6806,4529,6806,766,640
3319,3470,6807,4529,6807,766,640
3320,3470,6808,4529,6808,766,640
3321,3470,6809,4529,6809,766,640
3322,3470,6810,4529,6810,766,640
3323,3470,6811,4529,6811,766,640
3324,3470,6812,4529,6812,766,640
3323,3470,6813,4529,6813,766,640
3324,3470,6814,4529,6814,766,640
3323,3470,6815,4529,6815,766,640
3324,3470,6816,4529,6816,766,640
3322,3470,6817,4529,6817,766,640
3323,3470,6818,4529,6818,766,640
3323,3470,6819,4529,6819,766,640
3323,3470,6820,4529,6820,766,640
3321,3470,6821,4529,6821,766,640
3322,3470,6822,4529,6822,766,640
3319,3470,6823,4529,6823,766,639
3320,3470,6824,4529,6824,766,639
3321,3470,6825,4529,6825,766,639
3322,3470,6826,4529,6826,766,639
3323,3470,6827,4529,6827,766,639
3322,3470,6828,4529,6828,766,638
3323,3470,6829,4529,6829,766,638
3324,3470,6830,4529,6830,766,638
3325,3470,6831,4529,6831,766,638
3324,3470,6832,4529,6832,766,638
3323,3470,6833,4529,6833,766,638
3324,3470,6834,4529,6834,766,638
3323,3470,6835,4529,6835,766,638
3324,3470,6836,4529,6836,766,638
3325,3470,6837,4529,6837,766,638
3326,3470,6838,4529,6838,766,638
3326,3470,6839,4529,6839,766,638
3325,3470,6840,4529,6840,766,638
3326,3470,6841,4529,6841,766,638
3321,3470,6842,4529,6842,766,638
3321,3470,6843,4529,6843,766,638
3320,3470,6844,4529,6844,766,638
3321,3470,6845,4529,6845,766,638
3322,3470,6846,4529,6846,766,638
3323,3470,6847,4529,6847,766,638
3324,3470,6848,4529,6848,766,638
3324,3470,6849,4529,6849,766,638
3325,3470,6850,4529,6850,766,638
3326,3470,6851,4529,6851,766,638
3327,3470,6852,4529,6852,766,638
3324,3470,6853,4529,6853,766,637
3324,3470,6854,4529,6854,766,637
3325,3470,6855,4529,6855,766,637
3322,3470,6856,4529,6856,766,637
3319,3470,6857,4529,6857,766,637
3320,3470,6858,4529,6858,766,637
3320,3470,6859,4529,6859,766,637
3321,3470,6860,4529,6860,766,637
3322,3470,6861,4529,6861,766,637
3320,3470,6862,4529,6862,766,637
3317,3470,6863,4529,6863,766,637
3316,3470,6864,4529,6864,766,637
3316,3470,6865,4529,6865,766,637
3316,3470,6866,4529,6866,766,637
3315,3470,6867,4529,6867,766,637
3315,3470,6868,4529,6868,766,637
3316,3470,6869,4529,6869,766,637
3317,3470,6870,4529,6870,766,637
3317,3470,6871,4529,6871,766,637
3318,3470,6872,4529,6872,766,637
3319,3470,6873,4529,6873,766,637
3320,3470,6874,4529,6874,766,637
3321,3470,6875,4529,6875,766,637
3322,3470,6876,4529,6876,766,637
3322,3470,6877,4529,6877,766,637
3320,3470,6878,4529,6878,766,637
3320,3470,6879,4529,6879,766,637
3321,3470,6880,4529,6880,766,637
3322,3470,6881,4529,6881,766,637
3323,3470,6882,4529,6882,766,637
3321,3470,6883,4529,6883,766,637
3320,3470,6884,4529,6884,766,637
3320,3470,6885,4529,6885,766,637
3315,3470,6886,4529,6886,766,637
3312,3470,6887,4529,6887,766,636
3313,3470,6888,4529,6888,766,636
3314,3470,6889,4529,6889,766,636
3314,3470,6890,4529,6890,766,636
3315,3470,6891,4529,6891,766,636
3316,3470,6892,4529,6892,766,636
3317,3470,6893,4529,6893,766,636
3314,3470,6894,4529,6894,766,636
3310,3470,6895,4529,6895,766,636
3311,3470,6896,4529,6896,766,636
3312,3470,6897,4529,6897,766,636
3313,3470,6898,4529,6898,766,636
3313,3470,6899,4529,6899,766,636
3314,3470,6900,4529,6900,766,636
3315,3470,6901,4529,6901,766,636
3315,3470,6902,4529,6902,766,636
3316,3470,6903,4529,6903,766,636
3317,3470,6904,4529,6904,766,636
3314,3470,6905,4529,6905,766,636
3314,3470,6906,4529,6906,766,636
3315,3470,6907,4529,6907,766,636
3316,3470,6908,4529,6908,766,636
3313,3470,6909,4529,6909,766,636
3314,3470,6910,4529,6910,766,636
3312,3470,6911,4529,6911,766,635
3308,3470,6912,4529,6912,766,634
3309,3470,6913,4529,6913,766,634
3310,3470,6914,4529,6914,766,634
3311,3470,6915,4529,6915,766,634
3312,3470,6916,4529,6916,766,634
3311,3470,6917,4529,6917,766,634
3312,3470,6918,4529,6918,766,634
3311,3470,6919,4529,6919,766,634
3312,3470,6920,4529,6920,766,634
3313,3470,6921,4529,6921,766,634
3314,3470,6922,4529,6922,766,634
3312,3470,6923,4529,6923,766,634
3312,3470,6924,4529,6924,766,634
3309,3470,6925,4529,6925,766,634
3309,3470,6926,4529,6926,766,634
3307,3470,6927,4529,6927,766,633
3308,3470,6928,4529,6928,766,633
3309,3470,6929,4529,6929,766,633
3310,3470,6930,4529,6930,766,633
3311,3470,6931,4529,6931,766,633
3312,3470,6932,4529,6932,766,633
3313,3470,6933,4529,6933,766,633
3314,3470,6934,4529,6934,766,633
3315,3470,6935,4529,6935,766,633
3314,3470,6936,4529,6936,766,633
3315,3470,6937,4529,6937,766,633
3316,3470,6938,4529,6938,766,633
3316,3470,6939,4529,6939,766,633
3317,3470,6940,4529,6940,766,633
3316,3470,6941,4529,6941,766,633
3312,3470,6942,4529,6942,766,633
3313,3470,6943,4529,6943,766,633
3314,3470,6944,4529,6944,766,633
3315,3470,6945,4529,6945,766,633
3316,3470,6946,4529,6946,766,633
3317,3470,6947,4529,6947,766,633
3317,3470,6948,4529,6948,766,633
3318,3470,6949,4529,6949,766,633
3319,3470,6950,4529,6950,766,633
3320,3470,6951,4529,6951,766,633
3321,3470,6952,4529,6952,766,633
3322,3470,6953,4529,6953,766,633
3323,3470,6954,4529,6954,766,633
3319,3470,6955,4529,6955,766,633
3319,3470,6956,4529,6956,766,633
3320,3470,6957,4529,6957,766,633
3320,3470,6958,4529,6958,766,633
3320,3470,6959,4529,6959,766,633
3321,3470,6960,4529,6960,766,633
3319,3470,6961,4529,6961,766,633
3318,3470,6962,4529,6962,766,633
3316,3470,6963,4529,6963,766,633
3315,3470,6964,4529,6964,766,633
3315,3470,6965,4529,6965,766,633
3316,3470,6966,4529,6966,766,633
3317,3470,6967,4529,6967,766,633
3317,3470,6968,4529,6968,766,633
3318,3470,6969,4529,6969,766,633
3314,3470,6970,4529,6970,766,632
3314,3470,6971,4529,6971,766,632
3315,3470,6972,4529,6972,766,632
3313,3470,6973,4529,6973,766,632
3314,3470,6974,4529,6974,766,632
3314,3470,6975,4529,6975,766,632
3315,3470,6976,4529,6976,766,632
3316,3470,6977,4529,6977,766,632
3316,3470,6978,4529,6978,766,632
3314,3470,6979,4529,6979,766,632
3313,3470,6980,4529,6980,766,632
3310,3470,6981,4529,6981,766,632
3306,3470,6982,4529,6982,766,632
3306,3470,6983,4529,6983,766,632
3307,3470,6984,4529,6984,766,632
3306,3470,6985,4529,6985,766,632
3307,3470,6986,4529,6986,766,632
3308,3470,6987,4529,6987,766,632
3307,3470,6988,4529,6988,766,632
3305,3470,6989,4529,6989,766,632
3306,3470,6990,4529,6990,766,632
3305,3470,6991,4529,6991,766,632
3306,3470,6992,4529,6992,766,632
3302,3470,6993,4529,6993,766,630
3302,3470,6994,4529,6994,766,630
3303,3470,6995,4529,6995,766,630
3302,3470,6996,4529,6996,766,630
3299,3470,6997,4529,6997,766,629
3299,3470,6998,4529,6998,766,629
3299,3470,6999,4529,6999,766,629
3300,3470,7000,4529,7000,766,629
3299,3470,7001,4529,7001,766,629
3299,3470,7002,4529,7002,766,629
3297,3470,7003,4529,7003,766,629
3297,3470,7004,4529,7004,766,629
3295,3470,7005,4529,7005,766,628
3296,3470,7006,4529,7006,766,628
3297,3470,7007,4529,7007,766,628
3297,3470,7008,4529,7008,766,628
3297,3470,7009,4529,7009,766,628
3298,3470,7010,4529,7010,766,628
3294,3470,7011,4529,7011,766,628
3291,3470,7012,4529,7012,766,628
3289,3470,7013,4529,7013,766,628
3290,3470,7014,4529,7014,766,628
3291,3470,7015,4529,7015,766,628
3292,3470,7016,4529,7016,766,628
3293,3470,7017,4529,7017,766,628
3293,3470,7018,4529,7018,766,628
3293,3470,7019,4529,7019,766,628
3290,3470,7020,4529,7020,766,628
3289,3470,7021,4529,7021,766,628
3289,3470,7022,4529,7022,766,628
3289,3470,7023,4529,7023,766,628
3288,3470,7024,4529,7024,766,628
3284,3470,7025,4529,7025,766,626
3285,3470,7026,4529,7026,766,626
3286,3470,7027,4529,7027,766,626
3287,3470,7028,4529,7028,766,626
3288,3470,7029,4529,7029,766,626
3289,3470,7030,4529,7030,766,626
3290,3470,7031,4529,7031,766,626
3290,3470,7032,4529,7032,766,626
3291,3470,7033,4529,7033,766,626
3287,3470,7034,4529,7034,766,625
3288,3470,7035,4529,7035,766,625
3286,3470,7036,4529,7036,766,624
3287,3470,7037,4529,7037,766,624
3288,3470,7038,4529,7038,766,624
3286,3470,7039,4529,7039,766,624
3286,3470,7040,4529,7040,766,624
3282,3470,7041,4529,7041,766,624
3282,3470,7042,4529,7042,766,624
3283,3470,7043,4529,7043,766,624
3281,3470,7044,4529,7044,766,624
3282,3470,7045,4529,7045,766,624
3283,3470,7046,4529,7046,766,624
3282,3470,7047,4529,7047,766,624
3283,3470,7048,4529,7048,766,624
3282,3470,7049,4529,7049,766,624
3281,3470,7050,4529,7050,766,624
3282,3470,7051,4529,7051,766,624
3283,3470,7052,4529,7052,766,624
3284,3470,7053,4529,7053,766,624
3283,3470,7054,4529,7054,766,624
3283,3470,7055,4529,7055,766,624
3284,3470,7056,4529,7056,766,624
3284,3470,7057,4529,7057,766,624
3284,3470,7058,4529,7058,766,624
3282,3470,7059,4529,7059,766,624
3283,3470,7060,4529,7060,766,624
3284,3470,7061,4529,7061,766,624
3284,3470,7062,4529,7062,766,624
3285,3470,7063,4529,7063,766,624
3283,3470,7064,4529,7064,766,623
3281,3470,7065,4529,7065,766,622
3282,3470,7066,4529,7066,766,622
3281,3470,7067,4529,7067,766,622
3282,3470,7068,4529,7068,766,622
3283,3470,7069,4529,7069,766,622
3284,3470,7070,4529,7070,766,622
3284,3470,7071,4529,7071,766,622
3284,3470,7072,4529,7072,766,622
3282,3470,7073,4529,7073,766,622
3279,3470,7074,4529,7074,766,621
3278,3470,7075,4529,7075,766,621
3279,3470,7076,4529,7076,766,621
3280,3470,7077,4529,7077,766,621
3280,3470,7078,4529,7078,766,621
3281,3470,7079,4529,7079,766,621
3281,3470,7080,4529,7080,766,621
3282,3470,7081,4529,7081,766,621
3282,3470,7082,4529,7082,766,621
3281,3470,7083,4529,7083,766,621
3282,3470,7084,4529,7084,766,621
3279,3470,7085,4529,7085,766,621
3280,3470,7086,4529,7086,766,621
3281,3470,7087,4529,7087,766,621
3281,3470,7088,4529,7088,766,621
3279,3470,7089,4529,7089,766,621
3279,3470,7090,4529,7090,766,621
3278,3470,7091,4529,7091,766,621
3279,3470,7092,4529,7092,766,621
3277,3470,7093,4529,7093,766,621
3276,3470,7094,4529,7094,766,621
3276,3470,7095,4529,7095,766,621
3276,3470,7096,4529,7096,766,621
3277,3470,7097,4529,7097,766,621
3278,3470,7098,4529,7098,766,621
3279,3470,7099,4529,7099,766,621
3278,3470,7100,4529,7100,766,621
3276,3470,7101,4529,7101,766,621
3273,3470,7102,4529,7102,766,620
3271,3470,7103,4529,7103,766,620
3268,3470,7104,4529,7104,766,620
3268,3470,7105,4529,7105,766,620
3269,3470,7106,4529,7106,766,620
3268,3470,7107,4529,7107,766,620
3269,3470,7108,4529,7108,766,620
3265,3470,7109,4529,7109,766,620
3265,3470,7110,4529,7110,766,620
3263,3470,7111,4529,7111,766,620
3264,3470,7112,4529,7112,766,620
3260,3470,7113,4529,7113,766,620
3259,3470,7114,4529,7114,766,620
3260,3470,7115,4529,7115,766,620
3260,3470,7116,4529,7116,766,620
3258,3470,7117,4529,7117,766,620
3254,3470,7118,4529,7118,766,620
3255,3470,7119,4529,7119,766,620
3256,3470,7120,4529,7120,766,620
3257,3470,7121,4529,7121,766,620
3255,3470,7122,4529,7122,766,620
3255,3470,7123,4529,7123,766,620
3253,3470,7124,4529,7124,766,619
3254,3470,7125,4529,7125,766,619
3254,3470,7126,4529,7126,766,619
3255,3470,7127,4529,7127,766,619
3256,3470,7128,4529,7128,766,619
3253,3470,7129,4529,7129,766,619
3253,3470,7130,4529,7130,766,619
3254,3470,7131,4529,7131,766,619
3255,3470,7132,4529,7132,766,619
3255,3470,7133,4529,7133,766,619
3253,3470,7134,4529,7134,766,618
3252,3470,7135,4529,7135,766,618
3252,3470,7136,4529,7136,766,618
3247,3470,7137,4529,7137,766,618
3247,3470,7138,4529,7138,766,618
3248,3470,7139,4529,7139,766,618
3249,3470,7140,4529,7140,766,618
3250,3470,7141,4529,7141,766,618
3251,3470,7142,4529,7142,766,618
3252,3470,7143,4529,7143,766,618
3253,3470,7144,4529,7144,766,618
3252,3470,7145,4529,7145,766,617
3252,3470,7146,4529,7146,766,617
3252,3470,7147,4529,7147,766,617
3253,3470,7148,4529,7148,766,617
3254,3470,7149,4529,7149,766,617
3254,3470,7150,4529,7150,766,617
3255,3470,7151,4529,7151,766,617
3255,3470,7152,4529,7152,766,617
3256,3470,7153,4529,7153,766,617
3257,3470,7154,4529,7154,766,617
3258,3470,7155,4529,7155,766,617
3259,3470,7156,4529,7156,766,617
3259,3470,7157,4529,7157,766,617
3259,3470,7158,4529,7158,766,617
3260,3470,7159,4529,7159,766,617
3260,3470,7160,4529,7160,766,617
3261,3470,7161,4529,7161,766,617
3258,3470,7162,4529,7162,766,616
3259,3470,7163,4529,7163,766,616
3259,3470,7164,4529,7164,766,616
3260,3470,7165,4529,7165,766,616
3257,3470,7166,4529,7166,766,616
3258,3470,7167,4529,7167,766,616
3259,3470,7168,4529,7168,766,616
3259,3470,7169,4529,7169,766,616
3257,3470,7170,4529,7170,766,616
3257,3470,7171,4529,7171,766,616
3258,3470,7172,4529,7172,766,616
3255,3470,7173,4529,7173,766,615
3252,3470,7174,4529,7174,766,615
3253,3470,7175,4529,7175,766,615
3251,3470,7176,4529,7176,766,615
3252,3470,7177,4529,7177,766,615
3253,3470,7178,4529,7178,766,615
3252,3470,7179,4529,7179,766,614
3250,3470,7180,4529,7180,766,613
3247,3470,7181,4529,7181,766,613
3248,3470,7182,4529,7182,766,613
3249,3470,7183,4529,7183,766,613
3250,3470,7184,4529,7184,766,613
3250,3470,7185,4529,7185,766,613
3247,3470,7186,4529,7186,766,612
3248,3470,7187,4529,7187,766,612
3248,3470,7188,4529,7188,766,612
3248,3470,7189,4529,7189,766,612
3248,3470,7190,4529,7190,766,612
3247,3470,7191,4529,7191,766,612
3248,3470,7192,4529,7192,766,612
3245,3470,7193,4529,7193,766,612
3245,3470,7194,4529,7194,766,612
3244,3470,7195,4529,7195,766,612
3245,3470,7196,4529,7196,766,612
3246,3470,7197,4529,7197,766,612
3246,3470,7198,4529,7198,766,612
3247,3470,7199,4529,7199,766,612
3248,3470,7200,4529,7200,766,612
3248,3470,7201,4529,7201,766,612
3247,3470,7202,4529,7202,766,612
3243,3470,7203,4529,7203,766,610
3243,3470,7204,4529,7204,766,610
3244,3470,7205,4529,7205,766,610
3245,3470,7206,4529,7206,766,610
3241,3470,7207,4529,7207,766,610
3238,3470,7208,4529,7208,766,610
3239,3470,7209,4529,7209,766,610
3240,3470,7210,4529,7210,766,610
3240,3470,7211,4529,7211,766,610
3241,3470,7212,4529,7212,766,610
3240,3470,7213,4529,7213,766,609
3240,3470,7214,4529,7214,766,609
3240,3470,7215,4529,7215,766,609
3239,3470,7216,4529,7216,766,609
3240,3470,7217,4529,7217,766,609
3241,3470,7218,4529,7218,766,609
3240,3470,7219,4529,7219,766,609
3237,3470,7220,4529,7220,766,609
3237,3470,7221,4529,7221,766,609
3234,3470,7222,4529,7222,766,608
3234,3470,7223,4529,7223,766,608
3235,3470,7224,4529,7224,766,608
3233,3470,7225,4529,7225,766,608
3234,3470,7226,4529,7226,766,608
3233,3470,7227,4529,7227,766,608
3233,3470,7228,4529,7228,766,608
3234,3470,7229,4529,7229,766,608
3235,3470,7230,4529,7230,766,608
3235,3470,7231,4529,7231,766,608
3235,3470,7232,4529,7232,766,608
3233,3470,7233,4529,7233,766,608
3233,3470,7234,4529,7234,766,608
3233,3470,7235,4529,7235,766,608
3234,3470,7236,4529,7236,766,608
3234,3470,7237,4529,7237,766,608
3234,3470,7238,4529,7238,766,608
3233,3470,7239,4529,7239,766,608
3233,3470,7240,4529,7240,766,608
3234,3470,7241,4529,7241,766,608
3233,3470,7242,4529,7242,766,608
3231,3470,7243,4529,7243,766,608
3229,3470,7244,4529,7244,766,608
3227,3470,7245,4529,7245,766,608
3226,3470,7246,4529,7246,766,608
3227,3470,7247,4529,7247,766,608
3226,3470,7248,4529,7248,766,608
3225,3470,7249,4529,7249,766,608
3225,3470,7250,4529,7250,766,608
3223,3470,7251,4529,7251,766,608
3223,3470,7252,4529,7252,766,608
3223,3470,7253,4529,7253,766,608
3223,3470,7254,4529,7254,766,608
3223,3470,7255,4529,7255,766,608
3224,3470,7256,4529,7256,766,608
3225,3470,7257,4529,7257,766,608
3226,3470,7258,4529,7258,766,608
3227,3470,7259,4529,7259,766,608
3225,3470,7260,4529,7260,766,608
3226,3470,7261,4529,7261,766,608
3226,3470,7262,4529,7262,766,608
3227,3470,7263,4529,7263,766,608
3227,3470,7264,4529,7264,766,608
3228,3470,7265,4529,7265,766,608
3229,3470,7266,4529,7266,766,608
3228,3470,7267,4529,7267,766,608
3229,3470,7268,4529,7268,766,608
3229,3470,7269,4529,7269,766,608
3229,3470,7270,4529,7270,766,608
3229,3470,7271,4529,7271,766,608
3230,3470,7272,4529,7272,766,608
3227,3470,7273,4529,7273,766,607
3225,3470,7274,4529,7274,766,607
3224,3470,7275,4529,7275,766,607
3225,3470,7276,4529,7276,766,607
3226,3470,7277,4529,7277,766,607
3226,3470,7278,4529,7278,766,607
3223,3470,7279,4529,7279,766,607
3224,3470,7280,4529,7280,766,607
3219,3470,7281,4529,7281,766,605
3219,3470,7282,4529,7282,766,605
3216,3470,7283,4529,7283,766,605
3216,3470,7284,4529,7284,766,605
3217,3470,7285,4529,7285,766,605
3217,3470,7286,4529,7286,766,605
3218,3470,7287,4529,7287,766,605
3217,3470,7288,4529,7288,766,605
3217,3470,7289,4529,7289,766,605
3218,3470,7290,4529,7290,766,605
3218,3470,7291,4529,7291,766,605
3219,3470,7292,4529,7292,766,605
3220,3470,7293,4529,7293,766,605
3221,3470,7294,4529,7294,766,605
3220,3470,7295,4529,7295,766,604
3221,3470,7296,4529,7296,766,604
3220,3470,7297,4529,7297,766,604
3220,3470,7298,4529,7298,766,604
3221,3470,7299,4529,7299,766,604
3221,3470,7300,4529,7300,766,604
3220,3470,7301,4529,7301,766,604
3221,3470,7302,4529,7302,766,604
3222,3470,7303,4529,7303,766,604
3223,3470,7304,4529,7304,766,604
3224,3470,7305,4529,7305,766,604
3225,3470,7306,4529,7306,766,604
3226,3470,7307,4529,7307,766,604
3226,3470,7308,4529,7308,766,604
3226,3470,7309,4529,7309,766,604
3226,3470,7310,4529,7310,766,604
3225,3470,7311,4529,7311,766,604
3226,3470,7312,4529,7312,766,604
3221,3470,7313,4529,7313,766,604
3222,3470,7314,4529,7314,766,604
3223,3470,7315,4529,7315,766,604
3224,3470,7316,4529,7316,766,604
3225,3470,7317,4529,7317,766,604
3223,3470,7318,4529,7318,766,604
3224,3470,7319,4529,7319,766,604
3225,3470,7320,4529,7320,766,604
3224,3470,7321,4529,7321,766,604
3221,3470,7322,4529,7322,766,604
3222,3470,7323,4529,7323,766,604
3220,3470,7324,4529,7324,766,603
3219,3470,7325,4529,7325,766,603
3218,3470,7326,4529,7326,766,603
3219,3470,7327,4529,7327,766,603
3217,3470,7328,4529,7328,766,603
3218,3470,7329,4529,7329,766,603
3218,3470,7330,4529,7330,766,603
3219,3470,7331,4529,7331,766,603
3216,3470,7332,4529,7332,766,603
3217,3470,7333,4529,7333,766,603
3217,3470,7334,4529,7334,766,603
3214,3470,7335,4529,7335,766,603
3213,3470,7336,4529,7336,766,603
3214,3470,7337,4529,7337,766,603
3214,3470,7338,4529,7338,766,603
3215,3470,7339,4529,7339,766,603
3215,3470,7340,4529,7340,766,603
3214,3470,7341,4529,7341,766,603
3210,3470,7342,4529,7342,766,603
3209,3470,7343,4529,7343,766,603
3210,3470,7344,4529,7344,766,603
3206,3470,7345,4529,7345,766,602
3207,3470,7346,4529,7346,766,602
3206,3470,7347,4529,7347,766,602
3207,3470,7348,4529,7348,766,602
3208,3470,7349,4529,7349,766,602
3209,3470,7350,4529,7350,766,602
3209,3470,7351,4529,7351,766,602
3209,3470,7352,4529,7352,766,602
3210,3470,7353,4529,7353,766,602
3211,3470,7354,4529,7354,766,602
3212,3470,7355,4529,7355,766,602
3209,3470,7356,4529,7356,766,602
3210,3470,7357,4529,7357,766,602
3211,3470,7358,4529,7358,766,602
3208,3470,7359,4529,7359,766,601
3208,3470,7360,4529,7360,766,601
3207,3470,7361,4529,7361,766,601
3208,3470,7362,4529,7362,766,601
3209,3470,7363,4529,7363,766,601
3209,3470,7364,4529,7364,766,601
3207,3470,7365,4529,7365,766,601
3207,3470,7366,4529,7366,766,601
3207,3470,7367,4529,7367,766,601
3207,3470,7368,4529,7368,766,601
3208,3470,7369,4529,7369,766,601
3208,3470,7370,4529,7370,766,601
3209,3470,7371,4529,7371,766,601
3209,3470,7372,4529,7372,766,601
3209,3470,7373,4529,7373,766,601
3210,3470,7374,4529,7374,766,601
3211,3470,7375,4529,7375,766,601
3212,3470,7376,4529,7376,766,601
3211,3470,7377,4529,7377,766,601
3210,3470,7378,4529,7378,766,601
3211,3470,7379,4529,7379,766,601
3212,3470,7380,4529,7380,766,601
3213,3470,7381,4529,7381,766,601
3212,3470,7382,4529,7382,766,601
3212,3470,7383,4529,7383,766,601
3212,3470,7384,4529,7384,766,601
3209,3470,7385,4529,7385,766,601
3207,3470,7386,4529,7386,766,601
3204,3470,7387,4529,7387,766,601
3205,3470,7388,4529,7388,766,601
3204,3470,7389,4529,7389,766,601
3204,3470,7390,4529,7390,766,601
3205,3470,7391,4529,7391,766,601
3205,3470,7392,4529,7392,766,601
3205,3470,7393,4529,7393,766,601
3202,3470,7394,4529,7394,766,601
3202,3470,7395,4529,7395,766,601
3202,3470,7396,4529,7396,766,601
3203,3470,7397,4529,7397,766,601
3200,3470,7398,4529,7398,766,601
3200,3470,7399,4529,7399,766,601
3200,3470,7400,4529,7400,766,601
3201,3470,7401,4529,7401,766,601
3197,3470,7402,4529,7402,766,601
3195,3470,7403,4529,7403,766,600
3192,3470,7404,4529,7404,766,600
3193,3470,7405,4529,7405,766,600
3190,3470,7406,4529,7406,766,600
3191,3470,7407,4529,7407,766,600
3187,3470,7408,4529,7408,766,600
3188,3470,7409,4529,7409,766,600
3189,3470,7410,4529,7410,766,600
3188,3470,7411,4529,7411,766,600
3189,3470,7412,4529,7412,766,600
3190,3470,7413,4529,7413,766,600
3191,3470,7414,4529,7414,766,600
3188,3470,7415,4529,7415,766,598
3189,3470,7416,4529,7416,766,598
3190,3470,7417,4529,7417,766,598
3190,3470,7418,4529,7418,766,598
3189,3470,7419,4529,7419,766,597
3188,3470,7420,4529,7420,766,597
3189,3470,7421,4529,7421,766,597
3189,3470,7422,4529,7422,766,597
3190,3470,7423,4529,7423,766,597
3185,3470,7424,4529,7424,766,596
3186,3470,7425,4529,7425,766,596
3186,3470,7426,4529,7426,766,596
3185,3470,7427,4529,7427,766,596
3186,3470,7428,4529,7428,766,596
3187,3470,7429,4529,7429,766,596
3187,3470,7430,4529,7430,766,596
3187,3470,7431,4529,7431,766,596
3188,3470,7432,4529,7432,766,596
3189,3470,7433,4529,7433,766,596
3187,3470,7434,4529,7434,766,596
3186,3470,7435,4529,7435,766,596
3186,3470,7436,4529,7436,766,596
3187,3470,7437,4529,7437,766,596
3187,3470,7438,4529,7438,766,596
3184,3470,7439,4529,7439,766,595
3183,3470,7440,4529,7440,766,595
3184,3470,7441,4529,7441,766,595
3184,3470,7442,4529,7442,766,595
3183,3470,7443,4529,7443,766,595
3184,3470,7444,4529,7444,766,595
3179,3470,7445,4529,7445,766,594
3179,3470,7446,4529,7446,766,594
3178,3470,7447,4529,7447,766,594
3179,3470,7448,4529,7448,766,594
3180,3470,7449,4529,7449,766,594
3180,3470,7450,4529,7450,766,594
3181,3470,7451,4529,7451,766,594
3181,3470,7452,4529,7452,766,594
3182,3470,7453,4529,7453,766,594
3183,3470,7454,4529,7454,766,594
3184,3470,7455,4529,7455,766,594
3185,3470,7456,4529,7456,766,594
3184,3470,7457,4529,7457,766,594
3181,3470,7458,4529,7458,766,594
3180,3470,7459,4529,7459,766,594
3180,3470,7460,4529,7460,766,594
3181,3470,7461,4529,7461,766,594
3181,3470,7462,4529,7462,766,594
3182,3470,7463,4529,7463,766,594
3182,3470,7464,4529,7464,766,594
3181,3470,7465,4529,7465,766,594
3181,3470,7466,4529,7466,766,594
3178,3470,7467,4529,7467,766,594
3179,3470,7468,4529,7468,766,594
3180,3470,7469,4529,7469,766,594
3179,3470,7470,4529,7470,766,594
3176,3470,7471,4529,7471,766,594
3173,3470,7472,4529,7472,766,594
3174,3470,7473,4529,7473,766,594
3171,3470,7474,4529,7474,766,594
3170,3470,7475,4529,7475,766,594
3170,3470,7476,4529,7476,766,594
3171,3470,7477,4529,7477,766,594
3172,3470,7478,4529,7478,766,594
3172,3470,7479,4529,7479,766,594
3171,3470,7480,4529,7480,766,594
3170,3470,7481,4529,7481,766,594
3171,3470,7482,4529,7482,766,594
3171,3470,7483,4529,7483,766,594
3172,3470,7484,4529,7484,766,594
3171,3470,7485,4529,7485,766,594
3172,3470,7486,4529,7486,766,594
3172,3470,7487,4529,7487,766,594
3172,3470,7488,4529,7488,766,594
3170,3470,7489,4529,7489,766,593
3170,3470,7490,4529,7490,766,593
3171,3470,7491,4529,7491,766,593
3172,3470,7492,4529,7492,766,593
3173,3470,7493,4529,7493,766,593
3174,3470,7494,4529,7494,766,593
3172,3470,7495,4529,7495,766,593
3169,3470,7496,4529,7496,766,593
3170,3470,7497,4529,7497,766,593
3170,3470,7498,4529,7498,766,593
3170,3470,7499,4529,7499,766,593
3168,3470,7500,4529,7500,766,593
3169,3470,7501,4529,7501,766,593
3170,3470,7502,4529,7502,766,593
3171,3470,7503,4529,7503,766,593
3168,3470,7504,4529,7504,766,593
3166,3470,7505,4529,7505,766,593
3164,3470,7506,4529,7506,766,592
3163,3470,7507,4529,7507,766,592
3161,3470,7508,4529,7508,766,592
3160,3470,7509,4529,7509,766,592
3161,3470,7510,4529,7510,766,592
3162,3470,7511,4529,7511,766,592
3163,3470,7512,4529,7512,766,592
3163,3470,7513,4529,7513,766,592
3163,3470,7514,4529,7514,766,592
3162,3470,7515,4529,7515,766,592
3161,3470,7516,4529,7516,766,592
3157,3470,7517,4529,7517,766,591
3155,3470,7518,4529,7518,766,590
3154,3470,7519,4529,7519,766,590
3155,3470,7520,4529,7520,766,590
3155,3470,7521,4529,7521,766,590
3150,3470,7522,4529,7522,766,589
3148,3470,7523,4529,7523,766,588
3146,3470,7524,4529,7524,766,586
3147,3470,7525,4529,7525,766,586
3146,3470,7526,4529,7526,766,586
3146,3470,7527,4529,7527,766,586
3147,3470,7528,4529,7528,766,586
3148,3470,7529,4529,7529,766,586
3149,3470,7530,4529,7530,766,586
3149,3470,7531,4529,7531,766,586
3150,3470,7532,4529,7532,766,586
3151,3470,7533,4529,7533,766,586
3148,3470,7534,4529,7534,766,585
3144,3470,7535,4529,7535,766,585
3143,3470,7536,4529,7536,766,585
3138,3470,7537,4529,7537,766,584
3139,3470,7538,4529,7538,766,584
3140,3470,7539,4529,7539,766,584
3140,3470,7540,4529,7540,766,584
3140,3470,7541,4529,7541,766,584
3139,3470,7542,4529,7542,766,584
3139,3470,7543,4529,7543,766,584
3139,3470,7544,4529,7544,766,584
3140,3470,7545,4529,7545,766,584
3141,3470,7546,4529,7546,766,584
3141,3470,7547,4529,7547,766,584
3139,3470,7548,4529,7548,766,584
3139,3470,7549,4529,7549,766,584
3139,3470,7550,4529,7550,766,584
3136,3470,7551,4529,7551,766,584
3136,3470,7552,4529,7552,766,584
3137,3470,7553,4529,7553,766,584
3137,3470,7554,4529,7554,766,584
3138,3470,7555,4529,7555,766,584
3139,3470,7556,4529,7556,766,584
3140,3470,7557,4529,7557,766,584
3141,3470,7558,4529,7558,766,584
3142,3470,7559,4529,7559,766,584
3143,3470,7560,4529,7560,766,584
3139,3470,7561,4529,7561,766,584
3140,3470,7562,4529,7562,766,584
3141,3470,7563,4529,7563,766,584
3142,3470,7564,4529,7564,766,584
3139,3470,7565,4529,7565,766,584
3140,3470,7566,4529,7566,766,584
3141,3470,7567,4529,7567,766,584
3141,3470,7568,4529,7568,766,584
3140,3470,7569,4529,7569,766,584
3140,3470,7570,4529,7570,766,584
3138,3470,7571,4529,7571,766,582
3136,3470,7572,4529,7572,766,582
3135,3470,7573,4529,7573,766,582
3134,3470,7574,4529,7574,766,582
3133,3470,7575,4529,7575,766,582
3134,3470,7576,4529,7576,766,582
3135,3470,7577,4529,7577,766,582
3134,3470,7578,4529,7578,766,582
3134,3470,7579,4529,7579,766,582
3135,3470,7580,4529,7580,766,582
3135,3470,7581,4529,7581,766,582
3136,3470,7582,4529,7582,766,582
3133,3470,7583,4529,7583,766,582
3132,3470,7584,4529,7584,766,582
3132,3470,7585,4529,7585,766,582
3129,3470,7586,4529,7586,766,582
3130,3470,7587,4529,7587,766,582
3130,3470,7588,4529,7588,766,582
3131,3470,7589,4529,7589,766,582
3132,3470,7590,4529,7590,766,582
3132,3470,7591,4529,7591,766,582
3133,3470,7592,4529,7592,766,582
3130,3470,7593,4529,7593,766,581
3131,3470,7594,4529,7594,766,581
3132,3470,7595,4529,7595,766,581
3133,3470,7596,4529,7596,766,581
3133,3470,7597,4529,7597,766,581
3133,3470,7598,4529,7598,766,581
3134,3470,7599,4529,7599,766,581
3133,3470,7600,4529,7600,766,581
3134,3470,7601,4529,7601,766,581
3135,3470,7602,4529,7602,766,581
3135,3470,7603,4529,7603,766,581
3136,3470,7604,4529,7604,766,581
3134,3470,7605,4529,7605,766,581
3135,3470,7606,4529,7606,766,581
3136,3470,7607,4529,7607,766,581
3137,3470,7608,4529,7608,766,581
3138,3470,7609,4529,7609,766,581
3137,3470,7610,4529,7610,766,580
3135,3470,7611,4529,7611,766,580
3132,3470,7612,4529,7612,766,580
3131,3470,7613,4529,7613,766,580
3132,3470,7614,4529,7614,766,580
3133,3470,7615,4529,7615,766,580
3130,3470,7616,4529,7616,766,580
3126,3470,7617,4529,7617,766,578
3127,3470,7618,4529,7618,766,578
3125,3470,7619,4529,7619,766,578
3126,3470,7620,4529,7620,766,578
3124,3470,7621,4529,7621,766,577
3124,3470,7622,4529,7622,766,577
3123,3470,7623,4529,7623,766,577
3123,3470,7624,4529,7624,766,577
3122,3470,7625,4529,7625,766,577
3122,3470,7626,4529,7626,766,577
3119,3470,7627,4529,7627,766,577
3119,3470,7628,4529,7628,766,577
3119,3470,7629,4529,7629,766,577
3117,3470,7630,4529,7630,766,577
3115,3470,7631,4529,7631,766,577
3115,3470,7632,4529,7632,766,577
3116,3470,7633,4529,7633,766,577
3115,3470,7634,4529,7634,766,577
3116,3470,7635,4529,7635,766,577
3116,3470,7636,4529,7636,766,577
3115,3470,7637,4529,7637,766,576
3113,3470,7638,4529,7638,766,575
3113,3470,7639,4529,7639,766,575
3114,3470,7640,4529,7640,766,575
3114,3470,7641,4529,7641,766,575
3115,3470,7642,4529,7642,766,575
3114,3470,7643,4529,7643,766,575
3114,3470,7644,4529,7644,766,575
3115,3470,7645,4529,7645,766,575
3114,3470,7646,4529,7646,766,575
3115,3470,7647,4529,7647,766,575
3112,3470,7648,4529,7648,766,575
3112,3470,7649,4529,7649,766,575
3113,3470,7650,4529,7650,766,575
3114,3470,7651,4529,7651,766,575
3113,3470,7652,4529,7652,766,575
3111,3470,7653,4529,7653,766,575
3108,3470,7654,4529,7654,766,573
3109,3470,7655,4529,7655,766,573
3110,3470,7656,4529,7656,766,573
3111,3470,7657,4529,7657,766,573
3111,3470,7658,4529,7658,766,573
3107,3470,7659,4529,7659,766,571
3108,3470,7660,4529,7660,766,571
3109,3470,7661,4529,7661,766,571
3110,3470,7662,4529,7662,766,571
3105,3470,7663,4529,7663,766,571
3106,3470,7664,4529,7664,766,571
3104,3470,7665,4529,7665,766,570
3104,3470,7666,4529,7666,766,570
3105,3470,7667,4529,7667,766,570
3105,3470,7668,4529,7668,766,570
3105,3470,7669,4529,7669,766,570
3106,3470,7670,4529,7670,766,570
3106,3470,7671,4529,7671,766,570
3103,3470,7672,4529,7672,766,570
3102,3470,7673,4529,7673,766,570
3102,3470,7674,4529,7674,766,570
3101,3470,7675,4529,7675,766,570
3100,3470,7676,4529,7676,766,570
3101,3470,7677,4529,7677,766,570
3100,3470,7678,4529,7678,766,570
3101,3470,7679,4529,7679,766,570
3102,3470,7680,4529,7680,766,570
3103,3470,7681,4529,7681,766,570
3103,3470,7682,4529,7682,766,570
3103,3470,7683,4529,7683,766,570
3100,3470,7684,4529,7684,766,570
3100,3470,7685,4529,7685,766,570
3099,3470,7686,4529,7686,766,570
3100,3470,7687,4529,7687,766,570
3100,3470,7688,4529,7688,766,570
3100,3470,7689,4529,7689,766,570
3101,3470,7690,4529,7690,766,570
3100,3470,7691,4529,7691,766,570
3101,3470,7692,4529,7692,766,570
3100,3470,7693,4529,7693,766,570
3100,3470,7694,4529,7694,766,570
3100,3470,7695,4529,7695,766,570
3100,3470,7696,4529,7696,766,570
3101,3470,7697,4529,7697,766,570
3102,3470,7698,4529,7698,766,570
3103,3470,7699,4529,7699,766,570
3102,3470,7700,4529,7700,766,570
3103,3470,7701,4529,7701,766,570
3103,3470,7702,4529,7702,766,570
3104,3470,7703,4529,7703,766,570
3105,3470,7704,4529,7704,766,570
3106,3470,7705,4529,7705,766,570
3106,3470,7706,4529,7706,766,570
3107,3470,7707,4529,7707,766,570
3108,3470,7708,4529,7708,766,570
3109,3470,7709,4529,7709,766,570
3107,3470,7710,4529,7710,766,570
3108,3470,7711,4529,7711,766,570
3109,3470,7712,4529,7712,766,570
3109,3470,7713,4529,7713,766,570
3110,3470,7714,4529,7714,766,570
3107,3470,7715,4529,7715,766,570
3107,3470,7716,4529,7716,766,570
3107,3470,7717,4529,7717,766,570
3108,3470,7718,4529,7718,766,570
3108,3470,7719,4529,7719,766,570
3109,3470,7720,4529,7720,766,570
3109,3470,7721,4529,7721,766,570
3108,3470,7722,4529,7722,766,570
3108,3470,7723,4529,7723,766,570
3108,3470,7724,4529,7724,766,570
3107,3470,7725,4529,7725,766,570
3106,3470,7726,4529,7726,766,570
3107,3470,7727,4529,7727,766,570
3108,3470,7728,4529,7728,766,570
3105,3470,7729,4529,7729,766,570
3101,3470,7730,4529,7730,766,570
3101,3470,7731,4529,7731,766,570
3099,3470,7732,4529,7732,766,569
3099,3470,7733,4529,7733,766,569
3100,3470,7734,4529,7734,766,569
3098,3470,7735,4529,7735,766,568
3096,3470,7736,4529,7736,766,568
3097,3470,7737,4529,7737,766,568
3098,3470,7738,4529,7738,766,568
3098,3470,7739,4529,7739,766,568
3098,3470,7740,4529,7740,766,568
3096,3470,7741,4529,7741,766,568
3095,3470,7742,4529,7742,766,568
3096,3470,7743,4529,7743,766,568
3096,3470,7744,4529,7744,766,568
3095,3470,7745,4529,7745,766,568
3093,3470,7746,4529,7746,766,567
3093,3470,7747,4529,7747,766,567
3092,3470,7748,4529,7748,766,567
3092,3470,7749,4529,7749,766,567
3092,3470,7750,4529,7750,766,567
3093,3470,7751,4529,7751,766,567
3094,3470,7752,4529,7752,766,567
3095,3470,7753,4529,7753,766,567
3091,3470,7754,4529,7754,766,567
3091,3470,7755,4529,7755,766,567
3089,3470,7756,4529,7756,766,566
3086,3470,7757,4529,7757,766,565
3087,3470,7758,4529,7758,766,565
3088,3470,7759,4529,7759,766,565
3086,3470,7760,4529,7760,766,565
3087,3470,7761,4529,7761,766,565
3085,3470,7762,4529,7762,766,564
3085,3470,7763,4529,7763,766,564
3086,3470,7764,4529,7764,766,564
3087,3470,7765,4529,7765,766,564
3087,3470,7766,4529,7766,766,564
3086,3470,7767,4529,7767,766,564
3087,3470,7768,4529,7768,766,564
3088,3470,7769,4529,7769,766,564
3089,3470,7770,4529,7770,766,564
3089,3470,7771,4529,7771,766,564
3090,3470,7772,4529,7772,766,564
3089,3470,7773,4529,7773,766,564
3090,3470,7774,4529,7774,766,564
3091,3470,7775,4529,7775,766,564
3092,3470,7776,4529,7776,766,564
3092,3470,7777,4529,7777,766,564
3091,3470,7778,4529,7778,766,564
3091,3470,7779,4529,7779,766,564
3092,3470,7780,4529,7780,766,564
3092,3470,7781,4529,7781,766,564
3092,3470,7782,4529,7782,766,564
3093,3470,7783,4529,7783,766,564
3093,3470,7784,4529,7784,766,564
3093,3470,7785,4529,7785,766,564
3093,3470,7786,4529,7786,766,564
3092,3470,7787,4529,7787,766,564
3087,3470,7788,4529,7788,766,563
3087,3470,7789,4529,7789,766,563
3086,3470,7790,4529,7790,766,563
3082,3470,7791,4529,7791,766,563
3080,3470,7792,4529,7792,766,562
3081,3470,7793,4529,7793,766,562
3077,3470,7794,4529,7794,766,562
3077,3470,7795,4529,7795,766,562
3075,3470,7796,4529,7796,766,561
3072,3470,7797,4529,7797,766,560
3072,3470,7798,4529,7798,766,560
3072,3470,7799,4529,7799,766,560
3072,3470,7800,4529,7800,766,560
3073,3470,7801,4529,7801,766,560
3074,3470,7802,4529,7802,766,560
3073,3470,7803,4529,7803,766,560
3074,3470,7804,4529,7804,766,560
3075,3470,7805,4529,7805,766,560
3075,3470,7806,4529,7806,766,560
3073,3470,7807,4529,7807,766,560
3073,3470,7808,4529,7808,766,560
3074,3470,7809,4529,7809,766,560
3075,3470,7810,4529,7810,766,560
3076,3470,7811,4529,7811,766,560
3076,3470,7812,4529,7812,766,560
3074,3470,7813,4529,7813,766,560
3075,3470,7814,4529,7814,766,560
3074,3470,7815,4529,7815,766,560
3075,3470,7816,4529,7816,766,560
3075,3470,7817,4529,7817,766,560
3074,3470,7818,4529,7818,766,560
3075,3470,7819,4529,7819,766,560
3076,3470,7820,4529,7820,766,560
3077,3470,7821,4529,7821,766,560
3078,3470,7822,4529,7822,766,560
3079,3470,7823,4529,7823,766,560
3079,3470,7824,4529,7824,766,560
3079,3470,7825,4529,7825,766,560
3079,3470,7826,4529,7826,766,560
3080,3470,7827,4529,7827,766,560
3081,3470,7828,4529,7828,766,560
3082,3470,7829,4529,7829,766,560
3083,3470,7830,4529,7830,766,560
3084,3470,7831,4529,7831,766,560
3085,3470,7832,4529,7832,766,560
3086,3470,7833,4529,7833,766,560
3086,3470,7834,4529,7834,766,560
3085,3470,7835,4529,7835,766,560
3086,3470,7836,4529,7836,766,560
3086,3470,7837,4529,7837,766,560
3086,3470,7838,4529,7838,766,560
3086,3470,7839,4529,7839,766,560
3086,3470,7840,4529,7840,766,560
3087,3470,7841,4529,7841,766,560
3085,3470,7842,4529,7842,766,560
3086,3470,7843,4529,7843,766,560
3086,3470,7844,4529,7844,766,560
3087,3470,7845,4529,7845,766,560
3086,3470,7846,4529,7846,766,560
3086,3470,7847,4529,7847,766,560
3086,3470,7848,4529,7848,766,560
3082,3470,7849,4529,7849,766,559
3083,3470,7850,4529,7850,766,559
3084,3470,7851,4529,7851,766,559
3083,3470,7852,4529,7852,766,559
3080,3470,7853,4529,7853,766,559
3079,3470,7854,4529,7854,766,559
3075,3470,7855,4529,7855,766,559
3071,3470,7856,4529,7856,766,559
3070,3470,7857,4529,7857,766,558
3070,3470,7858,4529,7858,766,558
3069,3470,7859,4529,7859,766,558
3068,3470,7860,4529,7860,766,558
3065,3470,7861,4529,7861,766,558
3063,3470,7862,4529,7862,766,558
3062,3470,7863,4529,7863,766,558
3063,3470,7864,4529,7864,766,558
3063,3470,7865,4529,7865,766,558
3063,3470,7866,4529,7866,766,558
3064,3470,7867,4529,7867,766,558
3063,3470,7868,4529,7868,766,558
3062,3470,7869,4529,7869,766,558
3061,3470,7870,4529,7870,766,558
3062,3470,7871,4529,7871,766,558
3062,3470,7872,4529,7872,766,558
3062,3470,7873,4529,7873,766,558
3063,3470,7874,4529,7874,766,558
3062,3470,7875,4529,7875,766,558
3063,3470,7876,4529,7876,766,558
3064,3470,7877,4529,7877,766,558
3065,3470,7878,4529,7878,766,558
3066,3470,7879,4529,7879,766,558
3067,3470,7880,4529,7880,766,558
3068,3470,7881,4529,7881,766,558
3066,3470,7882,4529,7882,766,557
3064,3470,7883,4529,7883,766,557
3064,3470,7884,4529,7884,766,557
3062,3470,7885,4529,7885,766,557
3063,3470,7886,4529,7886,766,557
3063,3470,7887,4529,7887,766,557
3062,3470,7888,4529,7888,766,557
3063,3470,7889,4529,7889,766,557
3064,3470,7890,4529,7890,766,557
3065,3470,7891,4529,7891,766,557
3066,3470,7892,4529,7892,766,557
3066,3470,7893,4529,7893,766,557
3066,3470,7894,4529,7894,766,557
3067,3470,7895,4529,7895,766,557
3067,3470,7896,4529,7896,766,557
3067,3470,7897,4529,7897,766,557
3068,3470,7898,4529,7898,766,557
3068,3470,7899,4529,7899,766,557
3069,3470,7900,4529,7900,766,557
3070,3470,7901,4529,7901,766,557
3070,3470,7902,4529,7902,766,557
3070,3470,7903,4529,7903,766,557
3069,3470,7904,4529,7904,766,556
3068,3470,7905,4529,7905,766,556
3063,3470,7906,4529,7906,766,555
3064,3470,7907,4529,7907,766,555
3063,3470,7908,4529,7908,766,555
3064,3470,7909,4529,7909,766,555
3065,3470,7910,4529,7910,766,555
3066,3470,7911,4529,7911,766,555
3061,3470,7912,4529,7912,766,555
3062,3470,7913,4529,7913,766,555
3062,3470,7914,4529,7914,766,555
3062,3470,7915,4529,7915,766,555
3062,3470,7916,4529,7916,766,555
3063,3470,7917,4529,7917,766,555
3063,3470,7918,4529,7918,766,555
3062,3470,7919,4529,7919,766,555
3063,3470,7920,4529,7920,766,555
3064,3470,7921,4529,7921,766,555
3065,3470,7922,4529,7922,766,555
3065,3470,7923,4529,7923,766,555
3065,3470,7924,4529,7924,766,555
3065,3470,7925,4529,7925,766,555
3066,3470,7926,4529,7926,766,555
3063,3470,7927,4529,7927,766,555
3063,3470,7928,4529,7928,766,555
3064,3470,7929,4529,7929,766,555
3065,3470,7930,4529,7930,766,555
3065,3470,7931,4529,7931,766,555
3064,3470,7932,4529,7932,766,555
3064,3470,7933,4529,7933,766,555
3065,3470,7934,4529,7934,766,555
3065,3470,7935,4529,7935,766,555
3065,3470,7936,4529,7936,766,555
3066,3470,7937,4529,7937,766,555
3067,3470,7938,4529,7938,766,555
3066,3470,7939,4529,7939,766,555
3065,3470,7940,4529,7940,766,555
3064,3470,7941,4529,7941,766,555
3064,3470,7942,4529,7942,766,555
3064,3470,7943,4529,7943,766,555
3064,3470,7944,4529,7944,766,555
3065,3470,7945,4529,7945,766,555
3066,3470,7946,4529,7946,766,555
3065,3470,7947,4529,7947,766,555
3066,3470,7948,4529,7948,766,555
3063,3470,7949,4529,7949,766,554
3063,3470,7950,4529,7950,766,554
3064,3470,7951,4529,7951,766,554
3063,3470,7952,4529,7952,766,554
3063,3470,7953,4529,7953,766,554
3064,3470,7954,4529,7954,766,554
3065,3470,7955,4529,7955,766,554
3066,3470,7956,4529,7956,766,554
3066,3470,7957,4529,7957,766,554
3065,3470,7958,4529,7958,766,554
3065,3470,7959,4529,7959,766,554
3066,3470,7960,4529,7960,766,554
3065,3470,7961,4529,7961,766,554
3065,3470,7962,4529,7962,766,554
3066,3470,7963,4529,7963,766,554
3066,3470,7964,4529,7964,766,554
3067,3470,7965,4529,7965,766,554
3068,3470,7966,4529,7966,766,554
3068,3470,7967,4529,7967,766,554
3068,3470,7968,4529,7968,766,554
3069,3470,7969,4529,7969,766,554
3068,3470,7970,4529,7970,766,554
3069,3470,7971,4529,7971,766,554
3067,3470,7972,4529,7972,766,554
3068,3470,7973,4529,7973,766,554
3069,3470,7974,4529,7974,766,554
3069,3470,7975,4529,7975,766,554
3069,3470,7976,4529,7976,766,554
3069,3470,7977,4529,7977,766,554
3069,3470,7978,4529,7978,766,554
3069,3470,7979,4529,7979,766,554
3069,3470,7980,4529,7980,766,554
3066,3470,7981,4529,7981,766,553
3067,3470,7982,4529,7982,766,553
3068,3470,7983,4529,7983,766,553
3069,3470,7984,4529,7984,766,553
3068,3470,7985,4529,7985,766,553
3067,3470,7986,4529,7986,766,553
3068,3470,7987,4529,7987,766,553
3067,3470,7988,4529,7988,766,553
3067,3470,7989,4529,7989,766,553
3067,3470,7990,4529,7990,766,553
3068,3470,7991,4529,7991,766,553
3069,3470,7992,4529,7992,766,553
3070,3470,7993,4529,7993,766,553
3071,3470,7994,4529,7994,766,553
3071,3470,7995,4529,7995,766,553
3071,3470,7996,4529,7996,766,553
3072,3470,7997,4529,7997,766,553
3072,3470,7998,4529,7998,766,553
3073,3470,7999,4529,7999,766,553
3073,3470,8000,4529,8000,766,553
3073,3470,8001,4529,8001,766,553
3073,3470,8002,4529,8002,766,553
3071,3470,8003,4529,8003,766,553
3071,3470,8004,4529,8004,766,553
3072,3470,8005,4529,8005,766,553
3072,3470,8006,4529,8006,766,553
3072,3470,8007,4529,8007,766,553
3073,3470,8008,4529,8008,766,553
3074,3470,8009,4529,8009,766,553
3075,3470,8010,4529,8010,766,553
3075,3470,8011,4529,8011,766,553
3075,3470,8012,4529,8012,766,553
3076,3470,8013,4529,8013,766,553
3071,3470,8014,4529,8014,766,553
3072,3470,8015,4529,8015,766,553
3071,3470,8016,4529,8016,766,553
3072,3470,8017,4529,8017,766,553
3073,3470,8018,4529,8018,766,553
3073,3470,8019,4529,8019,766,553
3074,3470,8020,4529,8020,766,553
3075,3470,8021,4529,8021,766,553
3076,3470,8022,4529,8022,766,553
3077,3470,8023,4529,8023,766,553
3077,3470,8024,4529,8024,766,553
3076,3470,8025,4529,8025,766,553
3077,3470,8026,4529,8026,766,553
3076,3470,8027,4529,8027,766,553
3075,3470,8028,4529,8028,766,553
3076,3470,8029,4529,8029,766,553
3076,3470,8030,4529,8030,766,553
3075,3470,8031,4529,8031,766,552
3074,3470,8032,4529,8032,766,552
3073,3470,8033,4529,8033,766,552
3074,3470,8034,4529,8034,766,552
3074,3470,8035,4529,8035,766,552
3072,3470,8036,4529,8036,766,552
3072,3470,8037,4529,8037,766,552
3073,3470,8038,4529,8038,766,552
3074,3470,8039,4529,8039,766,552
3074,3470,8040,4529,8040,766,552
3075,3470,8041,4529,8041,766,552
3075,3470,8042,4529,8042,766,552
3075,3470,8043,4529,8043,766,552
3073,3470,8044,4529,8044,766,552
3074,3470,8045,4529,8045,766,552
3075,3470,8046,4529,8046,766,552
3075,3470,8047,4529,8047,766,552
3075,3470,8048,4529,8048,766,552
3076,3470,8049,4529,8049,766,552
3077,3470,8050,4529,8050,766,552
3078,3470,8051,4529,8051,766,552
3078,3470,8052,4529,8052,766,552
3079,3470,8053,4529,8053,766,552
3078,3470,8054,4529,8054,766,552
3077,3470,8055,4529,8055,766,552
3078,3470,8056,4529,8056,766,552
3077,3470,8057,4529,8057,766,552
3073,3470,8058,4529,8058,766,550
3073,3470,8059,4529,8059,766,550
3074,3470,8060,4529,8060,766,550
3072,3470,8061,4529,8061,766,550
3073,3470,8062,4529,8062,766,550
3073,3470,8063,4529,8063,766,550
3071,3470,8064,4529,8064,766,550
3072,3470,8065,4529,8065,766,550
3071,3470,8066,4529,8066,766,550
3072,3470,8067,4529,8067,766,550
3073,3470,8068,4529,8068,766,550
3073,3470,8069,4529,8069,766,550
3072,3470,8070,4529,8070,766,550
3072,3470,8071,4529,8071,766,550
3073,3470,8072,4529,8072,766,550
3073,3470,8073,4529,8073,766,550
3073,3470,8074,4529,8074,766,550
3073,3470,8075,4529,8075,766,550
3074,3470,8076,4529,8076,766,550
3075,3470,8077,4529,8077,766,550
3075,3470,8078,4529,8078,766,550
3076,3470,8079,4529,8079,766,550
3076,3470,8080,4529,8080,766,550
3076,3470,8081,4529,8081,766,550
3077,3470,8082,4529,8082,766,550
3076,3470,8083,4529,8083,766,550
3075,3470,8084,4529,8084,766,550
3076,3470,8085,4529,8085,766,550
3077,3470,8086,4529,8086,766,550
3077,3470,8087,4529,8087,766,550
3078,3470,8088,4529,8088,766,550
3078,3470,8089,4529,8089,766,550
3079,3470,8090,4529,8090,766,550
3080,3470,8091,4529,8091,766,550
3081,3470,8092,4529,8092,766,550
3079,3470,8093,4529,8093,766,550
3079,3470,8094,4529,8094,766,550
3077,3470,8095,4529,8095,766,549
3078,3470,8096,4529,8096,766,549
3078,3470,8097,4529,8097,766,549
3078,3470,8098,4529,8098,766,549
3078,3470,8099,4529,8099,766,549
3077,3470,8100,4529,8100,766,549
3076,3470,8101,4529,8101,766,549
3076,3470,8102,4529,8102,766,549
3075,3470,8103,4529,8103,766,549
3076,3470,8104,4529,8104,766,549
3077,3470,8105,4529,8105,766,549
3076,3470,8106,4529,8106,766,549
3076,3470,8107,4529,8107,766,549
3076,3470,8108,4529,8108,766,549
3077,3470,8109,4529,8109,766,549
3074,3470,8110,4529,8110,766,549
3074,3470,8111,4529,8111,766,549
3075,3470,8112,4529,8112,766,549
3076,3470,8113,4529,8113,766,549
3077,3470,8114,4529,8114,766,549
3075,3470,8115,4529,8115,766,549
3075,3470,8116,4529,8116,766,549
3075,3470,8117,4529,8117,766,549
3075,3470,8118,4529,8118,766,549
3072,3470,8119,4529,8119,766,549
3073,3470,8120,4529,8120,766,549
3072,3470,8121,4529,8121,766,549
3070,3470,8122,4529,8122,766,549
3070,3470,8123,4529,8123,766,549
3071,3470,8124,4529,8124,766,549
3068,3470,8125,4529,8125,766,549
3067,3470,8126,4529,8126,766,549
3064,3470,8127,4529,8127,766,547
3063,3470,8128,4529,8128,766,547
3064,3470,8129,4529,8129,766,547
3064,3470,8130,4529,8130,766,547
3065,3470,8131,4529,8131,766,547
3062,3470,8132,4529,8132,766,547
3061,3470,8133,4529,8133,766,547
3062,3470,8134,4529,8134,766,547
3063,3470,8135,4529,8135,766,547
3062,3470,8136,4529,8136,766,547
3061,3470,8137,4529,8137,766,547
3061,3470,8138,4529,8138,766,547
3062,3470,8139,4529,8139,766,547
3062,3470,8140,4529,8140,766,547
3063,3470,8141,4529,8141,766,547
3064,3470,8142,4529,8142,766,547
3064,3470,8143,4529,8143,766,547
3065,3470,8144,4529,8144,766,547
3064,3470,8145,4529,8145,766,547
3064,3470,8146,4529,8146,766,547
3065,3470,8147,4529,8147,766,547
3065,3470,8148,4529,8148,766,547
3066,3470,8149,4529,8149,766,547
3067,3470,8150,4529,8150,766,547
3064,3470,8151,4529,8151,766,546
3062,3470,8152,4529,8152,766,546
3061,3470,8153,4529,8153,766,546
3062,3470,8154,4529,8154,766,546
3063,3470,8155,4529,8155,766,546
3060,3470,8156,4529,8156,766,546
3060,3470,8157,4529,8157,766,546
3059,3470,8158,4529,8158,766,546
3058,3470,8159,4529,8159,766,546
3055,3470,8160,4529,8160,766,546
3055,3470,8161,4529,8161,766,546
3055,3470,8162,4529,8162,766,546
3052,3470,8163,4529,8163,766,546
3053,3470,8164,4529,8164,766,546
3053,3470,8165,4529,8165,766,546
3051,3470,8166,4529,8166,766,546
3052,3470,8167,4529,8167,766,546
3052,3470,8168,4529,8168,766,546
3053,3470,8169,4529,8169,766,546
3054,3470,8170,4529,8170,766,546
3051,3470,8171,4529,8171,766,546
3051,3470,8172,4529,8172,766,546
3048,3470,8173,4529,8173,766,546
3048,3470,8174,4529,8174,766,546
3047,3470,8175,4529,8175,766,546
3046,3470,8176,4529,8176,766,545
3046,3470,8177,4529,8177,766,545
3043,3470,8178,4529,8178,766,545
3044,3470,8179,4529,8179,766,545
3044,3470,8180,4529,8180,766,545
3044,3470,8181,4529,8181,766,545
3044,3470,8182,4529,8182,766,545
3045,3470,8183,4529,8183,766,545
3043,3470,8184,4529,8184,766,544
3044,3470,8185,4529,8185,766,544
3045,3470,8186,4529,8186,766,544
3045,3470,8187,4529,8187,766,544
3046,3470,8188,4529,8188,766,544
3046,3470,8189,4529,8189,766,544
3045,3470,8190,4529,8190,766,544
3044,3470,8191,4529,8191,766,544
3040,3470,8192,4529,8192,766,543
3039,3470,8193,4529,8193,766,543
3040,3470,8194,4529,8194,766,543
3037,3470,8195,4529,8195,766,543
3037,3470,8196,4529,8196,766,543
3038,3470,8197,4529,8197,766,543
3038,3470,8198,4529,8198,766,543
3038,3470,8199,4529,8199,766,543
3039,3470,8200,4529,8200,766,543
3037,3470,8201,4529,8201,766,542
3038,3470,8202,4529,8202,766,542
3038,3470,8203,4529,8203,766,542
3038,3470,8204,4529,8204,766,542
3037,3470,8205,4529,8205,766,542
3037,3470,8206,4529,8206,766,542
3037,3470,8207,4529,8207,766,542
3037,3470,8208,4529,8208,766,542
3038,3470,8209,4529,8209,766,542
3037,3470,8210,4529,8210,766,542
3035,3470,8211,4529,8211,766,542
3033,3470,8212,4529,8212,766,542
3031,3470,8213,4529,8213,766,542
3029,3470,8214,4529,8214,766,542
3030,3470,8215,4529,8215,766,542
3031,3470,8216,4529,8216,766,542
3031,3470,8217,4529,8217,766,542
3031,3470,8218,4529,8218,766,542
3031,3470,8219,4529,8219,766,542
3031,3470,8220,4529,8220,766,542
3030,3470,8221,4529,8221,766,542
3030,3470,8222,4529,8222,766,542
3031,3470,8223,4529,8223,766,542
3031,3470,8224,4529,8224,766,542
3032,3470,8225,4529,8225,766,542
3031,3470,8226,4529,8226,766,542
3031,3470,8227,4529,8227,766,542
3032,3470,8228,4529,8228,766,542
3033,3470,8229,4529,8229,766,542
3034,3470,8230,4529,8230,766,542
3034,3470,8231,4529,8231,766,542
3034,3470,8232,4529,8232,766,542
3035,3470,8233,4529,8233,766,542
3036,3470,8234,4529,8234,766,542
3037,3470,8235,4529,8235,766,542
3037,3470,8236,4529,8236,766,542
3035,3470,8237,4529,8237,766,542
3032,3470,8238,4529,8238,766,542
3032,3470,8239,4529,8239,766,542
3032,3470,8240,4529,8240,766,542
3033,3470,8241,4529,8241,766,542
3034,3470,8242,4529,8242,766,542
3031,3470,8243,4529,8243,766,542
3029,3470,8244,4529,8244,766,542
3029,3470,8245,4529,8245,766,542
3029,3470,8246,4529,8246,766,542
3025,3470,8247,4529,8247,766,540
3026,3470,8248,4529,8248,766,540
3026,3470,8249,4529,8249,766,540
3027,3470,8250,4529,8250,766,540
3025,3470,8251,4529,8251,766,538
3022,3470,8252,4529,8252,766,538
3021,3470,8253,4529,8253,766,538
3022,3470,8254,4529,8254,766,538
3023,3470,8255,4529,8255,766,538
3024,3470,8256,4529,8256,766,538
3023,3470,8257,4529,8257,766,538
3024,3470,8258,4529,8258,766,538
3021,3470,8259,4529,8259,766,538
3018,3470,8260,4529,8260,766,537
3018,3470,8261,4529,8261,766,537
3019,3470,8262,4529,8262,766,537
3020,3470,8263,4529,8263,766,537
3020,3470,8264,4529,8264,766,537
3021,3470,8265,4529,8265,766,537
3021,3470,8266,4529,8266,766,537
3022,3470,8267,4529,8267,766,537
3023,3470,8268,4529,8268,766,537
3021,3470,8269,4529,8269,766,537
3021,3470,8270,4529,8270,766,537
3020,3470,8271,4529,8271,766,537
3019,3470,8272,4529,8272,766,537
3019,3470,8273,4529,8273,766,537
3019,3470,8274,4529,8274,766,537
3020,3470,8275,4529,8275,766,537
3020,3470,8276,4529,8276,766,537
3021,3470,8277,4529,8277,766,537
3022,3470,8278,4529,8278,766,537
3022,3470,8279,4529,8279,766,537
3023,3470,8280,4529,8280,766,537
3024,3470,8281,4529,8281,766,537
3024,3470,8282,4529,8282,766,537
3022,3470,8283,4529,8283,766,537
3021,3470,8284,4529,8284,766,536
3021,3470,8285,4529,8285,766,536
3019,3470,8286,4529,8286,766,536
3020,3470,8287,4529,8287,766,536
3021,3470,8288,4529,8288,766,536
3017,3470,8289,4529,8289,766,535
3018,3470,8290,4529,8290,766,535
3019,3470,8291,4529,8291,766,535
3020,3470,8292,4529,8292,766,535
3020,3470,8293,4529,8293,766,535
3021,3470,8294,4529,8294,766,535
3021,3470,8295,4529,8295,766,535
3021,3470,8296,4529,8296,766,535
3022,3470,8297,4529,8297,766,535
3023,3470,8298,4529,8298,766,535
3020,3470,8299,4529,8299,766,534
3021,3470,8300,4529,8300,766,534
3020,3470,8301,4529,8301,766,534
3021,3470,8302,4529,8302,766,534
3021,3470,8303,4529,8303,766,534
3021,3470,8304,4529,8304,766,534
3019,3470,8305,4529,8305,766,534
3019,3470,8306,4529,8306,766,534
3019,3470,8307,4529,8307,766,534
3019,3470,8308,4529,8308,766,534
3019,3470,8309,4529,8309,766,534
3019,3470,8310,4529,8310,766,534
3020,3470,8311,4529,8311,766,534
3020,3470,8312,4529,8312,766,534
3017,3470,8313,4529,8313,766,533
3018,3470,8314,4529,8314,766,533
3019,3470,8315,4529,8315,766,533
3018,3470,8316,4529,8316,766,533
3019,3470,8317,4529,8317,766,533
3019,3470,8318,4529,8318,766,533
3014,3470,8319,4529,8319,766,533
3012,3470,8320,4529,8320,766,533
3012,3470,8321,4529,8321,766,533
3013,3470,8322,4529,8322,766,533
3014,3470,8323,4529,8323,766,533
3015,3470,8324,4529,8324,766,533
3013,3470,8325,4529,8325,766,533
3013,3470,8326,4529,8326,766,533
3014,3470,8327,4529,8327,766,533
3014,3470,8328,4529,8328,766,533
3014,3470,8329,4529,8329,766,533
3014,3470,8330,4529,8330,766,533
3014,3470,8331,4529,8331,766,533
3015,3470,8332,4529,8332,766,533
3013,3470,8333,4529,8333,766,533
3012,3470,8334,4529,8334,766,533
3009,3470,8335,4529,8335,766,532
3010,3470,8336,4529,8336,766,532
3011,3470,8337,4529,8337,766,532
3007,3470,8338,4529,8338,766,532
3008,3470,8339,4529,8339,766,532
3008,3470,8340,4529,8340,766,532
3006,3470,8341,4529,8341,766,532
3005,3470,8342,4529,8342,766,532
3003,3470,8343,4529,8343,766,532
3004,3470,8344,4529,8344,766,532
3002,3470,8345,4529,8345,766,532
2998,3470,8346,4529,8346,766,531
2998,3470,8347,4529,8347,766,531
2998,3470,8348,4529,8348,766,531
2997,3470,8349,4529,8349,766,530
2997,3470,8350,4529,8350,766,530
2997,3470,8351,4529,8351,766,530
2998,3470,8352,4529,8352,766,530
2999,3470,8353,4529,8353,766,530
3000,3470,8354,4529,8354,766,530
3000,3470,8355,4529,8355,766,530
3001,3470,8356,4529,8356,766,530
3001,3470,8357,4529,8357,766,530
3001,3470,8358,4529,8358,766,530
3002,3470,8359,4529,8359,766,530
3003,3470,8360,4529,8360,766,530
3003,3470,8361,4529,8361,766,530
3004,3470,8362,4529,8362,766,530
3003,3470,8363,4529,8363,766,530
3004,3470,8364,4529,8364,766,530
3004,3470,8365,4529,8365,766,530
3004,3470,8366,4529,8366,766,530
3004,3470,8367,4529,8367,766,530
3004,3470,8368,4529,8368,766,530
3003,3470,8369,4529,8369,766,530
3004,3470,8370,4529,8370,766,530
3004,3470,8371,4529,8371,766,530
3003,3470,8372,4529,8372,766,530
3003,3470,8373,4529,8373,766,530
3003,3470,8374,4529,8374,766,530
3004,3470,8375,4529,8375,766,530
3005,3470,8376,4529,8376,766,530
3004,3470,8377,4529,8377,766,530
3003,3470,8378,4529,8378,766,530
3004,3470,8379,4529,8379,766,530
3002,3470,8380,4529,8380,766,530
3003,3470,8381,4529,8381,766,530
3002,3470,8382,4529,8382,766,530
3003,3470,8383,4529,8383,766,530
3001,3470,8384,4529,8384,766,530
3002,3470,8385,4529,8385,766,530
3002,3470,8386,4529,8386,766,530
3003,3470,8387,4529,8387,766,530
3003,3470,8388,4529,8388,766,530
3003,3470,8389,4529,8389,766,530
3002,3470,8390,4529,8390,766,530
2999,3470,8391,4529,8391,766,530
2999,3470,8392,4529,8392,766,530
2999,3470,8393,4529,8393,766,530
2999,3470,8394,4529,8394,766,530
2995,3470,8395,4529,8395,766,529
2995,3470,8396,4529,8396,766,529
2995,3470,8397,4529,8397,766,529
2993,3470,8398,4529,8398,766,529
2994,3470,8399,4529,8399,766,529
2995,3470,8400,4529,8400,766,529
2994,3470,8401,4529,8401,766,529
2995,3470,8402,4529,8402,766,529
2996,3470,8403,4529,8403,766,529
2992,3470,8404,4529,8404,766,528
2993,3470,8405,4529,8405,766,528
2991,3470,8406,4529,8406,766,528
2991,3470,8407,4529,8407,766,528
2988,3470,8408,4529,8408,766,528
2989,3470,8409,4529,8409,766,528
2987,3470,8410,4529,8410,766,528
2984,3470,8411,4529,8411,766,528
2983,3470,8412,4529,8412,766,527
2984,3470,8413,4529,8413,766,527
2984,3470,8414,4529,8414,766,527
2982,3470,8415,4529,8415,766,527
2979,3470,8416,4529,8416,766,526
2978,3470,8417,4529,8417,766,526
2972,3470,8418,4529,8418,766,525
2973,3470,8419,4529,8419,766,525
2973,3470,8420,4529,8420,766,525
2974,3470,8421,4529,8421,766,525
2975,3470,8422,4529,8422,766,525
2976,3470,8423,4529,8423,766,525
2975,3470,8424,4529,8424,766,525
2975,3470,8425,4529,8425,766,525
2975,3470,8426,4529,8426,766,525
2975,3470,8427,4529,8427,766,525
2976,3470,8428,4529,8428,766,525
2976,3470,8429,4529,8429,766,525
2977,3470,8430,4529,8430,766,525
2973,3470,8431,4529,8431,766,525
2974,3470,8432,4529,8432,766,525
2975,3470,8433,4529,8433,766,525
2976,3470,8434,4529,8434,766,525
2977,3470,8435,4529,8435,766,525
2978,3470,8436,4529,8436,766,525
2978,3470,8437,4529,8437,766,525
2978,3470,8438,4529,8438,766,525
2978,3470,8439,4529,8439,766,525
2978,3470,8440,4529,8440,766,525
2978,3470,8441,4529,8441,766,525
2978,3470,8442,4529,8442,766,525
2978,3470,8443,4529,8443,766,525
2978,3470,8444,4529,8444,766,525
2978,3470,8445,4529,8445,766,525
2978,3470,8446,4529,8446,766,525
2979,3470,8447,4529,8447,766,525
2979,3470,8448,4529,8448,766,525
2977,3470,8449,4529,8449,766,525
2977,3470,8450,4529,8450,766,525
2975,3470,8451,4529,8451,766,525
2976,3470,8452,4529,8452,766,525
2976,3470,8453,4529,8453,766,525
2977,3470,8454,4529,8454,766,525
2978,3470,8455,4529,8455,766,525
2979,3470,8456,4529,8456,766,525
2979,3470,8457,4529,8457,766,525
2978,3470,8458,4529,8458,766,525
2978,3470,8459,4529,8459,766,525
2977,3470,8460,4529,8460,766,525
2977,3470,8461,4529,8461,766,525
2977,3470,8462,4529,8462,766,525
2973,3470,8463,4529,8463,766,525
2973,3470,8464,4529,8464,766,525
2971,3470,8465,4529,8465,766,524
2971,3470,8466,4529,8466,766,524
2971,3470,8467,4529,8467,766,524
2970,3470,8468,4529,8468,766,524
2971,3470,8469,4529,8469,766,524
2972,3470,8470,4529,8470,766,524
2973,3470,8471,4529,8471,766,524
2973,3470,8472,4529,8472,766,524
2972,3470,8473,4529,8473,766,524
2970,3470,8474,4529,8474,766,524
2969,3470,8475,4529,8475,766,524
2969,3470,8476,4529,8476,766,524
2970,3470,8477,4529,8477,766,524
2970,3470,8478,4529,8478,766,524
2968,3470,8479,4529,8479,766,524
2968,3470,8480,4529,8480,766,524
2968,3470,8481,4529,8481,766,524
2966,3470,8482,4529,8482,766,524
2966,3470,8483,4529,8483,766,524
2966,3470,8484,4529,8484,766,524
2966,3470,8485,4529,8485,766,524
2967,3470,8486,4529,8486,766,524
2968,3470,8487,4529,8487,766,524
2968,3470,8488,4529,8488,766,524
2969,3470,8489,4529,8489,766,524
2968,3470,8490,4529,8490,766,524
2967,3470,8491,4529,8491,766,524
2968,3470,8492,4529,8492,766,524
2968,3470,8493,4529,8493,766,524
2969,3470,8494,4529,8494,766,524
2969,3470,8495,4529,8495,766,524
2969,3470,8496,4529,8496,766,524
2970,3470,8497,4529,8497,766,524
2969,3470,8498,4529,8498,766,524
2968,3470,8499,4529,8499,766,524
2969,3470,8500,4529,8500,766,524
2970,3470,8501,4529,8501,766,524
2969,3470,8502,4529,8502,766,524
2967,3470,8503,4529,8503,766,523
2967,3470,8504,4529,8504,766,523
2966,3470,8505,4529,8505,766,523
2963,3470,8506,4529,8506,766,523
2964,3470,8507,4529,8507,766,523
2963,3470,8508,4529,8508,766,523
2963,3470,8509,4529,8509,766,523
2964,3470,8510,4529,8510,766,523
2963,3470,8511,4529,8511,766,523
2961,3470,8512,4529,8512,766,523
2962,3470,8513,4529,8513,766,523
2962,3470,8514,4529,8514,766,523
2963,3470,8515,4529,8515,766,523
2964,3470,8516,4529,8516,766,523
2965,3470,8517,4529,8517,766,523
2965,3470,8518,4529,8518,766,523
2964,3470,8519,4529,8519,766,522
2965,3470,8520,4529,8520,766,522
2966,3470,8521,4529,8521,766,522
2966,3470,8522,4529,8522,766,522
2965,3470,8523,4529,8523,766,522
2966,3470,8524,4529,8524,766,522
2967,3470,8525,4529,8525,766,522
2968,3470,8526,4529,8526,766,522
2969,3470,8527,4529,8527,766,522
2970,3470,8528,4529,8528,766,522
2968,3470,8529,4529,8529,766,522
2969,3470,8530,4529,8530,766,522
2970,3470,8531,4529,8531,766,522
2969,3470,8532,4529,8532,766,522
2970,3470,8533,4529,8533,766,522
2968,3470,8534,4529,8534,766,522
2968,3470,8535,4529,8535,766,522
2969,3470,8536,4529,8536,766,522
2967,3470,8537,4529,8537,766,522
2967,3470,8538,4529,8538,766,522
2968,3470,8539,4529,8539,766,522
2966,3470,8540,4529,8540,766,521
2967,3470,8541,4529,8541,766,521
2965,3470,8542,4529,8542,766,521
2965,3470,8543,4529,8543,766,521
2966,3470,8544,4529,8544,766,521
2966,3470,8545,4529,8545,766,521
2967,3470,8546,4529,8546,766,521
2968,3470,8547,4529,8547,766,521
2969,3470,8548,4529,8548,766,521
2970,3470,8549,4529,8549,766,521
2969,3470,8550,4529,8550,766,521
2968,3470,8551,4529,8551,766,521
2968,3470,8552,4529,8552,766,521
2969,3470,8553,4529,8553,766,521
2969,3470,8554,4529,8554,766,521
2970,3470,8555,4529,8555,766,521
2971,3470,8556,4529,8556,766,521
2967,3470,8557,4529,8557,766,521
2964,3470,8558,4529,8558,766,521
2965,3470,8559,4529,8559,766,521
2965,3470,8560,4529,8560,766,521
2965,3470,8561,4529,8561,766,521
2966,3470,8562,4529,8562,766,521
2966,3470,8563,4529,8563,766,521
2965,3470,8564,4529,8564,766,521
2965,3470,8565,4529,8565,766,521
2965,3470,8566,4529,8566,766,521
2965,3470,8567,4529,8567,766,521
2966,3470,8568,4529,8568,766,521
2965,3470,8569,4529,8569,766,521
2965,3470,8570,4529,8570,766,521
2966,3470,8571,4529,8571,766,521
2967,3470,8572,4529,8572,766,521
2968,3470,8573,4529,8573,766,521
2967,3470,8574,4529,8574,766,521
2968,3470,8575,4529,8575,766,521
2969,3470,8576,4529,8576,766,521
2967,3470,8577,4529,8577,766,521
2968,3470,8578,4529,8578,766,521
2968,3470,8579,4529,8579,766,521
2969,3470,8580,4529,8580,766,521
2969,3470,8581,4529,8581,766,521
2968,3470,8582,4529,8582,766,521
2965,3470,8583,4529,8583,766,521
2961,3470,8584,4529,8584,766,521
2962,3470,8585,4529,8585,766,521
2962,3470,8586,4529,8586,766,521
2962,3470,8587,4529,8587,766,521
2962,3470,8588,4529,8588,766,521
2963,3470,8589,4529,8589,766,521
2963,3470,8590,4529,8590,766,521
2964,3470,8591,4529,8591,766,521
2965,3470,8592,4529,8592,766,521
2966,3470,8593,4529,8593,766,521
2967,3470,8594,4529,8594,766,521
2966,3470,8595,4529,8595,766,521
2962,3470,8596,4529,8596,766,519
2963,3470,8597,4529,8597,766,519
2963,3470,8598,4529,8598,766,519
2960,3470,8599,4529,8599,766,519
2960,3470,8600,4529,8600,766,519
2961,3470,8601,4529,8601,766,519
2959,3470,8602,4529,8602,766,519
2960,3470,8603,4529,8603,766,519
2961,3470,8604,4529,8604,766,519
2961,3470,8605,4529,8605,766,519
2962,3470,8606,4529,8606,766,519
2959,3470,8607,4529,8607,766,519
2959,3470,8608,4529,8608,766,519
2956,3470,8609,4529,8609,766,519
2955,3470,8610,4529,8610,766,519
2953,3470,8611,4529,8611,766,518
2952,3470,8612,4529,8612,766,517
2952,3470,8613,4529,8613,766,517
2952,3470,8614,4529,8614,766,517
2951,3470,8615,4529,8615,766,517
2948,3470,8616,4529,8616,766,516
2947,3470,8617,4529,8617,766,516
2943,3470,8618,4529,8618,766,514
2944,3470,8619,4529,8619,766,514
2944,3470,8620,4529,8620,766,514
2944,3470,8621,4529,8621,766,514
2945,3470,8622,4529,8622,766,514
2942,3470,8623,4529,8623,766,514
2938,3470,8624,4529,8624,766,514
2938,3470,8625,4529,8625,766,514
2938,3470,8626,4529,8626,766,514
2937,3470,8627,4529,8627,766,514
2938,3470,8628,4529,8628,766,514
2938,3470,8629,4529,8629,766,514
2937,3470,8630,4529,8630,766,514
2937,3470,8631,4529,8631,766,514
2936,3470,8632,4529,8632,766,513
2937,3470,8633,4529,8633,766,513
2938,3470,8634,4529,8634,766,513
2937,3470,8635,4529,8635,766,513
2935,3470,8636,4529,8636,766,512
2934,3470,8637,4529,8637,766,512
2932,3470,8638,4529,8638,766,512
2928,3470,8639,4529,8639,766,512
2928,3470,8640,4529,8640,766,512
2927,3470,8641,4529,8641,766,512
2925,3470,8642,4529,8642,766,512
2925,3470,8643,4529,8643,766,512
2925,3470,8644,4529,8644,766,512
2925,3470,8645,4529,8645,766,512
2924,3470,8646,4529,8646,766,512
2925,3470,8647,4529,8647,766,512
2924,3470,8648,4529,8648,766,512
2925,3470,8649,4529,8649,766,512
2924,3470,8650,4529,8650,766,512
2924,3470,8651,4529,8651,766,512
2925,3470,8652,4529,8652,766,512
2924,3470,8653,4529,8653,766,511
2925,3470,8654,4529,8654,766,511
2925,3470,8655,4529,8655,766,511
2925,3470,8656,4529,8656,766,511
2925,3470,8657,4529,8657,766,511
2923,3470,8658,4529,8658,766,511
2924,3470,8659,4529,8659,766,511
2925,3470,8660,4529,8660,766,511
2924,3470,8661,4529,8661,766,511
2924,3470,8662,4529,8662,766,511
2924,3470,8663,4529,8663,766,511
2923,3470,8664,4529,8664,766,511
2920,3470,8665,4529,8665,766,511
2920,3470,8666,4529,8666,766,511
2917,3470,8667,4529,8667,766,511
2918,3470,8668,4529,8668,766,511
2916,3470,8669,4529,8669,766,511
2916,3470,8670,4529,8670,766,511
2916,3470,8671,4529,8671,766,511
2916,3470,8672,4529,8672,766,511
2913,3470,8673,4529,8673,766,511
2914,3470,8674,4529,8674,766,511
2913,3470,8675,4529,8675,766,511
2914,3470,8676,4529,8676,766,511
2911,3470,8677,4529,8677,766,511
2906,3470,8678,4529,8678,766,510
2905,3470,8679,4529,8679,766,510
2904,3470,8680,4529,8680,766,510
2904,3470,8681,4529,8681,766,510
2904,3470,8682,4529,8682,766,510
2905,3470,8683,4529,8683,766,510
2904,3470,8684,4529,8684,766,510
2905,3470,8685,4529,8685,766,510
2905,3470,8686,4529,8686,766,510
2906,3470,8687,4529,8687,766,510
2905,3470,8688,4529,8688,766,509
2906,3470,8689,4529,8689,766,509
2907,3470,8690,4529,8690,766,509
2907,3470,8691,4529,8691,766,509
2907,3470,8692,4529,8692,766,509
2908,3470,8693,4529,8693,766,509
2909,3470,8694,4529,8694,766,509
2909,3470,8695,4529,8695,766,509
2908,3470,8696,4529,8696,766,509
2909,3470,8697,4529,8697,766,509
2910,3470,8698,4529,8698,766,509
2911,3470,8699,4529,8699,766,509
2911,3470,8700,4529,8700,766,509
2911,3470,8701,4529,8701,766,509
2909,3470,8702,4529,8702,766,509
2909,3470,8703,4529,8703,766,509
2910,3470,8704,4529,8704,766,509
2911,3470,8705,4529,8705,766,509
2912,3470,8706,4529,8706,766,509
2912,3470,8707,4529,8707,766,509
2912,3470,8708,4529,8708,766,509
2913,3470,8709,4529,8709,766,509
2911,3470,8710,4529,8710,766,509
2908,3470,8711,4529,8711,766,508
2909,3470,8712,4529,8712,766,508
2909,3470,8713,4529,8713,766,508
2908,3470,8714,4529,8714,766,508
2909,3470,8715,4529,8715,766,508
2910,3470,8716,4529,8716,766,508
2910,3470,8717,4529,8717,766,508
2903,3470,8718,4529,8718,766,508
2904,3470,8719,4529,8719,766,508
2904,3470,8720,4529,8720,766,508
2904,3470,8721,4529,8721,766,508
2904,3470,8722,4529,8722,766,508
2900,3470,8723,4529,8723,766,508
2899,3470,8724,4529,8724,766,508
2900,3470,8725,4529,8725,766,508
2901,3470,8726,4529,8726,766,508
2902,3470,8727,4529,8727,766,508
2903,3470,8728,4529,8728,766,508
2904,3470,8729,4529,8729,766,508
2904,3470,8730,4529,8730,766,508
2903,3470,8731,4529,8731,766,508
2903,3470,8732,4529,8732,766,508
2899,3470,8733,4529,8733,766,507
2899,3470,8734,4529,8734,766,507
2898,3470,8735,4529,8735,766,507
2898,3470,8736,4529,8736,766,507
2899,3470,8737,4529,8737,766,507
2900,3470,8738,4529,8738,766,507
2900,3470,8739,4529,8739,766,507
2898,3470,8740,4529,8740,766,507
2895,3470,8741,4529,8741,766,507
2896,3470,8742,4529,8742,766,507
2895,3470,8743,4529,8743,766,507
2896,3470,8744,4529,8744,766,507
2894,3470,8745,4529,8745,766,507
2893,3470,8746,4529,8746,766,507
2893,3470,8747,4529,8747,766,507
2894,3470,8748,4529,8748,766,507
2895,3470,8749,4529,8749,766,507
2895,3470,8750,4529,8750,766,507
2896,3470,8751,4529,8751,766,507
2896,3470,8752,4529,8752,766,507
2896,3470,8753,4529,8753,766,507
2895,3470,8754,4529,8754,766,507
2893,3470,8755,4529,8755,766,507
2893,3470,8756,4529,8756,766,507
2893,3470,8757,4529,8757,766,507
2893,3470,8758,4529,8758,766,507
2893,3470,8759,4529,8759,766,507
2894,3470,8760,4529,8760,766,507
2895,3470,8761,4529,8761,766,507
2896,3470,8762,4529,8762,766,507
2896,3470,8763,4529,8763,766,507
2897,3470,8764,4529,8764,766,507
2895,3470,8765,4529,8765,766,507
2894,3470,8766,4529,8766,766,507
2894,3470,8767,4529,8767,766,507
2894,3470,8768,4529,8768,766,507
2895,3470,8769,4529,8769,766,507
2896,3470,8770,4529,8770,766,507
2896,3470,8771,4529,8771,766,507
2894,3470,8772,4529,8772,766,507
2895,3470,8773,4529,8773,766,507
2896,3470,8774,4529,8774,766,507
2891,3470,8775,4529,8775,766,506
2892,3470,8776,4529,8776,766,506
2889,3470,8777,4529,8777,766,506
2887,3470,8778,4529,8778,766,506
2888,3470,8779,4529,8779,766,506
2888,3470,8780,4529,8780,766,506
2888,3470,8781,4529,8781,766,506
2888,3470,8782,4529,8782,766,506
2886,3470,8783,4529,8783,766,506
2887,3470,8784,4529,8784,766,506
2888,3470,8785,4529,8785,766,506
2889,3470,8786,4529,8786,766,506
2886,3470,8787,4529,8787,766,506
2886,3470,8788,4529,8788,766,506
2886,3470,8789,4529,8789,766,506
2887,3470,8790,4529,8790,766,506
2888,3470,8791,4529,8791,766,506
2889,3470,8792,4529,8792,766,506
2889,3470,8793,4529,8793,766,506
2889,3470,8794,4529,8794,766,506
2890,3470,8795,4529,8795,766,506
2890,3470,8796,4529,8796,766,506
2890,3470,8797,4529,8797,766,506
2891,3470,8798,4529,8798,766,506
2890,3470,8799,4529,8799,766,506
2891,3470,8800,4529,8800,766,506
2891,3470,8801,4529,8801,766,506
2889,3470,8802,4529,8802,766,506
2889,3470,8803,4529,8803,766,506
2890,3470,8804,4529,8804,766,506
2888,3470,8805,4529,8805,766,506
2889,3470,8806,4529,8806,766,506
2890,3470,8807,4529,8807,766,506
2891,3470,8808,4529,8808,766,506
2892,3470,8809,4529,8809,766,506
2893,3470,8810,4529,8810,766,506
2891,3470,8811,4529,8811,766,506
2889,3470,8812,4529,8812,766,506
2890,3470,8813,4529,8813,766,506
2887,3470,8814,4529,8814,766,505
2888,3470,8815,4529,8815,766,505
2888,3470,8816,4529,8816,766,505
2888,3470,8817,4529,8817,766,505
2886,3470,8818,4529,8818,766,504
2887,3470,8819,4529,8819,766,504
2887,3470,8820,4529,8820,766,504
2887,3470,8821,4529,8821,766,504
2887,3470,8822,4529,8822,766,504
2885,3470,8823,4529,8823,766,504
2886,3470,8824,4529,8824,766,504
2887,3470,8825,4529,8825,766,504
2887,3470,8826,4529,8826,766,504
2888,3470,8827,4529,8827,766,504
2889,3470,8828,4529,8828,766,504
2887,3470,8829,4529,8829,766,504
2887,3470,8830,4529,8830,766,504
2887,3470,8831,4529,8831,766,504
2887,3470,8832,4529,8832,766,504
2888,3470,8833,4529,8833,766,504
2888,3470,8834,4529,8834,766,504
2889,3470,8835,4529,8835,766,504
2890,3470,8836,4529,8836,766,504
2891,3470,8837,4529,8837,766,504
2889,3470,8838,4529,8838,766,504
2890,3470,8839,4529,8839,766,504
2890,3470,8840,4529,8840,766,504
2888,3470,8841,4529,8841,766,504
2889,3470,8842,4529,8842,766,504
2888,3470,8843,4529,8843,766,504
2889,3470,8844,4529,8844,766,504
2889,3470,8845,4529,8845,766,504
2888,3470,8846,4529,8846,766,504
2888,3470,8847,4529,8847,766,504
2889,3470,8848,4529,8848,766,504
2887,3470,8849,4529,8849,766,504
2887,3470,8850,4529,8850,766,504
2885,3470,8851,4529,8851,766,503
2886,3470,8852,4529,8852,766,503
2887,3470,8853,4529,8853,766,503
2888,3470,8854,4529,8854,766,503
2888,3470,8855,4529,8855,766,503
2887,3470,8856,4529,8856,766,503
2886,3470,8857,4529,8857,766,503
2886,3470,8858,4529,8858,766,503
2885,3470,8859,4529,8859,766,503
2885,3470,8860,4529,8860,766,503
2884,3470,8861,4529,8861,766,503
2885,3470,8862,4529,8862,766,503
2886,3470,8863,4529,8863,766,503
2886,3470,8864,4529,8864,766,503
2884,3470,8865,4529,8865,766,503
2885,3470,8866,4529,8866,766,503
2884,3470,8867,4529,8867,766,503
2884,3470,8868,4529,8868,766,503
2884,3470,8869,4529,8869,766,503
2880,3470,8870,4529,8870,766,503
2880,3470,8871,4529,8871,766,503
2880,3470,8872,4529,8872,766,503
2881,3470,8873,4529,8873,766,503
2882,3470,8874,4529,8874,766,503
2881,3470,8875,4529,8875,766,503
2880,3470,8876,4529,8876,766,503
2880,3470,8877,4529,8877,766,503
2881,3470,8878,4529,8878,766,503
2880,3470,8879,4529,8879,766,503
2879,3470,8880,4529,8880,766,503
2879,3470,8881,4529,8881,766,503
2880,3470,8882,4529,8882,766,503
2880,3470,8883,4529,8883,766,503
2876,3470,8884,4529,8884,766,503
2876,3470,8885,4529,8885,766,503
2871,3470,8886,4529,8886,766,503
2871,3470,8887,4529,8887,766,503
2872,3470,8888,4529,8888,766,503
2870,3470,8889,4529,8889,766,502
2870,3470,8890,4529,8890,766,502
2867,3470,8891,4529,8891,766,502
2866,3470,8892,4529,8892,766,502
2865,3470,8893,4529,8893,766,502
2866,3470,8894,4529,8894,766,502
2866,3470,8895,4529,8895,766,502
2866,3470,8896,4529,8896,766,502
2862,3470,8897,4529,8897,766,500
2861,3470,8898,4529,8898,766,500
2862,3470,8899,4529,8899,766,500
2862,3470,8900,4529,8900,766,500
2859,3470,8901,4529,8901,766,499
2860,3470,8902,4529,8902,766,499
2860,3470,8903,4529,8903,766,499
2861,3470,8904,4529,8904,766,499
2861,3470,8905,4529,8905,766,499
2861,3470,8906,4529,8906,766,499
2862,3470,8907,4529,8907,766,499
2863,3470,8908,4529,8908,766,499
2863,3470,8909,4529,8909,766,499
2862,3470,8910,4529,8910,766,499
2860,3470,8911,4529,8911,766,499
2861,3470,8912,4529,8912,766,499
2862,3470,8913,4529,8913,766,499
2861,3470,8914,4529,8914,766,499
2862,3470,8915,4529,8915,766,499
2863,3470,8916,4529,8916,766,499
2863,3470,8917,4529,8917,766,499
2863,3470,8918,4529,8918,766,499
2864,3470,8919,4529,8919,766,499
2864,3470,8920,4529,8920,766,499
2862,3470,8921,4529,8921,766,499
2863,3470,8922,4529,8922,766,499
2863,3470,8923,4529,8923,766,499
2863,3470,8924,4529,8924,766,499
2864,3470,8925,4529,8925,766,499
2864,3470,8926,4529,8926,766,499
2864,3470,8927,4529,8927,766,499
2864,3470,8928,4529,8928,766,499
2865,3470,8929,4529,8929,766,499
2866,3470,8930,4529,8930,766,499
2866,3470,8931,4529,8931,766,499
2866,3470,8932,4529,8932,766,499
2865,3470,8933,4529,8933,766,499
2865,3470,8934,4529,8934,766,499
2866,3470,8935,4529,8935,766,499
2867,3470,8936,4529,8936,766,499
2867,3470,8937,4529,8937,766,499
2867,3470,8938,4529,8938,766,499
2867,3470,8939,4529,8939,766,499
2864,3470,8940,4529,8940,766,499
2861,3470,8941,4529,8941,766,498
2862,3470,8942,4529,8942,766,498
2862,3470,8943,4529,8943,766,498
2860,3470,8944,4529,8944,766,498
2858,3470,8945,4529,8945,766,497
2854,3470,8946,4529,8946,766,493
2854,3470,8947,4529,8947,766,493
2854,3470,8948,4529,8948,766,493
2855,3470,8949,4529,8949,766,493
2856,3470,8950,4529,8950,766,493
2855,3470,8951,4529,8951,766,493
2852,3470,8952,4529,8952,766,492
2852,3470,8953,4529,8953,766,492
2852,3470,8954,4529,8954,766,492
2853,3470,8955,4529,8955,766,492
2853,3470,8956,4529,8956,766,492
2849,3470,8957,4529,8957,766,491
2850,3470,8958,4529,8958,766,491
2851,3470,8959,4529,8959,766,491
2852,3470,8960,4529,8960,766,491
2853,3470,8961,4529,8961,766,491
2854,3470,8962,4529,8962,766,491
2855,3470,8963,4529,8963,766,491
2854,3470,8964,4529,8964,766,491
2852,3470,8965,4529,8965,766,491
2852,3470,8966,4529,8966,766,491
2851,3470,8967,4529,8967,766,490
2851,3470,8968,4529,8968,766,490
2852,3470,8969,4529,8969,766,490
2852,3470,8970,4529,8970,766,490
2853,3470,8971,4529,8971,766,490
2853,3470,8972,4529,8972,766,490
2853,3470,8973,4529,8973,766,490
2854,3470,8974,4529,8974,766,490
2855,3470,8975,4529,8975,766,490
2855,3470,8976,4529,8976,766,490
2853,3470,8977,4529,8977,766,489
2853,3470,8978,4529,8978,766,489
2854,3470,8979,4529,8979,766,489
2855,3470,8980,4529,8980,766,489
2855,3470,8981,4529,8981,766,489
2856,3470,8982,4529,8982,766,489
2857,3470,8983,4529,8983,766,489
2856,3470,8984,4529,8984,766,489
2856,3470,8985,4529,8985,766,489
2856,3470,8986,4529,8986,766,489
2856,3470,8987,4529,8987,766,489
2856,3470,8988,4529,8988,766,489
2857,3470,8989,4529,8989,766,489
2857,3470,8990,4529,8990,766,489
2857,3470,8991,4529,8991,766,489
2857,3470,8992,4529,8992,766,489
2858,3470,8993,4529,8993,766,489
2856,3470,8994,4529,8994,766,489
2855,3470,8995,4529,8995,766,489
2855,3470,8996,4529,8996,766,489
2855,3470,8997,4529,8997,766,489
2855,3470,8998,4529,8998,766,489
2855,3470,8999,4529,8999,766,489
2855,3470,9000,4529,9000,766,489
2856,3470,9001,4529,9001,766,489
2857,3470,9002,4529,9002,766,489
2858,3470,9003,4529,9003,766,489
2859,3470,9004,4529,9004,766,489
2860,3470,9005,4529,9005,766,489
2860,3470,9006,4529,9006,766,489
2858,3470,9007,4529,9007,766,488
2858,3470,9008,4529,9008,766,488
2858,3470,9009,4529,9009,766,488
2859,3470,9010,4529,9010,766,488
2860,3470,9011,4529,9011,766,488
2861,3470,9012,4529,9012,766,488
2858,3470,9013,4529,9013,766,487
2858,3470,9014,4529,9014,766,487
2859,3470,9015,4529,9015,766,487
2860,3470,9016,4529,9016,766,487
2861,3470,9017,4529,9017,766,487
2861,3470,9018,4529,9018,766,487
2861,3470,9019,4529,9019,766,487
2862,3470,9020,4529,9020,766,487
2862,3470,9021,4529,9021,766,487
2863,3470,9022,4529,9022,766,487
2863,3470,9023,4529,9023,766,487
2862,3470,9024,4529,9024,766,487
2862,3470,9025,4529,9025,766,487
2863,3470,9026,4529,9026,766,487
2864,3470,9027,4529,9027,766,487
2865,3470,9028,4529,9028,766,487
2862,3470,9029,4529,9029,766,487
2863,3470,9030,4529,9030,766,487
2863,3470,9031,4529,9031,766,487
2863,3470,9032,4529,9032,766,487
2860,3470,9033,4529,9033,766,485
2861,3470,9034,4529,9034,766,485
2861,3470,9035,4529,9035,766,485
2861,3470,9036,4529,9036,766,485
2861,3470,9037,4529,9037,766,485
2861,3470,9038,4529,9038,766,485
2859,3470,9039,4529,9039,766,485
2860,3470,9040,4529,9040,766,485
2861,3470,9041,4529,9041,766,485
2862,3470,9042,4529,9042,766,485
2859,3470,9043,4529,9043,766,485
2860,3470,9044,4529,9044,766,485
2860,3470,9045,4529,9045,766,485
2860,3470,9046,4529,9046,766,485
2859,3470,9047,4529,9047,766,485
2859,3470,9048,4529,9048,766,485
2859,3470,9049,4529,9049,766,485
2860,3470,9050,4529,9050,766,485
2860,3470,9051,4529,9051,766,485
2859,3470,9052,4529,9052,766,485
2858,3470,9053,4529,9053,766,485
2858,3470,9054,4529,9054,766,485
2859,3470,9055,4529,9055,766,485
2859,3470,9056,4529,9056,766,485
2860,3470,9057,4529,9057,766,485
2859,3470,9058,4529,9058,766,485
2860,3470,9059,4529,9059,766,485
2861,3470,9060,4529,9060,766,485
2862,3470,9061,4529,9061,766,485
2862,3470,9062,4529,9062,766,485
2862,3470,9063,4529,9063,766,485
2861,3470,9064,4529,9064,766,485
2862,3470,9065,4529,9065,766,485
2863,3470,9066,4529,9066,766,485
2863,3470,9067,4529,9067,766,485
2864,3470,9068,4529,9068,766,485
2864,3470,9069,4529,9069,766,485
2864,3470,9070,4529,9070,766,485
2864,3470,9071,4529,9071,766,485
2863,3470,9072,4529,9072,766,485
2863,3470,9073,4529,9073,766,485
2863,3470,9074,4529,9074,766,485
2862,3470,9075,4529,9075,766,485
2863,3470,9076,4529,9076,766,485
2863,3470,9077,4529,9077,766,485
2863,3470,9078,4529,9078,766,485
2863,3470,9079,4529,9079,766,485
2864,3470,9080,4529,9080,766,485
2862,3470,9081,4529,9081,766,485
2863,3470,9082,4529,9082,766,485
2864,3470,9083,4529,9083,766,485
2860,3470,9084,4529,9084,766,485
2857,3470,9085,4529,9085,766,482
2856,3470,9086,4529,9086,766,482
2857,3470,9087,4529,9087,766,482
2856,3470,9088,4529,9088,766,482
2856,3470,9089,4529,9089,766,482
2856,3470,9090,4529,9090,766,482
2853,3470,9091,4529,9091,766,482
2853,3470,9092,4529,9092,766,482
2851,3470,9093,4529,9093,766,482
2850,3470,9094,4529,9094,766,481
2850,3470,9095,4529,9095,766,481
2851,3470,9096,4529,9096,766,481
2851,3470,9097,4529,9097,766,481
2852,3470,9098,4529,9098,766,481
2851,3470,9099,4529,9099,766,481
2847,3470,9100,4529,9100,766,480
2847,3470,9101,4529,9101,766,480
2846,3470,9102,4529,9102,766,480
2846,3470,9103,4529,9103,766,480
2845,3470,9104,4529,9104,766,480
2840,3470,9105,4529,9105,766,479
2840,3470,9106,4529,9106,766,479
2840,3470,9107,4529,9107,766,479
2841,3470,9108,4529,9108,766,479
2837,3470,9109,4529,9109,766,476
2836,3470,9110,4529,9110,766,476
2836,3470,9111,4529,9111,766,476
2837,3470,9112,4529,9112,766,476
2837,3470,9113,4529,9113,766,476
2837,3470,9114,4529,9114,766,476
2837,3470,9115,4529,9115,766,476
2834,3470,9116,4529,9116,766,476
2832,3470,9117,4529,9117,766,475
2830,3470,9118,4529,9118,766,475
2830,3470,9119,4529,9119,766,475
2830,3470,9120,4529,9120,766,475
2831,3470,9121,4529,9121,766,475
2829,3470,9122,4529,9122,766,475
2829,3470,9123,4529,9123,766,475
2830,3470,9124,4529,9124,766,475
2830,3470,9125,4529,9125,766,475
2828,3470,9126,4529,9126,766,475
2829,3470,9127,4529,9127,766,475
2830,3470,9128,4529,9128,766,475
2829,3470,9129,4529,9129,766,475
2830,3470,9130,4529,9130,766,475
2830,3470,9131,4529,9131,766,475
2831,3470,9132,4529,9132,766,475
2832,3470,9133,4529,9133,766,475
2832,3470,9134,4529,9134,766,475
2832,3470,9135,4529,9135,766,475
2833,3470,9136,4529,9136,766,475
2832,3470,9137,4529,9137,766,475
2832,3470,9138,4529,9138,766,475
2832,3470,9139,4529,9139,766,475
2832,3470,9140,4529,9140,766,475
2833,3470,9141,4529,9141,766,475
2833,3470,9142,4529,9142,766,475
2829,3470,9143,4529,9143,766,475
2830,3470,9144,4529,9144,766,475
2827,3470,9145,4529,9145,766,475
2828,3470,9146,4529,9146,766,475
2827,3470,9147,4529,9147,766,475
2826,3470,9148,4529,9148,766,475
2827,3470,9149,4529,9149,766,475
2826,3470,9150,4529,9150,766,475
2825,3470,9151,4529,9151,766,475
2824,3470,9152,4529,9152,766,475
2819,3470,9153,4529,9153,766,474
2820,3470,9154,4529,9154,766,474
2821,3470,9155,4529,9155,766,474
2822,3470,9156,4529,9156,766,474
2823,3470,9157,4529,9157,766,474
2822,3470,9158,4529,9158,766,474
2821,3470,9159,4529,9159,766,474
2816,3470,9160,4529,9160,766,473
2817,3470,9161,4529,9161,766,473
2818,3470,9162,4529,9162,766,473
2818,3470,9163,4529,9163,766,473
2815,3470,9164,4529,9164,766,473
2816,3470,9165,4529,9165,766,473
2816,3470,9166,4529,9166,766,473
2816,3470,9167,4529,9167,766,473
2816,3470,9168,4529,9168,766,473
2813,3470,9169,4529,9169,766,473
2810,3470,9170,4529,9170,766,473
2811,3470,9171,4529,9171,766,473
2811,3470,9172,4529,9172,766,473
2809,3470,9173,4529,9173,766,473
2809,3470,9174,4529,9174,766,473
2807,3470,9175,4529,9175,766,473
2808,3470,9176,4529,9176,766,473
2807,3470,9177,4529,9177,766,473
2808,3470,9178,4529,9178,766,473
2809,3470,9179,4529,9179,766,473
2809,3470,9180,4529,9180,766,473
2808,3470,9181,4529,9181,766,473
2809,3470,9182,4529,9182,766,473
2807,3470,9183,4529,9183,766,473
2805,3470,9184,4529,9184,766,473
2805,3470,9185,4529,9185,766,473
2806,3470,9186,4529,9186,766,473
2805,3470,9187,4529,9187,766,473
2802,3470,9188,4529,9188,766,473
2802,3470,9189,4529,9189,766,473
2802,3470,9190,4529,9190,766,473
2803,3470,9191,4529,9191,766,473
2804,3470,9192,4529,9192,766,473
2804,3470,9193,4529,9193,766,473
2804,3470,9194,4529,9194,766,473
2801,3470,9195,4529,9195,766,473
2801,3470,9196,4529,9196,766,473
2802,3470,9197,4529,9197,766,473
2799,3470,9198,4529,9198,766,473
2800,3470,9199,4529,9199,766,473
2799,3470,9200,4529,9200,766,473
2800,3470,9201,4529,9201,766,473
2799,3470,9202,4529,9202,766,473
2797,3470,9203,4529,9203,766,473
2796,3470,9204,4529,9204,766,473
2796,3470,9205,4529,9205,766,473
2797,3470,9206,4529,9206,766,473
2797,3470,9207,4529,9207,766,473
2797,3470,9208,4529,9208,766,473
2798,3470,9209,4529,9209,766,473
2798,3470,9210,4529,9210,766,473
2797,3470,9211,4529,9211,766,473
2797,3470,9212,4529,9212,766,473
2796,3470,9213,4529,9213,766,473
2796,3470,9214,4529,9214,766,473
2796,3470,9215,4529,9215,766,473
2795,3470,9216,4529,9216,766,473
2796,3470,9217,4529,9217,766,473
2795,3470,9218,4529,9218,766,473
2796,3470,9219,4529,9219,766,473
2795,3470,9220,4529,9220,766,473
2795,3470,9221,4529,9221,766,473
2796,3470,9222,4529,9222,766,473
2797,3470,9223,4529,9223,766,473
2798,3470,9224,4529,9224,766,473
2798,3470,9225,4529,9225,766,473
2799,3470,9226,4529,9226,766,473
2797,3470,9227,4529,9227,766,472
2797,3470,9228,4529,9228,766,472
2795,3470,9229,4529,9229,766,472
2793,3470,9230,4529,9230,766,471
2793,3470,9231,4529,9231,766,471
2793,3470,9232,4529,9232,766,471
2792,3470,9233,4529,9233,766,471
2792,3470,9234,4529,9234,766,471
2792,3470,9235,4529,9235,766,471
2793,3470,9236,4529,9236,766,471
2793,3470,9237,4529,9237,766,471
2789,3470,9238,4529,9238,766,471
2789,3470,9239,4529,9239,766,471
2789,3470,9240,4529,9240,766,471
2788,3470,9241,4529,9241,766,471
2789,3470,9242,4529,9242,766,471
2788,3470,9243,4529,9243,766,471
2788,3470,9244,4529,9244,766,471
2787,3470,9245,4529,9245,766,470
2787,3470,9246,4529,9246,766,470
2787,3470,9247,4529,9247,766,470
2788,3470,9248,4529,9248,766,470
2789,3470,9249,4529,9249,766,470
2789,3470,9250,4529,9250,766,470
2790,3470,9251,4529,9251,766,470
2790,3470,9252,4529,9252,766,470
2790,3470,9253,4529,9253,766,470
2791,3470,9254,4529,9254,766,470
2792,3470,9255,4529,9255,766,470
2793,3470,9256,4529,9256,766,470
2794,3470,9257,4529,9257,766,470
2795,3470,9258,4529,9258,766,470
2794,3470,9259,4529,9259,766,470
2794,3470,9260,4529,9260,766,470
2795,3470,9261,4529,9261,766,470
2795,3470,9262,4529,9262,766,470
2792,3470,9263,4529,9263,766,469
2792,3470,9264,4529,9264,766,469
2791,3470,9265,4529,9265,766,469
2791,3470,9266,4529,9266,766,469
2791,3470,9267,4529,9267,766,469
2792,3470,9268,4529,9268,766,469
2791,3470,9269,4529,9269,766,469
2789,3470,9270,4529,9270,766,469
2788,3470,9271,4529,9271,766,469
2789,3470,9272,4529,9272,766,469
2789,3470,9273,4529,9273,766,469
2789,3470,9274,4529,9274,766,469
2789,3470,9275,4529,9275,766,469
2789,3470,9276,4529,9276,766,469
2790,3470,9277,4529,9277,766,469
2790,3470,9278,4529,9278,766,469
2791,3470,9279,4529,9279,766,469
2791,3470,9280,4529,9280,766,469
2792,3470,9281,4529,9281,766,469
2792,3470,9282,4529,9282,766,469
2791,3470,9283,4529,9283,766,469
2792,3470,9284,4529,9284,766,469
2791,3470,9285,4529,9285,766,469
2791,3470,9286,4529,9286,766,469
2792,3470,9287,4529,9287,766,469
2789,3470,9288,4529,9288,766,466
2786,3470,9289,4529,9289,766,465
2785,3470,9290,4529,9290,766,465
2780,3470,9291,4529,9291,766,464
2780,3470,9292,4529,9292,766,464
2781,3470,9293,4529,9293,766,464
2780,3470,9294,4529,9294,766,464
2777,3470,9295,4529,9295,766,464
2778,3470,9296,4529,9296,766,464
2778,3470,9297,4529,9297,766,464
2777,3470,9298,4529,9298,766,464
2776,3470,9299,4529,9299,766,464
2776,3470,9300,4529,9300,766,464
2774,3470,9301,4529,9301,766,463
2772,3470,9302,4529,9302,766,462
2771,3470,9303,4529,9303,766,462
2767,3470,9304,4529,9304,766,461
2766,3470,9305,4529,9305,766,461
2766,3470,9306,4529,9306,766,461
2766,3470,9307,4529,9307,766,461
2766,3470,9308,4529,9308,766,461
2766,3470,9309,4529,9309,766,461
2761,3470,9310,4529,9310,766,460
2762,3470,9311,4529,9311,766,460
2763,3470,9312,4529,9312,766,460
2763,3470,9313,4529,9313,766,460
2764,3470,9314,4529,9314,766,460
2765,3470,9315,4529,9315,766,460
2765,3470,9316,4529,9316,766,460
2763,3470,9317,4529,9317,766,459
2763,3470,9318,4529,9318,766,459
2763,3470,9319,4529,9319,766,459
2763,3470,9320,4529,9320,766,459
2763,3470,9321,4529,9321,766,459
2763,3470,9322,4529,9322,766,459
2763,3470,9323,4529,9323,766,459
2764,3470,9324,4529,9324,766,459
2764,3470,9325,4529,9325,766,459
2764,3470,9326,4529,9326,766,459
2763,3470,9327,4529,9327,766,459
2764,3470,9328,4529,9328,766,459
2764,3470,9329,4529,9329,766,459
2763,3470,9330,4529,9330,766,458
2763,3470,9331,4529,9331,766,458
2763,3470,9332,4529,9332,766,458
2763,3470,9333,4529,9333,766,458
2763,3470,9334,4529,9334,766,458
2763,3470,9335,4529,9335,766,458
2763,3470,9336,4529,9336,766,458
2761,3470,9337,4529,9337,766,458
2761,3470,9338,4529,9338,766,458
2761,3470,9339,4529,9339,766,458
2761,3470,9340,4529,9340,766,458
2761,3470,9341,4529,9341,766,458
2760,3470,9342,4529,9342,766,458
2760,3470,9343,4529,9343,766,458
2758,3470,9344,4529,9344,766,458
2759,3470,9345,4529,9345,766,458
2760,3470,9346,4529,9346,766,458
2758,3470,9347,4529,9347,766,458
2759,3470,9348,4529,9348,766,458
2759,3470,9349,4529,9349,766,458
2759,3470,9350,4529,9350,766,458
2759,3470,9351,4529,9351,766,458
2759,3470,9352,4529,9352,766,458
2759,3470,9353,4529,9353,766,458
2757,3470,9354,4529,9354,766,458
2757,3470,9355,4529,9355,766,458
2758,3470,9356,4529,9356,766,458
2757,3470,9357,4529,9357,766,458
2757,3470,9358,4529,9358,766,458
2756,3470,9359,4529,9359,766,457
2756,3470,9360,4529,9360,766,457
2756,3470,9361,4529,9361,766,457
2755,3470,9362,4529,9362,766,457
2755,3470,9363,4529,9363,766,457
2753,3470,9364,4529,9364,766,457
2753,3470,9365,4529,9365,766,457
2752,3470,9366,4529,9366,766,457
2752,3470,9367,4529,9367,766,457
2753,3470,9368,4529,9368,766,457
2751,3470,9369,4529,9369,766,457
2752,3470,9370,4529,9370,766,457
2753,3470,9371,4529,9371,766,457
2753,3470,9372,4529,9372,766,457
2753,3470,9373,4529,9373,766,457
2753,3470,9374,4529,9374,766,457
2753,3470,9375,4529,9375,766,457
2752,3470,9376,4529,9376,766,457
2752,3470,9377,4529,9377,766,457
2752,3470,9378,4529,9378,766,457
2753,3470,9379,4529,9379,766,457
2753,3470,9380,4529,9380,766,457
2754,3470,9381,4529,9381,766,457
2755,3470,9382,4529,9382,766,457
2750,3470,9383,4529,9383,766,457
2748,3470,9384,4529,9384,766,457
2748,3470,9385,4529,9385,766,457
2748,3470,9386,4529,9386,766,457
2744,3470,9387,4529,9387,766,457
2744,3470,9388,4529,9388,766,457
2745,3470,9389,4529,9389,766,457
2745,3470,9390,4529,9390,766,457
2745,3470,9391,4529,9391,766,457
2746,3470,9392,4529,9392,766,457
2742,3470,9393,4529,9393,766,457
2742,3470,9394,4529,9394,766,457
2742,3470,9395,4529,9395,766,457
2742,3470,9396,4529,9396,766,457
2742,3470,9397,4529,9397,766,457
2741,3470,9398,4529,9398,766,457
2741,3470,9399,4529,9399,766,457
2740,3470,9400,4529,9400,766,457
2740,3470,9401,4529,9401,766,457
2741,3470,9402,4529,9402,766,457
2740,3470,9403,4529,9403,766,457
2736,3470,9404,4529,9404,766,454
2737,3470,9405,4529,9405,766,454
2738,3470,9406,4529,9406,766,454
2739,3470,9407,4529,9407,766,454
2740,3470,9408,4529,9408,766,454
2739,3470,9409,4529,9409,766,454
2740,3470,9410,4529,9410,766,454
2737,3470,9411,4529,9411,766,454
2737,3470,9412,4529,9412,766,454
2737,3470,9413,4529,9413,766,454
2738,3470,9414,4529,9414,766,454
2738,3470,9415,4529,9415,766,454
2738,3470,9416,4529,9416,766,454
2739,3470,9417,4529,9417,766,454
2736,3470,9418,4529,9418,766,454
2737,3470,9419,4529,9419,766,454
2737,3470,9420,4529,9420,766,454
2738,3470,9421,4529,9421,766,454
2738,3470,9422,4529,9422,766,454
2739,3470,9423,4529,9423,766,454
2740,3470,9424,4529,9424,766,454
2739,3470,9425,4529,9425,766,454
2740,3470,9426,4529,9426,766,454
2739,3470,9427,4529,9427,766,454
2739,3470,9428,4529,9428,766,454
2737,3470,9429,4529,9429,766,454
2738,3470,9430,4529,9430,766,454
2736,3470,9431,4529,9431,766,454
2736,3470,9432,4529,9432,766,454
2736,3470,9433,4529,9433,766,454
2737,3470,9434,4529,9434,766,454
2736,3470,9435,4529,9435,766,454
2734,3470,9436,4529,9436,766,454
2735,3470,9437,4529,9437,766,454
2734,3470,9438,4529,9438,766,454
2735,3470,9439,4529,9439,766,454
2734,3470,9440,4529,9440,766,454
2734,3470,9441,4529,9441,766,454
2735,3470,9442,4529,9442,766,454
2736,3470,9443,4529,9443,766,454
2736,3470,9444,4529,9444,766,454
2737,3470,9445,4529,9445,766,454
2738,3470,9446,4529,9446,766,454
2738,3470,9447,4529,9447,766,454
2739,3470,9448,4529,9448,766,454
2739,3470,9449,4529,9449,766,454
2739,3470,9450,4529,9450,766,454
2740,3470,9451,4529,9451,766,454
2740,3470,9452,4529,9452,766,454
2738,3470,9453,4529,9453,766,454
2739,3470,9454,4529,9454,766,454
2739,3470,9455,4529,9455,766,454
2739,3470,9456,4529,9456,766,454
2739,3470,9457,4529,9457,766,454
2738,3470,9458,4529,9458,766,454
2735,3470,9459,4529,9459,766,454
2735,3470,9460,4529,9460,766,454
2734,3470,9461,4529,9461,766,454
2731,3470,9462,4529,9462,766,454
2732,3470,9463,4529,9463,766,454
2732,3470,9464,4529,9464,766,454
2732,3470,9465,4529,9465,766,454
2732,3470,9466,4529,9466,766,454
2733,3470,9467,4529,9467,766,454
2734,3470,9468,4529,9468,766,454
2732,3470,9469,4529,9469,766,454
2732,3470,9470,4529,9470,766,454
2732,3470,9471,4529,9471,766,454
2733,3470,9472,4529,9472,766,454
2733,3470,9473,4529,9473,766,454
2730,3470,9474,4529,9474,766,453
2731,3470,9475,4529,9475,766,453
2731,3470,9476,4529,9476,766,453
2731,3470,9477,4529,9477,766,453
2731,3470,9478,4529,9478,766,453
2731,3470,9479,4529,9479,766,453
2731,3470,9480,4529,9480,766,453
2732,3470,9481,4529,9481,766,453
2729,3470,9482,4529,9482,766,452
2730,3470,9483,4529,9483,766,452
2730,3470,9484,4529,9484,766,452
2728,3470,9485,4529,9485,766,452
2728,3470,9486,4529,9486,766,452
2729,3470,9487,4529,9487,766,452
2728,3470,9488,4529,9488,766,452
2728,3470,9489,4529,9489,766,452
2726,3470,9490,4529,9490,766,452
2727,3470,9491,4529,9491,766,452
2727,3470,9492,4529,9492,766,452
2727,3470,9493,4529,9493,766,452
2727,3470,9494,4529,9494,766,452
2725,3470,9495,4529,9495,766,452
2726,3470,9496,4529,9496,766,452
2724,3470,9497,4529,9497,766,451
2725,3470,9498,4529,9498,766,451
2726,3470,9499,4529,9499,766,451
2727,3470,9500,4529,9500,766,451
2728,3470,9501,4529,9501,766,451
2729,3470,9502,4529,9502,766,451
2728,3470,9503,4529,9503,766,451
2726,3470,9504,4529,9504,766,451
2726,3470,9505,4529,9505,766,451
2726,3470,9506,4529,9506,766,451
2725,3470,9507,4529,9507,766,451
2721,3470,9508,4529,9508,766,451
2721,3470,9509,4529,9509,766,451
2722,3470,9510,4529,9510,766,451
2722,3470,9511,4529,9511,766,451
2723,3470,9512,4529,9512,766,451
2722,3470,9513,4529,9513,766,451
2722,3470,9514,4529,9514,766,451
2720,3470,9515,4529,9515,766,450
2720,3470,9516,4529,9516,766,450
2721,3470,9517,4529,9517,766,450
2720,3470,9518,4529,9518,766,450
2720,3470,9519,4529,9519,766,450
2719,3470,9520,4529,9520,766,450
2719,3470,9521,4529,9521,766,450
2718,3470,9522,4529,9522,766,450
2718,3470,9523,4529,9523,766,450
2718,3470,9524,4529,9524,766,450
2717,3470,9525,4529,9525,766,450
2714,3470,9526,4529,9526,766,449
2715,3470,9527,4529,9527,766,449
2716,3470,9528,4529,9528,766,449
2715,3470,9529,4529,9529,766,449
2716,3470,9530,4529,9530,766,449
2716,3470,9531,4529,9531,766,449
2717,3470,9532,4529,9532,766,449
2717,3470,9533,4529,9533,766,449
2718,3470,9534,4529,9534,766,449
2719,3470,9535,4529,9535,766,449
2717,3470,9536,4529,9536,766,449
2717,3470,9537,4529,9537,766,449
2716,3470,9538,4529,9538,766,449
2714,3470,9539,4529,9539,766,449
2714,3470,9540,4529,9540,766,449
2713,3470,9541,4529,9541,766,449
2713,3470,9542,4529,9542,766,449
2712,3470,9543,4529,9543,766,449
2712,3470,9544,4529,9544,766,449
2713,3470,9545,4529,9545,766,449
2712,3470,9546,4529,9546,766,449
2711,3470,9547,4529,9547,766,449
2711,3470,9548,4529,9548,766,449
2710,3470,9549,4529,9549,766,449
2709,3470,9550,4529,9550,766,449
2709,3470,9551,4529,9551,766,449
2710,3470,9552,4529,9552,766,449
2711,3470,9553,4529,9553,766,449
2707,3470,9554,4529,9554,766,447
2708,3470,9555,4529,9555,766,447
2709,3470,9556,4529,9556,766,447
2709,3470,9557,4529,9557,766,447
2709,3470,9558,4529,9558,766,447
2709,3470,9559,4529,9559,766,447
2709,3470,9560,4529,9560,766,447
2708,3470,9561,4529,9561,766,447
2708,3470,9562,4529,9562,766,447
2708,3470,9563,4529,9563,766,447
2709,3470,9564,4529,9564,766,447
2707,3470,9565,4529,9565,766,446
2706,3470,9566,4529,9566,766,446
2707,3470,9567,4529,9567,766,446
2708,3470,9568,4529,9568,766,446
2709,3470,9569,4529,9569,766,446
2710,3470,9570,4529,9570,766,446
2711,3470,9571,4529,9571,766,446
2709,3470,9572,4529,9572,766,446
2706,3470,9573,4529,9573,766,445
2705,3470,9574,4529,9574,766,445
2706,3470,9575,4529,9575,766,445
2706,3470,9576,4529,9576,766,445
2706,3470,9577,4529,9577,766,445
2706,3470,9578,4529,9578,766,445
2706,3470,9579,4529,9579,766,445
2706,3470,9580,4529,9580,766,445
2707,3470,9581,4529,9581,766,445
2705,3470,9582,4529,9582,766,445
2704,3470,9583,4529,9583,766,445
2705,3470,9584,4529,9584,766,445
2702,3470,9585,4529,9585,766,444
2701,3470,9586,4529,9586,766,444
2700,3470,9587,4529,9587,766,444
2695,3470,9588,4529,9588,766,444
2693,3470,9589,4529,9589,766,443
2694,3470,9590,4529,9590,766,443
2695,3470,9591,4529,9591,766,443
2693,3470,9592,4529,9592,766,443
2693,3470,9593,4529,9593,766,443
2693,3470,9594,4529,9594,766,443
2694,3470,9595,4529,9595,766,443
2695,3470,9596,4529,9596,766,443
2692,3470,9597,4529,9597,766,442
2693,3470,9598,4529,9598,766,442
2694,3470,9599,4529,9599,766,442
2694,3470,9600,4529,9600,766,442
2695,3470,9601,4529,9601,766,442
2694,3470,9602,4529,9602,766,442
2695,3470,9603,4529,9603,766,442
2695,3470,9604,4529,9604,766,442
2695,3470,9605,4529,9605,766,442
2696,3470,9606,4529,9606,766,442
2696,3470,9607,4529,9607,766,442
2696,3470,9608,4529,9608,766,442
2692,3470,9609,4529,9609,766,440
2692,3470,9610,4529,9610,766,440
2691,3470,9611,4529,9611,766,440
2691,3470,9612,4529,9612,766,440
2692,3470,9613,4529,9613,766,440
2692,3470,9614,4529,9614,766,440
2693,3470,9615,4529,9615,766,440
2693,3470,9616,4529,9616,766,440
2693,3470,9617,4529,9617,766,440
2694,3470,9618,4529,9618,766,440
2694,3470,9619,4529,9619,766,440
2694,3470,9620,4529,9620,766,440
2694,3470,9621,4529,9621,766,440
2695,3470,9622,4529,9622,766,440
2692,3470,9623,4529,9623,766,439
2690,3470,9624,4529,9624,766,439
2691,3470,9625,4529,9625,766,439
2688,3470,9626,4529,9626,766,439
2688,3470,9627,4529,9627,766,439
2688,3470,9628,4529,9628,766,439
2689,3470,9629,4529,9629,766,439
2690,3470,9630,4529,9630,766,439
2691,3470,9631,4529,9631,766,439
2689,3470,9632,4529,9632,766,439
2688,3470,9633,4529,9633,766,439
2689,3470,9634,4529,9634,766,439
2690,3470,9635,4529,9635,766,439
2689,3470,9636,4529,9636,766,439
2689,3470,9637,4529,9637,766,439
2690,3470,9638,4529,9638,766,439
2687,3470,9639,4529,9639,766,439
2686,3470,9640,4529,9640,766,439
2687,3470,9641,4529,9641,766,439
2687,3470,9642,4529,9642,766,439
2684,3470,9643,4529,9643,766,439
2684,3470,9644,4529,9644,766,439
2684,3470,9645,4529,9645,766,439
2685,3470,9646,4529,9646,766,439
2686,3470,9647,4529,9647,766,439
2687,3470,9648,4529,9648,766,439
2684,3470,9649,4529,9649,766,438
2685,3470,9650,4529,9650,766,438
2686,3470,9651,4529,9651,766,438
2687,3470,9652,4529,9652,766,438
2687,3470,9653,4529,9653,766,438
2688,3470,9654,4529,9654,766,438
2689,3470,9655,4529,9655,766,438
2690,3470,9656,4529,9656,766,438
2691,3470,9657,4529,9657,766,438
2689,3470,9658,4529,9658,766,438
2690,3470,9659,4529,9659,766,438
2689,3470,9660,4529,9660,766,438
2690,3470,9661,4529,9661,766,438
2689,3470,9662,4529,9662,766,438
2689,3470,9663,4529,9663,766,438
2689,3470,9664,4529,9664,766,438
2690,3470,9665,4529,9665,766,438
2691,3470,9666,4529,9666,766,438
2691,3470,9667,4529,9667,766,438
2691,3470,9668,4529,9668,766,438
2690,3470,9669,4529,9669,766,438
2691,3470,9670,4529,9670,766,438
2691,3470,9671,4529,9671,766,438
2692,3470,9672,4529,9672,766,438
2691,3470,9673,4529,9673,766,438
2690,3470,9674,4529,9674,766,437
2690,3470,9675,4529,9675,766,437
2688,3470,9676,4529,9676,766,437
2689,3470,9677,4529,9677,766,437
2690,3470,9678,4529,9678,766,437
2691,3470,9679,4529,9679,766,437
2692,3470,9680,4529,9680,766,437
2692,3470,9681,4529,9681,766,437
2693,3470,9682,4529,9682,766,437
2694,3470,9683,4529,9683,766,437
2695,3470,9684,4529,9684,766,437
2696,3470,9685,4529,9685,766,437
2694,3470,9686,4529,9686,766,436
2693,3470,9687,4529,9687,766,436
2693,3470,9688,4529,9688,766,436
2693,3470,9689,4529,9689,766,436
2690,3470,9690,4529,9690,766,435
2691,3470,9691,4529,9691,766,435
2691,3470,9692,4529,9692,766,435
2690,3470,9693,4529,9693,766,435
2691,3470,9694,4529,9694,766,435
2691,3470,9695,4529,9695,766,435
2690,3470,9696,4529,9696,766,435
2690,3470,9697,4529,9697,766,435
2690,3470,9698,4529,9698,766,435
2687,3470,9699,4529,9699,766,435
2686,3470,9700,4529,9700,766,435
2686,3470,9701,4529,9701,766,435
2686,3470,9702,4529,9702,766,435
2687,3470,9703,4529,9703,766,435
2686,3470,9704,4529,9704,766,435
2686,3470,9705,4529,9705,766,435
2686,3470,9706,4529,9706,766,435
2686,3470,9707,4529,9707,766,435
2687,3470,9708,4529,9708,766,435
2687,3470,9709,4529,9709,766,435
2686,3470,9710,4529,9710,766,435
2687,3470,9711,4529,9711,766,435
2686,3470,9712,4529,9712,766,435
2685,3470,9713,4529,9713,766,435
2683,3470,9714,4529,9714,766,435
2684,3470,9715,4529,9715,766,435
2684,3470,9716,4529,9716,766,435
2685,3470,9717,4529,9717,766,435
2685,3470,9718,4529,9718,766,435
2686,3470,9719,4529,9719,766,435
2686,3470,9720,4529,9720,766,435
2685,3470,9721,4529,9721,766,435
2683,3470,9722,4529,9722,766,435
2684,3470,9723,4529,9723,766,435
2685,3470,9724,4529,9724,766,435
2685,3470,9725,4529,9725,766,435
2685,3470,9726,4529,9726,766,435
2685,3470,9727,4529,9727,766,435
2686,3470,9728,4529,9728,766,435
2687,3470,9729,4529,9729,766,435
2687,3470,9730,4529,9730,766,435
2687,3470,9731,4529,9731,766,435
2685,3470,9732,4529,9732,766,435
2685,3470,9733,4529,9733,766,435
2686,3470,9734,4529,9734,766,435
2687,3470,9735,4529,9735,766,435
2686,3470,9736,4529,9736,766,435
2686,3470,9737,4529,9737,766,435
2686,3470,9738,4529,9738,766,435
2685,3470,9739,4529,9739,766,434
2685,3470,9740,4529,9740,766,434
2685,3470,9741,4529,9741,766,434
2685,3470,9742,4529,9742,766,434
2686,3470,9743,4529,9743,766,434
2685,3470,9744,4529,9744,766,434
2686,3470,9745,4529,9745,766,434
2686,3470,9746,4529,9746,766,434
2687,3470,9747,4529,9747,766,434
2686,3470,9748,4529,9748,766,434
2687,3470,9749,4529,9749,766,434
2686,3470,9750,4529,9750,766,434
2687,3470,9751,4529,9751,766,434
2684,3470,9752,4529,9752,766,434
2684,3470,9753,4529,9753,766,434
2685,3470,9754,4529,9754,766,434
2685,3470,9755,4529,9755,766,434
2685,3470,9756,4529,9756,766,434
2686,3470,9757,4529,9757,766,434
2686,3470,9758,4529,9758,766,434
2686,3470,9759,4529,9759,766,434
2686,3470,9760,4529,9760,766,434
2686,3470,9761,4529,9761,766,434
2687,3470,9762,4529,9762,766,434
2687,3470,9763,4529,9763,766,434
2688,3470,9764,4529,9764,766,434
2688,3470,9765,4529,9765,766,434
2688,3470,9766,4529,9766,766,434
2688,3470,9767,4529,9767,766,434
2687,3470,9768,4529,9768,766,434
2687,3470,9769,4529,9769,766,434
2687,3470,9770,4529,9770,766,434
2685,3470,9771,4529,9771,766,434
2686,3470,9772,4529,9772,766,434
2683,3470,9773,4529,9773,766,433
2684,3470,9774,4529,9774,766,433
2685,3470,9775,4529,9775,766,433
2683,3470,9776,4529,9776,766,433
2682,3470,9777,4529,9777,766,433
2683,3470,9778,4529,9778,766,433
2683,3470,9779,4529,9779,766,433
2684,3470,9780,4529,9780,766,433
2685,3470,9781,4529,9781,766,433
2685,3470,9782,4529,9782,766,433
2686,3470,9783,4529,9783,766,433
2686,3470,9784,4529,9784,766,433
2686,3470,9785,4529,9785,766,433
2687,3470,9786,4529,9786,766,433
2687,3470,9787,4529,9787,766,433
2687,3470,9788,4529,9788,766,433
2688,3470,9789,4529,9789,766,433
2688,3470,9790,4529,9790,766,433
2689,3470,9791,4529,9791,766,433
2690,3470,9792,4529,9792,766,433
2690,3470,9793,4529,9793,766,433
2689,3470,9794,4529,9794,766,433
2689,3470,9795,4529,9795,766,433
2688,3470,9796,4529,9796,766,433
2688,3470,9797,4529,9797,766,433
2688,3470,9798,4529,9798,766,433
2689,3470,9799,4529,9799,766,433
2690,3470,9800,4529,9800,766,433
2690,3470,9801,4529,9801,766,433
2690,3470,9802,4529,9802,766,433
2691,3470,9803,4529,9803,766,433
2690,3470,9804,4529,9804,766,433
2685,3470,9805,4529,9805,766,431
2685,3470,9806,4529,9806,766,431
2685,3470,9807,4529,9807,766,431
2686,3470,9808,4529,9808,766,431
2687,3470,9809,4529,9809,766,431
2688,3470,9810,4529,9810,766,431
2687,3470,9811,4529,9811,766,431
2684,3470,9812,4529,9812,766,431
2685,3470,9813,4529,9813,766,431
2685,3470,9814,4529,9814,766,431
2686,3470,9815,4529,9815,766,431
2686,3470,9816,4529,9816,766,431
2687,3470,9817,4529,9817,766,431
2687,3470,9818,4529,9818,766,431
2686,3470,9819,4529,9819,766,430
2686,3470,9820,4529,9820,766,430
2686,3470,9821,4529,9821,766,430
2686,3470,9822,4529,9822,766,430
2687,3470,9823,4529,9823,766,430
2684,3470,9824,4529,9824,766,428
2680,3470,9825,4529,9825,766,428
2680,3470,9826,4529,9826,766,428
2680,3470,9827,4529,9827,766,428
2678,3470,9828,4529,9828,766,428
2678,3470,9829,4529,9829,766,428
2679,3470,9830,4529,9830,766,428
2679,3470,9831,4529,9831,766,428
2680,3470,9832,4529,9832,766,428
2680,3470,9833,4529,9833,766,428
2679,3470,9834,4529,9834,766,428
2679,3470,9835,4529,9835,766,428
2679,3470,9836,4529,9836,766,428
2679,3470,9837,4529,9837,766,428
2680,3470,9838,4529,9838,766,428
2680,3470,9839,4529,9839,766,428
2681,3470,9840,4529,9840,766,428
2679,3470,9841,4529,9841,766,428
2679,3470,9842,4529,9842,766,428
2678,3470,9843,4529,9843,766,428
2679,3470,9844,4529,9844,766,428
2678,3470,9845,4529,9845,766,428
2678,3470,9846,4529,9846,766,428
2674,3470,9847,4529,9847,766,428
2671,3470,9848,4529,9848,766,428
2671,3470,9849,4529,9849,766,428
2672,3470,9850,4529,9850,766,428
2671,3470,9851,4529,9851,766,428
2671,3470,9852,4529,9852,766,428
2672,3470,9853,4529,9853,766,428
2673,3470,9854,4529,9854,766,428
2674,3470,9855,4529,9855,766,428
2672,3470,9856,4529,9856,766,428
2672,3470,9857,4529,9857,766,428
2673,3470,9858,4529,9858,766,428
2674,3470,9859,4529,9859,766,428
2675,3470,9860,4529,9860,766,428
2676,3470,9861,4529,9861,766,428
2677,3470,9862,4529,9862,766,428
2677,3470,9863,4529,9863,766,428
2673,3470,9864,4529,9864,766,428
2673,3470,9865,4529,9865,766,428
2673,3470,9866,4529,9866,766,428
2673,3470,9867,4529,9867,766,428
2673,3470,9868,4529,9868,766,428
2674,3470,9869,4529,9869,766,428
2674,3470,9870,4529,9870,766,428
2674,3470,9871,4529,9871,766,428
2675,3470,9872,4529,9872,766,428
2675,3470,9873,4529,9873,766,428
2676,3470,9874,4529,9874,766,428
2675,3470,9875,4529,9875,766,428
2671,3470,9876,4529,9876,766,427
2672,3470,9877,4529,9877,766,427
2669,3470,9878,4529,9878,766,427
2667,3470,9879,4529,9879,766,427
2665,3470,9880,4529,9880,766,426
2666,3470,9881,4529,9881,766,426
2664,3470,9882,4529,9882,766,426
2664,3470,9883,4529,9883,766,426
2665,3470,9884,4529,9884,766,426
2666,3470,9885,4529,9885,766,426
2667,3470,9886,4529,9886,766,426
2667,3470,9887,4529,9887,766,426
2668,3470,9888,4529,9888,766,426
2669,3470,9889,4529,9889,766,426
2667,3470,9890,4529,9890,766,426
2667,3470,9891,4529,9891,766,426
2668,3470,9892,4529,9892,766,426
2667,3470,9893,4529,9893,766,426
2668,3470,9894,4529,9894,766,426
2665,3470,9895,4529,9895,766,426
2664,3470,9896,4529,9896,766,425
2663,3470,9897,4529,9897,766,425
2660,3470,9898,4529,9898,766,424
2659,3470,9899,4529,9899,766,424
2656,3470,9900,4529,9900,766,424
2657,3470,9901,4529,9901,766,424
2658,3470,9902,4529,9902,766,424
2659,3470,9903,4529,9903,766,424
2659,3470,9904,4529,9904,766,424
2660,3470,9905,4529,9905,766,424
2660,3470,9906,4529,9906,766,424
2659,3470,9907,4529,9907,766,424
2659,3470,9908,4529,9908,766,424
2659,3470,9909,4529,9909,766,424
2660,3470,9910,4529,9910,766,424
2658,3470,9911,4529,9911,766,424
2658,3470,9912,4529,9912,766,424
2659,3470,9913,4529,9913,766,424
2660,3470,9914,4529,9914,766,424
2660,3470,9915,4529,9915,766,424
2659,3470,9916,4529,9916,766,424
2659,3470,9917,4529,9917,766,424
2660,3470,9918,4529,9918,766,424
2661,3470,9919,4529,9919,766,424
2662,3470,9920,4529,9920,766,424
2660,3470,9921,4529,9921,766,424
2660,3470,9922,4529,9922,766,424
2659,3470,9923,4529,9923,766,424
2660,3470,9924,4529,9924,766,424
2660,3470,9925,4529,9925,766,424
2661,3470,9926,4529,9926,766,424
2661,3470,9927,4529,9927,766,424
2662,3470,9928,4529,9928,766,424
2662,3470,9929,4529,9929,766,424
2663,3470,9930,4529,9930,766,424
2664,3470,9931,4529,9931,766,424
2664,3470,9932,4529,9932,766,424
2665,3470,9933,4529,9933,766,424
2666,3470,9934,4529,9934,766,424
2664,3470,9935,4529,9935,766,424
2664,3470,9936,4529,9936,766,424
2664,3470,9937,4529,9937,766,424
2664,3470,9938,4529,9938,766,424
2665,3470,9939,4529,9939,766,424
2666,3470,9940,4529,9940,766,424
2667,3470,9941,4529,9941,766,424
2665,3470,9942,4529,9942,766,424
2664,3470,9943,4529,9943,766,424
2664,3470,9944,4529,9944,766,424
2664,3470,9945,4529,9945,766,424
2665,3470,9946,4529,9946,766,424
2665,3470,9947,4529,9947,766,424
2663,3470,9948,4529,9948,766,423
2664,3470,9949,4529,9949,766,423
2663,3470,9950,4529,9950,766,423
2661,3470,9951,4529,9951,766,423
2661,3470,9952,4529,9952,766,423
2661,3470,9953,4529,9953,766,423
2661,3470,9954,4529,9954,766,423
2661,3470,9955,4529,9955,766,423
2661,3470,9956,4529,9956,766,423
2662,3470,9957,4529,9957,766,423
2662,3470,9958,4529,9958,766,423
2661,3470,9959,4529,9959,766,423
2662,3470,9960,4529,9960,766,423
2661,3470,9961,4529,9961,766,423
2662,3470,9962,4529,9962,766,423
2663,3470,9963,4529,9963,766,423
2662,3470,9964,4529,9964,766,423
2659,3470,9965,4529,9965,766,423
2660,3470,9966,4529,9966,766,423
2657,3470,9967,4529,9967,766,422
2657,3470,9968,4529,9968,766,422
2655,3470,9969,4529,9969,766,422
2655,3470,9970,4529,9970,766,422
2656,3470,9971,4529,9971,766,422
2657,3470,9972,4529,9972,766,422
2658,3470,9973,4529,9973,766,422
2658,3470,9974,4529,9974,766,422
2659,3470,9975,4529,9975,766,422
2658,3470,9976,4529,9976,766,422
2658,3470,9977,4529,9977,766,422
2658,3470,9978,4529,9978,766,422
2659,3470,9979,4529,9979,766,422
2658,3470,9980,4529,9980,766,422
2658,3470,9981,4529,9981,766,422
2659,3470,9982,4529,9982,766,422
2660,3470,9983,4529,9983,766,422
2660,3470,9984,4529,9984,766,422
2660,3470,9985,4529,9985,766,422
2660,3470,9986,4529,9986,766,422
2661,3470,9987,4529,9987,766,422
2661,3470,9988,4529,9988,766,422
2661,3470,9989,4529,9989,766,422
2660,3470,9990,4529,9990,766,422
2659,3470,9991,4529,9991,766,422
2657,3470,9992,4529,9992,766,422
2655,3470,9993,4529,9993,766,422
2655,3470,9994,4529,9994,766,422
2655,3470,9995,4529,9995,766,422
2655,3470,9996,4529,9996,766,422
2656,3470,9997,4529,9997,766,422
2657,3470,9998,4529,9998,766,422
2657,3470,9999,4529,9999,766,422
2657,3470,10000,4529,10000,766,422
2658,3470,10001,4529,10001,766,422
2657,3470,10002,4529,10002,766,422
2658,3470,10003,4529,10003,766,422
2658,3470,10004,4529,10004,766,422
2659,3470,10005,4529,10005,766,422
2658,3470,10006,4529,10006,766,421
2658,3470,10007,4529,10007,766,421
2657,3470,10008,4529,10008,766,421
2654,3470,10009,4529,10009,766,420
2652,3470,10010,4529,10010,766,420
2653,3470,10011,4529,10011,766,420
2654,3470,10012,4529,10012,766,420
2653,3470,10013,4529,10013,766,419
2653,3470,10014,4529,10014,766,419
2653,3470,10015,4529,10015,766,419
2653,3470,10016,4529,10016,766,419
2653,3470,10017,4529,10017,766,419
2653,3470,10018,4529,10018,766,419
2652,3470,10019,4529,10019,766,419
2652,3470,10020,4529,10020,766,419
2652,3470,10021,4529,10021,766,419
2650,3470,10022,4529,10022,766,419
2650,3470,10023,4529,10023,766,419
2651,3470,10024,4529,10024,766,419
2651,3470,10025,4529,10025,766,419
2649,3470,10026,4529,10026,766,419
2649,3470,10027,4529,10027,766,419
2650,3470,10028,4529,10028,766,419
2649,3470,10029,4529,10029,766,419
2650,3470,10030,4529,10030,766,419
2650,3470,10031,4529,10031,766,419
2650,3470,10032,4529,10032,766,419
2650,3470,10033,4529,10033,766,419
2650,3470,10034,4529,10034,766,419
2651,3470,10035,4529,10035,766,419
2648,3470,10036,4529,10036,766,417
2649,3470,10037,4529,10037,766,417
2650,3470,10038,4529,10038,766,417
2650,3470,10039,4529,10039,766,417
2648,3470,10040,4529,10040,766,417
2648,3470,10041,4529,10041,766,417
2648,3470,10042,4529,10042,766,417
2648,3470,10043,4529,10043,766,417
2646,3470,10044,4529,10044,766,417
2646,3470,10045,4529,10045,766,417
2646,3470,10046,4529,10046,766,417
2646,3470,10047,4529,10047,766,417
2646,3470,10048,4529,10048,766,417
2646,3470,10049,4529,10049,766,417
2646,3470,10050,4529,10050,766,417
2647,3470,10051,4529,10051,766,417
2647,3470,10052,4529,10052,766,417
2647,3470,10053,4529,10053,766,417
2648,3470,10054,4529,10054,766,417
2649,3470,10055,4529,10055,766,417
2649,3470,10056,4529,10056,766,417
2650,3470,10057,4529,10057,766,417
2650,3470,10058,4529,10058,766,417
2650,3470,10059,4529,10059,766,417
2651,3470,10060,4529,10060,766,417
2652,3470,10061,4529,10061,766,417
2652,3470,10062,4529,10062,766,417
2653,3470,10063,4529,10063,766,417
2653,3470,10064,4529,10064,766,417
2653,3470,10065,4529,10065,766,417
2654,3470,10066,4529,10066,766,417
2655,3470,10067,4529,10067,766,417
2655,3470,10068,4529,10068,766,417
2654,3470,10069,4529,10069,766,417
2654,3470,10070,4529,10070,766,417
2654,3470,10071,4529,10071,766,417
2655,3470,10072,4529,10072,766,417
2656,3470,10073,4529,10073,766,417
2656,3470,10074,4529,10074,766,417
2656,3470,10075,4529,10075,766,417
2657,3470,10076,4529,10076,766,417
2654,3470,10077,4529,10077,766,417
2655,3470,10078,4529,10078,766,417
2655,3470,10079,4529,10079,766,417
2651,3470,10080,4529,10080,766,416
2651,3470,10081,4529,10081,766,416
2652,3470,10082,4529,10082,766,416
2651,3470,10083,4529,10083,766,416
2647,3470,10084,4529,10084,766,416
2647,3470,10085,4529,10085,766,416
2644,3470,10086,4529,10086,766,415
2644,3470,10087,4529,10087,766,415
2642,3470,10088,4529,10088,766,415
2639,3470,10089,4529,10089,766,415
2640,3470,10090,4529,10090,766,415
2640,3470,10091,4529,10091,766,415
2637,3470,10092,4529,10092,766,414
2638,3470,10093,4529,10093,766,414
2638,3470,10094,4529,10094,766,414
2637,3470,10095,4529,10095,766,414
2638,3470,10096,4529,10096,766,414
2638,3470,10097,4529,10097,766,414
2637,3470,10098,4529,10098,766,414
2638,3470,10099,4529,10099,766,414
2638,3470,10100,4529,10100,766,414
2637,3470,10101,4529,10101,766,414
2637,3470,10102,4529,10102,766,414
2637,3470,10103,4529,10103,766,414
2636,3470,10104,4529,10104,766,414
2637,3470,10105,4529,10105,766,414
2634,3470,10106,4529,10106,766,412
2635,3470,10107,4529,10107,766,412
2636,3470,10108,4529,10108,766,412
2636,3470,10109,4529,10109,766,412
2637,3470,10110,4529,10110,766,412
2636,3470,10111,4529,10111,766,412
2633,3470,10112,4529,10112,766,411
2633,3470,10113,4529,10113,766,411
2633,3470,10114,4529,10114,766,411
2632,3470,10115,4529,10115,766,411
2633,3470,10116,4529,10116,766,411
2634,3470,10117,4529,10117,766,411
2634,3470,10118,4529,10118,766,411
2635,3470,10119,4529,10119,766,411
2635,3470,10120,4529,10120,766,411
2635,3470,10121,4529,10121,766,411
2636,3470,10122,4529,10122,766,411
2637,3470,10123,4529,10123,766,411
2637,3470,10124,4529,10124,766,411
2638,3470,10125,4529,10125,766,411
2639,3470,10126,4529,10126,766,411
2639,3470,10127,4529,10127,766,411
2639,3470,10128,4529,10128,766,411
2636,3470,10129,4529,10129,766,411
2635,3470,10130,4529,10130,766,411
2636,3470,10131,4529,10131,766,411
2636,3470,10132,4529,10132,766,411
2636,3470,10133,4529,10133,766,411
2636,3470,10134,4529,10134,766,411
2637,3470,10135,4529,10135,766,411
2637,3470,10136,4529,10136,766,411
2638,3470,10137,4529,10137,766,411
2638,3470,10138,4529,10138,766,411
2638,3470,10139,4529,10139,766,411
2636,3470,10140,4529,10140,766,411
2636,3470,10141,4529,10141,766,411
2635,3470,10142,4529,10142,766,410
2635,3470,10143,4529,10143,766,410
2635,3470,10144,4529,10144,766,410
2632,3470,10145,4529,10145,766,410
2633,3470,10146,4529,10146,766,410
2633,3470,10147,4529,10147,766,410
2634,3470,10148,4529,10148,766,410
2635,3470,10149,4529,10149,766,410
2634,3470,10150,4529,10150,766,410
2634,3470,10151,4529,10151,766,410
2633,3470,10152,4529,10152,766,410
2634,3470,10153,4529,10153,766,410
2635,3470,10154,4529,10154,766,410
2634,3470,10155,4529,10155,766,410
2634,3470,10156,4529,10156,766,410
2634,3470,10157,4529,10157,766,410
2635,3470,10158,4529,10158,766,410
2635,3470,10159,4529,10159,766,410
2635,3470,10160,4529,10160,766,410
2636,3470,10161,4529,10161,766,410
2633,3470,10162,4529,10162,766,410
2634,3470,10163,4529,10163,766,410
2633,3470,10164,4529,10164,766,410
2633,3470,10165,4529,10165,766,410
2632,3470,10166,4529,10166,766,410
2633,3470,10167,4529,10167,766,410
2634,3470,10168,4529,10168,766,410
2633,3470,10169,4529,10169,766,410
2634,3470,10170,4529,10170,766,410
2634,3470,10171,4529,10171,766,410
2631,3470,10172,4529,10172,766,408
2630,3470,10173,4529,10173,766,408
2629,3470,10174,4529,10174,766,407
2628,3470,10175,4529,10175,766,407
2629,3470,10176,4529,10176,766,407
2628,3470,10177,4529,10177,766,407
2625,3470,10178,4529,10178,766,407
2621,3470,10179,4529,10179,766,403
2622,3470,10180,4529,10180,766,403
2622,3470,10181,4529,10181,766,403
2621,3470,10182,4529,10182,766,403
2619,3470,10183,4529,10183,766,403
2618,3470,10184,4529,10184,766,403
2619,3470,10185,4529,10185,766,403
2620,3470,10186,4529,10186,766,403
2620,3470,10187,4529,10187,766,403
2620,3470,10188,4529,10188,766,403
2621,3470,10189,4529,10189,766,403
2622,3470,10190,4529,10190,766,403
2623,3470,10191,4529,10191,766,403
2621,3470,10192,4529,10192,766,401
2620,3470,10193,4529,10193,766,401
2621,3470,10194,4529,10194,766,401
2620,3470,10195,4529,10195,766,401
2620,3470,10196,4529,10196,766,401
2620,3470,10197,4529,10197,766,401
2621,3470,10198,4529,10198,766,401
2621,3470,10199,4529,10199,766,401
2619,3470,10200,4529,10200,766,399
2619,3470,10201,4529,10201,766,399
2620,3470,10202,4529,10202,766,399
2621,3470,10203,4529,10203,766,399
2621,3470,10204,4529,10204,766,399
2620,3470,10205,4529,10205,766,399
2619,3470,10206,4529,10206,766,399
2619,3470,10207,4529,10207,766,399
2619,3470,10208,4529,10208,766,399
2618,3470,10209,4529,10209,766,399
2619,3470,10210,4529,10210,766,399
2620,3470,10211,4529,10211,766,399
2621,3470,10212,4529,10212,766,399
2621,3470,10213,4529,10213,766,399
2621,3470,10214,4529,10214,766,399
2621,3470,10215,4529,10215,766,399
2622,3470,10216,4529,10216,766,399
2623,3470,10217,4529,10217,766,399
2620,3470,10218,4529,10218,766,399
2621,3470,10219,4529,10219,766,399
2621,3470,10220,4529,10220,766,399
2622,3470,10221,4529,10221,766,399
2621,3470,10222,4529,10222,766,399
2619,3470,10223,4529,10223,766,399
2618,3470,10224,4529,10224,766,399
2617,3470,10225,4529,10225,766,399
2616,3470,10226,4529,10226,766,399
2616,3470,10227,4529,10227,766,399
2616,3470,10228,4529,10228,766,399
2616,3470,10229,4529,10229,766,399
2617,3470,10230,4529,10230,766,399
2616,3470,10231,4529,10231,766,399
2617,3470,10232,4529,10232,766,399
2617,3470,10233,4529,10233,766,399
2617,3470,10234,4529,10234,766,399
2616,3470,10235,4529,10235,766,399
2614,3470,10236,4529,10236,766,399
2614,3470,10237,4529,10237,766,399
2614,3470,10238,4529,10238,766,399
2615,3470,10239,4529,10239,766,399
2614,3470,10240,4529,10240,766,399
2614,3470,10241,4529,10241,766,399
2614,3470,10242,4529,10242,766,399
2614,3470,10243,4529,10243,766,399
2614,3470,10244,4529,10244,766,399
2615,3470,10245,4529,10245,766,399
2616,3470,10246,4529,10246,766,399
2617,3470,10247,4529,10247,766,399
2618,3470,10248,4529,10248,766,399
2617,3470,10249,4529,10249,766,399
2618,3470,10250,4529,10250,766,399
2618,3470,10251,4529,10251,766,399
2618,3470,10252,4529,10252,766,399
2619,3470,10253,4529,10253,766,399
2619,3470,10254,4529,10254,766,399
2618,3470,10255,4529,10255,766,399
2617,3470,10256,4529,10256,766,399
2617,3470,10257,4529,10257,766,399
2615,3470,10258,4529,10258,766,399
2616,3470,10259,4529,10259,766,399
2612,3470,10260,4529,10260,766,398
2612,3470,10261,4529,10261,766,398
2613,3470,10262,4529,10262,766,398
2614,3470,10263,4529,10263,766,398
2615,3470,10264,4529,10264,766,398
2615,3470,10265,4529,10265,766,398
2616,3470,10266,4529,10266,766,398
2615,3470,10267,4529,10267,766,398
2615,3470,10268,4529,10268,766,398
2615,3470,10269,4529,10269,766,398
2615,3470,10270,4529,10270,766,398
2613,3470,10271,4529,10271,766,398
2613,3470,10272,4529,10272,766,398
2613,3470,10273,4529,10273,766,398
2614,3470,10274,4529,10274,766,398
2615,3470,10275,4529,10275,766,398
2616,3470,10276,4529,10276,766,398
2614,3470,10277,4529,10277,766,398
2613,3470,10278,4529,10278,766,398
2613,3470,10279,4529,10279,766,398
2614,3470,10280,4529,10280,766,398
2614,3470,10281,4529,10281,766,398
2615,3470,10282,4529,10282,766,398
2615,3470,10283,4529,10283,766,398
2615,3470,10284,4529,10284,766,398
2614,3470,10285,4529,10285,766,398
2612,3470,10286,4529,10286,766,398
2611,3470,10287,4529,10287,766,398
2612,3470,10288,4529,10288,766,398
2613,3470,10289,4529,10289,766,398
2613,3470,10290,4529,10290,766,398
2612,3470,10291,4529,10291,766,398
2612,3470,10292,4529,10292,766,398
2611,3470,10293,4529,10293,766,398
2609,3470,10294,4529,10294,766,398
2609,3470,10295,4529,10295,766,398
2608,3470,10296,4529,10296,766,398
2609,3470,10297,4529,10297,766,398
2610,3470,10298,4529,10298,766,398
2610,3470,10299,4529,10299,766,398
2611,3470,10300,4529,10300,766,398
2612,3470,10301,4529,10301,766,398
2612,3470,10302,4529,10302,766,398
2612,3470,10303,4529,10303,766,398
2613,3470,10304,4529,10304,766,398
2613,3470,10305,4529,10305,766,398
2614,3470,10306,4529,10306,766,398
2614,3470,10307,4529,10307,766,398
2615,3470,10308,4529,10308,766,398
2614,3470,10309,4529,10309,766,398
2612,3470,10310,4529,10310,766,397
2612,3470,10311,4529,10311,766,397
2611,3470,10312,4529,10312,766,397
2610,3470,10313,4529,10313,766,397
2608,3470,10314,4529,10314,766,397
2609,3470,10315,4529,10315,766,397
2608,3470,10316,4529,10316,766,397
2608,3470,10317,4529,10317,766,397
2608,3470,10318,4529,10318,766,397
2608,3470,10319,4529,10319,766,397
2608,3470,10320,4529,10320,766,397
2608,3470,10321,4529,10321,766,397
2608,3470,10322,4529,10322,766,397
2608,3470,10323,4529,10323,766,397
2609,3470,10324,4529,10324,766,397
2610,3470,10325,4529,10325,766,397
2606,3470,10326,4529,10326,766,397
2606,3470,10327,4529,10327,766,397
2605,3470,10328,4529,10328,766,397
2605,3470,10329,4529,10329,766,397
2606,3470,10330,4529,10330,766,397
2600,3470,10331,4529,10331,766,395
2600,3470,10332,4529,10332,766,395
2601,3470,10333,4529,10333,766,395
2601,3470,10334,4529,10334,766,395
2600,3470,10335,4529,10335,766,395
2600,3470,10336,4529,10336,766,395
2601,3470,10337,4529,10337,766,395
2601,3470,10338,4529,10338,766,395
2602,3470,10339,4529,10339,766,395
2601,3470,10340,4529,10340,766,395
2601,3470,10341,4529,10341,766,395
2602,3470,10342,4529,10342,766,395
2602,3470,10343,4529,10343,766,395
2600,3470,10344,4529,10344,766,395
2600,3470,10345,4529,10345,766,395
2600,3470,10346,4529,10346,766,395
2601,3470,10347,4529,10347,766,395
2600,3470,10348,4529,10348,766,395
2600,3470,10349,4529,10349,766,395
2600,3470,10350,4529,10350,766,395
2601,3470,10351,4529,10351,766,395
2598,3470,10352,4529,10352,766,395
2598,3470,10353,4529,10353,766,395
2599,3470,10354,4529,10354,766,395
2600,3470,10355,4529,10355,766,395
2599,3470,10356,4529,10356,766,395
2597,3470,10357,4529,10357,766,395
2598,3470,10358,4529,10358,766,395
2596,3470,10359,4529,10359,766,395
2596,3470,10360,4529,10360,766,395
2596,3470,10361,4529,10361,766,395
2596,3470,10362,4529,10362,766,395
2596,3470,10363,4529,10363,766,395
2597,3470,10364,4529,10364,766,395
2597,3470,10365,4529,10365,766,395
2597,3470,10366,4529,10366,766,395
2598,3470,10367,4529,10367,766,395
2598,3470,10368,4529,10368,766,395
2599,3470,10369,4529,10369,766,395
2599,3470,10370,4529,10370,766,395
2599,3470,10371,4529,10371,766,395
2600,3470,10372,4529,10372,766,395
2601,3470,10373,4529,10373,766,395
2601,3470,10374,4529,10374,766,395
2602,3470,10375,4529,10375,766,395
2603,3470,10376,4529,10376,766,395
2601,3470,10377,4529,10377,766,395
2600,3470,10378,4529,10378,766,395
2599,3470,10379,4529,10379,766,395
2598,3470,10380,4529,10380,766,395
2598,3470,10381,4529,10381,766,395
2598,3470,10382,4529,10382,766,395
2599,3470,10383,4529,10383,766,395
2599,3470,10384,4529,10384,766,395
2600,3470,10385,4529,10385,766,395
2601,3470,10386,4529,10386,766,395
2601,3470,10387,4529,10387,766,395
2597,3470,10388,4529,10388,766,395
2597,3470,10389,4529,10389,766,395
2596,3470,10390,4529,10390,766,395
2596,3470,10391,4529,10391,766,395
2594,3470,10392,4529,10392,766,395
2594,3470,10393,4529,10393,766,395
2594,3470,10394,4529,10394,766,395
2595,3470,10395,4529,10395,766,395
2596,3470,10396,4529,10396,766,395
2597,3470,10397,4529,10397,766,395
2597,3470,10398,4529,10398,766,395
2597,3470,10399,4529,10399,766,395
2598,3470,10400,4529,10400,766,395
2598,3470,10401,4529,10401,766,395
2598,3470,10402,4529,10402,766,395
2596,3470,10403,4529,10403,766,394
2595,3470,10404,4529,10404,766,394
2596,3470,10405,4529,10405,766,394
2597,3470,10406,4529,10406,766,394
2598,3470,10407,4529,10407,766,394
2599,3470,10408,4529,10408,766,394
2599,3470,10409,4529,10409,766,394
2600,3470,10410,4529,10410,766,394
2600,3470,10411,4529,10411,766,394
2601,3470,10412,4529,10412,766,394
2601,3470,10413,4529,10413,766,394
2600,3470,10414,4529,10414,766,394
2601,3470,10415,4529,10415,766,394
2602,3470,10416,4529,10416,766,394
2603,3470,10417,4529,10417,766,394
2604,3470,10418,4529,10418,766,394
2604,3470,10419,4529,10419,766,394
2601,3470,10420,4529,10420,766,394
2601,3470,10421,4529,10421,766,394
2601,3470,10422,4529,10422,766,394
2601,3470,10423,4529,10423,766,394
2601,3470,10424,4529,10424,766,394
2601,3470,10425,4529,10425,766,394
2601,3470,10426,4529,10426,766,394
2600,3470,10427,4529,10427,766,394
2600,3470,10428,4529,10428,766,394
2601,3470,10429,4529,10429,766,394
2600,3470,10430,4529,10430,766,394
2600,3470,10431,4529,10431,766,394
2599,3470,10432,4529,10432,766,394
2600,3470,10433,4529,10433,766,394
2600,3470,10434,4529,10434,766,394
2600,3470,10435,4529,10435,766,394
2600,3470,10436,4529,10436,766,394
2600,3470,10437,4529,10437,766,394
2597,3470,10438,4529,10438,766,394
2597,3470,10439,4529,10439,766,394
2597,3470,10440,4529,10440,766,394
2596,3470,10441,4529,10441,766,394
2596,3470,10442,4529,10442,766,394
2596,3470,10443,4529,10443,766,394
2597,3470,10444,4529,10444,766,394
2598,3470,10445,4529,10445,766,394
2598,3470,10446,4529,10446,766,394
2595,3470,10447,4529,10447,766,394
2595,3470,10448,4529,10448,766,394
2595,3470,10449,4529,10449,766,394
2595,3470,10450,4529,10450,766,394
2595,3470,10451,4529,10451,766,394
2593,3470,10452,4529,10452,766,394
2593,3470,10453,4529,10453,766,394
2593,3470,10454,4529,10454,766,394
2592,3470,10455,4529,10455,766,394
2593,3470,10456,4529,10456,766,394
2592,3470,10457,4529,10457,766,394
2591,3470,10458,4529,10458,766,394
2591,3470,10459,4529,10459,766,394
2592,3470,10460,4529,10460,766,394
2592,3470,10461,4529,10461,766,394
2590,3470,10462,4529,10462,766,394
2590,3470,10463,4529,10463,766,394
2591,3470,10464,4529,10464,766,394
2591,3470,10465,4529,10465,766,394
2592,3470,10466,4529,10466,766,394
2589,3470,10467,4529,10467,766,393
2589,3470,10468,4529,10468,766,393
2589,3470,10469,4529,10469,766,393
2589,3470,10470,4529,10470,766,393
2588,3470,10471,4529,10471,766,393
2586,3470,10472,4529,10472,766,393
2587,3470,10473,4529,10473,766,393
2587,3470,10474,4529,10474,766,393
2587,3470,10475,4529,10475,766,393
2588,3470,10476,4529,10476,766,393
2588,3470,10477,4529,10477,766,393
2588,3470,10478,4529,10478,766,393
2588,3470,10479,4529,10479,766,393
2587,3470,10480,4529,10480,766,393
2587,3470,10481,4529,10481,766,393
2586,3470,10482,4529,10482,766,393
2587,3470,10483,4529,10483,766,393
2587,3470,10484,4529,10484,766,393
2588,3470,10485,4529,10485,766,393
2588,3470,10486,4529,10486,766,393
2588,3470,10487,4529,10487,766,393
2587,3470,10488,4529,10488,766,393
2587,3470,10489,4529,10489,766,393
2586,3470,10490,4529,10490,766,393
2587,3470,10491,4529,10491,766,393
2586,3470,10492,4529,10492,766,393
2586,3470,10493,4529,10493,766,393
2587,3470,10494,4529,10494,766,393
2588,3470,10495,4529,10495,766,393
2587,3470,10496,4529,10496,766,393
2587,3470,10497,4529,10497,766,393
2584,3470,10498,4529,10498,766,393
2582,3470,10499,4529,10499,766,393
2583,3470,10500,4529,10500,766,393
2582,3470,10501,4529,10501,766,393
2582,3470,10502,4529,10502,766,393
2578,3470,10503,4529,10503,766,392
2579,3470,10504,4529,10504,766,392
2580,3470,10505,4529,10505,766,392
2580,3470,10506,4529,10506,766,392
2580,3470,10507,4529,10507,766,392
2580,3470,10508,4529,10508,766,392
2580,3470,10509,4529,10509,766,392
2578,3470,10510,4529,10510,766,392
2578,3470,10511,4529,10511,766,392
2579,3470,10512,4529,10512,766,392
2579,3470,10513,4529,10513,766,392
2578,3470,10514,4529,10514,766,392
2578,3470,10515,4529,10515,766,392
2578,3470,10516,4529,10516,766,392
2578,3470,10517,4529,10517,766,392
2578,3470,10518,4529,10518,766,392
2578,3470,10519,4529,10519,766,392
2578,3470,10520,4529,10520,766,392
2577,3470,10521,4529,10521,766,392
2577,3470,10522,4529,10522,766,392
2578,3470,10523,4529,10523,766,392
2578,3470,10524,4529,10524,766,392
2578,3470,10525,4529,10525,766,392
2579,3470,10526,4529,10526,766,392
2579,3470,10527,4529,10527,766,392
2580,3470,10528,4529,10528,766,392
2581,3470,10529,4529,10529,766,392
2581,3470,10530,4529,10530,766,392
2581,3470,10531,4529,10531,766,392
2581,3470,10532,4529,10532,766,392
2581,3470,10533,4529,10533,766,392
2581,3470,10534,4529,10534,766,392
2580,3470,10535,4529,10535,766,392
2579,3470,10536,4529,10536,766,392
2580,3470,10537,4529,10537,766,392
2580,3470,10538,4529,10538,766,392
2579,3470,10539,4529,10539,766,392
2580,3470,10540,4529,10540,766,392
2580,3470,10541,4529,10541,766,392
2580,3470,10542,4529,10542,766,392
2581,3470,10543,4529,10543,766,392
2582,3470,10544,4529,10544,766,392
2581,3470,10545,4529,10545,766,392
2581,3470,10546,4529,10546,766,392
2582,3470,10547,4529,10547,766,392
2582,3470,10548,4529,10548,766,392
2582,3470,10549,4529,10549,766,392
2583,3470,10550,4529,10550,766,392
2583,3470,10551,4529,10551,766,392
2584,3470,10552,4529,10552,766,392
2585,3470,10553,4529,10553,766,392
2586,3470,10554,4529,10554,766,392
2586,3470,10555,4529,10555,766,392
2587,3470,10556,4529,10556,766,392
2588,3470,10557,4529,10557,766,392
2589,3470,10558,4529,10558,766,392
2589,3470,10559,4529,10559,766,392
2590,3470,10560,4529,10560,766,392
2591,3470,10561,4529,10561,766,392
2592,3470,10562,4529,10562,766,392
2590,3470,10563,4529,10563,766,392
2590,3470,10564,4529,10564,766,392
2589,3470,10565,4529,10565,766,392
2589,3470,10566,4529,10566,766,392
2587,3470,10567,4529,10567,766,392
2588,3470,10568,4529,10568,766,392
2588,3470,10569,4529,10569,766,392
2583,3470,10570,4529,10570,766,391
2583,3470,10571,4529,10571,766,391
2581,3470,10572,4529,10572,766,391
2581,3470,10573,4529,10573,766,391
2582,3470,10574,4529,10574,766,391
2583,3470,10575,4529,10575,766,391
2582,3470,10576,4529,10576,766,391
2581,3470,10577,4529,10577,766,391
2581,3470,10578,4529,10578,766,391
2581,3470,10579,4529,10579,766,391
2582,3470,10580,4529,10580,766,391
2582,3470,10581,4529,10581,766,391
2582,3470,10582,4529,10582,766,391
2582,3470,10583,4529,10583,766,391
2583,3470,10584,4529,10584,766,391
2584,3470,10585,4529,10585,766,391
2585,3470,10586,4529,10586,766,391
2585,3470,10587,4529,10587,766,391
2583,3470,10588,4529,10588,766,391
2583,3470,10589,4529,10589,766,391
2584,3470,10590,4529,10590,766,391
2585,3470,10591,4529,10591,766,391
2584,3470,10592,4529,10592,766,391
2582,3470,10593,4529,10593,766,391
2582,3470,10594,4529,10594,766,391
2582,3470,10595,4529,10595,766,391
2582,3470,10596,4529,10596,766,391
2583,3470,10597,4529,10597,766,391
2584,3470,10598,4529,10598,766,391
2584,3470,10599,4529,10599,766,391
2583,3470,10600,4529,10600,766,391
2581,3470,10601,4529,10601,766,391
2580,3470,10602,4529,10602,766,391
2578,3470,10603,4529,10603,766,391
2579,3470,10604,4529,10604,766,391
2576,3470,10605,4529,10605,766,389
2576,3470,10606,4529,10606,766,389
2574,3470,10607,4529,10607,766,388
2574,3470,10608,4529,10608,766,388
2574,3470,10609,4529,10609,766,388
2574,3470,10610,4529,10610,766,388
2573,3470,10611,4529,10611,766,388
2571,3470,10612,4529,10612,766,388
2572,3470,10613,4529,10613,766,388
2572,3470,10614,4529,10614,766,388
2567,3470,10615,4529,10615,766,386
2566,3470,10616,4529,10616,766,386
2566,3470,10617,4529,10617,766,386
2567,3470,10618,4529,10618,766,386
2565,3470,10619,4529,10619,766,386
2565,3470,10620,4529,10620,766,386
2563,3470,10621,4529,10621,766,386
2562,3470,10622,4529,10622,766,386
2562,3470,10623,4529,10623,766,386
2563,3470,10624,4529,10624,766,386
2562,3470,10625,4529,10625,766,386
2562,3470,10626,4529,10626,766,386
2563,3470,10627,4529,10627,766,386
2563,3470,10628,4529,10628,766,386
2563,3470,10629,4529,10629,766,386
2564,3470,10630,4529,10630,766,386
2561,3470,10631,4529,10631,766,386
2562,3470,10632,4529,10632,766,386
2562,3470,10633,4529,10633,766,386
2562,3470,10634,4529,10634,766,386
2562,3470,10635,4529,10635,766,386
2562,3470,10636,4529,10636,766,386
2562,3470,10637,4529,10637,766,386
2560,3470,10638,4529,10638,766,385
2561,3470,10639,4529,10639,766,385
2559,3470,10640,4529,10640,766,385
2559,3470,10641,4529,10641,766,385
2559,3470,10642,4529,10642,766,385
2559,3470,10643,4529,10643,766,385
2559,3470,10644,4529,10644,766,385
2558,3470,10645,4529,10645,766,385
2558,3470,10646,4529,10646,766,385
2559,3470,10647,4529,10647,766,385
2560,3470,10648,4529,10648,766,385
2560,3470,10649,4529,10649,766,385
2560,3470,10650,4529,10650,766,385
2561,3470,10651,4529,10651,766,385
2561,3470,10652,4529,10652,766,385
2559,3470,10653,4529,10653,766,384
2559,3470,10654,4529,10654,766,384
2560,3470,10655,4529,10655,766,384
2559,3470,10656,4529,10656,766,384
2558,3470,10657,4529,10657,766,384
2559,3470,10658,4529,10658,766,384
2559,3470,10659,4529,10659,766,384
2560,3470,10660,4529,10660,766,384
2561,3470,10661,4529,10661,766,384
2562,3470,10662,4529,10662,766,384
2563,3470,10663,4529,10663,766,384
2563,3470,10664,4529,10664,766,384
2564,3470,10665,4529,10665,766,384
2565,3470,10666,4529,10666,766,384
2565,3470,10667,4529,10667,766,384
2565,3470,10668,4529,10668,766,384
2565,3470,10669,4529,10669,766,384
2564,3470,10670,4529,10670,766,384
2564,3470,10671,4529,10671,766,384
2565,3470,10672,4529,10672,766,384
2565,3470,10673,4529,10673,766,384
2564,3470,10674,4529,10674,766,384
2565,3470,10675,4529,10675,766,384
2565,3470,10676,4529,10676,766,384
2565,3470,10677,4529,10677,766,384
2566,3470,10678,4529,10678,766,384
2567,3470,10679,4529,10679,766,384
2567,3470,10680,4529,10680,766,384
2568,3470,10681,4529,10681,766,384
2568,3470,10682,4529,10682,766,384
2568,3470,10683,4529,10683,766,384
2567,3470,10684,4529,10684,766,384
2568,3470,10685,4529,10685,766,384
2568,3470,10686,4529,10686,766,384
2567,3470,10687,4529,10687,766,384
2566,3470,10688,4529,10688,766,384
2564,3470,10689,4529,10689,766,384
2564,3470,10690,4529,10690,766,384
2564,3470,10691,4529,10691,766,384
2564,3470,10692,4529,10692,766,384
2564,3470,10693,4529,10693,766,384
2565,3470,10694,4529,10694,766,384
2565,3470,10695,4529,10695,766,384
2565,3470,10696,4529,10696,766,384
2565,3470,10697,4529,10697,766,384
2565,3470,10698,4529,10698,766,384
2565,3470,10699,4529,10699,766,384
2565,3470,10700,4529,10700,766,384
2565,3470,10701,4529,10701,766,384
2565,3470,10702,4529,10702,766,384
2565,3470,10703,4529,10703,766,384
2562,3470,10704,4529,10704,766,384
2561,3470,10705,4529,10705,766,384
2561,3470,10706,4529,10706,766,384
2561,3470,10707,4529,10707,766,384
2561,3470,10708,4529,10708,766,384
2561,3470,10709,4529,10709,766,384
2562,3470,10710,4529,10710,766,384
2562,3470,10711,4529,10711,766,384
2560,3470,10712,4529,10712,766,384
2560,3470,10713,4529,10713,766,384
2561,3470,10714,4529,10714,766,384
2561,3470,10715,4529,10715,766,384
2561,3470,10716,4529,10716,766,384
2561,3470,10717,4529,10717,766,384
2561,3470,10718,4529,10718,766,384
2560,3470,10719,4529,10719,766,384
2559,3470,10720,4529,10720,766,384
2560,3470,10721,4529,10721,766,384
2560,3470,10722,4529,10722,766,384
2560,3470,10723,4529,10723,766,384
2561,3470,10724,4529,10724,766,384
2562,3470,10725,4529,10725,766,384
2559,3470,10726,4529,10726,766,383
2555,3470,10727,4529,10727,766,383
2554,3470,10728,4529,10728,766,383
2553,3470,10729,4529,10729,766,383
2554,3470,10730,4529,10730,766,383
2553,3470,10731,4529,10731,766,383
2552,3470,10732,4529,10732,766,383
2551,3470,10733,4529,10733,766,383
2551,3470,10734,4529,10734,766,383
2551,3470,10735,4529,10735,766,383
2551,3470,10736,4529,10736,766,383
2552,3470,10737,4529,10737,766,383
2552,3470,10738,4529,10738,766,383
2551,3470,10739,4529,10739,766,383
2552,3470,10740,4529,10740,766,383
2551,3470,10741,4529,10741,766,383
2552,3470,10742,4529,10742,766,383
2553,3470,10743,4529,10743,766,383
2553,3470,10744,4529,10744,766,383
2553,3470,10745,4529,10745,766,383
2553,3470,10746,4529,10746,766,383
2554,3470,10747,4529,10747,766,383
2553,3470,10748,4529,10748,766,383
2553,3470,10749,4529,10749,766,383
2553,3470,10750,4529,10750,766,383
2553,3470,10751,4529,10751,766,383
2554,3470,10752,4529,10752,766,383
2553,3470,10753,4529,10753,766,383
2554,3470,10754,4529,10754,766,383
2554,3470,10755,4529,10755,766,383
2553,3470,10756,4529,10756,766,383
2553,3470,10757,4529,10757,766,383
2553,3470,10758,4529,10758,766,383
2554,3470,10759,4529,10759,766,383
2555,3470,10760,4529,10760,766,383
2555,3470,10761,4529,10761,766,383
2556,3470,10762,4529,10762,766,383
2553,3470,10763,4529,10763,766,383
2551,3470,10764,4529,10764,766,383
2550,3470,10765,4529,10765,766,383
2550,3470,10766,4529,10766,766,383
2551,3470,10767,4529,10767,766,383
2552,3470,10768,4529,10768,766,383
2552,3470,10769,4529,10769,766,383
2549,3470,10770,4529,10770,766,383
2545,3470,10771,4529,10771,766,381
2546,3470,10772,4529,10772,766,381
2547,3470,10773,4529,10773,766,381
2548,3470,10774,4529,10774,766,381
2545,3470,10775,4529,10775,766,381
2546,3470,10776,4529,10776,766,381
2547,3470,10777,4529,10777,766,381
2547,3470,10778,4529,10778,766,381
2546,3470,10779,4529,10779,766,381
2546,3470,10780,4529,10780,766,381
2546,3470,10781,4529,10781,766,381
2547,3470,10782,4529,10782,766,381
2547,3470,10783,4529,10783,766,381
2547,3470,10784,4529,10784,766,381
2547,3470,10785,4529,10785,766,381
2541,3470,10786,4529,10786,766,379
2540,3470,10787,4529,10787,766,379
2541,3470,10788,4529,10788,766,379
2541,3470,10789,4529,10789,766,379
2540,3470,10790,4529,10790,766,379
2540,3470,10791,4529,10791,766,379
2540,3470,10792,4529,10792,766,379
2541,3470,10793,4529,10793,766,379
2542,3470,10794,4529,10794,766,379
2539,3470,10795,4529,10795,766,378
2537,3470,10796,4529,10796,766,378
2538,3470,10797,4529,10797,766,378
2539,3470,10798,4529,10798,766,378
2539,3470,10799,4529,10799,766,378
2540,3470,10800,4529,10800,766,378
2539,3470,10801,4529,10801,766,378
2540,3470,10802,4529,10802,766,378
2540,3470,10803,4529,10803,766,378
2541,3470,10804,4529,10804,766,378
2539,3470,10805,4529,10805,766,378
2539,3470,10806,4529,10806,766,378
2539,3470,10807,4529,10807,766,378
2539,3470,10808,4529,10808,766,378
2540,3470,10809,4529,10809,766,378
2539,3470,10810,4529,10810,766,378
2534,3470,10811,4529,10811,766,378
2533,3470,10812,4529,10812,766,378
2531,3470,10813,4529,10813,766,377
2531,3470,10814,4529,10814,766,377
2532,3470,10815,4529,10815,766,377
2532,3470,10816,4529,10816,766,377
2532,3470,10817,4529,10817,766,377
2532,3470,10818,4529,10818,766,377
2531,3470,10819,4529,10819,766,377
2527,3470,10820,4529,10820,766,377
2527,3470,10821,4529,10821,766,377
2527,3470,10822,4529,10822,766,377
2528,3470,10823,4529,10823,766,377
2527,3470,10824,4529,10824,766,377
2524,3470,10825,4529,10825,766,376
2523,3470,10826,4529,10826,766,376
2521,3470,10827,4529,10827,766,376
2521,3470,10828,4529,10828,766,376
2521,3470,10829,4529,10829,766,376
2518,3470,10830,4529,10830,766,374
2515,3470,10831,4529,10831,766,374
2515,3470,10832,4529,10832,766,374
2516,3470,10833,4529,10833,766,374
2517,3470,10834,4529,10834,766,374
2518,3470,10835,4529,10835,766,374
2519,3470,10836,4529,10836,766,374
2519,3470,10837,4529,10837,766,374
2516,3470,10838,4529,10838,766,374
2516,3470,10839,4529,10839,766,374
2515,3470,10840,4529,10840,766,374
2513,3470,10841,4529,10841,766,373
2511,3470,10842,4529,10842,766,373
2512,3470,10843,4529,10843,766,373
2511,3470,10844,4529,10844,766,373
2511,3470,10845,4529,10845,766,373
2511,3470,10846,4529,10846,766,373
2511,3470,10847,4529,10847,766,373
2512,3470,10848,4529,10848,766,373
2509,3470,10849,4529,10849,766,373
2509,3470,10850,4529,10850,766,373
2508,3470,10851,4529,10851,766,373
2508,3470,10852,4529,10852,766,373
2508,3470,10853,4529,10853,766,373
2507,3470,10854,4529,10854,766,373
2508,3470,10855,4529,10855,766,373
2508,3470,10856,4529,10856,766,373
2509,3470,10857,4529,10857,766,373
2510,3470,10858,4529,10858,766,373
2510,3470,10859,4529,10859,766,373
2510,3470,10860,4529,10860,766,373
2510,3470,10861,4529,10861,766,373
2510,3470,10862,4529,10862,766,373
2510,3470,10863,4529,10863,766,373
2510,3470,10864,4529,10864,766,373
2509,3470,10865,4529,10865,766,373
2509,3470,10866,4529,10866,766,373
2510,3470,10867,4529,10867,766,373
2511,3470,10868,4529,10868,766,373
2510,3470,10869,4529,10869,766,373
2509,3470,10870,4529,10870,766,373
2509,3470,10871,4529,10871,766,373
2509,3470,10872,4529,10872,766,373
2509,3470,10873,4529,10873,766,373
2510,3470,10874,4529,10874,766,373
2509,3470,10875,4529,10875,766,373
2508,3470,10876,4529,10876,766,373
2508,3470,10877,4529,10877,766,373
2508,3470,10878,4529,10878,766,373
2509,3470,10879,4529,10879,766,373
2509,3470,10880,4529,10880,766,373
2509,3470,10881,4529,10881,766,373
2509,3470,10882,4529,10882,766,373
2510,3470,10883,4529,10883,766,373
2509,3470,10884,4529,10884,766,373
2508,3470,10885,4529,10885,766,373
2507,3470,10886,4529,10886,766,373
2507,3470,10887,4529,10887,766,373
2508,3470,10888,4529,10888,766,373
2508,3470,10889,4529,10889,766,373
2506,3470,10890,4529,10890,766,373
2505,3470,10891,4529,10891,766,373
2506,3470,10892,4529,10892,766,373
2506,3470,10893,4529,10893,766,373
2506,3470,10894,4529,10894,766,373
2506,3470,10895,4529,10895,766,373
2507,3470,10896,4529,10896,766,373
2505,3470,10897,4529,10897,766,373
2506,3470,10898,4529,10898,766,373
2507,3470,10899,4529,10899,766,373
2508,3470,10900,4529,10900,766,373
2508,3470,10901,4529,10901,766,373
2508,3470,10902,4529,10902,766,373
2506,3470,10903,4529,10903,766,372
2507,3470,10904,4529,10904,766,372
2508,3470,10905,4529,10905,766,372
2507,3470,10906,4529,10906,766,372
2506,3470,10907,4529,10907,766,372
2505,3470,10908,4529,10908,766,372
2506,3470,10909,4529,10909,766,372
2506,3470,10910,4529,10910,766,372
2504,3470,10911,4529,10911,766,372
2505,3470,10912,4529,10912,766,372
2504,3470,10913,4529,10913,766,372
2504,3470,10914,4529,10914,766,372
2504,3470,10915,4529,10915,766,372
2504,3470,10916,4529,10916,766,372
2505,3470,10917,4529,10917,766,372
2505,3470,10918,4529,10918,766,372
2505,3470,10919,4529,10919,766,372
2506,3470,10920,4529,10920,766,372
2507,3470,10921,4529,10921,766,372
2508,3470,10922,4529,10922,766,372
2507,3470,10923,4529,10923,766,372
2506,3470,10924,4529,10924,766,372
2507,3470,10925,4529,10925,766,372
2508,3470,10926,4529,10926,766,372
2509,3470,10927,4529,10927,766,372
2509,3470,10928,4529,10928,766,372
2509,3470,10929,4529,10929,766,372
2510,3470,10930,4529,10930,766,372
2507,3470,10931,4529,10931,766,372
2508,3470,10932,4529,10932,766,372
2509,3470,10933,4529,10933,766,372
2509,3470,10934,4529,10934,766,372
2510,3470,10935,4529,10935,766,372
2511,3470,10936,4529,10936,766,372
2511,3470,10937,4529,10937,766,372
2511,3470,10938,4529,10938,766,372
2504,3470,10939,4529,10939,766,367
2504,3470,10940,4529,10940,766,367
2505,3470,10941,4529,10941,766,367
2505,3470,10942,4529,10942,766,367
2504,3470,10943,4529,10943,766,367
2505,3470,10944,4529,10944,766,367
2505,3470,10945,4529,10945,766,367
2506,3470,10946,4529,10946,766,367
2504,3470,10947,4529,10947,766,366
2504,3470,10948,4529,10948,766,366
2505,3470,10949,4529,10949,766,366
2505,3470,10950,4529,10950,766,366
2505,3470,10951,4529,10951,766,366
2506,3470,10952,4529,10952,766,366
2506,3470,10953,4529,10953,766,366
2507,3470,10954,4529,10954,766,366
2507,3470,10955,4529,10955,766,366
2507,3470,10956,4529,10956,766,366
2506,3470,10957,4529,10957,766,366
2506,3470,10958,4529,10958,766,366
2507,3470,10959,4529,10959,766,366
2508,3470,10960,4529,10960,766,366
2508,3470,10961,4529,10961,766,366
2508,3470,10962,4529,10962,766,366
2509,3470,10963,4529,10963,766,366
2510,3470,10964,4529,10964,766,366
2510,3470,10965,4529,10965,766,366
2510,3470,10966,4529,10966,766,366
2509,3470,10967,4529,10967,766,366
2509,3470,10968,4529,10968,766,366
2509,3470,10969,4529,10969,766,366
2509,3470,10970,4529,10970,766,366
2510,3470,10971,4529,10971,766,366
2508,3470,10972,4529,10972,766,365
2509,3470,10973,4529,10973,766,365
2509,3470,10974,4529,10974,766,365
2509,3470,10975,4529,10975,766,365
2510,3470,10976,4529,10976,766,365
2511,3470,10977,4529,10977,766,365
2511,3470,10978,4529,10978,766,365
2511,3470,10979,4529,10979,766,365
2512,3470,10980,4529,10980,766,365
2512,3470,10981,4529,10981,766,365
2512,3470,10982,4529,10982,766,365
2512,3470,10983,4529,10983,766,365
2512,3470,10984,4529,10984,766,365
2508,3470,10985,4529,10985,766,364
2508,3470,10986,4529,10986,766,364
2509,3470,10987,4529,10987,766,364
2509,3470,10988,4529,10988,766,364
2509,3470,10989,4529,10989,766,364
2510,3470,10990,4529,10990,766,364
2511,3470,10991,4529,10991,766,364
2511,3470,10992,4529,10992,766,364
2511,3470,10993,4529,10993,766,364
2512,3470,10994,4529,10994,766,364
2513,3470,10995,4529,10995,766,364
2512,3470,10996,4529,10996,766,364
2512,3470,10997,4529,10997,766,364
2512,3470,10998,4529,10998,766,364
2512,3470,10999,4529,10999,766,364
2512,3470,11000,4529,11000,766,364
2511,3470,11001,4529,11001,766,364
2509,3470,11002,4529,11002,766,363
2509,3470,11003,4529,11003,766,363
2508,3470,11004,4529,11004,766,363
2509,3470,11005,4529,11005,766,363
2509,3470,11006,4529,11006,766,363
2510,3470,11007,4529,11007,766,363
2507,3470,11008,4529,11008,766,363
2507,3470,11009,4529,11009,766,363
2508,3470,11010,4529,11010,766,363
2509,3470,11011,4529,11011,766,363
2509,3470,11012,4529,11012,766,363
2508,3470,11013,4529,11013,766,363
2508,3470,11014,4529,11014,766,363
2509,3470,11015,4529,11015,766,363
2508,3470,11016,4529,11016,766,363
2506,3470,11017,4529,11017,766,363
2504,3470,11018,4529,11018,766,363
2500,3470,11019,4529,11019,766,363
2501,3470,11020,4529,11020,766,363
2501,3470,11021,4529,11021,766,363
2502,3470,11022,4529,11022,766,363
2502,3470,11023,4529,11023,766,363
2503,3470,11024,4529,11024,766,363
2502,3470,11025,4529,11025,766,363
2502,3470,11026,4529,11026,766,363
2502,3470,11027,4529,11027,766,363
2499,3470,11028,4529,11028,766,362
2499,3470,11029,4529,11029,766,362
2499,3470,11030,4529,11030,766,362
2499,3470,11031,4529,11031,766,362
2500,3470,11032,4529,11032,766,362
2498,3470,11033,4529,11033,766,362
2499,3470,11034,4529,11034,766,362
2499,3470,11035,4529,11035,766,362
2498,3470,11036,4529,11036,766,362
2498,3470,11037,4529,11037,766,362
2498,3470,11038,4529,11038,766,362
2497,3470,11039,4529,11039,766,362
2496,3470,11040,4529,11040,766,362
2497,3470,11041,4529,11041,766,362
2498,3470,11042,4529,11042,766,362
2499,3470,11043,4529,11043,766,362
2499,3470,11044,4529,11044,766,362
2499,3470,11045,4529,11045,766,362
2499,3470,11046,4529,11046,766,362
2500,3470,11047,4529,11047,766,362
2501,3470,11048,4529,11048,766,362
2500,3470,11049,4529,11049,766,362
2500,3470,11050,4529,11050,766,362
2500,3470,11051,4529,11051,766,362
2500,3470,11052,4529,11052,766,362
2501,3470,11053,4529,11053,766,362
2501,3470,11054,4529,11054,766,362
2501,3470,11055,4529,11055,766,362
2502,3470,11056,4529,11056,766,362
2502,3470,11057,4529,11057,766,362
2502,3470,11058,4529,11058,766,362
2502,3470,11059,4529,11059,766,362
2502,3470,11060,4529,11060,766,362
2502,3470,11061,4529,11061,766,362
2501,3470,11062,4529,11062,766,362
2501,3470,11063,4529,11063,766,362
2502,3470,11064,4529,11064,766,362
2501,3470,11065,4529,11065,766,362
2501,3470,11066,4529,11066,766,362
2501,3470,11067,4529,11067,766,362
2502,3470,11068,4529,11068,766,362
2503,3470,11069,4529,11069,766,362
2504,3470,11070,4529,11070,766,362
2503,3470,11071,4529,11071,766,362
2503,3470,11072,4529,11072,766,362
2503,3470,11073,4529,11073,766,362
2502,3470,11074,4529,11074,766,362
2503,3470,11075,4529,11075,766,362
2504,3470,11076,4529,11076,766,362
2503,3470,11077,4529,11077,766,362
2502,3470,11078,4529,11078,766,362
2503,3470,11079,4529,11079,766,362
2501,3470,11080,4529,11080,766,362
2501,3470,11081,4529,11081,766,362
2501,3470,11082,4529,11082,766,362
2501,3470,11083,4529,11083,766,362
2500,3470,11084,4529,11084,766,362
2498,3470,11085,4529,11085,766,361
2495,3470,11086,4529,11086,766,361
2495,3470,11087,4529,11087,766,361
2495,3470,11088,4529,11088,766,361
2495,3470,11089,4529,11089,766,361
2495,3470,11090,4529,11090,766,361
2496,3470,11091,4529,11091,766,361
2494,3470,11092,4529,11092,766,361
2495,3470,11093,4529,11093,766,361
2494,3470,11094,4529,11094,766,361
2492,3470,11095,4529,11095,766,360
2493,3470,11096,4529,11096,766,360
2493,3470,11097,4529,11097,766,360
2493,3470,11098,4529,11098,766,360
2493,3470,11099,4529,11099,766,360
2494,3470,11100,4529,11100,766,360
2494,3470,11101,4529,11101,766,360
2494,3470,11102,4529,11102,766,360
2495,3470,11103,4529,11103,766,360
2495,3470,11104,4529,11104,766,360
2495,3470,11105,4529,11105,766,360
2493,3470,11106,4529,11106,766,360
2493,3470,11107,4529,11107,766,360
2493,3470,11108,4529,11108,766,360
2494,3470,11109,4529,11109,766,360
2493,3470,11110,4529,11110,766,360
2494,3470,11111,4529,11111,766,360
2494,3470,11112,4529,11112,766,360
2494,3470,11113,4529,11113,766,360
2494,3470,11114,4529,11114,766,360
2493,3470,11115,4529,11115,766,360
2493,3470,11116,4529,11116,766,360
2494,3470,11117,4529,11117,766,360
2494,3470,11118,4529,11118,766,360
2494,3470,11119,4529,11119,766,360
2495,3470,11120,4529,11120,766,360
2495,3470,11121,4529,11121,766,360
2493,3470,11122,4529,11122,766,360
2491,3470,11123,4529,11123,766,360
2491,3470,11124,4529,11124,766,360
2488,3470,11125,4529,11125,766,360
2489,3470,11126,4529,11126,766,360
2490,3470,11127,4529,11127,766,360
2490,3470,11128,4529,11128,766,360
2489,3470,11129,4529,11129,766,360
2490,3470,11130,4529,11130,766,360
2490,3470,11131,4529,11131,766,360
2490,3470,11132,4529,11132,766,360
2490,3470,11133,4529,11133,766,360
2490,3470,11134,4529,11134,766,360
2490,3470,11135,4529,11135,766,360
2490,3470,11136,4529,11136,766,360
2491,3470,11137,4529,11137,766,360
2492,3470,11138,4529,11138,766,360
2493,3470,11139,4529,11139,766,360
2494,3470,11140,4529,11140,766,360
2492,3470,11141,4529,11141,766,360
2491,3470,11142,4529,11142,766,360
2491,3470,11143,4529,11143,766,360
2491,3470,11144,4529,11144,766,360
2491,3470,11145,4529,11145,766,360
2491,3470,11146,4529,11146,766,360
2491,3470,11147,4529,11147,766,360
2492,3470,11148,4529,11148,766,360
2492,3470,11149,4529,11149,766,360
2492,3470,11150,4529,11150,766,360
2491,3470,11151,4529,11151,766,360
2491,3470,11152,4529,11152,766,360
2491,3470,11153,4529,11153,766,360
2492,3470,11154,4529,11154,766,360
2491,3470,11155,4529,11155,766,360
2492,3470,11156,4529,11156,766,360
2491,3470,11157,4529,11157,766,360
2489,3470,11158,4529,11158,766,360
2488,3470,11159,4529,11159,766,360
2488,3470,11160,4529,11160,766,360
2489,3470,11161,4529,11161,766,360
2488,3470,11162,4529,11162,766,360
2488,3470,11163,4529,11163,766,360
2487,3470,11164,4529,11164,766,360
2488,3470,11165,4529,11165,766,360
2488,3470,11166,4529,11166,766,360
2489,3470,11167,4529,11167,766,360
2488,3470,11168,4529,11168,766,360
2489,3470,11169,4529,11169,766,360
2490,3470,11170,4529,11170,766,360
2490,3470,11171,4529,11171,766,360
2487,3470,11172,4529,11172,766,360
2487,3470,11173,4529,11173,766,360
2487,3470,11174,4529,11174,766,360
2487,3470,11175,4529,11175,766,360
2488,3470,11176,4529,11176,766,360
2484,3470,11177,4529,11177,766,358
2485,3470,11178,4529,11178,766,358
2484,3470,11179,4529,11179,766,358
2485,3470,11180,4529,11180,766,358
2486,3470,11181,4529,11181,766,358
2486,3470,11182,4529,11182,766,358
2487,3470,11183,4529,11183,766,358
2486,3470,11184,4529,11184,766,358
2482,3470,11185,4529,11185,766,357
2482,3470,11186,4529,11186,766,357
2481,3470,11187,4529,11187,766,357
2479,3470,11188,4529,11188,766,357
2479,3470,11189,4529,11189,766,357
2479,3470,11190,4529,11190,766,357
2480,3470,11191,4529,11191,766,357
2480,3470,11192,4529,11192,766,357
2481,3470,11193,4529,11193,766,357
2481,3470,11194,4529,11194,766,357
2481,3470,11195,4529,11195,766,357
2481,3470,11196,4529,11196,766,357
2480,3470,11197,4529,11197,766,357
2478,3470,11198,4529,11198,766,357
2478,3470,11199,4529,11199,766,357
2478,3470,11200,4529,11200,766,357
2479,3470,11201,4529,11201,766,357
2480,3470,11202,4529,11202,766,357
2479,3470,11203,4529,11203,766,357
2479,3470,11204,4529,11204,766,357
2479,3470,11205,4529,11205,766,357
2479,3470,11206,4529,11206,766,357
2478,3470,11207,4529,11207,766,357
2478,3470,11208,4529,11208,766,357
2476,3470,11209,4529,11209,766,357
2476,3470,11210,4529,11210,766,357
2477,3470,11211,4529,11211,766,357
2476,3470,11212,4529,11212,766,357
2472,3470,11213,4529,11213,766,357
2472,3470,11214,4529,11214,766,357
2472,3470,11215,4529,11215,766,357
2471,3470,11216,4529,11216,766,357
2471,3470,11217,4529,11217,766,357
2472,3470,11218,4529,11218,766,357
2473,3470,11219,4529,11219,766,357
2474,3470,11220,4529,11220,766,357
2475,3470,11221,4529,11221,766,357
2475,3470,11222,4529,11222,766,357
2475,3470,11223,4529,11223,766,357
2475,3470,11224,4529,11224,766,357
2475,3470,11225,4529,11225,766,357
2475,3470,11226,4529,11226,766,357
2476,3470,11227,4529,11227,766,357
2477,3470,11228,4529,11228,766,357
2478,3470,11229,4529,11229,766,357
2479,3470,11230,4529,11230,766,357
2479,3470,11231,4529,11231,766,357
2477,3470,11232,4529,11232,766,357
2477,3470,11233,4529,11233,766,357
2477,3470,11234,4529,11234,766,357
2477,3470,11235,4529,11235,766,357
2477,3470,11236,4529,11236,766,357
2476,3470,11237,4529,11237,766,357
2477,3470,11238,4529,11238,766,357
2477,3470,11239,4529,11239,766,357
2477,3470,11240,4529,11240,766,357
2477,3470,11241,4529,11241,766,357
2477,3470,11242,4529,11242,766,357
2477,3470,11243,4529,11243,766,357
2477,3470,11244,4529,11244,766,357
2477,3470,11245,4529,11245,766,357
2478,3470,11246,4529,11246,766,357
2478,3470,11247,4529,11247,766,357
2478,3470,11248,4529,11248,766,357
2478,3470,11249,4529,11249,766,357
2477,3470,11250,4529,11250,766,357
2477,3470,11251,4529,11251,766,357
2477,3470,11252,4529,11252,766,357
2477,3470,11253,4529,11253,766,357
2477,3470,11254,4529,11254,766,357
2477,3470,11255,4529,11255,766,357
2477,3470,11256,4529,11256,766,357
2478,3470,11257,4529,11257,766,357
2478,3470,11258,4529,11258,766,357
2476,3470,11259,4529,11259,766,357
2475,3470,11260,4529,11260,766,357
2475,3470,11261,4529,11261,766,357
2475,3470,11262,4529,11262,766,357
2475,3470,11263,4529,11263,766,357
2476,3470,11264,4529,11264,766,357
2475,3470,11265,4529,11265,766,357
2474,3470,11266,4529,11266,766,357
2474,3470,11267,4529,11267,766,357
2474,3470,11268,4529,11268,766,357
2474,3470,11269,4529,11269,766,357
2473,3470,11270,4529,11270,766,357
2474,3470,11271,4529,11271,766,357
2474,3470,11272,4529,11272,766,357
2474,3470,11273,4529,11273,766,357
2474,3470,11274,4529,11274,766,357
2474,3470,11275,4529,11275,766,357
2474,3470,11276,4529,11276,766,357
2474,3470,11277,4529,11277,766,357
2475,3470,11278,4529,11278,766,357
2475,3470,11279,4529,11279,766,357
2475,3470,11280,4529,11280,766,357
2475,3470,11281,4529,11281,766,357
2475,3470,11282,4529,11282,766,357
2475,3470,11283,4529,11283,766,357
2475,3470,11284,4529,11284,766,357
2473,3470,11285,4529,11285,766,357
2473,3470,11286,4529,11286,766,357
2473,3470,11287,4529,11287,766,357
2473,3470,11288,4529,11288,766,357
2473,3470,11289,4529,11289,766,357
2474,3470,11290,4529,11290,766,357
2473,3470,11291,4529,11291,766,357
2474,3470,11292,4529,11292,766,357
2474,3470,11293,4529,11293,766,357
2475,3470,11294,4529,11294,766,357
2476,3470,11295,4529,11295,766,357
2476,3470,11296,4529,11296,766,357
2476,3470,11297,4529,11297,766,357
2474,3470,11298,4529,11298,766,357
2474,3470,11299,4529,11299,766,357
2472,3470,11300,4529,11300,766,357
2473,3470,11301,4529,11301,766,357
2473,3470,11302,4529,11302,766,357
2472,3470,11303,4529,11303,766,357
2473,3470,11304,4529,11304,766,357
2474,3470,11305,4529,11305,766,357
2474,3470,11306,4529,11306,766,357
2474,3470,11307,4529,11307,766,357
2473,3470,11308,4529,11308,766,357
2473,3470,11309,4529,11309,766,357
2473,3470,11310,4529,11310,766,357
2473,3470,11311,4529,11311,766,357
2473,3470,11312,4529,11312,766,357
2473,3470,11313,4529,11313,766,357
2473,3470,11314,4529,11314,766,357
2472,3470,11315,4529,11315,766,357
2472,3470,11316,4529,11316,766,357
2472,3470,11317,4529,11317,766,357
2470,3470,11318,4529,11318,766,357
2468,3470,11319,4529,11319,766,357
2466,3470,11320,4529,11320,766,357
2466,3470,11321,4529,11321,766,357
2466,3470,11322,4529,11322,766,357
2466,3470,11323,4529,11323,766,357
2466,3470,11324,4529,11324,766,357
2467,3470,11325,4529,11325,766,357
2467,3470,11326,4529,11326,766,357
2467,3470,11327,4529,11327,766,357
2467,3470,11328,4529,11328,766,357
2467,3470,11329,4529,11329,766,357
2467,3470,11330,4529,11330,766,357
2467,3470,11331,4529,11331,766,357
2468,3470,11332,4529,11332,766,357
2468,3470,11333,4529,11333,766,357
2469,3470,11334,4529,11334,766,357
2468,3470,11335,4529,11335,766,357
2468,3470,11336,4529,11336,766,357
2467,3470,11337,4529,11337,766,357
2467,3470,11338,4529,11338,766,357
2467,3470,11339,4529,11339,766,357
2465,3470,11340,4529,11340,766,355
2464,3470,11341,4529,11341,766,355
2465,3470,11342,4529,11342,766,355
2465,3470,11343,4529,11343,766,355
2464,3470,11344,4529,11344,766,355
2464,3470,11345,4529,11345,766,355
2465,3470,11346,4529,11346,766,355
2465,3470,11347,4529,11347,766,355
2463,3470,11348,4529,11348,766,354
2462,3470,11349,4529,11349,766,354
2462,3470,11350,4529,11350,766,354
2462,3470,11351,4529,11351,766,354
2463,3470,11352,4529,11352,766,354
2464,3470,11353,4529,11353,766,354
2465,3470,11354,4529,11354,766,354
2466,3470,11355,4529,11355,766,354
2467,3470,11356,4529,11356,766,354
2467,3470,11357,4529,11357,766,354
2467,3470,11358,4529,11358,766,354
2468,3470,11359,4529,11359,766,354
2467,3470,11360,4529,11360,766,354
2468,3470,11361,4529,11361,766,354
2469,3470,11362,4529,11362,766,354
2469,3470,11363,4529,11363,766,354
2469,3470,11364,4529,11364,766,354
2470,3470,11365,4529,11365,766,354
2471,3470,11366,4529,11366,766,354
2470,3470,11367,4529,11367,766,354
2470,3470,11368,4529,11368,766,354
2470,3470,11369,4529,11369,766,354
2470,3470,11370,4529,11370,766,354
2469,3470,11371,4529,11371,766,354
2464,3470,11372,4529,11372,766,353
2463,3470,11373,4529,11373,766,353
2463,3470,11374,4529,11374,766,353
2464,3470,11375,4529,11375,766,353
2464,3470,11376,4529,11376,766,353
2465,3470,11377,4529,11377,766,353
2466,3470,11378,4529,11378,766,353
2467,3470,11379,4529,11379,766,353
2466,3470,11380,4529,11380,766,353
2467,3470,11381,4529,11381,766,353
2468,3470,11382,4529,11382,766,353
2469,3470,11383,4529,11383,766,353
2470,3470,11384,4529,11384,766,353
2470,3470,11385,4529,11385,766,353
2470,3470,11386,4529,11386,766,353
2470,3470,11387,4529,11387,766,353
2471,3470,11388,4529,11388,766,353
2470,3470,11389,4529,11389,766,353
2469,3470,11390,4529,11390,766,353
2469,3470,11391,4529,11391,766,353
2469,3470,11392,4529,11392,766,353
2469,3470,11393,4529,11393,766,353
2469,3470,11394,4529,11394,766,353
2470,3470,11395,4529,11395,766,353
2470,3470,11396,4529,11396,766,353
2471,3470,11397,4529,11397,766,353
2471,3470,11398,4529,11398,766,353
2471,3470,11399,4529,11399,766,353
2472,3470,11400,4529,11400,766,353
2472,3470,11401,4529,11401,766,353
2471,3470,11402,4529,11402,766,353
2472,3470,11403,4529,11403,766,353
2472,3470,11404,4529,11404,766,353
2471,3470,11405,4529,11405,766,353
2472,3470,11406,4529,11406,766,353
2472,3470,11407,4529,11407,766,353
2471,3470,11408,4529,11408,766,353
2471,3470,11409,4529,11409,766,353
2471,3470,11410,4529,11410,766,353
2472,3470,11411,4529,11411,766,353
2470,3470,11412,4529,11412,766,353
2470,3470,11413,4529,11413,766,353
2467,3470,11414,4529,11414,766,353
2468,3470,11415,4529,11415,766,353
2467,3470,11416,4529,11416,766,353
2466,3470,11417,4529,11417,766,353
2467,3470,11418,4529,11418,766,353
2465,3470,11419,4529,11419,766,353
2465,3470,11420,4529,11420,766,353
2464,3470,11421,4529,11421,766,353
2464,3470,11422,4529,11422,766,353
2464,3470,11423,4529,11423,766,353
2465,3470,11424,4529,11424,766,353
2465,3470,11425,4529,11425,766,353
2466,3470,11426,4529,11426,766,353
2466,3470,11427,4529,11427,766,353
2464,3470,11428,4529,11428,766,351
2465,3470,11429,4529,11429,766,351
2464,3470,11430,4529,11430,766,351
2463,3470,11431,4529,11431,766,351
2463,3470,11432,4529,11432,766,351
2462,3470,11433,4529,11433,766,351
2463,3470,11434,4529,11434,766,351
2464,3470,11435,4529,11435,766,351
2465,3470,11436,4529,11436,766,351
2464,3470,11437,4529,11437,766,351
2464,3470,11438,4529,11438,766,351
2463,3470,11439,4529,11439,766,351
2462,3470,11440,4529,11440,766,351
2463,3470,11441,4529,11441,766,351
2464,3470,11442,4529,11442,766,351
2464,3470,11443,4529,11443,766,351
2464,3470,11444,4529,11444,766,351
2465,3470,11445,4529,11445,766,351
2465,3470,11446,4529,11446,766,351
2465,3470,11447,4529,11447,766,351
2465,3470,11448,4529,11448,766,351
2464,3470,11449,4529,11449,766,351
2464,3470,11450,4529,11450,766,351
2465,3470,11451,4529,11451,766,351
2463,3470,11452,4529,11452,766,351
2462,3470,11453,4529,11453,766,351
2462,3470,11454,4529,11454,766,351
2462,3470,11455,4529,11455,766,351
2462,3470,11456,4529,11456,766,351
2463,3470,11457,4529,11457,766,351
2464,3470,11458,4529,11458,766,351
2465,3470,11459,4529,11459,766,351
2462,3470,11460,4529,11460,766,350
2461,3470,11461,4529,11461,766,350
2462,3470,11462,4529,11462,766,350
2462,3470,11463,4529,11463,766,350
2460,3470,11464,4529,11464,766,350
2460,3470,11465,4529,11465,766,350
2461,3470,11466,4529,11466,766,350
2462,3470,11467,4529,11467,766,350
2460,3470,11468,4529,11468,766,350
2460,3470,11469,4529,11469,766,350
2459,3470,11470,4529,11470,766,350
2453,3470,11471,4529,11471,766,346
2453,3470,11472,4529,11472,766,346
2451,3470,11473,4529,11473,766,346
2451,3470,11474,4529,11474,766,346
2450,3470,11475,4529,11475,766,346
2450,3470,11476,4529,11476,766,346
2450,3470,11477,4529,11477,766,346
2450,3470,11478,4529,11478,766,346
2450,3470,11479,4529,11479,766,346
2449,3470,11480,4529,11480,766,346
2449,3470,11481,4529,11481,766,346
2449,3470,11482,4529,11482,766,346
2449,3470,11483,4529,11483,766,346
2449,3470,11484,4529,11484,766,346
2450,3470,11485,4529,11485,766,346
2451,3470,11486,4529,11486,766,346
2451,3470,11487,4529,11487,766,346
2450,3470,11488,4529,11488,766,346
2450,3470,11489,4529,11489,766,346
2450,3470,11490,4529,11490,766,346
2451,3470,11491,4529,11491,766,346
2450,3470,11492,4529,11492,766,346
2450,3470,11493,4529,11493,766,346
2450,3470,11494,4529,11494,766,346
2449,3470,11495,4529,11495,766,346
2449,3470,11496,4529,11496,766,346
2450,3470,11497,4529,11497,766,346
2451,3470,11498,4529,11498,766,346
2451,3470,11499,4529,11499,766,346
2451,3470,11500,4529,11500,766,346
2451,3470,11501,4529,11501,766,346
2450,3470,11502,4529,11502,766,346
2450,3470,11503,4529,11503,766,346
2451,3470,11504,4529,11504,766,346
2452,3470,11505,4529,11505,766,346
2451,3470,11506,4529,11506,766,346
2451,3470,11507,4529,11507,766,346
2451,3470,11508,4529,11508,766,346
2451,3470,11509,4529,11509,766,346
2451,3470,11510,4529,11510,766,346
2450,3470,11511,4529,11511,766,346
2451,3470,11512,4529,11512,766,346
2451,3470,11513,4529,11513,766,346
2450,3470,11514,4529,11514,766,346
2448,3470,11515,4529,11515,766,345
2448,3470,11516,4529,11516,766,345
2448,3470,11517,4529,11517,766,345
2448,3470,11518,4529,11518,766,345
2448,3470,11519,4529,11519,766,345
2448,3470,11520,4529,11520,766,345
2448,3470,11521,4529,11521,766,345
2448,3470,11522,4529,11522,766,345
2448,3470,11523,4529,11523,766,345
2448,3470,11524,4529,11524,766,345
2449,3470,11525,4529,11525,766,345
2450,3470,11526,4529,11526,766,345
2449,3470,11527,4529,11527,766,345
2449,3470,11528,4529,11528,766,345
2450,3470,11529,4529,11529,766,345
2450,3470,11530,4529,11530,766,345
2450,3470,11531,4529,11531,766,345
2451,3470,11532,4529,11532,766,345
2451,3470,11533,4529,11533,766,345
2452,3470,11534,4529,11534,766,345
2452,3470,11535,4529,11535,766,345
2453,3470,11536,4529,11536,766,345
2453,3470,11537,4529,11537,766,345
2454,3470,11538,4529,11538,766,345
2454,3470,11539,4529,11539,766,345
2455,3470,11540,4529,11540,766,345
2456,3470,11541,4529,11541,766,345
2455,3470,11542,4529,11542,766,345
2452,3470,11543,4529,11543,766,343
2452,3470,11544,4529,11544,766,343
2452,3470,11545,4529,11545,766,343
2452,3470,11546,4529,11546,766,343
2452,3470,11547,4529,11547,766,343
2451,3470,11548,4529,11548,766,342
2447,3470,11549,4529,11549,766,342
2447,3470,11550,4529,11550,766,342
2446,3470,11551,4529,11551,766,342
2445,3470,11552,4529,11552,766,342
2445,3470,11553,4529,11553,766,342
2445,3470,11554,4529,11554,766,342
2445,3470,11555,4529,11555,766,342
2443,3470,11556,4529,11556,766,342
2444,3470,11557,4529,11557,766,342
2445,3470,11558,4529,11558,766,342
2445,3470,11559,4529,11559,766,342
2445,3470,11560,4529,11560,766,342
2446,3470,11561,4529,11561,766,342
2446,3470,11562,4529,11562,766,342
2441,3470,11563,4529,11563,766,341
2441,3470,11564,4529,11564,766,341
2442,3470,11565,4529,11565,766,341
2443,3470,11566,4529,11566,766,341
2443,3470,11567,4529,11567,766,341
2444,3470,11568,4529,11568,766,341
2445,3470,11569,4529,11569,766,341
2446,3470,11570,4529,11570,766,341
2444,3470,11571,4529,11571,766,341
2444,3470,11572,4529,11572,766,341
2443,3470,11573,4529,11573,766,341
2443,3470,11574,4529,11574,766,341
2442,3470,11575,4529,11575,766,341
2442,3470,11576,4529,11576,766,341
2443,3470,11577,4529,11577,766,341
2443,3470,11578,4529,11578,766,341
2444,3470,11579,4529,11579,766,341
2444,3470,11580,4529,11580,766,341
2445,3470,11581,4529,11581,766,341
2445,3470,11582,4529,11582,766,341
2445,3470,11583,4529,11583,766,341
2445,3470,11584,4529,11584,766,341
2445,3470,11585,4529,11585,766,341
2446,3470,11586,4529,11586,766,341
2446,3470,11587,4529,11587,766,341
2447,3470,11588,4529,11588,766,341
2447,3470,11589,4529,11589,766,341
2448,3470,11590,4529,11590,766,341
2448,3470,11591,4529,11591,766,341
2448,3470,11592,4529,11592,766,341
2448,3470,11593,4529,11593,766,341
2448,3470,11594,4529,11594,766,341
2449,3470,11595,4529,11595,766,341
2449,3470,11596,4529,11596,766,341
2450,3470,11597,4529,11597,766,341
2450,3470,11598,4529,11598,766,341
2451,3470,11599,4529,11599,766,341
2452,3470,11600,4529,11600,766,341
2451,3470,11601,4529,11601,766,341
2451,3470,11602,4529,11602,766,341
2450,3470,11603,4529,11603,766,341
2451,3470,11604,4529,11604,766,341
2451,3470,11605,4529,11605,766,341
2451,3470,11606,4529,11606,766,341
2452,3470,11607,4529,11607,766,341
2453,3470,11608,4529,11608,766,341
2453,3470,11609,4529,11609,766,341
2454,3470,11610,4529,11610,766,341
2451,3470,11611,4529,11611,766,340
2451,3470,11612,4529,11612,766,340
2452,3470,11613,4529,11613,766,340
2452,3470,11614,4529,11614,766,340
2451,3470,11615,4529,11615,766,340
2449,3470,11616,4529,11616,766,340
2449,3470,11617,4529,11617,766,340
2449,3470,11618,4529,11618,766,340
2450,3470,11619,4529,11619,766,340
2450,3470,11620,4529,11620,766,340
2449,3470,11621,4529,11621,766,340
2449,3470,11622,4529,11622,766,340
2450,3470,11623,4529,11623,766,340
2448,3470,11624,4529,11624,766,340
2448,3470,11625,4529,11625,766,340
2448,3470,11626,4529,11626,766,340
2448,3470,11627,4529,11627,766,340
2449,3470,11628,4529,11628,766,340
2447,3470,11629,4529,11629,766,340
2447,3470,11630,4529,11630,766,340
2446,3470,11631,4529,11631,766,340
2447,3470,11632,4529,11632,766,340
2447,3470,11633,4529,11633,766,340
2448,3470,11634,4529,11634,766,340
2449,3470,11635,4529,11635,766,340
2449,3470,11636,4529,11636,766,340
2448,3470,11637,4529,11637,766,340
2449,3470,11638,4529,11638,766,340
2449,3470,11639,4529,11639,766,340
2450,3470,11640,4529,11640,766,340
2450,3470,11641,4529,11641,766,340
2450,3470,11642,4529,11642,766,340
2447,3470,11643,4529,11643,766,339
2445,3470,11644,4529,11644,766,339
2445,3470,11645,4529,11645,766,339
2443,3470,11646,4529,11646,766,339
2444,3470,11647,4529,11647,766,339
2445,3470,11648,4529,11648,766,339
2443,3470,11649,4529,11649,766,339
2444,3470,11650,4529,11650,766,339
2445,3470,11651,4529,11651,766,339
2444,3470,11652,4529,11652,766,339
2444,3470,11653,4529,11653,766,339
2444,3470,11654,4529,11654,766,339
2445,3470,11655,4529,11655,766,339
2445,3470,11656,4529,11656,766,339
2445,3470,11657,4529,11657,766,339
2440,3470,11658,4529,11658,766,339
2440,3470,11659,4529,11659,766,339
2440,3470,11660,4529,11660,766,339
2440,3470,11661,4529,11661,766,339
2441,3470,11662,4529,11662,766,339
2441,3470,11663,4529,11663,766,339
2441,3470,11664,4529,11664,766,339
2440,3470,11665,4529,11665,766,339
2441,3470,11666,4529,11666,766,339
2439,3470,11667,4529,11667,766,339
2440,3470,11668,4529,11668,766,339
2440,3470,11669,4529,11669,766,339
2439,3470,11670,4529,11670,766,339
2440,3470,11671,4529,11671,766,339
2441,3470,11672,4529,11672,766,339
2440,3470,11673,4529,11673,766,339
2438,3470,11674,4529,11674,766,339
2438,3470,11675,4529,11675,766,339
2438,3470,11676,4529,11676,766,339
2439,3470,11677,4529,11677,766,339
2439,3470,11678,4529,11678,766,339
2440,3470,11679,4529,11679,766,339
2441,3470,11680,4529,11680,766,339
2441,3470,11681,4529,11681,766,339
2438,3470,11682,4529,11682,766,339
2439,3470,11683,4529,11683,766,339
2439,3470,11684,4529,11684,766,339
2438,3470,11685,4529,11685,766,339
2439,3470,11686,4529,11686,766,339
2440,3470,11687,4529,11687,766,339
2439,3470,11688,4529,11688,766,339
2440,3470,11689,4529,11689,766,339
2439,3470,11690,4529,11690,766,339
2439,3470,11691,4529,11691,766,339
2439,3470,11692,4529,11692,766,339
2438,3470,11693,4529,11693,766,339
2438,3470,11694,4529,11694,766,339
2438,3470,11695,4529,11695,766,339
2434,3470,11696,4529,11696,766,338
2434,3470,11697,4529,11697,766,338
2432,3470,11698,4529,11698,766,338
2432,3470,11699,4529,11699,766,338
2432,3470,11700,4529,11700,766,338
2432,3470,11701,4529,11701,766,338
2431,3470,11702,4529,11702,766,338
2432,3470,11703,4529,11703,766,338
2433,3470,11704,4529,11704,766,338
2430,3470,11705,4529,11705,766,338
2431,3470,11706,4529,11706,766,338
2431,3470,11707,4529,11707,766,338
2426,3470,11708,4529,11708,766,338
2426,3470,11709,4529,11709,766,338
2427,3470,11710,4529,11710,766,338
2426,3470,11711,4529,11711,766,338
2426,3470,11712,4529,11712,766,338
2426,3470,11713,4529,11713,766,338
2426,3470,11714,4529,11714,766,338
2425,3470,11715,4529,11715,766,338
2426,3470,11716,4529,11716,766,338
2425,3470,11717,4529,11717,766,338
2426,3470,11718,4529,11718,766,338
2426,3470,11719,4529,11719,766,338
2426,3470,11720,4529,11720,766,338
2426,3470,11721,4529,11721,766,338
2426,3470,11722,4529,11722,766,338
2426,3470,11723,4529,11723,766,338
2427,3470,11724,4529,11724,766,338
2428,3470,11725,4529,11725,766,338
2426,3470,11726,4529,11726,766,338
2426,3470,11727,4529,11727,766,338
2426,3470,11728,4529,11728,766,338
2426,3470,11729,4529,11729,766,338
2426,3470,11730,4529,11730,766,338
2426,3470,11731,4529,11731,766,338
2427,3470,11732,4529,11732,766,338
2424,3470,11733,4529,11733,766,337
2422,3470,11734,4529,11734,766,337
2422,3470,11735,4529,11735,766,337
2422,3470,11736,4529,11736,766,337
2422,3470,11737,4529,11737,766,337
2422,3470,11738,4529,11738,766,337
2423,3470,11739,4529,11739,766,337
2424,3470,11740,4529,11740,766,337
2424,3470,11741,4529,11741,766,337
2425,3470,11742,4529,11742,766,337
2425,3470,11743,4529,11743,766,337
2425,3470,11744,4529,11744,766,337
2424,3470,11745,4529,11745,766,337
2425,3470,11746,4529,11746,766,337
2426,3470,11747,4529,11747,766,337
2424,3470,11748,4529,11748,766,337
2425,3470,11749,4529,11749,766,337
2426,3470,11750,4529,11750,766,337
2426,3470,11751,4529,11751,766,337
2427,3470,11752,4529,11752,766,337
2426,3470,11753,4529,11753,766,337
2426,3470,11754,4529,11754,766,337
2427,3470,11755,4529,11755,766,337
2427,3470,11756,4529,11756,766,337
2424,3470,11757,4529,11757,766,337
2425,3470,11758,4529,11758,766,337
2425,3470,11759,4529,11759,766,337
2426,3470,11760,4529,11760,766,337
2427,3470,11761,4529,11761,766,337
2428,3470,11762,4529,11762,766,337
2428,3470,11763,4529,11763,766,337
2429,3470,11764,4529,11764,766,337
2429,3470,11765,4529,11765,766,337
2427,3470,11766,4529,11766,766,337
2428,3470,11767,4529,11767,766,337
2428,3470,11768,4529,11768,766,337
2428,3470,11769,4529,11769,766,337
2427,3470,11770,4529,11770,766,337
2428,3470,11771,4529,11771,766,337
2428,3470,11772,4529,11772,766,337
2429,3470,11773,4529,11773,766,337
2429,3470,11774,4529,11774,766,337
2429,3470,11775,4529,11775,766,337
2429,3470,11776,4529,11776,766,337
2429,3470,11777,4529,11777,766,337
2429,3470,11778,4529,11778,766,337
2429,3470,11779,4529,11779,766,337
2429,3470,11780,4529,11780,766,337
2430,3470,11781,4529,11781,766,337
2431,3470,11782,4529,11782,766,337
2431,3470,11783,4529,11783,766,337
2431,3470,11784,4529,11784,766,337
2431,3470,11785,4529,11785,766,337
2431,3470,11786,4529,11786,766,337
2431,3470,11787,4529,11787,766,337
2428,3470,11788,4529,11788,766,337
2428,3470,11789,4529,11789,766,337
2428,3470,11790,4529,11790,766,337
2428,3470,11791,4529,11791,766,337
2428,3470,11792,4529,11792,766,337
2428,3470,11793,4529,11793,766,337
2427,3470,11794,4529,11794,766,337
2427,3470,11795,4529,11795,766,337
2427,3470,11796,4529,11796,766,337
2428,3470,11797,4529,11797,766,337
2428,3470,11798,4529,11798,766,337
2428,3470,11799,4529,11799,766,337
2425,3470,11800,4529,11800,766,337
2425,3470,11801,4529,11801,766,337
2426,3470,11802,4529,11802,766,337
2424,3470,11803,4529,11803,766,337
2425,3470,11804,4529,11804,766,337
2426,3470,11805,4529,11805,766,337
2427,3470,11806,4529,11806,766,337
2427,3470,11807,4529,11807,766,337
2427,3470,11808,4529,11808,766,337
2426,3470,11809,4529,11809,766,337
2427,3470,11810,4529,11810,766,337
2428,3470,11811,4529,11811,766,337
2429,3470,11812,4529,11812,766,337
2429,3470,11813,4529,11813,766,337
2428,3470,11814,4529,11814,766,337
2428,3470,11815,4529,11815,766,337
2428,3470,11816,4529,11816,766,337
2428,3470,11817,4529,11817,766,337
2428,3470,11818,4529,11818,766,337
2428,3470,11819,4529,11819,766,337
2428,3470,11820,4529,11820,766,337
2429,3470,11821,4529,11821,766,337
2428,3470,11822,4529,11822,766,336
2428,3470,11823,4529,11823,766,336
2428,3470,11824,4529,11824,766,336
2429,3470,11825,4529,11825,766,336
2429,3470,11826,4529,11826,766,336
2428,3470,11827,4529,11827,766,336
2427,3470,11828,4529,11828,766,336
2427,3470,11829,4529,11829,766,336
2427,3470,11830,4529,11830,766,336
2426,3470,11831,4529,11831,766,336
2427,3470,11832,4529,11832,766,336
2428,3470,11833,4529,11833,766,336
2427,3470,11834,4529,11834,766,336
2426,3470,11835,4529,11835,766,336
2426,3470,11836,4529,11836,766,336
2427,3470,11837,4529,11837,766,336
2427,3470,11838,4529,11838,766,336
2426,3470,11839,4529,11839,766,336
2427,3470,11840,4529,11840,766,336
2427,3470,11841,4529,11841,766,336
2428,3470,11842,4529,11842,766,336
2427,3470,11843,4529,11843,766,336
2427,3470,11844,4529,11844,766,336
2428,3470,11845,4529,11845,766,336
2425,3470,11846,4529,11846,766,335
2426,3470,11847,4529,11847,766,335
2426,3470,11848,4529,11848,766,335
2426,3470,11849,4529,11849,766,335
2422,3470,11850,4529,11850,766,335
2422,3470,11851,4529,11851,766,335
2422,3470,11852,4529,11852,766,335
2423,3470,11853,4529,11853,766,335
2424,3470,11854,4529,11854,766,335
2424,3470,11855,4529,11855,766,335
2423,3470,11856,4529,11856,766,335
2424,3470,11857,4529,11857,766,335
2424,3470,11858,4529,11858,766,335
2425,3470,11859,4529,11859,766,335
2425,3470,11860,4529,11860,766,335
2425,3470,11861,4529,11861,766,335
2426,3470,11862,4529,11862,766,335
2424,3470,11863,4529,11863,766,334
2424,3470,11864,4529,11864,766,334
2424,3470,11865,4529,11865,766,334
2421,3470,11866,4529,11866,766,332
2421,3470,11867,4529,11867,766,332
2422,3470,11868,4529,11868,766,332
2422,3470,11869,4529,11869,766,332
2422,3470,11870,4529,11870,766,332
2421,3470,11871,4529,11871,766,332
2421,3470,11872,4529,11872,766,332
2422,3470,11873,4529,11873,766,332
2422,3470,11874,4529,11874,766,332
2420,3470,11875,4529,11875,766,332
2421,3470,11876,4529,11876,766,332
2422,3470,11877,4529,11877,766,332
2422,3470,11878,4529,11878,766,332
2423,3470,11879,4529,11879,766,332
2424,3470,11880,4529,11880,766,332
2422,3470,11881,4529,11881,766,332
2422,3470,11882,4529,11882,766,332
2423,3470,11883,4529,11883,766,332
2424,3470,11884,4529,11884,766,332
2424,3470,11885,4529,11885,766,332
2424,3470,11886,4529,11886,766,332
2424,3470,11887,4529,11887,766,332
2421,3470,11888,4529,11888,766,332
2421,3470,11889,4529,11889,766,332
2422,3470,11890,4529,11890,766,332
2422,3470,11891,4529,11891,766,332
2421,3470,11892,4529,11892,766,332
2421,3470,11893,4529,11893,766,332
2419,3470,11894,4529,11894,766,332
2419,3470,11895,4529,11895,766,332
2419,3470,11896,4529,11896,766,332
2419,3470,11897,4529,11897,766,332
2420,3470,11898,4529,11898,766,332
2420,3470,11899,4529,11899,766,332
2421,3470,11900,4529,11900,766,332
2422,3470,11901,4529,11901,766,332
2422,3470,11902,4529,11902,766,332
2420,3470,11903,4529,11903,766,332
2421,3470,11904,4529,11904,766,332
2420,3470,11905,4529,11905,766,332
2420,3470,11906,4529,11906,766,332
2421,3470,11907,4529,11907,766,332
2422,3470,11908,4529,11908,766,332
2422,3470,11909,4529,11909,766,332
2423,3470,11910,4529,11910,766,332
2423,3470,11911,4529,11911,766,332
2423,3470,11912,4529,11912,766,332
2423,3470,11913,4529,11913,766,332
2424,3470,11914,4529,11914,766,332
2422,3470,11915,4529,11915,766,332
2420,3470,11916,4529,11916,766,332
2421,3470,11917,4529,11917,766,332
2422,3470,11918,4529,11918,766,332
2422,3470,11919,4529,11919,766,332
2422,3470,11920,4529,11920,766,332
2423,3470,11921,4529,11921,766,332
2424,3470,11922,4529,11922,766,332
2425,3470,11923,4529,11923,766,332
2425,3470,11924,4529,11924,766,332
2424,3470,11925,4529,11925,766,332
2424,3470,11926,4529,11926,766,332
2425,3470,11927,4529,11927,766,332
2425,3470,11928,4529,11928,766,332
2425,3470,11929,4529,11929,766,332
2426,3470,11930,4529,11930,766,332
2426,3470,11931,4529,11931,766,332
2426,3470,11932,4529,11932,766,332
2426,3470,11933,4529,11933,766,332
2426,3470,11934,4529,11934,766,332
2426,3470,11935,4529,11935,766,332
2425,3470,11936,4529,11936,766,332
2425,3470,11937,4529,11937,766,332
2424,3470,11938,4529,11938,766,332
2425,3470,11939,4529,11939,766,332
2425,3470,11940,4529,11940,766,332
2425,3470,11941,4529,11941,766,332
2426,3470,11942,4529,11942,766,332
2427,3470,11943,4529,11943,766,332
2426,3470,11944,4529,11944,766,332
2423,3470,11945,4529,11945,766,332
2424,3470,11946,4529,11946,766,332
2424,3470,11947,4529,11947,766,332
2425,3470,11948,4529,11948,766,332
2426,3470,11949,4529,11949,766,332
2425,3470,11950,4529,11950,766,332
2425,3470,11951,4529,11951,766,332
2425,3470,11952,4529,11952,766,332
2425,3470,11953,4529,11953,766,332
2425,3470,11954,4529,11954,766,332
2426,3470,11955,4529,11955,766,332
2424,3470,11956,4529,11956,766,332
2423,3470,11957,4529,11957,766,332
2423,3470,11958,4529,11958,766,332
2424,3470,11959,4529,11959,766,332
2425,3470,11960,4529,11960,766,332
2425,3470,11961,4529,11961,766,332
2425,3470,11962,4529,11962,766,332
2425,3470,11963,4529,11963,766,332
2424,3470,11964,4529,11964,766,331
2424,3470,11965,4529,11965,766,331
2424,3470,11966,4529,11966,766,331
2425,3470,11967,4529,11967,766,331
2426,3470,11968,4529,11968,766,331
2427,3470,11969,4529,11969,766,331
2427,3470,11970,4529,11970,766,331
2427,3470,11971,4529,11971,766,331
2427,3470,11972,4529,11972,766,331
2423,3470,11973,4529,11973,766,330
2423,3470,11974,4529,11974,766,330
2424,3470,11975,4529,11975,766,330
2421,3470,11976,4529,11976,766,329
2421,3470,11977,4529,11977,766,329
2422,3470,11978,4529,11978,766,329
2422,3470,11979,4529,11979,766,329
2422,3470,11980,4529,11980,766,329
2423,3470,11981,4529,11981,766,329
2423,3470,11982,4529,11982,766,329
2423,3470,11983,4529,11983,766,329
2423,3470,11984,4529,11984,766,329
2423,3470,11985,4529,11985,766,329
2423,3470,11986,4529,11986,766,329
2424,3470,11987,4529,11987,766,329
2424,3470,11988,4529,11988,766,329
2424,3470,11989,4529,11989,766,329
2424,3470,11990,4529,11990,766,329
2424,3470,11991,4529,11991,766,329
2424,3470,11992,4529,11992,766,329
2424,3470,11993,4529,11993,766,329
2424,3470,11994,4529,11994,766,329
2424,3470,11995,4529,11995,766,329
2424,3470,11996,4529,11996,766,329
2424,3470,11997,4529,11997,766,329
2423,3470,11998,4529,11998,766,329
2424,3470,11999,4529,11999,766,329
2422,3470,12000,4529,12000,766,328
2423,3470,12001,4529,12001,766,328
2423,3470,12002,4529,12002,766,328
2422,3470,12003,4529,12003,766,328
2423,3470,12004,4529,12004,766,328
2422,3470,12005,4529,12005,766,328
2422,3470,12006,4529,12006,766,328
2422,3470,12007,4529,12007,766,328
2422,3470,12008,4529,12008,766,328
2420,3470,12009,4529,12009,766,328
2419,3470,12010,4529,12010,766,328
2420,3470,12011,4529,12011,766,328
2420,3470,12012,4529,12012,766,328
2421,3470,12013,4529,12013,766,328
2419,3470,12014,4529,12014,766,328
2417,3470,12015,4529,12015,766,328
2418,3470,12016,4529,12016,766,328
2417,3470,12017,4529,12017,766,328
2417,3470,12018,4529,12018,766,328
2416,3470,12019,4529,12019,766,328
2416,3470,12020,4529,12020,766,328
2416,3470,12021,4529,12021,766,328
2416,3470,12022,4529,12022,766,328
2415,3470,12023,4529,12023,766,328
2415,3470,12024,4529,12024,766,328
2415,3470,12025,4529,12025,766,328
2416,3470,12026,4529,12026,766,328
2416,3470,12027,4529,12027,766,328
2417,3470,12028,4529,12028,766,328
2417,3470,12029,4529,12029,766,328
2418,3470,12030,4529,12030,766,328
2418,3470,12031,4529,12031,766,328
2419,3470,12032,4529,12032,766,328
2419,3470,12033,4529,12033,766,328
2419,3470,12034,4529,12034,766,328
2419,3470,12035,4529,12035,766,328
2418,3470,12036,4529,12036,766,328
2417,3470,12037,4529,12037,766,328
2417,3470,12038,4529,12038,766,328
2417,3470,12039,4529,12039,766,328
2417,3470,12040,4529,12040,766,328
2418,3470,12041,4529,12041,766,328
2418,3470,12042,4529,12042,766,328
2418,3470,12043,4529,12043,766,328
2417,3470,12044,4529,12044,766,328
2417,3470,12045,4529,12045,766,328
2417,3470,12046,4529,12046,766,328
2417,3470,12047,4529,12047,766,328
2416,3470,12048,4529,12048,766,328
2417,3470,12049,4529,12049,766,328
2417,3470,12050,4529,12050,766,328
2417,3470,12051,4529,12051,766,328
2418,3470,12052,4529,12052,766,328
2417,3470,12053,4529,12053,766,328
2414,3470,12054,4529,12054,766,327
2410,3470,12055,4529,12055,766,326
2408,3470,12056,4529,12056,766,326
2409,3470,12057,4529,12057,766,326
2409,3470,12058,4529,12058,766,326
2409,3470,12059,4529,12059,766,326
2409,3470,12060,4529,12060,766,326
2410,3470,12061,4529,12061,766,326
2410,3470,12062,4529,12062,766,326
2410,3470,12063,4529,12063,766,326
2410,3470,12064,4529,12064,766,326
2409,3470,12065,4529,12065,766,326
2407,3470,12066,4529,12066,766,326
2408,3470,12067,4529,12067,766,326
2408,3470,12068,4529,12068,766,326
2407,3470,12069,4529,12069,766,326
2405,3470,12070,4529,12070,766,326
2402,3470,12071,4529,12071,766,326
2401,3470,12072,4529,12072,766,326
2402,3470,12073,4529,12073,766,326
2402,3470,12074,4529,12074,766,326
2402,3470,12075,4529,12075,766,326
2401,3470,12076,4529,12076,766,326
2400,3470,12077,4529,12077,766,326
2400,3470,12078,4529,12078,766,326
2400,3470,12079,4529,12079,766,326
2401,3470,12080,4529,12080,766,326
2402,3470,12081,4529,12081,766,326
2403,3470,12082,4529,12082,766,326
2403,3470,12083,4529,12083,766,326
2402,3470,12084,4529,12084,766,326
2401,3470,12085,4529,12085,766,326
2401,3470,12086,4529,12086,766,326
2402,3470,12087,4529,12087,766,326
2402,3470,12088,4529,12088,766,326
2402,3470,12089,4529,12089,766,326
2402,3470,12090,4529,12090,766,326
2403,3470,12091,4529,12091,766,326
2403,3470,12092,4529,12092,766,326
2403,3470,12093,4529,12093,766,326
2403,3470,12094,4529,12094,766,326
2403,3470,12095,4529,12095,766,326
2404,3470,12096,4529,12096,766,326
2404,3470,12097,4529,12097,766,326
2405,3470,12098,4529,12098,766,326
2405,3470,12099,4529,12099,766,326
2405,3470,12100,4529,12100,766,326
2405,3470,12101,4529,12101,766,326
2405,3470,12102,4529,12102,766,326
2405,3470,12103,4529,12103,766,326
2404,3470,12104,4529,12104,766,326
2405,3470,12105,4529,12105,766,326
2405,3470,12106,4529,12106,766,326
2406,3470,12107,4529,12107,766,326
2407,3470,12108,4529,12108,766,326
2408,3470,12109,4529,12109,766,326
2405,3470,12110,4529,12110,766,325
2405,3470,12111,4529,12111,766,325
2400,3470,12112,4529,12112,766,324
2400,3470,12113,4529,12113,766,324
2400,3470,12114,4529,12114,766,324
2399,3470,12115,4529,12115,766,324
2399,3470,12116,4529,12116,766,324
2399,3470,12117,4529,12117,766,324
2399,3470,12118,4529,12118,766,324
2398,3470,12119,4529,12119,766,324
2399,3470,12120,4529,12120,766,324
2399,3470,12121,4529,12121,766,324
2398,3470,12122,4529,12122,766,324
2397,3470,12123,4529,12123,766,324
2398,3470,12124,4529,12124,766,324
2399,3470,12125,4529,12125,766,324
2399,3470,12126,4529,12126,766,324
2399,3470,12127,4529,12127,766,324
2400,3470,12128,4529,12128,766,324
2399,3470,12129,4529,12129,766,324
2399,3470,12130,4529,12130,766,324
2400,3470,12131,4529,12131,766,324
2400,3470,12132,4529,12132,766,324
2398,3470,12133,4529,12133,766,323
2399,3470,12134,4529,12134,766,323
2397,3470,12135,4529,12135,766,323
2397,3470,12136,4529,12136,766,323
2397,3470,12137,4529,12137,766,323
2397,3470,12138,4529,12138,766,323
2397,3470,12139,4529,12139,766,323
2397,3470,12140,4529,12140,766,323
2397,3470,12141,4529,12141,766,323
2397,3470,12142,4529,12142,766,323
2397,3470,12143,4529,12143,766,323
2398,3470,12144,4529,12144,766,323
2396,3470,12145,4529,12145,766,323
2396,3470,12146,4529,12146,766,323
2396,3470,12147,4529,12147,766,323
2396,3470,12148,4529,12148,766,323
2396,3470,12149,4529,12149,766,323
2394,3470,12150,4529,12150,766,323
2395,3470,12151,4529,12151,766,323
2396,3470,12152,4529,12152,766,323
2396,3470,12153,4529,12153,766,323
2394,3470,12154,4529,12154,766,323
2391,3470,12155,4529,12155,766,323
2391,3470,12156,4529,12156,766,323
2392,3470,12157,4529,12157,766,323
2392,3470,12158,4529,12158,766,323
2392,3470,12159,4529,12159,766,323
2391,3470,12160,4529,12160,766,323
2389,3470,12161,4529,12161,766,323
2389,3470,12162,4529,12162,766,323
2390,3470,12163,4529,12163,766,323
2391,3470,12164,4529,12164,766,323
2391,3470,12165,4529,12165,766,323
2392,3470,12166,4529,12166,766,323
2392,3470,12167,4529,12167,766,323
2391,3470,12168,4529,12168,766,323
2388,3470,12169,4529,12169,766,323
2389,3470,12170,4529,12170,766,323
2390,3470,12171,4529,12171,766,323
2390,3470,12172,4529,12172,766,323
2390,3470,12173,4529,12173,766,323
2389,3470,12174,4529,12174,766,323
2390,3470,12175,4529,12175,766,323
2390,3470,12176,4529,12176,766,323
2391,3470,12177,4529,12177,766,323
2391,3470,12178,4529,12178,766,323
2391,3470,12179,4529,12179,766,323
2391,3470,12180,4529,12180,766,323
2389,3470,12181,4529,12181,766,323
2390,3470,12182,4529,12182,766,323
2390,3470,12183,4529,12183,766,323
2387,3470,12184,4529,12184,766,322
2386,3470,12185,4529,12185,766,322
2386,3470,12186,4529,12186,766,322
2386,3470,12187,4529,12187,766,322
2386,3470,12188,4529,12188,766,322
2386,3470,12189,4529,12189,766,322
2387,3470,12190,4529,12190,766,322
2387,3470,12191,4529,12191,766,322
2387,3470,12192,4529,12192,766,322
2387,3470,12193,4529,12193,766,322
2388,3470,12194,4529,12194,766,322
2388,3470,12195,4529,12195,766,322
2387,3470,12196,4529,12196,766,322
2387,3470,12197,4529,12197,766,322
2385,3470,12198,4529,12198,766,322
2386,3470,12199,4529,12199,766,322
2386,3470,12200,4529,12200,766,322
2386,3470,12201,4529,12201,766,322
2386,3470,12202,4529,12202,766,322
2384,3470,12203,4529,12203,766,321
2385,3470,12204,4529,12204,766,321
2383,3470,12205,4529,12205,766,321
2384,3470,12206,4529,12206,766,321
2382,3470,12207,4529,12207,766,321
2382,3470,12208,4529,12208,766,321
2382,3470,12209,4529,12209,766,321
2382,3470,12210,4529,12210,766,321
2381,3470,12211,4529,12211,766,321
2382,3470,12212,4529,12212,766,321
2383,3470,12213,4529,12213,766,321
2383,3470,12214,4529,12214,766,321
2382,3470,12215,4529,12215,766,321
2381,3470,12216,4529,12216,766,321
2381,3470,12217,4529,12217,766,321
2382,3470,12218,4529,12218,766,321
2382,3470,12219,4529,12219,766,321
2377,3470,12220,4529,12220,766,320
2378,3470,12221,4529,12221,766,320
2378,3470,12222,4529,12222,766,320
2378,3470,12223,4529,12223,766,320
2379,3470,12224,4529,12224,766,320
2377,3470,12225,4529,12225,766,320
2377,3470,12226,4529,12226,766,320
2378,3470,12227,4529,12227,766,320
2378,3470,12228,4529,12228,766,320
2378,3470,12229,4529,12229,766,320
2378,3470,12230,4529,12230,766,320
2378,3470,12231,4529,12231,766,320
2377,3470,12232,4529,12232,766,320
2377,3470,12233,4529,12233,766,320
2374,3470,12234,4529,12234,766,320
2375,3470,12235,4529,12235,766,320
2375,3470,12236,4529,12236,766,320
2370,3470,12237,4529,12237,766,319
2370,3470,12238,4529,12238,766,319
2370,3470,12239,4529,12239,766,319
2370,3470,12240,4529,12240,766,319
2370,3470,12241,4529,12241,766,319
2370,3470,12242,4529,12242,766,319
2369,3470,12243,4529,12243,766,319
2369,3470,12244,4529,12244,766,319
2369,3470,12245,4529,12245,766,319
2370,3470,12246,4529,12246,766,319
2371,3470,12247,4529,12247,766,319
2371,3470,12248,4529,12248,766,319
2366,3470,12249,4529,12249,766,317
2366,3470,12250,4529,12250,766,317
2367,3470,12251,4529,12251,766,317
2367,3470,12252,4529,12252,766,317
2368,3470,12253,4529,12253,766,317
2368,3470,12254,4529,12254,766,317
2368,3470,12255,4529,12255,766,317
2368,3470,12256,4529,12256,766,317
2368,3470,12257,4529,12257,766,317
2368,3470,12258,4529,12258,766,317
2368,3470,12259,4529,12259,766,317
2368,3470,12260,4529,12260,766,317
2367,3470,12261,4529,12261,766,317
2367,3470,12262,4529,12262,766,317
2367,3470,12263,4529,12263,766,317
2367,3470,12264,4529,12264,766,317
2367,3470,12265,4529,12265,766,317
2367,3470,12266,4529,12266,766,317
2368,3470,12267,4529,12267,766,317
2368,3470,12268,4529,12268,766,317
2368,3470,12269,4529,12269,766,317
2368,3470,12270,4529,12270,766,317
2368,3470,12271,4529,12271,766,317
2367,3470,12272,4529,12272,766,317
2368,3470,12273,4529,12273,766,317
2368,3470,12274,4529,12274,766,317
2367,3470,12275,4529,12275,766,317
2367,3470,12276,4529,12276,766,317
2368,3470,12277,4529,12277,766,317
2367,3470,12278,4529,12278,766,317
2366,3470,12279,4529,12279,766,317
2365,3470,12280,4529,12280,766,317
2366,3470,12281,4529,12281,766,317
2367,3470,12282,4529,12282,766,317
2368,3470,12283,4529,12283,766,317
2367,3470,12284,4529,12284,766,317
2368,3470,12285,4529,12285,766,317
2369,3470,12286,4529,12286,766,317
2368,3470,12287,4529,12287,766,317
2368,3470,12288,4529,12288,766,317
2368,3470,12289,4529,12289,766,317
2368,3470,12290,4529,12290,766,317
2368,3470,12291,4529,12291,766,317
2368,3470,12292,4529,12292,766,317
2368,3470,12293,4529,12293,766,317
2369,3470,12294,4529,12294,766,317
2369,3470,12295,4529,12295,766,317
2369,3470,12296,4529,12296,766,317
2367,3470,12297,4529,12297,766,317
2367,3470,12298,4529,12298,766,317
2368,3470,12299,4529,12299,766,317
2367,3470,12300,4529,12300,766,317
2367,3470,12301,4529,12301,766,317
2367,3470,12302,4529,12302,766,317
2367,3470,12303,4529,12303,766,317
2367,3470,12304,4529,12304,766,317
2368,3470,12305,4529,12305,766,317
2368,3470,12306,4529,12306,766,317
2368,3470,12307,4529,12307,766,317
2368,3470,12308,4529,12308,766,317
2369,3470,12309,4529,12309,766,317
2365,3470,12310,4529,12310,766,316
2365,3470,12311,4529,12311,766,316
2365,3470,12312,4529,12312,766,316
2366,3470,12313,4529,12313,766,316
2366,3470,12314,4529,12314,766,316
2366,3470,12315,4529,12315,766,316
2363,3470,12316,4529,12316,766,315
2363,3470,12317,4529,12317,766,315
2363,3470,12318,4529,12318,766,315
2363,3470,12319,4529,12319,766,315
2363,3470,12320,4529,12320,766,315
2362,3470,12321,4529,12321,766,315
2361,3470,12322,4529,12322,766,315
2362,3470,12323,4529,12323,766,315
2363,3470,12324,4529,12324,766,315
2363,3470,12325,4529,12325,766,315
2361,3470,12326,4529,12326,766,315
2361,3470,12327,4529,12327,766,315
2362,3470,12328,4529,12328,766,315
2362,3470,12329,4529,12329,766,315
2362,3470,12330,4529,12330,766,315
2359,3470,12331,4529,12331,766,313
2359,3470,12332,4529,12332,766,313
2359,3470,12333,4529,12333,766,313
2358,3470,12334,4529,12334,766,313
2359,3470,12335,4529,12335,766,313
2359,3470,12336,4529,12336,766,313
2359,3470,12337,4529,12337,766,313
2359,3470,12338,4529,12338,766,313
2360,3470,12339,4529,12339,766,313
2360,3470,12340,4529,12340,766,313
2360,3470,12341,4529,12341,766,313
2360,3470,12342,4529,12342,766,313
2360,3470,12343,4529,12343,766,313
2359,3470,12344,4529,12344,766,313
2359,3470,12345,4529,12345,766,313
2360,3470,12346,4529,12346,766,313
2360,3470,12347,4529,12347,766,313
2361,3470,12348,4529,12348,766,313
2362,3470,12349,4529,12349,766,313
2362,3470,12350,4529,12350,766,313
2361,3470,12351,4529,12351,766,313
2361,3470,12352,4529,12352,766,313
2362,3470,12353,4529,12353,766,313
2362,3470,12354,4529,12354,766,313
2362,3470,12355,4529,12355,766,313
2362,3470,12356,4529,12356,766,313
2362,3470,12357,4529,12357,766,313
2362,3470,12358,4529,12358,766,313
2362,3470,12359,4529,12359,766,313
2362,3470,12360,4529,12360,766,313
2362,3470,12361,4529,12361,766,313
2362,3470,12362,4529,12362,766,313
2362,3470,12363,4529,12363,766,313
2362,3470,12364,4529,12364,766,313
2363,3470,12365,4529,12365,766,313
2363,3470,12366,4529,12366,766,313
2362,3470,12367,4529,12367,766,313
2363,3470,12368,4529,12368,766,313
2363,3470,12369,4529,12369,766,313
2363,3470,12370,4529,12370,766,313
2363,3470,12371,4529,12371,766,313
2363,3470,12372,4529,12372,766,313
2364,3470,12373,4529,12373,766,313
2364,3470,12374,4529,12374,766,313
2364,3470,12375,4529,12375,766,313
2364,3470,12376,4529,12376,766,313
2364,3470,12377,4529,12377,766,313
2365,3470,12378,4529,12378,766,313
2364,3470,12379,4529,12379,766,313
2364,3470,12380,4529,12380,766,313
2365,3470,12381,4529,12381,766,313
2365,3470,12382,4529,12382,766,313
2365,3470,12383,4529,12383,766,313
2366,3470,12384,4529,12384,766,313
2365,3470,12385,4529,12385,766,313
2365,3470,12386,4529,12386,766,313
2365,3470,12387,4529,12387,766,313
2364,3470,12388,4529,12388,766,313
2365,3470,12389,4529,12389,766,313
2366,3470,12390,4529,12390,766,313
2366,3470,12391,4529,12391,766,313
2366,3470,12392,4529,12392,766,313
2366,3470,12393,4529,12393,766,313
2365,3470,12394,4529,12394,766,312
2365,3470,12395,4529,12395,766,312
2365,3470,12396,4529,12396,766,312
2365,3470,12397,4529,12397,766,312
2362,3470,12398,4529,12398,766,312
2363,3470,12399,4529,12399,766,312
2363,3470,12400,4529,12400,766,312
2363,3470,12401,4529,12401,766,312
2364,3470,12402,4529,12402,766,312
2365,3470,12403,4529,12403,766,312
2365,3470,12404,4529,12404,766,312
2365,3470,12405,4529,12405,766,312
2361,3470,12406,4529,12406,766,311
2361,3470,12407,4529,12407,766,311
2362,3470,12408,4529,12408,766,311
2362,3470,12409,4529,12409,766,311
2363,3470,12410,4529,12410,766,311
2362,3470,12411,4529,12411,766,311
2362,3470,12412,4529,12412,766,311
2362,3470,12413,4529,12413,766,311
2363,3470,12414,4529,12414,766,311
2363,3470,12415,4529,12415,766,311
2363,3470,12416,4529,12416,766,311
2363,3470,12417,4529,12417,766,311
2363,3470,12418,4529,12418,766,311
2362,3470,12419,4529,12419,766,311
2362,3470,12420,4529,12420,766,311
2361,3470,12421,4529,12421,766,311
2359,3470,12422,4529,12422,766,311
2360,3470,12423,4529,12423,766,311
2360,3470,12424,4529,12424,766,311
2360,3470,12425,4529,12425,766,311
2360,3470,12426,4529,12426,766,311
2359,3470,12427,4529,12427,766,311
2360,3470,12428,4529,12428,766,311
2360,3470,12429,4529,12429,766,311
2361,3470,12430,4529,12430,766,311
2361,3470,12431,4529,12431,766,311
2362,3470,12432,4529,12432,766,311
2363,3470,12433,4529,12433,766,311
2361,3470,12434,4529,12434,766,311
2361,3470,12435,4529,12435,766,311
2360,3470,12436,4529,12436,766,310
2360,3470,12437,4529,12437,766,310
2361,3470,12438,4529,12438,766,310
2361,3470,12439,4529,12439,766,310
2361,3470,12440,4529,12440,766,310
2362,3470,12441,4529,12441,766,310
2360,3470,12442,4529,12442,766,310
2359,3470,12443,4529,12443,766,310
2359,3470,12444,4529,12444,766,310
2359,3470,12445,4529,12445,766,310
2359,3470,12446,4529,12446,766,310
2358,3470,12447,4529,12447,766,310
2358,3470,12448,4529,12448,766,310
2358,3470,12449,4529,12449,766,310
2358,3470,12450,4529,12450,766,310
2359,3470,12451,4529,12451,766,310
2357,3470,12452,4529,12452,766,309
2357,3470,12453,4529,12453,766,309
2357,3470,12454,4529,12454,766,309
2357,3470,12455,4529,12455,766,309
2357,3470,12456,4529,12456,766,309
2358,3470,12457,4529,12457,766,309
2357,3470,12458,4529,12458,766,309
2356,3470,12459,4529,12459,766,309
2357,3470,12460,4529,12460,766,309
2358,3470,12461,4529,12461,766,309
2358,3470,12462,4529,12462,766,309
2359,3470,12463,4529,12463,766,309
2359,3470,12464,4529,12464,766,309
2358,3470,12465,4529,12465,766,309
2358,3470,12466,4529,12466,766,309
2359,3470,12467,4529,12467,766,309
2359,3470,12468,4529,12468,766,309
2358,3470,12469,4529,12469,766,309
2359,3470,12470,4529,12470,766,309
2360,3470,12471,4529,12471,766,309
2361,3470,12472,4529,12472,766,309
2359,3470,12473,4529,12473,766,308
2359,3470,12474,4529,12474,766,308
2360,3470,12475,4529,12475,766,308
2361,3470,12476,4529,12476,766,308
2360,3470,12477,4529,12477,766,308
2359,3470,12478,4529,12478,766,308
2359,3470,12479,4529,12479,766,308
2359,3470,12480,4529,12480,766,308
2359,3470,12481,4529,12481,766,308
2354,3470,12482,4529,12482,766,308
2354,3470,12483,4529,12483,766,308
2354,3470,12484,4529,12484,766,308
2354,3470,12485,4529,12485,766,308
2354,3470,12486,4529,12486,766,308
2354,3470,12487,4529,12487,766,308
2352,3470,12488,4529,12488,766,308
2349,3470,12489,4529,12489,766,307
2349,3470,12490,4529,12490,766,307
2349,3470,12491,4529,12491,766,307
2349,3470,12492,4529,12492,766,307
2349,3470,12493,4529,12493,766,307
2349,3470,12494,4529,12494,766,307
2349,3470,12495,4529,12495,766,307
2350,3470,12496,4529,12496,766,307
2350,3470,12497,4529,12497,766,307
2350,3470,12498,4529,12498,766,307
2349,3470,12499,4529,12499,766,307
2349,3470,12500,4529,12500,766,307
2349,3470,12501,4529,12501,766,307
2348,3470,12502,4529,12502,766,307
2348,3470,12503,4529,12503,766,307
2348,3470,12504,4529,12504,766,307
2348,3470,12505,4529,12505,766,307
2348,3470,12506,4529,12506,766,307
2347,3470,12507,4529,12507,766,307
2346,3470,12508,4529,12508,766,307
2346,3470,12509,4529,12509,766,307
2346,3470,12510,4529,12510,766,307
2347,3470,12511,4529,12511,766,307
2347,3470,12512,4529,12512,766,307
2347,3470,12513,4529,12513,766,307
2348,3470,12514,4529,12514,766,307
2349,3470,12515,4529,12515,766,307
2349,3470,12516,4529,12516,766,307
2349,3470,12517,4529,12517,766,307
2349,3470,12518,4529,12518,766,307
2349,3470,12519,4529,12519,766,307
2346,3470,12520,4529,12520,766,306
2346,3470,12521,4529,12521,766,306
2346,3470,12522,4529,12522,766,306
2346,3470,12523,4529,12523,766,306
2346,3470,12524,4529,12524,766,306
2345,3470,12525,4529,12525,766,306
2346,3470,12526,4529,12526,766,306
2347,3470,12527,4529,12527,766,306
2347,3470,12528,4529,12528,766,306
2347,3470,12529,4529,12529,766,306
2346,3470,12530,4529,12530,766,306
2346,3470,12531,4529,12531,766,306
2346,3470,12532,4529,12532,766,306
2346,3470,12533,4529,12533,766,306
2347,3470,12534,4529,12534,766,306
2348,3470,12535,4529,12535,766,306
2348,3470,12536,4529,12536,766,306
2348,3470,12537,4529,12537,766,306
2347,3470,12538,4529,12538,766,306
2348,3470,12539,4529,12539,766,306
2348,3470,12540,4529,12540,766,306
2346,3470,12541,4529,12541,766,305
2344,3470,12542,4529,12542,766,305
2343,3470,12543,4529,12543,766,305
2343,3470,12544,4529,12544,766,305
2344,3470,12545,4529,12545,766,305
2344,3470,12546,4529,12546,766,305
2345,3470,12547,4529,12547,766,305
2345,3470,12548,4529,12548,766,305
2346,3470,12549,4529,12549,766,305
2343,3470,12550,4529,12550,766,305
2342,3470,12551,4529,12551,766,305
2341,3470,12552,4529,12552,766,305
2341,3470,12553,4529,12553,766,305
2340,3470,12554,4529,12554,766,305
2340,3470,12555,4529,12555,766,305
2341,3470,12556,4529,12556,766,305
2342,3470,12557,4529,12557,766,305
2342,3470,12558,4529,12558,766,305
2340,3470,12559,4529,12559,766,305
2340,3470,12560,4529,12560,766,305
2340,3470,12561,4529,12561,766,305
2340,3470,12562,4529,12562,766,305
2341,3470,12563,4529,12563,766,305
2341,3470,12564,4529,12564,766,305
2341,3470,12565,4529,12565,766,305
2341,3470,12566,4529,12566,766,305
2341,3470,12567,4529,12567,766,305
2342,3470,12568,4529,12568,766,305
2341,3470,12569,4529,12569,766,305
2341,3470,12570,4529,12570,766,305
2341,3470,12571,4529,12571,766,305
2342,3470,12572,4529,12572,766,305
2343,3470,12573,4529,12573,766,305
2341,3470,12574,4529,12574,766,305
2339,3470,12575,4529,12575,766,305
2338,3470,12576,4529,12576,766,305
2337,3470,12577,4529,12577,766,305
2337,3470,12578,4529,12578,766,305
2338,3470,12579,4529,12579,766,305
2338,3470,12580,4529,12580,766,305
2339,3470,12581,4529,12581,766,305
2339,3470,12582,4529,12582,766,305
2338,3470,12583,4529,12583,766,305
2338,3470,12584,4529,12584,766,305
2338,3470,12585,4529,12585,766,305
2338,3470,12586,4529,12586,766,305
2339,3470,12587,4529,12587,766,305
2338,3470,12588,4529,12588,766,305
2335,3470,12589,4529,12589,766,305
2336,3470,12590,4529,12590,766,305
2335,3470,12591,4529,12591,766,305
2336,3470,12592,4529,12592,766,305
2336,3470,12593,4529,12593,766,305
2337,3470,12594,4529,12594,766,305
2336,3470,12595,4529,12595,766,305
2335,3470,12596,4529,12596,766,305
2336,3470,12597,4529,12597,766,305
2337,3470,12598,4529,12598,766,305
2336,3470,12599,4529,12599,766,305
2331,3470,12600,4529,12600,766,302
2332,3470,12601,4529,12601,766,302
2332,3470,12602,4529,12602,766,302
2331,3470,12603,4529,12603,766,302
2331,3470,12604,4529,12604,766,302
2332,3470,12605,4529,12605,766,302
2332,3470,12606,4529,12606,766,302
2329,3470,12607,4529,12607,766,299
2330,3470,12608,4529,12608,766,299
2331,3470,12609,4529,12609,766,299
2330,3470,12610,4529,12610,766,299
2330,3470,12611,4529,12611,766,299
2330,3470,12612,4529,12612,766,299
2329,3470,12613,4529,12613,766,299
2329,3470,12614,4529,12614,766,299
2327,3470,12615,4529,12615,766,298
2327,3470,12616,4529,12616,766,298
2327,3470,12617,4529,12617,766,298
2326,3470,12618,4529,12618,766,298
2325,3470,12619,4529,12619,766,298
2324,3470,12620,4529,12620,766,298
2323,3470,12621,4529,12621,766,298
2323,3470,12622,4529,12622,766,298
2323,3470,12623,4529,12623,766,298
2322,3470,12624,4529,12624,766,298
2322,3470,12625,4529,12625,766,298
2323,3470,12626,4529,12626,766,298
2323,3470,12627,4529,12627,766,298
2323,3470,12628,4529,12628,766,298
2324,3470,12629,4529,12629,766,298
2324,3470,12630,4529,12630,766,298
2325,3470,12631,4529,12631,766,298
2325,3470,12632,4529,12632,766,298
2324,3470,12633,4529,12633,766,298
2324,3470,12634,4529,12634,766,298
2324,3470,12635,4529,12635,766,298
2324,3470,12636,4529,12636,766,298
2323,3470,12637,4529,12637,766,298
2322,3470,12638,4529,12638,766,298
2323,3470,12639,4529,12639,766,298
2324,3470,12640,4529,12640,766,298
2324,3470,12641,4529,12641,766,298
2325,3470,12642,4529,12642,766,298
2325,3470,12643,4529,12643,766,298
2323,3470,12644,4529,12644,766,298
2323,3470,12645,4529,12645,766,298
2322,3470,12646,4529,12646,766,298
2322,3470,12647,4529,12647,766,298
2323,3470,12648,4529,12648,766,298
2323,3470,12649,4529,12649,766,298
2323,3470,12650,4529,12650,766,298
2323,3470,12651,4529,12651,766,298
2322,3470,12652,4529,12652,766,298
2322,3470,12653,4529,12653,766,298
2322,3470,12654,4529,12654,766,298
2323,3470,12655,4529,12655,766,298
2323,3470,12656,4529,12656,766,298
2323,3470,12657,4529,12657,766,298
2324,3470,12658,4529,12658,766,298
2325,3470,12659,4529,12659,766,298
2325,3470,12660,4529,12660,766,298
2326,3470,12661,4529,12661,766,298
2326,3470,12662,4529,12662,766,298
2326,3470,12663,4529,12663,766,298
2327,3470,12664,4529,12664,766,298
2328,3470,12665,4529,12665,766,298
2328,3470,12666,4529,12666,766,298
2328,3470,12667,4529,12667,766,298
2327,3470,12668,4529,12668,766,298
2326,3470,12669,4529,12669,766,298
2326,3470,12670,4529,12670,766,298
2327,3470,12671,4529,12671,766,298
2324,3470,12672,4529,12672,766,297
2324,3470,12673,4529,12673,766,297
2324,3470,12674,4529,12674,766,297
2322,3470,12675,4529,12675,766,297
2322,3470,12676,4529,12676,766,297
2322,3470,12677,4529,12677,766,297
2322,3470,12678,4529,12678,766,297
2322,3470,12679,4529,12679,766,297
2323,3470,12680,4529,12680,766,297
2323,3470,12681,4529,12681,766,297
2323,3470,12682,4529,12682,766,297
2323,3470,12683,4529,12683,766,297
2323,3470,12684,4529,12684,766,297
2322,3470,12685,4529,12685,766,297
2322,3470,12686,4529,12686,766,297
2322,3470,12687,4529,12687,766,297
2322,3470,12688,4529,12688,766,297
2322,3470,12689,4529,12689,766,297
2322,3470,12690,4529,12690,766,297
2322,3470,12691,4529,12691,766,297
2321,3470,12692,4529,12692,766,297
2321,3470,12693,4529,12693,766,297
2321,3470,12694,4529,12694,766,297
2321,3470,12695,4529,12695,766,297
2321,3470,12696,4529,12696,766,297
2321,3470,12697,4529,12697,766,297
2321,3470,12698,4529,12698,766,297
2321,3470,12699,4529,12699,766,297
2322,3470,12700,4529,12700,766,297
2319,3470,12701,4529,12701,766,297
2317,3470,12702,4529,12702,766,296
2317,3470,12703,4529,12703,766,296
2316,3470,12704,4529,12704,766,296
2317,3470,12705,4529,12705,766,296
2318,3470,12706,4529,12706,766,296
2318,3470,12707,4529,12707,766,296
2318,3470,12708,4529,12708,766,296
2314,3470,12709,4529,12709,766,295
2312,3470,12710,4529,12710,766,295
2313,3470,12711,4529,12711,766,295
2312,3470,12712,4529,12712,766,295
2312,3470,12713,4529,12713,766,295
2313,3470,12714,4529,12714,766,295
2314,3470,12715,4529,12715,766,295
2313,3470,12716,4529,12716,766,294
2314,3470,12717,4529,12717,766,294
2314,3470,12718,4529,12718,766,294
2312,3470,12719,4529,12719,766,293
2312,3470,12720,4529,12720,766,293
2312,3470,12721,4529,12721,766,293
2312,3470,12722,4529,12722,766,293
2308,3470,12723,4529,12723,766,292
2309,3470,12724,4529,12724,766,292
2309,3470,12725,4529,12725,766,292
2310,3470,12726,4529,12726,766,292
2310,3470,12727,4529,12727,766,292
2308,3470,12728,4529,12728,766,292
2306,3470,12729,4529,12729,766,291
2302,3470,12730,4529,12730,766,291
2302,3470,12731,4529,12731,766,291
2302,3470,12732,4529,12732,766,291
2302,3470,12733,4529,12733,766,291
2301,3470,12734,4529,12734,766,291
2302,3470,12735,4529,12735,766,291
2302,3470,12736,4529,12736,766,291
2302,3470,12737,4529,12737,766,291
2303,3470,12738,4529,12738,766,291
2303,3470,12739,4529,12739,766,291
2302,3470,12740,4529,12740,766,291
2302,3470,12741,4529,12741,766,291
2302,3470,12742,4529,12742,766,291
2300,3470,12743,4529,12743,766,291
2300,3470,12744,4529,12744,766,291
2300,3470,12745,4529,12745,766,291
2300,3470,12746,4529,12746,766,291
2300,3470,12747,4529,12747,766,291
2299,3470,12748,4529,12748,766,291
2299,3470,12749,4529,12749,766,291
2300,3470,12750,4529,12750,766,291
2298,3470,12751,4529,12751,766,290
2298,3470,12752,4529,12752,766,290
2299,3470,12753,4529,12753,766,290
2299,3470,12754,4529,12754,766,290
2299,3470,12755,4529,12755,766,290
2299,3470,12756,4529,12756,766,290
2298,3470,12757,4529,12757,766,290
2299,3470,12758,4529,12758,766,290
2300,3470,12759,4529,12759,766,290
2300,3470,12760,4529,12760,766,290
2300,3470,12761,4529,12761,766,290
2297,3470,12762,4529,12762,766,289
2297,3470,12763,4529,12763,766,289
2297,3470,12764,4529,12764,766,289
2297,3470,12765,4529,12765,766,289
2297,3470,12766,4529,12766,766,289
2297,3470,12767,4529,12767,766,289
2297,3470,12768,4529,12768,766,289
2297,3470,12769,4529,12769,766,289
2297,3470,12770,4529,12770,766,289
2297,3470,12771,4529,12771,766,289
2297,3470,12772,4529,12772,766,289
2297,3470,12773,4529,12773,766,289
2296,3470,12774,4529,12774,766,289
2295,3470,12775,4529,12775,766,289
2294,3470,12776,4529,12776,766,289
2294,3470,12777,4529,12777,766,289
2295,3470,12778,4529,12778,766,289
2295,3470,12779,4529,12779,766,289
2295,3470,12780,4529,12780,766,289
2294,3470,12781,4529,12781,766,289
2293,3470,12782,4529,12782,766,289
2292,3470,12783,4529,12783,766,289
2292,3470,12784,4529,12784,766,289
2291,3470,12785,4529,12785,766,288
2291,3470,12786,4529,12786,766,288
2291,3470,12787,4529,12787,766,288
2290,3470,12788,4529,12788,766,287
2290,3470,12789,4529,12789,766,287
2291,3470,12790,4529,12790,766,287
2291,3470,12791,4529,12791,766,287
2289,3470,12792,4529,12792,766,287
2289,3470,12793,4529,12793,766,287
2289,3470,12794,4529,12794,766,287
2289,3470,12795,4529,12795,766,287
2289,3470,12796,4529,12796,766,287
2289,3470,12797,4529,12797,766,287
2288,3470,12798,4529,12798,766,287
2289,3470,12799,4529,12799,766,287
2287,3470,12800,4529,12800,766,286
2287,3470,12801,4529,12801,766,286
2287,3470,12802,4529,12802,766,286
2287,3470,12803,4529,12803,766,286
2286,3470,12804,4529,12804,766,286
2286,3470,12805,4529,12805,766,286
2284,3470,12806,4529,12806,766,286
2284,3470,12807,4529,12807,766,286
2285,3470,12808,4529,12808,766,286
2285,3470,12809,4529,12809,766,286
2286,3470,12810,4529,12810,766,286
2286,3470,12811,4529,12811,766,286
2284,3470,12812,4529,12812,766,286
2284,3470,12813,4529,12813,766,286
2284,3470,12814,4529,12814,766,286
2281,3470,12815,4529,12815,766,285
2279,3470,12816,4529,12816,766,285
2278,3470,12817,4529,12817,766,285
2278,3470,12818,4529,12818,766,285
2277,3470,12819,4529,12819,766,285
2277,3470,12820,4529,12820,766,285
2277,3470,12821,4529,12821,766,285
2277,3470,12822,4529,12822,766,285
2276,3470,12823,4529,12823,766,285
2273,3470,12824,4529,12824,766,285
2274,3470,12825,4529,12825,766,285
2275,3470,12826,4529,12826,766,285
2274,3470,12827,4529,12827,766,285
2273,3470,12828,4529,12828,766,285
2273,3470,12829,4529,12829,766,285
2273,3470,12830,4529,12830,766,285
2274,3470,12831,4529,12831,766,285
2275,3470,12832,4529,12832,766,285
2275,3470,12833,4529,12833,766,285
2276,3470,12834,4529,12834,766,285
2276,3470,12835,4529,12835,766,285
2276,3470,12836,4529,12836,766,285
2277,3470,12837,4529,12837,766,285
2278,3470,12838,4529,12838,766,285
2278,3470,12839,4529,12839,766,285
2278,3470,12840,4529,12840,766,285
2276,3470,12841,4529,12841,766,284
2276,3470,12842,4529,12842,766,284
2276,3470,12843,4529,12843,766,284
2276,3470,12844,4529,12844,766,284
2273,3470,12845,4529,12845,766,284
2273,3470,12846,4529,12846,766,284
2274,3470,12847,4529,12847,766,284
2274,3470,12848,4529,12848,766,284
2274,3470,12849,4529,12849,766,284
2273,3470,12850,4529,12850,766,284
2271,3470,12851,4529,12851,766,284
2271,3470,12852,4529,12852,766,284
2272,3470,12853,4529,12853,766,284
2271,3470,12854,4529,12854,766,284
2272,3470,12855,4529,12855,766,284
2272,3470,12856,4529,12856,766,284
2271,3470,12857,4529,12857,766,284
2269,3470,12858,4529,12858,766,283
2268,3470,12859,4529,12859,766,283
2269,3470,12860,4529,12860,766,283
2269,3470,12861,4529,12861,766,283
2268,3470,12862,4529,12862,766,283
2268,3470,12863,4529,12863,766,283
2268,3470,12864,4529,12864,766,283
2269,3470,12865,4529,12865,766,283
2269,3470,12866,4529,12866,766,283
2269,3470,12867,4529,12867,766,283
2265,3470,12868,4529,12868,766,281
2265,3470,12869,4529,12869,766,281
2263,3470,12870,4529,12870,766,279
2262,3470,12871,4529,12871,766,279
2261,3470,12872,4529,12872,766,279
2261,3470,12873,4529,12873,766,279
2262,3470,12874,4529,12874,766,279
2262,3470,12875,4529,12875,766,279
2263,3470,12876,4529,12876,766,279
2264,3470,12877,4529,12877,766,279
2264,3470,12878,4529,12878,766,279
2260,3470,12879,4529,12879,766,279
2260,3470,12880,4529,12880,766,279
2261,3470,12881,4529,12881,766,279
2261,3470,12882,4529,12882,766,279
2261,3470,12883,4529,12883,766,279
2261,3470,12884,4529,12884,766,279
2258,3470,12885,4529,12885,766,279
2258,3470,12886,4529,12886,766,279
2259,3470,12887,4529,12887,766,279
2260,3470,12888,4529,12888,766,279
2259,3470,12889,4529,12889,766,279
2259,3470,12890,4529,12890,766,279
2259,3470,12891,4529,12891,766,279
2260,3470,12892,4529,12892,766,279
2260,3470,12893,4529,12893,766,279
2260,3470,12894,4529,12894,766,279
2260,3470,12895,4529,12895,766,279
2259,3470,12896,4529,12896,766,279
2259,3470,12897,4529,12897,766,279
2259,3470,12898,4529,12898,766,279
2260,3470,12899,4529,12899,766,279
2261,3470,12900,4529,12900,766,279
2261,3470,12901,4529,12901,766,279
2257,3470,12902,4529,12902,766,279
2258,3470,12903,4529,12903,766,279
2256,3470,12904,4529,12904,766,279
2257,3470,12905,4529,12905,766,279
2257,3470,12906,4529,12906,766,279
2256,3470,12907,4529,12907,766,279
2257,3470,12908,4529,12908,766,279
2257,3470,12909,4529,12909,766,279
2254,3470,12910,4529,12910,766,279
2255,3470,12911,4529,12911,766,279
2252,3470,12912,4529,12912,766,278
2252,3470,12913,4529,12913,766,278
2253,3470,12914,4529,12914,766,278
2252,3470,12915,4529,12915,766,278
2252,3470,12916,4529,12916,766,278
2252,3470,12917,4529,12917,766,278
2253,3470,12918,4529,12918,766,278
2254,3470,12919,4529,12919,766,278
2254,3470,12920,4529,12920,766,278
2253,3470,12921,4529,12921,766,278
2252,3470,12922,4529,12922,766,278
2252,3470,12923,4529,12923,766,278
2252,3470,12924,4529,12924,766,278
2251,3470,12925,4529,12925,766,278
2252,3470,12926,4529,12926,766,278
2252,3470,12927,4529,12927,766,278
2252,3470,12928,4529,12928,766,278
2251,3470,12929,4529,12929,766,278
2251,3470,12930,4529,12930,766,278
2251,3470,12931,4529,12931,766,278
2251,3470,12932,4529,12932,766,278
2251,3470,12933,4529,12933,766,278
2251,3470,12934,4529,12934,766,278
2251,3470,12935,4529,12935,766,278
2251,3470,12936,4529,12936,766,278
2251,3470,12937,4529,12937,766,278
2248,3470,12938,4529,12938,766,277
2248,3470,12939,4529,12939,766,277
2248,3470,12940,4529,12940,766,277
2248,3470,12941,4529,12941,766,277
2247,3470,12942,4529,12942,766,277
2245,3470,12943,4529,12943,766,277
2244,3470,12944,4529,12944,766,277
2244,3470,12945,4529,12945,766,277
2244,3470,12946,4529,12946,766,277
2243,3470,12947,4529,12947,766,277
2242,3470,12948,4529,12948,766,277
2242,3470,12949,4529,12949,766,277
2242,3470,12950,4529,12950,766,277
2242,3470,12951,4529,12951,766,277
2242,3470,12952,4529,12952,766,277
2242,3470,12953,4529,12953,766,277
2241,3470,12954,4529,12954,766,277
2241,3470,12955,4529,12955,766,277
2241,3470,12956,4529,12956,766,277
2241,3470,12957,4529,12957,766,277
2242,3470,12958,4529,12958,766,277
2242,3470,12959,4529,12959,766,277
2242,3470,12960,4529,12960,766,277
2241,3470,12961,4529,12961,766,277
2242,3470,12962,4529,12962,766,277
2243,3470,12963,4529,12963,766,277
2243,3470,12964,4529,12964,766,277
2242,3470,12965,4529,12965,766,277
2242,3470,12966,4529,12966,766,277
2242,3470,12967,4529,12967,766,277
2242,3470,12968,4529,12968,766,277
2242,3470,12969,4529,12969,766,277
2242,3470,12970,4529,12970,766,277
2243,3470,12971,4529,12971,766,277
2243,3470,12972,4529,12972,766,277
2243,3470,12973,4529,12973,766,277
2241,3470,12974,4529,12974,766,277
2241,3470,12975,4529,12975,766,277
2241,3470,12976,4529,12976,766,277
2241,3470,12977,4529,12977,766,277
2240,3470,12978,4529,12978,766,277
2240,3470,12979,4529,12979,766,277
2240,3470,12980,4529,12980,766,277
2240,3470,12981,4529,12981,766,277
2240,3470,12982,4529,12982,766,277
2239,3470,12983,4529,12983,766,277
2239,3470,12984,4529,12984,766,277
2239,3470,12985,4529,12985,766,277
2239,3470,12986,4529,12986,766,277
2240,3470,12987,4529,12987,766,277
2240,3470,12988,4529,12988,766,277
2240,3470,12989,4529,12989,766,277
2241,3470,12990,4529,12990,766,277
2241,3470,12991,4529,12991,766,277
2242,3470,12992,4529,12992,766,277
2242,3470,12993,4529,12993,766,277
2243,3470,12994,4529,12994,766,277
2243,3470,12995,4529,12995,766,277
2242,3470,12996,4529,12996,766,277
2241,3470,12997,4529,12997,766,277
2241,3470,12998,4529,12998,766,277
2242,3470,12999,4529,12999,766,277
2242,3470,13000,4529,13000,766,277
2243,3470,13001,4529,13001,766,277
2243,3470,13002,4529,13002,766,277
2243,3470,13003,4529,13003,766,277
2244,3470,13004,4529,13004,766,277
2244,3470,13005,4529,13005,766,277
2243,3470,13006,4529,13006,766,277
2239,3470,13007,4529,13007,766,275
2239,3470,13008,4529,13008,766,275
2239,3470,13009,4529,13009,766,275
2239,3470,13010,4529,13010,766,275
2238,3470,13011,4529,13011,766,275
2238,3470,13012,4529,13012,766,275
2237,3470,13013,4529,13013,766,275
2237,3470,13014,4529,13014,766,275
2235,3470,13015,4529,13015,766,275
2235,3470,13016,4529,13016,766,275
2235,3470,13017,4529,13017,766,275
2235,3470,13018,4529,13018,766,275
2235,3470,13019,4529,13019,766,275
2235,3470,13020,4529,13020,766,275
2235,3470,13021,4529,13021,766,275
2236,3470,13022,4529,13022,766,275
2234,3470,13023,4529,13023,766,275
2234,3470,13024,4529,13024,766,275
2232,3470,13025,4529,13025,766,274
2231,3470,13026,4529,13026,766,274
2232,3470,13027,4529,13027,766,274
2233,3470,13028,4529,13028,766,274
2233,3470,13029,4529,13029,766,274
2233,3470,13030,4529,13030,766,274
2232,3470,13031,4529,13031,766,274
2232,3470,13032,4529,13032,766,274
2233,3470,13033,4529,13033,766,274
2233,3470,13034,4529,13034,766,274
2231,3470,13035,4529,13035,766,272
2231,3470,13036,4529,13036,766,272
2231,3470,13037,4529,13037,766,272
2232,3470,13038,4529,13038,766,272
2232,3470,13039,4529,13039,766,272
2232,3470,13040,4529,13040,766,272
2233,3470,13041,4529,13041,766,272
2233,3470,13042,4529,13042,766,272
2233,3470,13043,4529,13043,766,272
2233,3470,13044,4529,13044,766,272
2233,3470,13045,4529,13045,766,272
2231,3470,13046,4529,13046,766,272
2231,3470,13047,4529,13047,766,272
2231,3470,13048,4529,13048,766,272
2232,3470,13049,4529,13049,766,272
2231,3470,13050,4529,13050,766,272
2231,3470,13051,4529,13051,766,272
2231,3470,13052,4529,13052,766,272
2230,3470,13053,4529,13053,766,272
2230,3470,13054,4529,13054,766,272
2229,3470,13055,4529,13055,766,272
2230,3470,13056,4529,13056,766,272
2230,3470,13057,4529,13057,766,272
2229,3470,13058,4529,13058,766,272
2230,3470,13059,4529,13059,766,272
2229,3470,13060,4529,13060,766,272
2229,3470,13061,4529,13061,766,272
2229,3470,13062,4529,13062,766,272
2229,3470,13063,4529,13063,766,272
2226,3470,13064,4529,13064,766,271
2226,3470,13065,4529,13065,766,271
2226,3470,13066,4529,13066,766,271
2225,3470,13067,4529,13067,766,271
2226,3470,13068,4529,13068,766,271
2226,3470,13069,4529,13069,766,271
2226,3470,13070,4529,13070,766,271
2226,3470,13071,4529,13071,766,271
2227,3470,13072,4529,13072,766,271
2224,3470,13073,4529,13073,766,271
2224,3470,13074,4529,13074,766,271
2224,3470,13075,4529,13075,766,271
2223,3470,13076,4529,13076,766,271
2222,3470,13077,4529,13077,766,271
2221,3470,13078,4529,13078,766,271
2221,3470,13079,4529,13079,766,271
2221,3470,13080,4529,13080,766,271
2221,3470,13081,4529,13081,766,271
2221,3470,13082,4529,13082,766,271
2221,3470,13083,4529,13083,766,271
2222,3470,13084,4529,13084,766,271
2218,3470,13085,4529,13085,766,269
2218,3470,13086,4529,13086,766,269
2218,3470,13087,4529,13087,766,269
2218,3470,13088,4529,13088,766,269
2218,3470,13089,4529,13089,766,269
2216,3470,13090,4529,13090,766,269
2217,3470,13091,4529,13091,766,269
2218,3470,13092,4529,13092,766,269
2217,3470,13093,4529,13093,766,269
2217,3470,13094,4529,13094,766,269
2217,3470,13095,4529,13095,766,269
2216,3470,13096,4529,13096,766,268
2212,3470,13097,4529,13097,766,266
2213,3470,13098,4529,13098,766,266
2212,3470,13099,4529,13099,766,266
2212,3470,13100,4529,13100,766,266
2212,3470,13101,4529,13101,766,266
2212,3470,13102,4529,13102,766,266
2210,3470,13103,4529,13103,766,266
2209,3470,13104,4529,13104,766,265
2208,3470,13105,4529,13105,766,264
2208,3470,13106,4529,13106,766,264
2209,3470,13107,4529,13107,766,264
2209,3470,13108,4529,13108,766,264
2209,3470,13109,4529,13109,766,264
2210,3470,13110,4529,13110,766,264
2210,3470,13111,4529,13111,766,264
2210,3470,13112,4529,13112,766,264
2210,3470,13113,4529,13113,766,264
2210,3470,13114,4529,13114,766,264
2210,3470,13115,4529,13115,766,264
2210,3470,13116,4529,13116,766,264
2211,3470,13117,4529,13117,766,264
2211,3470,13118,4529,13118,766,264
2209,3470,13119,4529,13119,766,264
2210,3470,13120,4529,13120,766,264
2210,3470,13121,4529,13121,766,264
2210,3470,13122,4529,13122,766,264
2210,3470,13123,4529,13123,766,264
2210,3470,13124,4529,13124,766,264
2210,3470,13125,4529,13125,766,264
2211,3470,13126,4529,13126,766,264
2211,3470,13127,4529,13127,766,264
2212,3470,13128,4529,13128,766,264
2213,3470,13129,4529,13129,766,264
2211,3470,13130,4529,13130,766,264
2211,3470,13131,4529,13131,766,264
2211,3470,13132,4529,13132,766,264
2211,3470,13133,4529,13133,766,264
2211,3470,13134,4529,13134,766,264
2212,3470,13135,4529,13135,766,264
2211,3470,13136,4529,13136,766,264
2211,3470,13137,4529,13137,766,264
2211,3470,13138,4529,13138,766,264
2212,3470,13139,4529,13139,766,264
2213,3470,13140,4529,13140,766,264
2213,3470,13141,4529,13141,766,264
2214,3470,13142,4529,13142,766,264
2214,3470,13143,4529,13143,766,264
2213,3470,13144,4529,13144,766,264
2213,3470,13145,4529,13145,766,264
2213,3470,13146,4529,13146,766,264
2213,3470,13147,4529,13147,766,264
2213,3470,13148,4529,13148,766,264
2210,3470,13149,4529,13149,766,262
2210,3470,13150,4529,13150,766,262
2211,3470,13151,4529,13151,766,262
2212,3470,13152,4529,13152,766,262
2212,3470,13153,4529,13153,766,262
2213,3470,13154,4529,13154,766,262
2213,3470,13155,4529,13155,766,262
2214,3470,13156,4529,13156,766,262
2214,3470,13157,4529,13157,766,262
2214,3470,13158,4529,13158,766,262
2214,3470,13159,4529,13159,766,262
2215,3470,13160,4529,13160,766,262
2213,3470,13161,4529,13161,766,262
2213,3470,13162,4529,13162,766,262
2213,3470,13163,4529,13163,766,262
2213,3470,13164,4529,13164,766,262
2214,3470,13165,4529,13165,766,262
2214,3470,13166,4529,13166,766,262
2210,3470,13167,4529,13167,766,262
2206,3470,13168,4529,13168,766,262
2206,3470,13169,4529,13169,766,262
2206,3470,13170,4529,13170,766,262
2205,3470,13171,4529,13171,766,262
2205,3470,13172,4529,13172,766,262
2206,3470,13173,4529,13173,766,262
2207,3470,13174,4529,13174,766,262
2207,3470,13175,4529,13175,766,262
2206,3470,13176,4529,13176,766,262
2206,3470,13177,4529,13177,766,262
2205,3470,13178,4529,13178,766,262
2205,3470,13179,4529,13179,766,262
2204,3470,13180,4529,13180,766,262
2204,3470,13181,4529,13181,766,262
2204,3470,13182,4529,13182,766,262
2204,3470,13183,4529,13183,766,262
2204,3470,13184,4529,13184,766,262
2202,3470,13185,4529,13185,766,262
2201,3470,13186,4529,13186,766,262
2201,3470,13187,4529,13187,766,262
2202,3470,13188,4529,13188,766,262
2202,3470,13189,4529,13189,766,262
2202,3470,13190,4529,13190,766,262
2200,3470,13191,4529,13191,766,262
2200,3470,13192,4529,13192,766,262
2200,3470,13193,4529,13193,766,262
2200,3470,13194,4529,13194,766,262
2199,3470,13195,4529,13195,766,262
2200,3470,13196,4529,13196,766,262
2200,3470,13197,4529,13197,766,262
2200,3470,13198,4529,13198,766,262
2200,3470,13199,4529,13199,766,262
2200,3470,13200,4529,13200,766,262
2200,3470,13201,4529,13201,766,262
2200,3470,13202,4529,13202,766,262
2200,3470,13203,4529,13203,766,262
2200,3470,13204,4529,13204,766,262
2199,3470,13205,4529,13205,766,262
2197,3470,13206,4529,13206,766,262
2198,3470,13207,4529,13207,766,262
2199,3470,13208,4529,13208,766,262
2200,3470,13209,4529,13209,766,262
2201,3470,13210,4529,13210,766,262
2200,3470,13211,4529,13211,766,262
2199,3470,13212,4529,13212,766,262
2199,3470,13213,4529,13213,766,262
2200,3470,13214,4529,13214,766,262
2200,3470,13215,4529,13215,766,262
2201,3470,13216,4529,13216,766,262
2200,3470,13217,4529,13217,766,262
2200,3470,13218,4529,13218,766,262
2198,3470,13219,4529,13219,766,262
2199,3470,13220,4529,13220,766,262
2199,3470,13221,4529,13221,766,262
2197,3470,13222,4529,13222,766,262
2197,3470,13223,4529,13223,766,262
2197,3470,13224,4529,13224,766,262
2193,3470,13225,4529,13225,766,259
2193,3470,13226,4529,13226,766,259
2193,3470,13227,4529,13227,766,259
2192,3470,13228,4529,13228,766,259
2191,3470,13229,4529,13229,766,259
2190,3470,13230,4529,13230,766,259
2190,3470,13231,4529,13231,766,259
2190,3470,13232,4529,13232,766,259
2191,3470,13233,4529,13233,766,259
2189,3470,13234,4529,13234,766,259
2189,3470,13235,4529,13235,766,259
2190,3470,13236,4529,13236,766,259
2188,3470,13237,4529,13237,766,259
2188,3470,13238,4529,13238,766,259
2188,3470,13239,4529,13239,766,259
2187,3470,13240,4529,13240,766,259
2187,3470,13241,4529,13241,766,259
2187,3470,13242,4529,13242,766,259
2187,3470,13243,4529,13243,766,259
2185,3470,13244,4529,13244,766,258
2184,3470,13245,4529,13245,766,258
2185,3470,13246,4529,13246,766,258
2185,3470,13247,4529,13247,766,258
2185,3470,13248,4529,13248,766,258
2185,3470,13249,4529,13249,766,258
2185,3470,13250,4529,13250,766,258
2185,3470,13251,4529,13251,766,258
2185,3470,13252,4529,13252,766,258
2186,3470,13253,4529,13253,766,258
2186,3470,13254,4529,13254,766,258
2186,3470,13255,4529,13255,766,258
2185,3470,13256,4529,13256,766,258
2185,3470,13257,4529,13257,766,258
2185,3470,13258,4529,13258,766,258
2185,3470,13259,4529,13259,766,258
2184,3470,13260,4529,13260,766,258
2184,3470,13261,4529,13261,766,258
2182,3470,13262,4529,13262,766,257
2182,3470,13263,4529,13263,766,257
2182,3470,13264,4529,13264,766,257
2182,3470,13265,4529,13265,766,257
2181,3470,13266,4529,13266,766,256
2181,3470,13267,4529,13267,766,256
2180,3470,13268,4529,13268,766,256
2181,3470,13269,4529,13269,766,256
2182,3470,13270,4529,13270,766,256
2182,3470,13271,4529,13271,766,256
2182,3470,13272,4529,13272,766,256
2182,3470,13273,4529,13273,766,256
2183,3470,13274,4529,13274,766,256
2183,3470,13275,4529,13275,766,256
2184,3470,13276,4529,13276,766,256
2185,3470,13277,4529,13277,766,256
2185,3470,13278,4529,13278,766,256
2185,3470,13279,4529,13279,766,256
2185,3470,13280,4529,13280,766,256
2186,3470,13281,4529,13281,766,256
2186,3470,13282,4529,13282,766,256
2186,3470,13283,4529,13283,766,256
2187,3470,13284,4529,13284,766,256
2188,3470,13285,4529,13285,766,256
2189,3470,13286,4529,13286,766,256
2189,3470,13287,4529,13287,766,256
2187,3470,13288,4529,13288,766,256
2187,3470,13289,4529,13289,766,256
2187,3470,13290,4529,13290,766,256
2188,3470,13291,4529,13291,766,256
2189,3470,13292,4529,13292,766,256
2189,3470,13293,4529,13293,766,256
2189,3470,13294,4529,13294,766,256
2189,3470,13295,4529,13295,766,256
2190,3470,13296,4529,13296,766,256
2190,3470,13297,4529,13297,766,256
2190,3470,13298,4529,13298,766,256
2190,3470,13299,4529,13299,766,256
2190,3470,13300,4529,13300,766,256
2190,3470,13301,4529,13301,766,256
2190,3470,13302,4529,13302,766,256
2189,3470,13303,4529,13303,766,256
2189,3470,13304,4529,13304,766,256
2188,3470,13305,4529,13305,766,256
2187,3470,13306,4529,13306,766,256
2187,3470,13307,4529,13307,766,256
2187,3470,13308,4529,13308,766,256
2188,3470,13309,4529,13309,766,256
2189,3470,13310,4529,13310,766,256
2189,3470,13311,4529,13311,766,256
2189,3470,13312,4529,13312,766,256
2190,3470,13313,4529,13313,766,256
2191,3470,13314,4529,13314,766,256
2192,3470,13315,4529,13315,766,256
2191,3470,13316,4529,13316,766,256
2191,3470,13317,4529,13317,766,256
2189,3470,13318,4529,13318,766,256
2189,3470,13319,4529,13319,766,256
2190,3470,13320,4529,13320,766,256
2190,3470,13321,4529,13321,766,256
2190,3470,13322,4529,13322,766,256
2190,3470,13323,4529,13323,766,256
2190,3470,13324,4529,13324,766,256
2191,3470,13325,4529,13325,766,256
2191,3470,13326,4529,13326,766,256
2190,3470,13327,4529,13327,766,256
2190,3470,13328,4529,13328,766,256
2188,3470,13329,4529,13329,766,255
2187,3470,13330,4529,13330,766,255
2187,3470,13331,4529,13331,766,255
2187,3470,13332,4529,13332,766,255
2185,3470,13333,4529,13333,766,255
2185,3470,13334,4529,13334,766,255
2185,3470,13335,4529,13335,766,255
2184,3470,13336,4529,13336,766,255
2185,3470,13337,4529,13337,766,255
2186,3470,13338,4529,13338,766,255
2186,3470,13339,4529,13339,766,255
2185,3470,13340,4529,13340,766,255
2181,3470,13341,4529,13341,766,253
2182,3470,13342,4529,13342,766,253
2182,3470,13343,4529,13343,766,253
2181,3470,13344,4529,13344,766,253
2181,3470,13345,4529,13345,766,253
2181,3470,13346,4529,13346,766,253
2180,3470,13347,4529,13347,766,253
2181,3470,13348,4529,13348,766,253
2180,3470,13349,4529,13349,766,253
2179,3470,13350,4529,13350,766,253
2178,3470,13351,4529,13351,766,253
2178,3470,13352,4529,13352,766,253
2178,3470,13353,4529,13353,766,253
2178,3470,13354,4529,13354,766,253
2178,3470,13355,4529,13355,766,253
2178,3470,13356,4529,13356,766,253
2178,3470,13357,4529,13357,766,253
2177,3470,13358,4529,13358,766,253
2176,3470,13359,4529,13359,766,253
2176,3470,13360,4529,13360,766,253
2176,3470,13361,4529,13361,766,253
2177,3470,13362,4529,13362,766,253
2177,3470,13363,4529,13363,766,253
2177,3470,13364,4529,13364,766,253
2178,3470,13365,4529,13365,766,253
2178,3470,13366,4529,13366,766,253
2179,3470,13367,4529,13367,766,253
2179,3470,13368,4529,13368,766,253
2178,3470,13369,4529,13369,766,253
2179,3470,13370,4529,13370,766,253
2179,3470,13371,4529,13371,766,253
2178,3470,13372,4529,13372,766,253
2179,3470,13373,4529,13373,766,253
2179,3470,13374,4529,13374,766,253
2179,3470,13375,4529,13375,766,253
2179,3470,13376,4529,13376,766,253
2180,3470,13377,4529,13377,766,253
2179,3470,13378,4529,13378,766,253
2180,3470,13379,4529,13379,766,253
2179,3470,13380,4529,13380,766,253
2179,3470,13381,4529,13381,766,253
2179,3470,13382,4529,13382,766,253
2178,3470,13383,4529,13383,766,253
2174,3470,13384,4529,13384,766,252
2174,3470,13385,4529,13385,766,252
2173,3470,13386,4529,13386,766,252
2173,3470,13387,4529,13387,766,252
2173,3470,13388,4529,13388,766,252
2173,3470,13389,4529,13389,766,252
2173,3470,13390,4529,13390,766,252
2172,3470,13391,4529,13391,766,252
2172,3470,13392,4529,13392,766,252
2171,3470,13393,4529,13393,766,252
2171,3470,13394,4529,13394,766,252
2171,3470,13395,4529,13395,766,252
2169,3470,13396,4529,13396,766,252
2167,3470,13397,4529,13397,766,252
2168,3470,13398,4529,13398,766,252
2168,3470,13399,4529,13399,766,252
2169,3470,13400,4529,13400,766,252
2169,3470,13401,4529,13401,766,252
2169,3470,13402,4529,13402,766,252
2169,3470,13403,4529,13403,766,252
2169,3470,13404,4529,13404,766,252
2169,3470,13405,4529,13405,766,252
2169,3470,13406,4529,13406,766,252
2169,3470,13407,4529,13407,766,252
2169,3470,13408,4529,13408,766,252
2168,3470,13409,4529,13409,766,252
2167,3470,13410,4529,13410,766,252
2166,3470,13411,4529,13411,766,252
2167,3470,13412,4529,13412,766,252
2168,3470,13413,4529,13413,766,252
2167,3470,13414,4529,13414,766,252
2167,3470,13415,4529,13415,766,252
2167,3470,13416,4529,13416,766,252
2167,3470,13417,4529,13417,766,252
2167,3470,13418,4529,13418,766,252
2167,3470,13419,4529,13419,766,252
2167,3470,13420,4529,13420,766,252
2167,3470,13421,4529,13421,766,252
2167,3470,13422,4529,13422,766,252
2168,3470,13423,4529,13423,766,252
2168,3470,13424,4529,13424,766,252
2168,3470,13425,4529,13425,766,252
2168,3470,13426,4529,13426,766,252
2168,3470,13427,4529,13427,766,252
2169,3470,13428,4529,13428,766,252
2169,3470,13429,4529,13429,766,252
2170,3470,13430,4529,13430,766,252
2170,3470,13431,4529,13431,766,252
2169,3470,13432,4529,13432,766,252
2169,3470,13433,4529,13433,766,252
2169,3470,13434,4529,13434,766,252
2170,3470,13435,4529,13435,766,252
2170,3470,13436,4529,13436,766,252
2168,3470,13437,4529,13437,766,252
2167,3470,13438,4529,13438,766,252
2168,3470,13439,4529,13439,766,252
2168,3470,13440,4529,13440,766,252
2169,3470,13441,4529,13441,766,252
2168,3470,13442,4529,13442,766,252
2169,3470,13443,4529,13443,766,252
2169,3470,13444,4529,13444,766,252
2168,3470,13445,4529,13445,766,252
2168,3470,13446,4529,13446,766,252
2166,3470,13447,4529,13447,766,252
2167,3470,13448,4529,13448,766,252
2167,3470,13449,4529,13449,766,252
2167,3470,13450,4529,13450,766,252
2167,3470,13451,4529,13451,766,252
2167,3470,13452,4529,13452,766,252
2167,3470,13453,4529,13453,766,252
2167,3470,13454,4529,13454,766,252
2168,3470,13455,4529,13455,766,252
2168,3470,13456,4529,13456,766,252
2168,3470,13457,4529,13457,766,252
2168,3470,13458,4529,13458,766,252
2168,3470,13459,4529,13459,766,252
2169,3470,13460,4529,13460,766,252
2168,3470,13461,4529,13461,766,252
2168,3470,13462,4529,13462,766,252
2168,3470,13463,4529,13463,766,252
2168,3470,13464,4529,13464,766,252
2168,3470,13465,4529,13465,766,252
2167,3470,13466,4529,13466,766,252
2167,3470,13467,4529,13467,766,252
2166,3470,13468,4529,13468,766,252
2165,3470,13469,4529,13469,766,252
2164,3470,13470,4529,13470,766,252
2164,3470,13471,4529,13471,766,252
2162,3470,13472,4529,13472,766,252
2161,3470,13473,4529,13473,766,252
2162,3470,13474,4529,13474,766,252
2162,3470,13475,4529,13475,766,252
2162,3470,13476,4529,13476,766,252
2163,3470,13477,4529,13477,766,252
2163,3470,13478,4529,13478,766,252
2162,3470,13479,4529,13479,766,252
2162,3470,13480,4529,13480,766,252
2161,3470,13481,4529,13481,766,252
2161,3470,13482,4529,13482,766,252
2161,3470,13483,4529,13483,766,252
2162,3470,13484,4529,13484,766,252
2161,3470,13485,4529,13485,766,252
2161,3470,13486,4529,13486,766,252
2161,3470,13487,4529,13487,766,252
2162,3470,13488,4529,13488,766,252
2162,3470,13489,4529,13489,766,252
2160,3470,13490,4529,13490,766,251
2160,3470,13491,4529,13491,766,251
2160,3470,13492,4529,13492,766,251
2161,3470,13493,4529,13493,766,251
2161,3470,13494,4529,13494,766,251
2160,3470,13495,4529,13495,766,251
2160,3470,13496,4529,13496,766,251
2160,3470,13497,4529,13497,766,251
2160,3470,13498,4529,13498,766,251
2159,3470,13499,4529,13499,766,251
2159,3470,13500,4529,13500,766,251
2159,3470,13501,4529,13501,766,251
2158,3470,13502,4529,13502,766,251
2158,3470,13503,4529,13503,766,251
2156,3470,13504,4529,13504,766,251
2156,3470,13505,4529,13505,766,251
2156,3470,13506,4529,13506,766,251
2156,3470,13507,4529,13507,766,251
2156,3470,13508,4529,13508,766,251
2157,3470,13509,4529,13509,766,251
2157,3470,13510,4529,13510,766,251
2157,3470,13511,4529,13511,766,251
2157,3470,13512,4529,13512,766,251
2157,3470,13513,4529,13513,766,251
2157,3470,13514,4529,13514,766,251
2158,3470,13515,4529,13515,766,251
2158,3470,13516,4529,13516,766,251
2158,3470,13517,4529,13517,766,251
2157,3470,13518,4529,13518,766,251
2157,3470,13519,4529,13519,766,251
2158,3470,13520,4529,13520,766,251
2158,3470,13521,4529,13521,766,251
2158,3470,13522,4529,13522,766,251
2158,3470,13523,4529,13523,766,251
2159,3470,13524,4529,13524,766,251
2159,3470,13525,4529,13525,766,251
2159,3470,13526,4529,13526,766,251
2160,3470,13527,4529,13527,766,251
2161,3470,13528,4529,13528,766,251
2161,3470,13529,4529,13529,766,251
2162,3470,13530,4529,13530,766,251
2162,3470,13531,4529,13531,766,251
2162,3470,13532,4529,13532,766,251
2162,3470,13533,4529,13533,766,251
2162,3470,13534,4529,13534,766,251
2162,3470,13535,4529,13535,766,251
2162,3470,13536,4529,13536,766,251
2163,3470,13537,4529,13537,766,251
2161,3470,13538,4529,13538,766,251
2159,3470,13539,4529,13539,766,251
2159,3470,13540,4529,13540,766,251
2159,3470,13541,4529,13541,766,251
2160,3470,13542,4529,13542,766,251
2160,3470,13543,4529,13543,766,251
2159,3470,13544,4529,13544,766,251
2160,3470,13545,4529,13545,766,251
2160,3470,13546,4529,13546,766,251
2160,3470,13547,4529,13547,766,251
2160,3470,13548,4529,13548,766,251
2160,3470,13549,4529,13549,766,251
2160,3470,13550,4529,13550,766,251
2158,3470,13551,4529,13551,766,250
2159,3470,13552,4529,13552,766,250
2160,3470,13553,4529,13553,766,250
2161,3470,13554,4529,13554,766,250
2161,3470,13555,4529,13555,766,250
2161,3470,13556,4529,13556,766,250
2161,3470,13557,4529,13557,766,250
2162,3470,13558,4529,13558,766,250
2161,3470,13559,4529,13559,766,250
2160,3470,13560,4529,13560,766,250
2160,3470,13561,4529,13561,766,250
2160,3470,13562,4529,13562,766,250
2160,3470,13563,4529,13563,766,250
2160,3470,13564,4529,13564,766,250
2160,3470,13565,4529,13565,766,250
2161,3470,13566,4529,13566,766,250
2161,3470,13567,4529,13567,766,250
2161,3470,13568,4529,13568,766,250
2162,3470,13569,4529,13569,766,250
2161,3470,13570,4529,13570,766,250
2162,3470,13571,4529,13571,766,250
2162,3470,13572,4529,13572,766,250
2162,3470,13573,4529,13573,766,250
2163,3470,13574,4529,13574,766,250
2163,3470,13575,4529,13575,766,250
2162,3470,13576,4529,13576,766,250
2161,3470,13577,4529,13577,766,250
2162,3470,13578,4529,13578,766,250
2162,3470,13579,4529,13579,766,250
2162,3470,13580,4529,13580,766,250
2163,3470,13581,4529,13581,766,250
2163,3470,13582,4529,13582,766,250
2164,3470,13583,4529,13583,766,250
2164,3470,13584,4529,13584,766,250
2164,3470,13585,4529,13585,766,250
2165,3470,13586,4529,13586,766,250
2165,3470,13587,4529,13587,766,250
2164,3470,13588,4529,13588,766,250
2165,3470,13589,4529,13589,766,250
2165,3470,13590,4529,13590,766,250
2166,3470,13591,4529,13591,766,250
2167,3470,13592,4529,13592,766,250
2167,3470,13593,4529,13593,766,250
2167,3470,13594,4529,13594,766,250
2166,3470,13595,4529,13595,766,250
2166,3470,13596,4529,13596,766,250
2167,3470,13597,4529,13597,766,250
2167,3470,13598,4529,13598,766,250
2167,3470,13599,4529,13599,766,250
2167,3470,13600,4529,13600,766,250
2168,3470,13601,4529,13601,766,250
2168,3470,13602,4529,13602,766,250
2169,3470,13603,4529,13603,766,250
2169,3470,13604,4529,13604,766,250
2169,3470,13605,4529,13605,766,250
2168,3470,13606,4529,13606,766,250
2169,3470,13607,4529,13607,766,250
2169,3470,13608,4529,13608,766,250
2170,3470,13609,4529,13609,766,250
2170,3470,13610,4529,13610,766,250
2171,3470,13611,4529,13611,766,250
2171,3470,13612,4529,13612,766,250
2171,3470,13613,4529,13613,766,250
2169,3470,13614,4529,13614,766,250
2169,3470,13615,4529,13615,766,250
2169,3470,13616,4529,13616,766,250
2169,3470,13617,4529,13617,766,250
2169,3470,13618,4529,13618,766,250
2169,3470,13619,4529,13619,766,250
2169,3470,13620,4529,13620,766,250
2165,3470,13621,4529,13621,766,249
2165,3470,13622,4529,13622,766,249
2165,3470,13623,4529,13623,766,249
2165,3470,13624,4529,13624,766,249
2165,3470,13625,4529,13625,766,249
2165,3470,13626,4529,13626,766,249
2165,3470,13627,4529,13627,766,249
2166,3470,13628,4529,13628,766,249
2167,3470,13629,4529,13629,766,249
2167,3470,13630,4529,13630,766,249
2167,3470,13631,4529,13631,766,249
2167,3470,13632,4529,13632,766,249
2168,3470,13633,4529,13633,766,249
2168,3470,13634,4529,13634,766,249
2167,3470,13635,4529,13635,766,249
2167,3470,13636,4529,13636,766,249
2167,3470,13637,4529,13637,766,249
2167,3470,13638,4529,13638,766,249
2168,3470,13639,4529,13639,766,249
2168,3470,13640,4529,13640,766,249
2169,3470,13641,4529,13641,766,249
2170,3470,13642,4529,13642,766,249
2169,3470,13643,4529,13643,766,249
2170,3470,13644,4529,13644,766,249
2171,3470,13645,4529,13645,766,249
2171,3470,13646,4529,13646,766,249
2171,3470,13647,4529,13647,766,249
2169,3470,13648,4529,13648,766,249
2166,3470,13649,4529,13649,766,248
2166,3470,13650,4529,13650,766,248
2166,3470,13651,4529,13651,766,248
2167,3470,13652,4529,13652,766,248
2167,3470,13653,4529,13653,766,248
2168,3470,13654,4529,13654,766,248
2169,3470,13655,4529,13655,766,248
2166,3470,13656,4529,13656,766,248
2166,3470,13657,4529,13657,766,248
2167,3470,13658,4529,13658,766,248
2167,3470,13659,4529,13659,766,248
2167,3470,13660,4529,13660,766,248
2167,3470,13661,4529,13661,766,248
2167,3470,13662,4529,13662,766,248
2166,3470,13663,4529,13663,766,248
2166,3470,13664,4529,13664,766,248
2165,3470,13665,4529,13665,766,248
2165,3470,13666,4529,13666,766,248
2163,3470,13667,4529,13667,766,248
2163,3470,13668,4529,13668,766,248
2164,3470,13669,4529,13669,766,248
2164,3470,13670,4529,13670,766,248
2163,3470,13671,4529,13671,766,248
2164,3470,13672,4529,13672,766,248
2165,3470,13673,4529,13673,766,248
2165,3470,13674,4529,13674,766,248
2165,3470,13675,4529,13675,766,248
2165,3470,13676,4529,13676,766,248
2165,3470,13677,4529,13677,766,248
2165,3470,13678,4529,13678,766,248
2165,3470,13679,4529,13679,766,248
2165,3470,13680,4529,13680,766,248
2164,3470,13681,4529,13681,766,248
2164,3470,13682,4529,13682,766,248
2163,3470,13683,4529,13683,766,248
2163,3470,13684,4529,13684,766,248
2163,3470,13685,4529,13685,766,248
2162,3470,13686,4529,13686,766,248
2163,3470,13687,4529,13687,766,248
2162,3470,13688,4529,13688,766,248
2162,3470,13689,4529,13689,766,248
2162,3470,13690,4529,13690,766,248
2162,3470,13691,4529,13691,766,248
2160,3470,13692,4529,13692,766,247
2160,3470,13693,4529,13693,766,247
2160,3470,13694,4529,13694,766,247
2160,3470,13695,4529,13695,766,247
2161,3470,13696,4529,13696,766,247
2162,3470,13697,4529,13697,766,247
2163,3470,13698,4529,13698,766,247
2163,3470,13699,4529,13699,766,247
2162,3470,13700,4529,13700,766,247
2163,3470,13701,4529,13701,766,247
2163,3470,13702,4529,13702,766,247
2164,3470,13703,4529,13703,766,247
2163,3470,13704,4529,13704,766,247
2163,3470,13705,4529,13705,766,247
2163,3470,13706,4529,13706,766,247
2164,3470,13707,4529,13707,766,247
2165,3470,13708,4529,13708,766,247
2165,3470,13709,4529,13709,766,247
2165,3470,13710,4529,13710,766,247
2165,3470,13711,4529,13711,766,247
2165,3470,13712,4529,13712,766,247
2165,3470,13713,4529,13713,766,247
2165,3470,13714,4529,13714,766,247
2165,3470,13715,4529,13715,766,247
2165,3470,13716,4529,13716,766,247
2165,3470,13717,4529,13717,766,247
2163,3470,13718,4529,13718,766,247
2163,3470,13719,4529,13719,766,247
2164,3470,13720,4529,13720,766,247
2163,3470,13721,4529,13721,766,247
2163,3470,13722,4529,13722,766,247
2161,3470,13723,4529,13723,766,246
2161,3470,13724,4529,13724,766,246
2161,3470,13725,4529,13725,766,246
2161,3470,13726,4529,13726,766,246
2162,3470,13727,4529,13727,766,246
2163,3470,13728,4529,13728,766,246
2162,3470,13729,4529,13729,766,246
2161,3470,13730,4529,13730,766,246
2161,3470,13731,4529,13731,766,246
2161,3470,13732,4529,13732,766,246
2161,3470,13733,4529,13733,766,246
2161,3470,13734,4529,13734,766,246
2159,3470,13735,4529,13735,766,246
2159,3470,13736,4529,13736,766,246
2160,3470,13737,4529,13737,766,246
2156,3470,13738,4529,13738,766,244
2157,3470,13739,4529,13739,766,244
2157,3470,13740,4529,13740,766,244
2156,3470,13741,4529,13741,766,244
2157,3470,13742,4529,13742,766,244
2157,3470,13743,4529,13743,766,244
2157,3470,13744,4529,13744,766,244
2157,3470,13745,4529,13745,766,244
2158,3470,13746,4529,13746,766,244
2158,3470,13747,4529,13747,766,244
2158,3470,13748,4529,13748,766,244
2156,3470,13749,4529,13749,766,244
2156,3470,13750,4529,13750,766,244
2155,3470,13751,4529,13751,766,244
2155,3470,13752,4529,13752,766,244
2156,3470,13753,4529,13753,766,244
2152,3470,13754,4529,13754,766,243
2153,3470,13755,4529,13755,766,243
2152,3470,13756,4529,13756,766,243
2152,3470,13757,4529,13757,766,243
2152,3470,13758,4529,13758,766,243
2152,3470,13759,4529,13759,766,243
2153,3470,13760,4529,13760,766,243
2154,3470,13761,4529,13761,766,243
2154,3470,13762,4529,13762,766,243
2155,3470,13763,4529,13763,766,243
2156,3470,13764,4529,13764,766,243
2156,3470,13765,4529,13765,766,243
2156,3470,13766,4529,13766,766,243
2156,3470,13767,4529,13767,766,243
2157,3470,13768,4529,13768,766,243
2157,3470,13769,4529,13769,766,243
2157,3470,13770,4529,13770,766,243
2157,3470,13771,4529,13771,766,243
2157,3470,13772,4529,13772,766,243
2157,3470,13773,4529,13773,766,243
2158,3470,13774,4529,13774,766,243
2158,3470,13775,4529,13775,766,243
2158,3470,13776,4529,13776,766,243
2157,3470,13777,4529,13777,766,243
2155,3470,13778,4529,13778,766,243
2154,3470,13779,4529,13779,766,243
2154,3470,13780,4529,13780,766,243
2154,3470,13781,4529,13781,766,243
2154,3470,13782,4529,13782,766,243
2154,3470,13783,4529,13783,766,243
2154,3470,13784,4529,13784,766,243
2154,3470,13785,4529,13785,766,243
2154,3470,13786,4529,13786,766,243
2155,3470,13787,4529,13787,766,243
2155,3470,13788,4529,13788,766,243
2155,3470,13789,4529,13789,766,243
2155,3470,13790,4529,13790,766,243
2155,3470,13791,4529,13791,766,243
2156,3470,13792,4529,13792,766,243
2155,3470,13793,4529,13793,766,243
2156,3470,13794,4529,13794,766,243
2156,3470,13795,4529,13795,766,243
2157,3470,13796,4529,13796,766,243
2157,3470,13797,4529,13797,766,243
2157,3470,13798,4529,13798,766,243
2157,3470,13799,4529,13799,766,243
2157,3470,13800,4529,13800,766,243
2157,3470,13801,4529,13801,766,243
2157,3470,13802,4529,13802,766,243
2157,3470,13803,4529,13803,766,243
2157,3470,13804,4529,13804,766,243
2157,3470,13805,4529,13805,766,243
2158,3470,13806,4529,13806,766,243
2158,3470,13807,4529,13807,766,243
2158,3470,13808,4529,13808,766,243
2158,3470,13809,4529,13809,766,243
2158,3470,13810,4529,13810,766,243
2157,3470,13811,4529,13811,766,243
2158,3470,13812,4529,13812,766,243
2157,3470,13813,4529,13813,766,243
2157,3470,13814,4529,13814,766,243
2157,3470,13815,4529,13815,766,243
2156,3470,13816,4529,13816,766,243
2156,3470,13817,4529,13817,766,243
2156,3470,13818,4529,13818,766,243
2156,3470,13819,4529,13819,766,243
2154,3470,13820,4529,13820,766,243
2154,3470,13821,4529,13821,766,243
2155,3470,13822,4529,13822,766,243
2153,3470,13823,4529,13823,766,243
2153,3470,13824,4529,13824,766,243
2153,3470,13825,4529,13825,766,243
2152,3470,13826,4529,13826,766,243
2152,3470,13827,4529,13827,766,243
2152,3470,13828,4529,13828,766,243
2152,3470,13829,4529,13829,766,243
2152,3470,13830,4529,13830,766,243
2153,3470,13831,4529,13831,766,243
2153,3470,13832,4529,13832,766,243
2151,3470,13833,4529,13833,766,242
2149,3470,13834,4529,13834,766,242
2148,3470,13835,4529,13835,766,242
2148,3470,13836,4529,13836,766,242
2149,3470,13837,4529,13837,766,242
2149,3470,13838,4529,13838,766,242
2149,3470,13839,4529,13839,766,242
2148,3470,13840,4529,13840,766,242
2147,3470,13841,4529,13841,766,242
2148,3470,13842,4529,13842,766,242
2149,3470,13843,4529,13843,766,242
2149,3470,13844,4529,13844,766,242
2148,3470,13845,4529,13845,766,242
2148,3470,13846,4529,13846,766,242
2149,3470,13847,4529,13847,766,242
2150,3470,13848,4529,13848,766,242
2150,3470,13849,4529,13849,766,242
2150,3470,13850,4529,13850,766,242
2150,3470,13851,4529,13851,766,242
2149,3470,13852,4529,13852,766,242
2149,3470,13853,4529,13853,766,242
2148,3470,13854,4529,13854,766,242
2148,3470,13855,4529,13855,766,242
2146,3470,13856,4529,13856,766,242
2146,3470,13857,4529,13857,766,242
2147,3470,13858,4529,13858,766,242
2148,3470,13859,4529,13859,766,242
2148,3470,13860,4529,13860,766,242
2147,3470,13861,4529,13861,766,242
2147,3470,13862,4529,13862,766,242
2147,3470,13863,4529,13863,766,242
2147,3470,13864,4529,13864,766,242
2147,3470,13865,4529,13865,766,242
2147,3470,13866,4529,13866,766,242
2147,3470,13867,4529,13867,766,242
2148,3470,13868,4529,13868,766,242
2148,3470,13869,4529,13869,766,242
2148,3470,13870,4529,13870,766,242
2148,3470,13871,4529,13871,766,242
2148,3470,13872,4529,13872,766,242
2146,3470,13873,4529,13873,766,241
2146,3470,13874,4529,13874,766,241
2147,3470,13875,4529,13875,766,241
2147,3470,13876,4529,13876,766,241
2147,3470,13877,4529,13877,766,241
2148,3470,13878,4529,13878,766,241
2148,3470,13879,4529,13879,766,241
2147,3470,13880,4529,13880,766,241
2147,3470,13881,4529,13881,766,241
2148,3470,13882,4529,13882,766,241
2147,3470,13883,4529,13883,766,241
2147,3470,13884,4529,13884,766,241
2147,3470,13885,4529,13885,766,241
2148,3470,13886,4529,13886,766,241
2148,3470,13887,4529,13887,766,241
2149,3470,13888,4529,13888,766,241
2149,3470,13889,4529,13889,766,241
2149,3470,13890,4529,13890,766,241
2149,3470,13891,4529,13891,766,241
2149,3470,13892,4529,13892,766,241
2149,3470,13893,4529,13893,766,241
2148,3470,13894,4529,13894,766,241
2148,3470,13895,4529,13895,766,241
2147,3470,13896,4529,13896,766,241
2147,3470,13897,4529,13897,766,241
2148,3470,13898,4529,13898,766,241
2148,3470,13899,4529,13899,766,241
2149,3470,13900,4529,13900,766,241
2149,3470,13901,4529,13901,766,241
2149,3470,13902,4529,13902,766,241
2149,3470,13903,4529,13903,766,241
2149,3470,13904,4529,13904,766,241
2149,3470,13905,4529,13905,766,241
2150,3470,13906,4529,13906,766,241
2151,3470,13907,4529,13907,766,241
2151,3470,13908,4529,13908,766,241
2151,3470,13909,4529,13909,766,241
2150,3470,13910,4529,13910,766,241
2151,3470,13911,4529,13911,766,241
2151,3470,13912,4529,13912,766,241
2151,3470,13913,4529,13913,766,241
2151,3470,13914,4529,13914,766,241
2151,3470,13915,4529,13915,766,241
2151,3470,13916,4529,13916,766,241
2152,3470,13917,4529,13917,766,241
2151,3470,13918,4529,13918,766,241
2151,3470,13919,4529,13919,766,241
2150,3470,13920,4529,13920,766,241
2150,3470,13921,4529,13921,766,241
2150,3470,13922,4529,13922,766,241
2150,3470,13923,4529,13923,766,241
2150,3470,13924,4529,13924,766,241
2149,3470,13925,4529,13925,766,241
2149,3470,13926,4529,13926,766,241
2149,3470,13927,4529,13927,766,241
2149,3470,13928,4529,13928,766,241
2149,3470,13929,4529,13929,766,241
2149,3470,13930,4529,13930,766,241
2149,3470,13931,4529,13931,766,241
2150,3470,13932,4529,13932,766,241
2149,3470,13933,4529,13933,766,241
2149,3470,13934,4529,13934,766,241
2149,3470,13935,4529,13935,766,241
2149,3470,13936,4529,13936,766,241
2149,3470,13937,4529,13937,766,241
2150,3470,13938,4529,13938,766,241
2150,3470,13939,4529,13939,766,241
2150,3470,13940,4529,13940,766,241
2150,3470,13941,4529,13941,766,241
2149,3470,13942,4529,13942,766,241
2148,3470,13943,4529,13943,766,241
2148,3470,13944,4529,13944,766,241
2148,3470,13945,4529,13945,766,241
2148,3470,13946,4529,13946,766,241
2148,3470,13947,4529,13947,766,241
2147,3470,13948,4529,13948,766,241
2146,3470,13949,4529,13949,766,241
2146,3470,13950,4529,13950,766,241
2147,3470,13951,4529,13951,766,241
2147,3470,13952,4529,13952,766,241
2147,3470,13953,4529,13953,766,241
2148,3470,13954,4529,13954,766,241
2147,3470,13955,4529,13955,766,241
2146,3470,13956,4529,13956,766,241
2146,3470,13957,4529,13957,766,241
2145,3470,13958,4529,13958,766,241
2145,3470,13959,4529,13959,766,241
2145,3470,13960,4529,13960,766,241
2146,3470,13961,4529,13961,766,241
2147,3470,13962,4529,13962,766,241
2148,3470,13963,4529,13963,766,241
2148,3470,13964,4529,13964,766,241
2148,3470,13965,4529,13965,766,241
2147,3470,13966,4529,13966,766,241
2147,3470,13967,4529,13967,766,241
2147,3470,13968,4529,13968,766,241
2147,3470,13969,4529,13969,766,241
2147,3470,13970,4529,13970,766,241
2147,3470,13971,4529,13971,766,241
2146,3470,13972,4529,13972,766,241
2146,3470,13973,4529,13973,766,241
2147,3470,13974,4529,13974,766,241
2147,3470,13975,4529,13975,766,241
2147,3470,13976,4529,13976,766,241
2146,3470,13977,4529,13977,766,241
2146,3470,13978,4529,13978,766,241
2145,3470,13979,4529,13979,766,241
2145,3470,13980,4529,13980,766,241
2145,3470,13981,4529,13981,766,241
2142,3470,13982,4529,13982,766,241
2141,3470,13983,4529,13983,766,241
2141,3470,13984,4529,13984,766,241
2141,3470,13985,4529,13985,766,241
2141,3470,13986,4529,13986,766,241
2140,3470,13987,4529,13987,766,241
2140,3470,13988,4529,13988,766,241
2140,3470,13989,4529,13989,766,241
2139,3470,13990,4529,13990,766,241
2140,3470,13991,4529,13991,766,241
2141,3470,13992,4529,13992,766,241
2141,3470,13993,4529,13993,766,241
2141,3470,13994,4529,13994,766,241
2141,3470,13995,4529,13995,766,241
2141,3470,13996,4529,13996,766,241
2141,3470,13997,4529,13997,766,241
2141,3470,13998,4529,13998,766,241
2141,3470,13999,4529,13999,766,241
2141,3470,14000,4529,14000,766,241
2141,3470,14001,4529,14001,766,241
2141,3470,14002,4529,14002,766,241
2141,3470,14003,4529,14003,766,241
2141,3470,14004,4529,14004,766,241
2141,3470,14005,4529,14005,766,241
2139,3470,14006,4529,14006,766,241
2139,3470,14007,4529,14007,766,241
2140,3470,14008,4529,14008,766,241
2140,3470,14009,4529,14009,766,241
2140,3470,14010,4529,14010,766,241
2137,3470,14011,4529,14011,766,239
2137,3470,14012,4529,14012,766,239
2137,3470,14013,4529,14013,766,239
2137,3470,14014,4529,14014,766,239
2137,3470,14015,4529,14015,766,239
2138,3470,14016,4529,14016,766,239
2138,3470,14017,4529,14017,766,239
2138,3470,14018,4529,14018,766,239
2138,3470,14019,4529,14019,766,239
2139,3470,14020,4529,14020,766,239
2138,3470,14021,4529,14021,766,239
2138,3470,14022,4529,14022,766,239
2138,3470,14023,4529,14023,766,239
2138,3470,14024,4529,14024,766,239
2138,3470,14025,4529,14025,766,239
2137,3470,14026,4529,14026,766,239
2137,3470,14027,4529,14027,766,239
2137,3470,14028,4529,14028,766,239
2137,3470,14029,4529,14029,766,239
2137,3470,14030,4529,14030,766,239
2138,3470,14031,4529,14031,766,239
2138,3470,14032,4529,14032,766,239
2139,3470,14033,4529,14033,766,239
2140,3470,14034,4529,14034,766,239
2139,3470,14035,4529,14035,766,239
2138,3470,14036,4529,14036,766,239
2138,3470,14037,4529,14037,766,239
2138,3470,14038,4529,14038,766,239
2138,3470,14039,4529,14039,766,239
2138,3470,14040,4529,14040,766,239
2138,3470,14041,4529,14041,766,239
2138,3470,14042,4529,14042,766,239
2137,3470,14043,4529,14043,766,239
2136,3470,14044,4529,14044,766,239
2137,3470,14045,4529,14045,766,239
2138,3470,14046,4529,14046,766,239
2139,3470,14047,4529,14047,766,239
2140,3470,14048,4529,14048,766,239
2141,3470,14049,4529,14049,766,239
2142,3470,14050,4529,14050,766,239
2142,3470,14051,4529,14051,766,239
2142,3470,14052,4529,14052,766,239
2142,3470,14053,4529,14053,766,239
2143,3470,14054,4529,14054,766,239
2143,3470,14055,4529,14055,766,239
2141,3470,14056,4529,14056,766,239
2140,3470,14057,4529,14057,766,239
2140,3470,14058,4529,14058,766,239
2140,3470,14059,4529,14059,766,239
2140,3470,14060,4529,14060,766,239
2140,3470,14061,4529,14061,766,239
2140,3470,14062,4529,14062,766,239
2140,3470,14063,4529,14063,766,239
2141,3470,14064,4529,14064,766,239
2141,3470,14065,4529,14065,766,239
2141,3470,14066,4529,14066,766,239
2141,3470,14067,4529,14067,766,239
2141,3470,14068,4529,14068,766,239
2141,3470,14069,4529,14069,766,239
2141,3470,14070,4529,14070,766,239
2140,3470,14071,4529,14071,766,239
2140,3470,14072,4529,14072,766,239
2139,3470,14073,4529,14073,766,239
2139,3470,14074,4529,14074,766,239
2139,3470,14075,4529,14075,766,239
2138,3470,14076,4529,14076,766,239
2138,3470,14077,4529,14077,766,239
2138,3470,14078,4529,14078,766,239
2138,3470,14079,4529,14079,766,239
2138,3470,14080,4529,14080,766,239
2139,3470,14081,4529,14081,766,239
2138,3470,14082,4529,14082,766,239
2135,3470,14083,4529,14083,766,238
2135,3470,14084,4529,14084,766,238
2134,3470,14085,4529,14085,766,237
2133,3470,14086,4529,14086,766,237
2133,3470,14087,4529,14087,766,237
2133,3470,14088,4529,14088,766,237
2132,3470,14089,4529,14089,766,237
2133,3470,14090,4529,14090,766,237
2132,3470,14091,4529,14091,766,237
2133,3470,14092,4529,14092,766,237
2133,3470,14093,4529,14093,766,237
2131,3470,14094,4529,14094,766,237
2131,3470,14095,4529,14095,766,237
2130,3470,14096,4529,14096,766,237
2129,3470,14097,4529,14097,766,237
2129,3470,14098,4529,14098,766,237
2129,3470,14099,4529,14099,766,237
2128,3470,14100,4529,14100,766,237
2128,3470,14101,4529,14101,766,237
2128,3470,14102,4529,14102,766,237
2129,3470,14103,4529,14103,766,237
2129,3470,14104,4529,14104,766,237
2129,3470,14105,4529,14105,766,237
2128,3470,14106,4529,14106,766,237
2128,3470,14107,4529,14107,766,237
2127,3470,14108,4529,14108,766,237
2127,3470,14109,4529,14109,766,237
2127,3470,14110,4529,14110,766,237
2128,3470,14111,4529,14111,766,237
2129,3470,14112,4529,14112,766,237
2130,3470,14113,4529,14113,766,237
2130,3470,14114,4529,14114,766,237
2130,3470,14115,4529,14115,766,237
2130,3470,14116,4529,14116,766,237
2130,3470,14117,4529,14117,766,237
2130,3470,14118,4529,14118,766,237
2129,3470,14119,4529,14119,766,237
2129,3470,14120,4529,14120,766,237
2130,3470,14121,4529,14121,766,237
2130,3470,14122,4529,14122,766,237
2130,3470,14123,4529,14123,766,237
2130,3470,14124,4529,14124,766,237
2130,3470,14125,4529,14125,766,237
2129,3470,14126,4529,14126,766,237
2129,3470,14127,4529,14127,766,237
2129,3470,14128,4529,14128,766,237
2129,3470,14129,4529,14129,766,237
2129,3470,14130,4529,14130,766,237
2129,3470,14131,4529,14131,766,237
2129,3470,14132,4529,14132,766,237
2129,3470,14133,4529,14133,766,237
2129,3470,14134,4529,14134,766,237
2129,3470,14135,4529,14135,766,237
2130,3470,14136,4529,14136,766,237
2130,3470,14137,4529,14137,766,237
2128,3470,14138,4529,14138,766,237
2128,3470,14139,4529,14139,766,237
2129,3470,14140,4529,14140,766,237
2127,3470,14141,4529,14141,766,237
2125,3470,14142,4529,14142,766,236
2125,3470,14143,4529,14143,766,236
2125,3470,14144,4529,14144,766,236
2125,3470,14145,4529,14145,766,236
2125,3470,14146,4529,14146,766,236
2125,3470,14147,4529,14147,766,236
2125,3470,14148,4529,14148,766,236
2125,3470,14149,4529,14149,766,236
2125,3470,14150,4529,14150,766,236
2126,3470,14151,4529,14151,766,236
2126,3470,14152,4529,14152,766,236
2126,3470,14153,4529,14153,766,236
2124,3470,14154,4529,14154,766,236
2125,3470,14155,4529,14155,766,236
2125,3470,14156,4529,14156,766,236
2125,3470,14157,4529,14157,766,236
2123,3470,14158,4529,14158,766,236
2123,3470,14159,4529,14159,766,236
2123,3470,14160,4529,14160,766,236
2123,3470,14161,4529,14161,766,236
2124,3470,14162,4529,14162,766,236
2124,3470,14163,4529,14163,766,236
2125,3470,14164,4529,14164,766,236
2125,3470,14165,4529,14165,766,236
2125,3470,14166,4529,14166,766,236
2125,3470,14167,4529,14167,766,236
2125,3470,14168,4529,14168,766,236
2124,3470,14169,4529,14169,766,236
2124,3470,14170,4529,14170,766,236
2123,3470,14171,4529,14171,766,236
2123,3470,14172,4529,14172,766,236
2123,3470,14173,4529,14173,766,236
2123,3470,14174,4529,14174,766,236
2123,3470,14175,4529,14175,766,236
2124,3470,14176,4529,14176,766,236
2122,3470,14177,4529,14177,766,236
2123,3470,14178,4529,14178,766,236
2120,3470,14179,4529,14179,766,234
2121,3470,14180,4529,14180,766,234
2121,3470,14181,4529,14181,766,234
2120,3470,14182,4529,14182,766,234
2120,3470,14183,4529,14183,766,234
2120,3470,14184,4529,14184,766,234
2119,3470,14185,4529,14185,766,234
2120,3470,14186,4529,14186,766,234
2120,3470,14187,4529,14187,766,234
2121,3470,14188,4529,14188,766,234
2121,3470,14189,4529,14189,766,234
2121,3470,14190,4529,14190,766,234
2121,3470,14191,4529,14191,766,234
2121,3470,14192,4529,14192,766,234
2121,3470,14193,4529,14193,766,234
2121,3470,14194,4529,14194,766,234
2121,3470,14195,4529,14195,766,234
2121,3470,14196,4529,14196,766,234
2120,3470,14197,4529,14197,766,234
2121,3470,14198,4529,14198,766,234
2122,3470,14199,4529,14199,766,234
2122,3470,14200,4529,14200,766,234
2122,3470,14201,4529,14201,766,234
2121,3470,14202,4529,14202,766,234
2120,3470,14203,4529,14203,766,234
2121,3470,14204,4529,14204,766,234
2122,3470,14205,4529,14205,766,234
2122,3470,14206,4529,14206,766,234
2121,3470,14207,4529,14207,766,234
2119,3470,14208,4529,14208,766,234
2120,3470,14209,4529,14209,766,234
2121,3470,14210,4529,14210,766,234
2121,3470,14211,4529,14211,766,234
2121,3470,14212,4529,14212,766,234
2121,3470,14213,4529,14213,766,234
2121,3470,14214,4529,14214,766,234
2121,3470,14215,4529,14215,766,234
2121,3470,14216,4529,14216,766,234
2121,3470,14217,4529,14217,766,234
2120,3470,14218,4529,14218,766,234
2120,3470,14219,4529,14219,766,234
2120,3470,14220,4529,14220,766,234
2118,3470,14221,4529,14221,766,234
2118,3470,14222,4529,14222,766,234
2116,3470,14223,4529,14223,766,234
2116,3470,14224,4529,14224,766,234
2116,3470,14225,4529,14225,766,234
2116,3470,14226,4529,14226,766,234
2117,3470,14227,4529,14227,766,234
2116,3470,14228,4529,14228,766,234
2116,3470,14229,4529,14229,766,234
2116,3470,14230,4529,14230,766,234
2115,3470,14231,4529,14231,766,234
2115,3470,14232,4529,14232,766,234
2116,3470,14233,4529,14233,766,234
2115,3470,14234,4529,14234,766,234
2115,3470,14235,4529,14235,766,234
2114,3470,14236,4529,14236,766,234
2113,3470,14237,4529,14237,766,234
2113,3470,14238,4529,14238,766,234
2113,3470,14239,4529,14239,766,234
2113,3470,14240,4529,14240,766,234
2113,3470,14241,4529,14241,766,234
2112,3470,14242,4529,14242,766,234
2112,3470,14243,4529,14243,766,234
2112,3470,14244,4529,14244,766,234
2112,3470,14245,4529,14245,766,234
2113,3470,14246,4529,14246,766,234
2114,3470,14247,4529,14247,766,234
2114,3470,14248,4529,14248,766,234
2114,3470,14249,4529,14249,766,234
2114,3470,14250,4529,14250,766,234
2114,3470,14251,4529,14251,766,234
2114,3470,14252,4529,14252,766,234
2114,3470,14253,4529,14253,766,234
2114,3470,14254,4529,14254,766,234
2114,3470,14255,4529,14255,766,234
2114,3470,14256,4529,14256,766,234
2113,3470,14257,4529,14257,766,234
2113,3470,14258,4529,14258,766,234
2113,3470,14259,4529,14259,766,234
2114,3470,14260,4529,14260,766,234
2114,3470,14261,4529,14261,766,234
2114,3470,14262,4529,14262,766,234
2114,3470,14263,4529,14263,766,234
2114,3470,14264,4529,14264,766,234
2114,3470,14265,4529,14265,766,234
2114,3470,14266,4529,14266,766,234
2114,3470,14267,4529,14267,766,234
2113,3470,14268,4529,14268,766,234
2113,3470,14269,4529,14269,766,234
2112,3470,14270,4529,14270,766,234
2111,3470,14271,4529,14271,766,234
2111,3470,14272,4529,14272,766,234
2111,3470,14273,4529,14273,766,234
2109,3470,14274,4529,14274,766,234
2109,3470,14275,4529,14275,766,234
2109,3470,14276,4529,14276,766,234
2110,3470,14277,4529,14277,766,234
2110,3470,14278,4529,14278,766,234
2110,3470,14279,4529,14279,766,234
2109,3470,14280,4529,14280,766,234
2107,3470,14281,4529,14281,766,234
2108,3470,14282,4529,14282,766,234
2108,3470,14283,4529,14283,766,234
2107,3470,14284,4529,14284,766,234
2107,3470,14285,4529,14285,766,234
2107,3470,14286,4529,14286,766,234
2107,3470,14287,4529,14287,766,234
2108,3470,14288,4529,14288,766,234
2107,3470,14289,4529,14289,766,234
2105,3470,14290,4529,14290,766,233
2104,3470,14291,4529,14291,766,232
2105,3470,14292,4529,14292,766,232
2105,3470,14293,4529,14293,766,232
2105,3470,14294,4529,14294,766,232
2105,3470,14295,4529,14295,766,232
2102,3470,14296,4529,14296,766,231
2102,3470,14297,4529,14297,766,231
2102,3470,14298,4529,14298,766,231
2103,3470,14299,4529,14299,766,231
2104,3470,14300,4529,14300,766,231
2104,3470,14301,4529,14301,766,231
2102,3470,14302,4529,14302,766,229
2103,3470,14303,4529,14303,766,229
2104,3470,14304,4529,14304,766,229
2104,3470,14305,4529,14305,766,229
2104,3470,14306,4529,14306,766,229
2105,3470,14307,4529,14307,766,229
2104,3470,14308,4529,14308,766,229
2103,3470,14309,4529,14309,766,229
2103,3470,14310,4529,14310,766,229
2103,3470,14311,4529,14311,766,229
2104,3470,14312,4529,14312,766,229
2104,3470,14313,4529,14313,766,229
2104,3470,14314,4529,14314,766,229
2105,3470,14315,4529,14315,766,229
2106,3470,14316,4529,14316,766,229
2107,3470,14317,4529,14317,766,229
2107,3470,14318,4529,14318,766,229
2108,3470,14319,4529,14319,766,229
2108,3470,14320,4529,14320,766,229
2109,3470,14321,4529,14321,766,229
2109,3470,14322,4529,14322,766,229
2109,3470,14323,4529,14323,766,229
2109,3470,14324,4529,14324,766,229
2109,3470,14325,4529,14325,766,229
2109,3470,14326,4529,14326,766,229
2109,3470,14327,4529,14327,766,229
2109,3470,14328,4529,14328,766,229
2109,3470,14329,4529,14329,766,229
2110,3470,14330,4529,14330,766,229
2110,3470,14331,4529,14331,766,229
2111,3470,14332,4529,14332,766,229
2110,3470,14333,4529,14333,766,229
2110,3470,14334,4529,14334,766,229
2110,3470,14335,4529,14335,766,229
2109,3470,14336,4529,14336,766,229
2109,3470,14337,4529,14337,766,229
2110,3470,14338,4529,14338,766,229
2110,3470,14339,4529,14339,766,229
2110,3470,14340,4529,14340,766,229
2111,3470,14341,4529,14341,766,229
2111,3470,14342,4529,14342,766,229
2110,3470,14343,4529,14343,766,229
2110,3470,14344,4529,14344,766,229
2108,3470,14345,4529,14345,766,229
2108,3470,14346,4529,14346,766,229
2108,3470,14347,4529,14347,766,229
2108,3470,14348,4529,14348,766,229
2108,3470,14349,4529,14349,766,229
2108,3470,14350,4529,14350,766,229
2108,3470,14351,4529,14351,766,229
2109,3470,14352,4529,14352,766,229
2108,3470,14353,4529,14353,766,229
2109,3470,14354,4529,14354,766,229
2109,3470,14355,4529,14355,766,229
2109,3470,14356,4529,14356,766,229
2109,3470,14357,4529,14357,766,229
2109,3470,14358,4529,14358,766,229
2109,3470,14359,4529,14359,766,229
2109,3470,14360,4529,14360,766,229
2109,3470,14361,4529,14361,766,229
2109,3470,14362,4529,14362,766,229
2109,3470,14363,4529,14363,766,229
2108,3470,14364,4529,14364,766,229
2108,3470,14365,4529,14365,766,229
2108,3470,14366,4529,14366,766,229
2108,3470,14367,4529,14367,766,229
2108,3470,14368,4529,14368,766,229
2108,3470,14369,4529,14369,766,229
2108,3470,14370,4529,14370,766,229
2108,3470,14371,4529,14371,766,229
2108,3470,14372,4529,14372,766,229
2108,3470,14373,4529,14373,766,229
2108,3470,14374,4529,14374,766,229
2108,3470,14375,4529,14375,766,229
2108,3470,14376,4529,14376,766,229
2108,3470,14377,4529,14377,766,229
2107,3470,14378,4529,14378,766,229
2108,3470,14379,4529,14379,766,229
2109,3470,14380,4529,14380,766,229
2109,3470,14381,4529,14381,766,229
2110,3470,14382,4529,14382,766,229
2110,3470,14383,4529,14383,766,229
2109,3470,14384,4529,14384,766,229
2110,3470,14385,4529,14385,766,229
2111,3470,14386,4529,14386,766,229
2111,3470,14387,4529,14387,766,229
2111,3470,14388,4529,14388,766,229
2112,3470,14389,4529,14389,766,229
2111,3470,14390,4529,14390,766,229
2111,3470,14391,4529,14391,766,229
2112,3470,14392,4529,14392,766,229
2111,3470,14393,4529,14393,766,229
2111,3470,14394,4529,14394,766,229
2112,3470,14395,4529,14395,766,229
2111,3470,14396,4529,14396,766,229
2112,3470,14397,4529,14397,766,229
2110,3470,14398,4529,14398,766,229
2110,3470,14399,4529,14399,766,229
2111,3470,14400,4529,14400,766,229
2111,3470,14401,4529,14401,766,229
2111,3470,14402,4529,14402,766,229
2112,3470,14403,4529,14403,766,229
2112,3470,14404,4529,14404,766,229
2112,3470,14405,4529,14405,766,229
2112,3470,14406,4529,14406,766,229
2112,3470,14407,4529,14407,766,229
2112,3470,14408,4529,14408,766,229
2113,3470,14409,4529,14409,766,229
2113,3470,14410,4529,14410,766,229
2114,3470,14411,4529,14411,766,229
2113,3470,14412,4529,14412,766,229
2113,3470,14413,4529,14413,766,229
2114,3470,14414,4529,14414,766,229
2114,3470,14415,4529,14415,766,229
2111,3470,14416,4529,14416,766,228
2111,3470,14417,4529,14417,766,228
2111,3470,14418,4529,14418,766,228
2111,3470,14419,4529,14419,766,228
2112,3470,14420,4529,14420,766,228
2112,3470,14421,4529,14421,766,228
2112,3470,14422,4529,14422,766,228
2111,3470,14423,4529,14423,766,228
2111,3470,14424,4529,14424,766,228
2111,3470,14425,4529,14425,766,228
2110,3470,14426,4529,14426,766,228
2110,3470,14427,4529,14427,766,228
2111,3470,14428,4529,14428,766,228
2111,3470,14429,4529,14429,766,228
2111,3470,14430,4529,14430,766,228
2111,3470,14431,4529,14431,766,228
2111,3470,14432,4529,14432,766,228
2111,3470,14433,4529,14433,766,228
2111,3470,14434,4529,14434,766,228
2111,3470,14435,4529,14435,766,228
2111,3470,14436,4529,14436,766,228
2109,3470,14437,4529,14437,766,226
2110,3470,14438,4529,14438,766,226
2110,3470,14439,4529,14439,766,226
2111,3470,14440,4529,14440,766,226
2111,3470,14441,4529,14441,766,226
2111,3470,14442,4529,14442,766,226
2111,3470,14443,4529,14443,766,226
2112,3470,14444,4529,14444,766,226
2111,3470,14445,4529,14445,766,226
2110,3470,14446,4529,14446,766,226
2110,3470,14447,4529,14447,766,226
2110,3470,14448,4529,14448,766,226
2111,3470,14449,4529,14449,766,226
2111,3470,14450,4529,14450,766,226
2111,3470,14451,4529,14451,766,226
2111,3470,14452,4529,14452,766,226
2111,3470,14453,4529,14453,766,226
2104,3470,14454,4529,14454,766,222
2104,3470,14455,4529,14455,766,222
2104,3470,14456,4529,14456,766,222
2105,3470,14457,4529,14457,766,222
2103,3470,14458,4529,14458,766,222
2103,3470,14459,4529,14459,766,222
2102,3470,14460,4529,14460,766,222
2101,3470,14461,4529,14461,766,222
2102,3470,14462,4529,14462,766,222
2102,3470,14463,4529,14463,766,222
2102,3470,14464,4529,14464,766,222
2102,3470,14465,4529,14465,766,222
2102,3470,14466,4529,14466,766,222
2102,3470,14467,4529,14467,766,222
2103,3470,14468,4529,14468,766,222
2102,3470,14469,4529,14469,766,222
2100,3470,14470,4529,14470,766,222
2100,3470,14471,4529,14471,766,222
2100,3470,14472,4529,14472,766,222
2100,3470,14473,4529,14473,766,222
2100,3470,14474,4529,14474,766,222
2101,3470,14475,4529,14475,766,222
2102,3470,14476,4529,14476,766,222
2101,3470,14477,4529,14477,766,222
2101,3470,14478,4529,14478,766,222
2101,3470,14479,4529,14479,766,222
2100,3470,14480,4529,14480,766,222
2099,3470,14481,4529,14481,766,222
2098,3470,14482,4529,14482,766,221
2096,3470,14483,4529,14483,766,221
2096,3470,14484,4529,14484,766,221
2097,3470,14485,4529,14485,766,221
2097,3470,14486,4529,14486,766,221
2096,3470,14487,4529,14487,766,221
2096,3470,14488,4529,14488,766,221
2096,3470,14489,4529,14489,766,221
2097,3470,14490,4529,14490,766,221
2097,3470,14491,4529,14491,766,221
2095,3470,14492,4529,14492,766,220
2094,3470,14493,4529,14493,766,219
2094,3470,14494,4529,14494,766,219
2094,3470,14495,4529,14495,766,219
2095,3470,14496,4529,14496,766,219
2095,3470,14497,4529,14497,766,219
2094,3470,14498,4529,14498,766,219
2094,3470,14499,4529,14499,766,219
2094,3470,14500,4529,14500,766,219
2094,3470,14501,4529,14501,766,219
2095,3470,14502,4529,14502,766,219
2095,3470,14503,4529,14503,766,219
2096,3470,14504,4529,14504,766,219
2095,3470,14505,4529,14505,766,219
2095,3470,14506,4529,14506,766,219
2095,3470,14507,4529,14507,766,219
2095,3470,14508,4529,14508,766,219
2094,3470,14509,4529,14509,766,219
2094,3470,14510,4529,14510,766,219
2094,3470,14511,4529,14511,766,219
2094,3470,14512,4529,14512,766,219
2094,3470,14513,4529,14513,766,219
2095,3470,14514,4529,14514,766,219
2095,3470,14515,4529,14515,766,219
2095,3470,14516,4529,14516,766,219
2095,3470,14517,4529,14517,766,219
2095,3470,14518,4529,14518,766,219
2093,3470,14519,4529,14519,766,219
2093,3470,14520,4529,14520,766,219
2091,3470,14521,4529,14521,766,219
2092,3470,14522,4529,14522,766,219
2092,3470,14523,4529,14523,766,219
2092,3470,14524,4529,14524,766,219
2091,3470,14525,4529,14525,766,219
2092,3470,14526,4529,14526,766,219
2093,3470,14527,4529,14527,766,219
2091,3470,14528,4529,14528,766,219
2091,3470,14529,4529,14529,766,219
2090,3470,14530,4529,14530,766,219
2090,3470,14531,4529,14531,766,219
2090,3470,14532,4529,14532,766,219
2089,3470,14533,4529,14533,766,219
2088,3470,14534,4529,14534,766,219
2088,3470,14535,4529,14535,766,219
2089,3470,14536,4529,14536,766,219
2089,3470,14537,4529,14537,766,219
2088,3470,14538,4529,14538,766,219
2088,3470,14539,4529,14539,766,219
2088,3470,14540,4529,14540,766,219
2087,3470,14541,4529,14541,766,219
2088,3470,14542,4529,14542,766,219
2087,3470,14543,4529,14543,766,219
2087,3470,14544,4529,14544,766,219
2088,3470,14545,4529,14545,766,219
2088,3470,14546,4529,14546,766,219
2088,3470,14547,4529,14547,766,219
2088,3470,14548,4529,14548,766,219
2088,3470,14549,4529,14549,766,219
2089,3470,14550,4529,14550,766,219
2089,3470,14551,4529,14551,766,219
2089,3470,14552,4529,14552,766,219
2086,3470,14553,4529,14553,766,216
2084,3470,14554,4529,14554,766,216
2083,3470,14555,4529,14555,766,216
2083,3470,14556,4529,14556,766,216
2084,3470,14557,4529,14557,766,216
2084,3470,14558,4529,14558,766,216
2084,3470,14559,4529,14559,766,216
2084,3470,14560,4529,14560,766,216
2084,3470,14561,4529,14561,766,216
2084,3470,14562,4529,14562,766,216
2084,3470,14563,4529,14563,766,216
2084,3470,14564,4529,14564,766,216
2084,3470,14565,4529,14565,766,216
2082,3470,14566,4529,14566,766,216
2080,3470,14567,4529,14567,766,216
2080,3470,14568,4529,14568,766,216
2080,3470,14569,4529,14569,766,216
2081,3470,14570,4529,14570,766,216
2081,3470,14571,4529,14571,766,216
2081,3470,14572,4529,14572,766,216
2081,3470,14573,4529,14573,766,216
2081,3470,14574,4529,14574,766,216
2080,3470,14575,4529,14575,766,216
2081,3470,14576,4529,14576,766,216
2081,3470,14577,4529,14577,766,216
2080,3470,14578,4529,14578,766,216
2081,3470,14579,4529,14579,766,216
2081,3470,14580,4529,14580,766,216
2081,3470,14581,4529,14581,766,216
2080,3470,14582,4529,14582,766,216
2078,3470,14583,4529,14583,766,216
2077,3470,14584,4529,14584,766,216
2076,3470,14585,4529,14585,766,216
2076,3470,14586,4529,14586,766,216
2075,3470,14587,4529,14587,766,216
2075,3470,14588,4529,14588,766,216
2076,3470,14589,4529,14589,766,216
2077,3470,14590,4529,14590,766,216
2077,3470,14591,4529,14591,766,216
2075,3470,14592,4529,14592,766,216
2075,3470,14593,4529,14593,766,216
2075,3470,14594,4529,14594,766,216
2074,3470,14595,4529,14595,766,216
2075,3470,14596,4529,14596,766,216
2073,3470,14597,4529,14597,766,216
2073,3470,14598,4529,14598,766,216
2073,3470,14599,4529,14599,766,216
2071,3470,14600,4529,14600,766,215
2071,3470,14601,4529,14601,766,215
2071,3470,14602,4529,14602,766,215
2071,3470,14603,4529,14603,766,215
2070,3470,14604,4529,14604,766,215
2070,3470,14605,4529,14605,766,215
2071,3470,14606,4529,14606,766,215
2070,3470,14607,4529,14607,766,215
2070,3470,14608,4529,14608,766,215
2071,3470,14609,4529,14609,766,215
2071,3470,14610,4529,14610,766,215
2071,3470,14611,4529,14611,766,215
2071,3470,14612,4529,14612,766,215
2071,3470,14613,4529,14613,766,215
2072,3470,14614,4529,14614,766,215
2072,3470,14615,4529,14615,766,215
2072,3470,14616,4529,14616,766,215
2073,3470,14617,4529,14617,766,215
2073,3470,14618,4529,14618,766,215
2074,3470,14619,4529,14619,766,215
2074,3470,14620,4529,14620,766,215
2074,3470,14621,4529,14621,766,215
2074,3470,14622,4529,14622,766,215
2074,3470,14623,4529,14623,766,215
2074,3470,14624,4529,14624,766,215
2075,3470,14625,4529,14625,766,215
2073,3470,14626,4529,14626,766,215
2073,3470,14627,4529,14627,766,215
2073,3470,14628,4529,14628,766,215
2073,3470,14629,4529,14629,766,215
2073,3470,14630,4529,14630,766,215
2073,3470,14631,4529,14631,766,215
2073,3470,14632,4529,14632,766,215
2073,3470,14633,4529,14633,766,215
2073,3470,14634,4529,14634,766,215
2070,3470,14635,4529,14635,766,214
2069,3470,14636,4529,14636,766,214
2070,3470,14637,4529,14637,766,214
2070,3470,14638,4529,14638,766,214
2070,3470,14639,4529,14639,766,214
2071,3470,14640,4529,14640,766,214
2071,3470,14641,4529,14641,766,214
2071,3470,14642,4529,14642,766,214
2071,3470,14643,4529,14643,766,214
2071,3470,14644,4529,14644,766,214
2071,3470,14645,4529,14645,766,214
2071,3470,14646,4529,14646,766,214
2071,3470,14647,4529,14647,766,214
2071,3470,14648,4529,14648,766,214
2070,3470,14649,4529,14649,766,214
2070,3470,14650,4529,14650,766,214
2069,3470,14651,4529,14651,766,214
2069,3470,14652,4529,14652,766,214
2069,3470,14653,4529,14653,766,214
2069,3470,14654,4529,14654,766,214
2069,3470,14655,4529,14655,766,214
2068,3470,14656,4529,14656,766,214
2068,3470,14657,4529,14657,766,214
2069,3470,14658,4529,14658,766,214
2069,3470,14659,4529,14659,766,214
2069,3470,14660,4529,14660,766,214
2069,3470,14661,4529,14661,766,214
2067,3470,14662,4529,14662,766,214
2068,3470,14663,4529,14663,766,214
2068,3470,14664,4529,14664,766,214
2069,3470,14665,4529,14665,766,214
2069,3470,14666,4529,14666,766,214
2070,3470,14667,4529,14667,766,214
2070,3470,14668,4529,14668,766,214
2070,3470,14669,4529,14669,766,214
2069,3470,14670,4529,14670,766,214
2069,3470,14671,4529,14671,766,214
2068,3470,14672,4529,14672,766,214
2069,3470,14673,4529,14673,766,214
2069,3470,14674,4529,14674,766,214
2069,3470,14675,4529,14675,766,214
2069,3470,14676,4529,14676,766,214
2068,3470,14677,4529,14677,766,213
2068,3470,14678,4529,14678,766,213
2069,3470,14679,4529,14679,766,213
2069,3470,14680,4529,14680,766,213
2069,3470,14681,4529,14681,766,213
2070,3470,14682,4529,14682,766,213
2070,3470,14683,4529,14683,766,213
2070,3470,14684,4529,14684,766,213
2070,3470,14685,4529,14685,766,213
2071,3470,14686,4529,14686,766,213
2072,3470,14687,4529,14687,766,213
2072,3470,14688,4529,14688,766,213
2072,3470,14689,4529,14689,766,213
2073,3470,14690,4529,14690,766,213
2073,3470,14691,4529,14691,766,213
2073,3470,14692,4529,14692,766,213
2074,3470,14693,4529,14693,766,213
2074,3470,14694,4529,14694,766,213
2074,3470,14695,4529,14695,766,213
2074,3470,14696,4529,14696,766,213
2074,3470,14697,4529,14697,766,213
2074,3470,14698,4529,14698,766,213
2074,3470,14699,4529,14699,766,213
2074,3470,14700,4529,14700,766,213
2075,3470,14701,4529,14701,766,213
2076,3470,14702,4529,14702,766,213
2076,3470,14703,4529,14703,766,213
2076,3470,14704,4529,14704,766,213
2075,3470,14705,4529,14705,766,213
2075,3470,14706,4529,14706,766,213
2075,3470,14707,4529,14707,766,213
2075,3470,14708,4529,14708,766,213
2075,3470,14709,4529,14709,766,213
2075,3470,14710,4529,14710,766,213
2076,3470,14711,4529,14711,766,213
2076,3470,14712,4529,14712,766,213
2076,3470,14713,4529,14713,766,213
2075,3470,14714,4529,14714,766,213
2075,3470,14715,4529,14715,766,213
2074,3470,14716,4529,14716,766,213
2074,3470,14717,4529,14717,766,213
2074,3470,14718,4529,14718,766,213
2074,3470,14719,4529,14719,766,213
2074,3470,14720,4529,14720,766,213
2072,3470,14721,4529,14721,766,212
2072,3470,14722,4529,14722,766,212
2072,3470,14723,4529,14723,766,212
2071,3470,14724,4529,14724,766,212
2072,3470,14725,4529,14725,766,212
2072,3470,14726,4529,14726,766,212
2072,3470,14727,4529,14727,766,212
2071,3470,14728,4529,14728,766,211
2072,3470,14729,4529,14729,766,211
2071,3470,14730,4529,14730,766,211
2071,3470,14731,4529,14731,766,211
2071,3470,14732,4529,14732,766,211
2071,3470,14733,4529,14733,766,211
2071,3470,14734,4529,14734,766,211
2071,3470,14735,4529,14735,766,211
2070,3470,14736,4529,14736,766,211
2070,3470,14737,4529,14737,766,211
2070,3470,14738,4529,14738,766,211
2070,3470,14739,4529,14739,766,211
2070,3470,14740,4529,14740,766,211
2070,3470,14741,4529,14741,766,211
2070,3470,14742,4529,14742,766,211
2070,3470,14743,4529,14743,766,211
2071,3470,14744,4529,14744,766,211
2071,3470,14745,4529,14745,766,211
2071,3470,14746,4529,14746,766,211
2070,3470,14747,4529,14747,766,211
2069,3470,14748,4529,14748,766,211
2069,3470,14749,4529,14749,766,211
2067,3470,14750,4529,14750,766,211
2066,3470,14751,4529,14751,766,211
2066,3470,14752,4529,14752,766,211
2064,3470,14753,4529,14753,766,211
2064,3470,14754,4529,14754,766,211
2065,3470,14755,4529,14755,766,211
2065,3470,14756,4529,14756,766,211
2065,3470,14757,4529,14757,766,211
2065,3470,14758,4529,14758,766,211
2065,3470,14759,4529,14759,766,211
2065,3470,14760,4529,14760,766,211
2065,3470,14761,4529,14761,766,211
2064,3470,14762,4529,14762,766,211
2064,3470,14763,4529,14763,766,211
2064,3470,14764,4529,14764,766,211
2063,3470,14765,4529,14765,766,211
2063,3470,14766,4529,14766,766,211
2063,3470,14767,4529,14767,766,211
2063,3470,14768,4529,14768,766,211
2061,3470,14769,4529,14769,766,211
2057,3470,14770,4529,14770,766,211
2057,3470,14771,4529,14771,766,211
2055,3470,14772,4529,14772,766,211
2054,3470,14773,4529,14773,766,211
2054,3470,14774,4529,14774,766,211
2054,3470,14775,4529,14775,766,211
2052,3470,14776,4529,14776,766,210
2052,3470,14777,4529,14777,766,210
2053,3470,14778,4529,14778,766,210
2053,3470,14779,4529,14779,766,210
2052,3470,14780,4529,14780,766,210
2052,3470,14781,4529,14781,766,210
2053,3470,14782,4529,14782,766,210
2053,3470,14783,4529,14783,766,210
2052,3470,14784,4529,14784,766,210
2053,3470,14785,4529,14785,766,210
2053,3470,14786,4529,14786,766,210
2053,3470,14787,4529,14787,766,210
2053,3470,14788,4529,14788,766,210
2053,3470,14789,4529,14789,766,210
2052,3470,14790,4529,14790,766,210
2052,3470,14791,4529,14791,766,210
2052,3470,14792,4529,14792,766,210
2051,3470,14793,4529,14793,766,210
2051,3470,14794,4529,14794,766,210
2051,3470,14795,4529,14795,766,210
2051,3470,14796,4529,14796,766,210
2052,3470,14797,4529,14797,766,210
2053,3470,14798,4529,14798,766,210
2053,3470,14799,4529,14799,766,210
2053,3470,14800,4529,14800,766,210
2053,3470,14801,4529,14801,766,210
2052,3470,14802,4529,14802,766,210
2053,3470,14803,4529,14803,766,210
2053,3470,14804,4529,14804,766,210
2052,3470,14805,4529,14805,766,210
2052,3470,14806,4529,14806,766,210
2051,3470,14807,4529,14807,766,210
2051,3470,14808,4529,14808,766,210
2052,3470,14809,4529,14809,766,210
2051,3470,14810,4529,14810,766,210
2047,3470,14811,4529,14811,766,207
2047,3470,14812,4529,14812,766,207
2047,3470,14813,4529,14813,766,207
2045,3470,14814,4529,14814,766,207
2043,3470,14815,4529,14815,766,207
2043,3470,14816,4529,14816,766,207
2043,3470,14817,4529,14817,766,207
2043,3470,14818,4529,14818,766,207
2043,3470,14819,4529,14819,766,207
2044,3470,14820,4529,14820,766,207
2044,3470,14821,4529,14821,766,207
2043,3470,14822,4529,14822,766,207
2043,3470,14823,4529,14823,766,207
2044,3470,14824,4529,14824,766,207
2045,3470,14825,4529,14825,766,207
2044,3470,14826,4529,14826,766,207
2044,3470,14827,4529,14827,766,207
2044,3470,14828,4529,14828,766,207
2044,3470,14829,4529,14829,766,207
2045,3470,14830,4529,14830,766,207
2045,3470,14831,4529,14831,766,207
2044,3470,14832,4529,14832,766,207
2044,3470,14833,4529,14833,766,207
2043,3470,14834,4529,14834,766,207
2042,3470,14835,4529,14835,766,207
2039,3470,14836,4529,14836,766,207
2039,3470,14837,4529,14837,766,207
2039,3470,14838,4529,14838,766,207
2039,3470,14839,4529,14839,766,207
2038,3470,14840,4529,14840,766,207
2039,3470,14841,4529,14841,766,207
2040,3470,14842,4529,14842,766,207
2039,3470,14843,4529,14843,766,207
2038,3470,14844,4529,14844,766,207
2038,3470,14845,4529,14845,766,207
2038,3470,14846,4529,14846,766,207
2039,3470,14847,4529,14847,766,207
2039,3470,14848,4529,14848,766,207
2039,3470,14849,4529,14849,766,207
2039,3470,14850,4529,14850,766,207
2039,3470,14851,4529,14851,766,207
2039,3470,14852,4529,14852,766,207
2039,3470,14853,4529,14853,766,207
2038,3470,14854,4529,14854,766,207
2038,3470,14855,4529,14855,766,207
2037,3470,14856,4529,14856,766,207
2036,3470,14857,4529,14857,766,207
2036,3470,14858,4529,14858,766,207
2036,3470,14859,4529,14859,766,207
2036,3470,14860,4529,14860,766,207
2036,3470,14861,4529,14861,766,207
2036,3470,14862,4529,14862,766,207
2037,3470,14863,4529,14863,766,207
2036,3470,14864,4529,14864,766,207
2036,3470,14865,4529,14865,766,207
2036,3470,14866,4529,14866,766,207
2036,3470,14867,4529,14867,766,207
2035,3470,14868,4529,14868,766,207
2036,3470,14869,4529,14869,766,207
2036,3470,14870,4529,14870,766,207
2036,3470,14871,4529,14871,766,207
2036,3470,14872,4529,14872,766,207
2036,3470,14873,4529,14873,766,207
2036,3470,14874,4529,14874,766,207
2036,3470,14875,4529,14875,766,207
2036,3470,14876,4529,14876,766,207
2035,3470,14877,4529,14877,766,207
2035,3470,14878,4529,14878,766,207
2035,3470,14879,4529,14879,766,207
2035,3470,14880,4529,14880,766,207
2035,3470,14881,4529,14881,766,207
2036,3470,14882,4529,14882,766,207
2036,3470,14883,4529,14883,766,207
2035,3470,14884,4529,14884,766,207
2036,3470,14885,4529,14885,766,207
2037,3470,14886,4529,14886,766,207
2037,3470,14887,4529,14887,766,207
2035,3470,14888,4529,14888,766,207
2035,3470,14889,4529,14889,766,207
2035,3470,14890,4529,14890,766,207
2036,3470,14891,4529,14891,766,207
2037,3470,14892,4529,14892,766,207
2037,3470,14893,4529,14893,766,207
2037,3470,14894,4529,14894,766,207
2038,3470,14895,4529,14895,766,207
2038,3470,14896,4529,14896,766,207
2039,3470,14897,4529,14897,766,207
2038,3470,14898,4529,14898,766,207
2038,3470,14899,4529,14899,766,207
2038,3470,14900,4529,14900,766,207
2038,3470,14901,4529,14901,766,207
2038,3470,14902,4529,14902,766,207
2038,3470,14903,4529,14903,766,207
2038,3470,14904,4529,14904,766,207
2039,3470,14905,4529,14905,766,207
2038,3470,14906,4529,14906,766,207
2038,3470,14907,4529,14907,766,207
2039,3470,14908,4529,14908,766,207
2039,3470,14909,4529,14909,766,207
2040,3470,14910,4529,14910,766,207
2040,3470,14911,4529,14911,766,207
2040,3470,14912,4529,14912,766,207
2041,3470,14913,4529,14913,766,207
2041,3470,14914,4529,14914,766,207
2041,3470,14915,4529,14915,766,207
2041,3470,14916,4529,14916,766,207
2041,3470,14917,4529,14917,766,207
2041,3470,14918,4529,14918,766,207
2041,3470,14919,4529,14919,766,207
2042,3470,14920,4529,14920,766,207
2043,3470,14921,4529,14921,766,207
2043,3470,14922,4529,14922,766,207
2043,3470,14923,4529,14923,766,207
2042,3470,14924,4529,14924,766,207
2042,3470,14925,4529,14925,766,207
2039,3470,14926,4529,14926,766,206
2039,3470,14927,4529,14927,766,206
2039,3470,14928,4529,14928,766,206
2039,3470,14929,4529,14929,766,206
2040,3470,14930,4529,14930,766,206
2041,3470,14931,4529,14931,766,206
2040,3470,14932,4529,14932,766,206
2039,3470,14933,4529,14933,766,206
2039,3470,14934,4529,14934,766,206
2039,3470,14935,4529,14935,766,206
2038,3470,14936,4529,14936,766,206
2038,3470,14937,4529,14937,766,206
2039,3470,14938,4529,14938,766,206
2039,3470,14939,4529,14939,766,206
2038,3470,14940,4529,14940,766,206
2038,3470,14941,4529,14941,766,206
2039,3470,14942,4529,14942,766,206
2039,3470,14943,4529,14943,766,206
2039,3470,14944,4529,14944,766,206
2039,3470,14945,4529,14945,766,206
2040,3470,14946,4529,14946,766,206
2041,3470,14947,4529,14947,766,206
2041,3470,14948,4529,14948,766,206
2041,3470,14949,4529,14949,766,206
2041,3470,14950,4529,14950,766,206
2042,3470,14951,4529,14951,766,206
2039,3470,14952,4529,14952,766,206
2039,3470,14953,4529,14953,766,206
2039,3470,14954,4529,14954,766,206
2039,3470,14955,4529,14955,766,206
2038,3470,14956,4529,14956,766,206
2038,3470,14957,4529,14957,766,206
2039,3470,14958,4529,14958,766,206
2039,3470,14959,4529,14959,766,206
2039,3470,14960,4529,14960,766,206
2038,3470,14961,4529,14961,766,206
2038,3470,14962,4529,14962,766,206
2038,3470,14963,4529,14963,766,206
2038,3470,14964,4529,14964,766,206
2038,3470,14965,4529,14965,766,206
2038,3470,14966,4529,14966,766,206
2038,3470,14967,4529,14967,766,206
2038,3470,14968,4529,14968,766,206
2039,3470,14969,4529,14969,766,206
2039,3470,14970,4529,14970,766,206
2038,3470,14971,4529,14971,766,206
2038,3470,14972,4529,14972,766,206
2038,3470,14973,4529,14973,766,206
2038,3470,14974,4529,14974,766,206
2038,3470,14975,4529,14975,766,206
2039,3470,14976,4529,14976,766,206
2038,3470,14977,4529,14977,766,206
2038,3470,14978,4529,14978,766,206
2038,3470,14979,4529,14979,766,206
2038,3470,14980,4529,14980,766,206
2037,3470,14981,4529,14981,766,206
2038,3470,14982,4529,14982,766,206
2039,3470,14983,4529,14983,766,206
2038,3470,14984,4529,14984,766,206
2038,3470,14985,4529,14985,766,206
2038,3470,14986,4529,14986,766,206
2039,3470,14987,4529,14987,766,206
2039,3470,14988,4529,14988,766,206
2039,3470,14989,4529,14989,766,206
2039,3470,14990,4529,14990,766,206
2039,3470,14991,4529,14991,766,206
2039,3470,14992,4529,14992,766,206
2039,3470,14993,4529,14993,766,206
2039,3470,14994,4529,14994,766,206
2039,3470,14995,4529,14995,766,206
2039,3470,14996,4529,14996,766,206
2039,3470,14997,4529,14997,766,206
2035,3470,14998,4529,14998,766,206
2035,3470,14999,4529,14999,766,206
2034,3470,15000,4529,15000,766,206
2032,3470,15001,4529,15001,766,206
2032,3470,15002,4529,15002,766,206
2031,3470,15003,4529,15003,766,206
2031,3470,15004,4529,15004,766,206
2031,3470,15005,4529,15005,766,206
2031,3470,15006,4529,15006,766,206
2032,3470,15007,4529,15007,766,206
2032,3470,15008,4529,15008,766,206
2032,3470,15009,4529,15009,766,206
2033,3470,15010,4529,15010,766,206
2033,3470,15011,4529,15011,766,206
2033,3470,15012,4529,15012,766,206
2033,3470,15013,4529,15013,766,206
2034,3470,15014,4529,15014,766,206
2034,3470,15015,4529,15015,766,206
2034,3470,15016,4529,15016,766,206
2035,3470,15017,4529,15017,766,206
2034,3470,15018,4529,15018,766,206
2034,3470,15019,4529,15019,766,206
2034,3470,15020,4529,15020,766,206
2034,3470,15021,4529,15021,766,206
2033,3470,15022,4529,15022,766,206
2032,3470,15023,4529,15023,766,205
2032,3470,15024,4529,15024,766,205
2032,3470,15025,4529,15025,766,205
2032,3470,15026,4529,15026,766,205
2032,3470,15027,4529,15027,766,205
2032,3470,15028,4529,15028,766,205
2033,3470,15029,4529,15029,766,205
2033,3470,15030,4529,15030,766,205
2032,3470,15031,4529,15031,766,205
2032,3470,15032,4529,15032,766,205
2032,3470,15033,4529,15033,766,205
2033,3470,15034,4529,15034,766,205
2033,3470,15035,4529,15035,766,205
2034,3470,15036,4529,15036,766,205
2030,3470,15037,4529,15037,766,201
2030,3470,15038,4529,15038,766,201
2030,3470,15039,4529,15039,766,201
2031,3470,15040,4529,15040,766,201
2031,3470,15041,4529,15041,766,201
2032,3470,15042,4529,15042,766,201
2032,3470,15043,4529,15043,766,201
2032,3470,15044,4529,15044,766,201
2032,3470,15045,4529,15045,766,201
2032,3470,15046,4529,15046,766,201
2031,3470,15047,4529,15047,766,201
2031,3470,15048,4529,15048,766,201
2032,3470,15049,4529,15049,766,201
2032,3470,15050,4529,15050,766,201
2033,3470,15051,4529,15051,766,201
2033,3470,15052,4529,15052,766,201
2033,3470,15053,4529,15053,766,201
2032,3470,15054,4529,15054,766,201
2031,3470,15055,4529,15055,766,201
2031,3470,15056,4529,15056,766,201
2031,3470,15057,4529,15057,766,201
2032,3470,15058,4529,15058,766,201
2033,3470,15059,4529,15059,766,201
2032,3470,15060,4529,15060,766,201
2033,3470,15061,4529,15061,766,201
2033,3470,15062,4529,15062,766,201
2033,3470,15063,4529,15063,766,201
2032,3470,15064,4529,15064,766,201
2032,3470,15065,4529,15065,766,201
2032,3470,15066,4529,15066,766,201
2032,3470,15067,4529,15067,766,201
2032,3470,15068,4529,15068,766,201
2032,3470,15069,4529,15069,766,201
2032,3470,15070,4529,15070,766,201
2032,3470,15071,4529,15071,766,201
2032,3470,15072,4529,15072,766,201
2032,3470,15073,4529,15073,766,201
2032,3470,15074,4529,15074,766,201
2032,3470,15075,4529,15075,766,201
2031,3470,15076,4529,15076,766,201
2030,3470,15077,4529,15077,766,201
2029,3470,15078,4529,15078,766,201
2030,3470,15079,4529,15079,766,201
2030,3470,15080,4529,15080,766,201
2030,3470,15081,4529,15081,766,201
2030,3470,15082,4529,15082,766,201
2030,3470,15083,4529,15083,766,201
2030,3470,15084,4529,15084,766,201
2029,3470,15085,4529,15085,766,201
2030,3470,15086,4529,15086,766,201
2031,3470,15087,4529,15087,766,201
2031,3470,15088,4529,15088,766,201
2032,3470,15089,4529,15089,766,201
2032,3470,15090,4529,15090,766,201
2032,3470,15091,4529,15091,766,201
2032,3470,15092,4529,15092,766,201
2033,3470,15093,4529,15093,766,201
2033,3470,15094,4529,15094,766,201
2033,3470,15095,4529,15095,766,201
2033,3470,15096,4529,15096,766,201
2033,3470,15097,4529,15097,766,201
2033,3470,15098,4529,15098,766,201
2031,3470,15099,4529,15099,766,201
2031,3470,15100,4529,15100,766,201
2031,3470,15101,4529,15101,766,201
2032,3470,15102,4529,15102,766,201
2033,3470,15103,4529,15103,766,201
2034,3470,15104,4529,15104,766,201
2034,3470,15105,4529,15105,766,201
2034,3470,15106,4529,15106,766,201
2033,3470,15107,4529,15107,766,201
2032,3470,15108,4529,15108,766,201
2031,3470,15109,4529,15109,766,201
2031,3470,15110,4529,15110,766,201
2031,3470,15111,4529,15111,766,201
2030,3470,15112,4529,15112,766,201
2030,3470,15113,4529,15113,766,201
2030,3470,15114,4529,15114,766,201
2029,3470,15115,4529,15115,766,201
2029,3470,15116,4529,15116,766,201
2029,3470,15117,4529,15117,766,201
2030,3470,15118,4529,15118,766,201
2030,3470,15119,4529,15119,766,201
2030,3470,15120,4529,15120,766,201
2031,3470,15121,4529,15121,766,201
2030,3470,15122,4529,15122,766,201
2030,3470,15123,4529,15123,766,201
2029,3470,15124,4529,15124,766,201
2029,3470,15125,4529,15125,766,201
2029,3470,15126,4529,15126,766,201
2029,3470,15127,4529,15127,766,201
2029,3470,15128,4529,15128,766,201
2029,3470,15129,4529,15129,766,201
2029,3470,15130,4529,15130,766,201
2029,3470,15131,4529,15131,766,201
2029,3470,15132,4529,15132,766,201
2029,3470,15133,4529,15133,766,201
2029,3470,15134,4529,15134,766,201
2028,3470,15135,4529,15135,766,201
2028,3470,15136,4529,15136,766,201
2027,3470,15137,4529,15137,766,201
2027,3470,15138,4529,15138,766,201
2027,3470,15139,4529,15139,766,201
2028,3470,15140,4529,15140,766,201
2028,3470,15141,4529,15141,766,201
2029,3470,15142,4529,15142,766,201
2029,3470,15143,4529,15143,766,201
2028,3470,15144,4529,15144,766,201
2028,3470,15145,4529,15145,766,201
2028,3470,15146,4529,15146,766,201
2029,3470,15147,4529,15147,766,201
2029,3470,15148,4529,15148,766,201
2029,3470,15149,4529,15149,766,201
2029,3470,15150,4529,15150,766,201
2030,3470,15151,4529,15151,766,201
2029,3470,15152,4529,15152,766,201
2029,3470,15153,4529,15153,766,201
2030,3470,15154,4529,15154,766,201
2030,3470,15155,4529,15155,766,201
2030,3470,15156,4529,15156,766,201
2029,3470,15157,4529,15157,766,201
2029,3470,15158,4529,15158,766,201
2029,3470,15159,4529,15159,766,201
2029,3470,15160,4529,15160,766,201
2029,3470,15161,4529,15161,766,201
2029,3470,15162,4529,15162,766,201
2029,3470,15163,4529,15163,766,201
2028,3470,15164,4529,15164,766,201
2028,3470,15165,4529,15165,766,201
2029,3470,15166,4529,15166,766,201
2029,3470,15167,4529,15167,766,201
2029,3470,15168,4529,15168,766,201
2029,3470,15169,4529,15169,766,201
2029,3470,15170,4529,15170,766,201
2029,3470,15171,4529,15171,766,201
2030,3470,15172,4529,15172,766,201
2029,3470,15173,4529,15173,766,201
2029,3470,15174,4529,15174,766,201
2029,3470,15175,4529,15175,766,201
2029,3470,15176,4529,15176,766,201
2029,3470,15177,4529,15177,766,201
2029,3470,15178,4529,15178,766,201
2030,3470,15179,4529,15179,766,201
2030,3470,15180,4529,15180,766,201
2031,3470,15181,4529,15181,766,201
2031,3470,15182,4529,15182,766,201
2031,3470,15183,4529,15183,766,201
2031,3470,15184,4529,15184,766,201
2031,3470,15185,4529,15185,766,201
2031,3470,15186,4529,15186,766,201
2030,3470,15187,4529,15187,766,201
2030,3470,15188,4529,15188,766,201
2030,3470,15189,4529,15189,766,201
2030,3470,15190,4529,15190,766,201
2030,3470,15191,4529,15191,766,201
2030,3470,15192,4529,15192,766,201
2030,3470,15193,4529,15193,766,201
2030,3470,15194,4529,15194,766,201
2030,3470,15195,4529,15195,766,201
2030,3470,15196,4529,15196,766,201
2030,3470,15197,4529,15197,766,201
2031,3470,15198,4529,15198,766,201
2031,3470,15199,4529,15199,766,201
2031,3470,15200,4529,15200,766,201
2032,3470,15201,4529,15201,766,201
2033,3470,15202,4529,15202,766,201
2033,3470,15203,4529,15203,766,201
2033,3470,15204,4529,15204,766,201
2033,3470,15205,4529,15205,766,201
2033,3470,15206,4529,15206,766,201
2033,3470,15207,4529,15207,766,201
2033,3470,15208,4529,15208,766,201
2031,3470,15209,4529,15209,766,200
2031,3470,15210,4529,15210,766,200
2031,3470,15211,4529,15211,766,200
2032,3470,15212,4529,15212,766,200
2032,3470,15213,4529,15213,766,200
2032,3470,15214,4529,15214,766,200
2032,3470,15215,4529,15215,766,200
2032,3470,15216,4529,15216,766,200
2033,3470,15217,4529,15217,766,200
2032,3470,15218,4529,15218,766,199
2031,3470,15219,4529,15219,766,199
2030,3470,15220,4529,15220,766,199
2030,3470,15221,4529,15221,766,199
2029,3470,15222,4529,15222,766,199
2029,3470,15223,4529,15223,766,199
2029,3470,15224,4529,15224,766,199
2029,3470,15225,4529,15225,766,199
2030,3470,15226,4529,15226,766,199
2029,3470,15227,4529,15227,766,199
2029,3470,15228,4529,15228,766,199
2028,3470,15229,4529,15229,766,199
2027,3470,15230,4529,15230,766,199
2027,3470,15231,4529,15231,766,199
2027,3470,15232,4529,15232,766,199
2028,3470,15233,4529,15233,766,199
2028,3470,15234,4529,15234,766,199
2026,3470,15235,4529,15235,766,199
2022,3470,15236,4529,15236,766,198
2022,3470,15237,4529,15237,766,198
2022,3470,15238,4529,15238,766,198
2022,3470,15239,4529,15239,766,198
2021,3470,15240,4529,15240,766,198
2017,3470,15241,4529,15241,766,197
2016,3470,15242,4529,15242,766,197
2017,3470,15243,4529,15243,766,197
2016,3470,15244,4529,15244,766,197
2016,3470,15245,4529,15245,766,197
2016,3470,15246,4529,15246,766,197
2016,3470,15247,4529,15247,766,197
2017,3470,15248,4529,15248,766,197
2016,3470,15249,4529,15249,766,197
2017,3470,15250,4529,15250,766,197
2016,3470,15251,4529,15251,766,197
2016,3470,15252,4529,15252,766,197
2016,3470,15253,4529,15253,766,197
2016,3470,15254,4529,15254,766,197
2016,3470,15255,4529,15255,766,197
2016,3470,15256,4529,15256,766,197
2016,3470,15257,4529,15257,766,197
2016,3470,15258,4529,15258,766,197
2016,3470,15259,4529,15259,766,197
2016,3470,15260,4529,15260,766,197
2016,3470,15261,4529,15261,766,197
2016,3470,15262,4529,15262,766,197
2016,3470,15263,4529,15263,766,197
2016,3470,15264,4529,15264,766,197
2016,3470,15265,4529,15265,766,197
2017,3470,15266,4529,15266,766,197
2016,3470,15267,4529,15267,766,197
2016,3470,15268,4529,15268,766,197
2017,3470,15269,4529,15269,766,197
2017,3470,15270,4529,15270,766,197
2017,3470,15271,4529,15271,766,197
2017,3470,15272,4529,15272,766,197
2018,3470,15273,4529,15273,766,197
2018,3470,15274,4529,15274,766,197
2018,3470,15275,4529,15275,766,197
2019,3470,15276,4529,15276,766,197
2020,3470,15277,4529,15277,766,197
2020,3470,15278,4529,15278,766,197
2021,3470,15279,4529,15279,766,197
2019,3470,15280,4529,15280,766,197
2019,3470,15281,4529,15281,766,197
2019,3470,15282,4529,15282,766,197
2019,3470,15283,4529,15283,766,197
2020,3470,15284,4529,15284,766,197
2020,3470,15285,4529,15285,766,197
2020,3470,15286,4529,15286,766,197
2020,3470,15287,4529,15287,766,197
2020,3470,15288,4529,15288,766,197
2021,3470,15289,4529,15289,766,197
2021,3470,15290,4529,15290,766,197
2022,3470,15291,4529,15291,766,197
2022,3470,15292,4529,15292,766,197
2021,3470,15293,4529,15293,766,197
2021,3470,15294,4529,15294,766,197
2021,3470,15295,4529,15295,766,197
2022,3470,15296,4529,15296,766,197
2022,3470,15297,4529,15297,766,197
2022,3470,15298,4529,15298,766,197
2022,3470,15299,4529,15299,766,197
2022,3470,15300,4529,15300,766,197
2022,3470,15301,4529,15301,766,197
2022,3470,15302,4529,15302,766,197
2022,3470,15303,4529,15303,766,197
2023,3470,15304,4529,15304,766,197
2023,3470,15305,4529,15305,766,197
2024,3470,15306,4529,15306,766,197
2023,3470,15307,4529,15307,766,197
2024,3470,15308,4529,15308,766,197
2024,3470,15309,4529,15309,766,197
2025,3470,15310,4529,15310,766,197
2025,3470,15311,4529,15311,766,197
2025,3470,15312,4529,15312,766,197
2025,3470,15313,4529,15313,766,197
2025,3470,15314,4529,15314,766,197
2024,3470,15315,4529,15315,766,197
2025,3470,15316,4529,15316,766,197
2025,3470,15317,4529,15317,766,197
2025,3470,15318,4529,15318,766,197
2025,3470,15319,4529,15319,766,197
2025,3470,15320,4529,15320,766,197
2026,3470,15321,4529,15321,766,197
2026,3470,15322,4529,15322,766,197
2026,3470,15323,4529,15323,766,197
2026,3470,15324,4529,15324,766,197
2026,3470,15325,4529,15325,766,197
2026,3470,15326,4529,15326,766,197
2026,3470,15327,4529,15327,766,197
2025,3470,15328,4529,15328,766,197
2025,3470,15329,4529,15329,766,197
2025,3470,15330,4529,15330,766,197
2025,3470,15331,4529,15331,766,197
2025,3470,15332,4529,15332,766,197
2024,3470,15333,4529,15333,766,197
2024,3470,15334,4529,15334,766,197
2024,3470,15335,4529,15335,766,197
2023,3470,15336,4529,15336,766,197
2022,3470,15337,4529,15337,766,197
2021,3470,15338,4529,15338,766,197
2022,3470,15339,4529,15339,766,197
2019,3470,15340,4529,15340,766,196
2019,3470,15341,4529,15341,766,196
2020,3470,15342,4529,15342,766,196
2020,3470,15343,4529,15343,766,196
2019,3470,15344,4529,15344,766,196
2019,3470,15345,4529,15345,766,196
2019,3470,15346,4529,15346,766,196
2019,3470,15347,4529,15347,766,196
2020,3470,15348,4529,15348,766,196
2020,3470,15349,4529,15349,766,196
2019,3470,15350,4529,15350,766,196
2019,3470,15351,4529,15351,766,196
2019,3470,15352,4529,15352,766,196
2018,3470,15353,4529,15353,766,196
2017,3470,15354,4529,15354,766,196
2015,3470,15355,4529,15355,766,196
2015,3470,15356,4529,15356,766,196
2015,3470,15357,4529,15357,766,196
2015,3470,15358,4529,15358,766,196
2014,3470,15359,4529,15359,766,196
2013,3470,15360,4529,15360,766,196
2013,3470,15361,4529,15361,766,196
2013,3470,15362,4529,15362,766,196
2013,3470,15363,4529,15363,766,196
2012,3470,15364,4529,15364,766,196
2011,3470,15365,4529,15365,766,196
2010,3470,15366,4529,15366,766,196
2010,3470,15367,4529,15367,766,196
2010,3470,15368,4529,15368,766,196
2010,3470,15369,4529,15369,766,196
2010,3470,15370,4529,15370,766,196
2010,3470,15371,4529,15371,766,196
2010,3470,15372,4529,15372,766,196
2010,3470,15373,4529,15373,766,196
2010,3470,15374,4529,15374,766,196
2009,3470,15375,4529,15375,766,196
2010,3470,15376,4529,15376,766,196
2010,3470,15377,4529,15377,766,196
2010,3470,15378,4529,15378,766,196
2009,3470,15379,4529,15379,766,196
2009,3470,15380,4529,15380,766,196
2010,3470,15381,4529,15381,766,196
2010,3470,15382,4529,15382,766,196
2010,3470,15383,4529,15383,766,196
2010,3470,15384,4529,15384,766,196
2010,3470,15385,4529,15385,766,196
2010,3470,15386,4529,15386,766,196
2010,3470,15387,4529,15387,766,196
2010,3470,15388,4529,15388,766,196
2010,3470,15389,4529,15389,766,196
2011,3470,15390,4529,15390,766,196
2010,3470,15391,4529,15391,766,196
2010,3470,15392,4529,15392,766,196
2010,3470,15393,4529,15393,766,196
2010,3470,15394,4529,15394,766,196
2010,3470,15395,4529,15395,766,196
2010,3470,15396,4529,15396,766,196
2011,3470,15397,4529,15397,766,196
2011,3470,15398,4529,15398,766,196
2011,3470,15399,4529,15399,766,196
2011,3470,15400,4529,15400,766,196
2011,3470,15401,4529,15401,766,196
2009,3470,15402,4529,15402,766,196
2008,3470,15403,4529,15403,766,196
2008,3470,15404,4529,15404,766,196
2007,3470,15405,4529,15405,766,196
2006,3470,15406,4529,15406,766,196
2006,3470,15407,4529,15407,766,196
2006,3470,15408,4529,15408,766,196
2006,3470,15409,4529,15409,766,196
2006,3470,15410,4529,15410,766,196
2005,3470,15411,4529,15411,766,196
2005,3470,15412,4529,15412,766,196
2005,3470,15413,4529,15413,766,196
2004,3470,15414,4529,15414,766,196
2005,3470,15415,4529,15415,766,196
2005,3470,15416,4529,15416,766,196
2005,3470,15417,4529,15417,766,196
2005,3470,15418,4529,15418,766,196
2005,3470,15419,4529,15419,766,196
2006,3470,15420,4529,15420,766,196
2006,3470,15421,4529,15421,766,196
2006,3470,15422,4529,15422,766,196
2005,3470,15423,4529,15423,766,196
2005,3470,15424,4529,15424,766,196
2005,3470,15425,4529,15425,766,196
2005,3470,15426,4529,15426,766,196
2005,3470,15427,4529,15427,766,196
2005,3470,15428,4529,15428,766,196
2005,3470,15429,4529,15429,766,196
2005,3470,15430,4529,15430,766,196
2006,3470,15431,4529,15431,766,196
2006,3470,15432,4529,15432,766,196
2006,3470,15433,4529,15433,766,196
2006,3470,15434,4529,15434,766,196
2006,3470,15435,4529,15435,766,196
2005,3470,15436,4529,15436,766,196
2005,3470,15437,4529,15437,766,196
2004,3470,15438,4529,15438,766,196
2004,3470,15439,4529,15439,766,196
2004,3470,15440,4529,15440,766,196
2003,3470,15441,4529,15441,766,196
2003,3470,15442,4529,15442,766,196
2003,3470,15443,4529,15443,766,196
2003,3470,15444,4529,15444,766,196
2003,3470,15445,4529,15445,766,196
2003,3470,15446,4529,15446,766,196
2003,3470,15447,4529,15447,766,196
2003,3470,15448,4529,15448,766,196
2003,3470,15449,4529,15449,766,196
2003,3470,15450,4529,15450,766,196
2003,3470,15451,4529,15451,766,196
2003,3470,15452,4529,15452,766,196
2004,3470,15453,4529,15453,766,196
2004,3470,15454,4529,15454,766,196
2004,3470,15455,4529,15455,766,196
2004,3470,15456,4529,15456,766,196
2004,3470,15457,4529,15457,766,196
2005,3470,15458,4529,15458,766,196
2003,3470,15459,4529,15459,766,196
2003,3470,15460,4529,15460,766,196
2003,3470,15461,4529,15461,766,196
2002,3470,15462,4529,15462,766,196
2002,3470,15463,4529,15463,766,196
2001,3470,15464,4529,15464,766,196
2001,3470,15465,4529,15465,766,196
2001,3470,15466,4529,15466,766,196
2001,3470,15467,4529,15467,766,196
2001,3470,15468,4529,15468,766,196
2001,3470,15469,4529,15469,766,196
2000,3470,15470,4529,15470,766,196
2000,3470,15471,4529,15471,766,196
2000,3470,15472,4529,15472,766,196
2000,3470,15473,4529,15473,766,196
2000,3470,15474,4529,15474,766,196
2000,3470,15475,4529,15475,766,196
2000,3470,15476,4529,15476,766,196
2000,3470,15477,4529,15477,766,196
2000,3470,15478,4529,15478,766,196
1999,3470,15479,4529,15479,766,196
1996,3470,15480,4529,15480,766,195
1996,3470,15481,4529,15481,766,195
1997,3470,15482,4529,15482,766,195
1997,3470,15483,4529,15483,766,195
1997,3470,15484,4529,15484,766,195
1997,3470,15485,4529,15485,766,195
1997,3470,15486,4529,15486,766,195
1997,3470,15487,4529,15487,766,195
1994,3470,15488,4529,15488,766,193
1995,3470,15489,4529,15489,766,193
1996,3470,15490,4529,15490,766,193
1997,3470,15491,4529,15491,766,193
1997,3470,15492,4529,15492,766,193
1996,3470,15493,4529,15493,766,192
1996,3470,15494,4529,15494,766,192
1996,3470,15495,4529,15495,766,192
1996,3470,15496,4529,15496,766,192
1995,3470,15497,4529,15497,766,192
1995,3470,15498,4529,15498,766,192
1995,3470,15499,4529,15499,766,192
1994,3470,15500,4529,15500,766,192
1995,3470,15501,4529,15501,766,192
1994,3470,15502,4529,15502,766,192
1994,3470,15503,4529,15503,766,192
1994,3470,15504,4529,15504,766,192
1994,3470,15505,4529,15505,766,192
1995,3470,15506,4529,15506,766,192
1995,3470,15507,4529,15507,766,192
1995,3470,15508,4529,15508,766,192
1996,3470,15509,4529,15509,766,192
1996,3470,15510,4529,15510,766,192
1997,3470,15511,4529,15511,766,192
1998,3470,15512,4529,15512,766,192
1998,3470,15513,4529,15513,766,192
1998,3470,15514,4529,15514,766,192
1997,3470,15515,4529,15515,766,192
1997,3470,15516,4529,15516,766,192
1996,3470,15517,4529,15517,766,192
1997,3470,15518,4529,15518,766,192
1997,3470,15519,4529,15519,766,192
1997,3470,15520,4529,15520,766,192
1997,3470,15521,4529,15521,766,192
1997,3470,15522,4529,15522,766,192
1997,3470,15523,4529,15523,766,192
1998,3470,15524,4529,15524,766,192
1998,3470,15525,4529,15525,766,192
1997,3470,15526,4529,15526,766,192
1997,3470,15527,4529,15527,766,192
1996,3470,15528,4529,15528,766,192
1996,3470,15529,4529,15529,766,192
1997,3470,15530,4529,15530,766,192
1997,3470,15531,4529,15531,766,192
1997,3470,15532,4529,15532,766,192
1997,3470,15533,4529,15533,766,192
1996,3470,15534,4529,15534,766,192
1996,3470,15535,4529,15535,766,192
1995,3470,15536,4529,15536,766,192
1995,3470,15537,4529,15537,766,192
1996,3470,15538,4529,15538,766,192
1996,3470,15539,4529,15539,766,192
1996,3470,15540,4529,15540,766,192
1996,3470,15541,4529,15541,766,192
1995,3470,15542,4529,15542,766,192
1994,3470,15543,4529,15543,766,192
1993,3470,15544,4529,15544,766,192
1994,3470,15545,4529,15545,766,192
1994,3470,15546,4529,15546,766,192
1994,3470,15547,4529,15547,766,192
1994,3470,15548,4529,15548,766,192
1994,3470,15549,4529,15549,766,192
1993,3470,15550,4529,15550,766,192
1993,3470,15551,4529,15551,766,192
1993,3470,15552,4529,15552,766,192
1994,3470,15553,4529,15553,766,192
1994,3470,15554,4529,15554,766,192
1994,3470,15555,4529,15555,766,192
1994,3470,15556,4529,15556,766,192
1994,3470,15557,4529,15557,766,192
1994,3470,15558,4529,15558,766,192
1994,3470,15559,4529,15559,766,192
1994,3470,15560,4529,15560,766,192
1995,3470,15561,4529,15561,766,192
1995,3470,15562,4529,15562,766,192
1995,3470,15563,4529,15563,766,192
1995,3470,15564,4529,15564,766,192
1995,3470,15565,4529,15565,766,192
1995,3470,15566,4529,15566,766,192
1996,3470,15567,4529,15567,766,192
1997,3470,15568,4529,15568,766,192
1997,3470,15569,4529,15569,766,192
1997,3470,15570,4529,15570,766,192
1997,3470,15571,4529,15571,766,192
1997,3470,15572,4529,15572,766,192
1998,3470,15573,4529,15573,766,192
1998,3470,15574,4529,15574,766,192
1998,3470,15575,4529,15575,766,192
1998,3470,15576,4529,15576,766,192
1998,3470,15577,4529,15577,766,192
1998,3470,15578,4529,15578,766,192
1998,3470,15579,4529,15579,766,192
1997,3470,15580,4529,15580,766,192
1997,3470,15581,4529,15581,766,192
1997,3470,15582,4529,15582,766,192
1998,3470,15583,4529,15583,766,192
1998,3470,15584,4529,15584,766,192
1998,3470,15585,4529,15585,766,192
1998,3470,15586,4529,15586,766,192
1998,3470,15587,4529,15587,766,192
1998,3470,15588,4529,15588,766,192
1998,3470,15589,4529,15589,766,192
1998,3470,15590,4529,15590,766,192
1996,3470,15591,4529,15591,766,192
1996,3470,15592,4529,15592,766,192
1995,3470,15593,4529,15593,766,192
1996,3470,15594,4529,15594,766,192
1996,3470,15595,4529,15595,766,192
1996,3470,15596,4529,15596,766,192
1997,3470,15597,4529,15597,766,192
1997,3470,15598,4529,15598,766,192
1996,3470,15599,4529,15599,766,192
1996,3470,15600,4529,15600,766,192
1996,3470,15601,4529,15601,766,192
1996,3470,15602,4529,15602,766,192
1996,3470,15603,4529,15603,766,192
1996,3470,15604,4529,15604,766,192
1996,3470,15605,4529,15605,766,192
1996,3470,15606,4529,15606,766,192
1996,3470,15607,4529,15607,766,192
1996,3470,15608,4529,15608,766,192
1996,3470,15609,4529,15609,766,192
1996,3470,15610,4529,15610,766,192
1996,3470,15611,4529,15611,766,192
1997,3470,15612,4529,15612,766,192
1997,3470,15613,4529,15613,766,192
1997,3470,15614,4529,15614,766,192
1997,3470,15615,4529,15615,766,192
1997,3470,15616,4529,15616,766,192
1997,3470,15617,4529,15617,766,192
1997,3470,15618,4529,15618,766,192
1997,3470,15619,4529,15619,766,192
1997,3470,15620,4529,15620,766,192
1997,3470,15621,4529,15621,766,192
1996,3470,15622,4529,15622,766,192
1994,3470,15623,4529,15623,766,192
1994,3470,15624,4529,15624,766,192
1993,3470,15625,4529,15625,766,192
1993,3470,15626,4529,15626,766,192
1993,3470,15627,4529,15627,766,192
1993,3470,15628,4529,15628,766,192
1992,3470,15629,4529,15629,766,192
1992,3470,15630,4529,15630,766,192
1991,3470,15631,4529,15631,766,192
1991,3470,15632,4529,15632,766,192
1991,3470,15633,4529,15633,766,192
1991,3470,15634,4529,15634,766,192
1991,3470,15635,4529,15635,766,192
1992,3470,15636,4529,15636,766,192
1992,3470,15637,4529,15637,766,192
1992,3470,15638,4529,15638,766,192
1993,3470,15639,4529,15639,766,192
1993,3470,15640,4529,15640,766,192
1993,3470,15641,4529,15641,766,192
1993,3470,15642,4529,15642,766,192
1992,3470,15643,4529,15643,766,192
1992,3470,15644,4529,15644,766,192
1992,3470,15645,4529,15645,766,192
1991,3470,15646,4529,15646,766,192
1991,3470,15647,4529,15647,766,192
1991,3470,15648,4529,15648,766,192
1991,3470,15649,4529,15649,766,192
1991,3470,15650,4529,15650,766,192
1991,3470,15651,4529,15651,766,192
1990,3470,15652,4529,15652,766,192
1990,3470,15653,4529,15653,766,192
1989,3470,15654,4529,15654,766,192
1988,3470,15655,4529,15655,766,192
1988,3470,15656,4529,15656,766,192
1988,3470,15657,4529,15657,766,192
1988,3470,15658,4529,15658,766,192
1988,3470,15659,4529,15659,766,192
1988,3470,15660,4529,15660,766,192
1987,3470,15661,4529,15661,766,192
1987,3470,15662,4529,15662,766,192
1988,3470,15663,4529,15663,766,192
1988,3470,15664,4529,15664,766,192
1989,3470,15665,4529,15665,766,192
1989,3470,15666,4529,15666,766,192
1989,3470,15667,4529,15667,766,192
1989,3470,15668,4529,15668,766,192
1989,3470,15669,4529,15669,766,192
1989,3470,15670,4529,15670,766,192
1989,3470,15671,4529,15671,766,192
1990,3470,15672,4529,15672,766,192
1990,3470,15673,4529,15673,766,192
1990,3470,15674,4529,15674,766,192
1990,3470,15675,4529,15675,766,192
1986,3470,15676,4529,15676,766,192
1986,3470,15677,4529,15677,766,192
1987,3470,15678,4529,15678,766,192
1987,3470,15679,4529,15679,766,192
1986,3470,15680,4529,15680,766,192
1986,3470,15681,4529,15681,766,192
1986,3470,15682,4529,15682,766,192
1984,3470,15683,4529,15683,766,191
1984,3470,15684,4529,15684,766,191
1984,3470,15685,4529,15685,766,191
1984,3470,15686,4529,15686,766,191
1984,3470,15687,4529,15687,766,191
1985,3470,15688,4529,15688,766,191
1985,3470,15689,4529,15689,766,191
1985,3470,15690,4529,15690,766,191
1985,3470,15691,4529,15691,766,191
1985,3470,15692,4529,15692,766,191
1984,3470,15693,4529,15693,766,191
1984,3470,15694,4529,15694,766,191
1984,3470,15695,4529,15695,766,191
1985,3470,15696,4529,15696,766,191
1985,3470,15697,4529,15697,766,191
1985,3470,15698,4529,15698,766,191
1985,3470,15699,4529,15699,766,191
1985,3470,15700,4529,15700,766,191
1985,3470,15701,4529,15701,766,191
1985,3470,15702,4529,15702,766,191
1985,3470,15703,4529,15703,766,191
1985,3470,15704,4529,15704,766,191
1985,3470,15705,4529,15705,766,191
1984,3470,15706,4529,15706,766,191
1984,3470,15707,4529,15707,766,191
1983,3470,15708,4529,15708,766,191
1982,3470,15709,4529,15709,766,191
1983,3470,15710,4529,15710,766,191
1982,3470,15711,4529,15711,766,191
1981,3470,15712,4529,15712,766,190
1981,3470,15713,4529,15713,766,190
1981,3470,15714,4529,15714,766,190
1980,3470,15715,4529,15715,766,190
1980,3470,15716,4529,15716,766,190
1980,3470,15717,4529,15717,766,190
1980,3470,15718,4529,15718,766,190
1980,3470,15719,4529,15719,766,190
1980,3470,15720,4529,15720,766,190
1981,3470,15721,4529,15721,766,190
1981,3470,15722,4529,15722,766,190
1981,3470,15723,4529,15723,766,190
1981,3470,15724,4529,15724,766,190
1982,3470,15725,4529,15725,766,190
1982,3470,15726,4529,15726,766,190
1982,3470,15727,4529,15727,766,190
1983,3470,15728,4529,15728,766,190
1983,3470,15729,4529,15729,766,190
1982,3470,15730,4529,15730,766,190
1983,3470,15731,4529,15731,766,190
1983,3470,15732,4529,15732,766,190
1983,3470,15733,4529,15733,766,190
1984,3470,15734,4529,15734,766,190
1984,3470,15735,4529,15735,766,190
1984,3470,15736,4529,15736,766,190
1984,3470,15737,4529,15737,766,190
1984,3470,15738,4529,15738,766,190
1984,3470,15739,4529,15739,766,190
1984,3470,15740,4529,15740,766,190
1984,3470,15741,4529,15741,766,190
1984,3470,15742,4529,15742,766,190
1984,3470,15743,4529,15743,766,190
1984,3470,15744,4529,15744,766,190
1984,3470,15745,4529,15745,766,190
1984,3470,15746,4529,15746,766,190
1984,3470,15747,4529,15747,766,190
1983,3470,15748,4529,15748,766,190
1982,3470,15749,4529,15749,766,190
1981,3470,15750,4529,15750,766,189
1981,3470,15751,4529,15751,766,189
1981,3470,15752,4529,15752,766,189
1980,3470,15753,4529,15753,766,189
1981,3470,15754,4529,15754,766,189
1980,3470,15755,4529,15755,766,189
1979,3470,15756,4529,15756,766,189
1978,3470,15757,4529,15757,766,189
1978,3470,15758,4529,15758,766,189
1978,3470,15759,4529,15759,766,189
1978,3470,15760,4529,15760,766,189
1978,3470,15761,4529,15761,766,189
1976,3470,15762,4529,15762,766,189
1976,3470,15763,4529,15763,766,189
1976,3470,15764,4529,15764,766,189
1975,3470,15765,4529,15765,766,189
1974,3470,15766,4529,15766,766,189
1973,3470,15767,4529,15767,766,189
1973,3470,15768,4529,15768,766,189
1974,3470,15769,4529,15769,766,189
1974,3470,15770,4529,15770,766,189
1973,3470,15771,4529,15771,766,189
1973,3470,15772,4529,15772,766,189
1973,3470,15773,4529,15773,766,189
1973,3470,15774,4529,15774,766,189
1973,3470,15775,4529,15775,766,189
1973,3470,15776,4529,15776,766,189
1973,3470,15777,4529,15777,766,189
1974,3470,15778,4529,15778,766,189
1975,3470,15779,4529,15779,766,189
1976,3470,15780,4529,15780,766,189
1975,3470,15781,4529,15781,766,189
1975,3470,15782,4529,15782,766,189
1975,3470,15783,4529,15783,766,189
1974,3470,15784,4529,15784,766,189
1974,3470,15785,4529,15785,766,189
1974,3470,15786,4529,15786,766,189
1974,3470,15787,4529,15787,766,189
1975,3470,15788,4529,15788,766,189
1975,3470,15789,4529,15789,766,189
1975,3470,15790,4529,15790,766,189
1975,3470,15791,4529,15791,766,189
1975,3470,15792,4529,15792,766,189
1975,3470,15793,4529,15793,766,189
1975,3470,15794,4529,15794,766,189
1975,3470,15795,4529,15795,766,189
1975,3470,15796,4529,15796,766,189
1976,3470,15797,4529,15797,766,189
1976,3470,15798,4529,15798,766,189
1977,3470,15799,4529,15799,766,189
1977,3470,15800,4529,15800,766,189
1976,3470,15801,4529,15801,766,189
1976,3470,15802,4529,15802,766,189
1977,3470,15803,4529,15803,766,189
1977,3470,15804,4529,15804,766,189
1977,3470,15805,4529,15805,766,189
1977,3470,15806,4529,15806,766,189
1977,3470,15807,4529,15807,766,189
1977,3470,15808,4529,15808,766,189
1977,3470,15809,4529,15809,766,189
1977,3470,15810,4529,15810,766,189
1977,3470,15811,4529,15811,766,189
1977,3470,15812,4529,15812,766,189
1978,3470,15813,4529,15813,766,189
1978,3470,15814,4529,15814,766,189
1978,3470,15815,4529,15815,766,189
1978,3470,15816,4529,15816,766,189
1978,3470,15817,4529,15817,766,189
1979,3470,15818,4529,15818,766,189
1979,3470,15819,4529,15819,766,189
1979,3470,15820,4529,15820,766,189
1979,3470,15821,4529,15821,766,189
1980,3470,15822,4529,15822,766,189
1979,3470,15823,4529,15823,766,189
1980,3470,15824,4529,15824,766,189
1980,3470,15825,4529,15825,766,189
1980,3470,15826,4529,15826,766,189
1980,3470,15827,4529,15827,766,189
1980,3470,15828,4529,15828,766,189
1980,3470,15829,4529,15829,766,189
1979,3470,15830,4529,15830,766,189
1979,3470,15831,4529,15831,766,189
1979,3470,15832,4529,15832,766,189
1979,3470,15833,4529,15833,766,189
1979,3470,15834,4529,15834,766,189
1978,3470,15835,4529,15835,766,188
1977,3470,15836,4529,15836,766,188
1976,3470,15837,4529,15837,766,188
1977,3470,15838,4529,15838,766,188
1977,3470,15839,4529,15839,766,188
1977,3470,15840,4529,15840,766,188
1976,3470,15841,4529,15841,766,188
1975,3470,15842,4529,15842,766,188
1976,3470,15843,4529,15843,766,188
1976,3470,15844,4529,15844,766,188
1976,3470,15845,4529,15845,766,188
1976,3470,15846,4529,15846,766,188
1976,3470,15847,4529,15847,766,188
1976,3470,15848,4529,15848,766,188
1977,3470,15849,4529,15849,766,188
1977,3470,15850,4529,15850,766,188
1977,3470,15851,4529,15851,766,188
1977,3470,15852,4529,15852,766,188
1977,3470,15853,4529,15853,766,188
1977,3470,15854,4529,15854,766,188
1978,3470,15855,4529,15855,766,188
1978,3470,15856,4529,15856,766,188
1978,3470,15857,4529,15857,766,188
1978,3470,15858,4529,15858,766,188
1978,3470,15859,4529,15859,766,188
1979,3470,15860,4529,15860,766,188
1978,3470,15861,4529,15861,766,188
1978,3470,15862,4529,15862,766,188
1978,3470,15863,4529,15863,766,188
1978,3470,15864,4529,15864,766,188
1978,3470,15865,4529,15865,766,188
1978,3470,15866,4529,15866,766,188
1978,3470,15867,4529,15867,766,188
1978,3470,15868,4529,15868,766,188
1978,3470,15869,4529,15869,766,188
1978,3470,15870,4529,15870,766,188
1978,3470,15871,4529,15871,766,188
1978,3470,15872,4529,15872,766,188
1979,3470,15873,4529,15873,766,188
1979,3470,15874,4529,15874,766,188
1979,3470,15875,4529,15875,766,188
1979,3470,15876,4529,15876,766,188
1980,3470,15877,4529,15877,766,188
1980,3470,15878,4529,15878,766,188
1980,3470,15879,4529,15879,766,188
1980,3470,15880,4529,15880,766,188
1980,3470,15881,4529,15881,766,188
1980,3470,15882,4529,15882,766,188
1980,3470,15883,4529,15883,766,188
1980,3470,15884,4529,15884,766,188
1980,3470,15885,4529,15885,766,188
1980,3470,15886,4529,15886,766,188
1979,3470,15887,4529,15887,766,188
1979,3470,15888,4529,15888,766,188
1979,3470,15889,4529,15889,766,188
1979,3470,15890,4529,15890,766,188
1979,3470,15891,4529,15891,766,188
1980,3470,15892,4529,15892,766,188
1979,3470,15893,4529,15893,766,188
1979,3470,15894,4529,15894,766,188
1977,3470,15895,4529,15895,766,188
1977,3470,15896,4529,15896,766,188
1978,3470,15897,4529,15897,766,188
1979,3470,15898,4529,15898,766,188
1979,3470,15899,4529,15899,766,188
1979,3470,15900,4529,15900,766,188
1979,3470,15901,4529,15901,766,188
1979,3470,15902,4529,15902,766,188
1979,3470,15903,4529,15903,766,188
1980,3470,15904,4529,15904,766,188
1980,3470,15905,4529,15905,766,188
1980,3470,15906,4529,15906,766,188
1981,3470,15907,4529,15907,766,188
1981,3470,15908,4529,15908,766,188
1981,3470,15909,4529,15909,766,188
1980,3470,15910,4529,15910,766,188
1980,3470,15911,4529,15911,766,188
1980,3470,15912,4529,15912,766,188
1980,3470,15913,4529,15913,766,188
1980,3470,15914,4529,15914,766,188
1980,3470,15915,4529,15915,766,188
1980,3470,15916,4529,15916,766,188
1981,3470,15917,4529,15917,766,188
1981,3470,15918,4529,15918,766,188
1980,3470,15919,4529,15919,766,188
1980,3470,15920,4529,15920,766,188
1980,3470,15921,4529,15921,766,188
1980,3470,15922,4529,15922,766,188
1980,3470,15923,4529,15923,766,188
1980,3470,15924,4529,15924,766,188
1980,3470,15925,4529,15925,766,188
1980,3470,15926,4529,15926,766,188
1980,3470,15927,4529,15927,766,188
1980,3470,15928,4529,15928,766,188
1980,3470,15929,4529,15929,766,188
1977,3470,15930,4529,15930,766,188
1978,3470,15931,4529,15931,766,188
1977,3470,15932,4529,15932,766,188
1976,3470,15933,4529,15933,766,188
1976,3470,15934,4529,15934,766,188
1977,3470,15935,4529,15935,766,188
1977,3470,15936,4529,15936,766,188
1977,3470,15937,4529,15937,766,188
1976,3470,15938,4529,15938,766,188
1976,3470,15939,4529,15939,766,188
1976,3470,15940,4529,15940,766,188
1975,3470,15941,4529,15941,766,188
1975,3470,15942,4529,15942,766,188
1973,3470,15943,4529,15943,766,188
1973,3470,15944,4529,15944,766,188
1973,3470,15945,4529,15945,766,188
1973,3470,15946,4529,15946,766,188
1973,3470,15947,4529,15947,766,188
1974,3470,15948,4529,15948,766,188
1973,3470,15949,4529,15949,766,188
1973,3470,15950,4529,15950,766,188
1973,3470,15951,4529,15951,766,188
1974,3470,15952,4529,15952,766,188
1974,3470,15953,4529,15953,766,188
1974,3470,15954,4529,15954,766,188
1972,3470,15955,4529,15955,766,188
1972,3470,15956,4529,15956,766,188
1971,3470,15957,4529,15957,766,188
1970,3470,15958,4529,15958,766,188
1970,3470,15959,4529,15959,766,188
1970,3470,15960,4529,15960,766,188
1970,3470,15961,4529,15961,766,188
1970,3470,15962,4529,15962,766,188
1970,3470,15963,4529,15963,766,188
1970,3470,15964,4529,15964,766,188
1970,3470,15965,4529,15965,766,188
1969,3470,15966,4529,15966,766,188
1969,3470,15967,4529,15967,766,188
1967,3470,15968,4529,15968,766,186
1965,3470,15969,4529,15969,766,186
1965,3470,15970,4529,15970,766,186
1966,3470,15971,4529,15971,766,186
1964,3470,15972,4529,15972,766,185
1964,3470,15973,4529,15973,766,185
1964,3470,15974,4529,15974,766,185
1963,3470,15975,4529,15975,766,185
1963,3470,15976,4529,15976,766,185
1963,3470,15977,4529,15977,766,185
1963,3470,15978,4529,15978,766,185
1963,3470,15979,4529,15979,766,185
1963,3470,15980,4529,15980,766,185
1961,3470,15981,4529,15981,766,184
1961,3470,15982,4529,15982,766,184
1961,3470,15983,4529,15983,766,184
1961,3470,15984,4529,15984,766,184
1961,3470,15985,4529,15985,766,184
1962,3470,15986,4529,15986,766,184
1961,3470,15987,4529,15987,766,184
1962,3470,15988,4529,15988,766,184
1963,3470,15989,4529,15989,766,184
1963,3470,15990,4529,15990,766,184
1961,3470,15991,4529,15991,766,184
1960,3470,15992,4529,15992,766,184
1960,3470,15993,4529,15993,766,184
1960,3470,15994,4529,15994,766,184
1960,3470,15995,4529,15995,766,184
1957,3470,15996,4529,15996,766,184
1957,3470,15997,4529,15997,766,184
1957,3470,15998,4529,15998,766,184
1957,3470,15999,4529,15999,766,184
1957,3470,16000,4529,16000,766,184
1956,3470,16001,4529,16001,766,184
1956,3470,16002,4529,16002,766,184
1956,3470,16003,4529,16003,766,184
1956,3470,16004,4529,16004,766,184
1956,3470,16005,4529,16005,766,184
1957,3470,16006,4529,16006,766,184
1958,3470,16007,4529,16007,766,184
1958,3470,16008,4529,16008,766,184
1958,3470,16009,4529,16009,766,184
1956,3470,16010,4529,16010,766,184
1956,3470,16011,4529,16011,766,184
1956,3470,16012,4529,16012,766,184
1956,3470,16013,4529,16013,766,184
1956,3470,16014,4529,16014,766,184
1956,3470,16015,4529,16015,766,184
1957,3470,16016,4529,16016,766,184
1955,3470,16017,4529,16017,766,184
1955,3470,16018,4529,16018,766,184
1955,3470,16019,4529,16019,766,184
1955,3470,16020,4529,16020,766,184
1955,3470,16021,4529,16021,766,184
1955,3470,16022,4529,16022,766,184
1956,3470,16023,4529,16023,766,184
1956,3470,16024,4529,16024,766,184
1956,3470,16025,4529,16025,766,184
1956,3470,16026,4529,16026,766,184
1956,3470,16027,4529,16027,766,184
1956,3470,16028,4529,16028,766,184
1955,3470,16029,4529,16029,766,184
1954,3470,16030,4529,16030,766,184
1953,3470,16031,4529,16031,766,184
1953,3470,16032,4529,16032,766,184
1953,3470,16033,4529,16033,766,184
1953,3470,16034,4529,16034,766,184
1953,3470,16035,4529,16035,766,184
1953,3470,16036,4529,16036,766,184
1954,3470,16037,4529,16037,766,184
1953,3470,16038,4529,16038,766,183
1954,3470,16039,4529,16039,766,183
1952,3470,16040,4529,16040,766,183
1952,3470,16041,4529,16041,766,183
1952,3470,16042,4529,16042,766,183
1952,3470,16043,4529,16043,766,183
1952,3470,16044,4529,16044,766,183
1952,3470,16045,4529,16045,766,183
1952,3470,16046,4529,16046,766,183
1952,3470,16047,4529,16047,766,183
1952,3470,16048,4529,16048,766,183
1952,3470,16049,4529,16049,766,183
1952,3470,16050,4529,16050,766,183
1952,3470,16051,4529,16051,766,183
1952,3470,16052,4529,16052,766,183
1952,3470,16053,4529,16053,766,183
1952,3470,16054,4529,16054,766,183
1952,3470,16055,4529,16055,766,183
1952,3470,16056,4529,16056,766,183
1951,3470,16057,4529,16057,766,183
1951,3470,16058,4529,16058,766,183
1951,3470,16059,4529,16059,766,183
1952,3470,16060,4529,16060,766,183
1952,3470,16061,4529,16061,766,183
1952,3470,16062,4529,16062,766,183
1952,3470,16063,4529,16063,766,183
1952,3470,16064,4529,16064,766,183
1951,3470,16065,4529,16065,766,183
1952,3470,16066,4529,16066,766,183
1952,3470,16067,4529,16067,766,183
1952,3470,16068,4529,16068,766,183
1951,3470,16069,4529,16069,766,183
1951,3470,16070,4529,16070,766,183
1950,3470,16071,4529,16071,766,183
1950,3470,16072,4529,16072,766,183
1950,3470,16073,4529,16073,766,183
1950,3470,16074,4529,16074,766,183
1950,3470,16075,4529,16075,766,183
1950,3470,16076,4529,16076,766,183
1950,3470,16077,4529,16077,766,183
1950,3470,16078,4529,16078,766,183
1949,3470,16079,4529,16079,766,183
1950,3470,16080,4529,16080,766,183
1950,3470,16081,4529,16081,766,183
1950,3470,16082,4529,16082,766,183
1948,3470,16083,4529,16083,766,182
1947,3470,16084,4529,16084,766,181
1947,3470,16085,4529,16085,766,181
1948,3470,16086,4529,16086,766,181
1947,3470,16087,4529,16087,766,181
1947,3470,16088,4529,16088,766,181
1947,3470,16089,4529,16089,766,181
1945,3470,16090,4529,16090,766,181
1945,3470,16091,4529,16091,766,181
1945,3470,16092,4529,16092,766,181
1945,3470,16093,4529,16093,766,181
1945,3470,16094,4529,16094,766,181
1945,3470,16095,4529,16095,766,181
1945,3470,16096,4529,16096,766,181
1945,3470,16097,4529,16097,766,181
1945,3470,16098,4529,16098,766,181
1945,3470,16099,4529,16099,766,181
1945,3470,16100,4529,16100,766,181
1945,3470,16101,4529,16101,766,181
1945,3470,16102,4529,16102,766,181
1945,3470,16103,4529,16103,766,181
1945,3470,16104,4529,16104,766,181
1946,3470,16105,4529,16105,766,181
1946,3470,16106,4529,16106,766,181
1946,3470,16107,4529,16107,766,181
1945,3470,16108,4529,16108,766,181
1944,3470,16109,4529,16109,766,181
1944,3470,16110,4529,16110,766,181
1944,3470,16111,4529,16111,766,181
1944,3470,16112,4529,16112,766,181
1943,3470,16113,4529,16113,766,181
1943,3470,16114,4529,16114,766,181
1943,3470,16115,4529,16115,766,181
1943,3470,16116,4529,16116,766,181
1944,3470,16117,4529,16117,766,181
1944,3470,16118,4529,16118,766,181
1944,3470,16119,4529,16119,766,181
1943,3470,16120,4529,16120,766,181
1943,3470,16121,4529,16121,766,181
1943,3470,16122,4529,16122,766,181
1943,3470,16123,4529,16123,766,181
1943,3470,16124,4529,16124,766,181
1942,3470,16125,4529,16125,766,181
1942,3470,16126,4529,16126,766,181
1941,3470,16127,4529,16127,766,181
1941,3470,16128,4529,16128,766,181
1941,3470,16129,4529,16129,766,181
1940,3470,16130,4529,16130,766,181
1940,3470,16131,4529,16131,766,181
1939,3470,16132,4529,16132,766,181
1939,3470,16133,4529,16133,766,181
1939,3470,16134,4529,16134,766,181
1938,3470,16135,4529,16135,766,181
1938,3470,16136,4529,16136,766,181
1938,3470,16137,4529,16137,766,181
1939,3470,16138,4529,16138,766,181
1939,3470,16139,4529,16139,766,181
1939,3470,16140,4529,16140,766,181
1939,3470,16141,4529,16141,766,181
1939,3470,16142,4529,16142,766,181
1939,3470,16143,4529,16143,766,181
1938,3470,16144,4529,16144,766,181
1938,3470,16145,4529,16145,766,181
1936,3470,16146,4529,16146,766,181
1936,3470,16147,4529,16147,766,181
1936,3470,16148,4529,16148,766,181
1936,3470,16149,4529,16149,766,181
1936,3470,16150,4529,16150,766,181
1937,3470,16151,4529,16151,766,181
1936,3470,16152,4529,16152,766,181
1936,3470,16153,4529,16153,766,181
1936,3470,16154,4529,16154,766,181
1937,3470,16155,4529,16155,766,181
1934,3470,16156,4529,16156,766,181
1934,3470,16157,4529,16157,766,181
1934,3470,16158,4529,16158,766,181
1934,3470,16159,4529,16159,766,181
1934,3470,16160,4529,16160,766,181
1934,3470,16161,4529,16161,766,181
1933,3470,16162,4529,16162,766,181
1933,3470,16163,4529,16163,766,181
1934,3470,16164,4529,16164,766,181
1935,3470,16165,4529,16165,766,181
1935,3470,16166,4529,16166,766,181
1935,3470,16167,4529,16167,766,181
1935,3470,16168,4529,16168,766,181
1936,3470,16169,4529,16169,766,181
1936,3470,16170,4529,16170,766,181
1936,3470,16171,4529,16171,766,181
1935,3470,16172,4529,16172,766,181
1935,3470,16173,4529,16173,766,181
1934,3470,16174,4529,16174,766,180
1934,3470,16175,4529,16175,766,180
1933,3470,16176,4529,16176,766,180
1933,3470,16177,4529,16177,766,180
1933,3470,16178,4529,16178,766,180
1933,3470,16179,4529,16179,766,180
1933,3470,16180,4529,16180,766,180
1933,3470,16181,4529,16181,766,180
1933,3470,16182,4529,16182,766,180
1933,3470,16183,4529,16183,766,180
1931,3470,16184,4529,16184,766,180
1932,3470,16185,4529,16185,766,180
1929,3470,16186,4529,16186,766,179
1929,3470,16187,4529,16187,766,179
1929,3470,16188,4529,16188,766,179
1929,3470,16189,4529,16189,766,179
1929,3470,16190,4529,16190,766,179
1930,3470,16191,4529,16191,766,179
1931,3470,16192,4529,16192,766,179
1931,3470,16193,4529,16193,766,179
1931,3470,16194,4529,16194,766,179
1931,3470,16195,4529,16195,766,179
1931,3470,16196,4529,16196,766,179
1931,3470,16197,4529,16197,766,179
1930,3470,16198,4529,16198,766,179
1929,3470,16199,4529,16199,766,179
1930,3470,16200,4529,16200,766,179
1929,3470,16201,4529,16201,766,179
1929,3470,16202,4529,16202,766,179
1930,3470,16203,4529,16203,766,179
1930,3470,16204,4529,16204,766,179
1930,3470,16205,4529,16205,766,179
1930,3470,16206,4529,16206,766,179
1930,3470,16207,4529,16207,766,179
1930,3470,16208,4529,16208,766,179
1930,3470,16209,4529,16209,766,179
1930,3470,16210,4529,16210,766,179
1930,3470,16211,4529,16211,766,179
1930,3470,16212,4529,16212,766,179
1930,3470,16213,4529,16213,766,179
1930,3470,16214,4529,16214,766,179
1925,3470,16215,4529,16215,766,176
1924,3470,16216,4529,16216,766,176
1924,3470,16217,4529,16217,766,176
1924,3470,16218,4529,16218,766,176
1923,3470,16219,4529,16219,766,176
1923,3470,16220,4529,16220,766,176
1924,3470,16221,4529,16221,766,176
1922,3470,16222,4529,16222,766,176
1923,3470,16223,4529,16223,766,176
1923,3470,16224,4529,16224,766,176
1923,3470,16225,4529,16225,766,176
1923,3470,16226,4529,16226,766,176
1923,3470,16227,4529,16227,766,176
1923,3470,16228,4529,16228,766,176
1924,3470,16229,4529,16229,766,176
1923,3470,16230,4529,16230,766,176
1923,3470,16231,4529,16231,766,176
1922,3470,16232,4529,16232,766,176
1922,3470,16233,4529,16233,766,176
1922,3470,16234,4529,16234,766,176
1922,3470,16235,4529,16235,766,176
1923,3470,16236,4529,16236,766,176
1923,3470,16237,4529,16237,766,176
1922,3470,16238,4529,16238,766,176
1923,3470,16239,4529,16239,766,176
1923,3470,16240,4529,16240,766,176
1923,3470,16241,4529,16241,766,176
1923,3470,16242,4529,16242,766,176
1923,3470,16243,4529,16243,766,176
1923,3470,16244,4529,16244,766,176
1923,3470,16245,4529,16245,766,176
1923,3470,16246,4529,16246,766,176
1923,3470,16247,4529,16247,766,176
1923,3470,16248,4529,16248,766,176
1923,3470,16249,4529,16249,766,176
1923,3470,16250,4529,16250,766,176
1924,3470,16251,4529,16251,766,176
1921,3470,16252,4529,16252,766,176
1921,3470,16253,4529,16253,766,176
1921,3470,16254,4529,16254,766,176
1916,3470,16255,4529,16255,766,173
1916,3470,16256,4529,16256,766,173
1916,3470,16257,4529,16257,766,173
1916,3470,16258,4529,16258,766,173
1917,3470,16259,4529,16259,766,173
1917,3470,16260,4529,16260,766,173
1917,3470,16261,4529,16261,766,173
1917,3470,16262,4529,16262,766,173
1917,3470,16263,4529,16263,766,173
1917,3470,16264,4529,16264,766,173
1917,3470,16265,4529,16265,766,173
1917,3470,16266,4529,16266,766,173
1917,3470,16267,4529,16267,766,173
1917,3470,16268,4529,16268,766,173
1917,3470,16269,4529,16269,766,173
1917,3470,16270,4529,16270,766,173
1917,3470,16271,4529,16271,766,173
1918,3470,16272,4529,16272,766,173
1918,3470,16273,4529,16273,766,173
1918,3470,16274,4529,16274,766,173
1918,3470,16275,4529,16275,766,173
1917,3470,16276,4529,16276,766,173
1917,3470,16277,4529,16277,766,173
1918,3470,16278,4529,16278,766,173
1918,3470,16279,4529,16279,766,173
1918,3470,16280,4529,16280,766,173
1919,3470,16281,4529,16281,766,173
1919,3470,16282,4529,16282,766,173
1920,3470,16283,4529,16283,766,173
1920,3470,16284,4529,16284,766,173
1920,3470,16285,4529,16285,766,173
1921,3470,16286,4529,16286,766,173
1921,3470,16287,4529,16287,766,173
1920,3470,16288,4529,16288,766,173
1920,3470,16289,4529,16289,766,173
1920,3470,16290,4529,16290,766,173
1920,3470,16291,4529,16291,766,173
1920,3470,16292,4529,16292,766,173
1921,3470,16293,4529,16293,766,173
1921,3470,16294,4529,16294,766,173
1921,3470,16295,4529,16295,766,173
1922,3470,16296,4529,16296,766,173
1922,3470,16297,4529,16297,766,173
1922,3470,16298,4529,16298,766,173
1922,3470,16299,4529,16299,766,173
1922,3470,16300,4529,16300,766,173
1922,3470,16301,4529,16301,766,173
1921,3470,16302,4529,16302,766,173
1921,3470,16303,4529,16303,766,173
1922,3470,16304,4529,16304,766,173
1922,3470,16305,4529,16305,766,173
1922,3470,16306,4529,16306,766,173
1923,3470,16307,4529,16307,766,173
1924,3470,16308,4529,16308,766,173
1924,3470,16309,4529,16309,766,173
1924,3470,16310,4529,16310,766,173
1924,3470,16311,4529,16311,766,173
1925,3470,16312,4529,16312,766,173
1925,3470,16313,4529,16313,766,173
1925,3470,16314,4529,16314,766,173
1925,3470,16315,4529,16315,766,173
1925,3470,16316,4529,16316,766,173
1926,3470,16317,4529,16317,766,173
1925,3470,16318,4529,16318,766,173
1926,3470,16319,4529,16319,766,173
1926,3470,16320,4529,16320,766,173
1926,3470,16321,4529,16321,766,173
1926,3470,16322,4529,16322,766,173
1927,3470,16323,4529,16323,766,173
1927,3470,16324,4529,16324,766,173
1928,3470,16325,4529,16325,766,173
1929,3470,16326,4529,16326,766,173
1930,3470,16327,4529,16327,766,173
1930,3470,16328,4529,16328,766,173
1930,3470,16329,4529,16329,766,173
1930,3470,16330,4529,16330,766,173
1929,3470,16331,4529,16331,766,173
1929,3470,16332,4529,16332,766,173
1929,3470,16333,4529,16333,766,173
1928,3470,16334,4529,16334,766,173
1928,3470,16335,4529,16335,766,173
1928,3470,16336,4529,16336,766,173
1928,3470,16337,4529,16337,766,173
1928,3470,16338,4529,16338,766,173
1927,3470,16339,4529,16339,766,173
1927,3470,16340,4529,16340,766,173
1927,3470,16341,4529,16341,766,173
1927,3470,16342,4529,16342,766,173
1927,3470,16343,4529,16343,766,173
1927,3470,16344,4529,16344,766,173
1927,3470,16345,4529,16345,766,173
1927,3470,16346,4529,16346,766,173
1927,3470,16347,4529,16347,766,173
1927,3470,16348,4529,16348,766,173
1927,3470,16349,4529,16349,766,173
1927,3470,16350,4529,16350,766,173
1927,3470,16351,4529,16351,766,173
1927,3470,16352,4529,16352,766,173
1927,3470,16353,4529,16353,766,173
1928,3470,16354,4529,16354,766,173
1928,3470,16355,4529,16355,766,173
1929,3470,16356,4529,16356,766,173
1929,3470,16357,4529,16357,766,173
1929,3470,16358,4529,16358,766,173
1929,3470,16359,4529,16359,766,173
1929,3470,16360,4529,16360,766,173
1929,3470,16361,4529,16361,766,173
1927,3470,16362,4529,16362,766,172
1926,3470,16363,4529,16363,766,172
1927,3470,16364,4529,16364,766,172
1926,3470,16365,4529,16365,766,171
1923,3470,16366,4529,16366,766,171
1921,3470,16367,4529,16367,766,169
1921,3470,16368,4529,16368,766,169
1921,3470,16369,4529,16369,766,169
1921,3470,16370,4529,16370,766,169
1921,3470,16371,4529,16371,766,169
1921,3470,16372,4529,16372,766,169
1922,3470,16373,4529,16373,766,169
1922,3470,16374,4529,16374,766,169
1922,3470,16375,4529,16375,766,169
1922,3470,16376,4529,16376,766,169
1922,3470,16377,4529,16377,766,169
1922,3470,16378,4529,16378,766,169
1922,3470,16379,4529,16379,766,169
1922,3470,16380,4529,16380,766,169
1922,3470,16381,4529,16381,766,169
1922,3470,16382,4529,16382,766,169
1922,3470,16383,4529,16383,766,169
1923,3470,16384,4529,16384,766,169
1923,3470,16385,4529,16385,766,169
1923,3470,16386,4529,16386,766,169
1924,3470,16387,4529,16387,766,169
1924,3470,16388,4529,16388,766,169
1924,3470,16389,4529,16389,766,169
1924,3470,16390,4529,16390,766,169
1924,3470,16391,4529,16391,766,169
1924,3470,16392,4529,16392,766,169
1924,3470,16393,4529,16393,766,169
1924,3470,16394,4529,16394,766,169
1924,3470,16395,4529,16395,766,169
1924,3470,16396,4529,16396,766,169
1923,3470,16397,4529,16397,766,169
1923,3470,16398,4529,16398,766,169
1923,3470,16399,4529,16399,766,169
1923,3470,16400,4529,16400,766,169
1923,3470,16401,4529,16401,766,169
1924,3470,16402,4529,16402,766,169
1924,3470,16403,4529,16403,766,169
1923,3470,16404,4529,16404,766,169
1923,3470,16405,4529,16405,766,169
1923,3470,16406,4529,16406,766,169
1923,3470,16407,4529,16407,766,169
1923,3470,16408,4529,16408,766,169
1924,3470,16409,4529,16409,766,169
1924,3470,16410,4529,16410,766,169
1923,3470,16411,4529,16411,766,168
1923,3470,16412,4529,16412,766,168
1923,3470,16413,4529,16413,766,168
1923,3470,16414,4529,16414,766,168
1924,3470,16415,4529,16415,766,168
1924,3470,16416,4529,16416,766,168
1924,3470,16417,4529,16417,766,168
1924,3470,16418,4529,16418,766,168
1924,3470,16419,4529,16419,766,168
1924,3470,16420,4529,16420,766,168
1923,3470,16421,4529,16421,766,167
1923,3470,16422,4529,16422,766,167
1923,3470,16423,4529,16423,766,167
1923,3470,16424,4529,16424,766,167
1923,3470,16425,4529,16425,766,167
1923,3470,16426,4529,16426,766,167
1923,3470,16427,4529,16427,766,167
1923,3470,16428,4529,16428,766,167
1923,3470,16429,4529,16429,766,167
1922,3470,16430,4529,16430,766,167
1921,3470,16431,4529,16431,766,167
1921,3470,16432,4529,16432,766,167
1921,3470,16433,4529,16433,766,167
1921,3470,16434,4529,16434,766,167
1920,3470,16435,4529,16435,766,167
1919,3470,16436,4529,16436,766,167
1918,3470,16437,4529,16437,766,167
1918,3470,16438,4529,16438,766,167
1918,3470,16439,4529,16439,766,167
1918,3470,16440,4529,16440,766,167
1917,3470,16441,4529,16441,766,167
1916,3470,16442,4529,16442,766,167
1916,3470,16443,4529,16443,766,167
1916,3470,16444,4529,16444,766,167
1916,3470,16445,4529,16445,766,167
1916,3470,16446,4529,16446,766,167
1916,3470,16447,4529,16447,766,167
1916,3470,16448,4529,16448,766,167
1917,3470,16449,4529,16449,766,167
1917,3470,16450,4529,16450,766,167
1917,3470,16451,4529,16451,766,167
1917,3470,16452,4529,16452,766,167
1917,3470,16453,4529,16453,766,167
1917,3470,16454,4529,16454,766,167
1917,3470,16455,4529,16455,766,167
1917,3470,16456,4529,16456,766,167
1917,3470,16457,4529,16457,766,167
1916,3470,16458,4529,16458,766,167
1916,3470,16459,4529,16459,766,167
1916,3470,16460,4529,16460,766,167
1916,3470,16461,4529,16461,766,167
1916,3470,16462,4529,16462,766,167
1916,3470,16463,4529,16463,766,167
1916,3470,16464,4529,16464,766,167
1916,3470,16465,4529,16465,766,167
1916,3470,16466,4529,16466,766,167
1917,3470,16467,4529,16467,766,167
1918,3470,16468,4529,16468,766,167
1918,3470,16469,4529,16469,766,167
1918,3470,16470,4529,16470,766,167
1919,3470,16471,4529,16471,766,167
1919,3470,16472,4529,16472,766,167
1919,3470,16473,4529,16473,766,167
1917,3470,16474,4529,16474,766,167
1917,3470,16475,4529,16475,766,167
1918,3470,16476,4529,16476,766,167
1918,3470,16477,4529,16477,766,167
1918,3470,16478,4529,16478,766,167
1918,3470,16479,4529,16479,766,167
1919,3470,16480,4529,16480,766,167
1919,3470,16481,4529,16481,766,167
1919,3470,16482,4529,16482,766,167
1918,3470,16483,4529,16483,766,166
1918,3470,16484,4529,16484,766,166
1918,3470,16485,4529,16485,766,166
1918,3470,16486,4529,16486,766,166
1919,3470,16487,4529,16487,766,166
1919,3470,16488,4529,16488,766,166
1919,3470,16489,4529,16489,766,166
1919,3470,16490,4529,16490,766,166
1919,3470,16491,4529,16491,766,166
1918,3470,16492,4529,16492,766,165
1917,3470,16493,4529,16493,766,165
1917,3470,16494,4529,16494,766,165
1917,3470,16495,4529,16495,766,165
1917,3470,16496,4529,16496,766,165
1918,3470,16497,4529,16497,766,165
1918,3470,16498,4529,16498,766,165
1917,3470,16499,4529,16499,766,165
1917,3470,16500,4529,16500,766,165
1917,3470,16501,4529,16501,766,165
1917,3470,16502,4529,16502,766,165
1917,3470,16503,4529,16503,766,165
1918,3470,16504,4529,16504,766,165
1918,3470,16505,4529,16505,766,165
1918,3470,16506,4529,16506,766,165
1918,3470,16507,4529,16507,766,165
1918,3470,16508,4529,16508,766,165
1918,3470,16509,4529,16509,766,165
1918,3470,16510,4529,16510,766,165
1918,3470,16511,4529,16511,766,165
1918,3470,16512,4529,16512,766,165
1918,3470,16513,4529,16513,766,165
1919,3470,16514,4529,16514,766,165
1918,3470,16515,4529,16515,766,164
1917,3470,16516,4529,16516,766,164
1917,3470,16517,4529,16517,766,164
1917,3470,16518,4529,16518,766,164
1918,3470,16519,4529,16519,766,164
1917,3470,16520,4529,16520,766,164
1917,3470,16521,4529,16521,766,164
1918,3470,16522,4529,16522,766,164
1918,3470,16523,4529,16523,766,164
1918,3470,16524,4529,16524,766,164
1917,3470,16525,4529,16525,766,164
1917,3470,16526,4529,16526,766,164
1917,3470,16527,4529,16527,766,164
1917,3470,16528,4529,16528,766,164
1917,3470,16529,4529,16529,766,164
1917,3470,16530,4529,16530,766,164
1916,3470,16531,4529,16531,766,164
1916,3470,16532,4529,16532,766,164
1915,3470,16533,4529,16533,766,164
1915,3470,16534,4529,16534,766,164
1915,3470,16535,4529,16535,766,164
1915,3470,16536,4529,16536,766,164
1915,3470,16537,4529,16537,766,164
1916,3470,16538,4529,16538,766,164
1916,3470,16539,4529,16539,766,164
1917,3470,16540,4529,16540,766,164
1917,3470,16541,4529,16541,766,164
1917,3470,16542,4529,16542,766,164
1917,3470,16543,4529,16543,766,164
1917,3470,16544,4529,16544,766,164
1917,3470,16545,4529,16545,766,164
1917,3470,16546,4529,16546,766,164
1917,3470,16547,4529,16547,766,164
1917,3470,16548,4529,16548,766,164
1918,3470,16549,4529,16549,766,164
1919,3470,16550,4529,16550,766,164
1919,3470,16551,4529,16551,766,164
1920,3470,16552,4529,16552,766,164
1920,3470,16553,4529,16553,766,164
1919,3470,16554,4529,16554,766,164
1920,3470,16555,4529,16555,766,164
1920,3470,16556,4529,16556,766,164
1920,3470,16557,4529,16557,766,164
1920,3470,16558,4529,16558,766,164
1920,3470,16559,4529,16559,766,164
1918,3470,16560,4529,16560,766,164
1918,3470,16561,4529,16561,766,164
1918,3470,16562,4529,16562,766,164
1917,3470,16563,4529,16563,766,164
1917,3470,16564,4529,16564,766,164
1917,3470,16565,4529,16565,766,164
1917,3470,16566,4529,16566,766,164
1915,3470,16567,4529,16567,766,164
1915,3470,16568,4529,16568,766,164
1916,3470,16569,4529,16569,766,164
1915,3470,16570,4529,16570,766,164
1915,3470,16571,4529,16571,766,164
1915,3470,16572,4529,16572,766,164
1915,3470,16573,4529,16573,766,164
1915,3470,16574,4529,16574,766,164
1915,3470,16575,4529,16575,766,164
1916,3470,16576,4529,16576,766,164
1916,3470,16577,4529,16577,766,164
1916,3470,16578,4529,16578,766,164
1916,3470,16579,4529,16579,766,164
1916,3470,16580,4529,16580,766,164
1915,3470,16581,4529,16581,766,164
1915,3470,16582,4529,16582,766,164
1915,3470,16583,4529,16583,766,164
1915,3470,16584,4529,16584,766,164
1915,3470,16585,4529,16585,766,164
1915,3470,16586,4529,16586,766,164
1914,3470,16587,4529,16587,766,164
1914,3470,16588,4529,16588,766,164
1914,3470,16589,4529,16589,766,164
1914,3470,16590,4529,16590,766,164
1913,3470,16591,4529,16591,766,164
1912,3470,16592,4529,16592,766,164
1912,3470,16593,4529,16593,766,164
1912,3470,16594,4529,16594,766,164
1912,3470,16595,4529,16595,766,164
1912,3470,16596,4529,16596,766,164
1912,3470,16597,4529,16597,766,164
1912,3470,16598,4529,16598,766,164
1912,3470,16599,4529,16599,766,164
1912,3470,16600,4529,16600,766,164
1912,3470,16601,4529,16601,766,164
1912,3470,16602,4529,16602,766,164
1913,3470,16603,4529,16603,766,164
1913,3470,16604,4529,16604,766,164
1913,3470,16605,4529,16605,766,164
1914,3470,16606,4529,16606,766,164
1914,3470,16607,4529,16607,766,164
1914,3470,16608,4529,16608,766,164
1913,3470,16609,4529,16609,766,164
1913,3470,16610,4529,16610,766,164
1912,3470,16611,4529,16611,766,164
1912,3470,16612,4529,16612,766,164
1913,3470,16613,4529,16613,766,164
1913,3470,16614,4529,16614,766,164
1912,3470,16615,4529,16615,766,164
1913,3470,16616,4529,16616,766,164
1913,3470,16617,4529,16617,766,164
1913,3470,16618,4529,16618,766,164
1912,3470,16619,4529,16619,766,164
1912,3470,16620,4529,16620,766,164
1912,3470,16621,4529,16621,766,164
1912,3470,16622,4529,16622,766,164
1911,3470,16623,4529,16623,766,164
1911,3470,16624,4529,16624,766,164
1910,3470,16625,4529,16625,766,164
1910,3470,16626,4529,16626,766,164
1910,3470,16627,4529,16627,766,164
1910,3470,16628,4529,16628,766,164
1910,3470,16629,4529,16629,766,164
1911,3470,16630,4529,16630,766,164
1911,3470,16631,4529,16631,766,164
1911,3470,16632,4529,16632,766,164
1911,3470,16633,4529,16633,766,164
1911,3470,16634,4529,16634,766,164
1911,3470,16635,4529,16635,766,164
1911,3470,16636,4529,16636,766,164
1912,3470,16637,4529,16637,766,164
1912,3470,16638,4529,16638,766,164
1913,3470,16639,4529,16639,766,164
1914,3470,16640,4529,16640,766,164
1913,3470,16641,4529,16641,766,164
1913,3470,16642,4529,16642,766,164
1914,3470,16643,4529,16643,766,164
1914,3470,16644,4529,16644,766,164
1914,3470,16645,4529,16645,766,164
1914,3470,16646,4529,16646,766,164
1915,3470,16647,4529,16647,766,164
1915,3470,16648,4529,16648,766,164
1916,3470,16649,4529,16649,766,164
1916,3470,16650,4529,16650,766,164
1917,3470,16651,4529,16651,766,164
1917,3470,16652,4529,16652,766,164
1917,3470,16653,4529,16653,766,164
1917,3470,16654,4529,16654,766,164
1917,3470,16655,4529,16655,766,164
1917,3470,16656,4529,16656,766,164
1915,3470,16657,4529,16657,766,164
1914,3470,16658,4529,16658,766,164
1914,3470,16659,4529,16659,766,164
1914,3470,16660,4529,16660,766,164
1914,3470,16661,4529,16661,766,164
1915,3470,16662,4529,16662,766,164
1915,3470,16663,4529,16663,766,164
1915,3470,16664,4529,16664,766,164
1915,3470,16665,4529,16665,766,164
1915,3470,16666,4529,16666,766,164
1915,3470,16667,4529,16667,766,164
1914,3470,16668,4529,16668,766,164
1913,3470,16669,4529,16669,766,164
1913,3470,16670,4529,16670,766,164
1914,3470,16671,4529,16671,766,164
1914,3470,16672,4529,16672,766,164
1914,3470,16673,4529,16673,766,164
1914,3470,16674,4529,16674,766,164
1914,3470,16675,4529,16675,766,164
1914,3470,16676,4529,16676,766,164
1914,3470,16677,4529,16677,766,164
1914,3470,16678,4529,16678,766,164
1914,3470,16679,4529,16679,766,164
1915,3470,16680,4529,16680,766,164
1915,3470,16681,4529,16681,766,164
1915,3470,16682,4529,16682,766,164
1915,3470,16683,4529,16683,766,164
1915,3470,16684,4529,16684,766,164
1916,3470,16685,4529,16685,766,164
1916,3470,16686,4529,16686,766,164
1914,3470,16687,4529,16687,766,164
1915,3470,16688,4529,16688,766,164
1916,3470,16689,4529,16689,766,164
1915,3470,16690,4529,16690,766,164
1914,3470,16691,4529,16691,766,164
1914,3470,16692,4529,16692,766,164
1914,3470,16693,4529,16693,766,164
1915,3470,16694,4529,16694,766,164
1915,3470,16695,4529,16695,766,164
1915,3470,16696,4529,16696,766,164
1915,3470,16697,4529,16697,766,164
1915,3470,16698,4529,16698,766,164
1915,3470,16699,4529,16699,766,164
1916,3470,16700,4529,16700,766,164
1916,3470,16701,4529,16701,766,164
1917,3470,16702,4529,16702,766,164
1916,3470,16703,4529,16703,766,164
1915,3470,16704,4529,16704,766,163
1914,3470,16705,4529,16705,766,163
1914,3470,16706,4529,16706,766,163
1912,3470,16707,4529,16707,766,163
1913,3470,16708,4529,16708,766,163
1914,3470,16709,4529,16709,766,163
1914,3470,16710,4529,16710,766,163
1914,3470,16711,4529,16711,766,163
1914,3470,16712,4529,16712,766,163
1915,3470,16713,4529,16713,766,163
1915,3470,16714,4529,16714,766,163
1915,3470,16715,4529,16715,766,163
1915,3470,16716,4529,16716,766,163
1914,3470,16717,4529,16717,766,163
1914,3470,16718,4529,16718,766,163
1912,3470,16719,4529,16719,766,163
1912,3470,16720,4529,16720,766,163
1912,3470,16721,4529,16721,766,163
1912,3470,16722,4529,16722,766,163
1912,3470,16723,4529,16723,766,163
1913,3470,16724,4529,16724,766,163
1914,3470,16725,4529,16725,766,163
1914,3470,16726,4529,16726,766,163
1913,3470,16727,4529,16727,766,163
1911,3470,16728,4529,16728,766,163
1910,3470,16729,4529,16729,766,163
1910,3470,16730,4529,16730,766,163
1910,3470,16731,4529,16731,766,163
1910,3470,16732,4529,16732,766,163
1910,3470,16733,4529,16733,766,163
1909,3470,16734,4529,16734,766,163
1909,3470,16735,4529,16735,766,163
1910,3470,16736,4529,16736,766,163
1910,3470,16737,4529,16737,766,163
1910,3470,16738,4529,16738,766,163
1910,3470,16739,4529,16739,766,163
1910,3470,16740,4529,16740,766,163
1909,3470,16741,4529,16741,766,163
1908,3470,16742,4529,16742,766,163
1908,3470,16743,4529,16743,766,163
1909,3470,16744,4529,16744,766,163
1910,3470,16745,4529,16745,766,163
1910,3470,16746,4529,16746,766,163
1910,3470,16747,4529,16747,766,163
1911,3470,16748,4529,16748,766,163
1911,3470,16749,4529,16749,766,163
1911,3470,16750,4529,16750,766,163
1911,3470,16751,4529,16751,766,163
1911,3470,16752,4529,16752,766,163
1911,3470,16753,4529,16753,766,163
1907,3470,16754,4529,16754,766,162
1908,3470,16755,4529,16755,766,162
1907,3470,16756,4529,16756,766,162
1907,3470,16757,4529,16757,766,162
1907,3470,16758,4529,16758,766,162
1908,3470,16759,4529,16759,766,162
1907,3470,16760,4529,16760,766,162
1907,3470,16761,4529,16761,766,162
1907,3470,16762,4529,16762,766,162
1907,3470,16763,4529,16763,766,162
1907,3470,16764,4529,16764,766,162
1907,3470,16765,4529,16765,766,162
1907,3470,16766,4529,16766,766,162
1907,3470,16767,4529,16767,766,162
1906,3470,16768,4529,16768,766,162
1906,3470,16769,4529,16769,766,162
1906,3470,16770,4529,16770,766,162
1905,3470,16771,4529,16771,766,162
1905,3470,16772,4529,16772,766,162
1906,3470,16773,4529,16773,766,162
1907,3470,16774,4529,16774,766,162
1907,3470,16775,4529,16775,766,162
1907,3470,16776,4529,16776,766,162
1907,3470,16777,4529,16777,766,162
1907,3470,16778,4529,16778,766,162
1908,3470,16779,4529,16779,766,162
1908,3470,16780,4529,16780,766,162
1907,3470,16781,4529,16781,766,162
1908,3470,16782,4529,16782,766,162
1909,3470,16783,4529,16783,766,162
1909,3470,16784,4529,16784,766,162
1909,3470,16785,4529,16785,766,162
1907,3470,16786,4529,16786,766,160
1907,3470,16787,4529,16787,766,160
1907,3470,16788,4529,16788,766,160
1907,3470,16789,4529,16789,766,160
1907,3470,16790,4529,16790,766,160
1908,3470,16791,4529,16791,766,160
1906,3470,16792,4529,16792,766,160
1906,3470,16793,4529,16793,766,160
1905,3470,16794,4529,16794,766,160
1905,3470,16795,4529,16795,766,160
1905,3470,16796,4529,16796,766,160
1905,3470,16797,4529,16797,766,160
1904,3470,16798,4529,16798,766,160
1904,3470,16799,4529,16799,766,160
1904,3470,16800,4529,16800,766,160
1905,3470,16801,4529,16801,766,160
1905,3470,16802,4529,16802,766,160
1905,3470,16803,4529,16803,766,160
1905,3470,16804,4529,16804,766,160
1905,3470,16805,4529,16805,766,160
1905,3470,16806,4529,16806,766,160
1905,3470,16807,4529,16807,766,160
1905,3470,16808,4529,16808,766,160
1905,3470,16809,4529,16809,766,160
1905,3470,16810,4529,16810,766,160
1905,3470,16811,4529,16811,766,160
1904,3470,16812,4529,16812,766,160
1904,3470,16813,4529,16813,766,160
1904,3470,16814,4529,16814,766,160
1903,3470,16815,4529,16815,766,160
1903,3470,16816,4529,16816,766,160
1904,3470,16817,4529,16817,766,160
1903,3470,16818,4529,16818,766,160
1902,3470,16819,4529,16819,766,160
1902,3470,16820,4529,16820,766,160
1902,3470,16821,4529,16821,766,160
1902,3470,16822,4529,16822,766,160
1902,3470,16823,4529,16823,766,160
1902,3470,16824,4529,16824,766,160
1899,3470,16825,4529,16825,766,158
1899,3470,16826,4529,16826,766,158
1898,3470,16827,4529,16827,766,158
1898,3470,16828,4529,16828,766,158
1898,3470,16829,4529,16829,766,158
1897,3470,16830,4529,16830,766,158
1897,3470,16831,4529,16831,766,158
1897,3470,16832,4529,16832,766,158
1897,3470,16833,4529,16833,766,158
1897,3470,16834,4529,16834,766,158
1898,3470,16835,4529,16835,766,158
1898,3470,16836,4529,16836,766,158
1898,3470,16837,4529,16837,766,158
1898,3470,16838,4529,16838,766,158
1897,3470,16839,4529,16839,766,158
1897,3470,16840,4529,16840,766,158
1898,3470,16841,4529,16841,766,158
1899,3470,16842,4529,16842,766,158
1899,3470,16843,4529,16843,766,158
1899,3470,16844,4529,16844,766,158
1898,3470,16845,4529,16845,766,158
1898,3470,16846,4529,16846,766,158
1899,3470,16847,4529,16847,766,158
1899,3470,16848,4529,16848,766,158
1899,3470,16849,4529,16849,766,158
1900,3470,16850,4529,16850,766,158
1899,3470,16851,4529,16851,766,158
1900,3470,16852,4529,16852,766,158
1901,3470,16853,4529,16853,766,158
1901,3470,16854,4529,16854,766,158
1902,3470,16855,4529,16855,766,158
1902,3470,16856,4529,16856,766,158
1902,3470,16857,4529,16857,766,158
1902,3470,16858,4529,16858,766,158
1903,3470,16859,4529,16859,766,158
1903,3470,16860,4529,16860,766,158
1904,3470,16861,4529,16861,766,158
1904,3470,16862,4529,16862,766,158
1904,3470,16863,4529,16863,766,158
1904,3470,16864,4529,16864,766,158
1905,3470,16865,4529,16865,766,158
1906,3470,16866,4529,16866,766,158
1906,3470,16867,4529,16867,766,158
1904,3470,16868,4529,16868,766,158
1904,3470,16869,4529,16869,766,158
1902,3470,16870,4529,16870,766,158
1902,3470,16871,4529,16871,766,158
1902,3470,16872,4529,16872,766,158
1902,3470,16873,4529,16873,766,158
1902,3470,16874,4529,16874,766,158
1902,3470,16875,4529,16875,766,158
1902,3470,16876,4529,16876,766,158
1902,3470,16877,4529,16877,766,158
1902,3470,16878,4529,16878,766,158
1902,3470,16879,4529,16879,766,158
1902,3470,16880,4529,16880,766,158
1902,3470,16881,4529,16881,766,158
1903,3470,16882,4529,16882,766,158
1903,3470,16883,4529,16883,766,158
1904,3470,16884,4529,16884,766,158
1904,3470,16885,4529,16885,766,158
1904,3470,16886,4529,16886,766,158
1904,3470,16887,4529,16887,766,158
1904,3470,16888,4529,16888,766,158
1904,3470,16889,4529,16889,766,158
1904,3470,16890,4529,16890,766,158
1902,3470,16891,4529,16891,766,158
1902,3470,16892,4529,16892,766,158
1902,3470,16893,4529,16893,766,158
1902,3470,16894,4529,16894,766,158
1902,3470,16895,4529,16895,766,158
1902,3470,16896,4529,16896,766,158
1901,3470,16897,4529,16897,766,158
1901,3470,16898,4529,16898,766,158
1900,3470,16899,4529,16899,766,158
1900,3470,16900,4529,16900,766,158
1899,3470,16901,4529,16901,766,158
1899,3470,16902,4529,16902,766,158
1900,3470,16903,4529,16903,766,158
1899,3470,16904,4529,16904,766,158
1897,3470,16905,4529,16905,766,157
1897,3470,16906,4529,16906,766,157
1897,3470,16907,4529,16907,766,157
1896,3470,16908,4529,16908,766,157
1894,3470,16909,4529,16909,766,156
1895,3470,16910,4529,16910,766,156
1891,3470,16911,4529,16911,766,154
1891,3470,16912,4529,16912,766,154
1891,3470,16913,4529,16913,766,154
1891,3470,16914,4529,16914,766,154
1891,3470,16915,4529,16915,766,154
1891,3470,16916,4529,16916,766,154
1891,3470,16917,4529,16917,766,154
1891,3470,16918,4529,16918,766,154
1891,3470,16919,4529,16919,766,154
1891,3470,16920,4529,16920,766,154
1891,3470,16921,4529,16921,766,154
1891,3470,16922,4529,16922,766,154
1891,3470,16923,4529,16923,766,154
1891,3470,16924,4529,16924,766,154
1891,3470,16925,4529,16925,766,154
1891,3470,16926,4529,16926,766,154
1892,3470,16927,4529,16927,766,154
1892,3470,16928,4529,16928,766,154
1892,3470,16929,4529,16929,766,154
1892,3470,16930,4529,16930,766,154
1892,3470,16931,4529,16931,766,154
1891,3470,16932,4529,16932,766,154
1891,3470,16933,4529,16933,766,154
1891,3470,16934,4529,16934,766,154
1891,3470,16935,4529,16935,766,154
1891,3470,16936,4529,16936,766,154
1892,3470,16937,4529,16937,766,154
1892,3470,16938,4529,16938,766,154
1891,3470,16939,4529,16939,766,154
1891,3470,16940,4529,16940,766,154
1891,3470,16941,4529,16941,766,154
1892,3470,16942,4529,16942,766,154
1892,3470,16943,4529,16943,766,154
1891,3470,16944,4529,16944,766,154
1891,3470,16945,4529,16945,766,154
1891,3470,16946,4529,16946,766,154
1892,3470,16947,4529,16947,766,154
1892,3470,16948,4529,16948,766,154
1893,3470,16949,4529,16949,766,154
1893,3470,16950,4529,16950,766,154
1893,3470,16951,4529,16951,766,154
1893,3470,16952,4529,16952,766,154
1892,3470,16953,4529,16953,766,154
1892,3470,16954,4529,16954,766,154
1893,3470,16955,4529,16955,766,154
1893,3470,16956,4529,16956,766,154
1893,3470,16957,4529,16957,766,154
1894,3470,16958,4529,16958,766,154
1894,3470,16959,4529,16959,766,154
1894,3470,16960,4529,16960,766,154
1894,3470,16961,4529,16961,766,154
1893,3470,16962,4529,16962,766,154
1893,3470,16963,4529,16963,766,154
1894,3470,16964,4529,16964,766,154
1893,3470,16965,4529,16965,766,154
1890,3470,16966,4529,16966,766,154
1890,3470,16967,4529,16967,766,154
1890,3470,16968,4529,16968,766,154
1891,3470,16969,4529,16969,766,154
1891,3470,16970,4529,16970,766,154
1890,3470,16971,4529,16971,766,154
1890,3470,16972,4529,16972,766,154
1890,3470,16973,4529,16973,766,154
1891,3470,16974,4529,16974,766,154
1891,3470,16975,4529,16975,766,154
1892,3470,16976,4529,16976,766,154
1892,3470,16977,4529,16977,766,154
1892,3470,16978,4529,16978,766,154
1893,3470,16979,4529,16979,766,154
1892,3470,16980,4529,16980,766,154
1892,3470,16981,4529,16981,766,154
1892,3470,16982,4529,16982,766,154
1893,3470,16983,4529,16983,766,154
1893,3470,16984,4529,16984,766,154
1893,3470,16985,4529,16985,766,154
1893,3470,16986,4529,16986,766,154
1893,3470,16987,4529,16987,766,154
1893,3470,16988,4529,16988,766,154
1892,3470,16989,4529,16989,766,154
1891,3470,16990,4529,16990,766,154
1891,3470,16991,4529,16991,766,154
1891,3470,16992,4529,16992,766,154
1892,3470,16993,4529,16993,766,154
1892,3470,16994,4529,16994,766,154
1892,3470,16995,4529,16995,766,154
1892,3470,16996,4529,16996,766,154
1892,3470,16997,4529,16997,766,154
1892,3470,16998,4529,16998,766,154
1893,3470,16999,4529,16999,766,154
1893,3470,17000,4529,17000,766,154
1893,3470,17001,4529,17001,766,154
1893,3470,17002,4529,17002,766,154
1893,3470,17003,4529,17003,766,154
1893,3470,17004,4529,17004,766,154
1893,3470,17005,4529,17005,766,154
1893,3470,17006,4529,17006,766,154
1893,3470,17007,4529,17007,766,154
1893,3470,17008,4529,17008,766,154
1893,3470,17009,4529,17009,766,154
1893,3470,17010,4529,17010,766,154
1893,3470,17011,4529,17011,766,154
1893,3470,17012,4529,17012,766,154
1893,3470,17013,4529,17013,766,154
1893,3470,17014,4529,17014,766,154
1893,3470,17015,4529,17015,766,154
1893,3470,17016,4529,17016,766,154
1893,3470,17017,4529,17017,766,154
1894,3470,17018,4529,17018,766,154
1894,3470,17019,4529,17019,766,154
1895,3470,17020,4529,17020,766,154
1895,3470,17021,4529,17021,766,154
1896,3470,17022,4529,17022,766,154
1895,3470,17023,4529,17023,766,154
1896,3470,17024,4529,17024,766,154
1896,3470,17025,4529,17025,766,154
1896,3470,17026,4529,17026,766,154
1896,3470,17027,4529,17027,766,154
1897,3470,17028,4529,17028,766,154
1897,3470,17029,4529,17029,766,154
1897,3470,17030,4529,17030,766,154
1897,3470,17031,4529,17031,766,154
1897,3470,17032,4529,17032,766,154
1897,3470,17033,4529,17033,766,154
1897,3470,17034,4529,17034,766,154
1897,3470,17035,4529,17035,766,154
1897,3470,17036,4529,17036,766,154
1897,3470,17037,4529,17037,766,154
1897,3470,17038,4529,17038,766,154
1897,3470,17039,4529,17039,766,154
1897,3470,17040,4529,17040,766,154
1897,3470,17041,4529,17041,766,154
1897,3470,17042,4529,17042,766,154
1897,3470,17043,4529,17043,766,154
1897,3470,17044,4529,17044,766,154
1896,3470,17045,4529,17045,766,154
1897,3470,17046,4529,17046,766,154
1897,3470,17047,4529,17047,766,154
1897,3470,17048,4529,17048,766,154
1897,3470,17049,4529,17049,766,154
1897,3470,17050,4529,17050,766,154
1897,3470,17051,4529,17051,766,154
1897,3470,17052,4529,17052,766,154
1897,3470,17053,4529,17053,766,154
1897,3470,17054,4529,17054,766,154
1897,3470,17055,4529,17055,766,154
1897,3470,17056,4529,17056,766,154
1897,3470,17057,4529,17057,766,154
1897,3470,17058,4529,17058,766,154
1897,3470,17059,4529,17059,766,154
1897,3470,17060,4529,17060,766,154
1897,3470,17061,4529,17061,766,154
1897,3470,17062,4529,17062,766,154
1898,3470,17063,4529,17063,766,154
1898,3470,17064,4529,17064,766,154
1898,3470,17065,4529,17065,766,154
1898,3470,17066,4529,17066,766,154
1898,3470,17067,4529,17067,766,154
1898,3470,17068,4529,17068,766,154
1898,3470,17069,4529,17069,766,154
1898,3470,17070,4529,17070,766,154
1898,3470,17071,4529,17071,766,154
1897,3470,17072,4529,17072,766,154
1897,3470,17073,4529,17073,766,154
1897,3470,17074,4529,17074,766,154
1897,3470,17075,4529,17075,766,154
1897,3470,17076,4529,17076,766,154
1897,3470,17077,4529,17077,766,154
1897,3470,17078,4529,17078,766,154
1897,3470,17079,4529,17079,766,154
1898,3470,17080,4529,17080,766,154
1899,3470,17081,4529,17081,766,154
1899,3470,17082,4529,17082,766,154
1900,3470,17083,4529,17083,766,154
1900,3470,17084,4529,17084,766,154
1899,3470,17085,4529,17085,766,154
1899,3470,17086,4529,17086,766,154
1899,3470,17087,4529,17087,766,154
1898,3470,17088,4529,17088,766,154
1898,3470,17089,4529,17089,766,154
1898,3470,17090,4529,17090,766,154
1898,3470,17091,4529,17091,766,154
1898,3470,17092,4529,17092,766,154
1897,3470,17093,4529,17093,766,154
1897,3470,17094,4529,17094,766,154
1897,3470,17095,4529,17095,766,154
1897,3470,17096,4529,17096,766,154
1897,3470,17097,4529,17097,766,154
1897,3470,17098,4529,17098,766,154
1897,3470,17099,4529,17099,766,154
1897,3470,17100,4529,17100,766,154
1897,3470,17101,4529,17101,766,154
1897,3470,17102,4529,17102,766,154
1898,3470,17103,4529,17103,766,154
1898,3470,17104,4529,17104,766,154
1898,3470,17105,4529,17105,766,154
1898,3470,17106,4529,17106,766,154
1898,3470,17107,4529,17107,766,154
1898,3470,17108,4529,17108,766,154
1898,3470,17109,4529,17109,766,154
1898,3470,17110,4529,17110,766,154
1898,3470,17111,4529,17111,766,154
1899,3470,17112,4529,17112,766,154
1899,3470,17113,4529,17113,766,154
1899,3470,17114,4529,17114,766,154
1899,3470,17115,4529,17115,766,154
1898,3470,17116,4529,17116,766,154
1898,3470,17117,4529,17117,766,154
1898,3470,17118,4529,17118,766,154
1898,3470,17119,4529,17119,766,154
1898,3470,17120,4529,17120,766,154
1898,3470,17121,4529,17121,766,154
1898,3470,17122,4529,17122,766,154
1898,3470,17123,4529,17123,766,154
1898,3470,17124,4529,17124,766,154
1898,3470,17125,4529,17125,766,154
1898,3470,17126,4529,17126,766,154
1898,3470,17127,4529,17127,766,154
1898,3470,17128,4529,17128,766,154
1898,3470,17129,4529,17129,766,154
1896,3470,17130,4529,17130,766,153
1896,3470,17131,4529,17131,766,153
1896,3470,17132,4529,17132,766,153
1896,3470,17133,4529,17133,766,153
1896,3470,17134,4529,17134,766,153
1896,3470,17135,4529,17135,766,153
1897,3470,17136,4529,17136,766,153
1897,3470,17137,4529,17137,766,153
1897,3470,17138,4529,17138,766,153
1897,3470,17139,4529,17139,766,153
1898,3470,17140,4529,17140,766,153
1898,3470,17141,4529,17141,766,153
1897,3470,17142,4529,17142,766,153
1897,3470,17143,4529,17143,766,153
1897,3470,17144,4529,17144,766,153
1895,3470,17145,4529,17145,766,153
1895,3470,17146,4529,17146,766,153
1895,3470,17147,4529,17147,766,153
1895,3470,17148,4529,17148,766,153
1895,3470,17149,4529,17149,766,153
1895,3470,17150,4529,17150,766,153
1895,3470,17151,4529,17151,766,153
1895,3470,17152,4529,17152,766,153
1894,3470,17153,4529,17153,766,153
1894,3470,17154,4529,17154,766,153
1894,3470,17155,4529,17155,766,153
1894,3470,17156,4529,17156,766,153
1894,3470,17157,4529,17157,766,153
1894,3470,17158,4529,17158,766,153
1894,3470,17159,4529,17159,766,153
1895,3470,17160,4529,17160,766,153
1895,3470,17161,4529,17161,766,153
1895,3470,17162,4529,17162,766,153
1895,3470,17163,4529,17163,766,153
1896,3470,17164,4529,17164,766,153
1896,3470,17165,4529,17165,766,153
1895,3470,17166,4529,17166,766,153
1895,3470,17167,4529,17167,766,153
1895,3470,17168,4529,17168,766,153
1895,3470,17169,4529,17169,766,153
1895,3470,17170,4529,17170,766,153
1895,3470,17171,4529,17171,766,153
1895,3470,17172,4529,17172,766,153
1895,3470,17173,4529,17173,766,153
1896,3470,17174,4529,17174,766,153
1896,3470,17175,4529,17175,766,153
1896,3470,17176,4529,17176,766,153
1896,3470,17177,4529,17177,766,153
1896,3470,17178,4529,17178,766,153
1896,3470,17179,4529,17179,766,153
1896,3470,17180,4529,17180,766,153
1896,3470,17181,4529,17181,766,153
1896,3470,17182,4529,17182,766,153
1896,3470,17183,4529,17183,766,153
1896,3470,17184,4529,17184,766,153
1895,3470,17185,4529,17185,766,153
1895,3470,17186,4529,17186,766,153
1896,3470,17187,4529,17187,766,153
1896,3470,17188,4529,17188,766,153
1896,3470,17189,4529,17189,766,153
1897,3470,17190,4529,17190,766,153
1897,3470,17191,4529,17191,766,153
1897,3470,17192,4529,17192,766,153
1897,3470,17193,4529,17193,766,153
1897,3470,17194,4529,17194,766,153
1898,3470,17195,4529,17195,766,153
1899,3470,17196,4529,17196,766,153
1899,3470,17197,4529,17197,766,153
1899,3470,17198,4529,17198,766,153
1899,3470,17199,4529,17199,766,153
1899,3470,17200,4529,17200,766,153
1899,3470,17201,4529,17201,766,153
1900,3470,17202,4529,17202,766,153
1900,3470,17203,4529,17203,766,153
1900,3470,17204,4529,17204,766,153
1900,3470,17205,4529,17205,766,153
1900,3470,17206,4529,17206,766,153
1900,3470,17207,4529,17207,766,153
1900,3470,17208,4529,17208,766,153
1900,3470,17209,4529,17209,766,153
1900,3470,17210,4529,17210,766,153
1900,3470,17211,4529,17211,766,153
1900,3470,17212,4529,17212,766,153
1900,3470,17213,4529,17213,766,153
1900,3470,17214,4529,17214,766,153
1899,3470,17215,4529,17215,766,153
1899,3470,17216,4529,17216,766,153
1899,3470,17217,4529,17217,766,153
1900,3470,17218,4529,17218,766,153
1901,3470,17219,4529,17219,766,153
1901,3470,17220,4529,17220,766,153
1900,3470,17221,4529,17221,766,153
1900,3470,17222,4529,17222,766,153
1900,3470,17223,4529,17223,766,153
1900,3470,17224,4529,17224,766,153
1899,3470,17225,4529,17225,766,153
1900,3470,17226,4529,17226,766,153
1900,3470,17227,4529,17227,766,153
1900,3470,17228,4529,17228,766,153
1900,3470,17229,4529,17229,766,153
1901,3470,17230,4529,17230,766,153
1901,3470,17231,4529,17231,766,153
1901,3470,17232,4529,17232,766,153
1901,3470,17233,4529,17233,766,153
1902,3470,17234,4529,17234,766,153
1903,3470,17235,4529,17235,766,153
1903,3470,17236,4529,17236,766,153
1903,3470,17237,4529,17237,766,153
1899,3470,17238,4529,17238,766,153
1899,3470,17239,4529,17239,766,153
1899,3470,17240,4529,17240,766,153
1899,3470,17241,4529,17241,766,153
1900,3470,17242,4529,17242,766,153
1900,3470,17243,4529,17243,766,153
1900,3470,17244,4529,17244,766,153
1900,3470,17245,4529,17245,766,153
1900,3470,17246,4529,17246,766,153
1900,3470,17247,4529,17247,766,153
1901,3470,17248,4529,17248,766,153
1901,3470,17249,4529,17249,766,153
1901,3470,17250,4529,17250,766,153
1902,3470,17251,4529,17251,766,153
1903,3470,17252,4529,17252,766,153
1903,3470,17253,4529,17253,766,153
1903,3470,17254,4529,17254,766,153
1903,3470,17255,4529,17255,766,153
1901,3470,17256,4529,17256,766,153
1901,3470,17257,4529,17257,766,153
1901,3470,17258,4529,17258,766,153
1901,3470,17259,4529,17259,766,153
1901,3470,17260,4529,17260,766,153
1901,3470,17261,4529,17261,766,153
1901,3470,17262,4529,17262,766,153
1901,3470,17263,4529,17263,766,153
1901,3470,17264,4529,17264,766,153
1901,3470,17265,4529,17265,766,153
1897,3470,17266,4529,17266,766,153
1897,3470,17267,4529,17267,766,153
1897,3470,17268,4529,17268,766,153
1897,3470,17269,4529,17269,766,153
1897,3470,17270,4529,17270,766,153
1897,3470,17271,4529,17271,766,153
1897,3470,17272,4529,17272,766,153
1898,3470,17273,4529,17273,766,153
1898,3470,17274,4529,17274,766,153
1897,3470,17275,4529,17275,766,153
1897,3470,17276,4529,17276,766,153
1897,3470,17277,4529,17277,766,153
1896,3470,17278,4529,17278,766,153
1897,3470,17279,4529,17279,766,153
1897,3470,17280,4529,17280,766,153
1897,3470,17281,4529,17281,766,153
1897,3470,17282,4529,17282,766,153
1897,3470,17283,4529,17283,766,153
1896,3470,17284,4529,17284,766,153
1896,3470,17285,4529,17285,766,153
1896,3470,17286,4529,17286,766,153
1896,3470,17287,4529,17287,766,153
1896,3470,17288,4529,17288,766,153
1896,3470,17289,4529,17289,766,153
1895,3470,17290,4529,17290,766,153
1895,3470,17291,4529,17291,766,153
1895,3470,17292,4529,17292,766,153
1895,3470,17293,4529,17293,766,153
1895,3470,17294,4529,17294,766,153
1895,3470,17295,4529,17295,766,153
1895,3470,17296,4529,17296,766,153
1895,3470,17297,4529,17297,766,153
1895,3470,17298,4529,17298,766,153
1895,3470,17299,4529,17299,766,153
1894,3470,17300,4529,17300,766,153
1894,3470,17301,4529,17301,766,153
1894,3470,17302,4529,17302,766,153
1894,3470,17303,4529,17303,766,153
1894,3470,17304,4529,17304,766,153
1894,3470,17305,4529,17305,766,153
1894,3470,17306,4529,17306,766,153
1894,3470,17307,4529,17307,766,153
1894,3470,17308,4529,17308,766,153
1894,3470,17309,4529,17309,766,153
1894,3470,17310,4529,17310,766,153
1894,3470,17311,4529,17311,766,153
1894,3470,17312,4529,17312,766,153
1894,3470,17313,4529,17313,766,153
1894,3470,17314,4529,17314,766,153
1895,3470,17315,4529,17315,766,153
1896,3470,17316,4529,17316,766,153
1895,3470,17317,4529,17317,766,153
1894,3470,17318,4529,17318,766,153
1893,3470,17319,4529,17319,766,153
1893,3470,17320,4529,17320,766,153
1893,3470,17321,4529,17321,766,153
1893,3470,17322,4529,17322,766,153
1893,3470,17323,4529,17323,766,153
1893,3470,17324,4529,17324,766,153
1894,3470,17325,4529,17325,766,153
1894,3470,17326,4529,17326,766,153
1894,3470,17327,4529,17327,766,153
1895,3470,17328,4529,17328,766,153
1895,3470,17329,4529,17329,766,153
1894,3470,17330,4529,17330,766,153
1894,3470,17331,4529,17331,766,153
1894,3470,17332,4529,17332,766,153
1894,3470,17333,4529,17333,766,153
1894,3470,17334,4529,17334,766,153
1894,3470,17335,4529,17335,766,153
1894,3470,17336,4529,17336,766,153
1893,3470,17337,4529,17337,766,153
1893,3470,17338,4529,17338,766,153
1893,3470,17339,4529,17339,766,153
1893,3470,17340,4529,17340,766,153
1893,3470,17341,4529,17341,766,153
1894,3470,17342,4529,17342,766,153
1894,3470,17343,4529,17343,766,153
1894,3470,17344,4529,17344,766,153
1894,3470,17345,4529,17345,766,153
1895,3470,17346,4529,17346,766,153
1895,3470,17347,4529,17347,766,153
1895,3470,17348,4529,17348,766,153
1895,3470,17349,4529,17349,766,153
1895,3470,17350,4529,17350,766,153
1895,3470,17351,4529,17351,766,153
1895,3470,17352,4529,17352,766,153
1895,3470,17353,4529,17353,766,153
1895,3470,17354,4529,17354,766,153
1895,3470,17355,4529,17355,766,153
1895,3470,17356,4529,17356,766,153
1895,3470,17357,4529,17357,766,153
1895,3470,17358,4529,17358,766,153
1895,3470,17359,4529,17359,766,153
1895,3470,17360,4529,17360,766,153
1895,3470,17361,4529,17361,766,153
1894,3470,17362,4529,17362,766,153
1894,3470,17363,4529,17363,766,153
1894,3470,17364,4529,17364,766,153
1894,3470,17365,4529,17365,766,153
1893,3470,17366,4529,17366,766,153
1894,3470,17367,4529,17367,766,153
1894,3470,17368,4529,17368,766,153
1894,3470,17369,4529,17369,766,153
1894,3470,17370,4529,17370,766,153
1894,3470,17371,4529,17371,766,153
1894,3470,17372,4529,17372,766,153
1894,3470,17373,4529,17373,766,153
1894,3470,17374,4529,17374,766,153
1894,3470,17375,4529,17375,766,153
1891,3470,17376,4529,17376,766,153
1891,3470,17377,4529,17377,766,153
1891,3470,17378,4529,17378,766,153
1891,3470,17379,4529,17379,766,153
1892,3470,17380,4529,17380,766,153
1892,3470,17381,4529,17381,766,153
1893,3470,17382,4529,17382,766,153
1893,3470,17383,4529,17383,766,153
1893,3470,17384,4529,17384,766,153
1893,3470,17385,4529,17385,766,153
1894,3470,17386,4529,17386,766,153
1894,3470,17387,4529,17387,766,153
1895,3470,17388,4529,17388,766,153
1896,3470,17389,4529,17389,766,153
1896,3470,17390,4529,17390,766,153
1896,3470,17391,4529,17391,766,153
1896,3470,17392,4529,17392,766,153
1896,3470,17393,4529,17393,766,153
1897,3470,17394,4529,17394,766,153
1897,3470,17395,4529,17395,766,153
1897,3470,17396,4529,17396,766,153
1898,3470,17397,4529,17397,766,153
1897,3470,17398,4529,17398,766,153
1897,3470,17399,4529,17399,766,153
1898,3470,17400,4529,17400,766,153
1899,3470,17401,4529,17401,766,153
1899,3470,17402,4529,17402,766,153
1899,3470,17403,4529,17403,766,153
1899,3470,17404,4529,17404,766,153
1900,3470,17405,4529,17405,766,153
1900,3470,17406,4529,17406,766,153
1900,3470,17407,4529,17407,766,153
1899,3470,17408,4529,17408,766,153
1899,3470,17409,4529,17409,766,153
1899,3470,17410,4529,17410,766,153
1899,3470,17411,4529,17411,766,153
1899,3470,17412,4529,17412,766,153
1900,3470,17413,4529,17413,766,153
1900,3470,17414,4529,17414,766,153
1900,3470,17415,4529,17415,766,153
1900,3470,17416,4529,17416,766,153
1900,3470,17417,4529,17417,766,153
1900,3470,17418,4529,17418,766,153
1900,3470,17419,4529,17419,766,153
1901,3470,17420,4529,17420,766,153
1901,3470,17421,4529,17421,766,153
1902,3470,17422,4529,17422,766,153
1903,3470,17423,4529,17423,766,153
1903,3470,17424,4529,17424,766,153
1903,3470,17425,4529,17425,766,153
1903,3470,17426,4529,17426,766,153
1903,3470,17427,4529,17427,766,153
1904,3470,17428,4529,17428,766,153
1904,3470,17429,4529,17429,766,153
1901,3470,17430,4529,17430,766,152
1901,3470,17431,4529,17431,766,152
1901,3470,17432,4529,17432,766,152
1901,3470,17433,4529,17433,766,152
1901,3470,17434,4529,17434,766,152
1901,3470,17435,4529,17435,766,152
1901,3470,17436,4529,17436,766,152
1901,3470,17437,4529,17437,766,152
1902,3470,17438,4529,17438,766,152
1902,3470,17439,4529,17439,766,152
1903,3470,17440,4529,17440,766,152
1903,3470,17441,4529,17441,766,152
1903,3470,17442,4529,17442,766,152
1902,3470,17443,4529,17443,766,152
1902,3470,17444,4529,17444,766,152
1902,3470,17445,4529,17445,766,152
1902,3470,17446,4529,17446,766,152
1903,3470,17447,4529,17447,766,152
1903,3470,17448,4529,17448,766,152
1903,3470,17449,4529,17449,766,152
1903,3470,17450,4529,17450,766,152
1903,3470,17451,4529,17451,766,152
1903,3470,17452,4529,17452,766,152
1903,3470,17453,4529,17453,766,152
1903,3470,17454,4529,17454,766,152
1904,3470,17455,4529,17455,766,152
1904,3470,17456,4529,17456,766,152
1904,3470,17457,4529,17457,766,152
1904,3470,17458,4529,17458,766,152
1902,3470,17459,4529,17459,766,152
1901,3470,17460,4529,17460,766,152
1901,3470,17461,4529,17461,766,152
1901,3470,17462,4529,17462,766,152
1901,3470,17463,4529,17463,766,152
1901,3470,17464,4529,17464,766,152
1900,3470,17465,4529,17465,766,152
1899,3470,17466,4529,17466,766,152
1899,3470,17467,4529,17467,766,152
1899,3470,17468,4529,17468,766,152
1899,3470,17469,4529,17469,766,152
1899,3470,17470,4529,17470,766,152
1899,3470,17471,4529,17471,766,152
1899,3470,17472,4529,17472,766,152
1899,3470,17473,4529,17473,766,152
1899,3470,17474,4529,17474,766,152
1900,3470,17475,4529,17475,766,152
1899,3470,17476,4529,17476,766,152
1899,3470,17477,4529,17477,766,152
1899,3470,17478,4529,17478,766,152
1900,3470,17479,4529,17479,766,152
1900,3470,17480,4529,17480,766,152
1900,3470,17481,4529,17481,766,152
1901,3470,17482,4529,17482,766,152
1901,3470,17483,4529,17483,766,152
1901,3470,17484,4529,17484,766,152
1901,3470,17485,4529,17485,766,152
1901,3470,17486,4529,17486,766,152
1902,3470,17487,4529,17487,766,152
1903,3470,17488,4529,17488,766,152
1903,3470,17489,4529,17489,766,152
1902,3470,17490,4529,17490,766,152
1902,3470,17491,4529,17491,766,152
1903,3470,17492,4529,17492,766,152
1902,3470,17493,4529,17493,766,152
1902,3470,17494,4529,17494,766,152
1902,3470,17495,4529,17495,766,152
1902,3470,17496,4529,17496,766,152
1903,3470,17497,4529,17497,766,152
1903,3470,17498,4529,17498,766,152
1903,3470,17499,4529,17499,766,152
1903,3470,17500,4529,17500,766,152
1903,3470,17501,4529,17501,766,152
1903,3470,17502,4529,17502,766,152
1903,3470,17503,4529,17503,766,152
1903,3470,17504,4529,17504,766,152
1903,3470,17505,4529,17505,766,152
1903,3470,17506,4529,17506,766,152
1903,3470,17507,4529,17507,766,152
1903,3470,17508,4529,17508,766,152
1903,3470,17509,4529,17509,766,152
1904,3470,17510,4529,17510,766,152
1904,3470,17511,4529,17511,766,152
1904,3470,17512,4529,17512,766,152
1904,3470,17513,4529,17513,766,152
1904,3470,17514,4529,17514,766,152
1903,3470,17515,4529,17515,766,152
1903,3470,17516,4529,17516,766,152
1903,3470,17517,4529,17517,766,152
1903,3470,17518,4529,17518,766,152
1903,3470,17519,4529,17519,766,152
1901,3470,17520,4529,17520,766,152
1901,3470,17521,4529,17521,766,152
1901,3470,17522,4529,17522,766,152
1900,3470,17523,4529,17523,766,152
1900,3470,17524,4529,17524,766,152
1900,3470,17525,4529,17525,766,152
1900,3470,17526,4529,17526,766,152
1901,3470,17527,4529,17527,766,152
1900,3470,17528,4529,17528,766,152
1900,3470,17529,4529,17529,766,152
1900,3470,17530,4529,17530,766,152
1900,3470,17531,4529,17531,766,152
1900,3470,17532,4529,17532,766,152
1900,3470,17533,4529,17533,766,152
1900,3470,17534,4529,17534,766,152
1900,3470,17535,4529,17535,766,152
1900,3470,17536,4529,17536,766,152
1900,3470,17537,4529,17537,766,152
1901,3470,17538,4529,17538,766,152
1901,3470,17539,4529,17539,766,152
1901,3470,17540,4529,17540,766,152
1901,3470,17541,4529,17541,766,152
1901,3470,17542,4529,17542,766,152
1901,3470,17543,4529,17543,766,152
1901,3470,17544,4529,17544,766,152
1901,3470,17545,4529,17545,766,152
1902,3470,17546,4529,17546,766,152
1902,3470,17547,4529,17547,766,152
1901,3470,17548,4529,17548,766,152
1901,3470,17549,4529,17549,766,152
1901,3470,17550,4529,17550,766,152
1902,3470,17551,4529,17551,766,152
1902,3470,17552,4529,17552,766,152
1903,3470,17553,4529,17553,766,152
1903,3470,17554,4529,17554,766,152
1901,3470,17555,4529,17555,766,151
1901,3470,17556,4529,17556,766,151
1901,3470,17557,4529,17557,766,151
1901,3470,17558,4529,17558,766,151
1901,3470,17559,4529,17559,766,151
1901,3470,17560,4529,17560,766,151
1901,3470,17561,4529,17561,766,151
1901,3470,17562,4529,17562,766,151
1900,3470,17563,4529,17563,766,151
1900,3470,17564,4529,17564,766,151
1900,3470,17565,4529,17565,766,151
1900,3470,17566,4529,17566,766,151
1900,3470,17567,4529,17567,766,151
1900,3470,17568,4529,17568,766,151
1900,3470,17569,4529,17569,766,151
1898,3470,17570,4529,17570,766,151
1898,3470,17571,4529,17571,766,151
1898,3470,17572,4529,17572,766,151
1898,3470,17573,4529,17573,766,151
1898,3470,17574,4529,17574,766,151
1898,3470,17575,4529,17575,766,151
1897,3470,17576,4529,17576,766,150
1898,3470,17577,4529,17577,766,150
1898,3470,17578,4529,17578,766,150
1897,3470,17579,4529,17579,766,150
1897,3470,17580,4529,17580,766,150
1897,3470,17581,4529,17581,766,150
1897,3470,17582,4529,17582,766,150
1897,3470,17583,4529,17583,766,150
1898,3470,17584,4529,17584,766,150
1898,3470,17585,4529,17585,766,150
1898,3470,17586,4529,17586,766,150
1899,3470,17587,4529,17587,766,150
1900,3470,17588,4529,17588,766,150
1900,3470,17589,4529,17589,766,150
1900,3470,17590,4529,17590,766,150
1900,3470,17591,4529,17591,766,150
1899,3470,17592,4529,17592,766,150
1899,3470,17593,4529,17593,766,150
1900,3470,17594,4529,17594,766,150
1900,3470,17595,4529,17595,766,150
1900,3470,17596,4529,17596,766,150
1900,3470,17597,4529,17597,766,150
1899,3470,17598,4529,17598,766,150
1899,3470,17599,4529,17599,766,150
1899,3470,17600,4529,17600,766,150
1899,3470,17601,4529,17601,766,150
1899,3470,17602,4529,17602,766,150
1899,3470,17603,4529,17603,766,150
1899,3470,17604,4529,17604,766,150
1900,3470,17605,4529,17605,766,150
1899,3470,17606,4529,17606,766,150
1895,3470,17607,4529,17607,766,147
1895,3470,17608,4529,17608,766,147
1895,3470,17609,4529,17609,766,147
1896,3470,17610,4529,17610,766,147
1897,3470,17611,4529,17611,766,147
1897,3470,17612,4529,17612,766,147
1897,3470,17613,4529,17613,766,147
1897,3470,17614,4529,17614,766,147
1897,3470,17615,4529,17615,766,147
1897,3470,17616,4529,17616,766,147
1897,3470,17617,4529,17617,766,147
1897,3470,17618,4529,17618,766,147
1897,3470,17619,4529,17619,766,147
1897,3470,17620,4529,17620,766,147
1896,3470,17621,4529,17621,766,147
1896,3470,17622,4529,17622,766,147
1896,3470,17623,4529,17623,766,147
1896,3470,17624,4529,17624,766,147
1896,3470,17625,4529,17625,766,147
1896,3470,17626,4529,17626,766,147
1896,3470,17627,4529,17627,766,147
1896,3470,17628,4529,17628,766,147
1896,3470,17629,4529,17629,766,147
1896,3470,17630,4529,17630,766,147
1896,3470,17631,4529,17631,766,147
1893,3470,17632,4529,17632,766,147
1893,3470,17633,4529,17633,766,147
1892,3470,17634,4529,17634,766,147
1892,3470,17635,4529,17635,766,147
1892,3470,17636,4529,17636,766,147
1892,3470,17637,4529,17637,766,147
1892,3470,17638,4529,17638,766,147
1892,3470,17639,4529,17639,766,147
1892,3470,17640,4529,17640,766,147
1892,3470,17641,4529,17641,766,147
1892,3470,17642,4529,17642,766,147
1892,3470,17643,4529,17643,766,147
1892,3470,17644,4529,17644,766,147
1892,3470,17645,4529,17645,766,147
1892,3470,17646,4529,17646,766,147
1892,3470,17647,4529,17647,766,147
1893,3470,17648,4529,17648,766,147
1893,3470,17649,4529,17649,766,147
1893,3470,17650,4529,17650,766,147
1893,3470,17651,4529,17651,766,147
1893,3470,17652,4529,17652,766,147
1893,3470,17653,4529,17653,766,147
1891,3470,17654,4529,17654,766,146
1892,3470,17655,4529,17655,766,146
1892,3470,17656,4529,17656,766,146
1893,3470,17657,4529,17657,766,146
1894,3470,17658,4529,17658,766,146
1893,3470,17659,4529,17659,766,146
1893,3470,17660,4529,17660,766,146
1893,3470,17661,4529,17661,766,146
1894,3470,17662,4529,17662,766,146
1893,3470,17663,4529,17663,766,145
1894,3470,17664,4529,17664,766,145
1895,3470,17665,4529,17665,766,145
1895,3470,17666,4529,17666,766,145
1895,3470,17667,4529,17667,766,145
1896,3470,17668,4529,17668,766,145
1896,3470,17669,4529,17669,766,145
1896,3470,17670,4529,17670,766,145
1896,3470,17671,4529,17671,766,145
1896,3470,17672,4529,17672,766,145
1894,3470,17673,4529,17673,766,145
1893,3470,17674,4529,17674,766,145
1893,3470,17675,4529,17675,766,145
1893,3470,17676,4529,17676,766,145
1893,3470,17677,4529,17677,766,145
1893,3470,17678,4529,17678,766,145
1892,3470,17679,4529,17679,766,145
1890,3470,17680,4529,17680,766,145
1890,3470,17681,4529,17681,766,145
1890,3470,17682,4529,17682,766,145
1888,3470,17683,4529,17683,766,145
1888,3470,17684,4529,17684,766,145
1888,3470,17685,4529,17685,766,145
1888,3470,17686,4529,17686,766,145
1888,3470,17687,4529,17687,766,145
1887,3470,17688,4529,17688,766,145
1887,3470,17689,4529,17689,766,145
1887,3470,17690,4529,17690,766,145
1887,3470,17691,4529,17691,766,145
1887,3470,17692,4529,17692,766,145
1887,3470,17693,4529,17693,766,145
1887,3470,17694,4529,17694,766,145
1885,3470,17695,4529,17695,766,145
1885,3470,17696,4529,17696,766,145
1884,3470,17697,4529,17697,766,145
1884,3470,17698,4529,17698,766,145
1884,3470,17699,4529,17699,766,145
1884,3470,17700,4529,17700,766,145
1885,3470,17701,4529,17701,766,145
1885,3470,17702,4529,17702,766,145
1885,3470,17703,4529,17703,766,145
1886,3470,17704,4529,17704,766,145
1886,3470,17705,4529,17705,766,145
1886,3470,17706,4529,17706,766,145
1886,3470,17707,4529,17707,766,145
1881,3470,17708,4529,17708,766,142
1881,3470,17709,4529,17709,766,142
1882,3470,17710,4529,17710,766,142
1882,3470,17711,4529,17711,766,142
1882,3470,17712,4529,17712,766,142
1882,3470,17713,4529,17713,766,142
1882,3470,17714,4529,17714,766,142
1882,3470,17715,4529,17715,766,142
1882,3470,17716,4529,17716,766,142
1882,3470,17717,4529,17717,766,142
1882,3470,17718,4529,17718,766,142
1882,3470,17719,4529,17719,766,142
1882,3470,17720,4529,17720,766,142
1882,3470,17721,4529,17721,766,142
1882,3470,17722,4529,17722,766,142
1882,3470,17723,4529,17723,766,142
1883,3470,17724,4529,17724,766,142
1882,3470,17725,4529,17725,766,142
1883,3470,17726,4529,17726,766,142
1884,3470,17727,4529,17727,766,142
1884,3470,17728,4529,17728,766,142
1884,3470,17729,4529,17729,766,142
1885,3470,17730,4529,17730,766,142
1885,3470,17731,4529,17731,766,142
1885,3470,17732,4529,17732,766,142
1885,3470,17733,4529,17733,766,142
1885,3470,17734,4529,17734,766,142
1885,3470,17735,4529,17735,766,142
1885,3470,17736,4529,17736,766,142
1885,3470,17737,4529,17737,766,142
1885,3470,17738,4529,17738,766,142
1886,3470,17739,4529,17739,766,142
1886,3470,17740,4529,17740,766,142
1884,3470,17741,4529,17741,766,142
1884,3470,17742,4529,17742,766,142
1884,3470,17743,4529,17743,766,142
1884,3470,17744,4529,17744,766,142
1884,3470,17745,4529,17745,766,142
1884,3470,17746,4529,17746,766,142
1884,3470,17747,4529,17747,766,142
1884,3470,17748,4529,17748,766,142
1884,3470,17749,4529,17749,766,142
1884,3470,17750,4529,17750,766,142
1883,3470,17751,4529,17751,766,142
1882,3470,17752,4529,17752,766,142
1882,3470,17753,4529,17753,766,142
1882,3470,17754,4529,17754,766,142
1883,3470,17755,4529,17755,766,142
1883,3470,17756,4529,17756,766,142
1883,3470,17757,4529,17757,766,142
1883,3470,17758,4529,17758,766,142
1884,3470,17759,4529,17759,766,142
1884,3470,17760,4529,17760,766,142
1883,3470,17761,4529,17761,766,142
1884,3470,17762,4529,17762,766,142
1884,3470,17763,4529,17763,766,142
1884,3470,17764,4529,17764,766,142
1884,3470,17765,4529,17765,766,142
1884,3470,17766,4529,17766,766,142
1884,3470,17767,4529,17767,766,142
1884,3470,17768,4529,17768,766,142
1883,3470,17769,4529,17769,766,142
1883,3470,17770,4529,17770,766,142
1883,3470,17771,4529,17771,766,142
1883,3470,17772,4529,17772,766,142
1883,3470,17773,4529,17773,766,142
1884,3470,17774,4529,17774,766,142
1884,3470,17775,4529,17775,766,142
1884,3470,17776,4529,17776,766,142
1884,3470,17777,4529,17777,766,142
1884,3470,17778,4529,17778,766,142
1885,3470,17779,4529,17779,766,142
1885,3470,17780,4529,17780,766,142
1884,3470,17781,4529,17781,766,142
1884,3470,17782,4529,17782,766,142
1884,3470,17783,4529,17783,766,142
1884,3470,17784,4529,17784,766,142
1883,3470,17785,4529,17785,766,142
1883,3470,17786,4529,17786,766,142
1883,3470,17787,4529,17787,766,142
1883,3470,17788,4529,17788,766,142
1882,3470,17789,4529,17789,766,142
1882,3470,17790,4529,17790,766,142
1882,3470,17791,4529,17791,766,142
1882,3470,17792,4529,17792,766,142
1882,3470,17793,4529,17793,766,142
1881,3470,17794,4529,17794,766,142
1881,3470,17795,4529,17795,766,142
1881,3470,17796,4529,17796,766,142
1881,3470,17797,4529,17797,766,142
1881,3470,17798,4529,17798,766,142
1881,3470,17799,4529,17799,766,142
1881,3470,17800,4529,17800,766,142
1881,3470,17801,4529,17801,766,142
1881,3470,17802,4529,17802,766,142
1881,3470,17803,4529,17803,766,142
1881,3470,17804,4529,17804,766,142
1880,3470,17805,4529,17805,766,142
1880,3470,17806,4529,17806,766,142
1880,3470,17807,4529,17807,766,142
1880,3470,17808,4529,17808,766,142
1880,3470,17809,4529,17809,766,142
1880,3470,17810,4529,17810,766,142
1880,3470,17811,4529,17811,766,142
1880,3470,17812,4529,17812,766,142
1881,3470,17813,4529,17813,766,142
1881,3470,17814,4529,17814,766,142
1881,3470,17815,4529,17815,766,142
1881,3470,17816,4529,17816,766,142
1882,3470,17817,4529,17817,766,142
1881,3470,17818,4529,17818,766,142
1881,3470,17819,4529,17819,766,142
1882,3470,17820,4529,17820,766,142
1882,3470,17821,4529,17821,766,142
1883,3470,17822,4529,17822,766,142
1883,3470,17823,4529,17823,766,142
1883,3470,17824,4529,17824,766,142
1883,3470,17825,4529,17825,766,142
1883,3470,17826,4529,17826,766,142
1883,3470,17827,4529,17827,766,142
1883,3470,17828,4529,17828,766,142
1882,3470,17829,4529,17829,766,142
1881,3470,17830,4529,17830,766,142
1881,3470,17831,4529,17831,766,142
1881,3470,17832,4529,17832,766,142
1881,3470,17833,4529,17833,766,142
1880,3470,17834,4529,17834,766,142
1880,3470,17835,4529,17835,766,142
1880,3470,17836,4529,17836,766,142
1880,3470,17837,4529,17837,766,142
1880,3470,17838,4529,17838,766,142
1879,3470,17839,4529,17839,766,142
1879,3470,17840,4529,17840,766,142
1879,3470,17841,4529,17841,766,142
1879,3470,17842,4529,17842,766,142
1879,3470,17843,4529,17843,766,142
1879,3470,17844,4529,17844,766,142
1879,3470,17845,4529,17845,766,142
1880,3470,17846,4529,17846,766,142
1879,3470,17847,4529,17847,766,142
1879,3470,17848,4529,17848,766,142
1879,3470,17849,4529,17849,766,142
1879,3470,17850,4529,17850,766,142
1879,3470,17851,4529,17851,766,142
1879,3470,17852,4529,17852,766,142
1876,3470,17853,4529,17853,766,142
1876,3470,17854,4529,17854,766,142
1876,3470,17855,4529,17855,766,142
1876,3470,17856,4529,17856,766,142
1877,3470,17857,4529,17857,766,142
1877,3470,17858,4529,17858,766,142
1877,3470,17859,4529,17859,766,142
1877,3470,17860,4529,17860,766,142
1877,3470,17861,4529,17861,766,142
1877,3470,17862,4529,17862,766,142
1877,3470,17863,4529,17863,766,142
1877,3470,17864,4529,17864,766,142
1877,3470,17865,4529,17865,766,142
1877,3470,17866,4529,17866,766,142
1877,3470,17867,4529,17867,766,142
1877,3470,17868,4529,17868,766,142
1876,3470,17869,4529,17869,766,142
1876,3470,17870,4529,17870,766,142
1876,3470,17871,4529,17871,766,142
1876,3470,17872,4529,17872,766,142
1876,3470,17873,4529,17873,766,142
1876,3470,17874,4529,17874,766,142
1876,3470,17875,4529,17875,766,142
1876,3470,17876,4529,17876,766,142
1876,3470,17877,4529,17877,766,142
1876,3470,17878,4529,17878,766,142
1876,3470,17879,4529,17879,766,142
1876,3470,17880,4529,17880,766,142
1876,3470,17881,4529,17881,766,142
1876,3470,17882,4529,17882,766,142
1876,3470,17883,4529,17883,766,142
1876,3470,17884,4529,17884,766,142
1876,3470,17885,4529,17885,766,142
1876,3470,17886,4529,17886,766,142
1876,3470,17887,4529,17887,766,142
1876,3470,17888,4529,17888,766,142
1876,3470,17889,4529,17889,766,142
1876,3470,17890,4529,17890,766,142
1876,3470,17891,4529,17891,766,142
1875,3470,17892,4529,17892,766,142
1875,3470,17893,4529,17893,766,142
1875,3470,17894,4529,17894,766,142
1876,3470,17895,4529,17895,766,142
1875,3470,17896,4529,17896,766,142
1875,3470,17897,4529,17897,766,142
1875,3470,17898,4529,17898,766,142
1875,3470,17899,4529,17899,766,142
1875,3470,17900,4529,17900,766,142
1875,3470,17901,4529,17901,766,142
1875,3470,17902,4529,17902,766,142
1875,3470,17903,4529,17903,766,142
1875,3470,17904,4529,17904,766,142
1874,3470,17905,4529,17905,766,142
1874,3470,17906,4529,17906,766,142
1874,3470,17907,4529,17907,766,142
1874,3470,17908,4529,17908,766,142
1874,3470,17909,4529,17909,766,142
1874,3470,17910,4529,17910,766,142
1874,3470,17911,4529,17911,766,142
1874,3470,17912,4529,17912,766,142
1874,3470,17913,4529,17913,766,142
1874,3470,17914,4529,17914,766,142
1875,3470,17915,4529,17915,766,142
1875,3470,17916,4529,17916,766,142
1875,3470,17917,4529,17917,766,142
1875,3470,17918,4529,17918,766,142
1876,3470,17919,4529,17919,766,142
1876,3470,17920,4529,17920,766,142
1875,3470,17921,4529,17921,766,142
1875,3470,17922,4529,17922,766,142
1874,3470,17923,4529,17923,766,142
1874,3470,17924,4529,17924,766,142
1874,3470,17925,4529,17925,766,142
1874,3470,17926,4529,17926,766,142
1874,3470,17927,4529,17927,766,142
1875,3470,17928,4529,17928,766,142
1875,3470,17929,4529,17929,766,142
1875,3470,17930,4529,17930,766,142
1876,3470,17931,4529,17931,766,142
1876,3470,17932,4529,17932,766,142
1876,3470,17933,4529,17933,766,142
1877,3470,17934,4529,17934,766,142
1877,3470,17935,4529,17935,766,142
1877,3470,17936,4529,17936,766,142
1877,3470,17937,4529,17937,766,142
1877,3470,17938,4529,17938,766,142
1877,3470,17939,4529,17939,766,142
1876,3470,17940,4529,17940,766,142
1876,3470,17941,4529,17941,766,142
1876,3470,17942,4529,17942,766,142
1876,3470,17943,4529,17943,766,142
1876,3470,17944,4529,17944,766,142
1876,3470,17945,4529,17945,766,142
1876,3470,17946,4529,17946,766,142
1877,3470,17947,4529,17947,766,142
1877,3470,17948,4529,17948,766,142
1878,3470,17949,4529,17949,766,142
1877,3470,17950,4529,17950,766,142
1877,3470,17951,4529,17951,766,142
1877,3470,17952,4529,17952,766,142
1877,3470,17953,4529,17953,766,142
1878,3470,17954,4529,17954,766,142
1878,3470,17955,4529,17955,766,142
1878,3470,17956,4529,17956,766,142
1878,3470,17957,4529,17957,766,142
1878,3470,17958,4529,17958,766,142
1877,3470,17959,4529,17959,766,142
1877,3470,17960,4529,17960,766,142
1877,3470,17961,4529,17961,766,142
1877,3470,17962,4529,17962,766,142
1877,3470,17963,4529,17963,766,142
1877,3470,17964,4529,17964,766,142
1877,3470,17965,4529,17965,766,142
1877,3470,17966,4529,17966,766,142
1877,3470,17967,4529,17967,766,142
1878,3470,17968,4529,17968,766,142
1878,3470,17969,4529,17969,766,142
1878,3470,17970,4529,17970,766,142
1878,3470,17971,4529,17971,766,142
1877,3470,17972,4529,17972,766,142
1877,3470,17973,4529,17973,766,142
1877,3470,17974,4529,17974,766,142
1877,3470,17975,4529,17975,766,142
1877,3470,17976,4529,17976,766,142
1876,3470,17977,4529,17977,766,142
1876,3470,17978,4529,17978,766,142
1876,3470,17979,4529,17979,766,142
1876,3470,17980,4529,17980,766,142
1876,3470,17981,4529,17981,766,142
1875,3470,17982,4529,17982,766,142
1875,3470,17983,4529,17983,766,142
1875,3470,17984,4529,17984,766,142
1875,3470,17985,4529,17985,766,142
1875,3470,17986,4529,17986,766,142
1875,3470,17987,4529,17987,766,142
1875,3470,17988,4529,17988,766,142
1875,3470,17989,4529,17989,766,142
1875,3470,17990,4529,17990,766,142
1874,3470,17991,4529,17991,766,142
1874,3470,17992,4529,17992,766,142
1874,3470,17993,4529,17993,766,142
1874,3470,17994,4529,17994,766,142
1873,3470,17995,4529,17995,766,142
1873,3470,17996,4529,17996,766,142
1874,3470,17997,4529,17997,766,142
1873,3470,17998,4529,17998,766,142
1873,3470,17999,4529,17999,766,142
1873,3470,18000,4529,18000,766,142
1873,3470,18001,4529,18001,766,142
1873,3470,18002,4529,18002,766,142
1873,3470,18003,4529,18003,766,142
1873,3470,18004,4529,18004,766,142
1873,3470,18005,4529,18005,766,142
1873,3470,18006,4529,18006,766,142
1874,3470,18007,4529,18007,766,142
1873,3470,18008,4529,18008,766,142
1874,3470,18009,4529,18009,766,142
1873,3470,18010,4529,18010,766,142
1873,3470,18011,4529,18011,766,142
1874,3470,18012,4529,18012,766,142
1874,3470,18013,4529,18013,766,142
1874,3470,18014,4529,18014,766,142
1874,3470,18015,4529,18015,766,142
1874,3470,18016,4529,18016,766,142
1874,3470,18017,4529,18017,766,142
1874,3470,18018,4529,18018,766,142
1874,3470,18019,4529,18019,766,142
1874,3470,18020,4529,18020,766,142
1874,3470,18021,4529,18021,766,142
1875,3470,18022,4529,18022,766,142
1875,3470,18023,4529,18023,766,142
1874,3470,18024,4529,18024,766,142
1874,3470,18025,4529,18025,766,142
1874,3470,18026,4529,18026,766,142
1874,3470,18027,4529,18027,766,142
1874,3470,18028,4529,18028,766,142
1874,3470,18029,4529,18029,766,142
1873,3470,18030,4529,18030,766,142
1873,3470,18031,4529,18031,766,142
1872,3470,18032,4529,18032,766,142
1872,3470,18033,4529,18033,766,142
1873,3470,18034,4529,18034,766,142
1873,3470,18035,4529,18035,766,142
1873,3470,18036,4529,18036,766,142
1873,3470,18037,4529,18037,766,142
1873,3470,18038,4529,18038,766,142
1873,3470,18039,4529,18039,766,142
1873,3470,18040,4529,18040,766,142
1873,3470,18041,4529,18041,766,142
1873,3470,18042,4529,18042,766,142
1871,3470,18043,4529,18043,766,141
1872,3470,18044,4529,18044,766,141
1872,3470,18045,4529,18045,766,141
1872,3470,18046,4529,18046,766,141
1872,3470,18047,4529,18047,766,141
1872,3470,18048,4529,18048,766,141
1872,3470,18049,4529,18049,766,141
1872,3470,18050,4529,18050,766,141
1871,3470,18051,4529,18051,766,141
1871,3470,18052,4529,18052,766,141
1871,3470,18053,4529,18053,766,141
1871,3470,18054,4529,18054,766,141
1871,3470,18055,4529,18055,766,141
1871,3470,18056,4529,18056,766,141
1871,3470,18057,4529,18057,766,141
1871,3470,18058,4529,18058,766,141
1871,3470,18059,4529,18059,766,141
1871,3470,18060,4529,18060,766,141
1872,3470,18061,4529,18061,766,141
1872,3470,18062,4529,18062,766,141
1872,3470,18063,4529,18063,766,141
1872,3470,18064,4529,18064,766,141
1872,3470,18065,4529,18065,766,141
1871,3470,18066,4529,18066,766,141
1871,3470,18067,4529,18067,766,141
1871,3470,18068,4529,18068,766,141
1872,3470,18069,4529,18069,766,141
1872,3470,18070,4529,18070,766,141
1872,3470,18071,4529,18071,766,141
1872,3470,18072,4529,18072,766,141
1872,3470,18073,4529,18073,766,141
1872,3470,18074,4529,18074,766,141
1872,3470,18075,4529,18075,766,141
1871,3470,18076,4529,18076,766,141
1871,3470,18077,4529,18077,766,141
1871,3470,18078,4529,18078,766,141
1871,3470,18079,4529,18079,766,141
1872,3470,18080,4529,18080,766,141
1872,3470,18081,4529,18081,766,141
1870,3470,18082,4529,18082,766,141
1870,3470,18083,4529,18083,766,141
1870,3470,18084,4529,18084,766,141
1871,3470,18085,4529,18085,766,141
1871,3470,18086,4529,18086,766,141
1871,3470,18087,4529,18087,766,141
1871,3470,18088,4529,18088,766,141
1871,3470,18089,4529,18089,766,141
1870,3470,18090,4529,18090,766,141
1870,3470,18091,4529,18091,766,141
1868,3470,18092,4529,18092,766,141
1868,3470,18093,4529,18093,766,141
1868,3470,18094,4529,18094,766,141
1869,3470,18095,4529,18095,766,141
1869,3470,18096,4529,18096,766,141
1869,3470,18097,4529,18097,766,141
1869,3470,18098,4529,18098,766,141
1870,3470,18099,4529,18099,766,141
1870,3470,18100,4529,18100,766,141
1871,3470,18101,4529,18101,766,141
1871,3470,18102,4529,18102,766,141
1871,3470,18103,4529,18103,766,141
1871,3470,18104,4529,18104,766,141
1871,3470,18105,4529,18105,766,141
1872,3470,18106,4529,18106,766,141
1872,3470,18107,4529,18107,766,141
1873,3470,18108,4529,18108,766,141
1873,3470,18109,4529,18109,766,141
1873,3470,18110,4529,18110,766,141
1873,3470,18111,4529,18111,766,141
1873,3470,18112,4529,18112,766,141
1874,3470,18113,4529,18113,766,141
1873,3470,18114,4529,18114,766,141
1873,3470,18115,4529,18115,766,141
1873,3470,18116,4529,18116,766,141
1873,3470,18117,4529,18117,766,141
1873,3470,18118,4529,18118,766,141
1871,3470,18119,4529,18119,766,140
1871,3470,18120,4529,18120,766,140
1871,3470,18121,4529,18121,766,140
1871,3470,18122,4529,18122,766,140
1871,3470,18123,4529,18123,766,140
1871,3470,18124,4529,18124,766,140
1871,3470,18125,4529,18125,766,140
1871,3470,18126,4529,18126,766,140
1872,3470,18127,4529,18127,766,140
1872,3470,18128,4529,18128,766,140
1872,3470,18129,4529,18129,766,140
1872,3470,18130,4529,18130,766,140
1872,3470,18131,4529,18131,766,140
1872,3470,18132,4529,18132,766,140
1872,3470,18133,4529,18133,766,140
1872,3470,18134,4529,18134,766,140
1872,3470,18135,4529,18135,766,140
1872,3470,18136,4529,18136,766,140
1873,3470,18137,4529,18137,766,140
1873,3470,18138,4529,18138,766,140
1873,3470,18139,4529,18139,766,140
1873,3470,18140,4529,18140,766,140
1872,3470,18141,4529,18141,766,140
1872,3470,18142,4529,18142,766,140
1871,3470,18143,4529,18143,766,140
1871,3470,18144,4529,18144,766,140
1871,3470,18145,4529,18145,766,140
1871,3470,18146,4529,18146,766,140
1870,3470,18147,4529,18147,766,140
1870,3470,18148,4529,18148,766,140
1869,3470,18149,4529,18149,766,140
1870,3470,18150,4529,18150,766,140
1870,3470,18151,4529,18151,766,140
1870,3470,18152,4529,18152,766,140
1870,3470,18153,4529,18153,766,140
1870,3470,18154,4529,18154,766,140
1870,3470,18155,4529,18155,766,140
1870,3470,18156,4529,18156,766,140
1870,3470,18157,4529,18157,766,140
1870,3470,18158,4529,18158,766,140
1870,3470,18159,4529,18159,766,140
1870,3470,18160,4529,18160,766,140
1870,3470,18161,4529,18161,766,140
1870,3470,18162,4529,18162,766,140
1870,3470,18163,4529,18163,766,140
1870,3470,18164,4529,18164,766,140
1870,3470,18165,4529,18165,766,140
1870,3470,18166,4529,18166,766,140
1871,3470,18167,4529,18167,766,140
1871,3470,18168,4529,18168,766,140
1869,3470,18169,4529,18169,766,140
1869,3470,18170,4529,18170,766,140
1869,3470,18171,4529,18171,766,140
1869,3470,18172,4529,18172,766,140
1869,3470,18173,4529,18173,766,140
1869,3470,18174,4529,18174,766,140
1869,3470,18175,4529,18175,766,140
1869,3470,18176,4529,18176,766,140
1869,3470,18177,4529,18177,766,140
1869,3470,18178,4529,18178,766,140
1869,3470,18179,4529,18179,766,140
1869,3470,18180,4529,18180,766,140
1869,3470,18181,4529,18181,766,140
1868,3470,18182,4529,18182,766,140
1867,3470,18183,4529,18183,766,140
1866,3470,18184,4529,18184,766,140
1866,3470,18185,4529,18185,766,140
1865,3470,18186,4529,18186,766,140
1865,3470,18187,4529,18187,766,140
1866,3470,18188,4529,18188,766,140
1866,3470,18189,4529,18189,766,140
1865,3470,18190,4529,18190,766,140
1865,3470,18191,4529,18191,766,140
1866,3470,18192,4529,18192,766,140
1867,3470,18193,4529,18193,766,140
1867,3470,18194,4529,18194,766,140
1867,3470,18195,4529,18195,766,140
1867,3470,18196,4529,18196,766,140
1867,3470,18197,4529,18197,766,140
1867,3470,18198,4529,18198,766,140
1867,3470,18199,4529,18199,766,140
1867,3470,18200,4529,18200,766,140
1866,3470,18201,4529,18201,766,140
1867,3470,18202,4529,18202,766,140
1867,3470,18203,4529,18203,766,140
1867,3470,18204,4529,18204,766,140
1867,3470,18205,4529,18205,766,140
1866,3470,18206,4529,18206,766,140
1866,3470,18207,4529,18207,766,140
1866,3470,18208,4529,18208,766,140
1866,3470,18209,4529,18209,766,140
1866,3470,18210,4529,18210,766,140
1866,3470,18211,4529,18211,766,140
1866,3470,18212,4529,18212,766,140
1866,3470,18213,4529,18213,766,140
1866,3470,18214,4529,18214,766,140
1865,3470,18215,4529,18215,766,139
1864,3470,18216,4529,18216,766,139
1864,3470,18217,4529,18217,766,139
1863,3470,18218,4529,18218,766,139
1863,3470,18219,4529,18219,766,139
1863,3470,18220,4529,18220,766,139
1863,3470,18221,4529,18221,766,139
1864,3470,18222,4529,18222,766,139
1864,3470,18223,4529,18223,766,139
1864,3470,18224,4529,18224,766,139
1864,3470,18225,4529,18225,766,139
1864,3470,18226,4529,18226,766,139
1864,3470,18227,4529,18227,766,139
1864,3470,18228,4529,18228,766,139
1864,3470,18229,4529,18229,766,139
1864,3470,18230,4529,18230,766,139
1864,3470,18231,4529,18231,766,139
1864,3470,18232,4529,18232,766,139
1864,3470,18233,4529,18233,766,139
1864,3470,18234,4529,18234,766,139
1864,3470,18235,4529,18235,766,139
1865,3470,18236,4529,18236,766,139
1865,3470,18237,4529,18237,766,139
1866,3470,18238,4529,18238,766,139
1866,3470,18239,4529,18239,766,139
1866,3470,18240,4529,18240,766,139
1866,3470,18241,4529,18241,766,139
1866,3470,18242,4529,18242,766,139
1867,3470,18243,4529,18243,766,139
1867,3470,18244,4529,18244,766,139
1867,3470,18245,4529,18245,766,139
1867,3470,18246,4529,18246,766,139
1867,3470,18247,4529,18247,766,139
1867,3470,18248,4529,18248,766,139
1867,3470,18249,4529,18249,766,139
1867,3470,18250,4529,18250,766,139
1867,3470,18251,4529,18251,766,139
1867,3470,18252,4529,18252,766,139
1867,3470,18253,4529,18253,766,139
1867,3470,18254,4529,18254,766,139
1867,3470,18255,4529,18255,766,139
1868,3470,18256,4529,18256,766,139
1868,3470,18257,4529,18257,766,139
1867,3470,18258,4529,18258,766,139
1867,3470,18259,4529,18259,766,139
1866,3470,18260,4529,18260,766,139
1866,3470,18261,4529,18261,766,139
1866,3470,18262,4529,18262,766,139
1866,3470,18263,4529,18263,766,139
1866,3470,18264,4529,18264,766,139
1866,3470,18265,4529,18265,766,139
1866,3470,18266,4529,18266,766,139
1866,3470,18267,4529,18267,766,139
1866,3470,18268,4529,18268,766,139
1866,3470,18269,4529,18269,766,139
1866,3470,18270,4529,18270,766,139
1866,3470,18271,4529,18271,766,139
1865,3470,18272,4529,18272,766,139
1866,3470,18273,4529,18273,766,139
1866,3470,18274,4529,18274,766,139
1863,3470,18275,4529,18275,766,139
1863,3470,18276,4529,18276,766,139
1863,3470,18277,4529,18277,766,139
1863,3470,18278,4529,18278,766,139
1863,3470,18279,4529,18279,766,139
1862,3470,18280,4529,18280,766,139
1861,3470,18281,4529,18281,766,139
1861,3470,18282,4529,18282,766,139
1861,3470,18283,4529,18283,766,139
1861,3470,18284,4529,18284,766,139
1860,3470,18285,4529,18285,766,139
1860,3470,18286,4529,18286,766,139
1860,3470,18287,4529,18287,766,139
1860,3470,18288,4529,18288,766,139
1860,3470,18289,4529,18289,766,139
1860,3470,18290,4529,18290,766,139
1860,3470,18291,4529,18291,766,139
1860,3470,18292,4529,18292,766,139
1860,3470,18293,4529,18293,766,139
1860,3470,18294,4529,18294,766,139
1860,3470,18295,4529,18295,766,139
1860,3470,18296,4529,18296,766,139
1860,3470,18297,4529,18297,766,139
1861,3470,18298,4529,18298,766,139
1861,3470,18299,4529,18299,766,139
1861,3470,18300,4529,18300,766,139
1861,3470,18301,4529,18301,766,139
1858,3470,18302,4529,18302,766,139
1858,3470,18303,4529,18303,766,139
1858,3470,18304,4529,18304,766,139
1857,3470,18305,4529,18305,766,139
1857,3470,18306,4529,18306,766,139
1856,3470,18307,4529,18307,766,139
1856,3470,18308,4529,18308,766,139
1856,3470,18309,4529,18309,766,139
1856,3470,18310,4529,18310,766,139
1856,3470,18311,4529,18311,766,139
1856,3470,18312,4529,18312,766,139
1856,3470,18313,4529,18313,766,139
1856,3470,18314,4529,18314,766,139
1856,3470,18315,4529,18315,766,139
1856,3470,18316,4529,18316,766,139
1856,3470,18317,4529,18317,766,139
1856,3470,18318,4529,18318,766,139
1856,3470,18319,4529,18319,766,139
1856,3470,18320,4529,18320,766,139
1856,3470,18321,4529,18321,766,139
1855,3470,18322,4529,18322,766,139
1855,3470,18323,4529,18323,766,139
1855,3470,18324,4529,18324,766,139
1855,3470,18325,4529,18325,766,139
1855,3470,18326,4529,18326,766,139
1855,3470,18327,4529,18327,766,139
1855,3470,18328,4529,18328,766,139
1855,3470,18329,4529,18329,766,139
1855,3470,18330,4529,18330,766,139
1855,3470,18331,4529,18331,766,139
1855,3470,18332,4529,18332,766,139
1855,3470,18333,4529,18333,766,139
1855,3470,18334,4529,18334,766,139
1856,3470,18335,4529,18335,766,139
1856,3470,18336,4529,18336,766,139
1856,3470,18337,4529,18337,766,139
1856,3470,18338,4529,18338,766,139
1856,3470,18339,4529,18339,766,139
1856,3470,18340,4529,18340,766,139
1856,3470,18341,4529,18341,766,139
1856,3470,18342,4529,18342,766,139
1854,3470,18343,4529,18343,766,139
1854,3470,18344,4529,18344,766,139
1854,3470,18345,4529,18345,766,139
1854,3470,18346,4529,18346,766,139
1854,3470,18347,4529,18347,766,139
1854,3470,18348,4529,18348,766,139
1854,3470,18349,4529,18349,766,139
1853,3470,18350,4529,18350,766,139
1854,3470,18351,4529,18351,766,139
1854,3470,18352,4529,18352,766,139
1851,3470,18353,4529,18353,766,138
1851,3470,18354,4529,18354,766,138
1851,3470,18355,4529,18355,766,138
1852,3470,18356,4529,18356,766,138
1852,3470,18357,4529,18357,766,138
1852,3470,18358,4529,18358,766,138
1853,3470,18359,4529,18359,766,138
1853,3470,18360,4529,18360,766,138
1853,3470,18361,4529,18361,766,138
1854,3470,18362,4529,18362,766,138
1854,3470,18363,4529,18363,766,138
1855,3470,18364,4529,18364,766,138
1854,3470,18365,4529,18365,766,138
1855,3470,18366,4529,18366,766,138
1855,3470,18367,4529,18367,766,138
1855,3470,18368,4529,18368,766,138
1856,3470,18369,4529,18369,766,138
1857,3470,18370,4529,18370,766,138
1857,3470,18371,4529,18371,766,138
1857,3470,18372,4529,18372,766,138
1857,3470,18373,4529,18373,766,138
1857,3470,18374,4529,18374,766,138
1857,3470,18375,4529,18375,766,138
1858,3470,18376,4529,18376,766,138
1857,3470,18377,4529,18377,766,138
1857,3470,18378,4529,18378,766,138
1857,3470,18379,4529,18379,766,138
1857,3470,18380,4529,18380,766,138
1857,3470,18381,4529,18381,766,138
1857,3470,18382,4529,18382,766,138
1857,3470,18383,4529,18383,766,138
1856,3470,18384,4529,18384,766,138
1856,3470,18385,4529,18385,766,138
1856,3470,18386,4529,18386,766,138
1856,3470,18387,4529,18387,766,138
1856,3470,18388,4529,18388,766,138
1857,3470,18389,4529,18389,766,138
1857,3470,18390,4529,18390,766,138
1857,3470,18391,4529,18391,766,138
1857,3470,18392,4529,18392,766,138
1856,3470,18393,4529,18393,766,138
1856,3470,18394,4529,18394,766,138
1856,3470,18395,4529,18395,766,138
1856,3470,18396,4529,18396,766,138
1856,3470,18397,4529,18397,766,138
1857,3470,18398,4529,18398,766,138
1857,3470,18399,4529,18399,766,138
1857,3470,18400,4529,18400,766,138
1857,3470,18401,4529,18401,766,138
1857,3470,18402,4529,18402,766,138
1857,3470,18403,4529,18403,766,138
1857,3470,18404,4529,18404,766,138
1857,3470,18405,4529,18405,766,138
1856,3470,18406,4529,18406,766,138
1856,3470,18407,4529,18407,766,138
1856,3470,18408,4529,18408,766,138
1856,3470,18409,4529,18409,766,138
1857,3470,18410,4529,18410,766,138
1857,3470,18411,4529,18411,766,138
1857,3470,18412,4529,18412,766,138
1857,3470,18413,4529,18413,766,138
1857,3470,18414,4529,18414,766,138
1857,3470,18415,4529,18415,766,138
1857,3470,18416,4529,18416,766,138
1857,3470,18417,4529,18417,766,138
1857,3470,18418,4529,18418,766,138
1857,3470,18419,4529,18419,766,138
1857,3470,18420,4529,18420,766,138
1857,3470,18421,4529,18421,766,138
1857,3470,18422,4529,18422,766,138
1856,3470,18423,4529,18423,766,138
1856,3470,18424,4529,18424,766,138
1855,3470,18425,4529,18425,766,138
1856,3470,18426,4529,18426,766,138
1856,3470,18427,4529,18427,766,138
1856,3470,18428,4529,18428,766,138
1856,3470,18429,4529,18429,766,138
1856,3470,18430,4529,18430,766,138
1856,3470,18431,4529,18431,766,138
1855,3470,18432,4529,18432,766,138
1855,3470,18433,4529,18433,766,138
1856,3470,18434,4529,18434,766,138
1856,3470,18435,4529,18435,766,138
1856,3470,18436,4529,18436,766,138
1856,3470,18437,4529,18437,766,138
1856,3470,18438,4529,18438,766,138
1856,3470,18439,4529,18439,766,138
1856,3470,18440,4529,18440,766,138
1856,3470,18441,4529,18441,766,138
1856,3470,18442,4529,18442,766,138
1857,3470,18443,4529,18443,766,138
1855,3470,18444,4529,18444,766,138
1855,3470,18445,4529,18445,766,138
1855,3470,18446,4529,18446,766,138
1855,3470,18447,4529,18447,766,138
1856,3470,18448,4529,18448,766,138
1856,3470,18449,4529,18449,766,138
1856,3470,18450,4529,18450,766,138
1856,3470,18451,4529,18451,766,138
1856,3470,18452,4529,18452,766,138
1856,3470,18453,4529,18453,766,138
1856,3470,18454,4529,18454,766,138
1856,3470,18455,4529,18455,766,138
1856,3470,18456,4529,18456,766,138
1856,3470,18457,4529,18457,766,138
1856,3470,18458,4529,18458,766,138
1856,3470,18459,4529,18459,766,138
1856,3470,18460,4529,18460,766,138
1856,3470,18461,4529,18461,766,138
1856,3470,18462,4529,18462,766,138
1856,3470,18463,4529,18463,766,138
1856,3470,18464,4529,18464,766,138
1856,3470,18465,4529,18465,766,138
1856,3470,18466,4529,18466,766,138
1856,3470,18467,4529,18467,766,138
1856,3470,18468,4529,18468,766,138
1856,3470,18469,4529,18469,766,138
1856,3470,18470,4529,18470,766,138
1856,3470,18471,4529,18471,766,138
1856,3470,18472,4529,18472,766,138
1856,3470,18473,4529,18473,766,138
1856,3470,18474,4529,18474,766,138
1856,3470,18475,4529,18475,766,138
1856,3470,18476,4529,18476,766,138
1856,3470,18477,4529,18477,766,138
1856,3470,18478,4529,18478,766,138
1856,3470,18479,4529,18479,766,138
1856,3470,18480,4529,18480,766,138
1856,3470,18481,4529,18481,766,138
1855,3470,18482,4529,18482,766,138
1855,3470,18483,4529,18483,766,138
1855,3470,18484,4529,18484,766,138
1854,3470,18485,4529,18485,766,138
1854,3470,18486,4529,18486,766,138
1854,3470,18487,4529,18487,766,138
1855,3470,18488,4529,18488,766,138
1856,3470,18489,4529,18489,766,138
1856,3470,18490,4529,18490,766,138
1856,3470,18491,4529,18491,766,138
1856,3470,18492,4529,18492,766,138
1855,3470,18493,4529,18493,766,138
1855,3470,18494,4529,18494,766,138
1855,3470,18495,4529,18495,766,138
1856,3470,18496,4529,18496,766,138
1856,3470,18497,4529,18497,766,138
1856,3470,18498,4529,18498,766,138
1856,3470,18499,4529,18499,766,138
1854,3470,18500,4529,18500,766,138
1854,3470,18501,4529,18501,766,138
1854,3470,18502,4529,18502,766,138
1854,3470,18503,4529,18503,766,138
1854,3470,18504,4529,18504,766,138
1854,3470,18505,4529,18505,766,138
1855,3470,18506,4529,18506,766,138
1854,3470,18507,4529,18507,766,138
1854,3470,18508,4529,18508,766,138
1854,3470,18509,4529,18509,766,138
1854,3470,18510,4529,18510,766,138
1854,3470,18511,4529,18511,766,138
1854,3470,18512,4529,18512,766,138
1854,3470,18513,4529,18513,766,138
1854,3470,18514,4529,18514,766,138
1854,3470,18515,4529,18515,766,138
1854,3470,18516,4529,18516,766,138
1854,3470,18517,4529,18517,766,138
1854,3470,18518,4529,18518,766,138
1855,3470,18519,4529,18519,766,138
1855,3470,18520,4529,18520,766,138
1855,3470,18521,4529,18521,766,138
1855,3470,18522,4529,18522,766,138
1855,3470,18523,4529,18523,766,138
1854,3470,18524,4529,18524,766,138
1854,3470,18525,4529,18525,766,138
1854,3470,18526,4529,18526,766,138
1854,3470,18527,4529,18527,766,138
1854,3470,18528,4529,18528,766,138
1854,3470,18529,4529,18529,766,138
1854,3470,18530,4529,18530,766,138
1854,3470,18531,4529,18531,766,138
1854,3470,18532,4529,18532,766,138
1854,3470,18533,4529,18533,766,138
1855,3470,18534,4529,18534,766,138
1855,3470,18535,4529,18535,766,138
1855,3470,18536,4529,18536,766,138
1855,3470,18537,4529,18537,766,138
1855,3470,18538,4529,18538,766,138
1855,3470,18539,4529,18539,766,138
1855,3470,18540,4529,18540,766,138
1856,3470,18541,4529,18541,766,138
1856,3470,18542,4529,18542,766,138
1856,3470,18543,4529,18543,766,138
1856,3470,18544,4529,18544,766,138
1856,3470,18545,4529,18545,766,138
1856,3470,18546,4529,18546,766,138
1857,3470,18547,4529,18547,766,138
1857,3470,18548,4529,18548,766,138
1857,3470,18549,4529,18549,766,138
1857,3470,18550,4529,18550,766,138
1857,3470,18551,4529,18551,766,138
1857,3470,18552,4529,18552,766,138
1857,3470,18553,4529,18553,766,138
1858,3470,18554,4529,18554,766,138
1858,3470,18555,4529,18555,766,138
1857,3470,18556,4529,18556,766,138
1856,3470,18557,4529,18557,766,138
1854,3470,18558,4529,18558,766,138
1854,3470,18559,4529,18559,766,138
1854,3470,18560,4529,18560,766,138
1854,3470,18561,4529,18561,766,138
1854,3470,18562,4529,18562,766,138
1854,3470,18563,4529,18563,766,138
1854,3470,18564,4529,18564,766,138
1854,3470,18565,4529,18565,766,138
1853,3470,18566,4529,18566,766,138
1853,3470,18567,4529,18567,766,138
1852,3470,18568,4529,18568,766,137
1852,3470,18569,4529,18569,766,137
1852,3470,18570,4529,18570,766,137
1852,3470,18571,4529,18571,766,137
1852,3470,18572,4529,18572,766,137
1852,3470,18573,4529,18573,766,137
1851,3470,18574,4529,18574,766,137
1851,3470,18575,4529,18575,766,137
1851,3470,18576,4529,18576,766,137
1851,3470,18577,4529,18577,766,137
1851,3470,18578,4529,18578,766,137
1851,3470,18579,4529,18579,766,137
1851,3470,18580,4529,18580,766,137
1851,3470,18581,4529,18581,766,137
1851,3470,18582,4529,18582,766,137
1851,3470,18583,4529,18583,766,137
1851,3470,18584,4529,18584,766,137
1851,3470,18585,4529,18585,766,137
1851,3470,18586,4529,18586,766,137
1851,3470,18587,4529,18587,766,137
1851,3470,18588,4529,18588,766,137
1852,3470,18589,4529,18589,766,137
1852,3470,18590,4529,18590,766,137
1852,3470,18591,4529,18591,766,137
1852,3470,18592,4529,18592,766,137
1850,3470,18593,4529,18593,766,136
1850,3470,18594,4529,18594,766,136
1849,3470,18595,4529,18595,766,136
1849,3470,18596,4529,18596,766,136
1850,3470,18597,4529,18597,766,136
1849,3470,18598,4529,18598,766,136
1850,3470,18599,4529,18599,766,136
1850,3470,18600,4529,18600,766,136
1850,3470,18601,4529,18601,766,136
1850,3470,18602,4529,18602,766,136
1850,3470,18603,4529,18603,766,136
1851,3470,18604,4529,18604,766,136
1851,3470,18605,4529,18605,766,136
1851,3470,18606,4529,18606,766,136
1851,3470,18607,4529,18607,766,136
1851,3470,18608,4529,18608,766,136
1851,3470,18609,4529,18609,766,136
1851,3470,18610,4529,18610,766,136
1851,3470,18611,4529,18611,766,136
1851,3470,18612,4529,18612,766,136
1851,3470,18613,4529,18613,766,136
1851,3470,18614,4529,18614,766,136
1850,3470,18615,4529,18615,766,136
1850,3470,18616,4529,18616,766,136
1850,3470,18617,4529,18617,766,136
1850,3470,18618,4529,18618,766,136
1850,3470,18619,4529,18619,766,136
1848,3470,18620,4529,18620,766,136
1848,3470,18621,4529,18621,766,136
1848,3470,18622,4529,18622,766,136
1848,3470,18623,4529,18623,766,136
1846,3470,18624,4529,18624,766,135
1845,3470,18625,4529,18625,766,135
1845,3470,18626,4529,18626,766,135
1845,3470,18627,4529,18627,766,135
1845,3470,18628,4529,18628,766,135
1845,3470,18629,4529,18629,766,135
1845,3470,18630,4529,18630,766,135
1845,3470,18631,4529,18631,766,135
1844,3470,18632,4529,18632,766,135
1843,3470,18633,4529,18633,766,135
1843,3470,18634,4529,18634,766,135
1843,3470,18635,4529,18635,766,135
1843,3470,18636,4529,18636,766,135
1844,3470,18637,4529,18637,766,135
1844,3470,18638,4529,18638,766,135
1844,3470,18639,4529,18639,766,135
1844,3470,18640,4529,18640,766,135
1844,3470,18641,4529,18641,766,135
1844,3470,18642,4529,18642,766,135
1844,3470,18643,4529,18643,766,135
1844,3470,18644,4529,18644,766,135
1844,3470,18645,4529,18645,766,135
1845,3470,18646,4529,18646,766,135
1845,3470,18647,4529,18647,766,135
1845,3470,18648,4529,18648,766,135
1845,3470,18649,4529,18649,766,135
1846,3470,18650,4529,18650,766,135
1845,3470,18651,4529,18651,766,135
1845,3470,18652,4529,18652,766,135
1843,3470,18653,4529,18653,766,135
1843,3470,18654,4529,18654,766,135
1844,3470,18655,4529,18655,766,135
1844,3470,18656,4529,18656,766,135
1844,3470,18657,4529,18657,766,135
1844,3470,18658,4529,18658,766,135
1844,3470,18659,4529,18659,766,135
1843,3470,18660,4529,18660,766,135
1843,3470,18661,4529,18661,766,135
1843,3470,18662,4529,18662,766,135
1843,3470,18663,4529,18663,766,135
1843,3470,18664,4529,18664,766,135
1843,3470,18665,4529,18665,766,135
1843,3470,18666,4529,18666,766,135
1843,3470,18667,4529,18667,766,135
1843,3470,18668,4529,18668,766,135
1843,3470,18669,4529,18669,766,135
1843,3470,18670,4529,18670,766,135
1843,3470,18671,4529,18671,766,135
1843,3470,18672,4529,18672,766,135
1844,3470,18673,4529,18673,766,135
1844,3470,18674,4529,18674,766,135
1844,3470,18675,4529,18675,766,135
1844,3470,18676,4529,18676,766,135
1845,3470,18677,4529,18677,766,135
1845,3470,18678,4529,18678,766,135
1844,3470,18679,4529,18679,766,135
1844,3470,18680,4529,18680,766,135
1843,3470,18681,4529,18681,766,135
1842,3470,18682,4529,18682,766,135
1842,3470,18683,4529,18683,766,135
1842,3470,18684,4529,18684,766,135
1841,3470,18685,4529,18685,766,134
1841,3470,18686,4529,18686,766,134
1840,3470,18687,4529,18687,766,134
1840,3470,18688,4529,18688,766,134
1840,3470,18689,4529,18689,766,134
1840,3470,18690,4529,18690,766,134
1840,3470,18691,4529,18691,766,134
1840,3470,18692,4529,18692,766,134
1840,3470,18693,4529,18693,766,134
1840,3470,18694,4529,18694,766,134
1838,3470,18695,4529,18695,766,134
1838,3470,18696,4529,18696,766,134
1837,3470,18697,4529,18697,766,134
1837,3470,18698,4529,18698,766,134
1837,3470,18699,4529,18699,766,134
1837,3470,18700,4529,18700,766,134
1837,3470,18701,4529,18701,766,134
1834,3470,18702,4529,18702,766,134
1834,3470,18703,4529,18703,766,134
1833,3470,18704,4529,18704,766,134
1833,3470,18705,4529,18705,766,134
1833,3470,18706,4529,18706,766,134
1833,3470,18707,4529,18707,766,134
1833,3470,18708,4529,18708,766,134
1833,3470,18709,4529,18709,766,134
1833,3470,18710,4529,18710,766,134
1833,3470,18711,4529,18711,766,134
1833,3470,18712,4529,18712,766,134
1833,3470,18713,4529,18713,766,134
1832,3470,18714,4529,18714,766,133
1832,3470,18715,4529,18715,766,133
1832,3470,18716,4529,18716,766,133
1831,3470,18717,4529,18717,766,133
1831,3470,18718,4529,18718,766,133
1831,3470,18719,4529,18719,766,133
1831,3470,18720,4529,18720,766,133
1830,3470,18721,4529,18721,766,133
1831,3470,18722,4529,18722,766,133
1830,3470,18723,4529,18723,766,133
1830,3470,18724,4529,18724,766,133
1830,3470,18725,4529,18725,766,133
1831,3470,18726,4529,18726,766,133
1831,3470,18727,4529,18727,766,133
1831,3470,18728,4529,18728,766,133
1831,3470,18729,4529,18729,766,133
1831,3470,18730,4529,18730,766,133
1831,3470,18731,4529,18731,766,133
1831,3470,18732,4529,18732,766,133
1832,3470,18733,4529,18733,766,133
1832,3470,18734,4529,18734,766,133
1832,3470,18735,4529,18735,766,133
1832,3470,18736,4529,18736,766,133
1832,3470,18737,4529,18737,766,133
1832,3470,18738,4529,18738,766,133
1832,3470,18739,4529,18739,766,133
1832,3470,18740,4529,18740,766,133
1832,3470,18741,4529,18741,766,133
1832,3470,18742,4529,18742,766,133
1831,3470,18743,4529,18743,766,133
1831,3470,18744,4529,18744,766,133
1832,3470,18745,4529,18745,766,133
1831,3470,18746,4529,18746,766,132
1831,3470,18747,4529,18747,766,132
1831,3470,18748,4529,18748,766,132
1831,3470,18749,4529,18749,766,132
1831,3470,18750,4529,18750,766,132
1831,3470,18751,4529,18751,766,132
1831,3470,18752,4529,18752,766,132
1831,3470,18753,4529,18753,766,132
1831,3470,18754,4529,18754,766,132
1832,3470,18755,4529,18755,766,132
1832,3470,18756,4529,18756,766,132
1832,3470,18757,4529,18757,766,132
1831,3470,18758,4529,18758,766,131
1831,3470,18759,4529,18759,766,131
1831,3470,18760,4529,18760,766,131
1831,3470,18761,4529,18761,766,131
1831,3470,18762,4529,18762,766,131
1831,3470,18763,4529,18763,766,131
1831,3470,18764,4529,18764,766,131
1830,3470,18765,4529,18765,766,131
1830,3470,18766,4529,18766,766,131
1830,3470,18767,4529,18767,766,131
1830,3470,18768,4529,18768,766,131
1830,3470,18769,4529,18769,766,131
1830,3470,18770,4529,18770,766,131
1831,3470,18771,4529,18771,766,131
1831,3470,18772,4529,18772,766,131
1831,3470,18773,4529,18773,766,131
1831,3470,18774,4529,18774,766,131
1831,3470,18775,4529,18775,766,131
1831,3470,18776,4529,18776,766,131
1831,3470,18777,4529,18777,766,131
1831,3470,18778,4529,18778,766,131
1832,3470,18779,4529,18779,766,131
1832,3470,18780,4529,18780,766,131
1832,3470,18781,4529,18781,766,131
1832,3470,18782,4529,18782,766,131
1832,3470,18783,4529,18783,766,131
1832,3470,18784,4529,18784,766,131
1832,3470,18785,4529,18785,766,131
1832,3470,18786,4529,18786,766,131
1832,3470,18787,4529,18787,766,131
1832,3470,18788,4529,18788,766,131
1833,3470,18789,4529,18789,766,131
1833,3470,18790,4529,18790,766,131
1833,3470,18791,4529,18791,766,131
1833,3470,18792,4529,18792,766,131
1833,3470,18793,4529,18793,766,131
1833,3470,18794,4529,18794,766,131
1833,3470,18795,4529,18795,766,131
1833,3470,18796,4529,18796,766,131
1833,3470,18797,4529,18797,766,131
1833,3470,18798,4529,18798,766,131
1834,3470,18799,4529,18799,766,131
1834,3470,18800,4529,18800,766,131
1834,3470,18801,4529,18801,766,131
1834,3470,18802,4529,18802,766,131
1834,3470,18803,4529,18803,766,131
1834,3470,18804,4529,18804,766,131
1834,3470,18805,4529,18805,766,131
1834,3470,18806,4529,18806,766,131
1834,3470,18807,4529,18807,766,131
1834,3470,18808,4529,18808,766,131
1834,3470,18809,4529,18809,766,131
1834,3470,18810,4529,18810,766,131
1833,3470,18811,4529,18811,766,131
1833,3470,18812,4529,18812,766,131
1833,3470,18813,4529,18813,766,131
1833,3470,18814,4529,18814,766,131
1834,3470,18815,4529,18815,766,131
1834,3470,18816,4529,18816,766,131
1834,3470,18817,4529,18817,766,131
1834,3470,18818,4529,18818,766,131
1834,3470,18819,4529,18819,766,131
1834,3470,18820,4529,18820,766,131
1834,3470,18821,4529,18821,766,131
1834,3470,18822,4529,18822,766,131
1834,3470,18823,4529,18823,766,131
1834,3470,18824,4529,18824,766,131
1834,3470,18825,4529,18825,766,131
1834,3470,18826,4529,18826,766,131
1834,3470,18827,4529,18827,766,131
1834,3470,18828,4529,18828,766,131
1834,3470,18829,4529,18829,766,131
1834,3470,18830,4529,18830,766,131
1834,3470,18831,4529,18831,766,131
1834,3470,18832,4529,18832,766,131
1833,3470,18833,4529,18833,766,131
1833,3470,18834,4529,18834,766,131
1833,3470,18835,4529,18835,766,131
1832,3470,18836,4529,18836,766,131
1832,3470,18837,4529,18837,766,131
1832,3470,18838,4529,18838,766,131
1832,3470,18839,4529,18839,766,131
1832,3470,18840,4529,18840,766,131
1832,3470,18841,4529,18841,766,131
1832,3470,18842,4529,18842,766,131
1832,3470,18843,4529,18843,766,131
1832,3470,18844,4529,18844,766,131
1832,3470,18845,4529,18845,766,131
1832,3470,18846,4529,18846,766,131
1832,3470,18847,4529,18847,766,131
1833,3470,18848,4529,18848,766,131
1832,3470,18849,4529,18849,766,131
1832,3470,18850,4529,18850,766,131
1832,3470,18851,4529,18851,766,131
1832,3470,18852,4529,18852,766,131
1831,3470,18853,4529,18853,766,131
1831,3470,18854,4529,18854,766,131
1830,3470,18855,4529,18855,766,131
1830,3470,18856,4529,18856,766,131
1830,3470,18857,4529,18857,766,131
1830,3470,18858,4529,18858,766,131
1830,3470,18859,4529,18859,766,131
1830,3470,18860,4529,18860,766,131
1830,3470,18861,4529,18861,766,131
1830,3470,18862,4529,18862,766,131
1830,3470,18863,4529,18863,766,131
1830,3470,18864,4529,18864,766,131
1831,3470,18865,4529,18865,766,131
1832,3470,18866,4529,18866,766,131
1833,3470,18867,4529,18867,766,131
1833,3470,18868,4529,18868,766,131
1833,3470,18869,4529,18869,766,131
1833,3470,18870,4529,18870,766,131
1834,3470,18871,4529,18871,766,131
1834,3470,18872,4529,18872,766,131
1834,3470,18873,4529,18873,766,131
1834,3470,18874,4529,18874,766,131
1834,3470,18875,4529,18875,766,131
1834,3470,18876,4529,18876,766,131
1834,3470,18877,4529,18877,766,131
1834,3470,18878,4529,18878,766,131
1834,3470,18879,4529,18879,766,131
1834,3470,18880,4529,18880,766,131
1834,3470,18881,4529,18881,766,131
1833,3470,18882,4529,18882,766,131
1833,3470,18883,4529,18883,766,131
1833,3470,18884,4529,18884,766,131
1832,3470,18885,4529,18885,766,131
1833,3470,18886,4529,18886,766,131
1833,3470,18887,4529,18887,766,131
1833,3470,18888,4529,18888,766,131
1833,3470,18889,4529,18889,766,131
1833,3470,18890,4529,18890,766,131
1833,3470,18891,4529,18891,766,131
1833,3470,18892,4529,18892,766,131
1833,3470,18893,4529,18893,766,131
1833,3470,18894,4529,18894,766,131
1833,3470,18895,4529,18895,766,131
1833,3470,18896,4529,18896,766,131
1833,3470,18897,4529,18897,766,131
1831,3470,18898,4529,18898,766,131
1831,3470,18899,4529,18899,766,131
1831,3470,18900,4529,18900,766,131
1831,3470,18901,4529,18901,766,131
1832,3470,18902,4529,18902,766,131
1832,3470,18903,4529,18903,766,131
1832,3470,18904,4529,18904,766,131
1832,3470,18905,4529,18905,766,131
1832,3470,18906,4529,18906,766,131
1832,3470,18907,4529,18907,766,131
1832,3470,18908,4529,18908,766,131
1831,3470,18909,4529,18909,766,131
1831,3470,18910,4529,18910,766,131
1831,3470,18911,4529,18911,766,131
1830,3470,18912,4529,18912,766,130
1830,3470,18913,4529,18913,766,130
1830,3470,18914,4529,18914,766,130
1831,3470,18915,4529,18915,766,130
1831,3470,18916,4529,18916,766,130
1831,3470,18917,4529,18917,766,130
1831,3470,18918,4529,18918,766,130
1831,3470,18919,4529,18919,766,130
1832,3470,18920,4529,18920,766,130
1832,3470,18921,4529,18921,766,130
1832,3470,18922,4529,18922,766,130
1832,3470,18923,4529,18923,766,130
1832,3470,18924,4529,18924,766,130
1832,3470,18925,4529,18925,766,130
1832,3470,18926,4529,18926,766,130
1832,3470,18927,4529,18927,766,130
1831,3470,18928,4529,18928,766,130
1831,3470,18929,4529,18929,766,130
1831,3470,18930,4529,18930,766,130
1831,3470,18931,4529,18931,766,130
1831,3470,18932,4529,18932,766,130
1831,3470,18933,4529,18933,766,130
1830,3470,18934,4529,18934,766,130
1830,3470,18935,4529,18935,766,130
1830,3470,18936,4529,18936,766,130
1830,3470,18937,4529,18937,766,130
1831,3470,18938,4529,18938,766,130
1831,3470,18939,4529,18939,766,130
1831,3470,18940,4529,18940,766,130
1831,3470,18941,4529,18941,766,130
1831,3470,18942,4529,18942,766,130
1830,3470,18943,4529,18943,766,130
1830,3470,18944,4529,18944,766,130
1830,3470,18945,4529,18945,766,130
1830,3470,18946,4529,18946,766,130
1831,3470,18947,4529,18947,766,130
1831,3470,18948,4529,18948,766,130
1831,3470,18949,4529,18949,766,130
1831,3470,18950,4529,18950,766,130
1831,3470,18951,4529,18951,766,130
1831,3470,18952,4529,18952,766,130
1831,3470,18953,4529,18953,766,130
1831,3470,18954,4529,18954,766,130
1831,3470,18955,4529,18955,766,130
1831,3470,18956,4529,18956,766,130
1832,3470,18957,4529,18957,766,130
1832,3470,18958,4529,18958,766,130
1832,3470,18959,4529,18959,766,130
1832,3470,18960,4529,18960,766,130
1833,3470,18961,4529,18961,766,130
1833,3470,18962,4529,18962,766,130
1833,3470,18963,4529,18963,766,130
1833,3470,18964,4529,18964,766,130
1833,3470,18965,4529,18965,766,130
1833,3470,18966,4529,18966,766,130
1833,3470,18967,4529,18967,766,130
1833,3470,18968,4529,18968,766,130
1834,3470,18969,4529,18969,766,130
1834,3470,18970,4529,18970,766,130
1834,3470,18971,4529,18971,766,130
1834,3470,18972,4529,18972,766,130
1834,3470,18973,4529,18973,766,130
1834,3470,18974,4529,18974,766,130
1834,3470,18975,4529,18975,766,130
1834,3470,18976,4529,18976,766,130
1834,3470,18977,4529,18977,766,130
1834,3470,18978,4529,18978,766,130
1834,3470,18979,4529,18979,766,130
1834,3470,18980,4529,18980,766,130
1834,3470,18981,4529,18981,766,130
1834,3470,18982,4529,18982,766,130
1833,3470,18983,4529,18983,766,130
1833,3470,18984,4529,18984,766,130
1832,3470,18985,4529,18985,766,130
1832,3470,18986,4529,18986,766,130
1832,3470,18987,4529,18987,766,130
1832,3470,18988,4529,18988,766,130
1832,3470,18989,4529,18989,766,130
1832,3470,18990,4529,18990,766,130
1832,3470,18991,4529,18991,766,130
1832,3470,18992,4529,18992,766,130
1830,3470,18993,4529,18993,766,128
1830,3470,18994,4529,18994,766,128
1830,3470,18995,4529,18995,766,128
1830,3470,18996,4529,18996,766,128
1830,3470,18997,4529,18997,766,128
1830,3470,18998,4529,18998,766,128
1830,3470,18999,4529,18999,766,128
1830,3470,19000,4529,19000,766,128
1830,3470,19001,4529,19001,766,128
1830,3470,19002,4529,19002,766,128
1830,3470,19003,4529,19003,766,128
1830,3470,19004,4529,19004,766,128
1831,3470,19005,4529,19005,766,128
1831,3470,19006,4529,19006,766,128
1831,3470,19007,4529,19007,766,128
1831,3470,19008,4529,19008,766,128
1831,3470,19009,4529,19009,766,128
1831,3470,19010,4529,19010,766,128
1831,3470,19011,4529,19011,766,128
1832,3470,19012,4529,19012,766,128
1831,3470,19013,4529,19013,766,128
1831,3470,19014,4529,19014,766,128
1831,3470,19015,4529,19015,766,128
1830,3470,19016,4529,19016,766,128
1830,3470,19017,4529,19017,766,128
1830,3470,19018,4529,19018,766,128
1830,3470,19019,4529,19019,766,128
1830,3470,19020,4529,19020,766,128
1830,3470,19021,4529,19021,766,128
1831,3470,19022,4529,19022,766,128
1831,3470,19023,4529,19023,766,128
1831,3470,19024,4529,19024,766,128
1831,3470,19025,4529,19025,766,128
1830,3470,19026,4529,19026,766,128
1830,3470,19027,4529,19027,766,128
1831,3470,19028,4529,19028,766,128
1831,3470,19029,4529,19029,766,128
1831,3470,19030,4529,19030,766,128
1831,3470,19031,4529,19031,766,128
1831,3470,19032,4529,19032,766,128
1830,3470,19033,4529,19033,766,128
1830,3470,19034,4529,19034,766,128
1830,3470,19035,4529,19035,766,128
1829,3470,19036,4529,19036,766,128
1829,3470,19037,4529,19037,766,128
1829,3470,19038,4529,19038,766,128
1829,3470,19039,4529,19039,766,128
1829,3470,19040,4529,19040,766,128
1829,3470,19041,4529,19041,766,128
1829,3470,19042,4529,19042,766,128
1829,3470,19043,4529,19043,766,128
1829,3470,19044,4529,19044,766,128
1829,3470,19045,4529,19045,766,128
1829,3470,19046,4529,19046,766,128
1827,3470,19047,4529,19047,766,128
1827,3470,19048,4529,19048,766,128
1826,3470,19049,4529,19049,766,128
1826,3470,19050,4529,19050,766,128
1826,3470,19051,4529,19051,766,128
1826,3470,19052,4529,19052,766,128
1826,3470,19053,4529,19053,766,128
1827,3470,19054,4529,19054,766,128
1827,3470,19055,4529,19055,766,128
1827,3470,19056,4529,19056,766,128
1828,3470,19057,4529,19057,766,128
1828,3470,19058,4529,19058,766,128
1828,3470,19059,4529,19059,766,128
1828,3470,19060,4529,19060,766,128
1828,3470,19061,4529,19061,766,128
1828,3470,19062,4529,19062,766,128
1828,3470,19063,4529,19063,766,128
1828,3470,19064,4529,19064,766,128
1828,3470,19065,4529,19065,766,128
1828,3470,19066,4529,19066,766,128
1829,3470,19067,4529,19067,766,128
1829,3470,19068,4529,19068,766,128
1829,3470,19069,4529,19069,766,128
1829,3470,19070,4529,19070,766,128
1829,3470,19071,4529,19071,766,128
1829,3470,19072,4529,19072,766,128
1829,3470,19073,4529,19073,766,128
1829,3470,19074,4529,19074,766,128
1829,3470,19075,4529,19075,766,128
1829,3470,19076,4529,19076,766,128
1830,3470,19077,4529,19077,766,128
1830,3470,19078,4529,19078,766,128
1830,3470,19079,4529,19079,766,128
1830,3470,19080,4529,19080,766,128
1830,3470,19081,4529,19081,766,128
1830,3470,19082,4529,19082,766,128
1830,3470,19083,4529,19083,766,128
1830,3470,19084,4529,19084,766,128
1830,3470,19085,4529,19085,766,128
1830,3470,19086,4529,19086,766,128
1830,3470,19087,4529,19087,766,128
1830,3470,19088,4529,19088,766,128
1830,3470,19089,4529,19089,766,128
1830,3470,19090,4529,19090,766,128
1829,3470,19091,4529,19091,766,128
1829,3470,19092,4529,19092,766,128
1829,3470,19093,4529,19093,766,128
1829,3470,19094,4529,19094,766,128
1829,3470,19095,4529,19095,766,128
1828,3470,19096,4529,19096,766,128
1828,3470,19097,4529,19097,766,128
1828,3470,19098,4529,19098,766,128
1828,3470,19099,4529,19099,766,128
1828,3470,19100,4529,19100,766,128
1827,3470,19101,4529,19101,766,128
1827,3470,19102,4529,19102,766,128
1826,3470,19103,4529,19103,766,128
1826,3470,19104,4529,19104,766,128
1826,3470,19105,4529,19105,766,128
1827,3470,19106,4529,19106,766,128
1827,3470,19107,4529,19107,766,128
1826,3470,19108,4529,19108,766,128
1825,3470,19109,4529,19109,766,128
1825,3470,19110,4529,19110,766,128
1825,3470,19111,4529,19111,766,128
1825,3470,19112,4529,19112,766,128
1825,3470,19113,4529,19113,766,128
1825,3470,19114,4529,19114,766,128
1825,3470,19115,4529,19115,766,128
1825,3470,19116,4529,19116,766,128
1825,3470,19117,4529,19117,766,128
1826,3470,19118,4529,19118,766,128
1826,3470,19119,4529,19119,766,128
1826,3470,19120,4529,19120,766,128
1825,3470,19121,4529,19121,766,128
1825,3470,19122,4529,19122,766,128
1826,3470,19123,4529,19123,766,128
1827,3470,19124,4529,19124,766,128
1827,3470,19125,4529,19125,766,128
1827,3470,19126,4529,19126,766,128
1827,3470,19127,4529,19127,766,128
1827,3470,19128,4529,19128,766,128
1827,3470,19129,4529,19129,766,128
1827,3470,19130,4529,19130,766,128
1827,3470,19131,4529,19131,766,128
1826,3470,19132,4529,19132,766,128
1825,3470,19133,4529,19133,766,128
1824,3470,19134,4529,19134,766,128
1824,3470,19135,4529,19135,766,128
1824,3470,19136,4529,19136,766,128
1823,3470,19137,4529,19137,766,128
1823,3470,19138,4529,19138,766,128
1823,3470,19139,4529,19139,766,128
1823,3470,19140,4529,19140,766,128
1823,3470,19141,4529,19141,766,128
1824,3470,19142,4529,19142,766,128
1824,3470,19143,4529,19143,766,128
1824,3470,19144,4529,19144,766,128
1824,3470,19145,4529,19145,766,128
1824,3470,19146,4529,19146,766,128
1823,3470,19147,4529,19147,766,128
1823,3470,19148,4529,19148,766,128
1823,3470,19149,4529,19149,766,128
1823,3470,19150,4529,19150,766,128
1823,3470,19151,4529,19151,766,128
1823,3470,19152,4529,19152,766,128
1823,3470,19153,4529,19153,766,128
1823,3470,19154,4529,19154,766,128
1823,3470,19155,4529,19155,766,128
1822,3470,19156,4529,19156,766,128
1821,3470,19157,4529,19157,766,128
1821,3470,19158,4529,19158,766,128
1821,3470,19159,4529,19159,766,128
1821,3470,19160,4529,19160,766,128
1821,3470,19161,4529,19161,766,128
1821,3470,19162,4529,19162,766,128
1821,3470,19163,4529,19163,766,128
1821,3470,19164,4529,19164,766,128
1821,3470,19165,4529,19165,766,128
1821,3470,19166,4529,19166,766,128
1820,3470,19167,4529,19167,766,128
1820,3470,19168,4529,19168,766,128
1820,3470,19169,4529,19169,766,128
1820,3470,19170,4529,19170,766,128
1820,3470,19171,4529,19171,766,128
1820,3470,19172,4529,19172,766,128
1820,3470,19173,4529,19173,766,128
1820,3470,19174,4529,19174,766,128
1819,3470,19175,4529,19175,766,127
1819,3470,19176,4529,19176,766,127
1819,3470,19177,4529,19177,766,127
1819,3470,19178,4529,19178,766,127
1819,3470,19179,4529,19179,766,127
1819,3470,19180,4529,19180,766,127
1820,3470,19181,4529,19181,766,127
1820,3470,19182,4529,19182,766,127
1820,3470,19183,4529,19183,766,127
1820,3470,19184,4529,19184,766,127
1820,3470,19185,4529,19185,766,127
1819,3470,19186,4529,19186,766,127
1819,3470,19187,4529,19187,766,127
1820,3470,19188,4529,19188,766,127
1821,3470,19189,4529,19189,766,127
1821,3470,19190,4529,19190,766,127
1820,3470,19191,4529,19191,766,126
1820,3470,19192,4529,19192,766,126
1820,3470,19193,4529,19193,766,126
1820,3470,19194,4529,19194,766,126
1819,3470,19195,4529,19195,766,126
1818,3470,19196,4529,19196,766,126
1818,3470,19197,4529,19197,766,126
1818,3470,19198,4529,19198,766,126
1818,3470,19199,4529,19199,766,126
1817,3470,19200,4529,19200,766,126
1817,3470,19201,4529,19201,766,126
1817,3470,19202,4529,19202,766,126
1818,3470,19203,4529,19203,766,126
1818,3470,19204,4529,19204,766,126
1818,3470,19205,4529,19205,766,126
1818,3470,19206,4529,19206,766,126
1818,3470,19207,4529,19207,766,126
1818,3470,19208,4529,19208,766,126
1819,3470,19209,4529,19209,766,126
1819,3470,19210,4529,19210,766,126
1817,3470,19211,4529,19211,766,126
1817,3470,19212,4529,19212,766,126
1816,3470,19213,4529,19213,766,126
1816,3470,19214,4529,19214,766,126
1816,3470,19215,4529,19215,766,126
1816,3470,19216,4529,19216,766,126
1816,3470,19217,4529,19217,766,126
1816,3470,19218,4529,19218,766,126
1816,3470,19219,4529,19219,766,126
1815,3470,19220,4529,19220,766,126
1815,3470,19221,4529,19221,766,126
1816,3470,19222,4529,19222,766,126
1816,3470,19223,4529,19223,766,126
1816,3470,19224,4529,19224,766,126
1816,3470,19225,4529,19225,766,126
1816,3470,19226,4529,19226,766,126
1816,3470,19227,4529,19227,766,126
1816,3470,19228,4529,19228,766,126
1816,3470,19229,4529,19229,766,126
1816,3470,19230,4529,19230,766,126
1816,3470,19231,4529,19231,766,126
1816,3470,19232,4529,19232,766,126
1816,3470,19233,4529,19233,766,126
1816,3470,19234,4529,19234,766,126
1816,3470,19235,4529,19235,766,126
1816,3470,19236,4529,19236,766,126
1816,3470,19237,4529,19237,766,126
1816,3470,19238,4529,19238,766,126
1816,3470,19239,4529,19239,766,126
1816,3470,19240,4529,19240,766,126
1815,3470,19241,4529,19241,766,126
1815,3470,19242,4529,19242,766,126
1815,3470,19243,4529,19243,766,126
1814,3470,19244,4529,19244,766,126
1814,3470,19245,4529,19245,766,126
1814,3470,19246,4529,19246,766,126
1814,3470,19247,4529,19247,766,126
1814,3470,19248,4529,19248,766,126
1814,3470,19249,4529,19249,766,126
1813,3470,19250,4529,19250,766,125
1813,3470,19251,4529,19251,766,125
1813,3470,19252,4529,19252,766,125
1813,3470,19253,4529,19253,766,125
1813,3470,19254,4529,19254,766,125
1813,3470,19255,4529,19255,766,125
1813,3470,19256,4529,19256,766,125
1813,3470,19257,4529,19257,766,125
1813,3470,19258,4529,19258,766,125
1813,3470,19259,4529,19259,766,125
1813,3470,19260,4529,19260,766,125
1813,3470,19261,4529,19261,766,125
1813,3470,19262,4529,19262,766,125
1813,3470,19263,4529,19263,766,125
1813,3470,19264,4529,19264,766,125
1813,3470,19265,4529,19265,766,125
1813,3470,19266,4529,19266,766,125
1813,3470,19267,4529,19267,766,125
1813,3470,19268,4529,19268,766,125
1813,3470,19269,4529,19269,766,125
1813,3470,19270,4529,19270,766,125
1813,3470,19271,4529,19271,766,125
1813,3470,19272,4529,19272,766,125
1813,3470,19273,4529,19273,766,125
1813,3470,19274,4529,19274,766,125
1813,3470,19275,4529,19275,766,125
1813,3470,19276,4529,19276,766,125
1813,3470,19277,4529,19277,766,125
1813,3470,19278,4529,19278,766,125
1813,3470,19279,4529,19279,766,125
1813,3470,19280,4529,19280,766,125
1813,3470,19281,4529,19281,766,125
1813,3470,19282,4529,19282,766,125
1813,3470,19283,4529,19283,766,125
1813,3470,19284,4529,19284,766,125
1813,3470,19285,4529,19285,766,125
1814,3470,19286,4529,19286,766,125
1813,3470,19287,4529,19287,766,125
1813,3470,19288,4529,19288,766,125
1813,3470,19289,4529,19289,766,125
1813,3470,19290,4529,19290,766,125
1813,3470,19291,4529,19291,766,125
1812,3470,19292,4529,19292,766,125
1812,3470,19293,4529,19293,766,125
1812,3470,19294,4529,19294,766,125
1812,3470,19295,4529,19295,766,125
1812,3470,19296,4529,19296,766,125
1812,3470,19297,4529,19297,766,125
1812,3470,19298,4529,19298,766,125
1812,3470,19299,4529,19299,766,125
1810,3470,19300,4529,19300,766,124
1808,3470,19301,4529,19301,766,124
1809,3470,19302,4529,19302,766,124
1809,3470,19303,4529,19303,766,124
1809,3470,19304,4529,19304,766,124
1809,3470,19305,4529,19305,766,124
1809,3470,19306,4529,19306,766,124
1809,3470,19307,4529,19307,766,124
1809,3470,19308,4529,19308,766,124
1809,3470,19309,4529,19309,766,124
1809,3470,19310,4529,19310,766,124
1809,3470,19311,4529,19311,766,124
1809,3470,19312,4529,19312,766,124
1809,3470,19313,4529,19313,766,124
1809,3470,19314,4529,19314,766,124
1809,3470,19315,4529,19315,766,124
1809,3470,19316,4529,19316,766,124
1809,3470,19317,4529,19317,766,124
1809,3470,19318,4529,19318,766,124
1809,3470,19319,4529,19319,766,124
1809,3470,19320,4529,19320,766,124
1809,3470,19321,4529,19321,766,124
1809,3470,19322,4529,19322,766,124
1809,3470,19323,4529,19323,766,124
1809,3470,19324,4529,19324,766,124
1809,3470,19325,4529,19325,766,124
1808,3470,19326,4529,19326,766,124
1807,3470,19327,4529,19327,766,124
1807,3470,19328,4529,19328,766,124
1807,3470,19329,4529,19329,766,124
1808,3470,19330,4529,19330,766,124
1808,3470,19331,4529,19331,766,124
1808,3470,19332,4529,19332,766,124
1808,3470,19333,4529,19333,766,124
1809,3470,19334,4529,19334,766,124
1810,3470,19335,4529,19335,766,124
1810,3470,19336,4529,19336,766,124
1810,3470,19337,4529,19337,766,124
1810,3470,19338,4529,19338,766,124
1809,3470,19339,4529,19339,766,124
1809,3470,19340,4529,19340,766,124
1809,3470,19341,4529,19341,766,124
1809,3470,19342,4529,19342,766,124
1809,3470,19343,4529,19343,766,124
1810,3470,19344,4529,19344,766,124
1810,3470,19345,4529,19345,766,124
1809,3470,19346,4529,19346,766,124
1808,3470,19347,4529,19347,766,124
1808,3470,19348,4529,19348,766,124
1808,3470,19349,4529,19349,766,124
1808,3470,19350,4529,19350,766,124
1808,3470,19351,4529,19351,766,124
1808,3470,19352,4529,19352,766,124
1805,3470,19353,4529,19353,766,124
1805,3470,19354,4529,19354,766,124
1805,3470,19355,4529,19355,766,124
1805,3470,19356,4529,19356,766,124
1805,3470,19357,4529,19357,766,124
1805,3470,19358,4529,19358,766,124
1805,3470,19359,4529,19359,766,124
1805,3470,19360,4529,19360,766,124
1804,3470,19361,4529,19361,766,124
1805,3470,19362,4529,19362,766,124
1805,3470,19363,4529,19363,766,124
1805,3470,19364,4529,19364,766,124
1805,3470,19365,4529,19365,766,124
1805,3470,19366,4529,19366,766,124
1805,3470,19367,4529,19367,766,124
1805,3470,19368,4529,19368,766,124
1804,3470,19369,4529,19369,766,124
1805,3470,19370,4529,19370,766,124
1805,3470,19371,4529,19371,766,124
1805,3470,19372,4529,19372,766,124
1805,3470,19373,4529,19373,766,124
1805,3470,19374,4529,19374,766,124
1805,3470,19375,4529,19375,766,124
1805,3470,19376,4529,19376,766,124
1804,3470,19377,4529,19377,766,124
1804,3470,19378,4529,19378,766,124
1804,3470,19379,4529,19379,766,124
1804,3470,19380,4529,19380,766,124
1804,3470,19381,4529,19381,766,124
1804,3470,19382,4529,19382,766,124
1804,3470,19383,4529,19383,766,124
1804,3470,19384,4529,19384,766,124
1804,3470,19385,4529,19385,766,124
1803,3470,19386,4529,19386,766,124
1803,3470,19387,4529,19387,766,124
1804,3470,19388,4529,19388,766,124
1804,3470,19389,4529,19389,766,124
1804,3470,19390,4529,19390,766,124
1804,3470,19391,4529,19391,766,124
1804,3470,19392,4529,19392,766,124
1804,3470,19393,4529,19393,766,124
1804,3470,19394,4529,19394,766,124
1804,3470,19395,4529,19395,766,124
1804,3470,19396,4529,19396,766,124
1804,3470,19397,4529,19397,766,124
1804,3470,19398,4529,19398,766,124
1805,3470,19399,4529,19399,766,124
1805,3470,19400,4529,19400,766,124
1805,3470,19401,4529,19401,766,124
1805,3470,19402,4529,19402,766,124
1806,3470,19403,4529,19403,766,124
1806,3470,19404,4529,19404,766,124
1807,3470,19405,4529,19405,766,124
1807,3470,19406,4529,19406,766,124
1807,3470,19407,4529,19407,766,124
1807,3470,19408,4529,19408,766,124
1807,3470,19409,4529,19409,766,124
1807,3470,19410,4529,19410,766,124
1807,3470,19411,4529,19411,766,124
1807,3470,19412,4529,19412,766,124
1807,3470,19413,4529,19413,766,124
1807,3470,19414,4529,19414,766,124
1807,3470,19415,4529,19415,766,124
1807,3470,19416,4529,19416,766,124
1807,3470,19417,4529,19417,766,124
1807,3470,19418,4529,19418,766,124
1807,3470,19419,4529,19419,766,124
1806,3470,19420,4529,19420,766,124
1806,3470,19421,4529,19421,766,124
1806,3470,19422,4529,19422,766,124
1806,3470,19423,4529,19423,766,124
1806,3470,19424,4529,19424,766,124
1806,3470,19425,4529,19425,766,124
1806,3470,19426,4529,19426,766,124
1806,3470,19427,4529,19427,766,124
1806,3470,19428,4529,19428,766,124
1806,3470,19429,4529,19429,766,124
1806,3470,19430,4529,19430,766,124
1806,3470,19431,4529,19431,766,124
1805,3470,19432,4529,19432,766,124
1806,3470,19433,4529,19433,766,124
1805,3470,19434,4529,19434,766,124
1805,3470,19435,4529,19435,766,124
1805,3470,19436,4529,19436,766,124
1805,3470,19437,4529,19437,766,124
1805,3470,19438,4529,19438,766,124
1805,3470,19439,4529,19439,766,124
1805,3470,19440,4529,19440,766,124
1804,3470,19441,4529,19441,766,124
1805,3470,19442,4529,19442,766,124
1805,3470,19443,4529,19443,766,124
1805,3470,19444,4529,19444,766,124
1805,3470,19445,4529,19445,766,124
1805,3470,19446,4529,19446,766,124
1805,3470,19447,4529,19447,766,124
1805,3470,19448,4529,19448,766,124
1805,3470,19449,4529,19449,766,124
1805,3470,19450,4529,19450,766,124
1805,3470,19451,4529,19451,766,124
1805,3470,19452,4529,19452,766,124
1805,3470,19453,4529,19453,766,124
1806,3470,19454,4529,19454,766,124
1806,3470,19455,4529,19455,766,124
1807,3470,19456,4529,19456,766,124
1805,3470,19457,4529,19457,766,123
1805,3470,19458,4529,19458,766,123
1805,3470,19459,4529,19459,766,123
1805,3470,19460,4529,19460,766,123
1805,3470,19461,4529,19461,766,123
1803,3470,19462,4529,19462,766,123
1803,3470,19463,4529,19463,766,123
1801,3470,19464,4529,19464,766,123
1801,3470,19465,4529,19465,766,123
1800,3470,19466,4529,19466,766,123
1800,3470,19467,4529,19467,766,123
1800,3470,19468,4529,19468,766,123
1800,3470,19469,4529,19469,766,123
1800,3470,19470,4529,19470,766,123
1800,3470,19471,4529,19471,766,123
1800,3470,19472,4529,19472,766,123
1800,3470,19473,4529,19473,766,123
1800,3470,19474,4529,19474,766,123
1799,3470,19475,4529,19475,766,123
1799,3470,19476,4529,19476,766,123
1799,3470,19477,4529,19477,766,123
1799,3470,19478,4529,19478,766,123
1799,3470,19479,4529,19479,766,123
1798,3470,19480,4529,19480,766,123
1798,3470,19481,4529,19481,766,123
1798,3470,19482,4529,19482,766,123
1798,3470,19483,4529,19483,766,123
1797,3470,19484,4529,19484,766,123
1797,3470,19485,4529,19485,766,123
1798,3470,19486,4529,19486,766,123
1798,3470,19487,4529,19487,766,123
1798,3470,19488,4529,19488,766,123
1798,3470,19489,4529,19489,766,123
1798,3470,19490,4529,19490,766,123
1798,3470,19491,4529,19491,766,123
1799,3470,19492,4529,19492,766,123
1799,3470,19493,4529,19493,766,123
1799,3470,19494,4529,19494,766,123
1799,3470,19495,4529,19495,766,123
1799,3470,19496,4529,19496,766,123
1799,3470,19497,4529,19497,766,123
1800,3470,19498,4529,19498,766,123
1800,3470,19499,4529,19499,766,123
1799,3470,19500,4529,19500,766,123
1799,3470,19501,4529,19501,766,123
1799,3470,19502,4529,19502,766,123
1799,3470,19503,4529,19503,766,123
1799,3470,19504,4529,19504,766,123
1799,3470,19505,4529,19505,766,123
1799,3470,19506,4529,19506,766,123
1799,3470,19507,4529,19507,766,123
1799,3470,19508,4529,19508,766,123
1798,3470,19509,4529,19509,766,122
1798,3470,19510,4529,19510,766,122
1798,3470,19511,4529,19511,766,122
1798,3470,19512,4529,19512,766,122
1799,3470,19513,4529,19513,766,122
1799,3470,19514,4529,19514,766,122
1799,3470,19515,4529,19515,766,122
1799,3470,19516,4529,19516,766,122
1799,3470,19517,4529,19517,766,122
1799,3470,19518,4529,19518,766,122
1799,3470,19519,4529,19519,766,122
1799,3470,19520,4529,19520,766,122
1797,3470,19521,4529,19521,766,122
1797,3470,19522,4529,19522,766,122
1798,3470,19523,4529,19523,766,122
1798,3470,19524,4529,19524,766,122
1798,3470,19525,4529,19525,766,122
1798,3470,19526,4529,19526,766,122
1798,3470,19527,4529,19527,766,122
1798,3470,19528,4529,19528,766,122
1798,3470,19529,4529,19529,766,122
1798,3470,19530,4529,19530,766,122
1798,3470,19531,4529,19531,766,122
1798,3470,19532,4529,19532,766,122
1798,3470,19533,4529,19533,766,122
1798,3470,19534,4529,19534,766,122
1799,3470,19535,4529,19535,766,122
1799,3470,19536,4529,19536,766,122
1800,3470,19537,4529,19537,766,122
1799,3470,19538,4529,19538,766,122
1799,3470,19539,4529,19539,766,122
1799,3470,19540,4529,19540,766,122
1799,3470,19541,4529,19541,766,122
1799,3470,19542,4529,19542,766,122
1799,3470,19543,4529,19543,766,122
1799,3470,19544,4529,19544,766,122
1799,3470,19545,4529,19545,766,122
1799,3470,19546,4529,19546,766,122
1799,3470,19547,4529,19547,766,122
1799,3470,19548,4529,19548,766,122
1799,3470,19549,4529,19549,766,122
1799,3470,19550,4529,19550,766,122
1799,3470,19551,4529,19551,766,122
1799,3470,19552,4529,19552,766,122
1799,3470,19553,4529,19553,766,122
1799,3470,19554,4529,19554,766,122
1799,3470,19555,4529,19555,766,122
1799,3470,19556,4529,19556,766,122
1799,3470,19557,4529,19557,766,122
1799,3470,19558,4529,19558,766,122
1799,3470,19559,4529,19559,766,122
1799,3470,19560,4529,19560,766,122
1799,3470,19561,4529,19561,766,122
1799,3470,19562,4529,19562,766,122
1800,3470,19563,4529,19563,766,122
1799,3470,19564,4529,19564,766,122
1799,3470,19565,4529,19565,766,122
1799,3470,19566,4529,19566,766,122
1799,3470,19567,4529,19567,766,122
1798,3470,19568,4529,19568,766,122
1798,3470,19569,4529,19569,766,122
1798,3470,19570,4529,19570,766,122
1798,3470,19571,4529,19571,766,122
1799,3470,19572,4529,19572,766,122
1799,3470,19573,4529,19573,766,122
1797,3470,19574,4529,19574,766,122
1797,3470,19575,4529,19575,766,122
1798,3470,19576,4529,19576,766,122
1798,3470,19577,4529,19577,766,122
1798,3470,19578,4529,19578,766,122
1798,3470,19579,4529,19579,766,122
1798,3470,19580,4529,19580,766,122
1798,3470,19581,4529,19581,766,122
1797,3470,19582,4529,19582,766,122
1797,3470,19583,4529,19583,766,122
1797,3470,19584,4529,19584,766,122
1797,3470,19585,4529,19585,766,122
1797,3470,19586,4529,19586,766,122
1797,3470,19587,4529,19587,766,122
1796,3470,19588,4529,19588,766,122
1796,3470,19589,4529,19589,766,122
1796,3470,19590,4529,19590,766,122
1796,3470,19591,4529,19591,766,122
1796,3470,19592,4529,19592,766,122
1796,3470,19593,4529,19593,766,122
1796,3470,19594,4529,19594,766,122
1796,3470,19595,4529,19595,766,122
1795,3470,19596,4529,19596,766,122
1795,3470,19597,4529,19597,766,122
1795,3470,19598,4529,19598,766,122
1795,3470,19599,4529,19599,766,122
1796,3470,19600,4529,19600,766,122
1795,3470,19601,4529,19601,766,122
1795,3470,19602,4529,19602,766,122
1795,3470,19603,4529,19603,766,122
1795,3470,19604,4529,19604,766,122
1795,3470,19605,4529,19605,766,122
1795,3470,19606,4529,19606,766,122
1795,3470,19607,4529,19607,766,122
1795,3470,19608,4529,19608,766,122
1795,3470,19609,4529,19609,766,122
1795,3470,19610,4529,19610,766,122
1795,3470,19611,4529,19611,766,122
1795,3470,19612,4529,19612,766,122
1795,3470,19613,4529,19613,766,122
1795,3470,19614,4529,19614,766,122
1795,3470,19615,4529,19615,766,122
1795,3470,19616,4529,19616,766,122
1795,3470,19617,4529,19617,766,122
1795,3470,19618,4529,19618,766,122
1795,3470,19619,4529,19619,766,122
1795,3470,19620,4529,19620,766,122
1795,3470,19621,4529,19621,766,122
1795,3470,19622,4529,19622,766,122
1795,3470,19623,4529,19623,766,122
1795,3470,19624,4529,19624,766,122
1795,3470,19625,4529,19625,766,122
1794,3470,19626,4529,19626,766,121
1794,3470,19627,4529,19627,766,121
1794,3470,19628,4529,19628,766,121
1794,3470,19629,4529,19629,766,121
1794,3470,19630,4529,19630,766,121
1794,3470,19631,4529,19631,766,121
1794,3470,19632,4529,19632,766,121
1794,3470,19633,4529,19633,766,121
1795,3470,19634,4529,19634,766,121
1795,3470,19635,4529,19635,766,121
1796,3470,19636,4529,19636,766,121
1796,3470,19637,4529,19637,766,121
1796,3470,19638,4529,19638,766,121
1796,3470,19639,4529,19639,766,121
1796,3470,19640,4529,19640,766,121
1796,3470,19641,4529,19641,766,121
1796,3470,19642,4529,19642,766,121
1796,3470,19643,4529,19643,766,121
1797,3470,19644,4529,19644,766,121
1798,3470,19645,4529,19645,766,121
1798,3470,19646,4529,19646,766,121
1798,3470,19647,4529,19647,766,121
1798,3470,19648,4529,19648,766,121
1798,3470,19649,4529,19649,766,121
1798,3470,19650,4529,19650,766,121
1798,3470,19651,4529,19651,766,121
1798,3470,19652,4529,19652,766,121
1798,3470,19653,4529,19653,766,121
1797,3470,19654,4529,19654,766,121
1797,3470,19655,4529,19655,766,121
1798,3470,19656,4529,19656,766,121
1797,3470,19657,4529,19657,766,121
1797,3470,19658,4529,19658,766,121
1797,3470,19659,4529,19659,766,121
1797,3470,19660,4529,19660,766,121
1797,3470,19661,4529,19661,766,121
1797,3470,19662,4529,19662,766,121
1797,3470,19663,4529,19663,766,121
1797,3470,19664,4529,19664,766,121
1797,3470,19665,4529,19665,766,121
1797,3470,19666,4529,19666,766,121
1797,3470,19667,4529,19667,766,121
1797,3470,19668,4529,19668,766,121
1798,3470,19669,4529,19669,766,121
1798,3470,19670,4529,19670,766,121
1798,3470,19671,4529,19671,766,121
1798,3470,19672,4529,19672,766,121
1798,3470,19673,4529,19673,766,121
1798,3470,19674,4529,19674,766,121
1798,3470,19675,4529,19675,766,121
1798,3470,19676,4529,19676,766,121
1798,3470,19677,4529,19677,766,121
1798,3470,19678,4529,19678,766,121
1798,3470,19679,4529,19679,766,121
1798,3470,19680,4529,19680,766,121
1799,3470,19681,4529,19681,766,121
1799,3470,19682,4529,19682,766,121
1799,3470,19683,4529,19683,766,121
1799,3470,19684,4529,19684,766,121
1799,3470,19685,4529,19685,766,121
1799,3470,19686,4529,19686,766,121
1798,3470,19687,4529,19687,766,121
1798,3470,19688,4529,19688,766,121
1798,3470,19689,4529,19689,766,121
1798,3470,19690,4529,19690,766,121
1798,3470,19691,4529,19691,766,121
1797,3470,19692,4529,19692,766,121
1798,3470,19693,4529,19693,766,121
1798,3470,19694,4529,19694,766,121
1798,3470,19695,4529,19695,766,121
1798,3470,19696,4529,19696,766,121
1798,3470,19697,4529,19697,766,121
1798,3470,19698,4529,19698,766,121
1798,3470,19699,4529,19699,766,121
1798,3470,19700,4529,19700,766,121
1798,3470,19701,4529,19701,766,121
1798,3470,19702,4529,19702,766,121
1798,3470,19703,4529,19703,766,121
1798,3470,19704,4529,19704,766,121
1798,3470,19705,4529,19705,766,121
1798,3470,19706,4529,19706,766,121
1798,3470,19707,4529,19707,766,121
1798,3470,19708,4529,19708,766,121
1798,3470,19709,4529,19709,766,121
1798,3470,19710,4529,19710,766,121
1798,3470,19711,4529,19711,766,121
1798,3470,19712,4529,19712,766,121
1798,3470,19713,4529,19713,766,121
1797,3470,19714,4529,19714,766,121
1797,3470,19715,4529,19715,766,121
1798,3470,19716,4529,19716,766,121
1798,3470,19717,4529,19717,766,121
1798,3470,19718,4529,19718,766,121
1798,3470,19719,4529,19719,766,121
1798,3470,19720,4529,19720,766,121
1798,3470,19721,4529,19721,766,121
1798,3470,19722,4529,19722,766,121
1798,3470,19723,4529,19723,766,121
1798,3470,19724,4529,19724,766,121
1798,3470,19725,4529,19725,766,121
1799,3470,19726,4529,19726,766,121
1799,3470,19727,4529,19727,766,121
1799,3470,19728,4529,19728,766,121
1799,3470,19729,4529,19729,766,121
1799,3470,19730,4529,19730,766,121
1799,3470,19731,4529,19731,766,121
1799,3470,19732,4529,19732,766,121
1797,3470,19733,4529,19733,766,120
1797,3470,19734,4529,19734,766,120
1797,3470,19735,4529,19735,766,120
1797,3470,19736,4529,19736,766,120
1796,3470,19737,4529,19737,766,120
1796,3470,19738,4529,19738,766,120
1796,3470,19739,4529,19739,766,120
1796,3470,19740,4529,19740,766,120
1795,3470,19741,4529,19741,766,119
1795,3470,19742,4529,19742,766,119
1795,3470,19743,4529,19743,766,119
1795,3470,19744,4529,19744,766,119
1795,3470,19745,4529,19745,766,119
1795,3470,19746,4529,19746,766,119
1795,3470,19747,4529,19747,766,119
1794,3470,19748,4529,19748,766,118
1794,3470,19749,4529,19749,766,118
1794,3470,19750,4529,19750,766,118
1793,3470,19751,4529,19751,766,118
1793,3470,19752,4529,19752,766,118
1793,3470,19753,4529,19753,766,118
1793,3470,19754,4529,19754,766,118
1793,3470,19755,4529,19755,766,118
1793,3470,19756,4529,19756,766,118
1793,3470,19757,4529,19757,766,118
1793,3470,19758,4529,19758,766,118
1791,3470,19759,4529,19759,766,118
1791,3470,19760,4529,19760,766,118
1791,3470,19761,4529,19761,766,118
1791,3470,19762,4529,19762,766,118
1790,3470,19763,4529,19763,766,118
1790,3470,19764,4529,19764,766,118
1790,3470,19765,4529,19765,766,118
1790,3470,19766,4529,19766,766,118
1790,3470,19767,4529,19767,766,118
1791,3470,19768,4529,19768,766,118
1791,3470,19769,4529,19769,766,118
1790,3470,19770,4529,19770,766,118
1790,3470,19771,4529,19771,766,118
1790,3470,19772,4529,19772,766,118
1790,3470,19773,4529,19773,766,118
1789,3470,19774,4529,19774,766,118
1789,3470,19775,4529,19775,766,118
1789,3470,19776,4529,19776,766,118
1789,3470,19777,4529,19777,766,118
1789,3470,19778,4529,19778,766,118
1789,3470,19779,4529,19779,766,118
1789,3470,19780,4529,19780,766,118
1789,3470,19781,4529,19781,766,118
1789,3470,19782,4529,19782,766,118
1789,3470,19783,4529,19783,766,118
1789,3470,19784,4529,19784,766,118
1789,3470,19785,4529,19785,766,118
1788,3470,19786,4529,19786,766,118
1788,3470,19787,4529,19787,766,118
1788,3470,19788,4529,19788,766,118
1788,3470,19789,4529,19789,766,118
1788,3470,19790,4529,19790,766,118
1788,3470,19791,4529,19791,766,118
1789,3470,19792,4529,19792,766,118
1789,3470,19793,4529,19793,766,118
1788,3470,19794,4529,19794,766,118
1788,3470,19795,4529,19795,766,118
1788,3470,19796,4529,19796,766,118
1788,3470,19797,4529,19797,766,118
1788,3470,19798,4529,19798,766,118
1788,3470,19799,4529,19799,766,118
1788,3470,19800,4529,19800,766,118
1788,3470,19801,4529,19801,766,118
1788,3470,19802,4529,19802,766,118
1788,3470,19803,4529,19803,766,118
1787,3470,19804,4529,19804,766,118
1787,3470,19805,4529,19805,766,118
1787,3470,19806,4529,19806,766,118
1786,3470,19807,4529,19807,766,118
1786,3470,19808,4529,19808,766,118
1786,3470,19809,4529,19809,766,118
1786,3470,19810,4529,19810,766,118
1786,3470,19811,4529,19811,766,118
1785,3470,19812,4529,19812,766,118
1785,3470,19813,4529,19813,766,118
1785,3470,19814,4529,19814,766,118
1785,3470,19815,4529,19815,766,118
1785,3470,19816,4529,19816,766,118
1785,3470,19817,4529,19817,766,118
1786,3470,19818,4529,19818,766,118
1786,3470,19819,4529,19819,766,118
1786,3470,19820,4529,19820,766,118
1786,3470,19821,4529,19821,766,118
1786,3470,19822,4529,19822,766,118
1784,3470,19823,4529,19823,766,118
1784,3470,19824,4529,19824,766,118
1784,3470,19825,4529,19825,766,118
1784,3470,19826,4529,19826,766,118
1784,3470,19827,4529,19827,766,118
1784,3470,19828,4529,19828,766,118
1784,3470,19829,4529,19829,766,118
1784,3470,19830,4529,19830,766,118
1784,3470,19831,4529,19831,766,118
1784,3470,19832,4529,19832,766,118
1784,3470,19833,4529,19833,766,118
1784,3470,19834,4529,19834,766,118
1784,3470,19835,4529,19835,766,118
1784,3470,19836,4529,19836,766,118
1784,3470,19837,4529,19837,766,118
1785,3470,19838,4529,19838,766,118
1785,3470,19839,4529,19839,766,118
1785,3470,19840,4529,19840,766,118
1785,3470,19841,4529,19841,766,118
1785,3470,19842,4529,19842,766,118
1785,3470,19843,4529,19843,766,118
1784,3470,19844,4529,19844,766,118
1784,3470,19845,4529,19845,766,118
1783,3470,19846,4529,19846,766,118
1782,3470,19847,4529,19847,766,117
1782,3470,19848,4529,19848,766,117
1782,3470,19849,4529,19849,766,117
1782,3470,19850,4529,19850,766,117
1782,3470,19851,4529,19851,766,117
1783,3470,19852,4529,19852,766,117
1783,3470,19853,4529,19853,766,117
1783,3470,19854,4529,19854,766,117
1783,3470,19855,4529,19855,766,117
1782,3470,19856,4529,19856,766,117
1781,3470,19857,4529,19857,766,117
1781,3470,19858,4529,19858,766,117
1781,3470,19859,4529,19859,766,117
1781,3470,19860,4529,19860,766,117
1781,3470,19861,4529,19861,766,117
1781,3470,19862,4529,19862,766,117
1782,3470,19863,4529,19863,766,117
1782,3470,19864,4529,19864,766,117
1782,3470,19865,4529,19865,766,117
1782,3470,19866,4529,19866,766,117
1782,3470,19867,4529,19867,766,117
1781,3470,19868,4529,19868,766,117
1781,3470,19869,4529,19869,766,117
1782,3470,19870,4529,19870,766,117
1782,3470,19871,4529,19871,766,117
1782,3470,19872,4529,19872,766,117
1782,3470,19873,4529,19873,766,117
1782,3470,19874,4529,19874,766,117
1782,3470,19875,4529,19875,766,117
1782,3470,19876,4529,19876,766,117
1781,3470,19877,4529,19877,766,116
1781,3470,19878,4529,19878,766,116
1781,3470,19879,4529,19879,766,116
1781,3470,19880,4529,19880,766,116
1781,3470,19881,4529,19881,766,116
1782,3470,19882,4529,19882,766,116
1782,3470,19883,4529,19883,766,116
1780,3470,19884,4529,19884,766,116
1780,3470,19885,4529,19885,766,116
1780,3470,19886,4529,19886,766,116
1780,3470,19887,4529,19887,766,116
1780,3470,19888,4529,19888,766,116
1780,3470,19889,4529,19889,766,116
1780,3470,19890,4529,19890,766,116
1781,3470,19891,4529,19891,766,116
1781,3470,19892,4529,19892,766,116
1781,3470,19893,4529,19893,766,116
1781,3470,19894,4529,19894,766,116
1780,3470,19895,4529,19895,766,115
1780,3470,19896,4529,19896,766,115
1780,3470,19897,4529,19897,766,115
1780,3470,19898,4529,19898,766,115
1780,3470,19899,4529,19899,766,115
1780,3470,19900,4529,19900,766,115
1780,3470,19901,4529,19901,766,115
1780,3470,19902,4529,19902,766,115
1779,3470,19903,4529,19903,766,115
1779,3470,19904,4529,19904,766,115
1779,3470,19905,4529,19905,766,115
1779,3470,19906,4529,19906,766,115
1780,3470,19907,4529,19907,766,115
1780,3470,19908,4529,19908,766,115
1780,3470,19909,4529,19909,766,115
1780,3470,19910,4529,19910,766,115
1780,3470,19911,4529,19911,766,115
1780,3470,19912,4529,19912,766,115
1780,3470,19913,4529,19913,766,115
1780,3470,19914,4529,19914,766,115
1780,3470,19915,4529,19915,766,115
1780,3470,19916,4529,19916,766,115
1780,3470,19917,4529,19917,766,115
1780,3470,19918,4529,19918,766,115
1780,3470,19919,4529,19919,766,115
1781,3470,19920,4529,19920,766,115
1781,3470,19921,4529,19921,766,115
1781,3470,19922,4529,19922,766,115
1781,3470,19923,4529,19923,766,115
1781,3470,19924,4529,19924,766,115
1781,3470,19925,4529,19925,766,115
1781,3470,19926,4529,19926,766,115
1780,3470,19927,4529,19927,766,115
1779,3470,19928,4529,19928,766,115
1779,3470,19929,4529,19929,766,115
1779,3470,19930,4529,19930,766,115
1779,3470,19931,4529,19931,766,115
1778,3470,19932,4529,19932,766,115
1778,3470,19933,4529,19933,766,115
1778,3470,19934,4529,19934,766,115
1777,3470,19935,4529,19935,766,115
1776,3470,19936,4529,19936,766,115
1776,3470,19937,4529,19937,766,115
1774,3470,19938,4529,19938,766,115
1774,3470,19939,4529,19939,766,115
1774,3470,19940,4529,19940,766,115
1774,3470,19941,4529,19941,766,115
1774,3470,19942,4529,19942,766,115
1774,3470,19943,4529,19943,766,115
1774,3470,19944,4529,19944,766,115
1774,3470,19945,4529,19945,766,115
1774,3470,19946,4529,19946,766,115
1774,3470,19947,4529,19947,766,115
1774,3470,19948,4529,19948,766,115
1774,3470,19949,4529,19949,766,115
1775,3470,19950,4529,19950,766,115
1775,3470,19951,4529,19951,766,115
1775,3470,19952,4529,19952,766,115
1775,3470,19953,4529,19953,766,115
1776,3470,19954,4529,19954,766,115
1776,3470,19955,4529,19955,766,115
1776,3470,19956,4529,19956,766,115
1777,3470,19957,4529,19957,766,115
1777,3470,19958,4529,19958,766,115
1777,3470,19959,4529,19959,766,115
1777,3470,19960,4529,19960,766,115
1777,3470,19961,4529,19961,766,115
1778,3470,19962,4529,19962,766,115
1778,3470,19963,4529,19963,766,115
1778,3470,19964,4529,19964,766,115
1778,3470,19965,4529,19965,766,115
1778,3470,19966,4529,19966,766,115
1778,3470,19967,4529,19967,766,115
1778,3470,19968,4529,19968,766,115
1778,3470,19969,4529,19969,766,115
1779,3470,19970,4529,19970,766,115
1779,3470,19971,4529,19971,766,115
1778,3470,19972,4529,19972,766,115
1778,3470,19973,4529,19973,766,115
1778,3470,19974,4529,19974,766,115
1778,3470,19975,4529,19975,766,115
1778,3470,19976,4529,19976,766,115
1779,3470,19977,4529,19977,766,115
1779,3470,19978,4529,19978,766,115
1779,3470,19979,4529,19979,766,115
1778,3470,19980,4529,19980,766,115
1777,3470,19981,4529,19981,766,115
1777,3470,19982,4529,19982,766,115
1777,3470,19983,4529,19983,766,115
1777,3470,19984,4529,19984,766,115
1777,3470,19985,4529,19985,766,115
1777,3470,19986,4529,19986,766,115
1777,3470,19987,4529,19987,766,115
1777,3470,19988,4529,19988,766,115
1777,3470,19989,4529,19989,766,115
1777,3470,19990,4529,19990,766,115
1777,3470,19991,4529,19991,766,115
1775,3470,19992,4529,19992,766,115
1775,3470,19993,4529,19993,766,115
1775,3470,19994,4529,19994,766,115
1775,3470,19995,4529,19995,766,115
1775,3470,19996,4529,19996,766,115
1775,3470,19997,4529,19997,766,115
1775,3470,19998,4529,19998,766,115
1775,3470,19999,4529,19999,766,115
1776,3470,20000,4529,20000,766,115
1775,3470,20001,4529,20001,766,114
1775,3470,20002,4529,20002,766,114
1775,3470,20003,4529,20003,766,114
1775,3470,20004,4529,20004,766,114
1775,3470,20005,4529,20005,766,114
1775,3470,20006,4529,20006,766,114
1776,3470,20007,4529,20007,766,114
1776,3470,20008,4529,20008,766,114
1776,3470,20009,4529,20009,766,114
1776,3470,20010,4529,20010,766,114
1776,3470,20011,4529,20011,766,114
1776,3470,20012,4529,20012,766,114
1777,3470,20013,4529,20013,766,114
1777,3470,20014,4529,20014,766,114
1776,3470,20015,4529,20015,766,114
1776,3470,20016,4529,20016,766,114
1776,3470,20017,4529,20017,766,114
1776,3470,20018,4529,20018,766,114
1777,3470,20019,4529,20019,766,114
1777,3470,20020,4529,20020,766,114
1777,3470,20021,4529,20021,766,114
1776,3470,20022,4529,20022,766,114
1776,3470,20023,4529,20023,766,114
1776,3470,20024,4529,20024,766,114
1776,3470,20025,4529,20025,766,114
1776,3470,20026,4529,20026,766,114
1776,3470,20027,4529,20027,766,114
1776,3470,20028,4529,20028,766,114
1776,3470,20029,4529,20029,766,114
1774,3470,20030,4529,20030,766,114
1774,3470,20031,4529,20031,766,114
1774,3470,20032,4529,20032,766,114
1774,3470,20033,4529,20033,766,114
1774,3470,20034,4529,20034,766,114
1774,3470,20035,4529,20035,766,114
1774,3470,20036,4529,20036,766,114
1774,3470,20037,4529,20037,766,114
1774,3470,20038,4529,20038,766,114
1774,3470,20039,4529,20039,766,114
1774,3470,20040,4529,20040,766,114
1774,3470,20041,4529,20041,766,114
1774,3470,20042,4529,20042,766,114
1774,3470,20043,4529,20043,766,114
1774,3470,20044,4529,20044,766,114
1774,3470,20045,4529,20045,766,114
1774,3470,20046,4529,20046,766,114
1774,3470,20047,4529,20047,766,114
1774,3470,20048,4529,20048,766,114
1774,3470,20049,4529,20049,766,114
1774,3470,20050,4529,20050,766,114
1774,3470,20051,4529,20051,766,114
1773,3470,20052,4529,20052,766,114
1773,3470,20053,4529,20053,766,114
1774,3470,20054,4529,20054,766,114
1775,3470,20055,4529,20055,766,114
1775,3470,20056,4529,20056,766,114
1775,3470,20057,4529,20057,766,114
1775,3470,20058,4529,20058,766,114
1774,3470,20059,4529,20059,766,114
1773,3470,20060,4529,20060,766,114
1773,3470,20061,4529,20061,766,114
1773,3470,20062,4529,20062,766,114
1773,3470,20063,4529,20063,766,114
1771,3470,20064,4529,20064,766,113
1771,3470,20065,4529,20065,766,113
1771,3470,20066,4529,20066,766,113
1771,3470,20067,4529,20067,766,113
1771,3470,20068,4529,20068,766,113
1772,3470,20069,4529,20069,766,113
1772,3470,20070,4529,20070,766,113
1772,3470,20071,4529,20071,766,113
1772,3470,20072,4529,20072,766,113
1772,3470,20073,4529,20073,766,113
1772,3470,20074,4529,20074,766,113
1772,3470,20075,4529,20075,766,113
1772,3470,20076,4529,20076,766,113
1772,3470,20077,4529,20077,766,113
1772,3470,20078,4529,20078,766,113
1772,3470,20079,4529,20079,766,113
1772,3470,20080,4529,20080,766,113
1772,3470,20081,4529,20081,766,113
1772,3470,20082,4529,20082,766,113
1771,3470,20083,4529,20083,766,113
1771,3470,20084,4529,20084,766,113
1771,3470,20085,4529,20085,766,113
1771,3470,20086,4529,20086,766,113
1770,3470,20087,4529,20087,766,113
1770,3470,20088,4529,20088,766,113
1770,3470,20089,4529,20089,766,113
1770,3470,20090,4529,20090,766,113
1770,3470,20091,4529,20091,766,113
1770,3470,20092,4529,20092,766,113
1770,3470,20093,4529,20093,766,113
1770,3470,20094,4529,20094,766,113
1771,3470,20095,4529,20095,766,113
1771,3470,20096,4529,20096,766,113
1771,3470,20097,4529,20097,766,113
1771,3470,20098,4529,20098,766,113
1771,3470,20099,4529,20099,766,113
1772,3470,20100,4529,20100,766,113
1772,3470,20101,4529,20101,766,113
1772,3470,20102,4529,20102,766,113
1772,3470,20103,4529,20103,766,113
1772,3470,20104,4529,20104,766,113
1772,3470,20105,4529,20105,766,113
1772,3470,20106,4529,20106,766,113
1772,3470,20107,4529,20107,766,113
1772,3470,20108,4529,20108,766,113
1771,3470,20109,4529,20109,766,113
1772,3470,20110,4529,20110,766,113
1772,3470,20111,4529,20111,766,113
1772,3470,20112,4529,20112,766,113
1772,3470,20113,4529,20113,766,113
1773,3470,20114,4529,20114,766,113
1773,3470,20115,4529,20115,766,113
1773,3470,20116,4529,20116,766,113
1772,3470,20117,4529,20117,766,113
1772,3470,20118,4529,20118,766,113
1772,3470,20119,4529,20119,766,113
1772,3470,20120,4529,20120,766,113
1772,3470,20121,4529,20121,766,113
1772,3470,20122,4529,20122,766,113
1773,3470,20123,4529,20123,766,113
1773,3470,20124,4529,20124,766,113
1773,3470,20125,4529,20125,766,113
1774,3470,20126,4529,20126,766,113
1774,3470,20127,4529,20127,766,113
1775,3470,20128,4529,20128,766,113
1775,3470,20129,4529,20129,766,113
1775,3470,20130,4529,20130,766,113
1775,3470,20131,4529,20131,766,113
1775,3470,20132,4529,20132,766,113
1775,3470,20133,4529,20133,766,113
1775,3470,20134,4529,20134,766,113
1775,3470,20135,4529,20135,766,113
1775,3470,20136,4529,20136,766,113
1775,3470,20137,4529,20137,766,113
1775,3470,20138,4529,20138,766,113
1775,3470,20139,4529,20139,766,113
1775,3470,20140,4529,20140,766,113
1775,3470,20141,4529,20141,766,113
1775,3470,20142,4529,20142,766,113
1775,3470,20143,4529,20143,766,113
1775,3470,20144,4529,20144,766,113
1775,3470,20145,4529,20145,766,113
1775,3470,20146,4529,20146,766,113
1775,3470,20147,4529,20147,766,113
1775,3470,20148,4529,20148,766,113
1774,3470,20149,4529,20149,766,113
1774,3470,20150,4529,20150,766,113
1774,3470,20151,4529,20151,766,113
1774,3470,20152,4529,20152,766,113
1774,3470,20153,4529,20153,766,113
1774,3470,20154,4529,20154,766,113
1774,3470,20155,4529,20155,766,113
1774,3470,20156,4529,20156,766,113
1774,3470,20157,4529,20157,766,113
1774,3470,20158,4529,20158,766,113
1775,3470,20159,4529,20159,766,113
1775,3470,20160,4529,20160,766,113
1775,3470,20161,4529,20161,766,113
1775,3470,20162,4529,20162,766,113
1775,3470,20163,4529,20163,766,113
1775,3470,20164,4529,20164,766,113
1775,3470,20165,4529,20165,766,113
1775,3470,20166,4529,20166,766,113
1775,3470,20167,4529,20167,766,113
1776,3470,20168,4529,20168,766,113
1777,3470,20169,4529,20169,766,113
1777,3470,20170,4529,20170,766,113
1776,3470,20171,4529,20171,766,113
1776,3470,20172,4529,20172,766,113
1776,3470,20173,4529,20173,766,113
1776,3470,20174,4529,20174,766,113
1776,3470,20175,4529,20175,766,113
1776,3470,20176,4529,20176,766,113
1776,3470,20177,4529,20177,766,113
1776,3470,20178,4529,20178,766,113
1776,3470,20179,4529,20179,766,113
1776,3470,20180,4529,20180,766,113
1776,3470,20181,4529,20181,766,113
1776,3470,20182,4529,20182,766,113
1776,3470,20183,4529,20183,766,113
1775,3470,20184,4529,20184,766,112
1775,3470,20185,4529,20185,766,112
1775,3470,20186,4529,20186,766,112
1775,3470,20187,4529,20187,766,112
1775,3470,20188,4529,20188,766,112
1775,3470,20189,4529,20189,766,112
1775,3470,20190,4529,20190,766,112
1775,3470,20191,4529,20191,766,112
1775,3470,20192,4529,20192,766,112
1775,3470,20193,4529,20193,766,112
1775,3470,20194,4529,20194,766,112
1775,3470,20195,4529,20195,766,112
1775,3470,20196,4529,20196,766,112
1775,3470,20197,4529,20197,766,112
1775,3470,20198,4529,20198,766,112
1775,3470,20199,4529,20199,766,112
1776,3470,20200,4529,20200,766,112
1777,3470,20201,4529,20201,766,112
1777,3470,20202,4529,20202,766,112
1777,3470,20203,4529,20203,766,112
1777,3470,20204,4529,20204,766,112
1777,3470,20205,4529,20205,766,112
1777,3470,20206,4529,20206,766,112
1777,3470,20207,4529,20207,766,112
1777,3470,20208,4529,20208,766,112
1777,3470,20209,4529,20209,766,112
1777,3470,20210,4529,20210,766,112
1777,3470,20211,4529,20211,766,112
1777,3470,20212,4529,20212,766,112
1778,3470,20213,4529,20213,766,112
1778,3470,20214,4529,20214,766,112
1778,3470,20215,4529,20215,766,112
1778,3470,20216,4529,20216,766,112
1778,3470,20217,4529,20217,766,112
1777,3470,20218,4529,20218,766,112
1777,3470,20219,4529,20219,766,112
1777,3470,20220,4529,20220,766,112
1777,3470,20221,4529,20221,766,112
1777,3470,20222,4529,20222,766,112
1777,3470,20223,4529,20223,766,112
1777,3470,20224,4529,20224,766,112
1777,3470,20225,4529,20225,766,112
1777,3470,20226,4529,20226,766,112
1777,3470,20227,4529,20227,766,112
1777,3470,20228,4529,20228,766,112
1777,3470,20229,4529,20229,766,112
1777,3470,20230,4529,20230,766,112
1777,3470,20231,4529,20231,766,112
1777,3470,20232,4529,20232,766,112
1777,3470,20233,4529,20233,766,112
1777,3470,20234,4529,20234,766,112
1777,3470,20235,4529,20235,766,112
1777,3470,20236,4529,20236,766,112
1777,3470,20237,4529,20237,766,112
1777,3470,20238,4529,20238,766,112
1777,3470,20239,4529,20239,766,112
1777,3470,20240,4529,20240,766,112
1777,3470,20241,4529,20241,766,112
1775,3470,20242,4529,20242,766,112
1775,3470,20243,4529,20243,766,112
1775,3470,20244,4529,20244,766,112
1775,3470,20245,4529,20245,766,112
1775,3470,20246,4529,20246,766,112
1775,3470,20247,4529,20247,766,112
1775,3470,20248,4529,20248,766,112
1775,3470,20249,4529,20249,766,112
1774,3470,20250,4529,20250,766,112
1774,3470,20251,4529,20251,766,112
1774,3470,20252,4529,20252,766,112
1774,3470,20253,4529,20253,766,112
1774,3470,20254,4529,20254,766,112
1774,3470,20255,4529,20255,766,112
1774,3470,20256,4529,20256,766,112
1774,3470,20257,4529,20257,766,112
1774,3470,20258,4529,20258,766,112
1774,3470,20259,4529,20259,766,112
1775,3470,20260,4529,20260,766,112
1775,3470,20261,4529,20261,766,112
1774,3470,20262,4529,20262,766,112
1773,3470,20263,4529,20263,766,112
1773,3470,20264,4529,20264,766,112
1773,3470,20265,4529,20265,766,112
1773,3470,20266,4529,20266,766,112
1773,3470,20267,4529,20267,766,112
1773,3470,20268,4529,20268,766,112
1773,3470,20269,4529,20269,766,112
1773,3470,20270,4529,20270,766,112
1773,3470,20271,4529,20271,766,112
1773,3470,20272,4529,20272,766,112
1773,3470,20273,4529,20273,766,112
1773,3470,20274,4529,20274,766,112
1772,3470,20275,4529,20275,766,111
1772,3470,20276,4529,20276,766,111
1772,3470,20277,4529,20277,766,111
1772,3470,20278,4529,20278,766,111
1772,3470,20279,4529,20279,766,111
1772,3470,20280,4529,20280,766,111
1772,3470,20281,4529,20281,766,111
1772,3470,20282,4529,20282,766,111
1772,3470,20283,4529,20283,766,111
1772,3470,20284,4529,20284,766,111
1772,3470,20285,4529,20285,766,111
1772,3470,20286,4529,20286,766,111
1772,3470,20287,4529,20287,766,111
1772,3470,20288,4529,20288,766,111
1772,3470,20289,4529,20289,766,111
1772,3470,20290,4529,20290,766,111
1773,3470,20291,4529,20291,766,111
1773,3470,20292,4529,20292,766,111
1773,3470,20293,4529,20293,766,111
1773,3470,20294,4529,20294,766,111
1773,3470,20295,4529,20295,766,111
1773,3470,20296,4529,20296,766,111
1773,3470,20297,4529,20297,766,111
1773,3470,20298,4529,20298,766,111
1773,3470,20299,4529,20299,766,111
1773,3470,20300,4529,20300,766,111
1773,3470,20301,4529,20301,766,111
1773,3470,20302,4529,20302,766,111
1773,3470,20303,4529,20303,766,111
1773,3470,20304,4529,20304,766,111
1773,3470,20305,4529,20305,766,111
1773,3470,20306,4529,20306,766,111
1773,3470,20307,4529,20307,766,111
1773,3470,20308,4529,20308,766,111
1773,3470,20309,4529,20309,766,111
1773,3470,20310,4529,20310,766,111
1772,3470,20311,4529,20311,766,111
1772,3470,20312,4529,20312,766,111
1772,3470,20313,4529,20313,766,111
1773,3470,20314,4529,20314,766,111
1773,3470,20315,4529,20315,766,111
1773,3470,20316,4529,20316,766,111
1773,3470,20317,4529,20317,766,111
1772,3470,20318,4529,20318,766,111
1772,3470,20319,4529,20319,766,111
1770,3470,20320,4529,20320,766,111
1771,3470,20321,4529,20321,766,111
1771,3470,20322,4529,20322,766,111
1771,3470,20323,4529,20323,766,111
1770,3470,20324,4529,20324,766,111
1770,3470,20325,4529,20325,766,111
1770,3470,20326,4529,20326,766,111
1770,3470,20327,4529,20327,766,111
1770,3470,20328,4529,20328,766,111
1770,3470,20329,4529,20329,766,111
1770,3470,20330,4529,20330,766,111
1770,3470,20331,4529,20331,766,111
1770,3470,20332,4529,20332,766,111
1770,3470,20333,4529,20333,766,111
1770,3470,20334,4529,20334,766,111
1770,3470,20335,4529,20335,766,111
1770,3470,20336,4529,20336,766,111
1770,3470,20337,4529,20337,766,111
1770,3470,20338,4529,20338,766,111
1770,3470,20339,4529,20339,766,111
1770,3470,20340,4529,20340,766,111
1770,3470,20341,4529,20341,766,111
1770,3470,20342,4529,20342,766,111
1770,3470,20343,4529,20343,766,111
1770,3470,20344,4529,20344,766,111
1770,3470,20345,4529,20345,766,111
1770,3470,20346,4529,20346,766,111
1770,3470,20347,4529,20347,766,111
1770,3470,20348,4529,20348,766,111
1770,3470,20349,4529,20349,766,111
1770,3470,20350,4529,20350,766,111
1770,3470,20351,4529,20351,766,111
1770,3470,20352,4529,20352,766,111
1770,3470,20353,4529,20353,766,111
1770,3470,20354,4529,20354,766,111
1771,3470,20355,4529,20355,766,111
1771,3470,20356,4529,20356,766,111
1771,3470,20357,4529,20357,766,111
1771,3470,20358,4529,20358,766,111
1771,3470,20359,4529,20359,766,111
1771,3470,20360,4529,20360,766,111
1771,3470,20361,4529,20361,766,111
1771,3470,20362,4529,20362,766,111
1771,3470,20363,4529,20363,766,111
1771,3470,20364,4529,20364,766,111
1771,3470,20365,4529,20365,766,111
1771,3470,20366,4529,20366,766,111
1771,3470,20367,4529,20367,766,111
1771,3470,20368,4529,20368,766,111
1771,3470,20369,4529,20369,766,111
1771,3470,20370,4529,20370,766,111
1771,3470,20371,4529,20371,766,111
1771,3470,20372,4529,20372,766,111
1771,3470,20373,4529,20373,766,111
1771,3470,20374,4529,20374,766,111
1769,3470,20375,4529,20375,766,110
1769,3470,20376,4529,20376,766,110
1769,3470,20377,4529,20377,766,110
1769,3470,20378,4529,20378,766,110
1769,3470,20379,4529,20379,766,110
1768,3470,20380,4529,20380,766,110
1768,3470,20381,4529,20381,766,110
1768,3470,20382,4529,20382,766,110
1768,3470,20383,4529,20383,766,110
1768,3470,20384,4529,20384,766,110
1768,3470,20385,4529,20385,766,110
1766,3470,20386,4529,20386,766,110
1766,3470,20387,4529,20387,766,110
1765,3470,20388,4529,20388,766,110
1765,3470,20389,4529,20389,766,110
1765,3470,20390,4529,20390,766,110
1765,3470,20391,4529,20391,766,110
1765,3470,20392,4529,20392,766,110
1765,3470,20393,4529,20393,766,110
1765,3470,20394,4529,20394,766,110
1765,3470,20395,4529,20395,766,110
1765,3470,20396,4529,20396,766,110
1765,3470,20397,4529,20397,766,110
1764,3470,20398,4529,20398,766,110
1764,3470,20399,4529,20399,766,110
1764,3470,20400,4529,20400,766,110
1764,3470,20401,4529,20401,766,110
1764,3470,20402,4529,20402,766,110
1764,3470,20403,4529,20403,766,110
1764,3470,20404,4529,20404,766,110
1764,3470,20405,4529,20405,766,110
1764,3470,20406,4529,20406,766,110
1764,3470,20407,4529,20407,766,110
1764,3470,20408,4529,20408,766,110
1764,3470,20409,4529,20409,766,110
1764,3470,20410,4529,20410,766,110
1763,3470,20411,4529,20411,766,110
1763,3470,20412,4529,20412,766,110
1763,3470,20413,4529,20413,766,110
1763,3470,20414,4529,20414,766,110
1763,3470,20415,4529,20415,766,110
1763,3470,20416,4529,20416,766,110
1762,3470,20417,4529,20417,766,110
1762,3470,20418,4529,20418,766,110
1763,3470,20419,4529,20419,766,110
1763,3470,20420,4529,20420,766,110
1763,3470,20421,4529,20421,766,110
1764,3470,20422,4529,20422,766,110
1764,3470,20423,4529,20423,766,110
1764,3470,20424,4529,20424,766,110
1764,3470,20425,4529,20425,766,110
1764,3470,20426,4529,20426,766,110
1764,3470,20427,4529,20427,766,110
1765,3470,20428,4529,20428,766,110
1765,3470,20429,4529,20429,766,110
1765,3470,20430,4529,20430,766,110
1764,3470,20431,4529,20431,766,110
1764,3470,20432,4529,20432,766,110
1764,3470,20433,4529,20433,766,110
1765,3470,20434,4529,20434,766,110
1765,3470,20435,4529,20435,766,110
1765,3470,20436,4529,20436,766,110
1765,3470,20437,4529,20437,766,110
1764,3470,20438,4529,20438,766,110
1764,3470,20439,4529,20439,766,110
1763,3470,20440,4529,20440,766,110
1763,3470,20441,4529,20441,766,110
1763,3470,20442,4529,20442,766,110
1763,3470,20443,4529,20443,766,110
1764,3470,20444,4529,20444,766,110
1764,3470,20445,4529,20445,766,110
1764,3470,20446,4529,20446,766,110
1764,3470,20447,4529,20447,766,110
1764,3470,20448,4529,20448,766,110
1764,3470,20449,4529,20449,766,110
1764,3470,20450,4529,20450,766,110
1764,3470,20451,4529,20451,766,110
1763,3470,20452,4529,20452,766,110
1763,3470,20453,4529,20453,766,110
1763,3470,20454,4529,20454,766,110
1763,3470,20455,4529,20455,766,110
1763,3470,20456,4529,20456,766,110
1763,3470,20457,4529,20457,766,110
1763,3470,20458,4529,20458,766,110
1763,3470,20459,4529,20459,766,110
1763,3470,20460,4529,20460,766,110
1764,3470,20461,4529,20461,766,110
1764,3470,20462,4529,20462,766,110
1765,3470,20463,4529,20463,766,110
1765,3470,20464,4529,20464,766,110
1765,3470,20465,4529,20465,766,110
1765,3470,20466,4529,20466,766,110
1765,3470,20467,4529,20467,766,110
1765,3470,20468,4529,20468,766,110
1765,3470,20469,4529,20469,766,110
1765,3470,20470,4529,20470,766,110
1765,3470,20471,4529,20471,766,110
1765,3470,20472,4529,20472,766,110
1765,3470,20473,4529,20473,766,110
1765,3470,20474,4529,20474,766,110
1766,3470,20475,4529,20475,766,110
1766,3470,20476,4529,20476,766,110
1766,3470,20477,4529,20477,766,110
1765,3470,20478,4529,20478,766,110
1765,3470,20479,4529,20479,766,110
1765,3470,20480,4529,20480,766,110
1764,3470,20481,4529,20481,766,110
1764,3470,20482,4529,20482,766,110
1764,3470,20483,4529,20483,766,110
1764,3470,20484,4529,20484,766,110
1764,3470,20485,4529,20485,766,110
1764,3470,20486,4529,20486,766,110
1763,3470,20487,4529,20487,766,110
1763,3470,20488,4529,20488,766,110
1763,3470,20489,4529,20489,766,110
1763,3470,20490,4529,20490,766,110
1763,3470,20491,4529,20491,766,110
1763,3470,20492,4529,20492,766,110
1764,3470,20493,4529,20493,766,110
1764,3470,20494,4529,20494,766,110
1764,3470,20495,4529,20495,766,110
1763,3470,20496,4529,20496,766,110
1763,3470,20497,4529,20497,766,110
1763,3470,20498,4529,20498,766,110
1763,3470,20499,4529,20499,766,110
1763,3470,20500,4529,20500,766,110
1763,3470,20501,4529,20501,766,110
1763,3470,20502,4529,20502,766,110
1763,3470,20503,4529,20503,766,110
1763,3470,20504,4529,20504,766,110
1763,3470,20505,4529,20505,766,110
1763,3470,20506,4529,20506,766,110
1763,3470,20507,4529,20507,766,110
1763,3470,20508,4529,20508,766,110
1763,3470,20509,4529,20509,766,110
1763,3470,20510,4529,20510,766,110
1763,3470,20511,4529,20511,766,110
1763,3470,20512,4529,20512,766,110
1764,3470,20513,4529,20513,766,110
1764,3470,20514,4529,20514,766,110
1764,3470,20515,4529,20515,766,110
1764,3470,20516,4529,20516,766,110
1764,3470,20517,4529,20517,766,110
1764,3470,20518,4529,20518,766,110
1764,3470,20519,4529,20519,766,110
1764,3470,20520,4529,20520,766,110
1765,3470,20521,4529,20521,766,110
1765,3470,20522,4529,20522,766,110
1765,3470,20523,4529,20523,766,110
1764,3470,20524,4529,20524,766,110
1764,3470,20525,4529,20525,766,110
1763,3470,20526,4529,20526,766,110
1763,3470,20527,4529,20527,766,110
1762,3470,20528,4529,20528,766,110
1762,3470,20529,4529,20529,766,110
1762,3470,20530,4529,20530,766,110
1762,3470,20531,4529,20531,766,110
1762,3470,20532,4529,20532,766,110
1762,3470,20533,4529,20533,766,110
1762,3470,20534,4529,20534,766,110
1762,3470,20535,4529,20535,766,110
1762,3470,20536,4529,20536,766,110
1762,3470,20537,4529,20537,766,110
1762,3470,20538,4529,20538,766,110
1762,3470,20539,4529,20539,766,110
1762,3470,20540,4529,20540,766,110
1763,3470,20541,4529,20541,766,110
1763,3470,20542,4529,20542,766,110
1763,3470,20543,4529,20543,766,110
1763,3470,20544,4529,20544,766,110
1763,3470,20545,4529,20545,766,110
1763,3470,20546,4529,20546,766,110
1763,3470,20547,4529,20547,766,110
1763,3470,20548,4529,20548,766,110
1763,3470,20549,4529,20549,766,110
1763,3470,20550,4529,20550,766,110
1763,3470,20551,4529,20551,766,110
1763,3470,20552,4529,20552,766,110
1763,3470,20553,4529,20553,766,110
1763,3470,20554,4529,20554,766,110
1763,3470,20555,4529,20555,766,110
1763,3470,20556,4529,20556,766,110
1763,3470,20557,4529,20557,766,110
1763,3470,20558,4529,20558,766,110
1762,3470,20559,4529,20559,766,110
1762,3470,20560,4529,20560,766,110
1763,3470,20561,4529,20561,766,110
1763,3470,20562,4529,20562,766,110
1763,3470,20563,4529,20563,766,110
1763,3470,20564,4529,20564,766,110
1763,3470,20565,4529,20565,766,110
1763,3470,20566,4529,20566,766,110
1763,3470,20567,4529,20567,766,110
1763,3470,20568,4529,20568,766,110
1763,3470,20569,4529,20569,766,110
1763,3470,20570,4529,20570,766,110
1763,3470,20571,4529,20571,766,110
1763,3470,20572,4529,20572,766,110
1763,3470,20573,4529,20573,766,110
1763,3470,20574,4529,20574,766,110
1763,3470,20575,4529,20575,766,110
1762,3470,20576,4529,20576,766,110
1762,3470,20577,4529,20577,766,110
1762,3470,20578,4529,20578,766,110
1761,3470,20579,4529,20579,766,110
1761,3470,20580,4529,20580,766,110
1761,3470,20581,4529,20581,766,110
1761,3470,20582,4529,20582,766,110
1761,3470,20583,4529,20583,766,110
1761,3470,20584,4529,20584,766,110
1761,3470,20585,4529,20585,766,110
1761,3470,20586,4529,20586,766,110
1761,3470,20587,4529,20587,766,110
1761,3470,20588,4529,20588,766,110
1761,3470,20589,4529,20589,766,110
1761,3470,20590,4529,20590,766,110
1760,3470,20591,4529,20591,766,110
1760,3470,20592,4529,20592,766,110
1760,3470,20593,4529,20593,766,110
1760,3470,20594,4529,20594,766,110
1760,3470,20595,4529,20595,766,110
1760,3470,20596,4529,20596,766,110
1760,3470,20597,4529,20597,766,110
1760,3470,20598,4529,20598,766,110
1760,3470,20599,4529,20599,766,110
1759,3470,20600,4529,20600,766,110
1759,3470,20601,4529,20601,766,110
1759,3470,20602,4529,20602,766,110
1758,3470,20603,4529,20603,766,110
1758,3470,20604,4529,20604,766,110
1759,3470,20605,4529,20605,766,110
1759,3470,20606,4529,20606,766,110
1759,3470,20607,4529,20607,766,110
1760,3470,20608,4529,20608,766,110
1760,3470,20609,4529,20609,766,110
1760,3470,20610,4529,20610,766,110
1760,3470,20611,4529,20611,766,110
1759,3470,20612,4529,20612,766,110
1756,3470,20613,4529,20613,766,109
1756,3470,20614,4529,20614,766,109
1756,3470,20615,4529,20615,766,109
1756,3470,20616,4529,20616,766,109
1756,3470,20617,4529,20617,766,109
1756,3470,20618,4529,20618,766,109
1756,3470,20619,4529,20619,766,109
1756,3470,20620,4529,20620,766,109
1756,3470,20621,4529,20621,766,109
1756,3470,20622,4529,20622,766,109
1756,3470,20623,4529,20623,766,109
1756,3470,20624,4529,20624,766,109
1756,3470,20625,4529,20625,766,109
1755,3470,20626,4529,20626,766,109
1754,3470,20627,4529,20627,766,109
1754,3470,20628,4529,20628,766,109
1754,3470,20629,4529,20629,766,109
1754,3470,20630,4529,20630,766,109
1754,3470,20631,4529,20631,766,109
1754,3470,20632,4529,20632,766,109
1754,3470,20633,4529,20633,766,109
1754,3470,20634,4529,20634,766,109
1754,3470,20635,4529,20635,766,109
1755,3470,20636,4529,20636,766,109
1755,3470,20637,4529,20637,766,109
1755,3470,20638,4529,20638,766,109
1755,3470,20639,4529,20639,766,109
1755,3470,20640,4529,20640,766,109
1755,3470,20641,4529,20641,766,109
1755,3470,20642,4529,20642,766,109
1756,3470,20643,4529,20643,766,109
1756,3470,20644,4529,20644,766,109
1755,3470,20645,4529,20645,766,109
1755,3470,20646,4529,20646,766,109
1755,3470,20647,4529,20647,766,109
1755,3470,20648,4529,20648,766,109
1755,3470,20649,4529,20649,766,109
1754,3470,20650,4529,20650,766,109
1755,3470,20651,4529,20651,766,109
1755,3470,20652,4529,20652,766,109
1755,3470,20653,4529,20653,766,109
1755,3470,20654,4529,20654,766,109
1754,3470,20655,4529,20655,766,109
1754,3470,20656,4529,20656,766,109
1755,3470,20657,4529,20657,766,109
1755,3470,20658,4529,20658,766,109
1754,3470,20659,4529,20659,766,109
1754,3470,20660,4529,20660,766,109
1754,3470,20661,4529,20661,766,109
1754,3470,20662,4529,20662,766,109
1754,3470,20663,4529,20663,766,109
1754,3470,20664,4529,20664,766,109
1755,3470,20665,4529,20665,766,109
1755,3470,20666,4529,20666,766,109
1755,3470,20667,4529,20667,766,109
1755,3470,20668,4529,20668,766,109
1755,3470,20669,4529,20669,766,109
1755,3470,20670,4529,20670,766,109
1755,3470,20671,4529,20671,766,109
1755,3470,20672,4529,20672,766,109
1755,3470,20673,4529,20673,766,109
1755,3470,20674,4529,20674,766,109
1755,3470,20675,4529,20675,766,109
1755,3470,20676,4529,20676,766,109
1755,3470,20677,4529,20677,766,109
1755,3470,20678,4529,20678,766,109
1755,3470,20679,4529,20679,766,109
1755,3470,20680,4529,20680,766,109
1755,3470,20681,4529,20681,766,109
1755,3470,20682,4529,20682,766,109
1755,3470,20683,4529,20683,766,109
1755,3470,20684,4529,20684,766,109
1755,3470,20685,4529,20685,766,109
1755,3470,20686,4529,20686,766,109
1756,3470,20687,4529,20687,766,109
1756,3470,20688,4529,20688,766,109
1756,3470,20689,4529,20689,766,109
1756,3470,20690,4529,20690,766,109
1757,3470,20691,4529,20691,766,109
1757,3470,20692,4529,20692,766,109
1757,3470,20693,4529,20693,766,109
1757,3470,20694,4529,20694,766,109
1757,3470,20695,4529,20695,766,109
1757,3470,20696,4529,20696,766,109
1757,3470,20697,4529,20697,766,109
1757,3470,20698,4529,20698,766,109
1757,3470,20699,4529,20699,766,109
1757,3470,20700,4529,20700,766,109
1756,3470,20701,4529,20701,766,108
1756,3470,20702,4529,20702,766,108
1756,3470,20703,4529,20703,766,108
1755,3470,20704,4529,20704,766,108
1755,3470,20705,4529,20705,766,108
1755,3470,20706,4529,20706,766,108
1755,3470,20707,4529,20707,766,108
1755,3470,20708,4529,20708,766,108
1752,3470,20709,4529,20709,766,108
1752,3470,20710,4529,20710,766,108
1752,3470,20711,4529,20711,766,108
1752,3470,20712,4529,20712,766,108
1752,3470,20713,4529,20713,766,108
1752,3470,20714,4529,20714,766,108
1752,3470,20715,4529,20715,766,108
1752,3470,20716,4529,20716,766,108
1752,3470,20717,4529,20717,766,108
1752,3470,20718,4529,20718,766,108
1752,3470,20719,4529,20719,766,108
1752,3470,20720,4529,20720,766,108
1752,3470,20721,4529,20721,766,108
1752,3470,20722,4529,20722,766,108
1752,3470,20723,4529,20723,766,108
1752,3470,20724,4529,20724,766,108
1752,3470,20725,4529,20725,766,108
1752,3470,20726,4529,20726,766,108
1752,3470,20727,4529,20727,766,108
1752,3470,20728,4529,20728,766,108
1752,3470,20729,4529,20729,766,108
1753,3470,20730,4529,20730,766,108
1753,3470,20731,4529,20731,766,108
1753,3470,20732,4529,20732,766,108
1753,3470,20733,4529,20733,766,108
1752,3470,20734,4529,20734,766,108
1752,3470,20735,4529,20735,766,108
1752,3470,20736,4529,20736,766,108
1752,3470,20737,4529,20737,766,108
1752,3470,20738,4529,20738,766,108
1751,3470,20739,4529,20739,766,108
1751,3470,20740,4529,20740,766,108
1751,3470,20741,4529,20741,766,108
1751,3470,20742,4529,20742,766,108
1751,3470,20743,4529,20743,766,108
1752,3470,20744,4529,20744,766,108
1752,3470,20745,4529,20745,766,108
1752,3470,20746,4529,20746,766,108
1752,3470,20747,4529,20747,766,108
1751,3470,20748,4529,20748,766,108
1751,3470,20749,4529,20749,766,108
1751,3470,20750,4529,20750,766,108
1751,3470,20751,4529,20751,766,108
1751,3470,20752,4529,20752,766,108
1751,3470,20753,4529,20753,766,108
1751,3470,20754,4529,20754,766,108
1751,3470,20755,4529,20755,766,108
1751,3470,20756,4529,20756,766,108
1751,3470,20757,4529,20757,766,108
1751,3470,20758,4529,20758,766,108
1751,3470,20759,4529,20759,766,108
1751,3470,20760,4529,20760,766,108
1751,3470,20761,4529,20761,766,108
1750,3470,20762,4529,20762,766,108
1750,3470,20763,4529,20763,766,108
1750,3470,20764,4529,20764,766,108
1750,3470,20765,4529,20765,766,108
1750,3470,20766,4529,20766,766,108
1750,3470,20767,4529,20767,766,108
1750,3470,20768,4529,20768,766,108
1750,3470,20769,4529,20769,766,108
1750,3470,20770,4529,20770,766,108
1750,3470,20771,4529,20771,766,108
1750,3470,20772,4529,20772,766,108
1750,3470,20773,4529,20773,766,108
1750,3470,20774,4529,20774,766,108
1750,3470,20775,4529,20775,766,108
1750,3470,20776,4529,20776,766,108
1750,3470,20777,4529,20777,766,108
1750,3470,20778,4529,20778,766,108
1750,3470,20779,4529,20779,766,108
1749,3470,20780,4529,20780,766,108
1748,3470,20781,4529,20781,766,108
1748,3470,20782,4529,20782,766,108
1748,3470,20783,4529,20783,766,108
1748,3470,20784,4529,20784,766,108
1748,3470,20785,4529,20785,766,108
1747,3470,20786,4529,20786,766,108
1747,3470,20787,4529,20787,766,108
1746,3470,20788,4529,20788,766,108
1746,3470,20789,4529,20789,766,108
1746,3470,20790,4529,20790,766,108
1746,3470,20791,4529,20791,766,108
1746,3470,20792,4529,20792,766,108
1746,3470,20793,4529,20793,766,108
1746,3470,20794,4529,20794,766,108
1744,3470,20795,4529,20795,766,108
1744,3470,20796,4529,20796,766,108
1745,3470,20797,4529,20797,766,108
1745,3470,20798,4529,20798,766,108
1745,3470,20799,4529,20799,766,108
1745,3470,20800,4529,20800,766,108
1745,3470,20801,4529,20801,766,108
1745,3470,20802,4529,20802,766,108
1745,3470,20803,4529,20803,766,108
1746,3470,20804,4529,20804,766,108
1746,3470,20805,4529,20805,766,108
1746,3470,20806,4529,20806,766,108
1746,3470,20807,4529,20807,766,108
1746,3470,20808,4529,20808,766,108
1746,3470,20809,4529,20809,766,108
1746,3470,20810,4529,20810,766,108
1746,3470,20811,4529,20811,766,108
1746,3470,20812,4529,20812,766,108
1746,3470,20813,4529,20813,766,108
1746,3470,20814,4529,20814,766,108
1746,3470,20815,4529,20815,766,108
1746,3470,20816,4529,20816,766,108
1746,3470,20817,4529,20817,766,108
1746,3470,20818,4529,20818,766,108
1746,3470,20819,4529,20819,766,108
1746,3470,20820,4529,20820,766,108
1746,3470,20821,4529,20821,766,108
1746,3470,20822,4529,20822,766,108
1746,3470,20823,4529,20823,766,108
1745,3470,20824,4529,20824,766,108
1745,3470,20825,4529,20825,766,108
1745,3470,20826,4529,20826,766,108
1745,3470,20827,4529,20827,766,108
1744,3470,20828,4529,20828,766,108
1744,3470,20829,4529,20829,766,108
1744,3470,20830,4529,20830,766,108
1744,3470,20831,4529,20831,766,108
1743,3470,20832,4529,20832,766,108
1743,3470,20833,4529,20833,766,108
1743,3470,20834,4529,20834,766,108
1742,3470,20835,4529,20835,766,108
1742,3470,20836,4529,20836,766,108
1742,3470,20837,4529,20837,766,108
1742,3470,20838,4529,20838,766,108
1742,3470,20839,4529,20839,766,108
1742,3470,20840,4529,20840,766,108
1742,3470,20841,4529,20841,766,108
1742,3470,20842,4529,20842,766,108
1742,3470,20843,4529,20843,766,108
1742,3470,20844,4529,20844,766,108
1742,3470,20845,4529,20845,766,108
1742,3470,20846,4529,20846,766,108
1742,3470,20847,4529,20847,766,108
1742,3470,20848,4529,20848,766,108
1742,3470,20849,4529,20849,766,108
1742,3470,20850,4529,20850,766,108
1742,3470,20851,4529,20851,766,108
1742,3470,20852,4529,20852,766,108
1743,3470,20853,4529,20853,766,108
1743,3470,20854,4529,20854,766,108
1743,3470,20855,4529,20855,766,108
1743,3470,20856,4529,20856,766,108
1743,3470,20857,4529,20857,766,108
1743,3470,20858,4529,20858,766,108
1742,3470,20859,4529,20859,766,108
1742,3470,20860,4529,20860,766,108
1742,3470,20861,4529,20861,766,108
1742,3470,20862,4529,20862,766,108
1742,3470,20863,4529,20863,766,108
1742,3470,20864,4529,20864,766,108
1742,3470,20865,4529,20865,766,108
1741,3470,20866,4529,20866,766,107
1741,3470,20867,4529,20867,766,107
1741,3470,20868,4529,20868,766,107
1741,3470,20869,4529,20869,766,107
1741,3470,20870,4529,20870,766,107
1741,3470,20871,4529,20871,766,107
1741,3470,20872,4529,20872,766,107
1741,3470,20873,4529,20873,766,107
1741,3470,20874,4529,20874,766,107
1741,3470,20875,4529,20875,766,107
1741,3470,20876,4529,20876,766,107
1741,3470,20877,4529,20877,766,107
1741,3470,20878,4529,20878,766,107
1740,3470,20879,4529,20879,766,107
1740,3470,20880,4529,20880,766,107
1740,3470,20881,4529,20881,766,107
1740,3470,20882,4529,20882,766,107
1740,3470,20883,4529,20883,766,107
1741,3470,20884,4529,20884,766,107
1740,3470,20885,4529,20885,766,107
1740,3470,20886,4529,20886,766,107
1740,3470,20887,4529,20887,766,107
1740,3470,20888,4529,20888,766,107
1740,3470,20889,4529,20889,766,107
1741,3470,20890,4529,20890,766,107
1741,3470,20891,4529,20891,766,107
1741,3470,20892,4529,20892,766,107
1741,3470,20893,4529,20893,766,107
1741,3470,20894,4529,20894,766,107
1741,3470,20895,4529,20895,766,107
1741,3470,20896,4529,20896,766,107
1741,3470,20897,4529,20897,766,107
1741,3470,20898,4529,20898,766,107
1741,3470,20899,4529,20899,766,107
1741,3470,20900,4529,20900,766,107
1741,3470,20901,4529,20901,766,107
1741,3470,20902,4529,20902,766,107
1741,3470,20903,4529,20903,766,107
1741,3470,20904,4529,20904,766,107
1741,3470,20905,4529,20905,766,107
1741,3470,20906,4529,20906,766,107
1741,3470,20907,4529,20907,766,107
1739,3470,20908,4529,20908,766,106
1739,3470,20909,4529,20909,766,106
1738,3470,20910,4529,20910,766,106
1738,3470,20911,4529,20911,766,106
1738,3470,20912,4529,20912,766,106
1737,3470,20913,4529,20913,766,106
1737,3470,20914,4529,20914,766,106
1737,3470,20915,4529,20915,766,106
1737,3470,20916,4529,20916,766,106
1737,3470,20917,4529,20917,766,106
1738,3470,20918,4529,20918,766,106
1738,3470,20919,4529,20919,766,106
1738,3470,20920,4529,20920,766,106
1738,3470,20921,4529,20921,766,106
1739,3470,20922,4529,20922,766,106
1739,3470,20923,4529,20923,766,106
1739,3470,20924,4529,20924,766,106
1739,3470,20925,4529,20925,766,106
1738,3470,20926,4529,20926,766,106
1738,3470,20927,4529,20927,766,106
1738,3470,20928,4529,20928,766,106
1738,3470,20929,4529,20929,766,106
1738,3470,20930,4529,20930,766,106
1737,3470,20931,4529,20931,766,106
1737,3470,20932,4529,20932,766,106
1737,3470,20933,4529,20933,766,106
1737,3470,20934,4529,20934,766,106
1737,3470,20935,4529,20935,766,106
1737,3470,20936,4529,20936,766,106
1737,3470,20937,4529,20937,766,106
1737,3470,20938,4529,20938,766,106
1737,3470,20939,4529,20939,766,106
1737,3470,20940,4529,20940,766,106
1737,3470,20941,4529,20941,766,106
1737,3470,20942,4529,20942,766,106
1737,3470,20943,4529,20943,766,106
1737,3470,20944,4529,20944,766,106
1737,3470,20945,4529,20945,766,106
1737,3470,20946,4529,20946,766,106
1737,3470,20947,4529,20947,766,106
1737,3470,20948,4529,20948,766,106
1737,3470,20949,4529,20949,766,106
1737,3470,20950,4529,20950,766,106
1737,3470,20951,4529,20951,766,106
1737,3470,20952,4529,20952,766,106
1737,3470,20953,4529,20953,766,106
1737,3470,20954,4529,20954,766,106
1737,3470,20955,4529,20955,766,106
1737,3470,20956,4529,20956,766,106
1737,3470,20957,4529,20957,766,106
1737,3470,20958,4529,20958,766,106
1737,3470,20959,4529,20959,766,106
1737,3470,20960,4529,20960,766,106
1737,3470,20961,4529,20961,766,106
1737,3470,20962,4529,20962,766,106
1737,3470,20963,4529,20963,766,106
1737,3470,20964,4529,20964,766,106
1737,3470,20965,4529,20965,766,106
1737,3470,20966,4529,20966,766,106
1737,3470,20967,4529,20967,766,106
1736,3470,20968,4529,20968,766,106
1736,3470,20969,4529,20969,766,106
1736,3470,20970,4529,20970,766,106
1736,3470,20971,4529,20971,766,106
1736,3470,20972,4529,20972,766,106
1736,3470,20973,4529,20973,766,106
1736,3470,20974,4529,20974,766,106
1737,3470,20975,4529,20975,766,106
1737,3470,20976,4529,20976,766,106
1737,3470,20977,4529,20977,766,106
1737,3470,20978,4529,20978,766,106
1738,3470,20979,4529,20979,766,106
1738,3470,20980,4529,20980,766,106
1738,3470,20981,4529,20981,766,106
1738,3470,20982,4529,20982,766,106
1737,3470,20983,4529,20983,766,106
1737,3470,20984,4529,20984,766,106
1737,3470,20985,4529,20985,766,106
1737,3470,20986,4529,20986,766,106
1737,3470,20987,4529,20987,766,106
1737,3470,20988,4529,20988,766,106
1737,3470,20989,4529,20989,766,106
1737,3470,20990,4529,20990,766,106
1737,3470,20991,4529,20991,766,106
1737,3470,20992,4529,20992,766,106
1738,3470,20993,4529,20993,766,106
1738,3470,20994,4529,20994,766,106
1738,3470,20995,4529,20995,766,106
1738,3470,20996,4529,20996,766,106
1738,3470,20997,4529,20997,766,106
1738,3470,20998,4529,20998,766,106
1738,3470,20999,4529,20999,766,106
1738,3470,21000,4529,21000,766,106
1738,3470,21001,4529,21001,766,106
1738,3470,21002,4529,21002,766,106
1738,3470,21003,4529,21003,766,106
1738,3470,21004,4529,21004,766,106
1738,3470,21005,4529,21005,766,106
1738,3470,21006,4529,21006,766,106
1738,3470,21007,4529,21007,766,106
1738,3470,21008,4529,21008,766,106
1737,3470,21009,4529,21009,766,106
1737,3470,21010,4529,21010,766,106
1737,3470,21011,4529,21011,766,106
1737,3470,21012,4529,21012,766,106
1737,3470,21013,4529,21013,766,106
1737,3470,21014,4529,21014,766,106
1737,3470,21015,4529,21015,766,106
1737,3470,21016,4529,21016,766,106
1737,3470,21017,4529,21017,766,106
1737,3470,21018,4529,21018,766,106
1737,3470,21019,4529,21019,766,106
1737,3470,21020,4529,21020,766,106
1737,3470,21021,4529,21021,766,106
1737,3470,21022,4529,21022,766,106
1737,3470,21023,4529,21023,766,106
1737,3470,21024,4529,21024,766,106
1737,3470,21025,4529,21025,766,106
1737,3470,21026,4529,21026,766,106
1737,3470,21027,4529,21027,766,106
1737,3470,21028,4529,21028,766,106
1737,3470,21029,4529,21029,766,106
1737,3470,21030,4529,21030,766,106
1737,3470,21031,4529,21031,766,106
1737,3470,21032,4529,21032,766,106
1737,3470,21033,4529,21033,766,106
1737,3470,21034,4529,21034,766,106
1737,3470,21035,4529,21035,766,106
1737,3470,21036,4529,21036,766,106
1738,3470,21037,4529,21037,766,106
1738,3470,21038,4529,21038,766,106
1738,3470,21039,4529,21039,766,106
1738,3470,21040,4529,21040,766,106
1738,3470,21041,4529,21041,766,106
1738,3470,21042,4529,21042,766,106
1739,3470,21043,4529,21043,766,106
1740,3470,21044,4529,21044,766,106
1740,3470,21045,4529,21045,766,106
1740,3470,21046,4529,21046,766,106
1740,3470,21047,4529,21047,766,106
1739,3470,21048,4529,21048,766,106
1739,3470,21049,4529,21049,766,106
1739,3470,21050,4529,21050,766,106
1739,3470,21051,4529,21051,766,106
1739,3470,21052,4529,21052,766,106
1739,3470,21053,4529,21053,766,106
1739,3470,21054,4529,21054,766,106
1739,3470,21055,4529,21055,766,106
1739,3470,21056,4529,21056,766,106
1739,3470,21057,4529,21057,766,106
1739,3470,21058,4529,21058,766,106
1739,3470,21059,4529,21059,766,106
1739,3470,21060,4529,21060,766,106
1739,3470,21061,4529,21061,766,106
1739,3470,21062,4529,21062,766,106
1739,3470,21063,4529,21063,766,106
1739,3470,21064,4529,21064,766,106
1738,3470,21065,4529,21065,766,106
1738,3470,21066,4529,21066,766,106
1738,3470,21067,4529,21067,766,106
1738,3470,21068,4529,21068,766,106
1738,3470,21069,4529,21069,766,106
1738,3470,21070,4529,21070,766,106
1738,3470,21071,4529,21071,766,106
1738,3470,21072,4529,21072,766,106
1738,3470,21073,4529,21073,766,106
1738,3470,21074,4529,21074,766,106
1738,3470,21075,4529,21075,766,106
1738,3470,21076,4529,21076,766,106
1738,3470,21077,4529,21077,766,106
1738,3470,21078,4529,21078,766,106
1738,3470,21079,4529,21079,766,106
1738,3470,21080,4529,21080,766,106
1738,3470,21081,4529,21081,766,106
1738,3470,21082,4529,21082,766,106
1738,3470,21083,4529,21083,766,106
1738,3470,21084,4529,21084,766,106
1738,3470,21085,4529,21085,766,106
1738,3470,21086,4529,21086,766,106
1738,3470,21087,4529,21087,766,106
1738,3470,21088,4529,21088,766,106
1738,3470,21089,4529,21089,766,106
1738,3470,21090,4529,21090,766,106
1738,3470,21091,4529,21091,766,106
1738,3470,21092,4529,21092,766,106
1738,3470,21093,4529,21093,766,106
1738,3470,21094,4529,21094,766,106
1738,3470,21095,4529,21095,766,106
1738,3470,21096,4529,21096,766,106
1738,3470,21097,4529,21097,766,106
1738,3470,21098,4529,21098,766,106
1738,3470,21099,4529,21099,766,106
1738,3470,21100,4529,21100,766,106
1738,3470,21101,4529,21101,766,106
1738,3470,21102,4529,21102,766,106
1738,3470,21103,4529,21103,766,106
1738,3470,21104,4529,21104,766,106
1738,3470,21105,4529,21105,766,106
1738,3470,21106,4529,21106,766,106
1738,3470,21107,4529,21107,766,106
1738,3470,21108,4529,21108,766,106
1738,3470,21109,4529,21109,766,106
1738,3470,21110,4529,21110,766,106
1738,3470,21111,4529,21111,766,106
1738,3470,21112,4529,21112,766,106
1738,3470,21113,4529,21113,766,106
1738,3470,21114,4529,21114,766,106
1738,3470,21115,4529,21115,766,106
1738,3470,21116,4529,21116,766,106
1738,3470,21117,4529,21117,766,106
1735,3470,21118,4529,21118,766,106
1735,3470,21119,4529,21119,766,106
1735,3470,21120,4529,21120,766,106
1735,3470,21121,4529,21121,766,106
1735,3470,21122,4529,21122,766,106
1735,3470,21123,4529,21123,766,106
1734,3470,21124,4529,21124,766,106
1734,3470,21125,4529,21125,766,106
1734,3470,21126,4529,21126,766,106
1734,3470,21127,4529,21127,766,106
1734,3470,21128,4529,21128,766,106
1734,3470,21129,4529,21129,766,106
1734,3470,21130,4529,21130,766,106
1734,3470,21131,4529,21131,766,106
1734,3470,21132,4529,21132,766,106
1734,3470,21133,4529,21133,766,106
1734,3470,21134,4529,21134,766,106
1734,3470,21135,4529,21135,766,106
1734,3470,21136,4529,21136,766,106
1734,3470,21137,4529,21137,766,106
1734,3470,21138,4529,21138,766,106
1734,3470,21139,4529,21139,766,106
1734,3470,21140,4529,21140,766,106
1734,3470,21141,4529,21141,766,106
1734,3470,21142,4529,21142,766,106
1734,3470,21143,4529,21143,766,106
1734,3470,21144,4529,21144,766,106
1734,3470,21145,4529,21145,766,106
1735,3470,21146,4529,21146,766,106
1735,3470,21147,4529,21147,766,106
1735,3470,21148,4529,21148,766,106
1735,3470,21149,4529,21149,766,106
1735,3470,21150,4529,21150,766,106
1735,3470,21151,4529,21151,766,106
1735,3470,21152,4529,21152,766,106
1736,3470,21153,4529,21153,766,106
1736,3470,21154,4529,21154,766,106
1736,3470,21155,4529,21155,766,106
1736,3470,21156,4529,21156,766,106
1735,3470,21157,4529,21157,766,106
1735,3470,21158,4529,21158,766,106
1735,3470,21159,4529,21159,766,106
1735,3470,21160,4529,21160,766,106
1735,3470,21161,4529,21161,766,106
1735,3470,21162,4529,21162,766,106
1735,3470,21163,4529,21163,766,106
1735,3470,21164,4529,21164,766,106
1735,3470,21165,4529,21165,766,106
1735,3470,21166,4529,21166,766,106
1735,3470,21167,4529,21167,766,106
1735,3470,21168,4529,21168,766,106
1735,3470,21169,4529,21169,766,106
1735,3470,21170,4529,21170,766,106
1735,3470,21171,4529,21171,766,106
1735,3470,21172,4529,21172,766,106
1735,3470,21173,4529,21173,766,106
1735,3470,21174,4529,21174,766,106
1735,3470,21175,4529,21175,766,106
1735,3470,21176,4529,21176,766,106
1735,3470,21177,4529,21177,766,106
1736,3470,21178,4529,21178,766,106
1737,3470,21179,4529,21179,766,106
1737,3470,21180,4529,21180,766,106
1737,3470,21181,4529,21181,766,106
1737,3470,21182,4529,21182,766,106
1737,3470,21183,4529,21183,766,106
1737,3470,21184,4529,21184,766,106
1737,3470,21185,4529,21185,766,106
1737,3470,21186,4529,21186,766,106
1737,3470,21187,4529,21187,766,106
1737,3470,21188,4529,21188,766,106
1737,3470,21189,4529,21189,766,106
1737,3470,21190,4529,21190,766,106
1737,3470,21191,4529,21191,766,106
1737,3470,21192,4529,21192,766,106
1737,3470,21193,4529,21193,766,106
1736,3470,21194,4529,21194,766,106
1736,3470,21195,4529,21195,766,106
1736,3470,21196,4529,21196,766,106
1736,3470,21197,4529,21197,766,106
1736,3470,21198,4529,21198,766,106
1736,3470,21199,4529,21199,766,106
1736,3470,21200,4529,21200,766,106
1736,3470,21201,4529,21201,766,106
1736,3470,21202,4529,21202,766,106
1736,3470,21203,4529,21203,766,106
1736,3470,21204,4529,21204,766,106
1736,3470,21205,4529,21205,766,106
1736,3470,21206,4529,21206,766,106
1737,3470,21207,4529,21207,766,106
1737,3470,21208,4529,21208,766,106
1736,3470,21209,4529,21209,766,106
1736,3470,21210,4529,21210,766,106
1736,3470,21211,4529,21211,766,106
1736,3470,21212,4529,21212,766,106
1737,3470,21213,4529,21213,766,106
1737,3470,21214,4529,21214,766,106
1737,3470,21215,4529,21215,766,106
1737,3470,21216,4529,21216,766,106
1737,3470,21217,4529,21217,766,106
1737,3470,21218,4529,21218,766,106
1737,3470,21219,4529,21219,766,106
1737,3470,21220,4529,21220,766,106
1737,3470,21221,4529,21221,766,106
1737,3470,21222,4529,21222,766,106
1737,3470,21223,4529,21223,766,106
1737,3470,21224,4529,21224,766,106
1737,3470,21225,4529,21225,766,106
1737,3470,21226,4529,21226,766,106
1737,3470,21227,4529,21227,766,106
1738,3470,21228,4529,21228,766,106
1738,3470,21229,4529,21229,766,106
1738,3470,21230,4529,21230,766,106
1738,3470,21231,4529,21231,766,106
1738,3470,21232,4529,21232,766,106
1738,3470,21233,4529,21233,766,106
1737,3470,21234,4529,21234,766,106
1737,3470,21235,4529,21235,766,106
1737,3470,21236,4529,21236,766,106
1737,3470,21237,4529,21237,766,106
1737,3470,21238,4529,21238,766,106
1737,3470,21239,4529,21239,766,106
1737,3470,21240,4529,21240,766,106
1736,3470,21241,4529,21241,766,106
1736,3470,21242,4529,21242,766,106
1735,3470,21243,4529,21243,766,106
1735,3470,21244,4529,21244,766,106
1735,3470,21245,4529,21245,766,106
1735,3470,21246,4529,21246,766,106
1735,3470,21247,4529,21247,766,106
1735,3470,21248,4529,21248,766,106
1734,3470,21249,4529,21249,766,106
1733,3470,21250,4529,21250,766,106
1733,3470,21251,4529,21251,766,106
1733,3470,21252,4529,21252,766,106
1731,3470,21253,4529,21253,766,106
1731,3470,21254,4529,21254,766,106
1731,3470,21255,4529,21255,766,106
1731,3470,21256,4529,21256,766,106
1731,3470,21257,4529,21257,766,106
1731,3470,21258,4529,21258,766,106
1731,3470,21259,4529,21259,766,106
1731,3470,21260,4529,21260,766,106
1731,3470,21261,4529,21261,766,106
1731,3470,21262,4529,21262,766,106
1731,3470,21263,4529,21263,766,106
1731,3470,21264,4529,21264,766,106
1731,3470,21265,4529,21265,766,106
1731,3470,21266,4529,21266,766,106
1731,3470,21267,4529,21267,766,106
1731,3470,21268,4529,21268,766,106
1731,3470,21269,4529,21269,766,106
1730,3470,21270,4529,21270,766,106
1730,3470,21271,4529,21271,766,106
1730,3470,21272,4529,21272,766,106
1730,3470,21273,4529,21273,766,106
1730,3470,21274,4529,21274,766,106
1730,3470,21275,4529,21275,766,106
1730,3470,21276,4529,21276,766,106
1730,3470,21277,4529,21277,766,106
1730,3470,21278,4529,21278,766,106
1730,3470,21279,4529,21279,766,106
1729,3470,21280,4529,21280,766,105
1728,3470,21281,4529,21281,766,105
1729,3470,21282,4529,21282,766,105
1729,3470,21283,4529,21283,766,105
1729,3470,21284,4529,21284,766,105
1730,3470,21285,4529,21285,766,105
1730,3470,21286,4529,21286,766,105
1730,3470,21287,4529,21287,766,105
1730,3470,21288,4529,21288,766,105
1730,3470,21289,4529,21289,766,105
1730,3470,21290,4529,21290,766,105
1730,3470,21291,4529,21291,766,105
1730,3470,21292,4529,21292,766,105
1730,3470,21293,4529,21293,766,105
1730,3470,21294,4529,21294,766,105
1730,3470,21295,4529,21295,766,105
1730,3470,21296,4529,21296,766,105
1730,3470,21297,4529,21297,766,105
1730,3470,21298,4529,21298,766,105
1730,3470,21299,4529,21299,766,105
1731,3470,21300,4529,21300,766,105
1731,3470,21301,4529,21301,766,105
1731,3470,21302,4529,21302,766,105
1731,3470,21303,4529,21303,766,105
1731,3470,21304,4529,21304,766,105
1731,3470,21305,4529,21305,766,105
1731,3470,21306,4529,21306,766,105
1731,3470,21307,4529,21307,766,105
1730,3470,21308,4529,21308,766,105
1730,3470,21309,4529,21309,766,105
1730,3470,21310,4529,21310,766,105
1730,3470,21311,4529,21311,766,105
1730,3470,21312,4529,21312,766,105
1730,3470,21313,4529,21313,766,105
1730,3470,21314,4529,21314,766,105
1730,3470,21315,4529,21315,766,105
1730,3470,21316,4529,21316,766,105
1728,3470,21317,4529,21317,766,105
1729,3470,21318,4529,21318,766,105
1729,3470,21319,4529,21319,766,105
1729,3470,21320,4529,21320,766,105
1729,3470,21321,4529,21321,766,105
1729,3470,21322,4529,21322,766,105
1729,3470,21323,4529,21323,766,105
1729,3470,21324,4529,21324,766,105
1729,3470,21325,4529,21325,766,105
1728,3470,21326,4529,21326,766,105
1727,3470,21327,4529,21327,766,105
1727,3470,21328,4529,21328,766,105
1727,3470,21329,4529,21329,766,105
1727,3470,21330,4529,21330,766,105
1727,3470,21331,4529,21331,766,105
1727,3470,21332,4529,21332,766,105
1727,3470,21333,4529,21333,766,105
1727,3470,21334,4529,21334,766,105
1727,3470,21335,4529,21335,766,105
1727,3470,21336,4529,21336,766,105
1727,3470,21337,4529,21337,766,105
1727,3470,21338,4529,21338,766,105
1727,3470,21339,4529,21339,766,105
1727,3470,21340,4529,21340,766,105
1727,3470,21341,4529,21341,766,105
1728,3470,21342,4529,21342,766,105
1728,3470,21343,4529,21343,766,105
1727,3470,21344,4529,21344,766,105
1727,3470,21345,4529,21345,766,105
1727,3470,21346,4529,21346,766,105
1726,3470,21347,4529,21347,766,105
1726,3470,21348,4529,21348,766,105
1726,3470,21349,4529,21349,766,105
1726,3470,21350,4529,21350,766,105
1724,3470,21351,4529,21351,766,105
1724,3470,21352,4529,21352,766,105
1724,3470,21353,4529,21353,766,105
1724,3470,21354,4529,21354,766,105
1724,3470,21355,4529,21355,766,105
1724,3470,21356,4529,21356,766,105
1724,3470,21357,4529,21357,766,105
1724,3470,21358,4529,21358,766,105
1724,3470,21359,4529,21359,766,105
1724,3470,21360,4529,21360,766,105
1724,3470,21361,4529,21361,766,105
1723,3470,21362,4529,21362,766,105
1723,3470,21363,4529,21363,766,105
1723,3470,21364,4529,21364,766,105
1723,3470,21365,4529,21365,766,105
1723,3470,21366,4529,21366,766,105
1722,3470,21367,4529,21367,766,105
1722,3470,21368,4529,21368,766,105
1722,3470,21369,4529,21369,766,105
1721,3470,21370,4529,21370,766,105
1721,3470,21371,4529,21371,766,105
1721,3470,21372,4529,21372,766,105
1721,3470,21373,4529,21373,766,105
1721,3470,21374,4529,21374,766,105
1721,3470,21375,4529,21375,766,105
1721,3470,21376,4529,21376,766,105
1721,3470,21377,4529,21377,766,105
1721,3470,21378,4529,21378,766,105
1721,3470,21379,4529,21379,766,105
1719,3470,21380,4529,21380,766,105
1719,3470,21381,4529,21381,766,105
1719,3470,21382,4529,21382,766,105
1719,3470,21383,4529,21383,766,105
1719,3470,21384,4529,21384,766,105
1719,3470,21385,4529,21385,766,105
1719,3470,21386,4529,21386,766,105
1719,3470,21387,4529,21387,766,105
1719,3470,21388,4529,21388,766,105
1719,3470,21389,4529,21389,766,105
1719,3470,21390,4529,21390,766,105
1719,3470,21391,4529,21391,766,105
1719,3470,21392,4529,21392,766,105
1718,3470,21393,4529,21393,766,105
1716,3470,21394,4529,21394,766,105
1716,3470,21395,4529,21395,766,105
1717,3470,21396,4529,21396,766,105
1717,3470,21397,4529,21397,766,105
1717,3470,21398,4529,21398,766,105
1717,3470,21399,4529,21399,766,105
1717,3470,21400,4529,21400,766,105
1717,3470,21401,4529,21401,766,105
1717,3470,21402,4529,21402,766,105
1717,3470,21403,4529,21403,766,105
1717,3470,21404,4529,21404,766,105
1717,3470,21405,4529,21405,766,105
1717,3470,21406,4529,21406,766,105
1717,3470,21407,4529,21407,766,105
1717,3470,21408,4529,21408,766,105
1717,3470,21409,4529,21409,766,105
1718,3470,21410,4529,21410,766,105
1718,3470,21411,4529,21411,766,105
1718,3470,21412,4529,21412,766,105
1718,3470,21413,4529,21413,766,105
1718,3470,21414,4529,21414,766,105
1718,3470,21415,4529,21415,766,105
1718,3470,21416,4529,21416,766,105
1718,3470,21417,4529,21417,766,105
1718,3470,21418,4529,21418,766,105
1718,3470,21419,4529,21419,766,105
1718,3470,21420,4529,21420,766,105
1718,3470,21421,4529,21421,766,105
1718,3470,21422,4529,21422,766,105
1718,3470,21423,4529,21423,766,105
1718,3470,21424,4529,21424,766,105
1718,3470,21425,4529,21425,766,105
1718,3470,21426,4529,21426,766,105
1718,3470,21427,4529,21427,766,105
1718,3470,21428,4529,21428,766,105
1718,3470,21429,4529,21429,766,105
1719,3470,21430,4529,21430,766,105
1719,3470,21431,4529,21431,766,105
1719,3470,21432,4529,21432,766,105
1719,3470,21433,4529,21433,766,105
1719,3470,21434,4529,21434,766,105
1719,3470,21435,4529,21435,766,105
1719,3470,21436,4529,21436,766,105
1719,3470,21437,4529,21437,766,105
1719,3470,21438,4529,21438,766,105
1719,3470,21439,4529,21439,766,105
1719,3470,21440,4529,21440,766,105
1719,3470,21441,4529,21441,766,105
1719,3470,21442,4529,21442,766,105
1719,3470,21443,4529,21443,766,105
1719,3470,21444,4529,21444,766,105
1719,3470,21445,4529,21445,766,105
1717,3470,21446,4529,21446,766,104
1717,3470,21447,4529,21447,766,104
1716,3470,21448,4529,21448,766,103
1716,3470,21449,4529,21449,766,103
1716,3470,21450,4529,21450,766,103
1716,3470,21451,4529,21451,766,103
1716,3470,21452,4529,21452,766,103
1717,3470,21453,4529,21453,766,103
1717,3470,21454,4529,21454,766,103
1717,3470,21455,4529,21455,766,103
1717,3470,21456,4529,21456,766,103
1717,3470,21457,4529,21457,766,103
1717,3470,21458,4529,21458,766,103
1717,3470,21459,4529,21459,766,103
1717,3470,21460,4529,21460,766,103
1717,3470,21461,4529,21461,766,103
1717,3470,21462,4529,21462,766,103
1717,3470,21463,4529,21463,766,103
1717,3470,21464,4529,21464,766,103
1717,3470,21465,4529,21465,766,103
1717,3470,21466,4529,21466,766,103
1716,3470,21467,4529,21467,766,103
1716,3470,21468,4529,21468,766,103
1716,3470,21469,4529,21469,766,103
1717,3470,21470,4529,21470,766,103
1717,3470,21471,4529,21471,766,103
1717,3470,21472,4529,21472,766,103
1717,3470,21473,4529,21473,766,103
1717,3470,21474,4529,21474,766,103
1717,3470,21475,4529,21475,766,103
1717,3470,21476,4529,21476,766,103
1717,3470,21477,4529,21477,766,103
1717,3470,21478,4529,21478,766,103
1717,3470,21479,4529,21479,766,103
1717,3470,21480,4529,21480,766,103
1717,3470,21481,4529,21481,766,103
1717,3470,21482,4529,21482,766,103
1718,3470,21483,4529,21483,766,103
1718,3470,21484,4529,21484,766,103
1718,3470,21485,4529,21485,766,103
1718,3470,21486,4529,21486,766,103
1718,3470,21487,4529,21487,766,103
1718,3470,21488,4529,21488,766,103
1717,3470,21489,4529,21489,766,103
1717,3470,21490,4529,21490,766,103
1717,3470,21491,4529,21491,766,103
1717,3470,21492,4529,21492,766,103
1717,3470,21493,4529,21493,766,103
1717,3470,21494,4529,21494,766,103
1717,3470,21495,4529,21495,766,103
1718,3470,21496,4529,21496,766,103
1718,3470,21497,4529,21497,766,103
1718,3470,21498,4529,21498,766,103
1718,3470,21499,4529,21499,766,103
1717,3470,21500,4529,21500,766,103
1717,3470,21501,4529,21501,766,103
1717,3470,21502,4529,21502,766,103
1717,3470,21503,4529,21503,766,103
1718,3470,21504,4529,21504,766,103
1717,3470,21505,4529,21505,766,102
1717,3470,21506,4529,21506,766,102
1717,3470,21507,4529,21507,766,102
1717,3470,21508,4529,21508,766,102
1717,3470,21509,4529,21509,766,102
1717,3470,21510,4529,21510,766,102
1717,3470,21511,4529,21511,766,102
1717,3470,21512,4529,21512,766,102
1717,3470,21513,4529,21513,766,102
1717,3470,21514,4529,21514,766,102
1717,3470,21515,4529,21515,766,102
1717,3470,21516,4529,21516,766,102
1717,3470,21517,4529,21517,766,102
1717,3470,21518,4529,21518,766,102
1717,3470,21519,4529,21519,766,102
1717,3470,21520,4529,21520,766,102
1717,3470,21521,4529,21521,766,102
1717,3470,21522,4529,21522,766,102
1718,3470,21523,4529,21523,766,102
1718,3470,21524,4529,21524,766,102
1718,3470,21525,4529,21525,766,102
1718,3470,21526,4529,21526,766,102
1718,3470,21527,4529,21527,766,102
1718,3470,21528,4529,21528,766,102
1719,3470,21529,4529,21529,766,102
1720,3470,21530,4529,21530,766,102
1721,3470,21531,4529,21531,766,102
1721,3470,21532,4529,21532,766,102
1721,3470,21533,4529,21533,766,102
1721,3470,21534,4529,21534,766,102
1721,3470,21535,4529,21535,766,102
1720,3470,21536,4529,21536,766,102
1720,3470,21537,4529,21537,766,102
1720,3470,21538,4529,21538,766,102
1720,3470,21539,4529,21539,766,102
1720,3470,21540,4529,21540,766,102
1719,3470,21541,4529,21541,766,102
1719,3470,21542,4529,21542,766,102
1719,3470,21543,4529,21543,766,102
1719,3470,21544,4529,21544,766,102
1719,3470,21545,4529,21545,766,102
1719,3470,21546,4529,21546,766,102
1719,3470,21547,4529,21547,766,102
1719,3470,21548,4529,21548,766,102
1719,3470,21549,4529,21549,766,102
1719,3470,21550,4529,21550,766,102
1719,3470,21551,4529,21551,766,102
1719,3470,21552,4529,21552,766,102
1719,3470,21553,4529,21553,766,102
1718,3470,21554,4529,21554,766,102
1718,3470,21555,4529,21555,766,102
1718,3470,21556,4529,21556,766,102
1718,3470,21557,4529,21557,766,102
1718,3470,21558,4529,21558,766,102
1718,3470,21559,4529,21559,766,102
1718,3470,21560,4529,21560,766,102
1719,3470,21561,4529,21561,766,102
1720,3470,21562,4529,21562,766,102
1720,3470,21563,4529,21563,766,102
1720,3470,21564,4529,21564,766,102
1720,3470,21565,4529,21565,766,102
1720,3470,21566,4529,21566,766,102
1720,3470,21567,4529,21567,766,102
1720,3470,21568,4529,21568,766,102
1720,3470,21569,4529,21569,766,102
1720,3470,21570,4529,21570,766,102
1719,3470,21571,4529,21571,766,102
1719,3470,21572,4529,21572,766,102
1719,3470,21573,4529,21573,766,102
1719,3470,21574,4529,21574,766,102
1719,3470,21575,4529,21575,766,102
1719,3470,21576,4529,21576,766,102
1719,3470,21577,4529,21577,766,102
1719,3470,21578,4529,21578,766,102
1719,3470,21579,4529,21579,766,102
1719,3470,21580,4529,21580,766,102
1719,3470,21581,4529,21581,766,102
1719,3470,21582,4529,21582,766,102
1719,3470,21583,4529,21583,766,102
1719,3470,21584,4529,21584,766,102
1719,3470,21585,4529,21585,766,102
1719,3470,21586,4529,21586,766,102
1719,3470,21587,4529,21587,766,102
1719,3470,21588,4529,21588,766,102
1719,3470,21589,4529,21589,766,102
1719,3470,21590,4529,21590,766,102
1719,3470,21591,4529,21591,766,102
1719,3470,21592,4529,21592,766,102
1719,3470,21593,4529,21593,766,102
1719,3470,21594,4529,21594,766,102
1719,3470,21595,4529,21595,766,102
1719,3470,21596,4529,21596,766,102
1719,3470,21597,4529,21597,766,102
1719,3470,21598,4529,21598,766,102
1719,3470,21599,4529,21599,766,102
1719,3470,21600,4529,21600,766,102
1719,3470,21601,4529,21601,766,102
1719,3470,21602,4529,21602,766,102
1719,3470,21603,4529,21603,766,102
1719,3470,21604,4529,21604,766,102
1719,3470,21605,4529,21605,766,102
1719,3470,21606,4529,21606,766,102
1719,3470,21607,4529,21607,766,102
1719,3470,21608,4529,21608,766,102
1719,3470,21609,4529,21609,766,102
1719,3470,21610,4529,21610,766,102
1719,3470,21611,4529,21611,766,102
1718,3470,21612,4529,21612,766,102
1718,3470,21613,4529,21613,766,102
1718,3470,21614,4529,21614,766,102
1717,3470,21615,4529,21615,766,102
1717,3470,21616,4529,21616,766,102
1717,3470,21617,4529,21617,766,102
1717,3470,21618,4529,21618,766,102
1717,3470,21619,4529,21619,766,102
1717,3470,21620,4529,21620,766,102
1717,3470,21621,4529,21621,766,102
1717,3470,21622,4529,21622,766,102
1717,3470,21623,4529,21623,766,102
1717,3470,21624,4529,21624,766,102
1717,3470,21625,4529,21625,766,102
1718,3470,21626,4529,21626,766,102
1718,3470,21627,4529,21627,766,102
1719,3470,21628,4529,21628,766,102
1719,3470,21629,4529,21629,766,102
1719,3470,21630,4529,21630,766,102
1719,3470,21631,4529,21631,766,102
1718,3470,21632,4529,21632,766,102
1718,3470,21633,4529,21633,766,102
1718,3470,21634,4529,21634,766,102
1718,3470,21635,4529,21635,766,102
1718,3470,21636,4529,21636,766,102
1718,3470,21637,4529,21637,766,102
1718,3470,21638,4529,21638,766,102
1718,3470,21639,4529,21639,766,102
1717,3470,21640,4529,21640,766,102
1717,3470,21641,4529,21641,766,102
1717,3470,21642,4529,21642,766,102
1717,3470,21643,4529,21643,766,102
1717,3470,21644,4529,21644,766,102
1717,3470,21645,4529,21645,766,102
1717,3470,21646,4529,21646,766,102
1717,3470,21647,4529,21647,766,102
1717,3470,21648,4529,21648,766,102
1717,3470,21649,4529,21649,766,102
1717,3470,21650,4529,21650,766,102
1717,3470,21651,4529,21651,766,102
1717,3470,21652,4529,21652,766,102
1717,3470,21653,4529,21653,766,102
1717,3470,21654,4529,21654,766,102
1716,3470,21655,4529,21655,766,102
1716,3470,21656,4529,21656,766,102
1716,3470,21657,4529,21657,766,102
1716,3470,21658,4529,21658,766,102
1716,3470,21659,4529,21659,766,102
1716,3470,21660,4529,21660,766,102
1717,3470,21661,4529,21661,766,102
1717,3470,21662,4529,21662,766,102
1717,3470,21663,4529,21663,766,102
1717,3470,21664,4529,21664,766,102
1717,3470,21665,4529,21665,766,102
1717,3470,21666,4529,21666,766,102
1717,3470,21667,4529,21667,766,102
1717,3470,21668,4529,21668,766,102
1717,3470,21669,4529,21669,766,102
1718,3470,21670,4529,21670,766,102
1718,3470,21671,4529,21671,766,102
1718,3470,21672,4529,21672,766,102
1717,3470,21673,4529,21673,766,102
1716,3470,21674,4529,21674,766,102
1716,3470,21675,4529,21675,766,102
1716,3470,21676,4529,21676,766,102
1717,3470,21677,4529,21677,766,102
1717,3470,21678,4529,21678,766,102
1717,3470,21679,4529,21679,766,102
1717,3470,21680,4529,21680,766,102
1717,3470,21681,4529,21681,766,102
1717,3470,21682,4529,21682,766,102
1717,3470,21683,4529,21683,766,102
1717,3470,21684,4529,21684,766,102
1717,3470,21685,4529,21685,766,102
1717,3470,21686,4529,21686,766,102
1717,3470,21687,4529,21687,766,102
1716,3470,21688,4529,21688,766,102
1716,3470,21689,4529,21689,766,102
1716,3470,21690,4529,21690,766,102
1716,3470,21691,4529,21691,766,102
1716,3470,21692,4529,21692,766,102
1716,3470,21693,4529,21693,766,102
1716,3470,21694,4529,21694,766,102
1716,3470,21695,4529,21695,766,102
1716,3470,21696,4529,21696,766,102
1716,3470,21697,4529,21697,766,102
1716,3470,21698,4529,21698,766,102
1715,3470,21699,4529,21699,766,102
1715,3470,21700,4529,21700,766,102
1715,3470,21701,4529,21701,766,102
1715,3470,21702,4529,21702,766,102
1715,3470,21703,4529,21703,766,102
1715,3470,21704,4529,21704,766,102
1715,3470,21705,4529,21705,766,102
1715,3470,21706,4529,21706,766,102
1715,3470,21707,4529,21707,766,102
1715,3470,21708,4529,21708,766,102
1715,3470,21709,4529,21709,766,102
1715,3470,21710,4529,21710,766,102
1715,3470,21711,4529,21711,766,102
1716,3470,21712,4529,21712,766,102
1716,3470,21713,4529,21713,766,102
1716,3470,21714,4529,21714,766,102
1716,3470,21715,4529,21715,766,102
1716,3470,21716,4529,21716,766,102
1715,3470,21717,4529,21717,766,102
1715,3470,21718,4529,21718,766,102
1715,3470,21719,4529,21719,766,102
1715,3470,21720,4529,21720,766,102
1715,3470,21721,4529,21721,766,102
1715,3470,21722,4529,21722,766,102
1715,3470,21723,4529,21723,766,102
1715,3470,21724,4529,21724,766,102
1715,3470,21725,4529,21725,766,102
1714,3470,21726,4529,21726,766,102
1714,3470,21727,4529,21727,766,102
1714,3470,21728,4529,21728,766,102
1714,3470,21729,4529,21729,766,102
1714,3470,21730,4529,21730,766,102
1713,3470,21731,4529,21731,766,102
1714,3470,21732,4529,21732,766,102
1714,3470,21733,4529,21733,766,102
1714,3470,21734,4529,21734,766,102
1713,3470,21735,4529,21735,766,102
1713,3470,21736,4529,21736,766,102
1713,3470,21737,4529,21737,766,102
1713,3470,21738,4529,21738,766,102
1713,3470,21739,4529,21739,766,102
1714,3470,21740,4529,21740,766,102
1713,3470,21741,4529,21741,766,101
1713,3470,21742,4529,21742,766,101
1713,3470,21743,4529,21743,766,101
1712,3470,21744,4529,21744,766,101
1712,3470,21745,4529,21745,766,101
1712,3470,21746,4529,21746,766,101
1711,3470,21747,4529,21747,766,101
1711,3470,21748,4529,21748,766,101
1711,3470,21749,4529,21749,766,101
1711,3470,21750,4529,21750,766,101
1711,3470,21751,4529,21751,766,101
1710,3470,21752,4529,21752,766,101
1710,3470,21753,4529,21753,766,101
1709,3470,21754,4529,21754,766,101
1709,3470,21755,4529,21755,766,101
1709,3470,21756,4529,21756,766,101
1709,3470,21757,4529,21757,766,101
1709,3470,21758,4529,21758,766,101
1709,3470,21759,4529,21759,766,101
1709,3470,21760,4529,21760,766,101
1709,3470,21761,4529,21761,766,101
1709,3470,21762,4529,21762,766,101
1709,3470,21763,4529,21763,766,101
1709,3470,21764,4529,21764,766,101
1709,3470,21765,4529,21765,766,101
1709,3470,21766,4529,21766,766,101
1709,3470,21767,4529,21767,766,101
1709,3470,21768,4529,21768,766,101
1709,3470,21769,4529,21769,766,101
1708,3470,21770,4529,21770,766,101
1708,3470,21771,4529,21771,766,101
1708,3470,21772,4529,21772,766,101
1709,3470,21773,4529,21773,766,101
1709,3470,21774,4529,21774,766,101
1709,3470,21775,4529,21775,766,101
1709,3470,21776,4529,21776,766,101
1709,3470,21777,4529,21777,766,101
1709,3470,21778,4529,21778,766,101
1709,3470,21779,4529,21779,766,101
1709,3470,21780,4529,21780,766,101
1709,3470,21781,4529,21781,766,101
1709,3470,21782,4529,21782,766,101
1710,3470,21783,4529,21783,766,101
1710,3470,21784,4529,21784,766,101
1710,3470,21785,4529,21785,766,101
1710,3470,21786,4529,21786,766,101
1710,3470,21787,4529,21787,766,101
1710,3470,21788,4529,21788,766,101
1710,3470,21789,4529,21789,766,101
1710,3470,21790,4529,21790,766,101
1710,3470,21791,4529,21791,766,101
1710,3470,21792,4529,21792,766,101
1710,3470,21793,4529,21793,766,101
1710,3470,21794,4529,21794,766,101
1710,3470,21795,4529,21795,766,101
1710,3470,21796,4529,21796,766,101
1710,3470,21797,4529,21797,766,101
1710,3470,21798,4529,21798,766,101
1711,3470,21799,4529,21799,766,101
1711,3470,21800,4529,21800,766,101
1711,3470,21801,4529,21801,766,101
1711,3470,21802,4529,21802,766,101
1711,3470,21803,4529,21803,766,101
1711,3470,21804,4529,21804,766,101
1711,3470,21805,4529,21805,766,101
1711,3470,21806,4529,21806,766,101
1711,3470,21807,4529,21807,766,101
1711,3470,21808,4529,21808,766,101
1711,3470,21809,4529,21809,766,101
1711,3470,21810,4529,21810,766,101
1711,3470,21811,4529,21811,766,101
1711,3470,21812,4529,21812,766,101
1711,3470,21813,4529,21813,766,101
1711,3470,21814,4529,21814,766,101
1711,3470,21815,4529,21815,766,101
1711,3470,21816,4529,21816,766,101
1711,3470,21817,4529,21817,766,101
1711,3470,21818,4529,21818,766,101
1711,3470,21819,4529,21819,766,101
1711,3470,21820,4529,21820,766,101
1711,3470,21821,4529,21821,766,101
1711,3470,21822,4529,21822,766,101
1711,3470,21823,4529,21823,766,101
1710,3470,21824,4529,21824,766,101
1709,3470,21825,4529,21825,766,101
1710,3470,21826,4529,21826,766,101
1710,3470,21827,4529,21827,766,101
1710,3470,21828,4529,21828,766,101
1710,3470,21829,4529,21829,766,101
1710,3470,21830,4529,21830,766,101
1710,3470,21831,4529,21831,766,101
1710,3470,21832,4529,21832,766,101
1710,3470,21833,4529,21833,766,101
1710,3470,21834,4529,21834,766,101
1710,3470,21835,4529,21835,766,101
1710,3470,21836,4529,21836,766,101
1710,3470,21837,4529,21837,766,101
1710,3470,21838,4529,21838,766,101
1710,3470,21839,4529,21839,766,101
1710,3470,21840,4529,21840,766,101
1710,3470,21841,4529,21841,766,101
1710,3470,21842,4529,21842,766,101
1710,3470,21843,4529,21843,766,101
1710,3470,21844,4529,21844,766,101
1710,3470,21845,4529,21845,766,101
1710,3470,21846,4529,21846,766,101
1710,3470,21847,4529,21847,766,101
1710,3470,21848,4529,21848,766,101
1710,3470,21849,4529,21849,766,101
1710,3470,21850,4529,21850,766,101
1710,3470,21851,4529,21851,766,101
1710,3470,21852,4529,21852,766,101
1710,3470,21853,4529,21853,766,101
1711,3470,21854,4529,21854,766,101
1711,3470,21855,4529,21855,766,101
1711,3470,21856,4529,21856,766,101
1711,3470,21857,4529,21857,766,101
1711,3470,21858,4529,21858,766,101
1711,3470,21859,4529,21859,766,101
1711,3470,21860,4529,21860,766,101
1711,3470,21861,4529,21861,766,101
1710,3470,21862,4529,21862,766,101
1710,3470,21863,4529,21863,766,101
1710,3470,21864,4529,21864,766,101
1710,3470,21865,4529,21865,766,101
1711,3470,21866,4529,21866,766,101
1711,3470,21867,4529,21867,766,101
1711,3470,21868,4529,21868,766,101
1709,3470,21869,4529,21869,766,100
1709,3470,21870,4529,21870,766,100
1709,3470,21871,4529,21871,766,100
1709,3470,21872,4529,21872,766,100
1709,3470,21873,4529,21873,766,100
1709,3470,21874,4529,21874,766,100
1709,3470,21875,4529,21875,766,100
1709,3470,21876,4529,21876,766,100
1710,3470,21877,4529,21877,766,100
1710,3470,21878,4529,21878,766,100
1710,3470,21879,4529,21879,766,100
1710,3470,21880,4529,21880,766,100
1710,3470,21881,4529,21881,766,100
1710,3470,21882,4529,21882,766,100
1710,3470,21883,4529,21883,766,100
1710,3470,21884,4529,21884,766,100
1710,3470,21885,4529,21885,766,100
1710,3470,21886,4529,21886,766,100
1711,3470,21887,4529,21887,766,100
1711,3470,21888,4529,21888,766,100
1711,3470,21889,4529,21889,766,100
1711,3470,21890,4529,21890,766,100
1711,3470,21891,4529,21891,766,100
1711,3470,21892,4529,21892,766,100
1711,3470,21893,4529,21893,766,100
1711,3470,21894,4529,21894,766,100
1711,3470,21895,4529,21895,766,100
1711,3470,21896,4529,21896,766,100
1711,3470,21897,4529,21897,766,100
1711,3470,21898,4529,21898,766,100
1711,3470,21899,4529,21899,766,100
1711,3470,21900,4529,21900,766,100
1711,3470,21901,4529,21901,766,100
1711,3470,21902,4529,21902,766,100
1712,3470,21903,4529,21903,766,100
1712,3470,21904,4529,21904,766,100
1712,3470,21905,4529,21905,766,100
1712,3470,21906,4529,21906,766,100
1712,3470,21907,4529,21907,766,100
1712,3470,21908,4529,21908,766,100
1712,3470,21909,4529,21909,766,100
1712,3470,21910,4529,21910,766,100
1712,3470,21911,4529,21911,766,100
1712,3470,21912,4529,21912,766,100
1712,3470,21913,4529,21913,766,100
1712,3470,21914,4529,21914,766,100
1712,3470,21915,4529,21915,766,100
1712,3470,21916,4529,21916,766,100
1712,3470,21917,4529,21917,766,100
1712,3470,21918,4529,21918,766,100
1712,3470,21919,4529,21919,766,100
1712,3470,21920,4529,21920,766,100
1712,3470,21921,4529,21921,766,100
1712,3470,21922,4529,21922,766,100
1709,3470,21923,4529,21923,766,100
1709,3470,21924,4529,21924,766,100
1709,3470,21925,4529,21925,766,100
1709,3470,21926,4529,21926,766,100
1709,3470,21927,4529,21927,766,100
1708,3470,21928,4529,21928,766,99
1709,3470,21929,4529,21929,766,99
1709,3470,21930,4529,21930,766,99
1710,3470,21931,4529,21931,766,99
1710,3470,21932,4529,21932,766,99
1710,3470,21933,4529,21933,766,99
1710,3470,21934,4529,21934,766,99
1710,3470,21935,4529,21935,766,99
1710,3470,21936,4529,21936,766,99
1710,3470,21937,4529,21937,766,99
1710,3470,21938,4529,21938,766,99
1710,3470,21939,4529,21939,766,99
1710,3470,21940,4529,21940,766,99
1709,3470,21941,4529,21941,766,99
1709,3470,21942,4529,21942,766,99
1709,3470,21943,4529,21943,766,99
1709,3470,21944,4529,21944,766,99
1709,3470,21945,4529,21945,766,99
1709,3470,21946,4529,21946,766,99
1709,3470,21947,4529,21947,766,99
1709,3470,21948,4529,21948,766,99
1709,3470,21949,4529,21949,766,99
1709,3470,21950,4529,21950,766,99
1708,3470,21951,4529,21951,766,98
1708,3470,21952,4529,21952,766,98
1708,3470,21953,4529,21953,766,98
1708,3470,21954,4529,21954,766,98
1708,3470,21955,4529,21955,766,98
1708,3470,21956,4529,21956,766,98
1709,3470,21957,4529,21957,766,98
1709,3470,21958,4529,21958,766,98
1709,3470,21959,4529,21959,766,98
1709,3470,21960,4529,21960,766,98
1709,3470,21961,4529,21961,766,98
1709,3470,21962,4529,21962,766,98
1709,3470,21963,4529,21963,766,98
1709,3470,21964,4529,21964,766,98
1708,3470,21965,4529,21965,766,98
1708,3470,21966,4529,21966,766,98
1708,3470,21967,4529,21967,766,98
1708,3470,21968,4529,21968,766,98
1707,3470,21969,4529,21969,766,98
1707,3470,21970,4529,21970,766,98
1707,3470,21971,4529,21971,766,98
1707,3470,21972,4529,21972,766,98
1706,3470,21973,4529,21973,766,98
1706,3470,21974,4529,21974,766,98
1706,3470,21975,4529,21975,766,98
1706,3470,21976,4529,21976,766,98
1706,3470,21977,4529,21977,766,98
1706,3470,21978,4529,21978,766,98
1706,3470,21979,4529,21979,766,98
1706,3470,21980,4529,21980,766,98
1706,3470,21981,4529,21981,766,98
1706,3470,21982,4529,21982,766,98
1706,3470,21983,4529,21983,766,98
1706,3470,21984,4529,21984,766,98
1706,3470,21985,4529,21985,766,98
1706,3470,21986,4529,21986,766,98
1706,3470,21987,4529,21987,766,98
1706,3470,21988,4529,21988,766,98
1706,3470,21989,4529,21989,766,98
1706,3470,21990,4529,21990,766,98
1706,3470,21991,4529,21991,766,98
1706,3470,21992,4529,21992,766,98
1706,3470,21993,4529,21993,766,98
1706,3470,21994,4529,21994,766,98
1706,3470,21995,4529,21995,766,98
1706,3470,21996,4529,21996,766,98
1706,3470,21997,4529,21997,766,98
1707,3470,21998,4529,21998,766,98
1707,3470,21999,4529,21999,766,98
1707,3470,22000,4529,22000,766,98
1707,3470,22001,4529,22001,766,98
1706,3470,22002,4529,22002,766,98
1706,3470,22003,4529,22003,766,98
1706,3470,22004,4529,22004,766,98
1706,3470,22005,4529,22005,766,98
1706,3470,22006,4529,22006,766,98
1706,3470,22007,4529,22007,766,98
1706,3470,22008,4529,22008,766,98
1706,3470,22009,4529,22009,766,98
1706,3470,22010,4529,22010,766,98
1706,3470,22011,4529,22011,766,98
1706,3470,22012,4529,22012,766,98
1706,3470,22013,4529,22013,766,98
1706,3470,22014,4529,22014,766,98
1706,3470,22015,4529,22015,766,98
1706,3470,22016,4529,22016,766,98
1706,3470,22017,4529,22017,766,98
1706,3470,22018,4529,22018,766,98
1706,3470,22019,4529,22019,766,98
1706,3470,22020,4529,22020,766,98
1706,3470,22021,4529,22021,766,98
1706,3470,22022,4529,22022,766,98
1705,3470,22023,4529,22023,766,98
1705,3470,22024,4529,22024,766,98
1705,3470,22025,4529,22025,766,98
1705,3470,22026,4529,22026,766,98
1705,3470,22027,4529,22027,766,98
1705,3470,22028,4529,22028,766,98
1705,3470,22029,4529,22029,766,98
1705,3470,22030,4529,22030,766,98
1706,3470,22031,4529,22031,766,98
1706,3470,22032,4529,22032,766,98
1706,3470,22033,4529,22033,766,98
1706,3470,22034,4529,22034,766,98
1705,3470,22035,4529,22035,766,98
1706,3470,22036,4529,22036,766,98
1706,3470,22037,4529,22037,766,98
1706,3470,22038,4529,22038,766,98
1706,3470,22039,4529,22039,766,98
1706,3470,22040,4529,22040,766,98
1706,3470,22041,4529,22041,766,98
1706,3470,22042,4529,22042,766,98
1706,3470,22043,4529,22043,766,98
1706,3470,22044,4529,22044,766,98
1706,3470,22045,4529,22045,766,98
1706,3470,22046,4529,22046,766,98
1706,3470,22047,4529,22047,766,98
1706,3470,22048,4529,22048,766,98
1705,3470,22049,4529,22049,766,98
1705,3470,22050,4529,22050,766,98
1705,3470,22051,4529,22051,766,98
1705,3470,22052,4529,22052,766,98
1705,3470,22053,4529,22053,766,98
1705,3470,22054,4529,22054,766,98
1705,3470,22055,4529,22055,766,98
1705,3470,22056,4529,22056,766,98
1705,3470,22057,4529,22057,766,98
1705,3470,22058,4529,22058,766,98
1705,3470,22059,4529,22059,766,98
1705,3470,22060,4529,22060,766,98
1706,3470,22061,4529,22061,766,98
1706,3470,22062,4529,22062,766,98
1706,3470,22063,4529,22063,766,98
1705,3470,22064,4529,22064,766,98
1705,3470,22065,4529,22065,766,98
1705,3470,22066,4529,22066,766,98
1705,3470,22067,4529,22067,766,98
1705,3470,22068,4529,22068,766,98
1706,3470,22069,4529,22069,766,98
1706,3470,22070,4529,22070,766,98
1706,3470,22071,4529,22071,766,98
1706,3470,22072,4529,22072,766,98
1706,3470,22073,4529,22073,766,98
1706,3470,22074,4529,22074,766,98
1706,3470,22075,4529,22075,766,98
1706,3470,22076,4529,22076,766,98
1706,3470,22077,4529,22077,766,98
1706,3470,22078,4529,22078,766,98
1706,3470,22079,4529,22079,766,98
1706,3470,22080,4529,22080,766,98
1706,3470,22081,4529,22081,766,98
1706,3470,22082,4529,22082,766,98
1706,3470,22083,4529,22083,766,98
1704,3470,22084,4529,22084,766,98
1704,3470,22085,4529,22085,766,98
1704,3470,22086,4529,22086,766,98
1704,3470,22087,4529,22087,766,98
1704,3470,22088,4529,22088,766,98
1704,3470,22089,4529,22089,766,98
1703,3470,22090,4529,22090,766,98
1703,3470,22091,4529,22091,766,98
1703,3470,22092,4529,22092,766,98
1703,3470,22093,4529,22093,766,98
1703,3470,22094,4529,22094,766,98
1703,3470,22095,4529,22095,766,98
1703,3470,22096,4529,22096,766,98
1703,3470,22097,4529,22097,766,98
1703,3470,22098,4529,22098,766,98
1703,3470,22099,4529,22099,766,98
1703,3470,22100,4529,22100,766,98
1703,3470,22101,4529,22101,766,98
1703,3470,22102,4529,22102,766,98
1703,3470,22103,4529,22103,766,98
1703,3470,22104,4529,22104,766,98
1703,3470,22105,4529,22105,766,98
1703,3470,22106,4529,22106,766,98
1703,3470,22107,4529,22107,766,98
1702,3470,22108,4529,22108,766,98
1702,3470,22109,4529,22109,766,98
1702,3470,22110,4529,22110,766,98
1702,3470,22111,4529,22111,766,98
1702,3470,22112,4529,22112,766,98
1702,3470,22113,4529,22113,766,98
1702,3470,22114,4529,22114,766,98
1702,3470,22115,4529,22115,766,98
1702,3470,22116,4529,22116,766,98
1702,3470,22117,4529,22117,766,98
1702,3470,22118,4529,22118,766,98
1702,3470,22119,4529,22119,766,98
1702,3470,22120,4529,22120,766,98
1702,3470,22121,4529,22121,766,98
1702,3470,22122,4529,22122,766,98
1702,3470,22123,4529,22123,766,98
1702,3470,22124,4529,22124,766,98
1702,3470,22125,4529,22125,766,98
1702,3470,22126,4529,22126,766,98
1702,3470,22127,4529,22127,766,98
1702,3470,22128,4529,22128,766,98
1701,3470,22129,4529,22129,766,98
1700,3470,22130,4529,22130,766,98
1699,3470,22131,4529,22131,766,98
1699,3470,22132,4529,22132,766,98
1699,3470,22133,4529,22133,766,98
1699,3470,22134,4529,22134,766,98
1699,3470,22135,4529,22135,766,98
1699,3470,22136,4529,22136,766,98
1699,3470,22137,4529,22137,766,98
1699,3470,22138,4529,22138,766,98
1699,3470,22139,4529,22139,766,98
1699,3470,22140,4529,22140,766,98
1700,3470,22141,4529,22141,766,98
1700,3470,22142,4529,22142,766,98
1700,3470,22143,4529,22143,766,98
1698,3470,22144,4529,22144,766,98
1698,3470,22145,4529,22145,766,98
1698,3470,22146,4529,22146,766,98
1698,3470,22147,4529,22147,766,98
1698,3470,22148,4529,22148,766,98
1698,3470,22149,4529,22149,766,98
1698,3470,22150,4529,22150,766,98
1697,3470,22151,4529,22151,766,98
1697,3470,22152,4529,22152,766,98
1697,3470,22153,4529,22153,766,98
1697,3470,22154,4529,22154,766,98
1697,3470,22155,4529,22155,766,98
1697,3470,22156,4529,22156,766,98
1697,3470,22157,4529,22157,766,98
1697,3470,22158,4529,22158,766,98
1697,3470,22159,4529,22159,766,98
1697,3470,22160,4529,22160,766,98
1697,3470,22161,4529,22161,766,98
1697,3470,22162,4529,22162,766,98
1697,3470,22163,4529,22163,766,98
1698,3470,22164,4529,22164,766,98
1698,3470,22165,4529,22165,766,98
1698,3470,22166,4529,22166,766,98
1698,3470,22167,4529,22167,766,98
1697,3470,22168,4529,22168,766,97
1697,3470,22169,4529,22169,766,97
1697,3470,22170,4529,22170,766,97
1697,3470,22171,4529,22171,766,97
1697,3470,22172,4529,22172,766,97
1697,3470,22173,4529,22173,766,97
1697,3470,22174,4529,22174,766,97
1697,3470,22175,4529,22175,766,97
1697,3470,22176,4529,22176,766,97
1697,3470,22177,4529,22177,766,97
1697,3470,22178,4529,22178,766,97
1697,3470,22179,4529,22179,766,97
1697,3470,22180,4529,22180,766,97
1697,3470,22181,4529,22181,766,97
1697,3470,22182,4529,22182,766,97
1697,3470,22183,4529,22183,766,97
1697,3470,22184,4529,22184,766,97
1697,3470,22185,4529,22185,766,97
1697,3470,22186,4529,22186,766,97
1697,3470,22187,4529,22187,766,97
1697,3470,22188,4529,22188,766,97
1697,3470,22189,4529,22189,766,97
1697,3470,22190,4529,22190,766,97
1697,3470,22191,4529,22191,766,97
1697,3470,22192,4529,22192,766,97
1697,3470,22193,4529,22193,766,97
1697,3470,22194,4529,22194,766,97
1697,3470,22195,4529,22195,766,97
1697,3470,22196,4529,22196,766,97
1697,3470,22197,4529,22197,766,97
1697,3470,22198,4529,22198,766,97
1697,3470,22199,4529,22199,766,97
1697,3470,22200,4529,22200,766,97
1697,3470,22201,4529,22201,766,97
1697,3470,22202,4529,22202,766,97
1697,3470,22203,4529,22203,766,97
1697,3470,22204,4529,22204,766,97
1697,3470,22205,4529,22205,766,97
1697,3470,22206,4529,22206,766,97
1697,3470,22207,4529,22207,766,97
1697,3470,22208,4529,22208,766,97
1696,3470,22209,4529,22209,766,97
1696,3470,22210,4529,22210,766,97
1697,3470,22211,4529,22211,766,97
1696,3470,22212,4529,22212,766,96
1696,3470,22213,4529,22213,766,96
1696,3470,22214,4529,22214,766,96
1696,3470,22215,4529,22215,766,96
1697,3470,22216,4529,22216,766,96
1697,3470,22217,4529,22217,766,96
1697,3470,22218,4529,22218,766,96
1697,3470,22219,4529,22219,766,96
1697,3470,22220,4529,22220,766,96
1698,3470,22221,4529,22221,766,96
1698,3470,22222,4529,22222,766,96
1698,3470,22223,4529,22223,766,96
1698,3470,22224,4529,22224,766,96
1698,3470,22225,4529,22225,766,96
1698,3470,22226,4529,22226,766,96
1698,3470,22227,4529,22227,766,96
1698,3470,22228,4529,22228,766,96
1698,3470,22229,4529,22229,766,96
1698,3470,22230,4529,22230,766,96
1698,3470,22231,4529,22231,766,96
1698,3470,22232,4529,22232,766,96
1698,3470,22233,4529,22233,766,96
1698,3470,22234,4529,22234,766,96
1698,3470,22235,4529,22235,766,96
1698,3470,22236,4529,22236,766,96
1698,3470,22237,4529,22237,766,96
1698,3470,22238,4529,22238,766,96
1698,3470,22239,4529,22239,766,96
1699,3470,22240,4529,22240,766,96
1699,3470,22241,4529,22241,766,96
1699,3470,22242,4529,22242,766,96
1698,3470,22243,4529,22243,766,96
1698,3470,22244,4529,22244,766,96
1698,3470,22245,4529,22245,766,96
1698,3470,22246,4529,22246,766,96
1698,3470,22247,4529,22247,766,96
1698,3470,22248,4529,22248,766,96
1698,3470,22249,4529,22249,766,96
1698,3470,22250,4529,22250,766,96
1698,3470,22251,4529,22251,766,96
1698,3470,22252,4529,22252,766,96
1698,3470,22253,4529,22253,766,96
1698,3470,22254,4529,22254,766,96
1698,3470,22255,4529,22255,766,96
1698,3470,22256,4529,22256,766,96
1698,3470,22257,4529,22257,766,96
1698,3470,22258,4529,22258,766,96
1698,3470,22259,4529,22259,766,96
1698,3470,22260,4529,22260,766,96
1699,3470,22261,4529,22261,766,96
1700,3470,22262,4529,22262,766,96
1700,3470,22263,4529,22263,766,96
1700,3470,22264,4529,22264,766,96
1700,3470,22265,4529,22265,766,96
1700,3470,22266,4529,22266,766,96
1700,3470,22267,4529,22267,766,96
1700,3470,22268,4529,22268,766,96
1700,3470,22269,4529,22269,766,96
1700,3470,22270,4529,22270,766,96
1700,3470,22271,4529,22271,766,96
1700,3470,22272,4529,22272,766,96
1700,3470,22273,4529,22273,766,96
1700,3470,22274,4529,22274,766,96
1700,3470,22275,4529,22275,766,96
1700,3470,22276,4529,22276,766,96
1700,3470,22277,4529,22277,766,96
1700,3470,22278,4529,22278,766,96
1700,3470,22279,4529,22279,766,96
1700,3470,22280,4529,22280,766,96
1700,3470,22281,4529,22281,766,96
1700,3470,22282,4529,22282,766,96
1700,3470,22283,4529,22283,766,96
1700,3470,22284,4529,22284,766,96
1700,3470,22285,4529,22285,766,96
1700,3470,22286,4529,22286,766,96
1700,3470,22287,4529,22287,766,96
1700,3470,22288,4529,22288,766,96
1700,3470,22289,4529,22289,766,96
1700,3470,22290,4529,22290,766,96
1700,3470,22291,4529,22291,766,96
1700,3470,22292,4529,22292,766,96
1700,3470,22293,4529,22293,766,96
1700,3470,22294,4529,22294,766,96
1700,3470,22295,4529,22295,766,96
1701,3470,22296,4529,22296,766,96
1701,3470,22297,4529,22297,766,96
1701,3470,22298,4529,22298,766,96
1701,3470,22299,4529,22299,766,96
1701,3470,22300,4529,22300,766,96
1701,3470,22301,4529,22301,766,96
1701,3470,22302,4529,22302,766,96
1701,3470,22303,4529,22303,766,96
1701,3470,22304,4529,22304,766,96
1700,3470,22305,4529,22305,766,95
1700,3470,22306,4529,22306,766,95
1700,3470,22307,4529,22307,766,95
1700,3470,22308,4529,22308,766,95
1700,3470,22309,4529,22309,766,95
1700,3470,22310,4529,22310,766,95
1700,3470,22311,4529,22311,766,95
1699,3470,22312,4529,22312,766,95
1698,3470,22313,4529,22313,766,95
1698,3470,22314,4529,22314,766,95
1698,3470,22315,4529,22315,766,95
1698,3470,22316,4529,22316,766,95
1698,3470,22317,4529,22317,766,95
1698,3470,22318,4529,22318,766,95
1698,3470,22319,4529,22319,766,95
1698,3470,22320,4529,22320,766,95
1698,3470,22321,4529,22321,766,95
1698,3470,22322,4529,22322,766,95
1698,3470,22323,4529,22323,766,95
1698,3470,22324,4529,22324,766,95
1699,3470,22325,4529,22325,766,95
1699,3470,22326,4529,22326,766,95
1699,3470,22327,4529,22327,766,95
1699,3470,22328,4529,22328,766,95
1699,3470,22329,4529,22329,766,95
1699,3470,22330,4529,22330,766,95
1699,3470,22331,4529,22331,766,95
1699,3470,22332,4529,22332,766,95
1699,3470,22333,4529,22333,766,95
1699,3470,22334,4529,22334,766,95
1700,3470,22335,4529,22335,766,95
1700,3470,22336,4529,22336,766,95
1700,3470,22337,4529,22337,766,95
1700,3470,22338,4529,22338,766,95
1700,3470,22339,4529,22339,766,95
1700,3470,22340,4529,22340,766,95
1700,3470,22341,4529,22341,766,95
1700,3470,22342,4529,22342,766,95
1700,3470,22343,4529,22343,766,95
1700,3470,22344,4529,22344,766,95
1700,3470,22345,4529,22345,766,95
1700,3470,22346,4529,22346,766,95
1700,3470,22347,4529,22347,766,95
1699,3470,22348,4529,22348,766,95
1699,3470,22349,4529,22349,766,95
1699,3470,22350,4529,22350,766,95
1699,3470,22351,4529,22351,766,95
1699,3470,22352,4529,22352,766,95
1699,3470,22353,4529,22353,766,95
1699,3470,22354,4529,22354,766,95
1699,3470,22355,4529,22355,766,95
1699,3470,22356,4529,22356,766,95
1699,3470,22357,4529,22357,766,95
1699,3470,22358,4529,22358,766,95
1699,3470,22359,4529,22359,766,95
1699,3470,22360,4529,22360,766,95
1698,3470,22361,4529,22361,766,95
1698,3470,22362,4529,22362,766,95
1698,3470,22363,4529,22363,766,95
1698,3470,22364,4529,22364,766,95
1698,3470,22365,4529,22365,766,95
1699,3470,22366,4529,22366,766,95
1699,3470,22367,4529,22367,766,95
1699,3470,22368,4529,22368,766,95
1699,3470,22369,4529,22369,766,95
1699,3470,22370,4529,22370,766,95
1699,3470,22371,4529,22371,766,95
1699,3470,22372,4529,22372,766,95
1699,3470,22373,4529,22373,766,95
1699,3470,22374,4529,22374,766,95
1699,3470,22375,4529,22375,766,95
1698,3470,22376,4529,22376,766,95
1698,3470,22377,4529,22377,766,95
1698,3470,22378,4529,22378,766,95
1698,3470,22379,4529,22379,766,95
1698,3470,22380,4529,22380,766,95
1698,3470,22381,4529,22381,766,95
1698,3470,22382,4529,22382,766,95
1698,3470,22383,4529,22383,766,95
1699,3470,22384,4529,22384,766,95
1699,3470,22385,4529,22385,766,95
1699,3470,22386,4529,22386,766,95
1699,3470,22387,4529,22387,766,95
1699,3470,22388,4529,22388,766,95
1699,3470,22389,4529,22389,766,95
1699,3470,22390,4529,22390,766,95
1699,3470,22391,4529,22391,766,95
1699,3470,22392,4529,22392,766,95
1698,3470,22393,4529,22393,766,95
1698,3470,22394,4529,22394,766,95
1698,3470,22395,4529,22395,766,95
1698,3470,22396,4529,22396,766,95
1698,3470,22397,4529,22397,766,95
1698,3470,22398,4529,22398,766,95
1698,3470,22399,4529,22399,766,95
1698,3470,22400,4529,22400,766,95
1698,3470,22401,4529,22401,766,95
1698,3470,22402,4529,22402,766,95
1698,3470,22403,4529,22403,766,95
1698,3470,22404,4529,22404,766,95
1698,3470,22405,4529,22405,766,95
1698,3470,22406,4529,22406,766,95
1698,3470,22407,4529,22407,766,95
1698,3470,22408,4529,22408,766,95
1698,3470,22409,4529,22409,766,95
1698,3470,22410,4529,22410,766,95
1697,3470,22411,4529,22411,766,94
1696,3470,22412,4529,22412,766,94
1697,3470,22413,4529,22413,766,94
1697,3470,22414,4529,22414,766,94
1697,3470,22415,4529,22415,766,94
1697,3470,22416,4529,22416,766,94
1697,3470,22417,4529,22417,766,94
1697,3470,22418,4529,22418,766,94
1697,3470,22419,4529,22419,766,94
1697,3470,22420,4529,22420,766,94
1697,3470,22421,4529,22421,766,94
1696,3470,22422,4529,22422,766,93
1696,3470,22423,4529,22423,766,93
1696,3470,22424,4529,22424,766,93
1696,3470,22425,4529,22425,766,93
1696,3470,22426,4529,22426,766,93
1696,3470,22427,4529,22427,766,93
1697,3470,22428,4529,22428,766,93
1697,3470,22429,4529,22429,766,93
1697,3470,22430,4529,22430,766,93
1697,3470,22431,4529,22431,766,93
1697,3470,22432,4529,22432,766,93
1697,3470,22433,4529,22433,766,93
1697,3470,22434,4529,22434,766,93
1697,3470,22435,4529,22435,766,93
1697,3470,22436,4529,22436,766,93
1697,3470,22437,4529,22437,766,93
1696,3470,22438,4529,22438,766,93
1696,3470,22439,4529,22439,766,93
1695,3470,22440,4529,22440,766,93
1695,3470,22441,4529,22441,766,93
1696,3470,22442,4529,22442,766,93
1696,3470,22443,4529,22443,766,93
1696,3470,22444,4529,22444,766,93
1696,3470,22445,4529,22445,766,93
1696,3470,22446,4529,22446,766,93
1696,3470,22447,4529,22447,766,93
1696,3470,22448,4529,22448,766,93
1697,3470,22449,4529,22449,766,93
1697,3470,22450,4529,22450,766,93
1697,3470,22451,4529,22451,766,93
1697,3470,22452,4529,22452,766,93
1697,3470,22453,4529,22453,766,93
1697,3470,22454,4529,22454,766,93
1697,3470,22455,4529,22455,766,93
1697,3470,22456,4529,22456,766,93
1697,3470,22457,4529,22457,766,93
1697,3470,22458,4529,22458,766,93
1697,3470,22459,4529,22459,766,93
1697,3470,22460,4529,22460,766,93
1697,3470,22461,4529,22461,766,93
1697,3470,22462,4529,22462,766,93
1697,3470,22463,4529,22463,766,93
1697,3470,22464,4529,22464,766,93
1697,3470,22465,4529,22465,766,93
1696,3470,22466,4529,22466,766,92
1695,3470,22467,4529,22467,766,92
1695,3470,22468,4529,22468,766,92
1695,3470,22469,4529,22469,766,92
1695,3470,22470,4529,22470,766,92
1695,3470,22471,4529,22471,766,92
1695,3470,22472,4529,22472,766,92
1695,3470,22473,4529,22473,766,92
1695,3470,22474,4529,22474,766,92
1694,3470,22475,4529,22475,766,92
1694,3470,22476,4529,22476,766,92
1694,3470,22477,4529,22477,766,92
1694,3470,22478,4529,22478,766,92
1694,3470,22479,4529,22479,766,92
1694,3470,22480,4529,22480,766,92
1694,3470,22481,4529,22481,766,92
1694,3470,22482,4529,22482,766,92
1694,3470,22483,4529,22483,766,92
1693,3470,22484,4529,22484,766,92
1693,3470,22485,4529,22485,766,92
1693,3470,22486,4529,22486,766,92
1693,3470,22487,4529,22487,766,92
1693,3470,22488,4529,22488,766,92
1693,3470,22489,4529,22489,766,92
1693,3470,22490,4529,22490,766,92
1693,3470,22491,4529,22491,766,92
1693,3470,22492,4529,22492,766,92
1692,3470,22493,4529,22493,766,92
1692,3470,22494,4529,22494,766,92
1692,3470,22495,4529,22495,766,92
1692,3470,22496,4529,22496,766,92
1692,3470,22497,4529,22497,766,92
1692,3470,22498,4529,22498,766,92
1692,3470,22499,4529,22499,766,92
1692,3470,22500,4529,22500,766,92
1692,3470,22501,4529,22501,766,92
1692,3470,22502,4529,22502,766,92
1692,3470,22503,4529,22503,766,92
1692,3470,22504,4529,22504,766,92
1692,3470,22505,4529,22505,766,92
1692,3470,22506,4529,22506,766,92
1692,3470,22507,4529,22507,766,92
1692,3470,22508,4529,22508,766,92
1692,3470,22509,4529,22509,766,92
1692,3470,22510,4529,22510,766,92
1692,3470,22511,4529,22511,766,92
1692,3470,22512,4529,22512,766,92
1692,3470,22513,4529,22513,766,92
1692,3470,22514,4529,22514,766,92
1692,3470,22515,4529,22515,766,92
1691,3470,22516,4529,22516,766,92
1691,3470,22517,4529,22517,766,92
1691,3470,22518,4529,22518,766,92
1691,3470,22519,4529,22519,766,92
1691,3470,22520,4529,22520,766,92
1691,3470,22521,4529,22521,766,92
1691,3470,22522,4529,22522,766,92
1691,3470,22523,4529,22523,766,92
1690,3470,22524,4529,22524,766,92
1690,3470,22525,4529,22525,766,92
1690,3470,22526,4529,22526,766,92
1690,3470,22527,4529,22527,766,92
1690,3470,22528,4529,22528,766,92
1690,3470,22529,4529,22529,766,92
1691,3470,22530,4529,22530,766,92
1691,3470,22531,4529,22531,766,92
1691,3470,22532,4529,22532,766,92
1691,3470,22533,4529,22533,766,92
1691,3470,22534,4529,22534,766,92
1691,3470,22535,4529,22535,766,92
1691,3470,22536,4529,22536,766,92
1691,3470,22537,4529,22537,766,92
1691,3470,22538,4529,22538,766,92
1691,3470,22539,4529,22539,766,92
1691,3470,22540,4529,22540,766,92
1691,3470,22541,4529,22541,766,92
1691,3470,22542,4529,22542,766,92
1691,3470,22543,4529,22543,766,92
1691,3470,22544,4529,22544,766,92
1691,3470,22545,4529,22545,766,92
1690,3470,22546,4529,22546,766,92
1690,3470,22547,4529,22547,766,92
1690,3470,22548,4529,22548,766,92
1690,3470,22549,4529,22549,766,92
1690,3470,22550,4529,22550,766,92
1690,3470,22551,4529,22551,766,92
1691,3470,22552,4529,22552,766,92
1691,3470,22553,4529,22553,766,92
1691,3470,22554,4529,22554,766,92
1691,3470,22555,4529,22555,766,92
1690,3470,22556,4529,22556,766,92
1690,3470,22557,4529,22557,766,92
1690,3470,22558,4529,22558,766,92
1690,3470,22559,4529,22559,766,92
1690,3470,22560,4529,22560,766,92
1690,3470,22561,4529,22561,766,92
1690,3470,22562,4529,22562,766,92
1690,3470,22563,4529,22563,766,92
1690,3470,22564,4529,22564,766,92
1691,3470,22565,4529,22565,766,92
1691,3470,22566,4529,22566,766,92
1690,3470,22567,4529,22567,766,92
1690,3470,22568,4529,22568,766,92
1690,3470,22569,4529,22569,766,92
1691,3470,22570,4529,22570,766,92
1691,3470,22571,4529,22571,766,92
1691,3470,22572,4529,22572,766,92
1691,3470,22573,4529,22573,766,92
1691,3470,22574,4529,22574,766,92
1691,3470,22575,4529,22575,766,92
1692,3470,22576,4529,22576,766,92
1692,3470,22577,4529,22577,766,92
1692,3470,22578,4529,22578,766,92
1692,3470,22579,4529,22579,766,92
1692,3470,22580,4529,22580,766,92
1692,3470,22581,4529,22581,766,92
1693,3470,22582,4529,22582,766,92
1693,3470,22583,4529,22583,766,92
1693,3470,22584,4529,22584,766,92
1693,3470,22585,4529,22585,766,92
1693,3470,22586,4529,22586,766,92
1693,3470,22587,4529,22587,766,92
1693,3470,22588,4529,22588,766,92
1693,3470,22589,4529,22589,766,92
1693,3470,22590,4529,22590,766,92
1693,3470,22591,4529,22591,766,92
1693,3470,22592,4529,22592,766,92
1693,3470,22593,4529,22593,766,92
1693,3470,22594,4529,22594,766,92
1693,3470,22595,4529,22595,766,92
1693,3470,22596,4529,22596,766,92
1693,3470,22597,4529,22597,766,92
1694,3470,22598,4529,22598,766,92
1694,3470,22599,4529,22599,766,92
1694,3470,22600,4529,22600,766,92
1694,3470,22601,4529,22601,766,92
1694,3470,22602,4529,22602,766,92
1694,3470,22603,4529,22603,766,92
1694,3470,22604,4529,22604,766,92
1694,3470,22605,4529,22605,766,92
1694,3470,22606,4529,22606,766,92
1694,3470,22607,4529,22607,766,92
1694,3470,22608,4529,22608,766,92
1694,3470,22609,4529,22609,766,92
1694,3470,22610,4529,22610,766,92
1694,3470,22611,4529,22611,766,92
1694,3470,22612,4529,22612,766,92
1694,3470,22613,4529,22613,766,92
1694,3470,22614,4529,22614,766,92
1694,3470,22615,4529,22615,766,92
1694,3470,22616,4529,22616,766,92
1694,3470,22617,4529,22617,766,92
1695,3470,22618,4529,22618,766,92
1695,3470,22619,4529,22619,766,92
1695,3470,22620,4529,22620,766,92
1695,3470,22621,4529,22621,766,92
1695,3470,22622,4529,22622,766,92
1695,3470,22623,4529,22623,766,92
1695,3470,22624,4529,22624,766,92
1695,3470,22625,4529,22625,766,92
1695,3470,22626,4529,22626,766,92
1695,3470,22627,4529,22627,766,92
1696,3470,22628,4529,22628,766,92
1696,3470,22629,4529,22629,766,92
1696,3470,22630,4529,22630,766,92
1696,3470,22631,4529,22631,766,92
1694,3470,22632,4529,22632,766,91
1694,3470,22633,4529,22633,766,91
1694,3470,22634,4529,22634,766,91
1694,3470,22635,4529,22635,766,91
1694,3470,22636,4529,22636,766,91
1694,3470,22637,4529,22637,766,91
1694,3470,22638,4529,22638,766,91
1694,3470,22639,4529,22639,766,91
1694,3470,22640,4529,22640,766,91
1694,3470,22641,4529,22641,766,91
1694,3470,22642,4529,22642,766,91
1694,3470,22643,4529,22643,766,91
1694,3470,22644,4529,22644,766,91
1694,3470,22645,4529,22645,766,91
1694,3470,22646,4529,22646,766,91
1694,3470,22647,4529,22647,766,91
1694,3470,22648,4529,22648,766,91
1694,3470,22649,4529,22649,766,91
1694,3470,22650,4529,22650,766,91
1695,3470,22651,4529,22651,766,91
1695,3470,22652,4529,22652,766,91
1695,3470,22653,4529,22653,766,91
1695,3470,22654,4529,22654,766,91
1695,3470,22655,4529,22655,766,91
1694,3470,22656,4529,22656,766,91
1694,3470,22657,4529,22657,766,91
1694,3470,22658,4529,22658,766,91
1694,3470,22659,4529,22659,766,91
1694,3470,22660,4529,22660,766,91
1694,3470,22661,4529,22661,766,91
1694,3470,22662,4529,22662,766,91
1694,3470,22663,4529,22663,766,91
1694,3470,22664,4529,22664,766,91
1694,3470,22665,4529,22665,766,91
1694,3470,22666,4529,22666,766,91
1694,3470,22667,4529,22667,766,91
1694,3470,22668,4529,22668,766,91
1694,3470,22669,4529,22669,766,91
1694,3470,22670,4529,22670,766,91
1694,3470,22671,4529,22671,766,91
1694,3470,22672,4529,22672,766,91
1694,3470,22673,4529,22673,766,91
1694,3470,22674,4529,22674,766,91
1694,3470,22675,4529,22675,766,91
1694,3470,22676,4529,22676,766,91
1694,3470,22677,4529,22677,766,91
1694,3470,22678,4529,22678,766,91
1694,3470,22679,4529,22679,766,91
1694,3470,22680,4529,22680,766,91
1694,3470,22681,4529,22681,766,91
1694,3470,22682,4529,22682,766,91
1694,3470,22683,4529,22683,766,91
1694,3470,22684,4529,22684,766,91
1693,3470,22685,4529,22685,766,91
1693,3470,22686,4529,22686,766,91
1693,3470,22687,4529,22687,766,91
1693,3470,22688,4529,22688,766,91
1694,3470,22689,4529,22689,766,91
1694,3470,22690,4529,22690,766,91
1694,3470,22691,4529,22691,766,91
1694,3470,22692,4529,22692,766,91
1694,3470,22693,4529,22693,766,91
1694,3470,22694,4529,22694,766,91
1694,3470,22695,4529,22695,766,91
1694,3470,22696,4529,22696,766,91
1694,3470,22697,4529,22697,766,91
1694,3470,22698,4529,22698,766,91
1694,3470,22699,4529,22699,766,91
1694,3470,22700,4529,22700,766,91
1694,3470,22701,4529,22701,766,91
1694,3470,22702,4529,22702,766,91
1694,3470,22703,4529,22703,766,91
1694,3470,22704,4529,22704,766,91
1694,3470,22705,4529,22705,766,91
1694,3470,22706,4529,22706,766,91
1694,3470,22707,4529,22707,766,91
1694,3470,22708,4529,22708,766,91
1694,3470,22709,4529,22709,766,91
1694,3470,22710,4529,22710,766,91
1694,3470,22711,4529,22711,766,91
1694,3470,22712,4529,22712,766,91
1694,3470,22713,4529,22713,766,91
1694,3470,22714,4529,22714,766,91
1694,3470,22715,4529,22715,766,91
1694,3470,22716,4529,22716,766,91
1694,3470,22717,4529,22717,766,91
1694,3470,22718,4529,22718,766,91
1694,3470,22719,4529,22719,766,91
1694,3470,22720,4529,22720,766,91
1694,3470,22721,4529,22721,766,91
1693,3470,22722,4529,22722,766,91
1693,3470,22723,4529,22723,766,91
1693,3470,22724,4529,22724,766,91
1693,3470,22725,4529,22725,766,91
1693,3470,22726,4529,22726,766,91
1693,3470,22727,4529,22727,766,91
1693,3470,22728,4529,22728,766,91
1693,3470,22729,4529,22729,766,91
1693,3470,22730,4529,22730,766,91
1694,3470,22731,4529,22731,766,91
1693,3470,22732,4529,22732,766,91
1693,3470,22733,4529,22733,766,91
1693,3470,22734,4529,22734,766,91
1693,3470,22735,4529,22735,766,91
1693,3470,22736,4529,22736,766,91
1693,3470,22737,4529,22737,766,91
1693,3470,22738,4529,22738,766,91
1693,3470,22739,4529,22739,766,91
1693,3470,22740,4529,22740,766,91
1693,3470,22741,4529,22741,766,91
1693,3470,22742,4529,22742,766,91
1693,3470,22743,4529,22743,766,91
1693,3470,22744,4529,22744,766,91
1693,3470,22745,4529,22745,766,91
1693,3470,22746,4529,22746,766,91
1693,3470,22747,4529,22747,766,91
1693,3470,22748,4529,22748,766,91
1693,3470,22749,4529,22749,766,91
1693,3470,22750,4529,22750,766,91
1693,3470,22751,4529,22751,766,91
1693,3470,22752,4529,22752,766,91
1693,3470,22753,4529,22753,766,91
1693,3470,22754,4529,22754,766,91
1693,3470,22755,4529,22755,766,91
1693,3470,22756,4529,22756,766,91
1693,3470,22757,4529,22757,766,91
1693,3470,22758,4529,22758,766,91
1693,3470,22759,4529,22759,766,91
1693,3470,22760,4529,22760,766,91
1693,3470,22761,4529,22761,766,91
1693,3470,22762,4529,22762,766,91
1693,3470,22763,4529,22763,766,91
1693,3470,22764,4529,22764,766,91
1693,3470,22765,4529,22765,766,91
1693,3470,22766,4529,22766,766,91
1693,3470,22767,4529,22767,766,91
1693,3470,22768,4529,22768,766,91
1693,3470,22769,4529,22769,766,91
1693,3470,22770,4529,22770,766,91
1693,3470,22771,4529,22771,766,91
1692,3470,22772,4529,22772,766,91
1692,3470,22773,4529,22773,766,91
1692,3470,22774,4529,22774,766,91
1692,3470,22775,4529,22775,766,91
1692,3470,22776,4529,22776,766,91
1692,3470,22777,4529,22777,766,91
1692,3470,22778,4529,22778,766,91
1692,3470,22779,4529,22779,766,91
1692,3470,22780,4529,22780,766,91
1692,3470,22781,4529,22781,766,91
1692,3470,22782,4529,22782,766,91
1692,3470,22783,4529,22783,766,91
1693,3470,22784,4529,22784,766,91
1693,3470,22785,4529,22785,766,91
1693,3470,22786,4529,22786,766,91
1693,3470,22787,4529,22787,766,91
1693,3470,22788,4529,22788,766,91
1693,3470,22789,4529,22789,766,91
1693,3470,22790,4529,22790,766,91
1693,3470,22791,4529,22791,766,91
1693,3470,22792,4529,22792,766,91
1693,3470,22793,4529,22793,766,91
1693,3470,22794,4529,22794,766,91
1693,3470,22795,4529,22795,766,91
1693,3470,22796,4529,22796,766,91
1693,3470,22797,4529,22797,766,91
1693,3470,22798,4529,22798,766,91
1693,3470,22799,4529,22799,766,91
1693,3470,22800,4529,22800,766,91
1693,3470,22801,4529,22801,766,91
1691,3470,22802,4529,22802,766,91
1691,3470,22803,4529,22803,766,91
1691,3470,22804,4529,22804,766,91
1691,3470,22805,4529,22805,766,91
1691,3470,22806,4529,22806,766,91
1691,3470,22807,4529,22807,766,91
1691,3470,22808,4529,22808,766,91
1691,3470,22809,4529,22809,766,91
1691,3470,22810,4529,22810,766,91
1691,3470,22811,4529,22811,766,91
1691,3470,22812,4529,22812,766,91
1690,3470,22813,4529,22813,766,90
1690,3470,22814,4529,22814,766,90
1691,3470,22815,4529,22815,766,90
1691,3470,22816,4529,22816,766,90
1691,3470,22817,4529,22817,766,90
1691,3470,22818,4529,22818,766,90
1691,3470,22819,4529,22819,766,90
1691,3470,22820,4529,22820,766,90
1691,3470,22821,4529,22821,766,90
1691,3470,22822,4529,22822,766,90
1691,3470,22823,4529,22823,766,90
1691,3470,22824,4529,22824,766,90
1692,3470,22825,4529,22825,766,90
1692,3470,22826,4529,22826,766,90
1691,3470,22827,4529,22827,766,90
1691,3470,22828,4529,22828,766,90
1691,3470,22829,4529,22829,766,90
1692,3470,22830,4529,22830,766,90
1692,3470,22831,4529,22831,766,90
1692,3470,22832,4529,22832,766,90
1692,3470,22833,4529,22833,766,90
1692,3470,22834,4529,22834,766,90
1692,3470,22835,4529,22835,766,90
1692,3470,22836,4529,22836,766,90
1692,3470,22837,4529,22837,766,90
1692,3470,22838,4529,22838,766,90
1692,3470,22839,4529,22839,766,90
1691,3470,22840,4529,22840,766,90
1691,3470,22841,4529,22841,766,90
1691,3470,22842,4529,22842,766,90
1692,3470,22843,4529,22843,766,90
1692,3470,22844,4529,22844,766,90
1692,3470,22845,4529,22845,766,90
1692,3470,22846,4529,22846,766,90
1693,3470,22847,4529,22847,766,90
1693,3470,22848,4529,22848,766,90
1692,3470,22849,4529,22849,766,90
1692,3470,22850,4529,22850,766,90
1692,3470,22851,4529,22851,766,90
1692,3470,22852,4529,22852,766,90
1692,3470,22853,4529,22853,766,90
1692,3470,22854,4529,22854,766,90
1692,3470,22855,4529,22855,766,90
1692,3470,22856,4529,22856,766,90
1692,3470,22857,4529,22857,766,90
1691,3470,22858,4529,22858,766,89
1691,3470,22859,4529,22859,766,89
1691,3470,22860,4529,22860,766,89
1691,3470,22861,4529,22861,766,89
1691,3470,22862,4529,22862,766,89
1691,3470,22863,4529,22863,766,89
1691,3470,22864,4529,22864,766,89
1691,3470,22865,4529,22865,766,89
1691,3470,22866,4529,22866,766,89
1691,3470,22867,4529,22867,766,89
1691,3470,22868,4529,22868,766,89
1691,3470,22869,4529,22869,766,89
1691,3470,22870,4529,22870,766,89
1691,3470,22871,4529,22871,766,89
1691,3470,22872,4529,22872,766,89
1690,3470,22873,4529,22873,766,89
1690,3470,22874,4529,22874,766,89
1690,3470,22875,4529,22875,766,89
1691,3470,22876,4529,22876,766,89
1691,3470,22877,4529,22877,766,89
1691,3470,22878,4529,22878,766,89
1691,3470,22879,4529,22879,766,89
1691,3470,22880,4529,22880,766,89
1691,3470,22881,4529,22881,766,89
1691,3470,22882,4529,22882,766,89
1691,3470,22883,4529,22883,766,89
1691,3470,22884,4529,22884,766,89
1691,3470,22885,4529,22885,766,89
1691,3470,22886,4529,22886,766,89
1691,3470,22887,4529,22887,766,89
1691,3470,22888,4529,22888,766,89
1691,3470,22889,4529,22889,766,89
1690,3470,22890,4529,22890,766,89
1690,3470,22891,4529,22891,766,89
1690,3470,22892,4529,22892,766,89
1690,3470,22893,4529,22893,766,89
1689,3470,22894,4529,22894,766,89
1689,3470,22895,4529,22895,766,89
1689,3470,22896,4529,22896,766,89
1689,3470,22897,4529,22897,766,89
1689,3470,22898,4529,22898,766,89
1690,3470,22899,4529,22899,766,89
1690,3470,22900,4529,22900,766,89
1691,3470,22901,4529,22901,766,89
1690,3470,22902,4529,22902,766,89
1690,3470,22903,4529,22903,766,89
1690,3470,22904,4529,22904,766,89
1690,3470,22905,4529,22905,766,89
1690,3470,22906,4529,22906,766,89
1690,3470,22907,4529,22907,766,89
1690,3470,22908,4529,22908,766,89
1690,3470,22909,4529,22909,766,89
1689,3470,22910,4529,22910,766,89
1689,3470,22911,4529,22911,766,89
1689,3470,22912,4529,22912,766,89
1689,3470,22913,4529,22913,766,89
1688,3470,22914,4529,22914,766,88
1688,3470,22915,4529,22915,766,88
1688,3470,22916,4529,22916,766,88
1688,3470,22917,4529,22917,766,88
1688,3470,22918,4529,22918,766,88
1689,3470,22919,4529,22919,766,88
1689,3470,22920,4529,22920,766,88
1689,3470,22921,4529,22921,766,88
1689,3470,22922,4529,22922,766,88
1689,3470,22923,4529,22923,766,88
1689,3470,22924,4529,22924,766,88
1689,3470,22925,4529,22925,766,88
1688,3470,22926,4529,22926,766,88
1688,3470,22927,4529,22927,766,88
1688,3470,22928,4529,22928,766,88
1688,3470,22929,4529,22929,766,88
1688,3470,22930,4529,22930,766,88
1688,3470,22931,4529,22931,766,88
1688,3470,22932,4529,22932,766,88
1688,3470,22933,4529,22933,766,88
1688,3470,22934,4529,22934,766,88
1688,3470,22935,4529,22935,766,88
1688,3470,22936,4529,22936,766,88
1688,3470,22937,4529,22937,766,88
1688,3470,22938,4529,22938,766,88
1688,3470,22939,4529,22939,766,88
1688,3470,22940,4529,22940,766,88
1688,3470,22941,4529,22941,766,88
1688,3470,22942,4529,22942,766,88
1689,3470,22943,4529,22943,766,88
1689,3470,22944,4529,22944,766,88
1689,3470,22945,4529,22945,766,88
1689,3470,22946,4529,22946,766,88
1688,3470,22947,4529,22947,766,88
1688,3470,22948,4529,22948,766,88
1688,3470,22949,4529,22949,766,88
1688,3470,22950,4529,22950,766,88
1688,3470,22951,4529,22951,766,88
1688,3470,22952,4529,22952,766,88
1688,3470,22953,4529,22953,766,88
1688,3470,22954,4529,22954,766,88
1688,3470,22955,4529,22955,766,88
1687,3470,22956,4529,22956,766,88
1687,3470,22957,4529,22957,766,88
1687,3470,22958,4529,22958,766,88
1687,3470,22959,4529,22959,766,88
1687,3470,22960,4529,22960,766,88
1687,3470,22961,4529,22961,766,88
1687,3470,22962,4529,22962,766,88
1687,3470,22963,4529,22963,766,88
1687,3470,22964,4529,22964,766,88
1687,3470,22965,4529,22965,766,88
1687,3470,22966,4529,22966,766,88
1687,3470,22967,4529,22967,766,88
1687,3470,22968,4529,22968,766,88
1687,3470,22969,4529,22969,766,88
1687,3470,22970,4529,22970,766,88
1687,3470,22971,4529,22971,766,88
1687,3470,22972,4529,22972,766,88
1687,3470,22973,4529,22973,766,88
1687,3470,22974,4529,22974,766,88
1686,3470,22975,4529,22975,766,88
1686,3470,22976,4529,22976,766,88
1686,3470,22977,4529,22977,766,88
1686,3470,22978,4529,22978,766,88
1686,3470,22979,4529,22979,766,88
1686,3470,22980,4529,22980,766,88
1686,3470,22981,4529,22981,766,88
1686,3470,22982,4529,22982,766,88
1686,3470,22983,4529,22983,766,88
1686,3470,22984,4529,22984,766,88
1686,3470,22985,4529,22985,766,88
1686,3470,22986,4529,22986,766,88
1686,3470,22987,4529,22987,766,88
1686,3470,22988,4529,22988,766,88
1686,3470,22989,4529,22989,766,88
1686,3470,22990,4529,22990,766,88
1686,3470,22991,4529,22991,766,88
1687,3470,22992,4529,22992,766,88
1688,3470,22993,4529,22993,766,88
1688,3470,22994,4529,22994,766,88
1688,3470,22995,4529,22995,766,88
1688,3470,22996,4529,22996,766,88
1688,3470,22997,4529,22997,766,88
1687,3470,22998,4529,22998,766,88
1687,3470,22999,4529,22999,766,88
1686,3470,23000,4529,23000,766,88
1686,3470,23001,4529,23001,766,88
1686,3470,23002,4529,23002,766,88
1686,3470,23003,4529,23003,766,88
1686,3470,23004,4529,23004,766,88
1686,3470,23005,4529,23005,766,88
1686,3470,23006,4529,23006,766,88
1686,3470,23007,4529,23007,766,88
1686,3470,23008,4529,23008,766,88
1686,3470,23009,4529,23009,766,88
1686,3470,23010,4529,23010,766,88
1686,3470,23011,4529,23011,766,88
1686,3470,23012,4529,23012,766,88
1686,3470,23013,4529,23013,766,88
1686,3470,23014,4529,23014,766,88
1686,3470,23015,4529,23015,766,88
1686,3470,23016,4529,23016,766,88
1685,3470,23017,4529,23017,766,88
1685,3470,23018,4529,23018,766,88
1685,3470,23019,4529,23019,766,88
1684,3470,23020,4529,23020,766,88
1684,3470,23021,4529,23021,766,88
1684,3470,23022,4529,23022,766,88
1684,3470,23023,4529,23023,766,88
1684,3470,23024,4529,23024,766,88
1684,3470,23025,4529,23025,766,88
1684,3470,23026,4529,23026,766,88
1684,3470,23027,4529,23027,766,88
1684,3470,23028,4529,23028,766,88
1685,3470,23029,4529,23029,766,88
1685,3470,23030,4529,23030,766,88
1685,3470,23031,4529,23031,766,88
1685,3470,23032,4529,23032,766,88
1685,3470,23033,4529,23033,766,88
1684,3470,23034,4529,23034,766,88
1684,3470,23035,4529,23035,766,88
1684,3470,23036,4529,23036,766,88
1684,3470,23037,4529,23037,766,88
1684,3470,23038,4529,23038,766,88
1684,3470,23039,4529,23039,766,88
1684,3470,23040,4529,23040,766,88
1684,3470,23041,4529,23041,766,88
1684,3470,23042,4529,23042,766,88
1684,3470,23043,4529,23043,766,88
1684,3470,23044,4529,23044,766,88
1684,3470,23045,4529,23045,766,88
1684,3470,23046,4529,23046,766,88
1684,3470,23047,4529,23047,766,88
1684,3470,23048,4529,23048,766,88
1684,3470,23049,4529,23049,766,88
1684,3470,23050,4529,23050,766,88
1684,3470,23051,4529,23051,766,88
1684,3470,23052,4529,23052,766,88
1684,3470,23053,4529,23053,766,88
1684,3470,23054,4529,23054,766,88
1684,3470,23055,4529,23055,766,88
1684,3470,23056,4529,23056,766,88
1684,3470,23057,4529,23057,766,88
1684,3470,23058,4529,23058,766,88
1684,3470,23059,4529,23059,766,88
1684,3470,23060,4529,23060,766,88
1683,3470,23061,4529,23061,766,88
1683,3470,23062,4529,23062,766,88
1683,3470,23063,4529,23063,766,88
1683,3470,23064,4529,23064,766,88
1683,3470,23065,4529,23065,766,88
1683,3470,23066,4529,23066,766,88
1683,3470,23067,4529,23067,766,88
1683,3470,23068,4529,23068,766,88
1683,3470,23069,4529,23069,766,88
1683,3470,23070,4529,23070,766,88
1683,3470,23071,4529,23071,766,88
1683,3470,23072,4529,23072,766,88
1682,3470,23073,4529,23073,766,88
1681,3470,23074,4529,23074,766,88
1681,3470,23075,4529,23075,766,88
1681,3470,23076,4529,23076,766,88
1681,3470,23077,4529,23077,766,88
1681,3470,23078,4529,23078,766,88
1681,3470,23079,4529,23079,766,88
1681,3470,23080,4529,23080,766,88
1681,3470,23081,4529,23081,766,88
1681,3470,23082,4529,23082,766,88
1681,3470,23083,4529,23083,766,88
1681,3470,23084,4529,23084,766,88
1681,3470,23085,4529,23085,766,88
1681,3470,23086,4529,23086,766,88
1681,3470,23087,4529,23087,766,88
1682,3470,23088,4529,23088,766,88
1682,3470,23089,4529,23089,766,88
1682,3470,23090,4529,23090,766,88
1682,3470,23091,4529,23091,766,88
1682,3470,23092,4529,23092,766,88
1681,3470,23093,4529,23093,766,88
1681,3470,23094,4529,23094,766,88
1681,3470,23095,4529,23095,766,88
1681,3470,23096,4529,23096,766,88
1681,3470,23097,4529,23097,766,88
1681,3470,23098,4529,23098,766,88
1681,3470,23099,4529,23099,766,88
1681,3470,23100,4529,23100,766,88
1682,3470,23101,4529,23101,766,88
1682,3470,23102,4529,23102,766,88
1682,3470,23103,4529,23103,766,88
1682,3470,23104,4529,23104,766,88
1682,3470,23105,4529,23105,766,88
1682,3470,23106,4529,23106,766,88
1682,3470,23107,4529,23107,766,88
1682,3470,23108,4529,23108,766,88
1682,3470,23109,4529,23109,766,88
1682,3470,23110,4529,23110,766,88
1682,3470,23111,4529,23111,766,88
1682,3470,23112,4529,23112,766,88
1682,3470,23113,4529,23113,766,88
1683,3470,23114,4529,23114,766,88
1683,3470,23115,4529,23115,766,88
1683,3470,23116,4529,23116,766,88
1683,3470,23117,4529,23117,766,88
1683,3470,23118,4529,23118,766,88
1683,3470,23119,4529,23119,766,88
1683,3470,23120,4529,23120,766,88
1683,3470,23121,4529,23121,766,88
1683,3470,23122,4529,23122,766,88
1683,3470,23123,4529,23123,766,88
1683,3470,23124,4529,23124,766,88
1683,3470,23125,4529,23125,766,88
1683,3470,23126,4529,23126,766,88
1683,3470,23127,4529,23127,766,88
1683,3470,23128,4529,23128,766,88
1683,3470,23129,4529,23129,766,88
1683,3470,23130,4529,23130,766,88
1683,3470,23131,4529,23131,766,88
1683,3470,23132,4529,23132,766,88
1683,3470,23133,4529,23133,766,88
1683,3470,23134,4529,23134,766,88
1683,3470,23135,4529,23135,766,88
1683,3470,23136,4529,23136,766,88
1683,3470,23137,4529,23137,766,88
1683,3470,23138,4529,23138,766,88
1683,3470,23139,4529,23139,766,88
1683,3470,23140,4529,23140,766,88
1683,3470,23141,4529,23141,766,88
1683,3470,23142,4529,23142,766,88
1683,3470,23143,4529,23143,766,88
1683,3470,23144,4529,23144,766,88
1683,3470,23145,4529,23145,766,88
1683,3470,23146,4529,23146,766,88
1684,3470,23147,4529,23147,766,88
1684,3470,23148,4529,23148,766,88
1684,3470,23149,4529,23149,766,88
1684,3470,23150,4529,23150,766,88
1684,3470,23151,4529,23151,766,88
1684,3470,23152,4529,23152,766,88
1684,3470,23153,4529,23153,766,88
1684,3470,23154,4529,23154,766,88
1684,3470,23155,4529,23155,766,88
1684,3470,23156,4529,23156,766,88
1684,3470,23157,4529,23157,766,88
1684,3470,23158,4529,23158,766,88
1684,3470,23159,4529,23159,766,88
1684,3470,23160,4529,23160,766,88
1684,3470,23161,4529,23161,766,88
1684,3470,23162,4529,23162,766,88
1683,3470,23163,4529,23163,766,88
1683,3470,23164,4529,23164,766,88
1683,3470,23165,4529,23165,766,88
1683,3470,23166,4529,23166,766,88
1683,3470,23167,4529,23167,766,88
1683,3470,23168,4529,23168,766,88
1683,3470,23169,4529,23169,766,88
1683,3470,23170,4529,23170,766,88
1683,3470,23171,4529,23171,766,88
1683,3470,23172,4529,23172,766,88
1683,3470,23173,4529,23173,766,88
1683,3470,23174,4529,23174,766,88
1683,3470,23175,4529,23175,766,88
1683,3470,23176,4529,23176,766,88
1683,3470,23177,4529,23177,766,88
1683,3470,23178,4529,23178,766,88
1683,3470,23179,4529,23179,766,88
1683,3470,23180,4529,23180,766,88
1683,3470,23181,4529,23181,766,88
1683,3470,23182,4529,23182,766,88
1684,3470,23183,4529,23183,766,88
1684,3470,23184,4529,23184,766,88
1684,3470,23185,4529,23185,766,88
1684,3470,23186,4529,23186,766,88
1684,3470,23187,4529,23187,766,88
1684,3470,23188,4529,23188,766,88
1683,3470,23189,4529,23189,766,88
1683,3470,23190,4529,23190,766,88
1683,3470,23191,4529,23191,766,88
1683,3470,23192,4529,23192,766,88
1683,3470,23193,4529,23193,766,88
1683,3470,23194,4529,23194,766,88
1683,3470,23195,4529,23195,766,88
1683,3470,23196,4529,23196,766,88
1683,3470,23197,4529,23197,766,88
1683,3470,23198,4529,23198,766,88
1683,3470,23199,4529,23199,766,88
1683,3470,23200,4529,23200,766,88
1683,3470,23201,4529,23201,766,88
1683,3470,23202,4529,23202,766,88
1683,3470,23203,4529,23203,766,88
1683,3470,23204,4529,23204,766,88
1683,3470,23205,4529,23205,766,88
1683,3470,23206,4529,23206,766,88
1683,3470,23207,4529,23207,766,88
1683,3470,23208,4529,23208,766,88
1683,3470,23209,4529,23209,766,88
1683,3470,23210,4529,23210,766,88
1683,3470,23211,4529,23211,766,88
1683,3470,23212,4529,23212,766,88
1683,3470,23213,4529,23213,766,88
1683,3470,23214,4529,23214,766,88
1683,3470,23215,4529,23215,766,88
1683,3470,23216,4529,23216,766,88
1683,3470,23217,4529,23217,766,88
1683,3470,23218,4529,23218,766,88
1683,3470,23219,4529,23219,766,88
1683,3470,23220,4529,23220,766,88
1683,3470,23221,4529,23221,766,88
1683,3470,23222,4529,23222,766,88
1683,3470,23223,4529,23223,766,88
1683,3470,23224,4529,23224,766,88
1683,3470,23225,4529,23225,766,88
1683,3470,23226,4529,23226,766,88
1683,3470,23227,4529,23227,766,88
1683,3470,23228,4529,23228,766,88
1683,3470,23229,4529,23229,766,88
1683,3470,23230,4529,23230,766,88
1683,3470,23231,4529,23231,766,88
1683,3470,23232,4529,23232,766,88
1683,3470,23233,4529,23233,766,88
1683,3470,23234,4529,23234,766,88
1683,3470,23235,4529,23235,766,88
1683,3470,23236,4529,23236,766,88
1683,3470,23237,4529,23237,766,88
1683,3470,23238,4529,23238,766,88
1684,3470,23239,4529,23239,766,88
1684,3470,23240,4529,23240,766,88
1684,3470,23241,4529,23241,766,88
1684,3470,23242,4529,23242,766,88
1684,3470,23243,4529,23243,766,88
1684,3470,23244,4529,23244,766,88
1684,3470,23245,4529,23245,766,88
1684,3470,23246,4529,23246,766,88
1684,3470,23247,4529,23247,766,88
1684,3470,23248,4529,23248,766,88
1684,3470,23249,4529,23249,766,88
1684,3470,23250,4529,23250,766,88
1684,3470,23251,4529,23251,766,88
1684,3470,23252,4529,23252,766,88
1684,3470,23253,4529,23253,766,88
1684,3470,23254,4529,23254,766,88
1684,3470,23255,4529,23255,766,88
1684,3470,23256,4529,23256,766,88
1684,3470,23257,4529,23257,766,88
1684,3470,23258,4529,23258,766,88
1684,3470,23259,4529,23259,766,88
1684,3470,23260,4529,23260,766,88
1684,3470,23261,4529,23261,766,88
1684,3470,23262,4529,23262,766,88
1684,3470,23263,4529,23263,766,88
1684,3470,23264,4529,23264,766,88
1684,3470,23265,4529,23265,766,88
1684,3470,23266,4529,23266,766,88
1684,3470,23267,4529,23267,766,88
1684,3470,23268,4529,23268,766,88
1684,3470,23269,4529,23269,766,88
1685,3470,23270,4529,23270,766,88
1685,3470,23271,4529,23271,766,88
1685,3470,23272,4529,23272,766,88
1685,3470,23273,4529,23273,766,88
1684,3470,23274,4529,23274,766,88
1684,3470,23275,4529,23275,766,88
1684,3470,23276,4529,23276,766,88
1684,3470,23277,4529,23277,766,88
1683,3470,23278,4529,23278,766,88
1683,3470,23279,4529,23279,766,88
1683,3470,23280,4529,23280,766,88
1683,3470,23281,4529,23281,766,88
1683,3470,23282,4529,23282,766,88
1683,3470,23283,4529,23283,766,88
1683,3470,23284,4529,23284,766,88
1683,3470,23285,4529,23285,766,88
1683,3470,23286,4529,23286,766,88
1683,3470,23287,4529,23287,766,88
1683,3470,23288,4529,23288,766,88
1683,3470,23289,4529,23289,766,88
1683,3470,23290,4529,23290,766,88
1683,3470,23291,4529,23291,766,88
1683,3470,23292,4529,23292,766,88
1683,3470,23293,4529,23293,766,88
1683,3470,23294,4529,23294,766,88
1683,3470,23295,4529,23295,766,88
1683,3470,23296,4529,23296,766,88
1683,3470,23297,4529,23297,766,88
1682,3470,23298,4529,23298,766,88
1682,3470,23299,4529,23299,766,88
1682,3470,23300,4529,23300,766,88
1682,3470,23301,4529,23301,766,88
1681,3470,23302,4529,23302,766,88
1681,3470,23303,4529,23303,766,88
1680,3470,23304,4529,23304,766,88
1680,3470,23305,4529,23305,766,88
1680,3470,23306,4529,23306,766,88
1680,3470,23307,4529,23307,766,88
1680,3470,23308,4529,23308,766,88
1680,3470,23309,4529,23309,766,88
1680,3470,23310,4529,23310,766,88
1680,3470,23311,4529,23311,766,88
1680,3470,23312,4529,23312,766,88
1680,3470,23313,4529,23313,766,88
1679,3470,23314,4529,23314,766,88
1679,3470,23315,4529,23315,766,88
1679,3470,23316,4529,23316,766,88
1679,3470,23317,4529,23317,766,88
1680,3470,23318,4529,23318,766,88
1680,3470,23319,4529,23319,766,88
1680,3470,23320,4529,23320,766,88
1680,3470,23321,4529,23321,766,88
1680,3470,23322,4529,23322,766,88
1680,3470,23323,4529,23323,766,88
1680,3470,23324,4529,23324,766,88
1680,3470,23325,4529,23325,766,88
1679,3470,23326,4529,23326,766,87
1679,3470,23327,4529,23327,766,87
1679,3470,23328,4529,23328,766,87
1679,3470,23329,4529,23329,766,87
1679,3470,23330,4529,23330,766,87
1679,3470,23331,4529,23331,766,87
1679,3470,23332,4529,23332,766,87
1679,3470,23333,4529,23333,766,87
1679,3470,23334,4529,23334,766,87
1679,3470,23335,4529,23335,766,87
1679,3470,23336,4529,23336,766,87
1679,3470,23337,4529,23337,766,87
1679,3470,23338,4529,23338,766,87
1679,3470,23339,4529,23339,766,87
1679,3470,23340,4529,23340,766,87
1679,3470,23341,4529,23341,766,87
1679,3470,23342,4529,23342,766,87
1679,3470,23343,4529,23343,766,87
1679,3470,23344,4529,23344,766,87
1679,3470,23345,4529,23345,766,87
1679,3470,23346,4529,23346,766,87
1679,3470,23347,4529,23347,766,87
1679,3470,23348,4529,23348,766,87
1679,3470,23349,4529,23349,766,87
1679,3470,23350,4529,23350,766,87
1679,3470,23351,4529,23351,766,87
1680,3470,23352,4529,23352,766,87
1680,3470,23353,4529,23353,766,87
1680,3470,23354,4529,23354,766,87
1680,3470,23355,4529,23355,766,87
1680,3470,23356,4529,23356,766,87
1680,3470,23357,4529,23357,766,87
1680,3470,23358,4529,23358,766,87
1680,3470,23359,4529,23359,766,87
1680,3470,23360,4529,23360,766,87
1680,3470,23361,4529,23361,766,87
1680,3470,23362,4529,23362,766,87
1680,3470,23363,4529,23363,766,87
1680,3470,23364,4529,23364,766,87
1680,3470,23365,4529,23365,766,87
1680,3470,23366,4529,23366,766,87
1680,3470,23367,4529,23367,766,87
1680,3470,23368,4529,23368,766,87
1680,3470,23369,4529,23369,766,87
1681,3470,23370,4529,23370,766,87
1681,3470,23371,4529,23371,766,87
1681,3470,23372,4529,23372,766,87
1681,3470,23373,4529,23373,766,87
1681,3470,23374,4529,23374,766,87
1681,3470,23375,4529,23375,766,87
1681,3470,23376,4529,23376,766,87
1681,3470,23377,4529,23377,766,87
1681,3470,23378,4529,23378,766,87
1681,3470,23379,4529,23379,766,87
1681,3470,23380,4529,23380,766,87
1681,3470,23381,4529,23381,766,87
1681,3470,23382,4529,23382,766,87
1681,3470,23383,4529,23383,766,87
1681,3470,23384,4529,23384,766,87
1681,3470,23385,4529,23385,766,87
1681,3470,23386,4529,23386,766,87
1681,3470,23387,4529,23387,766,87
1681,3470,23388,4529,23388,766,87
1681,3470,23389,4529,23389,766,87
1681,3470,23390,4529,23390,766,87
1681,3470,23391,4529,23391,766,87
1681,3470,23392,4529,23392,766,87
1681,3470,23393,4529,23393,766,87
1681,3470,23394,4529,23394,766,87
1681,3470,23395,4529,23395,766,87
1681,3470,23396,4529,23396,766,87
1681,3470,23397,4529,23397,766,87
1681,3470,23398,4529,23398,766,87
1681,3470,23399,4529,23399,766,87
1681,3470,23400,4529,23400,766,87
1681,3470,23401,4529,23401,766,87
1681,3470,23402,4529,23402,766,87
1681,3470,23403,4529,23403,766,87
1681,3470,23404,4529,23404,766,87
1681,3470,23405,4529,23405,766,87
1681,3470,23406,4529,23406,766,87
1681,3470,23407,4529,23407,766,87
1681,3470,23408,4529,23408,766,87
1681,3470,23409,4529,23409,766,87
1681,3470,23410,4529,23410,766,87
1681,3470,23411,4529,23411,766,87
1681,3470,23412,4529,23412,766,87
1681,3470,23413,4529,23413,766,87
1681,3470,23414,4529,23414,766,87
1681,3470,23415,4529,23415,766,87
1681,3470,23416,4529,23416,766,87
1681,3470,23417,4529,23417,766,87
1681,3470,23418,4529,23418,766,87
1681,3470,23419,4529,23419,766,87
1681,3470,23420,4529,23420,766,87
1681,3470,23421,4529,23421,766,87
1681,3470,23422,4529,23422,766,87
1681,3470,23423,4529,23423,766,87
1681,3470,23424,4529,23424,766,87
1681,3470,23425,4529,23425,766,87
1681,3470,23426,4529,23426,766,87
1681,3470,23427,4529,23427,766,87
1681,3470,23428,4529,23428,766,87
1681,3470,23429,4529,23429,766,87
1681,3470,23430,4529,23430,766,87
1680,3470,23431,4529,23431,766,87
1680,3470,23432,4529,23432,766,87
1680,3470,23433,4529,23433,766,87
1680,3470,23434,4529,23434,766,87
1680,3470,23435,4529,23435,766,87
1680,3470,23436,4529,23436,766,87
1680,3470,23437,4529,23437,766,87
1680,3470,23438,4529,23438,766,87
1680,3470,23439,4529,23439,766,87
1680,3470,23440,4529,23440,766,87
1680,3470,23441,4529,23441,766,87
1680,3470,23442,4529,23442,766,87
1680,3470,23443,4529,23443,766,87
1680,3470,23444,4529,23444,766,87
1680,3470,23445,4529,23445,766,87
1680,3470,23446,4529,23446,766,87
1680,3470,23447,4529,23447,766,87
1680,3470,23448,4529,23448,766,87
1680,3470,23449,4529,23449,766,87
1680,3470,23450,4529,23450,766,87
1681,3470,23451,4529,23451,766,87
1681,3470,23452,4529,23452,766,87
1681,3470,23453,4529,23453,766,87
1681,3470,23454,4529,23454,766,87
1681,3470,23455,4529,23455,766,87
1681,3470,23456,4529,23456,766,87
1681,3470,23457,4529,23457,766,87
1681,3470,23458,4529,23458,766,87
1681,3470,23459,4529,23459,766,87
1681,3470,23460,4529,23460,766,87
1681,3470,23461,4529,23461,766,87
1681,3470,23462,4529,23462,766,87
1681,3470,23463,4529,23463,766,87
1681,3470,23464,4529,23464,766,87
1681,3470,23465,4529,23465,766,87
1681,3470,23466,4529,23466,766,87
1681,3470,23467,4529,23467,766,87
1681,3470,23468,4529,23468,766,87
1681,3470,23469,4529,23469,766,87
1681,3470,23470,4529,23470,766,87
1681,3470,23471,4529,23471,766,87
1681,3470,23472,4529,23472,766,87
1681,3470,23473,4529,23473,766,87
1681,3470,23474,4529,23474,766,87
1681,3470,23475,4529,23475,766,87
1681,3470,23476,4529,23476,766,87
1681,3470,23477,4529,23477,766,87
1681,3470,23478,4529,23478,766,87
1681,3470,23479,4529,23479,766,87
1681,3470,23480,4529,23480,766,87
1681,3470,23481,4529,23481,766,87
1681,3470,23482,4529,23482,766,87
1681,3470,23483,4529,23483,766,87
1681,3470,23484,4529,23484,766,87
1681,3470,23485,4529,23485,766,87
1681,3470,23486,4529,23486,766,87
1681,3470,23487,4529,23487,766,87
1681,3470,23488,4529,23488,766,87
1681,3470,23489,4529,23489,766,87
1681,3470,23490,4529,23490,766,87
1681,3470,23491,4529,23491,766,87
1681,3470,23492,4529,23492,766,87
1681,3470,23493,4529,23493,766,87
1681,3470,23494,4529,23494,766,87
1681,3470,23495,4529,23495,766,87
1681,3470,23496,4529,23496,766,87
1681,3470,23497,4529,23497,766,87
1681,3470,23498,4529,23498,766,87
1681,3470,23499,4529,23499,766,87
1681,3470,23500,4529,23500,766,87
1681,3470,23501,4529,23501,766,87
1681,3470,23502,4529,23502,766,87
1681,3470,23503,4529,23503,766,87
1681,3470,23504,4529,23504,766,87
1681,3470,23505,4529,23505,766,87
1681,3470,23506,4529,23506,766,87
1681,3470,23507,4529,23507,766,87
1681,3470,23508,4529,23508,766,87
1680,3470,23509,4529,23509,766,87
1680,3470,23510,4529,23510,766,87
1680,3470,23511,4529,23511,766,87
1680,3470,23512,4529,23512,766,87
1680,3470,23513,4529,23513,766,87
1680,3470,23514,4529,23514,766,87
1680,3470,23515,4529,23515,766,87
1680,3470,23516,4529,23516,766,87
1680,3470,23517,4529,23517,766,87
1680,3470,23518,4529,23518,766,87
1680,3470,23519,4529,23519,766,87
1680,3470,23520,4529,23520,766,87
1680,3470,23521,4529,23521,766,87
1680,3470,23522,4529,23522,766,87
1680,3470,23523,4529,23523,766,87
1680,3470,23524,4529,23524,766,87
1680,3470,23525,4529,23525,766,87
1680,3470,23526,4529,23526,766,87
1680,3470,23527,4529,23527,766,87
1680,3470,23528,4529,23528,766,87
1680,3470,23529,4529,23529,766,87
1680,3470,23530,4529,23530,766,87
1680,3470,23531,4529,23531,766,87
1680,3470,23532,4529,23532,766,87
1680,3470,23533,4529,23533,766,87
1680,3470,23534,4529,23534,766,87
1680,3470,23535,4529,23535,766,87
1680,3470,23536,4529,23536,766,87
1680,3470,23537,4529,23537,766,87
1680,3470,23538,4529,23538,766,87
1680,3470,23539,4529,23539,766,87
1680,3470,23540,4529,23540,766,87
1678,3470,23541,4529,23541,766,87
1678,3470,23542,4529,23542,766,87
1678,3470,23543,4529,23543,766,87
1678,3470,23544,4529,23544,766,87
1678,3470,23545,4529,23545,766,87
1678,3470,23546,4529,23546,766,87
1678,3470,23547,4529,23547,766,87
1678,3470,23548,4529,23548,766,87
1678,3470,23549,4529,23549,766,87
1678,3470,23550,4529,23550,766,87
1678,3470,23551,4529,23551,766,87
1678,3470,23552,4529,23552,766,87
1678,3470,23553,4529,23553,766,87
1677,3470,23554,4529,23554,766,87
1677,3470,23555,4529,23555,766,87
1677,3470,23556,4529,23556,766,87
1677,3470,23557,4529,23557,766,87
1676,3470,23558,4529,23558,766,87
1676,3470,23559,4529,23559,766,87
1676,3470,23560,4529,23560,766,87
1676,3470,23561,4529,23561,766,87
1676,3470,23562,4529,23562,766,87
1676,3470,23563,4529,23563,766,87
1676,3470,23564,4529,23564,766,87
1676,3470,23565,4529,23565,766,87
1676,3470,23566,4529,23566,766,87
1676,3470,23567,4529,23567,766,87
1676,3470,23568,4529,23568,766,87
1676,3470,23569,4529,23569,766,87
1676,3470,23570,4529,23570,766,87
1675,3470,23571,4529,23571,766,87
1675,3470,23572,4529,23572,766,87
1675,3470,23573,4529,23573,766,87
1675,3470,23574,4529,23574,766,87
1675,3470,23575,4529,23575,766,87
1676,3470,23576,4529,23576,766,87
1676,3470,23577,4529,23577,766,87
1676,3470,23578,4529,23578,766,87
1676,3470,23579,4529,23579,766,87
1676,3470,23580,4529,23580,766,87
1676,3470,23581,4529,23581,766,87
1676,3470,23582,4529,23582,766,87
1676,3470,23583,4529,23583,766,87
1676,3470,23584,4529,23584,766,87
1676,3470,23585,4529,23585,766,87
1676,3470,23586,4529,23586,766,87
1676,3470,23587,4529,23587,766,87
1676,3470,23588,4529,23588,766,87
1676,3470,23589,4529,23589,766,87
1676,3470,23590,4529,23590,766,87
1676,3470,23591,4529,23591,766,87
1676,3470,23592,4529,23592,766,87
1676,3470,23593,4529,23593,766,87
1676,3470,23594,4529,23594,766,87
1676,3470,23595,4529,23595,766,87
1676,3470,23596,4529,23596,766,87
1676,3470,23597,4529,23597,766,87
1676,3470,23598,4529,23598,766,87
1677,3470,23599,4529,23599,766,87
1677,3470,23600,4529,23600,766,87
1677,3470,23601,4529,23601,766,87
1677,3470,23602,4529,23602,766,87
1677,3470,23603,4529,23603,766,87
1677,3470,23604,4529,23604,766,87
1677,3470,23605,4529,23605,766,87
1677,3470,23606,4529,23606,766,87
1677,3470,23607,4529,23607,766,87
1677,3470,23608,4529,23608,766,87
1677,3470,23609,4529,23609,766,87
1677,3470,23610,4529,23610,766,87
1677,3470,23611,4529,23611,766,87
1677,3470,23612,4529,23612,766,87
1677,3470,23613,4529,23613,766,87
1677,3470,23614,4529,23614,766,87
1677,3470,23615,4529,23615,766,87
1677,3470,23616,4529,23616,766,87
1677,3470,23617,4529,23617,766,87
1677,3470,23618,4529,23618,766,87
1677,3470,23619,4529,23619,766,87
1677,3470,23620,4529,23620,766,87
1677,3470,23621,4529,23621,766,87
1677,3470,23622,4529,23622,766,87
1677,3470,23623,4529,23623,766,87
1677,3470,23624,4529,23624,766,87
1677,3470,23625,4529,23625,766,87
1677,3470,23626,4529,23626,766,87
1678,3470,23627,4529,23627,766,87
1678,3470,23628,4529,23628,766,87
1678,3470,23629,4529,23629,766,87
1678,3470,23630,4529,23630,766,87
1678,3470,23631,4529,23631,766,87
1678,3470,23632,4529,23632,766,87
1678,3470,23633,4529,23633,766,87
1678,3470,23634,4529,23634,766,87
1678,3470,23635,4529,23635,766,87
1678,3470,23636,4529,23636,766,87
1678,3470,23637,4529,23637,766,87
1679,3470,23638,4529,23638,766,87
1679,3470,23639,4529,23639,766,87
1679,3470,23640,4529,23640,766,87
1679,3470,23641,4529,23641,766,87
1679,3470,23642,4529,23642,766,87
1679,3470,23643,4529,23643,766,87
1679,3470,23644,4529,23644,766,87
1679,3470,23645,4529,23645,766,87
1679,3470,23646,4529,23646,766,87
1679,3470,23647,4529,23647,766,87
1679,3470,23648,4529,23648,766,87
1679,3470,23649,4529,23649,766,87
1679,3470,23650,4529,23650,766,87
1679,3470,23651,4529,23651,766,87
1679,3470,23652,4529,23652,766,87
1680,3470,23653,4529,23653,766,87
1680,3470,23654,4529,23654,766,87
1680,3470,23655,4529,23655,766,87
1680,3470,23656,4529,23656,766,87
1680,3470,23657,4529,23657,766,87
1680,3470,23658,4529,23658,766,87
1680,3470,23659,4529,23659,766,87
1680,3470,23660,4529,23660,766,87
1680,3470,23661,4529,23661,766,87
1680,3470,23662,4529,23662,766,87
1680,3470,23663,4529,23663,766,87
1679,3470,23664,4529,23664,766,87
1679,3470,23665,4529,23665,766,87
1679,3470,23666,4529,23666,766,87
1679,3470,23667,4529,23667,766,87
1679,3470,23668,4529,23668,766,87
1679,3470,23669,4529,23669,766,87
1679,3470,23670,4529,23670,766,87
1679,3470,23671,4529,23671,766,87
1679,3470,23672,4529,23672,766,87
1679,3470,23673,4529,23673,766,87
1679,3470,23674,4529,23674,766,87
1679,3470,23675,4529,23675,766,87
1679,3470,23676,4529,23676,766,87
1679,3470,23677,4529,23677,766,87
1679,3470,23678,4529,23678,766,87
1679,3470,23679,4529,23679,766,87
1679,3470,23680,4529,23680,766,87
1679,3470,23681,4529,23681,766,87
1679,3470,23682,4529,23682,766,87
1679,3470,23683,4529,23683,766,87
1679,3470,23684,4529,23684,766,87
1679,3470,23685,4529,23685,766,87
1679,3470,23686,4529,23686,766,87
1679,3470,23687,4529,23687,766,87
1679,3470,23688,4529,23688,766,87
1678,3470,23689,4529,23689,766,87
1678,3470,23690,4529,23690,766,87
1678,3470,23691,4529,23691,766,87
1678,3470,23692,4529,23692,766,87
1678,3470,23693,4529,23693,766,87
1678,3470,23694,4529,23694,766,87
1678,3470,23695,4529,23695,766,87
1678,3470,23696,4529,23696,766,87
1678,3470,23697,4529,23697,766,87
1678,3470,23698,4529,23698,766,87
1678,3470,23699,4529,23699,766,87
1678,3470,23700,4529,23700,766,87
1678,3470,23701,4529,23701,766,87
1678,3470,23702,4529,23702,766,87
1678,3470,23703,4529,23703,766,87
1678,3470,23704,4529,23704,766,87
1678,3470,23705,4529,23705,766,87
1678,3470,23706,4529,23706,766,87
1677,3470,23707,4529,23707,766,87
1677,3470,23708,4529,23708,766,87
1677,3470,23709,4529,23709,766,87
1677,3470,23710,4529,23710,766,87
1677,3470,23711,4529,23711,766,87
1677,3470,23712,4529,23712,766,87
1677,3470,23713,4529,23713,766,87
1677,3470,23714,4529,23714,766,87
1677,3470,23715,4529,23715,766,87
1677,3470,23716,4529,23716,766,87
1677,3470,23717,4529,23717,766,87
1677,3470,23718,4529,23718,766,87
1676,3470,23719,4529,23719,766,87
1676,3470,23720,4529,23720,766,87
1676,3470,23721,4529,23721,766,87
1676,3470,23722,4529,23722,766,87
1676,3470,23723,4529,23723,766,87
1676,3470,23724,4529,23724,766,87
1675,3470,23725,4529,23725,766,87
1675,3470,23726,4529,23726,766,87
1675,3470,23727,4529,23727,766,87
1675,3470,23728,4529,23728,766,87
1675,3470,23729,4529,23729,766,87
1675,3470,23730,4529,23730,766,87
1675,3470,23731,4529,23731,766,87
1675,3470,23732,4529,23732,766,87
1675,3470,23733,4529,23733,766,87
1675,3470,23734,4529,23734,766,87
1675,3470,23735,4529,23735,766,87
1675,3470,23736,4529,23736,766,87
1675,3470,23737,4529,23737,766,87
1675,3470,23738,4529,23738,766,87
1675,3470,23739,4529,23739,766,87
1675,3470,23740,4529,23740,766,87
1675,3470,23741,4529,23741,766,87
1675,3470,23742,4529,23742,766,87
1675,3470,23743,4529,23743,766,87
1675,3470,23744,4529,23744,766,87
1675,3470,23745,4529,23745,766,87
1675,3470,23746,4529,23746,766,87
1675,3470,23747,4529,23747,766,87
1675,3470,23748,4529,23748,766,87
1676,3470,23749,4529,23749,766,87
1676,3470,23750,4529,23750,766,87
1676,3470,23751,4529,23751,766,87
1676,3470,23752,4529,23752,766,87
1675,3470,23753,4529,23753,766,87
1675,3470,23754,4529,23754,766,87
1675,3470,23755,4529,23755,766,87
1675,3470,23756,4529,23756,766,87
1675,3470,23757,4529,23757,766,87
1675,3470,23758,4529,23758,766,87
1676,3470,23759,4529,23759,766,87
1676,3470,23760,4529,23760,766,87
1676,3470,23761,4529,23761,766,87
1676,3470,23762,4529,23762,766,87
1676,3470,23763,4529,23763,766,87
1676,3470,23764,4529,23764,766,87
1675,3470,23765,4529,23765,766,87
1675,3470,23766,4529,23766,766,87
1675,3470,23767,4529,23767,766,87
1675,3470,23768,4529,23768,766,87
1675,3470,23769,4529,23769,766,87
1675,3470,23770,4529,23770,766,87
1674,3470,23771,4529,23771,766,87
1674,3470,23772,4529,23772,766,87
1674,3470,23773,4529,23773,766,87
1674,3470,23774,4529,23774,766,87
1674,3470,23775,4529,23775,766,87
1674,3470,23776,4529,23776,766,87
1674,3470,23777,4529,23777,766,87
1674,3470,23778,4529,23778,766,87
1674,3470,23779,4529,23779,766,87
1674,3470,23780,4529,23780,766,87
1674,3470,23781,4529,23781,766,87
1674,3470,23782,4529,23782,766,87
1674,3470,23783,4529,23783,766,87
1674,3470,23784,4529,23784,766,87
1674,3470,23785,4529,23785,766,87
1674,3470,23786,4529,23786,766,87
1674,3470,23787,4529,23787,766,87
1674,3470,23788,4529,23788,766,87
1674,3470,23789,4529,23789,766,87
1674,3470,23790,4529,23790,766,87
1674,3470,23791,4529,23791,766,87
1674,3470,23792,4529,23792,766,87
1674,3470,23793,4529,23793,766,87
1674,3470,23794,4529,23794,766,87
1674,3470,23795,4529,23795,766,87
1675,3470,23796,4529,23796,766,87
1675,3470,23797,4529,23797,766,87
1675,3470,23798,4529,23798,766,87
1675,3470,23799,4529,23799,766,87
1675,3470,23800,4529,23800,766,87
1675,3470,23801,4529,23801,766,87
1675,3470,23802,4529,23802,766,87
1675,3470,23803,4529,23803,766,87
1675,3470,23804,4529,23804,766,87
1675,3470,23805,4529,23805,766,87
1675,3470,23806,4529,23806,766,87
1675,3470,23807,4529,23807,766,87
1674,3470,23808,4529,23808,766,87
1674,3470,23809,4529,23809,766,87
1674,3470,23810,4529,23810,766,87
1674,3470,23811,4529,23811,766,87
1674,3470,23812,4529,23812,766,87
1674,3470,23813,4529,23813,766,87
1674,3470,23814,4529,23814,766,87
1674,3470,23815,4529,23815,766,87
1674,3470,23816,4529,23816,766,87
1674,3470,23817,4529,23817,766,87
1674,3470,23818,4529,23818,766,87
1674,3470,23819,4529,23819,766,87
1674,3470,23820,4529,23820,766,87
1675,3470,23821,4529,23821,766,87
1675,3470,23822,4529,23822,766,87
1675,3470,23823,4529,23823,766,87
1675,3470,23824,4529,23824,766,87
1676,3470,23825,4529,23825,766,87
1676,3470,23826,4529,23826,766,87
1676,3470,23827,4529,23827,766,87
1676,3470,23828,4529,23828,766,87
1676,3470,23829,4529,23829,766,87
1676,3470,23830,4529,23830,766,87
1676,3470,23831,4529,23831,766,87
1676,3470,23832,4529,23832,766,87
1676,3470,23833,4529,23833,766,87
1676,3470,23834,4529,23834,766,87
1676,3470,23835,4529,23835,766,87
1676,3470,23836,4529,23836,766,87
1676,3470,23837,4529,23837,766,87
1676,3470,23838,4529,23838,766,87
1676,3470,23839,4529,23839,766,87
1676,3470,23840,4529,23840,766,87
1675,3470,23841,4529,23841,766,87
1675,3470,23842,4529,23842,766,87
1675,3470,23843,4529,23843,766,87
1675,3470,23844,4529,23844,766,87
1675,3470,23845,4529,23845,766,87
1675,3470,23846,4529,23846,766,87
1675,3470,23847,4529,23847,766,87
1675,3470,23848,4529,23848,766,87
1675,3470,23849,4529,23849,766,87
1675,3470,23850,4529,23850,766,87
1674,3470,23851,4529,23851,766,87
1674,3470,23852,4529,23852,766,87
1674,3470,23853,4529,23853,766,87
1674,3470,23854,4529,23854,766,87
1674,3470,23855,4529,23855,766,87
1674,3470,23856,4529,23856,766,87
1674,3470,23857,4529,23857,766,87
1674,3470,23858,4529,23858,766,87
1674,3470,23859,4529,23859,766,87
1674,3470,23860,4529,23860,766,87
1674,3470,23861,4529,23861,766,87
1674,3470,23862,4529,23862,766,87
1674,3470,23863,4529,23863,766,87
1674,3470,23864,4529,23864,766,87
1674,3470,23865,4529,23865,766,87
1674,3470,23866,4529,23866,766,87
1674,3470,23867,4529,23867,766,87
1674,3470,23868,4529,23868,766,87
1673,3470,23869,4529,23869,766,87
1673,3470,23870,4529,23870,766,87
1673,3470,23871,4529,23871,766,87
1673,3470,23872,4529,23872,766,87
1673,3470,23873,4529,23873,766,87
1673,3470,23874,4529,23874,766,87
1673,3470,23875,4529,23875,766,87
1673,3470,23876,4529,23876,766,87
1673,3470,23877,4529,23877,766,87
1673,3470,23878,4529,23878,766,87
1673,3470,23879,4529,23879,766,87
1673,3470,23880,4529,23880,766,87
1673,3470,23881,4529,23881,766,87
1673,3470,23882,4529,23882,766,87
1673,3470,23883,4529,23883,766,87
1673,3470,23884,4529,23884,766,87
1672,3470,23885,4529,23885,766,87
1672,3470,23886,4529,23886,766,87
1672,3470,23887,4529,23887,766,87
1671,3470,23888,4529,23888,766,87
1671,3470,23889,4529,23889,766,87
1671,3470,23890,4529,23890,766,87
1671,3470,23891,4529,23891,766,87
1671,3470,23892,4529,23892,766,87
1671,3470,23893,4529,23893,766,87
1671,3470,23894,4529,23894,766,87
1671,3470,23895,4529,23895,766,87
1671,3470,23896,4529,23896,766,87
1671,3470,23897,4529,23897,766,87
1671,3470,23898,4529,23898,766,87
1671,3470,23899,4529,23899,766,87
1671,3470,23900,4529,23900,766,87
1671,3470,23901,4529,23901,766,87
1671,3470,23902,4529,23902,766,87
1671,3470,23903,4529,23903,766,87
1671,3470,23904,4529,23904,766,87
1671,3470,23905,4529,23905,766,87
1671,3470,23906,4529,23906,766,87
1670,3470,23907,4529,23907,766,86
1670,3470,23908,4529,23908,766,86
1670,3470,23909,4529,23909,766,86
1670,3470,23910,4529,23910,766,86
1670,3470,23911,4529,23911,766,86
1670,3470,23912,4529,23912,766,86
1670,3470,23913,4529,23913,766,86
1670,3470,23914,4529,23914,766,86
1670,3470,23915,4529,23915,766,86
1671,3470,23916,4529,23916,766,86
1672,3470,23917,4529,23917,766,86
1672,3470,23918,4529,23918,766,86
1672,3470,23919,4529,23919,766,86
1672,3470,23920,4529,23920,766,86
1672,3470,23921,4529,23921,766,86
1672,3470,23922,4529,23922,766,86
1672,3470,23923,4529,23923,766,86
1672,3470,23924,4529,23924,766,86
1671,3470,23925,4529,23925,766,86
1671,3470,23926,4529,23926,766,86
1671,3470,23927,4529,23927,766,86
1671,3470,23928,4529,23928,766,86
1671,3470,23929,4529,23929,766,86
1671,3470,23930,4529,23930,766,86
1671,3470,23931,4529,23931,766,86
1671,3470,23932,4529,23932,766,86
1671,3470,23933,4529,23933,766,86
1672,3470,23934,4529,23934,766,86
1672,3470,23935,4529,23935,766,86
1672,3470,23936,4529,23936,766,86
1672,3470,23937,4529,23937,766,86
1672,3470,23938,4529,23938,766,86
1672,3470,23939,4529,23939,766,86
1672,3470,23940,4529,23940,766,86
1672,3470,23941,4529,23941,766,86
1672,3470,23942,4529,23942,766,86
1672,3470,23943,4529,23943,766,86
1672,3470,23944,4529,23944,766,86
1672,3470,23945,4529,23945,766,86
1672,3470,23946,4529,23946,766,86
1672,3470,23947,4529,23947,766,86
1672,3470,23948,4529,23948,766,86
1672,3470,23949,4529,23949,766,86
1672,3470,23950,4529,23950,766,86
1672,3470,23951,4529,23951,766,86
1672,3470,23952,4529,23952,766,86
1672,3470,23953,4529,23953,766,86
1672,3470,23954,4529,23954,766,86
1672,3470,23955,4529,23955,766,86
1672,3470,23956,4529,23956,766,86
1672,3470,23957,4529,23957,766,86
1672,3470,23958,4529,23958,766,86
1672,3470,23959,4529,23959,766,86
1672,3470,23960,4529,23960,766,86
1672,3470,23961,4529,23961,766,86
1672,3470,23962,4529,23962,766,86
1672,3470,23963,4529,23963,766,86
1672,3470,23964,4529,23964,766,86
1672,3470,23965,4529,23965,766,86
1672,3470,23966,4529,23966,766,86
1672,3470,23967,4529,23967,766,86
1672,3470,23968,4529,23968,766,86
1672,3470,23969,4529,23969,766,86
1672,3470,23970,4529,23970,766,86
1672,3470,23971,4529,23971,766,86
1672,3470,23972,4529,23972,766,86
1672,3470,23973,4529,23973,766,86
1672,3470,23974,4529,23974,766,86
1672,3470,23975,4529,23975,766,86
1672,3470,23976,4529,23976,766,86
1672,3470,23977,4529,23977,766,86
1672,3470,23978,4529,23978,766,86
1672,3470,23979,4529,23979,766,86
1672,3470,23980,4529,23980,766,86
1673,3470,23981,4529,23981,766,86
1672,3470,23982,4529,23982,766,86
1672,3470,23983,4529,23983,766,86
1672,3470,23984,4529,23984,766,86
1672,3470,23985,4529,23985,766,86
1672,3470,23986,4529,23986,766,86
1672,3470,23987,4529,23987,766,86
1673,3470,23988,4529,23988,766,86
1673,3470,23989,4529,23989,766,86
1673,3470,23990,4529,23990,766,86
1673,3470,23991,4529,23991,766,86
1673,3470,23992,4529,23992,766,86
1673,3470,23993,4529,23993,766,86
1672,3470,23994,4529,23994,766,86
1672,3470,23995,4529,23995,766,86
1672,3470,23996,4529,23996,766,86
1672,3470,23997,4529,23997,766,86
1671,3470,23998,4529,23998,766,86
1671,3470,23999,4529,23999,766,86
1671,3470,24000,4529,24000,766,86
1671,3470,24001,4529,24001,766,86
1671,3470,24002,4529,24002,766,86
1671,3470,24003,4529,24003,766,86
1672,3470,24004,4529,24004,766,86
1672,3470,24005,4529,24005,766,86
1672,3470,24006,4529,24006,766,86
1672,3470,24007,4529,24007,766,86
1672,3470,24008,4529,24008,766,86
1672,3470,24009,4529,24009,766,86
1671,3470,24010,4529,24010,766,86
1671,3470,24011,4529,24011,766,86
1671,3470,24012,4529,24012,766,86
1671,3470,24013,4529,24013,766,86
1671,3470,24014,4529,24014,766,86
1671,3470,24015,4529,24015,766,86
1671,3470,24016,4529,24016,766,86
1671,3470,24017,4529,24017,766,86
1671,3470,24018,4529,24018,766,86
1671,3470,24019,4529,24019,766,86
1671,3470,24020,4529,24020,766,86
1671,3470,24021,4529,24021,766,86
1671,3470,24022,4529,24022,766,86
1670,3470,24023,4529,24023,766,86
1670,3470,24024,4529,24024,766,86
1670,3470,24025,4529,24025,766,86
1670,3470,24026,4529,24026,766,86
1670,3470,24027,4529,24027,766,86
1670,3470,24028,4529,24028,766,86
1670,3470,24029,4529,24029,766,86
1670,3470,24030,4529,24030,766,86
1670,3470,24031,4529,24031,766,86
1670,3470,24032,4529,24032,766,86
1670,3470,24033,4529,24033,766,86
1669,3470,24034,4529,24034,766,86
1669,3470,24035,4529,24035,766,86
1668,3470,24036,4529,24036,766,86
1668,3470,24037,4529,24037,766,86
1668,3470,24038,4529,24038,766,86
1668,3470,24039,4529,24039,766,86
1668,3470,24040,4529,24040,766,86
1668,3470,24041,4529,24041,766,86
1668,3470,24042,4529,24042,766,86
1668,3470,24043,4529,24043,766,86
1668,3470,24044,4529,24044,766,86
1668,3470,24045,4529,24045,766,86
1668,3470,24046,4529,24046,766,86
1668,3470,24047,4529,24047,766,86
1668,3470,24048,4529,24048,766,86
1668,3470,24049,4529,24049,766,86
1668,3470,24050,4529,24050,766,86
1668,3470,24051,4529,24051,766,86
1668,3470,24052,4529,24052,766,86
1668,3470,24053,4529,24053,766,86
1668,3470,24054,4529,24054,766,86
1668,3470,24055,4529,24055,766,86
1668,3470,24056,4529,24056,766,86
1668,3470,24057,4529,24057,766,86
1668,3470,24058,4529,24058,766,86
1668,3470,24059,4529,24059,766,86
1668,3470,24060,4529,24060,766,86
1668,3470,24061,4529,24061,766,86
1668,3470,24062,4529,24062,766,86
1668,3470,24063,4529,24063,766,86
1668,3470,24064,4529,24064,766,86
1668,3470,24065,4529,24065,766,86
1668,3470,24066,4529,24066,766,86
1668,3470,24067,4529,24067,766,86
1668,3470,24068,4529,24068,766,86
1668,3470,24069,4529,24069,766,86
1668,3470,24070,4529,24070,766,86
1668,3470,24071,4529,24071,766,86
1668,3470,24072,4529,24072,766,86
1668,3470,24073,4529,24073,766,86
1668,3470,24074,4529,24074,766,86
1668,3470,24075,4529,24075,766,86
1668,3470,24076,4529,24076,766,86
1668,3470,24077,4529,24077,766,86
1668,3470,24078,4529,24078,766,86
1668,3470,24079,4529,24079,766,86
1668,3470,24080,4529,24080,766,86
1668,3470,24081,4529,24081,766,86
1668,3470,24082,4529,24082,766,86
1668,3470,24083,4529,24083,766,86
1668,3470,24084,4529,24084,766,86
1668,3470,24085,4529,24085,766,86
1668,3470,24086,4529,24086,766,86
1668,3470,24087,4529,24087,766,86
1668,3470,24088,4529,24088,766,86
1668,3470,24089,4529,24089,766,86
1668,3470,24090,4529,24090,766,86
1668,3470,24091,4529,24091,766,86
1668,3470,24092,4529,24092,766,86
1668,3470,24093,4529,24093,766,86
1668,3470,24094,4529,24094,766,86
1668,3470,24095,4529,24095,766,86
1668,3470,24096,4529,24096,766,86
1668,3470,24097,4529,24097,766,86
1668,3470,24098,4529,24098,766,86
1668,3470,24099,4529,24099,766,86
1668,3470,24100,4529,24100,766,86
1668,3470,24101,4529,24101,766,86
1668,3470,24102,4529,24102,766,86
1668,3470,24103,4529,24103,766,86
1668,3470,24104,4529,24104,766,86
1668,3470,24105,4529,24105,766,86
1668,3470,24106,4529,24106,766,86
1669,3470,24107,4529,24107,766,86
1669,3470,24108,4529,24108,766,86
1669,3470,24109,4529,24109,766,86
1669,3470,24110,4529,24110,766,86
1669,3470,24111,4529,24111,766,86
1669,3470,24112,4529,24112,766,86
1669,3470,24113,4529,24113,766,86
1669,3470,24114,4529,24114,766,86
1669,3470,24115,4529,24115,766,86
1669,3470,24116,4529,24116,766,86
1669,3470,24117,4529,24117,766,86
1669,3470,24118,4529,24118,766,86
1669,3470,24119,4529,24119,766,86
1669,3470,24120,4529,24120,766,86
1670,3470,24121,4529,24121,766,86
1670,3470,24122,4529,24122,766,86
1670,3470,24123,4529,24123,766,86
1670,3470,24124,4529,24124,766,86
1670,3470,24125,4529,24125,766,86
1670,3470,24126,4529,24126,766,86
1670,3470,24127,4529,24127,766,86
1670,3470,24128,4529,24128,766,86
1670,3470,24129,4529,24129,766,86
1670,3470,24130,4529,24130,766,86
1670,3470,24131,4529,24131,766,86
1670,3470,24132,4529,24132,766,86
1670,3470,24133,4529,24133,766,86
1670,3470,24134,4529,24134,766,86
1670,3470,24135,4529,24135,766,86
1670,3470,24136,4529,24136,766,86
1670,3470,24137,4529,24137,766,86
1670,3470,24138,4529,24138,766,86
1670,3470,24139,4529,24139,766,86
1670,3470,24140,4529,24140,766,86
1670,3470,24141,4529,24141,766,86
1670,3470,24142,4529,24142,766,86
1670,3470,24143,4529,24143,766,86
1670,3470,24144,4529,24144,766,86
1670,3470,24145,4529,24145,766,86
1670,3470,24146,4529,24146,766,86
1670,3470,24147,4529,24147,766,86
1670,3470,24148,4529,24148,766,86
1671,3470,24149,4529,24149,766,86
1671,3470,24150,4529,24150,766,86
1671,3470,24151,4529,24151,766,86
1671,3470,24152,4529,24152,766,86
1671,3470,24153,4529,24153,766,86
1671,3470,24154,4529,24154,766,86
1671,3470,24155,4529,24155,766,86
1671,3470,24156,4529,24156,766,86
1671,3470,24157,4529,24157,766,86
1671,3470,24158,4529,24158,766,86
1671,3470,24159,4529,24159,766,86
1671,3470,24160,4529,24160,766,86
1671,3470,24161,4529,24161,766,86
1671,3470,24162,4529,24162,766,86
1671,3470,24163,4529,24163,766,86
1671,3470,24164,4529,24164,766,86
1671,3470,24165,4529,24165,766,86
1671,3470,24166,4529,24166,766,86
1671,3470,24167,4529,24167,766,86
1671,3470,24168,4529,24168,766,86
1671,3470,24169,4529,24169,766,86
1671,3470,24170,4529,24170,766,86
1671,3470,24171,4529,24171,766,86
1671,3470,24172,4529,24172,766,86
1671,3470,24173,4529,24173,766,86
1671,3470,24174,4529,24174,766,86
1671,3470,24175,4529,24175,766,86
1671,3470,24176,4529,24176,766,86
1671,3470,24177,4529,24177,766,86
1671,3470,24178,4529,24178,766,86
1670,3470,24179,4529,24179,766,85
1670,3470,24180,4529,24180,766,85
1670,3470,24181,4529,24181,766,85
1670,3470,24182,4529,24182,766,85
1670,3470,24183,4529,24183,766,85
1669,3470,24184,4529,24184,766,85
1669,3470,24185,4529,24185,766,85
1669,3470,24186,4529,24186,766,85
1669,3470,24187,4529,24187,766,85
1669,3470,24188,4529,24188,766,85
1669,3470,24189,4529,24189,766,85
1669,3470,24190,4529,24190,766,85
1669,3470,24191,4529,24191,766,85
1669,3470,24192,4529,24192,766,85
1669,3470,24193,4529,24193,766,85
1669,3470,24194,4529,24194,766,85
1669,3470,24195,4529,24195,766,85
1669,3470,24196,4529,24196,766,85
1669,3470,24197,4529,24197,766,85
1669,3470,24198,4529,24198,766,85
1669,3470,24199,4529,24199,766,85
1669,3470,24200,4529,24200,766,85
1669,3470,24201,4529,24201,766,85
1668,3470,24202,4529,24202,766,85
1668,3470,24203,4529,24203,766,85
1668,3470,24204,4529,24204,766,85
1668,3470,24205,4529,24205,766,85
1668,3470,24206,4529,24206,766,85
1668,3470,24207,4529,24207,766,85
1668,3470,24208,4529,24208,766,85
1668,3470,24209,4529,24209,766,85
1668,3470,24210,4529,24210,766,85
1668,3470,24211,4529,24211,766,85
1668,3470,24212,4529,24212,766,85
1668,3470,24213,4529,24213,766,85
1668,3470,24214,4529,24214,766,85
1668,3470,24215,4529,24215,766,85
1668,3470,24216,4529,24216,766,85
1668,3470,24217,4529,24217,766,85
1668,3470,24218,4529,24218,766,85
1668,3470,24219,4529,24219,766,85
1668,3470,24220,4529,24220,766,85
1668,3470,24221,4529,24221,766,85
1669,3470,24222,4529,24222,766,85
1669,3470,24223,4529,24223,766,85
1669,3470,24224,4529,24224,766,85
1669,3470,24225,4529,24225,766,85
1669,3470,24226,4529,24226,766,85
1669,3470,24227,4529,24227,766,85
1669,3470,24228,4529,24228,766,85
1669,3470,24229,4529,24229,766,85
1669,3470,24230,4529,24230,766,85
1668,3470,24231,4529,24231,766,85
1668,3470,24232,4529,24232,766,85
1668,3470,24233,4529,24233,766,85
1668,3470,24234,4529,24234,766,85
1668,3470,24235,4529,24235,766,85
1668,3470,24236,4529,24236,766,85
1668,3470,24237,4529,24237,766,85
1668,3470,24238,4529,24238,766,85
1668,3470,24239,4529,24239,766,85
1668,3470,24240,4529,24240,766,85
1667,3470,24241,4529,24241,766,84
1667,3470,24242,4529,24242,766,84
1667,3470,24243,4529,24243,766,84
1667,3470,24244,4529,24244,766,84
1668,3470,24245,4529,24245,766,84
1668,3470,24246,4529,24246,766,84
1668,3470,24247,4529,24247,766,84
1668,3470,24248,4529,24248,766,84
1668,3470,24249,4529,24249,766,84
1668,3470,24250,4529,24250,766,84
1668,3470,24251,4529,24251,766,84
1668,3470,24252,4529,24252,766,84
1668,3470,24253,4529,24253,766,84
1668,3470,24254,4529,24254,766,84
1668,3470,24255,4529,24255,766,84
1668,3470,24256,4529,24256,766,84
1668,3470,24257,4529,24257,766,84
1668,3470,24258,4529,24258,766,84
1668,3470,24259,4529,24259,766,84
1668,3470,24260,4529,24260,766,84
1668,3470,24261,4529,24261,766,84
1668,3470,24262,4529,24262,766,84
1668,3470,24263,4529,24263,766,84
1668,3470,24264,4529,24264,766,84
1668,3470,24265,4529,24265,766,84
1668,3470,24266,4529,24266,766,84
1668,3470,24267,4529,24267,766,84
1668,3470,24268,4529,24268,766,84
1668,3470,24269,4529,24269,766,84
1668,3470,24270,4529,24270,766,84
1668,3470,24271,4529,24271,766,84
1668,3470,24272,4529,24272,766,84
1668,3470,24273,4529,24273,766,84
1668,3470,24274,4529,24274,766,84
1668,3470,24275,4529,24275,766,84
1668,3470,24276,4529,24276,766,84
1668,3470,24277,4529,24277,766,84
1668,3470,24278,4529,24278,766,84
1668,3470,24279,4529,24279,766,84
1668,3470,24280,4529,24280,766,84
1668,3470,24281,4529,24281,766,84
1667,3470,24282,4529,24282,766,84
1667,3470,24283,4529,24283,766,84
1667,3470,24284,4529,24284,766,84
1667,3470,24285,4529,24285,766,84
1667,3470,24286,4529,24286,766,84
1667,3470,24287,4529,24287,766,84
1667,3470,24288,4529,24288,766,84
1667,3470,24289,4529,24289,766,84
1667,3470,24290,4529,24290,766,84
1667,3470,24291,4529,24291,766,84
1667,3470,24292,4529,24292,766,84
1667,3470,24293,4529,24293,766,84
1667,3470,24294,4529,24294,766,84
1667,3470,24295,4529,24295,766,84
1667,3470,24296,4529,24296,766,84
1667,3470,24297,4529,24297,766,84
1667,3470,24298,4529,24298,766,84
1667,3470,24299,4529,24299,766,84
1667,3470,24300,4529,24300,766,84
1667,3470,24301,4529,24301,766,84
1667,3470,24302,4529,24302,766,84
1668,3470,24303,4529,24303,766,84
1668,3470,24304,4529,24304,766,84
1668,3470,24305,4529,24305,766,84
1668,3470,24306,4529,24306,766,84
1668,3470,24307,4529,24307,766,84
1668,3470,24308,4529,24308,766,84
1668,3470,24309,4529,24309,766,84
1668,3470,24310,4529,24310,766,84
1668,3470,24311,4529,24311,766,84
1668,3470,24312,4529,24312,766,84
1668,3470,24313,4529,24313,766,84
1668,3470,24314,4529,24314,766,84
1668,3470,24315,4529,24315,766,84
1668,3470,24316,4529,24316,766,84
1668,3470,24317,4529,24317,766,84
1668,3470,24318,4529,24318,766,84
1668,3470,24319,4529,24319,766,84
1668,3470,24320,4529,24320,766,84
1668,3470,24321,4529,24321,766,84
1668,3470,24322,4529,24322,766,84
1668,3470,24323,4529,24323,766,84
1667,3470,24324,4529,24324,766,84
1667,3470,24325,4529,24325,766,84
1667,3470,24326,4529,24326,766,84
1667,3470,24327,4529,24327,766,84
1667,3470,24328,4529,24328,766,84
1667,3470,24329,4529,24329,766,84
1667,3470,24330,4529,24330,766,84
1667,3470,24331,4529,24331,766,84
1667,3470,24332,4529,24332,766,84
1667,3470,24333,4529,24333,766,84
1667,3470,24334,4529,24334,766,84
1667,3470,24335,4529,24335,766,84
1667,3470,24336,4529,24336,766,84
1667,3470,24337,4529,24337,766,84
1667,3470,24338,4529,24338,766,84
1667,3470,24339,4529,24339,766,84
1667,3470,24340,4529,24340,766,84
1666,3470,24341,4529,24341,766,84
1666,3470,24342,4529,24342,766,84
1666,3470,24343,4529,24343,766,84
1666,3470,24344,4529,24344,766,84
1666,3470,24345,4529,24345,766,84
1666,3470,24346,4529,24346,766,84
1667,3470,24347,4529,24347,766,84
1667,3470,24348,4529,24348,766,84
1667,3470,24349,4529,24349,766,84
1667,3470,24350,4529,24350,766,84
1667,3470,24351,4529,24351,766,84
1667,3470,24352,4529,24352,766,84
1667,3470,24353,4529,24353,766,84
1667,3470,24354,4529,24354,766,84
1667,3470,24355,4529,24355,766,84
1667,3470,24356,4529,24356,766,84
1667,3470,24357,4529,24357,766,84
1667,3470,24358,4529,24358,766,84
1667,3470,24359,4529,24359,766,84
1667,3470,24360,4529,24360,766,84
1667,3470,24361,4529,24361,766,84
1667,3470,24362,4529,24362,766,84
1667,3470,24363,4529,24363,766,84
1667,3470,24364,4529,24364,766,84
1667,3470,24365,4529,24365,766,84
1666,3470,24366,4529,24366,766,84
1666,3470,24367,4529,24367,766,84
1667,3470,24368,4529,24368,766,84
1667,3470,24369,4529,24369,766,84
1667,3470,24370,4529,24370,766,84
1667,3470,24371,4529,24371,766,84
1667,3470,24372,4529,24372,766,84
1667,3470,24373,4529,24373,766,84
1667,3470,24374,4529,24374,766,84
1667,3470,24375,4529,24375,766,84
1667,3470,24376,4529,24376,766,84
1667,3470,24377,4529,24377,766,84
1667,3470,24378,4529,24378,766,84
1667,3470,24379,4529,24379,766,84
1667,3470,24380,4529,24380,766,84
1667,3470,24381,4529,24381,766,84
1667,3470,24382,4529,24382,766,84
1667,3470,24383,4529,24383,766,84
1667,3470,24384,4529,24384,766,84
1666,3470,24385,4529,24385,766,84
1666,3470,24386,4529,24386,766,84
1666,3470,24387,4529,24387,766,84
1666,3470,24388,4529,24388,766,84
1666,3470,24389,4529,24389,766,84
1666,3470,24390,4529,24390,766,84
1666,3470,24391,4529,24391,766,84
1666,3470,24392,4529,24392,766,84
1666,3470,24393,4529,24393,766,84
1666,3470,24394,4529,24394,766,84
1666,3470,24395,4529,24395,766,84
1666,3470,24396,4529,24396,766,84
1666,3470,24397,4529,24397,766,84
1666,3470,24398,4529,24398,766,84
1666,3470,24399,4529,24399,766,84
1666,3470,24400,4529,24400,766,84
1666,3470,24401,4529,24401,766,84
1666,3470,24402,4529,24402,766,84
1666,3470,24403,4529,24403,766,84
1666,3470,24404,4529,24404,766,84
1666,3470,24405,4529,24405,766,84
1666,3470,24406,4529,24406,766,84
1666,3470,24407,4529,24407,766,84
1666,3470,24408,4529,24408,766,84
1666,3470,24409,4529,24409,766,84
1665,3470,24410,4529,24410,766,84
1665,3470,24411,4529,24411,766,84
1665,3470,24412,4529,24412,766,84
1664,3470,24413,4529,24413,766,84
1664,3470,24414,4529,24414,766,84
1664,3470,24415,4529,24415,766,84
1664,3470,24416,4529,24416,766,84
1664,3470,24417,4529,24417,766,84
1664,3470,24418,4529,24418,766,84
1664,3470,24419,4529,24419,766,84
1664,3470,24420,4529,24420,766,84
1664,3470,24421,4529,24421,766,84
1664,3470,24422,4529,24422,766,84
1664,3470,24423,4529,24423,766,84
1664,3470,24424,4529,24424,766,84
1663,3470,24425,4529,24425,766,84
1663,3470,24426,4529,24426,766,84
1663,3470,24427,4529,24427,766,84
1663,3470,24428,4529,24428,766,84
1662,3470,24429,4529,24429,766,84
1661,3470,24430,4529,24430,766,84
1661,3470,24431,4529,24431,766,84
1661,3470,24432,4529,24432,766,84
1661,3470,24433,4529,24433,766,84
1661,3470,24434,4529,24434,766,84
1661,3470,24435,4529,24435,766,84
1661,3470,24436,4529,24436,766,84
1661,3470,24437,4529,24437,766,84
1661,3470,24438,4529,24438,766,84
1661,3470,24439,4529,24439,766,84
1661,3470,24440,4529,24440,766,84
1661,3470,24441,4529,24441,766,84
1661,3470,24442,4529,24442,766,84
1660,3470,24443,4529,24443,766,84
1660,3470,24444,4529,24444,766,84
1660,3470,24445,4529,24445,766,84
1660,3470,24446,4529,24446,766,84
1660,3470,24447,4529,24447,766,84
1660,3470,24448,4529,24448,766,84
1660,3470,24449,4529,24449,766,84
1660,3470,24450,4529,24450,766,84
1660,3470,24451,4529,24451,766,84
1660,3470,24452,4529,24452,766,84
1660,3470,24453,4529,24453,766,84
1660,3470,24454,4529,24454,766,84
1660,3470,24455,4529,24455,766,84
1660,3470,24456,4529,24456,766,84
1660,3470,24457,4529,24457,766,84
1660,3470,24458,4529,24458,766,84
1660,3470,24459,4529,24459,766,84
1660,3470,24460,4529,24460,766,84
1660,3470,24461,4529,24461,766,84
1660,3470,24462,4529,24462,766,84
1660,3470,24463,4529,24463,766,84
1660,3470,24464,4529,24464,766,84
1660,3470,24465,4529,24465,766,84
1660,3470,24466,4529,24466,766,84
1660,3470,24467,4529,24467,766,84
1660,3470,24468,4529,24468,766,84
1660,3470,24469,4529,24469,766,84
1660,3470,24470,4529,24470,766,84
1660,3470,24471,4529,24471,766,84
1660,3470,24472,4529,24472,766,84
1660,3470,24473,4529,24473,766,84
1660,3470,24474,4529,24474,766,84
1660,3470,24475,4529,24475,766,84
1660,3470,24476,4529,24476,766,84
1660,3470,24477,4529,24477,766,84
1659,3470,24478,4529,24478,766,84
1659,3470,24479,4529,24479,766,84
1659,3470,24480,4529,24480,766,84
1659,3470,24481,4529,24481,766,84
1659,3470,24482,4529,24482,766,84
1659,3470,24483,4529,24483,766,84
1659,3470,24484,4529,24484,766,84
1659,3470,24485,4529,24485,766,84
1659,3470,24486,4529,24486,766,84
1659,3470,24487,4529,24487,766,84
1658,3470,24488,4529,24488,766,84
1658,3470,24489,4529,24489,766,84
1658,3470,24490,4529,24490,766,84
1658,3470,24491,4529,24491,766,84
1658,3470,24492,4529,24492,766,84
1658,3470,24493,4529,24493,766,84
1658,3470,24494,4529,24494,766,84
1658,3470,24495,4529,24495,766,84
1658,3470,24496,4529,24496,766,84
1658,3470,24497,4529,24497,766,84
1658,3470,24498,4529,24498,766,84
1658,3470,24499,4529,24499,766,84
1658,3470,24500,4529,24500,766,84
1658,3470,24501,4529,24501,766,84
1658,3470,24502,4529,24502,766,84
1658,3470,24503,4529,24503,766,84
1658,3470,24504,4529,24504,766,84
1658,3470,24505,4529,24505,766,84
1658,3470,24506,4529,24506,766,84
1658,3470,24507,4529,24507,766,84
1657,3470,24508,4529,24508,766,84
1657,3470,24509,4529,24509,766,84
1656,3470,24510,4529,24510,766,84
1656,3470,24511,4529,24511,766,84
1656,3470,24512,4529,24512,766,84
1656,3470,24513,4529,24513,766,84
1656,3470,24514,4529,24514,766,84
1656,3470,24515,4529,24515,766,84
1655,3470,24516,4529,24516,766,83
1656,3470,24517,4529,24517,766,83
1656,3470,24518,4529,24518,766,83
1656,3470,24519,4529,24519,766,83
1656,3470,24520,4529,24520,766,83
1656,3470,24521,4529,24521,766,83
1656,3470,24522,4529,24522,766,83
1656,3470,24523,4529,24523,766,83
1656,3470,24524,4529,24524,766,83
1656,3470,24525,4529,24525,766,83
1656,3470,24526,4529,24526,766,83
1656,3470,24527,4529,24527,766,83
1656,3470,24528,4529,24528,766,83
1656,3470,24529,4529,24529,766,83
1656,3470,24530,4529,24530,766,83
1656,3470,24531,4529,24531,766,83
1656,3470,24532,4529,24532,766,83
1656,3470,24533,4529,24533,766,83
1656,3470,24534,4529,24534,766,83
1656,3470,24535,4529,24535,766,83
1656,3470,24536,4529,24536,766,83
1656,3470,24537,4529,24537,766,83
1655,3470,24538,4529,24538,766,83
1655,3470,24539,4529,24539,766,83
1655,3470,24540,4529,24540,766,83
1655,3470,24541,4529,24541,766,83
1655,3470,24542,4529,24542,766,83
1655,3470,24543,4529,24543,766,83
1655,3470,24544,4529,24544,766,83
1654,3470,24545,4529,24545,766,83
1654,3470,24546,4529,24546,766,83
1654,3470,24547,4529,24547,766,83
1654,3470,24548,4529,24548,766,83
1654,3470,24549,4529,24549,766,83
1654,3470,24550,4529,24550,766,83
1654,3470,24551,4529,24551,766,83
1654,3470,24552,4529,24552,766,83
1654,3470,24553,4529,24553,766,83
1654,3470,24554,4529,24554,766,83
1654,3470,24555,4529,24555,766,83
1654,3470,24556,4529,24556,766,83
1654,3470,24557,4529,24557,766,83
1654,3470,24558,4529,24558,766,83
1654,3470,24559,4529,24559,766,83
1655,3470,24560,4529,24560,766,83
1655,3470,24561,4529,24561,766,83
1655,3470,24562,4529,24562,766,83
1655,3470,24563,4529,24563,766,83
1655,3470,24564,4529,24564,766,83
1655,3470,24565,4529,24565,766,83
1655,3470,24566,4529,24566,766,83
1655,3470,24567,4529,24567,766,83
1655,3470,24568,4529,24568,766,83
1655,3470,24569,4529,24569,766,83
1655,3470,24570,4529,24570,766,83
1655,3470,24571,4529,24571,766,83
1655,3470,24572,4529,24572,766,83
1655,3470,24573,4529,24573,766,83
1655,3470,24574,4529,24574,766,83
1655,3470,24575,4529,24575,766,83
1655,3470,24576,4529,24576,766,83
1655,3470,24577,4529,24577,766,83
1654,3470,24578,4529,24578,766,83
1654,3470,24579,4529,24579,766,83
1654,3470,24580,4529,24580,766,83
1654,3470,24581,4529,24581,766,83
1653,3470,24582,4529,24582,766,83
1653,3470,24583,4529,24583,766,83
1653,3470,24584,4529,24584,766,83
1653,3470,24585,4529,24585,766,83
1653,3470,24586,4529,24586,766,83
1653,3470,24587,4529,24587,766,83
1653,3470,24588,4529,24588,766,83
1653,3470,24589,4529,24589,766,83
1653,3470,24590,4529,24590,766,83
1653,3470,24591,4529,24591,766,83
1653,3470,24592,4529,24592,766,83
1653,3470,24593,4529,24593,766,83
1653,3470,24594,4529,24594,766,83
1653,3470,24595,4529,24595,766,83
1653,3470,24596,4529,24596,766,83
1653,3470,24597,4529,24597,766,83
1654,3470,24598,4529,24598,766,83
1654,3470,24599,4529,24599,766,83
1654,3470,24600,4529,24600,766,83
1654,3470,24601,4529,24601,766,83
1654,3470,24602,4529,24602,766,83
1654,3470,24603,4529,24603,766,83
1654,3470,24604,4529,24604,766,83
1654,3470,24605,4529,24605,766,83
1654,3470,24606,4529,24606,766,83
1654,3470,24607,4529,24607,766,83
1654,3470,24608,4529,24608,766,83
1654,3470,24609,4529,24609,766,83
1654,3470,24610,4529,24610,766,83
1654,3470,24611,4529,24611,766,83
1654,3470,24612,4529,24612,766,83
1654,3470,24613,4529,24613,766,83
1654,3470,24614,4529,24614,766,83
1654,3470,24615,4529,24615,766,83
1654,3470,24616,4529,24616,766,83
1653,3470,24617,4529,24617,766,83
1653,3470,24618,4529,24618,766,83
1653,3470,24619,4529,24619,766,83
1653,3470,24620,4529,24620,766,83
1653,3470,24621,4529,24621,766,83
1653,3470,24622,4529,24622,766,83
1653,3470,24623,4529,24623,766,83
1653,3470,24624,4529,24624,766,83
1653,3470,24625,4529,24625,766,83
1653,3470,24626,4529,24626,766,83
1653,3470,24627,4529,24627,766,83
1653,3470,24628,4529,24628,766,83
1653,3470,24629,4529,24629,766,83
1653,3470,24630,4529,24630,766,83
1653,3470,24631,4529,24631,766,83
1653,3470,24632,4529,24632,766,83
1653,3470,24633,4529,24633,766,83
1653,3470,24634,4529,24634,766,83
1653,3470,24635,4529,24635,766,83
1653,3470,24636,4529,24636,766,83
1653,3470,24637,4529,24637,766,83
1653,3470,24638,4529,24638,766,83
1653,3470,24639,4529,24639,766,83
1653,3470,24640,4529,24640,766,83
1653,3470,24641,4529,24641,766,83
1653,3470,24642,4529,24642,766,83
1653,3470,24643,4529,24643,766,83
1654,3470,24644,4529,24644,766,83
1654,3470,24645,4529,24645,766,83
1654,3470,24646,4529,24646,766,83
1654,3470,24647,4529,24647,766,83
1654,3470,24648,4529,24648,766,83
1654,3470,24649,4529,24649,766,83
1654,3470,24650,4529,24650,766,83
1654,3470,24651,4529,24651,766,83
1654,3470,24652,4529,24652,766,83
1654,3470,24653,4529,24653,766,83
1654,3470,24654,4529,24654,766,83
1654,3470,24655,4529,24655,766,83
1654,3470,24656,4529,24656,766,83
1654,3470,24657,4529,24657,766,83
1653,3470,24658,4529,24658,766,83
1653,3470,24659,4529,24659,766,83
1653,3470,24660,4529,24660,766,83
1653,3470,24661,4529,24661,766,83
1653,3470,24662,4529,24662,766,83
1653,3470,24663,4529,24663,766,83
1653,3470,24664,4529,24664,766,83
1653,3470,24665,4529,24665,766,83
1653,3470,24666,4529,24666,766,83
1653,3470,24667,4529,24667,766,83
1653,3470,24668,4529,24668,766,83
1653,3470,24669,4529,24669,766,83
1653,3470,24670,4529,24670,766,83
1653,3470,24671,4529,24671,766,83
1653,3470,24672,4529,24672,766,83
1654,3470,24673,4529,24673,766,83
1654,3470,24674,4529,24674,766,83
1654,3470,24675,4529,24675,766,83
1655,3470,24676,4529,24676,766,83
1655,3470,24677,4529,24677,766,83
1655,3470,24678,4529,24678,766,83
1655,3470,24679,4529,24679,766,83
1655,3470,24680,4529,24680,766,83
1655,3470,24681,4529,24681,766,83
1655,3470,24682,4529,24682,766,83
1655,3470,24683,4529,24683,766,83
1655,3470,24684,4529,24684,766,83
1655,3470,24685,4529,24685,766,83
1655,3470,24686,4529,24686,766,83
1655,3470,24687,4529,24687,766,83
1655,3470,24688,4529,24688,766,83
1655,3470,24689,4529,24689,766,83
1655,3470,24690,4529,24690,766,83
1655,3470,24691,4529,24691,766,83
1654,3470,24692,4529,24692,766,83
1653,3470,24693,4529,24693,766,83
1653,3470,24694,4529,24694,766,83
1653,3470,24695,4529,24695,766,83
1653,3470,24696,4529,24696,766,83
1653,3470,24697,4529,24697,766,83
1653,3470,24698,4529,24698,766,83
1653,3470,24699,4529,24699,766,83
1653,3470,24700,4529,24700,766,83
1653,3470,24701,4529,24701,766,83
1653,3470,24702,4529,24702,766,83
1653,3470,24703,4529,24703,766,83
1653,3470,24704,4529,24704,766,83
1653,3470,24705,4529,24705,766,83
1653,3470,24706,4529,24706,766,83
1653,3470,24707,4529,24707,766,83
1654,3470,24708,4529,24708,766,83
1654,3470,24709,4529,24709,766,83
1654,3470,24710,4529,24710,766,83
1654,3470,24711,4529,24711,766,83
1654,3470,24712,4529,24712,766,83
1654,3470,24713,4529,24713,766,83
1654,3470,24714,4529,24714,766,83
1654,3470,24715,4529,24715,766,83
1654,3470,24716,4529,24716,766,83
1654,3470,24717,4529,24717,766,83
1654,3470,24718,4529,24718,766,83
1654,3470,24719,4529,24719,766,83
1655,3470,24720,4529,24720,766,83
1655,3470,24721,4529,24721,766,83
1654,3470,24722,4529,24722,766,83
1654,3470,24723,4529,24723,766,83
1654,3470,24724,4529,24724,766,83
1654,3470,24725,4529,24725,766,83
1654,3470,24726,4529,24726,766,83
1654,3470,24727,4529,24727,766,83
1654,3470,24728,4529,24728,766,83
1654,3470,24729,4529,24729,766,83
1654,3470,24730,4529,24730,766,83
1654,3470,24731,4529,24731,766,83
1654,3470,24732,4529,24732,766,83
1654,3470,24733,4529,24733,766,83
1654,3470,24734,4529,24734,766,83
1654,3470,24735,4529,24735,766,83
1654,3470,24736,4529,24736,766,83
1654,3470,24737,4529,24737,766,83
1654,3470,24738,4529,24738,766,83
1654,3470,24739,4529,24739,766,83
1654,3470,24740,4529,24740,766,83
1654,3470,24741,4529,24741,766,83
1654,3470,24742,4529,24742,766,83
1654,3470,24743,4529,24743,766,83
1654,3470,24744,4529,24744,766,83
1654,3470,24745,4529,24745,766,83
1654,3470,24746,4529,24746,766,83
1654,3470,24747,4529,24747,766,83
1654,3470,24748,4529,24748,766,83
1654,3470,24749,4529,24749,766,83
1654,3470,24750,4529,24750,766,83
1654,3470,24751,4529,24751,766,83
1654,3470,24752,4529,24752,766,83
1654,3470,24753,4529,24753,766,83
1654,3470,24754,4529,24754,766,83
1654,3470,24755,4529,24755,766,83
1654,3470,24756,4529,24756,766,83
1654,3470,24757,4529,24757,766,83
1654,3470,24758,4529,24758,766,83
1654,3470,24759,4529,24759,766,83
1654,3470,24760,4529,24760,766,83
1654,3470,24761,4529,24761,766,83
1654,3470,24762,4529,24762,766,83
1654,3470,24763,4529,24763,766,83
1654,3470,24764,4529,24764,766,83
1655,3470,24765,4529,24765,766,83
1655,3470,24766,4529,24766,766,83
1655,3470,24767,4529,24767,766,83
1655,3470,24768,4529,24768,766,83
1655,3470,24769,4529,24769,766,83
1655,3470,24770,4529,24770,766,83
1655,3470,24771,4529,24771,766,83
1655,3470,24772,4529,24772,766,83
1655,3470,24773,4529,24773,766,83
1655,3470,24774,4529,24774,766,83
1654,3470,24775,4529,24775,766,83
1654,3470,24776,4529,24776,766,83
1654,3470,24777,4529,24777,766,83
1654,3470,24778,4529,24778,766,83
1654,3470,24779,4529,24779,766,83
1653,3470,24780,4529,24780,766,83
1653,3470,24781,4529,24781,766,83
1653,3470,24782,4529,24782,766,83
1653,3470,24783,4529,24783,766,83
1653,3470,24784,4529,24784,766,83
1653,3470,24785,4529,24785,766,83
1653,3470,24786,4529,24786,766,83
1653,3470,24787,4529,24787,766,83
1653,3470,24788,4529,24788,766,83
1653,3470,24789,4529,24789,766,83
1653,3470,24790,4529,24790,766,83
1652,3470,24791,4529,24791,766,83
1652,3470,24792,4529,24792,766,83
1652,3470,24793,4529,24793,766,83
1652,3470,24794,4529,24794,766,83
1652,3470,24795,4529,24795,766,83
1652,3470,24796,4529,24796,766,83
1652,3470,24797,4529,24797,766,83
1652,3470,24798,4529,24798,766,83
1652,3470,24799,4529,24799,766,83
1652,3470,24800,4529,24800,766,83
1652,3470,24801,4529,24801,766,83
1652,3470,24802,4529,24802,766,83
1652,3470,24803,4529,24803,766,83
1652,3470,24804,4529,24804,766,83
1652,3470,24805,4529,24805,766,83
1652,3470,24806,4529,24806,766,83
1652,3470,24807,4529,24807,766,83
1652,3470,24808,4529,24808,766,83
1652,3470,24809,4529,24809,766,83
1652,3470,24810,4529,24810,766,83
1652,3470,24811,4529,24811,766,83
1652,3470,24812,4529,24812,766,83
1652,3470,24813,4529,24813,766,83
1652,3470,24814,4529,24814,766,83
1652,3470,24815,4529,24815,766,83
1652,3470,24816,4529,24816,766,83
1652,3470,24817,4529,24817,766,83
1652,3470,24818,4529,24818,766,83
1652,3470,24819,4529,24819,766,83
1652,3470,24820,4529,24820,766,83
1652,3470,24821,4529,24821,766,83
1652,3470,24822,4529,24822,766,83
1652,3470,24823,4529,24823,766,83
1652,3470,24824,4529,24824,766,83
1652,3470,24825,4529,24825,766,83
1652,3470,24826,4529,24826,766,83
1652,3470,24827,4529,24827,766,83
1652,3470,24828,4529,24828,766,83
1652,3470,24829,4529,24829,766,83
1652,3470,24830,4529,24830,766,83
1652,3470,24831,4529,24831,766,83
1653,3470,24832,4529,24832,766,83
1653,3470,24833,4529,24833,766,83
1653,3470,24834,4529,24834,766,83
1653,3470,24835,4529,24835,766,83
1653,3470,24836,4529,24836,766,83
1653,3470,24837,4529,24837,766,83
1653,3470,24838,4529,24838,766,83
1653,3470,24839,4529,24839,766,83
1653,3470,24840,4529,24840,766,83
1653,3470,24841,4529,24841,766,83
1653,3470,24842,4529,24842,766,83
1653,3470,24843,4529,24843,766,83
1653,3470,24844,4529,24844,766,83
1653,3470,24845,4529,24845,766,83
1653,3470,24846,4529,24846,766,83
1653,3470,24847,4529,24847,766,83
1653,3470,24848,4529,24848,766,83
1653,3470,24849,4529,24849,766,83
1653,3470,24850,4529,24850,766,83
1653,3470,24851,4529,24851,766,83
1653,3470,24852,4529,24852,766,83
1653,3470,24853,4529,24853,766,83
1653,3470,24854,4529,24854,766,83
1653,3470,24855,4529,24855,766,83
1653,3470,24856,4529,24856,766,83
1653,3470,24857,4529,24857,766,83
1653,3470,24858,4529,24858,766,83
1653,3470,24859,4529,24859,766,83
1653,3470,24860,4529,24860,766,83
1653,3470,24861,4529,24861,766,83
1653,3470,24862,4529,24862,766,83
1653,3470,24863,4529,24863,766,83
1652,3470,24864,4529,24864,766,83
1652,3470,24865,4529,24865,766,83
1652,3470,24866,4529,24866,766,83
1652,3470,24867,4529,24867,766,83
1652,3470,24868,4529,24868,766,83
1652,3470,24869,4529,24869,766,83
1652,3470,24870,4529,24870,766,83
1652,3470,24871,4529,24871,766,83
1652,3470,24872,4529,24872,766,83
1652,3470,24873,4529,24873,766,83
1652,3470,24874,4529,24874,766,83
1652,3470,24875,4529,24875,766,83
1652,3470,24876,4529,24876,766,83
1652,3470,24877,4529,24877,766,83
1652,3470,24878,4529,24878,766,83
1652,3470,24879,4529,24879,766,83
1652,3470,24880,4529,24880,766,83
1652,3470,24881,4529,24881,766,83
1652,3470,24882,4529,24882,766,83
1652,3470,24883,4529,24883,766,83
1652,3470,24884,4529,24884,766,83
1652,3470,24885,4529,24885,766,83
1653,3470,24886,4529,24886,766,83
1653,3470,24887,4529,24887,766,83
1653,3470,24888,4529,24888,766,83
1653,3470,24889,4529,24889,766,83
1653,3470,24890,4529,24890,766,83
1653,3470,24891,4529,24891,766,83
1653,3470,24892,4529,24892,766,83
1653,3470,24893,4529,24893,766,83
1653,3470,24894,4529,24894,766,83
1653,3470,24895,4529,24895,766,83
1653,3470,24896,4529,24896,766,83
1653,3470,24897,4529,24897,766,83
1653,3470,24898,4529,24898,766,83
1653,3470,24899,4529,24899,766,83
1653,3470,24900,4529,24900,766,83
1653,3470,24901,4529,24901,766,83
1652,3470,24902,4529,24902,766,83
1652,3470,24903,4529,24903,766,83
1652,3470,24904,4529,24904,766,83
1652,3470,24905,4529,24905,766,83
1652,3470,24906,4529,24906,766,83
1652,3470,24907,4529,24907,766,83
1652,3470,24908,4529,24908,766,83
1652,3470,24909,4529,24909,766,83
1652,3470,24910,4529,24910,766,83
1652,3470,24911,4529,24911,766,83
1652,3470,24912,4529,24912,766,83
1652,3470,24913,4529,24913,766,83
1652,3470,24914,4529,24914,766,83
1652,3470,24915,4529,24915,766,83
1652,3470,24916,4529,24916,766,83
1652,3470,24917,4529,24917,766,83
1652,3470,24918,4529,24918,766,83
1652,3470,24919,4529,24919,766,83
1652,3470,24920,4529,24920,766,83
1652,3470,24921,4529,24921,766,83
1652,3470,24922,4529,24922,766,83
1652,3470,24923,4529,24923,766,83
1652,3470,24924,4529,24924,766,83
1652,3470,24925,4529,24925,766,83
1652,3470,24926,4529,24926,766,83
1652,3470,24927,4529,24927,766,83
1652,3470,24928,4529,24928,766,83
1652,3470,24929,4529,24929,766,83
1652,3470,24930,4529,24930,766,83
1652,3470,24931,4529,24931,766,83
1652,3470,24932,4529,24932,766,83
1652,3470,24933,4529,24933,766,83
1652,3470,24934,4529,24934,766,83
1652,3470,24935,4529,24935,766,83
1652,3470,24936,4529,24936,766,83
1652,3470,24937,4529,24937,766,83
1652,3470,24938,4529,24938,766,83
1652,3470,24939,4529,24939,766,83
1651,3470,24940,4529,24940,766,83
1652,3470,24941,4529,24941,766,83
1652,3470,24942,4529,24942,766,83
1652,3470,24943,4529,24943,766,83
1652,3470,24944,4529,24944,766,83
1652,3470,24945,4529,24945,766,83
1652,3470,24946,4529,24946,766,83
1652,3470,24947,4529,24947,766,83
1652,3470,24948,4529,24948,766,83
1652,3470,24949,4529,24949,766,83
1653,3470,24950,4529,24950,766,83
1653,3470,24951,4529,24951,766,83
1653,3470,24952,4529,24952,766,83
1653,3470,24953,4529,24953,766,83
1653,3470,24954,4529,24954,766,83
1653,3470,24955,4529,24955,766,83
1653,3470,24956,4529,24956,766,83
1653,3470,24957,4529,24957,766,83
1653,3470,24958,4529,24958,766,83
1653,3470,24959,4529,24959,766,83
1653,3470,24960,4529,24960,766,83
1653,3470,24961,4529,24961,766,83
1653,3470,24962,4529,24962,766,83
1653,3470,24963,4529,24963,766,83
1653,3470,24964,4529,24964,766,83
1653,3470,24965,4529,24965,766,83
1653,3470,24966,4529,24966,766,83
1653,3470,24967,4529,24967,766,83
1653,3470,24968,4529,24968,766,83
1653,3470,24969,4529,24969,766,83
1653,3470,24970,4529,24970,766,83
1653,3470,24971,4529,24971,766,83
1653,3470,24972,4529,24972,766,83
1653,3470,24973,4529,24973,766,83
1653,3470,24974,4529,24974,766,83
1653,3470,24975,4529,24975,766,83
1653,3470,24976,4529,24976,766,83
1653,3470,24977,4529,24977,766,83
1653,3470,24978,4529,24978,766,83
1653,3470,24979,4529,24979,766,83
1653,3470,24980,4529,24980,766,83
1653,3470,24981,4529,24981,766,83
1653,3470,24982,4529,24982,766,83
1653,3470,24983,4529,24983,766,83
1653,3470,24984,4529,24984,766,83
1653,3470,24985,4529,24985,766,83
1653,3470,24986,4529,24986,766,83
1653,3470,24987,4529,24987,766,83
1653,3470,24988,4529,24988,766,83
1653,3470,24989,4529,24989,766,83
1653,3470,24990,4529,24990,766,83
1653,3470,24991,4529,24991,766,83
1653,3470,24992,4529,24992,766,83
1654,3470,24993,4529,24993,766,83
1654,3470,24994,4529,24994,766,83
1654,3470,24995,4529,24995,766,83
1654,3470,24996,4529,24996,766,83
1654,3470,24997,4529,24997,766,83
1654,3470,24998,4529,24998,766,83
1654,3470,24999,4529,24999,766,83
1654,3470,25000,4529,25000,766,83
1654,3470,25001,4529,25001,766,83
1654,3470,25002,4529,25002,766,83
1654,3470,25003,4529,25003,766,83
1654,3470,25004,4529,25004,766,83
1654,3470,25005,4529,25005,766,83
1654,3470,25006,4529,25006,766,83
1654,3470,25007,4529,25007,766,83
1654,3470,25008,4529,25008,766,83
1654,3470,25009,4529,25009,766,83
1654,3470,25010,4529,25010,766,83
1654,3470,25011,4529,25011,766,83
1654,3470,25012,4529,25012,766,83
1654,3470,25013,4529,25013,766,83
1654,3470,25014,4529,25014,766,83
1654,3470,25015,4529,25015,766,83
1654,3470,25016,4529,25016,766,83
1654,3470,25017,4529,25017,766,83
1654,3470,25018,4529,25018,766,83
1654,3470,25019,4529,25019,766,83
1654,3470,25020,4529,25020,766,83
1654,3470,25021,4529,25021,766,83
1654,3470,25022,4529,25022,766,83
1655,3470,25023,4529,25023,766,83
1655,3470,25024,4529,25024,766,83
1655,3470,25025,4529,25025,766,83
1655,3470,25026,4529,25026,766,83
1655,3470,25027,4529,25027,766,83
1655,3470,25028,4529,25028,766,83
1655,3470,25029,4529,25029,766,83
1655,3470,25030,4529,25030,766,83
1655,3470,25031,4529,25031,766,83
1655,3470,25032,4529,25032,766,83
1655,3470,25033,4529,25033,766,83
1655,3470,25034,4529,25034,766,83
1655,3470,25035,4529,25035,766,83
1655,3470,25036,4529,25036,766,83
1655,3470,25037,4529,25037,766,83
1655,3470,25038,4529,25038,766,83
1655,3470,25039,4529,25039,766,83
1655,3470,25040,4529,25040,766,83
1655,3470,25041,4529,25041,766,83
1655,3470,25042,4529,25042,766,83
1655,3470,25043,4529,25043,766,83
1655,3470,25044,4529,25044,766,83
1655,3470,25045,4529,25045,766,83
1655,3470,25046,4529,25046,766,83
1655,3470,25047,4529,25047,766,83
1655,3470,25048,4529,25048,766,83
1654,3470,25049,4529,25049,766,83
1654,3470,25050,4529,25050,766,83
1654,3470,25051,4529,25051,766,83
1654,3470,25052,4529,25052,766,83
1654,3470,25053,4529,25053,766,83
1654,3470,25054,4529,25054,766,83
1654,3470,25055,4529,25055,766,83
1654,3470,25056,4529,25056,766,83
1654,3470,25057,4529,25057,766,83
1654,3470,25058,4529,25058,766,83
1654,3470,25059,4529,25059,766,83
1654,3470,25060,4529,25060,766,83
1654,3470,25061,4529,25061,766,83
1654,3470,25062,4529,25062,766,83
1654,3470,25063,4529,25063,766,83
1654,3470,25064,4529,25064,766,83
1654,3470,25065,4529,25065,766,83
1654,3470,25066,4529,25066,766,83
1653,3470,25067,4529,25067,766,83
1653,3470,25068,4529,25068,766,83
1653,3470,25069,4529,25069,766,83
1653,3470,25070,4529,25070,766,83
1653,3470,25071,4529,25071,766,83
1653,3470,25072,4529,25072,766,83
1653,3470,25073,4529,25073,766,83
1653,3470,25074,4529,25074,766,83
1653,3470,25075,4529,25075,766,83
1653,3470,25076,4529,25076,766,83
1653,3470,25077,4529,25077,766,83
1653,3470,25078,4529,25078,766,83
1653,3470,25079,4529,25079,766,83
1652,3470,25080,4529,25080,766,83
1652,3470,25081,4529,25081,766,83
1652,3470,25082,4529,25082,766,83
1651,3470,25083,4529,25083,766,83
1651,3470,25084,4529,25084,766,83
1651,3470,25085,4529,25085,766,83
1651,3470,25086,4529,25086,766,83
1651,3470,25087,4529,25087,766,83
1651,3470,25088,4529,25088,766,83
1651,3470,25089,4529,25089,766,83
1651,3470,25090,4529,25090,766,83
1651,3470,25091,4529,25091,766,83
1651,3470,25092,4529,25092,766,83
1651,3470,25093,4529,25093,766,83
1651,3470,25094,4529,25094,766,83
1651,3470,25095,4529,25095,766,83
1651,3470,25096,4529,25096,766,83
1651,3470,25097,4529,25097,766,83
1651,3470,25098,4529,25098,766,83
1651,3470,25099,4529,25099,766,83
1651,3470,25100,4529,25100,766,83
1651,3470,25101,4529,25101,766,83
1650,3470,25102,4529,25102,766,83
1650,3470,25103,4529,25103,766,83
1650,3470,25104,4529,25104,766,83
1650,3470,25105,4529,25105,766,83
1650,3470,25106,4529,25106,766,83
1650,3470,25107,4529,25107,766,83
1650,3470,25108,4529,25108,766,83
1650,3470,25109,4529,25109,766,83
1650,3470,25110,4529,25110,766,83
1650,3470,25111,4529,25111,766,83
1650,3470,25112,4529,25112,766,83
1650,3470,25113,4529,25113,766,83
1650,3470,25114,4529,25114,766,83
1650,3470,25115,4529,25115,766,83
1650,3470,25116,4529,25116,766,83
1650,3470,25117,4529,25117,766,83
1650,3470,25118,4529,25118,766,83
1650,3470,25119,4529,25119,766,83
1649,3470,25120,4529,25120,766,83
1649,3470,25121,4529,25121,766,83
1649,3470,25122,4529,25122,766,83
1649,3470,25123,4529,25123,766,83
1649,3470,25124,4529,25124,766,83
1649,3470,25125,4529,25125,766,83
1649,3470,25126,4529,25126,766,83
1649,3470,25127,4529,25127,766,83
1649,3470,25128,4529,25128,766,83
1649,3470,25129,4529,25129,766,83
1649,3470,25130,4529,25130,766,83
1649,3470,25131,4529,25131,766,83
1649,3470,25132,4529,25132,766,83
1649,3470,25133,4529,25133,766,83
1649,3470,25134,4529,25134,766,83
1649,3470,25135,4529,25135,766,83
1650,3470,25136,4529,25136,766,83
1649,3470,25137,4529,25137,766,83
1649,3470,25138,4529,25138,766,83
1649,3470,25139,4529,25139,766,83
1649,3470,25140,4529,25140,766,83
1649,3470,25141,4529,25141,766,83
1649,3470,25142,4529,25142,766,83
1649,3470,25143,4529,25143,766,83
1649,3470,25144,4529,25144,766,83
1649,3470,25145,4529,25145,766,83
1649,3470,25146,4529,25146,766,83
1650,3470,25147,4529,25147,766,83
1650,3470,25148,4529,25148,766,83
1650,3470,25149,4529,25149,766,83
1650,3470,25150,4529,25150,766,83
1650,3470,25151,4529,25151,766,83
1650,3470,25152,4529,25152,766,83
1650,3470,25153,4529,25153,766,83
1650,3470,25154,4529,25154,766,83
1650,3470,25155,4529,25155,766,83
1650,3470,25156,4529,25156,766,83
1650,3470,25157,4529,25157,766,83
1650,3470,25158,4529,25158,766,83
1650,3470,25159,4529,25159,766,83
1650,3470,25160,4529,25160,766,83
1650,3470,25161,4529,25161,766,83
1650,3470,25162,4529,25162,766,83
1650,3470,25163,4529,25163,766,83
1650,3470,25164,4529,25164,766,83
1650,3470,25165,4529,25165,766,83
1650,3470,25166,4529,25166,766,83
1650,3470,25167,4529,25167,766,83
1650,3470,25168,4529,25168,766,83
1650,3470,25169,4529,25169,766,83
1650,3470,25170,4529,25170,766,83
1650,3470,25171,4529,25171,766,83
1650,3470,25172,4529,25172,766,83
1650,3470,25173,4529,25173,766,83
1650,3470,25174,4529,25174,766,83
1650,3470,25175,4529,25175,766,83
1650,3470,25176,4529,25176,766,83
1650,3470,25177,4529,25177,766,83
1650,3470,25178,4529,25178,766,83
1650,3470,25179,4529,25179,766,83
1650,3470,25180,4529,25180,766,83
1650,3470,25181,4529,25181,766,83
1650,3470,25182,4529,25182,766,83
1650,3470,25183,4529,25183,766,83
1650,3470,25184,4529,25184,766,83
1650,3470,25185,4529,25185,766,83
1650,3470,25186,4529,25186,766,83
1650,3470,25187,4529,25187,766,83
1650,3470,25188,4529,25188,766,83
1650,3470,25189,4529,25189,766,83
1650,3470,25190,4529,25190,766,83
1650,3470,25191,4529,25191,766,83
1650,3470,25192,4529,25192,766,83
1650,3470,25193,4529,25193,766,83
1650,3470,25194,4529,25194,766,83
1649,3470,25195,4529,25195,766,83
1649,3470,25196,4529,25196,766,83
1649,3470,25197,4529,25197,766,83
1649,3470,25198,4529,25198,766,83
1648,3470,25199,4529,25199,766,83
1648,3470,25200,4529,25200,766,83
1648,3470,25201,4529,25201,766,83
1648,3470,25202,4529,25202,766,83
1648,3470,25203,4529,25203,766,83
1648,3470,25204,4529,25204,766,83
1648,3470,25205,4529,25205,766,83
1647,3470,25206,4529,25206,766,83
1648,3470,25207,4529,25207,766,83
1648,3470,25208,4529,25208,766,83
1648,3470,25209,4529,25209,766,83
1648,3470,25210,4529,25210,766,83
1648,3470,25211,4529,25211,766,83
1648,3470,25212,4529,25212,766,83
1648,3470,25213,4529,25213,766,83
1648,3470,25214,4529,25214,766,83
1648,3470,25215,4529,25215,766,83
1648,3470,25216,4529,25216,766,83
1648,3470,25217,4529,25217,766,83
1648,3470,25218,4529,25218,766,83
1649,3470,25219,4529,25219,766,83
1649,3470,25220,4529,25220,766,83
1649,3470,25221,4529,25221,766,83
1649,3470,25222,4529,25222,766,83
1649,3470,25223,4529,25223,766,83
1649,3470,25224,4529,25224,766,83
1649,3470,25225,4529,25225,766,83
1649,3470,25226,4529,25226,766,83
1649,3470,25227,4529,25227,766,83
1649,3470,25228,4529,25228,766,83
1649,3470,25229,4529,25229,766,83
1649,3470,25230,4529,25230,766,83
1649,3470,25231,4529,25231,766,83
1649,3470,25232,4529,25232,766,83
1649,3470,25233,4529,25233,766,83
1649,3470,25234,4529,25234,766,83
1649,3470,25235,4529,25235,766,83
1649,3470,25236,4529,25236,766,83
1649,3470,25237,4529,25237,766,83
1649,3470,25238,4529,25238,766,83
1649,3470,25239,4529,25239,766,83
1649,3470,25240,4529,25240,766,83
1649,3470,25241,4529,25241,766,83
1649,3470,25242,4529,25242,766,83
1649,3470,25243,4529,25243,766,83
1649,3470,25244,4529,25244,766,83
1649,3470,25245,4529,25245,766,83
1649,3470,25246,4529,25246,766,83
1650,3470,25247,4529,25247,766,83
1650,3470,25248,4529,25248,766,83
1650,3470,25249,4529,25249,766,83
1651,3470,25250,4529,25250,766,83
1651,3470,25251,4529,25251,766,83
1651,3470,25252,4529,25252,766,83
1651,3470,25253,4529,25253,766,83
1651,3470,25254,4529,25254,766,83
1651,3470,25255,4529,25255,766,83
1651,3470,25256,4529,25256,766,83
1651,3470,25257,4529,25257,766,83
1652,3470,25258,4529,25258,766,83
1652,3470,25259,4529,25259,766,83
1652,3470,25260,4529,25260,766,83
1652,3470,25261,4529,25261,766,83
1652,3470,25262,4529,25262,766,83
1652,3470,25263,4529,25263,766,83
1652,3470,25264,4529,25264,766,83
1652,3470,25265,4529,25265,766,83
1652,3470,25266,4529,25266,766,83
1652,3470,25267,4529,25267,766,83
1652,3470,25268,4529,25268,766,83
1652,3470,25269,4529,25269,766,83
1652,3470,25270,4529,25270,766,83
1652,3470,25271,4529,25271,766,83
1652,3470,25272,4529,25272,766,83
1653,3470,25273,4529,25273,766,83
1653,3470,25274,4529,25274,766,83
1653,3470,25275,4529,25275,766,83
1653,3470,25276,4529,25276,766,83
1653,3470,25277,4529,25277,766,83
1653,3470,25278,4529,25278,766,83
1653,3470,25279,4529,25279,766,83
1653,3470,25280,4529,25280,766,83
1653,3470,25281,4529,25281,766,83
1653,3470,25282,4529,25282,766,83
1653,3470,25283,4529,25283,766,83
1654,3470,25284,4529,25284,766,83
1654,3470,25285,4529,25285,766,83
1654,3470,25286,4529,25286,766,83
1654,3470,25287,4529,25287,766,83
1654,3470,25288,4529,25288,766,83
1654,3470,25289,4529,25289,766,83
1654,3470,25290,4529,25290,766,83
1654,3470,25291,4529,25291,766,83
1654,3470,25292,4529,25292,766,83
1655,3470,25293,4529,25293,766,83
1655,3470,25294,4529,25294,766,83
1655,3470,25295,4529,25295,766,83
1655,3470,25296,4529,25296,766,83
1655,3470,25297,4529,25297,766,83
1655,3470,25298,4529,25298,766,83
1655,3470,25299,4529,25299,766,83
1655,3470,25300,4529,25300,766,83
1655,3470,25301,4529,25301,766,83
1655,3470,25302,4529,25302,766,83
1655,3470,25303,4529,25303,766,83
1655,3470,25304,4529,25304,766,83
1655,3470,25305,4529,25305,766,83
1655,3470,25306,4529,25306,766,83
1655,3470,25307,4529,25307,766,83
1655,3470,25308,4529,25308,766,83
1655,3470,25309,4529,25309,766,83
1655,3470,25310,4529,25310,766,83
1655,3470,25311,4529,25311,766,83
1655,3470,25312,4529,25312,766,83
1655,3470,25313,4529,25313,766,83
1655,3470,25314,4529,25314,766,83
1655,3470,25315,4529,25315,766,83
1655,3470,25316,4529,25316,766,83
1656,3470,25317,4529,25317,766,83
1656,3470,25318,4529,25318,766,83
1656,3470,25319,4529,25319,766,83
1656,3470,25320,4529,25320,766,83
1656,3470,25321,4529,25321,766,83
1656,3470,25322,4529,25322,766,83
1656,3470,25323,4529,25323,766,83
1656,3470,25324,4529,25324,766,83
1656,3470,25325,4529,25325,766,83
1656,3470,25326,4529,25326,766,83
1656,3470,25327,4529,25327,766,83
1656,3470,25328,4529,25328,766,83
1656,3470,25329,4529,25329,766,83
1656,3470,25330,4529,25330,766,83
1656,3470,25331,4529,25331,766,83
1656,3470,25332,4529,25332,766,83
1655,3470,25333,4529,25333,766,83
1656,3470,25334,4529,25334,766,83
1656,3470,25335,4529,25335,766,83
1656,3470,25336,4529,25336,766,83
1656,3470,25337,4529,25337,766,83
1656,3470,25338,4529,25338,766,83
1656,3470,25339,4529,25339,766,83
1656,3470,25340,4529,25340,766,83
1656,3470,25341,4529,25341,766,83
1656,3470,25342,4529,25342,766,83
1656,3470,25343,4529,25343,766,83
1656,3470,25344,4529,25344,766,83
1656,3470,25345,4529,25345,766,83
1656,3470,25346,4529,25346,766,83
1656,3470,25347,4529,25347,766,83
1656,3470,25348,4529,25348,766,83
1656,3470,25349,4529,25349,766,83
1656,3470,25350,4529,25350,766,83
1656,3470,25351,4529,25351,766,83
1656,3470,25352,4529,25352,766,83
1656,3470,25353,4529,25353,766,83
1656,3470,25354,4529,25354,766,83
1656,3470,25355,4529,25355,766,83
1656,3470,25356,4529,25356,766,83
1656,3470,25357,4529,25357,766,83
1656,3470,25358,4529,25358,766,83
1656,3470,25359,4529,25359,766,83
1656,3470,25360,4529,25360,766,83
1656,3470,25361,4529,25361,766,83
1656,3470,25362,4529,25362,766,83
1656,3470,25363,4529,25363,766,83
1656,3470,25364,4529,25364,766,83
1656,3470,25365,4529,25365,766,83
1656,3470,25366,4529,25366,766,83
1656,3470,25367,4529,25367,766,83
1656,3470,25368,4529,25368,766,83
1656,3470,25369,4529,25369,766,83
1656,3470,25370,4529,25370,766,83
1656,3470,25371,4529,25371,766,83
1656,3470,25372,4529,25372,766,83
1656,3470,25373,4529,25373,766,83
1656,3470,25374,4529,25374,766,83
1656,3470,25375,4529,25375,766,83
1656,3470,25376,4529,25376,766,83
1656,3470,25377,4529,25377,766,83
1656,3470,25378,4529,25378,766,83
1656,3470,25379,4529,25379,766,83
1656,3470,25380,4529,25380,766,83
1657,3470,25381,4529,25381,766,83
1657,3470,25382,4529,25382,766,83
1657,3470,25383,4529,25383,766,83
1657,3470,25384,4529,25384,766,83
1657,3470,25385,4529,25385,766,83
1657,3470,25386,4529,25386,766,83
1657,3470,25387,4529,25387,766,83
1657,3470,25388,4529,25388,766,83
1657,3470,25389,4529,25389,766,83
1657,3470,25390,4529,25390,766,83
1657,3470,25391,4529,25391,766,83
1657,3470,25392,4529,25392,766,83
1657,3470,25393,4529,25393,766,83
1657,3470,25394,4529,25394,766,83
1657,3470,25395,4529,25395,766,83
1657,3470,25396,4529,25396,766,83
1657,3470,25397,4529,25397,766,83
1656,3470,25398,4529,25398,766,83
1656,3470,25399,4529,25399,766,83
1656,3470,25400,4529,25400,766,83
1656,3470,25401,4529,25401,766,83
1656,3470,25402,4529,25402,766,83
1656,3470,25403,4529,25403,766,83
1656,3470,25404,4529,25404,766,83
1656,3470,25405,4529,25405,766,83
1656,3470,25406,4529,25406,766,83
1655,3470,25407,4529,25407,766,83
1655,3470,25408,4529,25408,766,83
1655,3470,25409,4529,25409,766,83
1655,3470,25410,4529,25410,766,83
1655,3470,25411,4529,25411,766,83
1655,3470,25412,4529,25412,766,83
1655,3470,25413,4529,25413,766,83
1655,3470,25414,4529,25414,766,83
1655,3470,25415,4529,25415,766,83
1655,3470,25416,4529,25416,766,83
1655,3470,25417,4529,25417,766,83
1655,3470,25418,4529,25418,766,83
1655,3470,25419,4529,25419,766,83
1655,3470,25420,4529,25420,766,83
1655,3470,25421,4529,25421,766,83
1655,3470,25422,4529,25422,766,83
1655,3470,25423,4529,25423,766,83
1655,3470,25424,4529,25424,766,83
1655,3470,25425,4529,25425,766,83
1655,3470,25426,4529,25426,766,83
1655,3470,25427,4529,25427,766,83
1655,3470,25428,4529,25428,766,83
1655,3470,25429,4529,25429,766,83
1655,3470,25430,4529,25430,766,83
1655,3470,25431,4529,25431,766,83
1655,3470,25432,4529,25432,766,83
1655,3470,25433,4529,25433,766,83
1655,3470,25434,4529,25434,766,83
1655,3470,25435,4529,25435,766,83
1655,3470,25436,4529,25436,766,83
1655,3470,25437,4529,25437,766,83
1655,3470,25438,4529,25438,766,83
1655,3470,25439,4529,25439,766,83
1655,3470,25440,4529,25440,766,83
1655,3470,25441,4529,25441,766,83
1655,3470,25442,4529,25442,766,83
1655,3470,25443,4529,25443,766,83
1655,3470,25444,4529,25444,766,83
1655,3470,25445,4529,25445,766,83
1656,3470,25446,4529,25446,766,83
1656,3470,25447,4529,25447,766,83
1656,3470,25448,4529,25448,766,83
1656,3470,25449,4529,25449,766,83
1656,3470,25450,4529,25450,766,83
1656,3470,25451,4529,25451,766,83
1656,3470,25452,4529,25452,766,83
1656,3470,25453,4529,25453,766,83
1656,3470,25454,4529,25454,766,83
1657,3470,25455,4529,25455,766,83
1657,3470,25456,4529,25456,766,83
1657,3470,25457,4529,25457,766,83
1657,3470,25458,4529,25458,766,83
1657,3470,25459,4529,25459,766,83
1657,3470,25460,4529,25460,766,83
1658,3470,25461,4529,25461,766,83
1658,3470,25462,4529,25462,766,83
1658,3470,25463,4529,25463,766,83
1658,3470,25464,4529,25464,766,83
1658,3470,25465,4529,25465,766,83
1658,3470,25466,4529,25466,766,83
1658,3470,25467,4529,25467,766,83
1658,3470,25468,4529,25468,766,83
1658,3470,25469,4529,25469,766,83
1658,3470,25470,4529,25470,766,83
1658,3470,25471,4529,25471,766,83
1658,3470,25472,4529,25472,766,83
1658,3470,25473,4529,25473,766,83
1658,3470,25474,4529,25474,766,83
1658,3470,25475,4529,25475,766,83
1658,3470,25476,4529,25476,766,83
1658,3470,25477,4529,25477,766,83
1658,3470,25478,4529,25478,766,83
1658,3470,25479,4529,25479,766,83
1658,3470,25480,4529,25480,766,83
1658,3470,25481,4529,25481,766,83
1658,3470,25482,4529,25482,766,83
1658,3470,25483,4529,25483,766,83
1658,3470,25484,4529,25484,766,83
1658,3470,25485,4529,25485,766,83
1658,3470,25486,4529,25486,766,83
1658,3470,25487,4529,25487,766,83
1658,3470,25488,4529,25488,766,83
1658,3470,25489,4529,25489,766,83
1658,3470,25490,4529,25490,766,83
1658,3470,25491,4529,25491,766,83
1658,3470,25492,4529,25492,766,83
1658,3470,25493,4529,25493,766,83
1658,3470,25494,4529,25494,766,83
1658,3470,25495,4529,25495,766,83
1658,3470,25496,4529,25496,766,83
1658,3470,25497,4529,25497,766,83
1658,3470,25498,4529,25498,766,83
1658,3470,25499,4529,25499,766,83
1658,3470,25500,4529,25500,766,83
1658,3470,25501,4529,25501,766,83
1658,3470,25502,4529,25502,766,83
1658,3470,25503,4529,25503,766,83
1658,3470,25504,4529,25504,766,83
1658,3470,25505,4529,25505,766,83
1658,3470,25506,4529,25506,766,83
1658,3470,25507,4529,25507,766,83
1658,3470,25508,4529,25508,766,83
1658,3470,25509,4529,25509,766,83
1658,3470,25510,4529,25510,766,83
1658,3470,25511,4529,25511,766,83
1658,3470,25512,4529,25512,766,83
1658,3470,25513,4529,25513,766,83
1658,3470,25514,4529,25514,766,83
1658,3470,25515,4529,25515,766,83
1658,3470,25516,4529,25516,766,83
1658,3470,25517,4529,25517,766,83
1658,3470,25518,4529,25518,766,83
1658,3470,25519,4529,25519,766,83
1658,3470,25520,4529,25520,766,83
1658,3470,25521,4529,25521,766,83
1658,3470,25522,4529,25522,766,83
1658,3470,25523,4529,25523,766,83
1658,3470,25524,4529,25524,766,83
1658,3470,25525,4529,25525,766,83
1658,3470,25526,4529,25526,766,83
1658,3470,25527,4529,25527,766,83
1658,3470,25528,4529,25528,766,83
1658,3470,25529,4529,25529,766,83
1658,3470,25530,4529,25530,766,83
1658,3470,25531,4529,25531,766,83
1658,3470,25532,4529,25532,766,83
1658,3470,25533,4529,25533,766,83
1658,3470,25534,4529,25534,766,83
1658,3470,25535,4529,25535,766,83
1658,3470,25536,4529,25536,766,83
1658,3470,25537,4529,25537,766,83
1658,3470,25538,4529,25538,766,83
1658,3470,25539,4529,25539,766,83
1658,3470,25540,4529,25540,766,83
1658,3470,25541,4529,25541,766,83
1658,3470,25542,4529,25542,766,83
1658,3470,25543,4529,25543,766,83
1658,3470,25544,4529,25544,766,83
1658,3470,25545,4529,25545,766,83
1658,3470,25546,4529,25546,766,83
1658,3470,25547,4529,25547,766,83
1658,3470,25548,4529,25548,766,83
1658,3470,25549,4529,25549,766,83
1658,3470,25550,4529,25550,766,83
1658,3470,25551,4529,25551,766,83
1658,3470,25552,4529,25552,766,83
1658,3470,25553,4529,25553,766,83
1658,3470,25554,4529,25554,766,83
1658,3470,25555,4529,25555,766,83
1658,3470,25556,4529,25556,766,83
1658,3470,25557,4529,25557,766,83
1658,3470,25558,4529,25558,766,83
1658,3470,25559,4529,25559,766,83
1658,3470,25560,4529,25560,766,83
1658,3470,25561,4529,25561,766,83
1658,3470,25562,4529,25562,766,83
1658,3470,25563,4529,25563,766,83
1658,3470,25564,4529,25564,766,83
1658,3470,25565,4529,25565,766,83
1658,3470,25566,4529,25566,766,83
1658,3470,25567,4529,25567,766,83
1658,3470,25568,4529,25568,766,83
1658,3470,25569,4529,25569,766,83
1658,3470,25570,4529,25570,766,83
1658,3470,25571,4529,25571,766,83
1658,3470,25572,4529,25572,766,83
1658,3470,25573,4529,25573,766,83
1658,3470,25574,4529,25574,766,83
1658,3470,25575,4529,25575,766,83
1658,3470,25576,4529,25576,766,83
1658,3470,25577,4529,25577,766,83
1657,3470,25578,4529,25578,766,83
1657,3470,25579,4529,25579,766,83
1657,3470,25580,4529,25580,766,83
1656,3470,25581,4529,25581,766,83
1656,3470,25582,4529,25582,766,83
1656,3470,25583,4529,25583,766,83
1656,3470,25584,4529,25584,766,83
1656,3470,25585,4529,25585,766,83
1656,3470,25586,4529,25586,766,83
1656,3470,25587,4529,25587,766,83
1656,3470,25588,4529,25588,766,83
1656,3470,25589,4529,25589,766,83
1656,3470,25590,4529,25590,766,83
1656,3470,25591,4529,25591,766,83
1656,3470,25592,4529,25592,766,83
1656,3470,25593,4529,25593,766,83
1657,3470,25594,4529,25594,766,83
1657,3470,25595,4529,25595,766,83
1657,3470,25596,4529,25596,766,83
1657,3470,25597,4529,25597,766,83
1657,3470,25598,4529,25598,766,83
1657,3470,25599,4529,25599,766,83
1657,3470,25600,4529,25600,766,83
1657,3470,25601,4529,25601,766,83
1657,3470,25602,4529,25602,766,83
1657,3470,25603,4529,25603,766,83
1657,3470,25604,4529,25604,766,83
1657,3470,25605,4529,25605,766,83
1657,3470,25606,4529,25606,766,83
1657,3470,25607,4529,25607,766,83
1657,3470,25608,4529,25608,766,83
1657,3470,25609,4529,25609,766,83
1657,3470,25610,4529,25610,766,83
1657,3470,25611,4529,25611,766,83
1657,3470,25612,4529,25612,766,83
1658,3470,25613,4529,25613,766,83
1658,3470,25614,4529,25614,766,83
1658,3470,25615,4529,25615,766,83
1658,3470,25616,4529,25616,766,83
1658,3470,25617,4529,25617,766,83
1658,3470,25618,4529,25618,766,83
1658,3470,25619,4529,25619,766,83
1658,3470,25620,4529,25620,766,83
1658,3470,25621,4529,25621,766,83
1658,3470,25622,4529,25622,766,83
1658,3470,25623,4529,25623,766,83
1658,3470,25624,4529,25624,766,83
1658,3470,25625,4529,25625,766,83
1658,3470,25626,4529,25626,766,83
1657,3470,25627,4529,25627,766,83
1657,3470,25628,4529,25628,766,83
1657,3470,25629,4529,25629,766,83
1657,3470,25630,4529,25630,766,83
1657,3470,25631,4529,25631,766,83
1657,3470,25632,4529,25632,766,83
1657,3470,25633,4529,25633,766,83
1657,3470,25634,4529,25634,766,83
1657,3470,25635,4529,25635,766,83
1657,3470,25636,4529,25636,766,83
1657,3470,25637,4529,25637,766,83
1657,3470,25638,4529,25638,766,83
1657,3470,25639,4529,25639,766,83
1657,3470,25640,4529,25640,766,83
1657,3470,25641,4529,25641,766,83
1657,3470,25642,4529,25642,766,83
1657,3470,25643,4529,25643,766,83
1657,3470,25644,4529,25644,766,83
1657,3470,25645,4529,25645,766,83
1657,3470,25646,4529,25646,766,83
1657,3470,25647,4529,25647,766,83
1657,3470,25648,4529,25648,766,83
1657,3470,25649,4529,25649,766,83
1657,3470,25650,4529,25650,766,83
1657,3470,25651,4529,25651,766,83
1657,3470,25652,4529,25652,766,83
1658,3470,25653,4529,25653,766,83
1658,3470,25654,4529,25654,766,83
1657,3470,25655,4529,25655,766,82
1657,3470,25656,4529,25656,766,82
1656,3470,25657,4529,25657,766,82
1656,3470,25658,4529,25658,766,82
1656,3470,25659,4529,25659,766,82
1656,3470,25660,4529,25660,766,82
1656,3470,25661,4529,25661,766,82
1656,3470,25662,4529,25662,766,82
1656,3470,25663,4529,25663,766,82
1656,3470,25664,4529,25664,766,82
1656,3470,25665,4529,25665,766,82
1656,3470,25666,4529,25666,766,82
1656,3470,25667,4529,25667,766,82
1656,3470,25668,4529,25668,766,82
1656,3470,25669,4529,25669,766,82
1656,3470,25670,4529,25670,766,82
1656,3470,25671,4529,25671,766,82
1656,3470,25672,4529,25672,766,82
1656,3470,25673,4529,25673,766,82
1656,3470,25674,4529,25674,766,82
1656,3470,25675,4529,25675,766,82
1656,3470,25676,4529,25676,766,82
1656,3470,25677,4529,25677,766,82
1656,3470,25678,4529,25678,766,82
1656,3470,25679,4529,25679,766,82
1656,3470,25680,4529,25680,766,82
1656,3470,25681,4529,25681,766,82
1656,3470,25682,4529,25682,766,82
1656,3470,25683,4529,25683,766,82
1656,3470,25684,4529,25684,766,82
1656,3470,25685,4529,25685,766,82
1656,3470,25686,4529,25686,766,82
1656,3470,25687,4529,25687,766,82
1656,3470,25688,4529,25688,766,82
1656,3470,25689,4529,25689,766,82
1656,3470,25690,4529,25690,766,82
1656,3470,25691,4529,25691,766,82
1656,3470,25692,4529,25692,766,82
1656,3470,25693,4529,25693,766,82
1656,3470,25694,4529,25694,766,82
1656,3470,25695,4529,25695,766,82
1656,3470,25696,4529,25696,766,82
1656,3470,25697,4529,25697,766,82
1656,3470,25698,4529,25698,766,82
1656,3470,25699,4529,25699,766,82
1656,3470,25700,4529,25700,766,82
1656,3470,25701,4529,25701,766,82
1656,3470,25702,4529,25702,766,82
1656,3470,25703,4529,25703,766,82
1656,3470,25704,4529,25704,766,82
1656,3470,25705,4529,25705,766,82
1656,3470,25706,4529,25706,766,82
1656,3470,25707,4529,25707,766,82
1656,3470,25708,4529,25708,766,82
1656,3470,25709,4529,25709,766,82
1656,3470,25710,4529,25710,766,82
1656,3470,25711,4529,25711,766,82
1656,3470,25712,4529,25712,766,82
1656,3470,25713,4529,25713,766,82
1656,3470,25714,4529,25714,766,82
1656,3470,25715,4529,25715,766,82
1656,3470,25716,4529,25716,766,82
1656,3470,25717,4529,25717,766,82
1656,3470,25718,4529,25718,766,82
1656,3470,25719,4529,25719,766,82
1656,3470,25720,4529,25720,766,82
1656,3470,25721,4529,25721,766,82
1656,3470,25722,4529,25722,766,82
1656,3470,25723,4529,25723,766,82
1656,3470,25724,4529,25724,766,82
1656,3470,25725,4529,25725,766,82
1656,3470,25726,4529,25726,766,82
1656,3470,25727,4529,25727,766,82
1656,3470,25728,4529,25728,766,82
1656,3470,25729,4529,25729,766,82
1656,3470,25730,4529,25730,766,82
1656,3470,25731,4529,25731,766,82
1656,3470,25732,4529,25732,766,82
1656,3470,25733,4529,25733,766,82
1656,3470,25734,4529,25734,766,82
1656,3470,25735,4529,25735,766,82
1656,3470,25736,4529,25736,766,82
1656,3470,25737,4529,25737,766,82
1656,3470,25738,4529,25738,766,82
1656,3470,25739,4529,25739,766,82
1656,3470,25740,4529,25740,766,82
1656,3470,25741,4529,25741,766,82
1655,3470,25742,4529,25742,766,82
1655,3470,25743,4529,25743,766,82
1655,3470,25744,4529,25744,766,82
1655,3470,25745,4529,25745,766,82
1655,3470,25746,4529,25746,766,82
1656,3470,25747,4529,25747,766,82
1656,3470,25748,4529,25748,766,82
1656,3470,25749,4529,25749,766,82
1656,3470,25750,4529,25750,766,82
1655,3470,25751,4529,25751,766,82
1655,3470,25752,4529,25752,766,82
1655,3470,25753,4529,25753,766,82
1655,3470,25754,4529,25754,766,82
1655,3470,25755,4529,25755,766,82
1655,3470,25756,4529,25756,766,82
1655,3470,25757,4529,25757,766,82
1655,3470,25758,4529,25758,766,82
1655,3470,25759,4529,25759,766,82
1655,3470,25760,4529,25760,766,82
1655,3470,25761,4529,25761,766,82
1655,3470,25762,4529,25762,766,82
1655,3470,25763,4529,25763,766,82
1655,3470,25764,4529,25764,766,82
1656,3470,25765,4529,25765,766,82
1656,3470,25766,4529,25766,766,82
1656,3470,25767,4529,25767,766,82
1656,3470,25768,4529,25768,766,82
1656,3470,25769,4529,25769,766,82
1656,3470,25770,4529,25770,766,82
1656,3470,25771,4529,25771,766,82
1656,3470,25772,4529,25772,766,82
1656,3470,25773,4529,25773,766,82
1656,3470,25774,4529,25774,766,82
1657,3470,25775,4529,25775,766,82
1657,3470,25776,4529,25776,766,82
1657,3470,25777,4529,25777,766,82
1657,3470,25778,4529,25778,766,82
1657,3470,25779,4529,25779,766,82
1657,3470,25780,4529,25780,766,82
1658,3470,25781,4529,25781,766,82
1658,3470,25782,4529,25782,766,82
1658,3470,25783,4529,25783,766,82
1658,3470,25784,4529,25784,766,82
1658,3470,25785,4529,25785,766,82
1658,3470,25786,4529,25786,766,82
1658,3470,25787,4529,25787,766,82
1658,3470,25788,4529,25788,766,82
1658,3470,25789,4529,25789,766,82
1658,3470,25790,4529,25790,766,82
1658,3470,25791,4529,25791,766,82
1658,3470,25792,4529,25792,766,82
1658,3470,25793,4529,25793,766,82
1658,3470,25794,4529,25794,766,82
1658,3470,25795,4529,25795,766,82
1658,3470,25796,4529,25796,766,82
1658,3470,25797,4529,25797,766,82
1658,3470,25798,4529,25798,766,82
1658,3470,25799,4529,25799,766,82
1658,3470,25800,4529,25800,766,82
1658,3470,25801,4529,25801,766,82
1658,3470,25802,4529,25802,766,82
1658,3470,25803,4529,25803,766,82
1658,3470,25804,4529,25804,766,82
1658,3470,25805,4529,25805,766,82
1658,3470,25806,4529,25806,766,82
1658,3470,25807,4529,25807,766,82
1658,3470,25808,4529,25808,766,82
1658,3470,25809,4529,25809,766,82
1658,3470,25810,4529,25810,766,82
1658,3470,25811,4529,25811,766,82
1658,3470,25812,4529,25812,766,82
1658,3470,25813,4529,25813,766,82
1658,3470,25814,4529,25814,766,82
1658,3470,25815,4529,25815,766,82
1658,3470,25816,4529,25816,766,82
1658,3470,25817,4529,25817,766,82
1658,3470,25818,4529,25818,766,82
1658,3470,25819,4529,25819,766,82
1658,3470,25820,4529,25820,766,82
1658,3470,25821,4529,25821,766,82
1658,3470,25822,4529,25822,766,82
1658,3470,25823,4529,25823,766,82
1658,3470,25824,4529,25824,766,82
1658,3470,25825,4529,25825,766,82
1658,3470,25826,4529,25826,766,82
1658,3470,25827,4529,25827,766,82
1658,3470,25828,4529,25828,766,82
1658,3470,25829,4529,25829,766,82
1658,3470,25830,4529,25830,766,82
1658,3470,25831,4529,25831,766,82
1658,3470,25832,4529,25832,766,82
1658,3470,25833,4529,25833,766,82
1658,3470,25834,4529,25834,766,82
1658,3470,25835,4529,25835,766,82
1658,3470,25836,4529,25836,766,82
1658,3470,25837,4529,25837,766,82
1658,3470,25838,4529,25838,766,82
1658,3470,25839,4529,25839,766,82
1658,3470,25840,4529,25840,766,82
1658,3470,25841,4529,25841,766,82
1658,3470,25842,4529,25842,766,82
1658,3470,25843,4529,25843,766,82
1658,3470,25844,4529,25844,766,82
1658,3470,25845,4529,25845,766,82
1657,3470,25846,4529,25846,766,82
1656,3470,25847,4529,25847,766,82
1655,3470,25848,4529,25848,766,82
1655,3470,25849,4529,25849,766,82
1654,3470,25850,4529,25850,766,82
1654,3470,25851,4529,25851,766,82
1654,3470,25852,4529,25852,766,82
1654,3470,25853,4529,25853,766,82
1654,3470,25854,4529,25854,766,82
1654,3470,25855,4529,25855,766,82
1654,3470,25856,4529,25856,766,82
1654,3470,25857,4529,25857,766,82
1654,3470,25858,4529,25858,766,82
1654,3470,25859,4529,25859,766,82
1654,3470,25860,4529,25860,766,82
1654,3470,25861,4529,25861,766,82
1654,3470,25862,4529,25862,766,82
1654,3470,25863,4529,25863,766,82
1654,3470,25864,4529,25864,766,82
1654,3470,25865,4529,25865,766,82
1654,3470,25866,4529,25866,766,82
1654,3470,25867,4529,25867,766,82
1654,3470,25868,4529,25868,766,82
1654,3470,25869,4529,25869,766,82
1654,3470,25870,4529,25870,766,82
1654,3470,25871,4529,25871,766,82
1653,3470,25872,4529,25872,766,82
1653,3470,25873,4529,25873,766,82
1653,3470,25874,4529,25874,766,82
1653,3470,25875,4529,25875,766,82
1653,3470,25876,4529,25876,766,82
1653,3470,25877,4529,25877,766,82
1653,3470,25878,4529,25878,766,82
1653,3470,25879,4529,25879,766,82
1653,3470,25880,4529,25880,766,82
1653,3470,25881,4529,25881,766,82
1653,3470,25882,4529,25882,766,82
1653,3470,25883,4529,25883,766,82
1653,3470,25884,4529,25884,766,82
1653,3470,25885,4529,25885,766,82
1653,3470,25886,4529,25886,766,82
1653,3470,25887,4529,25887,766,82
1653,3470,25888,4529,25888,766,82
1653,3470,25889,4529,25889,766,82
1653,3470,25890,4529,25890,766,82
1653,3470,25891,4529,25891,766,82
1653,3470,25892,4529,25892,766,82
1653,3470,25893,4529,25893,766,82
1653,3470,25894,4529,25894,766,82
1653,3470,25895,4529,25895,766,82
1653,3470,25896,4529,25896,766,82
1653,3470,25897,4529,25897,766,82
1651,3470,25898,4529,25898,766,81
1651,3470,25899,4529,25899,766,81
1651,3470,25900,4529,25900,766,81
1651,3470,25901,4529,25901,766,81
1651,3470,25902,4529,25902,766,81
1652,3470,25903,4529,25903,766,81
1651,3470,25904,4529,25904,766,81
1651,3470,25905,4529,25905,766,81
1651,3470,25906,4529,25906,766,81
1651,3470,25907,4529,25907,766,81
1651,3470,25908,4529,25908,766,81
1651,3470,25909,4529,25909,766,81
1652,3470,25910,4529,25910,766,81
1652,3470,25911,4529,25911,766,81
1652,3470,25912,4529,25912,766,81
1652,3470,25913,4529,25913,766,81
1652,3470,25914,4529,25914,766,81
1652,3470,25915,4529,25915,766,81
1652,3470,25916,4529,25916,766,81
1652,3470,25917,4529,25917,766,81
1652,3470,25918,4529,25918,766,81
1652,3470,25919,4529,25919,766,81
1652,3470,25920,4529,25920,766,81
1652,3470,25921,4529,25921,766,81
1652,3470,25922,4529,25922,766,81
1652,3470,25923,4529,25923,766,81
1652,3470,25924,4529,25924,766,81
1652,3470,25925,4529,25925,766,81
1652,3470,25926,4529,25926,766,81
1652,3470,25927,4529,25927,766,81
1652,3470,25928,4529,25928,766,81
1652,3470,25929,4529,25929,766,81
1652,3470,25930,4529,25930,766,81
1652,3470,25931,4529,25931,766,81
1652,3470,25932,4529,25932,766,81
1652,3470,25933,4529,25933,766,81
1652,3470,25934,4529,25934,766,81
1653,3470,25935,4529,25935,766,81
1653,3470,25936,4529,25936,766,81
1653,3470,25937,4529,25937,766,81
1654,3470,25938,4529,25938,766,81
1654,3470,25939,4529,25939,766,81
1655,3470,25940,4529,25940,766,81
1655,3470,25941,4529,25941,766,81
1655,3470,25942,4529,25942,766,81
1655,3470,25943,4529,25943,766,81
1655,3470,25944,4529,25944,766,81
1656,3470,25945,4529,25945,766,81
1656,3470,25946,4529,25946,766,81
1656,3470,25947,4529,25947,766,81
1656,3470,25948,4529,25948,766,81
1656,3470,25949,4529,25949,766,81
1656,3470,25950,4529,25950,766,81
1656,3470,25951,4529,25951,766,81
1656,3470,25952,4529,25952,766,81
1656,3470,25953,4529,25953,766,81
1656,3470,25954,4529,25954,766,81
1656,3470,25955,4529,25955,766,81
1656,3470,25956,4529,25956,766,81
1656,3470,25957,4529,25957,766,81
1656,3470,25958,4529,25958,766,81
1656,3470,25959,4529,25959,766,81
1656,3470,25960,4529,25960,766,81
1656,3470,25961,4529,25961,766,81
1656,3470,25962,4529,25962,766,81
1656,3470,25963,4529,25963,766,81
1656,3470,25964,4529,25964,766,81
1656,3470,25965,4529,25965,766,81
1656,3470,25966,4529,25966,766,81
1656,3470,25967,4529,25967,766,81
1656,3470,25968,4529,25968,766,81
1656,3470,25969,4529,25969,766,81
1656,3470,25970,4529,25970,766,81
1656,3470,25971,4529,25971,766,81
1656,3470,25972,4529,25972,766,81
1656,3470,25973,4529,25973,766,81
1656,3470,25974,4529,25974,766,81
1656,3470,25975,4529,25975,766,81
1656,3470,25976,4529,25976,766,81
1656,3470,25977,4529,25977,766,81
1656,3470,25978,4529,25978,766,81
1656,3470,25979,4529,25979,766,81
1656,3470,25980,4529,25980,766,81
1656,3470,25981,4529,25981,766,81
1656,3470,25982,4529,25982,766,81
1656,3470,25983,4529,25983,766,81
1657,3470,25984,4529,25984,766,81
1657,3470,25985,4529,25985,766,81
1657,3470,25986,4529,25986,766,81
1657,3470,25987,4529,25987,766,81
1657,3470,25988,4529,25988,766,81
1657,3470,25989,4529,25989,766,81
1657,3470,25990,4529,25990,766,81
1657,3470,25991,4529,25991,766,81
1657,3470,25992,4529,25992,766,81
1657,3470,25993,4529,25993,766,81
1657,3470,25994,4529,25994,766,81
1657,3470,25995,4529,25995,766,81
1657,3470,25996,4529,25996,766,81
1657,3470,25997,4529,25997,766,81
1657,3470,25998,4529,25998,766,81
1657,3470,25999,4529,25999,766,81
1657,3470,26000,4529,26000,766,81
1657,3470,26001,4529,26001,766,81
1657,3470,26002,4529,26002,766,81
1657,3470,26003,4529,26003,766,81
1657,3470,26004,4529,26004,766,81
1657,3470,26005,4529,26005,766,81
1657,3470,26006,4529,26006,766,81
1657,3470,26007,4529,26007,766,81
1657,3470,26008,4529,26008,766,81
1657,3470,26009,4529,26009,766,81
1657,3470,26010,4529,26010,766,81
1657,3470,26011,4529,26011,766,81
1657,3470,26012,4529,26012,766,81
1657,3470,26013,4529,26013,766,81
1657,3470,26014,4529,26014,766,81
1657,3470,26015,4529,26015,766,81
1657,3470,26016,4529,26016,766,81
1657,3470,26017,4529,26017,766,81
1657,3470,26018,4529,26018,766,81
1657,3470,26019,4529,26019,766,81
1657,3470,26020,4529,26020,766,81
1657,3470,26021,4529,26021,766,81
1657,3470,26022,4529,26022,766,81
1657,3470,26023,4529,26023,766,81
1657,3470,26024,4529,26024,766,81
1657,3470,26025,4529,26025,766,81
1657,3470,26026,4529,26026,766,81
1657,3470,26027,4529,26027,766,81
1657,3470,26028,4529,26028,766,81
1657,3470,26029,4529,26029,766,81
1657,3470,26030,4529,26030,766,81
1656,3470,26031,4529,26031,766,81
1656,3470,26032,4529,26032,766,81
1656,3470,26033,4529,26033,766,81
1656,3470,26034,4529,26034,766,81
1656,3470,26035,4529,26035,766,81
1656,3470,26036,4529,26036,766,81
1656,3470,26037,4529,26037,766,81
1656,3470,26038,4529,26038,766,81
1656,3470,26039,4529,26039,766,81
1656,3470,26040,4529,26040,766,81
1657,3470,26041,4529,26041,766,81
1657,3470,26042,4529,26042,766,81
1657,3470,26043,4529,26043,766,81
1657,3470,26044,4529,26044,766,81
1657,3470,26045,4529,26045,766,81
1657,3470,26046,4529,26046,766,81
1657,3470,26047,4529,26047,766,81
1657,3470,26048,4529,26048,766,81
1657,3470,26049,4529,26049,766,81
1657,3470,26050,4529,26050,766,81
1657,3470,26051,4529,26051,766,81
1657,3470,26052,4529,26052,766,81
1656,3470,26053,4529,26053,766,81
1656,3470,26054,4529,26054,766,81
1656,3470,26055,4529,26055,766,81
1656,3470,26056,4529,26056,766,81
1655,3470,26057,4529,26057,766,81
1655,3470,26058,4529,26058,766,81
1655,3470,26059,4529,26059,766,81
1655,3470,26060,4529,26060,766,81
1655,3470,26061,4529,26061,766,81
1655,3470,26062,4529,26062,766,81
1655,3470,26063,4529,26063,766,81
1655,3470,26064,4529,26064,766,81
1655,3470,26065,4529,26065,766,81
1655,3470,26066,4529,26066,766,81
1655,3470,26067,4529,26067,766,81
1655,3470,26068,4529,26068,766,81
1655,3470,26069,4529,26069,766,81
1655,3470,26070,4529,26070,766,81
1655,3470,26071,4529,26071,766,81
1655,3470,26072,4529,26072,766,81
1655,3470,26073,4529,26073,766,81
1655,3470,26074,4529,26074,766,81
1655,3470,26075,4529,26075,766,81
1655,3470,26076,4529,26076,766,81
1655,3470,26077,4529,26077,766,81
1655,3470,26078,4529,26078,766,81
1655,3470,26079,4529,26079,766,81
1655,3470,26080,4529,26080,766,81
1655,3470,26081,4529,26081,766,81
1655,3470,26082,4529,26082,766,81
1655,3470,26083,4529,26083,766,81
1655,3470,26084,4529,26084,766,81
1655,3470,26085,4529,26085,766,81
1655,3470,26086,4529,26086,766,81
1656,3470,26087,4529,26087,766,81
1656,3470,26088,4529,26088,766,81
1656,3470,26089,4529,26089,766,81
1656,3470,26090,4529,26090,766,81
1656,3470,26091,4529,26091,766,81
1656,3470,26092,4529,26092,766,81
1656,3470,26093,4529,26093,766,81
1656,3470,26094,4529,26094,766,81
1656,3470,26095,4529,26095,766,81
1656,3470,26096,4529,26096,766,81
1656,3470,26097,4529,26097,766,81
1655,3470,26098,4529,26098,766,81
1655,3470,26099,4529,26099,766,81
1655,3470,26100,4529,26100,766,81
1655,3470,26101,4529,26101,766,81
1655,3470,26102,4529,26102,766,81
1655,3470,26103,4529,26103,766,81
1656,3470,26104,4529,26104,766,81
1656,3470,26105,4529,26105,766,81
1656,3470,26106,4529,26106,766,81
1656,3470,26107,4529,26107,766,81
1656,3470,26108,4529,26108,766,81
1656,3470,26109,4529,26109,766,81
1656,3470,26110,4529,26110,766,81
1656,3470,26111,4529,26111,766,81
1656,3470,26112,4529,26112,766,81
1656,3470,26113,4529,26113,766,81
1657,3470,26114,4529,26114,766,81
1657,3470,26115,4529,26115,766,81
1657,3470,26116,4529,26116,766,81
1657,3470,26117,4529,26117,766,81
1657,3470,26118,4529,26118,766,81
1656,3470,26119,4529,26119,766,81
1656,3470,26120,4529,26120,766,81
1656,3470,26121,4529,26121,766,81
1657,3470,26122,4529,26122,766,81
1657,3470,26123,4529,26123,766,81
1657,3470,26124,4529,26124,766,81
1657,3470,26125,4529,26125,766,81
1657,3470,26126,4529,26126,766,81
1657,3470,26127,4529,26127,766,81
1657,3470,26128,4529,26128,766,81
1657,3470,26129,4529,26129,766,81
1658,3470,26130,4529,26130,766,81
1658,3470,26131,4529,26131,766,81
1658,3470,26132,4529,26132,766,81
1658,3470,26133,4529,26133,766,81
1658,3470,26134,4529,26134,766,81
1658,3470,26135,4529,26135,766,81
1658,3470,26136,4529,26136,766,81
1658,3470,26137,4529,26137,766,81
1658,3470,26138,4529,26138,766,81
1658,3470,26139,4529,26139,766,81
1658,3470,26140,4529,26140,766,81
1658,3470,26141,4529,26141,766,81
1658,3470,26142,4529,26142,766,81
1658,3470,26143,4529,26143,766,81
1658,3470,26144,4529,26144,766,81
1658,3470,26145,4529,26145,766,81
1658,3470,26146,4529,26146,766,81
1657,3470,26147,4529,26147,766,81
1657,3470,26148,4529,26148,766,81
1657,3470,26149,4529,26149,766,81
1657,3470,26150,4529,26150,766,81
1657,3470,26151,4529,26151,766,81
1657,3470,26152,4529,26152,766,81
1657,3470,26153,4529,26153,766,81
1657,3470,26154,4529,26154,766,81
1657,3470,26155,4529,26155,766,81
1657,3470,26156,4529,26156,766,81
1657,3470,26157,4529,26157,766,81
1657,3470,26158,4529,26158,766,81
1657,3470,26159,4529,26159,766,81
1657,3470,26160,4529,26160,766,81
1657,3470,26161,4529,26161,766,81
1657,3470,26162,4529,26162,766,81
1657,3470,26163,4529,26163,766,81
1657,3470,26164,4529,26164,766,81
1657,3470,26165,4529,26165,766,81
1657,3470,26166,4529,26166,766,81
1657,3470,26167,4529,26167,766,81
1657,3470,26168,4529,26168,766,81
1657,3470,26169,4529,26169,766,81
1657,3470,26170,4529,26170,766,81
1657,3470,26171,4529,26171,766,81
1657,3470,26172,4529,26172,766,81
1657,3470,26173,4529,26173,766,81
1657,3470,26174,4529,26174,766,81
1657,3470,26175,4529,26175,766,81
1657,3470,26176,4529,26176,766,81
1657,3470,26177,4529,26177,766,81
1657,3470,26178,4529,26178,766,81
1657,3470,26179,4529,26179,766,81
1657,3470,26180,4529,26180,766,81
1657,3470,26181,4529,26181,766,81
1657,3470,26182,4529,26182,766,81
1657,3470,26183,4529,26183,766,81
1657,3470,26184,4529,26184,766,81
1657,3470,26185,4529,26185,766,81
1657,3470,26186,4529,26186,766,81
1657,3470,26187,4529,26187,766,81
1657,3470,26188,4529,26188,766,81
1657,3470,26189,4529,26189,766,81
1657,3470,26190,4529,26190,766,81
1657,3470,26191,4529,26191,766,81
1657,3470,26192,4529,26192,766,81
1657,3470,26193,4529,26193,766,81
1657,3470,26194,4529,26194,766,81
1657,3470,26195,4529,26195,766,81
1657,3470,26196,4529,26196,766,81
1657,3470,26197,4529,26197,766,81
1657,3470,26198,4529,26198,766,81
1657,3470,26199,4529,26199,766,81
1658,3470,26200,4529,26200,766,81
1658,3470,26201,4529,26201,766,81
1658,3470,26202,4529,26202,766,81
1658,3470,26203,4529,26203,766,81
1658,3470,26204,4529,26204,766,81
1658,3470,26205,4529,26205,766,81
1658,3470,26206,4529,26206,766,81
1658,3470,26207,4529,26207,766,81
1659,3470,26208,4529,26208,766,81
1659,3470,26209,4529,26209,766,81
1658,3470,26210,4529,26210,766,81
1658,3470,26211,4529,26211,766,81
1658,3470,26212,4529,26212,766,81
1659,3470,26213,4529,26213,766,81
1659,3470,26214,4529,26214,766,81
1658,3470,26215,4529,26215,766,81
1658,3470,26216,4529,26216,766,81
1658,3470,26217,4529,26217,766,81
1658,3470,26218,4529,26218,766,81
1658,3470,26219,4529,26219,766,81
1658,3470,26220,4529,26220,766,81
1658,3470,26221,4529,26221,766,81
1658,3470,26222,4529,26222,766,81
1658,3470,26223,4529,26223,766,81
1658,3470,26224,4529,26224,766,81
1658,3470,26225,4529,26225,766,81
1658,3470,26226,4529,26226,766,81
1658,3470,26227,4529,26227,766,81
1658,3470,26228,4529,26228,766,81
1658,3470,26229,4529,26229,766,81
1658,3470,26230,4529,26230,766,81
1658,3470,26231,4529,26231,766,81
1658,3470,26232,4529,26232,766,81
1658,3470,26233,4529,26233,766,81
1658,3470,26234,4529,26234,766,81
1658,3470,26235,4529,26235,766,81
1658,3470,26236,4529,26236,766,81
1658,3470,26237,4529,26237,766,81
1658,3470,26238,4529,26238,766,81
1658,3470,26239,4529,26239,766,81
1658,3470,26240,4529,26240,766,81
1658,3470,26241,4529,26241,766,81
1658,3470,26242,4529,26242,766,81
1658,3470,26243,4529,26243,766,81
1658,3470,26244,4529,26244,766,81
1657,3470,26245,4529,26245,766,80
1657,3470,26246,4529,26246,766,80
1657,3470,26247,4529,26247,766,80
1657,3470,26248,4529,26248,766,80
1658,3470,26249,4529,26249,766,80
1658,3470,26250,4529,26250,766,80
1658,3470,26251,4529,26251,766,80
1658,3470,26252,4529,26252,766,80
1658,3470,26253,4529,26253,766,80
1658,3470,26254,4529,26254,766,80
1658,3470,26255,4529,26255,766,80
1658,3470,26256,4529,26256,766,80
1658,3470,26257,4529,26257,766,80
1659,3470,26258,4529,26258,766,80
1659,3470,26259,4529,26259,766,80
1659,3470,26260,4529,26260,766,80
1659,3470,26261,4529,26261,766,80
1659,3470,26262,4529,26262,766,80
1659,3470,26263,4529,26263,766,80
1659,3470,26264,4529,26264,766,80
1660,3470,26265,4529,26265,766,80
1660,3470,26266,4529,26266,766,80
1660,3470,26267,4529,26267,766,80
1660,3470,26268,4529,26268,766,80
1660,3470,26269,4529,26269,766,80
1660,3470,26270,4529,26270,766,80
1660,3470,26271,4529,26271,766,80
1660,3470,26272,4529,26272,766,80
1660,3470,26273,4529,26273,766,80
1660,3470,26274,4529,26274,766,80
1660,3470,26275,4529,26275,766,80
1660,3470,26276,4529,26276,766,80
1660,3470,26277,4529,26277,766,80
1660,3470,26278,4529,26278,766,80
1660,3470,26279,4529,26279,766,80
1661,3470,26280,4529,26280,766,80
1661,3470,26281,4529,26281,766,80
1661,3470,26282,4529,26282,766,80
1661,3470,26283,4529,26283,766,80
1660,3470,26284,4529,26284,766,80
1660,3470,26285,4529,26285,766,80
1660,3470,26286,4529,26286,766,80
1660,3470,26287,4529,26287,766,80
1660,3470,26288,4529,26288,766,80
1660,3470,26289,4529,26289,766,80
1660,3470,26290,4529,26290,766,80
1660,3470,26291,4529,26291,766,80
1660,3470,26292,4529,26292,766,80
1660,3470,26293,4529,26293,766,80
1660,3470,26294,4529,26294,766,80
1660,3470,26295,4529,26295,766,80
1660,3470,26296,4529,26296,766,80
1660,3470,26297,4529,26297,766,80
1660,3470,26298,4529,26298,766,80
1660,3470,26299,4529,26299,766,80
1660,3470,26300,4529,26300,766,80
1660,3470,26301,4529,26301,766,80
1660,3470,26302,4529,26302,766,80
1660,3470,26303,4529,26303,766,80
1660,3470,26304,4529,26304,766,80
1660,3470,26305,4529,26305,766,80
1660,3470,26306,4529,26306,766,80
1660,3470,26307,4529,26307,766,80
1660,3470,26308,4529,26308,766,80
1660,3470,26309,4529,26309,766,80
1660,3470,26310,4529,26310,766,80
1660,3470,26311,4529,26311,766,80
1660,3470,26312,4529,26312,766,80
1660,3470,26313,4529,26313,766,80
1660,3470,26314,4529,26314,766,80
1660,3470,26315,4529,26315,766,80
1660,3470,26316,4529,26316,766,80
1660,3470,26317,4529,26317,766,80
1660,3470,26318,4529,26318,766,80
1660,3470,26319,4529,26319,766,80
1660,3470,26320,4529,26320,766,80
1660,3470,26321,4529,26321,766,80
1660,3470,26322,4529,26322,766,80
1660,3470,26323,4529,26323,766,80
1660,3470,26324,4529,26324,766,80
1660,3470,26325,4529,26325,766,80
1660,3470,26326,4529,26326,766,80
1660,3470,26327,4529,26327,766,80
1660,3470,26328,4529,26328,766,80
1660,3470,26329,4529,26329,766,80
1660,3470,26330,4529,26330,766,80
1660,3470,26331,4529,26331,766,80
1660,3470,26332,4529,26332,766,80
1660,3470,26333,4529,26333,766,80
1660,3470,26334,4529,26334,766,80
1660,3470,26335,4529,26335,766,80
1659,3470,26336,4529,26336,766,80
1659,3470,26337,4529,26337,766,80
1659,3470,26338,4529,26338,766,80
1659,3470,26339,4529,26339,766,80
1659,3470,26340,4529,26340,766,80
1659,3470,26341,4529,26341,766,80
1659,3470,26342,4529,26342,766,80
1659,3470,26343,4529,26343,766,80
1659,3470,26344,4529,26344,766,80
1659,3470,26345,4529,26345,766,80
1659,3470,26346,4529,26346,766,80
1659,3470,26347,4529,26347,766,80
1659,3470,26348,4529,26348,766,80
1659,3470,26349,4529,26349,766,80
1659,3470,26350,4529,26350,766,80
1659,3470,26351,4529,26351,766,80
1659,3470,26352,4529,26352,766,80
1659,3470,26353,4529,26353,766,80
1659,3470,26354,4529,26354,766,80
1659,3470,26355,4529,26355,766,80
1659,3470,26356,4529,26356,766,80
1659,3470,26357,4529,26357,766,80
1659,3470,26358,4529,26358,766,80
1659,3470,26359,4529,26359,766,80
1659,3470,26360,4529,26360,766,80
1659,3470,26361,4529,26361,766,80
1659,3470,26362,4529,26362,766,80
1659,3470,26363,4529,26363,766,80
1659,3470,26364,4529,26364,766,80
1659,3470,26365,4529,26365,766,80
1659,3470,26366,4529,26366,766,80
1659,3470,26367,4529,26367,766,80
1659,3470,26368,4529,26368,766,80
1659,3470,26369,4529,26369,766,80
1659,3470,26370,4529,26370,766,80
1659,3470,26371,4529,26371,766,80
1659,3470,26372,4529,26372,766,80
1659,3470,26373,4529,26373,766,80
1659,3470,26374,4529,26374,766,80
1659,3470,26375,4529,26375,766,80
1659,3470,26376,4529,26376,766,80
1659,3470,26377,4529,26377,766,80
1659,3470,26378,4529,26378,766,80
1659,3470,26379,4529,26379,766,80
1659,3470,26380,4529,26380,766,80
1659,3470,26381,4529,26381,766,80
1659,3470,26382,4529,26382,766,80
1659,3470,26383,4529,26383,766,80
1659,3470,26384,4529,26384,766,80
1659,3470,26385,4529,26385,766,80
1659,3470,26386,4529,26386,766,80
1660,3470,26387,4529,26387,766,80
1660,3470,26388,4529,26388,766,80
1660,3470,26389,4529,26389,766,80
1660,3470,26390,4529,26390,766,80
1660,3470,26391,4529,26391,766,80
1660,3470,26392,4529,26392,766,80
1660,3470,26393,4529,26393,766,80
1660,3470,26394,4529,26394,766,80
1660,3470,26395,4529,26395,766,80
1660,3470,26396,4529,26396,766,80
1660,3470,26397,4529,26397,766,80
1660,3470,26398,4529,26398,766,80
1660,3470,26399,4529,26399,766,80
1660,3470,26400,4529,26400,766,80
1660,3470,26401,4529,26401,766,80
1660,3470,26402,4529,26402,766,80
1660,3470,26403,4529,26403,766,80
1660,3470,26404,4529,26404,766,80
1659,3470,26405,4529,26405,766,80
1660,3470,26406,4529,26406,766,80
1660,3470,26407,4529,26407,766,80
1660,3470,26408,4529,26408,766,80
1660,3470,26409,4529,26409,766,80
1660,3470,26410,4529,26410,766,80
1661,3470,26411,4529,26411,766,80
1661,3470,26412,4529,26412,766,80
1661,3470,26413,4529,26413,766,80
1661,3470,26414,4529,26414,766,80
1661,3470,26415,4529,26415,766,80
1661,3470,26416,4529,26416,766,80
1661,3470,26417,4529,26417,766,80
1661,3470,26418,4529,26418,766,80
1661,3470,26419,4529,26419,766,80
1661,3470,26420,4529,26420,766,80
1661,3470,26421,4529,26421,766,80
1661,3470,26422,4529,26422,766,80
1661,3470,26423,4529,26423,766,80
1661,3470,26424,4529,26424,766,80
1661,3470,26425,4529,26425,766,80
1661,3470,26426,4529,26426,766,80
1661,3470,26427,4529,26427,766,80
1660,3470,26428,4529,26428,766,80
1660,3470,26429,4529,26429,766,80
1660,3470,26430,4529,26430,766,80
1660,3470,26431,4529,26431,766,80
1660,3470,26432,4529,26432,766,80
1660,3470,26433,4529,26433,766,80
1660,3470,26434,4529,26434,766,80
1660,3470,26435,4529,26435,766,80
1660,3470,26436,4529,26436,766,80
1660,3470,26437,4529,26437,766,80
1660,3470,26438,4529,26438,766,80
1661,3470,26439,4529,26439,766,80
1661,3470,26440,4529,26440,766,80
1661,3470,26441,4529,26441,766,80
1660,3470,26442,4529,26442,766,80
1660,3470,26443,4529,26443,766,80
1660,3470,26444,4529,26444,766,80
1660,3470,26445,4529,26445,766,80
1660,3470,26446,4529,26446,766,80
1660,3470,26447,4529,26447,766,80
1660,3470,26448,4529,26448,766,80
1660,3470,26449,4529,26449,766,80
1660,3470,26450,4529,26450,766,80
1660,3470,26451,4529,26451,766,80
1660,3470,26452,4529,26452,766,80
1660,3470,26453,4529,26453,766,80
1660,3470,26454,4529,26454,766,80
1660,3470,26455,4529,26455,766,80
1660,3470,26456,4529,26456,766,80
1659,3470,26457,4529,26457,766,80
1659,3470,26458,4529,26458,766,80
1659,3470,26459,4529,26459,766,80
1659,3470,26460,4529,26460,766,80
1659,3470,26461,4529,26461,766,80
1659,3470,26462,4529,26462,766,80
1659,3470,26463,4529,26463,766,80
1659,3470,26464,4529,26464,766,80
1659,3470,26465,4529,26465,766,80
1659,3470,26466,4529,26466,766,80
1659,3470,26467,4529,26467,766,80
1659,3470,26468,4529,26468,766,80
1659,3470,26469,4529,26469,766,80
1659,3470,26470,4529,26470,766,80
1659,3470,26471,4529,26471,766,80
1659,3470,26472,4529,26472,766,80
1659,3470,26473,4529,26473,766,80
1659,3470,26474,4529,26474,766,80
1659,3470,26475,4529,26475,766,80
1659,3470,26476,4529,26476,766,80
1659,3470,26477,4529,26477,766,80
1658,3470,26478,4529,26478,766,80
1658,3470,26479,4529,26479,766,80
1658,3470,26480,4529,26480,766,80
1658,3470,26481,4529,26481,766,80
1658,3470,26482,4529,26482,766,80
1658,3470,26483,4529,26483,766,80
1658,3470,26484,4529,26484,766,80
1658,3470,26485,4529,26485,766,80
1658,3470,26486,4529,26486,766,80
1658,3470,26487,4529,26487,766,80
1658,3470,26488,4529,26488,766,80
1658,3470,26489,4529,26489,766,80
1658,3470,26490,4529,26490,766,80
1658,3470,26491,4529,26491,766,80
1658,3470,26492,4529,26492,766,80
1658,3470,26493,4529,26493,766,80
1658,3470,26494,4529,26494,766,80
1658,3470,26495,4529,26495,766,80
1658,3470,26496,4529,26496,766,80
1658,3470,26497,4529,26497,766,80
1658,3470,26498,4529,26498,766,80
1658,3470,26499,4529,26499,766,80
1658,3470,26500,4529,26500,766,80
1658,3470,26501,4529,26501,766,80
1658,3470,26502,4529,26502,766,80
1658,3470,26503,4529,26503,766,80
1658,3470,26504,4529,26504,766,80
1658,3470,26505,4529,26505,766,80
1658,3470,26506,4529,26506,766,80
1658,3470,26507,4529,26507,766,80
1658,3470,26508,4529,26508,766,80
1658,3470,26509,4529,26509,766,80
1658,3470,26510,4529,26510,766,80
1658,3470,26511,4529,26511,766,80
1658,3470,26512,4529,26512,766,80
1658,3470,26513,4529,26513,766,80
1658,3470,26514,4529,26514,766,80
1658,3470,26515,4529,26515,766,80
1658,3470,26516,4529,26516,766,80
1658,3470,26517,4529,26517,766,80
1658,3470,26518,4529,26518,766,80
1657,3470,26519,4529,26519,766,80
1657,3470,26520,4529,26520,766,80
1657,3470,26521,4529,26521,766,80
1657,3470,26522,4529,26522,766,80
1657,3470,26523,4529,26523,766,80
1657,3470,26524,4529,26524,766,80
1657,3470,26525,4529,26525,766,80
1657,3470,26526,4529,26526,766,80
1657,3470,26527,4529,26527,766,80
1657,3470,26528,4529,26528,766,80
1657,3470,26529,4529,26529,766,80
1657,3470,26530,4529,26530,766,80
1657,3470,26531,4529,26531,766,80
1657,3470,26532,4529,26532,766,80
1657,3470,26533,4529,26533,766,80
1657,3470,26534,4529,26534,766,80
1657,3470,26535,4529,26535,766,80
1657,3470,26536,4529,26536,766,80
1657,3470,26537,4529,26537,766,80
1657,3470,26538,4529,26538,766,80
1657,3470,26539,4529,26539,766,80
1657,3470,26540,4529,26540,766,80
1657,3470,26541,4529,26541,766,80
1657,3470,26542,4529,26542,766,80
1657,3470,26543,4529,26543,766,80
1657,3470,26544,4529,26544,766,80
1657,3470,26545,4529,26545,766,80
1657,3470,26546,4529,26546,766,80
1657,3470,26547,4529,26547,766,80
1657,3470,26548,4529,26548,766,80
1657,3470,26549,4529,26549,766,80
1657,3470,26550,4529,26550,766,80
1657,3470,26551,4529,26551,766,80
1657,3470,26552,4529,26552,766,80
1657,3470,26553,4529,26553,766,80
1657,3470,26554,4529,26554,766,80
1657,3470,26555,4529,26555,766,80
1657,3470,26556,4529,26556,766,80
1657,3470,26557,4529,26557,766,80
1657,3470,26558,4529,26558,766,80
1657,3470,26559,4529,26559,766,80
1657,3470,26560,4529,26560,766,80
1657,3470,26561,4529,26561,766,80
1657,3470,26562,4529,26562,766,80
1657,3470,26563,4529,26563,766,80
1657,3470,26564,4529,26564,766,80
1657,3470,26565,4529,26565,766,80
1657,3470,26566,4529,26566,766,80
1657,3470,26567,4529,26567,766,80
1657,3470,26568,4529,26568,766,80
1657,3470,26569,4529,26569,766,80
1657,3470,26570,4529,26570,766,80
1658,3470,26571,4529,26571,766,80
1658,3470,26572,4529,26572,766,80
1658,3470,26573,4529,26573,766,80
1658,3470,26574,4529,26574,766,80
1658,3470,26575,4529,26575,766,80
1658,3470,26576,4529,26576,766,80
1659,3470,26577,4529,26577,766,80
1659,3470,26578,4529,26578,766,80
1659,3470,26579,4529,26579,766,80
1659,3470,26580,4529,26580,766,80
1659,3470,26581,4529,26581,766,80
1659,3470,26582,4529,26582,766,80
1659,3470,26583,4529,26583,766,80
1659,3470,26584,4529,26584,766,80
1659,3470,26585,4529,26585,766,80
1659,3470,26586,4529,26586,766,80
1659,3470,26587,4529,26587,766,80
1659,3470,26588,4529,26588,766,80
1659,3470,26589,4529,26589,766,80
1660,3470,26590,4529,26590,766,80
1660,3470,26591,4529,26591,766,80
1660,3470,26592,4529,26592,766,80
1660,3470,26593,4529,26593,766,80
1660,3470,26594,4529,26594,766,80
1660,3470,26595,4529,26595,766,80
1660,3470,26596,4529,26596,766,80
1661,3470,26597,4529,26597,766,80
1661,3470,26598,4529,26598,766,80
1661,3470,26599,4529,26599,766,80
1661,3470,26600,4529,26600,766,80
1661,3470,26601,4529,26601,766,80
1661,3470,26602,4529,26602,766,80
1661,3470,26603,4529,26603,766,80
1661,3470,26604,4529,26604,766,80
1660,3470,26605,4529,26605,766,80
1660,3470,26606,4529,26606,766,80
1660,3470,26607,4529,26607,766,80
1660,3470,26608,4529,26608,766,80
1660,3470,26609,4529,26609,766,80
1660,3470,26610,4529,26610,766,80
1660,3470,26611,4529,26611,766,80
1660,3470,26612,4529,26612,766,80
1660,3470,26613,4529,26613,766,80
1660,3470,26614,4529,26614,766,80
1660,3470,26615,4529,26615,766,80
1660,3470,26616,4529,26616,766,80
1660,3470,26617,4529,26617,766,80
1660,3470,26618,4529,26618,766,80
1660,3470,26619,4529,26619,766,80
1660,3470,26620,4529,26620,766,80
1660,3470,26621,4529,26621,766,80
1660,3470,26622,4529,26622,766,80
1661,3470,26623,4529,26623,766,80
1661,3470,26624,4529,26624,766,80
1661,3470,26625,4529,26625,766,80
1661,3470,26626,4529,26626,766,80
1661,3470,26627,4529,26627,766,80
1662,3470,26628,4529,26628,766,80
1662,3470,26629,4529,26629,766,80
1662,3470,26630,4529,26630,766,80
1662,3470,26631,4529,26631,766,80
1662,3470,26632,4529,26632,766,80
1663,3470,26633,4529,26633,766,80
1663,3470,26634,4529,26634,766,80
1663,3470,26635,4529,26635,766,80
1663,3470,26636,4529,26636,766,80
1663,3470,26637,4529,26637,766,80
1663,3470,26638,4529,26638,766,80
1663,3470,26639,4529,26639,766,80
1663,3470,26640,4529,26640,766,80
1663,3470,26641,4529,26641,766,80
1663,3470,26642,4529,26642,766,80
1663,3470,26643,4529,26643,766,80
1663,3470,26644,4529,26644,766,80
1663,3470,26645,4529,26645,766,80
1663,3470,26646,4529,26646,766,80
1663,3470,26647,4529,26647,766,80
1663,3470,26648,4529,26648,766,80
1663,3470,26649,4529,26649,766,80
1663,3470,26650,4529,26650,766,80
1663,3470,26651,4529,26651,766,80
1663,3470,26652,4529,26652,766,80
1663,3470,26653,4529,26653,766,80
1663,3470,26654,4529,26654,766,80
1662,3470,26655,4529,26655,766,80
1662,3470,26656,4529,26656,766,80
1662,3470,26657,4529,26657,766,80
1662,3470,26658,4529,26658,766,80
1662,3470,26659,4529,26659,766,80
1662,3470,26660,4529,26660,766,80
1662,3470,26661,4529,26661,766,80
1662,3470,26662,4529,26662,766,80
1662,3470,26663,4529,26663,766,80
1662,3470,26664,4529,26664,766,80
1662,3470,26665,4529,26665,766,80
1662,3470,26666,4529,26666,766,80
1662,3470,26667,4529,26667,766,80
1662,3470,26668,4529,26668,766,80
1662,3470,26669,4529,26669,766,80
1662,3470,26670,4529,26670,766,80
1662,3470,26671,4529,26671,766,80
1662,3470,26672,4529,26672,766,80
1662,3470,26673,4529,26673,766,80
1662,3470,26674,4529,26674,766,80
1662,3470,26675,4529,26675,766,80
1662,3470,26676,4529,26676,766,80
1661,3470,26677,4529,26677,766,80
1661,3470,26678,4529,26678,766,80
1661,3470,26679,4529,26679,766,80
1661,3470,26680,4529,26680,766,80
1661,3470,26681,4529,26681,766,80
1661,3470,26682,4529,26682,766,80
1661,3470,26683,4529,26683,766,80
1661,3470,26684,4529,26684,766,80
1661,3470,26685,4529,26685,766,80
1661,3470,26686,4529,26686,766,80
1661,3470,26687,4529,26687,766,80
1661,3470,26688,4529,26688,766,80
1661,3470,26689,4529,26689,766,80
1661,3470,26690,4529,26690,766,80
1661,3470,26691,4529,26691,766,80
1661,3470,26692,4529,26692,766,80
1661,3470,26693,4529,26693,766,80
1661,3470,26694,4529,26694,766,80
1661,3470,26695,4529,26695,766,80
1661,3470,26696,4529,26696,766,80
1661,3470,26697,4529,26697,766,80
1661,3470,26698,4529,26698,766,80
1661,3470,26699,4529,26699,766,80
1661,3470,26700,4529,26700,766,80
1658,3470,26701,4529,26701,766,78
1658,3470,26702,4529,26702,766,78
1658,3470,26703,4529,26703,766,78
1658,3470,26704,4529,26704,766,78
1658,3470,26705,4529,26705,766,78
1658,3470,26706,4529,26706,766,78
1658,3470,26707,4529,26707,766,78
1658,3470,26708,4529,26708,766,78
1658,3470,26709,4529,26709,766,78
1658,3470,26710,4529,26710,766,78
1658,3470,26711,4529,26711,766,78
1658,3470,26712,4529,26712,766,78
1658,3470,26713,4529,26713,766,78
1658,3470,26714,4529,26714,766,78
1658,3470,26715,4529,26715,766,78
1658,3470,26716,4529,26716,766,78
1658,3470,26717,4529,26717,766,78
1658,3470,26718,4529,26718,766,78
1658,3470,26719,4529,26719,766,78
1658,3470,26720,4529,26720,766,78
1658,3470,26721,4529,26721,766,78
1658,3470,26722,4529,26722,766,78
1658,3470,26723,4529,26723,766,78
1658,3470,26724,4529,26724,766,78
1658,3470,26725,4529,26725,766,78
1658,3470,26726,4529,26726,766,78
1658,3470,26727,4529,26727,766,78
1658,3470,26728,4529,26728,766,78
1658,3470,26729,4529,26729,766,78
1658,3470,26730,4529,26730,766,78
1658,3470,26731,4529,26731,766,78
1658,3470,26732,4529,26732,766,78
1658,3470,26733,4529,26733,766,78
1658,3470,26734,4529,26734,766,78
1658,3470,26735,4529,26735,766,78
1658,3470,26736,4529,26736,766,78
1658,3470,26737,4529,26737,766,78
1658,3470,26738,4529,26738,766,78
1658,3470,26739,4529,26739,766,78
1658,3470,26740,4529,26740,766,78
1658,3470,26741,4529,26741,766,78
1658,3470,26742,4529,26742,766,78
1658,3470,26743,4529,26743,766,78
1658,3470,26744,4529,26744,766,78
1658,3470,26745,4529,26745,766,78
1658,3470,26746,4529,26746,766,78
1658,3470,26747,4529,26747,766,78
1658,3470,26748,4529,26748,766,78
1658,3470,26749,4529,26749,766,78
1658,3470,26750,4529,26750,766,78
1658,3470,26751,4529,26751,766,78
1658,3470,26752,4529,26752,766,78
1658,3470,26753,4529,26753,766,78
1658,3470,26754,4529,26754,766,78
1658,3470,26755,4529,26755,766,78
1658,3470,26756,4529,26756,766,78
1658,3470,26757,4529,26757,766,78
1658,3470,26758,4529,26758,766,78
1658,3470,26759,4529,26759,766,78
1658,3470,26760,4529,26760,766,78
1658,3470,26761,4529,26761,766,78
1658,3470,26762,4529,26762,766,78
1658,3470,26763,4529,26763,766,78
1658,3470,26764,4529,26764,766,78
1658,3470,26765,4529,26765,766,78
1658,3470,26766,4529,26766,766,78
1658,3470,26767,4529,26767,766,78
1658,3470,26768,4529,26768,766,78
1658,3470,26769,4529,26769,766,78
1658,3470,26770,4529,26770,766,78
1658,3470,26771,4529,26771,766,78
1658,3470,26772,4529,26772,766,78
1658,3470,26773,4529,26773,766,78
1658,3470,26774,4529,26774,766,78
1658,3470,26775,4529,26775,766,78
1658,3470,26776,4529,26776,766,78
1658,3470,26777,4529,26777,766,78
1658,3470,26778,4529,26778,766,78
1657,3470,26779,4529,26779,766,77
1657,3470,26780,4529,26780,766,77
1657,3470,26781,4529,26781,766,77
1657,3470,26782,4529,26782,766,77
1657,3470,26783,4529,26783,766,77
1657,3470,26784,4529,26784,766,77
1657,3470,26785,4529,26785,766,77
1657,3470,26786,4529,26786,766,77
1657,3470,26787,4529,26787,766,77
1657,3470,26788,4529,26788,766,77
1657,3470,26789,4529,26789,766,77
1657,3470,26790,4529,26790,766,77
1656,3470,26791,4529,26791,766,77
1656,3470,26792,4529,26792,766,77
1656,3470,26793,4529,26793,766,77
1656,3470,26794,4529,26794,766,77
1656,3470,26795,4529,26795,766,77
1656,3470,26796,4529,26796,766,77
1656,3470,26797,4529,26797,766,77
1656,3470,26798,4529,26798,766,77
1656,3470,26799,4529,26799,766,77
1656,3470,26800,4529,26800,766,77
1656,3470,26801,4529,26801,766,77
1656,3470,26802,4529,26802,766,77
1656,3470,26803,4529,26803,766,77
1656,3470,26804,4529,26804,766,77
1656,3470,26805,4529,26805,766,77
1656,3470,26806,4529,26806,766,77
1656,3470,26807,4529,26807,766,77
1656,3470,26808,4529,26808,766,77
1656,3470,26809,4529,26809,766,77
1656,3470,26810,4529,26810,766,77
1656,3470,26811,4529,26811,766,77
1656,3470,26812,4529,26812,766,77
1656,3470,26813,4529,26813,766,77
1656,3470,26814,4529,26814,766,77
1656,3470,26815,4529,26815,766,77
1656,3470,26816,4529,26816,766,77
1656,3470,26817,4529,26817,766,77
1656,3470,26818,4529,26818,766,77
1655,3470,26819,4529,26819,766,77
1655,3470,26820,4529,26820,766,77
1653,3470,26821,4529,26821,766,76
1653,3470,26822,4529,26822,766,76
1653,3470,26823,4529,26823,766,76
1653,3470,26824,4529,26824,766,76
1653,3470,26825,4529,26825,766,76
1653,3470,26826,4529,26826,766,76
1653,3470,26827,4529,26827,766,76
1653,3470,26828,4529,26828,766,76
1653,3470,26829,4529,26829,766,76
1653,3470,26830,4529,26830,766,76
1653,3470,26831,4529,26831,766,76
1653,3470,26832,4529,26832,766,76
1653,3470,26833,4529,26833,766,76
1653,3470,26834,4529,26834,766,76
1653,3470,26835,4529,26835,766,76
1653,3470,26836,4529,26836,766,76
1653,3470,26837,4529,26837,766,76
1653,3470,26838,4529,26838,766,76
1653,3470,26839,4529,26839,766,76
1653,3470,26840,4529,26840,766,76
1653,3470,26841,4529,26841,766,76
1653,3470,26842,4529,26842,766,76
1653,3470,26843,4529,26843,766,76
1653,3470,26844,4529,26844,766,76
1653,3470,26845,4529,26845,766,76
1653,3470,26846,4529,26846,766,76
1653,3470,26847,4529,26847,766,76
1653,3470,26848,4529,26848,766,76
1653,3470,26849,4529,26849,766,76
1653,3470,26850,4529,26850,766,76
1653,3470,26851,4529,26851,766,76
1653,3470,26852,4529,26852,766,76
1653,3470,26853,4529,26853,766,76
1653,3470,26854,4529,26854,766,76
1653,3470,26855,4529,26855,766,76
1653,3470,26856,4529,26856,766,76
1653,3470,26857,4529,26857,766,76
1653,3470,26858,4529,26858,766,76
1653,3470,26859,4529,26859,766,76
1653,3470,26860,4529,26860,766,76
1653,3470,26861,4529,26861,766,76
1653,3470,26862,4529,26862,766,76
1653,3470,26863,4529,26863,766,76
1653,3470,26864,4529,26864,766,76
1653,3470,26865,4529,26865,766,76
1653,3470,26866,4529,26866,766,76
1653,3470,26867,4529,26867,766,76
1653,3470,26868,4529,26868,766,76
1653,3470,26869,4529,26869,766,76
1653,3470,26870,4529,26870,766,76
1653,3470,26871,4529,26871,766,76
1653,3470,26872,4529,26872,766,76
1653,3470,26873,4529,26873,766,76
1653,3470,26874,4529,26874,766,76
1653,3470,26875,4529,26875,766,76
1653,3470,26876,4529,26876,766,76
1653,3470,26877,4529,26877,766,76
1653,3470,26878,4529,26878,766,76
1653,3470,26879,4529,26879,766,76
1653,3470,26880,4529,26880,766,76
1653,3470,26881,4529,26881,766,76
1653,3470,26882,4529,26882,766,76
1653,3470,26883,4529,26883,766,76
1653,3470,26884,4529,26884,766,76
1653,3470,26885,4529,26885,766,76
1653,3470,26886,4529,26886,766,76
1653,3470,26887,4529,26887,766,76
1653,3470,26888,4529,26888,766,76
1652,3470,26889,4529,26889,766,76
1652,3470,26890,4529,26890,766,76
1652,3470,26891,4529,26891,766,76
1652,3470,26892,4529,26892,766,76
1652,3470,26893,4529,26893,766,76
1652,3470,26894,4529,26894,766,76
1652,3470,26895,4529,26895,766,76
1652,3470,26896,4529,26896,766,76
1652,3470,26897,4529,26897,766,76
1651,3470,26898,4529,26898,766,76
1651,3470,26899,4529,26899,766,76
1651,3470,26900,4529,26900,766,76
1651,3470,26901,4529,26901,766,76
1651,3470,26902,4529,26902,766,76
1651,3470,26903,4529,26903,766,76
1651,3470,26904,4529,26904,766,76
1651,3470,26905,4529,26905,766,76
1651,3470,26906,4529,26906,766,76
1651,3470,26907,4529,26907,766,76
1651,3470,26908,4529,26908,766,76
1651,3470,26909,4529,26909,766,76
1651,3470,26910,4529,26910,766,76
1651,3470,26911,4529,26911,766,76
1651,3470,26912,4529,26912,766,76
1651,3470,26913,4529,26913,766,76
1651,3470,26914,4529,26914,766,76
1651,3470,26915,4529,26915,766,76
1651,3470,26916,4529,26916,766,76
1651,3470,26917,4529,26917,766,76
1651,3470,26918,4529,26918,766,76
1651,3470,26919,4529,26919,766,76
1651,3470,26920,4529,26920,766,76
1651,3470,26921,4529,26921,766,76
1651,3470,26922,4529,26922,766,76
1651,3470,26923,4529,26923,766,76
1651,3470,26924,4529,26924,766,76
1651,3470,26925,4529,26925,766,76
1651,3470,26926,4529,26926,766,76
1651,3470,26927,4529,26927,766,76
1651,3470,26928,4529,26928,766,76
1651,3470,26929,4529,26929,766,76
1651,3470,26930,4529,26930,766,76
1651,3470,26931,4529,26931,766,76
1651,3470,26932,4529,26932,766,76
1651,3470,26933,4529,26933,766,76
1651,3470,26934,4529,26934,766,76
1651,3470,26935,4529,26935,766,76
1651,3470,26936,4529,26936,766,76
1651,3470,26937,4529,26937,766,76
1651,3470,26938,4529,26938,766,76
1651,3470,26939,4529,26939,766,76
1651,3470,26940,4529,26940,766,76
1651,3470,26941,4529,26941,766,76
1651,3470,26942,4529,26942,766,76
1651,3470,26943,4529,26943,766,76
1651,3470,26944,4529,26944,766,76
1650,3470,26945,4529,26945,766,76
1650,3470,26946,4529,26946,766,76
1650,3470,26947,4529,26947,766,76
1650,3470,26948,4529,26948,766,76
1650,3470,26949,4529,26949,766,76
1650,3470,26950,4529,26950,766,76
1650,3470,26951,4529,26951,766,76
1650,3470,26952,4529,26952,766,76
1650,3470,26953,4529,26953,766,76
1650,3470,26954,4529,26954,766,76
1650,3470,26955,4529,26955,766,76
1650,3470,26956,4529,26956,766,76
1650,3470,26957,4529,26957,766,76
1650,3470,26958,4529,26958,766,76
1650,3470,26959,4529,26959,766,76
1650,3470,26960,4529,26960,766,76
1650,3470,26961,4529,26961,766,76
1650,3470,26962,4529,26962,766,76
1650,3470,26963,4529,26963,766,76
1650,3470,26964,4529,26964,766,76
1650,3470,26965,4529,26965,766,76
1650,3470,26966,4529,26966,766,76
1650,3470,26967,4529,26967,766,76
1650,3470,26968,4529,26968,766,76
1650,3470,26969,4529,26969,766,76
1650,3470,26970,4529,26970,766,76
1650,3470,26971,4529,26971,766,76
1650,3470,26972,4529,26972,766,76
1650,3470,26973,4529,26973,766,76
1650,3470,26974,4529,26974,766,76
1650,3470,26975,4529,26975,766,76
1650,3470,26976,4529,26976,766,76
1650,3470,26977,4529,26977,766,76
1650,3470,26978,4529,26978,766,76
1650,3470,26979,4529,26979,766,76
1650,3470,26980,4529,26980,766,76
1650,3470,26981,4529,26981,766,76
1650,3470,26982,4529,26982,766,76
1650,3470,26983,4529,26983,766,76
1650,3470,26984,4529,26984,766,76
1650,3470,26985,4529,26985,766,76
1650,3470,26986,4529,26986,766,76
1650,3470,26987,4529,26987,766,76
1650,3470,26988,4529,26988,766,76
1650,3470,26989,4529,26989,766,76
1650,3470,26990,4529,26990,766,76
1650,3470,26991,4529,26991,766,76
1650,3470,26992,4529,26992,766,76
1649,3470,26993,4529,26993,766,76
1649,3470,26994,4529,26994,766,76
1650,3470,26995,4529,26995,766,76
1650,3470,26996,4529,26996,766,76
1650,3470,26997,4529,26997,766,76
1650,3470,26998,4529,26998,766,76
1651,3470,26999,4529,26999,766,76
1651,3470,27000,4529,27000,766,76
1651,3470,27001,4529,27001,766,76
1651,3470,27002,4529,27002,766,76
1651,3470,27003,4529,27003,766,76
1651,3470,27004,4529,27004,766,76
1651,3470,27005,4529,27005,766,76
1651,3470,27006,4529,27006,766,76
1651,3470,27007,4529,27007,766,76
1651,3470,27008,4529,27008,766,76
1651,3470,27009,4529,27009,766,76
1651,3470,27010,4529,27010,766,76
1651,3470,27011,4529,27011,766,76
1651,3470,27012,4529,27012,766,76
1651,3470,27013,4529,27013,766,76
1651,3470,27014,4529,27014,766,76
1651,3470,27015,4529,27015,766,76
1651,3470,27016,4529,27016,766,76
1652,3470,27017,4529,27017,766,76
1652,3470,27018,4529,27018,766,76
1652,3470,27019,4529,27019,766,76
1652,3470,27020,4529,27020,766,76
1652,3470,27021,4529,27021,766,76
1652,3470,27022,4529,27022,766,76
1652,3470,27023,4529,27023,766,76
1651,3470,27024,4529,27024,766,76
1651,3470,27025,4529,27025,766,76
1651,3470,27026,4529,27026,766,76
1651,3470,27027,4529,27027,766,76
1651,3470,27028,4529,27028,766,76
1650,3470,27029,4529,27029,766,76
1650,3470,27030,4529,27030,766,76
1650,3470,27031,4529,27031,766,76
1650,3470,27032,4529,27032,766,76
1650,3470,27033,4529,27033,766,76
1650,3470,27034,4529,27034,766,76
1650,3470,27035,4529,27035,766,76
1650,3470,27036,4529,27036,766,76
1650,3470,27037,4529,27037,766,76
1650,3470,27038,4529,27038,766,76
1650,3470,27039,4529,27039,766,76
1650,3470,27040,4529,27040,766,76
1650,3470,27041,4529,27041,766,76
1650,3470,27042,4529,27042,766,76
1650,3470,27043,4529,27043,766,76
1650,3470,27044,4529,27044,766,76
1650,3470,27045,4529,27045,766,76
1650,3470,27046,4529,27046,766,76
1650,3470,27047,4529,27047,766,76
1650,3470,27048,4529,27048,766,76
1650,3470,27049,4529,27049,766,76
1650,3470,27050,4529,27050,766,76
1650,3470,27051,4529,27051,766,76
1650,3470,27052,4529,27052,766,76
1650,3470,27053,4529,27053,766,76
1650,3470,27054,4529,27054,766,76
1650,3470,27055,4529,27055,766,76
1650,3470,27056,4529,27056,766,76
1650,3470,27057,4529,27057,766,76
1650,3470,27058,4529,27058,766,76
1650,3470,27059,4529,27059,766,76
1650,3470,27060,4529,27060,766,76
1650,3470,27061,4529,27061,766,76
1650,3470,27062,4529,27062,766,76
1650,3470,27063,4529,27063,766,76
1650,3470,27064,4529,27064,766,76
1650,3470,27065,4529,27065,766,76
1650,3470,27066,4529,27066,766,76
1650,3470,27067,4529,27067,766,76
1650,3470,27068,4529,27068,766,76
1650,3470,27069,4529,27069,766,76
1650,3470,27070,4529,27070,766,76
1650,3470,27071,4529,27071,766,76
1650,3470,27072,4529,27072,766,76
1650,3470,27073,4529,27073,766,76
1650,3470,27074,4529,27074,766,76
1650,3470,27075,4529,27075,766,76
1649,3470,27076,4529,27076,766,75
1649,3470,27077,4529,27077,766,75
1649,3470,27078,4529,27078,766,75
1649,3470,27079,4529,27079,766,75
1648,3470,27080,4529,27080,766,75
1648,3470,27081,4529,27081,766,75
1648,3470,27082,4529,27082,766,75
1648,3470,27083,4529,27083,766,75
1648,3470,27084,4529,27084,766,75
1648,3470,27085,4529,27085,766,75
1648,3470,27086,4529,27086,766,75
1647,3470,27087,4529,27087,766,75
1647,3470,27088,4529,27088,766,75
1647,3470,27089,4529,27089,766,75
1647,3470,27090,4529,27090,766,75
1647,3470,27091,4529,27091,766,75
1647,3470,27092,4529,27092,766,75
1647,3470,27093,4529,27093,766,75
1647,3470,27094,4529,27094,766,75
1647,3470,27095,4529,27095,766,75
1647,3470,27096,4529,27096,766,75
1647,3470,27097,4529,27097,766,75
1647,3470,27098,4529,27098,766,75
1647,3470,27099,4529,27099,766,75
1646,3470,27100,4529,27100,766,75
1646,3470,27101,4529,27101,766,75
1646,3470,27102,4529,27102,766,75
1646,3470,27103,4529,27103,766,75
1646,3470,27104,4529,27104,766,75
1646,3470,27105,4529,27105,766,75
1646,3470,27106,4529,27106,766,75
1646,3470,27107,4529,27107,766,75
1646,3470,27108,4529,27108,766,75
1646,3470,27109,4529,27109,766,75
1646,3470,27110,4529,27110,766,75
1646,3470,27111,4529,27111,766,75
1646,3470,27112,4529,27112,766,75
1646,3470,27113,4529,27113,766,75
1646,3470,27114,4529,27114,766,75
1646,3470,27115,4529,27115,766,75
1646,3470,27116,4529,27116,766,75
1646,3470,27117,4529,27117,766,75
1646,3470,27118,4529,27118,766,75
1646,3470,27119,4529,27119,766,75
1646,3470,27120,4529,27120,766,75
1645,3470,27121,4529,27121,766,75
1645,3470,27122,4529,27122,766,75
1645,3470,27123,4529,27123,766,75
1645,3470,27124,4529,27124,766,75
1645,3470,27125,4529,27125,766,75
1645,3470,27126,4529,27126,766,75
1645,3470,27127,4529,27127,766,75
1645,3470,27128,4529,27128,766,75
1645,3470,27129,4529,27129,766,75
1645,3470,27130,4529,27130,766,75
1645,3470,27131,4529,27131,766,75
1645,3470,27132,4529,27132,766,75
1645,3470,27133,4529,27133,766,75
1645,3470,27134,4529,27134,766,75
1645,3470,27135,4529,27135,766,75
1645,3470,27136,4529,27136,766,75
1645,3470,27137,4529,27137,766,75
1645,3470,27138,4529,27138,766,75
1645,3470,27139,4529,27139,766,75
1644,3470,27140,4529,27140,766,75
1644,3470,27141,4529,27141,766,75
1644,3470,27142,4529,27142,766,75
1644,3470,27143,4529,27143,766,75
1644,3470,27144,4529,27144,766,75
1644,3470,27145,4529,27145,766,75
1644,3470,27146,4529,27146,766,75
1645,3470,27147,4529,27147,766,75
1645,3470,27148,4529,27148,766,75
1645,3470,27149,4529,27149,766,75
1645,3470,27150,4529,27150,766,75
1645,3470,27151,4529,27151,766,75
1645,3470,27152,4529,27152,766,75
1645,3470,27153,4529,27153,766,75
1645,3470,27154,4529,27154,766,75
1645,3470,27155,4529,27155,766,75
1645,3470,27156,4529,27156,766,75
1645,3470,27157,4529,27157,766,75
1645,3470,27158,4529,27158,766,75
1645,3470,27159,4529,27159,766,75
1645,3470,27160,4529,27160,766,75
1645,3470,27161,4529,27161,766,75
1645,3470,27162,4529,27162,766,75
1645,3470,27163,4529,27163,766,75
1645,3470,27164,4529,27164,766,75
1645,3470,27165,4529,27165,766,75
1645,3470,27166,4529,27166,766,75
1645,3470,27167,4529,27167,766,75
1645,3470,27168,4529,27168,766,75
1645,3470,27169,4529,27169,766,75
1645,3470,27170,4529,27170,766,75
1645,3470,27171,4529,27171,766,75
1645,3470,27172,4529,27172,766,75
1646,3470,27173,4529,27173,766,75
1646,3470,27174,4529,27174,766,75
1645,3470,27175,4529,27175,766,75
1645,3470,27176,4529,27176,766,75
1646,3470,27177,4529,27177,766,75
1646,3470,27178,4529,27178,766,75
1645,3470,27179,4529,27179,766,75
1645,3470,27180,4529,27180,766,75
1645,3470,27181,4529,27181,766,75
1645,3470,27182,4529,27182,766,75
1645,3470,27183,4529,27183,766,75
1645,3470,27184,4529,27184,766,75
1645,3470,27185,4529,27185,766,75
1645,3470,27186,4529,27186,766,75
1645,3470,27187,4529,27187,766,75
1645,3470,27188,4529,27188,766,75
1645,3470,27189,4529,27189,766,75
1645,3470,27190,4529,27190,766,75
1645,3470,27191,4529,27191,766,75
1645,3470,27192,4529,27192,766,75
1645,3470,27193,4529,27193,766,75
1645,3470,27194,4529,27194,766,75
1645,3470,27195,4529,27195,766,75
1645,3470,27196,4529,27196,766,75
1645,3470,27197,4529,27197,766,75
1645,3470,27198,4529,27198,766,75
1645,3470,27199,4529,27199,766,75
1645,3470,27200,4529,27200,766,75
1645,3470,27201,4529,27201,766,75
1645,3470,27202,4529,27202,766,75
1645,3470,27203,4529,27203,766,75
1645,3470,27204,4529,27204,766,75
1645,3470,27205,4529,27205,766,75
1645,3470,27206,4529,27206,766,75
1645,3470,27207,4529,27207,766,75
1645,3470,27208,4529,27208,766,75
1645,3470,27209,4529,27209,766,75
1645,3470,27210,4529,27210,766,75
1645,3470,27211,4529,27211,766,75
1645,3470,27212,4529,27212,766,75
1645,3470,27213,4529,27213,766,75
1645,3470,27214,4529,27214,766,75
1645,3470,27215,4529,27215,766,75
1645,3470,27216,4529,27216,766,75
1645,3470,27217,4529,27217,766,75
1646,3470,27218,4529,27218,766,75
1645,3470,27219,4529,27219,766,75
1645,3470,27220,4529,27220,766,75
1645,3470,27221,4529,27221,766,75
1645,3470,27222,4529,27222,766,75
1645,3470,27223,4529,27223,766,75
1645,3470,27224,4529,27224,766,75
1645,3470,27225,4529,27225,766,75
1645,3470,27226,4529,27226,766,75
1645,3470,27227,4529,27227,766,75
1644,3470,27228,4529,27228,766,75
1644,3470,27229,4529,27229,766,75
1644,3470,27230,4529,27230,766,75
1644,3470,27231,4529,27231,766,75
1644,3470,27232,4529,27232,766,75
1644,3470,27233,4529,27233,766,75
1644,3470,27234,4529,27234,766,75
1644,3470,27235,4529,27235,766,75
1644,3470,27236,4529,27236,766,75
1644,3470,27237,4529,27237,766,75
1644,3470,27238,4529,27238,766,75
1644,3470,27239,4529,27239,766,75
1644,3470,27240,4529,27240,766,75
1644,3470,27241,4529,27241,766,75
1644,3470,27242,4529,27242,766,75
1644,3470,27243,4529,27243,766,75
1644,3470,27244,4529,27244,766,75
1644,3470,27245,4529,27245,766,75
1644,3470,27246,4529,27246,766,75
1644,3470,27247,4529,27247,766,75
1643,3470,27248,4529,27248,766,75
1643,3470,27249,4529,27249,766,75
1643,3470,27250,4529,27250,766,75
1643,3470,27251,4529,27251,766,75
1643,3470,27252,4529,27252,766,75
1643,3470,27253,4529,27253,766,75
1643,3470,27254,4529,27254,766,75
1643,3470,27255,4529,27255,766,75
1643,3470,27256,4529,27256,766,75
1642,3470,27257,4529,27257,766,75
1642,3470,27258,4529,27258,766,75
1642,3470,27259,4529,27259,766,75
1641,3470,27260,4529,27260,766,75
1641,3470,27261,4529,27261,766,75
1641,3470,27262,4529,27262,766,75
1641,3470,27263,4529,27263,766,75
1641,3470,27264,4529,27264,766,75
1641,3470,27265,4529,27265,766,75
1641,3470,27266,4529,27266,766,75
1641,3470,27267,4529,27267,766,75
1641,3470,27268,4529,27268,766,75
1641,3470,27269,4529,27269,766,75
1641,3470,27270,4529,27270,766,75
1641,3470,27271,4529,27271,766,75
1641,3470,27272,4529,27272,766,75
1642,3470,27273,4529,27273,766,75
1642,3470,27274,4529,27274,766,75
1643,3470,27275,4529,27275,766,75
1643,3470,27276,4529,27276,766,75
1643,3470,27277,4529,27277,766,75
1643,3470,27278,4529,27278,766,75
1643,3470,27279,4529,27279,766,75
1643,3470,27280,4529,27280,766,75
1643,3470,27281,4529,27281,766,75
1643,3470,27282,4529,27282,766,75
1643,3470,27283,4529,27283,766,75
1643,3470,27284,4529,27284,766,75
1643,3470,27285,4529,27285,766,75
1643,3470,27286,4529,27286,766,75
1643,3470,27287,4529,27287,766,75
1643,3470,27288,4529,27288,766,75
1643,3470,27289,4529,27289,766,75
1643,3470,27290,4529,27290,766,75
1643,3470,27291,4529,27291,766,75
1643,3470,27292,4529,27292,766,75
1643,3470,27293,4529,27293,766,75
1643,3470,27294,4529,27294,766,75
1643,3470,27295,4529,27295,766,75
1643,3470,27296,4529,27296,766,75
1643,3470,27297,4529,27297,766,75
1643,3470,27298,4529,27298,766,75
1643,3470,27299,4529,27299,766,75
1643,3470,27300,4529,27300,766,75
1643,3470,27301,4529,27301,766,75
1643,3470,27302,4529,27302,766,75
1643,3470,27303,4529,27303,766,75
1643,3470,27304,4529,27304,766,75
1643,3470,27305,4529,27305,766,75
1643,3470,27306,4529,27306,766,75
1643,3470,27307,4529,27307,766,75
1643,3470,27308,4529,27308,766,75
1643,3470,27309,4529,27309,766,75
1643,3470,27310,4529,27310,766,75
1643,3470,27311,4529,27311,766,75
1643,3470,27312,4529,27312,766,75
1643,3470,27313,4529,27313,766,75
1643,3470,27314,4529,27314,766,75
1643,3470,27315,4529,27315,766,75
1643,3470,27316,4529,27316,766,75
1643,3470,27317,4529,27317,766,75
1643,3470,27318,4529,27318,766,75
1643,3470,27319,4529,27319,766,75
1643,3470,27320,4529,27320,766,75
1643,3470,27321,4529,27321,766,75
1643,3470,27322,4529,27322,766,75
1643,3470,27323,4529,27323,766,75
1643,3470,27324,4529,27324,766,75
1644,3470,27325,4529,27325,766,75
1644,3470,27326,4529,27326,766,75
1644,3470,27327,4529,27327,766,75
1645,3470,27328,4529,27328,766,75
1645,3470,27329,4529,27329,766,75
1645,3470,27330,4529,27330,766,75
1645,3470,27331,4529,27331,766,75
1645,3470,27332,4529,27332,766,75
1645,3470,27333,4529,27333,766,75
1645,3470,27334,4529,27334,766,75
1645,3470,27335,4529,27335,766,75
1645,3470,27336,4529,27336,766,75
1645,3470,27337,4529,27337,766,75
1645,3470,27338,4529,27338,766,75
1645,3470,27339,4529,27339,766,75
1645,3470,27340,4529,27340,766,75
1645,3470,27341,4529,27341,766,75
1645,3470,27342,4529,27342,766,75
1645,3470,27343,4529,27343,766,75
1645,3470,27344,4529,27344,766,75
1645,3470,27345,4529,27345,766,75
1645,3470,27346,4529,27346,766,75
1645,3470,27347,4529,27347,766,75
1645,3470,27348,4529,27348,766,75
1645,3470,27349,4529,27349,766,75
1645,3470,27350,4529,27350,766,75
1645,3470,27351,4529,27351,766,75
1645,3470,27352,4529,27352,766,75
1645,3470,27353,4529,27353,766,75
1645,3470,27354,4529,27354,766,75
1645,3470,27355,4529,27355,766,75
1645,3470,27356,4529,27356,766,75
1645,3470,27357,4529,27357,766,75
1645,3470,27358,4529,27358,766,75
1645,3470,27359,4529,27359,766,75
1645,3470,27360,4529,27360,766,75
1645,3470,27361,4529,27361,766,75
1645,3470,27362,4529,27362,766,75
1645,3470,27363,4529,27363,766,75
1645,3470,27364,4529,27364,766,75
1645,3470,27365,4529,27365,766,75
1646,3470,27366,4529,27366,766,75
1646,3470,27367,4529,27367,766,75
1646,3470,27368,4529,27368,766,75
1646,3470,27369,4529,27369,766,75
1646,3470,27370,4529,27370,766,75
1646,3470,27371,4529,27371,766,75
1646,3470,27372,4529,27372,766,75
1646,3470,27373,4529,27373,766,75
1645,3470,27374,4529,27374,766,74
1645,3470,27375,4529,27375,766,74
1645,3470,27376,4529,27376,766,74
1645,3470,27377,4529,27377,766,74
1645,3470,27378,4529,27378,766,74
1645,3470,27379,4529,27379,766,74
1645,3470,27380,4529,27380,766,74
1645,3470,27381,4529,27381,766,74
1645,3470,27382,4529,27382,766,74
1645,3470,27383,4529,27383,766,74
1645,3470,27384,4529,27384,766,74
1645,3470,27385,4529,27385,766,74
1645,3470,27386,4529,27386,766,74
1644,3470,27387,4529,27387,766,74
1644,3470,27388,4529,27388,766,74
1644,3470,27389,4529,27389,766,74
1644,3470,27390,4529,27390,766,74
1644,3470,27391,4529,27391,766,74
1644,3470,27392,4529,27392,766,74
1644,3470,27393,4529,27393,766,74
1644,3470,27394,4529,27394,766,74
1644,3470,27395,4529,27395,766,74
1644,3470,27396,4529,27396,766,74
1644,3470,27397,4529,27397,766,74
1644,3470,27398,4529,27398,766,74
1644,3470,27399,4529,27399,766,74
1644,3470,27400,4529,27400,766,74
1644,3470,27401,4529,27401,766,74
1643,3470,27402,4529,27402,766,74
1643,3470,27403,4529,27403,766,74
1643,3470,27404,4529,27404,766,74
1643,3470,27405,4529,27405,766,74
1643,3470,27406,4529,27406,766,74
1643,3470,27407,4529,27407,766,74
1643,3470,27408,4529,27408,766,74
1643,3470,27409,4529,27409,766,74
1643,3470,27410,4529,27410,766,74
1643,3470,27411,4529,27411,766,74
1643,3470,27412,4529,27412,766,74
1643,3470,27413,4529,27413,766,74
1643,3470,27414,4529,27414,766,74
1643,3470,27415,4529,27415,766,74
1643,3470,27416,4529,27416,766,74
1643,3470,27417,4529,27417,766,74
1643,3470,27418,4529,27418,766,74
1643,3470,27419,4529,27419,766,74
1643,3470,27420,4529,27420,766,74
1643,3470,27421,4529,27421,766,74
1643,3470,27422,4529,27422,766,74
1643,3470,27423,4529,27423,766,74
1644,3470,27424,4529,27424,766,74
1644,3470,27425,4529,27425,766,74
1644,3470,27426,4529,27426,766,74
1644,3470,27427,4529,27427,766,74
1644,3470,27428,4529,27428,766,74
1644,3470,27429,4529,27429,766,74
1644,3470,27430,4529,27430,766,74
1644,3470,27431,4529,27431,766,74
1644,3470,27432,4529,27432,766,74
1644,3470,27433,4529,27433,766,74
1644,3470,27434,4529,27434,766,74
1644,3470,27435,4529,27435,766,74
1644,3470,27436,4529,27436,766,74
1644,3470,27437,4529,27437,766,74
1644,3470,27438,4529,27438,766,74
1644,3470,27439,4529,27439,766,74
1644,3470,27440,4529,27440,766,74
1644,3470,27441,4529,27441,766,74
1644,3470,27442,4529,27442,766,74
1644,3470,27443,4529,27443,766,74
1644,3470,27444,4529,27444,766,74
1644,3470,27445,4529,27445,766,74
1644,3470,27446,4529,27446,766,74
1644,3470,27447,4529,27447,766,74
1644,3470,27448,4529,27448,766,74
1644,3470,27449,4529,27449,766,74
1644,3470,27450,4529,27450,766,74
1644,3470,27451,4529,27451,766,74
1644,3470,27452,4529,27452,766,74
1644,3470,27453,4529,27453,766,74
1644,3470,27454,4529,27454,766,74
1644,3470,27455,4529,27455,766,74
1644,3470,27456,4529,27456,766,74
1644,3470,27457,4529,27457,766,74
1644,3470,27458,4529,27458,766,74
1644,3470,27459,4529,27459,766,74
1644,3470,27460,4529,27460,766,74
1644,3470,27461,4529,27461,766,74
1644,3470,27462,4529,27462,766,74
1644,3470,27463,4529,27463,766,74
1644,3470,27464,4529,27464,766,74
1644,3470,27465,4529,27465,766,74
1644,3470,27466,4529,27466,766,74
1644,3470,27467,4529,27467,766,74
1644,3470,27468,4529,27468,766,74
1644,3470,27469,4529,27469,766,74
1644,3470,27470,4529,27470,766,74
1644,3470,27471,4529,27471,766,74
1644,3470,27472,4529,27472,766,74
1644,3470,27473,4529,27473,766,74
1644,3470,27474,4529,27474,766,74
1644,3470,27475,4529,27475,766,74
1644,3470,27476,4529,27476,766,74
1644,3470,27477,4529,27477,766,74
1644,3470,27478,4529,27478,766,74
1644,3470,27479,4529,27479,766,74
1645,3470,27480,4529,27480,766,74
1645,3470,27481,4529,27481,766,74
1645,3470,27482,4529,27482,766,74
1645,3470,27483,4529,27483,766,74
1645,3470,27484,4529,27484,766,74
1645,3470,27485,4529,27485,766,74
1645,3470,27486,4529,27486,766,74
1645,3470,27487,4529,27487,766,74
1645,3470,27488,4529,27488,766,74
1645,3470,27489,4529,27489,766,74
1645,3470,27490,4529,27490,766,74
1645,3470,27491,4529,27491,766,74
1645,3470,27492,4529,27492,766,74
1645,3470,27493,4529,27493,766,74
1645,3470,27494,4529,27494,766,74
1645,3470,27495,4529,27495,766,74
1645,3470,27496,4529,27496,766,74
1646,3470,27497,4529,27497,766,74
1646,3470,27498,4529,27498,766,74
1646,3470,27499,4529,27499,766,74
1646,3470,27500,4529,27500,766,74
1646,3470,27501,4529,27501,766,74
1645,3470,27502,4529,27502,766,74
1645,3470,27503,4529,27503,766,74
1645,3470,27504,4529,27504,766,74
1645,3470,27505,4529,27505,766,74
1645,3470,27506,4529,27506,766,74
1645,3470,27507,4529,27507,766,74
1645,3470,27508,4529,27508,766,74
1645,3470,27509,4529,27509,766,74
1645,3470,27510,4529,27510,766,74
1645,3470,27511,4529,27511,766,74
1645,3470,27512,4529,27512,766,74
1645,3470,27513,4529,27513,766,74
1645,3470,27514,4529,27514,766,74
1645,3470,27515,4529,27515,766,74
1645,3470,27516,4529,27516,766,74
1644,3470,27517,4529,27517,766,74
1644,3470,27518,4529,27518,766,74
1644,3470,27519,4529,27519,766,74
1644,3470,27520,4529,27520,766,74
1644,3470,27521,4529,27521,766,74
1644,3470,27522,4529,27522,766,74
1644,3470,27523,4529,27523,766,74
1644,3470,27524,4529,27524,766,74
1644,3470,27525,4529,27525,766,74
1644,3470,27526,4529,27526,766,74
1644,3470,27527,4529,27527,766,74
1644,3470,27528,4529,27528,766,74
1644,3470,27529,4529,27529,766,74
1644,3470,27530,4529,27530,766,74
1644,3470,27531,4529,27531,766,74
1644,3470,27532,4529,27532,766,74
1644,3470,27533,4529,27533,766,74
1644,3470,27534,4529,27534,766,74
1644,3470,27535,4529,27535,766,74
1644,3470,27536,4529,27536,766,74
1643,3470,27537,4529,27537,766,74
1643,3470,27538,4529,27538,766,74
1643,3470,27539,4529,27539,766,74
1644,3470,27540,4529,27540,766,74
1644,3470,27541,4529,27541,766,74
1644,3470,27542,4529,27542,766,74
1644,3470,27543,4529,27543,766,74
1644,3470,27544,4529,27544,766,74
1644,3470,27545,4529,27545,766,74
1644,3470,27546,4529,27546,766,74
1644,3470,27547,4529,27547,766,74
1644,3470,27548,4529,27548,766,74
1644,3470,27549,4529,27549,766,74
1644,3470,27550,4529,27550,766,74
1644,3470,27551,4529,27551,766,74
1644,3470,27552,4529,27552,766,74
1644,3470,27553,4529,27553,766,74
1644,3470,27554,4529,27554,766,74
1644,3470,27555,4529,27555,766,74
1644,3470,27556,4529,27556,766,74
1644,3470,27557,4529,27557,766,74
1644,3470,27558,4529,27558,766,74
1644,3470,27559,4529,27559,766,74
1644,3470,27560,4529,27560,766,74
1644,3470,27561,4529,27561,766,74
1644,3470,27562,4529,27562,766,74
1644,3470,27563,4529,27563,766,74
1644,3470,27564,4529,27564,766,74
1644,3470,27565,4529,27565,766,74
1644,3470,27566,4529,27566,766,74
1644,3470,27567,4529,27567,766,74
1645,3470,27568,4529,27568,766,74
1645,3470,27569,4529,27569,766,74
1645,3470,27570,4529,27570,766,74
1645,3470,27571,4529,27571,766,74
1645,3470,27572,4529,27572,766,74
1645,3470,27573,4529,27573,766,74
1645,3470,27574,4529,27574,766,74
1645,3470,27575,4529,27575,766,74
1645,3470,27576,4529,27576,766,74
1645,3470,27577,4529,27577,766,74
1645,3470,27578,4529,27578,766,74
1645,3470,27579,4529,27579,766,74
1645,3470,27580,4529,27580,766,74
1645,3470,27581,4529,27581,766,74
1645,3470,27582,4529,27582,766,74
1645,3470,27583,4529,27583,766,74
1645,3470,27584,4529,27584,766,74
1645,3470,27585,4529,27585,766,74
1645,3470,27586,4529,27586,766,74
1645,3470,27587,4529,27587,766,74
1645,3470,27588,4529,27588,766,74
1645,3470,27589,4529,27589,766,74
1645,3470,27590,4529,27590,766,74
1645,3470,27591,4529,27591,766,74
1645,3470,27592,4529,27592,766,74
1645,3470,27593,4529,27593,766,74
1645,3470,27594,4529,27594,766,74
1645,3470,27595,4529,27595,766,74
1645,3470,27596,4529,27596,766,74
1645,3470,27597,4529,27597,766,74
1645,3470,27598,4529,27598,766,74
1645,3470,27599,4529,27599,766,74
1645,3470,27600,4529,27600,766,74
1645,3470,27601,4529,27601,766,74
1645,3470,27602,4529,27602,766,74
1645,3470,27603,4529,27603,766,74
1645,3470,27604,4529,27604,766,74
1645,3470,27605,4529,27605,766,74
1645,3470,27606,4529,27606,766,74
1645,3470,27607,4529,27607,766,74
1645,3470,27608,4529,27608,766,74
1645,3470,27609,4529,27609,766,74
1645,3470,27610,4529,27610,766,74
1645,3470,27611,4529,27611,766,74
1645,3470,27612,4529,27612,766,74
1645,3470,27613,4529,27613,766,74
1645,3470,27614,4529,27614,766,74
1645,3470,27615,4529,27615,766,74
1645,3470,27616,4529,27616,766,74
1645,3470,27617,4529,27617,766,74
1645,3470,27618,4529,27618,766,74
1645,3470,27619,4529,27619,766,74
1645,3470,27620,4529,27620,766,74
1645,3470,27621,4529,27621,766,74
1645,3470,27622,4529,27622,766,74
1645,3470,27623,4529,27623,766,74
1644,3470,27624,4529,27624,766,74
1644,3470,27625,4529,27625,766,74
1644,3470,27626,4529,27626,766,74
1643,3470,27627,4529,27627,766,74
1643,3470,27628,4529,27628,766,74
1643,3470,27629,4529,27629,766,74
1644,3470,27630,4529,27630,766,74
1644,3470,27631,4529,27631,766,74
1644,3470,27632,4529,27632,766,74
1644,3470,27633,4529,27633,766,74
1644,3470,27634,4529,27634,766,74
1644,3470,27635,4529,27635,766,74
1644,3470,27636,4529,27636,766,74
1644,3470,27637,4529,27637,766,74
1644,3470,27638,4529,27638,766,74
1644,3470,27639,4529,27639,766,74
1644,3470,27640,4529,27640,766,74
1644,3470,27641,4529,27641,766,74
1644,3470,27642,4529,27642,766,74
1644,3470,27643,4529,27643,766,74
1644,3470,27644,4529,27644,766,74
1644,3470,27645,4529,27645,766,74
1644,3470,27646,4529,27646,766,74
1644,3470,27647,4529,27647,766,74
1644,3470,27648,4529,27648,766,74
1643,3470,27649,4529,27649,766,74
1643,3470,27650,4529,27650,766,74
1642,3470,27651,4529,27651,766,74
1642,3470,27652,4529,27652,766,74
1642,3470,27653,4529,27653,766,74
1642,3470,27654,4529,27654,766,74
1642,3470,27655,4529,27655,766,74
1642,3470,27656,4529,27656,766,74
1642,3470,27657,4529,27657,766,74
1642,3470,27658,4529,27658,766,74
1642,3470,27659,4529,27659,766,74
1642,3470,27660,4529,27660,766,74
1642,3470,27661,4529,27661,766,74
1642,3470,27662,4529,27662,766,74
1642,3470,27663,4529,27663,766,74
1642,3470,27664,4529,27664,766,74
1642,3470,27665,4529,27665,766,74
1642,3470,27666,4529,27666,766,74
1642,3470,27667,4529,27667,766,74
1642,3470,27668,4529,27668,766,74
1642,3470,27669,4529,27669,766,74
1642,3470,27670,4529,27670,766,74
1642,3470,27671,4529,27671,766,74
1642,3470,27672,4529,27672,766,74
1642,3470,27673,4529,27673,766,74
1642,3470,27674,4529,27674,766,74
1642,3470,27675,4529,27675,766,74
1642,3470,27676,4529,27676,766,74
1642,3470,27677,4529,27677,766,74
1642,3470,27678,4529,27678,766,74
1642,3470,27679,4529,27679,766,74
1642,3470,27680,4529,27680,766,74
1642,3470,27681,4529,27681,766,74
1642,3470,27682,4529,27682,766,74
1642,3470,27683,4529,27683,766,74
1642,3470,27684,4529,27684,766,74
1642,3470,27685,4529,27685,766,74
1642,3470,27686,4529,27686,766,74
1642,3470,27687,4529,27687,766,74
1642,3470,27688,4529,27688,766,74
1642,3470,27689,4529,27689,766,74
1642,3470,27690,4529,27690,766,74
1642,3470,27691,4529,27691,766,74
1642,3470,27692,4529,27692,766,74
1642,3470,27693,4529,27693,766,74
1642,3470,27694,4529,27694,766,74
1642,3470,27695,4529,27695,766,74
1642,3470,27696,4529,27696,766,74
1642,3470,27697,4529,27697,766,74
1642,3470,27698,4529,27698,766,74
1642,3470,27699,4529,27699,766,74
1642,3470,27700,4529,27700,766,74
1642,3470,27701,4529,27701,766,74
1642,3470,27702,4529,27702,766,74
1641,3470,27703,4529,27703,766,74
1641,3470,27704,4529,27704,766,74
1641,3470,27705,4529,27705,766,74
1641,3470,27706,4529,27706,766,74
1642,3470,27707,4529,27707,766,74
1642,3470,27708,4529,27708,766,74
1642,3470,27709,4529,27709,766,74
1642,3470,27710,4529,27710,766,74
1642,3470,27711,4529,27711,766,74
1642,3470,27712,4529,27712,766,74
1642,3470,27713,4529,27713,766,74
1642,3470,27714,4529,27714,766,74
1642,3470,27715,4529,27715,766,74
1642,3470,27716,4529,27716,766,74
1642,3470,27717,4529,27717,766,74
1642,3470,27718,4529,27718,766,74
1642,3470,27719,4529,27719,766,74
1642,3470,27720,4529,27720,766,74
1642,3470,27721,4529,27721,766,74
1642,3470,27722,4529,27722,766,74
1642,3470,27723,4529,27723,766,74
1642,3470,27724,4529,27724,766,74
1642,3470,27725,4529,27725,766,74
1643,3470,27726,4529,27726,766,74
1643,3470,27727,4529,27727,766,74
1643,3470,27728,4529,27728,766,74
1643,3470,27729,4529,27729,766,74
1643,3470,27730,4529,27730,766,74
1643,3470,27731,4529,27731,766,74
1643,3470,27732,4529,27732,766,74
1643,3470,27733,4529,27733,766,74
1643,3470,27734,4529,27734,766,74
1643,3470,27735,4529,27735,766,74
1643,3470,27736,4529,27736,766,74
1644,3470,27737,4529,27737,766,74
1644,3470,27738,4529,27738,766,74
1643,3470,27739,4529,27739,766,74
1644,3470,27740,4529,27740,766,74
1644,3470,27741,4529,27741,766,74
1644,3470,27742,4529,27742,766,74
1644,3470,27743,4529,27743,766,74
1644,3470,27744,4529,27744,766,74
1644,3470,27745,4529,27745,766,74
1644,3470,27746,4529,27746,766,74
1644,3470,27747,4529,27747,766,74
1644,3470,27748,4529,27748,766,74
1644,3470,27749,4529,27749,766,74
1644,3470,27750,4529,27750,766,74
1644,3470,27751,4529,27751,766,74
1644,3470,27752,4529,27752,766,74
1643,3470,27753,4529,27753,766,74
1643,3470,27754,4529,27754,766,74
1643,3470,27755,4529,27755,766,74
1643,3470,27756,4529,27756,766,74
1643,3470,27757,4529,27757,766,74
1643,3470,27758,4529,27758,766,74
1643,3470,27759,4529,27759,766,74
1643,3470,27760,4529,27760,766,74
1643,3470,27761,4529,27761,766,74
1643,3470,27762,4529,27762,766,74
1643,3470,27763,4529,27763,766,74
1643,3470,27764,4529,27764,766,74
1643,3470,27765,4529,27765,766,74
1643,3470,27766,4529,27766,766,74
1643,3470,27767,4529,27767,766,74
1643,3470,27768,4529,27768,766,74
1643,3470,27769,4529,27769,766,74
1643,3470,27770,4529,27770,766,74
1643,3470,27771,4529,27771,766,74
1642,3470,27772,4529,27772,766,73
1642,3470,27773,4529,27773,766,73
1642,3470,27774,4529,27774,766,73
1642,3470,27775,4529,27775,766,73
1642,3470,27776,4529,27776,766,73
1643,3470,27777,4529,27777,766,73
1643,3470,27778,4529,27778,766,73
1643,3470,27779,4529,27779,766,73
1643,3470,27780,4529,27780,766,73
1643,3470,27781,4529,27781,766,73
1643,3470,27782,4529,27782,766,73
1643,3470,27783,4529,27783,766,73
1643,3470,27784,4529,27784,766,73
1643,3470,27785,4529,27785,766,73
1643,3470,27786,4529,27786,766,73
1643,3470,27787,4529,27787,766,73
1642,3470,27788,4529,27788,766,73
1642,3470,27789,4529,27789,766,73
1642,3470,27790,4529,27790,766,73
1642,3470,27791,4529,27791,766,73
1642,3470,27792,4529,27792,766,73
1642,3470,27793,4529,27793,766,73
1643,3470,27794,4529,27794,766,73
1643,3470,27795,4529,27795,766,73
1643,3470,27796,4529,27796,766,73
1643,3470,27797,4529,27797,766,73
1643,3470,27798,4529,27798,766,73
1643,3470,27799,4529,27799,766,73
1643,3470,27800,4529,27800,766,73
1643,3470,27801,4529,27801,766,73
1643,3470,27802,4529,27802,766,73
1643,3470,27803,4529,27803,766,73
1643,3470,27804,4529,27804,766,73
1643,3470,27805,4529,27805,766,73
1643,3470,27806,4529,27806,766,73
1643,3470,27807,4529,27807,766,73
1643,3470,27808,4529,27808,766,73
1643,3470,27809,4529,27809,766,73
1643,3470,27810,4529,27810,766,73
1642,3470,27811,4529,27811,766,73
1642,3470,27812,4529,27812,766,73
1642,3470,27813,4529,27813,766,73
1642,3470,27814,4529,27814,766,73
1642,3470,27815,4529,27815,766,73
1642,3470,27816,4529,27816,766,73
1642,3470,27817,4529,27817,766,73
1642,3470,27818,4529,27818,766,73
1642,3470,27819,4529,27819,766,73
1642,3470,27820,4529,27820,766,73
1642,3470,27821,4529,27821,766,73
1642,3470,27822,4529,27822,766,73
1642,3470,27823,4529,27823,766,73
1642,3470,27824,4529,27824,766,73
1642,3470,27825,4529,27825,766,73
1642,3470,27826,4529,27826,766,73
1642,3470,27827,4529,27827,766,73
1642,3470,27828,4529,27828,766,73
1642,3470,27829,4529,27829,766,73
1642,3470,27830,4529,27830,766,73
1642,3470,27831,4529,27831,766,73
1642,3470,27832,4529,27832,766,73
1642,3470,27833,4529,27833,766,73
1642,3470,27834,4529,27834,766,73
1642,3470,27835,4529,27835,766,73
1642,3470,27836,4529,27836,766,73
1642,3470,27837,4529,27837,766,73
1642,3470,27838,4529,27838,766,73
1642,3470,27839,4529,27839,766,73
1641,3470,27840,4529,27840,766,73
1641,3470,27841,4529,27841,766,73
1641,3470,27842,4529,27842,766,73
1641,3470,27843,4529,27843,766,73
1641,3470,27844,4529,27844,766,73
1641,3470,27845,4529,27845,766,73
1641,3470,27846,4529,27846,766,73
1642,3470,27847,4529,27847,766,73
1642,3470,27848,4529,27848,766,73
1642,3470,27849,4529,27849,766,73
1642,3470,27850,4529,27850,766,73
1642,3470,27851,4529,27851,766,73
1642,3470,27852,4529,27852,766,73
1642,3470,27853,4529,27853,766,73
1642,3470,27854,4529,27854,766,73
1642,3470,27855,4529,27855,766,73
1642,3470,27856,4529,27856,766,73
1642,3470,27857,4529,27857,766,73
1642,3470,27858,4529,27858,766,73
1642,3470,27859,4529,27859,766,73
1642,3470,27860,4529,27860,766,73
1642,3470,27861,4529,27861,766,73
1642,3470,27862,4529,27862,766,73
1642,3470,27863,4529,27863,766,73
1642,3470,27864,4529,27864,766,73
1642,3470,27865,4529,27865,766,73
1642,3470,27866,4529,27866,766,73
1642,3470,27867,4529,27867,766,73
1642,3470,27868,4529,27868,766,73
1642,3470,27869,4529,27869,766,73
1642,3470,27870,4529,27870,766,73
1642,3470,27871,4529,27871,766,73
1642,3470,27872,4529,27872,766,73
1642,3470,27873,4529,27873,766,73
1642,3470,27874,4529,27874,766,73
1642,3470,27875,4529,27875,766,73
1642,3470,27876,4529,27876,766,73
1642,3470,27877,4529,27877,766,73
1642,3470,27878,4529,27878,766,73
1642,3470,27879,4529,27879,766,73
1642,3470,27880,4529,27880,766,73
1642,3470,27881,4529,27881,766,73
1641,3470,27882,4529,27882,766,73
1641,3470,27883,4529,27883,766,73
1641,3470,27884,4529,27884,766,73
1641,3470,27885,4529,27885,766,73
1641,3470,27886,4529,27886,766,73
1641,3470,27887,4529,27887,766,73
1641,3470,27888,4529,27888,766,73
1641,3470,27889,4529,27889,766,73
1641,3470,27890,4529,27890,766,73
1641,3470,27891,4529,27891,766,73
1641,3470,27892,4529,27892,766,73
1641,3470,27893,4529,27893,766,73
1641,3470,27894,4529,27894,766,73
1641,3470,27895,4529,27895,766,73
1641,3470,27896,4529,27896,766,73
1641,3470,27897,4529,27897,766,73
1641,3470,27898,4529,27898,766,73
1641,3470,27899,4529,27899,766,73
1641,3470,27900,4529,27900,766,73
1641,3470,27901,4529,27901,766,73
1641,3470,27902,4529,27902,766,73
1640,3470,27903,4529,27903,766,73
1640,3470,27904,4529,27904,766,73
1640,3470,27905,4529,27905,766,73
1640,3470,27906,4529,27906,766,73
1640,3470,27907,4529,27907,766,73
1640,3470,27908,4529,27908,766,73
1640,3470,27909,4529,27909,766,73
1640,3470,27910,4529,27910,766,73
1640,3470,27911,4529,27911,766,73
1640,3470,27912,4529,27912,766,73
1640,3470,27913,4529,27913,766,73
1640,3470,27914,4529,27914,766,73
1640,3470,27915,4529,27915,766,73
1640,3470,27916,4529,27916,766,73
1640,3470,27917,4529,27917,766,73
1640,3470,27918,4529,27918,766,73
1640,3470,27919,4529,27919,766,73
1640,3470,27920,4529,27920,766,73
1640,3470,27921,4529,27921,766,73
1640,3470,27922,4529,27922,766,73
1640,3470,27923,4529,27923,766,73
1640,3470,27924,4529,27924,766,73
1640,3470,27925,4529,27925,766,73
1640,3470,27926,4529,27926,766,73
1640,3470,27927,4529,27927,766,73
1640,3470,27928,4529,27928,766,73
1640,3470,27929,4529,27929,766,73
1640,3470,27930,4529,27930,766,73
1640,3470,27931,4529,27931,766,73
1640,3470,27932,4529,27932,766,73
1640,3470,27933,4529,27933,766,73
1640,3470,27934,4529,27934,766,73
1640,3470,27935,4529,27935,766,73
1640,3470,27936,4529,27936,766,73
1640,3470,27937,4529,27937,766,73
1640,3470,27938,4529,27938,766,73
1640,3470,27939,4529,27939,766,73
1640,3470,27940,4529,27940,766,73
1640,3470,27941,4529,27941,766,73
1641,3470,27942,4529,27942,766,73
1641,3470,27943,4529,27943,766,73
1641,3470,27944,4529,27944,766,73
1641,3470,27945,4529,27945,766,73
1641,3470,27946,4529,27946,766,73
1641,3470,27947,4529,27947,766,73
1641,3470,27948,4529,27948,766,73
1641,3470,27949,4529,27949,766,73
1641,3470,27950,4529,27950,766,73
1640,3470,27951,4529,27951,766,73
1640,3470,27952,4529,27952,766,73
1640,3470,27953,4529,27953,766,73
1640,3470,27954,4529,27954,766,73
1640,3470,27955,4529,27955,766,73
1640,3470,27956,4529,27956,766,73
1640,3470,27957,4529,27957,766,73
1640,3470,27958,4529,27958,766,73
1640,3470,27959,4529,27959,766,73
1640,3470,27960,4529,27960,766,73
1640,3470,27961,4529,27961,766,73
1640,3470,27962,4529,27962,766,73
1640,3470,27963,4529,27963,766,73
1640,3470,27964,4529,27964,766,73
1640,3470,27965,4529,27965,766,73
1641,3470,27966,4529,27966,766,73
1641,3470,27967,4529,27967,766,73
1641,3470,27968,4529,27968,766,73
1641,3470,27969,4529,27969,766,73
1641,3470,27970,4529,27970,766,73
1641,3470,27971,4529,27971,766,73
1641,3470,27972,4529,27972,766,73
1641,3470,27973,4529,27973,766,73
1641,3470,27974,4529,27974,766,73
1641,3470,27975,4529,27975,766,73
1641,3470,27976,4529,27976,766,73
1641,3470,27977,4529,27977,766,73
1641,3470,27978,4529,27978,766,73
1641,3470,27979,4529,27979,766,73
1641,3470,27980,4529,27980,766,73
1641,3470,27981,4529,27981,766,73
1641,3470,27982,4529,27982,766,73
1641,3470,27983,4529,27983,766,73
1641,3470,27984,4529,27984,766,73
1641,3470,27985,4529,27985,766,73
1641,3470,27986,4529,27986,766,73
1641,3470,27987,4529,27987,766,73
1641,3470,27988,4529,27988,766,73
1641,3470,27989,4529,27989,766,73
1641,3470,27990,4529,27990,766,73
1641,3470,27991,4529,27991,766,73
1641,3470,27992,4529,27992,766,73
1641,3470,27993,4529,27993,766,73
1641,3470,27994,4529,27994,766,73
1641,3470,27995,4529,27995,766,73
1641,3470,27996,4529,27996,766,73
1641,3470,27997,4529,27997,766,73
1641,3470,27998,4529,27998,766,73
1641,3470,27999,4529,27999,766,73
1641,3470,28000,4529,28000,766,73
1641,3470,28001,4529,28001,766,73
1641,3470,28002,4529,28002,766,73
1642,3470,28003,4529,28003,766,73
1642,3470,28004,4529,28004,766,73
1642,3470,28005,4529,28005,766,73
1642,3470,28006,4529,28006,766,73
1642,3470,28007,4529,28007,766,73
1642,3470,28008,4529,28008,766,73
1642,3470,28009,4529,28009,766,73
1642,3470,28010,4529,28010,766,73
1642,3470,28011,4529,28011,766,73
1642,3470,28012,4529,28012,766,73
1642,3470,28013,4529,28013,766,73
1642,3470,28014,4529,28014,766,73
1642,3470,28015,4529,28015,766,73
1642,3470,28016,4529,28016,766,73
1642,3470,28017,4529,28017,766,73
1642,3470,28018,4529,28018,766,73
1642,3470,28019,4529,28019,766,73
1642,3470,28020,4529,28020,766,73
1642,3470,28021,4529,28021,766,73
1642,3470,28022,4529,28022,766,73
1642,3470,28023,4529,28023,766,73
1642,3470,28024,4529,28024,766,73
1642,3470,28025,4529,28025,766,73
1642,3470,28026,4529,28026,766,73
1642,3470,28027,4529,28027,766,73
1642,3470,28028,4529,28028,766,73
1642,3470,28029,4529,28029,766,73
1642,3470,28030,4529,28030,766,73
1642,3470,28031,4529,28031,766,73
1643,3470,28032,4529,28032,766,73
1643,3470,28033,4529,28033,766,73
1643,3470,28034,4529,28034,766,73
1643,3470,28035,4529,28035,766,73
1643,3470,28036,4529,28036,766,73
1643,3470,28037,4529,28037,766,73
1643,3470,28038,4529,28038,766,73
1643,3470,28039,4529,28039,766,73
1643,3470,28040,4529,28040,766,73
1643,3470,28041,4529,28041,766,73
1643,3470,28042,4529,28042,766,73
1643,3470,28043,4529,28043,766,73
1643,3470,28044,4529,28044,766,73
1643,3470,28045,4529,28045,766,73
1643,3470,28046,4529,28046,766,73
1643,3470,28047,4529,28047,766,73
1643,3470,28048,4529,28048,766,73
1643,3470,28049,4529,28049,766,73
1643,3470,28050,4529,28050,766,73
1643,3470,28051,4529,28051,766,73
1643,3470,28052,4529,28052,766,73
1643,3470,28053,4529,28053,766,73
1642,3470,28054,4529,28054,766,73
1642,3470,28055,4529,28055,766,73
1642,3470,28056,4529,28056,766,73
1642,3470,28057,4529,28057,766,73
1642,3470,28058,4529,28058,766,73
1642,3470,28059,4529,28059,766,73
1642,3470,28060,4529,28060,766,73
1642,3470,28061,4529,28061,766,73
1642,3470,28062,4529,28062,766,73
1642,3470,28063,4529,28063,766,73
1642,3470,28064,4529,28064,766,73
1642,3470,28065,4529,28065,766,73
1642,3470,28066,4529,28066,766,73
1642,3470,28067,4529,28067,766,73
1641,3470,28068,4529,28068,766,73
1641,3470,28069,4529,28069,766,73
1641,3470,28070,4529,28070,766,73
1641,3470,28071,4529,28071,766,73
1641,3470,28072,4529,28072,766,73
1641,3470,28073,4529,28073,766,73
1641,3470,28074,4529,28074,766,73
1641,3470,28075,4529,28075,766,73
1641,3470,28076,4529,28076,766,73
1641,3470,28077,4529,28077,766,73
1641,3470,28078,4529,28078,766,73
1641,3470,28079,4529,28079,766,73
1641,3470,28080,4529,28080,766,73
1641,3470,28081,4529,28081,766,73
1641,3470,28082,4529,28082,766,73
1641,3470,28083,4529,28083,766,73
1641,3470,28084,4529,28084,766,73
1640,3470,28085,4529,28085,766,73
1640,3470,28086,4529,28086,766,73
1640,3470,28087,4529,28087,766,73
1640,3470,28088,4529,28088,766,73
1640,3470,28089,4529,28089,766,73
1640,3470,28090,4529,28090,766,73
1639,3470,28091,4529,28091,766,73
1639,3470,28092,4529,28092,766,73
1639,3470,28093,4529,28093,766,73
1639,3470,28094,4529,28094,766,73
1639,3470,28095,4529,28095,766,73
1639,3470,28096,4529,28096,766,73
1639,3470,28097,4529,28097,766,73
1639,3470,28098,4529,28098,766,73
1639,3470,28099,4529,28099,766,73
1639,3470,28100,4529,28100,766,73
1639,3470,28101,4529,28101,766,73
1639,3470,28102,4529,28102,766,73
1639,3470,28103,4529,28103,766,73
1639,3470,28104,4529,28104,766,73
1639,3470,28105,4529,28105,766,73
1639,3470,28106,4529,28106,766,73
1639,3470,28107,4529,28107,766,73
1639,3470,28108,4529,28108,766,73
1639,3470,28109,4529,28109,766,73
1639,3470,28110,4529,28110,766,73
1638,3470,28111,4529,28111,766,72
1638,3470,28112,4529,28112,766,72
1638,3470,28113,4529,28113,766,72
1638,3470,28114,4529,28114,766,72
1638,3470,28115,4529,28115,766,72
1638,3470,28116,4529,28116,766,72
1638,3470,28117,4529,28117,766,72
1638,3470,28118,4529,28118,766,72
1638,3470,28119,4529,28119,766,72
1638,3470,28120,4529,28120,766,72
1639,3470,28121,4529,28121,766,72
1639,3470,28122,4529,28122,766,72
1639,3470,28123,4529,28123,766,72
1639,3470,28124,4529,28124,766,72
1639,3470,28125,4529,28125,766,72
1639,3470,28126,4529,28126,766,72
1639,3470,28127,4529,28127,766,72
1639,3470,28128,4529,28128,766,72
1639,3470,28129,4529,28129,766,72
1639,3470,28130,4529,28130,766,72
1639,3470,28131,4529,28131,766,72
1639,3470,28132,4529,28132,766,72
1639,3470,28133,4529,28133,766,72
1639,3470,28134,4529,28134,766,72
1639,3470,28135,4529,28135,766,72
1639,3470,28136,4529,28136,766,72
1639,3470,28137,4529,28137,766,72
1639,3470,28138,4529,28138,766,72
1639,3470,28139,4529,28139,766,72
1639,3470,28140,4529,28140,766,72
1639,3470,28141,4529,28141,766,72
1639,3470,28142,4529,28142,766,72
1639,3470,28143,4529,28143,766,72
1639,3470,28144,4529,28144,766,72
1639,3470,28145,4529,28145,766,72
1639,3470,28146,4529,28146,766,72
1639,3470,28147,4529,28147,766,72
1639,3470,28148,4529,28148,766,72
1639,3470,28149,4529,28149,766,72
1639,3470,28150,4529,28150,766,72
1639,3470,28151,4529,28151,766,72
1639,3470,28152,4529,28152,766,72
1639,3470,28153,4529,28153,766,72
1639,3470,28154,4529,28154,766,72
1639,3470,28155,4529,28155,766,72
1639,3470,28156,4529,28156,766,72
1639,3470,28157,4529,28157,766,72
1639,3470,28158,4529,28158,766,72
1639,3470,28159,4529,28159,766,72
1639,3470,28160,4529,28160,766,72
1639,3470,28161,4529,28161,766,72
1639,3470,28162,4529,28162,766,72
1639,3470,28163,4529,28163,766,72
1639,3470,28164,4529,28164,766,72
1639,3470,28165,4529,28165,766,72
1640,3470,28166,4529,28166,766,72
1640,3470,28167,4529,28167,766,72
1640,3470,28168,4529,28168,766,72
1640,3470,28169,4529,28169,766,72
1640,3470,28170,4529,28170,766,72
1640,3470,28171,4529,28171,766,72
1640,3470,28172,4529,28172,766,72
1640,3470,28173,4529,28173,766,72
1640,3470,28174,4529,28174,766,72
1640,3470,28175,4529,28175,766,72
1640,3470,28176,4529,28176,766,72
1640,3470,28177,4529,28177,766,72
1640,3470,28178,4529,28178,766,72
1640,3470,28179,4529,28179,766,72
1640,3470,28180,4529,28180,766,72
1640,3470,28181,4529,28181,766,72
1640,3470,28182,4529,28182,766,72
1640,3470,28183,4529,28183,766,72
1640,3470,28184,4529,28184,766,72
1640,3470,28185,4529,28185,766,72
1640,3470,28186,4529,28186,766,72
1640,3470,28187,4529,28187,766,72
1641,3470,28188,4529,28188,766,72
1641,3470,28189,4529,28189,766,72
1641,3470,28190,4529,28190,766,72
1641,3470,28191,4529,28191,766,72
1640,3470,28192,4529,28192,766,72
1640,3470,28193,4529,28193,766,72
1640,3470,28194,4529,28194,766,72
1640,3470,28195,4529,28195,766,72
1640,3470,28196,4529,28196,766,72
1640,3470,28197,4529,28197,766,72
1640,3470,28198,4529,28198,766,72
1640,3470,28199,4529,28199,766,72
1640,3470,28200,4529,28200,766,72
1640,3470,28201,4529,28201,766,72
1640,3470,28202,4529,28202,766,72
1640,3470,28203,4529,28203,766,72
1640,3470,28204,4529,28204,766,72
1640,3470,28205,4529,28205,766,72
1639,3470,28206,4529,28206,766,72
1639,3470,28207,4529,28207,766,72
1639,3470,28208,4529,28208,766,72
1639,3470,28209,4529,28209,766,72
1639,3470,28210,4529,28210,766,72
1639,3470,28211,4529,28211,766,72
1639,3470,28212,4529,28212,766,72
1639,3470,28213,4529,28213,766,72
1639,3470,28214,4529,28214,766,72
1639,3470,28215,4529,28215,766,72
1639,3470,28216,4529,28216,766,72
1639,3470,28217,4529,28217,766,72
1639,3470,28218,4529,28218,766,72
1639,3470,28219,4529,28219,766,72
1639,3470,28220,4529,28220,766,72
1639,3470,28221,4529,28221,766,72
1639,3470,28222,4529,28222,766,72
1639,3470,28223,4529,28223,766,72
1639,3470,28224,4529,28224,766,72
1639,3470,28225,4529,28225,766,72
1640,3470,28226,4529,28226,766,72
1640,3470,28227,4529,28227,766,72
1640,3470,28228,4529,28228,766,72
1640,3470,28229,4529,28229,766,72
1640,3470,28230,4529,28230,766,72
1640,3470,28231,4529,28231,766,72
1640,3470,28232,4529,28232,766,72
1640,3470,28233,4529,28233,766,72
1640,3470,28234,4529,28234,766,72
1640,3470,28235,4529,28235,766,72
1640,3470,28236,4529,28236,766,72
1640,3470,28237,4529,28237,766,72
1640,3470,28238,4529,28238,766,72
1640,3470,28239,4529,28239,766,72
1640,3470,28240,4529,28240,766,72
1640,3470,28241,4529,28241,766,72
1640,3470,28242,4529,28242,766,72
1640,3470,28243,4529,28243,766,72
1640,3470,28244,4529,28244,766,72
1640,3470,28245,4529,28245,766,72
1640,3470,28246,4529,28246,766,72
1640,3470,28247,4529,28247,766,72
1640,3470,28248,4529,28248,766,72
1640,3470,28249,4529,28249,766,72
1640,3470,28250,4529,28250,766,72
1640,3470,28251,4529,28251,766,72
1640,3470,28252,4529,28252,766,72
1640,3470,28253,4529,28253,766,72
1640,3470,28254,4529,28254,766,72
1640,3470,28255,4529,28255,766,72
1640,3470,28256,4529,28256,766,72
1640,3470,28257,4529,28257,766,72
1640,3470,28258,4529,28258,766,72
1640,3470,28259,4529,28259,766,72
1640,3470,28260,4529,28260,766,72
1640,3470,28261,4529,28261,766,72
1640,3470,28262,4529,28262,766,72
1640,3470,28263,4529,28263,766,72
1640,3470,28264,4529,28264,766,72
1640,3470,28265,4529,28265,766,72
1639,3470,28266,4529,28266,766,72
1639,3470,28267,4529,28267,766,72
1639,3470,28268,4529,28268,766,72
1639,3470,28269,4529,28269,766,72
1639,3470,28270,4529,28270,766,72
1639,3470,28271,4529,28271,766,72
1639,3470,28272,4529,28272,766,72
1639,3470,28273,4529,28273,766,72
1639,3470,28274,4529,28274,766,72
1639,3470,28275,4529,28275,766,72
1639,3470,28276,4529,28276,766,72
1639,3470,28277,4529,28277,766,72
1639,3470,28278,4529,28278,766,72
1639,3470,28279,4529,28279,766,72
1639,3470,28280,4529,28280,766,72
1639,3470,28281,4529,28281,766,72
1639,3470,28282,4529,28282,766,72
1639,3470,28283,4529,28283,766,72
1639,3470,28284,4529,28284,766,72
1639,3470,28285,4529,28285,766,72
1639,3470,28286,4529,28286,766,72
1639,3470,28287,4529,28287,766,72
1639,3470,28288,4529,28288,766,72
1639,3470,28289,4529,28289,766,72
1639,3470,28290,4529,28290,766,72
1639,3470,28291,4529,28291,766,72
1639,3470,28292,4529,28292,766,72
1639,3470,28293,4529,28293,766,72
1639,3470,28294,4529,28294,766,72
1639,3470,28295,4529,28295,766,72
1640,3470,28296,4529,28296,766,72
1640,3470,28297,4529,28297,766,72
1640,3470,28298,4529,28298,766,72
1640,3470,28299,4529,28299,766,72
1639,3470,28300,4529,28300,766,72
1639,3470,28301,4529,28301,766,72
1639,3470,28302,4529,28302,766,72
1639,3470,28303,4529,28303,766,72
1639,3470,28304,4529,28304,766,72
1639,3470,28305,4529,28305,766,72
1639,3470,28306,4529,28306,766,72
1639,3470,28307,4529,28307,766,72
1639,3470,28308,4529,28308,766,72
1639,3470,28309,4529,28309,766,72
1639,3470,28310,4529,28310,766,72
1639,3470,28311,4529,28311,766,72
1639,3470,28312,4529,28312,766,72
1639,3470,28313,4529,28313,766,72
1639,3470,28314,4529,28314,766,72
1639,3470,28315,4529,28315,766,72
1639,3470,28316,4529,28316,766,72
1639,3470,28317,4529,28317,766,72
1639,3470,28318,4529,28318,766,72
1639,3470,28319,4529,28319,766,72
1640,3470,28320,4529,28320,766,72
1640,3470,28321,4529,28321,766,72
1640,3470,28322,4529,28322,766,72
1640,3470,28323,4529,28323,766,72
1640,3470,28324,4529,28324,766,72
1640,3470,28325,4529,28325,766,72
1640,3470,28326,4529,28326,766,72
1640,3470,28327,4529,28327,766,72
1640,3470,28328,4529,28328,766,72
1639,3470,28329,4529,28329,766,72
1639,3470,28330,4529,28330,766,72
1639,3470,28331,4529,28331,766,72
1639,3470,28332,4529,28332,766,72
1639,3470,28333,4529,28333,766,72
1639,3470,28334,4529,28334,766,72
1639,3470,28335,4529,28335,766,72
1639,3470,28336,4529,28336,766,72
1639,3470,28337,4529,28337,766,72
1639,3470,28338,4529,28338,766,72
1639,3470,28339,4529,28339,766,72
1639,3470,28340,4529,28340,766,72
1639,3470,28341,4529,28341,766,72
1639,3470,28342,4529,28342,766,72
1639,3470,28343,4529,28343,766,72
1639,3470,28344,4529,28344,766,72
1639,3470,28345,4529,28345,766,72
1639,3470,28346,4529,28346,766,72
1639,3470,28347,4529,28347,766,72
1639,3470,28348,4529,28348,766,72
1639,3470,28349,4529,28349,766,72
1639,3470,28350,4529,28350,766,72
1639,3470,28351,4529,28351,766,72
1639,3470,28352,4529,28352,766,72
1639,3470,28353,4529,28353,766,72
1639,3470,28354,4529,28354,766,72
1639,3470,28355,4529,28355,766,72
1639,3470,28356,4529,28356,766,72
1639,3470,28357,4529,28357,766,72
1639,3470,28358,4529,28358,766,72
1639,3470,28359,4529,28359,766,72
1639,3470,28360,4529,28360,766,72
1639,3470,28361,4529,28361,766,72
1639,3470,28362,4529,28362,766,72
1639,3470,28363,4529,28363,766,72
1639,3470,28364,4529,28364,766,72
1639,3470,28365,4529,28365,766,72
1639,3470,28366,4529,28366,766,72
1639,3470,28367,4529,28367,766,72
1639,3470,28368,4529,28368,766,72
1639,3470,28369,4529,28369,766,72
1639,3470,28370,4529,28370,766,72
1640,3470,28371,4529,28371,766,72
1640,3470,28372,4529,28372,766,72
1641,3470,28373,4529,28373,766,72
1641,3470,28374,4529,28374,766,72
1641,3470,28375,4529,28375,766,72
1641,3470,28376,4529,28376,766,72
1641,3470,28377,4529,28377,766,72
1641,3470,28378,4529,28378,766,72
1641,3470,28379,4529,28379,766,72
1641,3470,28380,4529,28380,766,72
1641,3470,28381,4529,28381,766,72
1641,3470,28382,4529,28382,766,72
1641,3470,28383,4529,28383,766,72
1641,3470,28384,4529,28384,766,72
1641,3470,28385,4529,28385,766,72
1641,3470,28386,4529,28386,766,72
1641,3470,28387,4529,28387,766,72
1641,3470,28388,4529,28388,766,72
1641,3470,28389,4529,28389,766,72
1641,3470,28390,4529,28390,766,72
1641,3470,28391,4529,28391,766,72
1641,3470,28392,4529,28392,766,72
1641,3470,28393,4529,28393,766,72
1641,3470,28394,4529,28394,766,72
1641,3470,28395,4529,28395,766,72
1641,3470,28396,4529,28396,766,72
1641,3470,28397,4529,28397,766,72
1641,3470,28398,4529,28398,766,72
1641,3470,28399,4529,28399,766,72
1641,3470,28400,4529,28400,766,72
1641,3470,28401,4529,28401,766,72
1641,3470,28402,4529,28402,766,72
1641,3470,28403,4529,28403,766,72
1641,3470,28404,4529,28404,766,72
1641,3470,28405,4529,28405,766,72
1641,3470,28406,4529,28406,766,72
1641,3470,28407,4529,28407,766,72
1641,3470,28408,4529,28408,766,72
1641,3470,28409,4529,28409,766,72
1641,3470,28410,4529,28410,766,72
1641,3470,28411,4529,28411,766,72
1641,3470,28412,4529,28412,766,72
1641,3470,28413,4529,28413,766,72
1641,3470,28414,4529,28414,766,72
1641,3470,28415,4529,28415,766,72
1641,3470,28416,4529,28416,766,72
1641,3470,28417,4529,28417,766,72
1641,3470,28418,4529,28418,766,72
1641,3470,28419,4529,28419,766,72
1641,3470,28420,4529,28420,766,72
1641,3470,28421,4529,28421,766,72
1641,3470,28422,4529,28422,766,72
1641,3470,28423,4529,28423,766,72
1641,3470,28424,4529,28424,766,72
1641,3470,28425,4529,28425,766,72
1641,3470,28426,4529,28426,766,72
1641,3470,28427,4529,28427,766,72
1641,3470,28428,4529,28428,766,72
1641,3470,28429,4529,28429,766,72
1641,3470,28430,4529,28430,766,72
1641,3470,28431,4529,28431,766,72
1641,3470,28432,4529,28432,766,72
1641,3470,28433,4529,28433,766,72
1641,3470,28434,4529,28434,766,72
1641,3470,28435,4529,28435,766,72
1641,3470,28436,4529,28436,766,72
1641,3470,28437,4529,28437,766,72
1641,3470,28438,4529,28438,766,72
1641,3470,28439,4529,28439,766,72
1641,3470,28440,4529,28440,766,72
1641,3470,28441,4529,28441,766,72
1641,3470,28442,4529,28442,766,72
1641,3470,28443,4529,28443,766,72
1641,3470,28444,4529,28444,766,72
1641,3470,28445,4529,28445,766,72
1641,3470,28446,4529,28446,766,72
1641,3470,28447,4529,28447,766,72
1641,3470,28448,4529,28448,766,72
1641,3470,28449,4529,28449,766,72
1641,3470,28450,4529,28450,766,72
1641,3470,28451,4529,28451,766,72
1641,3470,28452,4529,28452,766,72
1641,3470,28453,4529,28453,766,72
1641,3470,28454,4529,28454,766,72
1641,3470,28455,4529,28455,766,72
1641,3470,28456,4529,28456,766,72
1641,3470,28457,4529,28457,766,72
1641,3470,28458,4529,28458,766,72
1641,3470,28459,4529,28459,766,72
1641,3470,28460,4529,28460,766,72
1641,3470,28461,4529,28461,766,72
1641,3470,28462,4529,28462,766,72
1641,3470,28463,4529,28463,766,72
1641,3470,28464,4529,28464,766,72
1641,3470,28465,4529,28465,766,72
1641,3470,28466,4529,28466,766,72
1641,3470,28467,4529,28467,766,72
1641,3470,28468,4529,28468,766,72
1641,3470,28469,4529,28469,766,72
1641,3470,28470,4529,28470,766,72
1641,3470,28471,4529,28471,766,72
1641,3470,28472,4529,28472,766,72
1641,3470,28473,4529,28473,766,72
1641,3470,28474,4529,28474,766,72
1641,3470,28475,4529,28475,766,72
1641,3470,28476,4529,28476,766,72
1641,3470,28477,4529,28477,766,72
1641,3470,28478,4529,28478,766,72
1641,3470,28479,4529,28479,766,72
1641,3470,28480,4529,28480,766,72
1641,3470,28481,4529,28481,766,72
1641,3470,28482,4529,28482,766,72
1641,3470,28483,4529,28483,766,72
1641,3470,28484,4529,28484,766,72
1640,3470,28485,4529,28485,766,72
1640,3470,28486,4529,28486,766,72
1640,3470,28487,4529,28487,766,72
1640,3470,28488,4529,28488,766,72
1640,3470,28489,4529,28489,766,72
1640,3470,28490,4529,28490,766,72
1640,3470,28491,4529,28491,766,72
1639,3470,28492,4529,28492,766,72
1639,3470,28493,4529,28493,766,72
1639,3470,28494,4529,28494,766,72
1639,3470,28495,4529,28495,766,72
1639,3470,28496,4529,28496,766,72
1639,3470,28497,4529,28497,766,72
1639,3470,28498,4529,28498,766,72
1639,3470,28499,4529,28499,766,72
1639,3470,28500,4529,28500,766,72
1639,3470,28501,4529,28501,766,72
1639,3470,28502,4529,28502,766,72
1639,3470,28503,4529,28503,766,72
1638,3470,28504,4529,28504,766,72
1638,3470,28505,4529,28505,766,72
1638,3470,28506,4529,28506,766,72
1638,3470,28507,4529,28507,766,72
1638,3470,28508,4529,28508,766,72
1638,3470,28509,4529,28509,766,72
1638,3470,28510,4529,28510,766,72
1637,3470,28511,4529,28511,766,71
1637,3470,28512,4529,28512,766,71
1637,3470,28513,4529,28513,766,71
1637,3470,28514,4529,28514,766,71
1637,3470,28515,4529,28515,766,71
1637,3470,28516,4529,28516,766,71
1637,3470,28517,4529,28517,766,71
1637,3470,28518,4529,28518,766,71
1637,3470,28519,4529,28519,766,71
1637,3470,28520,4529,28520,766,71
1637,3470,28521,4529,28521,766,71
1637,3470,28522,4529,28522,766,71
1637,3470,28523,4529,28523,766,71
1637,3470,28524,4529,28524,766,71
1637,3470,28525,4529,28525,766,71
1637,3470,28526,4529,28526,766,71
1637,3470,28527,4529,28527,766,71
1637,3470,28528,4529,28528,766,71
1637,3470,28529,4529,28529,766,71
1637,3470,28530,4529,28530,766,71
1637,3470,28531,4529,28531,766,71
1637,3470,28532,4529,28532,766,71
1637,3470,28533,4529,28533,766,71
1637,3470,28534,4529,28534,766,71
1637,3470,28535,4529,28535,766,71
1637,3470,28536,4529,28536,766,71
1637,3470,28537,4529,28537,766,71
1637,3470,28538,4529,28538,766,71
1637,3470,28539,4529,28539,766,71
1637,3470,28540,4529,28540,766,71
1637,3470,28541,4529,28541,766,71
1637,3470,28542,4529,28542,766,71
1637,3470,28543,4529,28543,766,71
1637,3470,28544,4529,28544,766,71
1637,3470,28545,4529,28545,766,71
1637,3470,28546,4529,28546,766,71
1637,3470,28547,4529,28547,766,71
1637,3470,28548,4529,28548,766,71
1637,3470,28549,4529,28549,766,71
1637,3470,28550,4529,28550,766,71
1637,3470,28551,4529,28551,766,71
1637,3470,28552,4529,28552,766,71
1637,3470,28553,4529,28553,766,71
1637,3470,28554,4529,28554,766,71
1637,3470,28555,4529,28555,766,71
1637,3470,28556,4529,28556,766,71
1637,3470,28557,4529,28557,766,71
1637,3470,28558,4529,28558,766,71
1637,3470,28559,4529,28559,766,71
1637,3470,28560,4529,28560,766,71
1637,3470,28561,4529,28561,766,71
1637,3470,28562,4529,28562,766,71
1637,3470,28563,4529,28563,766,71
1637,3470,28564,4529,28564,766,71
1637,3470,28565,4529,28565,766,71
1636,3470,28566,4529,28566,766,71
1636,3470,28567,4529,28567,766,71
1636,3470,28568,4529,28568,766,71
1636,3470,28569,4529,28569,766,71
1636,3470,28570,4529,28570,766,71
1636,3470,28571,4529,28571,766,71
1636,3470,28572,4529,28572,766,71
1636,3470,28573,4529,28573,766,71
1636,3470,28574,4529,28574,766,71
1636,3470,28575,4529,28575,766,71
1636,3470,28576,4529,28576,766,71
1636,3470,28577,4529,28577,766,71
1636,3470,28578,4529,28578,766,71
1636,3470,28579,4529,28579,766,71
1636,3470,28580,4529,28580,766,71
1636,3470,28581,4529,28581,766,71
1636,3470,28582,4529,28582,766,71
1636,3470,28583,4529,28583,766,71
1636,3470,28584,4529,28584,766,71
1636,3470,28585,4529,28585,766,71
1636,3470,28586,4529,28586,766,71
1636,3470,28587,4529,28587,766,71
1636,3470,28588,4529,28588,766,71
1636,3470,28589,4529,28589,766,71
1636,3470,28590,4529,28590,766,71
1636,3470,28591,4529,28591,766,71
1636,3470,28592,4529,28592,766,71
1636,3470,28593,4529,28593,766,71
1636,3470,28594,4529,28594,766,71
1636,3470,28595,4529,28595,766,71
1636,3470,28596,4529,28596,766,71
1636,3470,28597,4529,28597,766,71
1636,3470,28598,4529,28598,766,71
1636,3470,28599,4529,28599,766,71
1636,3470,28600,4529,28600,766,71
1636,3470,28601,4529,28601,766,71
1636,3470,28602,4529,28602,766,71
1636,3470,28603,4529,28603,766,71
1636,3470,28604,4529,28604,766,71
1636,3470,28605,4529,28605,766,71
1636,3470,28606,4529,28606,766,71
1636,3470,28607,4529,28607,766,71
1636,3470,28608,4529,28608,766,71
1636,3470,28609,4529,28609,766,71
1636,3470,28610,4529,28610,766,71
1636,3470,28611,4529,28611,766,71
1636,3470,28612,4529,28612,766,71
1636,3470,28613,4529,28613,766,71
1636,3470,28614,4529,28614,766,71
1636,3470,28615,4529,28615,766,71
1636,3470,28616,4529,28616,766,71
1636,3470,28617,4529,28617,766,71
1636,3470,28618,4529,28618,766,71
1635,3470,28619,4529,28619,766,71
1635,3470,28620,4529,28620,766,71
1635,3470,28621,4529,28621,766,71
1635,3470,28622,4529,28622,766,71
1635,3470,28623,4529,28623,766,71
1635,3470,28624,4529,28624,766,71
1635,3470,28625,4529,28625,766,71
1635,3470,28626,4529,28626,766,71
1635,3470,28627,4529,28627,766,71
1635,3470,28628,4529,28628,766,71
1635,3470,28629,4529,28629,766,71
1635,3470,28630,4529,28630,766,71
1635,3470,28631,4529,28631,766,71
1635,3470,28632,4529,28632,766,71
1635,3470,28633,4529,28633,766,71
1635,3470,28634,4529,28634,766,71
1635,3470,28635,4529,28635,766,71
1635,3470,28636,4529,28636,766,71
1635,3470,28637,4529,28637,766,71
1635,3470,28638,4529,28638,766,71
1635,3470,28639,4529,28639,766,71
1635,3470,28640,4529,28640,766,71
1636,3470,28641,4529,28641,766,71
1636,3470,28642,4529,28642,766,71
1636,3470,28643,4529,28643,766,71
1636,3470,28644,4529,28644,766,71
1635,3470,28645,4529,28645,766,71
1635,3470,28646,4529,28646,766,71
1635,3470,28647,4529,28647,766,71
1635,3470,28648,4529,28648,766,71
1635,3470,28649,4529,28649,766,71
1635,3470,28650,4529,28650,766,71
1635,3470,28651,4529,28651,766,71
1635,3470,28652,4529,28652,766,71
1635,3470,28653,4529,28653,766,71
1635,3470,28654,4529,28654,766,71
1635,3470,28655,4529,28655,766,71
1635,3470,28656,4529,28656,766,71
1635,3470,28657,4529,28657,766,71
1635,3470,28658,4529,28658,766,71
1635,3470,28659,4529,28659,766,71
1635,3470,28660,4529,28660,766,71
1635,3470,28661,4529,28661,766,71
1635,3470,28662,4529,28662,766,71
1635,3470,28663,4529,28663,766,71
1635,3470,28664,4529,28664,766,71
1635,3470,28665,4529,28665,766,71
1635,3470,28666,4529,28666,766,71
1635,3470,28667,4529,28667,766,71
1635,3470,28668,4529,28668,766,71
1635,3470,28669,4529,28669,766,71
1635,3470,28670,4529,28670,766,71
1635,3470,28671,4529,28671,766,71
1635,3470,28672,4529,28672,766,71
1635,3470,28673,4529,28673,766,71
1635,3470,28674,4529,28674,766,71
1635,3470,28675,4529,28675,766,71
1635,3470,28676,4529,28676,766,71
1635,3470,28677,4529,28677,766,71
1635,3470,28678,4529,28678,766,71
1635,3470,28679,4529,28679,766,71
1635,3470,28680,4529,28680,766,71
1635,3470,28681,4529,28681,766,71
1635,3470,28682,4529,28682,766,71
1634,3470,28683,4529,28683,766,71
1634,3470,28684,4529,28684,766,71
1634,3470,28685,4529,28685,766,71
1634,3470,28686,4529,28686,766,71
1634,3470,28687,4529,28687,766,71
1634,3470,28688,4529,28688,766,71
1634,3470,28689,4529,28689,766,71
1634,3470,28690,4529,28690,766,71
1634,3470,28691,4529,28691,766,71
1634,3470,28692,4529,28692,766,71
1634,3470,28693,4529,28693,766,71
1634,3470,28694,4529,28694,766,71
1634,3470,28695,4529,28695,766,71
1634,3470,28696,4529,28696,766,71
1634,3470,28697,4529,28697,766,71
1634,3470,28698,4529,28698,766,71
1634,3470,28699,4529,28699,766,71
1634,3470,28700,4529,28700,766,71
1634,3470,28701,4529,28701,766,71
1634,3470,28702,4529,28702,766,71
1634,3470,28703,4529,28703,766,71
1634,3470,28704,4529,28704,766,71
1634,3470,28705,4529,28705,766,71
1634,3470,28706,4529,28706,766,71
1634,3470,28707,4529,28707,766,71
1634,3470,28708,4529,28708,766,71
1634,3470,28709,4529,28709,766,71
1634,3470,28710,4529,28710,766,71
1634,3470,28711,4529,28711,766,71
1634,3470,28712,4529,28712,766,71
1634,3470,28713,4529,28713,766,71
1634,3470,28714,4529,28714,766,71
1634,3470,28715,4529,28715,766,71
1634,3470,28716,4529,28716,766,71
1634,3470,28717,4529,28717,766,71
1634,3470,28718,4529,28718,766,71
1634,3470,28719,4529,28719,766,71
1634,3470,28720,4529,28720,766,71
1634,3470,28721,4529,28721,766,71
1634,3470,28722,4529,28722,766,71
1634,3470,28723,4529,28723,766,71
1634,3470,28724,4529,28724,766,71
1634,3470,28725,4529,28725,766,71
1634,3470,28726,4529,28726,766,71
1634,3470,28727,4529,28727,766,71
1634,3470,28728,4529,28728,766,71
1634,3470,28729,4529,28729,766,71
1634,3470,28730,4529,28730,766,71
1634,3470,28731,4529,28731,766,71
1634,3470,28732,4529,28732,766,71
1634,3470,28733,4529,28733,766,71
1634,3470,28734,4529,28734,766,71
1634,3470,28735,4529,28735,766,71
1634,3470,28736,4529,28736,766,71
1634,3470,28737,4529,28737,766,71
1634,3470,28738,4529,28738,766,71
1634,3470,28739,4529,28739,766,71
1634,3470,28740,4529,28740,766,71
1634,3470,28741,4529,28741,766,71
1634,3470,28742,4529,28742,766,71
1634,3470,28743,4529,28743,766,71
1634,3470,28744,4529,28744,766,71
1634,3470,28745,4529,28745,766,71
1634,3470,28746,4529,28746,766,71
1634,3470,28747,4529,28747,766,71
1634,3470,28748,4529,28748,766,71
1634,3470,28749,4529,28749,766,71
1634,3470,28750,4529,28750,766,71
1634,3470,28751,4529,28751,766,71
1634,3470,28752,4529,28752,766,71
1634,3470,28753,4529,28753,766,71
1634,3470,28754,4529,28754,766,71
1634,3470,28755,4529,28755,766,71
1634,3470,28756,4529,28756,766,71
1634,3470,28757,4529,28757,766,71
1634,3470,28758,4529,28758,766,71
1634,3470,28759,4529,28759,766,71
1634,3470,28760,4529,28760,766,71
1634,3470,28761,4529,28761,766,71
1634,3470,28762,4529,28762,766,71
1633,3470,28763,4529,28763,766,71
1633,3470,28764,4529,28764,766,71
1633,3470,28765,4529,28765,766,71
1633,3470,28766,4529,28766,766,71
1632,3470,28767,4529,28767,766,71
1632,3470,28768,4529,28768,766,71
1632,3470,28769,4529,28769,766,71
1632,3470,28770,4529,28770,766,71
1632,3470,28771,4529,28771,766,71
1632,3470,28772,4529,28772,766,71
1632,3470,28773,4529,28773,766,71
1632,3470,28774,4529,28774,766,71
1632,3470,28775,4529,28775,766,71
1632,3470,28776,4529,28776,766,71
1632,3470,28777,4529,28777,766,71
1632,3470,28778,4529,28778,766,71
1632,3470,28779,4529,28779,766,71
1632,3470,28780,4529,28780,766,71
1632,3470,28781,4529,28781,766,71
1632,3470,28782,4529,28782,766,71
1631,3470,28783,4529,28783,766,71
1631,3470,28784,4529,28784,766,71
1631,3470,28785,4529,28785,766,71
1631,3470,28786,4529,28786,766,71
1631,3470,28787,4529,28787,766,71
1630,3470,28788,4529,28788,766,71
1630,3470,28789,4529,28789,766,71
1630,3470,28790,4529,28790,766,71
1630,3470,28791,4529,28791,766,71
1630,3470,28792,4529,28792,766,71
1630,3470,28793,4529,28793,766,71
1630,3470,28794,4529,28794,766,71
1630,3470,28795,4529,28795,766,71
1630,3470,28796,4529,28796,766,71
1630,3470,28797,4529,28797,766,71
1630,3470,28798,4529,28798,766,71
1630,3470,28799,4529,28799,766,71
1630,3470,28800,4529,28800,766,71
1630,3470,28801,4529,28801,766,71
1630,3470,28802,4529,28802,766,71
1630,3470,28803,4529,28803,766,71
1630,3470,28804,4529,28804,766,71
1630,3470,28805,4529,28805,766,71
1630,3470,28806,4529,28806,766,71
1630,3470,28807,4529,28807,766,71
1630,3470,28808,4529,28808,766,71
1629,3470,28809,4529,28809,766,71
1629,3470,28810,4529,28810,766,71
1629,3470,28811,4529,28811,766,71
1629,3470,28812,4529,28812,766,71
1629,3470,28813,4529,28813,766,71
1629,3470,28814,4529,28814,766,71
1629,3470,28815,4529,28815,766,71
1629,3470,28816,4529,28816,766,71
1629,3470,28817,4529,28817,766,71
1629,3470,28818,4529,28818,766,71
1629,3470,28819,4529,28819,766,71
1629,3470,28820,4529,28820,766,71
1629,3470,28821,4529,28821,766,71
1629,3470,28822,4529,28822,766,71
1629,3470,28823,4529,28823,766,71
1629,3470,28824,4529,28824,766,71
1629,3470,28825,4529,28825,766,71
1629,3470,28826,4529,28826,766,71
1629,3470,28827,4529,28827,766,71
1629,3470,28828,4529,28828,766,71
1629,3470,28829,4529,28829,766,71
1629,3470,28830,4529,28830,766,71
1629,3470,28831,4529,28831,766,71
1629,3470,28832,4529,28832,766,71
1629,3470,28833,4529,28833,766,71
1629,3470,28834,4529,28834,766,71
1629,3470,28835,4529,28835,766,71
1629,3470,28836,4529,28836,766,71
1629,3470,28837,4529,28837,766,71
1629,3470,28838,4529,28838,766,71
1629,3470,28839,4529,28839,766,71
1629,3470,28840,4529,28840,766,71
1629,3470,28841,4529,28841,766,71
1629,3470,28842,4529,28842,766,71
1629,3470,28843,4529,28843,766,71
1629,3470,28844,4529,28844,766,71
1629,3470,28845,4529,28845,766,71
1629,3470,28846,4529,28846,766,71
1629,3470,28847,4529,28847,766,71
1629,3470,28848,4529,28848,766,71
1629,3470,28849,4529,28849,766,71
1629,3470,28850,4529,28850,766,71
1629,3470,28851,4529,28851,766,71
1629,3470,28852,4529,28852,766,71
1629,3470,28853,4529,28853,766,71
1629,3470,28854,4529,28854,766,71
1629,3470,28855,4529,28855,766,71
1629,3470,28856,4529,28856,766,71
1629,3470,28857,4529,28857,766,71
1628,3470,28858,4529,28858,766,71
1628,3470,28859,4529,28859,766,71
1628,3470,28860,4529,28860,766,71
1628,3470,28861,4529,28861,766,71
1628,3470,28862,4529,28862,766,71
1628,3470,28863,4529,28863,766,71
1628,3470,28864,4529,28864,766,71
1628,3470,28865,4529,28865,766,71
1628,3470,28866,4529,28866,766,71
1628,3470,28867,4529,28867,766,71
1628,3470,28868,4529,28868,766,71
1628,3470,28869,4529,28869,766,71
1628,3470,28870,4529,28870,766,71
1628,3470,28871,4529,28871,766,71
1628,3470,28872,4529,28872,766,71
1628,3470,28873,4529,28873,766,71
1628,3470,28874,4529,28874,766,71
1629,3470,28875,4529,28875,766,71
1629,3470,28876,4529,28876,766,71
1629,3470,28877,4529,28877,766,71
1629,3470,28878,4529,28878,766,71
1629,3470,28879,4529,28879,766,71
1629,3470,28880,4529,28880,766,71
1629,3470,28881,4529,28881,766,71
1629,3470,28882,4529,28882,766,71
1629,3470,28883,4529,28883,766,71
1630,3470,28884,4529,28884,766,71
1630,3470,28885,4529,28885,766,71
1630,3470,28886,4529,28886,766,71
1630,3470,28887,4529,28887,766,71
1630,3470,28888,4529,28888,766,71
1630,3470,28889,4529,28889,766,71
1630,3470,28890,4529,28890,766,71
1630,3470,28891,4529,28891,766,71
1630,3470,28892,4529,28892,766,71
1630,3470,28893,4529,28893,766,71
1630,3470,28894,4529,28894,766,71
1630,3470,28895,4529,28895,766,71
1630,3470,28896,4529,28896,766,71
1630,3470,28897,4529,28897,766,71
1630,3470,28898,4529,28898,766,71
1630,3470,28899,4529,28899,766,71
1630,3470,28900,4529,28900,766,71
1630,3470,28901,4529,28901,766,71
1629,3470,28902,4529,28902,766,71
1629,3470,28903,4529,28903,766,71
1629,3470,28904,4529,28904,766,71
1629,3470,28905,4529,28905,766,71
1629,3470,28906,4529,28906,766,71
1629,3470,28907,4529,28907,766,71
1629,3470,28908,4529,28908,766,71
1629,3470,28909,4529,28909,766,71
1629,3470,28910,4529,28910,766,71
1629,3470,28911,4529,28911,766,71
1629,3470,28912,4529,28912,766,71
1629,3470,28913,4529,28913,766,71
1629,3470,28914,4529,28914,766,71
1629,3470,28915,4529,28915,766,71
1629,3470,28916,4529,28916,766,71
1629,3470,28917,4529,28917,766,71
1629,3470,28918,4529,28918,766,71
1629,3470,28919,4529,28919,766,71
1629,3470,28920,4529,28920,766,71
1629,3470,28921,4529,28921,766,71
1629,3470,28922,4529,28922,766,71
1629,3470,28923,4529,28923,766,71
1629,3470,28924,4529,28924,766,71
1629,3470,28925,4529,28925,766,71
1629,3470,28926,4529,28926,766,71
1629,3470,28927,4529,28927,766,71
1629,3470,28928,4529,28928,766,71
1629,3470,28929,4529,28929,766,71
1629,3470,28930,4529,28930,766,71
1629,3470,28931,4529,28931,766,71
1629,3470,28932,4529,28932,766,71
1629,3470,28933,4529,28933,766,71
1629,3470,28934,4529,28934,766,71
1629,3470,28935,4529,28935,766,71
1629,3470,28936,4529,28936,766,71
1629,3470,28937,4529,28937,766,71
1629,3470,28938,4529,28938,766,71
1629,3470,28939,4529,28939,766,71
1629,3470,28940,4529,28940,766,71
1629,3470,28941,4529,28941,766,71
1629,3470,28942,4529,28942,766,71
1629,3470,28943,4529,28943,766,71
1629,3470,28944,4529,28944,766,71
1629,3470,28945,4529,28945,766,71
1629,3470,28946,4529,28946,766,71
1629,3470,28947,4529,28947,766,71
1629,3470,28948,4529,28948,766,71
1629,3470,28949,4529,28949,766,71
1629,3470,28950,4529,28950,766,71
1629,3470,28951,4529,28951,766,71
1629,3470,28952,4529,28952,766,71
1629,3470,28953,4529,28953,766,71
1629,3470,28954,4529,28954,766,71
1630,3470,28955,4529,28955,766,71
1630,3470,28956,4529,28956,766,71
1630,3470,28957,4529,28957,766,71
1630,3470,28958,4529,28958,766,71
1630,3470,28959,4529,28959,766,71
1630,3470,28960,4529,28960,766,71
1630,3470,28961,4529,28961,766,71
1630,3470,28962,4529,28962,766,71
1630,3470,28963,4529,28963,766,71
1630,3470,28964,4529,28964,766,71
1630,3470,28965,4529,28965,766,71
1630,3470,28966,4529,28966,766,71
1630,3470,28967,4529,28967,766,71
1630,3470,28968,4529,28968,766,71
1630,3470,28969,4529,28969,766,71
1630,3470,28970,4529,28970,766,71
1630,3470,28971,4529,28971,766,71
1630,3470,28972,4529,28972,766,71
1630,3470,28973,4529,28973,766,71
1630,3470,28974,4529,28974,766,71
1630,3470,28975,4529,28975,766,71
1630,3470,28976,4529,28976,766,71
1630,3470,28977,4529,28977,766,71
1630,3470,28978,4529,28978,766,71
1630,3470,28979,4529,28979,766,71
1630,3470,28980,4529,28980,766,71
1630,3470,28981,4529,28981,766,71
1630,3470,28982,4529,28982,766,71
1630,3470,28983,4529,28983,766,71
1630,3470,28984,4529,28984,766,71
1630,3470,28985,4529,28985,766,71
1630,3470,28986,4529,28986,766,71
1630,3470,28987,4529,28987,766,71
1630,3470,28988,4529,28988,766,71
1630,3470,28989,4529,28989,766,71
1630,3470,28990,4529,28990,766,71
1630,3470,28991,4529,28991,766,71
1630,3470,28992,4529,28992,766,71
1630,3470,28993,4529,28993,766,71
1630,3470,28994,4529,28994,766,71
1630,3470,28995,4529,28995,766,71
1630,3470,28996,4529,28996,766,71
1630,3470,28997,4529,28997,766,71
1630,3470,28998,4529,28998,766,71
1630,3470,28999,4529,28999,766,71
1630,3470,29000,4529,29000,766,71
1630,3470,29001,4529,29001,766,71
1630,3470,29002,4529,29002,766,71
1630,3470,29003,4529,29003,766,71
1630,3470,29004,4529,29004,766,71
1630,3470,29005,4529,29005,766,71
1630,3470,29006,4529,29006,766,71
1630,3470,29007,4529,29007,766,71
1629,3470,29008,4529,29008,766,71
1628,3470,29009,4529,29009,766,71
1628,3470,29010,4529,29010,766,71
1628,3470,29011,4529,29011,766,71
1628,3470,29012,4529,29012,766,71
1628,3470,29013,4529,29013,766,71
1628,3470,29014,4529,29014,766,71
1628,3470,29015,4529,29015,766,71
1628,3470,29016,4529,29016,766,71
1628,3470,29017,4529,29017,766,71
1628,3470,29018,4529,29018,766,71
1628,3470,29019,4529,29019,766,71
1628,3470,29020,4529,29020,766,71
1628,3470,29021,4529,29021,766,71
1628,3470,29022,4529,29022,766,71
1628,3470,29023,4529,29023,766,71
1628,3470,29024,4529,29024,766,71
1628,3470,29025,4529,29025,766,71
1628,3470,29026,4529,29026,766,71
1628,3470,29027,4529,29027,766,71
1628,3470,29028,4529,29028,766,71
1628,3470,29029,4529,29029,766,71
1628,3470,29030,4529,29030,766,71
1628,3470,29031,4529,29031,766,71
1628,3470,29032,4529,29032,766,71
1628,3470,29033,4529,29033,766,71
1628,3470,29034,4529,29034,766,71
1628,3470,29035,4529,29035,766,71
1628,3470,29036,4529,29036,766,71
1628,3470,29037,4529,29037,766,71
1628,3470,29038,4529,29038,766,71
1628,3470,29039,4529,29039,766,71
1628,3470,29040,4529,29040,766,71
1628,3470,29041,4529,29041,766,71
1628,3470,29042,4529,29042,766,71
1628,3470,29043,4529,29043,766,71
1628,3470,29044,4529,29044,766,71
1628,3470,29045,4529,29045,766,71
1628,3470,29046,4529,29046,766,71
1628,3470,29047,4529,29047,766,71
1628,3470,29048,4529,29048,766,71
1628,3470,29049,4529,29049,766,71
1628,3470,29050,4529,29050,766,71
1628,3470,29051,4529,29051,766,71
1628,3470,29052,4529,29052,766,71
1628,3470,29053,4529,29053,766,71
1628,3470,29054,4529,29054,766,71
1628,3470,29055,4529,29055,766,71
1628,3470,29056,4529,29056,766,71
1628,3470,29057,4529,29057,766,71
1628,3470,29058,4529,29058,766,71
1628,3470,29059,4529,29059,766,71
1628,3470,29060,4529,29060,766,71
1628,3470,29061,4529,29061,766,71
1628,3470,29062,4529,29062,766,71
1628,3470,29063,4529,29063,766,71
1628,3470,29064,4529,29064,766,71
1628,3470,29065,4529,29065,766,71
1628,3470,29066,4529,29066,766,71
1628,3470,29067,4529,29067,766,71
1628,3470,29068,4529,29068,766,71
1628,3470,29069,4529,29069,766,71
1628,3470,29070,4529,29070,766,71
1628,3470,29071,4529,29071,766,71
1628,3470,29072,4529,29072,766,71
1628,3470,29073,4529,29073,766,71
1627,3470,29074,4529,29074,766,71
1627,3470,29075,4529,29075,766,71
1627,3470,29076,4529,29076,766,71
1627,3470,29077,4529,29077,766,71
1627,3470,29078,4529,29078,766,71
1627,3470,29079,4529,29079,766,71
1627,3470,29080,4529,29080,766,71
1627,3470,29081,4529,29081,766,71
1627,3470,29082,4529,29082,766,71
1627,3470,29083,4529,29083,766,71
1627,3470,29084,4529,29084,766,71
1627,3470,29085,4529,29085,766,71
1627,3470,29086,4529,29086,766,71
1627,3470,29087,4529,29087,766,71
1627,3470,29088,4529,29088,766,71
1627,3470,29089,4529,29089,766,71
1627,3470,29090,4529,29090,766,71
1627,3470,29091,4529,29091,766,71
1627,3470,29092,4529,29092,766,71
1627,3470,29093,4529,29093,766,71
1627,3470,29094,4529,29094,766,71
1627,3470,29095,4529,29095,766,71
1627,3470,29096,4529,29096,766,71
1627,3470,29097,4529,29097,766,71
1627,3470,29098,4529,29098,766,71
1627,3470,29099,4529,29099,766,71
1627,3470,29100,4529,29100,766,71
1627,3470,29101,4529,29101,766,71
1627,3470,29102,4529,29102,766,71
1627,3470,29103,4529,29103,766,71
1627,3470,29104,4529,29104,766,71
1627,3470,29105,4529,29105,766,71
1627,3470,29106,4529,29106,766,71
1627,3470,29107,4529,29107,766,71
1627,3470,29108,4529,29108,766,71
1626,3470,29109,4529,29109,766,71
1626,3470,29110,4529,29110,766,71
1626,3470,29111,4529,29111,766,71
1626,3470,29112,4529,29112,766,71
1626,3470,29113,4529,29113,766,71
1626,3470,29114,4529,29114,766,71
1626,3470,29115,4529,29115,766,71
1626,3470,29116,4529,29116,766,71
1626,3470,29117,4529,29117,766,71
1626,3470,29118,4529,29118,766,71
1626,3470,29119,4529,29119,766,71
1626,3470,29120,4529,29120,766,71
1626,3470,29121,4529,29121,766,71
1626,3470,29122,4529,29122,766,71
1626,3470,29123,4529,29123,766,71
1626,3470,29124,4529,29124,766,71
1626,3470,29125,4529,29125,766,71
1626,3470,29126,4529,29126,766,71
1626,3470,29127,4529,29127,766,71
1626,3470,29128,4529,29128,766,71
1626,3470,29129,4529,29129,766,71
1626,3470,29130,4529,29130,766,71
1626,3470,29131,4529,29131,766,71
1626,3470,29132,4529,29132,766,71
1626,3470,29133,4529,29133,766,71
1626,3470,29134,4529,29134,766,71
1626,3470,29135,4529,29135,766,71
1626,3470,29136,4529,29136,766,71
1626,3470,29137,4529,29137,766,71
1626,3470,29138,4529,29138,766,71
1626,3470,29139,4529,29139,766,71
1626,3470,29140,4529,29140,766,71
1626,3470,29141,4529,29141,766,71
1626,3470,29142,4529,29142,766,71
1626,3470,29143,4529,29143,766,71
1626,3470,29144,4529,29144,766,71
1626,3470,29145,4529,29145,766,71
1626,3470,29146,4529,29146,766,71
1626,3470,29147,4529,29147,766,71
1626,3470,29148,4529,29148,766,71
1626,3470,29149,4529,29149,766,71
1626,3470,29150,4529,29150,766,71
1626,3470,29151,4529,29151,766,71
1626,3470,29152,4529,29152,766,71
1626,3470,29153,4529,29153,766,71
1626,3470,29154,4529,29154,766,71
1626,3470,29155,4529,29155,766,71
1626,3470,29156,4529,29156,766,71
1626,3470,29157,4529,29157,766,71
1626,3470,29158,4529,29158,766,71
1626,3470,29159,4529,29159,766,71
1626,3470,29160,4529,29160,766,71
1626,3470,29161,4529,29161,766,71
1626,3470,29162,4529,29162,766,71
1626,3470,29163,4529,29163,766,71
1626,3470,29164,4529,29164,766,71
1626,3470,29165,4529,29165,766,71
1626,3470,29166,4529,29166,766,71
1626,3470,29167,4529,29167,766,71
1626,3470,29168,4529,29168,766,71
1626,3470,29169,4529,29169,766,71
1626,3470,29170,4529,29170,766,71
1626,3470,29171,4529,29171,766,71
1626,3470,29172,4529,29172,766,71
1626,3470,29173,4529,29173,766,71
1626,3470,29174,4529,29174,766,71
1626,3470,29175,4529,29175,766,71
1626,3470,29176,4529,29176,766,71
1626,3470,29177,4529,29177,766,71
1626,3470,29178,4529,29178,766,71
1626,3470,29179,4529,29179,766,71
1626,3470,29180,4529,29180,766,71
1626,3470,29181,4529,29181,766,71
1625,3470,29182,4529,29182,766,71
1624,3470,29183,4529,29183,766,71
1624,3470,29184,4529,29184,766,71
1624,3470,29185,4529,29185,766,71
1624,3470,29186,4529,29186,766,71
1624,3470,29187,4529,29187,766,71
1624,3470,29188,4529,29188,766,71
1624,3470,29189,4529,29189,766,71
1624,3470,29190,4529,29190,766,71
1624,3470,29191,4529,29191,766,71
1624,3470,29192,4529,29192,766,71
1624,3470,29193,4529,29193,766,71
1624,3470,29194,4529,29194,766,71
1624,3470,29195,4529,29195,766,71
1624,3470,29196,4529,29196,766,71
1624,3470,29197,4529,29197,766,71
1624,3470,29198,4529,29198,766,71
1624,3470,29199,4529,29199,766,71
1624,3470,29200,4529,29200,766,71
1624,3470,29201,4529,29201,766,71
1624,3470,29202,4529,29202,766,71
1624,3470,29203,4529,29203,766,71
1624,3470,29204,4529,29204,766,71
1624,3470,29205,4529,29205,766,71
1624,3470,29206,4529,29206,766,71
1624,3470,29207,4529,29207,766,71
1624,3470,29208,4529,29208,766,71
1624,3470,29209,4529,29209,766,71
1623,3470,29210,4529,29210,766,71
1623,3470,29211,4529,29211,766,71
1623,3470,29212,4529,29212,766,71
1623,3470,29213,4529,29213,766,71
1623,3470,29214,4529,29214,766,71
1623,3470,29215,4529,29215,766,71
1623,3470,29216,4529,29216,766,71
1623,3470,29217,4529,29217,766,71
1623,3470,29218,4529,29218,766,71
1623,3470,29219,4529,29219,766,71
1623,3470,29220,4529,29220,766,71
1623,3470,29221,4529,29221,766,71
1623,3470,29222,4529,29222,766,71
1623,3470,29223,4529,29223,766,71
1623,3470,29224,4529,29224,766,71
1623,3470,29225,4529,29225,766,71
1623,3470,29226,4529,29226,766,71
1623,3470,29227,4529,29227,766,71
1623,3470,29228,4529,29228,766,71
1623,3470,29229,4529,29229,766,71
1623,3470,29230,4529,29230,766,71
1623,3470,29231,4529,29231,766,71
1623,3470,29232,4529,29232,766,71
1623,3470,29233,4529,29233,766,71
1623,3470,29234,4529,29234,766,71
1622,3470,29235,4529,29235,766,71
1621,3470,29236,4529,29236,766,71
1621,3470,29237,4529,29237,766,71
1621,3470,29238,4529,29238,766,71
1621,3470,29239,4529,29239,766,71
1621,3470,29240,4529,29240,766,71
1621,3470,29241,4529,29241,766,71
1621,3470,29242,4529,29242,766,71
1621,3470,29243,4529,29243,766,71
1621,3470,29244,4529,29244,766,71
1621,3470,29245,4529,29245,766,71
1621,3470,29246,4529,29246,766,71
1621,3470,29247,4529,29247,766,71
1621,3470,29248,4529,29248,766,71
1621,3470,29249,4529,29249,766,71
1621,3470,29250,4529,29250,766,71
1621,3470,29251,4529,29251,766,71
1621,3470,29252,4529,29252,766,71
1621,3470,29253,4529,29253,766,71
1621,3470,29254,4529,29254,766,71
1621,3470,29255,4529,29255,766,71
1621,3470,29256,4529,29256,766,71
1621,3470,29257,4529,29257,766,71
1621,3470,29258,4529,29258,766,71
1621,3470,29259,4529,29259,766,71
1621,3470,29260,4529,29260,766,71
1621,3470,29261,4529,29261,766,71
1621,3470,29262,4529,29262,766,71
1621,3470,29263,4529,29263,766,71
1621,3470,29264,4529,29264,766,71
1622,3470,29265,4529,29265,766,71
1622,3470,29266,4529,29266,766,71
1622,3470,29267,4529,29267,766,71
1622,3470,29268,4529,29268,766,71
1622,3470,29269,4529,29269,766,71
1622,3470,29270,4529,29270,766,71
1622,3470,29271,4529,29271,766,71
1622,3470,29272,4529,29272,766,71
1622,3470,29273,4529,29273,766,71
1622,3470,29274,4529,29274,766,71
1622,3470,29275,4529,29275,766,71
1622,3470,29276,4529,29276,766,71
1622,3470,29277,4529,29277,766,71
1622,3470,29278,4529,29278,766,71
1622,3470,29279,4529,29279,766,71
1622,3470,29280,4529,29280,766,71
1622,3470,29281,4529,29281,766,71
1622,3470,29282,4529,29282,766,71
1622,3470,29283,4529,29283,766,71
1622,3470,29284,4529,29284,766,71
1622,3470,29285,4529,29285,766,71
1622,3470,29286,4529,29286,766,71
1622,3470,29287,4529,29287,766,71
1622,3470,29288,4529,29288,766,71
1622,3470,29289,4529,29289,766,71
1622,3470,29290,4529,29290,766,71
1622,3470,29291,4529,29291,766,71
1622,3470,29292,4529,29292,766,71
1622,3470,29293,4529,29293,766,71
1622,3470,29294,4529,29294,766,71
1622,3470,29295,4529,29295,766,71
1622,3470,29296,4529,29296,766,71
1622,3470,29297,4529,29297,766,71
1622,3470,29298,4529,29298,766,71
1622,3470,29299,4529,29299,766,71
1622,3470,29300,4529,29300,766,71
1622,3470,29301,4529,29301,766,71
1623,3470,29302,4529,29302,766,71
1623,3470,29303,4529,29303,766,71
1623,3470,29304,4529,29304,766,71
1623,3470,29305,4529,29305,766,71
1623,3470,29306,4529,29306,766,71
1623,3470,29307,4529,29307,766,71
1623,3470,29308,4529,29308,766,71
1623,3470,29309,4529,29309,766,71
1623,3470,29310,4529,29310,766,71
1623,3470,29311,4529,29311,766,71
1623,3470,29312,4529,29312,766,71
1623,3470,29313,4529,29313,766,71
1623,3470,29314,4529,29314,766,71
1623,3470,29315,4529,29315,766,71
1623,3470,29316,4529,29316,766,71
1623,3470,29317,4529,29317,766,71
1623,3470,29318,4529,29318,766,71
1623,3470,29319,4529,29319,766,71
1623,3470,29320,4529,29320,766,71
1623,3470,29321,4529,29321,766,71
1623,3470,29322,4529,29322,766,71
1623,3470,29323,4529,29323,766,71
1623,3470,29324,4529,29324,766,71
1623,3470,29325,4529,29325,766,71
1623,3470,29326,4529,29326,766,71
1623,3470,29327,4529,29327,766,71
1623,3470,29328,4529,29328,766,71
1623,3470,29329,4529,29329,766,71
1623,3470,29330,4529,29330,766,71
1623,3470,29331,4529,29331,766,71
1623,3470,29332,4529,29332,766,71
1623,3470,29333,4529,29333,766,71
1623,3470,29334,4529,29334,766,71
1623,3470,29335,4529,29335,766,71
1623,3470,29336,4529,29336,766,71
1623,3470,29337,4529,29337,766,71
1623,3470,29338,4529,29338,766,71
1623,3470,29339,4529,29339,766,71
1623,3470,29340,4529,29340,766,71
1623,3470,29341,4529,29341,766,71
1623,3470,29342,4529,29342,766,71
1623,3470,29343,4529,29343,766,71
1623,3470,29344,4529,29344,766,71
1623,3470,29345,4529,29345,766,71
1623,3470,29346,4529,29346,766,71
1623,3470,29347,4529,29347,766,71
1623,3470,29348,4529,29348,766,71
1623,3470,29349,4529,29349,766,71
1623,3470,29350,4529,29350,766,71
1623,3470,29351,4529,29351,766,71
1622,3470,29352,4529,29352,766,71
1622,3470,29353,4529,29353,766,71
1622,3470,29354,4529,29354,766,71
1622,3470,29355,4529,29355,766,71
1622,3470,29356,4529,29356,766,71
1622,3470,29357,4529,29357,766,71
1622,3470,29358,4529,29358,766,71
1622,3470,29359,4529,29359,766,71
1622,3470,29360,4529,29360,766,71
1622,3470,29361,4529,29361,766,71
1622,3470,29362,4529,29362,766,71
1622,3470,29363,4529,29363,766,71
1622,3470,29364,4529,29364,766,71
1622,3470,29365,4529,29365,766,71
1622,3470,29366,4529,29366,766,71
1622,3470,29367,4529,29367,766,71
1622,3470,29368,4529,29368,766,71
1622,3470,29369,4529,29369,766,71
1622,3470,29370,4529,29370,766,71
1622,3470,29371,4529,29371,766,71
1622,3470,29372,4529,29372,766,71
1622,3470,29373,4529,29373,766,71
1622,3470,29374,4529,29374,766,71
1622,3470,29375,4529,29375,766,71
1622,3470,29376,4529,29376,766,71
1622,3470,29377,4529,29377,766,71
1622,3470,29378,4529,29378,766,71
1622,3470,29379,4529,29379,766,71
1622,3470,29380,4529,29380,766,71
1622,3470,29381,4529,29381,766,71
1622,3470,29382,4529,29382,766,71
1622,3470,29383,4529,29383,766,71
1622,3470,29384,4529,29384,766,71
1622,3470,29385,4529,29385,766,71
1622,3470,29386,4529,29386,766,71
1622,3470,29387,4529,29387,766,71
1622,3470,29388,4529,29388,766,71
1622,3470,29389,4529,29389,766,71
1622,3470,29390,4529,29390,766,71
1622,3470,29391,4529,29391,766,71
1622,3470,29392,4529,29392,766,71
1622,3470,29393,4529,29393,766,71
1622,3470,29394,4529,29394,766,71
1622,3470,29395,4529,29395,766,71
1622,3470,29396,4529,29396,766,71
1622,3470,29397,4529,29397,766,71
1622,3470,29398,4529,29398,766,71
1622,3470,29399,4529,29399,766,71
1622,3470,29400,4529,29400,766,71
1622,3470,29401,4529,29401,766,71
1622,3470,29402,4529,29402,766,71
1622,3470,29403,4529,29403,766,71
1622,3470,29404,4529,29404,766,71
1622,3470,29405,4529,29405,766,71
1622,3470,29406,4529,29406,766,71
1622,3470,29407,4529,29407,766,71
1622,3470,29408,4529,29408,766,71
1622,3470,29409,4529,29409,766,71
1622,3470,29410,4529,29410,766,71
1622,3470,29411,4529,29411,766,71
1622,3470,29412,4529,29412,766,71
1622,3470,29413,4529,29413,766,71
1622,3470,29414,4529,29414,766,71
1622,3470,29415,4529,29415,766,71
1622,3470,29416,4529,29416,766,71
1622,3470,29417,4529,29417,766,71
1622,3470,29418,4529,29418,766,71
1622,3470,29419,4529,29419,766,71
1622,3470,29420,4529,29420,766,71
1622,3470,29421,4529,29421,766,71
1622,3470,29422,4529,29422,766,71
1622,3470,29423,4529,29423,766,71
1622,3470,29424,4529,29424,766,71
1622,3470,29425,4529,29425,766,71
1622,3470,29426,4529,29426,766,71
1622,3470,29427,4529,29427,766,71
1622,3470,29428,4529,29428,766,71
1622,3470,29429,4529,29429,766,71
1622,3470,29430,4529,29430,766,71
1622,3470,29431,4529,29431,766,71
1622,3470,29432,4529,29432,766,71
1622,3470,29433,4529,29433,766,71
1622,3470,29434,4529,29434,766,71
1622,3470,29435,4529,29435,766,71
1622,3470,29436,4529,29436,766,71
1622,3470,29437,4529,29437,766,71
1623,3470,29438,4529,29438,766,71
1623,3470,29439,4529,29439,766,71
1623,3470,29440,4529,29440,766,71
1623,3470,29441,4529,29441,766,71
1623,3470,29442,4529,29442,766,71
1623,3470,29443,4529,29443,766,71
1623,3470,29444,4529,29444,766,71
1623,3470,29445,4529,29445,766,71
1623,3470,29446,4529,29446,766,71
1623,3470,29447,4529,29447,766,71
1623,3470,29448,4529,29448,766,71
1623,3470,29449,4529,29449,766,71
1623,3470,29450,4529,29450,766,71
1623,3470,29451,4529,29451,766,71
1623,3470,29452,4529,29452,766,71
1623,3470,29453,4529,29453,766,71
1623,3470,29454,4529,29454,766,71
1623,3470,29455,4529,29455,766,71
1623,3470,29456,4529,29456,766,71
1623,3470,29457,4529,29457,766,71
1623,3470,29458,4529,29458,766,71
1623,3470,29459,4529,29459,766,71
1623,3470,29460,4529,29460,766,71
1623,3470,29461,4529,29461,766,71
1623,3470,29462,4529,29462,766,71
1623,3470,29463,4529,29463,766,71
1623,3470,29464,4529,29464,766,71
1623,3470,29465,4529,29465,766,71
1623,3470,29466,4529,29466,766,71
1623,3470,29467,4529,29467,766,71
1623,3470,29468,4529,29468,766,71
1623,3470,29469,4529,29469,766,71
1623,3470,29470,4529,29470,766,71
1623,3470,29471,4529,29471,766,71
1623,3470,29472,4529,29472,766,71
1623,3470,29473,4529,29473,766,71
1623,3470,29474,4529,29474,766,71
1623,3470,29475,4529,29475,766,71
1623,3470,29476,4529,29476,766,71
1623,3470,29477,4529,29477,766,71
1624,3470,29478,4529,29478,766,71
1624,3470,29479,4529,29479,766,71
1624,3470,29480,4529,29480,766,71
1624,3470,29481,4529,29481,766,71
1624,3470,29482,4529,29482,766,71
1624,3470,29483,4529,29483,766,71
1624,3470,29484,4529,29484,766,71
1624,3470,29485,4529,29485,766,71
1624,3470,29486,4529,29486,766,71
1624,3470,29487,4529,29487,766,71
1624,3470,29488,4529,29488,766,71
1624,3470,29489,4529,29489,766,71
1624,3470,29490,4529,29490,766,71
1624,3470,29491,4529,29491,766,71
1624,3470,29492,4529,29492,766,71
1624,3470,29493,4529,29493,766,71
1624,3470,29494,4529,29494,766,71
1624,3470,29495,4529,29495,766,71
1624,3470,29496,4529,29496,766,71
1624,3470,29497,4529,29497,766,71
1624,3470,29498,4529,29498,766,71
1624,3470,29499,4529,29499,766,71
1624,3470,29500,4529,29500,766,71
1624,3470,29501,4529,29501,766,71
1624,3470,29502,4529,29502,766,71
1623,3470,29503,4529,29503,766,71
1623,3470,29504,4529,29504,766,71
1623,3470,29505,4529,29505,766,71
1623,3470,29506,4529,29506,766,71
1623,3470,29507,4529,29507,766,71
1623,3470,29508,4529,29508,766,71
1623,3470,29509,4529,29509,766,71
1623,3470,29510,4529,29510,766,71
1623,3470,29511,4529,29511,766,71
1623,3470,29512,4529,29512,766,71
1623,3470,29513,4529,29513,766,71
1623,3470,29514,4529,29514,766,71
1623,3470,29515,4529,29515,766,71
1623,3470,29516,4529,29516,766,71
1623,3470,29517,4529,29517,766,71
1623,3470,29518,4529,29518,766,71
1623,3470,29519,4529,29519,766,71
1623,3470,29520,4529,29520,766,71
1623,3470,29521,4529,29521,766,71
1623,3470,29522,4529,29522,766,71
1623,3470,29523,4529,29523,766,71
1623,3470,29524,4529,29524,766,71
1623,3470,29525,4529,29525,766,71
1623,3470,29526,4529,29526,766,71
1623,3470,29527,4529,29527,766,71
1623,3470,29528,4529,29528,766,71
1623,3470,29529,4529,29529,766,71
1623,3470,29530,4529,29530,766,71
1623,3470,29531,4529,29531,766,71
1623,3470,29532,4529,29532,766,71
1623,3470,29533,4529,29533,766,71
1623,3470,29534,4529,29534,766,71
1623,3470,29535,4529,29535,766,71
1623,3470,29536,4529,29536,766,71
1623,3470,29537,4529,29537,766,71
1623,3470,29538,4529,29538,766,71
1623,3470,29539,4529,29539,766,71
1623,3470,29540,4529,29540,766,71
1622,3470,29541,4529,29541,766,70
1622,3470,29542,4529,29542,766,70
1622,3470,29543,4529,29543,766,70
1622,3470,29544,4529,29544,766,70
1622,3470,29545,4529,29545,766,70
1623,3470,29546,4529,29546,766,70
1624,3470,29547,4529,29547,766,70
1624,3470,29548,4529,29548,766,70
1624,3470,29549,4529,29549,766,70
1624,3470,29550,4529,29550,766,70
1624,3470,29551,4529,29551,766,70
1624,3470,29552,4529,29552,766,70
1624,3470,29553,4529,29553,766,70
1624,3470,29554,4529,29554,766,70
1624,3470,29555,4529,29555,766,70
1624,3470,29556,4529,29556,766,70
1624,3470,29557,4529,29557,766,70
1624,3470,29558,4529,29558,766,70
1624,3470,29559,4529,29559,766,70
1624,3470,29560,4529,29560,766,70
1624,3470,29561,4529,29561,766,70
1624,3470,29562,4529,29562,766,70
1624,3470,29563,4529,29563,766,70
1624,3470,29564,4529,29564,766,70
1624,3470,29565,4529,29565,766,70
1624,3470,29566,4529,29566,766,70
1624,3470,29567,4529,29567,766,70
1624,3470,29568,4529,29568,766,70
1624,3470,29569,4529,29569,766,70
1624,3470,29570,4529,29570,766,70
1624,3470,29571,4529,29571,766,70
1624,3470,29572,4529,29572,766,70
1624,3470,29573,4529,29573,766,70
1624,3470,29574,4529,29574,766,70
1624,3470,29575,4529,29575,766,70
1624,3470,29576,4529,29576,766,70
1624,3470,29577,4529,29577,766,70
1624,3470,29578,4529,29578,766,70
1624,3470,29579,4529,29579,766,70
1624,3470,29580,4529,29580,766,70
1624,3470,29581,4529,29581,766,70
1624,3470,29582,4529,29582,766,70
1624,3470,29583,4529,29583,766,70
1624,3470,29584,4529,29584,766,70
1624,3470,29585,4529,29585,766,70
1624,3470,29586,4529,29586,766,70
1624,3470,29587,4529,29587,766,70
1624,3470,29588,4529,29588,766,70
1624,3470,29589,4529,29589,766,70
1624,3470,29590,4529,29590,766,70
1624,3470,29591,4529,29591,766,70
1624,3470,29592,4529,29592,766,70
1624,3470,29593,4529,29593,766,70
1624,3470,29594,4529,29594,766,70
1624,3470,29595,4529,29595,766,70
1624,3470,29596,4529,29596,766,70
1624,3470,29597,4529,29597,766,70
1624,3470,29598,4529,29598,766,70
1624,3470,29599,4529,29599,766,70
1624,3470,29600,4529,29600,766,70
1624,3470,29601,4529,29601,766,70
1624,3470,29602,4529,29602,766,70
1624,3470,29603,4529,29603,766,70
1624,3470,29604,4529,29604,766,70
1624,3470,29605,4529,29605,766,70
1623,3470,29606,4529,29606,766,70
1623,3470,29607,4529,29607,766,70
1623,3470,29608,4529,29608,766,70
1623,3470,29609,4529,29609,766,70
1623,3470,29610,4529,29610,766,70
1623,3470,29611,4529,29611,766,70
1623,3470,29612,4529,29612,766,70
1623,3470,29613,4529,29613,766,70
1623,3470,29614,4529,29614,766,70
1623,3470,29615,4529,29615,766,70
1623,3470,29616,4529,29616,766,70
1623,3470,29617,4529,29617,766,70
1623,3470,29618,4529,29618,766,70
1623,3470,29619,4529,29619,766,70
1623,3470,29620,4529,29620,766,70
1623,3470,29621,4529,29621,766,70
1623,3470,29622,4529,29622,766,70
1623,3470,29623,4529,29623,766,70
1623,3470,29624,4529,29624,766,70
1623,3470,29625,4529,29625,766,70
1623,3470,29626,4529,29626,766,70
1623,3470,29627,4529,29627,766,70
1623,3470,29628,4529,29628,766,70
1623,3470,29629,4529,29629,766,70
1623,3470,29630,4529,29630,766,70
1623,3470,29631,4529,29631,766,70
1623,3470,29632,4529,29632,766,70
1623,3470,29633,4529,29633,766,70
1623,3470,29634,4529,29634,766,70
1623,3470,29635,4529,29635,766,70
1623,3470,29636,4529,29636,766,70
1623,3470,29637,4529,29637,766,70
1623,3470,29638,4529,29638,766,70
1623,3470,29639,4529,29639,766,70
1623,3470,29640,4529,29640,766,70
1623,3470,29641,4529,29641,766,70
1623,3470,29642,4529,29642,766,70
1623,3470,29643,4529,29643,766,70
1623,3470,29644,4529,29644,766,70
1623,3470,29645,4529,29645,766,70
1623,3470,29646,4529,29646,766,70
1623,3470,29647,4529,29647,766,70
1623,3470,29648,4529,29648,766,70
1623,3470,29649,4529,29649,766,70
1623,3470,29650,4529,29650,766,70
1623,3470,29651,4529,29651,766,70
1623,3470,29652,4529,29652,766,70
1623,3470,29653,4529,29653,766,70
1623,3470,29654,4529,29654,766,70
1623,3470,29655,4529,29655,766,70
1623,3470,29656,4529,29656,766,70
1623,3470,29657,4529,29657,766,70
1623,3470,29658,4529,29658,766,70
1623,3470,29659,4529,29659,766,70
1623,3470,29660,4529,29660,766,70
1623,3470,29661,4529,29661,766,70
1623,3470,29662,4529,29662,766,70
1623,3470,29663,4529,29663,766,70
1623,3470,29664,4529,29664,766,70
1623,3470,29665,4529,29665,766,70
1623,3470,29666,4529,29666,766,70
1623,3470,29667,4529,29667,766,70
1623,3470,29668,4529,29668,766,70
1623,3470,29669,4529,29669,766,70
1623,3470,29670,4529,29670,766,70
1623,3470,29671,4529,29671,766,70
1623,3470,29672,4529,29672,766,70
1623,3470,29673,4529,29673,766,70
1623,3470,29674,4529,29674,766,70
1623,3470,29675,4529,29675,766,70
1623,3470,29676,4529,29676,766,70
1623,3470,29677,4529,29677,766,70
1623,3470,29678,4529,29678,766,70
1623,3470,29679,4529,29679,766,70
1623,3470,29680,4529,29680,766,70
1624,3470,29681,4529,29681,766,70
1624,3470,29682,4529,29682,766,70
1624,3470,29683,4529,29683,766,70
1624,3470,29684,4529,29684,766,70
1624,3470,29685,4529,29685,766,70
1624,3470,29686,4529,29686,766,70
1624,3470,29687,4529,29687,766,70
1624,3470,29688,4529,29688,766,70
1624,3470,29689,4529,29689,766,70
1624,3470,29690,4529,29690,766,70
1624,3470,29691,4529,29691,766,70
1624,3470,29692,4529,29692,766,70
1624,3470,29693,4529,29693,766,70
1624,3470,29694,4529,29694,766,70
1624,3470,29695,4529,29695,766,70
1624,3470,29696,4529,29696,766,70
1624,3470,29697,4529,29697,766,70
1624,3470,29698,4529,29698,766,70
1624,3470,29699,4529,29699,766,70
1624,3470,29700,4529,29700,766,70
1624,3470,29701,4529,29701,766,70
1624,3470,29702,4529,29702,766,70
1624,3470,29703,4529,29703,766,70
1624,3470,29704,4529,29704,766,70
1624,3470,29705,4529,29705,766,70
1624,3470,29706,4529,29706,766,70
1624,3470,29707,4529,29707,766,70
1624,3470,29708,4529,29708,766,70
1624,3470,29709,4529,29709,766,70
1624,3470,29710,4529,29710,766,70
1624,3470,29711,4529,29711,766,70
1624,3470,29712,4529,29712,766,70
1624,3470,29713,4529,29713,766,70
1624,3470,29714,4529,29714,766,70
1624,3470,29715,4529,29715,766,70
1624,3470,29716,4529,29716,766,70
1624,3470,29717,4529,29717,766,70
1624,3470,29718,4529,29718,766,70
1624,3470,29719,4529,29719,766,70
1624,3470,29720,4529,29720,766,70
1624,3470,29721,4529,29721,766,70
1624,3470,29722,4529,29722,766,70
1624,3470,29723,4529,29723,766,70
1624,3470,29724,4529,29724,766,70
1624,3470,29725,4529,29725,766,70
1624,3470,29726,4529,29726,766,70
1624,3470,29727,4529,29727,766,70
1624,3470,29728,4529,29728,766,70
1624,3470,29729,4529,29729,766,70
1624,3470,29730,4529,29730,766,70
1624,3470,29731,4529,29731,766,70
1624,3470,29732,4529,29732,766,70
1624,3470,29733,4529,29733,766,70
1624,3470,29734,4529,29734,766,70
1624,3470,29735,4529,29735,766,70
1624,3470,29736,4529,29736,766,70
1624,3470,29737,4529,29737,766,70
1624,3470,29738,4529,29738,766,70
1624,3470,29739,4529,29739,766,70
1624,3470,29740,4529,29740,766,70
1624,3470,29741,4529,29741,766,70
1624,3470,29742,4529,29742,766,70
1624,3470,29743,4529,29743,766,70
1624,3470,29744,4529,29744,766,70
1624,3470,29745,4529,29745,766,70
1624,3470,29746,4529,29746,766,70
1624,3470,29747,4529,29747,766,70
1624,3470,29748,4529,29748,766,70
1624,3470,29749,4529,29749,766,70
1624,3470,29750,4529,29750,766,70
1624,3470,29751,4529,29751,766,70
1624,3470,29752,4529,29752,766,70
1624,3470,29753,4529,29753,766,70
1624,3470,29754,4529,29754,766,70
1624,3470,29755,4529,29755,766,70
1624,3470,29756,4529,29756,766,70
1624,3470,29757,4529,29757,766,70
1624,3470,29758,4529,29758,766,70
1624,3470,29759,4529,29759,766,70
1624,3470,29760,4529,29760,766,70
1624,3470,29761,4529,29761,766,70
1624,3470,29762,4529,29762,766,70
1623,3470,29763,4529,29763,766,70
1622,3470,29764,4529,29764,766,70
1622,3470,29765,4529,29765,766,70
1622,3470,29766,4529,29766,766,70
1622,3470,29767,4529,29767,766,70
1622,3470,29768,4529,29768,766,70
1622,3470,29769,4529,29769,766,70
1622,3470,29770,4529,29770,766,70
1622,3470,29771,4529,29771,766,70
1622,3470,29772,4529,29772,766,70
1622,3470,29773,4529,29773,766,70
1623,3470,29774,4529,29774,766,70
1623,3470,29775,4529,29775,766,70
1623,3470,29776,4529,29776,766,70
1622,3470,29777,4529,29777,766,70
1622,3470,29778,4529,29778,766,70
1622,3470,29779,4529,29779,766,70
1622,3470,29780,4529,29780,766,70
1623,3470,29781,4529,29781,766,70
1622,3470,29782,4529,29782,766,70
1622,3470,29783,4529,29783,766,70
1622,3470,29784,4529,29784,766,70
1622,3470,29785,4529,29785,766,70
1622,3470,29786,4529,29786,766,70
1622,3470,29787,4529,29787,766,70
1623,3470,29788,4529,29788,766,70
1623,3470,29789,4529,29789,766,70
1623,3470,29790,4529,29790,766,70
1623,3470,29791,4529,29791,766,70
1623,3470,29792,4529,29792,766,70
1623,3470,29793,4529,29793,766,70
1623,3470,29794,4529,29794,766,70
1623,3470,29795,4529,29795,766,70
1623,3470,29796,4529,29796,766,70
1623,3470,29797,4529,29797,766,70
1623,3470,29798,4529,29798,766,70
1623,3470,29799,4529,29799,766,70
1623,3470,29800,4529,29800,766,70
1623,3470,29801,4529,29801,766,70
1623,3470,29802,4529,29802,766,70
1623,3470,29803,4529,29803,766,70
1624,3470,29804,4529,29804,766,70
1624,3470,29805,4529,29805,766,70
1624,3470,29806,4529,29806,766,70
1624,3470,29807,4529,29807,766,70
1624,3470,29808,4529,29808,766,70
1624,3470,29809,4529,29809,766,70
1624,3470,29810,4529,29810,766,70
1624,3470,29811,4529,29811,766,70
1624,3470,29812,4529,29812,766,70
1624,3470,29813,4529,29813,766,70
1625,3470,29814,4529,29814,766,70
1625,3470,29815,4529,29815,766,70
1625,3470,29816,4529,29816,766,70
1625,3470,29817,4529,29817,766,70
1625,3470,29818,4529,29818,766,70
1625,3470,29819,4529,29819,766,70
1625,3470,29820,4529,29820,766,70
1625,3470,29821,4529,29821,766,70
1625,3470,29822,4529,29822,766,70
1625,3470,29823,4529,29823,766,70
1625,3470,29824,4529,29824,766,70
1625,3470,29825,4529,29825,766,70
1625,3470,29826,4529,29826,766,70
1625,3470,29827,4529,29827,766,70
1625,3470,29828,4529,29828,766,70
1625,3470,29829,4529,29829,766,70
1625,3470,29830,4529,29830,766,70
1625,3470,29831,4529,29831,766,70
1625,3470,29832,4529,29832,766,70
1625,3470,29833,4529,29833,766,70
1625,3470,29834,4529,29834,766,70
1624,3470,29835,4529,29835,766,69
1624,3470,29836,4529,29836,766,69
1624,3470,29837,4529,29837,766,69
1624,3470,29838,4529,29838,766,69
1624,3470,29839,4529,29839,766,69
1624,3470,29840,4529,29840,766,69
1624,3470,29841,4529,29841,766,69
1624,3470,29842,4529,29842,766,69
1624,3470,29843,4529,29843,766,69
1624,3470,29844,4529,29844,766,69
1624,3470,29845,4529,29845,766,69
1624,3470,29846,4529,29846,766,69
1624,3470,29847,4529,29847,766,69
1624,3470,29848,4529,29848,766,69
1624,3470,29849,4529,29849,766,69
1624,3470,29850,4529,29850,766,69
1624,3470,29851,4529,29851,766,69
1624,3470,29852,4529,29852,766,69
1624,3470,29853,4529,29853,766,69
1624,3470,29854,4529,29854,766,69
1624,3470,29855,4529,29855,766,69
1624,3470,29856,4529,29856,766,69
1624,3470,29857,4529,29857,766,69
1624,3470,29858,4529,29858,766,69
1624,3470,29859,4529,29859,766,69
1624,3470,29860,4529,29860,766,69
1624,3470,29861,4529,29861,766,69
1624,3470,29862,4529,29862,766,69
1624,3470,29863,4529,29863,766,69
1624,3470,29864,4529,29864,766,69
1624,3470,29865,4529,29865,766,69
1624,3470,29866,4529,29866,766,69
1624,3470,29867,4529,29867,766,69
1624,3470,29868,4529,29868,766,69
1624,3470,29869,4529,29869,766,69
1624,3470,29870,4529,29870,766,69
1624,3470,29871,4529,29871,766,69
1623,3470,29872,4529,29872,766,69
1623,3470,29873,4529,29873,766,69
1623,3470,29874,4529,29874,766,69
1623,3470,29875,4529,29875,766,69
1623,3470,29876,4529,29876,766,69
1623,3470,29877,4529,29877,766,69
1623,3470,29878,4529,29878,766,69
1623,3470,29879,4529,29879,766,69
1623,3470,29880,4529,29880,766,69
1623,3470,29881,4529,29881,766,69
1623,3470,29882,4529,29882,766,69
1623,3470,29883,4529,29883,766,69
1622,3470,29884,4529,29884,766,69
1622,3470,29885,4529,29885,766,69
1622,3470,29886,4529,29886,766,69
1622,3470,29887,4529,29887,766,69
1621,3470,29888,4529,29888,766,69
1621,3470,29889,4529,29889,766,69
1621,3470,29890,4529,29890,766,69
1621,3470,29891,4529,29891,766,69
1621,3470,29892,4529,29892,766,69
1621,3470,29893,4529,29893,766,69
1621,3470,29894,4529,29894,766,69
1621,3470,29895,4529,29895,766,69
1621,3470,29896,4529,29896,766,69
1621,3470,29897,4529,29897,766,69
1621,3470,29898,4529,29898,766,69
1621,3470,29899,4529,29899,766,69
1621,3470,29900,4529,29900,766,69
1621,3470,29901,4529,29901,766,69
1621,3470,29902,4529,29902,766,69
1621,3470,29903,4529,29903,766,69
1621,3470,29904,4529,29904,766,69
1621,3470,29905,4529,29905,766,69
1621,3470,29906,4529,29906,766,69
1621,3470,29907,4529,29907,766,69
1621,3470,29908,4529,29908,766,69
1621,3470,29909,4529,29909,766,69
1621,3470,29910,4529,29910,766,69
1621,3470,29911,4529,29911,766,69
1621,3470,29912,4529,29912,766,69
1621,3470,29913,4529,29913,766,69
1621,3470,29914,4529,29914,766,69
1621,3470,29915,4529,29915,766,69
1621,3470,29916,4529,29916,766,69
1621,3470,29917,4529,29917,766,69
1621,3470,29918,4529,29918,766,69
1621,3470,29919,4529,29919,766,69
1621,3470,29920,4529,29920,766,69
1621,3470,29921,4529,29921,766,69
1621,3470,29922,4529,29922,766,69
1621,3470,29923,4529,29923,766,69
1621,3470,29924,4529,29924,766,69
1621,3470,29925,4529,29925,766,69
1621,3470,29926,4529,29926,766,69
1621,3470,29927,4529,29927,766,69
1621,3470,29928,4529,29928,766,69
1621,3470,29929,4529,29929,766,69
1621,3470,29930,4529,29930,766,69
1621,3470,29931,4529,29931,766,69
1621,3470,29932,4529,29932,766,69
1621,3470,29933,4529,29933,766,69
1621,3470,29934,4529,29934,766,69
1621,3470,29935,4529,29935,766,69
1621,3470,29936,4529,29936,766,69
1621,3470,29937,4529,29937,766,69
1621,3470,29938,4529,29938,766,69
1621,3470,29939,4529,29939,766,69
1621,3470,29940,4529,29940,766,69
1621,3470,29941,4529,29941,766,69
1621,3470,29942,4529,29942,766,69
1621,3470,29943,4529,29943,766,69
1621,3470,29944,4529,29944,766,69
1622,3470,29945,4529,29945,766,69
1622,3470,29946,4529,29946,766,69
1622,3470,29947,4529,29947,766,69
1622,3470,29948,4529,29948,766,69
1622,3470,29949,4529,29949,766,69
1622,3470,29950,4529,29950,766,69
1622,3470,29951,4529,29951,766,69
1622,3470,29952,4529,29952,766,69
1622,3470,29953,4529,29953,766,69
1622,3470,29954,4529,29954,766,69
1622,3470,29955,4529,29955,766,69
1622,3470,29956,4529,29956,766,69
1622,3470,29957,4529,29957,766,69
1622,3470,29958,4529,29958,766,69
1621,3470,29959,4529,29959,766,69
1621,3470,29960,4529,29960,766,69
1621,3470,29961,4529,29961,766,69
1621,3470,29962,4529,29962,766,69
1621,3470,29963,4529,29963,766,69
1621,3470,29964,4529,29964,766,69
1621,3470,29965,4529,29965,766,69
1621,3470,29966,4529,29966,766,69
1621,3470,29967,4529,29967,766,69
1621,3470,29968,4529,29968,766,69
1621,3470,29969,4529,29969,766,69
1621,3470,29970,4529,29970,766,69
1621,3470,29971,4529,29971,766,69
1621,3470,29972,4529,29972,766,69
1621,3470,29973,4529,29973,766,69
1621,3470,29974,4529,29974,766,69
1621,3470,29975,4529,29975,766,69
1622,3470,29976,4529,29976,766,69
1622,3470,29977,4529,29977,766,69
1622,3470,29978,4529,29978,766,69
1622,3470,29979,4529,29979,766,69
1622,3470,29980,4529,29980,766,69
1622,3470,29981,4529,29981,766,69
1622,3470,29982,4529,29982,766,69
1622,3470,29983,4529,29983,766,69
1622,3470,29984,4529,29984,766,69
1622,3470,29985,4529,29985,766,69
1622,3470,29986,4529,29986,766,69
1622,3470,29987,4529,29987,766,69
1622,3470,29988,4529,29988,766,69
1622,3470,29989,4529,29989,766,69
1622,3470,29990,4529,29990,766,69
1622,3470,29991,4529,29991,766,69
1622,3470,29992,4529,29992,766,69
1622,3470,29993,4529,29993,766,69
1622,3470,29994,4529,29994,766,69
1622,3470,29995,4529,29995,766,69
1622,3470,29996,4529,29996,766,69
1622,3470,29997,4529,29997,766,69
1622,3470,29998,4529,29998,766,69
1622,3470,29999,4529,29999,766,69
1622,3470,30000,4529,30000,766,69
1622,3470,30001,4529,30001,766,69
1622,3470,30002,4529,30002,766,69
1622,3470,30003,4529,30003,766,69
1622,3470,30004,4529,30004,766,69
1622,3470,30005,4529,30005,766,69
1622,3470,30006,4529,30006,766,69
1622,3470,30007,4529,30007,766,69
1622,3470,30008,4529,30008,766,69
1622,3470,30009,4529,30009,766,69
1622,3470,30010,4529,30010,766,69
1622,3470,30011,4529,30011,766,69
1622,3470,30012,4529,30012,766,69
1622,3470,30013,4529,30013,766,69
1622,3470,30014,4529,30014,766,69
1622,3470,30015,4529,30015,766,69
1622,3470,30016,4529,30016,766,69
1622,3470,30017,4529,30017,766,69
1622,3470,30018,4529,30018,766,69
1622,3470,30019,4529,30019,766,69
1622,3470,30020,4529,30020,766,69
1622,3470,30021,4529,30021,766,69
1622,3470,30022,4529,30022,766,69
1622,3470,30023,4529,30023,766,69
1622,3470,30024,4529,30024,766,69
1622,3470,30025,4529,30025,766,69
1622,3470,30026,4529,30026,766,69
1622,3470,30027,4529,30027,766,69
1622,3470,30028,4529,30028,766,69
1622,3470,30029,4529,30029,766,69
1622,3470,30030,4529,30030,766,69
1622,3470,30031,4529,30031,766,69
1622,3470,30032,4529,30032,766,69
1622,3470,30033,4529,30033,766,69
1622,3470,30034,4529,30034,766,69
1622,3470,30035,4529,30035,766,69
1622,3470,30036,4529,30036,766,69
1622,3470,30037,4529,30037,766,69
1621,3470,30038,4529,30038,766,69
1621,3470,30039,4529,30039,766,69
1621,3470,30040,4529,30040,766,69
1621,3470,30041,4529,30041,766,69
1621,3470,30042,4529,30042,766,69
1621,3470,30043,4529,30043,766,69
1621,3470,30044,4529,30044,766,69
1621,3470,30045,4529,30045,766,69
1621,3470,30046,4529,30046,766,69
1621,3470,30047,4529,30047,766,69
1621,3470,30048,4529,30048,766,69
1622,3470,30049,4529,30049,766,69
1622,3470,30050,4529,30050,766,69
1622,3470,30051,4529,30051,766,69
1622,3470,30052,4529,30052,766,69
1621,3470,30053,4529,30053,766,69
1621,3470,30054,4529,30054,766,69
1621,3470,30055,4529,30055,766,69
1621,3470,30056,4529,30056,766,69
1621,3470,30057,4529,30057,766,69
1621,3470,30058,4529,30058,766,69
1621,3470,30059,4529,30059,766,69
1621,3470,30060,4529,30060,766,69
1621,3470,30061,4529,30061,766,69
1621,3470,30062,4529,30062,766,69
1621,3470,30063,4529,30063,766,69
1621,3470,30064,4529,30064,766,69
1621,3470,30065,4529,30065,766,69
1621,3470,30066,4529,30066,766,69
1621,3470,30067,4529,30067,766,69
1621,3470,30068,4529,30068,766,69
1621,3470,30069,4529,30069,766,69
1621,3470,30070,4529,30070,766,69
1621,3470,30071,4529,30071,766,69
1621,3470,30072,4529,30072,766,69
1621,3470,30073,4529,30073,766,69
1621,3470,30074,4529,30074,766,69
1621,3470,30075,4529,30075,766,69
1621,3470,30076,4529,30076,766,69
1621,3470,30077,4529,30077,766,69
1622,3470,30078,4529,30078,766,69
1622,3470,30079,4529,30079,766,69
1622,3470,30080,4529,30080,766,69
1622,3470,30081,4529,30081,766,69
1622,3470,30082,4529,30082,766,69
1622,3470,30083,4529,30083,766,69
1622,3470,30084,4529,30084,766,69
1622,3470,30085,4529,30085,766,69
1622,3470,30086,4529,30086,766,69
1622,3470,30087,4529,30087,766,69
1622,3470,30088,4529,30088,766,69
1622,3470,30089,4529,30089,766,69
1622,3470,30090,4529,30090,766,69
1622,3470,30091,4529,30091,766,69
1622,3470,30092,4529,30092,766,69
1622,3470,30093,4529,30093,766,69
1622,3470,30094,4529,30094,766,69
1622,3470,30095,4529,30095,766,69
1622,3470,30096,4529,30096,766,69
1622,3470,30097,4529,30097,766,69
1622,3470,30098,4529,30098,766,69
1622,3470,30099,4529,30099,766,69
1622,3470,30100,4529,30100,766,69
1622,3470,30101,4529,30101,766,69
1622,3470,30102,4529,30102,766,69
1622,3470,30103,4529,30103,766,69
1622,3470,30104,4529,30104,766,69
1622,3470,30105,4529,30105,766,69
1622,3470,30106,4529,30106,766,69
1622,3470,30107,4529,30107,766,69
1622,3470,30108,4529,30108,766,69
1622,3470,30109,4529,30109,766,69
1622,3470,30110,4529,30110,766,69
1622,3470,30111,4529,30111,766,69
1622,3470,30112,4529,30112,766,69
1622,3470,30113,4529,30113,766,69
1622,3470,30114,4529,30114,766,69
1622,3470,30115,4529,30115,766,69
1622,3470,30116,4529,30116,766,69
1622,3470,30117,4529,30117,766,69
1622,3470,30118,4529,30118,766,69
1622,3470,30119,4529,30119,766,69
1622,3470,30120,4529,30120,766,69
1622,3470,30121,4529,30121,766,69
1622,3470,30122,4529,30122,766,69
1622,3470,30123,4529,30123,766,69
1622,3470,30124,4529,30124,766,69
1622,3470,30125,4529,30125,766,69
1622,3470,30126,4529,30126,766,69
1622,3470,30127,4529,30127,766,69
1622,3470,30128,4529,30128,766,69
1622,3470,30129,4529,30129,766,69
1622,3470,30130,4529,30130,766,69
1622,3470,30131,4529,30131,766,69
1622,3470,30132,4529,30132,766,69
1622,3470,30133,4529,30133,766,69
1622,3470,30134,4529,30134,766,69
1622,3470,30135,4529,30135,766,69
1622,3470,30136,4529,30136,766,69
1622,3470,30137,4529,30137,766,69
1621,3470,30138,4529,30138,766,69
1621,3470,30139,4529,30139,766,69
1621,3470,30140,4529,30140,766,69
1621,3470,30141,4529,30141,766,69
1621,3470,30142,4529,30142,766,69
1621,3470,30143,4529,30143,766,69
1621,3470,30144,4529,30144,766,69
1622,3470,30145,4529,30145,766,69
1622,3470,30146,4529,30146,766,69
1622,3470,30147,4529,30147,766,69
1622,3470,30148,4529,30148,766,69
1622,3470,30149,4529,30149,766,69
1621,3470,30150,4529,30150,766,69
1621,3470,30151,4529,30151,766,69
1621,3470,30152,4529,30152,766,69
1621,3470,30153,4529,30153,766,69
1621,3470,30154,4529,30154,766,69
1621,3470,30155,4529,30155,766,69
1621,3470,30156,4529,30156,766,69
1621,3470,30157,4529,30157,766,69
1621,3470,30158,4529,30158,766,69
1621,3470,30159,4529,30159,766,69
1621,3470,30160,4529,30160,766,69
1621,3470,30161,4529,30161,766,69
1621,3470,30162,4529,30162,766,69
1621,3470,30163,4529,30163,766,69
1621,3470,30164,4529,30164,766,69
1621,3470,30165,4529,30165,766,69
1621,3470,30166,4529,30166,766,69
1620,3470,30167,4529,30167,766,69
1620,3470,30168,4529,30168,766,69
1620,3470,30169,4529,30169,766,69
1620,3470,30170,4529,30170,766,69
1620,3470,30171,4529,30171,766,69
1620,3470,30172,4529,30172,766,69
1620,3470,30173,4529,30173,766,69
1620,3470,30174,4529,30174,766,69
1620,3470,30175,4529,30175,766,69
1620,3470,30176,4529,30176,766,69
1620,3470,30177,4529,30177,766,69
1620,3470,30178,4529,30178,766,69
1620,3470,30179,4529,30179,766,69
1620,3470,30180,4529,30180,766,69
1620,3470,30181,4529,30181,766,69
1620,3470,30182,4529,30182,766,69
1620,3470,30183,4529,30183,766,69
1620,3470,30184,4529,30184,766,69
1620,3470,30185,4529,30185,766,69
1620,3470,30186,4529,30186,766,69
1620,3470,30187,4529,30187,766,69
1620,3470,30188,4529,30188,766,69
1620,3470,30189,4529,30189,766,69
1620,3470,30190,4529,30190,766,69
1620,3470,30191,4529,30191,766,69
1620,3470,30192,4529,30192,766,69
1620,3470,30193,4529,30193,766,69
1620,3470,30194,4529,30194,766,69
1620,3470,30195,4529,30195,766,69
1620,3470,30196,4529,30196,766,69
1620,3470,30197,4529,30197,766,69
1620,3470,30198,4529,30198,766,69
1620,3470,30199,4529,30199,766,69
1620,3470,30200,4529,30200,766,69
1620,3470,30201,4529,30201,766,69
1619,3470,30202,4529,30202,766,69
1619,3470,30203,4529,30203,766,69
1619,3470,30204,4529,30204,766,69
1619,3470,30205,4529,30205,766,69
1619,3470,30206,4529,30206,766,69
1619,3470,30207,4529,30207,766,69
1619,3470,30208,4529,30208,766,69
1619,3470,30209,4529,30209,766,69
1619,3470,30210,4529,30210,766,69
1619,3470,30211,4529,30211,766,69
1619,3470,30212,4529,30212,766,69
1619,3470,30213,4529,30213,766,69
1619,3470,30214,4529,30214,766,69
1619,3470,30215,4529,30215,766,69
1619,3470,30216,4529,30216,766,69
1619,3470,30217,4529,30217,766,69
1619,3470,30218,4529,30218,766,69
1619,3470,30219,4529,30219,766,69
1619,3470,30220,4529,30220,766,69
1619,3470,30221,4529,30221,766,69
1619,3470,30222,4529,30222,766,69
1619,3470,30223,4529,30223,766,69
1619,3470,30224,4529,30224,766,69
1619,3470,30225,4529,30225,766,69
1619,3470,30226,4529,30226,766,69
1619,3470,30227,4529,30227,766,69
1619,3470,30228,4529,30228,766,69
1619,3470,30229,4529,30229,766,69
1619,3470,30230,4529,30230,766,69
1619,3470,30231,4529,30231,766,69
1619,3470,30232,4529,30232,766,69
1619,3470,30233,4529,30233,766,69
1619,3470,30234,4529,30234,766,69
1619,3470,30235,4529,30235,766,69
1619,3470,30236,4529,30236,766,69
1619,3470,30237,4529,30237,766,69
1619,3470,30238,4529,30238,766,69
1619,3470,30239,4529,30239,766,69
1619,3470,30240,4529,30240,766,69
1619,3470,30241,4529,30241,766,69
1619,3470,30242,4529,30242,766,69
1619,3470,30243,4529,30243,766,69
1619,3470,30244,4529,30244,766,69
1619,3470,30245,4529,30245,766,69
1619,3470,30246,4529,30246,766,69
1619,3470,30247,4529,30247,766,69
1619,3470,30248,4529,30248,766,69
1619,3470,30249,4529,30249,766,69
1619,3470,30250,4529,30250,766,69
1619,3470,30251,4529,30251,766,69
1619,3470,30252,4529,30252,766,69
1619,3470,30253,4529,30253,766,69
1619,3470,30254,4529,30254,766,69
1619,3470,30255,4529,30255,766,69
1619,3470,30256,4529,30256,766,69
1619,3470,30257,4529,30257,766,69
1619,3470,30258,4529,30258,766,69
1618,3470,30259,4529,30259,766,69
1618,3470,30260,4529,30260,766,69
1618,3470,30261,4529,30261,766,69
1618,3470,30262,4529,30262,766,69
1618,3470,30263,4529,30263,766,69
1618,3470,30264,4529,30264,766,69
1618,3470,30265,4529,30265,766,69
1618,3470,30266,4529,30266,766,69
1618,3470,30267,4529,30267,766,69
1618,3470,30268,4529,30268,766,69
1618,3470,30269,4529,30269,766,69
1618,3470,30270,4529,30270,766,69
1618,3470,30271,4529,30271,766,69
1618,3470,30272,4529,30272,766,69
1618,3470,30273,4529,30273,766,69
1618,3470,30274,4529,30274,766,69
1618,3470,30275,4529,30275,766,69
1618,3470,30276,4529,30276,766,69
1618,3470,30277,4529,30277,766,69
1618,3470,30278,4529,30278,766,69
1618,3470,30279,4529,30279,766,69
1618,3470,30280,4529,30280,766,69
1618,3470,30281,4529,30281,766,69
1618,3470,30282,4529,30282,766,69
1618,3470,30283,4529,30283,766,69
1618,3470,30284,4529,30284,766,69
1618,3470,30285,4529,30285,766,69
1618,3470,30286,4529,30286,766,69
1618,3470,30287,4529,30287,766,69
1618,3470,30288,4529,30288,766,69
1618,3470,30289,4529,30289,766,69
1618,3470,30290,4529,30290,766,69
1618,3470,30291,4529,30291,766,69
1618,3470,30292,4529,30292,766,69
1619,3470,30293,4529,30293,766,69
1619,3470,30294,4529,30294,766,69
1619,3470,30295,4529,30295,766,69
1619,3470,30296,4529,30296,766,69
1619,3470,30297,4529,30297,766,69
1619,3470,30298,4529,30298,766,69
1619,3470,30299,4529,30299,766,69
1619,3470,30300,4529,30300,766,69
1619,3470,30301,4529,30301,766,69
1619,3470,30302,4529,30302,766,69
1619,3470,30303,4529,30303,766,69
1619,3470,30304,4529,30304,766,69
1619,3470,30305,4529,30305,766,69
1619,3470,30306,4529,30306,766,69
1619,3470,30307,4529,30307,766,69
1619,3470,30308,4529,30308,766,69
1619,3470,30309,4529,30309,766,69
1619,3470,30310,4529,30310,766,69
1619,3470,30311,4529,30311,766,69
1619,3470,30312,4529,30312,766,69
1619,3470,30313,4529,30313,766,69
1619,3470,30314,4529,30314,766,69
1619,3470,30315,4529,30315,766,69
1619,3470,30316,4529,30316,766,69
1619,3470,30317,4529,30317,766,69
1619,3470,30318,4529,30318,766,69
1619,3470,30319,4529,30319,766,69
1619,3470,30320,4529,30320,766,69
1619,3470,30321,4529,30321,766,69
1619,3470,30322,4529,30322,766,69
1619,3470,30323,4529,30323,766,69
1619,3470,30324,4529,30324,766,69
1619,3470,30325,4529,30325,766,69
1619,3470,30326,4529,30326,766,69
1619,3470,30327,4529,30327,766,69
1619,3470,30328,4529,30328,766,69
1619,3470,30329,4529,30329,766,69
1619,3470,30330,4529,30330,766,69
1619,3470,30331,4529,30331,766,69
1619,3470,30332,4529,30332,766,69
1619,3470,30333,4529,30333,766,69
1619,3470,30334,4529,30334,766,69
1620,3470,30335,4529,30335,766,69
1620,3470,30336,4529,30336,766,69
1620,3470,30337,4529,30337,766,69
1620,3470,30338,4529,30338,766,69
1620,3470,30339,4529,30339,766,69
1620,3470,30340,4529,30340,766,69
1620,3470,30341,4529,30341,766,69
1620,3470,30342,4529,30342,766,69
1620,3470,30343,4529,30343,766,69
1620,3470,30344,4529,30344,766,69
1620,3470,30345,4529,30345,766,69
1620,3470,30346,4529,30346,766,69
1620,3470,30347,4529,30347,766,69
1620,3470,30348,4529,30348,766,69
1620,3470,30349,4529,30349,766,69
1620,3470,30350,4529,30350,766,69
1620,3470,30351,4529,30351,766,69
1620,3470,30352,4529,30352,766,69
1620,3470,30353,4529,30353,766,69
1620,3470,30354,4529,30354,766,69
1620,3470,30355,4529,30355,766,69
1620,3470,30356,4529,30356,766,69
1620,3470,30357,4529,30357,766,69
1620,3470,30358,4529,30358,766,69
1620,3470,30359,4529,30359,766,69
1620,3470,30360,4529,30360,766,69
1620,3470,30361,4529,30361,766,69
1620,3470,30362,4529,30362,766,69
1620,3470,30363,4529,30363,766,69
1620,3470,30364,4529,30364,766,69
1620,3470,30365,4529,30365,766,69
1619,3470,30366,4529,30366,766,69
1619,3470,30367,4529,30367,766,69
1619,3470,30368,4529,30368,766,69
1619,3470,30369,4529,30369,766,69
1619,3470,30370,4529,30370,766,69
1619,3470,30371,4529,30371,766,69
1619,3470,30372,4529,30372,766,69
1619,3470,30373,4529,30373,766,69
1619,3470,30374,4529,30374,766,69
1619,3470,30375,4529,30375,766,69
1619,3470,30376,4529,30376,766,69
1619,3470,30377,4529,30377,766,69
1619,3470,30378,4529,30378,766,69
1619,3470,30379,4529,30379,766,69
1619,3470,30380,4529,30380,766,69
1619,3470,30381,4529,30381,766,69
1619,3470,30382,4529,30382,766,69
1619,3470,30383,4529,30383,766,69
1619,3470,30384,4529,30384,766,69
1619,3470,30385,4529,30385,766,69
1619,3470,30386,4529,30386,766,69
1619,3470,30387,4529,30387,766,69
1619,3470,30388,4529,30388,766,69
1619,3470,30389,4529,30389,766,69
1619,3470,30390,4529,30390,766,69
1619,3470,30391,4529,30391,766,69
1619,3470,30392,4529,30392,766,69
1619,3470,30393,4529,30393,766,69
1619,3470,30394,4529,30394,766,69
1619,3470,30395,4529,30395,766,69
1619,3470,30396,4529,30396,766,69
1619,3470,30397,4529,30397,766,69
1619,3470,30398,4529,30398,766,69
1619,3470,30399,4529,30399,766,69
1619,3470,30400,4529,30400,766,69
1619,3470,30401,4529,30401,766,69
1619,3470,30402,4529,30402,766,69
1619,3470,30403,4529,30403,766,69
1619,3470,30404,4529,30404,766,69
1619,3470,30405,4529,30405,766,69
1619,3470,30406,4529,30406,766,69
1619,3470,30407,4529,30407,766,69
1619,3470,30408,4529,30408,766,69
1619,3470,30409,4529,30409,766,69
1619,3470,30410,4529,30410,766,69
1619,3470,30411,4529,30411,766,69
1619,3470,30412,4529,30412,766,69
1619,3470,30413,4529,30413,766,69
1619,3470,30414,4529,30414,766,69
1619,3470,30415,4529,30415,766,69
1619,3470,30416,4529,30416,766,69
1619,3470,30417,4529,30417,766,69
1619,3470,30418,4529,30418,766,69
1619,3470,30419,4529,30419,766,69
1619,3470,30420,4529,30420,766,69
1619,3470,30421,4529,30421,766,69
1619,3470,30422,4529,30422,766,69
1619,3470,30423,4529,30423,766,69
1619,3470,30424,4529,30424,766,69
1619,3470,30425,4529,30425,766,69
1619,3470,30426,4529,30426,766,69
1619,3470,30427,4529,30427,766,69
1619,3470,30428,4529,30428,766,69
1619,3470,30429,4529,30429,766,69
1619,3470,30430,4529,30430,766,69
1619,3470,30431,4529,30431,766,69
1619,3470,30432,4529,30432,766,69
1619,3470,30433,4529,30433,766,69
1619,3470,30434,4529,30434,766,69
1619,3470,30435,4529,30435,766,69
1619,3470,30436,4529,30436,766,69
1619,3470,30437,4529,30437,766,69
1619,3470,30438,4529,30438,766,69
1619,3470,30439,4529,30439,766,69
1619,3470,30440,4529,30440,766,69
1619,3470,30441,4529,30441,766,69
1619,3470,30442,4529,30442,766,69
1619,3470,30443,4529,30443,766,69
1619,3470,30444,4529,30444,766,69
1619,3470,30445,4529,30445,766,69
1619,3470,30446,4529,30446,766,69
1619,3470,30447,4529,30447,766,69
1619,3470,30448,4529,30448,766,69
1619,3470,30449,4529,30449,766,69
1619,3470,30450,4529,30450,766,69
1619,3470,30451,4529,30451,766,69
1619,3470,30452,4529,30452,766,69
1619,3470,30453,4529,30453,766,69
1619,3470,30454,4529,30454,766,69
1619,3470,30455,4529,30455,766,69
1619,3470,30456,4529,30456,766,69
1619,3470,30457,4529,30457,766,69
1619,3470,30458,4529,30458,766,69
1619,3470,30459,4529,30459,766,69
1619,3470,30460,4529,30460,766,69
1619,3470,30461,4529,30461,766,69
1619,3470,30462,4529,30462,766,69
1619,3470,30463,4529,30463,766,69
1619,3470,30464,4529,30464,766,69
1619,3470,30465,4529,30465,766,69
1619,3470,30466,4529,30466,766,69
1619,3470,30467,4529,30467,766,69
1619,3470,30468,4529,30468,766,69
1619,3470,30469,4529,30469,766,69
1619,3470,30470,4529,30470,766,69
1619,3470,30471,4529,30471,766,69
1619,3470,30472,4529,30472,766,69
1619,3470,30473,4529,30473,766,69
1619,3470,30474,4529,30474,766,69
1619,3470,30475,4529,30475,766,69
1619,3470,30476,4529,30476,766,69
1619,3470,30477,4529,30477,766,69
1619,3470,30478,4529,30478,766,69
1619,3470,30479,4529,30479,766,69
1619,3470,30480,4529,30480,766,69
1619,3470,30481,4529,30481,766,69
1619,3470,30482,4529,30482,766,69
1619,3470,30483,4529,30483,766,69
1619,3470,30484,4529,30484,766,69
1619,3470,30485,4529,30485,766,69
1619,3470,30486,4529,30486,766,69
1619,3470,30487,4529,30487,766,69
1619,3470,30488,4529,30488,766,69
1619,3470,30489,4529,30489,766,69
1619,3470,30490,4529,30490,766,69
1619,3470,30491,4529,30491,766,69
1619,3470,30492,4529,30492,766,69
1619,3470,30493,4529,30493,766,69
1619,3470,30494,4529,30494,766,69
1619,3470,30495,4529,30495,766,69
1618,3470,30496,4529,30496,766,69
1618,3470,30497,4529,30497,766,69
1618,3470,30498,4529,30498,766,69
1618,3470,30499,4529,30499,766,69
1618,3470,30500,4529,30500,766,69
1618,3470,30501,4529,30501,766,69
1618,3470,30502,4529,30502,766,69
1618,3470,30503,4529,30503,766,69
1618,3470,30504,4529,30504,766,69
1618,3470,30505,4529,30505,766,69
1618,3470,30506,4529,30506,766,69
1618,3470,30507,4529,30507,766,69
1618,3470,30508,4529,30508,766,69
1618,3470,30509,4529,30509,766,69
1618,3470,30510,4529,30510,766,69
1618,3470,30511,4529,30511,766,69
1618,3470,30512,4529,30512,766,69
1618,3470,30513,4529,30513,766,69
1618,3470,30514,4529,30514,766,69
1618,3470,30515,4529,30515,766,69
1618,3470,30516,4529,30516,766,69
1618,3470,30517,4529,30517,766,69
1617,3470,30518,4529,30518,766,69
1617,3470,30519,4529,30519,766,69
1617,3470,30520,4529,30520,766,69
1617,3470,30521,4529,30521,766,69
1617,3470,30522,4529,30522,766,69
1617,3470,30523,4529,30523,766,69
1617,3470,30524,4529,30524,766,69
1617,3470,30525,4529,30525,766,69
1617,3470,30526,4529,30526,766,69
1617,3470,30527,4529,30527,766,69
1617,3470,30528,4529,30528,766,69
1617,3470,30529,4529,30529,766,69
1617,3470,30530,4529,30530,766,69
1617,3470,30531,4529,30531,766,69
1617,3470,30532,4529,30532,766,69
1617,3470,30533,4529,30533,766,69
1617,3470,30534,4529,30534,766,69
1617,3470,30535,4529,30535,766,69
1617,3470,30536,4529,30536,766,69
1617,3470,30537,4529,30537,766,69
1617,3470,30538,4529,30538,766,69
1617,3470,30539,4529,30539,766,69
1617,3470,30540,4529,30540,766,69
1617,3470,30541,4529,30541,766,69
1617,3470,30542,4529,30542,766,69
1617,3470,30543,4529,30543,766,69
1617,3470,30544,4529,30544,766,69
1617,3470,30545,4529,30545,766,69
1617,3470,30546,4529,30546,766,69
1617,3470,30547,4529,30547,766,69
1617,3470,30548,4529,30548,766,69
1617,3470,30549,4529,30549,766,69
1617,3470,30550,4529,30550,766,69
1617,3470,30551,4529,30551,766,69
1617,3470,30552,4529,30552,766,69
1617,3470,30553,4529,30553,766,69
1617,3470,30554,4529,30554,766,69
1617,3470,30555,4529,30555,766,69
1617,3470,30556,4529,30556,766,69
1617,3470,30557,4529,30557,766,69
1617,3470,30558,4529,30558,766,69
1617,3470,30559,4529,30559,766,69
1617,3470,30560,4529,30560,766,69
1617,3470,30561,4529,30561,766,69
1617,3470,30562,4529,30562,766,69
1617,3470,30563,4529,30563,766,69
1616,3470,30564,4529,30564,766,69
1616,3470,30565,4529,30565,766,69
1616,3470,30566,4529,30566,766,69
1616,3470,30567,4529,30567,766,69
1616,3470,30568,4529,30568,766,69
1616,3470,30569,4529,30569,766,69
1616,3470,30570,4529,30570,766,69
1616,3470,30571,4529,30571,766,69
1616,3470,30572,4529,30572,766,69
1616,3470,30573,4529,30573,766,69
1616,3470,30574,4529,30574,766,69
1616,3470,30575,4529,30575,766,69
1616,3470,30576,4529,30576,766,69
1616,3470,30577,4529,30577,766,69
1616,3470,30578,4529,30578,766,69
1616,3470,30579,4529,30579,766,69
1616,3470,30580,4529,30580,766,69
1616,3470,30581,4529,30581,766,69
1616,3470,30582,4529,30582,766,69
1616,3470,30583,4529,30583,766,69
1616,3470,30584,4529,30584,766,69
1616,3470,30585,4529,30585,766,69
1616,3470,30586,4529,30586,766,69
1616,3470,30587,4529,30587,766,69
1616,3470,30588,4529,30588,766,69
1616,3470,30589,4529,30589,766,69
1616,3470,30590,4529,30590,766,69
1616,3470,30591,4529,30591,766,69
1616,3470,30592,4529,30592,766,69
1616,3470,30593,4529,30593,766,69
1616,3470,30594,4529,30594,766,69
1616,3470,30595,4529,30595,766,69
1616,3470,30596,4529,30596,766,69
1616,3470,30597,4529,30597,766,69
1616,3470,30598,4529,30598,766,69
1616,3470,30599,4529,30599,766,69
1616,3470,30600,4529,30600,766,69
1616,3470,30601,4529,30601,766,69
1616,3470,30602,4529,30602,766,69
1616,3470,30603,4529,30603,766,69
1616,3470,30604,4529,30604,766,69
1616,3470,30605,4529,30605,766,69
1616,3470,30606,4529,30606,766,69
1616,3470,30607,4529,30607,766,69
1616,3470,30608,4529,30608,766,69
1616,3470,30609,4529,30609,766,69
1616,3470,30610,4529,30610,766,69
1616,3470,30611,4529,30611,766,69
1616,3470,30612,4529,30612,766,69
1616,3470,30613,4529,30613,766,69
1616,3470,30614,4529,30614,766,69
1616,3470,30615,4529,30615,766,69
1616,3470,30616,4529,30616,766,69
1616,3470,30617,4529,30617,766,69
1616,3470,30618,4529,30618,766,69
1616,3470,30619,4529,30619,766,69
1616,3470,30620,4529,30620,766,69
1616,3470,30621,4529,30621,766,69
1616,3470,30622,4529,30622,766,69
1616,3470,30623,4529,30623,766,69
1616,3470,30624,4529,30624,766,69
1616,3470,30625,4529,30625,766,69
1616,3470,30626,4529,30626,766,69
1616,3470,30627,4529,30627,766,69
1616,3470,30628,4529,30628,766,69
1616,3470,30629,4529,30629,766,69
1616,3470,30630,4529,30630,766,69
1616,3470,30631,4529,30631,766,69
1616,3470,30632,4529,30632,766,69
1616,3470,30633,4529,30633,766,69
1616,3470,30634,4529,30634,766,69
1616,3470,30635,4529,30635,766,69
1616,3470,30636,4529,30636,766,69
1616,3470,30637,4529,30637,766,69
1616,3470,30638,4529,30638,766,69
1616,3470,30639,4529,30639,766,69
1616,3470,30640,4529,30640,766,69
1616,3470,30641,4529,30641,766,69
1616,3470,30642,4529,30642,766,69
1616,3470,30643,4529,30643,766,69
1616,3470,30644,4529,30644,766,69
1616,3470,30645,4529,30645,766,69
1616,3470,30646,4529,30646,766,69
1616,3470,30647,4529,30647,766,69
1616,3470,30648,4529,30648,766,69
1616,3470,30649,4529,30649,766,69
1616,3470,30650,4529,30650,766,69
1616,3470,30651,4529,30651,766,69
1616,3470,30652,4529,30652,766,69
1616,3470,30653,4529,30653,766,69
1616,3470,30654,4529,30654,766,69
1616,3470,30655,4529,30655,766,69
1616,3470,30656,4529,30656,766,69
1616,3470,30657,4529,30657,766,69
1616,3470,30658,4529,30658,766,69
1616,3470,30659,4529,30659,766,69
1616,3470,30660,4529,30660,766,69
1616,3470,30661,4529,30661,766,69
1616,3470,30662,4529,30662,766,69
1616,3470,30663,4529,30663,766,69
1616,3470,30664,4529,30664,766,69
1616,3470,30665,4529,30665,766,69
1616,3470,30666,4529,30666,766,69
1616,3470,30667,4529,30667,766,69
1616,3470,30668,4529,30668,766,69
1616,3470,30669,4529,30669,766,69
1616,3470,30670,4529,30670,766,69
1616,3470,30671,4529,30671,766,69
1616,3470,30672,4529,30672,766,69
1616,3470,30673,4529,30673,766,69
1616,3470,30674,4529,30674,766,69
1616,3470,30675,4529,30675,766,69
1616,3470,30676,4529,30676,766,69
1616,3470,30677,4529,30677,766,69
1616,3470,30678,4529,30678,766,69
1616,3470,30679,4529,30679,766,69
1616,3470,30680,4529,30680,766,69
1616,3470,30681,4529,30681,766,69
1616,3470,30682,4529,30682,766,69
1616,3470,30683,4529,30683,766,69
1616,3470,30684,4529,30684,766,69
1616,3470,30685,4529,30685,766,69
1616,3470,30686,4529,30686,766,69
1616,3470,30687,4529,30687,766,69
1616,3470,30688,4529,30688,766,69
1616,3470,30689,4529,30689,766,69
1616,3470,30690,4529,30690,766,69
1616,3470,30691,4529,30691,766,69
1616,3470,30692,4529,30692,766,69
1616,3470,30693,4529,30693,766,69
1616,3470,30694,4529,30694,766,69
1616,3470,30695,4529,30695,766,69
1616,3470,30696,4529,30696,766,69
1616,3470,30697,4529,30697,766,69
1616,3470,30698,4529,30698,766,69
1616,3470,30699,4529,30699,766,69
1616,3470,30700,4529,30700,766,69
1616,3470,30701,4529,30701,766,69
1616,3470,30702,4529,30702,766,69
1616,3470,30703,4529,30703,766,69
1616,3470,30704,4529,30704,766,69
1616,3470,30705,4529,30705,766,69
1616,3470,30706,4529,30706,766,69
1616,3470,30707,4529,30707,766,69
1616,3470,30708,4529,30708,766,69
1616,3470,30709,4529,30709,766,69
1616,3470,30710,4529,30710,766,69
1616,3470,30711,4529,30711,766,69
1616,3470,30712,4529,30712,766,69
1616,3470,30713,4529,30713,766,69
1616,3470,30714,4529,30714,766,69
1616,3470,30715,4529,30715,766,69
1616,3470,30716,4529,30716,766,69
1616,3470,30717,4529,30717,766,69
1616,3470,30718,4529,30718,766,69
1616,3470,30719,4529,30719,766,69
1616,3470,30720,4529,30720,766,69
1616,3470,30721,4529,30721,766,69
1616,3470,30722,4529,30722,766,69
1616,3470,30723,4529,30723,766,69
1616,3470,30724,4529,30724,766,69
1616,3470,30725,4529,30725,766,69
1616,3470,30726,4529,30726,766,69
1616,3470,30727,4529,30727,766,69
1616,3470,30728,4529,30728,766,69
1616,3470,30729,4529,30729,766,69
1616,3470,30730,4529,30730,766,69
1616,3470,30731,4529,30731,766,69
1616,3470,30732,4529,30732,766,69
1616,3470,30733,4529,30733,766,69
1616,3470,30734,4529,30734,766,69
1616,3470,30735,4529,30735,766,69
1616,3470,30736,4529,30736,766,69
1617,3470,30737,4529,30737,766,69
1617,3470,30738,4529,30738,766,69
1617,3470,30739,4529,30739,766,69
1617,3470,30740,4529,30740,766,69
1617,3470,30741,4529,30741,766,69
1617,3470,30742,4529,30742,766,69
1617,3470,30743,4529,30743,766,69
1617,3470,30744,4529,30744,766,69
1617,3470,30745,4529,30745,766,69
1617,3470,30746,4529,30746,766,69
1617,3470,30747,4529,30747,766,69
1617,3470,30748,4529,30748,766,69
1617,3470,30749,4529,30749,766,69
1617,3470,30750,4529,30750,766,69
1617,3470,30751,4529,30751,766,69
1617,3470,30752,4529,30752,766,69
1617,3470,30753,4529,30753,766,69
1617,3470,30754,4529,30754,766,69
1617,3470,30755,4529,30755,766,69
1618,3470,30756,4529,30756,766,69
1618,3470,30757,4529,30757,766,69
1618,3470,30758,4529,30758,766,69
1618,3470,30759,4529,30759,766,69
1618,3470,30760,4529,30760,766,69
1618,3470,30761,4529,30761,766,69
1618,3470,30762,4529,30762,766,69
1618,3470,30763,4529,30763,766,69
1618,3470,30764,4529,30764,766,69
1618,3470,30765,4529,30765,766,69
1618,3470,30766,4529,30766,766,69
1618,3470,30767,4529,30767,766,69
1618,3470,30768,4529,30768,766,69
1618,3470,30769,4529,30769,766,69
1618,3470,30770,4529,30770,766,69
1618,3470,30771,4529,30771,766,69
1618,3470,30772,4529,30772,766,69
1618,3470,30773,4529,30773,766,69
1618,3470,30774,4529,30774,766,69
1618,3470,30775,4529,30775,766,69
1618,3470,30776,4529,30776,766,69
1618,3470,30777,4529,30777,766,69
1618,3470,30778,4529,30778,766,69
1618,3470,30779,4529,30779,766,69
1618,3470,30780,4529,30780,766,69
1618,3470,30781,4529,30781,766,69
1618,3470,30782,4529,30782,766,69
1618,3470,30783,4529,30783,766,69
1618,3470,30784,4529,30784,766,69
1618,3470,30785,4529,30785,766,69
1618,3470,30786,4529,30786,766,69
1618,3470,30787,4529,30787,766,69
1618,3470,30788,4529,30788,766,69
1618,3470,30789,4529,30789,766,69
1618,3470,30790,4529,30790,766,69
1618,3470,30791,4529,30791,766,69
1618,3470,30792,4529,30792,766,69
1618,3470,30793,4529,30793,766,69
1618,3470,30794,4529,30794,766,69
1618,3470,30795,4529,30795,766,69
1618,3470,30796,4529,30796,766,69
1618,3470,30797,4529,30797,766,69
1618,3470,30798,4529,30798,766,69
1618,3470,30799,4529,30799,766,69
1618,3470,30800,4529,30800,766,69
1618,3470,30801,4529,30801,766,69
1618,3470,30802,4529,30802,766,69
1618,3470,30803,4529,30803,766,69
1618,3470,30804,4529,30804,766,69
1618,3470,30805,4529,30805,766,69
1618,3470,30806,4529,30806,766,69
1618,3470,30807,4529,30807,766,69
1618,3470,30808,4529,30808,766,69
1618,3470,30809,4529,30809,766,69
1618,3470,30810,4529,30810,766,69
1618,3470,30811,4529,30811,766,69
1618,3470,30812,4529,30812,766,69
1618,3470,30813,4529,30813,766,69
1618,3470,30814,4529,30814,766,69
1618,3470,30815,4529,30815,766,69
1618,3470,30816,4529,30816,766,69
1618,3470,30817,4529,30817,766,69
1618,3470,30818,4529,30818,766,69
1618,3470,30819,4529,30819,766,69
1618,3470,30820,4529,30820,766,69
1618,3470,30821,4529,30821,766,69
1618,3470,30822,4529,30822,766,69
1618,3470,30823,4529,30823,766,69
1618,3470,30824,4529,30824,766,69
1618,3470,30825,4529,30825,766,69
1618,3470,30826,4529,30826,766,69
1618,3470,30827,4529,30827,766,69
1618,3470,30828,4529,30828,766,69
1618,3470,30829,4529,30829,766,69
1618,3470,30830,4529,30830,766,69
1618,3470,30831,4529,30831,766,69
1618,3470,30832,4529,30832,766,69
1618,3470,30833,4529,30833,766,69
1618,3470,30834,4529,30834,766,69
1618,3470,30835,4529,30835,766,69
1618,3470,30836,4529,30836,766,69
1618,3470,30837,4529,30837,766,69
1618,3470,30838,4529,30838,766,69
1618,3470,30839,4529,30839,766,69
1618,3470,30840,4529,30840,766,69
1618,3470,30841,4529,30841,766,69
1618,3470,30842,4529,30842,766,69
1618,3470,30843,4529,30843,766,69
1618,3470,30844,4529,30844,766,69
1618,3470,30845,4529,30845,766,69
1618,3470,30846,4529,30846,766,69
1618,3470,30847,4529,30847,766,69
1618,3470,30848,4529,30848,766,69
1618,3470,30849,4529,30849,766,69
1618,3470,30850,4529,30850,766,69
1618,3470,30851,4529,30851,766,69
1618,3470,30852,4529,30852,766,69
1618,3470,30853,4529,30853,766,69
1618,3470,30854,4529,30854,766,69
1618,3470,30855,4529,30855,766,69
1618,3470,30856,4529,30856,766,69
1618,3470,30857,4529,30857,766,69
1618,3470,30858,4529,30858,766,69
1618,3470,30859,4529,30859,766,69
1618,3470,30860,4529,30860,766,69
1618,3470,30861,4529,30861,766,69
1618,3470,30862,4529,30862,766,69
1618,3470,30863,4529,30863,766,69
1618,3470,30864,4529,30864,766,69
1618,3470,30865,4529,30865,766,69
1618,3470,30866,4529,30866,766,69
1618,3470,30867,4529,30867,766,69
1618,3470,30868,4529,30868,766,69
1618,3470,30869,4529,30869,766,69
1618,3470,30870,4529,30870,766,69
1618,3470,30871,4529,30871,766,69
1618,3470,30872,4529,30872,766,69
1618,3470,30873,4529,30873,766,69
1618,3470,30874,4529,30874,766,69
1618,3470,30875,4529,30875,766,69
1618,3470,30876,4529,30876,766,69
1618,3470,30877,4529,30877,766,69
1618,3470,30878,4529,30878,766,69
1617,3470,30879,4529,30879,766,69
1617,3470,30880,4529,30880,766,69
1617,3470,30881,4529,30881,766,69
1617,3470,30882,4529,30882,766,69
1617,3470,30883,4529,30883,766,69
1617,3470,30884,4529,30884,766,69
1617,3470,30885,4529,30885,766,69
1617,3470,30886,4529,30886,766,69
1617,3470,30887,4529,30887,766,69
1617,3470,30888,4529,30888,766,69
1617,3470,30889,4529,30889,766,69
1617,3470,30890,4529,30890,766,69
1617,3470,30891,4529,30891,766,69
1617,3470,30892,4529,30892,766,69
1617,3470,30893,4529,30893,766,69
1617,3470,30894,4529,30894,766,69
1617,3470,30895,4529,30895,766,69
1617,3470,30896,4529,30896,766,69
1617,3470,30897,4529,30897,766,69
1617,3470,30898,4529,30898,766,69
1617,3470,30899,4529,30899,766,69
1617,3470,30900,4529,30900,766,69
1617,3470,30901,4529,30901,766,69
1617,3470,30902,4529,30902,766,69
1617,3470,30903,4529,30903,766,69
1617,3470,30904,4529,30904,766,69
1617,3470,30905,4529,30905,766,69
1617,3470,30906,4529,30906,766,69
1617,3470,30907,4529,30907,766,69
1617,3470,30908,4529,30908,766,69
1617,3470,30909,4529,30909,766,69
1617,3470,30910,4529,30910,766,69
1617,3470,30911,4529,30911,766,69
1617,3470,30912,4529,30912,766,69
1617,3470,30913,4529,30913,766,69
1617,3470,30914,4529,30914,766,69
1617,3470,30915,4529,30915,766,69
1617,3470,30916,4529,30916,766,69
1617,3470,30917,4529,30917,766,69
1617,3470,30918,4529,30918,766,69
1617,3470,30919,4529,30919,766,69
1617,3470,30920,4529,30920,766,69
1617,3470,30921,4529,30921,766,69
1617,3470,30922,4529,30922,766,69
1617,3470,30923,4529,30923,766,69
1617,3470,30924,4529,30924,766,69
1617,3470,30925,4529,30925,766,69
1617,3470,30926,4529,30926,766,69
1617,3470,30927,4529,30927,766,69
1617,3470,30928,4529,30928,766,69
1617,3470,30929,4529,30929,766,69
1617,3470,30930,4529,30930,766,69
1617,3470,30931,4529,30931,766,69
1617,3470,30932,4529,30932,766,69
1617,3470,30933,4529,30933,766,69
1617,3470,30934,4529,30934,766,69
1617,3470,30935,4529,30935,766,69
1617,3470,30936,4529,30936,766,69
1617,3470,30937,4529,30937,766,69
1617,3470,30938,4529,30938,766,69
1617,3470,30939,4529,30939,766,69
1617,3470,30940,4529,30940,766,69
1617,3470,30941,4529,30941,766,69
1617,3470,30942,4529,30942,766,69
1617,3470,30943,4529,30943,766,69
1617,3470,30944,4529,30944,766,69
1617,3470,30945,4529,30945,766,69
1617,3470,30946,4529,30946,766,69
1617,3470,30947,4529,30947,766,69
1617,3470,30948,4529,30948,766,69
1617,3470,30949,4529,30949,766,69
1617,3470,30950,4529,30950,766,69
1617,3470,30951,4529,30951,766,69
1617,3470,30952,4529,30952,766,69
1617,3470,30953,4529,30953,766,69
1617,3470,30954,4529,30954,766,69
1617,3470,30955,4529,30955,766,69
1617,3470,30956,4529,30956,766,69
1617,3470,30957,4529,30957,766,69
1617,3470,30958,4529,30958,766,69
1617,3470,30959,4529,30959,766,69
1617,3470,30960,4529,30960,766,69
1617,3470,30961,4529,30961,766,69
1617,3470,30962,4529,30962,766,69
1617,3470,30963,4529,30963,766,69
1617,3470,30964,4529,30964,766,69
1617,3470,30965,4529,30965,766,69
1617,3470,30966,4529,30966,766,69
1617,3470,30967,4529,30967,766,69
1617,3470,30968,4529,30968,766,69
1617,3470,30969,4529,30969,766,69
1617,3470,30970,4529,30970,766,69
1617,3470,30971,4529,30971,766,69
1617,3470,30972,4529,30972,766,69
1617,3470,30973,4529,30973,766,69
1617,3470,30974,4529,30974,766,69
1617,3470,30975,4529,30975,766,69
1617,3470,30976,4529,30976,766,69
1617,3470,30977,4529,30977,766,69
1617,3470,30978,4529,30978,766,69
1617,3470,30979,4529,30979,766,69
1617,3470,30980,4529,30980,766,69
1617,3470,30981,4529,30981,766,69
1617,3470,30982,4529,30982,766,69
1617,3470,30983,4529,30983,766,69
1617,3470,30984,4529,30984,766,69
1617,3470,30985,4529,30985,766,69
1617,3470,30986,4529,30986,766,69
1617,3470,30987,4529,30987,766,69
1617,3470,30988,4529,30988,766,69
1617,3470,30989,4529,30989,766,69
1617,3470,30990,4529,30990,766,69
1617,3470,30991,4529,30991,766,69
1617,3470,30992,4529,30992,766,69
1617,3470,30993,4529,30993,766,69
1617,3470,30994,4529,30994,766,69
1617,3470,30995,4529,30995,766,69
1617,3470,30996,4529,30996,766,69
1617,3470,30997,4529,30997,766,69
1617,3470,30998,4529,30998,766,69
1618,3470,30999,4529,30999,766,69
1618,3470,31000,4529,31000,766,69
1618,3470,31001,4529,31001,766,69
1618,3470,31002,4529,31002,766,69
1618,3470,31003,4529,31003,766,69
1618,3470,31004,4529,31004,766,69
1618,3470,31005,4529,31005,766,69
1618,3470,31006,4529,31006,766,69
1618,3470,31007,4529,31007,766,69
1618,3470,31008,4529,31008,766,69
1618,3470,31009,4529,31009,766,69
1618,3470,31010,4529,31010,766,69
1618,3470,31011,4529,31011,766,69
1618,3470,31012,4529,31012,766,69
1618,3470,31013,4529,31013,766,69
1618,3470,31014,4529,31014,766,69
1618,3470,31015,4529,31015,766,69
1618,3470,31016,4529,31016,766,69
1618,3470,31017,4529,31017,766,69
1618,3470,31018,4529,31018,766,69
1618,3470,31019,4529,31019,766,69
1618,3470,31020,4529,31020,766,69
1618,3470,31021,4529,31021,766,69
1618,3470,31022,4529,31022,766,69
1618,3470,31023,4529,31023,766,69
1618,3470,31024,4529,31024,766,69
1618,3470,31025,4529,31025,766,69
1618,3470,31026,4529,31026,766,69
1618,3470,31027,4529,31027,766,69
1618,3470,31028,4529,31028,766,69
1618,3470,31029,4529,31029,766,69
1618,3470,31030,4529,31030,766,69
1618,3470,31031,4529,31031,766,69
1618,3470,31032,4529,31032,766,69
1618,3470,31033,4529,31033,766,69
1618,3470,31034,4529,31034,766,69
1618,3470,31035,4529,31035,766,69
1618,3470,31036,4529,31036,766,69
1618,3470,31037,4529,31037,766,69
1618,3470,31038,4529,31038,766,69
1618,3470,31039,4529,31039,766,69
1618,3470,31040,4529,31040,766,69
1618,3470,31041,4529,31041,766,69
1618,3470,31042,4529,31042,766,69
1618,3470,31043,4529,31043,766,69
1618,3470,31044,4529,31044,766,69
1618,3470,31045,4529,31045,766,69
1618,3470,31046,4529,31046,766,69
1618,3470,31047,4529,31047,766,69
1618,3470,31048,4529,31048,766,69
1618,3470,31049,4529,31049,766,69
1618,3470,31050,4529,31050,766,69
1618,3470,31051,4529,31051,766,69
1618,3470,31052,4529,31052,766,69
1618,3470,31053,4529,31053,766,69
1618,3470,31054,4529,31054,766,69
1618,3470,31055,4529,31055,766,69
1618,3470,31056,4529,31056,766,69
1618,3470,31057,4529,31057,766,69
1617,3470,31058,4529,31058,766,69
1617,3470,31059,4529,31059,766,69
1617,3470,31060,4529,31060,766,69
1617,3470,31061,4529,31061,766,69
1617,3470,31062,4529,31062,766,69
1617,3470,31063,4529,31063,766,69
1617,3470,31064,4529,31064,766,69
1617,3470,31065,4529,31065,766,69
1617,3470,31066,4529,31066,766,69
1617,3470,31067,4529,31067,766,69
1617,3470,31068,4529,31068,766,69
1617,3470,31069,4529,31069,766,69
1617,3470,31070,4529,31070,766,69
1617,3470,31071,4529,31071,766,69
1617,3470,31072,4529,31072,766,69
1617,3470,31073,4529,31073,766,69
1617,3470,31074,4529,31074,766,69
1617,3470,31075,4529,31075,766,69
1617,3470,31076,4529,31076,766,69
1617,3470,31077,4529,31077,766,69
1617,3470,31078,4529,31078,766,69
1617,3470,31079,4529,31079,766,69
1617,3470,31080,4529,31080,766,69
1617,3470,31081,4529,31081,766,69
1617,3470,31082,4529,31082,766,69
1617,3470,31083,4529,31083,766,69
1617,3470,31084,4529,31084,766,69
1617,3470,31085,4529,31085,766,69
1617,3470,31086,4529,31086,766,69
1617,3470,31087,4529,31087,766,69
1617,3470,31088,4529,31088,766,69
1617,3470,31089,4529,31089,766,69
1617,3470,31090,4529,31090,766,69
1617,3470,31091,4529,31091,766,69
1617,3470,31092,4529,31092,766,69
1617,3470,31093,4529,31093,766,69
1617,3470,31094,4529,31094,766,69
1617,3470,31095,4529,31095,766,69
1617,3470,31096,4529,31096,766,69
1617,3470,31097,4529,31097,766,69
1617,3470,31098,4529,31098,766,69
1617,3470,31099,4529,31099,766,69
1617,3470,31100,4529,31100,766,69
1616,3470,31101,4529,31101,766,69
1616,3470,31102,4529,31102,766,69
1616,3470,31103,4529,31103,766,69
1616,3470,31104,4529,31104,766,69
1616,3470,31105,4529,31105,766,69
1616,3470,31106,4529,31106,766,69
1616,3470,31107,4529,31107,766,69
1616,3470,31108,4529,31108,766,69
1616,3470,31109,4529,31109,766,69
1616,3470,31110,4529,31110,766,69
1616,3470,31111,4529,31111,766,69
1616,3470,31112,4529,31112,766,69
1616,3470,31113,4529,31113,766,69
1616,3470,31114,4529,31114,766,69
1616,3470,31115,4529,31115,766,69
1616,3470,31116,4529,31116,766,69
1616,3470,31117,4529,31117,766,69
1616,3470,31118,4529,31118,766,69
1617,3470,31119,4529,31119,766,69
1617,3470,31120,4529,31120,766,69
1617,3470,31121,4529,31121,766,69
1617,3470,31122,4529,31122,766,69
1617,3470,31123,4529,31123,766,69
1617,3470,31124,4529,31124,766,69
1617,3470,31125,4529,31125,766,69
1617,3470,31126,4529,31126,766,69
1617,3470,31127,4529,31127,766,69
1617,3470,31128,4529,31128,766,69
1617,3470,31129,4529,31129,766,69
1617,3470,31130,4529,31130,766,69
1617,3470,31131,4529,31131,766,69
1617,3470,31132,4529,31132,766,69
1617,3470,31133,4529,31133,766,69
1617,3470,31134,4529,31134,766,69
1617,3470,31135,4529,31135,766,69
1617,3470,31136,4529,31136,766,69
1617,3470,31137,4529,31137,766,69
1617,3470,31138,4529,31138,766,69
1617,3470,31139,4529,31139,766,69
1617,3470,31140,4529,31140,766,69
1617,3470,31141,4529,31141,766,69
1617,3470,31142,4529,31142,766,69
1617,3470,31143,4529,31143,766,69
1617,3470,31144,4529,31144,766,69
1617,3470,31145,4529,31145,766,69
1617,3470,31146,4529,31146,766,69
1617,3470,31147,4529,31147,766,69
1617,3470,31148,4529,31148,766,69
1617,3470,31149,4529,31149,766,69
1617,3470,31150,4529,31150,766,69
1617,3470,31151,4529,31151,766,69
1617,3470,31152,4529,31152,766,69
1617,3470,31153,4529,31153,766,69
1617,3470,31154,4529,31154,766,69
1617,3470,31155,4529,31155,766,69
1617,3470,31156,4529,31156,766,69
1617,3470,31157,4529,31157,766,69
1617,3470,31158,4529,31158,766,69
1617,3470,31159,4529,31159,766,69
1617,3470,31160,4529,31160,766,69
1617,3470,31161,4529,31161,766,69
1617,3470,31162,4529,31162,766,69
1617,3470,31163,4529,31163,766,69
1617,3470,31164,4529,31164,766,69
1617,3470,31165,4529,31165,766,69
1617,3470,31166,4529,31166,766,69
1617,3470,31167,4529,31167,766,69
1617,3470,31168,4529,31168,766,69
1617,3470,31169,4529,31169,766,69
1617,3470,31170,4529,31170,766,69
1617,3470,31171,4529,31171,766,69
1617,3470,31172,4529,31172,766,69
1617,3470,31173,4529,31173,766,69
1617,3470,31174,4529,31174,766,69
1617,3470,31175,4529,31175,766,69
1617,3470,31176,4529,31176,766,69
1617,3470,31177,4529,31177,766,69
1617,3470,31178,4529,31178,766,69
1617,3470,31179,4529,31179,766,69
1617,3470,31180,4529,31180,766,69
1617,3470,31181,4529,31181,766,69
1617,3470,31182,4529,31182,766,69
1617,3470,31183,4529,31183,766,69
1617,3470,31184,4529,31184,766,69
1617,3470,31185,4529,31185,766,69
1617,3470,31186,4529,31186,766,69
1617,3470,31187,4529,31187,766,69
1617,3470,31188,4529,31188,766,69
1617,3470,31189,4529,31189,766,69
1617,3470,31190,4529,31190,766,69
1617,3470,31191,4529,31191,766,69
1617,3470,31192,4529,31192,766,69
1617,3470,31193,4529,31193,766,69
1617,3470,31194,4529,31194,766,69
1617,3470,31195,4529,31195,766,69
1617,3470,31196,4529,31196,766,69
1617,3470,31197,4529,31197,766,69
1617,3470,31198,4529,31198,766,69
1617,3470,31199,4529,31199,766,69
1617,3470,31200,4529,31200,766,69
1617,3470,31201,4529,31201,766,69
1617,3470,31202,4529,31202,766,69
1617,3470,31203,4529,31203,766,69
1617,3470,31204,4529,31204,766,69
1617,3470,31205,4529,31205,766,69
1617,3470,31206,4529,31206,766,69
1617,3470,31207,4529,31207,766,69
1617,3470,31208,4529,31208,766,69
1618,3470,31209,4529,31209,766,69
1618,3470,31210,4529,31210,766,69
1619,3470,31211,4529,31211,766,69
1620,3470,31212,4529,31212,766,69
1620,3470,31213,4529,31213,766,69
1620,3470,31214,4529,31214,766,69
1620,3470,31215,4529,31215,766,69
1620,3470,31216,4529,31216,766,69
1620,3470,31217,4529,31217,766,69
1620,3470,31218,4529,31218,766,69
1620,3470,31219,4529,31219,766,69
1620,3470,31220,4529,31220,766,69
1620,3470,31221,4529,31221,766,69
1620,3470,31222,4529,31222,766,69
1620,3470,31223,4529,31223,766,69
1620,3470,31224,4529,31224,766,69
1620,3470,31225,4529,31225,766,69
1620,3470,31226,4529,31226,766,69
1620,3470,31227,4529,31227,766,69
1620,3470,31228,4529,31228,766,69
1620,3470,31229,4529,31229,766,69
1620,3470,31230,4529,31230,766,69
1620,3470,31231,4529,31231,766,69
1620,3470,31232,4529,31232,766,69
1621,3470,31233,4529,31233,766,69
1621,3470,31234,4529,31234,766,69
1621,3470,31235,4529,31235,766,69
1621,3470,31236,4529,31236,766,69
1621,3470,31237,4529,31237,766,69
1621,3470,31238,4529,31238,766,69
1621,3470,31239,4529,31239,766,69
1621,3470,31240,4529,31240,766,69
1621,3470,31241,4529,31241,766,69
1621,3470,31242,4529,31242,766,69
1621,3470,31243,4529,31243,766,69
1621,3470,31244,4529,31244,766,69
1621,3470,31245,4529,31245,766,69
1621,3470,31246,4529,31246,766,69
1621,3470,31247,4529,31247,766,69
1621,3470,31248,4529,31248,766,69
1621,3470,31249,4529,31249,766,69
1621,3470,31250,4529,31250,766,69
1621,3470,31251,4529,31251,766,69
1621,3470,31252,4529,31252,766,69
1621,3470,31253,4529,31253,766,69
1622,3470,31254,4529,31254,766,69
1622,3470,31255,4529,31255,766,69
1622,3470,31256,4529,31256,766,69
1622,3470,31257,4529,31257,766,69
1622,3470,31258,4529,31258,766,69
1622,3470,31259,4529,31259,766,69
1622,3470,31260,4529,31260,766,69
1622,3470,31261,4529,31261,766,69
1622,3470,31262,4529,31262,766,69
1622,3470,31263,4529,31263,766,69
1622,3470,31264,4529,31264,766,69
1622,3470,31265,4529,31265,766,69
1622,3470,31266,4529,31266,766,69
1622,3470,31267,4529,31267,766,69
1622,3470,31268,4529,31268,766,69
1622,3470,31269,4529,31269,766,69
1622,3470,31270,4529,31270,766,69
1622,3470,31271,4529,31271,766,69
1622,3470,31272,4529,31272,766,69
1622,3470,31273,4529,31273,766,69
1622,3470,31274,4529,31274,766,69
1622,3470,31275,4529,31275,766,69
1622,3470,31276,4529,31276,766,69
1622,3470,31277,4529,31277,766,69
1622,3470,31278,4529,31278,766,69
1622,3470,31279,4529,31279,766,69
1622,3470,31280,4529,31280,766,69
1622,3470,31281,4529,31281,766,69
1622,3470,31282,4529,31282,766,69
1622,3470,31283,4529,31283,766,69
1622,3470,31284,4529,31284,766,69
1622,3470,31285,4529,31285,766,69
1622,3470,31286,4529,31286,766,69
1622,3470,31287,4529,31287,766,69
1622,3470,31288,4529,31288,766,69
1621,3470,31289,4529,31289,766,69
1621,3470,31290,4529,31290,766,69
1621,3470,31291,4529,31291,766,69
1621,3470,31292,4529,31292,766,69
1621,3470,31293,4529,31293,766,69
1621,3470,31294,4529,31294,766,69
1621,3470,31295,4529,31295,766,69
1621,3470,31296,4529,31296,766,69
1621,3470,31297,4529,31297,766,69
1621,3470,31298,4529,31298,766,69
1621,3470,31299,4529,31299,766,69
1621,3470,31300,4529,31300,766,69
1621,3470,31301,4529,31301,766,69
1621,3470,31302,4529,31302,766,69
1621,3470,31303,4529,31303,766,69
1621,3470,31304,4529,31304,766,69
1621,3470,31305,4529,31305,766,69
1621,3470,31306,4529,31306,766,69
1621,3470,31307,4529,31307,766,69
1621,3470,31308,4529,31308,766,69
1622,3470,31309,4529,31309,766,69
1622,3470,31310,4529,31310,766,69
1622,3470,31311,4529,31311,766,69
1622,3470,31312,4529,31312,766,69
1622,3470,31313,4529,31313,766,69
1622,3470,31314,4529,31314,766,69
1622,3470,31315,4529,31315,766,69
1621,3470,31316,4529,31316,766,69
1621,3470,31317,4529,31317,766,69
1621,3470,31318,4529,31318,766,69
1621,3470,31319,4529,31319,766,69
1622,3470,31320,4529,31320,766,69
1622,3470,31321,4529,31321,766,69
1622,3470,31322,4529,31322,766,69
1622,3470,31323,4529,31323,766,69
1622,3470,31324,4529,31324,766,69
1622,3470,31325,4529,31325,766,69
1622,3470,31326,4529,31326,766,69
1622,3470,31327,4529,31327,766,69
1622,3470,31328,4529,31328,766,69
1622,3470,31329,4529,31329,766,69
1622,3470,31330,4529,31330,766,69
1622,3470,31331,4529,31331,766,69
1622,3470,31332,4529,31332,766,69
1622,3470,31333,4529,31333,766,69
1622,3470,31334,4529,31334,766,69
1622,3470,31335,4529,31335,766,69
1622,3470,31336,4529,31336,766,69
1622,3470,31337,4529,31337,766,69
1622,3470,31338,4529,31338,766,69
1621,3470,31339,4529,31339,766,69
1621,3470,31340,4529,31340,766,69
1621,3470,31341,4529,31341,766,69
1621,3470,31342,4529,31342,766,69
1621,3470,31343,4529,31343,766,69
1621,3470,31344,4529,31344,766,69
1621,3470,31345,4529,31345,766,69
1621,3470,31346,4529,31346,766,69
1621,3470,31347,4529,31347,766,69
1621,3470,31348,4529,31348,766,69
1621,3470,31349,4529,31349,766,69
1621,3470,31350,4529,31350,766,69
1621,3470,31351,4529,31351,766,69
1621,3470,31352,4529,31352,766,69
1621,3470,31353,4529,31353,766,69
1621,3470,31354,4529,31354,766,69
1621,3470,31355,4529,31355,766,69
1621,3470,31356,4529,31356,766,69
1621,3470,31357,4529,31357,766,69
1621,3470,31358,4529,31358,766,69
1621,3470,31359,4529,31359,766,69
1621,3470,31360,4529,31360,766,69
1621,3470,31361,4529,31361,766,69
1621,3470,31362,4529,31362,766,69
1621,3470,31363,4529,31363,766,69
1621,3470,31364,4529,31364,766,69
1621,3470,31365,4529,31365,766,69
1621,3470,31366,4529,31366,766,69
1620,3470,31367,4529,31367,766,69
1620,3470,31368,4529,31368,766,69
1620,3470,31369,4529,31369,766,69
1620,3470,31370,4529,31370,766,69
1620,3470,31371,4529,31371,766,69
1620,3470,31372,4529,31372,766,69
1620,3470,31373,4529,31373,766,69
1619,3470,31374,4529,31374,766,69
1619,3470,31375,4529,31375,766,69
1619,3470,31376,4529,31376,766,69
1619,3470,31377,4529,31377,766,69
1619,3470,31378,4529,31378,766,69
1619,3470,31379,4529,31379,766,69
1619,3470,31380,4529,31380,766,69
1619,3470,31381,4529,31381,766,69
1619,3470,31382,4529,31382,766,69
1619,3470,31383,4529,31383,766,69
1619,3470,31384,4529,31384,766,69
1619,3470,31385,4529,31385,766,69
1619,3470,31386,4529,31386,766,69
1619,3470,31387,4529,31387,766,69
1619,3470,31388,4529,31388,766,69
1619,3470,31389,4529,31389,766,69
1619,3470,31390,4529,31390,766,69
1619,3470,31391,4529,31391,766,69
1619,3470,31392,4529,31392,766,69
1619,3470,31393,4529,31393,766,69
1619,3470,31394,4529,31394,766,69
1619,3470,31395,4529,31395,766,69
1619,3470,31396,4529,31396,766,69
1619,3470,31397,4529,31397,766,69
1619,3470,31398,4529,31398,766,69
1619,3470,31399,4529,31399,766,69
1619,3470,31400,4529,31400,766,69
1619,3470,31401,4529,31401,766,69
1619,3470,31402,4529,31402,766,69
1619,3470,31403,4529,31403,766,69
1619,3470,31404,4529,31404,766,69
1619,3470,31405,4529,31405,766,69
1619,3470,31406,4529,31406,766,69
1619,3470,31407,4529,31407,766,69
1619,3470,31408,4529,31408,766,69
1619,3470,31409,4529,31409,766,69
1619,3470,31410,4529,31410,766,69
1619,3470,31411,4529,31411,766,69
1619,3470,31412,4529,31412,766,69
1619,3470,31413,4529,31413,766,69
1619,3470,31414,4529,31414,766,69
1619,3470,31415,4529,31415,766,69
1619,3470,31416,4529,31416,766,69
1619,3470,31417,4529,31417,766,69
1619,3470,31418,4529,31418,766,69
1619,3470,31419,4529,31419,766,69
1619,3470,31420,4529,31420,766,69
1619,3470,31421,4529,31421,766,69
1619,3470,31422,4529,31422,766,69
1619,3470,31423,4529,31423,766,69
1619,3470,31424,4529,31424,766,69
1619,3470,31425,4529,31425,766,69
1619,3470,31426,4529,31426,766,69
1619,3470,31427,4529,31427,766,69
1619,3470,31428,4529,31428,766,69
1619,3470,31429,4529,31429,766,69
1619,3470,31430,4529,31430,766,69
1619,3470,31431,4529,31431,766,69
1619,3470,31432,4529,31432,766,69
1619,3470,31433,4529,31433,766,69
1619,3470,31434,4529,31434,766,69
1619,3470,31435,4529,31435,766,69
1619,3470,31436,4529,31436,766,69
1619,3470,31437,4529,31437,766,69
1619,3470,31438,4529,31438,766,69
1619,3470,31439,4529,31439,766,69
1619,3470,31440,4529,31440,766,69
1619,3470,31441,4529,31441,766,69
1619,3470,31442,4529,31442,766,69
1619,3470,31443,4529,31443,766,69
1619,3470,31444,4529,31444,766,69
1619,3470,31445,4529,31445,766,69
1619,3470,31446,4529,31446,766,69
1619,3470,31447,4529,31447,766,69
1619,3470,31448,4529,31448,766,69
1619,3470,31449,4529,31449,766,69
1619,3470,31450,4529,31450,766,69
1619,3470,31451,4529,31451,766,69
1619,3470,31452,4529,31452,766,69
1619,3470,31453,4529,31453,766,69
1619,3470,31454,4529,31454,766,69
1619,3470,31455,4529,31455,766,69
1620,3470,31456,4529,31456,766,69
1620,3470,31457,4529,31457,766,69
1620,3470,31458,4529,31458,766,69
1620,3470,31459,4529,31459,766,69
1620,3470,31460,4529,31460,766,69
1620,3470,31461,4529,31461,766,69
1620,3470,31462,4529,31462,766,69
1620,3470,31463,4529,31463,766,69
1620,3470,31464,4529,31464,766,69
1620,3470,31465,4529,31465,766,69
1620,3470,31466,4529,31466,766,69
1620,3470,31467,4529,31467,766,69
1620,3470,31468,4529,31468,766,69
1620,3470,31469,4529,31469,766,69
1620,3470,31470,4529,31470,766,69
1620,3470,31471,4529,31471,766,69
1620,3470,31472,4529,31472,766,69
1620,3470,31473,4529,31473,766,69
1620,3470,31474,4529,31474,766,69
1620,3470,31475,4529,31475,766,69
1620,3470,31476,4529,31476,766,69
1620,3470,31477,4529,31477,766,69
1620,3470,31478,4529,31478,766,69
1620,3470,31479,4529,31479,766,69
1620,3470,31480,4529,31480,766,69
1620,3470,31481,4529,31481,766,69
1620,3470,31482,4529,31482,766,69
1620,3470,31483,4529,31483,766,69
1620,3470,31484,4529,31484,766,69
1620,3470,31485,4529,31485,766,69
1620,3470,31486,4529,31486,766,69
1620,3470,31487,4529,31487,766,69
1620,3470,31488,4529,31488,766,69
1620,3470,31489,4529,31489,766,69
1619,3470,31490,4529,31490,766,69
1619,3470,31491,4529,31491,766,69
1619,3470,31492,4529,31492,766,69
1619,3470,31493,4529,31493,766,69
1619,3470,31494,4529,31494,766,69
1619,3470,31495,4529,31495,766,69
1619,3470,31496,4529,31496,766,69
1619,3470,31497,4529,31497,766,69
1619,3470,31498,4529,31498,766,69
1619,3470,31499,4529,31499,766,69
1619,3470,31500,4529,31500,766,69
1619,3470,31501,4529,31501,766,69
1619,3470,31502,4529,31502,766,69
1619,3470,31503,4529,31503,766,69
1619,3470,31504,4529,31504,766,69
1619,3470,31505,4529,31505,766,69
1619,3470,31506,4529,31506,766,69
1619,3470,31507,4529,31507,766,69
1619,3470,31508,4529,31508,766,69
1619,3470,31509,4529,31509,766,69
1619,3470,31510,4529,31510,766,69
1619,3470,31511,4529,31511,766,69
1619,3470,31512,4529,31512,766,69
1618,3470,31513,4529,31513,766,68
1618,3470,31514,4529,31514,766,68
1618,3470,31515,4529,31515,766,68
1618,3470,31516,4529,31516,766,68
1618,3470,31517,4529,31517,766,68
1618,3470,31518,4529,31518,766,68
1618,3470,31519,4529,31519,766,68
1618,3470,31520,4529,31520,766,68
1618,3470,31521,4529,31521,766,68
1618,3470,31522,4529,31522,766,68
1618,3470,31523,4529,31523,766,68
1618,3470,31524,4529,31524,766,68
1618,3470,31525,4529,31525,766,68
1618,3470,31526,4529,31526,766,68
1618,3470,31527,4529,31527,766,68
1618,3470,31528,4529,31528,766,68
1618,3470,31529,4529,31529,766,68
1618,3470,31530,4529,31530,766,68
1618,3470,31531,4529,31531,766,68
1618,3470,31532,4529,31532,766,68
1618,3470,31533,4529,31533,766,68
1618,3470,31534,4529,31534,766,68
1618,3470,31535,4529,31535,766,68
1618,3470,31536,4529,31536,766,68
1618,3470,31537,4529,31537,766,68
1618,3470,31538,4529,31538,766,68
1618,3470,31539,4529,31539,766,68
1618,3470,31540,4529,31540,766,68
1618,3470,31541,4529,31541,766,68
1618,3470,31542,4529,31542,766,68
1618,3470,31543,4529,31543,766,68
1618,3470,31544,4529,31544,766,68
1618,3470,31545,4529,31545,766,68
1618,3470,31546,4529,31546,766,68
1618,3470,31547,4529,31547,766,68
1618,3470,31548,4529,31548,766,68
1618,3470,31549,4529,31549,766,68
1618,3470,31550,4529,31550,766,68
1618,3470,31551,4529,31551,766,68
1618,3470,31552,4529,31552,766,68
1618,3470,31553,4529,31553,766,68
1618,3470,31554,4529,31554,766,68
1618,3470,31555,4529,31555,766,68
1618,3470,31556,4529,31556,766,68
1618,3470,31557,4529,31557,766,68
1618,3470,31558,4529,31558,766,68
1618,3470,31559,4529,31559,766,68
1618,3470,31560,4529,31560,766,68
1618,3470,31561,4529,31561,766,68
1618,3470,31562,4529,31562,766,68
1618,3470,31563,4529,31563,766,68
1618,3470,31564,4529,31564,766,68
1618,3470,31565,4529,31565,766,68
1618,3470,31566,4529,31566,766,68
1618,3470,31567,4529,31567,766,68
1618,3470,31568,4529,31568,766,68
1618,3470,31569,4529,31569,766,68
1618,3470,31570,4529,31570,766,68
1618,3470,31571,4529,31571,766,68
1618,3470,31572,4529,31572,766,68
1618,3470,31573,4529,31573,766,68
1618,3470,31574,4529,31574,766,68
1618,3470,31575,4529,31575,766,68
1618,3470,31576,4529,31576,766,68
1618,3470,31577,4529,31577,766,68
1618,3470,31578,4529,31578,766,68
1618,3470,31579,4529,31579,766,68
1618,3470,31580,4529,31580,766,68
1618,3470,31581,4529,31581,766,68
1618,3470,31582,4529,31582,766,68
1618,3470,31583,4529,31583,766,68
1618,3470,31584,4529,31584,766,68
1618,3470,31585,4529,31585,766,68
1618,3470,31586,4529,31586,766,68
1618,3470,31587,4529,31587,766,68
1618,3470,31588,4529,31588,766,68
1618,3470,31589,4529,31589,766,68
1618,3470,31590,4529,31590,766,68
1618,3470,31591,4529,31591,766,68
1618,3470,31592,4529,31592,766,68
1618,3470,31593,4529,31593,766,68
1618,3470,31594,4529,31594,766,68
1618,3470,31595,4529,31595,766,68
1618,3470,31596,4529,31596,766,68
1618,3470,31597,4529,31597,766,68
1618,3470,31598,4529,31598,766,68
1618,3470,31599,4529,31599,766,68
1618,3470,31600,4529,31600,766,68
1618,3470,31601,4529,31601,766,68
1618,3470,31602,4529,31602,766,68
1618,3470,31603,4529,31603,766,68
1618,3470,31604,4529,31604,766,68
1618,3470,31605,4529,31605,766,68
1618,3470,31606,4529,31606,766,68
1618,3470,31607,4529,31607,766,68
1618,3470,31608,4529,31608,766,68
1618,3470,31609,4529,31609,766,68
1618,3470,31610,4529,31610,766,68
1618,3470,31611,4529,31611,766,68
1618,3470,31612,4529,31612,766,68
1618,3470,31613,4529,31613,766,68
1618,3470,31614,4529,31614,766,68
1618,3470,31615,4529,31615,766,68
1618,3470,31616,4529,31616,766,68
1618,3470,31617,4529,31617,766,68
1618,3470,31618,4529,31618,766,68
1618,3470,31619,4529,31619,766,68
1618,3470,31620,4529,31620,766,68
1618,3470,31621,4529,31621,766,68
1618,3470,31622,4529,31622,766,68
1618,3470,31623,4529,31623,766,68
1618,3470,31624,4529,31624,766,68
1618,3470,31625,4529,31625,766,68
1618,3470,31626,4529,31626,766,68
1618,3470,31627,4529,31627,766,68
1618,3470,31628,4529,31628,766,68
1618,3470,31629,4529,31629,766,68
1618,3470,31630,4529,31630,766,68
1618,3470,31631,4529,31631,766,68
1618,3470,31632,4529,31632,766,68
1618,3470,31633,4529,31633,766,68
1618,3470,31634,4529,31634,766,68
1618,3470,31635,4529,31635,766,68
1618,3470,31636,4529,31636,766,68
1618,3470,31637,4529,31637,766,68
1618,3470,31638,4529,31638,766,68
1618,3470,31639,4529,31639,766,68
1618,3470,31640,4529,31640,766,68
1618,3470,31641,4529,31641,766,68
1618,3470,31642,4529,31642,766,68
1618,3470,31643,4529,31643,766,68
1619,3470,31644,4529,31644,766,68
1619,3470,31645,4529,31645,766,68
1619,3470,31646,4529,31646,766,68
1619,3470,31647,4529,31647,766,68
1619,3470,31648,4529,31648,766,68
1619,3470,31649,4529,31649,766,68
1619,3470,31650,4529,31650,766,68
1619,3470,31651,4529,31651,766,68
1619,3470,31652,4529,31652,766,68
1619,3470,31653,4529,31653,766,68
1619,3470,31654,4529,31654,766,68
1619,3470,31655,4529,31655,766,68
1619,3470,31656,4529,31656,766,68
1619,3470,31657,4529,31657,766,68
1619,3470,31658,4529,31658,766,68
1619,3470,31659,4529,31659,766,68
1619,3470,31660,4529,31660,766,68
1619,3470,31661,4529,31661,766,68
1619,3470,31662,4529,31662,766,68
1619,3470,31663,4529,31663,766,68
1619,3470,31664,4529,31664,766,68
1619,3470,31665,4529,31665,766,68
1619,3470,31666,4529,31666,766,68
1619,3470,31667,4529,31667,766,68
1619,3470,31668,4529,31668,766,68
1619,3470,31669,4529,31669,766,68
1619,3470,31670,4529,31670,766,68
1619,3470,31671,4529,31671,766,68
1619,3470,31672,4529,31672,766,68
1619,3470,31673,4529,31673,766,68
1619,3470,31674,4529,31674,766,68
1619,3470,31675,4529,31675,766,68
1619,3470,31676,4529,31676,766,68
1619,3470,31677,4529,31677,766,68
1619,3470,31678,4529,31678,766,68
1619,3470,31679,4529,31679,766,68
1619,3470,31680,4529,31680,766,68
1619,3470,31681,4529,31681,766,68
1619,3470,31682,4529,31682,766,68
1619,3470,31683,4529,31683,766,68
1619,3470,31684,4529,31684,766,68
1619,3470,31685,4529,31685,766,68
1619,3470,31686,4529,31686,766,68
1619,3470,31687,4529,31687,766,68
1619,3470,31688,4529,31688,766,68
1619,3470,31689,4529,31689,766,68
1619,3470,31690,4529,31690,766,68
1619,3470,31691,4529,31691,766,68
1619,3470,31692,4529,31692,766,68
1619,3470,31693,4529,31693,766,68
1619,3470,31694,4529,31694,766,68
1619,3470,31695,4529,31695,766,68
1619,3470,31696,4529,31696,766,68
1619,3470,31697,4529,31697,766,68
1619,3470,31698,4529,31698,766,68
1619,3470,31699,4529,31699,766,68
1619,3470,31700,4529,31700,766,68
1619,3470,31701,4529,31701,766,68
1619,3470,31702,4529,31702,766,68
1619,3470,31703,4529,31703,766,68
1619,3470,31704,4529,31704,766,68
1619,3470,31705,4529,31705,766,68
1619,3470,31706,4529,31706,766,68
1619,3470,31707,4529,31707,766,68
1619,3470,31708,4529,31708,766,68
1619,3470,31709,4529,31709,766,68
1619,3470,31710,4529,31710,766,68
1619,3470,31711,4529,31711,766,68
1619,3470,31712,4529,31712,766,68
1619,3470,31713,4529,31713,766,68
1619,3470,31714,4529,31714,766,68
1619,3470,31715,4529,31715,766,68
1619,3470,31716,4529,31716,766,68
1619,3470,31717,4529,31717,766,68
1619,3470,31718,4529,31718,766,68
1620,3470,31719,4529,31719,766,68
1620,3470,31720,4529,31720,766,68
1620,3470,31721,4529,31721,766,68
1620,3470,31722,4529,31722,766,68
1620,3470,31723,4529,31723,766,68
1620,3470,31724,4529,31724,766,68
1620,3470,31725,4529,31725,766,68
1620,3470,31726,4529,31726,766,68
1620,3470,31727,4529,31727,766,68
1620,3470,31728,4529,31728,766,68
1620,3470,31729,4529,31729,766,68
1620,3470,31730,4529,31730,766,68
1620,3470,31731,4529,31731,766,68
1620,3470,31732,4529,31732,766,68
1620,3470,31733,4529,31733,766,68
1620,3470,31734,4529,31734,766,68
1620,3470,31735,4529,31735,766,68
1620,3470,31736,4529,31736,766,68
1620,3470,31737,4529,31737,766,68
1620,3470,31738,4529,31738,766,68
1620,3470,31739,4529,31739,766,68
1620,3470,31740,4529,31740,766,68
1620,3470,31741,4529,31741,766,68
1620,3470,31742,4529,31742,766,68
1620,3470,31743,4529,31743,766,68
1620,3470,31744,4529,31744,766,68
1620,3470,31745,4529,31745,766,68
1620,3470,31746,4529,31746,766,68
1620,3470,31747,4529,31747,766,68
1620,3470,31748,4529,31748,766,68
1620,3470,31749,4529,31749,766,68
1620,3470,31750,4529,31750,766,68
1620,3470,31751,4529,31751,766,68
1620,3470,31752,4529,31752,766,68
1620,3470,31753,4529,31753,766,68
1620,3470,31754,4529,31754,766,68
1620,3470,31755,4529,31755,766,68
1620,3470,31756,4529,31756,766,68
1620,3470,31757,4529,31757,766,68
1620,3470,31758,4529,31758,766,68
1620,3470,31759,4529,31759,766,68
1620,3470,31760,4529,31760,766,68
1620,3470,31761,4529,31761,766,68
1620,3470,31762,4529,31762,766,68
1620,3470,31763,4529,31763,766,68
1620,3470,31764,4529,31764,766,68
1620,3470,31765,4529,31765,766,68
1620,3470,31766,4529,31766,766,68
1620,3470,31767,4529,31767,766,68
1620,3470,31768,4529,31768,766,68
1620,3470,31769,4529,31769,766,68
1620,3470,31770,4529,31770,766,68
1620,3470,31771,4529,31771,766,68
1620,3470,31772,4529,31772,766,68
1620,3470,31773,4529,31773,766,68
1620,3470,31774,4529,31774,766,68
1620,3470,31775,4529,31775,766,68
1620,3470,31776,4529,31776,766,68
1620,3470,31777,4529,31777,766,68
1620,3470,31778,4529,31778,766,68
1620,3470,31779,4529,31779,766,68
1620,3470,31780,4529,31780,766,68
1620,3470,31781,4529,31781,766,68
1620,3470,31782,4529,31782,766,68
1620,3470,31783,4529,31783,766,68
1620,3470,31784,4529,31784,766,68
1620,3470,31785,4529,31785,766,68
1620,3470,31786,4529,31786,766,68
1620,3470,31787,4529,31787,766,68
1620,3470,31788,4529,31788,766,68
1620,3470,31789,4529,31789,766,68
1620,3470,31790,4529,31790,766,68
1620,3470,31791,4529,31791,766,68
1620,3470,31792,4529,31792,766,68
1619,3470,31793,4529,31793,766,68
1619,3470,31794,4529,31794,766,68
1619,3470,31795,4529,31795,766,68
1619,3470,31796,4529,31796,766,68
1619,3470,31797,4529,31797,766,68
1619,3470,31798,4529,31798,766,68
1619,3470,31799,4529,31799,766,68
1619,3470,31800,4529,31800,766,68
1619,3470,31801,4529,31801,766,68
1619,3470,31802,4529,31802,766,68
1619,3470,31803,4529,31803,766,68
1619,3470,31804,4529,31804,766,68
1619,3470,31805,4529,31805,766,68
1619,3470,31806,4529,31806,766,68
1619,3470,31807,4529,31807,766,68
1619,3470,31808,4529,31808,766,68
1619,3470,31809,4529,31809,766,68
1619,3470,31810,4529,31810,766,68
1619,3470,31811,4529,31811,766,68
1619,3470,31812,4529,31812,766,68
1619,3470,31813,4529,31813,766,68
1619,3470,31814,4529,31814,766,68
1619,3470,31815,4529,31815,766,68
1619,3470,31816,4529,31816,766,68
1619,3470,31817,4529,31817,766,68
1619,3470,31818,4529,31818,766,68
1619,3470,31819,4529,31819,766,68
1619,3470,31820,4529,31820,766,68
1619,3470,31821,4529,31821,766,68
1618,3470,31822,4529,31822,766,68
1618,3470,31823,4529,31823,766,68
1618,3470,31824,4529,31824,766,68
1618,3470,31825,4529,31825,766,68
1618,3470,31826,4529,31826,766,68
1618,3470,31827,4529,31827,766,68
1618,3470,31828,4529,31828,766,68
1618,3470,31829,4529,31829,766,68
1618,3470,31830,4529,31830,766,68
1618,3470,31831,4529,31831,766,68
1618,3470,31832,4529,31832,766,68
1618,3470,31833,4529,31833,766,68
1618,3470,31834,4529,31834,766,68
1618,3470,31835,4529,31835,766,68
1618,3470,31836,4529,31836,766,68
1618,3470,31837,4529,31837,766,68
1618,3470,31838,4529,31838,766,68
1618,3470,31839,4529,31839,766,68
1618,3470,31840,4529,31840,766,68
1618,3470,31841,4529,31841,766,68
1618,3470,31842,4529,31842,766,68
1618,3470,31843,4529,31843,766,68
1618,3470,31844,4529,31844,766,68
1618,3470,31845,4529,31845,766,68
1618,3470,31846,4529,31846,766,68
1618,3470,31847,4529,31847,766,68
1618,3470,31848,4529,31848,766,68
1618,3470,31849,4529,31849,766,68
1618,3470,31850,4529,31850,766,68
1618,3470,31851,4529,31851,766,68
1618,3470,31852,4529,31852,766,68
1618,3470,31853,4529,31853,766,68
1618,3470,31854,4529,31854,766,68
1618,3470,31855,4529,31855,766,68
1618,3470,31856,4529,31856,766,68
1618,3470,31857,4529,31857,766,68
1618,3470,31858,4529,31858,766,68
1618,3470,31859,4529,31859,766,68
1618,3470,31860,4529,31860,766,68
1618,3470,31861,4529,31861,766,68
1618,3470,31862,4529,31862,766,68
1618,3470,31863,4529,31863,766,68
1618,3470,31864,4529,31864,766,68
1618,3470,31865,4529,31865,766,68
1618,3470,31866,4529,31866,766,68
1618,3470,31867,4529,31867,766,68
1618,3470,31868,4529,31868,766,68
1618,3470,31869,4529,31869,766,68
1618,3470,31870,4529,31870,766,68
1618,3470,31871,4529,31871,766,68
1618,3470,31872,4529,31872,766,68
1618,3470,31873,4529,31873,766,68
1618,3470,31874,4529,31874,766,68
1618,3470,31875,4529,31875,766,68
1618,3470,31876,4529,31876,766,68
1618,3470,31877,4529,31877,766,68
1618,3470,31878,4529,31878,766,68
1618,3470,31879,4529,31879,766,68
1618,3470,31880,4529,31880,766,68
1618,3470,31881,4529,31881,766,68
1618,3470,31882,4529,31882,766,68
1618,3470,31883,4529,31883,766,68
1618,3470,31884,4529,31884,766,68
1618,3470,31885,4529,31885,766,68
1618,3470,31886,4529,31886,766,68
1618,3470,31887,4529,31887,766,68
1618,3470,31888,4529,31888,766,68
1618,3470,31889,4529,31889,766,68
1618,3470,31890,4529,31890,766,68
1618,3470,31891,4529,31891,766,68
1618,3470,31892,4529,31892,766,68
1618,3470,31893,4529,31893,766,68
1618,3470,31894,4529,31894,766,68
1618,3470,31895,4529,31895,766,68
1618,3470,31896,4529,31896,766,68
1618,3470,31897,4529,31897,766,68
1618,3470,31898,4529,31898,766,68
1618,3470,31899,4529,31899,766,68
1618,3470,31900,4529,31900,766,68
1618,3470,31901,4529,31901,766,68
1619,3470,31902,4529,31902,766,68
1619,3470,31903,4529,31903,766,68
1619,3470,31904,4529,31904,766,68
1619,3470,31905,4529,31905,766,68
1619,3470,31906,4529,31906,766,68
1619,3470,31907,4529,31907,766,68
1619,3470,31908,4529,31908,766,68
1619,3470,31909,4529,31909,766,68
1619,3470,31910,4529,31910,766,68
1619,3470,31911,4529,31911,766,68
1619,3470,31912,4529,31912,766,68
1619,3470,31913,4529,31913,766,68
1619,3470,31914,4529,31914,766,68
1619,3470,31915,4529,31915,766,68
1619,3470,31916,4529,31916,766,68
1619,3470,31917,4529,31917,766,68
1618,3470,31918,4529,31918,766,68
1618,3470,31919,4529,31919,766,68
1618,3470,31920,4529,31920,766,68
1618,3470,31921,4529,31921,766,68
1618,3470,31922,4529,31922,766,68
1618,3470,31923,4529,31923,766,68
1618,3470,31924,4529,31924,766,68
1618,3470,31925,4529,31925,766,68
1618,3470,31926,4529,31926,766,68
1618,3470,31927,4529,31927,766,68
1618,3470,31928,4529,31928,766,68
1618,3470,31929,4529,31929,766,68
1618,3470,31930,4529,31930,766,68
1618,3470,31931,4529,31931,766,68
1618,3470,31932,4529,31932,766,68
1618,3470,31933,4529,31933,766,68
1618,3470,31934,4529,31934,766,68
1618,3470,31935,4529,31935,766,68
1618,3470,31936,4529,31936,766,68
1618,3470,31937,4529,31937,766,68
1618,3470,31938,4529,31938,766,68
1618,3470,31939,4529,31939,766,68
1618,3470,31940,4529,31940,766,68
1618,3470,31941,4529,31941,766,68
1618,3470,31942,4529,31942,766,68
1618,3470,31943,4529,31943,766,68
1618,3470,31944,4529,31944,766,68
1618,3470,31945,4529,31945,766,68
1618,3470,31946,4529,31946,766,68
1618,3470,31947,4529,31947,766,68
1618,3470,31948,4529,31948,766,68
1618,3470,31949,4529,31949,766,68
1618,3470,31950,4529,31950,766,68
1618,3470,31951,4529,31951,766,68
1618,3470,31952,4529,31952,766,68
1618,3470,31953,4529,31953,766,68
1618,3470,31954,4529,31954,766,68
1618,3470,31955,4529,31955,766,68
1618,3470,31956,4529,31956,766,68
1618,3470,31957,4529,31957,766,68
1618,3470,31958,4529,31958,766,68
1618,3470,31959,4529,31959,766,68
1618,3470,31960,4529,31960,766,68
1618,3470,31961,4529,31961,766,68
1618,3470,31962,4529,31962,766,68
1618,3470,31963,4529,31963,766,68
1618,3470,31964,4529,31964,766,68
1618,3470,31965,4529,31965,766,68
1618,3470,31966,4529,31966,766,68
1618,3470,31967,4529,31967,766,68
1618,3470,31968,4529,31968,766,68
1618,3470,31969,4529,31969,766,68
1618,3470,31970,4529,31970,766,68
1618,3470,31971,4529,31971,766,68
1618,3470,31972,4529,31972,766,68
1618,3470,31973,4529,31973,766,68
1618,3470,31974,4529,31974,766,68
1618,3470,31975,4529,31975,766,68
1618,3470,31976,4529,31976,766,68
1618,3470,31977,4529,31977,766,68
1618,3470,31978,4529,31978,766,68
1618,3470,31979,4529,31979,766,68
1618,3470,31980,4529,31980,766,68
1618,3470,31981,4529,31981,766,68
1618,3470,31982,4529,31982,766,68
1618,3470,31983,4529,31983,766,68
1618,3470,31984,4529,31984,766,68
1618,3470,31985,4529,31985,766,68
1618,3470,31986,4529,31986,766,68
1618,3470,31987,4529,31987,766,68
1618,3470,31988,4529,31988,766,68
1618,3470,31989,4529,31989,766,68
1618,3470,31990,4529,31990,766,68
1618,3470,31991,4529,31991,766,68
1618,3470,31992,4529,31992,766,68
1618,3470,31993,4529,31993,766,68
1618,3470,31994,4529,31994,766,68
1618,3470,31995,4529,31995,766,68
1618,3470,31996,4529,31996,766,68
1618,3470,31997,4529,31997,766,68
1618,3470,31998,4529,31998,766,68
1618,3470,31999,4529,31999,766,68
1618,3470,32000,4529,32000,766,68
1618,3470,32001,4529,32001,766,68
1618,3470,32002,4529,32002,766,68
1618,3470,32003,4529,32003,766,68
1618,3470,32004,4529,32004,766,68
1618,3470,32005,4529,32005,766,68
1618,3470,32006,4529,32006,766,68
1618,3470,32007,4529,32007,766,68
1618,3470,32008,4529,32008,766,68
1618,3470,32009,4529,32009,766,68
1618,3470,32010,4529,32010,766,68
1618,3470,32011,4529,32011,766,68
1618,3470,32012,4529,32012,766,68
1618,3470,32013,4529,32013,766,68
1618,3470,32014,4529,32014,766,68
1618,3470,32015,4529,32015,766,68
1618,3470,32016,4529,32016,766,68
1618,3470,32017,4529,32017,766,68
1618,3470,32018,4529,32018,766,68
1618,3470,32019,4529,32019,766,68
1618,3470,32020,4529,32020,766,68
1618,3470,32021,4529,32021,766,68
1618,3470,32022,4529,32022,766,68
1619,3470,32023,4529,32023,766,68
1619,3470,32024,4529,32024,766,68
1619,3470,32025,4529,32025,766,68
1619,3470,32026,4529,32026,766,68
1619,3470,32027,4529,32027,766,68
1619,3470,32028,4529,32028,766,68
1619,3470,32029,4529,32029,766,68
1619,3470,32030,4529,32030,766,68
1619,3470,32031,4529,32031,766,68
1619,3470,32032,4529,32032,766,68
1619,3470,32033,4529,32033,766,68
1619,3470,32034,4529,32034,766,68
1619,3470,32035,4529,32035,766,68
1618,3470,32036,4529,32036,766,68
1618,3470,32037,4529,32037,766,68
1618,3470,32038,4529,32038,766,68
1618,3470,32039,4529,32039,766,68
1618,3470,32040,4529,32040,766,68
1618,3470,32041,4529,32041,766,68
1619,3470,32042,4529,32042,766,68
1619,3470,32043,4529,32043,766,68
1619,3470,32044,4529,32044,766,68
1619,3470,32045,4529,32045,766,68
1619,3470,32046,4529,32046,766,68
1619,3470,32047,4529,32047,766,68
1619,3470,32048,4529,32048,766,68
1619,3470,32049,4529,32049,766,68
1619,3470,32050,4529,32050,766,68
1619,3470,32051,4529,32051,766,68
1619,3470,32052,4529,32052,766,68
1619,3470,32053,4529,32053,766,68
1620,3470,32054,4529,32054,766,68
1620,3470,32055,4529,32055,766,68
1620,3470,32056,4529,32056,766,68
1620,3470,32057,4529,32057,766,68
1620,3470,32058,4529,32058,766,68
1620,3470,32059,4529,32059,766,68
1620,3470,32060,4529,32060,766,68
1620,3470,32061,4529,32061,766,68
1620,3470,32062,4529,32062,766,68
1620,3470,32063,4529,32063,766,68
1620,3470,32064,4529,32064,766,68
1620,3470,32065,4529,32065,766,68
1620,3470,32066,4529,32066,766,68
1620,3470,32067,4529,32067,766,68
1620,3470,32068,4529,32068,766,68
1620,3470,32069,4529,32069,766,68
1620,3470,32070,4529,32070,766,68
1620,3470,32071,4529,32071,766,68
1620,3470,32072,4529,32072,766,68
1620,3470,32073,4529,32073,766,68
1620,3470,32074,4529,32074,766,68
1620,3470,32075,4529,32075,766,68
1620,3470,32076,4529,32076,766,68
1620,3470,32077,4529,32077,766,68
1620,3470,32078,4529,32078,766,68
1620,3470,32079,4529,32079,766,68
1620,3470,32080,4529,32080,766,68
1620,3470,32081,4529,32081,766,68
1620,3470,32082,4529,32082,766,68
1620,3470,32083,4529,32083,766,68
1620,3470,32084,4529,32084,766,68
1620,3470,32085,4529,32085,766,68
1620,3470,32086,4529,32086,766,68
1620,3470,32087,4529,32087,766,68
1620,3470,32088,4529,32088,766,68
1620,3470,32089,4529,32089,766,68
1620,3470,32090,4529,32090,766,68
1620,3470,32091,4529,32091,766,68
1620,3470,32092,4529,32092,766,68
1620,3470,32093,4529,32093,766,68
1620,3470,32094,4529,32094,766,68
1620,3470,32095,4529,32095,766,68
1620,3470,32096,4529,32096,766,68
1620,3470,32097,4529,32097,766,68
1620,3470,32098,4529,32098,766,68
1620,3470,32099,4529,32099,766,68
1620,3470,32100,4529,32100,766,68
1620,3470,32101,4529,32101,766,68
1620,3470,32102,4529,32102,766,68
1620,3470,32103,4529,32103,766,68
1620,3470,32104,4529,32104,766,68
1620,3470,32105,4529,32105,766,68
1620,3470,32106,4529,32106,766,68
1620,3470,32107,4529,32107,766,68
1620,3470,32108,4529,32108,766,68
1620,3470,32109,4529,32109,766,68
1620,3470,32110,4529,32110,766,68
1620,3470,32111,4529,32111,766,68
1620,3470,32112,4529,32112,766,68
1620,3470,32113,4529,32113,766,68
1619,3470,32114,4529,32114,766,68
1619,3470,32115,4529,32115,766,68
1619,3470,32116,4529,32116,766,68
1619,3470,32117,4529,32117,766,68
1619,3470,32118,4529,32118,766,68
1619,3470,32119,4529,32119,766,68
1619,3470,32120,4529,32120,766,68
1619,3470,32121,4529,32121,766,68
1619,3470,32122,4529,32122,766,68
1619,3470,32123,4529,32123,766,68
1619,3470,32124,4529,32124,766,68
1619,3470,32125,4529,32125,766,68
1619,3470,32126,4529,32126,766,68
1619,3470,32127,4529,32127,766,68
1619,3470,32128,4529,32128,766,68
1619,3470,32129,4529,32129,766,68
1619,3470,32130,4529,32130,766,68
1619,3470,32131,4529,32131,766,68
1619,3470,32132,4529,32132,766,68
1619,3470,32133,4529,32133,766,68
1619,3470,32134,4529,32134,766,68
1619,3470,32135,4529,32135,766,68
1619,3470,32136,4529,32136,766,68
1619,3470,32137,4529,32137,766,68
1619,3470,32138,4529,32138,766,68
1619,3470,32139,4529,32139,766,68
1619,3470,32140,4529,32140,766,68
1619,3470,32141,4529,32141,766,68
1619,3470,32142,4529,32142,766,68
1619,3470,32143,4529,32143,766,68
1619,3470,32144,4529,32144,766,68
1619,3470,32145,4529,32145,766,68
1619,3470,32146,4529,32146,766,68
1619,3470,32147,4529,32147,766,68
1619,3470,32148,4529,32148,766,68
1619,3470,32149,4529,32149,766,68
1619,3470,32150,4529,32150,766,68
1619,3470,32151,4529,32151,766,68
1619,3470,32152,4529,32152,766,68
1619,3470,32153,4529,32153,766,68
1619,3470,32154,4529,32154,766,68
1619,3470,32155,4529,32155,766,68
1619,3470,32156,4529,32156,766,68
1619,3470,32157,4529,32157,766,68
1619,3470,32158,4529,32158,766,68
1619,3470,32159,4529,32159,766,68
1619,3470,32160,4529,32160,766,68
1619,3470,32161,4529,32161,766,68
1619,3470,32162,4529,32162,766,68
1619,3470,32163,4529,32163,766,68
1619,3470,32164,4529,32164,766,68
1619,3470,32165,4529,32165,766,68
1619,3470,32166,4529,32166,766,68
1619,3470,32167,4529,32167,766,68
1619,3470,32168,4529,32168,766,68
1619,3470,32169,4529,32169,766,68
1619,3470,32170,4529,32170,766,68
1619,3470,32171,4529,32171,766,68
1619,3470,32172,4529,32172,766,68
1619,3470,32173,4529,32173,766,68
1619,3470,32174,4529,32174,766,68
1619,3470,32175,4529,32175,766,68
1619,3470,32176,4529,32176,766,68
1619,3470,32177,4529,32177,766,68
1619,3470,32178,4529,32178,766,68
1619,3470,32179,4529,32179,766,68
1619,3470,32180,4529,32180,766,68
1619,3470,32181,4529,32181,766,68
1619,3470,32182,4529,32182,766,68
1619,3470,32183,4529,32183,766,68
1619,3470,32184,4529,32184,766,68
1619,3470,32185,4529,32185,766,68
1619,3470,32186,4529,32186,766,68
1619,3470,32187,4529,32187,766,68
1619,3470,32188,4529,32188,766,68
1619,3470,32189,4529,32189,766,68
1619,3470,32190,4529,32190,766,68
1619,3470,32191,4529,32191,766,68
1619,3470,32192,4529,32192,766,68
1619,3470,32193,4529,32193,766,68
1619,3470,32194,4529,32194,766,68
1619,3470,32195,4529,32195,766,68
1619,3470,32196,4529,32196,766,68
1619,3470,32197,4529,32197,766,68
1619,3470,32198,4529,32198,766,68
1619,3470,32199,4529,32199,766,68
1619,3470,32200,4529,32200,766,68
1619,3470,32201,4529,32201,766,68
1619,3470,32202,4529,32202,766,68
1619,3470,32203,4529,32203,766,68
1619,3470,32204,4529,32204,766,68
1619,3470,32205,4529,32205,766,68
1619,3470,32206,4529,32206,766,68
1619,3470,32207,4529,32207,766,68
1619,3470,32208,4529,32208,766,68
1619,3470,32209,4529,32209,766,68
1619,3470,32210,4529,32210,766,68
1618,3470,32211,4529,32211,766,68
1618,3470,32212,4529,32212,766,68
1618,3470,32213,4529,32213,766,68
1618,3470,32214,4529,32214,766,68
1618,3470,32215,4529,32215,766,68
1618,3470,32216,4529,32216,766,68
1618,3470,32217,4529,32217,766,68
1618,3470,32218,4529,32218,766,68
1618,3470,32219,4529,32219,766,68
1618,3470,32220,4529,32220,766,68
1618,3470,32221,4529,32221,766,68
1618,3470,32222,4529,32222,766,68
1618,3470,32223,4529,32223,766,68
1618,3470,32224,4529,32224,766,68
1618,3470,32225,4529,32225,766,68
1618,3470,32226,4529,32226,766,68
1618,3470,32227,4529,32227,766,68
1618,3470,32228,4529,32228,766,68
1618,3470,32229,4529,32229,766,68
1618,3470,32230,4529,32230,766,68
1618,3470,32231,4529,32231,766,68
1618,3470,32232,4529,32232,766,68
1618,3470,32233,4529,32233,766,68
1618,3470,32234,4529,32234,766,68
1618,3470,32235,4529,32235,766,68
1618,3470,32236,4529,32236,766,68
1618,3470,32237,4529,32237,766,68
1618,3470,32238,4529,32238,766,68
1618,3470,32239,4529,32239,766,68
1618,3470,32240,4529,32240,766,68
1618,3470,32241,4529,32241,766,68
1618,3470,32242,4529,32242,766,68
1618,3470,32243,4529,32243,766,68
1618,3470,32244,4529,32244,766,68
1618,3470,32245,4529,32245,766,68
1618,3470,32246,4529,32246,766,68
1618,3470,32247,4529,32247,766,68
1618,3470,32248,4529,32248,766,68
1618,3470,32249,4529,32249,766,68
1618,3470,32250,4529,32250,766,68
1618,3470,32251,4529,32251,766,68
1618,3470,32252,4529,32252,766,68
1618,3470,32253,4529,32253,766,68
1618,3470,32254,4529,32254,766,68
1618,3470,32255,4529,32255,766,68
1618,3470,32256,4529,32256,766,68
1618,3470,32257,4529,32257,766,68
1619,3470,32258,4529,32258,766,68
1619,3470,32259,4529,32259,766,68
1619,3470,32260,4529,32260,766,68
1619,3470,32261,4529,32261,766,68
1619,3470,32262,4529,32262,766,68
1619,3470,32263,4529,32263,766,68
1619,3470,32264,4529,32264,766,68
1619,3470,32265,4529,32265,766,68
1619,3470,32266,4529,32266,766,68
1619,3470,32267,4529,32267,766,68
1619,3470,32268,4529,32268,766,68
1619,3470,32269,4529,32269,766,68
1619,3470,32270,4529,32270,766,68
1619,3470,32271,4529,32271,766,68
1619,3470,32272,4529,32272,766,68
1619,3470,32273,4529,32273,766,68
1619,3470,32274,4529,32274,766,68
1619,3470,32275,4529,32275,766,68
1619,3470,32276,4529,32276,766,68
1619,3470,32277,4529,32277,766,68
1619,3470,32278,4529,32278,766,68
1619,3470,32279,4529,32279,766,68
1619,3470,32280,4529,32280,766,68
1619,3470,32281,4529,32281,766,68
1619,3470,32282,4529,32282,766,68
1619,3470,32283,4529,32283,766,68
1619,3470,32284,4529,32284,766,68
1619,3470,32285,4529,32285,766,68
1619,3470,32286,4529,32286,766,68
1619,3470,32287,4529,32287,766,68
1619,3470,32288,4529,32288,766,68
1619,3470,32289,4529,32289,766,68
1619,3470,32290,4529,32290,766,68
1619,3470,32291,4529,32291,766,68
1619,3470,32292,4529,32292,766,68
1619,3470,32293,4529,32293,766,68
1619,3470,32294,4529,32294,766,68
1619,3470,32295,4529,32295,766,68
1619,3470,32296,4529,32296,766,68
1619,3470,32297,4529,32297,766,68
1619,3470,32298,4529,32298,766,68
1619,3470,32299,4529,32299,766,68
1619,3470,32300,4529,32300,766,68
1619,3470,32301,4529,32301,766,68
1619,3470,32302,4529,32302,766,68
1619,3470,32303,4529,32303,766,68
1619,3470,32304,4529,32304,766,68
1619,3470,32305,4529,32305,766,68
1619,3470,32306,4529,32306,766,68
1619,3470,32307,4529,32307,766,68
1619,3470,32308,4529,32308,766,68
1619,3470,32309,4529,32309,766,68
1619,3470,32310,4529,32310,766,68
1619,3470,32311,4529,32311,766,68
1619,3470,32312,4529,32312,766,68
1619,3470,32313,4529,32313,766,68
1619,3470,32314,4529,32314,766,68
1619,3470,32315,4529,32315,766,68
1619,3470,32316,4529,32316,766,68
1619,3470,32317,4529,32317,766,68
1619,3470,32318,4529,32318,766,68
1619,3470,32319,4529,32319,766,68
1619,3470,32320,4529,32320,766,68
1619,3470,32321,4529,32321,766,68
1619,3470,32322,4529,32322,766,68
1619,3470,32323,4529,32323,766,68
1619,3470,32324,4529,32324,766,68
1619,3470,32325,4529,32325,766,68
1619,3470,32326,4529,32326,766,68
1619,3470,32327,4529,32327,766,68
1619,3470,32328,4529,32328,766,68
1619,3470,32329,4529,32329,766,68
1619,3470,32330,4529,32330,766,68
1619,3470,32331,4529,32331,766,68
1619,3470,32332,4529,32332,766,68
1619,3470,32333,4529,32333,766,68
1619,3470,32334,4529,32334,766,68
1619,3470,32335,4529,32335,766,68
1619,3470,32336,4529,32336,766,68
1619,3470,32337,4529,32337,766,68
1619,3470,32338,4529,32338,766,68
1619,3470,32339,4529,32339,766,68
1619,3470,32340,4529,32340,766,68
1619,3470,32341,4529,32341,766,68
1619,3470,32342,4529,32342,766,68
1619,3470,32343,4529,32343,766,68
1619,3470,32344,4529,32344,766,68
1619,3470,32345,4529,32345,766,68
1619,3470,32346,4529,32346,766,68
1619,3470,32347,4529,32347,766,68
1619,3470,32348,4529,32348,766,68
1619,3470,32349,4529,32349,766,68
1619,3470,32350,4529,32350,766,68
1619,3470,32351,4529,32351,766,68
1619,3470,32352,4529,32352,766,68
1619,3470,32353,4529,32353,766,68
1619,3470,32354,4529,32354,766,68
1619,3470,32355,4529,32355,766,68
1619,3470,32356,4529,32356,766,68
1619,3470,32357,4529,32357,766,68
1619,3470,32358,4529,32358,766,68
1619,3470,32359,4529,32359,766,68
1619,3470,32360,4529,32360,766,68
1619,3470,32361,4529,32361,766,68
1619,3470,32362,4529,32362,766,68
1619,3470,32363,4529,32363,766,68
1619,3470,32364,4529,32364,766,68
1619,3470,32365,4529,32365,766,68
1619,3470,32366,4529,32366,766,68
1619,3470,32367,4529,32367,766,68
1619,3470,32368,4529,32368,766,68
1619,3470,32369,4529,32369,766,68
1619,3470,32370,4529,32370,766,68
1619,3470,32371,4529,32371,766,68
1619,3470,32372,4529,32372,766,68
1619,3470,32373,4529,32373,766,68
1619,3470,32374,4529,32374,766,68
1619,3470,32375,4529,32375,766,68
1619,3470,32376,4529,32376,766,68
1619,3470,32377,4529,32377,766,68
1619,3470,32378,4529,32378,766,68
1619,3470,32379,4529,32379,766,68
1619,3470,32380,4529,32380,766,68
1619,3470,32381,4529,32381,766,68
1619,3470,32382,4529,32382,766,68
1619,3470,32383,4529,32383,766,68
1619,3470,32384,4529,32384,766,68
1619,3470,32385,4529,32385,766,68
1619,3470,32386,4529,32386,766,68
1619,3470,32387,4529,32387,766,68
1619,3470,32388,4529,32388,766,68
1619,3470,32389,4529,32389,766,68
1619,3470,32390,4529,32390,766,68
1619,3470,32391,4529,32391,766,68
1619,3470,32392,4529,32392,766,68
1618,3470,32393,4529,32393,766,68
1618,3470,32394,4529,32394,766,68
1618,3470,32395,4529,32395,766,68
1618,3470,32396,4529,32396,766,68
1618,3470,32397,4529,32397,766,68
1618,3470,32398,4529,32398,766,68
1618,3470,32399,4529,32399,766,68
1618,3470,32400,4529,32400,766,68
1618,3470,32401,4529,32401,766,68
1618,3470,32402,4529,32402,766,68
1618,3470,32403,4529,32403,766,68
1618,3470,32404,4529,32404,766,68
1618,3470,32405,4529,32405,766,68
1618,3470,32406,4529,32406,766,68
1618,3470,32407,4529,32407,766,68
1618,3470,32408,4529,32408,766,68
1618,3470,32409,4529,32409,766,68
1618,3470,32410,4529,32410,766,68
1618,3470,32411,4529,32411,766,68
1618,3470,32412,4529,32412,766,68
1618,3470,32413,4529,32413,766,68
1618,3470,32414,4529,32414,766,68
1618,3470,32415,4529,32415,766,68
1618,3470,32416,4529,32416,766,68
1618,3470,32417,4529,32417,766,68
1618,3470,32418,4529,32418,766,68
1618,3470,32419,4529,32419,766,68
1618,3470,32420,4529,32420,766,68
1618,3470,32421,4529,32421,766,68
1618,3470,32422,4529,32422,766,68
1618,3470,32423,4529,32423,766,68
1618,3470,32424,4529,32424,766,68
1618,3470,32425,4529,32425,766,68
1618,3470,32426,4529,32426,766,68
1618,3470,32427,4529,32427,766,68
1617,3470,32428,4529,32428,766,68
1617,3470,32429,4529,32429,766,68
1617,3470,32430,4529,32430,766,68
1617,3470,32431,4529,32431,766,68
1617,3470,32432,4529,32432,766,68
1617,3470,32433,4529,32433,766,68
1617,3470,32434,4529,32434,766,68
1617,3470,32435,4529,32435,766,68
1617,3470,32436,4529,32436,766,68
1617,3470,32437,4529,32437,766,68
1617,3470,32438,4529,32438,766,68
1617,3470,32439,4529,32439,766,68
1617,3470,32440,4529,32440,766,68
1617,3470,32441,4529,32441,766,68
1617,3470,32442,4529,32442,766,68
1617,3470,32443,4529,32443,766,68
1617,3470,32444,4529,32444,766,68
1617,3470,32445,4529,32445,766,68
1617,3470,32446,4529,32446,766,68
1617,3470,32447,4529,32447,766,68
1617,3470,32448,4529,32448,766,68
1617,3470,32449,4529,32449,766,68
1617,3470,32450,4529,32450,766,68
1617,3470,32451,4529,32451,766,68
1617,3470,32452,4529,32452,766,68
1617,3470,32453,4529,32453,766,68
1617,3470,32454,4529,32454,766,68
1617,3470,32455,4529,32455,766,68
1617,3470,32456,4529,32456,766,68
1617,3470,32457,4529,32457,766,68
1617,3470,32458,4529,32458,766,68
1617,3470,32459,4529,32459,766,68
1617,3470,32460,4529,32460,766,68
1617,3470,32461,4529,32461,766,68
1617,3470,32462,4529,32462,766,68
1617,3470,32463,4529,32463,766,68
1617,3470,32464,4529,32464,766,68
1617,3470,32465,4529,32465,766,68
1617,3470,32466,4529,32466,766,68
1617,3470,32467,4529,32467,766,68
1617,3470,32468,4529,32468,766,68
1617,3470,32469,4529,32469,766,68
1617,3470,32470,4529,32470,766,68
1617,3470,32471,4529,32471,766,68
1617,3470,32472,4529,32472,766,68
1617,3470,32473,4529,32473,766,68
1617,3470,32474,4529,32474,766,68
1617,3470,32475,4529,32475,766,68
1617,3470,32476,4529,32476,766,68
1617,3470,32477,4529,32477,766,68
1617,3470,32478,4529,32478,766,68
1617,3470,32479,4529,32479,766,68
1617,3470,32480,4529,32480,766,68
1617,3470,32481,4529,32481,766,68
1617,3470,32482,4529,32482,766,68
1617,3470,32483,4529,32483,766,68
1617,3470,32484,4529,32484,766,68
1617,3470,32485,4529,32485,766,68
1617,3470,32486,4529,32486,766,68
1617,3470,32487,4529,32487,766,68
1617,3470,32488,4529,32488,766,68
1617,3470,32489,4529,32489,766,68
1617,3470,32490,4529,32490,766,68
1617,3470,32491,4529,32491,766,68
1617,3470,32492,4529,32492,766,68
1617,3470,32493,4529,32493,766,68
1617,3470,32494,4529,32494,766,68
1617,3470,32495,4529,32495,766,68
1617,3470,32496,4529,32496,766,68
1617,3470,32497,4529,32497,766,68
1617,3470,32498,4529,32498,766,68
1617,3470,32499,4529,32499,766,68
1617,3470,32500,4529,32500,766,68
1617,3470,32501,4529,32501,766,68
1617,3470,32502,4529,32502,766,68
1617,3470,32503,4529,32503,766,68
1617,3470,32504,4529,32504,766,68
1617,3470,32505,4529,32505,766,68
1617,3470,32506,4529,32506,766,68
1617,3470,32507,4529,32507,766,68
1617,3470,32508,4529,32508,766,68
1617,3470,32509,4529,32509,766,68
1617,3470,32510,4529,32510,766,68
1617,3470,32511,4529,32511,766,68
1617,3470,32512,4529,32512,766,68
1617,3470,32513,4529,32513,766,68
1617,3470,32514,4529,32514,766,68
1617,3470,32515,4529,32515,766,68
1617,3470,32516,4529,32516,766,68
1617,3470,32517,4529,32517,766,68
1617,3470,32518,4529,32518,766,68
1617,3470,32519,4529,32519,766,68
1617,3470,32520,4529,32520,766,68
1617,3470,32521,4529,32521,766,68
1617,3470,32522,4529,32522,766,68
1617,3470,32523,4529,32523,766,68
1617,3470,32524,4529,32524,766,68
1617,3470,32525,4529,32525,766,68
1617,3470,32526,4529,32526,766,68
1617,3470,32527,4529,32527,766,68
1617,3470,32528,4529,32528,766,68
1617,3470,32529,4529,32529,766,68
1617,3470,32530,4529,32530,766,68
1617,3470,32531,4529,32531,766,68
1617,3470,32532,4529,32532,766,68
1617,3470,32533,4529,32533,766,68
1617,3470,32534,4529,32534,766,68
1617,3470,32535,4529,32535,766,68
1617,3470,32536,4529,32536,766,68
1617,3470,32537,4529,32537,766,68
1617,3470,32538,4529,32538,766,68
1617,3470,32539,4529,32539,766,68
1617,3470,32540,4529,32540,766,68
1617,3470,32541,4529,32541,766,68
1617,3470,32542,4529,32542,766,68
1617,3470,32543,4529,32543,766,68
1617,3470,32544,4529,32544,766,68
1616,3470,32545,4529,32545,766,68
1616,3470,32546,4529,32546,766,68
1616,3470,32547,4529,32547,766,68
1616,3470,32548,4529,32548,766,68
1616,3470,32549,4529,32549,766,68
1616,3470,32550,4529,32550,766,68
1616,3470,32551,4529,32551,766,68
1616,3470,32552,4529,32552,766,68
1616,3470,32553,4529,32553,766,68
1616,3470,32554,4529,32554,766,68
1616,3470,32555,4529,32555,766,68
1616,3470,32556,4529,32556,766,68
1616,3470,32557,4529,32557,766,68
1616,3470,32558,4529,32558,766,68
1616,3470,32559,4529,32559,766,68
1616,3470,32560,4529,32560,766,68
1616,3470,32561,4529,32561,766,68
1616,3470,32562,4529,32562,766,68
1616,3470,32563,4529,32563,766,68
1616,3470,32564,4529,32564,766,68
1616,3470,32565,4529,32565,766,68
1616,3470,32566,4529,32566,766,68
1616,3470,32567,4529,32567,766,68
1616,3470,32568,4529,32568,766,68
1616,3470,32569,4529,32569,766,68
1616,3470,32570,4529,32570,766,68
1616,3470,32571,4529,32571,766,68
1616,3470,32572,4529,32572,766,68
1616,3470,32573,4529,32573,766,68
1616,3470,32574,4529,32574,766,68
1616,3470,32575,4529,32575,766,68
1616,3470,32576,4529,32576,766,68
1616,3470,32577,4529,32577,766,68
1616,3470,32578,4529,32578,766,68
1616,3470,32579,4529,32579,766,68
1616,3470,32580,4529,32580,766,68
1616,3470,32581,4529,32581,766,68
1616,3470,32582,4529,32582,766,68
1616,3470,32583,4529,32583,766,68
1616,3470,32584,4529,32584,766,68
1616,3470,32585,4529,32585,766,68
1616,3470,32586,4529,32586,766,68
1616,3470,32587,4529,32587,766,68
1616,3470,32588,4529,32588,766,68
1616,3470,32589,4529,32589,766,68
1616,3470,32590,4529,32590,766,68
1616,3470,32591,4529,32591,766,68
1616,3470,32592,4529,32592,766,68
1616,3470,32593,4529,32593,766,68
1616,3470,32594,4529,32594,766,68
1616,3470,32595,4529,32595,766,68
1616,3470,32596,4529,32596,766,68
1616,3470,32597,4529,32597,766,68
1616,3470,32598,4529,32598,766,68
1616,3470,32599,4529,32599,766,68
1616,3470,32600,4529,32600,766,68
1615,3470,32601,4529,32601,766,68
1615,3470,32602,4529,32602,766,68
1615,3470,32603,4529,32603,766,68
1615,3470,32604,4529,32604,766,68
1615,3470,32605,4529,32605,766,68
1615,3470,32606,4529,32606,766,68
1615,3470,32607,4529,32607,766,68
1615,3470,32608,4529,32608,766,68
1615,3470,32609,4529,32609,766,68
1615,3470,32610,4529,32610,766,68
1615,3470,32611,4529,32611,766,68
1615,3470,32612,4529,32612,766,68
1615,3470,32613,4529,32613,766,68
1615,3470,32614,4529,32614,766,68
1615,3470,32615,4529,32615,766,68
1615,3470,32616,4529,32616,766,68
1615,3470,32617,4529,32617,766,68
1615,3470,32618,4529,32618,766,68
1615,3470,32619,4529,32619,766,68
1615,3470,32620,4529,32620,766,68
1615,3470,32621,4529,32621,766,68
1615,3470,32622,4529,32622,766,68
1615,3470,32623,4529,32623,766,68
1615,3470,32624,4529,32624,766,68
1615,3470,32625,4529,32625,766,68
1615,3470,32626,4529,32626,766,68
1615,3470,32627,4529,32627,766,68
1615,3470,32628,4529,32628,766,68
1615,3470,32629,4529,32629,766,68
1615,3470,32630,4529,32630,766,68
1615,3470,32631,4529,32631,766,68
1615,3470,32632,4529,32632,766,68
1615,3470,32633,4529,32633,766,68
1615,3470,32634,4529,32634,766,68
1615,3470,32635,4529,32635,766,68
1615,3470,32636,4529,32636,766,68
1615,3470,32637,4529,32637,766,68
1615,3470,32638,4529,32638,766,68
1615,3470,32639,4529,32639,766,68
1614,3470,32640,4529,32640,766,68
1614,3470,32641,4529,32641,766,68
1614,3470,32642,4529,32642,766,68
1614,3470,32643,4529,32643,766,68
1614,3470,32644,4529,32644,766,68
1614,3470,32645,4529,32645,766,68
1614,3470,32646,4529,32646,766,68
1614,3470,32647,4529,32647,766,68
1614,3470,32648,4529,32648,766,68
1614,3470,32649,4529,32649,766,68
1614,3470,32650,4529,32650,766,68
1614,3470,32651,4529,32651,766,68
1614,3470,32652,4529,32652,766,68
1614,3470,32653,4529,32653,766,68
1614,3470,32654,4529,32654,766,68
1614,3470,32655,4529,32655,766,68
1614,3470,32656,4529,32656,766,68
1614,3470,32657,4529,32657,766,68
1614,3470,32658,4529,32658,766,68
1614,3470,32659,4529,32659,766,68
1614,3470,32660,4529,32660,766,68
1614,3470,32661,4529,32661,766,68
1614,3470,32662,4529,32662,766,68
1614,3470,32663,4529,32663,766,68
1614,3470,32664,4529,32664,766,68
1614,3470,32665,4529,32665,766,68
1614,3470,32666,4529,32666,766,68
1614,3470,32667,4529,32667,766,68
1614,3470,32668,4529,32668,766,68
1614,3470,32669,4529,32669,766,68
1614,3470,32670,4529,32670,766,68
1614,3470,32671,4529,32671,766,68
1614,3470,32672,4529,32672,766,68
1614,3470,32673,4529,32673,766,68
1614,3470,32674,4529,32674,766,68
1614,3470,32675,4529,32675,766,68
1614,3470,32676,4529,32676,766,68
1614,3470,32677,4529,32677,766,68
1614,3470,32678,4529,32678,766,68
1614,3470,32679,4529,32679,766,68
1614,3470,32680,4529,32680,766,68
1614,3470,32681,4529,32681,766,68
1614,3470,32682,4529,32682,766,68
1614,3470,32683,4529,32683,766,68
1614,3470,32684,4529,32684,766,68
1614,3470,32685,4529,32685,766,68
1614,3470,32686,4529,32686,766,68
1614,3470,32687,4529,32687,766,68
1614,3470,32688,4529,32688,766,68
1614,3470,32689,4529,32689,766,68
1614,3470,32690,4529,32690,766,68
1614,3470,32691,4529,32691,766,68
1614,3470,32692,4529,32692,766,68
1614,3470,32693,4529,32693,766,68
1614,3470,32694,4529,32694,766,68
1614,3470,32695,4529,32695,766,68
1614,3470,32696,4529,32696,766,68
1614,3470,32697,4529,32697,766,68
1614,3470,32698,4529,32698,766,68
1614,3470,32699,4529,32699,766,68
1614,3470,32700,4529,32700,766,68
1614,3470,32701,4529,32701,766,68
1614,3470,32702,4529,32702,766,68
1614,3470,32703,4529,32703,766,68
1614,3470,32704,4529,32704,766,68
1614,3470,32705,4529,32705,766,68
1614,3470,32706,4529,32706,766,68
1614,3470,32707,4529,32707,766,68
1614,3470,32708,4529,32708,766,68
1614,3470,32709,4529,32709,766,68
1614,3470,32710,4529,32710,766,68
1614,3470,32711,4529,32711,766,68
1614,3470,32712,4529,32712,766,68
1613,3470,32713,4529,32713,766,68
1613,3470,32714,4529,32714,766,68
1613,3470,32715,4529,32715,766,68
1613,3470,32716,4529,32716,766,68
1613,3470,32717,4529,32717,766,68
1612,3470,32718,4529,32718,766,68
1612,3470,32719,4529,32719,766,68
1612,3470,32720,4529,32720,766,68
1612,3470,32721,4529,32721,766,68
1612,3470,32722,4529,32722,766,68
1612,3470,32723,4529,32723,766,68
1612,3470,32724,4529,32724,766,68
1612,3470,32725,4529,32725,766,68
1612,3470,32726,4529,32726,766,68
1612,3470,32727,4529,32727,766,68
1612,3470,32728,4529,32728,766,68
1612,3470,32729,4529,32729,766,68
1612,3470,32730,4529,32730,766,68
1612,3470,32731,4529,32731,766,68
1612,3470,32732,4529,32732,766,68
1612,3470,32733,4529,32733,766,68
1612,3470,32734,4529,32734,766,68
1612,3470,32735,4529,32735,766,68
1612,3470,32736,4529,32736,766,68
1612,3470,32737,4529,32737,766,68
1612,3470,32738,4529,32738,766,68
1612,3470,32739,4529,32739,766,68
1612,3470,32740,4529,32740,766,68
1612,3470,32741,4529,32741,766,68
1612,3470,32742,4529,32742,766,68
1612,3470,32743,4529,32743,766,68
1612,3470,32744,4529,32744,766,68
1612,3470,32745,4529,32745,766,68
1612,3470,32746,4529,32746,766,68
1612,3470,32747,4529,32747,766,68
1612,3470,32748,4529,32748,766,68
1612,3470,32749,4529,32749,766,68
1612,3470,32750,4529,32750,766,68
1612,3470,32751,4529,32751,766,68
1612,3470,32752,4529,32752,766,68
1612,3470,32753,4529,32753,766,68
1612,3470,32754,4529,32754,766,68
1612,3470,32755,4529,32755,766,68
1612,3470,32756,4529,32756,766,68
1612,3470,32757,4529,32757,766,68
1612,3470,32758,4529,32758,766,68
1612,3470,32759,4529,32759,766,68
1612,3470,32760,4529,32760,766,68
1612,3470,32761,4529,32761,766,68
1612,3470,32762,4529,32762,766,68
1612,3470,32763,4529,32763,766,68
1612,3470,32764,4529,32764,766,68
1612,3470,32765,4529,32765,766,68
1612,3470,32766,4529,32766,766,68
1612,3470,32767,4529,32767,766,68
1612,3470,32768,4529,32768,766,68
1612,3470,32769,4529,32769,766,68
1612,3470,32770,4529,32770,766,68
1612,3470,32771,4529,32771,766,68
1612,3470,32772,4529,32772,766,68
1612,3470,32773,4529,32773,766,68
1612,3470,32774,4529,32774,766,68
1612,3470,32775,4529,32775,766,68
1612,3470,32776,4529,32776,766,68
1612,3470,32777,4529,32777,766,68
1612,3470,32778,4529,32778,766,68
1612,3470,32779,4529,32779,766,68
1612,3470,32780,4529,32780,766,68
1612,3470,32781,4529,32781,766,68
1612,3470,32782,4529,32782,766,68
1612,3470,32783,4529,32783,766,68
1612,3470,32784,4529,32784,766,68
1612,3470,32785,4529,32785,766,68
1612,3470,32786,4529,32786,766,68
1612,3470,32787,4529,32787,766,68
1612,3470,32788,4529,32788,766,68
1612,3470,32789,4529,32789,766,68
1612,3470,32790,4529,32790,766,68
1612,3470,32791,4529,32791,766,68
1612,3470,32792,4529,32792,766,68
1612,3470,32793,4529,32793,766,68
1612,3470,32794,4529,32794,766,68
1612,3470,32795,4529,32795,766,68
1612,3470,32796,4529,32796,766,68
1612,3470,32797,4529,32797,766,68
1612,3470,32798,4529,32798,766,68
1612,3470,32799,4529,32799,766,68
1612,3470,32800,4529,32800,766,68
1612,3470,32801,4529,32801,766,68
1612,3470,32802,4529,32802,766,68
1612,3470,32803,4529,32803,766,68
1612,3470,32804,4529,32804,766,68
1612,3470,32805,4529,32805,766,68
1612,3470,32806,4529,32806,766,68
1612,3470,32807,4529,32807,766,68
1612,3470,32808,4529,32808,766,68
1612,3470,32809,4529,32809,766,68
1612,3470,32810,4529,32810,766,68
1612,3470,32811,4529,32811,766,68
1612,3470,32812,4529,32812,766,68
1611,3470,32813,4529,32813,766,68
1611,3470,32814,4529,32814,766,68
1611,3470,32815,4529,32815,766,68
1611,3470,32816,4529,32816,766,68
1611,3470,32817,4529,32817,766,68
1611,3470,32818,4529,32818,766,68
1610,3470,32819,4529,32819,766,67
1610,3470,32820,4529,32820,766,67
1610,3470,32821,4529,32821,766,67
1610,3470,32822,4529,32822,766,67
1610,3470,32823,4529,32823,766,67
1610,3470,32824,4529,32824,766,67
1610,3470,32825,4529,32825,766,67
1610,3470,32826,4529,32826,766,67
1610,3470,32827,4529,32827,766,67
1610,3470,32828,4529,32828,766,67
1610,3470,32829,4529,32829,766,67
1610,3470,32830,4529,32830,766,67
1610,3470,32831,4529,32831,766,67
1610,3470,32832,4529,32832,766,67
1610,3470,32833,4529,32833,766,67
1610,3470,32834,4529,32834,766,67
1610,3470,32835,4529,32835,766,67
1610,3470,32836,4529,32836,766,67
1610,3470,32837,4529,32837,766,67
1610,3470,32838,4529,32838,766,67
1610,3470,32839,4529,32839,766,67
1610,3470,32840,4529,32840,766,67
1610,3470,32841,4529,32841,766,67
1610,3470,32842,4529,32842,766,67
1610,3470,32843,4529,32843,766,67
1610,3470,32844,4529,32844,766,67
1610,3470,32845,4529,32845,766,67
1610,3470,32846,4529,32846,766,67
1611,3470,32847,4529,32847,766,67
1611,3470,32848,4529,32848,766,67
1611,3470,32849,4529,32849,766,67
1611,3470,32850,4529,32850,766,67
1611,3470,32851,4529,32851,766,67
1611,3470,32852,4529,32852,766,67
1611,3470,32853,4529,32853,766,67
1611,3470,32854,4529,32854,766,67
1611,3470,32855,4529,32855,766,67
1611,3470,32856,4529,32856,766,67
1611,3470,32857,4529,32857,766,67
1611,3470,32858,4529,32858,766,67
1611,3470,32859,4529,32859,766,67
1611,3470,32860,4529,32860,766,67
1611,3470,32861,4529,32861,766,67
1611,3470,32862,4529,32862,766,67
1611,3470,32863,4529,32863,766,67
1611,3470,32864,4529,32864,766,67
1611,3470,32865,4529,32865,766,67
1611,3470,32866,4529,32866,766,67
1611,3470,32867,4529,32867,766,67
1611,3470,32868,4529,32868,766,67
1611,3470,32869,4529,32869,766,67
1611,3470,32870,4529,32870,766,67
1611,3470,32871,4529,32871,766,67
1611,3470,32872,4529,32872,766,67
1611,3470,32873,4529,32873,766,67
1611,3470,32874,4529,32874,766,67
1611,3470,32875,4529,32875,766,67
1611,3470,32876,4529,32876,766,67
1611,3470,32877,4529,32877,766,67
1611,3470,32878,4529,32878,766,67
1611,3470,32879,4529,32879,766,67
1611,3470,32880,4529,32880,766,67
1611,3470,32881,4529,32881,766,67
1611,3470,32882,4529,32882,766,67
1611,3470,32883,4529,32883,766,67
1611,3470,32884,4529,32884,766,67
1611,3470,32885,4529,32885,766,67
1611,3470,32886,4529,32886,766,67
1611,3470,32887,4529,32887,766,67
1611,3470,32888,4529,32888,766,67
1611,3470,32889,4529,32889,766,67
1611,3470,32890,4529,32890,766,67
1611,3470,32891,4529,32891,766,67
1611,3470,32892,4529,32892,766,67
1611,3470,32893,4529,32893,766,67
1611,3470,32894,4529,32894,766,67
1611,3470,32895,4529,32895,766,67
1611,3470,32896,4529,32896,766,67
1611,3470,32897,4529,32897,766,67
1611,3470,32898,4529,32898,766,67
1611,3470,32899,4529,32899,766,67
1611,3470,32900,4529,32900,766,67
1611,3470,32901,4529,32901,766,67
1611,3470,32902,4529,32902,766,67
1611,3470,32903,4529,32903,766,67
1611,3470,32904,4529,32904,766,67
1611,3470,32905,4529,32905,766,67
1611,3470,32906,4529,32906,766,67
1611,3470,32907,4529,32907,766,67
1611,3470,32908,4529,32908,766,67
1611,3470,32909,4529,32909,766,67
1611,3470,32910,4529,32910,766,67
1611,3470,32911,4529,32911,766,67
1611,3470,32912,4529,32912,766,67
1611,3470,32913,4529,32913,766,67
1611,3470,32914,4529,32914,766,67
1611,3470,32915,4529,32915,766,67
1611,3470,32916,4529,32916,766,67
1611,3470,32917,4529,32917,766,67
1611,3470,32918,4529,32918,766,67
1611,3470,32919,4529,32919,766,67
1611,3470,32920,4529,32920,766,67
1611,3470,32921,4529,32921,766,67
1611,3470,32922,4529,32922,766,67
1611,3470,32923,4529,32923,766,67
1611,3470,32924,4529,32924,766,67
1611,3470,32925,4529,32925,766,67
1611,3470,32926,4529,32926,766,67
1611,3470,32927,4529,32927,766,67
1611,3470,32928,4529,32928,766,67
1611,3470,32929,4529,32929,766,67
1611,3470,32930,4529,32930,766,67
1611,3470,32931,4529,32931,766,67
1611,3470,32932,4529,32932,766,67
1611,3470,32933,4529,32933,766,67
1611,3470,32934,4529,32934,766,67
1611,3470,32935,4529,32935,766,67
1611,3470,32936,4529,32936,766,67
1611,3470,32937,4529,32937,766,67
1611,3470,32938,4529,32938,766,67
1611,3470,32939,4529,32939,766,67
1611,3470,32940,4529,32940,766,67
1611,3470,32941,4529,32941,766,67
1611,3470,32942,4529,32942,766,67
1611,3470,32943,4529,32943,766,67
1611,3470,32944,4529,32944,766,67
1611,3470,32945,4529,32945,766,67
1611,3470,32946,4529,32946,766,67
1611,3470,32947,4529,32947,766,67
1611,3470,32948,4529,32948,766,67
1611,3470,32949,4529,32949,766,67
1611,3470,32950,4529,32950,766,67
1611,3470,32951,4529,32951,766,67
1611,3470,32952,4529,32952,766,67
1611,3470,32953,4529,32953,766,67
1611,3470,32954,4529,32954,766,67
1611,3470,32955,4529,32955,766,67
1611,3470,32956,4529,32956,766,67
1611,3470,32957,4529,32957,766,67
1611,3470,32958,4529,32958,766,67
1611,3470,32959,4529,32959,766,67
1611,3470,32960,4529,32960,766,67
1611,3470,32961,4529,32961,766,67
1611,3470,32962,4529,32962,766,67
1611,3470,32963,4529,32963,766,67
1611,3470,32964,4529,32964,766,67
1611,3470,32965,4529,32965,766,67
1611,3470,32966,4529,32966,766,67
1611,3470,32967,4529,32967,766,67
1611,3470,32968,4529,32968,766,67
1611,3470,32969,4529,32969,766,67
1611,3470,32970,4529,32970,766,67
1611,3470,32971,4529,32971,766,67
1611,3470,32972,4529,32972,766,67
1611,3470,32973,4529,32973,766,67
1611,3470,32974,4529,32974,766,67
1611,3470,32975,4529,32975,766,67
1611,3470,32976,4529,32976,766,67
1611,3470,32977,4529,32977,766,67
1611,3470,32978,4529,32978,766,67
1611,3470,32979,4529,32979,766,67
1611,3470,32980,4529,32980,766,67
1611,3470,32981,4529,32981,766,67
1611,3470,32982,4529,32982,766,67
1611,3470,32983,4529,32983,766,67
1611,3470,32984,4529,32984,766,67
1611,3470,32985,4529,32985,766,67
1611,3470,32986,4529,32986,766,67
1611,3470,32987,4529,32987,766,67
1611,3470,32988,4529,32988,766,67
1611,3470,32989,4529,32989,766,67
1611,3470,32990,4529,32990,766,67
1611,3470,32991,4529,32991,766,67
1611,3470,32992,4529,32992,766,67
1611,3470,32993,4529,32993,766,67
1611,3470,32994,4529,32994,766,67
1611,3470,32995,4529,32995,766,67
1611,3470,32996,4529,32996,766,67
1611,3470,32997,4529,32997,766,67
1611,3470,32998,4529,32998,766,67
1611,3470,32999,4529,32999,766,67
1611,3470,33000,4529,33000,766,67
1611,3470,33001,4529,33001,766,67
1611,3470,33002,4529,33002,766,67
1611,3470,33003,4529,33003,766,67
1611,3470,33004,4529,33004,766,67
1611,3470,33005,4529,33005,766,67
1611,3470,33006,4529,33006,766,67
1611,3470,33007,4529,33007,766,67
1611,3470,33008,4529,33008,766,67
1611,3470,33009,4529,33009,766,67
1611,3470,33010,4529,33010,766,67
1611,3470,33011,4529,33011,766,67
1611,3470,33012,4529,33012,766,67
1611,3470,33013,4529,33013,766,67
1611,3470,33014,4529,33014,766,67
1611,3470,33015,4529,33015,766,67
1611,3470,33016,4529,33016,766,67
1611,3470,33017,4529,33017,766,67
1611,3470,33018,4529,33018,766,67
1611,3470,33019,4529,33019,766,67
1611,3470,33020,4529,33020,766,67
1611,3470,33021,4529,33021,766,67
1611,3470,33022,4529,33022,766,67
1611,3470,33023,4529,33023,766,67
1611,3470,33024,4529,33024,766,67
1611,3470,33025,4529,33025,766,67
1611,3470,33026,4529,33026,766,67
1611,3470,33027,4529,33027,766,67
1611,3470,33028,4529,33028,766,67
1611,3470,33029,4529,33029,766,67
1611,3470,33030,4529,33030,766,67
1611,3470,33031,4529,33031,766,67
1611,3470,33032,4529,33032,766,67
1611,3470,33033,4529,33033,766,67
1611,3470,33034,4529,33034,766,67
1611,3470,33035,4529,33035,766,67
1611,3470,33036,4529,33036,766,67
1611,3470,33037,4529,33037,766,67
1611,3470,33038,4529,33038,766,67
1611,3470,33039,4529,33039,766,67
1611,3470,33040,4529,33040,766,67
1611,3470,33041,4529,33041,766,67
1611,3470,33042,4529,33042,766,67
1611,3470,33043,4529,33043,766,67
1611,3470,33044,4529,33044,766,67
1611,3470,33045,4529,33045,766,67
1611,3470,33046,4529,33046,766,67
1611,3470,33047,4529,33047,766,67
1611,3470,33048,4529,33048,766,67
1611,3470,33049,4529,33049,766,67
1611,3470,33050,4529,33050,766,67
1611,3470,33051,4529,33051,766,67
1611,3470,33052,4529,33052,766,67
1611,3470,33053,4529,33053,766,67
1611,3470,33054,4529,33054,766,67
1611,3470,33055,4529,33055,766,67
1611,3470,33056,4529,33056,766,67
1611,3470,33057,4529,33057,766,67
1611,3470,33058,4529,33058,766,67
1611,3470,33059,4529,33059,766,67
1611,3470,33060,4529,33060,766,67
1611,3470,33061,4529,33061,766,67
1611,3470,33062,4529,33062,766,67
1611,3470,33063,4529,33063,766,67
1611,3470,33064,4529,33064,766,67
1611,3470,33065,4529,33065,766,67
1611,3470,33066,4529,33066,766,67
1611,3470,33067,4529,33067,766,67
1611,3470,33068,4529,33068,766,67
1611,3470,33069,4529,33069,766,67
1611,3470,33070,4529,33070,766,67
1611,3470,33071,4529,33071,766,67
1611,3470,33072,4529,33072,766,67
1611,3470,33073,4529,33073,766,67
1611,3470,33074,4529,33074,766,67
1611,3470,33075,4529,33075,766,67
1611,3470,33076,4529,33076,766,67
1611,3470,33077,4529,33077,766,67
1611,3470,33078,4529,33078,766,67
1611,3470,33079,4529,33079,766,67
1611,3470,33080,4529,33080,766,67
1611,3470,33081,4529,33081,766,67
1611,3470,33082,4529,33082,766,67
1611,3470,33083,4529,33083,766,67
1611,3470,33084,4529,33084,766,67
1611,3470,33085,4529,33085,766,67
1611,3470,33086,4529,33086,766,67
1611,3470,33087,4529,33087,766,67
1611,3470,33088,4529,33088,766,67
1611,3470,33089,4529,33089,766,67
1611,3470,33090,4529,33090,766,67
1611,3470,33091,4529,33091,766,67
1611,3470,33092,4529,33092,766,67
1611,3470,33093,4529,33093,766,67
1611,3470,33094,4529,33094,766,67
1611,3470,33095,4529,33095,766,67
1611,3470,33096,4529,33096,766,67
1611,3470,33097,4529,33097,766,67
1611,3470,33098,4529,33098,766,67
1611,3470,33099,4529,33099,766,67
1611,3470,33100,4529,33100,766,67
1611,3470,33101,4529,33101,766,67
1611,3470,33102,4529,33102,766,67
1611,3470,33103,4529,33103,766,67
1611,3470,33104,4529,33104,766,67
1611,3470,33105,4529,33105,766,67
1611,3470,33106,4529,33106,766,67
1611,3470,33107,4529,33107,766,67
1611,3470,33108,4529,33108,766,67
1611,3470,33109,4529,33109,766,67
1611,3470,33110,4529,33110,766,67
1611,3470,33111,4529,33111,766,67
1611,3470,33112,4529,33112,766,67
1611,3470,33113,4529,33113,766,67
1611,3470,33114,4529,33114,766,67
1611,3470,33115,4529,33115,766,67
1611,3470,33116,4529,33116,766,67
1611,3470,33117,4529,33117,766,67
1611,3470,33118,4529,33118,766,67
1611,3470,33119,4529,33119,766,67
1611,3470,33120,4529,33120,766,67
1611,3470,33121,4529,33121,766,67
1611,3470,33122,4529,33122,766,67
1611,3470,33123,4529,33123,766,67
1611,3470,33124,4529,33124,766,67
1611,3470,33125,4529,33125,766,67
1611,3470,33126,4529,33126,766,67
1611,3470,33127,4529,33127,766,67
1611,3470,33128,4529,33128,766,67
1611,3470,33129,4529,33129,766,67
1611,3470,33130,4529,33130,766,67
1611,3470,33131,4529,33131,766,67
1611,3470,33132,4529,33132,766,67
1611,3470,33133,4529,33133,766,67
1611,3470,33134,4529,33134,766,67
1611,3470,33135,4529,33135,766,67
1611,3470,33136,4529,33136,766,67
1611,3470,33137,4529,33137,766,67
1611,3470,33138,4529,33138,766,67
1611,3470,33139,4529,33139,766,67
1611,3470,33140,4529,33140,766,67
1611,3470,33141,4529,33141,766,67
1611,3470,33142,4529,33142,766,67
1611,3470,33143,4529,33143,766,67
1611,3470,33144,4529,33144,766,67
1611,3470,33145,4529,33145,766,67
1611,3470,33146,4529,33146,766,67
1611,3470,33147,4529,33147,766,67
1611,3470,33148,4529,33148,766,67
1611,3470,33149,4529,33149,766,67
1611,3470,33150,4529,33150,766,67
1611,3470,33151,4529,33151,766,67
1611,3470,33152,4529,33152,766,67
1611,3470,33153,4529,33153,766,67
1611,3470,33154,4529,33154,766,67
1611,3470,33155,4529,33155,766,67
1611,3470,33156,4529,33156,766,67
1611,3470,33157,4529,33157,766,67
1611,3470,33158,4529,33158,766,67
1611,3470,33159,4529,33159,766,67
1611,3470,33160,4529,33160,766,67
1611,3470,33161,4529,33161,766,67
1611,3470,33162,4529,33162,766,67
1611,3470,33163,4529,33163,766,67
1611,3470,33164,4529,33164,766,67
1611,3470,33165,4529,33165,766,67
1611,3470,33166,4529,33166,766,67
1611,3470,33167,4529,33167,766,67
1611,3470,33168,4529,33168,766,67
1611,3470,33169,4529,33169,766,67
1611,3470,33170,4529,33170,766,67
1611,3470,33171,4529,33171,766,67
1611,3470,33172,4529,33172,766,67
1611,3470,33173,4529,33173,766,67
1611,3470,33174,4529,33174,766,67
1611,3470,33175,4529,33175,766,67
1611,3470,33176,4529,33176,766,67
1611,3470,33177,4529,33177,766,67
1611,3470,33178,4529,33178,766,67
1611,3470,33179,4529,33179,766,67
1611,3470,33180,4529,33180,766,67
1611,3470,33181,4529,33181,766,67
1611,3470,33182,4529,33182,766,67
1611,3470,33183,4529,33183,766,67
1611,3470,33184,4529,33184,766,67
1611,3470,33185,4529,33185,766,67
1611,3470,33186,4529,33186,766,67
1611,3470,33187,4529,33187,766,67
1611,3470,33188,4529,33188,766,67
1611,3470,33189,4529,33189,766,67
1611,3470,33190,4529,33190,766,67
1611,3470,33191,4529,33191,766,67
1611,3470,33192,4529,33192,766,67
1611,3470,33193,4529,33193,766,67
1612,3470,33194,4529,33194,766,67
1612,3470,33195,4529,33195,766,67
1612,3470,33196,4529,33196,766,67
1612,3470,33197,4529,33197,766,67
1612,3470,33198,4529,33198,766,67
1612,3470,33199,4529,33199,766,67
1612,3470,33200,4529,33200,766,67
1612,3470,33201,4529,33201,766,67
1612,3470,33202,4529,33202,766,67
1612,3470,33203,4529,33203,766,67
1612,3470,33204,4529,33204,766,67
1612,3470,33205,4529,33205,766,67
1612,3470,33206,4529,33206,766,67
1612,3470,33207,4529,33207,766,67
1612,3470,33208,4529,33208,766,67
1612,3470,33209,4529,33209,766,67
1612,3470,33210,4529,33210,766,67
1612,3470,33211,4529,33211,766,67
1612,3470,33212,4529,33212,766,67
1612,3470,33213,4529,33213,766,67
1612,3470,33214,4529,33214,766,67
1612,3470,33215,4529,33215,766,67
1612,3470,33216,4529,33216,766,67
1612,3470,33217,4529,33217,766,67
1612,3470,33218,4529,33218,766,67
1612,3470,33219,4529,33219,766,67
1612,3470,33220,4529,33220,766,67
1612,3470,33221,4529,33221,766,67
1612,3470,33222,4529,33222,766,67
1613,3470,33223,4529,33223,766,67
1613,3470,33224,4529,33224,766,67
1613,3470,33225,4529,33225,766,67
1613,3470,33226,4529,33226,766,67
1613,3470,33227,4529,33227,766,67
1613,3470,33228,4529,33228,766,67
1613,3470,33229,4529,33229,766,67
1613,3470,33230,4529,33230,766,67
1613,3470,33231,4529,33231,766,67
1613,3470,33232,4529,33232,766,67
1613,3470,33233,4529,33233,766,67
1613,3470,33234,4529,33234,766,67
1613,3470,33235,4529,33235,766,67
1613,3470,33236,4529,33236,766,67
1613,3470,33237,4529,33237,766,67
1613,3470,33238,4529,33238,766,67
1613,3470,33239,4529,33239,766,67
1613,3470,33240,4529,33240,766,67
1613,3470,33241,4529,33241,766,67
1613,3470,33242,4529,33242,766,67
1613,3470,33243,4529,33243,766,67
1614,3470,33244,4529,33244,766,67
1614,3470,33245,4529,33245,766,67
1614,3470,33246,4529,33246,766,67
1614,3470,33247,4529,33247,766,67
1614,3470,33248,4529,33248,766,67
1614,3470,33249,4529,33249,766,67
1614,3470,33250,4529,33250,766,67
1614,3470,33251,4529,33251,766,67
1614,3470,33252,4529,33252,766,67
1614,3470,33253,4529,33253,766,67
1614,3470,33254,4529,33254,766,67
1614,3470,33255,4529,33255,766,67
1614,3470,33256,4529,33256,766,67
1614,3470,33257,4529,33257,766,67
1614,3470,33258,4529,33258,766,67
1614,3470,33259,4529,33259,766,67
1614,3470,33260,4529,33260,766,67
1614,3470,33261,4529,33261,766,67
1614,3470,33262,4529,33262,766,67
1614,3470,33263,4529,33263,766,67
1614,3470,33264,4529,33264,766,67
1614,3470,33265,4529,33265,766,67
1614,3470,33266,4529,33266,766,67
1614,3470,33267,4529,33267,766,67
1614,3470,33268,4529,33268,766,67
1614,3470,33269,4529,33269,766,67
1614,3470,33270,4529,33270,766,67
1614,3470,33271,4529,33271,766,67
1614,3470,33272,4529,33272,766,67
1614,3470,33273,4529,33273,766,67
1614,3470,33274,4529,33274,766,67
1614,3470,33275,4529,33275,766,67
1614,3470,33276,4529,33276,766,67
1614,3470,33277,4529,33277,766,67
1614,3470,33278,4529,33278,766,67
1614,3470,33279,4529,33279,766,67
1614,3470,33280,4529,33280,766,67
1614,3470,33281,4529,33281,766,67
1614,3470,33282,4529,33282,766,67
1614,3470,33283,4529,33283,766,67
1614,3470,33284,4529,33284,766,67
1614,3470,33285,4529,33285,766,67
1614,3470,33286,4529,33286,766,67
1614,3470,33287,4529,33287,766,67
1614,3470,33288,4529,33288,766,67
1614,3470,33289,4529,33289,766,67
1614,3470,33290,4529,33290,766,67
1614,3470,33291,4529,33291,766,67
1614,3470,33292,4529,33292,766,67
1614,3470,33293,4529,33293,766,67
1614,3470,33294,4529,33294,766,67
1614,3470,33295,4529,33295,766,67
1614,3470,33296,4529,33296,766,67
1614,3470,33297,4529,33297,766,67
1614,3470,33298,4529,33298,766,67
1614,3470,33299,4529,33299,766,67
1614,3470,33300,4529,33300,766,67
1614,3470,33301,4529,33301,766,67
1614,3470,33302,4529,33302,766,67
1614,3470,33303,4529,33303,766,67
1614,3470,33304,4529,33304,766,67
1614,3470,33305,4529,33305,766,67
1614,3470,33306,4529,33306,766,67
1614,3470,33307,4529,33307,766,67
1614,3470,33308,4529,33308,766,67
1614,3470,33309,4529,33309,766,67
1614,3470,33310,4529,33310,766,67
1614,3470,33311,4529,33311,766,67
1614,3470,33312,4529,33312,766,67
1614,3470,33313,4529,33313,766,67
1614,3470,33314,4529,33314,766,67
1614,3470,33315,4529,33315,766,67
1614,3470,33316,4529,33316,766,67
1614,3470,33317,4529,33317,766,67
1614,3470,33318,4529,33318,766,67
1614,3470,33319,4529,33319,766,67
1614,3470,33320,4529,33320,766,67
1614,3470,33321,4529,33321,766,67
1614,3470,33322,4529,33322,766,67
1614,3470,33323,4529,33323,766,67
1614,3470,33324,4529,33324,766,67
1614,3470,33325,4529,33325,766,67
1614,3470,33326,4529,33326,766,67
1614,3470,33327,4529,33327,766,67
1614,3470,33328,4529,33328,766,67
1614,3470,33329,4529,33329,766,67
1614,3470,33330,4529,33330,766,67
1614,3470,33331,4529,33331,766,67
1614,3470,33332,4529,33332,766,67
1614,3470,33333,4529,33333,766,67
1614,3470,33334,4529,33334,766,67
1614,3470,33335,4529,33335,766,67
1614,3470,33336,4529,33336,766,67
1614,3470,33337,4529,33337,766,67
1614,3470,33338,4529,33338,766,67
1614,3470,33339,4529,33339,766,67
1614,3470,33340,4529,33340,766,67
1614,3470,33341,4529,33341,766,67
1614,3470,33342,4529,33342,766,67
1614,3470,33343,4529,33343,766,67
1614,3470,33344,4529,33344,766,67
1614,3470,33345,4529,33345,766,67
1614,3470,33346,4529,33346,766,67
1614,3470,33347,4529,33347,766,67
1614,3470,33348,4529,33348,766,67
1614,3470,33349,4529,33349,766,67
1614,3470,33350,4529,33350,766,67
1614,3470,33351,4529,33351,766,67
1614,3470,33352,4529,33352,766,67
1614,3470,33353,4529,33353,766,67
1614,3470,33354,4529,33354,766,67
1614,3470,33355,4529,33355,766,67
1614,3470,33356,4529,33356,766,67
1614,3470,33357,4529,33357,766,67
1614,3470,33358,4529,33358,766,67
1614,3470,33359,4529,33359,766,67
1614,3470,33360,4529,33360,766,67
1614,3470,33361,4529,33361,766,67
1614,3470,33362,4529,33362,766,67
1614,3470,33363,4529,33363,766,67
1614,3470,33364,4529,33364,766,67
1614,3470,33365,4529,33365,766,67
1614,3470,33366,4529,33366,766,67
1614,3470,33367,4529,33367,766,67
1613,3470,33368,4529,33368,766,67
1613,3470,33369,4529,33369,766,67
1613,3470,33370,4529,33370,766,67
1613,3470,33371,4529,33371,766,67
1613,3470,33372,4529,33372,766,67
1613,3470,33373,4529,33373,766,67
1613,3470,33374,4529,33374,766,67
1613,3470,33375,4529,33375,766,67
1613,3470,33376,4529,33376,766,67
1613,3470,33377,4529,33377,766,67
1613,3470,33378,4529,33378,766,67
1613,3470,33379,4529,33379,766,67
1613,3470,33380,4529,33380,766,67
1613,3470,33381,4529,33381,766,67
1613,3470,33382,4529,33382,766,67
1613,3470,33383,4529,33383,766,67
1613,3470,33384,4529,33384,766,67
1613,3470,33385,4529,33385,766,67
1613,3470,33386,4529,33386,766,67
1613,3470,33387,4529,33387,766,67
1613,3470,33388,4529,33388,766,67
1613,3470,33389,4529,33389,766,67
1613,3470,33390,4529,33390,766,67
1612,3470,33391,4529,33391,766,67
1612,3470,33392,4529,33392,766,67
1612,3470,33393,4529,33393,766,67
1612,3470,33394,4529,33394,766,67
1612,3470,33395,4529,33395,766,67
1612,3470,33396,4529,33396,766,67
1612,3470,33397,4529,33397,766,67
1612,3470,33398,4529,33398,766,67
1612,3470,33399,4529,33399,766,67
1612,3470,33400,4529,33400,766,67
1612,3470,33401,4529,33401,766,67
1612,3470,33402,4529,33402,766,67
1612,3470,33403,4529,33403,766,67
1612,3470,33404,4529,33404,766,67
1612,3470,33405,4529,33405,766,67
1612,3470,33406,4529,33406,766,67
1612,3470,33407,4529,33407,766,67
1612,3470,33408,4529,33408,766,67
1612,3470,33409,4529,33409,766,67
1612,3470,33410,4529,33410,766,67
1612,3470,33411,4529,33411,766,67
1613,3470,33412,4529,33412,766,67
1613,3470,33413,4529,33413,766,67
1613,3470,33414,4529,33414,766,67
1613,3470,33415,4529,33415,766,67
1613,3470,33416,4529,33416,766,67
1613,3470,33417,4529,33417,766,67
1613,3470,33418,4529,33418,766,67
1613,3470,33419,4529,33419,766,67
1613,3470,33420,4529,33420,766,67
1613,3470,33421,4529,33421,766,67
1613,3470,33422,4529,33422,766,67
1613,3470,33423,4529,33423,766,67
1613,3470,33424,4529,33424,766,67
1613,3470,33425,4529,33425,766,67
1613,3470,33426,4529,33426,766,67
1613,3470,33427,4529,33427,766,67
1613,3470,33428,4529,33428,766,67
1613,3470,33429,4529,33429,766,67
1613,3470,33430,4529,33430,766,67
1612,3470,33431,4529,33431,766,67
1612,3470,33432,4529,33432,766,67
1612,3470,33433,4529,33433,766,67
1612,3470,33434,4529,33434,766,67
1612,3470,33435,4529,33435,766,67
1612,3470,33436,4529,33436,766,67
1612,3470,33437,4529,33437,766,67
1612,3470,33438,4529,33438,766,67
1612,3470,33439,4529,33439,766,67
1612,3470,33440,4529,33440,766,67
1612,3470,33441,4529,33441,766,67
1612,3470,33442,4529,33442,766,67
1612,3470,33443,4529,33443,766,67
1612,3470,33444,4529,33444,766,67
1612,3470,33445,4529,33445,766,67
1612,3470,33446,4529,33446,766,67
1612,3470,33447,4529,33447,766,67
1612,3470,33448,4529,33448,766,67
1612,3470,33449,4529,33449,766,67
1612,3470,33450,4529,33450,766,67
1612,3470,33451,4529,33451,766,67
1612,3470,33452,4529,33452,766,67
1612,3470,33453,4529,33453,766,67
1612,3470,33454,4529,33454,766,67
1612,3470,33455,4529,33455,766,67
1612,3470,33456,4529,33456,766,67
1612,3470,33457,4529,33457,766,67
1612,3470,33458,4529,33458,766,67
1612,3470,33459,4529,33459,766,67
1612,3470,33460,4529,33460,766,67
1612,3470,33461,4529,33461,766,67
1612,3470,33462,4529,33462,766,67
1612,3470,33463,4529,33463,766,67
1612,3470,33464,4529,33464,766,67
1612,3470,33465,4529,33465,766,67
1612,3470,33466,4529,33466,766,67
1612,3470,33467,4529,33467,766,67
1612,3470,33468,4529,33468,766,67
1612,3470,33469,4529,33469,766,67
1612,3470,33470,4529,33470,766,67
1612,3470,33471,4529,33471,766,67
1612,3470,33472,4529,33472,766,67
1612,3470,33473,4529,33473,766,67
1612,3470,33474,4529,33474,766,67
1612,3470,33475,4529,33475,766,67
1612,3470,33476,4529,33476,766,67
1612,3470,33477,4529,33477,766,67
1612,3470,33478,4529,33478,766,67
1612,3470,33479,4529,33479,766,67
1612,3470,33480,4529,33480,766,67
1612,3470,33481,4529,33481,766,67
1612,3470,33482,4529,33482,766,67
1612,3470,33483,4529,33483,766,67
1612,3470,33484,4529,33484,766,67
1612,3470,33485,4529,33485,766,67
1612,3470,33486,4529,33486,766,67
1612,3470,33487,4529,33487,766,67
1612,3470,33488,4529,33488,766,67
1612,3470,33489,4529,33489,766,67
1612,3470,33490,4529,33490,766,67
1612,3470,33491,4529,33491,766,67
1612,3470,33492,4529,33492,766,67
1612,3470,33493,4529,33493,766,67
1612,3470,33494,4529,33494,766,67
1612,3470,33495,4529,33495,766,67
1612,3470,33496,4529,33496,766,67
1612,3470,33497,4529,33497,766,67
1612,3470,33498,4529,33498,766,67
1612,3470,33499,4529,33499,766,67
1612,3470,33500,4529,33500,766,67
1612,3470,33501,4529,33501,766,67
1612,3470,33502,4529,33502,766,67
1612,3470,33503,4529,33503,766,67
1612,3470,33504,4529,33504,766,67
1612,3470,33505,4529,33505,766,67
1612,3470,33506,4529,33506,766,67
1612,3470,33507,4529,33507,766,67
1612,3470,33508,4529,33508,766,67
1612,3470,33509,4529,33509,766,67
1612,3470,33510,4529,33510,766,67
1612,3470,33511,4529,33511,766,67
1612,3470,33512,4529,33512,766,67
1612,3470,33513,4529,33513,766,67
1612,3470,33514,4529,33514,766,67
1612,3470,33515,4529,33515,766,67
1612,3470,33516,4529,33516,766,67
1612,3470,33517,4529,33517,766,67
1612,3470,33518,4529,33518,766,67
1612,3470,33519,4529,33519,766,67
1612,3470,33520,4529,33520,766,67
1612,3470,33521,4529,33521,766,67
1612,3470,33522,4529,33522,766,67
1612,3470,33523,4529,33523,766,67
1612,3470,33524,4529,33524,766,67
1612,3470,33525,4529,33525,766,67
1612,3470,33526,4529,33526,766,67
1612,3470,33527,4529,33527,766,67
1612,3470,33528,4529,33528,766,67
1612,3470,33529,4529,33529,766,67
1612,3470,33530,4529,33530,766,67
1612,3470,33531,4529,33531,766,67
1612,3470,33532,4529,33532,766,67
1612,3470,33533,4529,33533,766,67
1612,3470,33534,4529,33534,766,67
1612,3470,33535,4529,33535,766,67
1612,3470,33536,4529,33536,766,67
1612,3470,33537,4529,33537,766,67
1612,3470,33538,4529,33538,766,67
1612,3470,33539,4529,33539,766,67
1612,3470,33540,4529,33540,766,67
1612,3470,33541,4529,33541,766,67
1612,3470,33542,4529,33542,766,67
1612,3470,33543,4529,33543,766,67
1612,3470,33544,4529,33544,766,67
1612,3470,33545,4529,33545,766,67
1612,3470,33546,4529,33546,766,67
1612,3470,33547,4529,33547,766,67
1612,3470,33548,4529,33548,766,67
1612,3470,33549,4529,33549,766,67
1612,3470,33550,4529,33550,766,67
1612,3470,33551,4529,33551,766,67
1612,3470,33552,4529,33552,766,67
1612,3470,33553,4529,33553,766,67
1612,3470,33554,4529,33554,766,67
1612,3470,33555,4529,33555,766,67
1612,3470,33556,4529,33556,766,67
1612,3470,33557,4529,33557,766,67
1612,3470,33558,4529,33558,766,67
1612,3470,33559,4529,33559,766,67
1612,3470,33560,4529,33560,766,67
1612,3470,33561,4529,33561,766,67
1612,3470,33562,4529,33562,766,67
1612,3470,33563,4529,33563,766,67
1612,3470,33564,4529,33564,766,67
1612,3470,33565,4529,33565,766,67
1612,3470,33566,4529,33566,766,67
1612,3470,33567,4529,33567,766,67
1612,3470,33568,4529,33568,766,67
1612,3470,33569,4529,33569,766,67
1612,3470,33570,4529,33570,766,67
1612,3470,33571,4529,33571,766,67
1612,3470,33572,4529,33572,766,67
1612,3470,33573,4529,33573,766,67
1612,3470,33574,4529,33574,766,67
1612,3470,33575,4529,33575,766,67
1612,3470,33576,4529,33576,766,67
1612,3470,33577,4529,33577,766,67
1612,3470,33578,4529,33578,766,67
1612,3470,33579,4529,33579,766,67
1612,3470,33580,4529,33580,766,67
1612,3470,33581,4529,33581,766,67
1612,3470,33582,4529,33582,766,67
1612,3470,33583,4529,33583,766,67
1612,3470,33584,4529,33584,766,67
1612,3470,33585,4529,33585,766,67
1612,3470,33586,4529,33586,766,67
1612,3470,33587,4529,33587,766,67
1612,3470,33588,4529,33588,766,67
1612,3470,33589,4529,33589,766,67
1612,3470,33590,4529,33590,766,67
1612,3470,33591,4529,33591,766,67
1612,3470,33592,4529,33592,766,67
1612,3470,33593,4529,33593,766,67
1612,3470,33594,4529,33594,766,67
1612,3470,33595,4529,33595,766,67
1612,3470,33596,4529,33596,766,67
1612,3470,33597,4529,33597,766,67
1612,3470,33598,4529,33598,766,67
1612,3470,33599,4529,33599,766,67
1612,3470,33600,4529,33600,766,67
1612,3470,33601,4529,33601,766,67
1612,3470,33602,4529,33602,766,67
1613,3470,33603,4529,33603,766,67
1613,3470,33604,4529,33604,766,67
1613,3470,33605,4529,33605,766,67
1613,3470,33606,4529,33606,766,67
1613,3470,33607,4529,33607,766,67
1613,3470,33608,4529,33608,766,67
1613,3470,33609,4529,33609,766,67
1613,3470,33610,4529,33610,766,67
1613,3470,33611,4529,33611,766,67
1613,3470,33612,4529,33612,766,67
1613,3470,33613,4529,33613,766,67
1613,3470,33614,4529,33614,766,67
1613,3470,33615,4529,33615,766,67
1613,3470,33616,4529,33616,766,67
1613,3470,33617,4529,33617,766,67
1613,3470,33618,4529,33618,766,67
1613,3470,33619,4529,33619,766,67
1613,3470,33620,4529,33620,766,67
1613,3470,33621,4529,33621,766,67
1613,3470,33622,4529,33622,766,67
1613,3470,33623,4529,33623,766,67
1613,3470,33624,4529,33624,766,67
1613,3470,33625,4529,33625,766,67
1613,3470,33626,4529,33626,766,67
1613,3470,33627,4529,33627,766,67
1613,3470,33628,4529,33628,766,67
1613,3470,33629,4529,33629,766,67
1613,3470,33630,4529,33630,766,67
1613,3470,33631,4529,33631,766,67
1613,3470,33632,4529,33632,766,67
1613,3470,33633,4529,33633,766,67
1613,3470,33634,4529,33634,766,67
1613,3470,33635,4529,33635,766,67
1613,3470,33636,4529,33636,766,67
1613,3470,33637,4529,33637,766,67
1613,3470,33638,4529,33638,766,67
1613,3470,33639,4529,33639,766,67
1613,3470,33640,4529,33640,766,67
1613,3470,33641,4529,33641,766,67
1613,3470,33642,4529,33642,766,67
1613,3470,33643,4529,33643,766,67
1613,3470,33644,4529,33644,766,67
1613,3470,33645,4529,33645,766,67
1613,3470,33646,4529,33646,766,67
1613,3470,33647,4529,33647,766,67
1613,3470,33648,4529,33648,766,67
1613,3470,33649,4529,33649,766,67
1612,3470,33650,4529,33650,766,67
1612,3470,33651,4529,33651,766,67
1612,3470,33652,4529,33652,766,67
1612,3470,33653,4529,33653,766,67
1612,3470,33654,4529,33654,766,67
1612,3470,33655,4529,33655,766,67
1612,3470,33656,4529,33656,766,67
1612,3470,33657,4529,33657,766,67
1612,3470,33658,4529,33658,766,67
1612,3470,33659,4529,33659,766,67
1612,3470,33660,4529,33660,766,67
1612,3470,33661,4529,33661,766,67
1612,3470,33662,4529,33662,766,67
1612,3470,33663,4529,33663,766,67
1612,3470,33664,4529,33664,766,67
1612,3470,33665,4529,33665,766,67
1612,3470,33666,4529,33666,766,67
1612,3470,33667,4529,33667,766,67
1612,3470,33668,4529,33668,766,67
1612,3470,33669,4529,33669,766,67
1612,3470,33670,4529,33670,766,67
1612,3470,33671,4529,33671,766,67
1612,3470,33672,4529,33672,766,67
1612,3470,33673,4529,33673,766,67
1612,3470,33674,4529,33674,766,67
1612,3470,33675,4529,33675,766,67
1612,3470,33676,4529,33676,766,67
1612,3470,33677,4529,33677,766,67
1612,3470,33678,4529,33678,766,67
1612,3470,33679,4529,33679,766,67
1612,3470,33680,4529,33680,766,67
1612,3470,33681,4529,33681,766,67
1612,3470,33682,4529,33682,766,67
1612,3470,33683,4529,33683,766,67
1612,3470,33684,4529,33684,766,67
1612,3470,33685,4529,33685,766,67
1612,3470,33686,4529,33686,766,67
1612,3470,33687,4529,33687,766,67
1612,3470,33688,4529,33688,766,67
1612,3470,33689,4529,33689,766,67
1612,3470,33690,4529,33690,766,67
1612,3470,33691,4529,33691,766,67
1612,3470,33692,4529,33692,766,67
1612,3470,33693,4529,33693,766,67
1612,3470,33694,4529,33694,766,67
1612,3470,33695,4529,33695,766,67
1611,3470,33696,4529,33696,766,67
1611,3470,33697,4529,33697,766,67
1611,3470,33698,4529,33698,766,67
1611,3470,33699,4529,33699,766,67
1611,3470,33700,4529,33700,766,67
1611,3470,33701,4529,33701,766,67
1611,3470,33702,4529,33702,766,67
1611,3470,33703,4529,33703,766,67
1611,3470,33704,4529,33704,766,67
1611,3470,33705,4529,33705,766,67
1611,3470,33706,4529,33706,766,67
1611,3470,33707,4529,33707,766,67
1611,3470,33708,4529,33708,766,67
1611,3470,33709,4529,33709,766,67
1611,3470,33710,4529,33710,766,67
1611,3470,33711,4529,33711,766,67
1611,3470,33712,4529,33712,766,67
1611,3470,33713,4529,33713,766,67
1611,3470,33714,4529,33714,766,67
1611,3470,33715,4529,33715,766,67
1611,3470,33716,4529,33716,766,67
1611,3470,33717,4529,33717,766,67
1611,3470,33718,4529,33718,766,67
1611,3470,33719,4529,33719,766,67
1611,3470,33720,4529,33720,766,67
1611,3470,33721,4529,33721,766,67
1611,3470,33722,4529,33722,766,67
1611,3470,33723,4529,33723,766,67
1611,3470,33724,4529,33724,766,67
1611,3470,33725,4529,33725,766,67
1611,3470,33726,4529,33726,766,67
1611,3470,33727,4529,33727,766,67
1611,3470,33728,4529,33728,766,67
1611,3470,33729,4529,33729,766,67
1611,3470,33730,4529,33730,766,67
1611,3470,33731,4529,33731,766,67
1611,3470,33732,4529,33732,766,67
1611,3470,33733,4529,33733,766,67
1611,3470,33734,4529,33734,766,67
1611,3470,33735,4529,33735,766,67
1611,3470,33736,4529,33736,766,67
1611,3470,33737,4529,33737,766,67
1611,3470,33738,4529,33738,766,67
1611,3470,33739,4529,33739,766,67
1611,3470,33740,4529,33740,766,67
1612,3470,33741,4529,33741,766,67
1612,3470,33742,4529,33742,766,67
1612,3470,33743,4529,33743,766,67
1613,3470,33744,4529,33744,766,67
1613,3470,33745,4529,33745,766,67
1613,3470,33746,4529,33746,766,67
1613,3470,33747,4529,33747,766,67
1613,3470,33748,4529,33748,766,67
1613,3470,33749,4529,33749,766,67
1613,3470,33750,4529,33750,766,67
1612,3470,33751,4529,33751,766,67
1612,3470,33752,4529,33752,766,67
1612,3470,33753,4529,33753,766,67
1612,3470,33754,4529,33754,766,67
1612,3470,33755,4529,33755,766,67
1612,3470,33756,4529,33756,766,67
1612,3470,33757,4529,33757,766,67
1612,3470,33758,4529,33758,766,67
1612,3470,33759,4529,33759,766,67
1612,3470,33760,4529,33760,766,67
1612,3470,33761,4529,33761,766,67
1612,3470,33762,4529,33762,766,67
1612,3470,33763,4529,33763,766,67
1612,3470,33764,4529,33764,766,67
1612,3470,33765,4529,33765,766,67
1612,3470,33766,4529,33766,766,67
1612,3470,33767,4529,33767,766,67
1612,3470,33768,4529,33768,766,67
1612,3470,33769,4529,33769,766,67
1612,3470,33770,4529,33770,766,67
1612,3470,33771,4529,33771,766,67
1612,3470,33772,4529,33772,766,67
1612,3470,33773,4529,33773,766,67
1612,3470,33774,4529,33774,766,67
1612,3470,33775,4529,33775,766,67
1612,3470,33776,4529,33776,766,67
1612,3470,33777,4529,33777,766,67
1612,3470,33778,4529,33778,766,67
1612,3470,33779,4529,33779,766,67
1612,3470,33780,4529,33780,766,67
1612,3470,33781,4529,33781,766,67
1612,3470,33782,4529,33782,766,67
1612,3470,33783,4529,33783,766,67
1612,3470,33784,4529,33784,766,67
1612,3470,33785,4529,33785,766,67
1612,3470,33786,4529,33786,766,67
1612,3470,33787,4529,33787,766,67
1612,3470,33788,4529,33788,766,67
1612,3470,33789,4529,33789,766,67
1612,3470,33790,4529,33790,766,67
1612,3470,33791,4529,33791,766,67
1612,3470,33792,4529,33792,766,67
1612,3470,33793,4529,33793,766,67
1612,3470,33794,4529,33794,766,67
1612,3470,33795,4529,33795,766,67
1612,3470,33796,4529,33796,766,67
1612,3470,33797,4529,33797,766,67
1612,3470,33798,4529,33798,766,67
1612,3470,33799,4529,33799,766,67
1612,3470,33800,4529,33800,766,67
1612,3470,33801,4529,33801,766,67
1612,3470,33802,4529,33802,766,67
1612,3470,33803,4529,33803,766,67
1612,3470,33804,4529,33804,766,67
1612,3470,33805,4529,33805,766,67
1612,3470,33806,4529,33806,766,67
1612,3470,33807,4529,33807,766,67
1612,3470,33808,4529,33808,766,67
1612,3470,33809,4529,33809,766,67
1612,3470,33810,4529,33810,766,67
1612,3470,33811,4529,33811,766,67
1612,3470,33812,4529,33812,766,67
1612,3470,33813,4529,33813,766,67
1612,3470,33814,4529,33814,766,67
1612,3470,33815,4529,33815,766,67
1612,3470,33816,4529,33816,766,67
1612,3470,33817,4529,33817,766,67
1612,3470,33818,4529,33818,766,67
1612,3470,33819,4529,33819,766,67
1612,3470,33820,4529,33820,766,67
1612,3470,33821,4529,33821,766,67
1612,3470,33822,4529,33822,766,67
1612,3470,33823,4529,33823,766,67
1612,3470,33824,4529,33824,766,67
1612,3470,33825,4529,33825,766,67
1612,3470,33826,4529,33826,766,67
1612,3470,33827,4529,33827,766,67
1612,3470,33828,4529,33828,766,67
1612,3470,33829,4529,33829,766,67
1612,3470,33830,4529,33830,766,67
1612,3470,33831,4529,33831,766,67
1612,3470,33832,4529,33832,766,67
1612,3470,33833,4529,33833,766,67
1612,3470,33834,4529,33834,766,67
1612,3470,33835,4529,33835,766,67
1612,3470,33836,4529,33836,766,67
1612,3470,33837,4529,33837,766,67
1612,3470,33838,4529,33838,766,67
1612,3470,33839,4529,33839,766,67
1612,3470,33840,4529,33840,766,67
1612,3470,33841,4529,33841,766,67
1612,3470,33842,4529,33842,766,67
1612,3470,33843,4529,33843,766,67
1612,3470,33844,4529,33844,766,67
1612,3470,33845,4529,33845,766,67
1612,3470,33846,4529,33846,766,67
1612,3470,33847,4529,33847,766,67
1612,3470,33848,4529,33848,766,67
1612,3470,33849,4529,33849,766,67
1612,3470,33850,4529,33850,766,67
1612,3470,33851,4529,33851,766,67
1612,3470,33852,4529,33852,766,67
1612,3470,33853,4529,33853,766,67
1612,3470,33854,4529,33854,766,67
1612,3470,33855,4529,33855,766,67
1612,3470,33856,4529,33856,766,67
1612,3470,33857,4529,33857,766,67
1612,3470,33858,4529,33858,766,67
1612,3470,33859,4529,33859,766,67
1612,3470,33860,4529,33860,766,67
1612,3470,33861,4529,33861,766,67
1612,3470,33862,4529,33862,766,67
1612,3470,33863,4529,33863,766,67
1612,3470,33864,4529,33864,766,67
1612,3470,33865,4529,33865,766,67
1612,3470,33866,4529,33866,766,67
1612,3470,33867,4529,33867,766,67
1612,3470,33868,4529,33868,766,67
1612,3470,33869,4529,33869,766,67
1612,3470,33870,4529,33870,766,67
1612,3470,33871,4529,33871,766,67
1612,3470,33872,4529,33872,766,67
1612,3470,33873,4529,33873,766,67
1612,3470,33874,4529,33874,766,67
1612,3470,33875,4529,33875,766,67
1612,3470,33876,4529,33876,766,67
1612,3470,33877,4529,33877,766,67
1612,3470,33878,4529,33878,766,67
1612,3470,33879,4529,33879,766,67
1611,3470,33880,4529,33880,766,67
1611,3470,33881,4529,33881,766,67
1611,3470,33882,4529,33882,766,67
1611,3470,33883,4529,33883,766,67
1611,3470,33884,4529,33884,766,67
1611,3470,33885,4529,33885,766,67
1611,3470,33886,4529,33886,766,67
1611,3470,33887,4529,33887,766,67
1611,3470,33888,4529,33888,766,67
1611,3470,33889,4529,33889,766,67
1611,3470,33890,4529,33890,766,67
1611,3470,33891,4529,33891,766,67
1611,3470,33892,4529,33892,766,67
1611,3470,33893,4529,33893,766,67
1611,3470,33894,4529,33894,766,67
1611,3470,33895,4529,33895,766,67
1611,3470,33896,4529,33896,766,67
1611,3470,33897,4529,33897,766,67
1611,3470,33898,4529,33898,766,67
1611,3470,33899,4529,33899,766,67
1611,3470,33900,4529,33900,766,67
1611,3470,33901,4529,33901,766,67
1611,3470,33902,4529,33902,766,67
1611,3470,33903,4529,33903,766,67
1611,3470,33904,4529,33904,766,67
1611,3470,33905,4529,33905,766,67
1611,3470,33906,4529,33906,766,67
1611,3470,33907,4529,33907,766,67
1611,3470,33908,4529,33908,766,67
1611,3470,33909,4529,33909,766,67
1611,3470,33910,4529,33910,766,67
1611,3470,33911,4529,33911,766,67
1611,3470,33912,4529,33912,766,67
1611,3470,33913,4529,33913,766,67
1611,3470,33914,4529,33914,766,67
1611,3470,33915,4529,33915,766,67
1611,3470,33916,4529,33916,766,67
1611,3470,33917,4529,33917,766,67
1611,3470,33918,4529,33918,766,67
1611,3470,33919,4529,33919,766,67
1611,3470,33920,4529,33920,766,67
1611,3470,33921,4529,33921,766,67
1611,3470,33922,4529,33922,766,67
1611,3470,33923,4529,33923,766,67
1611,3470,33924,4529,33924,766,67
1611,3470,33925,4529,33925,766,67
1611,3470,33926,4529,33926,766,67
1611,3470,33927,4529,33927,766,67
1611,3470,33928,4529,33928,766,67
1611,3470,33929,4529,33929,766,67
1611,3470,33930,4529,33930,766,67
1611,3470,33931,4529,33931,766,67
1611,3470,33932,4529,33932,766,67
1611,3470,33933,4529,33933,766,67
1611,3470,33934,4529,33934,766,67
1611,3470,33935,4529,33935,766,67
1611,3470,33936,4529,33936,766,67
1611,3470,33937,4529,33937,766,67
1611,3470,33938,4529,33938,766,67
1611,3470,33939,4529,33939,766,67
1611,3470,33940,4529,33940,766,67
1611,3470,33941,4529,33941,766,67
1611,3470,33942,4529,33942,766,67
1611,3470,33943,4529,33943,766,67
1611,3470,33944,4529,33944,766,67
1611,3470,33945,4529,33945,766,67
1611,3470,33946,4529,33946,766,67
1611,3470,33947,4529,33947,766,67
1611,3470,33948,4529,33948,766,67
1611,3470,33949,4529,33949,766,67
1611,3470,33950,4529,33950,766,67
1611,3470,33951,4529,33951,766,67
1611,3470,33952,4529,33952,766,67
1611,3470,33953,4529,33953,766,67
1611,3470,33954,4529,33954,766,67
1611,3470,33955,4529,33955,766,67
1611,3470,33956,4529,33956,766,67
1611,3470,33957,4529,33957,766,67
1611,3470,33958,4529,33958,766,67
1611,3470,33959,4529,33959,766,67
1611,3470,33960,4529,33960,766,67
1611,3470,33961,4529,33961,766,67
1611,3470,33962,4529,33962,766,67
1611,3470,33963,4529,33963,766,67
1611,3470,33964,4529,33964,766,67
1611,3470,33965,4529,33965,766,67
1611,3470,33966,4529,33966,766,67
1611,3470,33967,4529,33967,766,67
1611,3470,33968,4529,33968,766,67
1611,3470,33969,4529,33969,766,67
1611,3470,33970,4529,33970,766,67
1611,3470,33971,4529,33971,766,67
1611,3470,33972,4529,33972,766,67
1611,3470,33973,4529,33973,766,67
1611,3470,33974,4529,33974,766,67
1611,3470,33975,4529,33975,766,67
1611,3470,33976,4529,33976,766,67
1611,3470,33977,4529,33977,766,67
1611,3470,33978,4529,33978,766,67
1611,3470,33979,4529,33979,766,67
1611,3470,33980,4529,33980,766,67
1611,3470,33981,4529,33981,766,67
1611,3470,33982,4529,33982,766,67
1611,3470,33983,4529,33983,766,67
1611,3470,33984,4529,33984,766,67
1611,3470,33985,4529,33985,766,67
1612,3470,33986,4529,33986,766,67
1612,3470,33987,4529,33987,766,67
1612,3470,33988,4529,33988,766,67
1612,3470,33989,4529,33989,766,67
1612,3470,33990,4529,33990,766,67
1612,3470,33991,4529,33991,766,67
1612,3470,33992,4529,33992,766,67
1612,3470,33993,4529,33993,766,67
1612,3470,33994,4529,33994,766,67
1612,3470,33995,4529,33995,766,67
1612,3470,33996,4529,33996,766,67
1612,3470,33997,4529,33997,766,67
1612,3470,33998,4529,33998,766,67
1612,3470,33999,4529,33999,766,67
1612,3470,34000,4529,34000,766,67
1612,3470,34001,4529,34001,766,67
1612,3470,34002,4529,34002,766,67
1612,3470,34003,4529,34003,766,67
1612,3470,34004,4529,34004,766,67
1612,3470,34005,4529,34005,766,67
1612,3470,34006,4529,34006,766,67
1612,3470,34007,4529,34007,766,67
1612,3470,34008,4529,34008,766,67
1612,3470,34009,4529,34009,766,67
1612,3470,34010,4529,34010,766,67
1612,3470,34011,4529,34011,766,67
1612,3470,34012,4529,34012,766,67
1612,3470,34013,4529,34013,766,67
1612,3470,34014,4529,34014,766,67
1612,3470,34015,4529,34015,766,67
1612,3470,34016,4529,34016,766,67
1612,3470,34017,4529,34017,766,67
1612,3470,34018,4529,34018,766,67
1612,3470,34019,4529,34019,766,67
1612,3470,34020,4529,34020,766,67
1612,3470,34021,4529,34021,766,67
1612,3470,34022,4529,34022,766,67
1612,3470,34023,4529,34023,766,67
1612,3470,34024,4529,34024,766,67
1612,3470,34025,4529,34025,766,67
1612,3470,34026,4529,34026,766,67
1612,3470,34027,4529,34027,766,67
1612,3470,34028,4529,34028,766,67
1612,3470,34029,4529,34029,766,67
1612,3470,34030,4529,34030,766,67
1612,3470,34031,4529,34031,766,67
1612,3470,34032,4529,34032,766,67
1612,3470,34033,4529,34033,766,67
1612,3470,34034,4529,34034,766,67
1612,3470,34035,4529,34035,766,67
1612,3470,34036,4529,34036,766,67
1612,3470,34037,4529,34037,766,67
1612,3470,34038,4529,34038,766,67
1612,3470,34039,4529,34039,766,67
1612,3470,34040,4529,34040,766,67
1612,3470,34041,4529,34041,766,67
1612,3470,34042,4529,34042,766,67
1612,3470,34043,4529,34043,766,67
1612,3470,34044,4529,34044,766,67
1612,3470,34045,4529,34045,766,67
1612,3470,34046,4529,34046,766,67
1612,3470,34047,4529,34047,766,67
1612,3470,34048,4529,34048,766,67
1612,3470,34049,4529,34049,766,67
1612,3470,34050,4529,34050,766,67
1612,3470,34051,4529,34051,766,67
1612,3470,34052,4529,34052,766,67
1612,3470,34053,4529,34053,766,67
1612,3470,34054,4529,34054,766,67
1612,3470,34055,4529,34055,766,67
1612,3470,34056,4529,34056,766,67
1612,3470,34057,4529,34057,766,67
1612,3470,34058,4529,34058,766,67
1612,3470,34059,4529,34059,766,67
1612,3470,34060,4529,34060,766,67
1612,3470,34061,4529,34061,766,67
1612,3470,34062,4529,34062,766,67
1612,3470,34063,4529,34063,766,67
1612,3470,34064,4529,34064,766,67
1612,3470,34065,4529,34065,766,67
1612,3470,34066,4529,34066,766,67
1612,3470,34067,4529,34067,766,67
1612,3470,34068,4529,34068,766,67
1612,3470,34069,4529,34069,766,67
1612,3470,34070,4529,34070,766,67
1612,3470,34071,4529,34071,766,67
1612,3470,34072,4529,34072,766,67
1612,3470,34073,4529,34073,766,67
1612,3470,34074,4529,34074,766,67
1612,3470,34075,4529,34075,766,67
1612,3470,34076,4529,34076,766,67
1612,3470,34077,4529,34077,766,67
1612,3470,34078,4529,34078,766,67
1612,3470,34079,4529,34079,766,67
1612,3470,34080,4529,34080,766,67
1612,3470,34081,4529,34081,766,67
1612,3470,34082,4529,34082,766,67
1612,3470,34083,4529,34083,766,67
1612,3470,34084,4529,34084,766,67
1612,3470,34085,4529,34085,766,67
1612,3470,34086,4529,34086,766,67
1612,3470,34087,4529,34087,766,67
1612,3470,34088,4529,34088,766,67
1612,3470,34089,4529,34089,766,67
1612,3470,34090,4529,34090,766,67
1612,3470,34091,4529,34091,766,67
1612,3470,34092,4529,34092,766,67
1612,3470,34093,4529,34093,766,67
1612,3470,34094,4529,34094,766,67
1612,3470,34095,4529,34095,766,67
1612,3470,34096,4529,34096,766,67
1612,3470,34097,4529,34097,766,67
1612,3470,34098,4529,34098,766,67
1612,3470,34099,4529,34099,766,67
1612,3470,34100,4529,34100,766,67
1612,3470,34101,4529,34101,766,67
1612,3470,34102,4529,34102,766,67
1612,3470,34103,4529,34103,766,67
1611,3470,34104,4529,34104,766,67
1611,3470,34105,4529,34105,766,67
1611,3470,34106,4529,34106,766,67
1611,3470,34107,4529,34107,766,67
1611,3470,34108,4529,34108,766,67
1611,3470,34109,4529,34109,766,67
1611,3470,34110,4529,34110,766,67
1611,3470,34111,4529,34111,766,67
1611,3470,34112,4529,34112,766,67
1611,3470,34113,4529,34113,766,67
1611,3470,34114,4529,34114,766,67
1611,3470,34115,4529,34115,766,67
1611,3470,34116,4529,34116,766,67
1611,3470,34117,4529,34117,766,67
1611,3470,34118,4529,34118,766,67
1611,3470,34119,4529,34119,766,67
1611,3470,34120,4529,34120,766,67
1611,3470,34121,4529,34121,766,67
1611,3470,34122,4529,34122,766,67
1611,3470,34123,4529,34123,766,67
1610,3470,34124,4529,34124,766,67
1610,3470,34125,4529,34125,766,67
1610,3470,34126,4529,34126,766,67
1610,3470,34127,4529,34127,766,67
1610,3470,34128,4529,34128,766,67
1610,3470,34129,4529,34129,766,67
1610,3470,34130,4529,34130,766,67
1610,3470,34131,4529,34131,766,67
1610,3470,34132,4529,34132,766,67
1610,3470,34133,4529,34133,766,67
1610,3470,34134,4529,34134,766,67
1610,3470,34135,4529,34135,766,67
1610,3470,34136,4529,34136,766,67
1610,3470,34137,4529,34137,766,67
1610,3470,34138,4529,34138,766,67
1610,3470,34139,4529,34139,766,67
1610,3470,34140,4529,34140,766,67
1610,3470,34141,4529,34141,766,67
1610,3470,34142,4529,34142,766,67
1610,3470,34143,4529,34143,766,67
1610,3470,34144,4529,34144,766,67
1610,3470,34145,4529,34145,766,67
1610,3470,34146,4529,34146,766,67
1610,3470,34147,4529,34147,766,67
1610,3470,34148,4529,34148,766,67
1610,3470,34149,4529,34149,766,67
1610,3470,34150,4529,34150,766,67
1610,3470,34151,4529,34151,766,67
1610,3470,34152,4529,34152,766,67
1610,3470,34153,4529,34153,766,67
1610,3470,34154,4529,34154,766,67
1610,3470,34155,4529,34155,766,67
1610,3470,34156,4529,34156,766,67
1610,3470,34157,4529,34157,766,67
1610,3470,34158,4529,34158,766,67
1610,3470,34159,4529,34159,766,67
1610,3470,34160,4529,34160,766,67
1610,3470,34161,4529,34161,766,67
1610,3470,34162,4529,34162,766,67
1610,3470,34163,4529,34163,766,67
1610,3470,34164,4529,34164,766,67
1610,3470,34165,4529,34165,766,67
1610,3470,34166,4529,34166,766,67
1610,3470,34167,4529,34167,766,67
1610,3470,34168,4529,34168,766,67
1610,3470,34169,4529,34169,766,67
1610,3470,34170,4529,34170,766,67
1610,3470,34171,4529,34171,766,67
1610,3470,34172,4529,34172,766,67
1610,3470,34173,4529,34173,766,67
1610,3470,34174,4529,34174,766,67
1610,3470,34175,4529,34175,766,67
1610,3470,34176,4529,34176,766,67
1610,3470,34177,4529,34177,766,67
1610,3470,34178,4529,34178,766,67
1610,3470,34179,4529,34179,766,67
1610,3470,34180,4529,34180,766,67
1609,3470,34181,4529,34181,766,67
1609,3470,34182,4529,34182,766,67
1609,3470,34183,4529,34183,766,67
1609,3470,34184,4529,34184,766,67
1609,3470,34185,4529,34185,766,67
1609,3470,34186,4529,34186,766,67
1609,3470,34187,4529,34187,766,67
1609,3470,34188,4529,34188,766,67
1609,3470,34189,4529,34189,766,67
1609,3470,34190,4529,34190,766,67
1609,3470,34191,4529,34191,766,67
1609,3470,34192,4529,34192,766,67
1609,3470,34193,4529,34193,766,67
1609,3470,34194,4529,34194,766,67
1609,3470,34195,4529,34195,766,67
1609,3470,34196,4529,34196,766,67
1609,3470,34197,4529,34197,766,67
1609,3470,34198,4529,34198,766,67
1609,3470,34199,4529,34199,766,67
1609,3470,34200,4529,34200,766,67
1609,3470,34201,4529,34201,766,67
1609,3470,34202,4529,34202,766,67
1609,3470,34203,4529,34203,766,67
1609,3470,34204,4529,34204,766,67
1609,3470,34205,4529,34205,766,67
1609,3470,34206,4529,34206,766,67
1609,3470,34207,4529,34207,766,67
1609,3470,34208,4529,34208,766,67
1609,3470,34209,4529,34209,766,67
1609,3470,34210,4529,34210,766,67
1609,3470,34211,4529,34211,766,67
1609,3470,34212,4529,34212,766,67
1609,3470,34213,4529,34213,766,67
1609,3470,34214,4529,34214,766,67
1609,3470,34215,4529,34215,766,67
1609,3470,34216,4529,34216,766,67
1609,3470,34217,4529,34217,766,67
1609,3470,34218,4529,34218,766,67
1609,3470,34219,4529,34219,766,67
1609,3470,34220,4529,34220,766,67
1609,3470,34221,4529,34221,766,67
1609,3470,34222,4529,34222,766,67
1609,3470,34223,4529,34223,766,67
1609,3470,34224,4529,34224,766,67
1609,3470,34225,4529,34225,766,67
1609,3470,34226,4529,34226,766,67
1609,3470,34227,4529,34227,766,67
1609,3470,34228,4529,34228,766,67
1609,3470,34229,4529,34229,766,67
1609,3470,34230,4529,34230,766,67
1609,3470,34231,4529,34231,766,67
1609,3470,34232,4529,34232,766,67
1609,3470,34233,4529,34233,766,67
1609,3470,34234,4529,34234,766,67
1609,3470,34235,4529,34235,766,67
1609,3470,34236,4529,34236,766,67
1609,3470,34237,4529,34237,766,67
1609,3470,34238,4529,34238,766,67
1609,3470,34239,4529,34239,766,67
1609,3470,34240,4529,34240,766,67
1609,3470,34241,4529,34241,766,67
1609,3470,34242,4529,34242,766,67
1609,3470,34243,4529,34243,766,67
1609,3470,34244,4529,34244,766,67
1609,3470,34245,4529,34245,766,67
1609,3470,34246,4529,34246,766,67
1609,3470,34247,4529,34247,766,67
1609,3470,34248,4529,34248,766,67
1609,3470,34249,4529,34249,766,67
1609,3470,34250,4529,34250,766,67
1609,3470,34251,4529,34251,766,67
1609,3470,34252,4529,34252,766,67
1609,3470,34253,4529,34253,766,67
1609,3470,34254,4529,34254,766,67
1609,3470,34255,4529,34255,766,67
1609,3470,34256,4529,34256,766,67
1609,3470,34257,4529,34257,766,67
1609,3470,34258,4529,34258,766,67
1609,3470,34259,4529,34259,766,67
1609,3470,34260,4529,34260,766,67
1609,3470,34261,4529,34261,766,67
1609,3470,34262,4529,34262,766,67
1609,3470,34263,4529,34263,766,67
1609,3470,34264,4529,34264,766,67
1609,3470,34265,4529,34265,766,67
1609,3470,34266,4529,34266,766,67
1609,3470,34267,4529,34267,766,67
1609,3470,34268,4529,34268,766,67
1609,3470,34269,4529,34269,766,67
1609,3470,34270,4529,34270,766,67
1609,3470,34271,4529,34271,766,67
1609,3470,34272,4529,34272,766,67
1609,3470,34273,4529,34273,766,67
1609,3470,34274,4529,34274,766,67
1609,3470,34275,4529,34275,766,67
1609,3470,34276,4529,34276,766,67
1609,3470,34277,4529,34277,766,67
1609,3470,34278,4529,34278,766,67
1609,3470,34279,4529,34279,766,67
1609,3470,34280,4529,34280,766,67
1609,3470,34281,4529,34281,766,67
1609,3470,34282,4529,34282,766,67
1609,3470,34283,4529,34283,766,67
1609,3470,34284,4529,34284,766,67
1609,3470,34285,4529,34285,766,67
1609,3470,34286,4529,34286,766,67
1609,3470,34287,4529,34287,766,67
1609,3470,34288,4529,34288,766,67
1609,3470,34289,4529,34289,766,67
1609,3470,34290,4529,34290,766,67
1609,3470,34291,4529,34291,766,67
1609,3470,34292,4529,34292,766,67
1609,3470,34293,4529,34293,766,67
1609,3470,34294,4529,34294,766,67
1609,3470,34295,4529,34295,766,67
1609,3470,34296,4529,34296,766,67
1609,3470,34297,4529,34297,766,67
1609,3470,34298,4529,34298,766,67
1609,3470,34299,4529,34299,766,67
1609,3470,34300,4529,34300,766,67
1609,3470,34301,4529,34301,766,67
1609,3470,34302,4529,34302,766,67
1609,3470,34303,4529,34303,766,67
1609,3470,34304,4529,34304,766,67
1609,3470,34305,4529,34305,766,67
1609,3470,34306,4529,34306,766,67
1609,3470,34307,4529,34307,766,67
1609,3470,34308,4529,34308,766,67
1609,3470,34309,4529,34309,766,67
1609,3470,34310,4529,34310,766,67
1609,3470,34311,4529,34311,766,67
1609,3470,34312,4529,34312,766,67
1609,3470,34313,4529,34313,766,67
1609,3470,34314,4529,34314,766,67
1609,3470,34315,4529,34315,766,67
1609,3470,34316,4529,34316,766,67
1609,3470,34317,4529,34317,766,67
1609,3470,34318,4529,34318,766,67
1609,3470,34319,4529,34319,766,67
1609,3470,34320,4529,34320,766,67
1609,3470,34321,4529,34321,766,67
1609,3470,34322,4529,34322,766,67
1609,3470,34323,4529,34323,766,67
1609,3470,34324,4529,34324,766,67
1609,3470,34325,4529,34325,766,67
1609,3470,34326,4529,34326,766,67
1609,3470,34327,4529,34327,766,67
1609,3470,34328,4529,34328,766,67
1609,3470,34329,4529,34329,766,67
1609,3470,34330,4529,34330,766,67
1609,3470,34331,4529,34331,766,67
1609,3470,34332,4529,34332,766,67
1609,3470,34333,4529,34333,766,67
1609,3470,34334,4529,34334,766,67
1609,3470,34335,4529,34335,766,67
1609,3470,34336,4529,34336,766,67
1609,3470,34337,4529,34337,766,67
1609,3470,34338,4529,34338,766,67
1609,3470,34339,4529,34339,766,67
1609,3470,34340,4529,34340,766,67
1609,3470,34341,4529,34341,766,67
1609,3470,34342,4529,34342,766,67
1609,3470,34343,4529,34343,766,67
1609,3470,34344,4529,34344,766,67
1609,3470,34345,4529,34345,766,67
1609,3470,34346,4529,34346,766,67
1609,3470,34347,4529,34347,766,67
1609,3470,34348,4529,34348,766,67
1609,3470,34349,4529,34349,766,67
1609,3470,34350,4529,34350,766,67
1609,3470,34351,4529,34351,766,67
1609,3470,34352,4529,34352,766,67
1609,3470,34353,4529,34353,766,67
1609,3470,34354,4529,34354,766,67
1609,3470,34355,4529,34355,766,67
1609,3470,34356,4529,34356,766,67
1609,3470,34357,4529,34357,766,67
1609,3470,34358,4529,34358,766,67
1609,3470,34359,4529,34359,766,67
1609,3470,34360,4529,34360,766,67
1609,3470,34361,4529,34361,766,67
1609,3470,34362,4529,34362,766,67
1609,3470,34363,4529,34363,766,67
1609,3470,34364,4529,34364,766,67
1609,3470,34365,4529,34365,766,67
1609,3470,34366,4529,34366,766,67
1609,3470,34367,4529,34367,766,67
1609,3470,34368,4529,34368,766,67
1609,3470,34369,4529,34369,766,67
1609,3470,34370,4529,34370,766,67
1609,3470,34371,4529,34371,766,67
1609,3470,34372,4529,34372,766,67
1609,3470,34373,4529,34373,766,67
1609,3470,34374,4529,34374,766,67
1609,3470,34375,4529,34375,766,67
1609,3470,34376,4529,34376,766,67
1609,3470,34377,4529,34377,766,67
1609,3470,34378,4529,34378,766,67
1609,3470,34379,4529,34379,766,67
1609,3470,34380,4529,34380,766,67
1609,3470,34381,4529,34381,766,67
1609,3470,34382,4529,34382,766,67
1609,3470,34383,4529,34383,766,67
1609,3470,34384,4529,34384,766,67
1609,3470,34385,4529,34385,766,67
1609,3470,34386,4529,34386,766,67
1609,3470,34387,4529,34387,766,67
1609,3470,34388,4529,34388,766,67
1609,3470,34389,4529,34389,766,67
1609,3470,34390,4529,34390,766,67
1609,3470,34391,4529,34391,766,67
1609,3470,34392,4529,34392,766,67
1609,3470,34393,4529,34393,766,67
1609,3470,34394,4529,34394,766,67
1609,3470,34395,4529,34395,766,67
1609,3470,34396,4529,34396,766,67
1609,3470,34397,4529,34397,766,67
1609,3470,34398,4529,34398,766,67
1609,3470,34399,4529,34399,766,67
1609,3470,34400,4529,34400,766,67
1609,3470,34401,4529,34401,766,67
1609,3470,34402,4529,34402,766,67
1609,3470,34403,4529,34403,766,67
1609,3470,34404,4529,34404,766,67
1609,3470,34405,4529,34405,766,67
1609,3470,34406,4529,34406,766,67
1609,3470,34407,4529,34407,766,67
1609,3470,34408,4529,34408,766,67
1609,3470,34409,4529,34409,766,67
1609,3470,34410,4529,34410,766,67
1609,3470,34411,4529,34411,766,67
1609,3470,34412,4529,34412,766,67
1609,3470,34413,4529,34413,766,67
1609,3470,34414,4529,34414,766,67
1609,3470,34415,4529,34415,766,67
1609,3470,34416,4529,34416,766,67
1609,3470,34417,4529,34417,766,67
1609,3470,34418,4529,34418,766,67
1609,3470,34419,4529,34419,766,67
1609,3470,34420,4529,34420,766,67
1609,3470,34421,4529,34421,766,67
1609,3470,34422,4529,34422,766,67
1609,3470,34423,4529,34423,766,67
1609,3470,34424,4529,34424,766,67
1609,3470,34425,4529,34425,766,67
1609,3470,34426,4529,34426,766,67
1609,3470,34427,4529,34427,766,67
1609,3470,34428,4529,34428,766,67
1609,3470,34429,4529,34429,766,67
1609,3470,34430,4529,34430,766,67
1609,3470,34431,4529,34431,766,67
1609,3470,34432,4529,34432,766,67
1609,3470,34433,4529,34433,766,67
1609,3470,34434,4529,34434,766,67
1609,3470,34435,4529,34435,766,67
1609,3470,34436,4529,34436,766,67
1609,3470,34437,4529,34437,766,67
1609,3470,34438,4529,34438,766,67
1609,3470,34439,4529,34439,766,67
1609,3470,34440,4529,34440,766,67
1609,3470,34441,4529,34441,766,67
1609,3470,34442,4529,34442,766,67
1609,3470,34443,4529,34443,766,67
1609,3470,34444,4529,34444,766,67
1609,3470,34445,4529,34445,766,67
1609,3470,34446,4529,34446,766,67
1609,3470,34447,4529,34447,766,67
1609,3470,34448,4529,34448,766,67
1609,3470,34449,4529,34449,766,67
1609,3470,34450,4529,34450,766,67
1609,3470,34451,4529,34451,766,67
1609,3470,34452,4529,34452,766,67
1609,3470,34453,4529,34453,766,67
1609,3470,34454,4529,34454,766,67
1609,3470,34455,4529,34455,766,67
1609,3470,34456,4529,34456,766,67
1609,3470,34457,4529,34457,766,67
1609,3470,34458,4529,34458,766,67
1609,3470,34459,4529,34459,766,67
1609,3470,34460,4529,34460,766,67
1609,3470,34461,4529,34461,766,67
1609,3470,34462,4529,34462,766,67
1609,3470,34463,4529,34463,766,67
1609,3470,34464,4529,34464,766,67
1609,3470,34465,4529,34465,766,67
1609,3470,34466,4529,34466,766,67
1609,3470,34467,4529,34467,766,67
1609,3470,34468,4529,34468,766,67
1609,3470,34469,4529,34469,766,67
1609,3470,34470,4529,34470,766,67
1609,3470,34471,4529,34471,766,67
1609,3470,34472,4529,34472,766,67
1609,3470,34473,4529,34473,766,67
1609,3470,34474,4529,34474,766,67
1609,3470,34475,4529,34475,766,67
1609,3470,34476,4529,34476,766,67
1609,3470,34477,4529,34477,766,67
1609,3470,34478,4529,34478,766,67
1609,3470,34479,4529,34479,766,67
1609,3470,34480,4529,34480,766,67
1609,3470,34481,4529,34481,766,67
1609,3470,34482,4529,34482,766,67
1609,3470,34483,4529,34483,766,67
1609,3470,34484,4529,34484,766,67
1609,3470,34485,4529,34485,766,67
1609,3470,34486,4529,34486,766,67
1609,3470,34487,4529,34487,766,67
1609,3470,34488,4529,34488,766,67
1609,3470,34489,4529,34489,766,67
1609,3470,34490,4529,34490,766,67
1609,3470,34491,4529,34491,766,67
1609,3470,34492,4529,34492,766,67
1609,3470,34493,4529,34493,766,67
1609,3470,34494,4529,34494,766,67
1609,3470,34495,4529,34495,766,67
1609,3470,34496,4529,34496,766,67
1609,3470,34497,4529,34497,766,67
1609,3470,34498,4529,34498,766,67
1609,3470,34499,4529,34499,766,67
1609,3470,34500,4529,34500,766,67
1609,3470,34501,4529,34501,766,67
1609,3470,34502,4529,34502,766,67
1609,3470,34503,4529,34503,766,67
1609,3470,34504,4529,34504,766,67
1609,3470,34505,4529,34505,766,67
1609,3470,34506,4529,34506,766,67
1609,3470,34507,4529,34507,766,67
1609,3470,34508,4529,34508,766,67
1609,3470,34509,4529,34509,766,67
1609,3470,34510,4529,34510,766,67
1609,3470,34511,4529,34511,766,67
1609,3470,34512,4529,34512,766,67
1609,3470,34513,4529,34513,766,67
1609,3470,34514,4529,34514,766,67
1609,3470,34515,4529,34515,766,67
1609,3470,34516,4529,34516,766,67
1609,3470,34517,4529,34517,766,67
1609,3470,34518,4529,34518,766,67
1609,3470,34519,4529,34519,766,67
1609,3470,34520,4529,34520,766,67
1609,3470,34521,4529,34521,766,67
1609,3470,34522,4529,34522,766,67
1609,3470,34523,4529,34523,766,67
1609,3470,34524,4529,34524,766,67
1609,3470,34525,4529,34525,766,67
1609,3470,34526,4529,34526,766,67
1609,3470,34527,4529,34527,766,67
1609,3470,34528,4529,34528,766,67
1609,3470,34529,4529,34529,766,67
1609,3470,34530,4529,34530,766,67
1609,3470,34531,4529,34531,766,67
1609,3470,34532,4529,34532,766,67
1609,3470,34533,4529,34533,766,67
1609,3470,34534,4529,34534,766,67
1609,3470,34535,4529,34535,766,67
1609,3470,34536,4529,34536,766,67
1609,3470,34537,4529,34537,766,67
1609,3470,34538,4529,34538,766,67
1609,3470,34539,4529,34539,766,67
1609,3470,34540,4529,34540,766,67
1609,3470,34541,4529,34541,766,67
1609,3470,34542,4529,34542,766,67
1609,3470,34543,4529,34543,766,67
1609,3470,34544,4529,34544,766,67
1609,3470,34545,4529,34545,766,67
1609,3470,34546,4529,34546,766,67
1609,3470,34547,4529,34547,766,67
1609,3470,34548,4529,34548,766,67
1609,3470,34549,4529,34549,766,67
1609,3470,34550,4529,34550,766,67
1609,3470,34551,4529,34551,766,67
1609,3470,34552,4529,34552,766,67
1609,3470,34553,4529,34553,766,67
1609,3470,34554,4529,34554,766,67
1609,3470,34555,4529,34555,766,67
1609,3470,34556,4529,34556,766,67
1609,3470,34557,4529,34557,766,67
1609,3470,34558,4529,34558,766,67
1609,3470,34559,4529,34559,766,67
1609,3470,34560,4529,34560,766,67
1609,3470,34561,4529,34561,766,67
1609,3470,34562,4529,34562,766,67
1609,3470,34563,4529,34563,766,67
1609,3470,34564,4529,34564,766,67
1609,3470,34565,4529,34565,766,67
1609,3470,34566,4529,34566,766,67
1609,3470,34567,4529,34567,766,67
1609,3470,34568,4529,34568,766,67
1609,3470,34569,4529,34569,766,67
1609,3470,34570,4529,34570,766,67
1609,3470,34571,4529,34571,766,67
1609,3470,34572,4529,34572,766,67
1609,3470,34573,4529,34573,766,67
1609,3470,34574,4529,34574,766,67
1609,3470,34575,4529,34575,766,67
1609,3470,34576,4529,34576,766,67
1609,3470,34577,4529,34577,766,67
1609,3470,34578,4529,34578,766,67
1609,3470,34579,4529,34579,766,67
1609,3470,34580,4529,34580,766,67
1609,3470,34581,4529,34581,766,67
1609,3470,34582,4529,34582,766,67
1609,3470,34583,4529,34583,766,67
1609,3470,34584,4529,34584,766,67
1609,3470,34585,4529,34585,766,67
1609,3470,34586,4529,34586,766,67
1609,3470,34587,4529,34587,766,67
1609,3470,34588,4529,34588,766,67
1609,3470,34589,4529,34589,766,67
1609,3470,34590,4529,34590,766,67
1609,3470,34591,4529,34591,766,67
1609,3470,34592,4529,34592,766,67
1609,3470,34593,4529,34593,766,67
1609,3470,34594,4529,34594,766,67
1609,3470,34595,4529,34595,766,67
1609,3470,34596,4529,34596,766,67
1609,3470,34597,4529,34597,766,67
1609,3470,34598,4529,34598,766,67
1609,3470,34599,4529,34599,766,67
1609,3470,34600,4529,34600,766,67
1609,3470,34601,4529,34601,766,67
1609,3470,34602,4529,34602,766,67
1609,3470,34603,4529,34603,766,67
1609,3470,34604,4529,34604,766,67
1609,3470,34605,4529,34605,766,67
1609,3470,34606,4529,34606,766,67
1609,3470,34607,4529,34607,766,67
1610,3470,34608,4529,34608,766,67
1610,3470,34609,4529,34609,766,67
1610,3470,34610,4529,34610,766,67
1610,3470,34611,4529,34611,766,67
1610,3470,34612,4529,34612,766,67
1610,3470,34613,4529,34613,766,67
1610,3470,34614,4529,34614,766,67
1610,3470,34615,4529,34615,766,67
1610,3470,34616,4529,34616,766,67
1610,3470,34617,4529,34617,766,67
1610,3470,34618,4529,34618,766,67
1610,3470,34619,4529,34619,766,67
1610,3470,34620,4529,34620,766,67
1610,3470,34621,4529,34621,766,67
1610,3470,34622,4529,34622,766,67
1610,3470,34623,4529,34623,766,67
1610,3470,34624,4529,34624,766,67
1610,3470,34625,4529,34625,766,67
1610,3470,34626,4529,34626,766,67
1610,3470,34627,4529,34627,766,67
1610,3470,34628,4529,34628,766,67
1610,3470,34629,4529,34629,766,67
1610,3470,34630,4529,34630,766,67
1610,3470,34631,4529,34631,766,67
1610,3470,34632,4529,34632,766,67
1610,3470,34633,4529,34633,766,67
1610,3470,34634,4529,34634,766,67
1610,3470,34635,4529,34635,766,67
1610,3470,34636,4529,34636,766,67
1610,3470,34637,4529,34637,766,67
1610,3470,34638,4529,34638,766,67
1610,3470,34639,4529,34639,766,67
1610,3470,34640,4529,34640,766,67
1610,3470,34641,4529,34641,766,67
1610,3470,34642,4529,34642,766,67
1610,3470,34643,4529,34643,766,67
1610,3470,34644,4529,34644,766,67
1610,3470,34645,4529,34645,766,67
1610,3470,34646,4529,34646,766,67
1610,3470,34647,4529,34647,766,67
1610,3470,34648,4529,34648,766,67
1610,3470,34649,4529,34649,766,67
1610,3470,34650,4529,34650,766,67
1610,3470,34651,4529,34651,766,67
1610,3470,34652,4529,34652,766,67
1610,3470,34653,4529,34653,766,67
1610,3470,34654,4529,34654,766,67
1610,3470,34655,4529,34655,766,67
1610,3470,34656,4529,34656,766,67
1610,3470,34657,4529,34657,766,67
1610,3470,34658,4529,34658,766,67
1610,3470,34659,4529,34659,766,67
1610,3470,34660,4529,34660,766,67
1610,3470,34661,4529,34661,766,67
1610,3470,34662,4529,34662,766,67
1610,3470,34663,4529,34663,766,67
1610,3470,34664,4529,34664,766,67
1610,3470,34665,4529,34665,766,67
1610,3470,34666,4529,34666,766,67
1610,3470,34667,4529,34667,766,67
1610,3470,34668,4529,34668,766,67
1610,3470,34669,4529,34669,766,67
1610,3470,34670,4529,34670,766,67
1610,3470,34671,4529,34671,766,67
1610,3470,34672,4529,34672,766,67
1610,3470,34673,4529,34673,766,67
1610,3470,34674,4529,34674,766,67
1610,3470,34675,4529,34675,766,67
1610,3470,34676,4529,34676,766,67
1610,3470,34677,4529,34677,766,67
1610,3470,34678,4529,34678,766,67
1610,3470,34679,4529,34679,766,67
1610,3470,34680,4529,34680,766,67
1610,3470,34681,4529,34681,766,67
1610,3470,34682,4529,34682,766,67
1610,3470,34683,4529,34683,766,67
1610,3470,34684,4529,34684,766,67
1610,3470,34685,4529,34685,766,67
1610,3470,34686,4529,34686,766,67
1610,3470,34687,4529,34687,766,67
1610,3470,34688,4529,34688,766,67
1610,3470,34689,4529,34689,766,67
1610,3470,34690,4529,34690,766,67
1610,3470,34691,4529,34691,766,67
1610,3470,34692,4529,34692,766,67
1610,3470,34693,4529,34693,766,67
1610,3470,34694,4529,34694,766,67
1610,3470,34695,4529,34695,766,67
1610,3470,34696,4529,34696,766,67
1610,3470,34697,4529,34697,766,67
1610,3470,34698,4529,34698,766,67
1610,3470,34699,4529,34699,766,67
1610,3470,34700,4529,34700,766,67
1610,3470,34701,4529,34701,766,67
1610,3470,34702,4529,34702,766,67
1610,3470,34703,4529,34703,766,67
1610,3470,34704,4529,34704,766,67
1610,3470,34705,4529,34705,766,67
1610,3470,34706,4529,34706,766,67
1610,3470,34707,4529,34707,766,67
1610,3470,34708,4529,34708,766,67
1610,3470,34709,4529,34709,766,67
1610,3470,34710,4529,34710,766,67
1610,3470,34711,4529,34711,766,67
1610,3470,34712,4529,34712,766,67
1610,3470,34713,4529,34713,766,67
1610,3470,34714,4529,34714,766,67
1610,3470,34715,4529,34715,766,67
1610,3470,34716,4529,34716,766,67
1610,3470,34717,4529,34717,766,67
1610,3470,34718,4529,34718,766,67
1610,3470,34719,4529,34719,766,67
1610,3470,34720,4529,34720,766,67
1610,3470,34721,4529,34721,766,67
1610,3470,34722,4529,34722,766,67
1610,3470,34723,4529,34723,766,67
1610,3470,34724,4529,34724,766,67
1610,3470,34725,4529,34725,766,67
1610,3470,34726,4529,34726,766,67
1610,3470,34727,4529,34727,766,67
1610,3470,34728,4529,34728,766,67
1610,3470,34729,4529,34729,766,67
1610,3470,34730,4529,34730,766,67
1610,3470,34731,4529,34731,766,67
1610,3470,34732,4529,34732,766,67
1610,3470,34733,4529,34733,766,67
1610,3470,34734,4529,34734,766,67
1610,3470,34735,4529,34735,766,67
1610,3470,34736,4529,34736,766,67
1610,3470,34737,4529,34737,766,67
1610,3470,34738,4529,34738,766,67
1610,3470,34739,4529,34739,766,67
1609,3470,34740,4529,34740,766,67
1609,3470,34741,4529,34741,766,67
1609,3470,34742,4529,34742,766,67
1609,3470,34743,4529,34743,766,67
1609,3470,34744,4529,34744,766,67
1608,3470,34745,4529,34745,766,67
1608,3470,34746,4529,34746,766,67
1608,3470,34747,4529,34747,766,67
1608,3470,34748,4529,34748,766,67
1608,3470,34749,4529,34749,766,67
1608,3470,34750,4529,34750,766,67
1608,3470,34751,4529,34751,766,67
1608,3470,34752,4529,34752,766,67
1608,3470,34753,4529,34753,766,67
1608,3470,34754,4529,34754,766,67
1608,3470,34755,4529,34755,766,67
1608,3470,34756,4529,34756,766,67
1608,3470,34757,4529,34757,766,67
1608,3470,34758,4529,34758,766,67
1608,3470,34759,4529,34759,766,67
1608,3470,34760,4529,34760,766,67
1608,3470,34761,4529,34761,766,67
1608,3470,34762,4529,34762,766,67
1608,3470,34763,4529,34763,766,67
1608,3470,34764,4529,34764,766,67
1608,3470,34765,4529,34765,766,67
1608,3470,34766,4529,34766,766,67
1608,3470,34767,4529,34767,766,67
1608,3470,34768,4529,34768,766,67
1608,3470,34769,4529,34769,766,67
1608,3470,34770,4529,34770,766,67
1608,3470,34771,4529,34771,766,67
1608,3470,34772,4529,34772,766,67
1608,3470,34773,4529,34773,766,67
1608,3470,34774,4529,34774,766,67
1608,3470,34775,4529,34775,766,67
1608,3470,34776,4529,34776,766,67
1608,3470,34777,4529,34777,766,67
1608,3470,34778,4529,34778,766,67
1608,3470,34779,4529,34779,766,67
1608,3470,34780,4529,34780,766,67
1608,3470,34781,4529,34781,766,67
1608,3470,34782,4529,34782,766,67
1608,3470,34783,4529,34783,766,67
1608,3470,34784,4529,34784,766,67
1608,3470,34785,4529,34785,766,67
1608,3470,34786,4529,34786,766,67
1608,3470,34787,4529,34787,766,67
1608,3470,34788,4529,34788,766,67
1608,3470,34789,4529,34789,766,67
1608,3470,34790,4529,34790,766,67
1608,3470,34791,4529,34791,766,67
1608,3470,34792,4529,34792,766,67
1608,3470,34793,4529,34793,766,67
1608,3470,34794,4529,34794,766,67
1608,3470,34795,4529,34795,766,67
1608,3470,34796,4529,34796,766,67
1608,3470,34797,4529,34797,766,67
1609,3470,34798,4529,34798,766,67
1609,3470,34799,4529,34799,766,67
1609,3470,34800,4529,34800,766,67
1609,3470,34801,4529,34801,766,67
1609,3470,34802,4529,34802,766,67
1609,3470,34803,4529,34803,766,67
1609,3470,34804,4529,34804,766,67
1609,3470,34805,4529,34805,766,67
1609,3470,34806,4529,34806,766,67
1609,3470,34807,4529,34807,766,67
1609,3470,34808,4529,34808,766,67
1609,3470,34809,4529,34809,766,67
1609,3470,34810,4529,34810,766,67
1609,3470,34811,4529,34811,766,67
1609,3470,34812,4529,34812,766,67
1609,3470,34813,4529,34813,766,67
1609,3470,34814,4529,34814,766,67
1609,3470,34815,4529,34815,766,67
1609,3470,34816,4529,34816,766,67
1609,3470,34817,4529,34817,766,67
1609,3470,34818,4529,34818,766,67
1609,3470,34819,4529,34819,766,67
1609,3470,34820,4529,34820,766,67
1609,3470,34821,4529,34821,766,67
1609,3470,34822,4529,34822,766,67
1609,3470,34823,4529,34823,766,67
1609,3470,34824,4529,34824,766,67
1609,3470,34825,4529,34825,766,67
1609,3470,34826,4529,34826,766,67
1609,3470,34827,4529,34827,766,67
1609,3470,34828,4529,34828,766,67
1609,3470,34829,4529,34829,766,67
1609,3470,34830,4529,34830,766,67
1609,3470,34831,4529,34831,766,67
1609,3470,34832,4529,34832,766,67
1609,3470,34833,4529,34833,766,67
1609,3470,34834,4529,34834,766,67
1609,3470,34835,4529,34835,766,67
1609,3470,34836,4529,34836,766,67
1609,3470,34837,4529,34837,766,67
1609,3470,34838,4529,34838,766,67
1609,3470,34839,4529,34839,766,67
1609,3470,34840,4529,34840,766,67
1609,3470,34841,4529,34841,766,67
1609,3470,34842,4529,34842,766,67
1609,3470,34843,4529,34843,766,67
1609,3470,34844,4529,34844,766,67
1609,3470,34845,4529,34845,766,67
1609,3470,34846,4529,34846,766,67
1609,3470,34847,4529,34847,766,67
1609,3470,34848,4529,34848,766,67
1609,3470,34849,4529,34849,766,67
1609,3470,34850,4529,34850,766,67
1609,3470,34851,4529,34851,766,67
1609,3470,34852,4529,34852,766,67
1609,3470,34853,4529,34853,766,67
1609,3470,34854,4529,34854,766,67
1609,3470,34855,4529,34855,766,67
1609,3470,34856,4529,34856,766,67
1609,3470,34857,4529,34857,766,67
1609,3470,34858,4529,34858,766,67
1609,3470,34859,4529,34859,766,67
1609,3470,34860,4529,34860,766,67
1609,3470,34861,4529,34861,766,67
1609,3470,34862,4529,34862,766,67
1609,3470,34863,4529,34863,766,67
1609,3470,34864,4529,34864,766,67
1609,3470,34865,4529,34865,766,67
1609,3470,34866,4529,34866,766,67
1609,3470,34867,4529,34867,766,67
1609,3470,34868,4529,34868,766,67
1609,3470,34869,4529,34869,766,67
1609,3470,34870,4529,34870,766,67
1609,3470,34871,4529,34871,766,67
1609,3470,34872,4529,34872,766,67
1609,3470,34873,4529,34873,766,67
1609,3470,34874,4529,34874,766,67
1609,3470,34875,4529,34875,766,67
1609,3470,34876,4529,34876,766,67
1609,3470,34877,4529,34877,766,67
1609,3470,34878,4529,34878,766,67
1609,3470,34879,4529,34879,766,67
1609,3470,34880,4529,34880,766,67
1609,3470,34881,4529,34881,766,67
1609,3470,34882,4529,34882,766,67
1609,3470,34883,4529,34883,766,67
1609,3470,34884,4529,34884,766,67
1609,3470,34885,4529,34885,766,67
1609,3470,34886,4529,34886,766,67
1609,3470,34887,4529,34887,766,67
1609,3470,34888,4529,34888,766,67
1609,3470,34889,4529,34889,766,67
1609,3470,34890,4529,34890,766,67
1609,3470,34891,4529,34891,766,67
1609,3470,34892,4529,34892,766,67
1609,3470,34893,4529,34893,766,67
1609,3470,34894,4529,34894,766,67
1609,3470,34895,4529,34895,766,67
1609,3470,34896,4529,34896,766,67
1609,3470,34897,4529,34897,766,67
1609,3470,34898,4529,34898,766,67
1609,3470,34899,4529,34899,766,67
1609,3470,34900,4529,34900,766,67
1609,3470,34901,4529,34901,766,67
1609,3470,34902,4529,34902,766,67
1609,3470,34903,4529,34903,766,67
1609,3470,34904,4529,34904,766,67
1609,3470,34905,4529,34905,766,67
1609,3470,34906,4529,34906,766,67
1609,3470,34907,4529,34907,766,67
1609,3470,34908,4529,34908,766,67
1610,3470,34909,4529,34909,766,67
1611,3470,34910,4529,34910,766,67
1611,3470,34911,4529,34911,766,67
1611,3470,34912,4529,34912,766,67
1611,3470,34913,4529,34913,766,67
1611,3470,34914,4529,34914,766,67
1611,3470,34915,4529,34915,766,67
1611,3470,34916,4529,34916,766,67
1611,3470,34917,4529,34917,766,67
1611,3470,34918,4529,34918,766,67
1611,3470,34919,4529,34919,766,67
1611,3470,34920,4529,34920,766,67
1611,3470,34921,4529,34921,766,67
1611,3470,34922,4529,34922,766,67
1611,3470,34923,4529,34923,766,67
1611,3470,34924,4529,34924,766,67
1611,3470,34925,4529,34925,766,67
1611,3470,34926,4529,34926,766,67
1611,3470,34927,4529,34927,766,67
1611,3470,34928,4529,34928,766,67
1611,3470,34929,4529,34929,766,67
1611,3470,34930,4529,34930,766,67
1611,3470,34931,4529,34931,766,67
1611,3470,34932,4529,34932,766,67
1611,3470,34933,4529,34933,766,67
1611,3470,34934,4529,34934,766,67
1611,3470,34935,4529,34935,766,67
1611,3470,34936,4529,34936,766,67
1611,3470,34937,4529,34937,766,67
1611,3470,34938,4529,34938,766,67
1611,3470,34939,4529,34939,766,67
1611,3470,34940,4529,34940,766,67
1611,3470,34941,4529,34941,766,67
1611,3470,34942,4529,34942,766,67
1611,3470,34943,4529,34943,766,67
1611,3470,34944,4529,34944,766,67
1611,3470,34945,4529,34945,766,67
1611,3470,34946,4529,34946,766,67
1611,3470,34947,4529,34947,766,67
1611,3470,34948,4529,34948,766,67
1611,3470,34949,4529,34949,766,67
1611,3470,34950,4529,34950,766,67
1611,3470,34951,4529,34951,766,67
1611,3470,34952,4529,34952,766,67
1611,3470,34953,4529,34953,766,67
1611,3470,34954,4529,34954,766,67
1611,3470,34955,4529,34955,766,67
1611,3470,34956,4529,34956,766,67
1611,3470,34957,4529,34957,766,67
1611,3470,34958,4529,34958,766,67
1611,3470,34959,4529,34959,766,67
1611,3470,34960,4529,34960,766,67
1611,3470,34961,4529,34961,766,67
1611,3470,34962,4529,34962,766,67
1611,3470,34963,4529,34963,766,67
1611,3470,34964,4529,34964,766,67
1611,3470,34965,4529,34965,766,67
1611,3470,34966,4529,34966,766,67
1611,3470,34967,4529,34967,766,67
1611,3470,34968,4529,34968,766,67
1611,3470,34969,4529,34969,766,67
1611,3470,34970,4529,34970,766,67
1611,3470,34971,4529,34971,766,67
1611,3470,34972,4529,34972,766,67
1611,3470,34973,4529,34973,766,67
1611,3470,34974,4529,34974,766,67
1611,3470,34975,4529,34975,766,67
1611,3470,34976,4529,34976,766,67
1611,3470,34977,4529,34977,766,67
1611,3470,34978,4529,34978,766,67
1611,3470,34979,4529,34979,766,67
1611,3470,34980,4529,34980,766,67
1611,3470,34981,4529,34981,766,67
1611,3470,34982,4529,34982,766,67
1611,3470,34983,4529,34983,766,67
1611,3470,34984,4529,34984,766,67
1611,3470,34985,4529,34985,766,67
1611,3470,34986,4529,34986,766,67
1611,3470,34987,4529,34987,766,67
1611,3470,34988,4529,34988,766,67
1611,3470,34989,4529,34989,766,67
1611,3470,34990,4529,34990,766,67
1611,3470,34991,4529,34991,766,67
1611,3470,34992,4529,34992,766,67
1611,3470,34993,4529,34993,766,67
1611,3470,34994,4529,34994,766,67
1611,3470,34995,4529,34995,766,67
1611,3470,34996,4529,34996,766,67
1611,3470,34997,4529,34997,766,67
1611,3470,34998,4529,34998,766,67
1611,3470,34999,4529,34999,766,67
1611,3470,35000,4529,35000,766,67
1611,3470,35001,4529,35001,766,67
1611,3470,35002,4529,35002,766,67
1611,3470,35003,4529,35003,766,67
1611,3470,35004,4529,35004,766,67
1611,3470,35005,4529,35005,766,67
1611,3470,35006,4529,35006,766,67
1611,3470,35007,4529,35007,766,67
1611,3470,35008,4529,35008,766,67
1611,3470,35009,4529,35009,766,67
1611,3470,35010,4529,35010,766,67
1611,3470,35011,4529,35011,766,67
1611,3470,35012,4529,35012,766,67
1611,3470,35013,4529,35013,766,67
1611,3470,35014,4529,35014,766,67
1611,3470,35015,4529,35015,766,67
1611,3470,35016,4529,35016,766,67
1611,3470,35017,4529,35017,766,67
1611,3470,35018,4529,35018,766,67
1611,3470,35019,4529,35019,766,67
1611,3470,35020,4529,35020,766,67
1611,3470,35021,4529,35021,766,67
1611,3470,35022,4529,35022,766,67
1611,3470,35023,4529,35023,766,67
1611,3470,35024,4529,35024,766,67
1611,3470,35025,4529,35025,766,67
1611,3470,35026,4529,35026,766,67
1611,3470,35027,4529,35027,766,67
1611,3470,35028,4529,35028,766,67
1611,3470,35029,4529,35029,766,67
1611,3470,35030,4529,35030,766,67
1611,3470,35031,4529,35031,766,67
1611,3470,35032,4529,35032,766,67
1611,3470,35033,4529,35033,766,67
1612,3470,35034,4529,35034,766,67
1612,3470,35035,4529,35035,766,67
1612,3470,35036,4529,35036,766,67
1612,3470,35037,4529,35037,766,67
1612,3470,35038,4529,35038,766,67
1612,3470,35039,4529,35039,766,67
1612,3470,35040,4529,35040,766,67
1612,3470,35041,4529,35041,766,67
1612,3470,35042,4529,35042,766,67
1612,3470,35043,4529,35043,766,67
1612,3470,35044,4529,35044,766,67
1612,3470,35045,4529,35045,766,67
1612,3470,35046,4529,35046,766,67
1612,3470,35047,4529,35047,766,67
1612,3470,35048,4529,35048,766,67
1612,3470,35049,4529,35049,766,67
1612,3470,35050,4529,35050,766,67
1612,3470,35051,4529,35051,766,67
1612,3470,35052,4529,35052,766,67
1612,3470,35053,4529,35053,766,67
1612,3470,35054,4529,35054,766,67
1612,3470,35055,4529,35055,766,67
1612,3470,35056,4529,35056,766,67
1612,3470,35057,4529,35057,766,67
1612,3470,35058,4529,35058,766,67
1612,3470,35059,4529,35059,766,67
1612,3470,35060,4529,35060,766,67
1612,3470,35061,4529,35061,766,67
1612,3470,35062,4529,35062,766,67
1612,3470,35063,4529,35063,766,67
1612,3470,35064,4529,35064,766,67
1612,3470,35065,4529,35065,766,67
1612,3470,35066,4529,35066,766,67
1612,3470,35067,4529,35067,766,67
1612,3470,35068,4529,35068,766,67
1612,3470,35069,4529,35069,766,67
1612,3470,35070,4529,35070,766,67
1612,3470,35071,4529,35071,766,67
1612,3470,35072,4529,35072,766,67
1612,3470,35073,4529,35073,766,67
1612,3470,35074,4529,35074,766,67
1612,3470,35075,4529,35075,766,67
1612,3470,35076,4529,35076,766,67
1612,3470,35077,4529,35077,766,67
1612,3470,35078,4529,35078,766,67
1612,3470,35079,4529,35079,766,67
1611,3470,35080,4529,35080,766,67
1611,3470,35081,4529,35081,766,67
1611,3470,35082,4529,35082,766,67
1611,3470,35083,4529,35083,766,67
1611,3470,35084,4529,35084,766,67
1611,3470,35085,4529,35085,766,67
1611,3470,35086,4529,35086,766,67
1611,3470,35087,4529,35087,766,67
1611,3470,35088,4529,35088,766,67
1611,3470,35089,4529,35089,766,67
1611,3470,35090,4529,35090,766,67
1611,3470,35091,4529,35091,766,67
1611,3470,35092,4529,35092,766,67
1611,3470,35093,4529,35093,766,67
1611,3470,35094,4529,35094,766,67
1611,3470,35095,4529,35095,766,67
1611,3470,35096,4529,35096,766,67
1611,3470,35097,4529,35097,766,67
1611,3470,35098,4529,35098,766,67
1611,3470,35099,4529,35099,766,67
1611,3470,35100,4529,35100,766,67
1611,3470,35101,4529,35101,766,67
1611,3470,35102,4529,35102,766,67
1611,3470,35103,4529,35103,766,67
1611,3470,35104,4529,35104,766,67
1611,3470,35105,4529,35105,766,67
1611,3470,35106,4529,35106,766,67
1611,3470,35107,4529,35107,766,67
1611,3470,35108,4529,35108,766,67
1611,3470,35109,4529,35109,766,67
1611,3470,35110,4529,35110,766,67
1611,3470,35111,4529,35111,766,67
1611,3470,35112,4529,35112,766,67
1611,3470,35113,4529,35113,766,67
1611,3470,35114,4529,35114,766,67
1611,3470,35115,4529,35115,766,67
1611,3470,35116,4529,35116,766,67
1611,3470,35117,4529,35117,766,67
1611,3470,35118,4529,35118,766,67
1611,3470,35119,4529,35119,766,67
1611,3470,35120,4529,35120,766,67
1611,3470,35121,4529,35121,766,67
1611,3470,35122,4529,35122,766,67
1611,3470,35123,4529,35123,766,67
1611,3470,35124,4529,35124,766,67
1611,3470,35125,4529,35125,766,67
1611,3470,35126,4529,35126,766,67
1611,3470,35127,4529,35127,766,67
1611,3470,35128,4529,35128,766,67
1611,3470,35129,4529,35129,766,67
1611,3470,35130,4529,35130,766,67
1611,3470,35131,4529,35131,766,67
1610,3470,35132,4529,35132,766,67
1610,3470,35133,4529,35133,766,67
1610,3470,35134,4529,35134,766,67
1610,3470,35135,4529,35135,766,67
1610,3470,35136,4529,35136,766,67
1610,3470,35137,4529,35137,766,67
1610,3470,35138,4529,35138,766,67
1610,3470,35139,4529,35139,766,67
1610,3470,35140,4529,35140,766,67
1610,3470,35141,4529,35141,766,67
1610,3470,35142,4529,35142,766,67
1610,3470,35143,4529,35143,766,67
1610,3470,35144,4529,35144,766,67
1610,3470,35145,4529,35145,766,67
1610,3470,35146,4529,35146,766,67
1610,3470,35147,4529,35147,766,67
1610,3470,35148,4529,35148,766,67
1610,3470,35149,4529,35149,766,67
1610,3470,35150,4529,35150,766,67
1610,3470,35151,4529,35151,766,67
1610,3470,35152,4529,35152,766,67
1610,3470,35153,4529,35153,766,67
1610,3470,35154,4529,35154,766,67
1610,3470,35155,4529,35155,766,67
1610,3470,35156,4529,35156,766,67
1610,3470,35157,4529,35157,766,67
1610,3470,35158,4529,35158,766,67
1610,3470,35159,4529,35159,766,67
1610,3470,35160,4529,35160,766,67
1610,3470,35161,4529,35161,766,67
1610,3470,35162,4529,35162,766,67
1610,3470,35163,4529,35163,766,67
1610,3470,35164,4529,35164,766,67
1610,3470,35165,4529,35165,766,67
1610,3470,35166,4529,35166,766,67
1610,3470,35167,4529,35167,766,67
1610,3470,35168,4529,35168,766,67
1610,3470,35169,4529,35169,766,67
1610,3470,35170,4529,35170,766,67
1610,3470,35171,4529,35171,766,67
1610,3470,35172,4529,35172,766,67
1610,3470,35173,4529,35173,766,67
1610,3470,35174,4529,35174,766,67
1610,3470,35175,4529,35175,766,67
1610,3470,35176,4529,35176,766,67
1610,3470,35177,4529,35177,766,67
1610,3470,35178,4529,35178,766,67
1610,3470,35179,4529,35179,766,67
1610,3470,35180,4529,35180,766,67
1610,3470,35181,4529,35181,766,67
1610,3470,35182,4529,35182,766,67
1610,3470,35183,4529,35183,766,67
1610,3470,35184,4529,35184,766,67
1610,3470,35185,4529,35185,766,67
1610,3470,35186,4529,35186,766,67
1610,3470,35187,4529,35187,766,67
1610,3470,35188,4529,35188,766,67
1610,3470,35189,4529,35189,766,67
1610,3470,35190,4529,35190,766,67
1610,3470,35191,4529,35191,766,67
1610,3470,35192,4529,35192,766,67
1610,3470,35193,4529,35193,766,67
1610,3470,35194,4529,35194,766,67
1610,3470,35195,4529,35195,766,67
1610,3470,35196,4529,35196,766,67
1610,3470,35197,4529,35197,766,67
1610,3470,35198,4529,35198,766,67
1610,3470,35199,4529,35199,766,67
1610,3470,35200,4529,35200,766,67
1610,3470,35201,4529,35201,766,67
1610,3470,35202,4529,35202,766,67
1610,3470,35203,4529,35203,766,67
1610,3470,35204,4529,35204,766,67
1610,3470,35205,4529,35205,766,67
1610,3470,35206,4529,35206,766,67
1610,3470,35207,4529,35207,766,67
1610,3470,35208,4529,35208,766,67
1610,3470,35209,4529,35209,766,67
1610,3470,35210,4529,35210,766,67
1610,3470,35211,4529,35211,766,67
1610,3470,35212,4529,35212,766,67
1610,3470,35213,4529,35213,766,67
1610,3470,35214,4529,35214,766,67
1610,3470,35215,4529,35215,766,67
1610,3470,35216,4529,35216,766,67
1610,3470,35217,4529,35217,766,67
1610,3470,35218,4529,35218,766,67
1610,3470,35219,4529,35219,766,67
1610,3470,35220,4529,35220,766,67
1610,3470,35221,4529,35221,766,67
1610,3470,35222,4529,35222,766,67
1610,3470,35223,4529,35223,766,67
1610,3470,35224,4529,35224,766,67
1610,3470,35225,4529,35225,766,67
1610,3470,35226,4529,35226,766,67
1610,3470,35227,4529,35227,766,67
1610,3470,35228,4529,35228,766,67
1610,3470,35229,4529,35229,766,67
1610,3470,35230,4529,35230,766,67
1610,3470,35231,4529,35231,766,67
1610,3470,35232,4529,35232,766,67
1610,3470,35233,4529,35233,766,67
1610,3470,35234,4529,35234,766,67
1610,3470,35235,4529,35235,766,67
1610,3470,35236,4529,35236,766,67
1610,3470,35237,4529,35237,766,67
1610,3470,35238,4529,35238,766,67
1610,3470,35239,4529,35239,766,67
1610,3470,35240,4529,35240,766,67
1610,3470,35241,4529,35241,766,67
1610,3470,35242,4529,35242,766,67
1610,3470,35243,4529,35243,766,67
1610,3470,35244,4529,35244,766,67
1610,3470,35245,4529,35245,766,67
1610,3470,35246,4529,35246,766,67
1610,3470,35247,4529,35247,766,67
1610,3470,35248,4529,35248,766,67
1610,3470,35249,4529,35249,766,67
1610,3470,35250,4529,35250,766,67
1610,3470,35251,4529,35251,766,67
1610,3470,35252,4529,35252,766,67
1610,3470,35253,4529,35253,766,67
1610,3470,35254,4529,35254,766,67
1610,3470,35255,4529,35255,766,67
1610,3470,35256,4529,35256,766,67
1610,3470,35257,4529,35257,766,67
1610,3470,35258,4529,35258,766,67
1610,3470,35259,4529,35259,766,67
1610,3470,35260,4529,35260,766,67
1610,3470,35261,4529,35261,766,67
1610,3470,35262,4529,35262,766,67
1610,3470,35263,4529,35263,766,67
1610,3470,35264,4529,35264,766,67
1610,3470,35265,4529,35265,766,67
1610,3470,35266,4529,35266,766,67
1610,3470,35267,4529,35267,766,67
1610,3470,35268,4529,35268,766,67
1610,3470,35269,4529,35269,766,67
1610,3470,35270,4529,35270,766,67
1610,3470,35271,4529,35271,766,67
1610,3470,35272,4529,35272,766,67
1610,3470,35273,4529,35273,766,67
1610,3470,35274,4529,35274,766,67
1610,3470,35275,4529,35275,766,67
1610,3470,35276,4529,35276,766,67
1610,3470,35277,4529,35277,766,67
1610,3470,35278,4529,35278,766,67
1610,3470,35279,4529,35279,766,67
1610,3470,35280,4529,35280,766,67
1610,3470,35281,4529,35281,766,67
1610,3470,35282,4529,35282,766,67
1610,3470,35283,4529,35283,766,67
1610,3470,35284,4529,35284,766,67
1610,3470,35285,4529,35285,766,67
1610,3470,35286,4529,35286,766,67
1610,3470,35287,4529,35287,766,67
1610,3470,35288,4529,35288,766,67
1610,3470,35289,4529,35289,766,67
1610,3470,35290,4529,35290,766,67
1610,3470,35291,4529,35291,766,67
1610,3470,35292,4529,35292,766,67
1610,3470,35293,4529,35293,766,67
1610,3470,35294,4529,35294,766,67
1610,3470,35295,4529,35295,766,67
1610,3470,35296,4529,35296,766,67
1610,3470,35297,4529,35297,766,67
1610,3470,35298,4529,35298,766,67
1610,3470,35299,4529,35299,766,67
1610,3470,35300,4529,35300,766,67
1610,3470,35301,4529,35301,766,67
1610,3470,35302,4529,35302,766,67
1610,3470,35303,4529,35303,766,67
1610,3470,35304,4529,35304,766,67
1610,3470,35305,4529,35305,766,67
1610,3470,35306,4529,35306,766,67
1610,3470,35307,4529,35307,766,67
1610,3470,35308,4529,35308,766,67
1609,3470,35309,4529,35309,766,67
1609,3470,35310,4529,35310,766,67
1609,3470,35311,4529,35311,766,67
1609,3470,35312,4529,35312,766,67
1609,3470,35313,4529,35313,766,67
1609,3470,35314,4529,35314,766,67
1609,3470,35315,4529,35315,766,67
1609,3470,35316,4529,35316,766,67
1609,3470,35317,4529,35317,766,67
1609,3470,35318,4529,35318,766,67
1609,3470,35319,4529,35319,766,67
1609,3470,35320,4529,35320,766,67
1609,3470,35321,4529,35321,766,67
1609,3470,35322,4529,35322,766,67
1609,3470,35323,4529,35323,766,67
1609,3470,35324,4529,35324,766,67
1609,3470,35325,4529,35325,766,67
1609,3470,35326,4529,35326,766,67
1609,3470,35327,4529,35327,766,67
1609,3470,35328,4529,35328,766,67
1609,3470,35329,4529,35329,766,67
1609,3470,35330,4529,35330,766,67
1609,3470,35331,4529,35331,766,67
1609,3470,35332,4529,35332,766,67
1609,3470,35333,4529,35333,766,67
1609,3470,35334,4529,35334,766,67
1609,3470,35335,4529,35335,766,67
1609,3470,35336,4529,35336,766,67
1609,3470,35337,4529,35337,766,67
1609,3470,35338,4529,35338,766,67
1609,3470,35339,4529,35339,766,67
1609,3470,35340,4529,35340,766,67
1609,3470,35341,4529,35341,766,67
1609,3470,35342,4529,35342,766,67
1609,3470,35343,4529,35343,766,67
1609,3470,35344,4529,35344,766,67
1609,3470,35345,4529,35345,766,67
1609,3470,35346,4529,35346,766,67
1609,3470,35347,4529,35347,766,67
1609,3470,35348,4529,35348,766,67
1609,3470,35349,4529,35349,766,67
1609,3470,35350,4529,35350,766,67
1609,3470,35351,4529,35351,766,67
1609,3470,35352,4529,35352,766,67
1609,3470,35353,4529,35353,766,67
1609,3470,35354,4529,35354,766,67
1609,3470,35355,4529,35355,766,67
1609,3470,35356,4529,35356,766,67
1609,3470,35357,4529,35357,766,67
1609,3470,35358,4529,35358,766,67
1609,3470,35359,4529,35359,766,67
1609,3470,35360,4529,35360,766,67
1609,3470,35361,4529,35361,766,67
1609,3470,35362,4529,35362,766,67
1609,3470,35363,4529,35363,766,67
1609,3470,35364,4529,35364,766,67
1609,3470,35365,4529,35365,766,67
1609,3470,35366,4529,35366,766,67
1610,3470,35367,4529,35367,766,67
1610,3470,35368,4529,35368,766,67
1610,3470,35369,4529,35369,766,67
1610,3470,35370,4529,35370,766,67
1610,3470,35371,4529,35371,766,67
1610,3470,35372,4529,35372,766,67
1610,3470,35373,4529,35373,766,67
1610,3470,35374,4529,35374,766,67
1610,3470,35375,4529,35375,766,67
1610,3470,35376,4529,35376,766,67
1610,3470,35377,4529,35377,766,67
1610,3470,35378,4529,35378,766,67
1610,3470,35379,4529,35379,766,67
1610,3470,35380,4529,35380,766,67
1610,3470,35381,4529,35381,766,67
1610,3470,35382,4529,35382,766,67
1610,3470,35383,4529,35383,766,67
1610,3470,35384,4529,35384,766,67
1610,3470,35385,4529,35385,766,67
1610,3470,35386,4529,35386,766,67
1610,3470,35387,4529,35387,766,67
1610,3470,35388,4529,35388,766,67
1610,3470,35389,4529,35389,766,67
1610,3470,35390,4529,35390,766,67
1610,3470,35391,4529,35391,766,67
1610,3470,35392,4529,35392,766,67
1610,3470,35393,4529,35393,766,67
1610,3470,35394,4529,35394,766,67
1610,3470,35395,4529,35395,766,67
1610,3470,35396,4529,35396,766,67
1610,3470,35397,4529,35397,766,67
1610,3470,35398,4529,35398,766,67
1610,3470,35399,4529,35399,766,67
1610,3470,35400,4529,35400,766,67
1610,3470,35401,4529,35401,766,67
1610,3470,35402,4529,35402,766,67
1610,3470,35403,4529,35403,766,67
1610,3470,35404,4529,35404,766,67
1610,3470,35405,4529,35405,766,67
1610,3470,35406,4529,35406,766,67
1610,3470,35407,4529,35407,766,67
1610,3470,35408,4529,35408,766,67
1610,3470,35409,4529,35409,766,67
1610,3470,35410,4529,35410,766,67
1610,3470,35411,4529,35411,766,67
1610,3470,35412,4529,35412,766,67
1610,3470,35413,4529,35413,766,67
1610,3470,35414,4529,35414,766,67
1610,3470,35415,4529,35415,766,67
1610,3470,35416,4529,35416,766,67
1610,3470,35417,4529,35417,766,67
1610,3470,35418,4529,35418,766,67
1610,3470,35419,4529,35419,766,67
1610,3470,35420,4529,35420,766,67
1610,3470,35421,4529,35421,766,67
1610,3470,35422,4529,35422,766,67
1610,3470,35423,4529,35423,766,67
1610,3470,35424,4529,35424,766,67
1610,3470,35425,4529,35425,766,67
1610,3470,35426,4529,35426,766,67
1610,3470,35427,4529,35427,766,67
1610,3470,35428,4529,35428,766,67
1610,3470,35429,4529,35429,766,67
1610,3470,35430,4529,35430,766,67
1610,3470,35431,4529,35431,766,67
1610,3470,35432,4529,35432,766,67
1610,3470,35433,4529,35433,766,67
1610,3470,35434,4529,35434,766,67
1610,3470,35435,4529,35435,766,67
1610,3470,35436,4529,35436,766,67
1610,3470,35437,4529,35437,766,67
1610,3470,35438,4529,35438,766,67
1610,3470,35439,4529,35439,766,67
1610,3470,35440,4529,35440,766,67
1609,3470,35441,4529,35441,766,67
1609,3470,35442,4529,35442,766,67
1609,3470,35443,4529,35443,766,67
1609,3470,35444,4529,35444,766,67
1609,3470,35445,4529,35445,766,67
1609,3470,35446,4529,35446,766,67
1609,3470,35447,4529,35447,766,67
1609,3470,35448,4529,35448,766,67
1609,3470,35449,4529,35449,766,67
1609,3470,35450,4529,35450,766,67
1609,3470,35451,4529,35451,766,67
1609,3470,35452,4529,35452,766,67
1609,3470,35453,4529,35453,766,67
1609,3470,35454,4529,35454,766,67
1609,3470,35455,4529,35455,766,67
1609,3470,35456,4529,35456,766,67
1608,3470,35457,4529,35457,766,67
1608,3470,35458,4529,35458,766,67
1608,3470,35459,4529,35459,766,67
1608,3470,35460,4529,35460,766,67
1608,3470,35461,4529,35461,766,67
1608,3470,35462,4529,35462,766,67
1608,3470,35463,4529,35463,766,67
1608,3470,35464,4529,35464,766,67
1608,3470,35465,4529,35465,766,67
1608,3470,35466,4529,35466,766,67
1607,3470,35467,4529,35467,766,67
1607,3470,35468,4529,35468,766,67
1607,3470,35469,4529,35469,766,67
1607,3470,35470,4529,35470,766,67
1607,3470,35471,4529,35471,766,67
1607,3470,35472,4529,35472,766,67
1607,3470,35473,4529,35473,766,67
1607,3470,35474,4529,35474,766,67
1607,3470,35475,4529,35475,766,67
1607,3470,35476,4529,35476,766,67
1607,3470,35477,4529,35477,766,67
1607,3470,35478,4529,35478,766,67
1607,3470,35479,4529,35479,766,67
1607,3470,35480,4529,35480,766,67
1607,3470,35481,4529,35481,766,67
1607,3470,35482,4529,35482,766,67
1607,3470,35483,4529,35483,766,67
1607,3470,35484,4529,35484,766,67
1607,3470,35485,4529,35485,766,67
1607,3470,35486,4529,35486,766,67
1607,3470,35487,4529,35487,766,67
1607,3470,35488,4529,35488,766,67
1607,3470,35489,4529,35489,766,67
1607,3470,35490,4529,35490,766,67
1607,3470,35491,4529,35491,766,67
1607,3470,35492,4529,35492,766,67
1607,3470,35493,4529,35493,766,67
1607,3470,35494,4529,35494,766,67
1607,3470,35495,4529,35495,766,67
1607,3470,35496,4529,35496,766,67
1607,3470,35497,4529,35497,766,67
1607,3470,35498,4529,35498,766,67
1607,3470,35499,4529,35499,766,67
1607,3470,35500,4529,35500,766,67
1607,3470,35501,4529,35501,766,67
1607,3470,35502,4529,35502,766,67
1607,3470,35503,4529,35503,766,67
1607,3470,35504,4529,35504,766,67
1607,3470,35505,4529,35505,766,67
1607,3470,35506,4529,35506,766,67
1607,3470,35507,4529,35507,766,67
1607,3470,35508,4529,35508,766,67
1607,3470,35509,4529,35509,766,67
1607,3470,35510,4529,35510,766,67
1607,3470,35511,4529,35511,766,67
1608,3470,35512,4529,35512,766,67
1608,3470,35513,4529,35513,766,67
1608,3470,35514,4529,35514,766,67
1608,3470,35515,4529,35515,766,67
1608,3470,35516,4529,35516,766,67
1608,3470,35517,4529,35517,766,67
1608,3470,35518,4529,35518,766,67
1607,3470,35519,4529,35519,766,67
1607,3470,35520,4529,35520,766,67
1607,3470,35521,4529,35521,766,67
1607,3470,35522,4529,35522,766,67
1607,3470,35523,4529,35523,766,67
1607,3470,35524,4529,35524,766,67
1607,3470,35525,4529,35525,766,67
1607,3470,35526,4529,35526,766,67
1607,3470,35527,4529,35527,766,67
1607,3470,35528,4529,35528,766,67
1607,3470,35529,4529,35529,766,67
1607,3470,35530,4529,35530,766,67
1607,3470,35531,4529,35531,766,67
1607,3470,35532,4529,35532,766,67
1607,3470,35533,4529,35533,766,67
1607,3470,35534,4529,35534,766,67
1607,3470,35535,4529,35535,766,67
1608,3470,35536,4529,35536,766,67
1608,3470,35537,4529,35537,766,67
1608,3470,35538,4529,35538,766,67
1608,3470,35539,4529,35539,766,67
1608,3470,35540,4529,35540,766,67
1608,3470,35541,4529,35541,766,67
1608,3470,35542,4529,35542,766,67
1608,3470,35543,4529,35543,766,67
1608,3470,35544,4529,35544,766,67
1608,3470,35545,4529,35545,766,67
1608,3470,35546,4529,35546,766,67
1608,3470,35547,4529,35547,766,67
1608,3470,35548,4529,35548,766,67
1608,3470,35549,4529,35549,766,67
1608,3470,35550,4529,35550,766,67
1608,3470,35551,4529,35551,766,67
1608,3470,35552,4529,35552,766,67
1608,3470,35553,4529,35553,766,67
1608,3470,35554,4529,35554,766,67
1608,3470,35555,4529,35555,766,67
1608,3470,35556,4529,35556,766,67
1608,3470,35557,4529,35557,766,67
1608,3470,35558,4529,35558,766,67
1608,3470,35559,4529,35559,766,67
1608,3470,35560,4529,35560,766,67
1608,3470,35561,4529,35561,766,67
1608,3470,35562,4529,35562,766,67
1609,3470,35563,4529,35563,766,67
1609,3470,35564,4529,35564,766,67
1609,3470,35565,4529,35565,766,67
1609,3470,35566,4529,35566,766,67
1609,3470,35567,4529,35567,766,67
1609,3470,35568,4529,35568,766,67
1609,3470,35569,4529,35569,766,67
1609,3470,35570,4529,35570,766,67
1609,3470,35571,4529,35571,766,67
1609,3470,35572,4529,35572,766,67
1609,3470,35573,4529,35573,766,67
1609,3470,35574,4529,35574,766,67
1609,3470,35575,4529,35575,766,67
1609,3470,35576,4529,35576,766,67
1609,3470,35577,4529,35577,766,67
1609,3470,35578,4529,35578,766,67
1609,3470,35579,4529,35579,766,67
1609,3470,35580,4529,35580,766,67
1609,3470,35581,4529,35581,766,67
1609,3470,35582,4529,35582,766,67
1609,3470,35583,4529,35583,766,67
1609,3470,35584,4529,35584,766,67
1609,3470,35585,4529,35585,766,67
1609,3470,35586,4529,35586,766,67
1609,3470,35587,4529,35587,766,67
1609,3470,35588,4529,35588,766,67
1609,3470,35589,4529,35589,766,67
1609,3470,35590,4529,35590,766,67
1609,3470,35591,4529,35591,766,67
1609,3470,35592,4529,35592,766,67
1609,3470,35593,4529,35593,766,67
1609,3470,35594,4529,35594,766,67
1609,3470,35595,4529,35595,766,67
1609,3470,35596,4529,35596,766,67
1609,3470,35597,4529,35597,766,67
1609,3470,35598,4529,35598,766,67
1609,3470,35599,4529,35599,766,67
1609,3470,35600,4529,35600,766,67
1609,3470,35601,4529,35601,766,67
1609,3470,35602,4529,35602,766,67
1609,3470,35603,4529,35603,766,67
1609,3470,35604,4529,35604,766,67
1609,3470,35605,4529,35605,766,67
1609,3470,35606,4529,35606,766,67
1609,3470,35607,4529,35607,766,67
1609,3470,35608,4529,35608,766,67
1609,3470,35609,4529,35609,766,67
1609,3470,35610,4529,35610,766,67
1609,3470,35611,4529,35611,766,67
1609,3470,35612,4529,35612,766,67
1609,3470,35613,4529,35613,766,67
1609,3470,35614,4529,35614,766,67
1609,3470,35615,4529,35615,766,67
1609,3470,35616,4529,35616,766,67
1609,3470,35617,4529,35617,766,67
1609,3470,35618,4529,35618,766,67
1609,3470,35619,4529,35619,766,67
1609,3470,35620,4529,35620,766,67
1609,3470,35621,4529,35621,766,67
1609,3470,35622,4529,35622,766,67
1609,3470,35623,4529,35623,766,67
1609,3470,35624,4529,35624,766,67
1609,3470,35625,4529,35625,766,67
1609,3470,35626,4529,35626,766,67
1609,3470,35627,4529,35627,766,67
1609,3470,35628,4529,35628,766,67
1609,3470,35629,4529,35629,766,67
1609,3470,35630,4529,35630,766,67
1609,3470,35631,4529,35631,766,67
1609,3470,35632,4529,35632,766,67
1609,3470,35633,4529,35633,766,67
1609,3470,35634,4529,35634,766,67
1609,3470,35635,4529,35635,766,67
1609,3470,35636,4529,35636,766,67
1609,3470,35637,4529,35637,766,67
1609,3470,35638,4529,35638,766,67
1609,3470,35639,4529,35639,766,67
1609,3470,35640,4529,35640,766,67
1609,3470,35641,4529,35641,766,67
1609,3470,35642,4529,35642,766,67
1609,3470,35643,4529,35643,766,67
1609,3470,35644,4529,35644,766,67
1609,3470,35645,4529,35645,766,67
1609,3470,35646,4529,35646,766,67
1609,3470,35647,4529,35647,766,67
1609,3470,35648,4529,35648,766,67
1609,3470,35649,4529,35649,766,67
1609,3470,35650,4529,35650,766,67
1609,3470,35651,4529,35651,766,67
1609,3470,35652,4529,35652,766,67
1609,3470,35653,4529,35653,766,67
1609,3470,35654,4529,35654,766,67
1609,3470,35655,4529,35655,766,67
1609,3470,35656,4529,35656,766,67
1609,3470,35657,4529,35657,766,67
1609,3470,35658,4529,35658,766,67
1609,3470,35659,4529,35659,766,67
1608,3470,35660,4529,35660,766,67
1608,3470,35661,4529,35661,766,67
1608,3470,35662,4529,35662,766,67
1608,3470,35663,4529,35663,766,67
1608,3470,35664,4529,35664,766,67
1608,3470,35665,4529,35665,766,67
1608,3470,35666,4529,35666,766,67
1608,3470,35667,4529,35667,766,67
1608,3470,35668,4529,35668,766,67
1608,3470,35669,4529,35669,766,67
1608,3470,35670,4529,35670,766,67
1608,3470,35671,4529,35671,766,67
1608,3470,35672,4529,35672,766,67
1608,3470,35673,4529,35673,766,67
1608,3470,35674,4529,35674,766,67
1608,3470,35675,4529,35675,766,67
1608,3470,35676,4529,35676,766,67
1608,3470,35677,4529,35677,766,67
1608,3470,35678,4529,35678,766,67
1608,3470,35679,4529,35679,766,67
1608,3470,35680,4529,35680,766,67
1608,3470,35681,4529,35681,766,67
1608,3470,35682,4529,35682,766,67
1608,3470,35683,4529,35683,766,67
1608,3470,35684,4529,35684,766,67
1608,3470,35685,4529,35685,766,67
1608,3470,35686,4529,35686,766,67
1608,3470,35687,4529,35687,766,67
1608,3470,35688,4529,35688,766,67
1608,3470,35689,4529,35689,766,67
1608,3470,35690,4529,35690,766,67
1608,3470,35691,4529,35691,766,67
1608,3470,35692,4529,35692,766,67
1608,3470,35693,4529,35693,766,67
1608,3470,35694,4529,35694,766,67
1608,3470,35695,4529,35695,766,67
1608,3470,35696,4529,35696,766,67
1608,3470,35697,4529,35697,766,67
1608,3470,35698,4529,35698,766,67
1608,3470,35699,4529,35699,766,67
1608,3470,35700,4529,35700,766,67
1608,3470,35701,4529,35701,766,67
1608,3470,35702,4529,35702,766,67
1608,3470,35703,4529,35703,766,67
1608,3470,35704,4529,35704,766,67
1608,3470,35705,4529,35705,766,67
1608,3470,35706,4529,35706,766,67
1608,3470,35707,4529,35707,766,67
1608,3470,35708,4529,35708,766,67
1608,3470,35709,4529,35709,766,67
1608,3470,35710,4529,35710,766,67
1608,3470,35711,4529,35711,766,67
1608,3470,35712,4529,35712,766,67
1608,3470,35713,4529,35713,766,67
1608,3470,35714,4529,35714,766,67
1608,3470,35715,4529,35715,766,67
1608,3470,35716,4529,35716,766,67
1608,3470,35717,4529,35717,766,67
1608,3470,35718,4529,35718,766,67
1608,3470,35719,4529,35719,766,67
1608,3470,35720,4529,35720,766,67
1608,3470,35721,4529,35721,766,67
1608,3470,35722,4529,35722,766,67
1608,3470,35723,4529,35723,766,67
1608,3470,35724,4529,35724,766,67
1608,3470,35725,4529,35725,766,67
1608,3470,35726,4529,35726,766,67
1608,3470,35727,4529,35727,766,67
1608,3470,35728,4529,35728,766,67
1608,3470,35729,4529,35729,766,67
1608,3470,35730,4529,35730,766,67
1608,3470,35731,4529,35731,766,67
1608,3470,35732,4529,35732,766,67
1608,3470,35733,4529,35733,766,67
1608,3470,35734,4529,35734,766,67
1608,3470,35735,4529,35735,766,67
1608,3470,35736,4529,35736,766,67
1608,3470,35737,4529,35737,766,67
1608,3470,35738,4529,35738,766,67
1608,3470,35739,4529,35739,766,67
1608,3470,35740,4529,35740,766,67
1608,3470,35741,4529,35741,766,67
1608,3470,35742,4529,35742,766,67
1608,3470,35743,4529,35743,766,67
1608,3470,35744,4529,35744,766,67
1608,3470,35745,4529,35745,766,67
1608,3470,35746,4529,35746,766,67
1608,3470,35747,4529,35747,766,67
1608,3470,35748,4529,35748,766,67
1608,3470,35749,4529,35749,766,67
1608,3470,35750,4529,35750,766,67
1608,3470,35751,4529,35751,766,67
1608,3470,35752,4529,35752,766,67
1608,3470,35753,4529,35753,766,67
1608,3470,35754,4529,35754,766,67
1608,3470,35755,4529,35755,766,67
1608,3470,35756,4529,35756,766,67
1608,3470,35757,4529,35757,766,67
1608,3470,35758,4529,35758,766,67
1608,3470,35759,4529,35759,766,67
1608,3470,35760,4529,35760,766,67
1608,3470,35761,4529,35761,766,67
1608,3470,35762,4529,35762,766,67
1608,3470,35763,4529,35763,766,67
1608,3470,35764,4529,35764,766,67
1608,3470,35765,4529,35765,766,67
1608,3470,35766,4529,35766,766,67
1608,3470,35767,4529,35767,766,67
1608,3470,35768,4529,35768,766,67
1608,3470,35769,4529,35769,766,67
1608,3470,35770,4529,35770,766,67
1608,3470,35771,4529,35771,766,67
1608,3470,35772,4529,35772,766,67
1608,3470,35773,4529,35773,766,67
1608,3470,35774,4529,35774,766,67
1608,3470,35775,4529,35775,766,67
1608,3470,35776,4529,35776,766,67
1608,3470,35777,4529,35777,766,67
1608,3470,35778,4529,35778,766,67
1608,3470,35779,4529,35779,766,67
1608,3470,35780,4529,35780,766,67
1608,3470,35781,4529,35781,766,67
1608,3470,35782,4529,35782,766,67
1608,3470,35783,4529,35783,766,67
1608,3470,35784,4529,35784,766,67
1608,3470,35785,4529,35785,766,67
1608,3470,35786,4529,35786,766,67
1608,3470,35787,4529,35787,766,67
1608,3470,35788,4529,35788,766,67
1608,3470,35789,4529,35789,766,67
1608,3470,35790,4529,35790,766,67
1608,3470,35791,4529,35791,766,67
1608,3470,35792,4529,35792,766,67
1608,3470,35793,4529,35793,766,67
1608,3470,35794,4529,35794,766,67
1608,3470,35795,4529,35795,766,67
1608,3470,35796,4529,35796,766,67
1608,3470,35797,4529,35797,766,67
1608,3470,35798,4529,35798,766,67
1608,3470,35799,4529,35799,766,67
1608,3470,35800,4529,35800,766,67
1608,3470,35801,4529,35801,766,67
1608,3470,35802,4529,35802,766,67
1608,3470,35803,4529,35803,766,67
1608,3470,35804,4529,35804,766,67
1608,3470,35805,4529,35805,766,67
1608,3470,35806,4529,35806,766,67
1608,3470,35807,4529,35807,766,67
1608,3470,35808,4529,35808,766,67
1608,3470,35809,4529,35809,766,67
1608,3470,35810,4529,35810,766,67
1608,3470,35811,4529,35811,766,67
1608,3470,35812,4529,35812,766,67
1608,3470,35813,4529,35813,766,67
1608,3470,35814,4529,35814,766,67
1608,3470,35815,4529,35815,766,67
1608,3470,35816,4529,35816,766,67
1608,3470,35817,4529,35817,766,67
1608,3470,35818,4529,35818,766,67
1608,3470,35819,4529,35819,766,67
1608,3470,35820,4529,35820,766,67
1608,3470,35821,4529,35821,766,67
1608,3470,35822,4529,35822,766,67
1608,3470,35823,4529,35823,766,67
1608,3470,35824,4529,35824,766,67
1608,3470,35825,4529,35825,766,67
1608,3470,35826,4529,35826,766,67
1608,3470,35827,4529,35827,766,67
1608,3470,35828,4529,35828,766,67
1608,3470,35829,4529,35829,766,67
1608,3470,35830,4529,35830,766,67
1608,3470,35831,4529,35831,766,67
1608,3470,35832,4529,35832,766,67
1608,3470,35833,4529,35833,766,67
1608,3470,35834,4529,35834,766,67
1608,3470,35835,4529,35835,766,67
1608,3470,35836,4529,35836,766,67
1608,3470,35837,4529,35837,766,67
1608,3470,35838,4529,35838,766,67
1608,3470,35839,4529,35839,766,67
1608,3470,35840,4529,35840,766,67
1608,3470,35841,4529,35841,766,67
1608,3470,35842,4529,35842,766,67
1608,3470,35843,4529,35843,766,67
1608,3470,35844,4529,35844,766,67
1608,3470,35845,4529,35845,766,67
1608,3470,35846,4529,35846,766,67
1608,3470,35847,4529,35847,766,67
1608,3470,35848,4529,35848,766,67
1608,3470,35849,4529,35849,766,67
1608,3470,35850,4529,35850,766,67
1608,3470,35851,4529,35851,766,67
1608,3470,35852,4529,35852,766,67
1608,3470,35853,4529,35853,766,67
1608,3470,35854,4529,35854,766,67
1608,3470,35855,4529,35855,766,67
1608,3470,35856,4529,35856,766,67
1608,3470,35857,4529,35857,766,67
1608,3470,35858,4529,35858,766,67
1608,3470,35859,4529,35859,766,67
1608,3470,35860,4529,35860,766,67
1608,3470,35861,4529,35861,766,67
1608,3470,35862,4529,35862,766,67
1608,3470,35863,4529,35863,766,67
1608,3470,35864,4529,35864,766,67
1608,3470,35865,4529,35865,766,67
1608,3470,35866,4529,35866,766,67
1608,3470,35867,4529,35867,766,67
1608,3470,35868,4529,35868,766,67
1608,3470,35869,4529,35869,766,67
1608,3470,35870,4529,35870,766,67
1608,3470,35871,4529,35871,766,67
1608,3470,35872,4529,35872,766,67
1608,3470,35873,4529,35873,766,67
1608,3470,35874,4529,35874,766,67
1608,3470,35875,4529,35875,766,67
1608,3470,35876,4529,35876,766,67
1608,3470,35877,4529,35877,766,67
1608,3470,35878,4529,35878,766,67
1608,3470,35879,4529,35879,766,67
1608,3470,35880,4529,35880,766,67
1608,3470,35881,4529,35881,766,67
1608,3470,35882,4529,35882,766,67
1608,3470,35883,4529,35883,766,67
1608,3470,35884,4529,35884,766,67
1608,3470,35885,4529,35885,766,67
1608,3470,35886,4529,35886,766,67
1608,3470,35887,4529,35887,766,67
1608,3470,35888,4529,35888,766,67
1608,3470,35889,4529,35889,766,67
1608,3470,35890,4529,35890,766,67
1608,3470,35891,4529,35891,766,67
1608,3470,35892,4529,35892,766,67
1608,3470,35893,4529,35893,766,67
1607,3470,35894,4529,35894,766,67
1607,3470,35895,4529,35895,766,67
1607,3470,35896,4529,35896,766,67
1607,3470,35897,4529,35897,766,67
1607,3470,35898,4529,35898,766,67
1607,3470,35899,4529,35899,766,67
1607,3470,35900,4529,35900,766,67
1607,3470,35901,4529,35901,766,67
1607,3470,35902,4529,35902,766,67
1607,3470,35903,4529,35903,766,67
1607,3470,35904,4529,35904,766,67
1607,3470,35905,4529,35905,766,67
1607,3470,35906,4529,35906,766,67
1607,3470,35907,4529,35907,766,67
1607,3470,35908,4529,35908,766,67
1607,3470,35909,4529,35909,766,67
1607,3470,35910,4529,35910,766,67
1607,3470,35911,4529,35911,766,67
1607,3470,35912,4529,35912,766,67
1607,3470,35913,4529,35913,766,67
1607,3470,35914,4529,35914,766,67
1607,3470,35915,4529,35915,766,67
1607,3470,35916,4529,35916,766,67
1607,3470,35917,4529,35917,766,67
1607,3470,35918,4529,35918,766,67
1607,3470,35919,4529,35919,766,67
1607,3470,35920,4529,35920,766,67
1607,3470,35921,4529,35921,766,67
1607,3470,35922,4529,35922,766,67
1607,3470,35923,4529,35923,766,67
1607,3470,35924,4529,35924,766,67
1608,3470,35925,4529,35925,766,67
1608,3470,35926,4529,35926,766,67
1608,3470,35927,4529,35927,766,67
1608,3470,35928,4529,35928,766,67
1608,3470,35929,4529,35929,766,67
1608,3470,35930,4529,35930,766,67
1608,3470,35931,4529,35931,766,67
1608,3470,35932,4529,35932,766,67
1608,3470,35933,4529,35933,766,67
1608,3470,35934,4529,35934,766,67
1608,3470,35935,4529,35935,766,67
1608,3470,35936,4529,35936,766,67
1608,3470,35937,4529,35937,766,67
1608,3470,35938,4529,35938,766,67
1608,3470,35939,4529,35939,766,67
1608,3470,35940,4529,35940,766,67
1608,3470,35941,4529,35941,766,67
1608,3470,35942,4529,35942,766,67
1608,3470,35943,4529,35943,766,67
1608,3470,35944,4529,35944,766,67
1608,3470,35945,4529,35945,766,67
1608,3470,35946,4529,35946,766,67
1608,3470,35947,4529,35947,766,67
1608,3470,35948,4529,35948,766,67
1608,3470,35949,4529,35949,766,67
1608,3470,35950,4529,35950,766,67
1608,3470,35951,4529,35951,766,67
1608,3470,35952,4529,35952,766,67
1608,3470,35953,4529,35953,766,67
1608,3470,35954,4529,35954,766,67
1608,3470,35955,4529,35955,766,67
1608,3470,35956,4529,35956,766,67
1608,3470,35957,4529,35957,766,67
1608,3470,35958,4529,35958,766,67
1608,3470,35959,4529,35959,766,67
1608,3470,35960,4529,35960,766,67
1608,3470,35961,4529,35961,766,67
1608,3470,35962,4529,35962,766,67
1608,3470,35963,4529,35963,766,67
1608,3470,35964,4529,35964,766,67
1608,3470,35965,4529,35965,766,67
1608,3470,35966,4529,35966,766,67
1608,3470,35967,4529,35967,766,67
1608,3470,35968,4529,35968,766,67
1608,3470,35969,4529,35969,766,67
1608,3470,35970,4529,35970,766,67
1608,3470,35971,4529,35971,766,67
1608,3470,35972,4529,35972,766,67
1608,3470,35973,4529,35973,766,67
1609,3470,35974,4529,35974,766,67
1609,3470,35975,4529,35975,766,67
1609,3470,35976,4529,35976,766,67
1609,3470,35977,4529,35977,766,67
1609,3470,35978,4529,35978,766,67
1609,3470,35979,4529,35979,766,67
1609,3470,35980,4529,35980,766,67
1609,3470,35981,4529,35981,766,67
1609,3470,35982,4529,35982,766,67
1609,3470,35983,4529,35983,766,67
1609,3470,35984,4529,35984,766,67
1609,3470,35985,4529,35985,766,67
1609,3470,35986,4529,35986,766,67
1609,3470,35987,4529,35987,766,67
1609,3470,35988,4529,35988,766,67
1609,3470,35989,4529,35989,766,67
1609,3470,35990,4529,35990,766,67
1609,3470,35991,4529,35991,766,67
1609,3470,35992,4529,35992,766,67
1609,3470,35993,4529,35993,766,67
1609,3470,35994,4529,35994,766,67
1609,3470,35995,4529,35995,766,67
1609,3470,35996,4529,35996,766,67
1609,3470,35997,4529,35997,766,67
1609,3470,35998,4529,35998,766,67
1609,3470,35999,4529,35999,766,67
1609,3470,36000,4529,36000,766,67
1609,3470,36001,4529,36001,766,67
1609,3470,36002,4529,36002,766,67
1609,3470,36003,4529,36003,766,67
1609,3470,36004,4529,36004,766,67
1609,3470,36005,4529,36005,766,67
1609,3470,36006,4529,36006,766,67
1609,3470,36007,4529,36007,766,67
1609,3470,36008,4529,36008,766,67
1609,3470,36009,4529,36009,766,67
1609,3470,36010,4529,36010,766,67
1609,3470,36011,4529,36011,766,67
1609,3470,36012,4529,36012,766,67
1609,3470,36013,4529,36013,766,67
1609,3470,36014,4529,36014,766,67
1609,3470,36015,4529,36015,766,67
1609,3470,36016,4529,36016,766,67
1609,3470,36017,4529,36017,766,67
1609,3470,36018,4529,36018,766,67
1609,3470,36019,4529,36019,766,67
1609,3470,36020,4529,36020,766,67
1609,3470,36021,4529,36021,766,67
1609,3470,36022,4529,36022,766,67
1609,3470,36023,4529,36023,766,67
1609,3470,36024,4529,36024,766,67
1609,3470,36025,4529,36025,766,67
1609,3470,36026,4529,36026,766,67
1609,3470,36027,4529,36027,766,67
1609,3470,36028,4529,36028,766,67
1609,3470,36029,4529,36029,766,67
1609,3470,36030,4529,36030,766,67
1609,3470,36031,4529,36031,766,67
1609,3470,36032,4529,36032,766,67
1609,3470,36033,4529,36033,766,67
1609,3470,36034,4529,36034,766,67
1609,3470,36035,4529,36035,766,67
1609,3470,36036,4529,36036,766,67
1609,3470,36037,4529,36037,766,67
1609,3470,36038,4529,36038,766,67
1609,3470,36039,4529,36039,766,67
1609,3470,36040,4529,36040,766,67
1609,3470,36041,4529,36041,766,67
1609,3470,36042,4529,36042,766,67
1609,3470,36043,4529,36043,766,67
1609,3470,36044,4529,36044,766,67
1609,3470,36045,4529,36045,766,67
1609,3470,36046,4529,36046,766,67
1609,3470,36047,4529,36047,766,67
1609,3470,36048,4529,36048,766,67
1609,3470,36049,4529,36049,766,67
1609,3470,36050,4529,36050,766,67
1609,3470,36051,4529,36051,766,67
1609,3470,36052,4529,36052,766,67
1609,3470,36053,4529,36053,766,67
1609,3470,36054,4529,36054,766,67
1609,3470,36055,4529,36055,766,67
1609,3470,36056,4529,36056,766,67
1609,3470,36057,4529,36057,766,67
1609,3470,36058,4529,36058,766,67
1609,3470,36059,4529,36059,766,67
1609,3470,36060,4529,36060,766,67
1609,3470,36061,4529,36061,766,67
1609,3470,36062,4529,36062,766,67
1609,3470,36063,4529,36063,766,67
1609,3470,36064,4529,36064,766,67
1609,3470,36065,4529,36065,766,67
1609,3470,36066,4529,36066,766,67
1609,3470,36067,4529,36067,766,67
1609,3470,36068,4529,36068,766,67
1609,3470,36069,4529,36069,766,67
1609,3470,36070,4529,36070,766,67
1609,3470,36071,4529,36071,766,67
1609,3470,36072,4529,36072,766,67
1609,3470,36073,4529,36073,766,67
1609,3470,36074,4529,36074,766,67
1609,3470,36075,4529,36075,766,67
1609,3470,36076,4529,36076,766,67
1609,3470,36077,4529,36077,766,67
1609,3470,36078,4529,36078,766,67
1609,3470,36079,4529,36079,766,67
1609,3470,36080,4529,36080,766,67
1609,3470,36081,4529,36081,766,67
1609,3470,36082,4529,36082,766,67
1609,3470,36083,4529,36083,766,67
1609,3470,36084,4529,36084,766,67
1609,3470,36085,4529,36085,766,67
1609,3470,36086,4529,36086,766,67
1609,3470,36087,4529,36087,766,67
1609,3470,36088,4529,36088,766,67
1609,3470,36089,4529,36089,766,67
1609,3470,36090,4529,36090,766,67
1609,3470,36091,4529,36091,766,67
1609,3470,36092,4529,36092,766,67
1609,3470,36093,4529,36093,766,67
1609,3470,36094,4529,36094,766,67
1609,3470,36095,4529,36095,766,67
1609,3470,36096,4529,36096,766,67
1609,3470,36097,4529,36097,766,67
1609,3470,36098,4529,36098,766,67
1609,3470,36099,4529,36099,766,67
1609,3470,36100,4529,36100,766,67
1609,3470,36101,4529,36101,766,67
1608,3470,36102,4529,36102,766,67
1608,3470,36103,4529,36103,766,67
1608,3470,36104,4529,36104,766,67
1608,3470,36105,4529,36105,766,67
1608,3470,36106,4529,36106,766,67
1608,3470,36107,4529,36107,766,67
1608,3470,36108,4529,36108,766,67
1608,3470,36109,4529,36109,766,67
1608,3470,36110,4529,36110,766,67
1608,3470,36111,4529,36111,766,67
1608,3470,36112,4529,36112,766,67
1608,3470,36113,4529,36113,766,67
1608,3470,36114,4529,36114,766,67
1608,3470,36115,4529,36115,766,67
1608,3470,36116,4529,36116,766,67
1608,3470,36117,4529,36117,766,67
1608,3470,36118,4529,36118,766,67
1608,3470,36119,4529,36119,766,67
1608,3470,36120,4529,36120,766,67
1608,3470,36121,4529,36121,766,67
1608,3470,36122,4529,36122,766,67
1608,3470,36123,4529,36123,766,67
1608,3470,36124,4529,36124,766,67
1608,3470,36125,4529,36125,766,67
1608,3470,36126,4529,36126,766,67
1608,3470,36127,4529,36127,766,67
1608,3470,36128,4529,36128,766,67
1608,3470,36129,4529,36129,766,67
1608,3470,36130,4529,36130,766,67
1608,3470,36131,4529,36131,766,67
1608,3470,36132,4529,36132,766,67
1608,3470,36133,4529,36133,766,67
1608,3470,36134,4529,36134,766,67
1608,3470,36135,4529,36135,766,67
1608,3470,36136,4529,36136,766,67
1608,3470,36137,4529,36137,766,67
1608,3470,36138,4529,36138,766,67
1608,3470,36139,4529,36139,766,67
1608,3470,36140,4529,36140,766,67
1608,3470,36141,4529,36141,766,67
1608,3470,36142,4529,36142,766,67
1608,3470,36143,4529,36143,766,67
1608,3470,36144,4529,36144,766,67
1608,3470,36145,4529,36145,766,67
1608,3470,36146,4529,36146,766,67
1608,3470,36147,4529,36147,766,67
1608,3470,36148,4529,36148,766,67
1608,3470,36149,4529,36149,766,67
1608,3470,36150,4529,36150,766,67
1608,3470,36151,4529,36151,766,67
1608,3470,36152,4529,36152,766,67
1608,3470,36153,4529,36153,766,67
1607,3470,36154,4529,36154,766,67
1607,3470,36155,4529,36155,766,67
1607,3470,36156,4529,36156,766,67
1607,3470,36157,4529,36157,766,67
1607,3470,36158,4529,36158,766,67
1607,3470,36159,4529,36159,766,67
1607,3470,36160,4529,36160,766,67
1607,3470,36161,4529,36161,766,67
1607,3470,36162,4529,36162,766,67
1607,3470,36163,4529,36163,766,67
1607,3470,36164,4529,36164,766,67
1607,3470,36165,4529,36165,766,67
1607,3470,36166,4529,36166,766,67
1607,3470,36167,4529,36167,766,67
1607,3470,36168,4529,36168,766,67
1607,3470,36169,4529,36169,766,67
1607,3470,36170,4529,36170,766,67
1607,3470,36171,4529,36171,766,67
1607,3470,36172,4529,36172,766,67
1607,3470,36173,4529,36173,766,67
1607,3470,36174,4529,36174,766,67
1607,3470,36175,4529,36175,766,67
1607,3470,36176,4529,36176,766,67
1607,3470,36177,4529,36177,766,67
1607,3470,36178,4529,36178,766,67
1607,3470,36179,4529,36179,766,67
1607,3470,36180,4529,36180,766,67
1607,3470,36181,4529,36181,766,67
1607,3470,36182,4529,36182,766,67
1607,3470,36183,4529,36183,766,67
1607,3470,36184,4529,36184,766,67
1607,3470,36185,4529,36185,766,67
1607,3470,36186,4529,36186,766,67
1607,3470,36187,4529,36187,766,67
1607,3470,36188,4529,36188,766,67
1607,3470,36189,4529,36189,766,67
1607,3470,36190,4529,36190,766,67
1607,3470,36191,4529,36191,766,67
1607,3470,36192,4529,36192,766,67
1607,3470,36193,4529,36193,766,67
1607,3470,36194,4529,36194,766,67
1607,3470,36195,4529,36195,766,67
1607,3470,36196,4529,36196,766,67
1607,3470,36197,4529,36197,766,67
1607,3470,36198,4529,36198,766,67
1607,3470,36199,4529,36199,766,67
1607,3470,36200,4529,36200,766,67
1607,3470,36201,4529,36201,766,67
1607,3470,36202,4529,36202,766,67
1607,3470,36203,4529,36203,766,67
1607,3470,36204,4529,36204,766,67
1607,3470,36205,4529,36205,766,67
1607,3470,36206,4529,36206,766,67
1607,3470,36207,4529,36207,766,67
1607,3470,36208,4529,36208,766,67
1607,3470,36209,4529,36209,766,67
1607,3470,36210,4529,36210,766,67
1608,3470,36211,4529,36211,766,67
1608,3470,36212,4529,36212,766,67
1608,3470,36213,4529,36213,766,67
1608,3470,36214,4529,36214,766,67
1608,3470,36215,4529,36215,766,67
1608,3470,36216,4529,36216,766,67
1608,3470,36217,4529,36217,766,67
1609,3470,36218,4529,36218,766,67
1609,3470,36219,4529,36219,766,67
1609,3470,36220,4529,36220,766,67
1609,3470,36221,4529,36221,766,67
1609,3470,36222,4529,36222,766,67
1609,3470,36223,4529,36223,766,67
1609,3470,36224,4529,36224,766,67
1609,3470,36225,4529,36225,766,67
1609,3470,36226,4529,36226,766,67
1609,3470,36227,4529,36227,766,67
1609,3470,36228,4529,36228,766,67
1609,3470,36229,4529,36229,766,67
1609,3470,36230,4529,36230,766,67
1609,3470,36231,4529,36231,766,67
1609,3470,36232,4529,36232,766,67
1609,3470,36233,4529,36233,766,67
1609,3470,36234,4529,36234,766,67
1609,3470,36235,4529,36235,766,67
1609,3470,36236,4529,36236,766,67
1609,3470,36237,4529,36237,766,67
1609,3470,36238,4529,36238,766,67
1609,3470,36239,4529,36239,766,67
1609,3470,36240,4529,36240,766,67
1609,3470,36241,4529,36241,766,67
1609,3470,36242,4529,36242,766,67
1609,3470,36243,4529,36243,766,67
1609,3470,36244,4529,36244,766,67
1609,3470,36245,4529,36245,766,67
1609,3470,36246,4529,36246,766,67
1609,3470,36247,4529,36247,766,67
1609,3470,36248,4529,36248,766,67
1609,3470,36249,4529,36249,766,67
1609,3470,36250,4529,36250,766,67
1609,3470,36251,4529,36251,766,67
1609,3470,36252,4529,36252,766,67
1609,3470,36253,4529,36253,766,67
1609,3470,36254,4529,36254,766,67
1609,3470,36255,4529,36255,766,67
1609,3470,36256,4529,36256,766,67
1609,3470,36257,4529,36257,766,67
1609,3470,36258,4529,36258,766,67
1609,3470,36259,4529,36259,766,67
1609,3470,36260,4529,36260,766,67
1609,3470,36261,4529,36261,766,67
1609,3470,36262,4529,36262,766,67
1609,3470,36263,4529,36263,766,67
1609,3470,36264,4529,36264,766,67
1609,3470,36265,4529,36265,766,67
1609,3470,36266,4529,36266,766,67
1609,3470,36267,4529,36267,766,67
1609,3470,36268,4529,36268,766,67
1609,3470,36269,4529,36269,766,67
1609,3470,36270,4529,36270,766,67
1609,3470,36271,4529,36271,766,67
1609,3470,36272,4529,36272,766,67
1609,3470,36273,4529,36273,766,67
1609,3470,36274,4529,36274,766,67
1609,3470,36275,4529,36275,766,67
1609,3470,36276,4529,36276,766,67
1609,3470,36277,4529,36277,766,67
1609,3470,36278,4529,36278,766,67
1609,3470,36279,4529,36279,766,67
1609,3470,36280,4529,36280,766,67
1609,3470,36281,4529,36281,766,67
1609,3470,36282,4529,36282,766,67
1609,3470,36283,4529,36283,766,67
1609,3470,36284,4529,36284,766,67
1609,3470,36285,4529,36285,766,67
1609,3470,36286,4529,36286,766,67
1609,3470,36287,4529,36287,766,67
1609,3470,36288,4529,36288,766,67
1609,3470,36289,4529,36289,766,67
1609,3470,36290,4529,36290,766,67
1609,3470,36291,4529,36291,766,67
1609,3470,36292,4529,36292,766,67
1609,3470,36293,4529,36293,766,67
1609,3470,36294,4529,36294,766,67
1609,3470,36295,4529,36295,766,67
1609,3470,36296,4529,36296,766,67
1609,3470,36297,4529,36297,766,67
1609,3470,36298,4529,36298,766,67
1609,3470,36299,4529,36299,766,67
1609,3470,36300,4529,36300,766,67
1609,3470,36301,4529,36301,766,67
1609,3470,36302,4529,36302,766,67
1609,3470,36303,4529,36303,766,67
1609,3470,36304,4529,36304,766,67
1609,3470,36305,4529,36305,766,67
1609,3470,36306,4529,36306,766,67
1609,3470,36307,4529,36307,766,67
1609,3470,36308,4529,36308,766,67
1609,3470,36309,4529,36309,766,67
1609,3470,36310,4529,36310,766,67
1609,3470,36311,4529,36311,766,67
1609,3470,36312,4529,36312,766,67
1609,3470,36313,4529,36313,766,67
1609,3470,36314,4529,36314,766,67
1609,3470,36315,4529,36315,766,67
1609,3470,36316,4529,36316,766,67
1609,3470,36317,4529,36317,766,67
1609,3470,36318,4529,36318,766,67
1609,3470,36319,4529,36319,766,67
1609,3470,36320,4529,36320,766,67
1609,3470,36321,4529,36321,766,67
1609,3470,36322,4529,36322,766,67
1609,3470,36323,4529,36323,766,67
1609,3470,36324,4529,36324,766,67
1609,3470,36325,4529,36325,766,67
1609,3470,36326,4529,36326,766,67
1609,3470,36327,4529,36327,766,67
1609,3470,36328,4529,36328,766,67
1609,3470,36329,4529,36329,766,67
1609,3470,36330,4529,36330,766,67
1609,3470,36331,4529,36331,766,67
1609,3470,36332,4529,36332,766,67
1609,3470,36333,4529,36333,766,67
1609,3470,36334,4529,36334,766,67
1609,3470,36335,4529,36335,766,67
1609,3470,36336,4529,36336,766,67
1609,3470,36337,4529,36337,766,67
1609,3470,36338,4529,36338,766,67
1609,3470,36339,4529,36339,766,67
1609,3470,36340,4529,36340,766,67
1609,3470,36341,4529,36341,766,67
1609,3470,36342,4529,36342,766,67
1609,3470,36343,4529,36343,766,67
1609,3470,36344,4529,36344,766,67
1609,3470,36345,4529,36345,766,67
1609,3470,36346,4529,36346,766,67
1609,3470,36347,4529,36347,766,67
1609,3470,36348,4529,36348,766,67
1609,3470,36349,4529,36349,766,67
1609,3470,36350,4529,36350,766,67
1609,3470,36351,4529,36351,766,67
1609,3470,36352,4529,36352,766,67
1609,3470,36353,4529,36353,766,67
1609,3470,36354,4529,36354,766,67
1609,3470,36355,4529,36355,766,67
1609,3470,36356,4529,36356,766,67
1609,3470,36357,4529,36357,766,67
1609,3470,36358,4529,36358,766,67
1609,3470,36359,4529,36359,766,67
1609,3470,36360,4529,36360,766,67
1609,3470,36361,4529,36361,766,67
1609,3470,36362,4529,36362,766,67
1609,3470,36363,4529,36363,766,67
1609,3470,36364,4529,36364,766,67
1609,3470,36365,4529,36365,766,67
1608,3470,36366,4529,36366,766,66
1608,3470,36367,4529,36367,766,66
1608,3470,36368,4529,36368,766,66
1608,3470,36369,4529,36369,766,66
1608,3470,36370,4529,36370,766,66
1608,3470,36371,4529,36371,766,66
1608,3470,36372,4529,36372,766,66
1608,3470,36373,4529,36373,766,66
1608,3470,36374,4529,36374,766,66
1608,3470,36375,4529,36375,766,66
1608,3470,36376,4529,36376,766,66
1609,3470,36377,4529,36377,766,66
1609,3470,36378,4529,36378,766,66
1609,3470,36379,4529,36379,766,66
1609,3470,36380,4529,36380,766,66
1609,3470,36381,4529,36381,766,66
1609,3470,36382,4529,36382,766,66
1609,3470,36383,4529,36383,766,66
1609,3470,36384,4529,36384,766,66
1609,3470,36385,4529,36385,766,66
1609,3470,36386,4529,36386,766,66
1609,3470,36387,4529,36387,766,66
1609,3470,36388,4529,36388,766,66
1609,3470,36389,4529,36389,766,66
1609,3470,36390,4529,36390,766,66
1609,3470,36391,4529,36391,766,66
1609,3470,36392,4529,36392,766,66
1609,3470,36393,4529,36393,766,66
1609,3470,36394,4529,36394,766,66
1609,3470,36395,4529,36395,766,66
1609,3470,36396,4529,36396,766,66
1609,3470,36397,4529,36397,766,66
1609,3470,36398,4529,36398,766,66
1609,3470,36399,4529,36399,766,66
1609,3470,36400,4529,36400,766,66
1609,3470,36401,4529,36401,766,66
1609,3470,36402,4529,36402,766,66
1609,3470,36403,4529,36403,766,66
1609,3470,36404,4529,36404,766,66
1609,3470,36405,4529,36405,766,66
1609,3470,36406,4529,36406,766,66
1609,3470,36407,4529,36407,766,66
1609,3470,36408,4529,36408,766,66
1609,3470,36409,4529,36409,766,66
1609,3470,36410,4529,36410,766,66
1609,3470,36411,4529,36411,766,66
1609,3470,36412,4529,36412,766,66
1609,3470,36413,4529,36413,766,66
1609,3470,36414,4529,36414,766,66
1609,3470,36415,4529,36415,766,66
1609,3470,36416,4529,36416,766,66
1609,3470,36417,4529,36417,766,66
1609,3470,36418,4529,36418,766,66
1609,3470,36419,4529,36419,766,66
1609,3470,36420,4529,36420,766,66
1609,3470,36421,4529,36421,766,66
1609,3470,36422,4529,36422,766,66
1609,3470,36423,4529,36423,766,66
1609,3470,36424,4529,36424,766,66
1609,3470,36425,4529,36425,766,66
1609,3470,36426,4529,36426,766,66
1609,3470,36427,4529,36427,766,66
1609,3470,36428,4529,36428,766,66
1609,3470,36429,4529,36429,766,66
1609,3470,36430,4529,36430,766,66
1609,3470,36431,4529,36431,766,66
1609,3470,36432,4529,36432,766,66
1609,3470,36433,4529,36433,766,66
1609,3470,36434,4529,36434,766,66
1609,3470,36435,4529,36435,766,66
1609,3470,36436,4529,36436,766,66
1609,3470,36437,4529,36437,766,66
1609,3470,36438,4529,36438,766,66
1609,3470,36439,4529,36439,766,66
1609,3470,36440,4529,36440,766,66
1609,3470,36441,4529,36441,766,66
1609,3470,36442,4529,36442,766,66
1609,3470,36443,4529,36443,766,66
1609,3470,36444,4529,36444,766,66
1609,3470,36445,4529,36445,766,66
1609,3470,36446,4529,36446,766,66
1609,3470,36447,4529,36447,766,66
1609,3470,36448,4529,36448,766,66
1609,3470,36449,4529,36449,766,66
1609,3470,36450,4529,36450,766,66
1609,3470,36451,4529,36451,766,66
1609,3470,36452,4529,36452,766,66
1609,3470,36453,4529,36453,766,66
1609,3470,36454,4529,36454,766,66
1609,3470,36455,4529,36455,766,66
1609,3470,36456,4529,36456,766,66
1609,3470,36457,4529,36457,766,66
1609,3470,36458,4529,36458,766,66
1609,3470,36459,4529,36459,766,66
1609,3470,36460,4529,36460,766,66
1609,3470,36461,4529,36461,766,66
1609,3470,36462,4529,36462,766,66
1609,3470,36463,4529,36463,766,66
1609,3470,36464,4529,36464,766,66
1609,3470,36465,4529,36465,766,66
1609,3470,36466,4529,36466,766,66
1609,3470,36467,4529,36467,766,66
1609,3470,36468,4529,36468,766,66
1609,3470,36469,4529,36469,766,66
1609,3470,36470,4529,36470,766,66
1609,3470,36471,4529,36471,766,66
1609,3470,36472,4529,36472,766,66
1609,3470,36473,4529,36473,766,66
1609,3470,36474,4529,36474,766,66
1609,3470,36475,4529,36475,766,66
1609,3470,36476,4529,36476,766,66
1609,3470,36477,4529,36477,766,66
1609,3470,36478,4529,36478,766,66
1609,3470,36479,4529,36479,766,66
1609,3470,36480,4529,36480,766,66
1609,3470,36481,4529,36481,766,66
1608,3470,36482,4529,36482,766,66
1608,3470,36483,4529,36483,766,66
1608,3470,36484,4529,36484,766,66
1608,3470,36485,4529,36485,766,66
1608,3470,36486,4529,36486,766,66
1608,3470,36487,4529,36487,766,66
1608,3470,36488,4529,36488,766,66
1608,3470,36489,4529,36489,766,66
1608,3470,36490,4529,36490,766,66
1608,3470,36491,4529,36491,766,66
1608,3470,36492,4529,36492,766,66
1608,3470,36493,4529,36493,766,66
1608,3470,36494,4529,36494,766,66
1608,3470,36495,4529,36495,766,66
1608,3470,36496,4529,36496,766,66
1608,3470,36497,4529,36497,766,66
1608,3470,36498,4529,36498,766,66
1608,3470,36499,4529,36499,766,66
1608,3470,36500,4529,36500,766,66
1608,3470,36501,4529,36501,766,66
1608,3470,36502,4529,36502,766,66
1608,3470,36503,4529,36503,766,66
1608,3470,36504,4529,36504,766,66
1608,3470,36505,4529,36505,766,66
1608,3470,36506,4529,36506,766,66
1608,3470,36507,4529,36507,766,66
1608,3470,36508,4529,36508,766,66
1608,3470,36509,4529,36509,766,66
1608,3470,36510,4529,36510,766,66
1608,3470,36511,4529,36511,766,66
1608,3470,36512,4529,36512,766,66
1608,3470,36513,4529,36513,766,66
1608,3470,36514,4529,36514,766,66
1608,3470,36515,4529,36515,766,66
1608,3470,36516,4529,36516,766,66
1608,3470,36517,4529,36517,766,66
1608,3470,36518,4529,36518,766,66
1608,3470,36519,4529,36519,766,66
1608,3470,36520,4529,36520,766,66
1608,3470,36521,4529,36521,766,66
1608,3470,36522,4529,36522,766,66
1608,3470,36523,4529,36523,766,66
1608,3470,36524,4529,36524,766,66
1608,3470,36525,4529,36525,766,66
1608,3470,36526,4529,36526,766,66
1608,3470,36527,4529,36527,766,66
1608,3470,36528,4529,36528,766,66
1608,3470,36529,4529,36529,766,66
1608,3470,36530,4529,36530,766,66
1608,3470,36531,4529,36531,766,66
1608,3470,36532,4529,36532,766,66
1608,3470,36533,4529,36533,766,66
1608,3470,36534,4529,36534,766,66
1608,3470,36535,4529,36535,766,66
1608,3470,36536,4529,36536,766,66
1608,3470,36537,4529,36537,766,66
1608,3470,36538,4529,36538,766,66
1608,3470,36539,4529,36539,766,66
1608,3470,36540,4529,36540,766,66
1608,3470,36541,4529,36541,766,66
1608,3470,36542,4529,36542,766,66
1608,3470,36543,4529,36543,766,66
1608,3470,36544,4529,36544,766,66
1608,3470,36545,4529,36545,766,66
1608,3470,36546,4529,36546,766,66
1608,3470,36547,4529,36547,766,66
1608,3470,36548,4529,36548,766,66
1608,3470,36549,4529,36549,766,66
1608,3470,36550,4529,36550,766,66
1608,3470,36551,4529,36551,766,66
1608,3470,36552,4529,36552,766,66
1608,3470,36553,4529,36553,766,66
1608,3470,36554,4529,36554,766,66
1608,3470,36555,4529,36555,766,66
1608,3470,36556,4529,36556,766,66
1608,3470,36557,4529,36557,766,66
1608,3470,36558,4529,36558,766,66
1608,3470,36559,4529,36559,766,66
1608,3470,36560,4529,36560,766,66
1608,3470,36561,4529,36561,766,66
1607,3470,36562,4529,36562,766,66
1607,3470,36563,4529,36563,766,66
1607,3470,36564,4529,36564,766,66
1607,3470,36565,4529,36565,766,66
1607,3470,36566,4529,36566,766,66
1607,3470,36567,4529,36567,766,66
1607,3470,36568,4529,36568,766,66
1607,3470,36569,4529,36569,766,66
1607,3470,36570,4529,36570,766,66
1607,3470,36571,4529,36571,766,66
1607,3470,36572,4529,36572,766,66
1607,3470,36573,4529,36573,766,66
1607,3470,36574,4529,36574,766,66
1607,3470,36575,4529,36575,766,66
1607,3470,36576,4529,36576,766,66
1607,3470,36577,4529,36577,766,66
1607,3470,36578,4529,36578,766,66
1607,3470,36579,4529,36579,766,66
1607,3470,36580,4529,36580,766,66
1607,3470,36581,4529,36581,766,66
1607,3470,36582,4529,36582,766,66
1607,3470,36583,4529,36583,766,66
1607,3470,36584,4529,36584,766,66
1607,3470,36585,4529,36585,766,66
1607,3470,36586,4529,36586,766,66
1607,3470,36587,4529,36587,766,66
1607,3470,36588,4529,36588,766,66
1607,3470,36589,4529,36589,766,66
1607,3470,36590,4529,36590,766,66
1607,3470,36591,4529,36591,766,66
1607,3470,36592,4529,36592,766,66
1607,3470,36593,4529,36593,766,66
1607,3470,36594,4529,36594,766,66
1607,3470,36595,4529,36595,766,66
1607,3470,36596,4529,36596,766,66
1607,3470,36597,4529,36597,766,66
1607,3470,36598,4529,36598,766,66
1607,3470,36599,4529,36599,766,66
1607,3470,36600,4529,36600,766,66
1607,3470,36601,4529,36601,766,66
1607,3470,36602,4529,36602,766,66
1607,3470,36603,4529,36603,766,66
1607,3470,36604,4529,36604,766,66
1607,3470,36605,4529,36605,766,66
1607,3470,36606,4529,36606,766,66
1607,3470,36607,4529,36607,766,66
1607,3470,36608,4529,36608,766,66
1607,3470,36609,4529,36609,766,66
1607,3470,36610,4529,36610,766,66
1607,3470,36611,4529,36611,766,66
1607,3470,36612,4529,36612,766,66
1607,3470,36613,4529,36613,766,66
1607,3470,36614,4529,36614,766,66
1607,3470,36615,4529,36615,766,66
1607,3470,36616,4529,36616,766,66
1607,3470,36617,4529,36617,766,66
1607,3470,36618,4529,36618,766,66
1607,3470,36619,4529,36619,766,66
1607,3470,36620,4529,36620,766,66
1607,3470,36621,4529,36621,766,66
1607,3470,36622,4529,36622,766,66
1607,3470,36623,4529,36623,766,66
1607,3470,36624,4529,36624,766,66
1607,3470,36625,4529,36625,766,66
1607,3470,36626,4529,36626,766,66
1607,3470,36627,4529,36627,766,66
1607,3470,36628,4529,36628,766,66
1607,3470,36629,4529,36629,766,66
1607,3470,36630,4529,36630,766,66
1607,3470,36631,4529,36631,766,66
1607,3470,36632,4529,36632,766,66
1607,3470,36633,4529,36633,766,66
1607,3470,36634,4529,36634,766,66
1607,3470,36635,4529,36635,766,66
1607,3470,36636,4529,36636,766,66
1607,3470,36637,4529,36637,766,66
1607,3470,36638,4529,36638,766,66
1607,3470,36639,4529,36639,766,66
1607,3470,36640,4529,36640,766,66
1607,3470,36641,4529,36641,766,66
1607,3470,36642,4529,36642,766,66
1607,3470,36643,4529,36643,766,66
1607,3470,36644,4529,36644,766,66
1607,3470,36645,4529,36645,766,66
1607,3470,36646,4529,36646,766,66
1607,3470,36647,4529,36647,766,66
1607,3470,36648,4529,36648,766,66
1607,3470,36649,4529,36649,766,66
1607,3470,36650,4529,36650,766,66
1607,3470,36651,4529,36651,766,66
1607,3470,36652,4529,36652,766,66
1607,3470,36653,4529,36653,766,66
1607,3470,36654,4529,36654,766,66
1607,3470,36655,4529,36655,766,66
1606,3470,36656,4529,36656,766,66
1606,3470,36657,4529,36657,766,66
1606,3470,36658,4529,36658,766,66
1606,3470,36659,4529,36659,766,66
1606,3470,36660,4529,36660,766,66
1606,3470,36661,4529,36661,766,66
1606,3470,36662,4529,36662,766,66
1606,3470,36663,4529,36663,766,66
1606,3470,36664,4529,36664,766,66
1606,3470,36665,4529,36665,766,66
1606,3470,36666,4529,36666,766,66
1606,3470,36667,4529,36667,766,66
1606,3470,36668,4529,36668,766,66
1606,3470,36669,4529,36669,766,66
1606,3470,36670,4529,36670,766,66
1606,3470,36671,4529,36671,766,66
1606,3470,36672,4529,36672,766,66
1606,3470,36673,4529,36673,766,66
1606,3470,36674,4529,36674,766,66
1606,3470,36675,4529,36675,766,66
1606,3470,36676,4529,36676,766,66
1606,3470,36677,4529,36677,766,66
1606,3470,36678,4529,36678,766,66
1606,3470,36679,4529,36679,766,66
1606,3470,36680,4529,36680,766,66
1606,3470,36681,4529,36681,766,66
1606,3470,36682,4529,36682,766,66
1606,3470,36683,4529,36683,766,66
1606,3470,36684,4529,36684,766,66
1606,3470,36685,4529,36685,766,66
1606,3470,36686,4529,36686,766,66
1606,3470,36687,4529,36687,766,66
1606,3470,36688,4529,36688,766,66
1606,3470,36689,4529,36689,766,66
1606,3470,36690,4529,36690,766,66
1606,3470,36691,4529,36691,766,66
1606,3470,36692,4529,36692,766,66
1606,3470,36693,4529,36693,766,66
1606,3470,36694,4529,36694,766,66
1606,3470,36695,4529,36695,766,66
1606,3470,36696,4529,36696,766,66
1606,3470,36697,4529,36697,766,66
1606,3470,36698,4529,36698,766,66
1606,3470,36699,4529,36699,766,66
1606,3470,36700,4529,36700,766,66
1606,3470,36701,4529,36701,766,66
1606,3470,36702,4529,36702,766,66
1606,3470,36703,4529,36703,766,66
1606,3470,36704,4529,36704,766,66
1606,3470,36705,4529,36705,766,66
1606,3470,36706,4529,36706,766,66
1606,3470,36707,4529,36707,766,66
1606,3470,36708,4529,36708,766,66
1606,3470,36709,4529,36709,766,66
1606,3470,36710,4529,36710,766,66
1606,3470,36711,4529,36711,766,66
1606,3470,36712,4529,36712,766,66
1606,3470,36713,4529,36713,766,66
1606,3470,36714,4529,36714,766,66
1606,3470,36715,4529,36715,766,66
1606,3470,36716,4529,36716,766,66
1606,3470,36717,4529,36717,766,66
1606,3470,36718,4529,36718,766,66
1606,3470,36719,4529,36719,766,66
1606,3470,36720,4529,36720,766,66
1606,3470,36721,4529,36721,766,66
1606,3470,36722,4529,36722,766,66
1606,3470,36723,4529,36723,766,66
1606,3470,36724,4529,36724,766,66
1606,3470,36725,4529,36725,766,66
1606,3470,36726,4529,36726,766,66
1606,3470,36727,4529,36727,766,66
1606,3470,36728,4529,36728,766,66
1606,3470,36729,4529,36729,766,66
1606,3470,36730,4529,36730,766,66
1606,3470,36731,4529,36731,766,66
1606,3470,36732,4529,36732,766,66
1606,3470,36733,4529,36733,766,66
1606,3470,36734,4529,36734,766,66
1606,3470,36735,4529,36735,766,66
1606,3470,36736,4529,36736,766,66
1606,3470,36737,4529,36737,766,66
1606,3470,36738,4529,36738,766,66
1606,3470,36739,4529,36739,766,66
1606,3470,36740,4529,36740,766,66
1606,3470,36741,4529,36741,766,66
1606,3470,36742,4529,36742,766,66
1606,3470,36743,4529,36743,766,66
1606,3470,36744,4529,36744,766,66
1606,3470,36745,4529,36745,766,66
1606,3470,36746,4529,36746,766,66
1606,3470,36747,4529,36747,766,66
1606,3470,36748,4529,36748,766,66
1606,3470,36749,4529,36749,766,66
1606,3470,36750,4529,36750,766,66
1606,3470,36751,4529,36751,766,66
1606,3470,36752,4529,36752,766,66
1606,3470,36753,4529,36753,766,66
1606,3470,36754,4529,36754,766,66
1606,3470,36755,4529,36755,766,66
1606,3470,36756,4529,36756,766,66
1606,3470,36757,4529,36757,766,66
1606,3470,36758,4529,36758,766,66
1606,3470,36759,4529,36759,766,66
1606,3470,36760,4529,36760,766,66
1606,3470,36761,4529,36761,766,66
1606,3470,36762,4529,36762,766,66
1606,3470,36763,4529,36763,766,66
1606,3470,36764,4529,36764,766,66
1606,3470,36765,4529,36765,766,66
1606,3470,36766,4529,36766,766,66
1606,3470,36767,4529,36767,766,66
1606,3470,36768,4529,36768,766,66
1606,3470,36769,4529,36769,766,66
1606,3470,36770,4529,36770,766,66
1606,3470,36771,4529,36771,766,66
1606,3470,36772,4529,36772,766,66
1606,3470,36773,4529,36773,766,66
1606,3470,36774,4529,36774,766,66
1606,3470,36775,4529,36775,766,66
1606,3470,36776,4529,36776,766,66
1606,3470,36777,4529,36777,766,66
1606,3470,36778,4529,36778,766,66
1606,3470,36779,4529,36779,766,66
1606,3470,36780,4529,36780,766,66
1606,3470,36781,4529,36781,766,66
1606,3470,36782,4529,36782,766,66
1606,3470,36783,4529,36783,766,66
1606,3470,36784,4529,36784,766,66
1606,3470,36785,4529,36785,766,66
1606,3470,36786,4529,36786,766,66
1606,3470,36787,4529,36787,766,66
1606,3470,36788,4529,36788,766,66
1606,3470,36789,4529,36789,766,66
1606,3470,36790,4529,36790,766,66
1606,3470,36791,4529,36791,766,66
1606,3470,36792,4529,36792,766,66
1606,3470,36793,4529,36793,766,66
1606,3470,36794,4529,36794,766,66
1606,3470,36795,4529,36795,766,66
1606,3470,36796,4529,36796,766,66
1606,3470,36797,4529,36797,766,66
1606,3470,36798,4529,36798,766,66
1606,3470,36799,4529,36799,766,66
1606,3470,36800,4529,36800,766,66
1606,3470,36801,4529,36801,766,66
1606,3470,36802,4529,36802,766,66
1606,3470,36803,4529,36803,766,66
1606,3470,36804,4529,36804,766,66
1606,3470,36805,4529,36805,766,66
1606,3470,36806,4529,36806,766,66
1606,3470,36807,4529,36807,766,66
1606,3470,36808,4529,36808,766,66
1606,3470,36809,4529,36809,766,66
1606,3470,36810,4529,36810,766,66
1606,3470,36811,4529,36811,766,66
1606,3470,36812,4529,36812,766,66
1606,3470,36813,4529,36813,766,66
1606,3470,36814,4529,36814,766,66
1606,3470,36815,4529,36815,766,66
1606,3470,36816,4529,36816,766,66
1606,3470,36817,4529,36817,766,66
1606,3470,36818,4529,36818,766,66
1606,3470,36819,4529,36819,766,66
1606,3470,36820,4529,36820,766,66
1606,3470,36821,4529,36821,766,66
1606,3470,36822,4529,36822,766,66
1606,3470,36823,4529,36823,766,66
1606,3470,36824,4529,36824,766,66
1606,3470,36825,4529,36825,766,66
1606,3470,36826,4529,36826,766,66
1606,3470,36827,4529,36827,766,66
1606,3470,36828,4529,36828,766,66
1607,3470,36829,4529,36829,766,66
1607,3470,36830,4529,36830,766,66
1607,3470,36831,4529,36831,766,66
1607,3470,36832,4529,36832,766,66
1607,3470,36833,4529,36833,766,66
1607,3470,36834,4529,36834,766,66
1607,3470,36835,4529,36835,766,66
1607,3470,36836,4529,36836,766,66
1607,3470,36837,4529,36837,766,66
1607,3470,36838,4529,36838,766,66
1607,3470,36839,4529,36839,766,66
1607,3470,36840,4529,36840,766,66
1607,3470,36841,4529,36841,766,66
1607,3470,36842,4529,36842,766,66
1607,3470,36843,4529,36843,766,66
1607,3470,36844,4529,36844,766,66
1607,3470,36845,4529,36845,766,66
1607,3470,36846,4529,36846,766,66
1607,3470,36847,4529,36847,766,66
1607,3470,36848,4529,36848,766,66
1607,3470,36849,4529,36849,766,66
1607,3470,36850,4529,36850,766,66
1607,3470,36851,4529,36851,766,66
1607,3470,36852,4529,36852,766,66
1607,3470,36853,4529,36853,766,66
1607,3470,36854,4529,36854,766,66
1607,3470,36855,4529,36855,766,66
1607,3470,36856,4529,36856,766,66
1607,3470,36857,4529,36857,766,66
1607,3470,36858,4529,36858,766,66
1607,3470,36859,4529,36859,766,66
1607,3470,36860,4529,36860,766,66
1607,3470,36861,4529,36861,766,66
1607,3470,36862,4529,36862,766,66
1607,3470,36863,4529,36863,766,66
1607,3470,36864,4529,36864,766,66
1607,3470,36865,4529,36865,766,66
1607,3470,36866,4529,36866,766,66
1607,3470,36867,4529,36867,766,66
1607,3470,36868,4529,36868,766,66
1607,3470,36869,4529,36869,766,66
1607,3470,36870,4529,36870,766,66
1607,3470,36871,4529,36871,766,66
1607,3470,36872,4529,36872,766,66
1607,3470,36873,4529,36873,766,66
1607,3470,36874,4529,36874,766,66
1607,3470,36875,4529,36875,766,66
1607,3470,36876,4529,36876,766,66
1607,3470,36877,4529,36877,766,66
1607,3470,36878,4529,36878,766,66
1607,3470,36879,4529,36879,766,66
1607,3470,36880,4529,36880,766,66
1607,3470,36881,4529,36881,766,66
1607,3470,36882,4529,36882,766,66
1607,3470,36883,4529,36883,766,66
1607,3470,36884,4529,36884,766,66
1607,3470,36885,4529,36885,766,66
1607,3470,36886,4529,36886,766,66
1607,3470,36887,4529,36887,766,66
1607,3470,36888,4529,36888,766,66
1607,3470,36889,4529,36889,766,66
1607,3470,36890,4529,36890,766,66
1607,3470,36891,4529,36891,766,66
1607,3470,36892,4529,36892,766,66
1607,3470,36893,4529,36893,766,66
1607,3470,36894,4529,36894,766,66
1607,3470,36895,4529,36895,766,66
1607,3470,36896,4529,36896,766,66
1607,3470,36897,4529,36897,766,66
1607,3470,36898,4529,36898,766,66
1607,3470,36899,4529,36899,766,66
1607,3470,36900,4529,36900,766,66
1607,3470,36901,4529,36901,766,66
1607,3470,36902,4529,36902,766,66
1607,3470,36903,4529,36903,766,66
1607,3470,36904,4529,36904,766,66
1607,3470,36905,4529,36905,766,66
1607,3470,36906,4529,36906,766,66
1607,3470,36907,4529,36907,766,66
1607,3470,36908,4529,36908,766,66
1607,3470,36909,4529,36909,766,66
1607,3470,36910,4529,36910,766,66
1607,3470,36911,4529,36911,766,66
1607,3470,36912,4529,36912,766,66
1607,3470,36913,4529,36913,766,66
1607,3470,36914,4529,36914,766,66
1607,3470,36915,4529,36915,766,66
1607,3470,36916,4529,36916,766,66
1607,3470,36917,4529,36917,766,66
1607,3470,36918,4529,36918,766,66
1607,3470,36919,4529,36919,766,66
1607,3470,36920,4529,36920,766,66
1607,3470,36921,4529,36921,766,66
1607,3470,36922,4529,36922,766,66
1607,3470,36923,4529,36923,766,66
1607,3470,36924,4529,36924,766,66
1607,3470,36925,4529,36925,766,66
1607,3470,36926,4529,36926,766,66
1607,3470,36927,4529,36927,766,66
1607,3470,36928,4529,36928,766,66
1607,3470,36929,4529,36929,766,66
1607,3470,36930,4529,36930,766,66
1607,3470,36931,4529,36931,766,66
1607,3470,36932,4529,36932,766,66
1607,3470,36933,4529,36933,766,66
1607,3470,36934,4529,36934,766,66
1607,3470,36935,4529,36935,766,66
1607,3470,36936,4529,36936,766,66
1607,3470,36937,4529,36937,766,66
1607,3470,36938,4529,36938,766,66
1607,3470,36939,4529,36939,766,66
1607,3470,36940,4529,36940,766,66
1607,3470,36941,4529,36941,766,66
1607,3470,36942,4529,36942,766,66
1607,3470,36943,4529,36943,766,66
1607,3470,36944,4529,36944,766,66
1607,3470,36945,4529,36945,766,66
1607,3470,36946,4529,36946,766,66
1607,3470,36947,4529,36947,766,66
1607,3470,36948,4529,36948,766,66
1607,3470,36949,4529,36949,766,66
1607,3470,36950,4529,36950,766,66
1607,3470,36951,4529,36951,766,66
1607,3470,36952,4529,36952,766,66
1607,3470,36953,4529,36953,766,66
1607,3470,36954,4529,36954,766,66
1607,3470,36955,4529,36955,766,66
1607,3470,36956,4529,36956,766,66
1607,3470,36957,4529,36957,766,66
1607,3470,36958,4529,36958,766,66
1607,3470,36959,4529,36959,766,66
1607,3470,36960,4529,36960,766,66
1607,3470,36961,4529,36961,766,66
1607,3470,36962,4529,36962,766,66
1607,3470,36963,4529,36963,766,66
1607,3470,36964,4529,36964,766,66
1607,3470,36965,4529,36965,766,66
1607,3470,36966,4529,36966,766,66
1607,3470,36967,4529,36967,766,66
1607,3470,36968,4529,36968,766,66
1607,3470,36969,4529,36969,766,66
1607,3470,36970,4529,36970,766,66
1607,3470,36971,4529,36971,766,66
1607,3470,36972,4529,36972,766,66
1607,3470,36973,4529,36973,766,66
1607,3470,36974,4529,36974,766,66
1607,3470,36975,4529,36975,766,66
1607,3470,36976,4529,36976,766,66
1607,3470,36977,4529,36977,766,66
1607,3470,36978,4529,36978,766,66
1607,3470,36979,4529,36979,766,66
1607,3470,36980,4529,36980,766,66
1607,3470,36981,4529,36981,766,66
1607,3470,36982,4529,36982,766,66
1607,3470,36983,4529,36983,766,66
1607,3470,36984,4529,36984,766,66
1607,3470,36985,4529,36985,766,66
1607,3470,36986,4529,36986,766,66
1607,3470,36987,4529,36987,766,66
1607,3470,36988,4529,36988,766,66
1607,3470,36989,4529,36989,766,66
1607,3470,36990,4529,36990,766,66
1607,3470,36991,4529,36991,766,66
1607,3470,36992,4529,36992,766,66
1607,3470,36993,4529,36993,766,66
1607,3470,36994,4529,36994,766,66
1607,3470,36995,4529,36995,766,66
1607,3470,36996,4529,36996,766,66
1607,3470,36997,4529,36997,766,66
1607,3470,36998,4529,36998,766,66
1607,3470,36999,4529,36999,766,66
1607,3470,37000,4529,37000,766,66
1607,3470,37001,4529,37001,766,66
1607,3470,37002,4529,37002,766,66
1607,3470,37003,4529,37003,766,66
1607,3470,37004,4529,37004,766,66
1606,3470,37005,4529,37005,766,66
1606,3470,37006,4529,37006,766,66
1606,3470,37007,4529,37007,766,66
1606,3470,37008,4529,37008,766,66
1606,3470,37009,4529,37009,766,66
1606,3470,37010,4529,37010,766,66
1606,3470,37011,4529,37011,766,66
1606,3470,37012,4529,37012,766,66
1606,3470,37013,4529,37013,766,66
1606,3470,37014,4529,37014,766,66
1606,3470,37015,4529,37015,766,66
1606,3470,37016,4529,37016,766,66
1606,3470,37017,4529,37017,766,66
1606,3470,37018,4529,37018,766,66
1606,3470,37019,4529,37019,766,66
1606,3470,37020,4529,37020,766,66
1606,3470,37021,4529,37021,766,66
1606,3470,37022,4529,37022,766,66
1606,3470,37023,4529,37023,766,66
1606,3470,37024,4529,37024,766,66
1606,3470,37025,4529,37025,766,66
1606,3470,37026,4529,37026,766,66
1606,3470,37027,4529,37027,766,66
1606,3470,37028,4529,37028,766,66
1606,3470,37029,4529,37029,766,66
1606,3470,37030,4529,37030,766,66
1606,3470,37031,4529,37031,766,66
1606,3470,37032,4529,37032,766,66
1606,3470,37033,4529,37033,766,66
1606,3470,37034,4529,37034,766,66
1606,3470,37035,4529,37035,766,66
1606,3470,37036,4529,37036,766,66
1606,3470,37037,4529,37037,766,66
1606,3470,37038,4529,37038,766,66
1606,3470,37039,4529,37039,766,66
1606,3470,37040,4529,37040,766,66
1606,3470,37041,4529,37041,766,66
1606,3470,37042,4529,37042,766,66
1606,3470,37043,4529,37043,766,66
1606,3470,37044,4529,37044,766,66
1606,3470,37045,4529,37045,766,66
1606,3470,37046,4529,37046,766,66
1606,3470,37047,4529,37047,766,66
1606,3470,37048,4529,37048,766,66
1606,3470,37049,4529,37049,766,66
1606,3470,37050,4529,37050,766,66
1606,3470,37051,4529,37051,766,66
1606,3470,37052,4529,37052,766,66
1606,3470,37053,4529,37053,766,66
1606,3470,37054,4529,37054,766,66
1606,3470,37055,4529,37055,766,66
1606,3470,37056,4529,37056,766,66
1606,3470,37057,4529,37057,766,66
1606,3470,37058,4529,37058,766,66
1606,3470,37059,4529,37059,766,66
1606,3470,37060,4529,37060,766,66
1606,3470,37061,4529,37061,766,66
1606,3470,37062,4529,37062,766,66
1606,3470,37063,4529,37063,766,66
1606,3470,37064,4529,37064,766,66
1606,3470,37065,4529,37065,766,66
1606,3470,37066,4529,37066,766,66
1606,3470,37067,4529,37067,766,66
1606,3470,37068,4529,37068,766,66
1606,3470,37069,4529,37069,766,66
1606,3470,37070,4529,37070,766,66
1606,3470,37071,4529,37071,766,66
1606,3470,37072,4529,37072,766,66
1606,3470,37073,4529,37073,766,66
1606,3470,37074,4529,37074,766,66
1606,3470,37075,4529,37075,766,66
1606,3470,37076,4529,37076,766,66
1606,3470,37077,4529,37077,766,66
1606,3470,37078,4529,37078,766,66
1606,3470,37079,4529,37079,766,66
1606,3470,37080,4529,37080,766,66
1606,3470,37081,4529,37081,766,66
1606,3470,37082,4529,37082,766,66
1606,3470,37083,4529,37083,766,66
1606,3470,37084,4529,37084,766,66
1606,3470,37085,4529,37085,766,66
1606,3470,37086,4529,37086,766,66
1606,3470,37087,4529,37087,766,66
1606,3470,37088,4529,37088,766,66
1606,3470,37089,4529,37089,766,66
1606,3470,37090,4529,37090,766,66
1606,3470,37091,4529,37091,766,66
1606,3470,37092,4529,37092,766,66
1606,3470,37093,4529,37093,766,66
1606,3470,37094,4529,37094,766,66
1606,3470,37095,4529,37095,766,66
1606,3470,37096,4529,37096,766,66
1606,3470,37097,4529,37097,766,66
1606,3470,37098,4529,37098,766,66
1606,3470,37099,4529,37099,766,66
1606,3470,37100,4529,37100,766,66
1606,3470,37101,4529,37101,766,66
1606,3470,37102,4529,37102,766,66
1606,3470,37103,4529,37103,766,66
1607,3470,37104,4529,37104,766,66
1607,3470,37105,4529,37105,766,66
1607,3470,37106,4529,37106,766,66
1607,3470,37107,4529,37107,766,66
1607,3470,37108,4529,37108,766,66
1607,3470,37109,4529,37109,766,66
1607,3470,37110,4529,37110,766,66
1607,3470,37111,4529,37111,766,66
1607,3470,37112,4529,37112,766,66
1607,3470,37113,4529,37113,766,66
1607,3470,37114,4529,37114,766,66
1607,3470,37115,4529,37115,766,66
1607,3470,37116,4529,37116,766,66
1607,3470,37117,4529,37117,766,66
1607,3470,37118,4529,37118,766,66
1607,3470,37119,4529,37119,766,66
1607,3470,37120,4529,37120,766,66
1607,3470,37121,4529,37121,766,66
1607,3470,37122,4529,37122,766,66
1606,3470,37123,4529,37123,766,65
1606,3470,37124,4529,37124,766,65
1606,3470,37125,4529,37125,766,65
1606,3470,37126,4529,37126,766,65
1606,3470,37127,4529,37127,766,65
1606,3470,37128,4529,37128,766,65
1606,3470,37129,4529,37129,766,65
1606,3470,37130,4529,37130,766,65
1606,3470,37131,4529,37131,766,65
1606,3470,37132,4529,37132,766,65
1606,3470,37133,4529,37133,766,65
1606,3470,37134,4529,37134,766,65
1606,3470,37135,4529,37135,766,65
1606,3470,37136,4529,37136,766,65
1606,3470,37137,4529,37137,766,65
1606,3470,37138,4529,37138,766,65
1606,3470,37139,4529,37139,766,65
1606,3470,37140,4529,37140,766,65
1606,3470,37141,4529,37141,766,65
1606,3470,37142,4529,37142,766,65
1606,3470,37143,4529,37143,766,65
1606,3470,37144,4529,37144,766,65
1606,3470,37145,4529,37145,766,65
1606,3470,37146,4529,37146,766,65
1606,3470,37147,4529,37147,766,65
1606,3470,37148,4529,37148,766,65
1606,3470,37149,4529,37149,766,65
1606,3470,37150,4529,37150,766,65
1606,3470,37151,4529,37151,766,65
1606,3470,37152,4529,37152,766,65
1606,3470,37153,4529,37153,766,65
1606,3470,37154,4529,37154,766,65
1606,3470,37155,4529,37155,766,65
1606,3470,37156,4529,37156,766,65
1606,3470,37157,4529,37157,766,65
1606,3470,37158,4529,37158,766,65
1606,3470,37159,4529,37159,766,65
1606,3470,37160,4529,37160,766,65
1606,3470,37161,4529,37161,766,65
1606,3470,37162,4529,37162,766,65
1606,3470,37163,4529,37163,766,65
1606,3470,37164,4529,37164,766,65
1606,3470,37165,4529,37165,766,65
1606,3470,37166,4529,37166,766,65
1606,3470,37167,4529,37167,766,65
1606,3470,37168,4529,37168,766,65
1606,3470,37169,4529,37169,766,65
1606,3470,37170,4529,37170,766,65
1606,3470,37171,4529,37171,766,65
1606,3470,37172,4529,37172,766,65
1606,3470,37173,4529,37173,766,65
1606,3470,37174,4529,37174,766,65
1606,3470,37175,4529,37175,766,65
1606,3470,37176,4529,37176,766,65
1606,3470,37177,4529,37177,766,65
1606,3470,37178,4529,37178,766,65
1606,3470,37179,4529,37179,766,65
1606,3470,37180,4529,37180,766,65
1606,3470,37181,4529,37181,766,65
1606,3470,37182,4529,37182,766,65
1606,3470,37183,4529,37183,766,65
1606,3470,37184,4529,37184,766,65
1606,3470,37185,4529,37185,766,65
1606,3470,37186,4529,37186,766,65
1606,3470,37187,4529,37187,766,65
1606,3470,37188,4529,37188,766,65
1606,3470,37189,4529,37189,766,65
1606,3470,37190,4529,37190,766,65
1606,3470,37191,4529,37191,766,65
1606,3470,37192,4529,37192,766,65
1606,3470,37193,4529,37193,766,65
1606,3470,37194,4529,37194,766,65
1606,3470,37195,4529,37195,766,65
1606,3470,37196,4529,37196,766,65
1606,3470,37197,4529,37197,766,65
1606,3470,37198,4529,37198,766,65
1606,3470,37199,4529,37199,766,65
1606,3470,37200,4529,37200,766,65
1606,3470,37201,4529,37201,766,65
1606,3470,37202,4529,37202,766,65
1606,3470,37203,4529,37203,766,65
1606,3470,37204,4529,37204,766,65
1606,3470,37205,4529,37205,766,65
1606,3470,37206,4529,37206,766,65
1606,3470,37207,4529,37207,766,65
1606,3470,37208,4529,37208,766,65
1606,3470,37209,4529,37209,766,65
1606,3470,37210,4529,37210,766,65
1606,3470,37211,4529,37211,766,65
1606,3470,37212,4529,37212,766,65
1606,3470,37213,4529,37213,766,65
1606,3470,37214,4529,37214,766,65
1606,3470,37215,4529,37215,766,65
1606,3470,37216,4529,37216,766,65
1606,3470,37217,4529,37217,766,65
1606,3470,37218,4529,37218,766,65
1606,3470,37219,4529,37219,766,65
1606,3470,37220,4529,37220,766,65
1606,3470,37221,4529,37221,766,65
1606,3470,37222,4529,37222,766,65
1606,3470,37223,4529,37223,766,65
1606,3470,37224,4529,37224,766,65
1606,3470,37225,4529,37225,766,65
1606,3470,37226,4529,37226,766,65
1606,3470,37227,4529,37227,766,65
1606,3470,37228,4529,37228,766,65
1606,3470,37229,4529,37229,766,65
1606,3470,37230,4529,37230,766,65
1606,3470,37231,4529,37231,766,65
1606,3470,37232,4529,37232,766,65
1606,3470,37233,4529,37233,766,65
1606,3470,37234,4529,37234,766,65
1606,3470,37235,4529,37235,766,65
1606,3470,37236,4529,37236,766,65
1606,3470,37237,4529,37237,766,65
1606,3470,37238,4529,37238,766,65
1606,3470,37239,4529,37239,766,65
1606,3470,37240,4529,37240,766,65
1606,3470,37241,4529,37241,766,65
1606,3470,37242,4529,37242,766,65
1606,3470,37243,4529,37243,766,65
1606,3470,37244,4529,37244,766,65
1606,3470,37245,4529,37245,766,65
1606,3470,37246,4529,37246,766,65
1606,3470,37247,4529,37247,766,65
1607,3470,37248,4529,37248,766,65
1607,3470,37249,4529,37249,766,65
1607,3470,37250,4529,37250,766,65
1607,3470,37251,4529,37251,766,65
1607,3470,37252,4529,37252,766,65
1607,3470,37253,4529,37253,766,65
1607,3470,37254,4529,37254,766,65
1607,3470,37255,4529,37255,766,65
1607,3470,37256,4529,37256,766,65
1607,3470,37257,4529,37257,766,65
1607,3470,37258,4529,37258,766,65
1607,3470,37259,4529,37259,766,65
1607,3470,37260,4529,37260,766,65
1607,3470,37261,4529,37261,766,65
1607,3470,37262,4529,37262,766,65
1607,3470,37263,4529,37263,766,65
1607,3470,37264,4529,37264,766,65
1607,3470,37265,4529,37265,766,65
1607,3470,37266,4529,37266,766,65
1607,3470,37267,4529,37267,766,65
1607,3470,37268,4529,37268,766,65
1607,3470,37269,4529,37269,766,65
1607,3470,37270,4529,37270,766,65
1607,3470,37271,4529,37271,766,65
1607,3470,37272,4529,37272,766,65
1607,3470,37273,4529,37273,766,65
1607,3470,37274,4529,37274,766,65
1607,3470,37275,4529,37275,766,65
1607,3470,37276,4529,37276,766,65
1607,3470,37277,4529,37277,766,65
1607,3470,37278,4529,37278,766,65
1607,3470,37279,4529,37279,766,65
1607,3470,37280,4529,37280,766,65
1607,3470,37281,4529,37281,766,65
1607,3470,37282,4529,37282,766,65
1607,3470,37283,4529,37283,766,65
1607,3470,37284,4529,37284,766,65
1607,3470,37285,4529,37285,766,65
1607,3470,37286,4529,37286,766,65
1607,3470,37287,4529,37287,766,65
1607,3470,37288,4529,37288,766,65
1607,3470,37289,4529,37289,766,65
1607,3470,37290,4529,37290,766,65
1607,3470,37291,4529,37291,766,65
1607,3470,37292,4529,37292,766,65
1607,3470,37293,4529,37293,766,65
1607,3470,37294,4529,37294,766,65
1607,3470,37295,4529,37295,766,65
1607,3470,37296,4529,37296,766,65
1607,3470,37297,4529,37297,766,65
1607,3470,37298,4529,37298,766,65
1607,3470,37299,4529,37299,766,65
1607,3470,37300,4529,37300,766,65
1607,3470,37301,4529,37301,766,65
1607,3470,37302,4529,37302,766,65
1607,3470,37303,4529,37303,766,65
1607,3470,37304,4529,37304,766,65
1607,3470,37305,4529,37305,766,65
1607,3470,37306,4529,37306,766,65
1607,3470,37307,4529,37307,766,65
1607,3470,37308,4529,37308,766,65
1607,3470,37309,4529,37309,766,65
1607,3470,37310,4529,37310,766,65
1607,3470,37311,4529,37311,766,65
1607,3470,37312,4529,37312,766,65
1607,3470,37313,4529,37313,766,65
1607,3470,37314,4529,37314,766,65
1607,3470,37315,4529,37315,766,65
1607,3470,37316,4529,37316,766,65
1607,3470,37317,4529,37317,766,65
1607,3470,37318,4529,37318,766,65
1607,3470,37319,4529,37319,766,65
1607,3470,37320,4529,37320,766,65
1607,3470,37321,4529,37321,766,65
1607,3470,37322,4529,37322,766,65
1607,3470,37323,4529,37323,766,65
1607,3470,37324,4529,37324,766,65
1607,3470,37325,4529,37325,766,65
1607,3470,37326,4529,37326,766,65
1607,3470,37327,4529,37327,766,65
1607,3470,37328,4529,37328,766,65
1607,3470,37329,4529,37329,766,65
1607,3470,37330,4529,37330,766,65
1607,3470,37331,4529,37331,766,65
1607,3470,37332,4529,37332,766,65
1607,3470,37333,4529,37333,766,65
1607,3470,37334,4529,37334,766,65
1607,3470,37335,4529,37335,766,65
1607,3470,37336,4529,37336,766,65
1607,3470,37337,4529,37337,766,65
1607,3470,37338,4529,37338,766,65
1607,3470,37339,4529,37339,766,65
1607,3470,37340,4529,37340,766,65
1607,3470,37341,4529,37341,766,65
1607,3470,37342,4529,37342,766,65
1607,3470,37343,4529,37343,766,65
1607,3470,37344,4529,37344,766,65
1607,3470,37345,4529,37345,766,65
1607,3470,37346,4529,37346,766,65
1607,3470,37347,4529,37347,766,65
1607,3470,37348,4529,37348,766,65
1607,3470,37349,4529,37349,766,65
1607,3470,37350,4529,37350,766,65
1607,3470,37351,4529,37351,766,65
1607,3470,37352,4529,37352,766,65
1607,3470,37353,4529,37353,766,65
1607,3470,37354,4529,37354,766,65
1607,3470,37355,4529,37355,766,65
1607,3470,37356,4529,37356,766,65
1607,3470,37357,4529,37357,766,65
1607,3470,37358,4529,37358,766,65
1606,3470,37359,4529,37359,766,65
1606,3470,37360,4529,37360,766,65
1606,3470,37361,4529,37361,766,65
1606,3470,37362,4529,37362,766,65
1606,3470,37363,4529,37363,766,65
1606,3470,37364,4529,37364,766,65
1606,3470,37365,4529,37365,766,65
1606,3470,37366,4529,37366,766,65
1606,3470,37367,4529,37367,766,65
1606,3470,37368,4529,37368,766,65
1605,3470,37369,4529,37369,766,65
1605,3470,37370,4529,37370,766,65
1605,3470,37371,4529,37371,766,65
1605,3470,37372,4529,37372,766,65
1605,3470,37373,4529,37373,766,65
1605,3470,37374,4529,37374,766,65
1605,3470,37375,4529,37375,766,65
1605,3470,37376,4529,37376,766,65
1605,3470,37377,4529,37377,766,65
1605,3470,37378,4529,37378,766,65
1605,3470,37379,4529,37379,766,65
1605,3470,37380,4529,37380,766,65
1605,3470,37381,4529,37381,766,65
1605,3470,37382,4529,37382,766,65
1605,3470,37383,4529,37383,766,65
1605,3470,37384,4529,37384,766,65
1605,3470,37385,4529,37385,766,65
1605,3470,37386,4529,37386,766,65
1605,3470,37387,4529,37387,766,65
1605,3470,37388,4529,37388,766,65
1605,3470,37389,4529,37389,766,65
1605,3470,37390,4529,37390,766,65
1605,3470,37391,4529,37391,766,65
1605,3470,37392,4529,37392,766,65
1605,3470,37393,4529,37393,766,65
1605,3470,37394,4529,37394,766,65
1605,3470,37395,4529,37395,766,65
1605,3470,37396,4529,37396,766,65
1605,3470,37397,4529,37397,766,65
1605,3470,37398,4529,37398,766,65
1605,3470,37399,4529,37399,766,65
1605,3470,37400,4529,37400,766,65
1605,3470,37401,4529,37401,766,65
1605,3470,37402,4529,37402,766,65
1605,3470,37403,4529,37403,766,65
1605,3470,37404,4529,37404,766,65
1605,3470,37405,4529,37405,766,65
1605,3470,37406,4529,37406,766,65
1605,3470,37407,4529,37407,766,65
1605,3470,37408,4529,37408,766,65
1605,3470,37409,4529,37409,766,65
1605,3470,37410,4529,37410,766,65
1605,3470,37411,4529,37411,766,65
1605,3470,37412,4529,37412,766,65
1605,3470,37413,4529,37413,766,65
1605,3470,37414,4529,37414,766,65
1605,3470,37415,4529,37415,766,65
1605,3470,37416,4529,37416,766,65
1605,3470,37417,4529,37417,766,65
1605,3470,37418,4529,37418,766,65
1605,3470,37419,4529,37419,766,65
1605,3470,37420,4529,37420,766,65
1605,3470,37421,4529,37421,766,65
1605,3470,37422,4529,37422,766,65
1605,3470,37423,4529,37423,766,65
1605,3470,37424,4529,37424,766,65
1605,3470,37425,4529,37425,766,65
1605,3470,37426,4529,37426,766,65
1605,3470,37427,4529,37427,766,65
1605,3470,37428,4529,37428,766,65
1605,3470,37429,4529,37429,766,65
1605,3470,37430,4529,37430,766,65
1605,3470,37431,4529,37431,766,65
1605,3470,37432,4529,37432,766,65
1605,3470,37433,4529,37433,766,65
1605,3470,37434,4529,37434,766,65
1605,3470,37435,4529,37435,766,65
1605,3470,37436,4529,37436,766,65
1605,3470,37437,4529,37437,766,65
1605,3470,37438,4529,37438,766,65
1605,3470,37439,4529,37439,766,65
1605,3470,37440,4529,37440,766,65
1605,3470,37441,4529,37441,766,65
1605,3470,37442,4529,37442,766,65
1605,3470,37443,4529,37443,766,65
1605,3470,37444,4529,37444,766,65
1605,3470,37445,4529,37445,766,65
1605,3470,37446,4529,37446,766,65
1605,3470,37447,4529,37447,766,65
1605,3470,37448,4529,37448,766,65
1605,3470,37449,4529,37449,766,65
1605,3470,37450,4529,37450,766,65
1605,3470,37451,4529,37451,766,65
1605,3470,37452,4529,37452,766,65
1605,3470,37453,4529,37453,766,65
1605,3470,37454,4529,37454,766,65
1605,3470,37455,4529,37455,766,65
1605,3470,37456,4529,37456,766,65
1605,3470,37457,4529,37457,766,65
1605,3470,37458,4529,37458,766,65
1605,3470,37459,4529,37459,766,65
1605,3470,37460,4529,37460,766,65
1605,3470,37461,4529,37461,766,65
1605,3470,37462,4529,37462,766,65
1605,3470,37463,4529,37463,766,65
1605,3470,37464,4529,37464,766,65
1605,3470,37465,4529,37465,766,65
1605,3470,37466,4529,37466,766,65
1605,3470,37467,4529,37467,766,65
1605,3470,37468,4529,37468,766,65
1605,3470,37469,4529,37469,766,65
1605,3470,37470,4529,37470,766,65
1605,3470,37471,4529,37471,766,65
1605,3470,37472,4529,37472,766,65
1605,3470,37473,4529,37473,766,65
1605,3470,37474,4529,37474,766,65
1605,3470,37475,4529,37475,766,65
1605,3470,37476,4529,37476,766,65
1605,3470,37477,4529,37477,766,65
1605,3470,37478,4529,37478,766,65
1605,3470,37479,4529,37479,766,65
1605,3470,37480,4529,37480,766,65
1605,3470,37481,4529,37481,766,65
1605,3470,37482,4529,37482,766,65
1605,3470,37483,4529,37483,766,65
1605,3470,37484,4529,37484,766,65
1605,3470,37485,4529,37485,766,65
1605,3470,37486,4529,37486,766,65
1605,3470,37487,4529,37487,766,65
1605,3470,37488,4529,37488,766,65
1605,3470,37489,4529,37489,766,65
1605,3470,37490,4529,37490,766,65
1605,3470,37491,4529,37491,766,65
1605,3470,37492,4529,37492,766,65
1605,3470,37493,4529,37493,766,65
1605,3470,37494,4529,37494,766,65
1605,3470,37495,4529,37495,766,65
1605,3470,37496,4529,37496,766,65
1605,3470,37497,4529,37497,766,65
1605,3470,37498,4529,37498,766,65
1605,3470,37499,4529,37499,766,65
1605,3470,37500,4529,37500,766,65
1605,3470,37501,4529,37501,766,65
1605,3470,37502,4529,37502,766,65
1605,3470,37503,4529,37503,766,65
1605,3470,37504,4529,37504,766,65
1605,3470,37505,4529,37505,766,65
1605,3470,37506,4529,37506,766,65
1605,3470,37507,4529,37507,766,65
1605,3470,37508,4529,37508,766,65
1605,3470,37509,4529,37509,766,65
1605,3470,37510,4529,37510,766,65
1605,3470,37511,4529,37511,766,65
1605,3470,37512,4529,37512,766,65
1605,3470,37513,4529,37513,766,65
1605,3470,37514,4529,37514,766,65
1605,3470,37515,4529,37515,766,65
1605,3470,37516,4529,37516,766,65
1605,3470,37517,4529,37517,766,65
1605,3470,37518,4529,37518,766,65
1605,3470,37519,4529,37519,766,65
1605,3470,37520,4529,37520,766,65
1605,3470,37521,4529,37521,766,65
1605,3470,37522,4529,37522,766,65
1605,3470,37523,4529,37523,766,65
1605,3470,37524,4529,37524,766,65
1605,3470,37525,4529,37525,766,65
1605,3470,37526,4529,37526,766,65
1605,3470,37527,4529,37527,766,65
1605,3470,37528,4529,37528,766,65
1605,3470,37529,4529,37529,766,65
1605,3470,37530,4529,37530,766,65
1605,3470,37531,4529,37531,766,65
1605,3470,37532,4529,37532,766,65
1605,3470,37533,4529,37533,766,65
1605,3470,37534,4529,37534,766,65
1605,3470,37535,4529,37535,766,65
1605,3470,37536,4529,37536,766,65
1605,3470,37537,4529,37537,766,65
1605,3470,37538,4529,37538,766,65
1605,3470,37539,4529,37539,766,65
1605,3470,37540,4529,37540,766,65
1605,3470,37541,4529,37541,766,65
1605,3470,37542,4529,37542,766,65
1605,3470,37543,4529,37543,766,65
1605,3470,37544,4529,37544,766,65
1605,3470,37545,4529,37545,766,65
1605,3470,37546,4529,37546,766,65
1605,3470,37547,4529,37547,766,65
1605,3470,37548,4529,37548,766,65
1605,3470,37549,4529,37549,766,65
1605,3470,37550,4529,37550,766,65
1605,3470,37551,4529,37551,766,65
1605,3470,37552,4529,37552,766,65
1605,3470,37553,4529,37553,766,65
1605,3470,37554,4529,37554,766,65
1605,3470,37555,4529,37555,766,65
1605,3470,37556,4529,37556,766,65
1605,3470,37557,4529,37557,766,65
1605,3470,37558,4529,37558,766,65
1605,3470,37559,4529,37559,766,65
1605,3470,37560,4529,37560,766,65
1605,3470,37561,4529,37561,766,65
1605,3470,37562,4529,37562,766,65
1605,3470,37563,4529,37563,766,65
1605,3470,37564,4529,37564,766,65
1605,3470,37565,4529,37565,766,65
1605,3470,37566,4529,37566,766,65
1605,3470,37567,4529,37567,766,65
1605,3470,37568,4529,37568,766,65
1605,3470,37569,4529,37569,766,65
1605,3470,37570,4529,37570,766,65
1605,3470,37571,4529,37571,766,65
1605,3470,37572,4529,37572,766,65
1605,3470,37573,4529,37573,766,65
1605,3470,37574,4529,37574,766,65
1605,3470,37575,4529,37575,766,65
1605,3470,37576,4529,37576,766,65
1605,3470,37577,4529,37577,766,65
1605,3470,37578,4529,37578,766,65
1605,3470,37579,4529,37579,766,65
1605,3470,37580,4529,37580,766,65
1605,3470,37581,4529,37581,766,65
1605,3470,37582,4529,37582,766,65
1605,3470,37583,4529,37583,766,65
1605,3470,37584,4529,37584,766,65
1605,3470,37585,4529,37585,766,65
1605,3470,37586,4529,37586,766,65
1605,3470,37587,4529,37587,766,65
1605,3470,37588,4529,37588,766,65
1605,3470,37589,4529,37589,766,65
1605,3470,37590,4529,37590,766,65
1605,3470,37591,4529,37591,766,65
1605,3470,37592,4529,37592,766,65
1605,3470,37593,4529,37593,766,65
1605,3470,37594,4529,37594,766,65
1605,3470,37595,4529,37595,766,65
1605,3470,37596,4529,37596,766,65
1605,3470,37597,4529,37597,766,65
1605,3470,37598,4529,37598,766,65
1605,3470,37599,4529,37599,766,65
1605,3470,37600,4529,37600,766,65
1605,3470,37601,4529,37601,766,65
1605,3470,37602,4529,37602,766,65
1605,3470,37603,4529,37603,766,65
1605,3470,37604,4529,37604,766,65
1605,3470,37605,4529,37605,766,65
1605,3470,37606,4529,37606,766,65
1605,3470,37607,4529,37607,766,65
1605,3470,37608,4529,37608,766,65
1605,3470,37609,4529,37609,766,65
1605,3470,37610,4529,37610,766,65
1605,3470,37611,4529,37611,766,65
1605,3470,37612,4529,37612,766,65
1605,3470,37613,4529,37613,766,65
1605,3470,37614,4529,37614,766,65
1605,3470,37615,4529,37615,766,65
1605,3470,37616,4529,37616,766,65
1605,3470,37617,4529,37617,766,65
1605,3470,37618,4529,37618,766,65
1605,3470,37619,4529,37619,766,65
1605,3470,37620,4529,37620,766,65
1605,3470,37621,4529,37621,766,65
1605,3470,37622,4529,37622,766,65
1605,3470,37623,4529,37623,766,65
1605,3470,37624,4529,37624,766,65
1605,3470,37625,4529,37625,766,65
1605,3470,37626,4529,37626,766,65
1605,3470,37627,4529,37627,766,65
1605,3470,37628,4529,37628,766,65
1605,3470,37629,4529,37629,766,65
1605,3470,37630,4529,37630,766,65
1605,3470,37631,4529,37631,766,65
1605,3470,37632,4529,37632,766,65
1605,3470,37633,4529,37633,766,65
1605,3470,37634,4529,37634,766,65
1605,3470,37635,4529,37635,766,65
1605,3470,37636,4529,37636,766,65
1605,3470,37637,4529,37637,766,65
1605,3470,37638,4529,37638,766,65
1605,3470,37639,4529,37639,766,65
1604,3470,37640,4529,37640,766,65
1604,3470,37641,4529,37641,766,65
1604,3470,37642,4529,37642,766,65
1604,3470,37643,4529,37643,766,65
1604,3470,37644,4529,37644,766,65
1604,3470,37645,4529,37645,766,65
1604,3470,37646,4529,37646,766,65
1604,3470,37647,4529,37647,766,65
1604,3470,37648,4529,37648,766,65
1604,3470,37649,4529,37649,766,65
1604,3470,37650,4529,37650,766,65
1604,3470,37651,4529,37651,766,65
1604,3470,37652,4529,37652,766,65
1603,3470,37653,4529,37653,766,65
1603,3470,37654,4529,37654,766,65
1603,3470,37655,4529,37655,766,65
1603,3470,37656,4529,37656,766,65
1603,3470,37657,4529,37657,766,65
1603,3470,37658,4529,37658,766,65
1603,3470,37659,4529,37659,766,65
1603,3470,37660,4529,37660,766,65
1603,3470,37661,4529,37661,766,65
1603,3470,37662,4529,37662,766,65
1603,3470,37663,4529,37663,766,65
1603,3470,37664,4529,37664,766,65
1603,3470,37665,4529,37665,766,65
1603,3470,37666,4529,37666,766,65
1603,3470,37667,4529,37667,766,65
1603,3470,37668,4529,37668,766,65
1603,3470,37669,4529,37669,766,65
1603,3470,37670,4529,37670,766,65
1603,3470,37671,4529,37671,766,65
1603,3470,37672,4529,37672,766,65
1603,3470,37673,4529,37673,766,65
1603,3470,37674,4529,37674,766,65
1603,3470,37675,4529,37675,766,65
1603,3470,37676,4529,37676,766,65
1603,3470,37677,4529,37677,766,65
1603,3470,37678,4529,37678,766,65
1603,3470,37679,4529,37679,766,65
1603,3470,37680,4529,37680,766,65
1603,3470,37681,4529,37681,766,65
1603,3470,37682,4529,37682,766,65
1603,3470,37683,4529,37683,766,65
1603,3470,37684,4529,37684,766,65
1603,3470,37685,4529,37685,766,65
1603,3470,37686,4529,37686,766,65
1603,3470,37687,4529,37687,766,65
1603,3470,37688,4529,37688,766,65
1603,3470,37689,4529,37689,766,65
1603,3470,37690,4529,37690,766,65
1603,3470,37691,4529,37691,766,65
1603,3470,37692,4529,37692,766,65
1603,3470,37693,4529,37693,766,65
1603,3470,37694,4529,37694,766,65
1603,3470,37695,4529,37695,766,65
1603,3470,37696,4529,37696,766,65
1603,3470,37697,4529,37697,766,65
1603,3470,37698,4529,37698,766,65
1603,3470,37699,4529,37699,766,65
1603,3470,37700,4529,37700,766,65
1603,3470,37701,4529,37701,766,65
1603,3470,37702,4529,37702,766,65
1603,3470,37703,4529,37703,766,65
1603,3470,37704,4529,37704,766,65
1603,3470,37705,4529,37705,766,65
1603,3470,37706,4529,37706,766,65
1603,3470,37707,4529,37707,766,65
1603,3470,37708,4529,37708,766,65
1603,3470,37709,4529,37709,766,65
1603,3470,37710,4529,37710,766,65
1603,3470,37711,4529,37711,766,65
1603,3470,37712,4529,37712,766,65
1603,3470,37713,4529,37713,766,65
1603,3470,37714,4529,37714,766,65
1603,3470,37715,4529,37715,766,65
1603,3470,37716,4529,37716,766,65
1603,3470,37717,4529,37717,766,65
1603,3470,37718,4529,37718,766,65
1603,3470,37719,4529,37719,766,65
1603,3470,37720,4529,37720,766,65
1603,3470,37721,4529,37721,766,65
1603,3470,37722,4529,37722,766,65
1603,3470,37723,4529,37723,766,65
1603,3470,37724,4529,37724,766,65
1603,3470,37725,4529,37725,766,65
1603,3470,37726,4529,37726,766,65
1603,3470,37727,4529,37727,766,65
1603,3470,37728,4529,37728,766,65
1603,3470,37729,4529,37729,766,65
1603,3470,37730,4529,37730,766,65
1603,3470,37731,4529,37731,766,65
1603,3470,37732,4529,37732,766,65
1603,3470,37733,4529,37733,766,65
1603,3470,37734,4529,37734,766,65
1603,3470,37735,4529,37735,766,65
1603,3470,37736,4529,37736,766,65
1603,3470,37737,4529,37737,766,65
1603,3470,37738,4529,37738,766,65
1603,3470,37739,4529,37739,766,65
1603,3470,37740,4529,37740,766,65
1603,3470,37741,4529,37741,766,65
1603,3470,37742,4529,37742,766,65
1603,3470,37743,4529,37743,766,65
1603,3470,37744,4529,37744,766,65
1603,3470,37745,4529,37745,766,65
1603,3470,37746,4529,37746,766,65
1603,3470,37747,4529,37747,766,65
1603,3470,37748,4529,37748,766,65
1603,3470,37749,4529,37749,766,65
1603,3470,37750,4529,37750,766,65
1603,3470,37751,4529,37751,766,65
1603,3470,37752,4529,37752,766,65
1603,3470,37753,4529,37753,766,65
1603,3470,37754,4529,37754,766,65
1603,3470,37755,4529,37755,766,65
1603,3470,37756,4529,37756,766,65
1603,3470,37757,4529,37757,766,65
1603,3470,37758,4529,37758,766,65
1603,3470,37759,4529,37759,766,65
1603,3470,37760,4529,37760,766,65
1603,3470,37761,4529,37761,766,65
1603,3470,37762,4529,37762,766,65
1603,3470,37763,4529,37763,766,65
1603,3470,37764,4529,37764,766,65
1603,3470,37765,4529,37765,766,65
1603,3470,37766,4529,37766,766,65
1603,3470,37767,4529,37767,766,65
1603,3470,37768,4529,37768,766,65
1603,3470,37769,4529,37769,766,65
1603,3470,37770,4529,37770,766,65
1603,3470,37771,4529,37771,766,65
1603,3470,37772,4529,37772,766,65
1603,3470,37773,4529,37773,766,65
1603,3470,37774,4529,37774,766,65
1603,3470,37775,4529,37775,766,65
1603,3470,37776,4529,37776,766,65
1603,3470,37777,4529,37777,766,65
1603,3470,37778,4529,37778,766,65
1603,3470,37779,4529,37779,766,65
1603,3470,37780,4529,37780,766,65
1603,3470,37781,4529,37781,766,65
1603,3470,37782,4529,37782,766,65
1603,3470,37783,4529,37783,766,65
1603,3470,37784,4529,37784,766,65
1603,3470,37785,4529,37785,766,65
1603,3470,37786,4529,37786,766,65
1603,3470,37787,4529,37787,766,65
1603,3470,37788,4529,37788,766,65
1603,3470,37789,4529,37789,766,65
1603,3470,37790,4529,37790,766,65
1603,3470,37791,4529,37791,766,65
1603,3470,37792,4529,37792,766,65
1603,3470,37793,4529,37793,766,65
1603,3470,37794,4529,37794,766,65
1603,3470,37795,4529,37795,766,65
1603,3470,37796,4529,37796,766,65
1603,3470,37797,4529,37797,766,65
1603,3470,37798,4529,37798,766,65
1603,3470,37799,4529,37799,766,65
1603,3470,37800,4529,37800,766,65
1603,3470,37801,4529,37801,766,65
1603,3470,37802,4529,37802,766,65
1603,3470,37803,4529,37803,766,65
1603,3470,37804,4529,37804,766,65
1603,3470,37805,4529,37805,766,65
1603,3470,37806,4529,37806,766,65
1603,3470,37807,4529,37807,766,65
1603,3470,37808,4529,37808,766,65
1603,3470,37809,4529,37809,766,65
1603,3470,37810,4529,37810,766,65
1603,3470,37811,4529,37811,766,65
1603,3470,37812,4529,37812,766,65
1603,3470,37813,4529,37813,766,65
1603,3470,37814,4529,37814,766,65
1603,3470,37815,4529,37815,766,65
1603,3470,37816,4529,37816,766,65
1603,3470,37817,4529,37817,766,65
1603,3470,37818,4529,37818,766,65
1603,3470,37819,4529,37819,766,65
1603,3470,37820,4529,37820,766,65
1603,3470,37821,4529,37821,766,65
1603,3470,37822,4529,37822,766,65
1603,3470,37823,4529,37823,766,65
1603,3470,37824,4529,37824,766,65
1603,3470,37825,4529,37825,766,65
1603,3470,37826,4529,37826,766,65
1603,3470,37827,4529,37827,766,65
1603,3470,37828,4529,37828,766,65
1603,3470,37829,4529,37829,766,65
1603,3470,37830,4529,37830,766,65
1603,3470,37831,4529,37831,766,65
1603,3470,37832,4529,37832,766,65
1603,3470,37833,4529,37833,766,65
1603,3470,37834,4529,37834,766,65
1603,3470,37835,4529,37835,766,65
1603,3470,37836,4529,37836,766,65
1603,3470,37837,4529,37837,766,65
1603,3470,37838,4529,37838,766,65
1603,3470,37839,4529,37839,766,65
1603,3470,37840,4529,37840,766,65
1603,3470,37841,4529,37841,766,65
1603,3470,37842,4529,37842,766,65
1603,3470,37843,4529,37843,766,65
1603,3470,37844,4529,37844,766,65
1603,3470,37845,4529,37845,766,65
1603,3470,37846,4529,37846,766,65
1603,3470,37847,4529,37847,766,65
1603,3470,37848,4529,37848,766,65
1603,3470,37849,4529,37849,766,65
1603,3470,37850,4529,37850,766,65
1603,3470,37851,4529,37851,766,65
1603,3470,37852,4529,37852,766,65
1603,3470,37853,4529,37853,766,65
1603,3470,37854,4529,37854,766,65
1603,3470,37855,4529,37855,766,65
1603,3470,37856,4529,37856,766,65
1603,3470,37857,4529,37857,766,65
1603,3470,37858,4529,37858,766,65
1603,3470,37859,4529,37859,766,65
1603,3470,37860,4529,37860,766,65
1603,3470,37861,4529,37861,766,65
1603,3470,37862,4529,37862,766,65
1603,3470,37863,4529,37863,766,65
1603,3470,37864,4529,37864,766,65
1603,3470,37865,4529,37865,766,65
1603,3470,37866,4529,37866,766,65
1603,3470,37867,4529,37867,766,65
1603,3470,37868,4529,37868,766,65
1603,3470,37869,4529,37869,766,65
1603,3470,37870,4529,37870,766,65
1603,3470,37871,4529,37871,766,65
1603,3470,37872,4529,37872,766,65
1603,3470,37873,4529,37873,766,65
1603,3470,37874,4529,37874,766,65
1603,3470,37875,4529,37875,766,65
1603,3470,37876,4529,37876,766,65
1603,3470,37877,4529,37877,766,65
1603,3470,37878,4529,37878,766,65
1603,3470,37879,4529,37879,766,65
1603,3470,37880,4529,37880,766,65
1603,3470,37881,4529,37881,766,65
1603,3470,37882,4529,37882,766,65
1603,3470,37883,4529,37883,766,65
1603,3470,37884,4529,37884,766,65
1603,3470,37885,4529,37885,766,65
1603,3470,37886,4529,37886,766,65
1603,3470,37887,4529,37887,766,65
1603,3470,37888,4529,37888,766,65
1603,3470,37889,4529,37889,766,65
1603,3470,37890,4529,37890,766,65
1603,3470,37891,4529,37891,766,65
1603,3470,37892,4529,37892,766,65
1603,3470,37893,4529,37893,766,65
1603,3470,37894,4529,37894,766,65
1603,3470,37895,4529,37895,766,65
1603,3470,37896,4529,37896,766,65
1603,3470,37897,4529,37897,766,65
1603,3470,37898,4529,37898,766,65
1603,3470,37899,4529,37899,766,65
1603,3470,37900,4529,37900,766,65
1603,3470,37901,4529,37901,766,65
1603,3470,37902,4529,37902,766,65
1603,3470,37903,4529,37903,766,65
1603,3470,37904,4529,37904,766,65
1603,3470,37905,4529,37905,766,65
1603,3470,37906,4529,37906,766,65
1603,3470,37907,4529,37907,766,65
1603,3470,37908,4529,37908,766,65
1603,3470,37909,4529,37909,766,65
1603,3470,37910,4529,37910,766,65
1603,3470,37911,4529,37911,766,65
1603,3470,37912,4529,37912,766,65
1603,3470,37913,4529,37913,766,65
1603,3470,37914,4529,37914,766,65
1603,3470,37915,4529,37915,766,65
1603,3470,37916,4529,37916,766,65
1603,3470,37917,4529,37917,766,65
1603,3470,37918,4529,37918,766,65
1603,3470,37919,4529,37919,766,65
1603,3470,37920,4529,37920,766,65
1603,3470,37921,4529,37921,766,65
1603,3470,37922,4529,37922,766,65
1603,3470,37923,4529,37923,766,65
1603,3470,37924,4529,37924,766,65
1603,3470,37925,4529,37925,766,65
1603,3470,37926,4529,37926,766,65
1603,3470,37927,4529,37927,766,65
1603,3470,37928,4529,37928,766,65
1603,3470,37929,4529,37929,766,65
1603,3470,37930,4529,37930,766,65
1603,3470,37931,4529,37931,766,65
1603,3470,37932,4529,37932,766,65
1603,3470,37933,4529,37933,766,65
1603,3470,37934,4529,37934,766,65
1603,3470,37935,4529,37935,766,65
1603,3470,37936,4529,37936,766,65
1603,3470,37937,4529,37937,766,65
1603,3470,37938,4529,37938,766,65
1603,3470,37939,4529,37939,766,65
1603,3470,37940,4529,37940,766,65
1603,3470,37941,4529,37941,766,65
1603,3470,37942,4529,37942,766,65
1603,3470,37943,4529,37943,766,65
1603,3470,37944,4529,37944,766,65
1603,3470,37945,4529,37945,766,65
1603,3470,37946,4529,37946,766,65
1603,3470,37947,4529,37947,766,65
1603,3470,37948,4529,37948,766,65
1603,3470,37949,4529,37949,766,65
1603,3470,37950,4529,37950,766,65
1603,3470,37951,4529,37951,766,65
1603,3470,37952,4529,37952,766,65
1603,3470,37953,4529,37953,766,65
1603,3470,37954,4529,37954,766,65
1603,3470,37955,4529,37955,766,65
1604,3470,37956,4529,37956,766,65
1604,3470,37957,4529,37957,766,65
1604,3470,37958,4529,37958,766,65
1604,3470,37959,4529,37959,766,65
1604,3470,37960,4529,37960,766,65
1604,3470,37961,4529,37961,766,65
1604,3470,37962,4529,37962,766,65
1604,3470,37963,4529,37963,766,65
1604,3470,37964,4529,37964,766,65
1604,3470,37965,4529,37965,766,65
1604,3470,37966,4529,37966,766,65
1604,3470,37967,4529,37967,766,65
1604,3470,37968,4529,37968,766,65
1604,3470,37969,4529,37969,766,65
1604,3470,37970,4529,37970,766,65
1604,3470,37971,4529,37971,766,65
1604,3470,37972,4529,37972,766,65
1604,3470,37973,4529,37973,766,65
1604,3470,37974,4529,37974,766,65
1604,3470,37975,4529,37975,766,65
1604,3470,37976,4529,37976,766,65
1604,3470,37977,4529,37977,766,65
1604,3470,37978,4529,37978,766,65
1604,3470,37979,4529,37979,766,65
1604,3470,37980,4529,37980,766,65
1604,3470,37981,4529,37981,766,65
1604,3470,37982,4529,37982,766,65
1604,3470,37983,4529,37983,766,65
1604,3470,37984,4529,37984,766,65
1604,3470,37985,4529,37985,766,65
1604,3470,37986,4529,37986,766,65
1604,3470,37987,4529,37987,766,65
1604,3470,37988,4529,37988,766,65
1604,3470,37989,4529,37989,766,65
1604,3470,37990,4529,37990,766,65
1604,3470,37991,4529,37991,766,65
1604,3470,37992,4529,37992,766,65
1604,3470,37993,4529,37993,766,65
1604,3470,37994,4529,37994,766,65
1604,3470,37995,4529,37995,766,65
1604,3470,37996,4529,37996,766,65
1604,3470,37997,4529,37997,766,65
1604,3470,37998,4529,37998,766,65
1604,3470,37999,4529,37999,766,65
1604,3470,38000,4529,38000,766,65
1604,3470,38001,4529,38001,766,65
1604,3470,38002,4529,38002,766,65
1604,3470,38003,4529,38003,766,65
1604,3470,38004,4529,38004,766,65
1604,3470,38005,4529,38005,766,65
1604,3470,38006,4529,38006,766,65
1604,3470,38007,4529,38007,766,65
1604,3470,38008,4529,38008,766,65
1604,3470,38009,4529,38009,766,65
1604,3470,38010,4529,38010,766,65
1604,3470,38011,4529,38011,766,65
1604,3470,38012,4529,38012,766,65
1604,3470,38013,4529,38013,766,65
1604,3470,38014,4529,38014,766,65
1604,3470,38015,4529,38015,766,65
1604,3470,38016,4529,38016,766,65
1604,3470,38017,4529,38017,766,65
1604,3470,38018,4529,38018,766,65
1604,3470,38019,4529,38019,766,65
1604,3470,38020,4529,38020,766,65
1604,3470,38021,4529,38021,766,65
1604,3470,38022,4529,38022,766,65
1604,3470,38023,4529,38023,766,65
1604,3470,38024,4529,38024,766,65
1604,3470,38025,4529,38025,766,65
1604,3470,38026,4529,38026,766,65
1604,3470,38027,4529,38027,766,65
1604,3470,38028,4529,38028,766,65
1604,3470,38029,4529,38029,766,65
1604,3470,38030,4529,38030,766,65
1604,3470,38031,4529,38031,766,65
1604,3470,38032,4529,38032,766,65
1604,3470,38033,4529,38033,766,65
1604,3470,38034,4529,38034,766,65
1604,3470,38035,4529,38035,766,65
1604,3470,38036,4529,38036,766,65
1604,3470,38037,4529,38037,766,65
1604,3470,38038,4529,38038,766,65
1604,3470,38039,4529,38039,766,65
1604,3470,38040,4529,38040,766,65
1604,3470,38041,4529,38041,766,65
1604,3470,38042,4529,38042,766,65
1604,3470,38043,4529,38043,766,65
1604,3470,38044,4529,38044,766,65
1604,3470,38045,4529,38045,766,65
1604,3470,38046,4529,38046,766,65
1604,3470,38047,4529,38047,766,65
1604,3470,38048,4529,38048,766,65
1604,3470,38049,4529,38049,766,65
1604,3470,38050,4529,38050,766,65
1604,3470,38051,4529,38051,766,65
1604,3470,38052,4529,38052,766,65
1604,3470,38053,4529,38053,766,65
1604,3470,38054,4529,38054,766,65
1604,3470,38055,4529,38055,766,65
1604,3470,38056,4529,38056,766,65
1604,3470,38057,4529,38057,766,65
1604,3470,38058,4529,38058,766,65
1604,3470,38059,4529,38059,766,65
1604,3470,38060,4529,38060,766,65
1604,3470,38061,4529,38061,766,65
1604,3470,38062,4529,38062,766,65
1604,3470,38063,4529,38063,766,65
1604,3470,38064,4529,38064,766,65
1604,3470,38065,4529,38065,766,65
1604,3470,38066,4529,38066,766,65
1604,3470,38067,4529,38067,766,65
1604,3470,38068,4529,38068,766,65
1604,3470,38069,4529,38069,766,65
1604,3470,38070,4529,38070,766,65
1604,3470,38071,4529,38071,766,65
1604,3470,38072,4529,38072,766,65
1604,3470,38073,4529,38073,766,65
1604,3470,38074,4529,38074,766,65
1604,3470,38075,4529,38075,766,65
1604,3470,38076,4529,38076,766,65
1604,3470,38077,4529,38077,766,65
1604,3470,38078,4529,38078,766,65
1604,3470,38079,4529,38079,766,65
1604,3470,38080,4529,38080,766,65
1604,3470,38081,4529,38081,766,65
1604,3470,38082,4529,38082,766,65
1604,3470,38083,4529,38083,766,65
1604,3470,38084,4529,38084,766,65
1604,3470,38085,4529,38085,766,65
1604,3470,38086,4529,38086,766,65
1604,3470,38087,4529,38087,766,65
1604,3470,38088,4529,38088,766,65
1604,3470,38089,4529,38089,766,65
1604,3470,38090,4529,38090,766,65
1604,3470,38091,4529,38091,766,65
1604,3470,38092,4529,38092,766,65
1604,3470,38093,4529,38093,766,65
1604,3470,38094,4529,38094,766,65
1604,3470,38095,4529,38095,766,65
1604,3470,38096,4529,38096,766,65
1604,3470,38097,4529,38097,766,65
1604,3470,38098,4529,38098,766,65
1604,3470,38099,4529,38099,766,65
1604,3470,38100,4529,38100,766,65
1604,3470,38101,4529,38101,766,65
1604,3470,38102,4529,38102,766,65
1604,3470,38103,4529,38103,766,65
1604,3470,38104,4529,38104,766,65
1604,3470,38105,4529,38105,766,65
1604,3470,38106,4529,38106,766,65
1604,3470,38107,4529,38107,766,65
1604,3470,38108,4529,38108,766,65
1604,3470,38109,4529,38109,766,65
1604,3470,38110,4529,38110,766,65
1604,3470,38111,4529,38111,766,65
1604,3470,38112,4529,38112,766,65
1604,3470,38113,4529,38113,766,65
1604,3470,38114,4529,38114,766,65
1604,3470,38115,4529,38115,766,65
1604,3470,38116,4529,38116,766,65
1604,3470,38117,4529,38117,766,65
1604,3470,38118,4529,38118,766,65
1604,3470,38119,4529,38119,766,65
1604,3470,38120,4529,38120,766,65
1604,3470,38121,4529,38121,766,65
1604,3470,38122,4529,38122,766,65
1604,3470,38123,4529,38123,766,65
1604,3470,38124,4529,38124,766,65
1604,3470,38125,4529,38125,766,65
1604,3470,38126,4529,38126,766,65
1604,3470,38127,4529,38127,766,65
1604,3470,38128,4529,38128,766,65
1604,3470,38129,4529,38129,766,65
1604,3470,38130,4529,38130,766,65
1604,3470,38131,4529,38131,766,65
1604,3470,38132,4529,38132,766,65
1604,3470,38133,4529,38133,766,65
1604,3470,38134,4529,38134,766,65
1604,3470,38135,4529,38135,766,65
1604,3470,38136,4529,38136,766,65
1604,3470,38137,4529,38137,766,65
1604,3470,38138,4529,38138,766,65
1604,3470,38139,4529,38139,766,65
1604,3470,38140,4529,38140,766,65
1604,3470,38141,4529,38141,766,65
1604,3470,38142,4529,38142,766,65
1604,3470,38143,4529,38143,766,65
1604,3470,38144,4529,38144,766,65
1604,3470,38145,4529,38145,766,65
1604,3470,38146,4529,38146,766,65
1604,3470,38147,4529,38147,766,65
1604,3470,38148,4529,38148,766,65
1604,3470,38149,4529,38149,766,65
1604,3470,38150,4529,38150,766,65
1604,3470,38151,4529,38151,766,65
1604,3470,38152,4529,38152,766,65
1604,3470,38153,4529,38153,766,65
1604,3470,38154,4529,38154,766,65
1604,3470,38155,4529,38155,766,65
1604,3470,38156,4529,38156,766,65
1604,3470,38157,4529,38157,766,65
1604,3470,38158,4529,38158,766,65
1604,3470,38159,4529,38159,766,65
1604,3470,38160,4529,38160,766,65
1604,3470,38161,4529,38161,766,65
1604,3470,38162,4529,38162,766,65
1604,3470,38163,4529,38163,766,65
1604,3470,38164,4529,38164,766,65
1604,3470,38165,4529,38165,766,65
1604,3470,38166,4529,38166,766,65
1604,3470,38167,4529,38167,766,65
1604,3470,38168,4529,38168,766,65
1604,3470,38169,4529,38169,766,65
1604,3470,38170,4529,38170,766,65
1604,3470,38171,4529,38171,766,65
1604,3470,38172,4529,38172,766,65
1604,3470,38173,4529,38173,766,65
1604,3470,38174,4529,38174,766,65
1604,3470,38175,4529,38175,766,65
1604,3470,38176,4529,38176,766,65
1604,3470,38177,4529,38177,766,65
1604,3470,38178,4529,38178,766,65
1604,3470,38179,4529,38179,766,65
1604,3470,38180,4529,38180,766,65
1604,3470,38181,4529,38181,766,65
1604,3470,38182,4529,38182,766,65
1604,3470,38183,4529,38183,766,65
1604,3470,38184,4529,38184,766,65
1604,3470,38185,4529,38185,766,65
1604,3470,38186,4529,38186,766,65
1604,3470,38187,4529,38187,766,65
1604,3470,38188,4529,38188,766,65
1604,3470,38189,4529,38189,766,65
1604,3470,38190,4529,38190,766,65
1604,3470,38191,4529,38191,766,65
1604,3470,38192,4529,38192,766,65
1603,3470,38193,4529,38193,766,65
1603,3470,38194,4529,38194,766,65
1603,3470,38195,4529,38195,766,65
1603,3470,38196,4529,38196,766,65
1603,3470,38197,4529,38197,766,65
1603,3470,38198,4529,38198,766,65
1603,3470,38199,4529,38199,766,65
1603,3470,38200,4529,38200,766,65
1603,3470,38201,4529,38201,766,65
1603,3470,38202,4529,38202,766,65
1603,3470,38203,4529,38203,766,65
1603,3470,38204,4529,38204,766,65
1603,3470,38205,4529,38205,766,65
1603,3470,38206,4529,38206,766,65
1602,3470,38207,4529,38207,766,65
1602,3470,38208,4529,38208,766,65
1602,3470,38209,4529,38209,766,65
1602,3470,38210,4529,38210,766,65
1602,3470,38211,4529,38211,766,65
1602,3470,38212,4529,38212,766,65
1602,3470,38213,4529,38213,766,65
1602,3470,38214,4529,38214,766,65
1602,3470,38215,4529,38215,766,65
1602,3470,38216,4529,38216,766,65
1602,3470,38217,4529,38217,766,65
1602,3470,38218,4529,38218,766,65
1602,3470,38219,4529,38219,766,65
1602,3470,38220,4529,38220,766,65
1602,3470,38221,4529,38221,766,65
1602,3470,38222,4529,38222,766,65
1602,3470,38223,4529,38223,766,65
1602,3470,38224,4529,38224,766,65
1602,3470,38225,4529,38225,766,65
1602,3470,38226,4529,38226,766,65
1602,3470,38227,4529,38227,766,65
1602,3470,38228,4529,38228,766,65
1602,3470,38229,4529,38229,766,65
1602,3470,38230,4529,38230,766,65
1602,3470,38231,4529,38231,766,65
1602,3470,38232,4529,38232,766,65
1602,3470,38233,4529,38233,766,65
1602,3470,38234,4529,38234,766,65
1602,3470,38235,4529,38235,766,65
1602,3470,38236,4529,38236,766,65
1602,3470,38237,4529,38237,766,65
1602,3470,38238,4529,38238,766,65
1602,3470,38239,4529,38239,766,65
1602,3470,38240,4529,38240,766,65
1602,3470,38241,4529,38241,766,65
1602,3470,38242,4529,38242,766,65
1602,3470,38243,4529,38243,766,65
1602,3470,38244,4529,38244,766,65
1602,3470,38245,4529,38245,766,65
1602,3470,38246,4529,38246,766,65
1602,3470,38247,4529,38247,766,65
1602,3470,38248,4529,38248,766,65
1602,3470,38249,4529,38249,766,65
1602,3470,38250,4529,38250,766,65
1602,3470,38251,4529,38251,766,65
1602,3470,38252,4529,38252,766,65
1602,3470,38253,4529,38253,766,65
1602,3470,38254,4529,38254,766,65
1602,3470,38255,4529,38255,766,65
1602,3470,38256,4529,38256,766,65
1602,3470,38257,4529,38257,766,65
1602,3470,38258,4529,38258,766,65
1602,3470,38259,4529,38259,766,65
1602,3470,38260,4529,38260,766,65
1602,3470,38261,4529,38261,766,65
1602,3470,38262,4529,38262,766,65
1602,3470,38263,4529,38263,766,65
1602,3470,38264,4529,38264,766,65
1602,3470,38265,4529,38265,766,65
1602,3470,38266,4529,38266,766,65
1602,3470,38267,4529,38267,766,65
1602,3470,38268,4529,38268,766,65
1602,3470,38269,4529,38269,766,65
1602,3470,38270,4529,38270,766,65
1602,3470,38271,4529,38271,766,65
1602,3470,38272,4529,38272,766,65
1602,3470,38273,4529,38273,766,65
1602,3470,38274,4529,38274,766,65
1602,3470,38275,4529,38275,766,65
1602,3470,38276,4529,38276,766,65
1602,3470,38277,4529,38277,766,65
1602,3470,38278,4529,38278,766,65
1602,3470,38279,4529,38279,766,65
1602,3470,38280,4529,38280,766,65
1602,3470,38281,4529,38281,766,65
1602,3470,38282,4529,38282,766,65
1602,3470,38283,4529,38283,766,65
1602,3470,38284,4529,38284,766,65
1602,3470,38285,4529,38285,766,65
1602,3470,38286,4529,38286,766,65
1602,3470,38287,4529,38287,766,65
1602,3470,38288,4529,38288,766,65
1602,3470,38289,4529,38289,766,65
1602,3470,38290,4529,38290,766,65
1602,3470,38291,4529,38291,766,65
1602,3470,38292,4529,38292,766,65
1602,3470,38293,4529,38293,766,65
1602,3470,38294,4529,38294,766,65
1602,3470,38295,4529,38295,766,65
1602,3470,38296,4529,38296,766,65
1602,3470,38297,4529,38297,766,65
1601,3470,38298,4529,38298,766,65
1601,3470,38299,4529,38299,766,65
1601,3470,38300,4529,38300,766,65
1601,3470,38301,4529,38301,766,65
1601,3470,38302,4529,38302,766,65
1601,3470,38303,4529,38303,766,65
1601,3470,38304,4529,38304,766,65
1601,3470,38305,4529,38305,766,65
1601,3470,38306,4529,38306,766,65
1601,3470,38307,4529,38307,766,65
1601,3470,38308,4529,38308,766,65
1601,3470,38309,4529,38309,766,65
1601,3470,38310,4529,38310,766,65
1601,3470,38311,4529,38311,766,65
1601,3470,38312,4529,38312,766,65
1601,3470,38313,4529,38313,766,65
1601,3470,38314,4529,38314,766,65
1601,3470,38315,4529,38315,766,65
1601,3470,38316,4529,38316,766,65
1601,3470,38317,4529,38317,766,65
1601,3470,38318,4529,38318,766,65
1601,3470,38319,4529,38319,766,65
1601,3470,38320,4529,38320,766,65
1601,3470,38321,4529,38321,766,65
1601,3470,38322,4529,38322,766,65
1601,3470,38323,4529,38323,766,65
1601,3470,38324,4529,38324,766,65
1601,3470,38325,4529,38325,766,65
1601,3470,38326,4529,38326,766,65
1601,3470,38327,4529,38327,766,65
1601,3470,38328,4529,38328,766,65
1601,3470,38329,4529,38329,766,65
1601,3470,38330,4529,38330,766,65
1601,3470,38331,4529,38331,766,65
1601,3470,38332,4529,38332,766,65
1601,3470,38333,4529,38333,766,65
1601,3470,38334,4529,38334,766,65
1601,3470,38335,4529,38335,766,65
1601,3470,38336,4529,38336,766,65
1601,3470,38337,4529,38337,766,65
1601,3470,38338,4529,38338,766,65
1601,3470,38339,4529,38339,766,65
1601,3470,38340,4529,38340,766,65
1601,3470,38341,4529,38341,766,65
1601,3470,38342,4529,38342,766,65
1601,3470,38343,4529,38343,766,65
1601,3470,38344,4529,38344,766,65
1601,3470,38345,4529,38345,766,65
1601,3470,38346,4529,38346,766,65
1601,3470,38347,4529,38347,766,65
1601,3470,38348,4529,38348,766,65
1601,3470,38349,4529,38349,766,65
1601,3470,38350,4529,38350,766,65
1601,3470,38351,4529,38351,766,65
1601,3470,38352,4529,38352,766,65
1601,3470,38353,4529,38353,766,65
1601,3470,38354,4529,38354,766,65
1601,3470,38355,4529,38355,766,65
1601,3470,38356,4529,38356,766,65
1601,3470,38357,4529,38357,766,65
1601,3470,38358,4529,38358,766,65
1601,3470,38359,4529,38359,766,65
1601,3470,38360,4529,38360,766,65
1601,3470,38361,4529,38361,766,65
1601,3470,38362,4529,38362,766,65
1601,3470,38363,4529,38363,766,65
1601,3470,38364,4529,38364,766,65
1601,3470,38365,4529,38365,766,65
1601,3470,38366,4529,38366,766,65
1601,3470,38367,4529,38367,766,65
1601,3470,38368,4529,38368,766,65
1601,3470,38369,4529,38369,766,65
1601,3470,38370,4529,38370,766,65
1601,3470,38371,4529,38371,766,65
1601,3470,38372,4529,38372,766,65
1601,3470,38373,4529,38373,766,65
1601,3470,38374,4529,38374,766,65
1601,3470,38375,4529,38375,766,65
1601,3470,38376,4529,38376,766,65
1601,3470,38377,4529,38377,766,65
1601,3470,38378,4529,38378,766,65
1601,3470,38379,4529,38379,766,65
1601,3470,38380,4529,38380,766,65
1601,3470,38381,4529,38381,766,65
1601,3470,38382,4529,38382,766,65
1601,3470,38383,4529,38383,766,65
1601,3470,38384,4529,38384,766,65
1601,3470,38385,4529,38385,766,65
1601,3470,38386,4529,38386,766,65
1601,3470,38387,4529,38387,766,65
1601,3470,38388,4529,38388,766,65
1601,3470,38389,4529,38389,766,65
1601,3470,38390,4529,38390,766,65
1601,3470,38391,4529,38391,766,65
1601,3470,38392,4529,38392,766,65
1601,3470,38393,4529,38393,766,65
1601,3470,38394,4529,38394,766,65
1601,3470,38395,4529,38395,766,65
1601,3470,38396,4529,38396,766,65
1601,3470,38397,4529,38397,766,65
1601,3470,38398,4529,38398,766,65
1601,3470,38399,4529,38399,766,65
1601,3470,38400,4529,38400,766,65
1601,3470,38401,4529,38401,766,65
1601,3470,38402,4529,38402,766,65
1601,3470,38403,4529,38403,766,65
1601,3470,38404,4529,38404,766,65
1601,3470,38405,4529,38405,766,65
1601,3470,38406,4529,38406,766,65
1601,3470,38407,4529,38407,766,65
1601,3470,38408,4529,38408,766,65
1601,3470,38409,4529,38409,766,65
1601,3470,38410,4529,38410,766,65
1601,3470,38411,4529,38411,766,65
1601,3470,38412,4529,38412,766,65
1601,3470,38413,4529,38413,766,65
1601,3470,38414,4529,38414,766,65
1601,3470,38415,4529,38415,766,65
1601,3470,38416,4529,38416,766,65
1601,3470,38417,4529,38417,766,65
1601,3470,38418,4529,38418,766,65
1601,3470,38419,4529,38419,766,65
1601,3470,38420,4529,38420,766,65
1601,3470,38421,4529,38421,766,65
1601,3470,38422,4529,38422,766,65
1601,3470,38423,4529,38423,766,65
1601,3470,38424,4529,38424,766,65
1601,3470,38425,4529,38425,766,65
1601,3470,38426,4529,38426,766,65
1601,3470,38427,4529,38427,766,65
1601,3470,38428,4529,38428,766,65
1601,3470,38429,4529,38429,766,65
1601,3470,38430,4529,38430,766,65
1601,3470,38431,4529,38431,766,65
1601,3470,38432,4529,38432,766,65
1601,3470,38433,4529,38433,766,65
1601,3470,38434,4529,38434,766,65
1601,3470,38435,4529,38435,766,65
1601,3470,38436,4529,38436,766,65
1601,3470,38437,4529,38437,766,65
1601,3470,38438,4529,38438,766,65
1601,3470,38439,4529,38439,766,65
1601,3470,38440,4529,38440,766,65
1601,3470,38441,4529,38441,766,65
1601,3470,38442,4529,38442,766,65
1601,3470,38443,4529,38443,766,65
1601,3470,38444,4529,38444,766,65
1601,3470,38445,4529,38445,766,65
1601,3470,38446,4529,38446,766,65
1601,3470,38447,4529,38447,766,65
1601,3470,38448,4529,38448,766,65
1601,3470,38449,4529,38449,766,65
1601,3470,38450,4529,38450,766,65
1601,3470,38451,4529,38451,766,65
1601,3470,38452,4529,38452,766,65
1601,3470,38453,4529,38453,766,65
1601,3470,38454,4529,38454,766,65
1601,3470,38455,4529,38455,766,65
1601,3470,38456,4529,38456,766,65
1601,3470,38457,4529,38457,766,65
1601,3470,38458,4529,38458,766,65
1601,3470,38459,4529,38459,766,65
1601,3470,38460,4529,38460,766,65
1601,3470,38461,4529,38461,766,65
1601,3470,38462,4529,38462,766,65
1601,3470,38463,4529,38463,766,65
1601,3470,38464,4529,38464,766,65
1601,3470,38465,4529,38465,766,65
1601,3470,38466,4529,38466,766,65
1601,3470,38467,4529,38467,766,65
1601,3470,38468,4529,38468,766,65
1601,3470,38469,4529,38469,766,65
1601,3470,38470,4529,38470,766,65
1601,3470,38471,4529,38471,766,65
1601,3470,38472,4529,38472,766,65
1601,3470,38473,4529,38473,766,65
1601,3470,38474,4529,38474,766,65
1601,3470,38475,4529,38475,766,65
1601,3470,38476,4529,38476,766,65
1601,3470,38477,4529,38477,766,65
1601,3470,38478,4529,38478,766,65
1601,3470,38479,4529,38479,766,65
1601,3470,38480,4529,38480,766,65
1601,3470,38481,4529,38481,766,65
1601,3470,38482,4529,38482,766,65
1601,3470,38483,4529,38483,766,65
1601,3470,38484,4529,38484,766,65
1601,3470,38485,4529,38485,766,65
1601,3470,38486,4529,38486,766,65
1601,3470,38487,4529,38487,766,65
1601,3470,38488,4529,38488,766,65
1601,3470,38489,4529,38489,766,65
1601,3470,38490,4529,38490,766,65
1601,3470,38491,4529,38491,766,65
1601,3470,38492,4529,38492,766,65
1601,3470,38493,4529,38493,766,65
1601,3470,38494,4529,38494,766,65
1601,3470,38495,4529,38495,766,65
1601,3470,38496,4529,38496,766,65
1601,3470,38497,4529,38497,766,65
1601,3470,38498,4529,38498,766,65
1601,3470,38499,4529,38499,766,65
1601,3470,38500,4529,38500,766,65
1601,3470,38501,4529,38501,766,65
1601,3470,38502,4529,38502,766,65
1601,3470,38503,4529,38503,766,65
1601,3470,38504,4529,38504,766,65
1601,3470,38505,4529,38505,766,65
1601,3470,38506,4529,38506,766,65
1601,3470,38507,4529,38507,766,65
1601,3470,38508,4529,38508,766,65
1601,3470,38509,4529,38509,766,65
1601,3470,38510,4529,38510,766,65
1601,3470,38511,4529,38511,766,65
1601,3470,38512,4529,38512,766,65
1601,3470,38513,4529,38513,766,65
1601,3470,38514,4529,38514,766,65
1601,3470,38515,4529,38515,766,65
1601,3470,38516,4529,38516,766,65
1601,3470,38517,4529,38517,766,65
1601,3470,38518,4529,38518,766,65
1601,3470,38519,4529,38519,766,65
1601,3470,38520,4529,38520,766,65
1601,3470,38521,4529,38521,766,65
1601,3470,38522,4529,38522,766,65
1601,3470,38523,4529,38523,766,65
1601,3470,38524,4529,38524,766,65
1601,3470,38525,4529,38525,766,65
1601,3470,38526,4529,38526,766,65
1601,3470,38527,4529,38527,766,65
1601,3470,38528,4529,38528,766,65
1601,3470,38529,4529,38529,766,65
1601,3470,38530,4529,38530,766,65
1601,3470,38531,4529,38531,766,65
1601,3470,38532,4529,38532,766,65
1601,3470,38533,4529,38533,766,65
1601,3470,38534,4529,38534,766,65
1601,3470,38535,4529,38535,766,65
1601,3470,38536,4529,38536,766,65
1601,3470,38537,4529,38537,766,65
1601,3470,38538,4529,38538,766,65
1601,3470,38539,4529,38539,766,65
1601,3470,38540,4529,38540,766,65
1601,3470,38541,4529,38541,766,65
1601,3470,38542,4529,38542,766,65
1601,3470,38543,4529,38543,766,65
1601,3470,38544,4529,38544,766,65
1601,3470,38545,4529,38545,766,65
1601,3470,38546,4529,38546,766,65
1601,3470,38547,4529,38547,766,65
1601,3470,38548,4529,38548,766,65
1601,3470,38549,4529,38549,766,65
1601,3470,38550,4529,38550,766,65
1601,3470,38551,4529,38551,766,65
1601,3470,38552,4529,38552,766,65
1601,3470,38553,4529,38553,766,65
1601,3470,38554,4529,38554,766,65
1601,3470,38555,4529,38555,766,65
1601,3470,38556,4529,38556,766,65
1601,3470,38557,4529,38557,766,65
1601,3470,38558,4529,38558,766,65
1601,3470,38559,4529,38559,766,65
1601,3470,38560,4529,38560,766,65
1601,3470,38561,4529,38561,766,65
1601,3470,38562,4529,38562,766,65
1601,3470,38563,4529,38563,766,65
1601,3470,38564,4529,38564,766,65
1601,3470,38565,4529,38565,766,65
1601,3470,38566,4529,38566,766,65
1601,3470,38567,4529,38567,766,65
1601,3470,38568,4529,38568,766,65
1601,3470,38569,4529,38569,766,65
1601,3470,38570,4529,38570,766,65
1601,3470,38571,4529,38571,766,65
1601,3470,38572,4529,38572,766,65
1601,3470,38573,4529,38573,766,65
1601,3470,38574,4529,38574,766,65
1601,3470,38575,4529,38575,766,65
1601,3470,38576,4529,38576,766,65
1601,3470,38577,4529,38577,766,65
1601,3470,38578,4529,38578,766,65
1601,3470,38579,4529,38579,766,65
1601,3470,38580,4529,38580,766,65
1601,3470,38581,4529,38581,766,65
1601,3470,38582,4529,38582,766,65
1601,3470,38583,4529,38583,766,65
1601,3470,38584,4529,38584,766,65
1601,3470,38585,4529,38585,766,65
1601,3470,38586,4529,38586,766,65
1601,3470,38587,4529,38587,766,65
1601,3470,38588,4529,38588,766,65
1601,3470,38589,4529,38589,766,65
1601,3470,38590,4529,38590,766,65
1601,3470,38591,4529,38591,766,65
1601,3470,38592,4529,38592,766,65
1601,3470,38593,4529,38593,766,65
1601,3470,38594,4529,38594,766,65
1601,3470,38595,4529,38595,766,65
1601,3470,38596,4529,38596,766,65
1601,3470,38597,4529,38597,766,65
1601,3470,38598,4529,38598,766,65
1601,3470,38599,4529,38599,766,65
1601,3470,38600,4529,38600,766,65
1601,3470,38601,4529,38601,766,65
1601,3470,38602,4529,38602,766,65
1601,3470,38603,4529,38603,766,65
1601,3470,38604,4529,38604,766,65
1601,3470,38605,4529,38605,766,65
1601,3470,38606,4529,38606,766,65
1601,3470,38607,4529,38607,766,65
1601,3470,38608,4529,38608,766,65
1601,3470,38609,4529,38609,766,65
1601,3470,38610,4529,38610,766,65
1601,3470,38611,4529,38611,766,65
1601,3470,38612,4529,38612,766,65
1601,3470,38613,4529,38613,766,65
1601,3470,38614,4529,38614,766,65
1601,3470,38615,4529,38615,766,65
1601,3470,38616,4529,38616,766,65
1601,3470,38617,4529,38617,766,65
1601,3470,38618,4529,38618,766,65
1601,3470,38619,4529,38619,766,65
1601,3470,38620,4529,38620,766,65
1601,3470,38621,4529,38621,766,65
1601,3470,38622,4529,38622,766,65
1601,3470,38623,4529,38623,766,65
1601,3470,38624,4529,38624,766,65
1601,3470,38625,4529,38625,766,65
1601,3470,38626,4529,38626,766,65
1601,3470,38627,4529,38627,766,65
1601,3470,38628,4529,38628,766,65
1601,3470,38629,4529,38629,766,65
1601,3470,38630,4529,38630,766,65
1601,3470,38631,4529,38631,766,65
1601,3470,38632,4529,38632,766,65
1601,3470,38633,4529,38633,766,65
1601,3470,38634,4529,38634,766,65
1601,3470,38635,4529,38635,766,65
1601,3470,38636,4529,38636,766,65
1601,3470,38637,4529,38637,766,65
1601,3470,38638,4529,38638,766,65
1601,3470,38639,4529,38639,766,65
1601,3470,38640,4529,38640,766,65
1601,3470,38641,4529,38641,766,65
1601,3470,38642,4529,38642,766,65
1601,3470,38643,4529,38643,766,65
1601,3470,38644,4529,38644,766,65
1601,3470,38645,4529,38645,766,65
1601,3470,38646,4529,38646,766,65
1601,3470,38647,4529,38647,766,65
1601,3470,38648,4529,38648,766,65
1601,3470,38649,4529,38649,766,65
1601,3470,38650,4529,38650,766,65
1601,3470,38651,4529,38651,766,65
1601,3470,38652,4529,38652,766,65
1601,3470,38653,4529,38653,766,65
1601,3470,38654,4529,38654,766,65
1601,3470,38655,4529,38655,766,65
1601,3470,38656,4529,38656,766,65
1601,3470,38657,4529,38657,766,65
1601,3470,38658,4529,38658,766,65
1601,3470,38659,4529,38659,766,65
1601,3470,38660,4529,38660,766,65
1601,3470,38661,4529,38661,766,65
1601,3470,38662,4529,38662,766,65
1601,3470,38663,4529,38663,766,65
1601,3470,38664,4529,38664,766,65
1601,3470,38665,4529,38665,766,65
1601,3470,38666,4529,38666,766,65
1601,3470,38667,4529,38667,766,65
1601,3470,38668,4529,38668,766,65
1601,3470,38669,4529,38669,766,65
1601,3470,38670,4529,38670,766,65
1601,3470,38671,4529,38671,766,65
1601,3470,38672,4529,38672,766,65
1601,3470,38673,4529,38673,766,65
1601,3470,38674,4529,38674,766,65
1601,3470,38675,4529,38675,766,65
1601,3470,38676,4529,38676,766,65
1601,3470,38677,4529,38677,766,65
1601,3470,38678,4529,38678,766,65
1601,3470,38679,4529,38679,766,65
1601,3470,38680,4529,38680,766,65
1601,3470,38681,4529,38681,766,65
1601,3470,38682,4529,38682,766,65
1601,3470,38683,4529,38683,766,65
1601,3470,38684,4529,38684,766,65
1601,3470,38685,4529,38685,766,65
1601,3470,38686,4529,38686,766,65
1601,3470,38687,4529,38687,766,65
1601,3470,38688,4529,38688,766,65
1601,3470,38689,4529,38689,766,65
1601,3470,38690,4529,38690,766,65
1601,3470,38691,4529,38691,766,65
1601,3470,38692,4529,38692,766,65
1601,3470,38693,4529,38693,766,65
1601,3470,38694,4529,38694,766,65
1601,3470,38695,4529,38695,766,65
1601,3470,38696,4529,38696,766,65
1601,3470,38697,4529,38697,766,65
1601,3470,38698,4529,38698,766,65
1601,3470,38699,4529,38699,766,65
1601,3470,38700,4529,38700,766,65
1601,3470,38701,4529,38701,766,65
1601,3470,38702,4529,38702,766,65
1601,3470,38703,4529,38703,766,65
1601,3470,38704,4529,38704,766,65
1601,3470,38705,4529,38705,766,65
1601,3470,38706,4529,38706,766,65
1601,3470,38707,4529,38707,766,65
1601,3470,38708,4529,38708,766,65
1601,3470,38709,4529,38709,766,65
1601,3470,38710,4529,38710,766,65
1601,3470,38711,4529,38711,766,65
1601,3470,38712,4529,38712,766,65
1601,3470,38713,4529,38713,766,65
1601,3470,38714,4529,38714,766,65
1601,3470,38715,4529,38715,766,65
1601,3470,38716,4529,38716,766,65
1601,3470,38717,4529,38717,766,65
1601,3470,38718,4529,38718,766,65
1601,3470,38719,4529,38719,766,65
1601,3470,38720,4529,38720,766,65
1601,3470,38721,4529,38721,766,65
1601,3470,38722,4529,38722,766,65
1601,3470,38723,4529,38723,766,65
1601,3470,38724,4529,38724,766,65
1601,3470,38725,4529,38725,766,65
1601,3470,38726,4529,38726,766,65
1601,3470,38727,4529,38727,766,65
1601,3470,38728,4529,38728,766,65
1601,3470,38729,4529,38729,766,65
1601,3470,38730,4529,38730,766,65
1601,3470,38731,4529,38731,766,65
1601,3470,38732,4529,38732,766,65
1601,3470,38733,4529,38733,766,65
1601,3470,38734,4529,38734,766,65
1601,3470,38735,4529,38735,766,65
1601,3470,38736,4529,38736,766,65
1601,3470,38737,4529,38737,766,65
1601,3470,38738,4529,38738,766,65
1601,3470,38739,4529,38739,766,65
1601,3470,38740,4529,38740,766,65
1601,3470,38741,4529,38741,766,65
1601,3470,38742,4529,38742,766,65
1601,3470,38743,4529,38743,766,65
1601,3470,38744,4529,38744,766,65
1601,3470,38745,4529,38745,766,65
1601,3470,38746,4529,38746,766,65
1601,3470,38747,4529,38747,766,65
1601,3470,38748,4529,38748,766,65
1601,3470,38749,4529,38749,766,65
1601,3470,38750,4529,38750,766,65
1601,3470,38751,4529,38751,766,65
1601,3470,38752,4529,38752,766,65
1601,3470,38753,4529,38753,766,65
1601,3470,38754,4529,38754,766,65
1601,3470,38755,4529,38755,766,65
1601,3470,38756,4529,38756,766,65
1601,3470,38757,4529,38757,766,65
1601,3470,38758,4529,38758,766,65
1601,3470,38759,4529,38759,766,65
1601,3470,38760,4529,38760,766,65
1601,3470,38761,4529,38761,766,65
1601,3470,38762,4529,38762,766,65
1601,3470,38763,4529,38763,766,65
1601,3470,38764,4529,38764,766,65
1601,3470,38765,4529,38765,766,65
1601,3470,38766,4529,38766,766,65
1601,3470,38767,4529,38767,766,65
1601,3470,38768,4529,38768,766,65
1601,3470,38769,4529,38769,766,65
1601,3470,38770,4529,38770,766,65
1601,3470,38771,4529,38771,766,65
1601,3470,38772,4529,38772,766,65
1601,3470,38773,4529,38773,766,65
1601,3470,38774,4529,38774,766,65
1601,3470,38775,4529,38775,766,65
1601,3470,38776,4529,38776,766,65
1601,3470,38777,4529,38777,766,65
1601,3470,38778,4529,38778,766,65
1601,3470,38779,4529,38779,766,65
1601,3470,38780,4529,38780,766,65
1601,3470,38781,4529,38781,766,65
1601,3470,38782,4529,38782,766,65
1601,3470,38783,4529,38783,766,65
1601,3470,38784,4529,38784,766,65
1601,3470,38785,4529,38785,766,65
1601,3470,38786,4529,38786,766,65
1601,3470,38787,4529,38787,766,65
1601,3470,38788,4529,38788,766,65
1601,3470,38789,4529,38789,766,65
1601,3470,38790,4529,38790,766,65
1601,3470,38791,4529,38791,766,65
1601,3470,38792,4529,38792,766,65
1601,3470,38793,4529,38793,766,65
1601,3470,38794,4529,38794,766,65
1601,3470,38795,4529,38795,766,65
1601,3470,38796,4529,38796,766,65
1601,3470,38797,4529,38797,766,65
1601,3470,38798,4529,38798,766,65
1601,3470,38799,4529,38799,766,65
1601,3470,38800,4529,38800,766,65
1601,3470,38801,4529,38801,766,65
1601,3470,38802,4529,38802,766,65
1601,3470,38803,4529,38803,766,65
1601,3470,38804,4529,38804,766,65
1601,3470,38805,4529,38805,766,65
1601,3470,38806,4529,38806,766,65
1601,3470,38807,4529,38807,766,65
1601,3470,38808,4529,38808,766,65
1601,3470,38809,4529,38809,766,65
1601,3470,38810,4529,38810,766,65
1601,3470,38811,4529,38811,766,65
1601,3470,38812,4529,38812,766,65
1601,3470,38813,4529,38813,766,65
1601,3470,38814,4529,38814,766,65
1601,3470,38815,4529,38815,766,65
1601,3470,38816,4529,38816,766,65
1601,3470,38817,4529,38817,766,65
1601,3470,38818,4529,38818,766,65
1601,3470,38819,4529,38819,766,65
1601,3470,38820,4529,38820,766,65
1601,3470,38821,4529,38821,766,65
1601,3470,38822,4529,38822,766,65
1601,3470,38823,4529,38823,766,65
1601,3470,38824,4529,38824,766,65
1601,3470,38825,4529,38825,766,65
1601,3470,38826,4529,38826,766,65
1601,3470,38827,4529,38827,766,65
1601,3470,38828,4529,38828,766,65
1601,3470,38829,4529,38829,766,65
1601,3470,38830,4529,38830,766,65
1601,3470,38831,4529,38831,766,65
1601,3470,38832,4529,38832,766,65
1601,3470,38833,4529,38833,766,65
1601,3470,38834,4529,38834,766,65
1601,3470,38835,4529,38835,766,65
1601,3470,38836,4529,38836,766,65
1601,3470,38837,4529,38837,766,65
1601,3470,38838,4529,38838,766,65
1601,3470,38839,4529,38839,766,65
1601,3470,38840,4529,38840,766,65
1601,3470,38841,4529,38841,766,65
1601,3470,38842,4529,38842,766,65
1601,3470,38843,4529,38843,766,65
1601,3470,38844,4529,38844,766,65
1601,3470,38845,4529,38845,766,65
1601,3470,38846,4529,38846,766,65
1601,3470,38847,4529,38847,766,65
1601,3470,38848,4529,38848,766,65
1601,3470,38849,4529,38849,766,65
1601,3470,38850,4529,38850,766,65
1601,3470,38851,4529,38851,766,65
1601,3470,38852,4529,38852,766,65
1601,3470,38853,4529,38853,766,65
1601,3470,38854,4529,38854,766,65
1601,3470,38855,4529,38855,766,65
1601,3470,38856,4529,38856,766,65
1601,3470,38857,4529,38857,766,65
1601,3470,38858,4529,38858,766,65
1601,3470,38859,4529,38859,766,65
1601,3470,38860,4529,38860,766,65
1601,3470,38861,4529,38861,766,65
1601,3470,38862,4529,38862,766,65
1601,3470,38863,4529,38863,766,65
1601,3470,38864,4529,38864,766,65
1601,3470,38865,4529,38865,766,65
1601,3470,38866,4529,38866,766,65
1601,3470,38867,4529,38867,766,65
1601,3470,38868,4529,38868,766,65
1601,3470,38869,4529,38869,766,65
1601,3470,38870,4529,38870,766,65
1601,3470,38871,4529,38871,766,65
1601,3470,38872,4529,38872,766,65
1601,3470,38873,4529,38873,766,65
1601,3470,38874,4529,38874,766,65
1601,3470,38875,4529,38875,766,65
1601,3470,38876,4529,38876,766,65
1601,3470,38877,4529,38877,766,65
1601,3470,38878,4529,38878,766,65
1601,3470,38879,4529,38879,766,65
1601,3470,38880,4529,38880,766,65
1601,3470,38881,4529,38881,766,65
1601,3470,38882,4529,38882,766,65
1601,3470,38883,4529,38883,766,65
1601,3470,38884,4529,38884,766,65
1601,3470,38885,4529,38885,766,65
1601,3470,38886,4529,38886,766,65
1601,3470,38887,4529,38887,766,65
1601,3470,38888,4529,38888,766,65
1601,3470,38889,4529,38889,766,65
1601,3470,38890,4529,38890,766,65
1601,3470,38891,4529,38891,766,65
1601,3470,38892,4529,38892,766,65
1601,3470,38893,4529,38893,766,65
1601,3470,38894,4529,38894,766,65
1601,3470,38895,4529,38895,766,65
1601,3470,38896,4529,38896,766,65
1601,3470,38897,4529,38897,766,65
1601,3470,38898,4529,38898,766,65
1601,3470,38899,4529,38899,766,65
1601,3470,38900,4529,38900,766,65
1601,3470,38901,4529,38901,766,65
1601,3470,38902,4529,38902,766,65
1601,3470,38903,4529,38903,766,65
1601,3470,38904,4529,38904,766,65
1601,3470,38905,4529,38905,766,65
1601,3470,38906,4529,38906,766,65
1601,3470,38907,4529,38907,766,65
1601,3470,38908,4529,38908,766,65
1601,3470,38909,4529,38909,766,65
1601,3470,38910,4529,38910,766,65
1601,3470,38911,4529,38911,766,65
1601,3470,38912,4529,38912,766,65
1601,3470,38913,4529,38913,766,65
1601,3470,38914,4529,38914,766,65
1601,3470,38915,4529,38915,766,65
1601,3470,38916,4529,38916,766,65
1601,3470,38917,4529,38917,766,65
1601,3470,38918,4529,38918,766,65
1601,3470,38919,4529,38919,766,65
1601,3470,38920,4529,38920,766,65
1601,3470,38921,4529,38921,766,65
1601,3470,38922,4529,38922,766,65
1601,3470,38923,4529,38923,766,65
1601,3470,38924,4529,38924,766,65
1601,3470,38925,4529,38925,766,65
1601,3470,38926,4529,38926,766,65
1601,3470,38927,4529,38927,766,65
1601,3470,38928,4529,38928,766,65
1601,3470,38929,4529,38929,766,65
1601,3470,38930,4529,38930,766,65
1601,3470,38931,4529,38931,766,65
1601,3470,38932,4529,38932,766,65
1601,3470,38933,4529,38933,766,65
1601,3470,38934,4529,38934,766,65
1601,3470,38935,4529,38935,766,65
1601,3470,38936,4529,38936,766,65
1601,3470,38937,4529,38937,766,65
1601,3470,38938,4529,38938,766,65
1601,3470,38939,4529,38939,766,65
1601,3470,38940,4529,38940,766,65
1601,3470,38941,4529,38941,766,65
1601,3470,38942,4529,38942,766,65
1601,3470,38943,4529,38943,766,65
1601,3470,38944,4529,38944,766,65
1601,3470,38945,4529,38945,766,65
1601,3470,38946,4529,38946,766,65
1601,3470,38947,4529,38947,766,65
1601,3470,38948,4529,38948,766,65
1601,3470,38949,4529,38949,766,65
1601,3470,38950,4529,38950,766,65
1601,3470,38951,4529,38951,766,65
1601,3470,38952,4529,38952,766,65
1601,3470,38953,4529,38953,766,65
1601,3470,38954,4529,38954,766,65
1601,3470,38955,4529,38955,766,65
1601,3470,38956,4529,38956,766,65
1601,3470,38957,4529,38957,766,65
1601,3470,38958,4529,38958,766,65
1601,3470,38959,4529,38959,766,65
1601,3470,38960,4529,38960,766,65
1601,3470,38961,4529,38961,766,65
1601,3470,38962,4529,38962,766,65
1601,3470,38963,4529,38963,766,65
1601,3470,38964,4529,38964,766,65
1601,3470,38965,4529,38965,766,65
1601,3470,38966,4529,38966,766,65
1601,3470,38967,4529,38967,766,65
1601,3470,38968,4529,38968,766,65
1601,3470,38969,4529,38969,766,65
1601,3470,38970,4529,38970,766,65
1601,3470,38971,4529,38971,766,65
1601,3470,38972,4529,38972,766,65
1601,3470,38973,4529,38973,766,65
1601,3470,38974,4529,38974,766,65
1601,3470,38975,4529,38975,766,65
1601,3470,38976,4529,38976,766,65
1601,3470,38977,4529,38977,766,65
1601,3470,38978,4529,38978,766,65
1601,3470,38979,4529,38979,766,65
1601,3470,38980,4529,38980,766,65
1601,3470,38981,4529,38981,766,65
1601,3470,38982,4529,38982,766,65
1601,3470,38983,4529,38983,766,65
1601,3470,38984,4529,38984,766,65
1601,3470,38985,4529,38985,766,65
1601,3470,38986,4529,38986,766,65
1601,3470,38987,4529,38987,766,65
1601,3470,38988,4529,38988,766,65
1601,3470,38989,4529,38989,766,65
1601,3470,38990,4529,38990,766,65
1601,3470,38991,4529,38991,766,65
1601,3470,38992,4529,38992,766,65
1601,3470,38993,4529,38993,766,65
1601,3470,38994,4529,38994,766,65
1601,3470,38995,4529,38995,766,65
1601,3470,38996,4529,38996,766,65
1601,3470,38997,4529,38997,766,65
1601,3470,38998,4529,38998,766,65
1601,3470,38999,4529,38999,766,65
1601,3470,39000,4529,39000,766,65
1601,3470,39001,4529,39001,766,65
1601,3470,39002,4529,39002,766,65
1601,3470,39003,4529,39003,766,65
1601,3470,39004,4529,39004,766,65
1601,3470,39005,4529,39005,766,65
1601,3470,39006,4529,39006,766,65
1601,3470,39007,4529,39007,766,65
1601,3470,39008,4529,39008,766,65
1601,3470,39009,4529,39009,766,65
1601,3470,39010,4529,39010,766,65
1601,3470,39011,4529,39011,766,65
1601,3470,39012,4529,39012,766,65
1601,3470,39013,4529,39013,766,65
1601,3470,39014,4529,39014,766,65
1601,3470,39015,4529,39015,766,65
1601,3470,39016,4529,39016,766,65
1601,3470,39017,4529,39017,766,65
1601,3470,39018,4529,39018,766,65
1601,3470,39019,4529,39019,766,65
1601,3470,39020,4529,39020,766,65
1601,3470,39021,4529,39021,766,65
1601,3470,39022,4529,39022,766,65
1601,3470,39023,4529,39023,766,65
1601,3470,39024,4529,39024,766,65
1601,3470,39025,4529,39025,766,65
1601,3470,39026,4529,39026,766,65
1601,3470,39027,4529,39027,766,65
1601,3470,39028,4529,39028,766,65
1601,3470,39029,4529,39029,766,65
1601,3470,39030,4529,39030,766,65
1601,3470,39031,4529,39031,766,65
1601,3470,39032,4529,39032,766,65
1601,3470,39033,4529,39033,766,65
1601,3470,39034,4529,39034,766,65
1601,3470,39035,4529,39035,766,65
1601,3470,39036,4529,39036,766,65
1601,3470,39037,4529,39037,766,65
1601,3470,39038,4529,39038,766,65
1601,3470,39039,4529,39039,766,65
1601,3470,39040,4529,39040,766,65
1601,3470,39041,4529,39041,766,65
1601,3470,39042,4529,39042,766,65
1601,3470,39043,4529,39043,766,65
1601,3470,39044,4529,39044,766,65
1601,3470,39045,4529,39045,766,65
1601,3470,39046,4529,39046,766,65
1601,3470,39047,4529,39047,766,65
1601,3470,39048,4529,39048,766,65
1601,3470,39049,4529,39049,766,65
1601,3470,39050,4529,39050,766,65
1601,3470,39051,4529,39051,766,65
1601,3470,39052,4529,39052,766,65
1601,3470,39053,4529,39053,766,65
1601,3470,39054,4529,39054,766,65
1601,3470,39055,4529,39055,766,65
1601,3470,39056,4529,39056,766,65
1601,3470,39057,4529,39057,766,65
1601,3470,39058,4529,39058,766,65
1601,3470,39059,4529,39059,766,65
1601,3470,39060,4529,39060,766,65
1601,3470,39061,4529,39061,766,65
1601,3470,39062,4529,39062,766,65
1601,3470,39063,4529,39063,766,65
1601,3470,39064,4529,39064,766,65
1601,3470,39065,4529,39065,766,65
1601,3470,39066,4529,39066,766,65
1601,3470,39067,4529,39067,766,65
1601,3470,39068,4529,39068,766,65
1601,3470,39069,4529,39069,766,65
1601,3470,39070,4529,39070,766,65
1601,3470,39071,4529,39071,766,65
1601,3470,39072,4529,39072,766,65
1601,3470,39073,4529,39073,766,65
1601,3470,39074,4529,39074,766,65
1601,3470,39075,4529,39075,766,65
1601,3470,39076,4529,39076,766,65
1601,3470,39077,4529,39077,766,65
1601,3470,39078,4529,39078,766,65
1601,3470,39079,4529,39079,766,65
1601,3470,39080,4529,39080,766,65
1601,3470,39081,4529,39081,766,65
1602,3470,39082,4529,39082,766,65
1602,3470,39083,4529,39083,766,65
1602,3470,39084,4529,39084,766,65
1602,3470,39085,4529,39085,766,65
1602,3470,39086,4529,39086,766,65
1602,3470,39087,4529,39087,766,65
1602,3470,39088,4529,39088,766,65
1602,3470,39089,4529,39089,766,65
1602,3470,39090,4529,39090,766,65
1602,3470,39091,4529,39091,766,65
1602,3470,39092,4529,39092,766,65
1602,3470,39093,4529,39093,766,65
1602,3470,39094,4529,39094,766,65
1602,3470,39095,4529,39095,766,65
1602,3470,39096,4529,39096,766,65
1602,3470,39097,4529,39097,766,65
1602,3470,39098,4529,39098,766,65
1602,3470,39099,4529,39099,766,65
1602,3470,39100,4529,39100,766,65
1602,3470,39101,4529,39101,766,65
1602,3470,39102,4529,39102,766,65
1602,3470,39103,4529,39103,766,65
1602,3470,39104,4529,39104,766,65
1602,3470,39105,4529,39105,766,65
1602,3470,39106,4529,39106,766,65
1602,3470,39107,4529,39107,766,65
1602,3470,39108,4529,39108,766,65
1602,3470,39109,4529,39109,766,65
1602,3470,39110,4529,39110,766,65
1602,3470,39111,4529,39111,766,65
1602,3470,39112,4529,39112,766,65
1602,3470,39113,4529,39113,766,65
1602,3470,39114,4529,39114,766,65
1602,3470,39115,4529,39115,766,65
1602,3470,39116,4529,39116,766,65
1602,3470,39117,4529,39117,766,65
1602,3470,39118,4529,39118,766,65
1602,3470,39119,4529,39119,766,65
1602,3470,39120,4529,39120,766,65
1602,3470,39121,4529,39121,766,65
1602,3470,39122,4529,39122,766,65
1602,3470,39123,4529,39123,766,65
1602,3470,39124,4529,39124,766,65
1602,3470,39125,4529,39125,766,65
1602,3470,39126,4529,39126,766,65
1602,3470,39127,4529,39127,766,65
1603,3470,39128,4529,39128,766,65
1603,3470,39129,4529,39129,766,65
1603,3470,39130,4529,39130,766,65
1603,3470,39131,4529,39131,766,65
1603,3470,39132,4529,39132,766,65
1603,3470,39133,4529,39133,766,65
1603,3470,39134,4529,39134,766,65
1603,3470,39135,4529,39135,766,65
1603,3470,39136,4529,39136,766,65
1603,3470,39137,4529,39137,766,65
1603,3470,39138,4529,39138,766,65
1603,3470,39139,4529,39139,766,65
1603,3470,39140,4529,39140,766,65
1603,3470,39141,4529,39141,766,65
1603,3470,39142,4529,39142,766,65
1603,3470,39143,4529,39143,766,65
1603,3470,39144,4529,39144,766,65
1603,3470,39145,4529,39145,766,65
1603,3470,39146,4529,39146,766,65
1603,3470,39147,4529,39147,766,65
1603,3470,39148,4529,39148,766,65
1603,3470,39149,4529,39149,766,65
1603,3470,39150,4529,39150,766,65
1603,3470,39151,4529,39151,766,65
1603,3470,39152,4529,39152,766,65
1603,3470,39153,4529,39153,766,65
1603,3470,39154,4529,39154,766,65
1603,3470,39155,4529,39155,766,65
1603,3470,39156,4529,39156,766,65
1603,3470,39157,4529,39157,766,65
1603,3470,39158,4529,39158,766,65
1603,3470,39159,4529,39159,766,65
1603,3470,39160,4529,39160,766,65
1603,3470,39161,4529,39161,766,65
1603,3470,39162,4529,39162,766,65
1603,3470,39163,4529,39163,766,65
1603,3470,39164,4529,39164,766,65
1603,3470,39165,4529,39165,766,65
1603,3470,39166,4529,39166,766,65
1604,3470,39167,4529,39167,766,65
1604,3470,39168,4529,39168,766,65
1604,3470,39169,4529,39169,766,65
1604,3470,39170,4529,39170,766,65
1604,3470,39171,4529,39171,766,65
1604,3470,39172,4529,39172,766,65
1604,3470,39173,4529,39173,766,65
1604,3470,39174,4529,39174,766,65
1604,3470,39175,4529,39175,766,65
1604,3470,39176,4529,39176,766,65
1604,3470,39177,4529,39177,766,65
1604,3470,39178,4529,39178,766,65
1604,3470,39179,4529,39179,766,65
1604,3470,39180,4529,39180,766,65
1604,3470,39181,4529,39181,766,65
1604,3470,39182,4529,39182,766,65
1604,3470,39183,4529,39183,766,65
1604,3470,39184,4529,39184,766,65
1604,3470,39185,4529,39185,766,65
1604,3470,39186,4529,39186,766,65
1604,3470,39187,4529,39187,766,65
1604,3470,39188,4529,39188,766,65
1604,3470,39189,4529,39189,766,65
1604,3470,39190,4529,39190,766,65
1604,3470,39191,4529,39191,766,65
1604,3470,39192,4529,39192,766,65
1604,3470,39193,4529,39193,766,65
1604,3470,39194,4529,39194,766,65
1604,3470,39195,4529,39195,766,65
1604,3470,39196,4529,39196,766,65
1604,3470,39197,4529,39197,766,65
1604,3470,39198,4529,39198,766,65
1604,3470,39199,4529,39199,766,65
1604,3470,39200,4529,39200,766,65
1604,3470,39201,4529,39201,766,65
1604,3470,39202,4529,39202,766,65
1604,3470,39203,4529,39203,766,65
1604,3470,39204,4529,39204,766,65
1604,3470,39205,4529,39205,766,65
1604,3470,39206,4529,39206,766,65
1604,3470,39207,4529,39207,766,65
1604,3470,39208,4529,39208,766,65
1604,3470,39209,4529,39209,766,65
1604,3470,39210,4529,39210,766,65
1604,3470,39211,4529,39211,766,65
1604,3470,39212,4529,39212,766,65
1604,3470,39213,4529,39213,766,65
1604,3470,39214,4529,39214,766,65
1604,3470,39215,4529,39215,766,65
1604,3470,39216,4529,39216,766,65
1604,3470,39217,4529,39217,766,65
1604,3470,39218,4529,39218,766,65
1604,3470,39219,4529,39219,766,65
1604,3470,39220,4529,39220,766,65
1604,3470,39221,4529,39221,766,65
1605,3470,39222,4529,39222,766,65
1605,3470,39223,4529,39223,766,65
1605,3470,39224,4529,39224,766,65
1605,3470,39225,4529,39225,766,65
1605,3470,39226,4529,39226,766,65
1605,3470,39227,4529,39227,766,65
1605,3470,39228,4529,39228,766,65
1605,3470,39229,4529,39229,766,65
1605,3470,39230,4529,39230,766,65
1605,3470,39231,4529,39231,766,65
1605,3470,39232,4529,39232,766,65
1605,3470,39233,4529,39233,766,65
1605,3470,39234,4529,39234,766,65
1605,3470,39235,4529,39235,766,65
1605,3470,39236,4529,39236,766,65
1605,3470,39237,4529,39237,766,65
1605,3470,39238,4529,39238,766,65
1605,3470,39239,4529,39239,766,65
1605,3470,39240,4529,39240,766,65
1605,3470,39241,4529,39241,766,65
1605,3470,39242,4529,39242,766,65
1605,3470,39243,4529,39243,766,65
1605,3470,39244,4529,39244,766,65
1605,3470,39245,4529,39245,766,65
1605,3470,39246,4529,39246,766,65
1605,3470,39247,4529,39247,766,65
1605,3470,39248,4529,39248,766,65
1605,3470,39249,4529,39249,766,65
1605,3470,39250,4529,39250,766,65
1605,3470,39251,4529,39251,766,65
1605,3470,39252,4529,39252,766,65
1605,3470,39253,4529,39253,766,65
1605,3470,39254,4529,39254,766,65
1605,3470,39255,4529,39255,766,65
1605,3470,39256,4529,39256,766,65
1605,3470,39257,4529,39257,766,65
1605,3470,39258,4529,39258,766,65
1605,3470,39259,4529,39259,766,65
1605,3470,39260,4529,39260,766,65
1605,3470,39261,4529,39261,766,65
1605,3470,39262,4529,39262,766,65
1605,3470,39263,4529,39263,766,65
1605,3470,39264,4529,39264,766,65
1605,3470,39265,4529,39265,766,65
1605,3470,39266,4529,39266,766,65
1605,3470,39267,4529,39267,766,65
1605,3470,39268,4529,39268,766,65
1605,3470,39269,4529,39269,766,65
1605,3470,39270,4529,39270,766,65
1605,3470,39271,4529,39271,766,65
1605,3470,39272,4529,39272,766,65
1605,3470,39273,4529,39273,766,65
1605,3470,39274,4529,39274,766,65
1605,3470,39275,4529,39275,766,65
1605,3470,39276,4529,39276,766,65
1605,3470,39277,4529,39277,766,65
1605,3470,39278,4529,39278,766,65
1605,3470,39279,4529,39279,766,65
1605,3470,39280,4529,39280,766,65
1605,3470,39281,4529,39281,766,65
1605,3470,39282,4529,39282,766,65
1605,3470,39283,4529,39283,766,65
1605,3470,39284,4529,39284,766,65
1605,3470,39285,4529,39285,766,65
1605,3470,39286,4529,39286,766,65
1605,3470,39287,4529,39287,766,65
1605,3470,39288,4529,39288,766,65
1605,3470,39289,4529,39289,766,65
1605,3470,39290,4529,39290,766,65
1605,3470,39291,4529,39291,766,65
1605,3470,39292,4529,39292,766,65
1605,3470,39293,4529,39293,766,65
1605,3470,39294,4529,39294,766,65
1605,3470,39295,4529,39295,766,65
1605,3470,39296,4529,39296,766,65
1605,3470,39297,4529,39297,766,65
1605,3470,39298,4529,39298,766,65
1605,3470,39299,4529,39299,766,65
1605,3470,39300,4529,39300,766,65
1605,3470,39301,4529,39301,766,65
1605,3470,39302,4529,39302,766,65
1605,3470,39303,4529,39303,766,65
1605,3470,39304,4529,39304,766,65
1605,3470,39305,4529,39305,766,65
1605,3470,39306,4529,39306,766,65
1605,3470,39307,4529,39307,766,65
1605,3470,39308,4529,39308,766,65
1605,3470,39309,4529,39309,766,65
1605,3470,39310,4529,39310,766,65
1605,3470,39311,4529,39311,766,65
1605,3470,39312,4529,39312,766,65
1605,3470,39313,4529,39313,766,65
1605,3470,39314,4529,39314,766,65
1605,3470,39315,4529,39315,766,65
1605,3470,39316,4529,39316,766,65
1605,3470,39317,4529,39317,766,65
1605,3470,39318,4529,39318,766,65
1605,3470,39319,4529,39319,766,65
1605,3470,39320,4529,39320,766,65
1605,3470,39321,4529,39321,766,65
1605,3470,39322,4529,39322,766,65
1605,3470,39323,4529,39323,766,65
1605,3470,39324,4529,39324,766,65
1605,3470,39325,4529,39325,766,65
1605,3470,39326,4529,39326,766,65
1605,3470,39327,4529,39327,766,65
1605,3470,39328,4529,39328,766,65
1605,3470,39329,4529,39329,766,65
1605,3470,39330,4529,39330,766,65
1605,3470,39331,4529,39331,766,65
1605,3470,39332,4529,39332,766,65
1605,3470,39333,4529,39333,766,65
1605,3470,39334,4529,39334,766,65
1605,3470,39335,4529,39335,766,65
1605,3470,39336,4529,39336,766,65
1605,3470,39337,4529,39337,766,65
1605,3470,39338,4529,39338,766,65
1605,3470,39339,4529,39339,766,65
1605,3470,39340,4529,39340,766,65
1605,3470,39341,4529,39341,766,65
1605,3470,39342,4529,39342,766,65
1605,3470,39343,4529,39343,766,65
1605,3470,39344,4529,39344,766,65
1605,3470,39345,4529,39345,766,65
1605,3470,39346,4529,39346,766,65
1605,3470,39347,4529,39347,766,65
1605,3470,39348,4529,39348,766,65
1605,3470,39349,4529,39349,766,65
1605,3470,39350,4529,39350,766,65
1605,3470,39351,4529,39351,766,65
1605,3470,39352,4529,39352,766,65
1605,3470,39353,4529,39353,766,65
1605,3470,39354,4529,39354,766,65
1605,3470,39355,4529,39355,766,65
1605,3470,39356,4529,39356,766,65
1605,3470,39357,4529,39357,766,65
1605,3470,39358,4529,39358,766,65
1605,3470,39359,4529,39359,766,65
1605,3470,39360,4529,39360,766,65
1605,3470,39361,4529,39361,766,65
1605,3470,39362,4529,39362,766,65
1605,3470,39363,4529,39363,766,65
1605,3470,39364,4529,39364,766,65
1605,3470,39365,4529,39365,766,65
1605,3470,39366,4529,39366,766,65
1605,3470,39367,4529,39367,766,65
1605,3470,39368,4529,39368,766,65
1605,3470,39369,4529,39369,766,65
1605,3470,39370,4529,39370,766,65
1605,3470,39371,4529,39371,766,65
1605,3470,39372,4529,39372,766,65
1605,3470,39373,4529,39373,766,65
1605,3470,39374,4529,39374,766,65
1605,3470,39375,4529,39375,766,65
1605,3470,39376,4529,39376,766,65
1605,3470,39377,4529,39377,766,65
1605,3470,39378,4529,39378,766,65
1605,3470,39379,4529,39379,766,65
1605,3470,39380,4529,39380,766,65
1605,3470,39381,4529,39381,766,65
1605,3470,39382,4529,39382,766,65
1605,3470,39383,4529,39383,766,65
1605,3470,39384,4529,39384,766,65
1605,3470,39385,4529,39385,766,65
1605,3470,39386,4529,39386,766,65
1605,3470,39387,4529,39387,766,65
1605,3470,39388,4529,39388,766,65
1605,3470,39389,4529,39389,766,65
1605,3470,39390,4529,39390,766,65
1605,3470,39391,4529,39391,766,65
1605,3470,39392,4529,39392,766,65
1605,3470,39393,4529,39393,766,65
1605,3470,39394,4529,39394,766,65
1605,3470,39395,4529,39395,766,65
1605,3470,39396,4529,39396,766,65
1605,3470,39397,4529,39397,766,65
1605,3470,39398,4529,39398,766,65
1605,3470,39399,4529,39399,766,65
1605,3470,39400,4529,39400,766,65
1605,3470,39401,4529,39401,766,65
1605,3470,39402,4529,39402,766,65
1605,3470,39403,4529,39403,766,65
1605,3470,39404,4529,39404,766,65
1605,3470,39405,4529,39405,766,65
1605,3470,39406,4529,39406,766,65
1605,3470,39407,4529,39407,766,65
1605,3470,39408,4529,39408,766,65
1605,3470,39409,4529,39409,766,65
1605,3470,39410,4529,39410,766,65
1605,3470,39411,4529,39411,766,65
1605,3470,39412,4529,39412,766,65
1605,3470,39413,4529,39413,766,65
1605,3470,39414,4529,39414,766,65
1605,3470,39415,4529,39415,766,65
1605,3470,39416,4529,39416,766,65
1605,3470,39417,4529,39417,766,65
1605,3470,39418,4529,39418,766,65
1605,3470,39419,4529,39419,766,65
1605,3470,39420,4529,39420,766,65
1605,3470,39421,4529,39421,766,65
1605,3470,39422,4529,39422,766,65
1605,3470,39423,4529,39423,766,65
1605,3470,39424,4529,39424,766,65
1605,3470,39425,4529,39425,766,65
1605,3470,39426,4529,39426,766,65
1605,3470,39427,4529,39427,766,65
1605,3470,39428,4529,39428,766,65
1605,3470,39429,4529,39429,766,65
1605,3470,39430,4529,39430,766,65
1605,3470,39431,4529,39431,766,65
1605,3470,39432,4529,39432,766,65
1605,3470,39433,4529,39433,766,65
1605,3470,39434,4529,39434,766,65
1605,3470,39435,4529,39435,766,65
1605,3470,39436,4529,39436,766,65
1605,3470,39437,4529,39437,766,65
1605,3470,39438,4529,39438,766,65
1605,3470,39439,4529,39439,766,65
1605,3470,39440,4529,39440,766,65
1605,3470,39441,4529,39441,766,65
1605,3470,39442,4529,39442,766,65
1605,3470,39443,4529,39443,766,65
1605,3470,39444,4529,39444,766,65
1605,3470,39445,4529,39445,766,65
1605,3470,39446,4529,39446,766,65
1605,3470,39447,4529,39447,766,65
1605,3470,39448,4529,39448,766,65
1605,3470,39449,4529,39449,766,65
1605,3470,39450,4529,39450,766,65
1605,3470,39451,4529,39451,766,65
1605,3470,39452,4529,39452,766,65
1605,3470,39453,4529,39453,766,65
1605,3470,39454,4529,39454,766,65
1605,3470,39455,4529,39455,766,65
1605,3470,39456,4529,39456,766,65
1605,3470,39457,4529,39457,766,65
1605,3470,39458,4529,39458,766,65
1605,3470,39459,4529,39459,766,65
1605,3470,39460,4529,39460,766,65
1605,3470,39461,4529,39461,766,65
1605,3470,39462,4529,39462,766,65
1605,3470,39463,4529,39463,766,65
1605,3470,39464,4529,39464,766,65
1605,3470,39465,4529,39465,766,65
1605,3470,39466,4529,39466,766,65
1605,3470,39467,4529,39467,766,65
1605,3470,39468,4529,39468,766,65
1605,3470,39469,4529,39469,766,65
1605,3470,39470,4529,39470,766,65
1605,3470,39471,4529,39471,766,65
1605,3470,39472,4529,39472,766,65
1605,3470,39473,4529,39473,766,65
1605,3470,39474,4529,39474,766,65
1605,3470,39475,4529,39475,766,65
1605,3470,39476,4529,39476,766,65
1605,3470,39477,4529,39477,766,65
1605,3470,39478,4529,39478,766,65
1605,3470,39479,4529,39479,766,65
1605,3470,39480,4529,39480,766,65
1605,3470,39481,4529,39481,766,65
1605,3470,39482,4529,39482,766,65
1605,3470,39483,4529,39483,766,65
1605,3470,39484,4529,39484,766,65
1605,3470,39485,4529,39485,766,65
1605,3470,39486,4529,39486,766,65
1605,3470,39487,4529,39487,766,65
1605,3470,39488,4529,39488,766,65
1605,3470,39489,4529,39489,766,65
1605,3470,39490,4529,39490,766,65
1605,3470,39491,4529,39491,766,65
1605,3470,39492,4529,39492,766,65
1605,3470,39493,4529,39493,766,65
1605,3470,39494,4529,39494,766,65
1605,3470,39495,4529,39495,766,65
1605,3470,39496,4529,39496,766,65
1605,3470,39497,4529,39497,766,65
1605,3470,39498,4529,39498,766,65
1605,3470,39499,4529,39499,766,65
1605,3470,39500,4529,39500,766,65
1605,3470,39501,4529,39501,766,65
1605,3470,39502,4529,39502,766,65
1605,3470,39503,4529,39503,766,65
1605,3470,39504,4529,39504,766,65
1605,3470,39505,4529,39505,766,65
1605,3470,39506,4529,39506,766,65
1605,3470,39507,4529,39507,766,65
1605,3470,39508,4529,39508,766,65
1605,3470,39509,4529,39509,766,65
1605,3470,39510,4529,39510,766,65
1605,3470,39511,4529,39511,766,65
1605,3470,39512,4529,39512,766,65
1605,3470,39513,4529,39513,766,65
1605,3470,39514,4529,39514,766,65
1605,3470,39515,4529,39515,766,65
1605,3470,39516,4529,39516,766,65
1605,3470,39517,4529,39517,766,65
1605,3470,39518,4529,39518,766,65
1605,3470,39519,4529,39519,766,65
1605,3470,39520,4529,39520,766,65
1605,3470,39521,4529,39521,766,65
1605,3470,39522,4529,39522,766,65
1605,3470,39523,4529,39523,766,65
1605,3470,39524,4529,39524,766,65
1605,3470,39525,4529,39525,766,65
1605,3470,39526,4529,39526,766,65
1605,3470,39527,4529,39527,766,65
1605,3470,39528,4529,39528,766,65
1605,3470,39529,4529,39529,766,65
1605,3470,39530,4529,39530,766,65
1605,3470,39531,4529,39531,766,65
1605,3470,39532,4529,39532,766,65
1605,3470,39533,4529,39533,766,65
1605,3470,39534,4529,39534,766,65
1605,3470,39535,4529,39535,766,65
1605,3470,39536,4529,39536,766,65
1605,3470,39537,4529,39537,766,65
1605,3470,39538,4529,39538,766,65
1605,3470,39539,4529,39539,766,65
1605,3470,39540,4529,39540,766,65
1605,3470,39541,4529,39541,766,65
1605,3470,39542,4529,39542,766,65
1605,3470,39543,4529,39543,766,65
1605,3470,39544,4529,39544,766,65
1605,3470,39545,4529,39545,766,65
1605,3470,39546,4529,39546,766,65
1605,3470,39547,4529,39547,766,65
1605,3470,39548,4529,39548,766,65
1605,3470,39549,4529,39549,766,65
1605,3470,39550,4529,39550,766,65
1605,3470,39551,4529,39551,766,65
1605,3470,39552,4529,39552,766,65
1605,3470,39553,4529,39553,766,65
1605,3470,39554,4529,39554,766,65
1605,3470,39555,4529,39555,766,65
1605,3470,39556,4529,39556,766,65
1605,3470,39557,4529,39557,766,65
1605,3470,39558,4529,39558,766,65
1605,3470,39559,4529,39559,766,65
1605,3470,39560,4529,39560,766,65
1605,3470,39561,4529,39561,766,65
1605,3470,39562,4529,39562,766,65
1605,3470,39563,4529,39563,766,65
1605,3470,39564,4529,39564,766,65
1605,3470,39565,4529,39565,766,65
1605,3470,39566,4529,39566,766,65
1605,3470,39567,4529,39567,766,65
1605,3470,39568,4529,39568,766,65
1605,3470,39569,4529,39569,766,65
1605,3470,39570,4529,39570,766,65
1605,3470,39571,4529,39571,766,65
1605,3470,39572,4529,39572,766,65
1605,3470,39573,4529,39573,766,65
1605,3470,39574,4529,39574,766,65
1605,3470,39575,4529,39575,766,65
1605,3470,39576,4529,39576,766,65
1605,3470,39577,4529,39577,766,65
1605,3470,39578,4529,39578,766,65
1605,3470,39579,4529,39579,766,65
1605,3470,39580,4529,39580,766,65
1605,3470,39581,4529,39581,766,65
1605,3470,39582,4529,39582,766,65
1605,3470,39583,4529,39583,766,65
1605,3470,39584,4529,39584,766,65
1605,3470,39585,4529,39585,766,65
1605,3470,39586,4529,39586,766,65
1605,3470,39587,4529,39587,766,65
1605,3470,39588,4529,39588,766,65
1605,3470,39589,4529,39589,766,65
1605,3470,39590,4529,39590,766,65
1605,3470,39591,4529,39591,766,65
1605,3470,39592,4529,39592,766,65
1605,3470,39593,4529,39593,766,65
1605,3470,39594,4529,39594,766,65
1605,3470,39595,4529,39595,766,65
1605,3470,39596,4529,39596,766,65
1605,3470,39597,4529,39597,766,65
1605,3470,39598,4529,39598,766,65
1605,3470,39599,4529,39599,766,65
1605,3470,39600,4529,39600,766,65
1605,3470,39601,4529,39601,766,65
1605,3470,39602,4529,39602,766,65
1605,3470,39603,4529,39603,766,65
1605,3470,39604,4529,39604,766,65
1605,3470,39605,4529,39605,766,65
1605,3470,39606,4529,39606,766,65
1605,3470,39607,4529,39607,766,65
1605,3470,39608,4529,39608,766,65
1605,3470,39609,4529,39609,766,65
1605,3470,39610,4529,39610,766,65
1605,3470,39611,4529,39611,766,65
1605,3470,39612,4529,39612,766,65
1605,3470,39613,4529,39613,766,65
1605,3470,39614,4529,39614,766,65
1605,3470,39615,4529,39615,766,65
1605,3470,39616,4529,39616,766,65
1605,3470,39617,4529,39617,766,65
1605,3470,39618,4529,39618,766,65
1605,3470,39619,4529,39619,766,65
1605,3470,39620,4529,39620,766,65
1605,3470,39621,4529,39621,766,65
1605,3470,39622,4529,39622,766,65
1605,3470,39623,4529,39623,766,65
1605,3470,39624,4529,39624,766,65
1605,3470,39625,4529,39625,766,65
1605,3470,39626,4529,39626,766,65
1605,3470,39627,4529,39627,766,65
1605,3470,39628,4529,39628,766,65
1605,3470,39629,4529,39629,766,65
1605,3470,39630,4529,39630,766,65
1605,3470,39631,4529,39631,766,65
1605,3470,39632,4529,39632,766,65
1605,3470,39633,4529,39633,766,65
1605,3470,39634,4529,39634,766,65
1605,3470,39635,4529,39635,766,65
1605,3470,39636,4529,39636,766,65
1605,3470,39637,4529,39637,766,65
1605,3470,39638,4529,39638,766,65
1605,3470,39639,4529,39639,766,65
1605,3470,39640,4529,39640,766,65
1605,3470,39641,4529,39641,766,65
1605,3470,39642,4529,39642,766,65
1605,3470,39643,4529,39643,766,65
1605,3470,39644,4529,39644,766,65
1605,3470,39645,4529,39645,766,65
1605,3470,39646,4529,39646,766,65
1605,3470,39647,4529,39647,766,65
1605,3470,39648,4529,39648,766,65
1605,3470,39649,4529,39649,766,65
1605,3470,39650,4529,39650,766,65
1605,3470,39651,4529,39651,766,65
1605,3470,39652,4529,39652,766,65
1605,3470,39653,4529,39653,766,65
1605,3470,39654,4529,39654,766,65
1605,3470,39655,4529,39655,766,65
1605,3470,39656,4529,39656,766,65
1605,3470,39657,4529,39657,766,65
1605,3470,39658,4529,39658,766,65
1605,3470,39659,4529,39659,766,65
1605,3470,39660,4529,39660,766,65
1605,3470,39661,4529,39661,766,65
1605,3470,39662,4529,39662,766,65
1605,3470,39663,4529,39663,766,65
1605,3470,39664,4529,39664,766,65
1605,3470,39665,4529,39665,766,65
1605,3470,39666,4529,39666,766,65
1605,3470,39667,4529,39667,766,65
1605,3470,39668,4529,39668,766,65
1605,3470,39669,4529,39669,766,65
1605,3470,39670,4529,39670,766,65
1605,3470,39671,4529,39671,766,65
1605,3470,39672,4529,39672,766,65
1605,3470,39673,4529,39673,766,65
1605,3470,39674,4529,39674,766,65
1605,3470,39675,4529,39675,766,65
1605,3470,39676,4529,39676,766,65
1605,3470,39677,4529,39677,766,65
1605,3470,39678,4529,39678,766,65
1605,3470,39679,4529,39679,766,65
1605,3470,39680,4529,39680,766,65
1605,3470,39681,4529,39681,766,65
1605,3470,39682,4529,39682,766,65
1605,3470,39683,4529,39683,766,65
1605,3470,39684,4529,39684,766,65
1605,3470,39685,4529,39685,766,65
1605,3470,39686,4529,39686,766,65
1605,3470,39687,4529,39687,766,65
1605,3470,39688,4529,39688,766,65
1605,3470,39689,4529,39689,766,65
1605,3470,39690,4529,39690,766,65
1605,3470,39691,4529,39691,766,65
1605,3470,39692,4529,39692,766,65
1605,3470,39693,4529,39693,766,65
1605,3470,39694,4529,39694,766,65
1605,3470,39695,4529,39695,766,65
1605,3470,39696,4529,39696,766,65
1605,3470,39697,4529,39697,766,65
1605,3470,39698,4529,39698,766,65
1605,3470,39699,4529,39699,766,65
1605,3470,39700,4529,39700,766,65
1605,3470,39701,4529,39701,766,65
1605,3470,39702,4529,39702,766,65
1605,3470,39703,4529,39703,766,65
1605,3470,39704,4529,39704,766,65
1605,3470,39705,4529,39705,766,65
1605,3470,39706,4529,39706,766,65
1605,3470,39707,4529,39707,766,65
1605,3470,39708,4529,39708,766,65
1605,3470,39709,4529,39709,766,65
1605,3470,39710,4529,39710,766,65
1606,3470,39711,4529,39711,766,65
1606,3470,39712,4529,39712,766,65
1606,3470,39713,4529,39713,766,65
1606,3470,39714,4529,39714,766,65
1606,3470,39715,4529,39715,766,65
1606,3470,39716,4529,39716,766,65
1606,3470,39717,4529,39717,766,65
1606,3470,39718,4529,39718,766,65
1606,3470,39719,4529,39719,766,65
1606,3470,39720,4529,39720,766,65
1606,3470,39721,4529,39721,766,65
1606,3470,39722,4529,39722,766,65
1606,3470,39723,4529,39723,766,65
1606,3470,39724,4529,39724,766,65
1606,3470,39725,4529,39725,766,65
1606,3470,39726,4529,39726,766,65
1606,3470,39727,4529,39727,766,65
1606,3470,39728,4529,39728,766,65
1606,3470,39729,4529,39729,766,65
1606,3470,39730,4529,39730,766,65
1606,3470,39731,4529,39731,766,65
1606,3470,39732,4529,39732,766,65
1606,3470,39733,4529,39733,766,65
1606,3470,39734,4529,39734,766,65
1606,3470,39735,4529,39735,766,65
1606,3470,39736,4529,39736,766,65
1606,3470,39737,4529,39737,766,65
1606,3470,39738,4529,39738,766,65
1606,3470,39739,4529,39739,766,65
1606,3470,39740,4529,39740,766,65
1606,3470,39741,4529,39741,766,65
1606,3470,39742,4529,39742,766,65
1606,3470,39743,4529,39743,766,65
1606,3470,39744,4529,39744,766,65
1606,3470,39745,4529,39745,766,65
1606,3470,39746,4529,39746,766,65
1606,3470,39747,4529,39747,766,65
1607,3470,39748,4529,39748,766,65
1607,3470,39749,4529,39749,766,65
1607,3470,39750,4529,39750,766,65
1607,3470,39751,4529,39751,766,65
1607,3470,39752,4529,39752,766,65
1607,3470,39753,4529,39753,766,65
1607,3470,39754,4529,39754,766,65
1607,3470,39755,4529,39755,766,65
1607,3470,39756,4529,39756,766,65
1607,3470,39757,4529,39757,766,65
1607,3470,39758,4529,39758,766,65
1607,3470,39759,4529,39759,766,65
1607,3470,39760,4529,39760,766,65
1607,3470,39761,4529,39761,766,65
1607,3470,39762,4529,39762,766,65
1607,3470,39763,4529,39763,766,65
1607,3470,39764,4529,39764,766,65
1607,3470,39765,4529,39765,766,65
1607,3470,39766,4529,39766,766,65
1607,3470,39767,4529,39767,766,65
1607,3470,39768,4529,39768,766,65
1607,3470,39769,4529,39769,766,65
1607,3470,39770,4529,39770,766,65
1606,3470,39771,4529,39771,766,65
1606,3470,39772,4529,39772,766,65
1606,3470,39773,4529,39773,766,65
1606,3470,39774,4529,39774,766,65
1606,3470,39775,4529,39775,766,65
1606,3470,39776,4529,39776,766,65
1606,3470,39777,4529,39777,766,65
1606,3470,39778,4529,39778,766,65
1606,3470,39779,4529,39779,766,65
1606,3470,39780,4529,39780,766,65
1606,3470,39781,4529,39781,766,65
1606,3470,39782,4529,39782,766,65
1606,3470,39783,4529,39783,766,65
1606,3470,39784,4529,39784,766,65
1606,3470,39785,4529,39785,766,65
1606,3470,39786,4529,39786,766,65
1606,3470,39787,4529,39787,766,65
1606,3470,39788,4529,39788,766,65
1606,3470,39789,4529,39789,766,65
1606,3470,39790,4529,39790,766,65
1606,3470,39791,4529,39791,766,65
1606,3470,39792,4529,39792,766,65
1606,3470,39793,4529,39793,766,65
1606,3470,39794,4529,39794,766,65
1606,3470,39795,4529,39795,766,65
1606,3470,39796,4529,39796,766,65
1606,3470,39797,4529,39797,766,65
1606,3470,39798,4529,39798,766,65
1606,3470,39799,4529,39799,766,65
1606,3470,39800,4529,39800,766,65
1606,3470,39801,4529,39801,766,65
1606,3470,39802,4529,39802,766,65
1606,3470,39803,4529,39803,766,65
1606,3470,39804,4529,39804,766,65
1606,3470,39805,4529,39805,766,65
1606,3470,39806,4529,39806,766,65
1606,3470,39807,4529,39807,766,65
1606,3470,39808,4529,39808,766,65
1606,3470,39809,4529,39809,766,65
1606,3470,39810,4529,39810,766,65
1606,3470,39811,4529,39811,766,65
1606,3470,39812,4529,39812,766,65
1606,3470,39813,4529,39813,766,65
1606,3470,39814,4529,39814,766,65
1606,3470,39815,4529,39815,766,65
1606,3470,39816,4529,39816,766,65
1606,3470,39817,4529,39817,766,65
1606,3470,39818,4529,39818,766,65
1606,3470,39819,4529,39819,766,65
1606,3470,39820,4529,39820,766,65
1606,3470,39821,4529,39821,766,65
1606,3470,39822,4529,39822,766,65
1606,3470,39823,4529,39823,766,65
1606,3470,39824,4529,39824,766,65
1606,3470,39825,4529,39825,766,65
1606,3470,39826,4529,39826,766,65
1606,3470,39827,4529,39827,766,65
1606,3470,39828,4529,39828,766,65
1606,3470,39829,4529,39829,766,65
1606,3470,39830,4529,39830,766,65
1606,3470,39831,4529,39831,766,65
1606,3470,39832,4529,39832,766,65
1606,3470,39833,4529,39833,766,65
1606,3470,39834,4529,39834,766,65
1606,3470,39835,4529,39835,766,65
1606,3470,39836,4529,39836,766,65
1606,3470,39837,4529,39837,766,65
1606,3470,39838,4529,39838,766,65
1606,3470,39839,4529,39839,766,65
1606,3470,39840,4529,39840,766,65
1606,3470,39841,4529,39841,766,65
1606,3470,39842,4529,39842,766,65
1606,3470,39843,4529,39843,766,65
1606,3470,39844,4529,39844,766,65
1606,3470,39845,4529,39845,766,65
1606,3470,39846,4529,39846,766,65
1606,3470,39847,4529,39847,766,65
1606,3470,39848,4529,39848,766,65
1606,3470,39849,4529,39849,766,65
1606,3470,39850,4529,39850,766,65
1606,3470,39851,4529,39851,766,65
1606,3470,39852,4529,39852,766,65
1606,3470,39853,4529,39853,766,65
1606,3470,39854,4529,39854,766,65
1606,3470,39855,4529,39855,766,65
1606,3470,39856,4529,39856,766,65
1606,3470,39857,4529,39857,766,65
1606,3470,39858,4529,39858,766,65
1606,3470,39859,4529,39859,766,65
1606,3470,39860,4529,39860,766,65
1606,3470,39861,4529,39861,766,65
1606,3470,39862,4529,39862,766,65
1606,3470,39863,4529,39863,766,65
1606,3470,39864,4529,39864,766,65
1606,3470,39865,4529,39865,766,65
1606,3470,39866,4529,39866,766,65
1606,3470,39867,4529,39867,766,65
1606,3470,39868,4529,39868,766,65
1606,3470,39869,4529,39869,766,65
1606,3470,39870,4529,39870,766,65
1606,3470,39871,4529,39871,766,65
1606,3470,39872,4529,39872,766,65
1606,3470,39873,4529,39873,766,65
1606,3470,39874,4529,39874,766,65
1606,3470,39875,4529,39875,766,65
1606,3470,39876,4529,39876,766,65
1606,3470,39877,4529,39877,766,65
1606,3470,39878,4529,39878,766,65
1606,3470,39879,4529,39879,766,65
1606,3470,39880,4529,39880,766,65
1606,3470,39881,4529,39881,766,65
1606,3470,39882,4529,39882,766,65
1606,3470,39883,4529,39883,766,65
1606,3470,39884,4529,39884,766,65
1606,3470,39885,4529,39885,766,65
1606,3470,39886,4529,39886,766,65
1606,3470,39887,4529,39887,766,65
1606,3470,39888,4529,39888,766,65
1606,3470,39889,4529,39889,766,65
1606,3470,39890,4529,39890,766,65
1606,3470,39891,4529,39891,766,65
1606,3470,39892,4529,39892,766,65
1606,3470,39893,4529,39893,766,65
1606,3470,39894,4529,39894,766,65
1606,3470,39895,4529,39895,766,65
1606,3470,39896,4529,39896,766,65
1606,3470,39897,4529,39897,766,65
1606,3470,39898,4529,39898,766,65
1606,3470,39899,4529,39899,766,65
1606,3470,39900,4529,39900,766,65
1606,3470,39901,4529,39901,766,65
1606,3470,39902,4529,39902,766,65
1606,3470,39903,4529,39903,766,65
1606,3470,39904,4529,39904,766,65
1606,3470,39905,4529,39905,766,65
1606,3470,39906,4529,39906,766,65
1606,3470,39907,4529,39907,766,65
1606,3470,39908,4529,39908,766,65
1606,3470,39909,4529,39909,766,65
1606,3470,39910,4529,39910,766,65
1606,3470,39911,4529,39911,766,65
1606,3470,39912,4529,39912,766,65
1606,3470,39913,4529,39913,766,65
1606,3470,39914,4529,39914,766,65
1606,3470,39915,4529,39915,766,65
1606,3470,39916,4529,39916,766,65
1606,3470,39917,4529,39917,766,65
1606,3470,39918,4529,39918,766,65
1606,3470,39919,4529,39919,766,65
1606,3470,39920,4529,39920,766,65
1606,3470,39921,4529,39921,766,65
1606,3470,39922,4529,39922,766,65
1606,3470,39923,4529,39923,766,65
1606,3470,39924,4529,39924,766,65
1606,3470,39925,4529,39925,766,65
1606,3470,39926,4529,39926,766,65
1606,3470,39927,4529,39927,766,65
1606,3470,39928,4529,39928,766,65
1606,3470,39929,4529,39929,766,65
1606,3470,39930,4529,39930,766,65
1606,3470,39931,4529,39931,766,65
1606,3470,39932,4529,39932,766,65
1606,3470,39933,4529,39933,766,65
1606,3470,39934,4529,39934,766,65
1606,3470,39935,4529,39935,766,65
1606,3470,39936,4529,39936,766,65
1606,3470,39937,4529,39937,766,65
1606,3470,39938,4529,39938,766,65
1606,3470,39939,4529,39939,766,65
1606,3470,39940,4529,39940,766,65
1606,3470,39941,4529,39941,766,65
1606,3470,39942,4529,39942,766,65
1606,3470,39943,4529,39943,766,65
1606,3470,39944,4529,39944,766,65
1606,3470,39945,4529,39945,766,65
1606,3470,39946,4529,39946,766,65
1606,3470,39947,4529,39947,766,65
1606,3470,39948,4529,39948,766,65
1606,3470,39949,4529,39949,766,65
1606,3470,39950,4529,39950,766,65
1606,3470,39951,4529,39951,766,65
1606,3470,39952,4529,39952,766,65
1606,3470,39953,4529,39953,766,65
1606,3470,39954,4529,39954,766,65
1606,3470,39955,4529,39955,766,65
1606,3470,39956,4529,39956,766,65
1606,3470,39957,4529,39957,766,65
1606,3470,39958,4529,39958,766,65
1606,3470,39959,4529,39959,766,65
1606,3470,39960,4529,39960,766,65
1606,3470,39961,4529,39961,766,65
1606,3470,39962,4529,39962,766,65
1606,3470,39963,4529,39963,766,65
1606,3470,39964,4529,39964,766,65
1606,3470,39965,4529,39965,766,65
1606,3470,39966,4529,39966,766,65
1606,3470,39967,4529,39967,766,65
1606,3470,39968,4529,39968,766,65
1606,3470,39969,4529,39969,766,65
1606,3470,39970,4529,39970,766,65
1606,3470,39971,4529,39971,766,65
1606,3470,39972,4529,39972,766,65
1606,3470,39973,4529,39973,766,65
1606,3470,39974,4529,39974,766,65
1606,3470,39975,4529,39975,766,65
1606,3470,39976,4529,39976,766,65
1606,3470,39977,4529,39977,766,65
1606,3470,39978,4529,39978,766,65
1606,3470,39979,4529,39979,766,65
1606,3470,39980,4529,39980,766,65
1606,3470,39981,4529,39981,766,65
1606,3470,39982,4529,39982,766,65
1606,3470,39983,4529,39983,766,65
1606,3470,39984,4529,39984,766,65
1606,3470,39985,4529,39985,766,65
1606,3470,39986,4529,39986,766,65
1606,3470,39987,4529,39987,766,65
1606,3470,39988,4529,39988,766,65
1606,3470,39989,4529,39989,766,65
1606,3470,39990,4529,39990,766,65
1606,3470,39991,4529,39991,766,65
1606,3470,39992,4529,39992,766,65
1606,3470,39993,4529,39993,766,65
1606,3470,39994,4529,39994,766,65
1606,3470,39995,4529,39995,766,65
1606,3470,39996,4529,39996,766,65
1606,3470,39997,4529,39997,766,65
1606,3470,39998,4529,39998,766,65
1606,3470,39999,4529,39999,766,65
1606,3470,40000,4529,40000,766,65
1606,3470,40001,4529,40001,766,65
1606,3470,40002,4529,40002,766,65
1606,3470,40003,4529,40003,766,65
1606,3470,40004,4529,40004,766,65
1606,3470,40005,4529,40005,766,65
1606,3470,40006,4529,40006,766,65
1606,3470,40007,4529,40007,766,65
1606,3470,40008,4529,40008,766,65
1606,3470,40009,4529,40009,766,65
1606,3470,40010,4529,40010,766,65
1606,3470,40011,4529,40011,766,65
1606,3470,40012,4529,40012,766,65
1606,3470,40013,4529,40013,766,65
1606,3470,40014,4529,40014,766,65
1606,3470,40015,4529,40015,766,65
1606,3470,40016,4529,40016,766,65
1606,3470,40017,4529,40017,766,65
1606,3470,40018,4529,40018,766,65
1606,3470,40019,4529,40019,766,65
1606,3470,40020,4529,40020,766,65
1606,3470,40021,4529,40021,766,65
1606,3470,40022,4529,40022,766,65
1606,3470,40023,4529,40023,766,65
1606,3470,40024,4529,40024,766,65
1606,3470,40025,4529,40025,766,65
1606,3470,40026,4529,40026,766,65
1606,3470,40027,4529,40027,766,65
1606,3470,40028,4529,40028,766,65
1606,3470,40029,4529,40029,766,65
1606,3470,40030,4529,40030,766,65
1606,3470,40031,4529,40031,766,65
1606,3470,40032,4529,40032,766,65
1606,3470,40033,4529,40033,766,65
1606,3470,40034,4529,40034,766,65
1606,3470,40035,4529,40035,766,65
1606,3470,40036,4529,40036,766,65
1606,3470,40037,4529,40037,766,65
1606,3470,40038,4529,40038,766,65
1606,3470,40039,4529,40039,766,65
1606,3470,40040,4529,40040,766,65
1606,3470,40041,4529,40041,766,65
1606,3470,40042,4529,40042,766,65
1606,3470,40043,4529,40043,766,65
1606,3470,40044,4529,40044,766,65
1606,3470,40045,4529,40045,766,65
1606,3470,40046,4529,40046,766,65
1606,3470,40047,4529,40047,766,65
1606,3470,40048,4529,40048,766,65
1606,3470,40049,4529,40049,766,65
1606,3470,40050,4529,40050,766,65
1606,3470,40051,4529,40051,766,65
1606,3470,40052,4529,40052,766,65
1606,3470,40053,4529,40053,766,65
1606,3470,40054,4529,40054,766,65
1606,3470,40055,4529,40055,766,65
1606,3470,40056,4529,40056,766,65
1606,3470,40057,4529,40057,766,65
1606,3470,40058,4529,40058,766,65
1606,3470,40059,4529,40059,766,65
1606,3470,40060,4529,40060,766,65
1606,3470,40061,4529,40061,766,65
1606,3470,40062,4529,40062,766,65
1606,3470,40063,4529,40063,766,65
1606,3470,40064,4529,40064,766,65
1606,3470,40065,4529,40065,766,65
1606,3470,40066,4529,40066,766,65
1606,3470,40067,4529,40067,766,65
1606,3470,40068,4529,40068,766,65
1606,3470,40069,4529,40069,766,65
1606,3470,40070,4529,40070,766,65
1606,3470,40071,4529,40071,766,65
1606,3470,40072,4529,40072,766,65
1606,3470,40073,4529,40073,766,65
1606,3470,40074,4529,40074,766,65
1606,3470,40075,4529,40075,766,65
1606,3470,40076,4529,40076,766,65
1606,3470,40077,4529,40077,766,65
1606,3470,40078,4529,40078,766,65
1606,3470,40079,4529,40079,766,65
1606,3470,40080,4529,40080,766,65
1606,3470,40081,4529,40081,766,65
1606,3470,40082,4529,40082,766,65
1606,3470,40083,4529,40083,766,65
1606,3470,40084,4529,40084,766,65
1606,3470,40085,4529,40085,766,65
1606,3470,40086,4529,40086,766,65
1606,3470,40087,4529,40087,766,65
1606,3470,40088,4529,40088,766,65
1606,3470,40089,4529,40089,766,65
1606,3470,40090,4529,40090,766,65
1606,3470,40091,4529,40091,766,65
1606,3470,40092,4529,40092,766,65
1606,3470,40093,4529,40093,766,65
1606,3470,40094,4529,40094,766,65
1606,3470,40095,4529,40095,766,65
1606,3470,40096,4529,40096,766,65
1606,3470,40097,4529,40097,766,65
1606,3470,40098,4529,40098,766,65
1606,3470,40099,4529,40099,766,65
1606,3470,40100,4529,40100,766,65
1606,3470,40101,4529,40101,766,65
1606,3470,40102,4529,40102,766,65
1606,3470,40103,4529,40103,766,65
1606,3470,40104,4529,40104,766,65
1606,3470,40105,4529,40105,766,65
1606,3470,40106,4529,40106,766,65
1606,3470,40107,4529,40107,766,65
1606,3470,40108,4529,40108,766,65
1606,3470,40109,4529,40109,766,65
1606,3470,40110,4529,40110,766,65
1606,3470,40111,4529,40111,766,65
1606,3470,40112,4529,40112,766,65
1606,3470,40113,4529,40113,766,65
1606,3470,40114,4529,40114,766,65
1606,3470,40115,4529,40115,766,65
1606,3470,40116,4529,40116,766,65
1606,3470,40117,4529,40117,766,65
1606,3470,40118,4529,40118,766,65
1606,3470,40119,4529,40119,766,65
1606,3470,40120,4529,40120,766,65
1606,3470,40121,4529,40121,766,65
1606,3470,40122,4529,40122,766,65
1606,3470,40123,4529,40123,766,65
1606,3470,40124,4529,40124,766,65
1606,3470,40125,4529,40125,766,65
1606,3470,40126,4529,40126,766,65
1606,3470,40127,4529,40127,766,65
1606,3470,40128,4529,40128,766,65
1606,3470,40129,4529,40129,766,65
1606,3470,40130,4529,40130,766,65
1606,3470,40131,4529,40131,766,65
1606,3470,40132,4529,40132,766,65
1606,3470,40133,4529,40133,766,65
1606,3470,40134,4529,40134,766,65
1606,3470,40135,4529,40135,766,65
1606,3470,40136,4529,40136,766,65
1606,3470,40137,4529,40137,766,65
1606,3470,40138,4529,40138,766,65
1606,3470,40139,4529,40139,766,65
1606,3470,40140,4529,40140,766,65
1606,3470,40141,4529,40141,766,65
1606,3470,40142,4529,40142,766,65
1606,3470,40143,4529,40143,766,65
1606,3470,40144,4529,40144,766,65
1606,3470,40145,4529,40145,766,65
1606,3470,40146,4529,40146,766,65
1606,3470,40147,4529,40147,766,65
1606,3470,40148,4529,40148,766,65
1606,3470,40149,4529,40149,766,65
1606,3470,40150,4529,40150,766,65
1606,3470,40151,4529,40151,766,65
1606,3470,40152,4529,40152,766,65
1606,3470,40153,4529,40153,766,65
1606,3470,40154,4529,40154,766,65
1606,3470,40155,4529,40155,766,65
1606,3470,40156,4529,40156,766,65
1606,3470,40157,4529,40157,766,65
1606,3470,40158,4529,40158,766,65
1606,3470,40159,4529,40159,766,65
1606,3470,40160,4529,40160,766,65
1606,3470,40161,4529,40161,766,65
1606,3470,40162,4529,40162,766,65
1606,3470,40163,4529,40163,766,65
1606,3470,40164,4529,40164,766,65
1606,3470,40165,4529,40165,766,65
1606,3470,40166,4529,40166,766,65
1606,3470,40167,4529,40167,766,65
1606,3470,40168,4529,40168,766,65
1606,3470,40169,4529,40169,766,65
1606,3470,40170,4529,40170,766,65
1606,3470,40171,4529,40171,766,65
1606,3470,40172,4529,40172,766,65
1606,3470,40173,4529,40173,766,65
1606,3470,40174,4529,40174,766,65
1606,3470,40175,4529,40175,766,65
1606,3470,40176,4529,40176,766,65
1606,3470,40177,4529,40177,766,65
1606,3470,40178,4529,40178,766,65
1606,3470,40179,4529,40179,766,65
1606,3470,40180,4529,40180,766,65
1606,3470,40181,4529,40181,766,65
1606,3470,40182,4529,40182,766,65
1606,3470,40183,4529,40183,766,65
1606,3470,40184,4529,40184,766,65
1606,3470,40185,4529,40185,766,65
1606,3470,40186,4529,40186,766,65
1606,3470,40187,4529,40187,766,65
1606,3470,40188,4529,40188,766,65
1606,3470,40189,4529,40189,766,65
1606,3470,40190,4529,40190,766,65
1606,3470,40191,4529,40191,766,65
1606,3470,40192,4529,40192,766,65
1606,3470,40193,4529,40193,766,65
1606,3470,40194,4529,40194,766,65
1606,3470,40195,4529,40195,766,65
1606,3470,40196,4529,40196,766,65
1606,3470,40197,4529,40197,766,65
1606,3470,40198,4529,40198,766,65
1606,3470,40199,4529,40199,766,65
1606,3470,40200,4529,40200,766,65
1606,3470,40201,4529,40201,766,65
1606,3470,40202,4529,40202,766,65
1606,3470,40203,4529,40203,766,65
1606,3470,40204,4529,40204,766,65
1606,3470,40205,4529,40205,766,65
1606,3470,40206,4529,40206,766,65
1606,3470,40207,4529,40207,766,65
1606,3470,40208,4529,40208,766,65
1606,3470,40209,4529,40209,766,65
1606,3470,40210,4529,40210,766,65
1606,3470,40211,4529,40211,766,65
1606,3470,40212,4529,40212,766,65
1606,3470,40213,4529,40213,766,65
1606,3470,40214,4529,40214,766,65
1606,3470,40215,4529,40215,766,65
1606,3470,40216,4529,40216,766,65
1606,3470,40217,4529,40217,766,65
1606,3470,40218,4529,40218,766,65
1606,3470,40219,4529,40219,766,65
1606,3470,40220,4529,40220,766,65
1606,3470,40221,4529,40221,766,65
1606,3470,40222,4529,40222,766,65
1606,3470,40223,4529,40223,766,65
1606,3470,40224,4529,40224,766,65
1606,3470,40225,4529,40225,766,65
1606,3470,40226,4529,40226,766,65
1606,3470,40227,4529,40227,766,65
1606,3470,40228,4529,40228,766,65
1606,3470,40229,4529,40229,766,65
1606,3470,40230,4529,40230,766,65
1606,3470,40231,4529,40231,766,65
1606,3470,40232,4529,40232,766,65
1606,3470,40233,4529,40233,766,65
1606,3470,40234,4529,40234,766,65
1606,3470,40235,4529,40235,766,65
1606,3470,40236,4529,40236,766,65
1606,3470,40237,4529,40237,766,65
1606,3470,40238,4529,40238,766,65
1606,3470,40239,4529,40239,766,65
1606,3470,40240,4529,40240,766,65
1606,3470,40241,4529,40241,766,65
1607,3470,40242,4529,40242,766,65
1607,3470,40243,4529,40243,766,65
1607,3470,40244,4529,40244,766,65
1607,3470,40245,4529,40245,766,65
1607,3470,40246,4529,40246,766,65
1607,3470,40247,4529,40247,766,65
1607,3470,40248,4529,40248,766,65
1607,3470,40249,4529,40249,766,65
1607,3470,40250,4529,40250,766,65
1607,3470,40251,4529,40251,766,65
1607,3470,40252,4529,40252,766,65
1607,3470,40253,4529,40253,766,65
1607,3470,40254,4529,40254,766,65
1607,3470,40255,4529,40255,766,65
1607,3470,40256,4529,40256,766,65
1607,3470,40257,4529,40257,766,65
1607,3470,40258,4529,40258,766,65
1607,3470,40259,4529,40259,766,65
1607,3470,40260,4529,40260,766,65
1607,3470,40261,4529,40261,766,65
1607,3470,40262,4529,40262,766,65
1607,3470,40263,4529,40263,766,65
1607,3470,40264,4529,40264,766,65
1607,3470,40265,4529,40265,766,65
1607,3470,40266,4529,40266,766,65
1607,3470,40267,4529,40267,766,65
1607,3470,40268,4529,40268,766,65
1607,3470,40269,4529,40269,766,65
1607,3470,40270,4529,40270,766,65
1607,3470,40271,4529,40271,766,65
1607,3470,40272,4529,40272,766,65
1607,3470,40273,4529,40273,766,65
1607,3470,40274,4529,40274,766,65
1607,3470,40275,4529,40275,766,65
1607,3470,40276,4529,40276,766,65
1607,3470,40277,4529,40277,766,65
1607,3470,40278,4529,40278,766,65
1607,3470,40279,4529,40279,766,65
1607,3470,40280,4529,40280,766,65
1607,3470,40281,4529,40281,766,65
1607,3470,40282,4529,40282,766,65
1607,3470,40283,4529,40283,766,65
1607,3470,40284,4529,40284,766,65
1607,3470,40285,4529,40285,766,65
1607,3470,40286,4529,40286,766,65
1607,3470,40287,4529,40287,766,65
1607,3470,40288,4529,40288,766,65
1607,3470,40289,4529,40289,766,65
1607,3470,40290,4529,40290,766,65
1607,3470,40291,4529,40291,766,65
1607,3470,40292,4529,40292,766,65
1607,3470,40293,4529,40293,766,65
1607,3470,40294,4529,40294,766,65
1607,3470,40295,4529,40295,766,65
1607,3470,40296,4529,40296,766,65
1607,3470,40297,4529,40297,766,65
1607,3470,40298,4529,40298,766,65
1607,3470,40299,4529,40299,766,65
1607,3470,40300,4529,40300,766,65
1607,3470,40301,4529,40301,766,65
1607,3470,40302,4529,40302,766,65
1607,3470,40303,4529,40303,766,65
1607,3470,40304,4529,40304,766,65
1607,3470,40305,4529,40305,766,65
1607,3470,40306,4529,40306,766,65
1607,3470,40307,4529,40307,766,65
1607,3470,40308,4529,40308,766,65
1607,3470,40309,4529,40309,766,65
1607,3470,40310,4529,40310,766,65
1607,3470,40311,4529,40311,766,65
1607,3470,40312,4529,40312,766,65
1607,3470,40313,4529,40313,766,65
1607,3470,40314,4529,40314,766,65
1607,3470,40315,4529,40315,766,65
1607,3470,40316,4529,40316,766,65
1607,3470,40317,4529,40317,766,65
1607,3470,40318,4529,40318,766,65
1607,3470,40319,4529,40319,766,65
1607,3470,40320,4529,40320,766,65
1607,3470,40321,4529,40321,766,65
1607,3470,40322,4529,40322,766,65
1607,3470,40323,4529,40323,766,65
1607,3470,40324,4529,40324,766,65
1607,3470,40325,4529,40325,766,65
1607,3470,40326,4529,40326,766,65
1607,3470,40327,4529,40327,766,65
1607,3470,40328,4529,40328,766,65
1607,3470,40329,4529,40329,766,65
1607,3470,40330,4529,40330,766,65
1607,3470,40331,4529,40331,766,65
1607,3470,40332,4529,40332,766,65
1607,3470,40333,4529,40333,766,65
1607,3470,40334,4529,40334,766,65
1607,3470,40335,4529,40335,766,65
1607,3470,40336,4529,40336,766,65
1607,3470,40337,4529,40337,766,65
1607,3470,40338,4529,40338,766,65
1607,3470,40339,4529,40339,766,65
1607,3470,40340,4529,40340,766,65
1607,3470,40341,4529,40341,766,65
1607,3470,40342,4529,40342,766,65
1607,3470,40343,4529,40343,766,65
1607,3470,40344,4529,40344,766,65
1607,3470,40345,4529,40345,766,65
1607,3470,40346,4529,40346,766,65
1607,3470,40347,4529,40347,766,65
1607,3470,40348,4529,40348,766,65
1607,3470,40349,4529,40349,766,65
1607,3470,40350,4529,40350,766,65
1607,3470,40351,4529,40351,766,65
1607,3470,40352,4529,40352,766,65
1607,3470,40353,4529,40353,766,65
1607,3470,40354,4529,40354,766,65
1607,3470,40355,4529,40355,766,65
1607,3470,40356,4529,40356,766,65
1607,3470,40357,4529,40357,766,65
1607,3470,40358,4529,40358,766,65
1607,3470,40359,4529,40359,766,65
1607,3470,40360,4529,40360,766,65
1607,3470,40361,4529,40361,766,65
1607,3470,40362,4529,40362,766,65
1607,3470,40363,4529,40363,766,65
1607,3470,40364,4529,40364,766,65
1607,3470,40365,4529,40365,766,65
1607,3470,40366,4529,40366,766,65
1607,3470,40367,4529,40367,766,65
1607,3470,40368,4529,40368,766,65
1607,3470,40369,4529,40369,766,65
1607,3470,40370,4529,40370,766,65
1607,3470,40371,4529,40371,766,65
1607,3470,40372,4529,40372,766,65
1607,3470,40373,4529,40373,766,65
1607,3470,40374,4529,40374,766,65
1607,3470,40375,4529,40375,766,65
1607,3470,40376,4529,40376,766,65
1607,3470,40377,4529,40377,766,65
1607,3470,40378,4529,40378,766,65
1607,3470,40379,4529,40379,766,65
1607,3470,40380,4529,40380,766,65
1607,3470,40381,4529,40381,766,65
1607,3470,40382,4529,40382,766,65
1607,3470,40383,4529,40383,766,65
1607,3470,40384,4529,40384,766,65
1607,3470,40385,4529,40385,766,65
1607,3470,40386,4529,40386,766,65
1607,3470,40387,4529,40387,766,65
1607,3470,40388,4529,40388,766,65
1607,3470,40389,4529,40389,766,65
1607,3470,40390,4529,40390,766,65
1607,3470,40391,4529,40391,766,65
1607,3470,40392,4529,40392,766,65
1607,3470,40393,4529,40393,766,65
1607,3470,40394,4529,40394,766,65
1607,3470,40395,4529,40395,766,65
1607,3470,40396,4529,40396,766,65
1607,3470,40397,4529,40397,766,65
1607,3470,40398,4529,40398,766,65
1607,3470,40399,4529,40399,766,65
1607,3470,40400,4529,40400,766,65
1607,3470,40401,4529,40401,766,65
1607,3470,40402,4529,40402,766,65
1607,3470,40403,4529,40403,766,65
1607,3470,40404,4529,40404,766,65
1607,3470,40405,4529,40405,766,65
1607,3470,40406,4529,40406,766,65
1607,3470,40407,4529,40407,766,65
1607,3470,40408,4529,40408,766,65
1607,3470,40409,4529,40409,766,65
1607,3470,40410,4529,40410,766,65
1607,3470,40411,4529,40411,766,65
1607,3470,40412,4529,40412,766,65
1607,3470,40413,4529,40413,766,65
1607,3470,40414,4529,40414,766,65
1607,3470,40415,4529,40415,766,65
1607,3470,40416,4529,40416,766,65
1607,3470,40417,4529,40417,766,65
1607,3470,40418,4529,40418,766,65
1607,3470,40419,4529,40419,766,65
1607,3470,40420,4529,40420,766,65
1607,3470,40421,4529,40421,766,65
1607,3470,40422,4529,40422,766,65
1607,3470,40423,4529,40423,766,65
1607,3470,40424,4529,40424,766,65
1607,3470,40425,4529,40425,766,65
1607,3470,40426,4529,40426,766,65
1607,3470,40427,4529,40427,766,65
1607,3470,40428,4529,40428,766,65
1607,3470,40429,4529,40429,766,65
1607,3470,40430,4529,40430,766,65
1607,3470,40431,4529,40431,766,65
1607,3470,40432,4529,40432,766,65
1607,3470,40433,4529,40433,766,65
1607,3470,40434,4529,40434,766,65
1607,3470,40435,4529,40435,766,65
1607,3470,40436,4529,40436,766,65
1607,3470,40437,4529,40437,766,65
1607,3470,40438,4529,40438,766,65
1607,3470,40439,4529,40439,766,65
1607,3470,40440,4529,40440,766,65
1607,3470,40441,4529,40441,766,65
1607,3470,40442,4529,40442,766,65
1607,3470,40443,4529,40443,766,65
1607,3470,40444,4529,40444,766,65
1607,3470,40445,4529,40445,766,65
1607,3470,40446,4529,40446,766,65
1607,3470,40447,4529,40447,766,65
1607,3470,40448,4529,40448,766,65
1607,3470,40449,4529,40449,766,65
1607,3470,40450,4529,40450,766,65
1607,3470,40451,4529,40451,766,65
1607,3470,40452,4529,40452,766,65
1607,3470,40453,4529,40453,766,65
1607,3470,40454,4529,40454,766,65
1607,3470,40455,4529,40455,766,65
1607,3470,40456,4529,40456,766,65
1607,3470,40457,4529,40457,766,65
1607,3470,40458,4529,40458,766,65
1607,3470,40459,4529,40459,766,65
1607,3470,40460,4529,40460,766,65
1607,3470,40461,4529,40461,766,65
1607,3470,40462,4529,40462,766,65
1607,3470,40463,4529,40463,766,65
1607,3470,40464,4529,40464,766,65
1607,3470,40465,4529,40465,766,65
1607,3470,40466,4529,40466,766,65
1607,3470,40467,4529,40467,766,65
1607,3470,40468,4529,40468,766,65
1607,3470,40469,4529,40469,766,65
1607,3470,40470,4529,40470,766,65
1607,3470,40471,4529,40471,766,65
1607,3470,40472,4529,40472,766,65
1607,3470,40473,4529,40473,766,65
1607,3470,40474,4529,40474,766,65
1607,3470,40475,4529,40475,766,65
1607,3470,40476,4529,40476,766,65
1607,3470,40477,4529,40477,766,65
1607,3470,40478,4529,40478,766,65
1607,3470,40479,4529,40479,766,65
1607,3470,40480,4529,40480,766,65
1607,3470,40481,4529,40481,766,65
1607,3470,40482,4529,40482,766,65
1607,3470,40483,4529,40483,766,65
1607,3470,40484,4529,40484,766,65
1607,3470,40485,4529,40485,766,65
1607,3470,40486,4529,40486,766,65
1607,3470,40487,4529,40487,766,65
1607,3470,40488,4529,40488,766,65
1607,3470,40489,4529,40489,766,65
1607,3470,40490,4529,40490,766,65
1607,3470,40491,4529,40491,766,65
1607,3470,40492,4529,40492,766,65
1607,3470,40493,4529,40493,766,65
1607,3470,40494,4529,40494,766,65
1607,3470,40495,4529,40495,766,65
1607,3470,40496,4529,40496,766,65
1607,3470,40497,4529,40497,766,65
1607,3470,40498,4529,40498,766,65
1607,3470,40499,4529,40499,766,65
1607,3470,40500,4529,40500,766,65
1607,3470,40501,4529,40501,766,65
1607,3470,40502,4529,40502,766,65
1607,3470,40503,4529,40503,766,65
1607,3470,40504,4529,40504,766,65
1607,3470,40505,4529,40505,766,65
1607,3470,40506,4529,40506,766,65
1607,3470,40507,4529,40507,766,65
1607,3470,40508,4529,40508,766,65
1607,3470,40509,4529,40509,766,65
1607,3470,40510,4529,40510,766,65
1607,3470,40511,4529,40511,766,65
1607,3470,40512,4529,40512,766,65
1607,3470,40513,4529,40513,766,65
1607,3470,40514,4529,40514,766,65
1607,3470,40515,4529,40515,766,65
1607,3470,40516,4529,40516,766,65
1607,3470,40517,4529,40517,766,65
1607,3470,40518,4529,40518,766,65
1607,3470,40519,4529,40519,766,65
1607,3470,40520,4529,40520,766,65
1607,3470,40521,4529,40521,766,65
1607,3470,40522,4529,40522,766,65
1607,3470,40523,4529,40523,766,65
1607,3470,40524,4529,40524,766,65
1607,3470,40525,4529,40525,766,65
1607,3470,40526,4529,40526,766,65
1607,3470,40527,4529,40527,766,65
1607,3470,40528,4529,40528,766,65
1607,3470,40529,4529,40529,766,65
1607,3470,40530,4529,40530,766,65
1607,3470,40531,4529,40531,766,65
1607,3470,40532,4529,40532,766,65
1607,3470,40533,4529,40533,766,65
1607,3470,40534,4529,40534,766,65
1607,3470,40535,4529,40535,766,65
1607,3470,40536,4529,40536,766,65
1607,3470,40537,4529,40537,766,65
1607,3470,40538,4529,40538,766,65
1607,3470,40539,4529,40539,766,65
1607,3470,40540,4529,40540,766,65
1607,3470,40541,4529,40541,766,65
1608,3470,40542,4529,40542,766,65
1608,3470,40543,4529,40543,766,65
1608,3470,40544,4529,40544,766,65
1608,3470,40545,4529,40545,766,65
1608,3470,40546,4529,40546,766,65
1608,3470,40547,4529,40547,766,65
1608,3470,40548,4529,40548,766,65
1608,3470,40549,4529,40549,766,65
1608,3470,40550,4529,40550,766,65
1608,3470,40551,4529,40551,766,65
1608,3470,40552,4529,40552,766,65
1608,3470,40553,4529,40553,766,65
1608,3470,40554,4529,40554,766,65
1608,3470,40555,4529,40555,766,65
1608,3470,40556,4529,40556,766,65
1608,3470,40557,4529,40557,766,65
1608,3470,40558,4529,40558,766,65
1608,3470,40559,4529,40559,766,65
1608,3470,40560,4529,40560,766,65
1608,3470,40561,4529,40561,766,65
1608,3470,40562,4529,40562,766,65
1608,3470,40563,4529,40563,766,65
1608,3470,40564,4529,40564,766,65
1608,3470,40565,4529,40565,766,65
1608,3470,40566,4529,40566,766,65
1608,3470,40567,4529,40567,766,65
1608,3470,40568,4529,40568,766,65
1608,3470,40569,4529,40569,766,65
1608,3470,40570,4529,40570,766,65
1608,3470,40571,4529,40571,766,65
1608,3470,40572,4529,40572,766,65
1608,3470,40573,4529,40573,766,65
1608,3470,40574,4529,40574,766,65
1608,3470,40575,4529,40575,766,65
1608,3470,40576,4529,40576,766,65
1608,3470,40577,4529,40577,766,65
1608,3470,40578,4529,40578,766,65
1608,3470,40579,4529,40579,766,65
1608,3470,40580,4529,40580,766,65
1608,3470,40581,4529,40581,766,65
1608,3470,40582,4529,40582,766,65
1608,3470,40583,4529,40583,766,65
1608,3470,40584,4529,40584,766,65
1608,3470,40585,4529,40585,766,65
1608,3470,40586,4529,40586,766,65
1608,3470,40587,4529,40587,766,65
1608,3470,40588,4529,40588,766,65
1608,3470,40589,4529,40589,766,65
1608,3470,40590,4529,40590,766,65
1608,3470,40591,4529,40591,766,65
1608,3470,40592,4529,40592,766,65
1608,3470,40593,4529,40593,766,65
1608,3470,40594,4529,40594,766,65
1608,3470,40595,4529,40595,766,65
1608,3470,40596,4529,40596,766,65
1608,3470,40597,4529,40597,766,65
1608,3470,40598,4529,40598,766,65
1608,3470,40599,4529,40599,766,65
1608,3470,40600,4529,40600,766,65
1608,3470,40601,4529,40601,766,65
1608,3470,40602,4529,40602,766,65
1608,3470,40603,4529,40603,766,65
1608,3470,40604,4529,40604,766,65
1608,3470,40605,4529,40605,766,65
1608,3470,40606,4529,40606,766,65
1608,3470,40607,4529,40607,766,65
1608,3470,40608,4529,40608,766,65
1608,3470,40609,4529,40609,766,65
1608,3470,40610,4529,40610,766,65
1608,3470,40611,4529,40611,766,65
1608,3470,40612,4529,40612,766,65
1608,3470,40613,4529,40613,766,65
1608,3470,40614,4529,40614,766,65
1608,3470,40615,4529,40615,766,65
1608,3470,40616,4529,40616,766,65
1608,3470,40617,4529,40617,766,65
1608,3470,40618,4529,40618,766,65
1608,3470,40619,4529,40619,766,65
1608,3470,40620,4529,40620,766,65
1608,3470,40621,4529,40621,766,65
1608,3470,40622,4529,40622,766,65
1608,3470,40623,4529,40623,766,65
1608,3470,40624,4529,40624,766,65
1608,3470,40625,4529,40625,766,65
1608,3470,40626,4529,40626,766,65
1608,3470,40627,4529,40627,766,65
1608,3470,40628,4529,40628,766,65
1608,3470,40629,4529,40629,766,65
1608,3470,40630,4529,40630,766,65
1609,3470,40631,4529,40631,766,65
1609,3470,40632,4529,40632,766,65
1609,3470,40633,4529,40633,766,65
1609,3470,40634,4529,40634,766,65
1609,3470,40635,4529,40635,766,65
1609,3470,40636,4529,40636,766,65
1609,3470,40637,4529,40637,766,65
1609,3470,40638,4529,40638,766,65
1609,3470,40639,4529,40639,766,65
1609,3470,40640,4529,40640,766,65
1609,3470,40641,4529,40641,766,65
1609,3470,40642,4529,40642,766,65
1609,3470,40643,4529,40643,766,65
1609,3470,40644,4529,40644,766,65
1609,3470,40645,4529,40645,766,65
1609,3470,40646,4529,40646,766,65
1609,3470,40647,4529,40647,766,65
1609,3470,40648,4529,40648,766,65
1609,3470,40649,4529,40649,766,65
1609,3470,40650,4529,40650,766,65
1609,3470,40651,4529,40651,766,65
1609,3470,40652,4529,40652,766,65
1609,3470,40653,4529,40653,766,65
1609,3470,40654,4529,40654,766,65
1609,3470,40655,4529,40655,766,65
1609,3470,40656,4529,40656,766,65
1609,3470,40657,4529,40657,766,65
1609,3470,40658,4529,40658,766,65
1609,3470,40659,4529,40659,766,65
1609,3470,40660,4529,40660,766,65
1609,3470,40661,4529,40661,766,65
1609,3470,40662,4529,40662,766,65
1609,3470,40663,4529,40663,766,65
1609,3470,40664,4529,40664,766,65
1609,3470,40665,4529,40665,766,65
1609,3470,40666,4529,40666,766,65
1609,3470,40667,4529,40667,766,65
1609,3470,40668,4529,40668,766,65
1609,3470,40669,4529,40669,766,65
1609,3470,40670,4529,40670,766,65
1609,3470,40671,4529,40671,766,65
1609,3470,40672,4529,40672,766,65
1609,3470,40673,4529,40673,766,65
1609,3470,40674,4529,40674,766,65
1609,3470,40675,4529,40675,766,65
1609,3470,40676,4529,40676,766,65
1609,3470,40677,4529,40677,766,65
1609,3470,40678,4529,40678,766,65
1609,3470,40679,4529,40679,766,65
1609,3470,40680,4529,40680,766,65
1609,3470,40681,4529,40681,766,65
1609,3470,40682,4529,40682,766,65
1609,3470,40683,4529,40683,766,65
1609,3470,40684,4529,40684,766,65
1609,3470,40685,4529,40685,766,65
1609,3470,40686,4529,40686,766,65
1609,3470,40687,4529,40687,766,65
1609,3470,40688,4529,40688,766,65
1609,3470,40689,4529,40689,766,65
1609,3470,40690,4529,40690,766,65
1609,3470,40691,4529,40691,766,65
1609,3470,40692,4529,40692,766,65
1609,3470,40693,4529,40693,766,65
1609,3470,40694,4529,40694,766,65
1609,3470,40695,4529,40695,766,65
1609,3470,40696,4529,40696,766,65
1609,3470,40697,4529,40697,766,65
1609,3470,40698,4529,40698,766,65
1609,3470,40699,4529,40699,766,65
1609,3470,40700,4529,40700,766,65
1609,3470,40701,4529,40701,766,65
1609,3470,40702,4529,40702,766,65
1609,3470,40703,4529,40703,766,65
1609,3470,40704,4529,40704,766,65
1609,3470,40705,4529,40705,766,65
1609,3470,40706,4529,40706,766,65
1609,3470,40707,4529,40707,766,65
1609,3470,40708,4529,40708,766,65
1609,3470,40709,4529,40709,766,65
1609,3470,40710,4529,40710,766,65
1609,3470,40711,4529,40711,766,65
1609,3470,40712,4529,40712,766,65
1609,3470,40713,4529,40713,766,65
1609,3470,40714,4529,40714,766,65
1609,3470,40715,4529,40715,766,65
1609,3470,40716,4529,40716,766,65
1609,3470,40717,4529,40717,766,65
1609,3470,40718,4529,40718,766,65
1609,3470,40719,4529,40719,766,65
1609,3470,40720,4529,40720,766,65
1609,3470,40721,4529,40721,766,65
1609,3470,40722,4529,40722,766,65
1609,3470,40723,4529,40723,766,65
1609,3470,40724,4529,40724,766,65
1609,3470,40725,4529,40725,766,65
1609,3470,40726,4529,40726,766,65
1609,3470,40727,4529,40727,766,65
1609,3470,40728,4529,40728,766,65
1609,3470,40729,4529,40729,766,65
1609,3470,40730,4529,40730,766,65
1609,3470,40731,4529,40731,766,65
1609,3470,40732,4529,40732,766,65
1609,3470,40733,4529,40733,766,65
1609,3470,40734,4529,40734,766,65
1609,3470,40735,4529,40735,766,65
1609,3470,40736,4529,40736,766,65
1609,3470,40737,4529,40737,766,65
1609,3470,40738,4529,40738,766,65
1609,3470,40739,4529,40739,766,65
1609,3470,40740,4529,40740,766,65
1610,3470,40741,4529,40741,766,65
1610,3470,40742,4529,40742,766,65
1610,3470,40743,4529,40743,766,65
1610,3470,40744,4529,40744,766,65
1610,3470,40745,4529,40745,766,65
1610,3470,40746,4529,40746,766,65
1610,3470,40747,4529,40747,766,65
1610,3470,40748,4529,40748,766,65
1610,3470,40749,4529,40749,766,65
1610,3470,40750,4529,40750,766,65
1610,3470,40751,4529,40751,766,65
1610,3470,40752,4529,40752,766,65
1610,3470,40753,4529,40753,766,65
1610,3470,40754,4529,40754,766,65
1610,3470,40755,4529,40755,766,65
1610,3470,40756,4529,40756,766,65
1610,3470,40757,4529,40757,766,65
1610,3470,40758,4529,40758,766,65
1610,3470,40759,4529,40759,766,65
1610,3470,40760,4529,40760,766,65
1610,3470,40761,4529,40761,766,65
1610,3470,40762,4529,40762,766,65
1610,3470,40763,4529,40763,766,65
1610,3470,40764,4529,40764,766,65
1610,3470,40765,4529,40765,766,65
1611,3470,40766,4529,40766,766,65
1611,3470,40767,4529,40767,766,65
1611,3470,40768,4529,40768,766,65
1611,3470,40769,4529,40769,766,65
1611,3470,40770,4529,40770,766,65
1611,3470,40771,4529,40771,766,65
1611,3470,40772,4529,40772,766,65
1611,3470,40773,4529,40773,766,65
1611,3470,40774,4529,40774,766,65
1611,3470,40775,4529,40775,766,65
1611,3470,40776,4529,40776,766,65
1611,3470,40777,4529,40777,766,65
1611,3470,40778,4529,40778,766,65
1611,3470,40779,4529,40779,766,65
1611,3470,40780,4529,40780,766,65
1611,3470,40781,4529,40781,766,65
1611,3470,40782,4529,40782,766,65
1611,3470,40783,4529,40783,766,65
1611,3470,40784,4529,40784,766,65
1611,3470,40785,4529,40785,766,65
1611,3470,40786,4529,40786,766,65
1611,3470,40787,4529,40787,766,65
1611,3470,40788,4529,40788,766,65
1611,3470,40789,4529,40789,766,65
1611,3470,40790,4529,40790,766,65
1611,3470,40791,4529,40791,766,65
1611,3470,40792,4529,40792,766,65
1611,3470,40793,4529,40793,766,65
1611,3470,40794,4529,40794,766,65
1611,3470,40795,4529,40795,766,65
1611,3470,40796,4529,40796,766,65
1611,3470,40797,4529,40797,766,65
1611,3470,40798,4529,40798,766,65
1611,3470,40799,4529,40799,766,65
1611,3470,40800,4529,40800,766,65
1611,3470,40801,4529,40801,766,65
1611,3470,40802,4529,40802,766,65
1611,3470,40803,4529,40803,766,65
1611,3470,40804,4529,40804,766,65
1611,3470,40805,4529,40805,766,65
1611,3470,40806,4529,40806,766,65
1611,3470,40807,4529,40807,766,65
1611,3470,40808,4529,40808,766,65
1611,3470,40809,4529,40809,766,65
1611,3470,40810,4529,40810,766,65
1611,3470,40811,4529,40811,766,65
1611,3470,40812,4529,40812,766,65
1611,3470,40813,4529,40813,766,65
1611,3470,40814,4529,40814,766,65
1611,3470,40815,4529,40815,766,65
1611,3470,40816,4529,40816,766,65
1611,3470,40817,4529,40817,766,65
1611,3470,40818,4529,40818,766,65
1611,3470,40819,4529,40819,766,65
1611,3470,40820,4529,40820,766,65
1611,3470,40821,4529,40821,766,65
1611,3470,40822,4529,40822,766,65
1611,3470,40823,4529,40823,766,65
1611,3470,40824,4529,40824,766,65
1611,3470,40825,4529,40825,766,65
1611,3470,40826,4529,40826,766,65
1611,3470,40827,4529,40827,766,65
1611,3470,40828,4529,40828,766,65
1611,3470,40829,4529,40829,766,65
1611,3470,40830,4529,40830,766,65
1611,3470,40831,4529,40831,766,65
1611,3470,40832,4529,40832,766,65
1611,3470,40833,4529,40833,766,65
1611,3470,40834,4529,40834,766,65
1611,3470,40835,4529,40835,766,65
1611,3470,40836,4529,40836,766,65
1611,3470,40837,4529,40837,766,65
1611,3470,40838,4529,40838,766,65
1611,3470,40839,4529,40839,766,65
1611,3470,40840,4529,40840,766,65
1611,3470,40841,4529,40841,766,65
1611,3470,40842,4529,40842,766,65
1611,3470,40843,4529,40843,766,65
1611,3470,40844,4529,40844,766,65
1611,3470,40845,4529,40845,766,65
1611,3470,40846,4529,40846,766,65
1611,3470,40847,4529,40847,766,65
1611,3470,40848,4529,40848,766,65
1611,3470,40849,4529,40849,766,65
1611,3470,40850,4529,40850,766,65
1611,3470,40851,4529,40851,766,65
1611,3470,40852,4529,40852,766,65
1611,3470,40853,4529,40853,766,65
1611,3470,40854,4529,40854,766,65
1611,3470,40855,4529,40855,766,65
1611,3470,40856,4529,40856,766,65
1611,3470,40857,4529,40857,766,65
1611,3470,40858,4529,40858,766,65
1611,3470,40859,4529,40859,766,65
1611,3470,40860,4529,40860,766,65
1611,3470,40861,4529,40861,766,65
1611,3470,40862,4529,40862,766,65
1611,3470,40863,4529,40863,766,65
1611,3470,40864,4529,40864,766,65
1611,3470,40865,4529,40865,766,65
1611,3470,40866,4529,40866,766,65
1611,3470,40867,4529,40867,766,65
1611,3470,40868,4529,40868,766,65
1611,3470,40869,4529,40869,766,65
1611,3470,40870,4529,40870,766,65
1611,3470,40871,4529,40871,766,65
1611,3470,40872,4529,40872,766,65
1611,3470,40873,4529,40873,766,65
1611,3470,40874,4529,40874,766,65
1611,3470,40875,4529,40875,766,65
1611,3470,40876,4529,40876,766,65
1611,3470,40877,4529,40877,766,65
1611,3470,40878,4529,40878,766,65
1611,3470,40879,4529,40879,766,65
1611,3470,40880,4529,40880,766,65
1611,3470,40881,4529,40881,766,65
1611,3470,40882,4529,40882,766,65
1611,3470,40883,4529,40883,766,65
1611,3470,40884,4529,40884,766,65
1611,3470,40885,4529,40885,766,65
1611,3470,40886,4529,40886,766,65
1611,3470,40887,4529,40887,766,65
1611,3470,40888,4529,40888,766,65
1611,3470,40889,4529,40889,766,65
1611,3470,40890,4529,40890,766,65
1611,3470,40891,4529,40891,766,65
1611,3470,40892,4529,40892,766,65
1611,3470,40893,4529,40893,766,65
1611,3470,40894,4529,40894,766,65
1611,3470,40895,4529,40895,766,65
1611,3470,40896,4529,40896,766,65
1611,3470,40897,4529,40897,766,65
1611,3470,40898,4529,40898,766,65
1611,3470,40899,4529,40899,766,65
1611,3470,40900,4529,40900,766,65
1611,3470,40901,4529,40901,766,65
1611,3470,40902,4529,40902,766,65
1611,3470,40903,4529,40903,766,65
1611,3470,40904,4529,40904,766,65
1611,3470,40905,4529,40905,766,65
1611,3470,40906,4529,40906,766,65
1611,3470,40907,4529,40907,766,65
1611,3470,40908,4529,40908,766,65
1611,3470,40909,4529,40909,766,65
1611,3470,40910,4529,40910,766,65
1611,3470,40911,4529,40911,766,65
1611,3470,40912,4529,40912,766,65
1611,3470,40913,4529,40913,766,65
1611,3470,40914,4529,40914,766,65
1611,3470,40915,4529,40915,766,65
1611,3470,40916,4529,40916,766,65
1611,3470,40917,4529,40917,766,65
1611,3470,40918,4529,40918,766,65
1611,3470,40919,4529,40919,766,65
1611,3470,40920,4529,40920,766,65
1611,3470,40921,4529,40921,766,65
1611,3470,40922,4529,40922,766,65
1610,3470,40923,4529,40923,766,65
1610,3470,40924,4529,40924,766,65
1610,3470,40925,4529,40925,766,65
1610,3470,40926,4529,40926,766,65
1610,3470,40927,4529,40927,766,65
1610,3470,40928,4529,40928,766,65
1610,3470,40929,4529,40929,766,65
1610,3470,40930,4529,40930,766,65
1610,3470,40931,4529,40931,766,65
1610,3470,40932,4529,40932,766,65
1610,3470,40933,4529,40933,766,65
1610,3470,40934,4529,40934,766,65
1610,3470,40935,4529,40935,766,65
1610,3470,40936,4529,40936,766,65
1610,3470,40937,4529,40937,766,65
1610,3470,40938,4529,40938,766,65
1610,3470,40939,4529,40939,766,65
1610,3470,40940,4529,40940,766,65
1610,3470,40941,4529,40941,766,65
1610,3470,40942,4529,40942,766,65
1610,3470,40943,4529,40943,766,65
1610,3470,40944,4529,40944,766,65
1610,3470,40945,4529,40945,766,65
1610,3470,40946,4529,40946,766,65
1610,3470,40947,4529,40947,766,65
1610,3470,40948,4529,40948,766,65
1610,3470,40949,4529,40949,766,65
1610,3470,40950,4529,40950,766,65
1610,3470,40951,4529,40951,766,65
1610,3470,40952,4529,40952,766,65
1610,3470,40953,4529,40953,766,65
1610,3470,40954,4529,40954,766,65
1610,3470,40955,4529,40955,766,65
1610,3470,40956,4529,40956,766,65
1610,3470,40957,4529,40957,766,65
1610,3470,40958,4529,40958,766,65
1610,3470,40959,4529,40959,766,65
1610,3470,40960,4529,40960,766,65
1610,3470,40961,4529,40961,766,65
1610,3470,40962,4529,40962,766,65
1610,3470,40963,4529,40963,766,65
1610,3470,40964,4529,40964,766,65
1610,3470,40965,4529,40965,766,65
1610,3470,40966,4529,40966,766,65
1610,3470,40967,4529,40967,766,65
1610,3470,40968,4529,40968,766,65
1610,3470,40969,4529,40969,766,65
1610,3470,40970,4529,40970,766,65
1610,3470,40971,4529,40971,766,65
1610,3470,40972,4529,40972,766,65
1610,3470,40973,4529,40973,766,65
1610,3470,40974,4529,40974,766,65
1610,3470,40975,4529,40975,766,65
1610,3470,40976,4529,40976,766,65
1610,3470,40977,4529,40977,766,65
1610,3470,40978,4529,40978,766,65
1610,3470,40979,4529,40979,766,65
1610,3470,40980,4529,40980,766,65
1610,3470,40981,4529,40981,766,65
1610,3470,40982,4529,40982,766,65
1610,3470,40983,4529,40983,766,65
1610,3470,40984,4529,40984,766,65
1610,3470,40985,4529,40985,766,65
1610,3470,40986,4529,40986,766,65
1610,3470,40987,4529,40987,766,65
1610,3470,40988,4529,40988,766,65
1610,3470,40989,4529,40989,766,65
1610,3470,40990,4529,40990,766,65
1610,3470,40991,4529,40991,766,65
1610,3470,40992,4529,40992,766,65
1610,3470,40993,4529,40993,766,65
1610,3470,40994,4529,40994,766,65
1610,3470,40995,4529,40995,766,65
1610,3470,40996,4529,40996,766,65
1610,3470,40997,4529,40997,766,65
1610,3470,40998,4529,40998,766,65
1610,3470,40999,4529,40999,766,65
1610,3470,41000,4529,41000,766,65
1610,3470,41001,4529,41001,766,65
1610,3470,41002,4529,41002,766,65
1610,3470,41003,4529,41003,766,65
1610,3470,41004,4529,41004,766,65
1610,3470,41005,4529,41005,766,65
1610,3470,41006,4529,41006,766,65
1610,3470,41007,4529,41007,766,65
1610,3470,41008,4529,41008,766,65
1610,3470,41009,4529,41009,766,65
1610,3470,41010,4529,41010,766,65
1610,3470,41011,4529,41011,766,65
1610,3470,41012,4529,41012,766,65
1610,3470,41013,4529,41013,766,65
1610,3470,41014,4529,41014,766,65
1610,3470,41015,4529,41015,766,65
1610,3470,41016,4529,41016,766,65
1610,3470,41017,4529,41017,766,65
1610,3470,41018,4529,41018,766,65
1610,3470,41019,4529,41019,766,65
1610,3470,41020,4529,41020,766,65
1610,3470,41021,4529,41021,766,65
1610,3470,41022,4529,41022,766,65
1610,3470,41023,4529,41023,766,65
1610,3470,41024,4529,41024,766,65
1610,3470,41025,4529,41025,766,65
1610,3470,41026,4529,41026,766,65
1610,3470,41027,4529,41027,766,65
1610,3470,41028,4529,41028,766,65
1610,3470,41029,4529,41029,766,65
1610,3470,41030,4529,41030,766,65
1610,3470,41031,4529,41031,766,65
1610,3470,41032,4529,41032,766,65
1610,3470,41033,4529,41033,766,65
1610,3470,41034,4529,41034,766,65
1610,3470,41035,4529,41035,766,65
1610,3470,41036,4529,41036,766,65
1610,3470,41037,4529,41037,766,65
1610,3470,41038,4529,41038,766,65
1610,3470,41039,4529,41039,766,65
1610,3470,41040,4529,41040,766,65
1610,3470,41041,4529,41041,766,65
1610,3470,41042,4529,41042,766,65
1610,3470,41043,4529,41043,766,65
1610,3470,41044,4529,41044,766,65
1610,3470,41045,4529,41045,766,65
1610,3470,41046,4529,41046,766,65
1610,3470,41047,4529,41047,766,65
1610,3470,41048,4529,41048,766,65
1610,3470,41049,4529,41049,766,65
1610,3470,41050,4529,41050,766,65
1610,3470,41051,4529,41051,766,65
1610,3470,41052,4529,41052,766,65
1610,3470,41053,4529,41053,766,65
1610,3470,41054,4529,41054,766,65
1610,3470,41055,4529,41055,766,65
1610,3470,41056,4529,41056,766,65
1610,3470,41057,4529,41057,766,65
1610,3470,41058,4529,41058,766,65
1610,3470,41059,4529,41059,766,65
1610,3470,41060,4529,41060,766,65
1610,3470,41061,4529,41061,766,65
1610,3470,41062,4529,41062,766,65
1610,3470,41063,4529,41063,766,65
1610,3470,41064,4529,41064,766,65
1610,3470,41065,4529,41065,766,65
1610,3470,41066,4529,41066,766,65
1610,3470,41067,4529,41067,766,65
1610,3470,41068,4529,41068,766,65
1610,3470,41069,4529,41069,766,65
1610,3470,41070,4529,41070,766,65
1610,3470,41071,4529,41071,766,65
1610,3470,41072,4529,41072,766,65
1610,3470,41073,4529,41073,766,65
1610,3470,41074,4529,41074,766,65
1610,3470,41075,4529,41075,766,65
1610,3470,41076,4529,41076,766,65
1610,3470,41077,4529,41077,766,65
1610,3470,41078,4529,41078,766,65
1610,3470,41079,4529,41079,766,65
1610,3470,41080,4529,41080,766,65
1610,3470,41081,4529,41081,766,65
1610,3470,41082,4529,41082,766,65
1610,3470,41083,4529,41083,766,65
1610,3470,41084,4529,41084,766,65
1610,3470,41085,4529,41085,766,65
1610,3470,41086,4529,41086,766,65
1610,3470,41087,4529,41087,766,65
1610,3470,41088,4529,41088,766,65
1610,3470,41089,4529,41089,766,65
1610,3470,41090,4529,41090,766,65
1610,3470,41091,4529,41091,766,65
1610,3470,41092,4529,41092,766,65
1610,3470,41093,4529,41093,766,65
1610,3470,41094,4529,41094,766,65
1610,3470,41095,4529,41095,766,65
1610,3470,41096,4529,41096,766,65
1610,3470,41097,4529,41097,766,65
1610,3470,41098,4529,41098,766,65
1610,3470,41099,4529,41099,766,65
1610,3470,41100,4529,41100,766,65
1610,3470,41101,4529,41101,766,65
1610,3470,41102,4529,41102,766,65
1610,3470,41103,4529,41103,766,65
1610,3470,41104,4529,41104,766,65
1610,3470,41105,4529,41105,766,65
1610,3470,41106,4529,41106,766,65
1610,3470,41107,4529,41107,766,65
1610,3470,41108,4529,41108,766,65
1610,3470,41109,4529,41109,766,65
1610,3470,41110,4529,41110,766,65
1610,3470,41111,4529,41111,766,65
1610,3470,41112,4529,41112,766,65
1610,3470,41113,4529,41113,766,65
1610,3470,41114,4529,41114,766,65
1610,3470,41115,4529,41115,766,65
1610,3470,41116,4529,41116,766,65
1610,3470,41117,4529,41117,766,65
1610,3470,41118,4529,41118,766,65
1610,3470,41119,4529,41119,766,65
1610,3470,41120,4529,41120,766,65
1610,3470,41121,4529,41121,766,65
1610,3470,41122,4529,41122,766,65
1610,3470,41123,4529,41123,766,65
1610,3470,41124,4529,41124,766,65
1610,3470,41125,4529,41125,766,65
1610,3470,41126,4529,41126,766,65
1610,3470,41127,4529,41127,766,65
1610,3470,41128,4529,41128,766,65
1610,3470,41129,4529,41129,766,65
1610,3470,41130,4529,41130,766,65
1610,3470,41131,4529,41131,766,65
1610,3470,41132,4529,41132,766,65
1610,3470,41133,4529,41133,766,65
1610,3470,41134,4529,41134,766,65
1610,3470,41135,4529,41135,766,65
1610,3470,41136,4529,41136,766,65
1610,3470,41137,4529,41137,766,65
1610,3470,41138,4529,41138,766,65
1610,3470,41139,4529,41139,766,65
1610,3470,41140,4529,41140,766,65
1610,3470,41141,4529,41141,766,65
1610,3470,41142,4529,41142,766,65
1610,3470,41143,4529,41143,766,65
1610,3470,41144,4529,41144,766,65
1610,3470,41145,4529,41145,766,65
1610,3470,41146,4529,41146,766,65
1610,3470,41147,4529,41147,766,65
1610,3470,41148,4529,41148,766,65
1610,3470,41149,4529,41149,766,65
1610,3470,41150,4529,41150,766,65
1610,3470,41151,4529,41151,766,65
1610,3470,41152,4529,41152,766,65
1610,3470,41153,4529,41153,766,65
1610,3470,41154,4529,41154,766,65
1610,3470,41155,4529,41155,766,65
1610,3470,41156,4529,41156,766,65
1610,3470,41157,4529,41157,766,65
1610,3470,41158,4529,41158,766,65
1610,3470,41159,4529,41159,766,65
1610,3470,41160,4529,41160,766,65
1610,3470,41161,4529,41161,766,65
1610,3470,41162,4529,41162,766,65
1610,3470,41163,4529,41163,766,65
1610,3470,41164,4529,41164,766,65
1610,3470,41165,4529,41165,766,65
1610,3470,41166,4529,41166,766,65
1610,3470,41167,4529,41167,766,65
1610,3470,41168,4529,41168,766,65
1610,3470,41169,4529,41169,766,65
1610,3470,41170,4529,41170,766,65
1610,3470,41171,4529,41171,766,65
1610,3470,41172,4529,41172,766,65
1610,3470,41173,4529,41173,766,65
1610,3470,41174,4529,41174,766,65
1610,3470,41175,4529,41175,766,65
1610,3470,41176,4529,41176,766,65
1610,3470,41177,4529,41177,766,65
1610,3470,41178,4529,41178,766,65
1610,3470,41179,4529,41179,766,65
1610,3470,41180,4529,41180,766,65
1610,3470,41181,4529,41181,766,65
1610,3470,41182,4529,41182,766,65
1610,3470,41183,4529,41183,766,65
1610,3470,41184,4529,41184,766,65
1610,3470,41185,4529,41185,766,65
1610,3470,41186,4529,41186,766,65
1610,3470,41187,4529,41187,766,65
1610,3470,41188,4529,41188,766,65
1610,3470,41189,4529,41189,766,65
1610,3470,41190,4529,41190,766,65
1610,3470,41191,4529,41191,766,65
1610,3470,41192,4529,41192,766,65
1610,3470,41193,4529,41193,766,65
1610,3470,41194,4529,41194,766,65
1610,3470,41195,4529,41195,766,65
1610,3470,41196,4529,41196,766,65
1610,3470,41197,4529,41197,766,65
1610,3470,41198,4529,41198,766,65
1610,3470,41199,4529,41199,766,65
1610,3470,41200,4529,41200,766,65
1610,3470,41201,4529,41201,766,65
1610,3470,41202,4529,41202,766,65
1610,3470,41203,4529,41203,766,65
1609,3470,41204,4529,41204,766,65
1609,3470,41205,4529,41205,766,65
1609,3470,41206,4529,41206,766,65
1609,3470,41207,4529,41207,766,65
1609,3470,41208,4529,41208,766,65
1609,3470,41209,4529,41209,766,65
1609,3470,41210,4529,41210,766,65
1609,3470,41211,4529,41211,766,65
1609,3470,41212,4529,41212,766,65
1609,3470,41213,4529,41213,766,65
1609,3470,41214,4529,41214,766,65
1609,3470,41215,4529,41215,766,65
1609,3470,41216,4529,41216,766,65
1609,3470,41217,4529,41217,766,65
1609,3470,41218,4529,41218,766,65
1609,3470,41219,4529,41219,766,65
1609,3470,41220,4529,41220,766,65
1609,3470,41221,4529,41221,766,65
1609,3470,41222,4529,41222,766,65
1609,3470,41223,4529,41223,766,65
1609,3470,41224,4529,41224,766,65
1609,3470,41225,4529,41225,766,65
1609,3470,41226,4529,41226,766,65
1609,3470,41227,4529,41227,766,65
1609,3470,41228,4529,41228,766,65
1609,3470,41229,4529,41229,766,65
1609,3470,41230,4529,41230,766,65
1609,3470,41231,4529,41231,766,65
1609,3470,41232,4529,41232,766,65
1609,3470,41233,4529,41233,766,65
1609,3470,41234,4529,41234,766,65
1609,3470,41235,4529,41235,766,65
1609,3470,41236,4529,41236,766,65
1609,3470,41237,4529,41237,766,65
1609,3470,41238,4529,41238,766,65
1609,3470,41239,4529,41239,766,65
1609,3470,41240,4529,41240,766,65
1609,3470,41241,4529,41241,766,65
1609,3470,41242,4529,41242,766,65
1609,3470,41243,4529,41243,766,65
1609,3470,41244,4529,41244,766,65
1609,3470,41245,4529,41245,766,65
1609,3470,41246,4529,41246,766,65
1609,3470,41247,4529,41247,766,65
1609,3470,41248,4529,41248,766,65
1609,3470,41249,4529,41249,766,65
1609,3470,41250,4529,41250,766,65
1609,3470,41251,4529,41251,766,65
1609,3470,41252,4529,41252,766,65
1609,3470,41253,4529,41253,766,65
1609,3470,41254,4529,41254,766,65
1609,3470,41255,4529,41255,766,65
1609,3470,41256,4529,41256,766,65
1609,3470,41257,4529,41257,766,65
1609,3470,41258,4529,41258,766,65
1609,3470,41259,4529,41259,766,65
1609,3470,41260,4529,41260,766,65
1609,3470,41261,4529,41261,766,65
1609,3470,41262,4529,41262,766,65
1609,3470,41263,4529,41263,766,65
1609,3470,41264,4529,41264,766,65
1609,3470,41265,4529,41265,766,65
1609,3470,41266,4529,41266,766,65
1609,3470,41267,4529,41267,766,65
1609,3470,41268,4529,41268,766,65
1609,3470,41269,4529,41269,766,65
1609,3470,41270,4529,41270,766,65
1609,3470,41271,4529,41271,766,65
1609,3470,41272,4529,41272,766,65
1609,3470,41273,4529,41273,766,65
1609,3470,41274,4529,41274,766,65
1609,3470,41275,4529,41275,766,65
1609,3470,41276,4529,41276,766,65
1609,3470,41277,4529,41277,766,65
1609,3470,41278,4529,41278,766,65
1609,3470,41279,4529,41279,766,65
1609,3470,41280,4529,41280,766,65
1609,3470,41281,4529,41281,766,65
1609,3470,41282,4529,41282,766,65
1609,3470,41283,4529,41283,766,65
1609,3470,41284,4529,41284,766,65
1609,3470,41285,4529,41285,766,65
1609,3470,41286,4529,41286,766,65
1609,3470,41287,4529,41287,766,65
1609,3470,41288,4529,41288,766,65
1609,3470,41289,4529,41289,766,65
1609,3470,41290,4529,41290,766,65
1609,3470,41291,4529,41291,766,65
1609,3470,41292,4529,41292,766,65
1609,3470,41293,4529,41293,766,65
1609,3470,41294,4529,41294,766,65
1609,3470,41295,4529,41295,766,65
1609,3470,41296,4529,41296,766,65
1609,3470,41297,4529,41297,766,65
1609,3470,41298,4529,41298,766,65
1609,3470,41299,4529,41299,766,65
1609,3470,41300,4529,41300,766,65
1609,3470,41301,4529,41301,766,65
1609,3470,41302,4529,41302,766,65
1609,3470,41303,4529,41303,766,65
1609,3470,41304,4529,41304,766,65
1609,3470,41305,4529,41305,766,65
1609,3470,41306,4529,41306,766,65
1609,3470,41307,4529,41307,766,65
1609,3470,41308,4529,41308,766,65
1609,3470,41309,4529,41309,766,65
1609,3470,41310,4529,41310,766,65
1609,3470,41311,4529,41311,766,65
1609,3470,41312,4529,41312,766,65
1609,3470,41313,4529,41313,766,65
1609,3470,41314,4529,41314,766,65
1609,3470,41315,4529,41315,766,65
1609,3470,41316,4529,41316,766,65
1609,3470,41317,4529,41317,766,65
1609,3470,41318,4529,41318,766,65
1609,3470,41319,4529,41319,766,65
1609,3470,41320,4529,41320,766,65
1609,3470,41321,4529,41321,766,65
1609,3470,41322,4529,41322,766,65
1609,3470,41323,4529,41323,766,65
1609,3470,41324,4529,41324,766,65
1609,3470,41325,4529,41325,766,65
1609,3470,41326,4529,41326,766,65
1609,3470,41327,4529,41327,766,65
1609,3470,41328,4529,41328,766,65
1609,3470,41329,4529,41329,766,65
1609,3470,41330,4529,41330,766,65
1609,3470,41331,4529,41331,766,65
1609,3470,41332,4529,41332,766,65
1609,3470,41333,4529,41333,766,65
1609,3470,41334,4529,41334,766,65
1609,3470,41335,4529,41335,766,65
1609,3470,41336,4529,41336,766,65
1609,3470,41337,4529,41337,766,65
1609,3470,41338,4529,41338,766,65
1609,3470,41339,4529,41339,766,65
1609,3470,41340,4529,41340,766,65
1609,3470,41341,4529,41341,766,65
1609,3470,41342,4529,41342,766,65
1609,3470,41343,4529,41343,766,65
1609,3470,41344,4529,41344,766,65
1609,3470,41345,4529,41345,766,65
1609,3470,41346,4529,41346,766,65
1609,3470,41347,4529,41347,766,65
1609,3470,41348,4529,41348,766,65
1609,3470,41349,4529,41349,766,65
1609,3470,41350,4529,41350,766,65
1609,3470,41351,4529,41351,766,65
1609,3470,41352,4529,41352,766,65
1609,3470,41353,4529,41353,766,65
1609,3470,41354,4529,41354,766,65
1609,3470,41355,4529,41355,766,65
1609,3470,41356,4529,41356,766,65
1609,3470,41357,4529,41357,766,65
1609,3470,41358,4529,41358,766,65
1609,3470,41359,4529,41359,766,65
1609,3470,41360,4529,41360,766,65
1609,3470,41361,4529,41361,766,65
1609,3470,41362,4529,41362,766,65
1609,3470,41363,4529,41363,766,65
1609,3470,41364,4529,41364,766,65
1609,3470,41365,4529,41365,766,65
1609,3470,41366,4529,41366,766,65
1609,3470,41367,4529,41367,766,65
1609,3470,41368,4529,41368,766,65
1609,3470,41369,4529,41369,766,65
1609,3470,41370,4529,41370,766,65
1609,3470,41371,4529,41371,766,65
1609,3470,41372,4529,41372,766,65
1609,3470,41373,4529,41373,766,65
1609,3470,41374,4529,41374,766,65
1609,3470,41375,4529,41375,766,65
1609,3470,41376,4529,41376,766,65
1609,3470,41377,4529,41377,766,65
1609,3470,41378,4529,41378,766,65
1609,3470,41379,4529,41379,766,65
1609,3470,41380,4529,41380,766,65
1609,3470,41381,4529,41381,766,65
1609,3470,41382,4529,41382,766,65
1609,3470,41383,4529,41383,766,65
1609,3470,41384,4529,41384,766,65
1609,3470,41385,4529,41385,766,65
1609,3470,41386,4529,41386,766,65
1609,3470,41387,4529,41387,766,65
1609,3470,41388,4529,41388,766,65
1609,3470,41389,4529,41389,766,65
1609,3470,41390,4529,41390,766,65
1609,3470,41391,4529,41391,766,65
1609,3470,41392,4529,41392,766,65
1609,3470,41393,4529,41393,766,65
1609,3470,41394,4529,41394,766,65
1609,3470,41395,4529,41395,766,65
1609,3470,41396,4529,41396,766,65
1609,3470,41397,4529,41397,766,65
1609,3470,41398,4529,41398,766,65
1609,3470,41399,4529,41399,766,65
1609,3470,41400,4529,41400,766,65
1609,3470,41401,4529,41401,766,65
1609,3470,41402,4529,41402,766,65
1609,3470,41403,4529,41403,766,65
1609,3470,41404,4529,41404,766,65
1609,3470,41405,4529,41405,766,65
1609,3470,41406,4529,41406,766,65
1609,3470,41407,4529,41407,766,65
1609,3470,41408,4529,41408,766,65
1609,3470,41409,4529,41409,766,65
1609,3470,41410,4529,41410,766,65
1609,3470,41411,4529,41411,766,65
1609,3470,41412,4529,41412,766,65
1609,3470,41413,4529,41413,766,65
1609,3470,41414,4529,41414,766,65
1609,3470,41415,4529,41415,766,65
1609,3470,41416,4529,41416,766,65
1609,3470,41417,4529,41417,766,65
1609,3470,41418,4529,41418,766,65
1609,3470,41419,4529,41419,766,65
1609,3470,41420,4529,41420,766,65
1609,3470,41421,4529,41421,766,65
1609,3470,41422,4529,41422,766,65
1609,3470,41423,4529,41423,766,65
1609,3470,41424,4529,41424,766,65
1609,3470,41425,4529,41425,766,65
1609,3470,41426,4529,41426,766,65
1609,3470,41427,4529,41427,766,65
1609,3470,41428,4529,41428,766,65
1609,3470,41429,4529,41429,766,65
1609,3470,41430,4529,41430,766,65
1609,3470,41431,4529,41431,766,65
1609,3470,41432,4529,41432,766,65
1609,3470,41433,4529,41433,766,65
1609,3470,41434,4529,41434,766,65
1609,3470,41435,4529,41435,766,65
1609,3470,41436,4529,41436,766,65
1609,3470,41437,4529,41437,766,65
1609,3470,41438,4529,41438,766,65
1609,3470,41439,4529,41439,766,65
1609,3470,41440,4529,41440,766,65
1609,3470,41441,4529,41441,766,65
1609,3470,41442,4529,41442,766,65
1609,3470,41443,4529,41443,766,65
1609,3470,41444,4529,41444,766,65
1609,3470,41445,4529,41445,766,65
1609,3470,41446,4529,41446,766,65
1609,3470,41447,4529,41447,766,65
1609,3470,41448,4529,41448,766,65
1609,3470,41449,4529,41449,766,65
1609,3470,41450,4529,41450,766,65
1609,3470,41451,4529,41451,766,65
1609,3470,41452,4529,41452,766,65
1609,3470,41453,4529,41453,766,65
1609,3470,41454,4529,41454,766,65
1609,3470,41455,4529,41455,766,65
1609,3470,41456,4529,41456,766,65
1609,3470,41457,4529,41457,766,65
1609,3470,41458,4529,41458,766,65
1609,3470,41459,4529,41459,766,65
1609,3470,41460,4529,41460,766,65
1609,3470,41461,4529,41461,766,65
1609,3470,41462,4529,41462,766,65
1609,3470,41463,4529,41463,766,65
1609,3470,41464,4529,41464,766,65
1609,3470,41465,4529,41465,766,65
1609,3470,41466,4529,41466,766,65
1609,3470,41467,4529,41467,766,65
1609,3470,41468,4529,41468,766,65
1609,3470,41469,4529,41469,766,65
1609,3470,41470,4529,41470,766,65
1609,3470,41471,4529,41471,766,65
1609,3470,41472,4529,41472,766,65
1609,3470,41473,4529,41473,766,65
1609,3470,41474,4529,41474,766,65
1609,3470,41475,4529,41475,766,65
1609,3470,41476,4529,41476,766,65
1609,3470,41477,4529,41477,766,65
1609,3470,41478,4529,41478,766,65
1609,3470,41479,4529,41479,766,65
1609,3470,41480,4529,41480,766,65
1609,3470,41481,4529,41481,766,65
1609,3470,41482,4529,41482,766,65
1609,3470,41483,4529,41483,766,65
1609,3470,41484,4529,41484,766,65
1609,3470,41485,4529,41485,766,65
1609,3470,41486,4529,41486,766,65
1609,3470,41487,4529,41487,766,65
1609,3470,41488,4529,41488,766,65
1609,3470,41489,4529,41489,766,65
1609,3470,41490,4529,41490,766,65
1609,3470,41491,4529,41491,766,65
1609,3470,41492,4529,41492,766,65
1609,3470,41493,4529,41493,766,65
1609,3470,41494,4529,41494,766,65
1609,3470,41495,4529,41495,766,65
1609,3470,41496,4529,41496,766,65
1609,3470,41497,4529,41497,766,65
1609,3470,41498,4529,41498,766,65
1609,3470,41499,4529,41499,766,65
1609,3470,41500,4529,41500,766,65
1609,3470,41501,4529,41501,766,65
1609,3470,41502,4529,41502,766,65
1609,3470,41503,4529,41503,766,65
1609,3470,41504,4529,41504,766,65
1609,3470,41505,4529,41505,766,65
1609,3470,41506,4529,41506,766,65
1609,3470,41507,4529,41507,766,65
1609,3470,41508,4529,41508,766,65
1609,3470,41509,4529,41509,766,65
1609,3470,41510,4529,41510,766,65
1609,3470,41511,4529,41511,766,65
1609,3470,41512,4529,41512,766,65
1609,3470,41513,4529,41513,766,65
1609,3470,41514,4529,41514,766,65
1609,3470,41515,4529,41515,766,65
1609,3470,41516,4529,41516,766,65
1609,3470,41517,4529,41517,766,65
1609,3470,41518,4529,41518,766,65
1609,3470,41519,4529,41519,766,65
1609,3470,41520,4529,41520,766,65
1609,3470,41521,4529,41521,766,65
1609,3470,41522,4529,41522,766,65
1609,3470,41523,4529,41523,766,65
1609,3470,41524,4529,41524,766,65
1609,3470,41525,4529,41525,766,65
1609,3470,41526,4529,41526,766,65
1609,3470,41527,4529,41527,766,65
1609,3470,41528,4529,41528,766,65
1609,3470,41529,4529,41529,766,65
1609,3470,41530,4529,41530,766,65
1609,3470,41531,4529,41531,766,65
1609,3470,41532,4529,41532,766,65
1609,3470,41533,4529,41533,766,65
1609,3470,41534,4529,41534,766,65
1609,3470,41535,4529,41535,766,65
1609,3470,41536,4529,41536,766,65
1609,3470,41537,4529,41537,766,65
1609,3470,41538,4529,41538,766,65
1609,3470,41539,4529,41539,766,65
1609,3470,41540,4529,41540,766,65
1609,3470,41541,4529,41541,766,65
1609,3470,41542,4529,41542,766,65
1609,3470,41543,4529,41543,766,65
1609,3470,41544,4529,41544,766,65
1609,3470,41545,4529,41545,766,65
1609,3470,41546,4529,41546,766,65
1609,3470,41547,4529,41547,766,65
1609,3470,41548,4529,41548,766,65
1609,3470,41549,4529,41549,766,65
1609,3470,41550,4529,41550,766,65
1609,3470,41551,4529,41551,766,65
1609,3470,41552,4529,41552,766,65
1609,3470,41553,4529,41553,766,65
1609,3470,41554,4529,41554,766,65
1609,3470,41555,4529,41555,766,65
1609,3470,41556,4529,41556,766,65
1609,3470,41557,4529,41557,766,65
1609,3470,41558,4529,41558,766,65
1609,3470,41559,4529,41559,766,65
1609,3470,41560,4529,41560,766,65
1609,3470,41561,4529,41561,766,65
1609,3470,41562,4529,41562,766,65
1609,3470,41563,4529,41563,766,65
1609,3470,41564,4529,41564,766,65
1609,3470,41565,4529,41565,766,65
1609,3470,41566,4529,41566,766,65
1609,3470,41567,4529,41567,766,65
1609,3470,41568,4529,41568,766,65
1609,3470,41569,4529,41569,766,65
1609,3470,41570,4529,41570,766,65
1609,3470,41571,4529,41571,766,65
1609,3470,41572,4529,41572,766,65
1609,3470,41573,4529,41573,766,65
1609,3470,41574,4529,41574,766,65
1609,3470,41575,4529,41575,766,65
1609,3470,41576,4529,41576,766,65
1609,3470,41577,4529,41577,766,65
1609,3470,41578,4529,41578,766,65
1609,3470,41579,4529,41579,766,65
1610,3470,41580,4529,41580,766,65
1610,3470,41581,4529,41581,766,65
1610,3470,41582,4529,41582,766,65
1610,3470,41583,4529,41583,766,65
1610,3470,41584,4529,41584,766,65
1610,3470,41585,4529,41585,766,65
1610,3470,41586,4529,41586,766,65
1610,3470,41587,4529,41587,766,65
1610,3470,41588,4529,41588,766,65
1610,3470,41589,4529,41589,766,65
1610,3470,41590,4529,41590,766,65
1610,3470,41591,4529,41591,766,65
1610,3470,41592,4529,41592,766,65
1610,3470,41593,4529,41593,766,65
1610,3470,41594,4529,41594,766,65
1610,3470,41595,4529,41595,766,65
1610,3470,41596,4529,41596,766,65
1610,3470,41597,4529,41597,766,65
1610,3470,41598,4529,41598,766,65
1610,3470,41599,4529,41599,766,65
1610,3470,41600,4529,41600,766,65
1610,3470,41601,4529,41601,766,65
1610,3470,41602,4529,41602,766,65
1610,3470,41603,4529,41603,766,65
1610,3470,41604,4529,41604,766,65
1610,3470,41605,4529,41605,766,65
1610,3470,41606,4529,41606,766,65
1610,3470,41607,4529,41607,766,65
1610,3470,41608,4529,41608,766,65
1610,3470,41609,4529,41609,766,65
1610,3470,41610,4529,41610,766,65
1610,3470,41611,4529,41611,766,65
1610,3470,41612,4529,41612,766,65
1610,3470,41613,4529,41613,766,65
1610,3470,41614,4529,41614,766,65
1610,3470,41615,4529,41615,766,65
1610,3470,41616,4529,41616,766,65
1610,3470,41617,4529,41617,766,65
1610,3470,41618,4529,41618,766,65
1610,3470,41619,4529,41619,766,65
1610,3470,41620,4529,41620,766,65
1610,3470,41621,4529,41621,766,65
1610,3470,41622,4529,41622,766,65
1610,3470,41623,4529,41623,766,65
1610,3470,41624,4529,41624,766,65
1610,3470,41625,4529,41625,766,65
1610,3470,41626,4529,41626,766,65
1610,3470,41627,4529,41627,766,65
1610,3470,41628,4529,41628,766,65
1610,3470,41629,4529,41629,766,65
1610,3470,41630,4529,41630,766,65
1610,3470,41631,4529,41631,766,65
1610,3470,41632,4529,41632,766,65
1610,3470,41633,4529,41633,766,65
1610,3470,41634,4529,41634,766,65
1610,3470,41635,4529,41635,766,65
1610,3470,41636,4529,41636,766,65
1610,3470,41637,4529,41637,766,65
1610,3470,41638,4529,41638,766,65
1610,3470,41639,4529,41639,766,65
1610,3470,41640,4529,41640,766,65
1610,3470,41641,4529,41641,766,65
1610,3470,41642,4529,41642,766,65
1610,3470,41643,4529,41643,766,65
1610,3470,41644,4529,41644,766,65
1610,3470,41645,4529,41645,766,65
1610,3470,41646,4529,41646,766,65
1610,3470,41647,4529,41647,766,65
1610,3470,41648,4529,41648,766,65
1609,3470,41649,4529,41649,766,65
1609,3470,41650,4529,41650,766,65
1609,3470,41651,4529,41651,766,65
1609,3470,41652,4529,41652,766,65
1609,3470,41653,4529,41653,766,65
1609,3470,41654,4529,41654,766,65
1609,3470,41655,4529,41655,766,65
1609,3470,41656,4529,41656,766,65
1609,3470,41657,4529,41657,766,65
1609,3470,41658,4529,41658,766,65
1609,3470,41659,4529,41659,766,65
1609,3470,41660,4529,41660,766,65
1609,3470,41661,4529,41661,766,65
1609,3470,41662,4529,41662,766,65
1609,3470,41663,4529,41663,766,65
1609,3470,41664,4529,41664,766,65
1609,3470,41665,4529,41665,766,65
1609,3470,41666,4529,41666,766,65
1609,3470,41667,4529,41667,766,65
1609,3470,41668,4529,41668,766,65
1609,3470,41669,4529,41669,766,65
1609,3470,41670,4529,41670,766,65
1609,3470,41671,4529,41671,766,65
1609,3470,41672,4529,41672,766,65
1609,3470,41673,4529,41673,766,65
1609,3470,41674,4529,41674,766,65
1609,3470,41675,4529,41675,766,65
1609,3470,41676,4529,41676,766,65
1609,3470,41677,4529,41677,766,65
1609,3470,41678,4529,41678,766,65
1609,3470,41679,4529,41679,766,65
1609,3470,41680,4529,41680,766,65
1609,3470,41681,4529,41681,766,65
1609,3470,41682,4529,41682,766,65
1609,3470,41683,4529,41683,766,65
1609,3470,41684,4529,41684,766,65
1609,3470,41685,4529,41685,766,65
1609,3470,41686,4529,41686,766,65
1609,3470,41687,4529,41687,766,65
1609,3470,41688,4529,41688,766,65
1609,3470,41689,4529,41689,766,65
1609,3470,41690,4529,41690,766,65
1609,3470,41691,4529,41691,766,65
1609,3470,41692,4529,41692,766,65
1609,3470,41693,4529,41693,766,65
1609,3470,41694,4529,41694,766,65
1609,3470,41695,4529,41695,766,65
1609,3470,41696,4529,41696,766,65
1609,3470,41697,4529,41697,766,65
1609,3470,41698,4529,41698,766,65
1609,3470,41699,4529,41699,766,65
1609,3470,41700,4529,41700,766,65
1609,3470,41701,4529,41701,766,65
1609,3470,41702,4529,41702,766,65
1609,3470,41703,4529,41703,766,65
1609,3470,41704,4529,41704,766,65
1608,3470,41705,4529,41705,766,65
1608,3470,41706,4529,41706,766,65
1608,3470,41707,4529,41707,766,65
1608,3470,41708,4529,41708,766,65
1608,3470,41709,4529,41709,766,65
1608,3470,41710,4529,41710,766,65
1608,3470,41711,4529,41711,766,65
1608,3470,41712,4529,41712,766,65
1608,3470,41713,4529,41713,766,65
1608,3470,41714,4529,41714,766,65
1608,3470,41715,4529,41715,766,65
1608,3470,41716,4529,41716,766,65
1608,3470,41717,4529,41717,766,65
1608,3470,41718,4529,41718,766,65
1608,3470,41719,4529,41719,766,65
1608,3470,41720,4529,41720,766,65
1608,3470,41721,4529,41721,766,65
1608,3470,41722,4529,41722,766,65
1608,3470,41723,4529,41723,766,65
1608,3470,41724,4529,41724,766,65
1608,3470,41725,4529,41725,766,65
1608,3470,41726,4529,41726,766,65
1608,3470,41727,4529,41727,766,65
1608,3470,41728,4529,41728,766,65
1608,3470,41729,4529,41729,766,65
1608,3470,41730,4529,41730,766,65
1608,3470,41731,4529,41731,766,65
1608,3470,41732,4529,41732,766,65
1608,3470,41733,4529,41733,766,65
1608,3470,41734,4529,41734,766,65
1608,3470,41735,4529,41735,766,65
1608,3470,41736,4529,41736,766,65
1608,3470,41737,4529,41737,766,65
1608,3470,41738,4529,41738,766,65
1608,3470,41739,4529,41739,766,65
1608,3470,41740,4529,41740,766,65
1608,3470,41741,4529,41741,766,65
1608,3470,41742,4529,41742,766,65
1608,3470,41743,4529,41743,766,65
1608,3470,41744,4529,41744,766,65
1608,3470,41745,4529,41745,766,65
1608,3470,41746,4529,41746,766,65
1608,3470,41747,4529,41747,766,65
1608,3470,41748,4529,41748,766,65
1608,3470,41749,4529,41749,766,65
1608,3470,41750,4529,41750,766,65
1608,3470,41751,4529,41751,766,65
1608,3470,41752,4529,41752,766,65
1608,3470,41753,4529,41753,766,65
1608,3470,41754,4529,41754,766,65
1608,3470,41755,4529,41755,766,65
1608,3470,41756,4529,41756,766,65
1608,3470,41757,4529,41757,766,65
1608,3470,41758,4529,41758,766,65
1608,3470,41759,4529,41759,766,65
1608,3470,41760,4529,41760,766,65
1608,3470,41761,4529,41761,766,65
1608,3470,41762,4529,41762,766,65
1608,3470,41763,4529,41763,766,65
1608,3470,41764,4529,41764,766,65
1608,3470,41765,4529,41765,766,65
1608,3470,41766,4529,41766,766,65
1608,3470,41767,4529,41767,766,65
1608,3470,41768,4529,41768,766,65
1608,3470,41769,4529,41769,766,65
1608,3470,41770,4529,41770,766,65
1608,3470,41771,4529,41771,766,65
1608,3470,41772,4529,41772,766,65
1608,3470,41773,4529,41773,766,65
1608,3470,41774,4529,41774,766,65
1608,3470,41775,4529,41775,766,65
1608,3470,41776,4529,41776,766,65
1608,3470,41777,4529,41777,766,65
1608,3470,41778,4529,41778,766,65
1608,3470,41779,4529,41779,766,65
1608,3470,41780,4529,41780,766,65
1608,3470,41781,4529,41781,766,65
1608,3470,41782,4529,41782,766,65
1608,3470,41783,4529,41783,766,65
1608,3470,41784,4529,41784,766,65
1608,3470,41785,4529,41785,766,65
1608,3470,41786,4529,41786,766,65
1608,3470,41787,4529,41787,766,65
1608,3470,41788,4529,41788,766,65
1608,3470,41789,4529,41789,766,65
1608,3470,41790,4529,41790,766,65
1608,3470,41791,4529,41791,766,65
1608,3470,41792,4529,41792,766,65
1608,3470,41793,4529,41793,766,65
1608,3470,41794,4529,41794,766,65
1608,3470,41795,4529,41795,766,65
1608,3470,41796,4529,41796,766,65
1608,3470,41797,4529,41797,766,65
1608,3470,41798,4529,41798,766,65
1608,3470,41799,4529,41799,766,65
1608,3470,41800,4529,41800,766,65
1608,3470,41801,4529,41801,766,65
1608,3470,41802,4529,41802,766,65
1608,3470,41803,4529,41803,766,65
1608,3470,41804,4529,41804,766,65
1608,3470,41805,4529,41805,766,65
1608,3470,41806,4529,41806,766,65
1608,3470,41807,4529,41807,766,65
1608,3470,41808,4529,41808,766,65
1608,3470,41809,4529,41809,766,65
1608,3470,41810,4529,41810,766,65
1608,3470,41811,4529,41811,766,65
1608,3470,41812,4529,41812,766,65
1608,3470,41813,4529,41813,766,65
1608,3470,41814,4529,41814,766,65
1608,3470,41815,4529,41815,766,65
1608,3470,41816,4529,41816,766,65
1608,3470,41817,4529,41817,766,65
1608,3470,41818,4529,41818,766,65
1608,3470,41819,4529,41819,766,65
1608,3470,41820,4529,41820,766,65
1608,3470,41821,4529,41821,766,65
1608,3470,41822,4529,41822,766,65
1608,3470,41823,4529,41823,766,65
1608,3470,41824,4529,41824,766,65
1608,3470,41825,4529,41825,766,65
1608,3470,41826,4529,41826,766,65
1608,3470,41827,4529,41827,766,65
1608,3470,41828,4529,41828,766,65
1608,3470,41829,4529,41829,766,65
1608,3470,41830,4529,41830,766,65
1608,3470,41831,4529,41831,766,65
1608,3470,41832,4529,41832,766,65
1608,3470,41833,4529,41833,766,65
1608,3470,41834,4529,41834,766,65
1608,3470,41835,4529,41835,766,65
1608,3470,41836,4529,41836,766,65
1608,3470,41837,4529,41837,766,65
1608,3470,41838,4529,41838,766,65
1608,3470,41839,4529,41839,766,65
1608,3470,41840,4529,41840,766,65
1608,3470,41841,4529,41841,766,65
1608,3470,41842,4529,41842,766,65
1608,3470,41843,4529,41843,766,65
1608,3470,41844,4529,41844,766,65
1608,3470,41845,4529,41845,766,65
1608,3470,41846,4529,41846,766,65
1608,3470,41847,4529,41847,766,65
1608,3470,41848,4529,41848,766,65
1608,3470,41849,4529,41849,766,65
1608,3470,41850,4529,41850,766,65
1608,3470,41851,4529,41851,766,65
1608,3470,41852,4529,41852,766,65
1608,3470,41853,4529,41853,766,65
1608,3470,41854,4529,41854,766,65
1608,3470,41855,4529,41855,766,65
1608,3470,41856,4529,41856,766,65
1608,3470,41857,4529,41857,766,65
1608,3470,41858,4529,41858,766,65
1608,3470,41859,4529,41859,766,65
1608,3470,41860,4529,41860,766,65
1608,3470,41861,4529,41861,766,65
1608,3470,41862,4529,41862,766,65
1608,3470,41863,4529,41863,766,65
1608,3470,41864,4529,41864,766,65
1608,3470,41865,4529,41865,766,65
1608,3470,41866,4529,41866,766,65
1608,3470,41867,4529,41867,766,65
1608,3470,41868,4529,41868,766,65
1608,3470,41869,4529,41869,766,65
1608,3470,41870,4529,41870,766,65
1608,3470,41871,4529,41871,766,65
1608,3470,41872,4529,41872,766,65
1608,3470,41873,4529,41873,766,65
1608,3470,41874,4529,41874,766,65
1608,3470,41875,4529,41875,766,65
1608,3470,41876,4529,41876,766,65
1608,3470,41877,4529,41877,766,65
1608,3470,41878,4529,41878,766,65
1608,3470,41879,4529,41879,766,65
1608,3470,41880,4529,41880,766,65
1608,3470,41881,4529,41881,766,65
1608,3470,41882,4529,41882,766,65
1608,3470,41883,4529,41883,766,65
1608,3470,41884,4529,41884,766,65
1608,3470,41885,4529,41885,766,65
1608,3470,41886,4529,41886,766,65
1608,3470,41887,4529,41887,766,65
1608,3470,41888,4529,41888,766,65
1608,3470,41889,4529,41889,766,65
1608,3470,41890,4529,41890,766,65
1608,3470,41891,4529,41891,766,65
1608,3470,41892,4529,41892,766,65
1608,3470,41893,4529,41893,766,65
1608,3470,41894,4529,41894,766,65
1608,3470,41895,4529,41895,766,65
1608,3470,41896,4529,41896,766,65
1608,3470,41897,4529,41897,766,65
1608,3470,41898,4529,41898,766,65
1608,3470,41899,4529,41899,766,65
1608,3470,41900,4529,41900,766,65
1608,3470,41901,4529,41901,766,65
1608,3470,41902,4529,41902,766,65
1608,3470,41903,4529,41903,766,65
1608,3470,41904,4529,41904,766,65
1608,3470,41905,4529,41905,766,65
1608,3470,41906,4529,41906,766,65
1608,3470,41907,4529,41907,766,65
1608,3470,41908,4529,41908,766,65
1608,3470,41909,4529,41909,766,65
1608,3470,41910,4529,41910,766,65
1608,3470,41911,4529,41911,766,65
1608,3470,41912,4529,41912,766,65
1608,3470,41913,4529,41913,766,65
1608,3470,41914,4529,41914,766,65
1608,3470,41915,4529,41915,766,65
1608,3470,41916,4529,41916,766,65
1608,3470,41917,4529,41917,766,65
1608,3470,41918,4529,41918,766,65
1608,3470,41919,4529,41919,766,65
1608,3470,41920,4529,41920,766,65
1608,3470,41921,4529,41921,766,65
1608,3470,41922,4529,41922,766,65
1608,3470,41923,4529,41923,766,65
1608,3470,41924,4529,41924,766,65
1608,3470,41925,4529,41925,766,65
1608,3470,41926,4529,41926,766,65
1608,3470,41927,4529,41927,766,65
1608,3470,41928,4529,41928,766,65
1608,3470,41929,4529,41929,766,65
1608,3470,41930,4529,41930,766,65
1608,3470,41931,4529,41931,766,65
1608,3470,41932,4529,41932,766,65
1608,3470,41933,4529,41933,766,65
1608,3470,41934,4529,41934,766,65
1608,3470,41935,4529,41935,766,65
1608,3470,41936,4529,41936,766,65
1608,3470,41937,4529,41937,766,65
1608,3470,41938,4529,41938,766,65
1608,3470,41939,4529,41939,766,65
1608,3470,41940,4529,41940,766,65
1608,3470,41941,4529,41941,766,65
1608,3470,41942,4529,41942,766,65
1608,3470,41943,4529,41943,766,65
1608,3470,41944,4529,41944,766,65
1608,3470,41945,4529,41945,766,65
1608,3470,41946,4529,41946,766,65
1608,3470,41947,4529,41947,766,65
1608,3470,41948,4529,41948,766,65
1608,3470,41949,4529,41949,766,65
1608,3470,41950,4529,41950,766,65
1608,3470,41951,4529,41951,766,65
1608,3470,41952,4529,41952,766,65
1608,3470,41953,4529,41953,766,65
1608,3470,41954,4529,41954,766,65
1608,3470,41955,4529,41955,766,65
1608,3470,41956,4529,41956,766,65
1608,3470,41957,4529,41957,766,65
1608,3470,41958,4529,41958,766,65
1608,3470,41959,4529,41959,766,65
1608,3470,41960,4529,41960,766,65
1608,3470,41961,4529,41961,766,65
1608,3470,41962,4529,41962,766,65
1608,3470,41963,4529,41963,766,65
1608,3470,41964,4529,41964,766,65
1608,3470,41965,4529,41965,766,65
1608,3470,41966,4529,41966,766,65
1608,3470,41967,4529,41967,766,65
1608,3470,41968,4529,41968,766,65
1608,3470,41969,4529,41969,766,65
1608,3470,41970,4529,41970,766,65
1608,3470,41971,4529,41971,766,65
1608,3470,41972,4529,41972,766,65
1608,3470,41973,4529,41973,766,65
1608,3470,41974,4529,41974,766,65
1608,3470,41975,4529,41975,766,65
1608,3470,41976,4529,41976,766,65
1608,3470,41977,4529,41977,766,65
1608,3470,41978,4529,41978,766,65
1608,3470,41979,4529,41979,766,65
1608,3470,41980,4529,41980,766,65
1608,3470,41981,4529,41981,766,65
1608,3470,41982,4529,41982,766,65
1608,3470,41983,4529,41983,766,65
1608,3470,41984,4529,41984,766,65
1608,3470,41985,4529,41985,766,65
1608,3470,41986,4529,41986,766,65
1608,3470,41987,4529,41987,766,65
1608,3470,41988,4529,41988,766,65
1608,3470,41989,4529,41989,766,65
1608,3470,41990,4529,41990,766,65
1608,3470,41991,4529,41991,766,65
1608,3470,41992,4529,41992,766,65
1608,3470,41993,4529,41993,766,65
1608,3470,41994,4529,41994,766,65
1608,3470,41995,4529,41995,766,65
1608,3470,41996,4529,41996,766,65
1608,3470,41997,4529,41997,766,65
1608,3470,41998,4529,41998,766,65
1608,3470,41999,4529,41999,766,65
1608,3470,42000,4529,42000,766,65
1608,3470,42001,4529,42001,766,65
1608,3470,42002,4529,42002,766,65
1608,3470,42003,4529,42003,766,65
1608,3470,42004,4529,42004,766,65
1608,3470,42005,4529,42005,766,65
1608,3470,42006,4529,42006,766,65
1608,3470,42007,4529,42007,766,65
1608,3470,42008,4529,42008,766,65
1608,3470,42009,4529,42009,766,65
1608,3470,42010,4529,42010,766,65
1608,3470,42011,4529,42011,766,65
1608,3470,42012,4529,42012,766,65
1608,3470,42013,4529,42013,766,65
1608,3470,42014,4529,42014,766,65
1608,3470,42015,4529,42015,766,65
1608,3470,42016,4529,42016,766,65
1608,3470,42017,4529,42017,766,65
1608,3470,42018,4529,42018,766,65
1608,3470,42019,4529,42019,766,65
1608,3470,42020,4529,42020,766,65
1608,3470,42021,4529,42021,766,65
1608,3470,42022,4529,42022,766,65
1608,3470,42023,4529,42023,766,65
1608,3470,42024,4529,42024,766,65
1608,3470,42025,4529,42025,766,65
1608,3470,42026,4529,42026,766,65
1608,3470,42027,4529,42027,766,65
1608,3470,42028,4529,42028,766,65
1608,3470,42029,4529,42029,766,65
1608,3470,42030,4529,42030,766,65
1608,3470,42031,4529,42031,766,65
1608,3470,42032,4529,42032,766,65
1608,3470,42033,4529,42033,766,65
1608,3470,42034,4529,42034,766,65
1608,3470,42035,4529,42035,766,65
1608,3470,42036,4529,42036,766,65
1608,3470,42037,4529,42037,766,65
1608,3470,42038,4529,42038,766,65
1608,3470,42039,4529,42039,766,65
1608,3470,42040,4529,42040,766,65
1608,3470,42041,4529,42041,766,65
1608,3470,42042,4529,42042,766,65
1608,3470,42043,4529,42043,766,65
1608,3470,42044,4529,42044,766,65
1608,3470,42045,4529,42045,766,65
1608,3470,42046,4529,42046,766,65
1608,3470,42047,4529,42047,766,65
1608,3470,42048,4529,42048,766,65
1608,3470,42049,4529,42049,766,65
1608,3470,42050,4529,42050,766,65
1608,3470,42051,4529,42051,766,65
1608,3470,42052,4529,42052,766,65
1608,3470,42053,4529,42053,766,65
1608,3470,42054,4529,42054,766,65
1608,3470,42055,4529,42055,766,65
1608,3470,42056,4529,42056,766,65
1608,3470,42057,4529,42057,766,65
1608,3470,42058,4529,42058,766,65
1608,3470,42059,4529,42059,766,65
1608,3470,42060,4529,42060,766,65
1608,3470,42061,4529,42061,766,65
1608,3470,42062,4529,42062,766,65
1608,3470,42063,4529,42063,766,65
1608,3470,42064,4529,42064,766,65
1608,3470,42065,4529,42065,766,65
1608,3470,42066,4529,42066,766,65
1608,3470,42067,4529,42067,766,65
1608,3470,42068,4529,42068,766,65
1608,3470,42069,4529,42069,766,65
1608,3470,42070,4529,42070,766,65
1608,3470,42071,4529,42071,766,65
1608,3470,42072,4529,42072,766,65
1608,3470,42073,4529,42073,766,65
1608,3470,42074,4529,42074,766,65
1608,3470,42075,4529,42075,766,65
1608,3470,42076,4529,42076,766,65
1608,3470,42077,4529,42077,766,65
1608,3470,42078,4529,42078,766,65
1608,3470,42079,4529,42079,766,65
1608,3470,42080,4529,42080,766,65
1608,3470,42081,4529,42081,766,65
1608,3470,42082,4529,42082,766,65
1608,3470,42083,4529,42083,766,65
1608,3470,42084,4529,42084,766,65
1608,3470,42085,4529,42085,766,65
1608,3470,42086,4529,42086,766,65
1608,3470,42087,4529,42087,766,65
1608,3470,42088,4529,42088,766,65
1608,3470,42089,4529,42089,766,65
1608,3470,42090,4529,42090,766,65
1608,3470,42091,4529,42091,766,65
1608,3470,42092,4529,42092,766,65
1608,3470,42093,4529,42093,766,65
1608,3470,42094,4529,42094,766,65
1608,3470,42095,4529,42095,766,65
1608,3470,42096,4529,42096,766,65
1608,3470,42097,4529,42097,766,65
1608,3470,42098,4529,42098,766,65
1608,3470,42099,4529,42099,766,65
1608,3470,42100,4529,42100,766,65
1608,3470,42101,4529,42101,766,65
1608,3470,42102,4529,42102,766,65
1608,3470,42103,4529,42103,766,65
1608,3470,42104,4529,42104,766,65
1608,3470,42105,4529,42105,766,65
1608,3470,42106,4529,42106,766,65
1608,3470,42107,4529,42107,766,65
1608,3470,42108,4529,42108,766,65
1608,3470,42109,4529,42109,766,65
1608,3470,42110,4529,42110,766,65
1608,3470,42111,4529,42111,766,65
1608,3470,42112,4529,42112,766,65
1608,3470,42113,4529,42113,766,65
1608,3470,42114,4529,42114,766,65
1608,3470,42115,4529,42115,766,65
1608,3470,42116,4529,42116,766,65
1608,3470,42117,4529,42117,766,65
1608,3470,42118,4529,42118,766,65
1608,3470,42119,4529,42119,766,65
1608,3470,42120,4529,42120,766,65
1608,3470,42121,4529,42121,766,65
1608,3470,42122,4529,42122,766,65
1608,3470,42123,4529,42123,766,65
1608,3470,42124,4529,42124,766,65
1608,3470,42125,4529,42125,766,65
1608,3470,42126,4529,42126,766,65
1608,3470,42127,4529,42127,766,65
1608,3470,42128,4529,42128,766,65
1608,3470,42129,4529,42129,766,65
1608,3470,42130,4529,42130,766,65
1608,3470,42131,4529,42131,766,65
1608,3470,42132,4529,42132,766,65
1608,3470,42133,4529,42133,766,65
1608,3470,42134,4529,42134,766,65
1608,3470,42135,4529,42135,766,65
1608,3470,42136,4529,42136,766,65
1608,3470,42137,4529,42137,766,65
1608,3470,42138,4529,42138,766,65
1608,3470,42139,4529,42139,766,65
1608,3470,42140,4529,42140,766,65
1608,3470,42141,4529,42141,766,65
1608,3470,42142,4529,42142,766,65
1608,3470,42143,4529,42143,766,65
1608,3470,42144,4529,42144,766,65
1608,3470,42145,4529,42145,766,65
1608,3470,42146,4529,42146,766,65
1608,3470,42147,4529,42147,766,65
1608,3470,42148,4529,42148,766,65
1608,3470,42149,4529,42149,766,65
1608,3470,42150,4529,42150,766,65
1608,3470,42151,4529,42151,766,65
1608,3470,42152,4529,42152,766,65
1608,3470,42153,4529,42153,766,65
1608,3470,42154,4529,42154,766,65
1608,3470,42155,4529,42155,766,65
1608,3470,42156,4529,42156,766,65
1608,3470,42157,4529,42157,766,65
1608,3470,42158,4529,42158,766,65
1608,3470,42159,4529,42159,766,65
1608,3470,42160,4529,42160,766,65
1608,3470,42161,4529,42161,766,65
1608,3470,42162,4529,42162,766,65
1608,3470,42163,4529,42163,766,65
1608,3470,42164,4529,42164,766,65
1608,3470,42165,4529,42165,766,65
1608,3470,42166,4529,42166,766,65
1608,3470,42167,4529,42167,766,65
1608,3470,42168,4529,42168,766,65
1608,3470,42169,4529,42169,766,65
1608,3470,42170,4529,42170,766,65
1608,3470,42171,4529,42171,766,65
1608,3470,42172,4529,42172,766,65
1608,3470,42173,4529,42173,766,65
1608,3470,42174,4529,42174,766,65
1608,3470,42175,4529,42175,766,65
1608,3470,42176,4529,42176,766,65
1608,3470,42177,4529,42177,766,65
1608,3470,42178,4529,42178,766,65
1608,3470,42179,4529,42179,766,65
1608,3470,42180,4529,42180,766,65
1608,3470,42181,4529,42181,766,65
1608,3470,42182,4529,42182,766,65
1608,3470,42183,4529,42183,766,65
1608,3470,42184,4529,42184,766,65
1608,3470,42185,4529,42185,766,65
1608,3470,42186,4529,42186,766,65
1608,3470,42187,4529,42187,766,65
1608,3470,42188,4529,42188,766,65
1608,3470,42189,4529,42189,766,65
1608,3470,42190,4529,42190,766,65
1608,3470,42191,4529,42191,766,65
1608,3470,42192,4529,42192,766,65
1608,3470,42193,4529,42193,766,65
1608,3470,42194,4529,42194,766,65
1608,3470,42195,4529,42195,766,65
1608,3470,42196,4529,42196,766,65
1608,3470,42197,4529,42197,766,65
1608,3470,42198,4529,42198,766,65
1608,3470,42199,4529,42199,766,65
1608,3470,42200,4529,42200,766,65
1608,3470,42201,4529,42201,766,65
1608,3470,42202,4529,42202,766,65
1608,3470,42203,4529,42203,766,65
1608,3470,42204,4529,42204,766,65
1608,3470,42205,4529,42205,766,65
1608,3470,42206,4529,42206,766,65
1608,3470,42207,4529,42207,766,65
1608,3470,42208,4529,42208,766,65
1608,3470,42209,4529,42209,766,65
1608,3470,42210,4529,42210,766,65
1608,3470,42211,4529,42211,766,65
1608,3470,42212,4529,42212,766,65
1608,3470,42213,4529,42213,766,65
1608,3470,42214,4529,42214,766,65
1608,3470,42215,4529,42215,766,65
1608,3470,42216,4529,42216,766,65
1608,3470,42217,4529,42217,766,65
1608,3470,42218,4529,42218,766,65
1608,3470,42219,4529,42219,766,65
1608,3470,42220,4529,42220,766,65
1608,3470,42221,4529,42221,766,65
1608,3470,42222,4529,42222,766,65
1608,3470,42223,4529,42223,766,65
1608,3470,42224,4529,42224,766,65
1608,3470,42225,4529,42225,766,65
1608,3470,42226,4529,42226,766,65
1608,3470,42227,4529,42227,766,65
1608,3470,42228,4529,42228,766,65
1608,3470,42229,4529,42229,766,65
1608,3470,42230,4529,42230,766,65
1608,3470,42231,4529,42231,766,65
1608,3470,42232,4529,42232,766,65
1608,3470,42233,4529,42233,766,65
1608,3470,42234,4529,42234,766,65
1608,3470,42235,4529,42235,766,65
1608,3470,42236,4529,42236,766,65
1608,3470,42237,4529,42237,766,65
1608,3470,42238,4529,42238,766,65
1608,3470,42239,4529,42239,766,65
1608,3470,42240,4529,42240,766,65
1608,3470,42241,4529,42241,766,65
1608,3470,42242,4529,42242,766,65
1608,3470,42243,4529,42243,766,65
1608,3470,42244,4529,42244,766,65
1608,3470,42245,4529,42245,766,65
1608,3470,42246,4529,42246,766,65
1608,3470,42247,4529,42247,766,65
1608,3470,42248,4529,42248,766,65
1608,3470,42249,4529,42249,766,65
1608,3470,42250,4529,42250,766,65
1608,3470,42251,4529,42251,766,65
1608,3470,42252,4529,42252,766,65
1608,3470,42253,4529,42253,766,65
1608,3470,42254,4529,42254,766,65
1608,3470,42255,4529,42255,766,65
1608,3470,42256,4529,42256,766,65
1608,3470,42257,4529,42257,766,65
1608,3470,42258,4529,42258,766,65
1608,3470,42259,4529,42259,766,65
1608,3470,42260,4529,42260,766,65
1608,3470,42261,4529,42261,766,65
1608,3470,42262,4529,42262,766,65
1608,3470,42263,4529,42263,766,65
1608,3470,42264,4529,42264,766,65
1608,3470,42265,4529,42265,766,65
1608,3470,42266,4529,42266,766,65
1608,3470,42267,4529,42267,766,65
1608,3470,42268,4529,42268,766,65
1608,3470,42269,4529,42269,766,65
1608,3470,42270,4529,42270,766,65
1608,3470,42271,4529,42271,766,65
1608,3470,42272,4529,42272,766,65
1608,3470,42273,4529,42273,766,65
1608,3470,42274,4529,42274,766,65
1608,3470,42275,4529,42275,766,65
1608,3470,42276,4529,42276,766,65
1608,3470,42277,4529,42277,766,65
1608,3470,42278,4529,42278,766,65
1608,3470,42279,4529,42279,766,65
1608,3470,42280,4529,42280,766,65
1608,3470,42281,4529,42281,766,65
1608,3470,42282,4529,42282,766,65
1608,3470,42283,4529,42283,766,65
1608,3470,42284,4529,42284,766,65
1608,3470,42285,4529,42285,766,65
1608,3470,42286,4529,42286,766,65
1608,3470,42287,4529,42287,766,65
1608,3470,42288,4529,42288,766,65
1608,3470,42289,4529,42289,766,65
1608,3470,42290,4529,42290,766,65
1608,3470,42291,4529,42291,766,65
1608,3470,42292,4529,42292,766,65
1608,3470,42293,4529,42293,766,65
1608,3470,42294,4529,42294,766,65
1608,3470,42295,4529,42295,766,65
1608,3470,42296,4529,42296,766,65
1608,3470,42297,4529,42297,766,65
1608,3470,42298,4529,42298,766,65
1608,3470,42299,4529,42299,766,65
1608,3470,42300,4529,42300,766,65
1608,3470,42301,4529,42301,766,65
1608,3470,42302,4529,42302,766,65
1608,3470,42303,4529,42303,766,65
1608,3470,42304,4529,42304,766,65
1608,3470,42305,4529,42305,766,65
1608,3470,42306,4529,42306,766,65
1608,3470,42307,4529,42307,766,65
1608,3470,42308,4529,42308,766,65
1608,3470,42309,4529,42309,766,65
1608,3470,42310,4529,42310,766,65
1608,3470,42311,4529,42311,766,65
1608,3470,42312,4529,42312,766,65
1608,3470,42313,4529,42313,766,65
1608,3470,42314,4529,42314,766,65
1608,3470,42315,4529,42315,766,65
1608,3470,42316,4529,42316,766,65
1608,3470,42317,4529,42317,766,65
1608,3470,42318,4529,42318,766,65
1608,3470,42319,4529,42319,766,65
1608,3470,42320,4529,42320,766,65
1608,3470,42321,4529,42321,766,65
1608,3470,42322,4529,42322,766,65
1608,3470,42323,4529,42323,766,65
1608,3470,42324,4529,42324,766,65
1608,3470,42325,4529,42325,766,65
1608,3470,42326,4529,42326,766,65
1608,3470,42327,4529,42327,766,65
1608,3470,42328,4529,42328,766,65
1608,3470,42329,4529,42329,766,65
1608,3470,42330,4529,42330,766,65
1608,3470,42331,4529,42331,766,65
1608,3470,42332,4529,42332,766,65
1608,3470,42333,4529,42333,766,65
1608,3470,42334,4529,42334,766,65
1608,3470,42335,4529,42335,766,65
1608,3470,42336,4529,42336,766,65
1608,3470,42337,4529,42337,766,65
1608,3470,42338,4529,42338,766,65
1608,3470,42339,4529,42339,766,65
1608,3470,42340,4529,42340,766,65
1608,3470,42341,4529,42341,766,65
1608,3470,42342,4529,42342,766,65
1608,3470,42343,4529,42343,766,65
1608,3470,42344,4529,42344,766,65
1608,3470,42345,4529,42345,766,65
1608,3470,42346,4529,42346,766,65
1608,3470,42347,4529,42347,766,65
1608,3470,42348,4529,42348,766,65
1608,3470,42349,4529,42349,766,65
1608,3470,42350,4529,42350,766,65
1608,3470,42351,4529,42351,766,65
1608,3470,42352,4529,42352,766,65
1608,3470,42353,4529,42353,766,65
1608,3470,42354,4529,42354,766,65
1608,3470,42355,4529,42355,766,65
1608,3470,42356,4529,42356,766,65
1608,3470,42357,4529,42357,766,65
1608,3470,42358,4529,42358,766,65
1608,3470,42359,4529,42359,766,65
1608,3470,42360,4529,42360,766,65
1608,3470,42361,4529,42361,766,65
1608,3470,42362,4529,42362,766,65
1608,3470,42363,4529,42363,766,65
1608,3470,42364,4529,42364,766,65
1608,3470,42365,4529,42365,766,65
1608,3470,42366,4529,42366,766,65
1608,3470,42367,4529,42367,766,65
1608,3470,42368,4529,42368,766,65
1608,3470,42369,4529,42369,766,65
1608,3470,42370,4529,42370,766,65
1608,3470,42371,4529,42371,766,65
1608,3470,42372,4529,42372,766,65
1608,3470,42373,4529,42373,766,65
1608,3470,42374,4529,42374,766,65
1608,3470,42375,4529,42375,766,65
1608,3470,42376,4529,42376,766,65
1608,3470,42377,4529,42377,766,65
1608,3470,42378,4529,42378,766,65
1608,3470,42379,4529,42379,766,65
1608,3470,42380,4529,42380,766,65
1608,3470,42381,4529,42381,766,65
1608,3470,42382,4529,42382,766,65
1608,3470,42383,4529,42383,766,65
1608,3470,42384,4529,42384,766,65
1608,3470,42385,4529,42385,766,65
1608,3470,42386,4529,42386,766,65
1608,3470,42387,4529,42387,766,65
1608,3470,42388,4529,42388,766,65
1608,3470,42389,4529,42389,766,65
1608,3470,42390,4529,42390,766,65
1608,3470,42391,4529,42391,766,65
1608,3470,42392,4529,42392,766,65
1608,3470,42393,4529,42393,766,65
1608,3470,42394,4529,42394,766,65
1608,3470,42395,4529,42395,766,65
1608,3470,42396,4529,42396,766,65
1608,3470,42397,4529,42397,766,65
1608,3470,42398,4529,42398,766,65
1608,3470,42399,4529,42399,766,65
1608,3470,42400,4529,42400,766,65
1608,3470,42401,4529,42401,766,65
1608,3470,42402,4529,42402,766,65
1608,3470,42403,4529,42403,766,65
1608,3470,42404,4529,42404,766,65
1608,3470,42405,4529,42405,766,65
1608,3470,42406,4529,42406,766,65
1608,3470,42407,4529,42407,766,65
1608,3470,42408,4529,42408,766,65
1608,3470,42409,4529,42409,766,65
1608,3470,42410,4529,42410,766,65
1608,3470,42411,4529,42411,766,65
1608,3470,42412,4529,42412,766,65
1608,3470,42413,4529,42413,766,65
1608,3470,42414,4529,42414,766,65
1608,3470,42415,4529,42415,766,65
1608,3470,42416,4529,42416,766,65
1608,3470,42417,4529,42417,766,65
1608,3470,42418,4529,42418,766,65
1608,3470,42419,4529,42419,766,65
1608,3470,42420,4529,42420,766,65
1608,3470,42421,4529,42421,766,65
1608,3470,42422,4529,42422,766,65
1608,3470,42423,4529,42423,766,65
1608,3470,42424,4529,42424,766,65
1608,3470,42425,4529,42425,766,65
1608,3470,42426,4529,42426,766,65
1608,3470,42427,4529,42427,766,65
1608,3470,42428,4529,42428,766,65
1608,3470,42429,4529,42429,766,65
1608,3470,42430,4529,42430,766,65
1608,3470,42431,4529,42431,766,65
1608,3470,42432,4529,42432,766,65
1608,3470,42433,4529,42433,766,65
1608,3470,42434,4529,42434,766,65
1608,3470,42435,4529,42435,766,65
1608,3470,42436,4529,42436,766,65
1608,3470,42437,4529,42437,766,65
1608,3470,42438,4529,42438,766,65
1608,3470,42439,4529,42439,766,65
1608,3470,42440,4529,42440,766,65
1608,3470,42441,4529,42441,766,65
1608,3470,42442,4529,42442,766,65
1608,3470,42443,4529,42443,766,65
1608,3470,42444,4529,42444,766,65
1608,3470,42445,4529,42445,766,65
1608,3470,42446,4529,42446,766,65
1607,3470,42447,4529,42447,766,65
1607,3470,42448,4529,42448,766,65
1607,3470,42449,4529,42449,766,65
1607,3470,42450,4529,42450,766,65
1607,3470,42451,4529,42451,766,65
1607,3470,42452,4529,42452,766,65
1607,3470,42453,4529,42453,766,65
1607,3470,42454,4529,42454,766,65
1607,3470,42455,4529,42455,766,65
1607,3470,42456,4529,42456,766,65
1607,3470,42457,4529,42457,766,65
1607,3470,42458,4529,42458,766,65
1607,3470,42459,4529,42459,766,65
1607,3470,42460,4529,42460,766,65
1607,3470,42461,4529,42461,766,65
1607,3470,42462,4529,42462,766,65
1607,3470,42463,4529,42463,766,65
1607,3470,42464,4529,42464,766,65
1607,3470,42465,4529,42465,766,65
1607,3470,42466,4529,42466,766,65
1607,3470,42467,4529,42467,766,65
1607,3470,42468,4529,42468,766,65
1607,3470,42469,4529,42469,766,65
1607,3470,42470,4529,42470,766,65
1607,3470,42471,4529,42471,766,65
1607,3470,42472,4529,42472,766,65
1607,3470,42473,4529,42473,766,65
1607,3470,42474,4529,42474,766,65
1607,3470,42475,4529,42475,766,65
1607,3470,42476,4529,42476,766,65
1607,3470,42477,4529,42477,766,65
1607,3470,42478,4529,42478,766,65
1607,3470,42479,4529,42479,766,65
1607,3470,42480,4529,42480,766,65
1607,3470,42481,4529,42481,766,65
1607,3470,42482,4529,42482,766,65
1607,3470,42483,4529,42483,766,65
1607,3470,42484,4529,42484,766,65
1607,3470,42485,4529,42485,766,65
1607,3470,42486,4529,42486,766,65
1607,3470,42487,4529,42487,766,65
1607,3470,42488,4529,42488,766,65
1607,3470,42489,4529,42489,766,65
1607,3470,42490,4529,42490,766,65
1607,3470,42491,4529,42491,766,65
1607,3470,42492,4529,42492,766,65
1607,3470,42493,4529,42493,766,65
1607,3470,42494,4529,42494,766,65
1607,3470,42495,4529,42495,766,65
1607,3470,42496,4529,42496,766,65
1607,3470,42497,4529,42497,766,65
1607,3470,42498,4529,42498,766,65
1607,3470,42499,4529,42499,766,65
1607,3470,42500,4529,42500,766,65
1607,3470,42501,4529,42501,766,65
1607,3470,42502,4529,42502,766,65
1607,3470,42503,4529,42503,766,65
1607,3470,42504,4529,42504,766,65
1607,3470,42505,4529,42505,766,65
1607,3470,42506,4529,42506,766,65
1607,3470,42507,4529,42507,766,65
1607,3470,42508,4529,42508,766,65
1607,3470,42509,4529,42509,766,65
1607,3470,42510,4529,42510,766,65
1607,3470,42511,4529,42511,766,65
1607,3470,42512,4529,42512,766,65
1607,3470,42513,4529,42513,766,65
1607,3470,42514,4529,42514,766,65
1607,3470,42515,4529,42515,766,65
1607,3470,42516,4529,42516,766,65
1607,3470,42517,4529,42517,766,65
1607,3470,42518,4529,42518,766,65
1607,3470,42519,4529,42519,766,65
1607,3470,42520,4529,42520,766,65
1607,3470,42521,4529,42521,766,65
1607,3470,42522,4529,42522,766,65
1607,3470,42523,4529,42523,766,65
1607,3470,42524,4529,42524,766,65
1607,3470,42525,4529,42525,766,65
1607,3470,42526,4529,42526,766,65
1607,3470,42527,4529,42527,766,65
1607,3470,42528,4529,42528,766,65
1607,3470,42529,4529,42529,766,65
1607,3470,42530,4529,42530,766,65
1607,3470,42531,4529,42531,766,65
1607,3470,42532,4529,42532,766,65
1607,3470,42533,4529,42533,766,65
1607,3470,42534,4529,42534,766,65
1607,3470,42535,4529,42535,766,65
1607,3470,42536,4529,42536,766,65
1607,3470,42537,4529,42537,766,65
1607,3470,42538,4529,42538,766,65
1607,3470,42539,4529,42539,766,65
1607,3470,42540,4529,42540,766,65
1607,3470,42541,4529,42541,766,65
1607,3470,42542,4529,42542,766,65
1607,3470,42543,4529,42543,766,65
1607,3470,42544,4529,42544,766,65
1607,3470,42545,4529,42545,766,65
1607,3470,42546,4529,42546,766,65
1607,3470,42547,4529,42547,766,65
1607,3470,42548,4529,42548,766,65
1607,3470,42549,4529,42549,766,65
1607,3470,42550,4529,42550,766,65
1607,3470,42551,4529,42551,766,65
1607,3470,42552,4529,42552,766,65
1607,3470,42553,4529,42553,766,65
1607,3470,42554,4529,42554,766,65
1607,3470,42555,4529,42555,766,65
1607,3470,42556,4529,42556,766,65
1607,3470,42557,4529,42557,766,65
1607,3470,42558,4529,42558,766,65
1607,3470,42559,4529,42559,766,65
1607,3470,42560,4529,42560,766,65
1607,3470,42561,4529,42561,766,65
1607,3470,42562,4529,42562,766,65
1607,3470,42563,4529,42563,766,65
1607,3470,42564,4529,42564,766,65
1607,3470,42565,4529,42565,766,65
1607,3470,42566,4529,42566,766,65
1607,3470,42567,4529,42567,766,65
1607,3470,42568,4529,42568,766,65
1607,3470,42569,4529,42569,766,65
1607,3470,42570,4529,42570,766,65
1607,3470,42571,4529,42571,766,65
1607,3470,42572,4529,42572,766,65
1607,3470,42573,4529,42573,766,65
1607,3470,42574,4529,42574,766,65
1607,3470,42575,4529,42575,766,65
1607,3470,42576,4529,42576,766,65
1607,3470,42577,4529,42577,766,65
1607,3470,42578,4529,42578,766,65
1607,3470,42579,4529,42579,766,65
1607,3470,42580,4529,42580,766,65
1607,3470,42581,4529,42581,766,65
1607,3470,42582,4529,42582,766,65
1607,3470,42583,4529,42583,766,65
1607,3470,42584,4529,42584,766,65
1607,3470,42585,4529,42585,766,65
1607,3470,42586,4529,42586,766,65
1607,3470,42587,4529,42587,766,65
1607,3470,42588,4529,42588,766,65
1607,3470,42589,4529,42589,766,65
1607,3470,42590,4529,42590,766,65
1607,3470,42591,4529,42591,766,65
1607,3470,42592,4529,42592,766,65
1607,3470,42593,4529,42593,766,65
1607,3470,42594,4529,42594,766,65
1607,3470,42595,4529,42595,766,65
1607,3470,42596,4529,42596,766,65
1607,3470,42597,4529,42597,766,65
1607,3470,42598,4529,42598,766,65
1607,3470,42599,4529,42599,766,65
1607,3470,42600,4529,42600,766,65
1607,3470,42601,4529,42601,766,65
1607,3470,42602,4529,42602,766,65
1607,3470,42603,4529,42603,766,65
1607,3470,42604,4529,42604,766,65
1607,3470,42605,4529,42605,766,65
1607,3470,42606,4529,42606,766,65
1607,3470,42607,4529,42607,766,65
1607,3470,42608,4529,42608,766,65
1607,3470,42609,4529,42609,766,65
1607,3470,42610,4529,42610,766,65
1607,3470,42611,4529,42611,766,65
1607,3470,42612,4529,42612,766,65
1607,3470,42613,4529,42613,766,65
1607,3470,42614,4529,42614,766,65
1607,3470,42615,4529,42615,766,65
1607,3470,42616,4529,42616,766,65
1607,3470,42617,4529,42617,766,65
1607,3470,42618,4529,42618,766,65
1607,3470,42619,4529,42619,766,65
1607,3470,42620,4529,42620,766,65
1607,3470,42621,4529,42621,766,65
1607,3470,42622,4529,42622,766,65
1607,3470,42623,4529,42623,766,65
1607,3470,42624,4529,42624,766,65
1607,3470,42625,4529,42625,766,65
1607,3470,42626,4529,42626,766,65
1607,3470,42627,4529,42627,766,65
1607,3470,42628,4529,42628,766,65
1607,3470,42629,4529,42629,766,65
1607,3470,42630,4529,42630,766,65
1607,3470,42631,4529,42631,766,65
1607,3470,42632,4529,42632,766,65
1607,3470,42633,4529,42633,766,65
1607,3470,42634,4529,42634,766,65
1607,3470,42635,4529,42635,766,65
1607,3470,42636,4529,42636,766,65
1607,3470,42637,4529,42637,766,65
1607,3470,42638,4529,42638,766,65
1607,3470,42639,4529,42639,766,65
1607,3470,42640,4529,42640,766,65
1607,3470,42641,4529,42641,766,65
1607,3470,42642,4529,42642,766,65
1607,3470,42643,4529,42643,766,65
1607,3470,42644,4529,42644,766,65
1607,3470,42645,4529,42645,766,65
1607,3470,42646,4529,42646,766,65
1607,3470,42647,4529,42647,766,65
1607,3470,42648,4529,42648,766,65
1607,3470,42649,4529,42649,766,65
1607,3470,42650,4529,42650,766,65
1607,3470,42651,4529,42651,766,65
1607,3470,42652,4529,42652,766,65
1607,3470,42653,4529,42653,766,65
1607,3470,42654,4529,42654,766,65
1607,3470,42655,4529,42655,766,65
1607,3470,42656,4529,42656,766,65
1607,3470,42657,4529,42657,766,65
1607,3470,42658,4529,42658,766,65
1607,3470,42659,4529,42659,766,65
1607,3470,42660,4529,42660,766,65
1607,3470,42661,4529,42661,766,65
1607,3470,42662,4529,42662,766,65
1607,3470,42663,4529,42663,766,65
1607,3470,42664,4529,42664,766,65
1607,3470,42665,4529,42665,766,65
1607,3470,42666,4529,42666,766,65
1607,3470,42667,4529,42667,766,65
1607,3470,42668,4529,42668,766,65
1607,3470,42669,4529,42669,766,65
1607,3470,42670,4529,42670,766,65
1607,3470,42671,4529,42671,766,65
1607,3470,42672,4529,42672,766,65
1607,3470,42673,4529,42673,766,65
1607,3470,42674,4529,42674,766,65
1607,3470,42675,4529,42675,766,65
1607,3470,42676,4529,42676,766,65
1607,3470,42677,4529,42677,766,65
1608,3470,42678,4529,42678,766,65
1608,3470,42679,4529,42679,766,65
1608,3470,42680,4529,42680,766,65
1608,3470,42681,4529,42681,766,65
1608,3470,42682,4529,42682,766,65
1608,3470,42683,4529,42683,766,65
1608,3470,42684,4529,42684,766,65
1608,3470,42685,4529,42685,766,65
1608,3470,42686,4529,42686,766,65
1608,3470,42687,4529,42687,766,65
1608,3470,42688,4529,42688,766,65
1608,3470,42689,4529,42689,766,65
1608,3470,42690,4529,42690,766,65
1608,3470,42691,4529,42691,766,65
1608,3470,42692,4529,42692,766,65
1608,3470,42693,4529,42693,766,65
1608,3470,42694,4529,42694,766,65
1608,3470,42695,4529,42695,766,65
1608,3470,42696,4529,42696,766,65
1608,3470,42697,4529,42697,766,65
1608,3470,42698,4529,42698,766,65
1608,3470,42699,4529,42699,766,65
1608,3470,42700,4529,42700,766,65
1608,3470,42701,4529,42701,766,65
1608,3470,42702,4529,42702,766,65
1608,3470,42703,4529,42703,766,65
1608,3470,42704,4529,42704,766,65
1608,3470,42705,4529,42705,766,65
1608,3470,42706,4529,42706,766,65
1608,3470,42707,4529,42707,766,65
1608,3470,42708,4529,42708,766,65
1608,3470,42709,4529,42709,766,65
1608,3470,42710,4529,42710,766,65
1608,3470,42711,4529,42711,766,65
1608,3470,42712,4529,42712,766,65
1608,3470,42713,4529,42713,766,65
1608,3470,42714,4529,42714,766,65
1608,3470,42715,4529,42715,766,65
1608,3470,42716,4529,42716,766,65
1608,3470,42717,4529,42717,766,65
1608,3470,42718,4529,42718,766,65
1608,3470,42719,4529,42719,766,65
1608,3470,42720,4529,42720,766,65
1608,3470,42721,4529,42721,766,65
1608,3470,42722,4529,42722,766,65
1608,3470,42723,4529,42723,766,65
1608,3470,42724,4529,42724,766,65
1608,3470,42725,4529,42725,766,65
1608,3470,42726,4529,42726,766,65
1608,3470,42727,4529,42727,766,65
1608,3470,42728,4529,42728,766,65
1608,3470,42729,4529,42729,766,65
1608,3470,42730,4529,42730,766,65
1608,3470,42731,4529,42731,766,65
1608,3470,42732,4529,42732,766,65
1608,3470,42733,4529,42733,766,65
1608,3470,42734,4529,42734,766,65
1608,3470,42735,4529,42735,766,65
1608,3470,42736,4529,42736,766,65
1608,3470,42737,4529,42737,766,65
1608,3470,42738,4529,42738,766,65
1608,3470,42739,4529,42739,766,65
1608,3470,42740,4529,42740,766,65
1608,3470,42741,4529,42741,766,65
1608,3470,42742,4529,42742,766,65
1608,3470,42743,4529,42743,766,65
1608,3470,42744,4529,42744,766,65
1608,3470,42745,4529,42745,766,65
1608,3470,42746,4529,42746,766,65
1608,3470,42747,4529,42747,766,65
1608,3470,42748,4529,42748,766,65
1608,3470,42749,4529,42749,766,65
1608,3470,42750,4529,42750,766,65
1608,3470,42751,4529,42751,766,65
1608,3470,42752,4529,42752,766,65
1608,3470,42753,4529,42753,766,65
1608,3470,42754,4529,42754,766,65
1608,3470,42755,4529,42755,766,65
1608,3470,42756,4529,42756,766,65
1608,3470,42757,4529,42757,766,65
1608,3470,42758,4529,42758,766,65
1608,3470,42759,4529,42759,766,65
1608,3470,42760,4529,42760,766,65
1608,3470,42761,4529,42761,766,65
1608,3470,42762,4529,42762,766,65
1608,3470,42763,4529,42763,766,65
1608,3470,42764,4529,42764,766,65
1608,3470,42765,4529,42765,766,65
1608,3470,42766,4529,42766,766,65
1608,3470,42767,4529,42767,766,65
1608,3470,42768,4529,42768,766,65
1608,3470,42769,4529,42769,766,65
1608,3470,42770,4529,42770,766,65
1608,3470,42771,4529,42771,766,65
1608,3470,42772,4529,42772,766,65
1608,3470,42773,4529,42773,766,65
1608,3470,42774,4529,42774,766,65
1608,3470,42775,4529,42775,766,65
1608,3470,42776,4529,42776,766,65
1608,3470,42777,4529,42777,766,65
1608,3470,42778,4529,42778,766,65
1608,3470,42779,4529,42779,766,65
1608,3470,42780,4529,42780,766,65
1608,3470,42781,4529,42781,766,65
1608,3470,42782,4529,42782,766,65
1608,3470,42783,4529,42783,766,65
1608,3470,42784,4529,42784,766,65
1608,3470,42785,4529,42785,766,65
1608,3470,42786,4529,42786,766,65
1608,3470,42787,4529,42787,766,65
1608,3470,42788,4529,42788,766,65
1608,3470,42789,4529,42789,766,65
1608,3470,42790,4529,42790,766,65
1608,3470,42791,4529,42791,766,65
1608,3470,42792,4529,42792,766,65
1608,3470,42793,4529,42793,766,65
1608,3470,42794,4529,42794,766,65
1608,3470,42795,4529,42795,766,65
1608,3470,42796,4529,42796,766,65
1608,3470,42797,4529,42797,766,65
1608,3470,42798,4529,42798,766,65
1608,3470,42799,4529,42799,766,65
1608,3470,42800,4529,42800,766,65
1608,3470,42801,4529,42801,766,65
1608,3470,42802,4529,42802,766,65
1608,3470,42803,4529,42803,766,65
1608,3470,42804,4529,42804,766,65
1608,3470,42805,4529,42805,766,65
1608,3470,42806,4529,42806,766,65
1608,3470,42807,4529,42807,766,65
1608,3470,42808,4529,42808,766,65
1608,3470,42809,4529,42809,766,65
1608,3470,42810,4529,42810,766,65
1608,3470,42811,4529,42811,766,65
1608,3470,42812,4529,42812,766,65
1608,3470,42813,4529,42813,766,65
1608,3470,42814,4529,42814,766,65
1608,3470,42815,4529,42815,766,65
1608,3470,42816,4529,42816,766,65
1608,3470,42817,4529,42817,766,65
1608,3470,42818,4529,42818,766,65
1608,3470,42819,4529,42819,766,65
1608,3470,42820,4529,42820,766,65
1608,3470,42821,4529,42821,766,65
1608,3470,42822,4529,42822,766,65
1608,3470,42823,4529,42823,766,65
1608,3470,42824,4529,42824,766,65
1608,3470,42825,4529,42825,766,65
1608,3470,42826,4529,42826,766,65
1608,3470,42827,4529,42827,766,65
1608,3470,42828,4529,42828,766,65
1608,3470,42829,4529,42829,766,65
1608,3470,42830,4529,42830,766,65
1608,3470,42831,4529,42831,766,65
1608,3470,42832,4529,42832,766,65
1608,3470,42833,4529,42833,766,65
1608,3470,42834,4529,42834,766,65
1608,3470,42835,4529,42835,766,65
1608,3470,42836,4529,42836,766,65
1608,3470,42837,4529,42837,766,65
1608,3470,42838,4529,42838,766,65
1608,3470,42839,4529,42839,766,65
1608,3470,42840,4529,42840,766,65
1608,3470,42841,4529,42841,766,65
1608,3470,42842,4529,42842,766,65
1608,3470,42843,4529,42843,766,65
1608,3470,42844,4529,42844,766,65
1608,3470,42845,4529,42845,766,65
1608,3470,42846,4529,42846,766,65
1608,3470,42847,4529,42847,766,65
1608,3470,42848,4529,42848,766,65
1608,3470,42849,4529,42849,766,65
1608,3470,42850,4529,42850,766,65
1608,3470,42851,4529,42851,766,65
1608,3470,42852,4529,42852,766,65
1608,3470,42853,4529,42853,766,65
1608,3470,42854,4529,42854,766,65
1608,3470,42855,4529,42855,766,65
1608,3470,42856,4529,42856,766,65
1608,3470,42857,4529,42857,766,65
1608,3470,42858,4529,42858,766,65
1608,3470,42859,4529,42859,766,65
1608,3470,42860,4529,42860,766,65
1608,3470,42861,4529,42861,766,65
1608,3470,42862,4529,42862,766,65
1608,3470,42863,4529,42863,766,65
1608,3470,42864,4529,42864,766,65
1608,3470,42865,4529,42865,766,65
1608,3470,42866,4529,42866,766,65
1608,3470,42867,4529,42867,766,65
1608,3470,42868,4529,42868,766,65
1608,3470,42869,4529,42869,766,65
1608,3470,42870,4529,42870,766,65
1608,3470,42871,4529,42871,766,65
1608,3470,42872,4529,42872,766,65
1608,3470,42873,4529,42873,766,65
1608,3470,42874,4529,42874,766,65
1608,3470,42875,4529,42875,766,65
1608,3470,42876,4529,42876,766,65
1608,3470,42877,4529,42877,766,65
1608,3470,42878,4529,42878,766,65
1608,3470,42879,4529,42879,766,65
1608,3470,42880,4529,42880,766,65
1608,3470,42881,4529,42881,766,65
1608,3470,42882,4529,42882,766,65
1608,3470,42883,4529,42883,766,65
1608,3470,42884,4529,42884,766,65
1608,3470,42885,4529,42885,766,65
1608,3470,42886,4529,42886,766,65
1608,3470,42887,4529,42887,766,65
1608,3470,42888,4529,42888,766,65
1608,3470,42889,4529,42889,766,65
1608,3470,42890,4529,42890,766,65
1608,3470,42891,4529,42891,766,65
1608,3470,42892,4529,42892,766,65
1608,3470,42893,4529,42893,766,65
1608,3470,42894,4529,42894,766,65
1608,3470,42895,4529,42895,766,65
1608,3470,42896,4529,42896,766,65
1608,3470,42897,4529,42897,766,65
1608,3470,42898,4529,42898,766,65
1608,3470,42899,4529,42899,766,65
1608,3470,42900,4529,42900,766,65
1608,3470,42901,4529,42901,766,65
1608,3470,42902,4529,42902,766,65
1608,3470,42903,4529,42903,766,65
1608,3470,42904,4529,42904,766,65
1608,3470,42905,4529,42905,766,65
1608,3470,42906,4529,42906,766,65
1608,3470,42907,4529,42907,766,65
1608,3470,42908,4529,42908,766,65
1608,3470,42909,4529,42909,766,65
1608,3470,42910,4529,42910,766,65
1608,3470,42911,4529,42911,766,65
1608,3470,42912,4529,42912,766,65
1608,3470,42913,4529,42913,766,65
1608,3470,42914,4529,42914,766,65
1608,3470,42915,4529,42915,766,65
1608,3470,42916,4529,42916,766,65
1608,3470,42917,4529,42917,766,65
1608,3470,42918,4529,42918,766,65
1608,3470,42919,4529,42919,766,65
1608,3470,42920,4529,42920,766,65
1608,3470,42921,4529,42921,766,65
1608,3470,42922,4529,42922,766,65
1608,3470,42923,4529,42923,766,65
1608,3470,42924,4529,42924,766,65
1608,3470,42925,4529,42925,766,65
1608,3470,42926,4529,42926,766,65
1608,3470,42927,4529,42927,766,65
1608,3470,42928,4529,42928,766,65
1608,3470,42929,4529,42929,766,65
1608,3470,42930,4529,42930,766,65
1608,3470,42931,4529,42931,766,65
1608,3470,42932,4529,42932,766,65
1608,3470,42933,4529,42933,766,65
1608,3470,42934,4529,42934,766,65
1608,3470,42935,4529,42935,766,65
1608,3470,42936,4529,42936,766,65
1608,3470,42937,4529,42937,766,65
1608,3470,42938,4529,42938,766,65
1608,3470,42939,4529,42939,766,65
1608,3470,42940,4529,42940,766,65
1608,3470,42941,4529,42941,766,65
1608,3470,42942,4529,42942,766,65
1608,3470,42943,4529,42943,766,65
1608,3470,42944,4529,42944,766,65
1608,3470,42945,4529,42945,766,65
1608,3470,42946,4529,42946,766,65
1608,3470,42947,4529,42947,766,65
1608,3470,42948,4529,42948,766,65
1608,3470,42949,4529,42949,766,65
1608,3470,42950,4529,42950,766,65
1608,3470,42951,4529,42951,766,65
1608,3470,42952,4529,42952,766,65
1608,3470,42953,4529,42953,766,65
1608,3470,42954,4529,42954,766,65
1608,3470,42955,4529,42955,766,65
1608,3470,42956,4529,42956,766,65
1608,3470,42957,4529,42957,766,65
1608,3470,42958,4529,42958,766,65
1607,3470,42959,4529,42959,766,65
1607,3470,42960,4529,42960,766,65
1607,3470,42961,4529,42961,766,65
1607,3470,42962,4529,42962,766,65
1607,3470,42963,4529,42963,766,65
1607,3470,42964,4529,42964,766,65
1607,3470,42965,4529,42965,766,65
1607,3470,42966,4529,42966,766,65
1607,3470,42967,4529,42967,766,65
1607,3470,42968,4529,42968,766,65
1607,3470,42969,4529,42969,766,65
1607,3470,42970,4529,42970,766,65
1607,3470,42971,4529,42971,766,65
1607,3470,42972,4529,42972,766,65
1607,3470,42973,4529,42973,766,65
1607,3470,42974,4529,42974,766,65
1607,3470,42975,4529,42975,766,65
1607,3470,42976,4529,42976,766,65
1607,3470,42977,4529,42977,766,65
1607,3470,42978,4529,42978,766,65
1607,3470,42979,4529,42979,766,65
1607,3470,42980,4529,42980,766,65
1607,3470,42981,4529,42981,766,65
1607,3470,42982,4529,42982,766,65
1607,3470,42983,4529,42983,766,65
1607,3470,42984,4529,42984,766,65
1607,3470,42985,4529,42985,766,65
1607,3470,42986,4529,42986,766,65
1607,3470,42987,4529,42987,766,65
1607,3470,42988,4529,42988,766,65
1607,3470,42989,4529,42989,766,65
1607,3470,42990,4529,42990,766,65
1607,3470,42991,4529,42991,766,65
1607,3470,42992,4529,42992,766,65
1607,3470,42993,4529,42993,766,65
1607,3470,42994,4529,42994,766,65
1607,3470,42995,4529,42995,766,65
1607,3470,42996,4529,42996,766,65
1607,3470,42997,4529,42997,766,65
1607,3470,42998,4529,42998,766,65
1607,3470,42999,4529,42999,766,65
1607,3470,43000,4529,43000,766,65
1607,3470,43001,4529,43001,766,65
1607,3470,43002,4529,43002,766,65
1607,3470,43003,4529,43003,766,65
1607,3470,43004,4529,43004,766,65
1607,3470,43005,4529,43005,766,65
1607,3470,43006,4529,43006,766,65
1607,3470,43007,4529,43007,766,65
1607,3470,43008,4529,43008,766,65
1607,3470,43009,4529,43009,766,65
1607,3470,43010,4529,43010,766,65
1607,3470,43011,4529,43011,766,65
1607,3470,43012,4529,43012,766,65
1607,3470,43013,4529,43013,766,65
1607,3470,43014,4529,43014,766,65
1607,3470,43015,4529,43015,766,65
1607,3470,43016,4529,43016,766,65
1607,3470,43017,4529,43017,766,65
1607,3470,43018,4529,43018,766,65
1607,3470,43019,4529,43019,766,65
1607,3470,43020,4529,43020,766,65
1607,3470,43021,4529,43021,766,65
1607,3470,43022,4529,43022,766,65
1607,3470,43023,4529,43023,766,65
1607,3470,43024,4529,43024,766,65
1606,3470,43025,4529,43025,766,65
1606,3470,43026,4529,43026,766,65
1606,3470,43027,4529,43027,766,65
1606,3470,43028,4529,43028,766,65
1606,3470,43029,4529,43029,766,65
1606,3470,43030,4529,43030,766,65
1606,3470,43031,4529,43031,766,65
1606,3470,43032,4529,43032,766,65
1606,3470,43033,4529,43033,766,65
1606,3470,43034,4529,43034,766,65
1606,3470,43035,4529,43035,766,65
1606,3470,43036,4529,43036,766,65
1606,3470,43037,4529,43037,766,65
1606,3470,43038,4529,43038,766,65
1606,3470,43039,4529,43039,766,65
1606,3470,43040,4529,43040,766,65
1606,3470,43041,4529,43041,766,65
1606,3470,43042,4529,43042,766,65
1606,3470,43043,4529,43043,766,65
1606,3470,43044,4529,43044,766,65
1606,3470,43045,4529,43045,766,65
1606,3470,43046,4529,43046,766,65
1606,3470,43047,4529,43047,766,65
1606,3470,43048,4529,43048,766,65
1606,3470,43049,4529,43049,766,65
1606,3470,43050,4529,43050,766,65
1606,3470,43051,4529,43051,766,65
1606,3470,43052,4529,43052,766,65
1606,3470,43053,4529,43053,766,65
1606,3470,43054,4529,43054,766,65
1606,3470,43055,4529,43055,766,65
1606,3470,43056,4529,43056,766,65
1606,3470,43057,4529,43057,766,65
1606,3470,43058,4529,43058,766,65
1606,3470,43059,4529,43059,766,65
1606,3470,43060,4529,43060,766,65
1606,3470,43061,4529,43061,766,65
1606,3470,43062,4529,43062,766,65
1606,3470,43063,4529,43063,766,65
1606,3470,43064,4529,43064,766,65
1606,3470,43065,4529,43065,766,65
1606,3470,43066,4529,43066,766,65
1606,3470,43067,4529,43067,766,65
1606,3470,43068,4529,43068,766,65
1606,3470,43069,4529,43069,766,65
1606,3470,43070,4529,43070,766,65
1606,3470,43071,4529,43071,766,65
1606,3470,43072,4529,43072,766,65
1606,3470,43073,4529,43073,766,65
1606,3470,43074,4529,43074,766,65
1606,3470,43075,4529,43075,766,65
1606,3470,43076,4529,43076,766,65
1606,3470,43077,4529,43077,766,65
1606,3470,43078,4529,43078,766,65
1606,3470,43079,4529,43079,766,65
1606,3470,43080,4529,43080,766,65
1606,3470,43081,4529,43081,766,65
1606,3470,43082,4529,43082,766,65
1606,3470,43083,4529,43083,766,65
1606,3470,43084,4529,43084,766,65
1606,3470,43085,4529,43085,766,65
1606,3470,43086,4529,43086,766,65
1606,3470,43087,4529,43087,766,65
1606,3470,43088,4529,43088,766,65
1606,3470,43089,4529,43089,766,65
1606,3470,43090,4529,43090,766,65
1606,3470,43091,4529,43091,766,65
1606,3470,43092,4529,43092,766,65
1606,3470,43093,4529,43093,766,65
1606,3470,43094,4529,43094,766,65
1606,3470,43095,4529,43095,766,65
1606,3470,43096,4529,43096,766,65
1606,3470,43097,4529,43097,766,65
1606,3470,43098,4529,43098,766,65
1606,3470,43099,4529,43099,766,65
1606,3470,43100,4529,43100,766,65
1606,3470,43101,4529,43101,766,65
1606,3470,43102,4529,43102,766,65
1606,3470,43103,4529,43103,766,65
1606,3470,43104,4529,43104,766,65
1606,3470,43105,4529,43105,766,65
1606,3470,43106,4529,43106,766,65
1606,3470,43107,4529,43107,766,65
1606,3470,43108,4529,43108,766,65
1606,3470,43109,4529,43109,766,65
1606,3470,43110,4529,43110,766,65
1606,3470,43111,4529,43111,766,65
1606,3470,43112,4529,43112,766,65
1606,3470,43113,4529,43113,766,65
1606,3470,43114,4529,43114,766,65
1606,3470,43115,4529,43115,766,65
1606,3470,43116,4529,43116,766,65
1606,3470,43117,4529,43117,766,65
1606,3470,43118,4529,43118,766,65
1606,3470,43119,4529,43119,766,65
1606,3470,43120,4529,43120,766,65
1606,3470,43121,4529,43121,766,65
1606,3470,43122,4529,43122,766,65
1606,3470,43123,4529,43123,766,65
1606,3470,43124,4529,43124,766,65
1606,3470,43125,4529,43125,766,65
1606,3470,43126,4529,43126,766,65
1606,3470,43127,4529,43127,766,65
1606,3470,43128,4529,43128,766,65
1606,3470,43129,4529,43129,766,65
1606,3470,43130,4529,43130,766,65
1606,3470,43131,4529,43131,766,65
1606,3470,43132,4529,43132,766,65
1606,3470,43133,4529,43133,766,65
1606,3470,43134,4529,43134,766,65
1606,3470,43135,4529,43135,766,65
1606,3470,43136,4529,43136,766,65
1606,3470,43137,4529,43137,766,65
1606,3470,43138,4529,43138,766,65
1606,3470,43139,4529,43139,766,65
1606,3470,43140,4529,43140,766,65
1606,3470,43141,4529,43141,766,65
1606,3470,43142,4529,43142,766,65
1606,3470,43143,4529,43143,766,65
1606,3470,43144,4529,43144,766,65
1606,3470,43145,4529,43145,766,65
1606,3470,43146,4529,43146,766,65
1606,3470,43147,4529,43147,766,65
1606,3470,43148,4529,43148,766,65
1606,3470,43149,4529,43149,766,65
1606,3470,43150,4529,43150,766,65
1606,3470,43151,4529,43151,766,65
1606,3470,43152,4529,43152,766,65
1606,3470,43153,4529,43153,766,65
1606,3470,43154,4529,43154,766,65
1606,3470,43155,4529,43155,766,65
1606,3470,43156,4529,43156,766,65
1606,3470,43157,4529,43157,766,65
1606,3470,43158,4529,43158,766,65
1606,3470,43159,4529,43159,766,65
1606,3470,43160,4529,43160,766,65
1606,3470,43161,4529,43161,766,65
1606,3470,43162,4529,43162,766,65
1606,3470,43163,4529,43163,766,65
1606,3470,43164,4529,43164,766,65
1606,3470,43165,4529,43165,766,65
1606,3470,43166,4529,43166,766,65
1606,3470,43167,4529,43167,766,65
1606,3470,43168,4529,43168,766,65
1606,3470,43169,4529,43169,766,65
1606,3470,43170,4529,43170,766,65
1606,3470,43171,4529,43171,766,65
1606,3470,43172,4529,43172,766,65
1606,3470,43173,4529,43173,766,65
1606,3470,43174,4529,43174,766,65
1606,3470,43175,4529,43175,766,65
1605,3470,43176,4529,43176,766,65
1605,3470,43177,4529,43177,766,65
1605,3470,43178,4529,43178,766,65
1605,3470,43179,4529,43179,766,65
1605,3470,43180,4529,43180,766,65
1605,3470,43181,4529,43181,766,65
1605,3470,43182,4529,43182,766,65
1605,3470,43183,4529,43183,766,65
1605,3470,43184,4529,43184,766,65
1605,3470,43185,4529,43185,766,65
1605,3470,43186,4529,43186,766,65
1605,3470,43187,4529,43187,766,65
1605,3470,43188,4529,43188,766,65
1605,3470,43189,4529,43189,766,65
1605,3470,43190,4529,43190,766,65
1605,3470,43191,4529,43191,766,65
1605,3470,43192,4529,43192,766,65
1605,3470,43193,4529,43193,766,65
1605,3470,43194,4529,43194,766,65
1605,3470,43195,4529,43195,766,65
1605,3470,43196,4529,43196,766,65
1605,3470,43197,4529,43197,766,65
1605,3470,43198,4529,43198,766,65
1605,3470,43199,4529,43199,766,65
1605,3470,43200,4529,43200,766,65
1605,3470,43201,4529,43201,766,65
1605,3470,43202,4529,43202,766,65
1605,3470,43203,4529,43203,766,65
1604,3470,43204,4529,43204,766,65
1604,3470,43205,4529,43205,766,65
1604,3470,43206,4529,43206,766,65
1604,3470,43207,4529,43207,766,65
1604,3470,43208,4529,43208,766,65
1604,3470,43209,4529,43209,766,65
1604,3470,43210,4529,43210,766,65
1604,3470,43211,4529,43211,766,65
1604,3470,43212,4529,43212,766,65
1604,3470,43213,4529,43213,766,65
1604,3470,43214,4529,43214,766,65
1604,3470,43215,4529,43215,766,65
1604,3470,43216,4529,43216,766,65
1604,3470,43217,4529,43217,766,65
1604,3470,43218,4529,43218,766,65
1604,3470,43219,4529,43219,766,65
1604,3470,43220,4529,43220,766,65
1604,3470,43221,4529,43221,766,65
1604,3470,43222,4529,43222,766,65
1604,3470,43223,4529,43223,766,65
1604,3470,43224,4529,43224,766,65
1604,3470,43225,4529,43225,766,65
1604,3470,43226,4529,43226,766,65
1604,3470,43227,4529,43227,766,65
1604,3470,43228,4529,43228,766,65
1604,3470,43229,4529,43229,766,65
1604,3470,43230,4529,43230,766,65
1604,3470,43231,4529,43231,766,65
1604,3470,43232,4529,43232,766,65
1604,3470,43233,4529,43233,766,65
1604,3470,43234,4529,43234,766,65
1604,3470,43235,4529,43235,766,65
1604,3470,43236,4529,43236,766,65
1604,3470,43237,4529,43237,766,65
1604,3470,43238,4529,43238,766,65
1604,3470,43239,4529,43239,766,65
1604,3470,43240,4529,43240,766,65
1604,3470,43241,4529,43241,766,65
1604,3470,43242,4529,43242,766,65
1604,3470,43243,4529,43243,766,65
1604,3470,43244,4529,43244,766,65
1604,3470,43245,4529,43245,766,65
1604,3470,43246,4529,43246,766,65
1604,3470,43247,4529,43247,766,65
1604,3470,43248,4529,43248,766,65
1604,3470,43249,4529,43249,766,65
1604,3470,43250,4529,43250,766,65
1604,3470,43251,4529,43251,766,65
1604,3470,43252,4529,43252,766,65
1604,3470,43253,4529,43253,766,65
1604,3470,43254,4529,43254,766,65
1604,3470,43255,4529,43255,766,65
1604,3470,43256,4529,43256,766,65
1604,3470,43257,4529,43257,766,65
1604,3470,43258,4529,43258,766,65
1604,3470,43259,4529,43259,766,65
1604,3470,43260,4529,43260,766,65
1604,3470,43261,4529,43261,766,65
1604,3470,43262,4529,43262,766,65
1604,3470,43263,4529,43263,766,65
1604,3470,43264,4529,43264,766,65
1604,3470,43265,4529,43265,766,65
1604,3470,43266,4529,43266,766,65
1604,3470,43267,4529,43267,766,65
1604,3470,43268,4529,43268,766,65
1604,3470,43269,4529,43269,766,65
1604,3470,43270,4529,43270,766,65
1604,3470,43271,4529,43271,766,65
1604,3470,43272,4529,43272,766,65
1604,3470,43273,4529,43273,766,65
1604,3470,43274,4529,43274,766,65
1604,3470,43275,4529,43275,766,65
1604,3470,43276,4529,43276,766,65
1604,3470,43277,4529,43277,766,65
1604,3470,43278,4529,43278,766,65
1604,3470,43279,4529,43279,766,65
1604,3470,43280,4529,43280,766,65
1604,3470,43281,4529,43281,766,65
1604,3470,43282,4529,43282,766,65
1604,3470,43283,4529,43283,766,65
1604,3470,43284,4529,43284,766,65
1604,3470,43285,4529,43285,766,65
1604,3470,43286,4529,43286,766,65
1604,3470,43287,4529,43287,766,65
1604,3470,43288,4529,43288,766,65
1604,3470,43289,4529,43289,766,65
1604,3470,43290,4529,43290,766,65
1604,3470,43291,4529,43291,766,65
1604,3470,43292,4529,43292,766,65
1604,3470,43293,4529,43293,766,65
1604,3470,43294,4529,43294,766,65
1604,3470,43295,4529,43295,766,65
1604,3470,43296,4529,43296,766,65
1604,3470,43297,4529,43297,766,65
1604,3470,43298,4529,43298,766,65
1604,3470,43299,4529,43299,766,65
1604,3470,43300,4529,43300,766,65
1604,3470,43301,4529,43301,766,65
1604,3470,43302,4529,43302,766,65
1604,3470,43303,4529,43303,766,65
1604,3470,43304,4529,43304,766,65
1604,3470,43305,4529,43305,766,65
1604,3470,43306,4529,43306,766,65
1604,3470,43307,4529,43307,766,65
1604,3470,43308,4529,43308,766,65
1604,3470,43309,4529,43309,766,65
1604,3470,43310,4529,43310,766,65
1604,3470,43311,4529,43311,766,65
1604,3470,43312,4529,43312,766,65
1604,3470,43313,4529,43313,766,65
1604,3470,43314,4529,43314,766,65
1604,3470,43315,4529,43315,766,65
1604,3470,43316,4529,43316,766,65
1604,3470,43317,4529,43317,766,65
1604,3470,43318,4529,43318,766,65
1604,3470,43319,4529,43319,766,65
1604,3470,43320,4529,43320,766,65
1604,3470,43321,4529,43321,766,65
1604,3470,43322,4529,43322,766,65
1604,3470,43323,4529,43323,766,65
1604,3470,43324,4529,43324,766,65
1604,3470,43325,4529,43325,766,65
1604,3470,43326,4529,43326,766,65
1604,3470,43327,4529,43327,766,65
1604,3470,43328,4529,43328,766,65
1604,3470,43329,4529,43329,766,65
1604,3470,43330,4529,43330,766,65
1604,3470,43331,4529,43331,766,65
1604,3470,43332,4529,43332,766,65
1604,3470,43333,4529,43333,766,65
1604,3470,43334,4529,43334,766,65
1604,3470,43335,4529,43335,766,65
1604,3470,43336,4529,43336,766,65
1604,3470,43337,4529,43337,766,65
1604,3470,43338,4529,43338,766,65
1604,3470,43339,4529,43339,766,65
1604,3470,43340,4529,43340,766,65
1604,3470,43341,4529,43341,766,65
1604,3470,43342,4529,43342,766,65
1604,3470,43343,4529,43343,766,65
1604,3470,43344,4529,43344,766,65
1604,3470,43345,4529,43345,766,65
1604,3470,43346,4529,43346,766,65
1604,3470,43347,4529,43347,766,65
1604,3470,43348,4529,43348,766,65
1604,3470,43349,4529,43349,766,65
1604,3470,43350,4529,43350,766,65
1604,3470,43351,4529,43351,766,65
1604,3470,43352,4529,43352,766,65
1604,3470,43353,4529,43353,766,65
1604,3470,43354,4529,43354,766,65
1604,3470,43355,4529,43355,766,65
1604,3470,43356,4529,43356,766,65
1604,3470,43357,4529,43357,766,65
1604,3470,43358,4529,43358,766,65
1604,3470,43359,4529,43359,766,65
1604,3470,43360,4529,43360,766,65
1604,3470,43361,4529,43361,766,65
1604,3470,43362,4529,43362,766,65
1604,3470,43363,4529,43363,766,65
1604,3470,43364,4529,43364,766,65
1604,3470,43365,4529,43365,766,65
1604,3470,43366,4529,43366,766,65
1604,3470,43367,4529,43367,766,65
1604,3470,43368,4529,43368,766,65
1604,3470,43369,4529,43369,766,65
1604,3470,43370,4529,43370,766,65
1604,3470,43371,4529,43371,766,65
1604,3470,43372,4529,43372,766,65
1604,3470,43373,4529,43373,766,65
1604,3470,43374,4529,43374,766,65
1604,3470,43375,4529,43375,766,65
1604,3470,43376,4529,43376,766,65
1604,3470,43377,4529,43377,766,65
1604,3470,43378,4529,43378,766,65
1604,3470,43379,4529,43379,766,65
1604,3470,43380,4529,43380,766,65
1604,3470,43381,4529,43381,766,65
1604,3470,43382,4529,43382,766,65
1604,3470,43383,4529,43383,766,65
1604,3470,43384,4529,43384,766,65
1604,3470,43385,4529,43385,766,65
1604,3470,43386,4529,43386,766,65
1604,3470,43387,4529,43387,766,65
1604,3470,43388,4529,43388,766,65
1604,3470,43389,4529,43389,766,65
1604,3470,43390,4529,43390,766,65
1604,3470,43391,4529,43391,766,65
1604,3470,43392,4529,43392,766,65
1604,3470,43393,4529,43393,766,65
1604,3470,43394,4529,43394,766,65
1604,3470,43395,4529,43395,766,65
1604,3470,43396,4529,43396,766,65
1604,3470,43397,4529,43397,766,65
1604,3470,43398,4529,43398,766,65
1604,3470,43399,4529,43399,766,65
1604,3470,43400,4529,43400,766,65
1604,3470,43401,4529,43401,766,65
1604,3470,43402,4529,43402,766,65
1604,3470,43403,4529,43403,766,65
1604,3470,43404,4529,43404,766,65
1604,3470,43405,4529,43405,766,65
1604,3470,43406,4529,43406,766,65
1604,3470,43407,4529,43407,766,65
1604,3470,43408,4529,43408,766,65
1604,3470,43409,4529,43409,766,65
1604,3470,43410,4529,43410,766,65
1604,3470,43411,4529,43411,766,65
1604,3470,43412,4529,43412,766,65
1604,3470,43413,4529,43413,766,65
1604,3470,43414,4529,43414,766,65
1604,3470,43415,4529,43415,766,65
1604,3470,43416,4529,43416,766,65
1604,3470,43417,4529,43417,766,65
1604,3470,43418,4529,43418,766,65
1604,3470,43419,4529,43419,766,65
1604,3470,43420,4529,43420,766,65
1604,3470,43421,4529,43421,766,65
1604,3470,43422,4529,43422,766,65
1604,3470,43423,4529,43423,766,65
1604,3470,43424,4529,43424,766,65
1604,3470,43425,4529,43425,766,65
1604,3470,43426,4529,43426,766,65
1604,3470,43427,4529,43427,766,65
1604,3470,43428,4529,43428,766,65
1604,3470,43429,4529,43429,766,65
1604,3470,43430,4529,43430,766,65
1604,3470,43431,4529,43431,766,65
1604,3470,43432,4529,43432,766,65
1604,3470,43433,4529,43433,766,65
1604,3470,43434,4529,43434,766,65
1604,3470,43435,4529,43435,766,65
1604,3470,43436,4529,43436,766,65
1604,3470,43437,4529,43437,766,65
1604,3470,43438,4529,43438,766,65
1604,3470,43439,4529,43439,766,65
1604,3470,43440,4529,43440,766,65
1604,3470,43441,4529,43441,766,65
1604,3470,43442,4529,43442,766,65
1604,3470,43443,4529,43443,766,65
1604,3470,43444,4529,43444,766,65
1604,3470,43445,4529,43445,766,65
1604,3470,43446,4529,43446,766,65
1603,3470,43447,4529,43447,766,65
1603,3470,43448,4529,43448,766,65
1603,3470,43449,4529,43449,766,65
1603,3470,43450,4529,43450,766,65
1603,3470,43451,4529,43451,766,65
1603,3470,43452,4529,43452,766,65
1603,3470,43453,4529,43453,766,65
1603,3470,43454,4529,43454,766,65
1603,3470,43455,4529,43455,766,65
1603,3470,43456,4529,43456,766,65
1603,3470,43457,4529,43457,766,65
1603,3470,43458,4529,43458,766,65
1603,3470,43459,4529,43459,766,65
1603,3470,43460,4529,43460,766,65
1603,3470,43461,4529,43461,766,65
1603,3470,43462,4529,43462,766,65
1603,3470,43463,4529,43463,766,65
1603,3470,43464,4529,43464,766,65
1603,3470,43465,4529,43465,766,65
1603,3470,43466,4529,43466,766,65
1603,3470,43467,4529,43467,766,65
1603,3470,43468,4529,43468,766,65
1603,3470,43469,4529,43469,766,65
1603,3470,43470,4529,43470,766,65
1603,3470,43471,4529,43471,766,65
1603,3470,43472,4529,43472,766,65
1603,3470,43473,4529,43473,766,65
1603,3470,43474,4529,43474,766,65
1603,3470,43475,4529,43475,766,65
1603,3470,43476,4529,43476,766,65
1603,3470,43477,4529,43477,766,65
1603,3470,43478,4529,43478,766,65
1603,3470,43479,4529,43479,766,65
1603,3470,43480,4529,43480,766,65
1603,3470,43481,4529,43481,766,65
1603,3470,43482,4529,43482,766,65
1603,3470,43483,4529,43483,766,65
1603,3470,43484,4529,43484,766,65
1603,3470,43485,4529,43485,766,65
1603,3470,43486,4529,43486,766,65
1603,3470,43487,4529,43487,766,65
1603,3470,43488,4529,43488,766,65
1603,3470,43489,4529,43489,766,65
1603,3470,43490,4529,43490,766,65
1603,3470,43491,4529,43491,766,65
1603,3470,43492,4529,43492,766,65
1603,3470,43493,4529,43493,766,65
1603,3470,43494,4529,43494,766,65
1603,3470,43495,4529,43495,766,65
1603,3470,43496,4529,43496,766,65
1603,3470,43497,4529,43497,766,65
1603,3470,43498,4529,43498,766,65
1603,3470,43499,4529,43499,766,65
1603,3470,43500,4529,43500,766,65
1603,3470,43501,4529,43501,766,65
1603,3470,43502,4529,43502,766,65
1603,3470,43503,4529,43503,766,65
1603,3470,43504,4529,43504,766,65
1603,3470,43505,4529,43505,766,65
1603,3470,43506,4529,43506,766,65
1603,3470,43507,4529,43507,766,65
1603,3470,43508,4529,43508,766,65
1603,3470,43509,4529,43509,766,65
1603,3470,43510,4529,43510,766,65
1603,3470,43511,4529,43511,766,65
1603,3470,43512,4529,43512,766,65
1603,3470,43513,4529,43513,766,65
1603,3470,43514,4529,43514,766,65
1603,3470,43515,4529,43515,766,65
1603,3470,43516,4529,43516,766,65
1603,3470,43517,4529,43517,766,65
1603,3470,43518,4529,43518,766,65
1603,3470,43519,4529,43519,766,65
1603,3470,43520,4529,43520,766,65
1603,3470,43521,4529,43521,766,65
1603,3470,43522,4529,43522,766,65
1603,3470,43523,4529,43523,766,65
1603,3470,43524,4529,43524,766,65
1603,3470,43525,4529,43525,766,65
1603,3470,43526,4529,43526,766,65
1603,3470,43527,4529,43527,766,65
1603,3470,43528,4529,43528,766,65
1603,3470,43529,4529,43529,766,65
1603,3470,43530,4529,43530,766,65
1603,3470,43531,4529,43531,766,65
1603,3470,43532,4529,43532,766,65
1603,3470,43533,4529,43533,766,65
1603,3470,43534,4529,43534,766,65
1603,3470,43535,4529,43535,766,65
1603,3470,43536,4529,43536,766,65
1603,3470,43537,4529,43537,766,65
1603,3470,43538,4529,43538,766,65
1603,3470,43539,4529,43539,766,65
1603,3470,43540,4529,43540,766,65
1603,3470,43541,4529,43541,766,65
1603,3470,43542,4529,43542,766,65
1603,3470,43543,4529,43543,766,65
1603,3470,43544,4529,43544,766,65
1603,3470,43545,4529,43545,766,65
1603,3470,43546,4529,43546,766,65
1603,3470,43547,4529,43547,766,65
1603,3470,43548,4529,43548,766,65
1603,3470,43549,4529,43549,766,65
1603,3470,43550,4529,43550,766,65
1603,3470,43551,4529,43551,766,65
1603,3470,43552,4529,43552,766,65
1603,3470,43553,4529,43553,766,65
1603,3470,43554,4529,43554,766,65
1603,3470,43555,4529,43555,766,65
1603,3470,43556,4529,43556,766,65
1603,3470,43557,4529,43557,766,65
1603,3470,43558,4529,43558,766,65
1603,3470,43559,4529,43559,766,65
1603,3470,43560,4529,43560,766,65
1603,3470,43561,4529,43561,766,65
1603,3470,43562,4529,43562,766,65
1603,3470,43563,4529,43563,766,65
1603,3470,43564,4529,43564,766,65
1603,3470,43565,4529,43565,766,65
1603,3470,43566,4529,43566,766,65
1603,3470,43567,4529,43567,766,65
1603,3470,43568,4529,43568,766,65
1603,3470,43569,4529,43569,766,65
1603,3470,43570,4529,43570,766,65
1603,3470,43571,4529,43571,766,65
1603,3470,43572,4529,43572,766,65
1603,3470,43573,4529,43573,766,65
1603,3470,43574,4529,43574,766,65
1603,3470,43575,4529,43575,766,65
1603,3470,43576,4529,43576,766,65
1603,3470,43577,4529,43577,766,65
1603,3470,43578,4529,43578,766,65
1603,3470,43579,4529,43579,766,65
1603,3470,43580,4529,43580,766,65
1603,3470,43581,4529,43581,766,65
1603,3470,43582,4529,43582,766,65
1603,3470,43583,4529,43583,766,65
1603,3470,43584,4529,43584,766,65
1603,3470,43585,4529,43585,766,65
1603,3470,43586,4529,43586,766,65
1603,3470,43587,4529,43587,766,65
1603,3470,43588,4529,43588,766,65
1603,3470,43589,4529,43589,766,65
1603,3470,43590,4529,43590,766,65
1603,3470,43591,4529,43591,766,65
1603,3470,43592,4529,43592,766,65
1603,3470,43593,4529,43593,766,65
1603,3470,43594,4529,43594,766,65
1603,3470,43595,4529,43595,766,65
1603,3470,43596,4529,43596,766,65
1603,3470,43597,4529,43597,766,65
1603,3470,43598,4529,43598,766,65
1603,3470,43599,4529,43599,766,65
1603,3470,43600,4529,43600,766,65
1603,3470,43601,4529,43601,766,65
1603,3470,43602,4529,43602,766,65
1603,3470,43603,4529,43603,766,65
1603,3470,43604,4529,43604,766,65
1603,3470,43605,4529,43605,766,65
1603,3470,43606,4529,43606,766,65
1603,3470,43607,4529,43607,766,65
1603,3470,43608,4529,43608,766,65
1603,3470,43609,4529,43609,766,65
1603,3470,43610,4529,43610,766,65
1603,3470,43611,4529,43611,766,65
1603,3470,43612,4529,43612,766,65
1603,3470,43613,4529,43613,766,65
1604,3470,43614,4529,43614,766,65
1604,3470,43615,4529,43615,766,65
1604,3470,43616,4529,43616,766,65
1604,3470,43617,4529,43617,766,65
1604,3470,43618,4529,43618,766,65
1604,3470,43619,4529,43619,766,65
1604,3470,43620,4529,43620,766,65
1604,3470,43621,4529,43621,766,65
1604,3470,43622,4529,43622,766,65
1604,3470,43623,4529,43623,766,65
1604,3470,43624,4529,43624,766,65
1604,3470,43625,4529,43625,766,65
1604,3470,43626,4529,43626,766,65
1604,3470,43627,4529,43627,766,65
1604,3470,43628,4529,43628,766,65
1604,3470,43629,4529,43629,766,65
1604,3470,43630,4529,43630,766,65
1604,3470,43631,4529,43631,766,65
1604,3470,43632,4529,43632,766,65
1604,3470,43633,4529,43633,766,65
1604,3470,43634,4529,43634,766,65
1604,3470,43635,4529,43635,766,65
1604,3470,43636,4529,43636,766,65
1604,3470,43637,4529,43637,766,65
1604,3470,43638,4529,43638,766,65
1604,3470,43639,4529,43639,766,65
1604,3470,43640,4529,43640,766,65
1604,3470,43641,4529,43641,766,65
1604,3470,43642,4529,43642,766,65
1604,3470,43643,4529,43643,766,65
1604,3470,43644,4529,43644,766,65
1604,3470,43645,4529,43645,766,65
1604,3470,43646,4529,43646,766,65
1604,3470,43647,4529,43647,766,65
1604,3470,43648,4529,43648,766,65
1604,3470,43649,4529,43649,766,65
1604,3470,43650,4529,43650,766,65
1604,3470,43651,4529,43651,766,65
1604,3470,43652,4529,43652,766,65
1604,3470,43653,4529,43653,766,65
1604,3470,43654,4529,43654,766,65
1604,3470,43655,4529,43655,766,65
1604,3470,43656,4529,43656,766,65
1604,3470,43657,4529,43657,766,65
1604,3470,43658,4529,43658,766,65
1604,3470,43659,4529,43659,766,65
1604,3470,43660,4529,43660,766,65
1604,3470,43661,4529,43661,766,65
1604,3470,43662,4529,43662,766,65
1604,3470,43663,4529,43663,766,65
1604,3470,43664,4529,43664,766,65
1604,3470,43665,4529,43665,766,65
1604,3470,43666,4529,43666,766,65
1604,3470,43667,4529,43667,766,65
1604,3470,43668,4529,43668,766,65
1604,3470,43669,4529,43669,766,65
1604,3470,43670,4529,43670,766,65
1604,3470,43671,4529,43671,766,65
1604,3470,43672,4529,43672,766,65
1604,3470,43673,4529,43673,766,65
1604,3470,43674,4529,43674,766,65
1604,3470,43675,4529,43675,766,65
1604,3470,43676,4529,43676,766,65
1604,3470,43677,4529,43677,766,65
1604,3470,43678,4529,43678,766,65
1604,3470,43679,4529,43679,766,65
1604,3470,43680,4529,43680,766,65
1604,3470,43681,4529,43681,766,65
1604,3470,43682,4529,43682,766,65
1604,3470,43683,4529,43683,766,65
1604,3470,43684,4529,43684,766,65
1604,3470,43685,4529,43685,766,65
1604,3470,43686,4529,43686,766,65
1604,3470,43687,4529,43687,766,65
1604,3470,43688,4529,43688,766,65
1604,3470,43689,4529,43689,766,65
1604,3470,43690,4529,43690,766,65
1604,3470,43691,4529,43691,766,65
1604,3470,43692,4529,43692,766,65
1604,3470,43693,4529,43693,766,65
1604,3470,43694,4529,43694,766,65
1604,3470,43695,4529,43695,766,65
1604,3470,43696,4529,43696,766,65
1604,3470,43697,4529,43697,766,65
1604,3470,43698,4529,43698,766,65
1604,3470,43699,4529,43699,766,65
1604,3470,43700,4529,43700,766,65
1604,3470,43701,4529,43701,766,65
1604,3470,43702,4529,43702,766,65
1604,3470,43703,4529,43703,766,65
1604,3470,43704,4529,43704,766,65
1604,3470,43705,4529,43705,766,65
1604,3470,43706,4529,43706,766,65
1604,3470,43707,4529,43707,766,65
1604,3470,43708,4529,43708,766,65
1604,3470,43709,4529,43709,766,65
1604,3470,43710,4529,43710,766,65
1604,3470,43711,4529,43711,766,65
1604,3470,43712,4529,43712,766,65
1604,3470,43713,4529,43713,766,65
1604,3470,43714,4529,43714,766,65
1604,3470,43715,4529,43715,766,65
1604,3470,43716,4529,43716,766,65
1604,3470,43717,4529,43717,766,65
1604,3470,43718,4529,43718,766,65
1604,3470,43719,4529,43719,766,65
1604,3470,43720,4529,43720,766,65
1604,3470,43721,4529,43721,766,65
1604,3470,43722,4529,43722,766,65
1604,3470,43723,4529,43723,766,65
1604,3470,43724,4529,43724,766,65
1604,3470,43725,4529,43725,766,65
1604,3470,43726,4529,43726,766,65
1604,3470,43727,4529,43727,766,65
1604,3470,43728,4529,43728,766,65
1604,3470,43729,4529,43729,766,65
1604,3470,43730,4529,43730,766,65
1604,3470,43731,4529,43731,766,65
1604,3470,43732,4529,43732,766,65
1604,3470,43733,4529,43733,766,65
1604,3470,43734,4529,43734,766,65
1604,3470,43735,4529,43735,766,65
1604,3470,43736,4529,43736,766,65
1604,3470,43737,4529,43737,766,65
1604,3470,43738,4529,43738,766,65
1604,3470,43739,4529,43739,766,65
1604,3470,43740,4529,43740,766,65
1604,3470,43741,4529,43741,766,65
1604,3470,43742,4529,43742,766,65
1604,3470,43743,4529,43743,766,65
1604,3470,43744,4529,43744,766,65
1604,3470,43745,4529,43745,766,65
1604,3470,43746,4529,43746,766,65
1604,3470,43747,4529,43747,766,65
1604,3470,43748,4529,43748,766,65
1604,3470,43749,4529,43749,766,65
1604,3470,43750,4529,43750,766,65
1604,3470,43751,4529,43751,766,65
1604,3470,43752,4529,43752,766,65
1604,3470,43753,4529,43753,766,65
1604,3470,43754,4529,43754,766,65
1604,3470,43755,4529,43755,766,65
1604,3470,43756,4529,43756,766,65
1604,3470,43757,4529,43757,766,65
1604,3470,43758,4529,43758,766,65
1604,3470,43759,4529,43759,766,65
1604,3470,43760,4529,43760,766,65
1604,3470,43761,4529,43761,766,65
1604,3470,43762,4529,43762,766,65
1604,3470,43763,4529,43763,766,65
1604,3470,43764,4529,43764,766,65
1604,3470,43765,4529,43765,766,65
1604,3470,43766,4529,43766,766,65
1604,3470,43767,4529,43767,766,65
1604,3470,43768,4529,43768,766,65
1604,3470,43769,4529,43769,766,65
1604,3470,43770,4529,43770,766,65
1604,3470,43771,4529,43771,766,65
1604,3470,43772,4529,43772,766,65
1604,3470,43773,4529,43773,766,65
1604,3470,43774,4529,43774,766,65
1604,3470,43775,4529,43775,766,65
1604,3470,43776,4529,43776,766,65
1604,3470,43777,4529,43777,766,65
1604,3470,43778,4529,43778,766,65
1604,3470,43779,4529,43779,766,65
1604,3470,43780,4529,43780,766,65
1604,3470,43781,4529,43781,766,65
1604,3470,43782,4529,43782,766,65
1604,3470,43783,4529,43783,766,65
1604,3470,43784,4529,43784,766,65
1604,3470,43785,4529,43785,766,65
1604,3470,43786,4529,43786,766,65
1604,3470,43787,4529,43787,766,65
1604,3470,43788,4529,43788,766,65
1604,3470,43789,4529,43789,766,65
1604,3470,43790,4529,43790,766,65
1604,3470,43791,4529,43791,766,65
1604,3470,43792,4529,43792,766,65
1604,3470,43793,4529,43793,766,65
1604,3470,43794,4529,43794,766,65
1604,3470,43795,4529,43795,766,65
1604,3470,43796,4529,43796,766,65
1604,3470,43797,4529,43797,766,65
1604,3470,43798,4529,43798,766,65
1604,3470,43799,4529,43799,766,65
1604,3470,43800,4529,43800,766,65
1604,3470,43801,4529,43801,766,65
1604,3470,43802,4529,43802,766,65
1604,3470,43803,4529,43803,766,65
1604,3470,43804,4529,43804,766,65
1604,3470,43805,4529,43805,766,65
1604,3470,43806,4529,43806,766,65
1604,3470,43807,4529,43807,766,65
1604,3470,43808,4529,43808,766,65
1604,3470,43809,4529,43809,766,65
1604,3470,43810,4529,43810,766,65
1604,3470,43811,4529,43811,766,65
1604,3470,43812,4529,43812,766,65
1604,3470,43813,4529,43813,766,65
1604,3470,43814,4529,43814,766,65
1604,3470,43815,4529,43815,766,65
1604,3470,43816,4529,43816,766,65
1604,3470,43817,4529,43817,766,65
1604,3470,43818,4529,43818,766,65
1604,3470,43819,4529,43819,766,65
1604,3470,43820,4529,43820,766,65
1604,3470,43821,4529,43821,766,65
1604,3470,43822,4529,43822,766,65
1604,3470,43823,4529,43823,766,65
1604,3470,43824,4529,43824,766,65
1604,3470,43825,4529,43825,766,65
1604,3470,43826,4529,43826,766,65
1604,3470,43827,4529,43827,766,65
1604,3470,43828,4529,43828,766,65
1604,3470,43829,4529,43829,766,65
1604,3470,43830,4529,43830,766,65
1604,3470,43831,4529,43831,766,65
1604,3470,43832,4529,43832,766,65
1604,3470,43833,4529,43833,766,65
1604,3470,43834,4529,43834,766,65
1604,3470,43835,4529,43835,766,65
1604,3470,43836,4529,43836,766,65
1604,3470,43837,4529,43837,766,65
1604,3470,43838,4529,43838,766,65
1604,3470,43839,4529,43839,766,65
1604,3470,43840,4529,43840,766,65
1604,3470,43841,4529,43841,766,65
1604,3470,43842,4529,43842,766,65
1604,3470,43843,4529,43843,766,65
1604,3470,43844,4529,43844,766,65
1604,3470,43845,4529,43845,766,65
1604,3470,43846,4529,43846,766,65
1604,3470,43847,4529,43847,766,65
1604,3470,43848,4529,43848,766,65
1604,3470,43849,4529,43849,766,65
1604,3470,43850,4529,43850,766,65
1604,3470,43851,4529,43851,766,65
1604,3470,43852,4529,43852,766,65
1604,3470,43853,4529,43853,766,65
1604,3470,43854,4529,43854,766,65
1604,3470,43855,4529,43855,766,65
1604,3470,43856,4529,43856,766,65
1604,3470,43857,4529,43857,766,65
1604,3470,43858,4529,43858,766,65
1604,3470,43859,4529,43859,766,65
1604,3470,43860,4529,43860,766,65
1604,3470,43861,4529,43861,766,65
1604,3470,43862,4529,43862,766,65
1604,3470,43863,4529,43863,766,65
1604,3470,43864,4529,43864,766,65
1604,3470,43865,4529,43865,766,65
1604,3470,43866,4529,43866,766,65
1604,3470,43867,4529,43867,766,65
1604,3470,43868,4529,43868,766,65
1604,3470,43869,4529,43869,766,65
1604,3470,43870,4529,43870,766,65
1604,3470,43871,4529,43871,766,65
1604,3470,43872,4529,43872,766,65
1604,3470,43873,4529,43873,766,65
1604,3470,43874,4529,43874,766,65
1604,3470,43875,4529,43875,766,65
1604,3470,43876,4529,43876,766,65
1604,3470,43877,4529,43877,766,65
1604,3470,43878,4529,43878,766,65
1604,3470,43879,4529,43879,766,65
1604,3470,43880,4529,43880,766,65
1604,3470,43881,4529,43881,766,65
1604,3470,43882,4529,43882,766,65
1604,3470,43883,4529,43883,766,65
1604,3470,43884,4529,43884,766,65
1604,3470,43885,4529,43885,766,65
1604,3470,43886,4529,43886,766,65
1604,3470,43887,4529,43887,766,65
1604,3470,43888,4529,43888,766,65
1604,3470,43889,4529,43889,766,65
1604,3470,43890,4529,43890,766,65
1604,3470,43891,4529,43891,766,65
1604,3470,43892,4529,43892,766,65
1604,3470,43893,4529,43893,766,65
1604,3470,43894,4529,43894,766,65
1604,3470,43895,4529,43895,766,65
1604,3470,43896,4529,43896,766,65
1604,3470,43897,4529,43897,766,65
1604,3470,43898,4529,43898,766,65
1604,3470,43899,4529,43899,766,65
1604,3470,43900,4529,43900,766,65
1604,3470,43901,4529,43901,766,65
1604,3470,43902,4529,43902,766,65
1604,3470,43903,4529,43903,766,65
1604,3470,43904,4529,43904,766,65
1604,3470,43905,4529,43905,766,65
1604,3470,43906,4529,43906,766,65
1604,3470,43907,4529,43907,766,65
1604,3470,43908,4529,43908,766,65
1604,3470,43909,4529,43909,766,65
1604,3470,43910,4529,43910,766,65
1604,3470,43911,4529,43911,766,65
1604,3470,43912,4529,43912,766,65
1604,3470,43913,4529,43913,766,65
1604,3470,43914,4529,43914,766,65
1604,3470,43915,4529,43915,766,65
1604,3470,43916,4529,43916,766,65
1604,3470,43917,4529,43917,766,65
1604,3470,43918,4529,43918,766,65
1604,3470,43919,4529,43919,766,65
1604,3470,43920,4529,43920,766,65
1604,3470,43921,4529,43921,766,65
1604,3470,43922,4529,43922,766,65
1604,3470,43923,4529,43923,766,65
1604,3470,43924,4529,43924,766,65
1604,3470,43925,4529,43925,766,65
1604,3470,43926,4529,43926,766,65
1604,3470,43927,4529,43927,766,65
1604,3470,43928,4529,43928,766,65
1604,3470,43929,4529,43929,766,65
1604,3470,43930,4529,43930,766,65
1604,3470,43931,4529,43931,766,65
1604,3470,43932,4529,43932,766,65
1604,3470,43933,4529,43933,766,65
1604,3470,43934,4529,43934,766,65
1604,3470,43935,4529,43935,766,65
1604,3470,43936,4529,43936,766,65
1604,3470,43937,4529,43937,766,65
1604,3470,43938,4529,43938,766,65
1604,3470,43939,4529,43939,766,65
1604,3470,43940,4529,43940,766,65
1604,3470,43941,4529,43941,766,65
1604,3470,43942,4529,43942,766,65
1604,3470,43943,4529,43943,766,65
1604,3470,43944,4529,43944,766,65
1604,3470,43945,4529,43945,766,65
1604,3470,43946,4529,43946,766,65
1604,3470,43947,4529,43947,766,65
1604,3470,43948,4529,43948,766,65
1604,3470,43949,4529,43949,766,65
1604,3470,43950,4529,43950,766,65
1604,3470,43951,4529,43951,766,65
1604,3470,43952,4529,43952,766,65
1604,3470,43953,4529,43953,766,65
1604,3470,43954,4529,43954,766,65
1604,3470,43955,4529,43955,766,65
1604,3470,43956,4529,43956,766,65
1604,3470,43957,4529,43957,766,65
1604,3470,43958,4529,43958,766,65
1604,3470,43959,4529,43959,766,65
1604,3470,43960,4529,43960,766,65
1604,3470,43961,4529,43961,766,65
1604,3470,43962,4529,43962,766,65
1604,3470,43963,4529,43963,766,65
1604,3470,43964,4529,43964,766,65
1604,3470,43965,4529,43965,766,65
1604,3470,43966,4529,43966,766,65
1604,3470,43967,4529,43967,766,65
1604,3470,43968,4529,43968,766,65
1604,3470,43969,4529,43969,766,65
1604,3470,43970,4529,43970,766,65
1604,3470,43971,4529,43971,766,65
1604,3470,43972,4529,43972,766,65
1604,3470,43973,4529,43973,766,65
1604,3470,43974,4529,43974,766,65
1604,3470,43975,4529,43975,766,65
1604,3470,43976,4529,43976,766,65
1604,3470,43977,4529,43977,766,65
1604,3470,43978,4529,43978,766,65
1604,3470,43979,4529,43979,766,65
1604,3470,43980,4529,43980,766,65
1604,3470,43981,4529,43981,766,65
1604,3470,43982,4529,43982,766,65
1604,3470,43983,4529,43983,766,65
1604,3470,43984,4529,43984,766,65
1604,3470,43985,4529,43985,766,65
1604,3470,43986,4529,43986,766,65
1604,3470,43987,4529,43987,766,65
1604,3470,43988,4529,43988,766,65
1604,3470,43989,4529,43989,766,65
1604,3470,43990,4529,43990,766,65
1604,3470,43991,4529,43991,766,65
1604,3470,43992,4529,43992,766,65
1604,3470,43993,4529,43993,766,65
1604,3470,43994,4529,43994,766,65
1604,3470,43995,4529,43995,766,65
1604,3470,43996,4529,43996,766,65
1604,3470,43997,4529,43997,766,65
1604,3470,43998,4529,43998,766,65
1604,3470,43999,4529,43999,766,65
1604,3470,44000,4529,44000,766,65
1604,3470,44001,4529,44001,766,65
1604,3470,44002,4529,44002,766,65
1604,3470,44003,4529,44003,766,65
1604,3470,44004,4529,44004,766,65
1604,3470,44005,4529,44005,766,65
1604,3470,44006,4529,44006,766,65
1604,3470,44007,4529,44007,766,65
1604,3470,44008,4529,44008,766,65
1604,3470,44009,4529,44009,766,65
1604,3470,44010,4529,44010,766,65
1604,3470,44011,4529,44011,766,65
1604,3470,44012,4529,44012,766,65
1604,3470,44013,4529,44013,766,65
1604,3470,44014,4529,44014,766,65
1604,3470,44015,4529,44015,766,65
1604,3470,44016,4529,44016,766,65
1604,3470,44017,4529,44017,766,65
1604,3470,44018,4529,44018,766,65
1604,3470,44019,4529,44019,766,65
1604,3470,44020,4529,44020,766,65
1604,3470,44021,4529,44021,766,65
1604,3470,44022,4529,44022,766,65
1604,3470,44023,4529,44023,766,65
1604,3470,44024,4529,44024,766,65
1604,3470,44025,4529,44025,766,65
1604,3470,44026,4529,44026,766,65
1604,3470,44027,4529,44027,766,65
1604,3470,44028,4529,44028,766,65
1604,3470,44029,4529,44029,766,65
1604,3470,44030,4529,44030,766,65
1604,3470,44031,4529,44031,766,65
1604,3470,44032,4529,44032,766,65
1604,3470,44033,4529,44033,766,65
1604,3470,44034,4529,44034,766,65
1604,3470,44035,4529,44035,766,65
1604,3470,44036,4529,44036,766,65
1604,3470,44037,4529,44037,766,65
1604,3470,44038,4529,44038,766,65
1604,3470,44039,4529,44039,766,65
1604,3470,44040,4529,44040,766,65
1604,3470,44041,4529,44041,766,65
1604,3470,44042,4529,44042,766,65
1604,3470,44043,4529,44043,766,65
1604,3470,44044,4529,44044,766,65
1604,3470,44045,4529,44045,766,65
1604,3470,44046,4529,44046,766,65
1604,3470,44047,4529,44047,766,65
1604,3470,44048,4529,44048,766,65
1604,3470,44049,4529,44049,766,65
1604,3470,44050,4529,44050,766,65
1604,3470,44051,4529,44051,766,65
1604,3470,44052,4529,44052,766,65
1604,3470,44053,4529,44053,766,65
1604,3470,44054,4529,44054,766,65
1604,3470,44055,4529,44055,766,65
1604,3470,44056,4529,44056,766,65
1604,3470,44057,4529,44057,766,65
1604,3470,44058,4529,44058,766,65
1604,3470,44059,4529,44059,766,65
1604,3470,44060,4529,44060,766,65
1604,3470,44061,4529,44061,766,65
1604,3470,44062,4529,44062,766,65
1604,3470,44063,4529,44063,766,65
1604,3470,44064,4529,44064,766,65
1604,3470,44065,4529,44065,766,65
1603,3470,44066,4529,44066,766,65
1603,3470,44067,4529,44067,766,65
1603,3470,44068,4529,44068,766,65
1603,3470,44069,4529,44069,766,65
1603,3470,44070,4529,44070,766,65
1603,3470,44071,4529,44071,766,65
1603,3470,44072,4529,44072,766,65
1603,3470,44073,4529,44073,766,65
1603,3470,44074,4529,44074,766,65
1603,3470,44075,4529,44075,766,65
1603,3470,44076,4529,44076,766,65
1603,3470,44077,4529,44077,766,65
1603,3470,44078,4529,44078,766,65
1603,3470,44079,4529,44079,766,65
1603,3470,44080,4529,44080,766,65
1603,3470,44081,4529,44081,766,65
1603,3470,44082,4529,44082,766,65
1603,3470,44083,4529,44083,766,65
1603,3470,44084,4529,44084,766,65
1603,3470,44085,4529,44085,766,65
1603,3470,44086,4529,44086,766,65
1603,3470,44087,4529,44087,766,65
1603,3470,44088,4529,44088,766,65
1603,3470,44089,4529,44089,766,65
1603,3470,44090,4529,44090,766,65
1603,3470,44091,4529,44091,766,65
1603,3470,44092,4529,44092,766,65
1603,3470,44093,4529,44093,766,65
1603,3470,44094,4529,44094,766,65
1603,3470,44095,4529,44095,766,65
1603,3470,44096,4529,44096,766,65
1603,3470,44097,4529,44097,766,65
1603,3470,44098,4529,44098,766,65
1603,3470,44099,4529,44099,766,65
1603,3470,44100,4529,44100,766,65
1603,3470,44101,4529,44101,766,65
1603,3470,44102,4529,44102,766,65
1603,3470,44103,4529,44103,766,65
1603,3470,44104,4529,44104,766,65
1603,3470,44105,4529,44105,766,65
1603,3470,44106,4529,44106,766,65
1603,3470,44107,4529,44107,766,65
1603,3470,44108,4529,44108,766,65
1603,3470,44109,4529,44109,766,65
1603,3470,44110,4529,44110,766,65
1603,3470,44111,4529,44111,766,65
1603,3470,44112,4529,44112,766,65
1603,3470,44113,4529,44113,766,65
1603,3470,44114,4529,44114,766,65
1603,3470,44115,4529,44115,766,65
1603,3470,44116,4529,44116,766,65
1603,3470,44117,4529,44117,766,65
1603,3470,44118,4529,44118,766,65
1603,3470,44119,4529,44119,766,65
1603,3470,44120,4529,44120,766,65
1603,3470,44121,4529,44121,766,65
1603,3470,44122,4529,44122,766,65
1603,3470,44123,4529,44123,766,65
1603,3470,44124,4529,44124,766,65
1603,3470,44125,4529,44125,766,65
1603,3470,44126,4529,44126,766,65
1603,3470,44127,4529,44127,766,65
1603,3470,44128,4529,44128,766,65
1603,3470,44129,4529,44129,766,65
1603,3470,44130,4529,44130,766,65
1603,3470,44131,4529,44131,766,65
1603,3470,44132,4529,44132,766,65
1603,3470,44133,4529,44133,766,65
1603,3470,44134,4529,44134,766,65
1603,3470,44135,4529,44135,766,65
1603,3470,44136,4529,44136,766,65
1603,3470,44137,4529,44137,766,65
1603,3470,44138,4529,44138,766,65
1603,3470,44139,4529,44139,766,65
1603,3470,44140,4529,44140,766,65
1603,3470,44141,4529,44141,766,65
1603,3470,44142,4529,44142,766,65
1603,3470,44143,4529,44143,766,65
1603,3470,44144,4529,44144,766,65
1603,3470,44145,4529,44145,766,65
1603,3470,44146,4529,44146,766,65
1603,3470,44147,4529,44147,766,65
1603,3470,44148,4529,44148,766,65
1603,3470,44149,4529,44149,766,65
1603,3470,44150,4529,44150,766,65
1603,3470,44151,4529,44151,766,65
1603,3470,44152,4529,44152,766,65
1603,3470,44153,4529,44153,766,65
1603,3470,44154,4529,44154,766,65
1603,3470,44155,4529,44155,766,65
1603,3470,44156,4529,44156,766,65
1603,3470,44157,4529,44157,766,65
1603,3470,44158,4529,44158,766,65
1603,3470,44159,4529,44159,766,65
1603,3470,44160,4529,44160,766,65
1603,3470,44161,4529,44161,766,65
1603,3470,44162,4529,44162,766,65
1603,3470,44163,4529,44163,766,65
1603,3470,44164,4529,44164,766,65
1603,3470,44165,4529,44165,766,65
1603,3470,44166,4529,44166,766,65
1603,3470,44167,4529,44167,766,65
1603,3470,44168,4529,44168,766,65
1603,3470,44169,4529,44169,766,65
1603,3470,44170,4529,44170,766,65
1603,3470,44171,4529,44171,766,65
1603,3470,44172,4529,44172,766,65
1603,3470,44173,4529,44173,766,65
1603,3470,44174,4529,44174,766,65
1603,3470,44175,4529,44175,766,65
1603,3470,44176,4529,44176,766,65
1603,3470,44177,4529,44177,766,65
1603,3470,44178,4529,44178,766,65
1603,3470,44179,4529,44179,766,65
1603,3470,44180,4529,44180,766,65
1603,3470,44181,4529,44181,766,65
1603,3470,44182,4529,44182,766,65
1603,3470,44183,4529,44183,766,65
1603,3470,44184,4529,44184,766,65
1603,3470,44185,4529,44185,766,65
1603,3470,44186,4529,44186,766,65
1603,3470,44187,4529,44187,766,65
1603,3470,44188,4529,44188,766,65
1603,3470,44189,4529,44189,766,65
1603,3470,44190,4529,44190,766,65
1603,3470,44191,4529,44191,766,65
1603,3470,44192,4529,44192,766,65
1603,3470,44193,4529,44193,766,65
1603,3470,44194,4529,44194,766,65
1603,3470,44195,4529,44195,766,65
1603,3470,44196,4529,44196,766,65
1603,3470,44197,4529,44197,766,65
1603,3470,44198,4529,44198,766,65
1602,3470,44199,4529,44199,766,65
1602,3470,44200,4529,44200,766,65
1602,3470,44201,4529,44201,766,65
1602,3470,44202,4529,44202,766,65
1602,3470,44203,4529,44203,766,65
1602,3470,44204,4529,44204,766,65
1602,3470,44205,4529,44205,766,65
1602,3470,44206,4529,44206,766,65
1602,3470,44207,4529,44207,766,65
1602,3470,44208,4529,44208,766,65
1602,3470,44209,4529,44209,766,65
1602,3470,44210,4529,44210,766,65
1602,3470,44211,4529,44211,766,65
1602,3470,44212,4529,44212,766,65
1602,3470,44213,4529,44213,766,65
1602,3470,44214,4529,44214,766,65
1602,3470,44215,4529,44215,766,65
1602,3470,44216,4529,44216,766,65
1602,3470,44217,4529,44217,766,65
1602,3470,44218,4529,44218,766,65
1602,3470,44219,4529,44219,766,65
1602,3470,44220,4529,44220,766,65
1602,3470,44221,4529,44221,766,65
1602,3470,44222,4529,44222,766,65
1602,3470,44223,4529,44223,766,65
1602,3470,44224,4529,44224,766,65
1602,3470,44225,4529,44225,766,65
1602,3470,44226,4529,44226,766,65
1602,3470,44227,4529,44227,766,65
1602,3470,44228,4529,44228,766,65
1602,3470,44229,4529,44229,766,65
1602,3470,44230,4529,44230,766,65
1602,3470,44231,4529,44231,766,65
1602,3470,44232,4529,44232,766,65
1602,3470,44233,4529,44233,766,65
1602,3470,44234,4529,44234,766,65
1602,3470,44235,4529,44235,766,65
1602,3470,44236,4529,44236,766,65
1602,3470,44237,4529,44237,766,65
1602,3470,44238,4529,44238,766,65
1602,3470,44239,4529,44239,766,65
1602,3470,44240,4529,44240,766,65
1602,3470,44241,4529,44241,766,65
1602,3470,44242,4529,44242,766,65
1602,3470,44243,4529,44243,766,65
1602,3470,44244,4529,44244,766,65
1602,3470,44245,4529,44245,766,65
1602,3470,44246,4529,44246,766,65
1602,3470,44247,4529,44247,766,65
1602,3470,44248,4529,44248,766,65
1602,3470,44249,4529,44249,766,65
1602,3470,44250,4529,44250,766,65
1602,3470,44251,4529,44251,766,65
1602,3470,44252,4529,44252,766,65
1602,3470,44253,4529,44253,766,65
1602,3470,44254,4529,44254,766,65
1602,3470,44255,4529,44255,766,65
1602,3470,44256,4529,44256,766,65
1602,3470,44257,4529,44257,766,65
1602,3470,44258,4529,44258,766,65
1602,3470,44259,4529,44259,766,65
1602,3470,44260,4529,44260,766,65
1602,3470,44261,4529,44261,766,65
1602,3470,44262,4529,44262,766,65
1602,3470,44263,4529,44263,766,65
1602,3470,44264,4529,44264,766,65
1602,3470,44265,4529,44265,766,65
1602,3470,44266,4529,44266,766,65
1602,3470,44267,4529,44267,766,65
1602,3470,44268,4529,44268,766,65
1602,3470,44269,4529,44269,766,65
1602,3470,44270,4529,44270,766,65
1602,3470,44271,4529,44271,766,65
1602,3470,44272,4529,44272,766,65
1602,3470,44273,4529,44273,766,65
1602,3470,44274,4529,44274,766,65
1602,3470,44275,4529,44275,766,65
1602,3470,44276,4529,44276,766,65
1602,3470,44277,4529,44277,766,65
1602,3470,44278,4529,44278,766,65
1602,3470,44279,4529,44279,766,65
1602,3470,44280,4529,44280,766,65
1602,3470,44281,4529,44281,766,65
1602,3470,44282,4529,44282,766,65
1602,3470,44283,4529,44283,766,65
1602,3470,44284,4529,44284,766,65
1602,3470,44285,4529,44285,766,65
1602,3470,44286,4529,44286,766,65
1602,3470,44287,4529,44287,766,65
1602,3470,44288,4529,44288,766,65
1602,3470,44289,4529,44289,766,65
1602,3470,44290,4529,44290,766,65
1602,3470,44291,4529,44291,766,65
1602,3470,44292,4529,44292,766,65
1602,3470,44293,4529,44293,766,65
1602,3470,44294,4529,44294,766,65
1602,3470,44295,4529,44295,766,65
1602,3470,44296,4529,44296,766,65
1602,3470,44297,4529,44297,766,65
1602,3470,44298,4529,44298,766,65
1602,3470,44299,4529,44299,766,65
1602,3470,44300,4529,44300,766,65
1602,3470,44301,4529,44301,766,65
1602,3470,44302,4529,44302,766,65
1602,3470,44303,4529,44303,766,65
1602,3470,44304,4529,44304,766,65
1602,3470,44305,4529,44305,766,65
1602,3470,44306,4529,44306,766,65
1602,3470,44307,4529,44307,766,65
1602,3470,44308,4529,44308,766,65
1602,3470,44309,4529,44309,766,65
1602,3470,44310,4529,44310,766,65
1602,3470,44311,4529,44311,766,65
1602,3470,44312,4529,44312,766,65
1602,3470,44313,4529,44313,766,65
1602,3470,44314,4529,44314,766,65
1602,3470,44315,4529,44315,766,65
1602,3470,44316,4529,44316,766,65
1602,3470,44317,4529,44317,766,65
1602,3470,44318,4529,44318,766,65
1602,3470,44319,4529,44319,766,65
1602,3470,44320,4529,44320,766,65
1602,3470,44321,4529,44321,766,65
1602,3470,44322,4529,44322,766,65
1602,3470,44323,4529,44323,766,65
1602,3470,44324,4529,44324,766,65
1602,3470,44325,4529,44325,766,65
1602,3470,44326,4529,44326,766,65
1602,3470,44327,4529,44327,766,65
1602,3470,44328,4529,44328,766,65
1602,3470,44329,4529,44329,766,65
1602,3470,44330,4529,44330,766,65
1602,3470,44331,4529,44331,766,65
1602,3470,44332,4529,44332,766,65
1602,3470,44333,4529,44333,766,65
1602,3470,44334,4529,44334,766,65
1602,3470,44335,4529,44335,766,65
1602,3470,44336,4529,44336,766,65
1602,3470,44337,4529,44337,766,65
1602,3470,44338,4529,44338,766,65
1602,3470,44339,4529,44339,766,65
1602,3470,44340,4529,44340,766,65
1602,3470,44341,4529,44341,766,65
1602,3470,44342,4529,44342,766,65
1602,3470,44343,4529,44343,766,65
1602,3470,44344,4529,44344,766,65
1602,3470,44345,4529,44345,766,65
1602,3470,44346,4529,44346,766,65
1602,3470,44347,4529,44347,766,65
1602,3470,44348,4529,44348,766,65
1602,3470,44349,4529,44349,766,65
1602,3470,44350,4529,44350,766,65
1602,3470,44351,4529,44351,766,65
1602,3470,44352,4529,44352,766,65
1602,3470,44353,4529,44353,766,65
1602,3470,44354,4529,44354,766,65
1602,3470,44355,4529,44355,766,65
1602,3470,44356,4529,44356,766,65
1602,3470,44357,4529,44357,766,65
1602,3470,44358,4529,44358,766,65
1602,3470,44359,4529,44359,766,65
1602,3470,44360,4529,44360,766,65
1602,3470,44361,4529,44361,766,65
1602,3470,44362,4529,44362,766,65
1602,3470,44363,4529,44363,766,65
1602,3470,44364,4529,44364,766,65
1602,3470,44365,4529,44365,766,65
1602,3470,44366,4529,44366,766,65
1602,3470,44367,4529,44367,766,65
1602,3470,44368,4529,44368,766,65
1602,3470,44369,4529,44369,766,65
1602,3470,44370,4529,44370,766,65
1602,3470,44371,4529,44371,766,65
1602,3470,44372,4529,44372,766,65
1602,3470,44373,4529,44373,766,65
1602,3470,44374,4529,44374,766,65
1602,3470,44375,4529,44375,766,65
1602,3470,44376,4529,44376,766,65
1602,3470,44377,4529,44377,766,65
1602,3470,44378,4529,44378,766,65
1602,3470,44379,4529,44379,766,65
1602,3470,44380,4529,44380,766,65
1602,3470,44381,4529,44381,766,65
1602,3470,44382,4529,44382,766,65
1602,3470,44383,4529,44383,766,65
1602,3470,44384,4529,44384,766,65
1602,3470,44385,4529,44385,766,65
1602,3470,44386,4529,44386,766,65
1602,3470,44387,4529,44387,766,65
1602,3470,44388,4529,44388,766,65
1602,3470,44389,4529,44389,766,65
1602,3470,44390,4529,44390,766,65
1602,3470,44391,4529,44391,766,65
1602,3470,44392,4529,44392,766,65
1602,3470,44393,4529,44393,766,65
1602,3470,44394,4529,44394,766,65
1602,3470,44395,4529,44395,766,65
1602,3470,44396,4529,44396,766,65
1602,3470,44397,4529,44397,766,65
1602,3470,44398,4529,44398,766,65
1602,3470,44399,4529,44399,766,65
1602,3470,44400,4529,44400,766,65
1602,3470,44401,4529,44401,766,65
1602,3470,44402,4529,44402,766,65
1602,3470,44403,4529,44403,766,65
1602,3470,44404,4529,44404,766,65
1602,3470,44405,4529,44405,766,65
1602,3470,44406,4529,44406,766,65
1602,3470,44407,4529,44407,766,65
1602,3470,44408,4529,44408,766,65
1602,3470,44409,4529,44409,766,65
1602,3470,44410,4529,44410,766,65
1602,3470,44411,4529,44411,766,65
1602,3470,44412,4529,44412,766,65
1602,3470,44413,4529,44413,766,65
1602,3470,44414,4529,44414,766,65
1602,3470,44415,4529,44415,766,65
1602,3470,44416,4529,44416,766,65
1602,3470,44417,4529,44417,766,65
1602,3470,44418,4529,44418,766,65
1602,3470,44419,4529,44419,766,65
1602,3470,44420,4529,44420,766,65
1602,3470,44421,4529,44421,766,65
1602,3470,44422,4529,44422,766,65
1602,3470,44423,4529,44423,766,65
1602,3470,44424,4529,44424,766,65
1602,3470,44425,4529,44425,766,65
1602,3470,44426,4529,44426,766,65
1602,3470,44427,4529,44427,766,65
1602,3470,44428,4529,44428,766,65
1602,3470,44429,4529,44429,766,65
1602,3470,44430,4529,44430,766,65
1602,3470,44431,4529,44431,766,65
1602,3470,44432,4529,44432,766,65
1602,3470,44433,4529,44433,766,65
1602,3470,44434,4529,44434,766,65
1602,3470,44435,4529,44435,766,65
1602,3470,44436,4529,44436,766,65
1602,3470,44437,4529,44437,766,65
1602,3470,44438,4529,44438,766,65
1602,3470,44439,4529,44439,766,65
1602,3470,44440,4529,44440,766,65
1602,3470,44441,4529,44441,766,65
1602,3470,44442,4529,44442,766,65
1602,3470,44443,4529,44443,766,65
1602,3470,44444,4529,44444,766,65
1602,3470,44445,4529,44445,766,65
1602,3470,44446,4529,44446,766,65
1602,3470,44447,4529,44447,766,65
1602,3470,44448,4529,44448,766,65
1602,3470,44449,4529,44449,766,65
1602,3470,44450,4529,44450,766,65
1602,3470,44451,4529,44451,766,65
1602,3470,44452,4529,44452,766,65
1602,3470,44453,4529,44453,766,65
1602,3470,44454,4529,44454,766,65
1602,3470,44455,4529,44455,766,65
1602,3470,44456,4529,44456,766,65
1602,3470,44457,4529,44457,766,65
1602,3470,44458,4529,44458,766,65
1602,3470,44459,4529,44459,766,65
1602,3470,44460,4529,44460,766,65
1602,3470,44461,4529,44461,766,65
1602,3470,44462,4529,44462,766,65
1602,3470,44463,4529,44463,766,65
1602,3470,44464,4529,44464,766,65
1602,3470,44465,4529,44465,766,65
1602,3470,44466,4529,44466,766,65
1602,3470,44467,4529,44467,766,65
1602,3470,44468,4529,44468,766,65
1602,3470,44469,4529,44469,766,65
1602,3470,44470,4529,44470,766,65
1602,3470,44471,4529,44471,766,65
1602,3470,44472,4529,44472,766,65
1602,3470,44473,4529,44473,766,65
1602,3470,44474,4529,44474,766,65
1602,3470,44475,4529,44475,766,65
1602,3470,44476,4529,44476,766,65
1602,3470,44477,4529,44477,766,65
1602,3470,44478,4529,44478,766,65
1602,3470,44479,4529,44479,766,65
1602,3470,44480,4529,44480,766,65
1602,3470,44481,4529,44481,766,65
1602,3470,44482,4529,44482,766,65
1602,3470,44483,4529,44483,766,65
1602,3470,44484,4529,44484,766,65
1602,3470,44485,4529,44485,766,65
1602,3470,44486,4529,44486,766,65
1602,3470,44487,4529,44487,766,65
1602,3470,44488,4529,44488,766,65
1602,3470,44489,4529,44489,766,65
1602,3470,44490,4529,44490,766,65
1602,3470,44491,4529,44491,766,65
1602,3470,44492,4529,44492,766,65
1602,3470,44493,4529,44493,766,65
1602,3470,44494,4529,44494,766,65
1602,3470,44495,4529,44495,766,65
1602,3470,44496,4529,44496,766,65
1602,3470,44497,4529,44497,766,65
1602,3470,44498,4529,44498,766,65
1602,3470,44499,4529,44499,766,65
1602,3470,44500,4529,44500,766,65
1602,3470,44501,4529,44501,766,65
1602,3470,44502,4529,44502,766,65
1602,3470,44503,4529,44503,766,65
1602,3470,44504,4529,44504,766,65
1602,3470,44505,4529,44505,766,65
1602,3470,44506,4529,44506,766,65
1602,3470,44507,4529,44507,766,65
1602,3470,44508,4529,44508,766,65
1602,3470,44509,4529,44509,766,65
1602,3470,44510,4529,44510,766,65
1602,3470,44511,4529,44511,766,65
1602,3470,44512,4529,44512,766,65
1602,3470,44513,4529,44513,766,65
1602,3470,44514,4529,44514,766,65
1602,3470,44515,4529,44515,766,65
1602,3470,44516,4529,44516,766,65
1602,3470,44517,4529,44517,766,65
1602,3470,44518,4529,44518,766,65
1602,3470,44519,4529,44519,766,65
1602,3470,44520,4529,44520,766,65
1602,3470,44521,4529,44521,766,65
1602,3470,44522,4529,44522,766,65
1602,3470,44523,4529,44523,766,65
1602,3470,44524,4529,44524,766,65
1602,3470,44525,4529,44525,766,65
1602,3470,44526,4529,44526,766,65
1602,3470,44527,4529,44527,766,65
1602,3470,44528,4529,44528,766,65
1602,3470,44529,4529,44529,766,65
1602,3470,44530,4529,44530,766,65
1602,3470,44531,4529,44531,766,65
1602,3470,44532,4529,44532,766,65
1602,3470,44533,4529,44533,766,65
1601,3470,44534,4529,44534,766,65
1601,3470,44535,4529,44535,766,65
1601,3470,44536,4529,44536,766,65
1601,3470,44537,4529,44537,766,65
1601,3470,44538,4529,44538,766,65
1601,3470,44539,4529,44539,766,65
1601,3470,44540,4529,44540,766,65
1601,3470,44541,4529,44541,766,65
1601,3470,44542,4529,44542,766,65
1601,3470,44543,4529,44543,766,65
1601,3470,44544,4529,44544,766,65
1601,3470,44545,4529,44545,766,65
1601,3470,44546,4529,44546,766,65
1601,3470,44547,4529,44547,766,65
1601,3470,44548,4529,44548,766,65
1601,3470,44549,4529,44549,766,65
1601,3470,44550,4529,44550,766,65
1601,3470,44551,4529,44551,766,65
1601,3470,44552,4529,44552,766,65
1601,3470,44553,4529,44553,766,65
1601,3470,44554,4529,44554,766,65
1601,3470,44555,4529,44555,766,65
1601,3470,44556,4529,44556,766,65
1601,3470,44557,4529,44557,766,65
1601,3470,44558,4529,44558,766,65
1601,3470,44559,4529,44559,766,65
1601,3470,44560,4529,44560,766,65
1601,3470,44561,4529,44561,766,65
1601,3470,44562,4529,44562,766,65
1601,3470,44563,4529,44563,766,65
1601,3470,44564,4529,44564,766,65
1601,3470,44565,4529,44565,766,65
1601,3470,44566,4529,44566,766,65
1601,3470,44567,4529,44567,766,65
1601,3470,44568,4529,44568,766,65
1601,3470,44569,4529,44569,766,65
1601,3470,44570,4529,44570,766,65
1601,3470,44571,4529,44571,766,65
1601,3470,44572,4529,44572,766,65
1601,3470,44573,4529,44573,766,65
1601,3470,44574,4529,44574,766,65
1601,3470,44575,4529,44575,766,65
1601,3470,44576,4529,44576,766,65
1601,3470,44577,4529,44577,766,65
1601,3470,44578,4529,44578,766,65
1601,3470,44579,4529,44579,766,65
1601,3470,44580,4529,44580,766,65
1601,3470,44581,4529,44581,766,65
1601,3470,44582,4529,44582,766,65
1601,3470,44583,4529,44583,766,65
1601,3470,44584,4529,44584,766,65
1601,3470,44585,4529,44585,766,65
1601,3470,44586,4529,44586,766,65
1601,3470,44587,4529,44587,766,65
1601,3470,44588,4529,44588,766,65
1601,3470,44589,4529,44589,766,65
1601,3470,44590,4529,44590,766,65
1601,3470,44591,4529,44591,766,65
1601,3470,44592,4529,44592,766,65
1601,3470,44593,4529,44593,766,65
1601,3470,44594,4529,44594,766,65
1601,3470,44595,4529,44595,766,65
1601,3470,44596,4529,44596,766,65
1601,3470,44597,4529,44597,766,65
1601,3470,44598,4529,44598,766,65
1601,3470,44599,4529,44599,766,65
1601,3470,44600,4529,44600,766,65
1601,3470,44601,4529,44601,766,65
1601,3470,44602,4529,44602,766,65
1601,3470,44603,4529,44603,766,65
1601,3470,44604,4529,44604,766,65
1601,3470,44605,4529,44605,766,65
1601,3470,44606,4529,44606,766,65
1601,3470,44607,4529,44607,766,65
1601,3470,44608,4529,44608,766,65
1601,3470,44609,4529,44609,766,65
1601,3470,44610,4529,44610,766,65
1601,3470,44611,4529,44611,766,65
1601,3470,44612,4529,44612,766,65
1601,3470,44613,4529,44613,766,65
1601,3470,44614,4529,44614,766,65
1601,3470,44615,4529,44615,766,65
1601,3470,44616,4529,44616,766,65
1601,3470,44617,4529,44617,766,65
1601,3470,44618,4529,44618,766,65
1601,3470,44619,4529,44619,766,65
1601,3470,44620,4529,44620,766,65
1601,3470,44621,4529,44621,766,65
1601,3470,44622,4529,44622,766,65
1601,3470,44623,4529,44623,766,65
1601,3470,44624,4529,44624,766,65
1601,3470,44625,4529,44625,766,65
1601,3470,44626,4529,44626,766,65
1601,3470,44627,4529,44627,766,65
1601,3470,44628,4529,44628,766,65
1601,3470,44629,4529,44629,766,65
1601,3470,44630,4529,44630,766,65
1601,3470,44631,4529,44631,766,65
1601,3470,44632,4529,44632,766,65
1601,3470,44633,4529,44633,766,65
1601,3470,44634,4529,44634,766,65
1601,3470,44635,4529,44635,766,65
1601,3470,44636,4529,44636,766,65
1601,3470,44637,4529,44637,766,65
1601,3470,44638,4529,44638,766,65
1601,3470,44639,4529,44639,766,65
1601,3470,44640,4529,44640,766,65
1601,3470,44641,4529,44641,766,65
1601,3470,44642,4529,44642,766,65
1601,3470,44643,4529,44643,766,65
1601,3470,44644,4529,44644,766,65
1601,3470,44645,4529,44645,766,65
1601,3470,44646,4529,44646,766,65
1601,3470,44647,4529,44647,766,65
1601,3470,44648,4529,44648,766,65
1601,3470,44649,4529,44649,766,65
1601,3470,44650,4529,44650,766,65
1601,3470,44651,4529,44651,766,65
1601,3470,44652,4529,44652,766,65
1601,3470,44653,4529,44653,766,65
1601,3470,44654,4529,44654,766,65
1601,3470,44655,4529,44655,766,65
1601,3470,44656,4529,44656,766,65
1601,3470,44657,4529,44657,766,65
1601,3470,44658,4529,44658,766,65
1601,3470,44659,4529,44659,766,65
1601,3470,44660,4529,44660,766,65
1601,3470,44661,4529,44661,766,65
1601,3470,44662,4529,44662,766,65
1601,3470,44663,4529,44663,766,65
1601,3470,44664,4529,44664,766,65
1601,3470,44665,4529,44665,766,65
1601,3470,44666,4529,44666,766,65
1601,3470,44667,4529,44667,766,65
1601,3470,44668,4529,44668,766,65
1601,3470,44669,4529,44669,766,65
1601,3470,44670,4529,44670,766,65
1601,3470,44671,4529,44671,766,65
1601,3470,44672,4529,44672,766,65
1601,3470,44673,4529,44673,766,65
1601,3470,44674,4529,44674,766,65
1601,3470,44675,4529,44675,766,65
1601,3470,44676,4529,44676,766,65
1601,3470,44677,4529,44677,766,65
1601,3470,44678,4529,44678,766,65
1601,3470,44679,4529,44679,766,65
1601,3470,44680,4529,44680,766,65
1601,3470,44681,4529,44681,766,65
1601,3470,44682,4529,44682,766,65
1601,3470,44683,4529,44683,766,65
1601,3470,44684,4529,44684,766,65
1601,3470,44685,4529,44685,766,65
1601,3470,44686,4529,44686,766,65
1601,3470,44687,4529,44687,766,65
1601,3470,44688,4529,44688,766,65
1601,3470,44689,4529,44689,766,65
1601,3470,44690,4529,44690,766,65
1601,3470,44691,4529,44691,766,65
1601,3470,44692,4529,44692,766,65
1601,3470,44693,4529,44693,766,65
1601,3470,44694,4529,44694,766,65
1601,3470,44695,4529,44695,766,65
1601,3470,44696,4529,44696,766,65
1601,3470,44697,4529,44697,766,65
1601,3470,44698,4529,44698,766,65
1601,3470,44699,4529,44699,766,65
1601,3470,44700,4529,44700,766,65
1601,3470,44701,4529,44701,766,65
1601,3470,44702,4529,44702,766,65
1601,3470,44703,4529,44703,766,65
1601,3470,44704,4529,44704,766,65
1601,3470,44705,4529,44705,766,65
1601,3470,44706,4529,44706,766,65
1601,3470,44707,4529,44707,766,65
1601,3470,44708,4529,44708,766,65
1601,3470,44709,4529,44709,766,65
1601,3470,44710,4529,44710,766,65
1601,3470,44711,4529,44711,766,65
1601,3470,44712,4529,44712,766,65
1601,3470,44713,4529,44713,766,65
1601,3470,44714,4529,44714,766,65
1601,3470,44715,4529,44715,766,65
1601,3470,44716,4529,44716,766,65
1601,3470,44717,4529,44717,766,65
1601,3470,44718,4529,44718,766,65
1601,3470,44719,4529,44719,766,65
1601,3470,44720,4529,44720,766,65
1601,3470,44721,4529,44721,766,65
1601,3470,44722,4529,44722,766,65
1601,3470,44723,4529,44723,766,65
1601,3470,44724,4529,44724,766,65
1601,3470,44725,4529,44725,766,65
1601,3470,44726,4529,44726,766,65
1601,3470,44727,4529,44727,766,65
1601,3470,44728,4529,44728,766,65
1601,3470,44729,4529,44729,766,65
1601,3470,44730,4529,44730,766,65
1601,3470,44731,4529,44731,766,65
1601,3470,44732,4529,44732,766,65
1601,3470,44733,4529,44733,766,65
1601,3470,44734,4529,44734,766,65
1601,3470,44735,4529,44735,766,65
1601,3470,44736,4529,44736,766,65
1601,3470,44737,4529,44737,766,65
1601,3470,44738,4529,44738,766,65
1601,3470,44739,4529,44739,766,65
1601,3470,44740,4529,44740,766,65
1601,3470,44741,4529,44741,766,65
1601,3470,44742,4529,44742,766,65
1601,3470,44743,4529,44743,766,65
1601,3470,44744,4529,44744,766,65
1601,3470,44745,4529,44745,766,65
1601,3470,44746,4529,44746,766,65
1601,3470,44747,4529,44747,766,65
1601,3470,44748,4529,44748,766,65
1601,3470,44749,4529,44749,766,65
1601,3470,44750,4529,44750,766,65
1601,3470,44751,4529,44751,766,65
1601,3470,44752,4529,44752,766,65
1601,3470,44753,4529,44753,766,65
1601,3470,44754,4529,44754,766,65
1601,3470,44755,4529,44755,766,65
1601,3470,44756,4529,44756,766,65
1601,3470,44757,4529,44757,766,65
1601,3470,44758,4529,44758,766,65
1601,3470,44759,4529,44759,766,65
1601,3470,44760,4529,44760,766,65
1601,3470,44761,4529,44761,766,65
1601,3470,44762,4529,44762,766,65
1601,3470,44763,4529,44763,766,65
1601,3470,44764,4529,44764,766,65
1601,3470,44765,4529,44765,766,65
1601,3470,44766,4529,44766,766,65
1601,3470,44767,4529,44767,766,65
1601,3470,44768,4529,44768,766,65
1601,3470,44769,4529,44769,766,65
1601,3470,44770,4529,44770,766,65
1601,3470,44771,4529,44771,766,65
1601,3470,44772,4529,44772,766,65
1601,3470,44773,4529,44773,766,65
1601,3470,44774,4529,44774,766,65
1601,3470,44775,4529,44775,766,65
1601,3470,44776,4529,44776,766,65
1601,3470,44777,4529,44777,766,65
1601,3470,44778,4529,44778,766,65
1601,3470,44779,4529,44779,766,65
1601,3470,44780,4529,44780,766,65
1601,3470,44781,4529,44781,766,65
1601,3470,44782,4529,44782,766,65
1601,3470,44783,4529,44783,766,65
1601,3470,44784,4529,44784,766,65
1601,3470,44785,4529,44785,766,65
1601,3470,44786,4529,44786,766,65
1601,3470,44787,4529,44787,766,65
1601,3470,44788,4529,44788,766,65
1601,3470,44789,4529,44789,766,65
1601,3470,44790,4529,44790,766,65
1601,3470,44791,4529,44791,766,65
1601,3470,44792,4529,44792,766,65
1601,3470,44793,4529,44793,766,65
1601,3470,44794,4529,44794,766,65
1601,3470,44795,4529,44795,766,65
1601,3470,44796,4529,44796,766,65
1601,3470,44797,4529,44797,766,65
1601,3470,44798,4529,44798,766,65
1601,3470,44799,4529,44799,766,65
1601,3470,44800,4529,44800,766,65
1601,3470,44801,4529,44801,766,65
1601,3470,44802,4529,44802,766,65
1601,3470,44803,4529,44803,766,65
1601,3470,44804,4529,44804,766,65
1601,3470,44805,4529,44805,766,65
1601,3470,44806,4529,44806,766,65
1601,3470,44807,4529,44807,766,65
1601,3470,44808,4529,44808,766,65
1601,3470,44809,4529,44809,766,65
1601,3470,44810,4529,44810,766,65
1601,3470,44811,4529,44811,766,65
1601,3470,44812,4529,44812,766,65
1601,3470,44813,4529,44813,766,65
1601,3470,44814,4529,44814,766,65
1601,3470,44815,4529,44815,766,65
1601,3470,44816,4529,44816,766,65
1601,3470,44817,4529,44817,766,65
1601,3470,44818,4529,44818,766,65
1601,3470,44819,4529,44819,766,65
1601,3470,44820,4529,44820,766,65
1601,3470,44821,4529,44821,766,65
1601,3470,44822,4529,44822,766,65
1601,3470,44823,4529,44823,766,65
1601,3470,44824,4529,44824,766,65
1601,3470,44825,4529,44825,766,65
1601,3470,44826,4529,44826,766,65
1601,3470,44827,4529,44827,766,65
1601,3470,44828,4529,44828,766,65
1601,3470,44829,4529,44829,766,65
1601,3470,44830,4529,44830,766,65
1601,3470,44831,4529,44831,766,65
1601,3470,44832,4529,44832,766,65
1601,3470,44833,4529,44833,766,65
1601,3470,44834,4529,44834,766,65
1601,3470,44835,4529,44835,766,65
1601,3470,44836,4529,44836,766,65
1601,3470,44837,4529,44837,766,65
1601,3470,44838,4529,44838,766,65
1601,3470,44839,4529,44839,766,65
1601,3470,44840,4529,44840,766,65
1601,3470,44841,4529,44841,766,65
1601,3470,44842,4529,44842,766,65
1601,3470,44843,4529,44843,766,65
1601,3470,44844,4529,44844,766,65
1601,3470,44845,4529,44845,766,65
1601,3470,44846,4529,44846,766,65
1601,3470,44847,4529,44847,766,65
1601,3470,44848,4529,44848,766,65
1601,3470,44849,4529,44849,766,65
1601,3470,44850,4529,44850,766,65
1601,3470,44851,4529,44851,766,65
1601,3470,44852,4529,44852,766,65
1601,3470,44853,4529,44853,766,65
1601,3470,44854,4529,44854,766,65
1601,3470,44855,4529,44855,766,65
1601,3470,44856,4529,44856,766,65
1601,3470,44857,4529,44857,766,65
1601,3470,44858,4529,44858,766,65
1601,3470,44859,4529,44859,766,65
1601,3470,44860,4529,44860,766,65
1601,3470,44861,4529,44861,766,65
1601,3470,44862,4529,44862,766,65
1601,3470,44863,4529,44863,766,65
1601,3470,44864,4529,44864,766,65
1601,3470,44865,4529,44865,766,65
1601,3470,44866,4529,44866,766,65
1601,3470,44867,4529,44867,766,65
1601,3470,44868,4529,44868,766,65
1601,3470,44869,4529,44869,766,65
1601,3470,44870,4529,44870,766,65
1601,3470,44871,4529,44871,766,65
1601,3470,44872,4529,44872,766,65
1601,3470,44873,4529,44873,766,65
1601,3470,44874,4529,44874,766,65
1601,3470,44875,4529,44875,766,65
1601,3470,44876,4529,44876,766,65
1601,3470,44877,4529,44877,766,65
1601,3470,44878,4529,44878,766,65
1601,3470,44879,4529,44879,766,65
1601,3470,44880,4529,44880,766,65
1601,3470,44881,4529,44881,766,65
1601,3470,44882,4529,44882,766,65
1601,3470,44883,4529,44883,766,65
1601,3470,44884,4529,44884,766,65
1601,3470,44885,4529,44885,766,65
1601,3470,44886,4529,44886,766,65
1601,3470,44887,4529,44887,766,65
1601,3470,44888,4529,44888,766,65
1601,3470,44889,4529,44889,766,65
1601,3470,44890,4529,44890,766,65
1601,3470,44891,4529,44891,766,65
1601,3470,44892,4529,44892,766,65
1601,3470,44893,4529,44893,766,65
1601,3470,44894,4529,44894,766,65
1601,3470,44895,4529,44895,766,65
1601,3470,44896,4529,44896,766,65
1601,3470,44897,4529,44897,766,65
1601,3470,44898,4529,44898,766,65
1601,3470,44899,4529,44899,766,65
1601,3470,44900,4529,44900,766,65
1601,3470,44901,4529,44901,766,65
1601,3470,44902,4529,44902,766,65
1601,3470,44903,4529,44903,766,65
1601,3470,44904,4529,44904,766,65
1601,3470,44905,4529,44905,766,65
1601,3470,44906,4529,44906,766,65
1601,3470,44907,4529,44907,766,65
1601,3470,44908,4529,44908,766,65
1601,3470,44909,4529,44909,766,65
1601,3470,44910,4529,44910,766,65
1601,3470,44911,4529,44911,766,65
1601,3470,44912,4529,44912,766,65
1601,3470,44913,4529,44913,766,65
1601,3470,44914,4529,44914,766,65
1601,3470,44915,4529,44915,766,65
1601,3470,44916,4529,44916,766,65
1601,3470,44917,4529,44917,766,65
1601,3470,44918,4529,44918,766,65
1601,3470,44919,4529,44919,766,65
1601,3470,44920,4529,44920,766,65
1601,3470,44921,4529,44921,766,65
1601,3470,44922,4529,44922,766,65
1601,3470,44923,4529,44923,766,65
1601,3470,44924,4529,44924,766,65
1601,3470,44925,4529,44925,766,65
1601,3470,44926,4529,44926,766,65
1601,3470,44927,4529,44927,766,65
1601,3470,44928,4529,44928,766,65
1601,3470,44929,4529,44929,766,65
1601,3470,44930,4529,44930,766,65
1601,3470,44931,4529,44931,766,65
1601,3470,44932,4529,44932,766,65
1601,3470,44933,4529,44933,766,65
1601,3470,44934,4529,44934,766,65
1601,3470,44935,4529,44935,766,65
1601,3470,44936,4529,44936,766,65
1601,3470,44937,4529,44937,766,65
1601,3470,44938,4529,44938,766,65
1601,3470,44939,4529,44939,766,65
1601,3470,44940,4529,44940,766,65
1601,3470,44941,4529,44941,766,65
1601,3470,44942,4529,44942,766,65
1601,3470,44943,4529,44943,766,65
1601,3470,44944,4529,44944,766,65
1601,3470,44945,4529,44945,766,65
1601,3470,44946,4529,44946,766,65
1601,3470,44947,4529,44947,766,65
1601,3470,44948,4529,44948,766,65
1601,3470,44949,4529,44949,766,65
1601,3470,44950,4529,44950,766,65
1601,3470,44951,4529,44951,766,65
1601,3470,44952,4529,44952,766,65
1601,3470,44953,4529,44953,766,65
1601,3470,44954,4529,44954,766,65
1601,3470,44955,4529,44955,766,65
1601,3470,44956,4529,44956,766,65
1601,3470,44957,4529,44957,766,65
1601,3470,44958,4529,44958,766,65
1601,3470,44959,4529,44959,766,65
1601,3470,44960,4529,44960,766,65
1601,3470,44961,4529,44961,766,65
1601,3470,44962,4529,44962,766,65
1601,3470,44963,4529,44963,766,65
1601,3470,44964,4529,44964,766,65
1601,3470,44965,4529,44965,766,65
1601,3470,44966,4529,44966,766,65
1601,3470,44967,4529,44967,766,65
1601,3470,44968,4529,44968,766,65
1601,3470,44969,4529,44969,766,65
1601,3470,44970,4529,44970,766,65
1601,3470,44971,4529,44971,766,65
1601,3470,44972,4529,44972,766,65
1601,3470,44973,4529,44973,766,65
1601,3470,44974,4529,44974,766,65
1601,3470,44975,4529,44975,766,65
1601,3470,44976,4529,44976,766,65
1601,3470,44977,4529,44977,766,65
1601,3470,44978,4529,44978,766,65
1601,3470,44979,4529,44979,766,65
1601,3470,44980,4529,44980,766,65
1601,3470,44981,4529,44981,766,65
1601,3470,44982,4529,44982,766,65
1601,3470,44983,4529,44983,766,65
1601,3470,44984,4529,44984,766,65
1601,3470,44985,4529,44985,766,65
1601,3470,44986,4529,44986,766,65
1601,3470,44987,4529,44987,766,65
1601,3470,44988,4529,44988,766,65
1601,3470,44989,4529,44989,766,65
1601,3470,44990,4529,44990,766,65
1601,3470,44991,4529,44991,766,65
1601,3470,44992,4529,44992,766,65
1601,3470,44993,4529,44993,766,65
1601,3470,44994,4529,44994,766,65
1601,3470,44995,4529,44995,766,65
1601,3470,44996,4529,44996,766,65
1601,3470,44997,4529,44997,766,65
1601,3470,44998,4529,44998,766,65
1601,3470,44999,4529,44999,766,65
1601,3470,45000,4529,45000,766,65
1601,3470,45001,4529,45001,766,65
1601,3470,45002,4529,45002,766,65
1601,3470,45003,4529,45003,766,65
1601,3470,45004,4529,45004,766,65
1601,3470,45005,4529,45005,766,65
1601,3470,45006,4529,45006,766,65
1601,3470,45007,4529,45007,766,65
1601,3470,45008,4529,45008,766,65
1601,3470,45009,4529,45009,766,65
1601,3470,45010,4529,45010,766,65
1601,3470,45011,4529,45011,766,65
1601,3470,45012,4529,45012,766,65
1601,3470,45013,4529,45013,766,65
1601,3470,45014,4529,45014,766,65
1601,3470,45015,4529,45015,766,65
1601,3470,45016,4529,45016,766,65
1601,3470,45017,4529,45017,766,65
1601,3470,45018,4529,45018,766,65
1601,3470,45019,4529,45019,766,65
1601,3470,45020,4529,45020,766,65
1601,3470,45021,4529,45021,766,65
1601,3470,45022,4529,45022,766,65
1601,3470,45023,4529,45023,766,65
1601,3470,45024,4529,45024,766,65
1601,3470,45025,4529,45025,766,65
1601,3470,45026,4529,45026,766,65
1601,3470,45027,4529,45027,766,65
1601,3470,45028,4529,45028,766,65
1601,3470,45029,4529,45029,766,65
1601,3470,45030,4529,45030,766,65
1601,3470,45031,4529,45031,766,65
1601,3470,45032,4529,45032,766,65
1601,3470,45033,4529,45033,766,65
1601,3470,45034,4529,45034,766,65
1601,3470,45035,4529,45035,766,65
1601,3470,45036,4529,45036,766,65
1601,3470,45037,4529,45037,766,65
1601,3470,45038,4529,45038,766,65
1602,3470,45039,4529,45039,766,65
1602,3470,45040,4529,45040,766,65
1602,3470,45041,4529,45041,766,65
1602,3470,45042,4529,45042,766,65
1602,3470,45043,4529,45043,766,65
1602,3470,45044,4529,45044,766,65
1602,3470,45045,4529,45045,766,65
1602,3470,45046,4529,45046,766,65
1602,3470,45047,4529,45047,766,65
1602,3470,45048,4529,45048,766,65
1602,3470,45049,4529,45049,766,65
1602,3470,45050,4529,45050,766,65
1602,3470,45051,4529,45051,766,65
1602,3470,45052,4529,45052,766,65
1602,3470,45053,4529,45053,766,65
1602,3470,45054,4529,45054,766,65
1602,3470,45055,4529,45055,766,65
1602,3470,45056,4529,45056,766,65
1602,3470,45057,4529,45057,766,65
1602,3470,45058,4529,45058,766,65
1602,3470,45059,4529,45059,766,65
1602,3470,45060,4529,45060,766,65
1602,3470,45061,4529,45061,766,65
1602,3470,45062,4529,45062,766,65
1602,3470,45063,4529,45063,766,65
1602,3470,45064,4529,45064,766,65
1602,3470,45065,4529,45065,766,65
1602,3470,45066,4529,45066,766,65
1602,3470,45067,4529,45067,766,65
1602,3470,45068,4529,45068,766,65
1602,3470,45069,4529,45069,766,65
1602,3470,45070,4529,45070,766,65
1602,3470,45071,4529,45071,766,65
1602,3470,45072,4529,45072,766,65
1602,3470,45073,4529,45073,766,65
1602,3470,45074,4529,45074,766,65
1602,3470,45075,4529,45075,766,65
1603,3470,45076,4529,45076,766,65
1603,3470,45077,4529,45077,766,65
1603,3470,45078,4529,45078,766,65
1603,3470,45079,4529,45079,766,65
1603,3470,45080,4529,45080,766,65
1603,3470,45081,4529,45081,766,65
1603,3470,45082,4529,45082,766,65
1603,3470,45083,4529,45083,766,65
1603,3470,45084,4529,45084,766,65
1603,3470,45085,4529,45085,766,65
1603,3470,45086,4529,45086,766,65
1603,3470,45087,4529,45087,766,65
1603,3470,45088,4529,45088,766,65
1603,3470,45089,4529,45089,766,65
1603,3470,45090,4529,45090,766,65
1603,3470,45091,4529,45091,766,65
1603,3470,45092,4529,45092,766,65
1603,3470,45093,4529,45093,766,65
1603,3470,45094,4529,45094,766,65
1603,3470,45095,4529,45095,766,65
1603,3470,45096,4529,45096,766,65
1603,3470,45097,4529,45097,766,65
1603,3470,45098,4529,45098,766,65
1603,3470,45099,4529,45099,766,65
1603,3470,45100,4529,45100,766,65
1603,3470,45101,4529,45101,766,65
1603,3470,45102,4529,45102,766,65
1603,3470,45103,4529,45103,766,65
1603,3470,45104,4529,45104,766,65
1603,3470,45105,4529,45105,766,65
1603,3470,45106,4529,45106,766,65
1603,3470,45107,4529,45107,766,65
1603,3470,45108,4529,45108,766,65
1603,3470,45109,4529,45109,766,65
1603,3470,45110,4529,45110,766,65
1603,3470,45111,4529,45111,766,65
1603,3470,45112,4529,45112,766,65
1603,3470,45113,4529,45113,766,65
1603,3470,45114,4529,45114,766,65
1603,3470,45115,4529,45115,766,65
1603,3470,45116,4529,45116,766,65
1603,3470,45117,4529,45117,766,65
1603,3470,45118,4529,45118,766,65
1603,3470,45119,4529,45119,766,65
1603,3470,45120,4529,45120,766,65
1603,3470,45121,4529,45121,766,65
1603,3470,45122,4529,45122,766,65
1603,3470,45123,4529,45123,766,65
1603,3470,45124,4529,45124,766,65
1603,3470,45125,4529,45125,766,65
1603,3470,45126,4529,45126,766,65
1603,3470,45127,4529,45127,766,65
1603,3470,45128,4529,45128,766,65
1603,3470,45129,4529,45129,766,65
1603,3470,45130,4529,45130,766,65
1603,3470,45131,4529,45131,766,65
1603,3470,45132,4529,45132,766,65
1603,3470,45133,4529,45133,766,65
1603,3470,45134,4529,45134,766,65
1603,3470,45135,4529,45135,766,65
1603,3470,45136,4529,45136,766,65
1603,3470,45137,4529,45137,766,65
1603,3470,45138,4529,45138,766,65
1603,3470,45139,4529,45139,766,65
1603,3470,45140,4529,45140,766,65
1603,3470,45141,4529,45141,766,65
1603,3470,45142,4529,45142,766,65
1603,3470,45143,4529,45143,766,65
1603,3470,45144,4529,45144,766,65
1603,3470,45145,4529,45145,766,65
1603,3470,45146,4529,45146,766,65
1603,3470,45147,4529,45147,766,65
1603,3470,45148,4529,45148,766,65
1603,3470,45149,4529,45149,766,65
1603,3470,45150,4529,45150,766,65
1603,3470,45151,4529,45151,766,65
1603,3470,45152,4529,45152,766,65
1603,3470,45153,4529,45153,766,65
1603,3470,45154,4529,45154,766,65
1603,3470,45155,4529,45155,766,65
1603,3470,45156,4529,45156,766,65
1603,3470,45157,4529,45157,766,65
1603,3470,45158,4529,45158,766,65
1603,3470,45159,4529,45159,766,65
1603,3470,45160,4529,45160,766,65
1603,3470,45161,4529,45161,766,65
1603,3470,45162,4529,45162,766,65
1603,3470,45163,4529,45163,766,65
1603,3470,45164,4529,45164,766,65
1603,3470,45165,4529,45165,766,65
1603,3470,45166,4529,45166,766,65
1603,3470,45167,4529,45167,766,65
1603,3470,45168,4529,45168,766,65
1603,3470,45169,4529,45169,766,65
1603,3470,45170,4529,45170,766,65
1603,3470,45171,4529,45171,766,65
1603,3470,45172,4529,45172,766,65
1603,3470,45173,4529,45173,766,65
1603,3470,45174,4529,45174,766,65
1603,3470,45175,4529,45175,766,65
1603,3470,45176,4529,45176,766,65
1603,3470,45177,4529,45177,766,65
1603,3470,45178,4529,45178,766,65
1603,3470,45179,4529,45179,766,65
1603,3470,45180,4529,45180,766,65
1603,3470,45181,4529,45181,766,65
1603,3470,45182,4529,45182,766,65
1603,3470,45183,4529,45183,766,65
1603,3470,45184,4529,45184,766,65
1603,3470,45185,4529,45185,766,65
1603,3470,45186,4529,45186,766,65
1603,3470,45187,4529,45187,766,65
1603,3470,45188,4529,45188,766,65
1603,3470,45189,4529,45189,766,65
1603,3470,45190,4529,45190,766,65
1603,3470,45191,4529,45191,766,65
1603,3470,45192,4529,45192,766,65
1603,3470,45193,4529,45193,766,65
1603,3470,45194,4529,45194,766,65
1603,3470,45195,4529,45195,766,65
1603,3470,45196,4529,45196,766,65
1603,3470,45197,4529,45197,766,65
1603,3470,45198,4529,45198,766,65
1603,3470,45199,4529,45199,766,65
1603,3470,45200,4529,45200,766,65
1603,3470,45201,4529,45201,766,65
1603,3470,45202,4529,45202,766,65
1603,3470,45203,4529,45203,766,65
1603,3470,45204,4529,45204,766,65
1603,3470,45205,4529,45205,766,65
1603,3470,45206,4529,45206,766,65
1603,3470,45207,4529,45207,766,65
1603,3470,45208,4529,45208,766,65
1603,3470,45209,4529,45209,766,65
1603,3470,45210,4529,45210,766,65
1603,3470,45211,4529,45211,766,65
1603,3470,45212,4529,45212,766,65
1603,3470,45213,4529,45213,766,65
1603,3470,45214,4529,45214,766,65
1603,3470,45215,4529,45215,766,65
1603,3470,45216,4529,45216,766,65
1603,3470,45217,4529,45217,766,65
1603,3470,45218,4529,45218,766,65
1603,3470,45219,4529,45219,766,65
1603,3470,45220,4529,45220,766,65
1603,3470,45221,4529,45221,766,65
1603,3470,45222,4529,45222,766,65
1603,3470,45223,4529,45223,766,65
1603,3470,45224,4529,45224,766,65
1603,3470,45225,4529,45225,766,65
1603,3470,45226,4529,45226,766,65
1603,3470,45227,4529,45227,766,65
1603,3470,45228,4529,45228,766,65
1603,3470,45229,4529,45229,766,65
1603,3470,45230,4529,45230,766,65
1603,3470,45231,4529,45231,766,65
1603,3470,45232,4529,45232,766,65
1603,3470,45233,4529,45233,766,65
1603,3470,45234,4529,45234,766,65
1603,3470,45235,4529,45235,766,65
1603,3470,45236,4529,45236,766,65
1603,3470,45237,4529,45237,766,65
1603,3470,45238,4529,45238,766,65
1603,3470,45239,4529,45239,766,65
1603,3470,45240,4529,45240,766,65
1603,3470,45241,4529,45241,766,65
1603,3470,45242,4529,45242,766,65
1603,3470,45243,4529,45243,766,65
1603,3470,45244,4529,45244,766,65
1603,3470,45245,4529,45245,766,65
1603,3470,45246,4529,45246,766,65
1603,3470,45247,4529,45247,766,65
1603,3470,45248,4529,45248,766,65
1603,3470,45249,4529,45249,766,65
1603,3470,45250,4529,45250,766,65
1603,3470,45251,4529,45251,766,65
1603,3470,45252,4529,45252,766,65
1603,3470,45253,4529,45253,766,65
1603,3470,45254,4529,45254,766,65
1603,3470,45255,4529,45255,766,65
1603,3470,45256,4529,45256,766,65
1603,3470,45257,4529,45257,766,65
1603,3470,45258,4529,45258,766,65
1603,3470,45259,4529,45259,766,65
1603,3470,45260,4529,45260,766,65
1603,3470,45261,4529,45261,766,65
1603,3470,45262,4529,45262,766,65
1603,3470,45263,4529,45263,766,65
1603,3470,45264,4529,45264,766,65
1603,3470,45265,4529,45265,766,65
1603,3470,45266,4529,45266,766,65
1603,3470,45267,4529,45267,766,65
1603,3470,45268,4529,45268,766,65
1603,3470,45269,4529,45269,766,65
1603,3470,45270,4529,45270,766,65
1603,3470,45271,4529,45271,766,65
1603,3470,45272,4529,45272,766,65
1603,3470,45273,4529,45273,766,65
1603,3470,45274,4529,45274,766,65
1603,3470,45275,4529,45275,766,65
1603,3470,45276,4529,45276,766,65
1603,3470,45277,4529,45277,766,65
1603,3470,45278,4529,45278,766,65
1603,3470,45279,4529,45279,766,65
1603,3470,45280,4529,45280,766,65
1603,3470,45281,4529,45281,766,65
1603,3470,45282,4529,45282,766,65
1603,3470,45283,4529,45283,766,65
1603,3470,45284,4529,45284,766,65
1603,3470,45285,4529,45285,766,65
1603,3470,45286,4529,45286,766,65
1603,3470,45287,4529,45287,766,65
1603,3470,45288,4529,45288,766,65
1603,3470,45289,4529,45289,766,65
1603,3470,45290,4529,45290,766,65
1603,3470,45291,4529,45291,766,65
1603,3470,45292,4529,45292,766,65
1603,3470,45293,4529,45293,766,65
1603,3470,45294,4529,45294,766,65
1603,3470,45295,4529,45295,766,65
1603,3470,45296,4529,45296,766,65
1603,3470,45297,4529,45297,766,65
1603,3470,45298,4529,45298,766,65
1603,3470,45299,4529,45299,766,65
1603,3470,45300,4529,45300,766,65
1603,3470,45301,4529,45301,766,65
1603,3470,45302,4529,45302,766,65
1603,3470,45303,4529,45303,766,65
1603,3470,45304,4529,45304,766,65
1603,3470,45305,4529,45305,766,65
1603,3470,45306,4529,45306,766,65
1603,3470,45307,4529,45307,766,65
1603,3470,45308,4529,45308,766,65
1603,3470,45309,4529,45309,766,65
1603,3470,45310,4529,45310,766,65
1603,3470,45311,4529,45311,766,65
1603,3470,45312,4529,45312,766,65
1603,3470,45313,4529,45313,766,65
1603,3470,45314,4529,45314,766,65
1603,3470,45315,4529,45315,766,65
1603,3470,45316,4529,45316,766,65
1603,3470,45317,4529,45317,766,65
1603,3470,45318,4529,45318,766,65
1603,3470,45319,4529,45319,766,65
1603,3470,45320,4529,45320,766,65
1603,3470,45321,4529,45321,766,65
1603,3470,45322,4529,45322,766,65
1603,3470,45323,4529,45323,766,65
1603,3470,45324,4529,45324,766,65
1603,3470,45325,4529,45325,766,65
1603,3470,45326,4529,45326,766,65
1603,3470,45327,4529,45327,766,65
1603,3470,45328,4529,45328,766,65
1603,3470,45329,4529,45329,766,65
1603,3470,45330,4529,45330,766,65
1603,3470,45331,4529,45331,766,65
1603,3470,45332,4529,45332,766,65
1603,3470,45333,4529,45333,766,65
1603,3470,45334,4529,45334,766,65
1603,3470,45335,4529,45335,766,65
1603,3470,45336,4529,45336,766,65
1603,3470,45337,4529,45337,766,65
1603,3470,45338,4529,45338,766,65
1603,3470,45339,4529,45339,766,65
1603,3470,45340,4529,45340,766,65
1603,3470,45341,4529,45341,766,65
1603,3470,45342,4529,45342,766,65
1603,3470,45343,4529,45343,766,65
1603,3470,45344,4529,45344,766,65
1602,3470,45345,4529,45345,766,65
1602,3470,45346,4529,45346,766,65
1602,3470,45347,4529,45347,766,65
1602,3470,45348,4529,45348,766,65
1602,3470,45349,4529,45349,766,65
1602,3470,45350,4529,45350,766,65
1602,3470,45351,4529,45351,766,65
1602,3470,45352,4529,45352,766,65
1602,3470,45353,4529,45353,766,65
1602,3470,45354,4529,45354,766,65
1602,3470,45355,4529,45355,766,65
1602,3470,45356,4529,45356,766,65
1602,3470,45357,4529,45357,766,65
1602,3470,45358,4529,45358,766,65
1602,3470,45359,4529,45359,766,65
1602,3470,45360,4529,45360,766,65
1602,3470,45361,4529,45361,766,65
1602,3470,45362,4529,45362,766,65
1602,3470,45363,4529,45363,766,65
1602,3470,45364,4529,45364,766,65
1602,3470,45365,4529,45365,766,65
1602,3470,45366,4529,45366,766,65
1602,3470,45367,4529,45367,766,65
1602,3470,45368,4529,45368,766,65
1602,3470,45369,4529,45369,766,65
1602,3470,45370,4529,45370,766,65
1602,3470,45371,4529,45371,766,65
1602,3470,45372,4529,45372,766,65
1602,3470,45373,4529,45373,766,65
1602,3470,45374,4529,45374,766,65
1602,3470,45375,4529,45375,766,65
1602,3470,45376,4529,45376,766,65
1602,3470,45377,4529,45377,766,65
1602,3470,45378,4529,45378,766,65
1602,3470,45379,4529,45379,766,65
1602,3470,45380,4529,45380,766,65
1602,3470,45381,4529,45381,766,65
1602,3470,45382,4529,45382,766,65
1602,3470,45383,4529,45383,766,65
1602,3470,45384,4529,45384,766,65
1602,3470,45385,4529,45385,766,65
1602,3470,45386,4529,45386,766,65
1602,3470,45387,4529,45387,766,65
1602,3470,45388,4529,45388,766,65
1602,3470,45389,4529,45389,766,65
1602,3470,45390,4529,45390,766,65
1602,3470,45391,4529,45391,766,65
1602,3470,45392,4529,45392,766,65
1602,3470,45393,4529,45393,766,65
1602,3470,45394,4529,45394,766,65
1602,3470,45395,4529,45395,766,65
1602,3470,45396,4529,45396,766,65
1602,3470,45397,4529,45397,766,65
1602,3470,45398,4529,45398,766,65
1602,3470,45399,4529,45399,766,65
1602,3470,45400,4529,45400,766,65
1602,3470,45401,4529,45401,766,65
1602,3470,45402,4529,45402,766,65
1602,3470,45403,4529,45403,766,65
1602,3470,45404,4529,45404,766,65
1602,3470,45405,4529,45405,766,65
1602,3470,45406,4529,45406,766,65
1602,3470,45407,4529,45407,766,65
1602,3470,45408,4529,45408,766,65
1602,3470,45409,4529,45409,766,65
1602,3470,45410,4529,45410,766,65
1602,3470,45411,4529,45411,766,65
1602,3470,45412,4529,45412,766,65
1602,3470,45413,4529,45413,766,65
1602,3470,45414,4529,45414,766,65
1602,3470,45415,4529,45415,766,65
1602,3470,45416,4529,45416,766,65
1602,3470,45417,4529,45417,766,65
1602,3470,45418,4529,45418,766,65
1602,3470,45419,4529,45419,766,65
1602,3470,45420,4529,45420,766,65
1602,3470,45421,4529,45421,766,65
1602,3470,45422,4529,45422,766,65
1602,3470,45423,4529,45423,766,65
1602,3470,45424,4529,45424,766,65
1602,3470,45425,4529,45425,766,65
1602,3470,45426,4529,45426,766,65
1602,3470,45427,4529,45427,766,65
1602,3470,45428,4529,45428,766,65
1602,3470,45429,4529,45429,766,65
1602,3470,45430,4529,45430,766,65
1602,3470,45431,4529,45431,766,65
1602,3470,45432,4529,45432,766,65
1602,3470,45433,4529,45433,766,65
1602,3470,45434,4529,45434,766,65
1602,3470,45435,4529,45435,766,65
1602,3470,45436,4529,45436,766,65
1602,3470,45437,4529,45437,766,65
1602,3470,45438,4529,45438,766,65
1602,3470,45439,4529,45439,766,65
1602,3470,45440,4529,45440,766,65
1602,3470,45441,4529,45441,766,65
1602,3470,45442,4529,45442,766,65
1602,3470,45443,4529,45443,766,65
1602,3470,45444,4529,45444,766,65
1602,3470,45445,4529,45445,766,65
1602,3470,45446,4529,45446,766,65
1602,3470,45447,4529,45447,766,65
1602,3470,45448,4529,45448,766,65
1602,3470,45449,4529,45449,766,65
1602,3470,45450,4529,45450,766,65
1602,3470,45451,4529,45451,766,65
1602,3470,45452,4529,45452,766,65
1602,3470,45453,4529,45453,766,65
1602,3470,45454,4529,45454,766,65
1602,3470,45455,4529,45455,766,65
1602,3470,45456,4529,45456,766,65
1602,3470,45457,4529,45457,766,65
1602,3470,45458,4529,45458,766,65
1602,3470,45459,4529,45459,766,65
1602,3470,45460,4529,45460,766,65
1602,3470,45461,4529,45461,766,65
1602,3470,45462,4529,45462,766,65
1602,3470,45463,4529,45463,766,65
1602,3470,45464,4529,45464,766,65
1602,3470,45465,4529,45465,766,65
1602,3470,45466,4529,45466,766,65
1602,3470,45467,4529,45467,766,65
1602,3470,45468,4529,45468,766,65
1602,3470,45469,4529,45469,766,65
1602,3470,45470,4529,45470,766,65
1602,3470,45471,4529,45471,766,65
1602,3470,45472,4529,45472,766,65
1602,3470,45473,4529,45473,766,65
1602,3470,45474,4529,45474,766,65
1602,3470,45475,4529,45475,766,65
1602,3470,45476,4529,45476,766,65
1602,3470,45477,4529,45477,766,65
1602,3470,45478,4529,45478,766,65
1602,3470,45479,4529,45479,766,65
1602,3470,45480,4529,45480,766,65
1602,3470,45481,4529,45481,766,65
1602,3470,45482,4529,45482,766,65
1602,3470,45483,4529,45483,766,65
1602,3470,45484,4529,45484,766,65
1602,3470,45485,4529,45485,766,65
1602,3470,45486,4529,45486,766,65
1602,3470,45487,4529,45487,766,65
1602,3470,45488,4529,45488,766,65
1602,3470,45489,4529,45489,766,65
1602,3470,45490,4529,45490,766,65
1602,3470,45491,4529,45491,766,65
1602,3470,45492,4529,45492,766,65
1602,3470,45493,4529,45493,766,65
1602,3470,45494,4529,45494,766,65
1602,3470,45495,4529,45495,766,65
1602,3470,45496,4529,45496,766,65
1602,3470,45497,4529,45497,766,65
1602,3470,45498,4529,45498,766,65
1602,3470,45499,4529,45499,766,65
1602,3470,45500,4529,45500,766,65
1602,3470,45501,4529,45501,766,65
1602,3470,45502,4529,45502,766,65
1602,3470,45503,4529,45503,766,65
1602,3470,45504,4529,45504,766,65
1602,3470,45505,4529,45505,766,65
1602,3470,45506,4529,45506,766,65
1602,3470,45507,4529,45507,766,65
1602,3470,45508,4529,45508,766,65
1602,3470,45509,4529,45509,766,65
1602,3470,45510,4529,45510,766,65
1602,3470,45511,4529,45511,766,65
1602,3470,45512,4529,45512,766,65
1602,3470,45513,4529,45513,766,65
1602,3470,45514,4529,45514,766,65
1602,3470,45515,4529,45515,766,65
1602,3470,45516,4529,45516,766,65
1602,3470,45517,4529,45517,766,65
1602,3470,45518,4529,45518,766,65
1602,3470,45519,4529,45519,766,65
1602,3470,45520,4529,45520,766,65
1602,3470,45521,4529,45521,766,65
1602,3470,45522,4529,45522,766,65
1602,3470,45523,4529,45523,766,65
1602,3470,45524,4529,45524,766,65
1602,3470,45525,4529,45525,766,65
1602,3470,45526,4529,45526,766,65
1602,3470,45527,4529,45527,766,65
1602,3470,45528,4529,45528,766,65
1602,3470,45529,4529,45529,766,65
1602,3470,45530,4529,45530,766,65
1602,3470,45531,4529,45531,766,65
1602,3470,45532,4529,45532,766,65
1602,3470,45533,4529,45533,766,65
1602,3470,45534,4529,45534,766,65
1602,3470,45535,4529,45535,766,65
1602,3470,45536,4529,45536,766,65
1602,3470,45537,4529,45537,766,65
1602,3470,45538,4529,45538,766,65
1602,3470,45539,4529,45539,766,65
1602,3470,45540,4529,45540,766,65
1602,3470,45541,4529,45541,766,65
1602,3470,45542,4529,45542,766,65
1602,3470,45543,4529,45543,766,65
1602,3470,45544,4529,45544,766,65
1602,3470,45545,4529,45545,766,65
1602,3470,45546,4529,45546,766,65
1602,3470,45547,4529,45547,766,65
1602,3470,45548,4529,45548,766,65
1602,3470,45549,4529,45549,766,65
1602,3470,45550,4529,45550,766,65
1602,3470,45551,4529,45551,766,65
1602,3470,45552,4529,45552,766,65
1602,3470,45553,4529,45553,766,65
1602,3470,45554,4529,45554,766,65
1602,3470,45555,4529,45555,766,65
1602,3470,45556,4529,45556,766,65
1602,3470,45557,4529,45557,766,65
1602,3470,45558,4529,45558,766,65
1602,3470,45559,4529,45559,766,65
1602,3470,45560,4529,45560,766,65
1602,3470,45561,4529,45561,766,65
1601,3470,45562,4529,45562,766,65
1601,3470,45563,4529,45563,766,65
1601,3470,45564,4529,45564,766,65
1601,3470,45565,4529,45565,766,65
1601,3470,45566,4529,45566,766,65
1601,3470,45567,4529,45567,766,65
1601,3470,45568,4529,45568,766,65
1601,3470,45569,4529,45569,766,65
1601,3470,45570,4529,45570,766,65
1601,3470,45571,4529,45571,766,65
1601,3470,45572,4529,45572,766,65
1601,3470,45573,4529,45573,766,65
1601,3470,45574,4529,45574,766,65
1601,3470,45575,4529,45575,766,65
1601,3470,45576,4529,45576,766,65
1601,3470,45577,4529,45577,766,65
1601,3470,45578,4529,45578,766,65
1601,3470,45579,4529,45579,766,65
1601,3470,45580,4529,45580,766,65
1601,3470,45581,4529,45581,766,65
1601,3470,45582,4529,45582,766,65
1601,3470,45583,4529,45583,766,65
1601,3470,45584,4529,45584,766,65
1601,3470,45585,4529,45585,766,65
1601,3470,45586,4529,45586,766,65
1601,3470,45587,4529,45587,766,65
1601,3470,45588,4529,45588,766,65
1601,3470,45589,4529,45589,766,65
1602,3470,45590,4529,45590,766,65
1602,3470,45591,4529,45591,766,65
1602,3470,45592,4529,45592,766,65
1602,3470,45593,4529,45593,766,65
1602,3470,45594,4529,45594,766,65
1602,3470,45595,4529,45595,766,65
1602,3470,45596,4529,45596,766,65
1602,3470,45597,4529,45597,766,65
1602,3470,45598,4529,45598,766,65
1602,3470,45599,4529,45599,766,65
1602,3470,45600,4529,45600,766,65
1602,3470,45601,4529,45601,766,65
1602,3470,45602,4529,45602,766,65
1602,3470,45603,4529,45603,766,65
1602,3470,45604,4529,45604,766,65
1602,3470,45605,4529,45605,766,65
1602,3470,45606,4529,45606,766,65
1602,3470,45607,4529,45607,766,65
1602,3470,45608,4529,45608,766,65
1602,3470,45609,4529,45609,766,65
1602,3470,45610,4529,45610,766,65
1602,3470,45611,4529,45611,766,65
1602,3470,45612,4529,45612,766,65
1602,3470,45613,4529,45613,766,65
1602,3470,45614,4529,45614,766,65
1602,3470,45615,4529,45615,766,65
1602,3470,45616,4529,45616,766,65
1602,3470,45617,4529,45617,766,65
1602,3470,45618,4529,45618,766,65
1602,3470,45619,4529,45619,766,65
1602,3470,45620,4529,45620,766,65
1602,3470,45621,4529,45621,766,65
1602,3470,45622,4529,45622,766,65
1602,3470,45623,4529,45623,766,65
1602,3470,45624,4529,45624,766,65
1602,3470,45625,4529,45625,766,65
1602,3470,45626,4529,45626,766,65
1602,3470,45627,4529,45627,766,65
1602,3470,45628,4529,45628,766,65
1602,3470,45629,4529,45629,766,65
1602,3470,45630,4529,45630,766,65
1602,3470,45631,4529,45631,766,65
1602,3470,45632,4529,45632,766,65
1602,3470,45633,4529,45633,766,65
1602,3470,45634,4529,45634,766,65
1602,3470,45635,4529,45635,766,65
1602,3470,45636,4529,45636,766,65
1602,3470,45637,4529,45637,766,65
1602,3470,45638,4529,45638,766,65
1602,3470,45639,4529,45639,766,65
1602,3470,45640,4529,45640,766,65
1602,3470,45641,4529,45641,766,65
1602,3470,45642,4529,45642,766,65
1602,3470,45643,4529,45643,766,65
1602,3470,45644,4529,45644,766,65
1602,3470,45645,4529,45645,766,65
1602,3470,45646,4529,45646,766,65
1602,3470,45647,4529,45647,766,65
1602,3470,45648,4529,45648,766,65
1602,3470,45649,4529,45649,766,65
1602,3470,45650,4529,45650,766,65
1602,3470,45651,4529,45651,766,65
1602,3470,45652,4529,45652,766,65
1602,3470,45653,4529,45653,766,65
1602,3470,45654,4529,45654,766,65
1602,3470,45655,4529,45655,766,65
1602,3470,45656,4529,45656,766,65
1602,3470,45657,4529,45657,766,65
1602,3470,45658,4529,45658,766,65
1602,3470,45659,4529,45659,766,65
1602,3470,45660,4529,45660,766,65
1602,3470,45661,4529,45661,766,65
1602,3470,45662,4529,45662,766,65
1602,3470,45663,4529,45663,766,65
1602,3470,45664,4529,45664,766,65
1602,3470,45665,4529,45665,766,65
1602,3470,45666,4529,45666,766,65
1602,3470,45667,4529,45667,766,65
1602,3470,45668,4529,45668,766,65
1602,3470,45669,4529,45669,766,65
1602,3470,45670,4529,45670,766,65
1602,3470,45671,4529,45671,766,65
1602,3470,45672,4529,45672,766,65
1602,3470,45673,4529,45673,766,65
1602,3470,45674,4529,45674,766,65
1602,3470,45675,4529,45675,766,65
1602,3470,45676,4529,45676,766,65
1602,3470,45677,4529,45677,766,65
1602,3470,45678,4529,45678,766,65
1602,3470,45679,4529,45679,766,65
1602,3470,45680,4529,45680,766,65
1602,3470,45681,4529,45681,766,65
1602,3470,45682,4529,45682,766,65
1602,3470,45683,4529,45683,766,65
1602,3470,45684,4529,45684,766,65
1602,3470,45685,4529,45685,766,65
1602,3470,45686,4529,45686,766,65
1602,3470,45687,4529,45687,766,65
1602,3470,45688,4529,45688,766,65
1602,3470,45689,4529,45689,766,65
1602,3470,45690,4529,45690,766,65
1602,3470,45691,4529,45691,766,65
1602,3470,45692,4529,45692,766,65
1602,3470,45693,4529,45693,766,65
1602,3470,45694,4529,45694,766,65
1602,3470,45695,4529,45695,766,65
1602,3470,45696,4529,45696,766,65
1602,3470,45697,4529,45697,766,65
1602,3470,45698,4529,45698,766,65
1602,3470,45699,4529,45699,766,65
1602,3470,45700,4529,45700,766,65
1602,3470,45701,4529,45701,766,65
1602,3470,45702,4529,45702,766,65
1602,3470,45703,4529,45703,766,65
1602,3470,45704,4529,45704,766,65
1602,3470,45705,4529,45705,766,65
1602,3470,45706,4529,45706,766,65
1602,3470,45707,4529,45707,766,65
1602,3470,45708,4529,45708,766,65
1602,3470,45709,4529,45709,766,65
1602,3470,45710,4529,45710,766,65
1602,3470,45711,4529,45711,766,65
1602,3470,45712,4529,45712,766,65
1602,3470,45713,4529,45713,766,65
1602,3470,45714,4529,45714,766,65
1602,3470,45715,4529,45715,766,65
1602,3470,45716,4529,45716,766,65
1602,3470,45717,4529,45717,766,65
1602,3470,45718,4529,45718,766,65
1602,3470,45719,4529,45719,766,65
1602,3470,45720,4529,45720,766,65
1602,3470,45721,4529,45721,766,65
1602,3470,45722,4529,45722,766,65
1602,3470,45723,4529,45723,766,65
1602,3470,45724,4529,45724,766,65
1602,3470,45725,4529,45725,766,65
1602,3470,45726,4529,45726,766,65
1602,3470,45727,4529,45727,766,65
1602,3470,45728,4529,45728,766,65
1602,3470,45729,4529,45729,766,65
1602,3470,45730,4529,45730,766,65
1602,3470,45731,4529,45731,766,65
1602,3470,45732,4529,45732,766,65
1602,3470,45733,4529,45733,766,65
1602,3470,45734,4529,45734,766,65
1602,3470,45735,4529,45735,766,65
1602,3470,45736,4529,45736,766,65
1602,3470,45737,4529,45737,766,65
1602,3470,45738,4529,45738,766,65
1602,3470,45739,4529,45739,766,65
1602,3470,45740,4529,45740,766,65
1602,3470,45741,4529,45741,766,65
1602,3470,45742,4529,45742,766,65
1602,3470,45743,4529,45743,766,65
1602,3470,45744,4529,45744,766,65
1602,3470,45745,4529,45745,766,65
1602,3470,45746,4529,45746,766,65
1602,3470,45747,4529,45747,766,65
1602,3470,45748,4529,45748,766,65
1602,3470,45749,4529,45749,766,65
1602,3470,45750,4529,45750,766,65
1602,3470,45751,4529,45751,766,65
1602,3470,45752,4529,45752,766,65
1602,3470,45753,4529,45753,766,65
1602,3470,45754,4529,45754,766,65
1602,3470,45755,4529,45755,766,65
1602,3470,45756,4529,45756,766,65
1602,3470,45757,4529,45757,766,65
1602,3470,45758,4529,45758,766,65
1602,3470,45759,4529,45759,766,65
1602,3470,45760,4529,45760,766,65
1602,3470,45761,4529,45761,766,65
1602,3470,45762,4529,45762,766,65
1602,3470,45763,4529,45763,766,65
1602,3470,45764,4529,45764,766,65
1602,3470,45765,4529,45765,766,65
1602,3470,45766,4529,45766,766,65
1602,3470,45767,4529,45767,766,65
1602,3470,45768,4529,45768,766,65
1602,3470,45769,4529,45769,766,65
1602,3470,45770,4529,45770,766,65
1602,3470,45771,4529,45771,766,65
1602,3470,45772,4529,45772,766,65
1602,3470,45773,4529,45773,766,65
1602,3470,45774,4529,45774,766,65
1602,3470,45775,4529,45775,766,65
1602,3470,45776,4529,45776,766,65
1602,3470,45777,4529,45777,766,65
1602,3470,45778,4529,45778,766,65
1602,3470,45779,4529,45779,766,65
1602,3470,45780,4529,45780,766,65
1602,3470,45781,4529,45781,766,65
1602,3470,45782,4529,45782,766,65
1602,3470,45783,4529,45783,766,65
1602,3470,45784,4529,45784,766,65
1602,3470,45785,4529,45785,766,65
1602,3470,45786,4529,45786,766,65
1602,3470,45787,4529,45787,766,65
1602,3470,45788,4529,45788,766,65
1602,3470,45789,4529,45789,766,65
1602,3470,45790,4529,45790,766,65
1602,3470,45791,4529,45791,766,65
1602,3470,45792,4529,45792,766,65
1602,3470,45793,4529,45793,766,65
1602,3470,45794,4529,45794,766,65
1602,3470,45795,4529,45795,766,65
1602,3470,45796,4529,45796,766,65
1602,3470,45797,4529,45797,766,65
1602,3470,45798,4529,45798,766,65
1602,3470,45799,4529,45799,766,65
1602,3470,45800,4529,45800,766,65
1602,3470,45801,4529,45801,766,65
1602,3470,45802,4529,45802,766,65
1602,3470,45803,4529,45803,766,65
1602,3470,45804,4529,45804,766,65
1602,3470,45805,4529,45805,766,65
1602,3470,45806,4529,45806,766,65
1602,3470,45807,4529,45807,766,65
1602,3470,45808,4529,45808,766,65
1602,3470,45809,4529,45809,766,65
1602,3470,45810,4529,45810,766,65
1602,3470,45811,4529,45811,766,65
1602,3470,45812,4529,45812,766,65
1602,3470,45813,4529,45813,766,65
1602,3470,45814,4529,45814,766,65
1602,3470,45815,4529,45815,766,65
1602,3470,45816,4529,45816,766,65
1602,3470,45817,4529,45817,766,65
1602,3470,45818,4529,45818,766,65
1602,3470,45819,4529,45819,766,65
1602,3470,45820,4529,45820,766,65
1602,3470,45821,4529,45821,766,65
1602,3470,45822,4529,45822,766,65
1602,3470,45823,4529,45823,766,65
1602,3470,45824,4529,45824,766,65
1602,3470,45825,4529,45825,766,65
1602,3470,45826,4529,45826,766,65
1602,3470,45827,4529,45827,766,65
1602,3470,45828,4529,45828,766,65
1602,3470,45829,4529,45829,766,65
1602,3470,45830,4529,45830,766,65
1602,3470,45831,4529,45831,766,65
1602,3470,45832,4529,45832,766,65
1602,3470,45833,4529,45833,766,65
1602,3470,45834,4529,45834,766,65
1602,3470,45835,4529,45835,766,65
1602,3470,45836,4529,45836,766,65
1602,3470,45837,4529,45837,766,65
1602,3470,45838,4529,45838,766,65
1602,3470,45839,4529,45839,766,65
1602,3470,45840,4529,45840,766,65
1602,3470,45841,4529,45841,766,65
1602,3470,45842,4529,45842,766,65
1602,3470,45843,4529,45843,766,65
1602,3470,45844,4529,45844,766,65
1602,3470,45845,4529,45845,766,65
1602,3470,45846,4529,45846,766,65
1602,3470,45847,4529,45847,766,65
1602,3470,45848,4529,45848,766,65
1602,3470,45849,4529,45849,766,65
1602,3470,45850,4529,45850,766,65
1602,3470,45851,4529,45851,766,65
1602,3470,45852,4529,45852,766,65
1602,3470,45853,4529,45853,766,65
1602,3470,45854,4529,45854,766,65
1602,3470,45855,4529,45855,766,65
1602,3470,45856,4529,45856,766,65
1603,3470,45857,4529,45857,766,65
1603,3470,45858,4529,45858,766,65
1603,3470,45859,4529,45859,766,65
1603,3470,45860,4529,45860,766,65
1603,3470,45861,4529,45861,766,65
1603,3470,45862,4529,45862,766,65
1603,3470,45863,4529,45863,766,65
1603,3470,45864,4529,45864,766,65
1603,3470,45865,4529,45865,766,65
1603,3470,45866,4529,45866,766,65
1603,3470,45867,4529,45867,766,65
1603,3470,45868,4529,45868,766,65
1603,3470,45869,4529,45869,766,65
1603,3470,45870,4529,45870,766,65
1603,3470,45871,4529,45871,766,65
1603,3470,45872,4529,45872,766,65
1603,3470,45873,4529,45873,766,65
1603,3470,45874,4529,45874,766,65
1603,3470,45875,4529,45875,766,65
1603,3470,45876,4529,45876,766,65
1603,3470,45877,4529,45877,766,65
1603,3470,45878,4529,45878,766,65
1603,3470,45879,4529,45879,766,65
1603,3470,45880,4529,45880,766,65
1603,3470,45881,4529,45881,766,65
1603,3470,45882,4529,45882,766,65
1603,3470,45883,4529,45883,766,65
1603,3470,45884,4529,45884,766,65
1603,3470,45885,4529,45885,766,65
1603,3470,45886,4529,45886,766,65
1603,3470,45887,4529,45887,766,65
1603,3470,45888,4529,45888,766,65
1603,3470,45889,4529,45889,766,65
1603,3470,45890,4529,45890,766,65
1603,3470,45891,4529,45891,766,65
1603,3470,45892,4529,45892,766,65
1603,3470,45893,4529,45893,766,65
1603,3470,45894,4529,45894,766,65
1603,3470,45895,4529,45895,766,65
1603,3470,45896,4529,45896,766,65
1603,3470,45897,4529,45897,766,65
1603,3470,45898,4529,45898,766,65
1603,3470,45899,4529,45899,766,65
1603,3470,45900,4529,45900,766,65
1603,3470,45901,4529,45901,766,65
1603,3470,45902,4529,45902,766,65
1603,3470,45903,4529,45903,766,65
1603,3470,45904,4529,45904,766,65
1603,3470,45905,4529,45905,766,65
1603,3470,45906,4529,45906,766,65
1603,3470,45907,4529,45907,766,65
1603,3470,45908,4529,45908,766,65
1603,3470,45909,4529,45909,766,65
1603,3470,45910,4529,45910,766,65
1603,3470,45911,4529,45911,766,65
1603,3470,45912,4529,45912,766,65
1603,3470,45913,4529,45913,766,65
1603,3470,45914,4529,45914,766,65
1603,3470,45915,4529,45915,766,65
1603,3470,45916,4529,45916,766,65
1603,3470,45917,4529,45917,766,65
1603,3470,45918,4529,45918,766,65
1603,3470,45919,4529,45919,766,65
1603,3470,45920,4529,45920,766,65
1603,3470,45921,4529,45921,766,65
1603,3470,45922,4529,45922,766,65
1603,3470,45923,4529,45923,766,65
1603,3470,45924,4529,45924,766,65
1603,3470,45925,4529,45925,766,65
1603,3470,45926,4529,45926,766,65
1603,3470,45927,4529,45927,766,65
1603,3470,45928,4529,45928,766,65
1603,3470,45929,4529,45929,766,65
1603,3470,45930,4529,45930,766,65
1603,3470,45931,4529,45931,766,65
1603,3470,45932,4529,45932,766,65
1603,3470,45933,4529,45933,766,65
1603,3470,45934,4529,45934,766,65
1603,3470,45935,4529,45935,766,65
1603,3470,45936,4529,45936,766,65
1603,3470,45937,4529,45937,766,65
1603,3470,45938,4529,45938,766,65
1603,3470,45939,4529,45939,766,65
1603,3470,45940,4529,45940,766,65
1603,3470,45941,4529,45941,766,65
1603,3470,45942,4529,45942,766,65
1603,3470,45943,4529,45943,766,65
1603,3470,45944,4529,45944,766,65
1603,3470,45945,4529,45945,766,65
1603,3470,45946,4529,45946,766,65
1603,3470,45947,4529,45947,766,65
1603,3470,45948,4529,45948,766,65
1603,3470,45949,4529,45949,766,65
1603,3470,45950,4529,45950,766,65
1603,3470,45951,4529,45951,766,65
1603,3470,45952,4529,45952,766,65
1603,3470,45953,4529,45953,766,65
1603,3470,45954,4529,45954,766,65
1603,3470,45955,4529,45955,766,65
1603,3470,45956,4529,45956,766,65
1603,3470,45957,4529,45957,766,65
1603,3470,45958,4529,45958,766,65
1603,3470,45959,4529,45959,766,65
1603,3470,45960,4529,45960,766,65
1603,3470,45961,4529,45961,766,65
1603,3470,45962,4529,45962,766,65
1603,3470,45963,4529,45963,766,65
1603,3470,45964,4529,45964,766,65
1603,3470,45965,4529,45965,766,65
1603,3470,45966,4529,45966,766,65
1603,3470,45967,4529,45967,766,65
1603,3470,45968,4529,45968,766,65
1603,3470,45969,4529,45969,766,65
1603,3470,45970,4529,45970,766,65
1603,3470,45971,4529,45971,766,65
1603,3470,45972,4529,45972,766,65
1603,3470,45973,4529,45973,766,65
1603,3470,45974,4529,45974,766,65
1603,3470,45975,4529,45975,766,65
1603,3470,45976,4529,45976,766,65
1603,3470,45977,4529,45977,766,65
1603,3470,45978,4529,45978,766,65
1603,3470,45979,4529,45979,766,65
1603,3470,45980,4529,45980,766,65
1603,3470,45981,4529,45981,766,65
1603,3470,45982,4529,45982,766,65
1603,3470,45983,4529,45983,766,65
1603,3470,45984,4529,45984,766,65
1603,3470,45985,4529,45985,766,65
1603,3470,45986,4529,45986,766,65
1603,3470,45987,4529,45987,766,65
1603,3470,45988,4529,45988,766,65
1603,3470,45989,4529,45989,766,65
1603,3470,45990,4529,45990,766,65
1603,3470,45991,4529,45991,766,65
1603,3470,45992,4529,45992,766,65
1603,3470,45993,4529,45993,766,65
1603,3470,45994,4529,45994,766,65
1603,3470,45995,4529,45995,766,65
1603,3470,45996,4529,45996,766,65
1603,3470,45997,4529,45997,766,65
1603,3470,45998,4529,45998,766,65
1603,3470,45999,4529,45999,766,65
1603,3470,46000,4529,46000,766,65
1603,3470,46001,4529,46001,766,65
1603,3470,46002,4529,46002,766,65
1603,3470,46003,4529,46003,766,65
1603,3470,46004,4529,46004,766,65
1603,3470,46005,4529,46005,766,65
1603,3470,46006,4529,46006,766,65
1604,3470,46007,4529,46007,766,65
1604,3470,46008,4529,46008,766,65
1604,3470,46009,4529,46009,766,65
1604,3470,46010,4529,46010,766,65
1604,3470,46011,4529,46011,766,65
1604,3470,46012,4529,46012,766,65
1604,3470,46013,4529,46013,766,65
1604,3470,46014,4529,46014,766,65
1604,3470,46015,4529,46015,766,65
1604,3470,46016,4529,46016,766,65
1604,3470,46017,4529,46017,766,65
1604,3470,46018,4529,46018,766,65
1604,3470,46019,4529,46019,766,65
1604,3470,46020,4529,46020,766,65
1604,3470,46021,4529,46021,766,65
1604,3470,46022,4529,46022,766,65
1604,3470,46023,4529,46023,766,65
1604,3470,46024,4529,46024,766,65
1604,3470,46025,4529,46025,766,65
1604,3470,46026,4529,46026,766,65
1604,3470,46027,4529,46027,766,65
1604,3470,46028,4529,46028,766,65
1604,3470,46029,4529,46029,766,65
1604,3470,46030,4529,46030,766,65
1604,3470,46031,4529,46031,766,65
1604,3470,46032,4529,46032,766,65
1604,3470,46033,4529,46033,766,65
1604,3470,46034,4529,46034,766,65
1604,3470,46035,4529,46035,766,65
1604,3470,46036,4529,46036,766,65
1604,3470,46037,4529,46037,766,65
1604,3470,46038,4529,46038,766,65
1604,3470,46039,4529,46039,766,65
1604,3470,46040,4529,46040,766,65
1604,3470,46041,4529,46041,766,65
1604,3470,46042,4529,46042,766,65
1604,3470,46043,4529,46043,766,65
1604,3470,46044,4529,46044,766,65
1604,3470,46045,4529,46045,766,65
1604,3470,46046,4529,46046,766,65
1604,3470,46047,4529,46047,766,65
1604,3470,46048,4529,46048,766,65
1604,3470,46049,4529,46049,766,65
1604,3470,46050,4529,46050,766,65
1604,3470,46051,4529,46051,766,65
1604,3470,46052,4529,46052,766,65
1604,3470,46053,4529,46053,766,65
1604,3470,46054,4529,46054,766,65
1604,3470,46055,4529,46055,766,65
1604,3470,46056,4529,46056,766,65
1604,3470,46057,4529,46057,766,65
1604,3470,46058,4529,46058,766,65
1604,3470,46059,4529,46059,766,65
1604,3470,46060,4529,46060,766,65
1604,3470,46061,4529,46061,766,65
1604,3470,46062,4529,46062,766,65
1604,3470,46063,4529,46063,766,65
1604,3470,46064,4529,46064,766,65
1604,3470,46065,4529,46065,766,65
1604,3470,46066,4529,46066,766,65
1604,3470,46067,4529,46067,766,65
1604,3470,46068,4529,46068,766,65
1604,3470,46069,4529,46069,766,65
1604,3470,46070,4529,46070,766,65
1604,3470,46071,4529,46071,766,65
1604,3470,46072,4529,46072,766,65
1604,3470,46073,4529,46073,766,65
1604,3470,46074,4529,46074,766,65
1604,3470,46075,4529,46075,766,65
1604,3470,46076,4529,46076,766,65
1604,3470,46077,4529,46077,766,65
1604,3470,46078,4529,46078,766,65
1604,3470,46079,4529,46079,766,65
1604,3470,46080,4529,46080,766,65
1604,3470,46081,4529,46081,766,65
1604,3470,46082,4529,46082,766,65
1604,3470,46083,4529,46083,766,65
1604,3470,46084,4529,46084,766,65
1604,3470,46085,4529,46085,766,65
1604,3470,46086,4529,46086,766,65
1604,3470,46087,4529,46087,766,65
1604,3470,46088,4529,46088,766,65
1604,3470,46089,4529,46089,766,65
1604,3470,46090,4529,46090,766,65
1604,3470,46091,4529,46091,766,65
1604,3470,46092,4529,46092,766,65
1604,3470,46093,4529,46093,766,65
1604,3470,46094,4529,46094,766,65
1604,3470,46095,4529,46095,766,65
1604,3470,46096,4529,46096,766,65
1604,3470,46097,4529,46097,766,65
1604,3470,46098,4529,46098,766,65
1604,3470,46099,4529,46099,766,65
1604,3470,46100,4529,46100,766,65
1604,3470,46101,4529,46101,766,65
1604,3470,46102,4529,46102,766,65
1604,3470,46103,4529,46103,766,65
1604,3470,46104,4529,46104,766,65
1604,3470,46105,4529,46105,766,65
1604,3470,46106,4529,46106,766,65
1604,3470,46107,4529,46107,766,65
1604,3470,46108,4529,46108,766,65
1604,3470,46109,4529,46109,766,65
1604,3470,46110,4529,46110,766,65
1604,3470,46111,4529,46111,766,65
1604,3470,46112,4529,46112,766,65
1604,3470,46113,4529,46113,766,65
1604,3470,46114,4529,46114,766,65
1604,3470,46115,4529,46115,766,65
1604,3470,46116,4529,46116,766,65
1604,3470,46117,4529,46117,766,65
1604,3470,46118,4529,46118,766,65
1604,3470,46119,4529,46119,766,65
1604,3470,46120,4529,46120,766,65
1604,3470,46121,4529,46121,766,65
1604,3470,46122,4529,46122,766,65
1604,3470,46123,4529,46123,766,65
1604,3470,46124,4529,46124,766,65
1604,3470,46125,4529,46125,766,65
1604,3470,46126,4529,46126,766,65
1604,3470,46127,4529,46127,766,65
1604,3470,46128,4529,46128,766,65
1604,3470,46129,4529,46129,766,65
1604,3470,46130,4529,46130,766,65
1604,3470,46131,4529,46131,766,65
1604,3470,46132,4529,46132,766,65
1604,3470,46133,4529,46133,766,65
1604,3470,46134,4529,46134,766,65
1604,3470,46135,4529,46135,766,65
1604,3470,46136,4529,46136,766,65
1604,3470,46137,4529,46137,766,65
1604,3470,46138,4529,46138,766,65
1604,3470,46139,4529,46139,766,65
1604,3470,46140,4529,46140,766,65
1604,3470,46141,4529,46141,766,65
1604,3470,46142,4529,46142,766,65
1604,3470,46143,4529,46143,766,65
1604,3470,46144,4529,46144,766,65
1604,3470,46145,4529,46145,766,65
1604,3470,46146,4529,46146,766,65
1604,3470,46147,4529,46147,766,65
1604,3470,46148,4529,46148,766,65
1604,3470,46149,4529,46149,766,65
1604,3470,46150,4529,46150,766,65
1604,3470,46151,4529,46151,766,65
1604,3470,46152,4529,46152,766,65
1604,3470,46153,4529,46153,766,65
1604,3470,46154,4529,46154,766,65
1604,3470,46155,4529,46155,766,65
1604,3470,46156,4529,46156,766,65
1604,3470,46157,4529,46157,766,65
1604,3470,46158,4529,46158,766,65
1604,3470,46159,4529,46159,766,65
1604,3470,46160,4529,46160,766,65
1604,3470,46161,4529,46161,766,65
1604,3470,46162,4529,46162,766,65
1604,3470,46163,4529,46163,766,65
1604,3470,46164,4529,46164,766,65
1604,3470,46165,4529,46165,766,65
1604,3470,46166,4529,46166,766,65
1604,3470,46167,4529,46167,766,65
1604,3470,46168,4529,46168,766,65
1604,3470,46169,4529,46169,766,65
1604,3470,46170,4529,46170,766,65
1604,3470,46171,4529,46171,766,65
1604,3470,46172,4529,46172,766,65
1604,3470,46173,4529,46173,766,65
1604,3470,46174,4529,46174,766,65
1604,3470,46175,4529,46175,766,65
1604,3470,46176,4529,46176,766,65
1604,3470,46177,4529,46177,766,65
1604,3470,46178,4529,46178,766,65
1604,3470,46179,4529,46179,766,65
1604,3470,46180,4529,46180,766,65
1604,3470,46181,4529,46181,766,65
1604,3470,46182,4529,46182,766,65
1604,3470,46183,4529,46183,766,65
1604,3470,46184,4529,46184,766,65
1604,3470,46185,4529,46185,766,65
1604,3470,46186,4529,46186,766,65
1604,3470,46187,4529,46187,766,65
1604,3470,46188,4529,46188,766,65
1604,3470,46189,4529,46189,766,65
1604,3470,46190,4529,46190,766,65
1604,3470,46191,4529,46191,766,65
1604,3470,46192,4529,46192,766,65
1604,3470,46193,4529,46193,766,65
1604,3470,46194,4529,46194,766,65
1604,3470,46195,4529,46195,766,65
1604,3470,46196,4529,46196,766,65
1604,3470,46197,4529,46197,766,65
1604,3470,46198,4529,46198,766,65
1604,3470,46199,4529,46199,766,65
1604,3470,46200,4529,46200,766,65
1604,3470,46201,4529,46201,766,65
1604,3470,46202,4529,46202,766,65
1604,3470,46203,4529,46203,766,65
1604,3470,46204,4529,46204,766,65
1604,3470,46205,4529,46205,766,65
1604,3470,46206,4529,46206,766,65
1604,3470,46207,4529,46207,766,65
1604,3470,46208,4529,46208,766,65
1604,3470,46209,4529,46209,766,65
1604,3470,46210,4529,46210,766,65
1604,3470,46211,4529,46211,766,65
1604,3470,46212,4529,46212,766,65
1604,3470,46213,4529,46213,766,65
1604,3470,46214,4529,46214,766,65
1604,3470,46215,4529,46215,766,65
1604,3470,46216,4529,46216,766,65
1604,3470,46217,4529,46217,766,65
1604,3470,46218,4529,46218,766,65
1604,3470,46219,4529,46219,766,65
1604,3470,46220,4529,46220,766,65
1604,3470,46221,4529,46221,766,65
1604,3470,46222,4529,46222,766,65
1604,3470,46223,4529,46223,766,65
1604,3470,46224,4529,46224,766,65
1604,3470,46225,4529,46225,766,65
1604,3470,46226,4529,46226,766,65
1604,3470,46227,4529,46227,766,65
1604,3470,46228,4529,46228,766,65
1604,3470,46229,4529,46229,766,65
1604,3470,46230,4529,46230,766,65
1604,3470,46231,4529,46231,766,65
1604,3470,46232,4529,46232,766,65
1604,3470,46233,4529,46233,766,65
1604,3470,46234,4529,46234,766,65
1604,3470,46235,4529,46235,766,65
1604,3470,46236,4529,46236,766,65
1604,3470,46237,4529,46237,766,65
1604,3470,46238,4529,46238,766,65
1604,3470,46239,4529,46239,766,65
1604,3470,46240,4529,46240,766,65
1604,3470,46241,4529,46241,766,65
1604,3470,46242,4529,46242,766,65
1604,3470,46243,4529,46243,766,65
1604,3470,46244,4529,46244,766,65
1604,3470,46245,4529,46245,766,65
1604,3470,46246,4529,46246,766,65
1604,3470,46247,4529,46247,766,65
1604,3470,46248,4529,46248,766,65
1604,3470,46249,4529,46249,766,65
1604,3470,46250,4529,46250,766,65
1604,3470,46251,4529,46251,766,65
1604,3470,46252,4529,46252,766,65
1604,3470,46253,4529,46253,766,65
1604,3470,46254,4529,46254,766,65
1604,3470,46255,4529,46255,766,65
1604,3470,46256,4529,46256,766,65
1604,3470,46257,4529,46257,766,65
1604,3470,46258,4529,46258,766,65
1604,3470,46259,4529,46259,766,65
1604,3470,46260,4529,46260,766,65
1604,3470,46261,4529,46261,766,65
1604,3470,46262,4529,46262,766,65
1604,3470,46263,4529,46263,766,65
1604,3470,46264,4529,46264,766,65
1604,3470,46265,4529,46265,766,65
1604,3470,46266,4529,46266,766,65
1604,3470,46267,4529,46267,766,65
1604,3470,46268,4529,46268,766,65
1604,3470,46269,4529,46269,766,65
1604,3470,46270,4529,46270,766,65
1604,3470,46271,4529,46271,766,65
1604,3470,46272,4529,46272,766,65
1604,3470,46273,4529,46273,766,65
1604,3470,46274,4529,46274,766,65
1604,3470,46275,4529,46275,766,65
1604,3470,46276,4529,46276,766,65
1604,3470,46277,4529,46277,766,65
1604,3470,46278,4529,46278,766,65
1604,3470,46279,4529,46279,766,65
1604,3470,46280,4529,46280,766,65
1604,3470,46281,4529,46281,766,65
1604,3470,46282,4529,46282,766,65
1604,3470,46283,4529,46283,766,65
1604,3470,46284,4529,46284,766,65
1604,3470,46285,4529,46285,766,65
1604,3470,46286,4529,46286,766,65
1604,3470,46287,4529,46287,766,65
1604,3470,46288,4529,46288,766,65
1604,3470,46289,4529,46289,766,65
1604,3470,46290,4529,46290,766,65
1604,3470,46291,4529,46291,766,65
1604,3470,46292,4529,46292,766,65
1604,3470,46293,4529,46293,766,65
1604,3470,46294,4529,46294,766,65
1604,3470,46295,4529,46295,766,65
1604,3470,46296,4529,46296,766,65
1604,3470,46297,4529,46297,766,65
1604,3470,46298,4529,46298,766,65
1604,3470,46299,4529,46299,766,65
1604,3470,46300,4529,46300,766,65
1604,3470,46301,4529,46301,766,65
1604,3470,46302,4529,46302,766,65
1604,3470,46303,4529,46303,766,65
1604,3470,46304,4529,46304,766,65
1604,3470,46305,4529,46305,766,65
1604,3470,46306,4529,46306,766,65
1604,3470,46307,4529,46307,766,65
1604,3470,46308,4529,46308,766,65
1604,3470,46309,4529,46309,766,65
1604,3470,46310,4529,46310,766,65
1604,3470,46311,4529,46311,766,65
1604,3470,46312,4529,46312,766,65
1604,3470,46313,4529,46313,766,65
1604,3470,46314,4529,46314,766,65
1604,3470,46315,4529,46315,766,65
1604,3470,46316,4529,46316,766,65
1604,3470,46317,4529,46317,766,65
1604,3470,46318,4529,46318,766,65
1604,3470,46319,4529,46319,766,65
1604,3470,46320,4529,46320,766,65
1604,3470,46321,4529,46321,766,65
1604,3470,46322,4529,46322,766,65
1604,3470,46323,4529,46323,766,65
1604,3470,46324,4529,46324,766,65
1604,3470,46325,4529,46325,766,65
1604,3470,46326,4529,46326,766,65
1604,3470,46327,4529,46327,766,65
1604,3470,46328,4529,46328,766,65
1604,3470,46329,4529,46329,766,65
1604,3470,46330,4529,46330,766,65
1604,3470,46331,4529,46331,766,65
1604,3470,46332,4529,46332,766,65
1604,3470,46333,4529,46333,766,65
1604,3470,46334,4529,46334,766,65
1604,3470,46335,4529,46335,766,65
1604,3470,46336,4529,46336,766,65
1604,3470,46337,4529,46337,766,65
1604,3470,46338,4529,46338,766,65
1604,3470,46339,4529,46339,766,65
1604,3470,46340,4529,46340,766,65
1604,3470,46341,4529,46341,766,65
1604,3470,46342,4529,46342,766,65
1604,3470,46343,4529,46343,766,65
1604,3470,46344,4529,46344,766,65
1604,3470,46345,4529,46345,766,65
1604,3470,46346,4529,46346,766,65
1604,3470,46347,4529,46347,766,65
1604,3470,46348,4529,46348,766,65
1604,3470,46349,4529,46349,766,65
1604,3470,46350,4529,46350,766,65
1604,3470,46351,4529,46351,766,65
1604,3470,46352,4529,46352,766,65
1604,3470,46353,4529,46353,766,65
1604,3470,46354,4529,46354,766,65
1604,3470,46355,4529,46355,766,65
1604,3470,46356,4529,46356,766,65
1604,3470,46357,4529,46357,766,65
1604,3470,46358,4529,46358,766,65
1604,3470,46359,4529,46359,766,65
1604,3470,46360,4529,46360,766,65
1604,3470,46361,4529,46361,766,65
1604,3470,46362,4529,46362,766,65
1604,3470,46363,4529,46363,766,65
1604,3470,46364,4529,46364,766,65
1604,3470,46365,4529,46365,766,65
1604,3470,46366,4529,46366,766,65
1604,3470,46367,4529,46367,766,65
1604,3470,46368,4529,46368,766,65
1604,3470,46369,4529,46369,766,65
1604,3470,46370,4529,46370,766,65
1604,3470,46371,4529,46371,766,65
1604,3470,46372,4529,46372,766,65
1604,3470,46373,4529,46373,766,65
1604,3470,46374,4529,46374,766,65
1604,3470,46375,4529,46375,766,65
1604,3470,46376,4529,46376,766,65
1604,3470,46377,4529,46377,766,65
1604,3470,46378,4529,46378,766,65
1604,3470,46379,4529,46379,766,65
1604,3470,46380,4529,46380,766,65
1604,3470,46381,4529,46381,766,65
1604,3470,46382,4529,46382,766,65
1604,3470,46383,4529,46383,766,65
1604,3470,46384,4529,46384,766,65
1604,3470,46385,4529,46385,766,65
1604,3470,46386,4529,46386,766,65
1604,3470,46387,4529,46387,766,65
1604,3470,46388,4529,46388,766,65
1604,3470,46389,4529,46389,766,65
1604,3470,46390,4529,46390,766,65
1604,3470,46391,4529,46391,766,65
1604,3470,46392,4529,46392,766,65
1604,3470,46393,4529,46393,766,65
1604,3470,46394,4529,46394,766,65
1604,3470,46395,4529,46395,766,65
1604,3470,46396,4529,46396,766,65
1604,3470,46397,4529,46397,766,65
1604,3470,46398,4529,46398,766,65
1604,3470,46399,4529,46399,766,65
1604,3470,46400,4529,46400,766,65
1604,3470,46401,4529,46401,766,65
1604,3470,46402,4529,46402,766,65
1604,3470,46403,4529,46403,766,65
1604,3470,46404,4529,46404,766,65
1604,3470,46405,4529,46405,766,65
1604,3470,46406,4529,46406,766,65
1604,3470,46407,4529,46407,766,65
1604,3470,46408,4529,46408,766,65
1604,3470,46409,4529,46409,766,65
1604,3470,46410,4529,46410,766,65
1604,3470,46411,4529,46411,766,65
1604,3470,46412,4529,46412,766,65
1604,3470,46413,4529,46413,766,65
1604,3470,46414,4529,46414,766,65
1604,3470,46415,4529,46415,766,65
1604,3470,46416,4529,46416,766,65
1604,3470,46417,4529,46417,766,65
1604,3470,46418,4529,46418,766,65
1604,3470,46419,4529,46419,766,65
1604,3470,46420,4529,46420,766,65
1604,3470,46421,4529,46421,766,65
1604,3470,46422,4529,46422,766,65
1604,3470,46423,4529,46423,766,65
1604,3470,46424,4529,46424,766,65
1604,3470,46425,4529,46425,766,65
1604,3470,46426,4529,46426,766,65
1604,3470,46427,4529,46427,766,65
1604,3470,46428,4529,46428,766,65
1604,3470,46429,4529,46429,766,65
1604,3470,46430,4529,46430,766,65
1604,3470,46431,4529,46431,766,65
1604,3470,46432,4529,46432,766,65
1604,3470,46433,4529,46433,766,65
1604,3470,46434,4529,46434,766,65
1604,3470,46435,4529,46435,766,65
1604,3470,46436,4529,46436,766,65
1604,3470,46437,4529,46437,766,65
1604,3470,46438,4529,46438,766,65
1604,3470,46439,4529,46439,766,65
1604,3470,46440,4529,46440,766,65
1604,3470,46441,4529,46441,766,65
1604,3470,46442,4529,46442,766,65
1604,3470,46443,4529,46443,766,65
1604,3470,46444,4529,46444,766,65
1604,3470,46445,4529,46445,766,65
1604,3470,46446,4529,46446,766,65
1604,3470,46447,4529,46447,766,65
1604,3470,46448,4529,46448,766,65
1604,3470,46449,4529,46449,766,65
1604,3470,46450,4529,46450,766,65
1604,3470,46451,4529,46451,766,65
1604,3470,46452,4529,46452,766,65
1604,3470,46453,4529,46453,766,65
1604,3470,46454,4529,46454,766,65
1604,3470,46455,4529,46455,766,65
1604,3470,46456,4529,46456,766,65
1604,3470,46457,4529,46457,766,65
1604,3470,46458,4529,46458,766,65
1604,3470,46459,4529,46459,766,65
1604,3470,46460,4529,46460,766,65
1604,3470,46461,4529,46461,766,65
1604,3470,46462,4529,46462,766,65
1604,3470,46463,4529,46463,766,65
1604,3470,46464,4529,46464,766,65
1604,3470,46465,4529,46465,766,65
1604,3470,46466,4529,46466,766,65
1604,3470,46467,4529,46467,766,65
1604,3470,46468,4529,46468,766,65
1604,3470,46469,4529,46469,766,65
1604,3470,46470,4529,46470,766,65
1604,3470,46471,4529,46471,766,65
1604,3470,46472,4529,46472,766,65
1604,3470,46473,4529,46473,766,65
1604,3470,46474,4529,46474,766,65
1604,3470,46475,4529,46475,766,65
1604,3470,46476,4529,46476,766,65
1604,3470,46477,4529,46477,766,65
1604,3470,46478,4529,46478,766,65
1604,3470,46479,4529,46479,766,65
1604,3470,46480,4529,46480,766,65
1604,3470,46481,4529,46481,766,65
1604,3470,46482,4529,46482,766,65
1604,3470,46483,4529,46483,766,65
1604,3470,46484,4529,46484,766,65
1604,3470,46485,4529,46485,766,65
1604,3470,46486,4529,46486,766,65
1604,3470,46487,4529,46487,766,65
1604,3470,46488,4529,46488,766,65
1604,3470,46489,4529,46489,766,65
1604,3470,46490,4529,46490,766,65
1604,3470,46491,4529,46491,766,65
1604,3470,46492,4529,46492,766,65
1604,3470,46493,4529,46493,766,65
1604,3470,46494,4529,46494,766,65
1604,3470,46495,4529,46495,766,65
1604,3470,46496,4529,46496,766,65
1604,3470,46497,4529,46497,766,65
1604,3470,46498,4529,46498,766,65
1604,3470,46499,4529,46499,766,65
1604,3470,46500,4529,46500,766,65
1604,3470,46501,4529,46501,766,65
1604,3470,46502,4529,46502,766,65
1604,3470,46503,4529,46503,766,65
1604,3470,46504,4529,46504,766,65
1604,3470,46505,4529,46505,766,65
1604,3470,46506,4529,46506,766,65
1604,3470,46507,4529,46507,766,65
1604,3470,46508,4529,46508,766,65
1604,3470,46509,4529,46509,766,65
1604,3470,46510,4529,46510,766,65
1604,3470,46511,4529,46511,766,65
1604,3470,46512,4529,46512,766,65
1604,3470,46513,4529,46513,766,65
1604,3470,46514,4529,46514,766,65
1604,3470,46515,4529,46515,766,65
1604,3470,46516,4529,46516,766,65
1604,3470,46517,4529,46517,766,65
1604,3470,46518,4529,46518,766,65
1604,3470,46519,4529,46519,766,65
1604,3470,46520,4529,46520,766,65
1604,3470,46521,4529,46521,766,65
1604,3470,46522,4529,46522,766,65
1604,3470,46523,4529,46523,766,65
1604,3470,46524,4529,46524,766,65
1604,3470,46525,4529,46525,766,65
1604,3470,46526,4529,46526,766,65
1604,3470,46527,4529,46527,766,65
1604,3470,46528,4529,46528,766,65
1604,3470,46529,4529,46529,766,65
1604,3470,46530,4529,46530,766,65
1604,3470,46531,4529,46531,766,65
1604,3470,46532,4529,46532,766,65
1604,3470,46533,4529,46533,766,65
1604,3470,46534,4529,46534,766,65
1604,3470,46535,4529,46535,766,65
1604,3470,46536,4529,46536,766,65
1604,3470,46537,4529,46537,766,65
1604,3470,46538,4529,46538,766,65
1604,3470,46539,4529,46539,766,65
1604,3470,46540,4529,46540,766,65
1604,3470,46541,4529,46541,766,65
1604,3470,46542,4529,46542,766,65
1604,3470,46543,4529,46543,766,65
1604,3470,46544,4529,46544,766,65
1604,3470,46545,4529,46545,766,65
1604,3470,46546,4529,46546,766,65
1604,3470,46547,4529,46547,766,65
1604,3470,46548,4529,46548,766,65
1604,3470,46549,4529,46549,766,65
1604,3470,46550,4529,46550,766,65
1604,3470,46551,4529,46551,766,65
1604,3470,46552,4529,46552,766,65
1604,3470,46553,4529,46553,766,65
1604,3470,46554,4529,46554,766,65
1604,3470,46555,4529,46555,766,65
1604,3470,46556,4529,46556,766,65
1604,3470,46557,4529,46557,766,65
1604,3470,46558,4529,46558,766,65
1604,3470,46559,4529,46559,766,65
1604,3470,46560,4529,46560,766,65
1604,3470,46561,4529,46561,766,65
1604,3470,46562,4529,46562,766,65
1604,3470,46563,4529,46563,766,65
1604,3470,46564,4529,46564,766,65
1604,3470,46565,4529,46565,766,65
1604,3470,46566,4529,46566,766,65
1604,3470,46567,4529,46567,766,65
1604,3470,46568,4529,46568,766,65
1604,3470,46569,4529,46569,766,65
1604,3470,46570,4529,46570,766,65
1604,3470,46571,4529,46571,766,65
1604,3470,46572,4529,46572,766,65
1604,3470,46573,4529,46573,766,65
1604,3470,46574,4529,46574,766,65
1604,3470,46575,4529,46575,766,65
1604,3470,46576,4529,46576,766,65
1604,3470,46577,4529,46577,766,65
1604,3470,46578,4529,46578,766,65
1604,3470,46579,4529,46579,766,65
1604,3470,46580,4529,46580,766,65
1604,3470,46581,4529,46581,766,65
1604,3470,46582,4529,46582,766,65
1604,3470,46583,4529,46583,766,65
1604,3470,46584,4529,46584,766,65
1604,3470,46585,4529,46585,766,65
1604,3470,46586,4529,46586,766,65
1604,3470,46587,4529,46587,766,65
1604,3470,46588,4529,46588,766,65
1604,3470,46589,4529,46589,766,65
1604,3470,46590,4529,46590,766,65
1604,3470,46591,4529,46591,766,65
1604,3470,46592,4529,46592,766,65
1604,3470,46593,4529,46593,766,65
1604,3470,46594,4529,46594,766,65
1604,3470,46595,4529,46595,766,65
1604,3470,46596,4529,46596,766,65
1604,3470,46597,4529,46597,766,65
1604,3470,46598,4529,46598,766,65
1604,3470,46599,4529,46599,766,65
1604,3470,46600,4529,46600,766,65
1604,3470,46601,4529,46601,766,65
1604,3470,46602,4529,46602,766,65
1604,3470,46603,4529,46603,766,65
1604,3470,46604,4529,46604,766,65
1604,3470,46605,4529,46605,766,65
1604,3470,46606,4529,46606,766,65
1604,3470,46607,4529,46607,766,65
1604,3470,46608,4529,46608,766,65
1604,3470,46609,4529,46609,766,65
1604,3470,46610,4529,46610,766,65
1604,3470,46611,4529,46611,766,65
1604,3470,46612,4529,46612,766,65
1604,3470,46613,4529,46613,766,65
1604,3470,46614,4529,46614,766,65
1604,3470,46615,4529,46615,766,65
1604,3470,46616,4529,46616,766,65
1604,3470,46617,4529,46617,766,65
1604,3470,46618,4529,46618,766,65
1604,3470,46619,4529,46619,766,65
1604,3470,46620,4529,46620,766,65
1604,3470,46621,4529,46621,766,65
1604,3470,46622,4529,46622,766,65
1604,3470,46623,4529,46623,766,65
1604,3470,46624,4529,46624,766,65
1604,3470,46625,4529,46625,766,65
1604,3470,46626,4529,46626,766,65
1604,3470,46627,4529,46627,766,65
1604,3470,46628,4529,46628,766,65
1604,3470,46629,4529,46629,766,65
1604,3470,46630,4529,46630,766,65
1604,3470,46631,4529,46631,766,65
1604,3470,46632,4529,46632,766,65
1604,3470,46633,4529,46633,766,65
1604,3470,46634,4529,46634,766,65
1604,3470,46635,4529,46635,766,65
1604,3470,46636,4529,46636,766,65
1604,3470,46637,4529,46637,766,65
1604,3470,46638,4529,46638,766,65
1604,3470,46639,4529,46639,766,65
1604,3470,46640,4529,46640,766,65
1604,3470,46641,4529,46641,766,65
1604,3470,46642,4529,46642,766,65
1604,3470,46643,4529,46643,766,65
1604,3470,46644,4529,46644,766,65
1604,3470,46645,4529,46645,766,65
1604,3470,46646,4529,46646,766,65
1604,3470,46647,4529,46647,766,65
1604,3470,46648,4529,46648,766,65
1604,3470,46649,4529,46649,766,65
1604,3470,46650,4529,46650,766,65
1604,3470,46651,4529,46651,766,65
1604,3470,46652,4529,46652,766,65
1604,3470,46653,4529,46653,766,65
1604,3470,46654,4529,46654,766,65
1604,3470,46655,4529,46655,766,65
1604,3470,46656,4529,46656,766,65
1604,3470,46657,4529,46657,766,65
1604,3470,46658,4529,46658,766,65
1604,3470,46659,4529,46659,766,65
1604,3470,46660,4529,46660,766,65
1604,3470,46661,4529,46661,766,65
1604,3470,46662,4529,46662,766,65
1604,3470,46663,4529,46663,766,65
1604,3470,46664,4529,46664,766,65
1604,3470,46665,4529,46665,766,65
1604,3470,46666,4529,46666,766,65
1604,3470,46667,4529,46667,766,65
1604,3470,46668,4529,46668,766,65
1604,3470,46669,4529,46669,766,65
1604,3470,46670,4529,46670,766,65
1604,3470,46671,4529,46671,766,65
1604,3470,46672,4529,46672,766,65
1604,3470,46673,4529,46673,766,65
1604,3470,46674,4529,46674,766,65
1604,3470,46675,4529,46675,766,65
1604,3470,46676,4529,46676,766,65
1604,3470,46677,4529,46677,766,65
1604,3470,46678,4529,46678,766,65
1604,3470,46679,4529,46679,766,65
1604,3470,46680,4529,46680,766,65
1604,3470,46681,4529,46681,766,65
1604,3470,46682,4529,46682,766,65
1604,3470,46683,4529,46683,766,65
1604,3470,46684,4529,46684,766,65
1604,3470,46685,4529,46685,766,65
1604,3470,46686,4529,46686,766,65
1604,3470,46687,4529,46687,766,65
1604,3470,46688,4529,46688,766,65
1604,3470,46689,4529,46689,766,65
1604,3470,46690,4529,46690,766,65
1604,3470,46691,4529,46691,766,65
1604,3470,46692,4529,46692,766,65
1604,3470,46693,4529,46693,766,65
1603,3470,46694,4529,46694,766,65
1603,3470,46695,4529,46695,766,65
1603,3470,46696,4529,46696,766,65
1603,3470,46697,4529,46697,766,65
1603,3470,46698,4529,46698,766,65
1603,3470,46699,4529,46699,766,65
1603,3470,46700,4529,46700,766,65
1603,3470,46701,4529,46701,766,65
1603,3470,46702,4529,46702,766,65
1603,3470,46703,4529,46703,766,65
1603,3470,46704,4529,46704,766,65
1603,3470,46705,4529,46705,766,65
1603,3470,46706,4529,46706,766,65
1603,3470,46707,4529,46707,766,65
1603,3470,46708,4529,46708,766,65
1603,3470,46709,4529,46709,766,65
1603,3470,46710,4529,46710,766,65
1603,3470,46711,4529,46711,766,65
1603,3470,46712,4529,46712,766,65
1603,3470,46713,4529,46713,766,65
1603,3470,46714,4529,46714,766,65
1603,3470,46715,4529,46715,766,65
1603,3470,46716,4529,46716,766,65
1603,3470,46717,4529,46717,766,65
1603,3470,46718,4529,46718,766,65
1603,3470,46719,4529,46719,766,65
1603,3470,46720,4529,46720,766,65
1603,3470,46721,4529,46721,766,65
1603,3470,46722,4529,46722,766,65
1603,3470,46723,4529,46723,766,65
1603,3470,46724,4529,46724,766,65
1603,3470,46725,4529,46725,766,65
1603,3470,46726,4529,46726,766,65
1603,3470,46727,4529,46727,766,65
1603,3470,46728,4529,46728,766,65
1603,3470,46729,4529,46729,766,65
1603,3470,46730,4529,46730,766,65
1603,3470,46731,4529,46731,766,65
1603,3470,46732,4529,46732,766,65
1603,3470,46733,4529,46733,766,65
1603,3470,46734,4529,46734,766,65
1603,3470,46735,4529,46735,766,65
1603,3470,46736,4529,46736,766,65
1603,3470,46737,4529,46737,766,65
1603,3470,46738,4529,46738,766,65
1603,3470,46739,4529,46739,766,65
1603,3470,46740,4529,46740,766,65
1603,3470,46741,4529,46741,766,65
1603,3470,46742,4529,46742,766,65
1603,3470,46743,4529,46743,766,65
1603,3470,46744,4529,46744,766,65
1603,3470,46745,4529,46745,766,65
1603,3470,46746,4529,46746,766,65
1603,3470,46747,4529,46747,766,65
1603,3470,46748,4529,46748,766,65
1603,3470,46749,4529,46749,766,65
1603,3470,46750,4529,46750,766,65
1603,3470,46751,4529,46751,766,65
1603,3470,46752,4529,46752,766,65
1603,3470,46753,4529,46753,766,65
1603,3470,46754,4529,46754,766,65
1603,3470,46755,4529,46755,766,65
1603,3470,46756,4529,46756,766,65
1603,3470,46757,4529,46757,766,65
1603,3470,46758,4529,46758,766,65
1603,3470,46759,4529,46759,766,65
1603,3470,46760,4529,46760,766,65
1603,3470,46761,4529,46761,766,65
1603,3470,46762,4529,46762,766,65
1603,3470,46763,4529,46763,766,65
1603,3470,46764,4529,46764,766,65
1603,3470,46765,4529,46765,766,65
1603,3470,46766,4529,46766,766,65
1603,3470,46767,4529,46767,766,65
1603,3470,46768,4529,46768,766,65
1603,3470,46769,4529,46769,766,65
1603,3470,46770,4529,46770,766,65
1603,3470,46771,4529,46771,766,65
1603,3470,46772,4529,46772,766,65
1603,3470,46773,4529,46773,766,65
1603,3470,46774,4529,46774,766,65
1603,3470,46775,4529,46775,766,65
1603,3470,46776,4529,46776,766,65
1603,3470,46777,4529,46777,766,65
1603,3470,46778,4529,46778,766,65
1603,3470,46779,4529,46779,766,65
1603,3470,46780,4529,46780,766,65
1603,3470,46781,4529,46781,766,65
1603,3470,46782,4529,46782,766,65
1603,3470,46783,4529,46783,766,65
1603,3470,46784,4529,46784,766,65
1603,3470,46785,4529,46785,766,65
1603,3470,46786,4529,46786,766,65
1603,3470,46787,4529,46787,766,65
1603,3470,46788,4529,46788,766,65
1603,3470,46789,4529,46789,766,65
1603,3470,46790,4529,46790,766,65
1603,3470,46791,4529,46791,766,65
1603,3470,46792,4529,46792,766,65
1603,3470,46793,4529,46793,766,65
1603,3470,46794,4529,46794,766,65
1603,3470,46795,4529,46795,766,65
1603,3470,46796,4529,46796,766,65
1603,3470,46797,4529,46797,766,65
1603,3470,46798,4529,46798,766,65
1603,3470,46799,4529,46799,766,65
1603,3470,46800,4529,46800,766,65
1603,3470,46801,4529,46801,766,65
1603,3470,46802,4529,46802,766,65
1603,3470,46803,4529,46803,766,65
1603,3470,46804,4529,46804,766,65
1603,3470,46805,4529,46805,766,65
1603,3470,46806,4529,46806,766,65
1603,3470,46807,4529,46807,766,65
1603,3470,46808,4529,46808,766,65
1603,3470,46809,4529,46809,766,65
1603,3470,46810,4529,46810,766,65
1603,3470,46811,4529,46811,766,65
1603,3470,46812,4529,46812,766,65
1603,3470,46813,4529,46813,766,65
1603,3470,46814,4529,46814,766,65
1603,3470,46815,4529,46815,766,65
1603,3470,46816,4529,46816,766,65
1603,3470,46817,4529,46817,766,65
1603,3470,46818,4529,46818,766,65
1603,3470,46819,4529,46819,766,65
1603,3470,46820,4529,46820,766,65
1603,3470,46821,4529,46821,766,65
1603,3470,46822,4529,46822,766,65
1603,3470,46823,4529,46823,766,65
1603,3470,46824,4529,46824,766,65
1603,3470,46825,4529,46825,766,65
1603,3470,46826,4529,46826,766,65
1603,3470,46827,4529,46827,766,65
1603,3470,46828,4529,46828,766,65
1603,3470,46829,4529,46829,766,65
1603,3470,46830,4529,46830,766,65
1603,3470,46831,4529,46831,766,65
1603,3470,46832,4529,46832,766,65
1603,3470,46833,4529,46833,766,65
1603,3470,46834,4529,46834,766,65
1603,3470,46835,4529,46835,766,65
1603,3470,46836,4529,46836,766,65
1603,3470,46837,4529,46837,766,65
1603,3470,46838,4529,46838,766,65
1603,3470,46839,4529,46839,766,65
1603,3470,46840,4529,46840,766,65
1603,3470,46841,4529,46841,766,65
1603,3470,46842,4529,46842,766,65
1603,3470,46843,4529,46843,766,65
1603,3470,46844,4529,46844,766,65
1603,3470,46845,4529,46845,766,65
1603,3470,46846,4529,46846,766,65
1603,3470,46847,4529,46847,766,65
1603,3470,46848,4529,46848,766,65
1603,3470,46849,4529,46849,766,65
1603,3470,46850,4529,46850,766,65
1603,3470,46851,4529,46851,766,65
1603,3470,46852,4529,46852,766,65
1603,3470,46853,4529,46853,766,65
1603,3470,46854,4529,46854,766,65
1603,3470,46855,4529,46855,766,65
1603,3470,46856,4529,46856,766,65
1603,3470,46857,4529,46857,766,65
1603,3470,46858,4529,46858,766,65
1603,3470,46859,4529,46859,766,65
1603,3470,46860,4529,46860,766,65
1603,3470,46861,4529,46861,766,65
1603,3470,46862,4529,46862,766,65
1603,3470,46863,4529,46863,766,65
1603,3470,46864,4529,46864,766,65
1603,3470,46865,4529,46865,766,65
1603,3470,46866,4529,46866,766,65
1603,3470,46867,4529,46867,766,65
1603,3470,46868,4529,46868,766,65
1604,3470,46869,4529,46869,766,65
1604,3470,46870,4529,46870,766,65
1604,3470,46871,4529,46871,766,65
1604,3470,46872,4529,46872,766,65
1604,3470,46873,4529,46873,766,65
1604,3470,46874,4529,46874,766,65
1604,3470,46875,4529,46875,766,65
1604,3470,46876,4529,46876,766,65
1604,3470,46877,4529,46877,766,65
1604,3470,46878,4529,46878,766,65
1604,3470,46879,4529,46879,766,65
1604,3470,46880,4529,46880,766,65
1604,3470,46881,4529,46881,766,65
1604,3470,46882,4529,46882,766,65
1604,3470,46883,4529,46883,766,65
1604,3470,46884,4529,46884,766,65
1604,3470,46885,4529,46885,766,65
1604,3470,46886,4529,46886,766,65
1604,3470,46887,4529,46887,766,65
1604,3470,46888,4529,46888,766,65
1604,3470,46889,4529,46889,766,65
1604,3470,46890,4529,46890,766,65
1604,3470,46891,4529,46891,766,65
1604,3470,46892,4529,46892,766,65
1604,3470,46893,4529,46893,766,65
1604,3470,46894,4529,46894,766,65
1604,3470,46895,4529,46895,766,65
1604,3470,46896,4529,46896,766,65
1604,3470,46897,4529,46897,766,65
1604,3470,46898,4529,46898,766,65
1604,3470,46899,4529,46899,766,65
1604,3470,46900,4529,46900,766,65
1604,3470,46901,4529,46901,766,65
1604,3470,46902,4529,46902,766,65
1604,3470,46903,4529,46903,766,65
1604,3470,46904,4529,46904,766,65
1604,3470,46905,4529,46905,766,65
1604,3470,46906,4529,46906,766,65
1604,3470,46907,4529,46907,766,65
1604,3470,46908,4529,46908,766,65
1604,3470,46909,4529,46909,766,65
1604,3470,46910,4529,46910,766,65
1604,3470,46911,4529,46911,766,65
1604,3470,46912,4529,46912,766,65
1604,3470,46913,4529,46913,766,65
1604,3470,46914,4529,46914,766,65
1604,3470,46915,4529,46915,766,65
1604,3470,46916,4529,46916,766,65
1604,3470,46917,4529,46917,766,65
1604,3470,46918,4529,46918,766,65
1604,3470,46919,4529,46919,766,65
1604,3470,46920,4529,46920,766,65
1604,3470,46921,4529,46921,766,65
1604,3470,46922,4529,46922,766,65
1604,3470,46923,4529,46923,766,65
1604,3470,46924,4529,46924,766,65
1604,3470,46925,4529,46925,766,65
1604,3470,46926,4529,46926,766,65
1604,3470,46927,4529,46927,766,65
1604,3470,46928,4529,46928,766,65
1604,3470,46929,4529,46929,766,65
1604,3470,46930,4529,46930,766,65
1604,3470,46931,4529,46931,766,65
1604,3470,46932,4529,46932,766,65
1604,3470,46933,4529,46933,766,65
1604,3470,46934,4529,46934,766,65
1604,3470,46935,4529,46935,766,65
1604,3470,46936,4529,46936,766,65
1604,3470,46937,4529,46937,766,65
1604,3470,46938,4529,46938,766,65
1604,3470,46939,4529,46939,766,65
1604,3470,46940,4529,46940,766,65
1604,3470,46941,4529,46941,766,65
1604,3470,46942,4529,46942,766,65
1604,3470,46943,4529,46943,766,65
1604,3470,46944,4529,46944,766,65
1604,3470,46945,4529,46945,766,65
1604,3470,46946,4529,46946,766,65
1604,3470,46947,4529,46947,766,65
1604,3470,46948,4529,46948,766,65
1604,3470,46949,4529,46949,766,65
1604,3470,46950,4529,46950,766,65
1604,3470,46951,4529,46951,766,65
1604,3470,46952,4529,46952,766,65
1604,3470,46953,4529,46953,766,65
1604,3470,46954,4529,46954,766,65
1604,3470,46955,4529,46955,766,65
1604,3470,46956,4529,46956,766,65
1604,3470,46957,4529,46957,766,65
1604,3470,46958,4529,46958,766,65
1604,3470,46959,4529,46959,766,65
1604,3470,46960,4529,46960,766,65
1604,3470,46961,4529,46961,766,65
1604,3470,46962,4529,46962,766,65
1604,3470,46963,4529,46963,766,65
1604,3470,46964,4529,46964,766,65
1604,3470,46965,4529,46965,766,65
1604,3470,46966,4529,46966,766,65
1604,3470,46967,4529,46967,766,65
1604,3470,46968,4529,46968,766,65
1604,3470,46969,4529,46969,766,65
1604,3470,46970,4529,46970,766,65
1604,3470,46971,4529,46971,766,65
1604,3470,46972,4529,46972,766,65
1604,3470,46973,4529,46973,766,65
1604,3470,46974,4529,46974,766,65
1604,3470,46975,4529,46975,766,65
1604,3470,46976,4529,46976,766,65
1604,3470,46977,4529,46977,766,65
1604,3470,46978,4529,46978,766,65
1604,3470,46979,4529,46979,766,65
1604,3470,46980,4529,46980,766,65
1604,3470,46981,4529,46981,766,65
1604,3470,46982,4529,46982,766,65
1604,3470,46983,4529,46983,766,65
1604,3470,46984,4529,46984,766,65
1604,3470,46985,4529,46985,766,65
1604,3470,46986,4529,46986,766,65
1604,3470,46987,4529,46987,766,65
1604,3470,46988,4529,46988,766,65
1604,3470,46989,4529,46989,766,65
1604,3470,46990,4529,46990,766,65
1604,3470,46991,4529,46991,766,65
1604,3470,46992,4529,46992,766,65
1604,3470,46993,4529,46993,766,65
1604,3470,46994,4529,46994,766,65
1604,3470,46995,4529,46995,766,65
1604,3470,46996,4529,46996,766,65
1604,3470,46997,4529,46997,766,65
1604,3470,46998,4529,46998,766,65
1604,3470,46999,4529,46999,766,65
1604,3470,47000,4529,47000,766,65
1604,3470,47001,4529,47001,766,65
1604,3470,47002,4529,47002,766,65
1604,3470,47003,4529,47003,766,65
1604,3470,47004,4529,47004,766,65
1604,3470,47005,4529,47005,766,65
1604,3470,47006,4529,47006,766,65
1604,3470,47007,4529,47007,766,65
1604,3470,47008,4529,47008,766,65
1604,3470,47009,4529,47009,766,65
1604,3470,47010,4529,47010,766,65
1604,3470,47011,4529,47011,766,65
1604,3470,47012,4529,47012,766,65
1604,3470,47013,4529,47013,766,65
1604,3470,47014,4529,47014,766,65
1604,3470,47015,4529,47015,766,65
1605,3470,47016,4529,47016,766,65
1605,3470,47017,4529,47017,766,65
1605,3470,47018,4529,47018,766,65
1605,3470,47019,4529,47019,766,65
1605,3470,47020,4529,47020,766,65
1605,3470,47021,4529,47021,766,65
1605,3470,47022,4529,47022,766,65
1605,3470,47023,4529,47023,766,65
1605,3470,47024,4529,47024,766,65
1605,3470,47025,4529,47025,766,65
1605,3470,47026,4529,47026,766,65
1605,3470,47027,4529,47027,766,65
1605,3470,47028,4529,47028,766,65
1605,3470,47029,4529,47029,766,65
1605,3470,47030,4529,47030,766,65
1605,3470,47031,4529,47031,766,65
1605,3470,47032,4529,47032,766,65
1605,3470,47033,4529,47033,766,65
1605,3470,47034,4529,47034,766,65
1605,3470,47035,4529,47035,766,65
1605,3470,47036,4529,47036,766,65
1605,3470,47037,4529,47037,766,65
1605,3470,47038,4529,47038,766,65
1605,3470,47039,4529,47039,766,65
1605,3470,47040,4529,47040,766,65
1605,3470,47041,4529,47041,766,65
1605,3470,47042,4529,47042,766,65
1605,3470,47043,4529,47043,766,65
1605,3470,47044,4529,47044,766,65
1605,3470,47045,4529,47045,766,65
1605,3470,47046,4529,47046,766,65
1605,3470,47047,4529,47047,766,65
1605,3470,47048,4529,47048,766,65
1605,3470,47049,4529,47049,766,65
1605,3470,47050,4529,47050,766,65
1605,3470,47051,4529,47051,766,65
1605,3470,47052,4529,47052,766,65
1605,3470,47053,4529,47053,766,65
1605,3470,47054,4529,47054,766,65
1605,3470,47055,4529,47055,766,65
1605,3470,47056,4529,47056,766,65
1605,3470,47057,4529,47057,766,65
1605,3470,47058,4529,47058,766,65
1605,3470,47059,4529,47059,766,65
1605,3470,47060,4529,47060,766,65
1605,3470,47061,4529,47061,766,65
1605,3470,47062,4529,47062,766,65
1605,3470,47063,4529,47063,766,65
1605,3470,47064,4529,47064,766,65
1605,3470,47065,4529,47065,766,65
1605,3470,47066,4529,47066,766,65
1605,3470,47067,4529,47067,766,65
1605,3470,47068,4529,47068,766,65
1605,3470,47069,4529,47069,766,65
1605,3470,47070,4529,47070,766,65
1605,3470,47071,4529,47071,766,65
1605,3470,47072,4529,47072,766,65
1605,3470,47073,4529,47073,766,65
1605,3470,47074,4529,47074,766,65
1605,3470,47075,4529,47075,766,65
1605,3470,47076,4529,47076,766,65
1605,3470,47077,4529,47077,766,65
1605,3470,47078,4529,47078,766,65
1605,3470,47079,4529,47079,766,65
1605,3470,47080,4529,47080,766,65
1605,3470,47081,4529,47081,766,65
1605,3470,47082,4529,47082,766,65
1605,3470,47083,4529,47083,766,65
1605,3470,47084,4529,47084,766,65
1605,3470,47085,4529,47085,766,65
1605,3470,47086,4529,47086,766,65
1605,3470,47087,4529,47087,766,65
1605,3470,47088,4529,47088,766,65
1605,3470,47089,4529,47089,766,65
1605,3470,47090,4529,47090,766,65
1605,3470,47091,4529,47091,766,65
1605,3470,47092,4529,47092,766,65
1605,3470,47093,4529,47093,766,65
1605,3470,47094,4529,47094,766,65
1605,3470,47095,4529,47095,766,65
1605,3470,47096,4529,47096,766,65
1605,3470,47097,4529,47097,766,65
1605,3470,47098,4529,47098,766,65
1605,3470,47099,4529,47099,766,65
1605,3470,47100,4529,47100,766,65
1605,3470,47101,4529,47101,766,65
1605,3470,47102,4529,47102,766,65
1605,3470,47103,4529,47103,766,65
1605,3470,47104,4529,47104,766,65
1605,3470,47105,4529,47105,766,65
1605,3470,47106,4529,47106,766,65
1605,3470,47107,4529,47107,766,65
1605,3470,47108,4529,47108,766,65
1605,3470,47109,4529,47109,766,65
1605,3470,47110,4529,47110,766,65
1605,3470,47111,4529,47111,766,65
1605,3470,47112,4529,47112,766,65
1605,3470,47113,4529,47113,766,65
1605,3470,47114,4529,47114,766,65
1605,3470,47115,4529,47115,766,65
1605,3470,47116,4529,47116,766,65
1605,3470,47117,4529,47117,766,65
1605,3470,47118,4529,47118,766,65
1605,3470,47119,4529,47119,766,65
1605,3470,47120,4529,47120,766,65
1605,3470,47121,4529,47121,766,65
1605,3470,47122,4529,47122,766,65
1605,3470,47123,4529,47123,766,65
1605,3470,47124,4529,47124,766,65
1605,3470,47125,4529,47125,766,65
1605,3470,47126,4529,47126,766,65
1605,3470,47127,4529,47127,766,65
1605,3470,47128,4529,47128,766,65
1605,3470,47129,4529,47129,766,65
1605,3470,47130,4529,47130,766,65
1605,3470,47131,4529,47131,766,65
1605,3470,47132,4529,47132,766,65
1605,3470,47133,4529,47133,766,65
1605,3470,47134,4529,47134,766,65
1605,3470,47135,4529,47135,766,65
1605,3470,47136,4529,47136,766,65
1605,3470,47137,4529,47137,766,65
1605,3470,47138,4529,47138,766,65
1605,3470,47139,4529,47139,766,65
1605,3470,47140,4529,47140,766,65
1605,3470,47141,4529,47141,766,65
1605,3470,47142,4529,47142,766,65
1605,3470,47143,4529,47143,766,65
1605,3470,47144,4529,47144,766,65
1605,3470,47145,4529,47145,766,65
1605,3470,47146,4529,47146,766,65
1605,3470,47147,4529,47147,766,65
1605,3470,47148,4529,47148,766,65
1605,3470,47149,4529,47149,766,65
1605,3470,47150,4529,47150,766,65
1605,3470,47151,4529,47151,766,65
1605,3470,47152,4529,47152,766,65
1605,3470,47153,4529,47153,766,65
1605,3470,47154,4529,47154,766,65
1605,3470,47155,4529,47155,766,65
1605,3470,47156,4529,47156,766,65
1605,3470,47157,4529,47157,766,65
1605,3470,47158,4529,47158,766,65
1605,3470,47159,4529,47159,766,65
1605,3470,47160,4529,47160,766,65
1605,3470,47161,4529,47161,766,65
1605,3470,47162,4529,47162,766,65
1605,3470,47163,4529,47163,766,65
1605,3470,47164,4529,47164,766,65
1605,3470,47165,4529,47165,766,65
1605,3470,47166,4529,47166,766,65
1605,3470,47167,4529,47167,766,65
1605,3470,47168,4529,47168,766,65
1605,3470,47169,4529,47169,766,65
1605,3470,47170,4529,47170,766,65
1605,3470,47171,4529,47171,766,65
1605,3470,47172,4529,47172,766,65
1605,3470,47173,4529,47173,766,65
1605,3470,47174,4529,47174,766,65
1605,3470,47175,4529,47175,766,65
1605,3470,47176,4529,47176,766,65
1605,3470,47177,4529,47177,766,65
1605,3470,47178,4529,47178,766,65
1605,3470,47179,4529,47179,766,65
1605,3470,47180,4529,47180,766,65
1605,3470,47181,4529,47181,766,65
1605,3470,47182,4529,47182,766,65
1605,3470,47183,4529,47183,766,65
1605,3470,47184,4529,47184,766,65
1605,3470,47185,4529,47185,766,65
1605,3470,47186,4529,47186,766,65
1605,3470,47187,4529,47187,766,65
1605,3470,47188,4529,47188,766,65
1605,3470,47189,4529,47189,766,65
1605,3470,47190,4529,47190,766,65
1605,3470,47191,4529,47191,766,65
1605,3470,47192,4529,47192,766,65
1605,3470,47193,4529,47193,766,65
1605,3470,47194,4529,47194,766,65
1605,3470,47195,4529,47195,766,65
1605,3470,47196,4529,47196,766,65
1605,3470,47197,4529,47197,766,65
1605,3470,47198,4529,47198,766,65
1605,3470,47199,4529,47199,766,65
1605,3470,47200,4529,47200,766,65
1605,3470,47201,4529,47201,766,65
1605,3470,47202,4529,47202,766,65
1605,3470,47203,4529,47203,766,65
1605,3470,47204,4529,47204,766,65
1605,3470,47205,4529,47205,766,65
1605,3470,47206,4529,47206,766,65
1605,3470,47207,4529,47207,766,65
1605,3470,47208,4529,47208,766,65
1605,3470,47209,4529,47209,766,65
1605,3470,47210,4529,47210,766,65
1605,3470,47211,4529,47211,766,65
1605,3470,47212,4529,47212,766,65
1605,3470,47213,4529,47213,766,65
1605,3470,47214,4529,47214,766,65
1605,3470,47215,4529,47215,766,65
1605,3470,47216,4529,47216,766,65
1605,3470,47217,4529,47217,766,65
1605,3470,47218,4529,47218,766,65
1605,3470,47219,4529,47219,766,65
1605,3470,47220,4529,47220,766,65
1605,3470,47221,4529,47221,766,65
1605,3470,47222,4529,47222,766,65
1605,3470,47223,4529,47223,766,65
1605,3470,47224,4529,47224,766,65
1605,3470,47225,4529,47225,766,65
1605,3470,47226,4529,47226,766,65
1605,3470,47227,4529,47227,766,65
1605,3470,47228,4529,47228,766,65
1605,3470,47229,4529,47229,766,65
1605,3470,47230,4529,47230,766,65
1605,3470,47231,4529,47231,766,65
1605,3470,47232,4529,47232,766,65
1605,3470,47233,4529,47233,766,65
1605,3470,47234,4529,47234,766,65
1605,3470,47235,4529,47235,766,65
1605,3470,47236,4529,47236,766,65
1605,3470,47237,4529,47237,766,65
1605,3470,47238,4529,47238,766,65
1605,3470,47239,4529,47239,766,65
1605,3470,47240,4529,47240,766,65
1605,3470,47241,4529,47241,766,65
1605,3470,47242,4529,47242,766,65
1605,3470,47243,4529,47243,766,65
1605,3470,47244,4529,47244,766,65
1605,3470,47245,4529,47245,766,65
1605,3470,47246,4529,47246,766,65
1605,3470,47247,4529,47247,766,65
1605,3470,47248,4529,47248,766,65
1605,3470,47249,4529,47249,766,65
1605,3470,47250,4529,47250,766,65
1605,3470,47251,4529,47251,766,65
1605,3470,47252,4529,47252,766,65
1605,3470,47253,4529,47253,766,65
1605,3470,47254,4529,47254,766,65
1605,3470,47255,4529,47255,766,65
1605,3470,47256,4529,47256,766,65
1605,3470,47257,4529,47257,766,65
1605,3470,47258,4529,47258,766,65
1605,3470,47259,4529,47259,766,65
1605,3470,47260,4529,47260,766,65
1605,3470,47261,4529,47261,766,65
1605,3470,47262,4529,47262,766,65
1605,3470,47263,4529,47263,766,65
1605,3470,47264,4529,47264,766,65
1605,3470,47265,4529,47265,766,65
1605,3470,47266,4529,47266,766,65
1605,3470,47267,4529,47267,766,65
1605,3470,47268,4529,47268,766,65
1605,3470,47269,4529,47269,766,65
1605,3470,47270,4529,47270,766,65
1605,3470,47271,4529,47271,766,65
1605,3470,47272,4529,47272,766,65
1605,3470,47273,4529,47273,766,65
1605,3470,47274,4529,47274,766,65
1605,3470,47275,4529,47275,766,65
1605,3470,47276,4529,47276,766,65
1605,3470,47277,4529,47277,766,65
1605,3470,47278,4529,47278,766,65
1605,3470,47279,4529,47279,766,65
1605,3470,47280,4529,47280,766,65
1605,3470,47281,4529,47281,766,65
1605,3470,47282,4529,47282,766,65
1605,3470,47283,4529,47283,766,65
1605,3470,47284,4529,47284,766,65
1605,3470,47285,4529,47285,766,65
1605,3470,47286,4529,47286,766,65
1605,3470,47287,4529,47287,766,65
1605,3470,47288,4529,47288,766,65
1605,3470,47289,4529,47289,766,65
1605,3470,47290,4529,47290,766,65
1605,3470,47291,4529,47291,766,65
1605,3470,47292,4529,47292,766,65
1605,3470,47293,4529,47293,766,65
1605,3470,47294,4529,47294,766,65
1605,3470,47295,4529,47295,766,65
1605,3470,47296,4529,47296,766,65
1605,3470,47297,4529,47297,766,65
1605,3470,47298,4529,47298,766,65
1605,3470,47299,4529,47299,766,65
1605,3470,47300,4529,47300,766,65
1605,3470,47301,4529,47301,766,65
1605,3470,47302,4529,47302,766,65
1605,3470,47303,4529,47303,766,65
1605,3470,47304,4529,47304,766,65
1605,3470,47305,4529,47305,766,65
1605,3470,47306,4529,47306,766,65
1605,3470,47307,4529,47307,766,65
1605,3470,47308,4529,47308,766,65
1605,3470,47309,4529,47309,766,65
1605,3470,47310,4529,47310,766,65
1605,3470,47311,4529,47311,766,65
1605,3470,47312,4529,47312,766,65
1605,3470,47313,4529,47313,766,65
1605,3470,47314,4529,47314,766,65
1605,3470,47315,4529,47315,766,65
1605,3470,47316,4529,47316,766,65
1605,3470,47317,4529,47317,766,65
1605,3470,47318,4529,47318,766,65
1605,3470,47319,4529,47319,766,65
1605,3470,47320,4529,47320,766,65
1605,3470,47321,4529,47321,766,65
1605,3470,47322,4529,47322,766,65
1605,3470,47323,4529,47323,766,65
1605,3470,47324,4529,47324,766,65
1605,3470,47325,4529,47325,766,65
1605,3470,47326,4529,47326,766,65
1605,3470,47327,4529,47327,766,65
1605,3470,47328,4529,47328,766,65
1605,3470,47329,4529,47329,766,65
1605,3470,47330,4529,47330,766,65
1605,3470,47331,4529,47331,766,65
1605,3470,47332,4529,47332,766,65
1605,3470,47333,4529,47333,766,65
1605,3470,47334,4529,47334,766,65
1605,3470,47335,4529,47335,766,65
1605,3470,47336,4529,47336,766,65
1605,3470,47337,4529,47337,766,65
1605,3470,47338,4529,47338,766,65
1605,3470,47339,4529,47339,766,65
1605,3470,47340,4529,47340,766,65
1605,3470,47341,4529,47341,766,65
1605,3470,47342,4529,47342,766,65
1605,3470,47343,4529,47343,766,65
1605,3470,47344,4529,47344,766,65
1605,3470,47345,4529,47345,766,65
1605,3470,47346,4529,47346,766,65
1605,3470,47347,4529,47347,766,65
1605,3470,47348,4529,47348,766,65
1605,3470,47349,4529,47349,766,65
1605,3470,47350,4529,47350,766,65
1605,3470,47351,4529,47351,766,65
1605,3470,47352,4529,47352,766,65
1605,3470,47353,4529,47353,766,65
1605,3470,47354,4529,47354,766,65
1605,3470,47355,4529,47355,766,65
1605,3470,47356,4529,47356,766,65
1605,3470,47357,4529,47357,766,65
1605,3470,47358,4529,47358,766,65
1605,3470,47359,4529,47359,766,65
1605,3470,47360,4529,47360,766,65
1605,3470,47361,4529,47361,766,65
1605,3470,47362,4529,47362,766,65
1605,3470,47363,4529,47363,766,65
1605,3470,47364,4529,47364,766,65
1605,3470,47365,4529,47365,766,65
1605,3470,47366,4529,47366,766,65
1605,3470,47367,4529,47367,766,65
1605,3470,47368,4529,47368,766,65
1605,3470,47369,4529,47369,766,65
1605,3470,47370,4529,47370,766,65
1605,3470,47371,4529,47371,766,65
1605,3470,47372,4529,47372,766,65
1605,3470,47373,4529,47373,766,65
1605,3470,47374,4529,47374,766,65
1605,3470,47375,4529,47375,766,65
1605,3470,47376,4529,47376,766,65
1605,3470,47377,4529,47377,766,65
1605,3470,47378,4529,47378,766,65
1605,3470,47379,4529,47379,766,65
1605,3470,47380,4529,47380,766,65
1605,3470,47381,4529,47381,766,65
1605,3470,47382,4529,47382,766,65
1605,3470,47383,4529,47383,766,65
1605,3470,47384,4529,47384,766,65
1605,3470,47385,4529,47385,766,65
1605,3470,47386,4529,47386,766,65
1605,3470,47387,4529,47387,766,65
1605,3470,47388,4529,47388,766,65
1605,3470,47389,4529,47389,766,65
1605,3470,47390,4529,47390,766,65
1605,3470,47391,4529,47391,766,65
1605,3470,47392,4529,47392,766,65
1605,3470,47393,4529,47393,766,65
1605,3470,47394,4529,47394,766,65
1605,3470,47395,4529,47395,766,65
1605,3470,47396,4529,47396,766,65
1605,3470,47397,4529,47397,766,65
1605,3470,47398,4529,47398,766,65
1605,3470,47399,4529,47399,766,65
1605,3470,47400,4529,47400,766,65
1605,3470,47401,4529,47401,766,65
1605,3470,47402,4529,47402,766,65
1605,3470,47403,4529,47403,766,65
1605,3470,47404,4529,47404,766,65
1605,3470,47405,4529,47405,766,65
1605,3470,47406,4529,47406,766,65
1605,3470,47407,4529,47407,766,65
1605,3470,47408,4529,47408,766,65
1605,3470,47409,4529,47409,766,65
1605,3470,47410,4529,47410,766,65
1605,3470,47411,4529,47411,766,65
1605,3470,47412,4529,47412,766,65
1605,3470,47413,4529,47413,766,65
1605,3470,47414,4529,47414,766,65
1605,3470,47415,4529,47415,766,65
1605,3470,47416,4529,47416,766,65
1605,3470,47417,4529,47417,766,65
1605,3470,47418,4529,47418,766,65
1605,3470,47419,4529,47419,766,65
1605,3470,47420,4529,47420,766,65
1605,3470,47421,4529,47421,766,65
1605,3470,47422,4529,47422,766,65
1605,3470,47423,4529,47423,766,65
1605,3470,47424,4529,47424,766,65
1605,3470,47425,4529,47425,766,65
1605,3470,47426,4529,47426,766,65
1605,3470,47427,4529,47427,766,65
1605,3470,47428,4529,47428,766,65
1605,3470,47429,4529,47429,766,65
1605,3470,47430,4529,47430,766,65
1605,3470,47431,4529,47431,766,65
1605,3470,47432,4529,47432,766,65
1605,3470,47433,4529,47433,766,65
1605,3470,47434,4529,47434,766,65
1605,3470,47435,4529,47435,766,65
1605,3470,47436,4529,47436,766,65
1605,3470,47437,4529,47437,766,65
1605,3470,47438,4529,47438,766,65
1605,3470,47439,4529,47439,766,65
1605,3470,47440,4529,47440,766,65
1605,3470,47441,4529,47441,766,65
1605,3470,47442,4529,47442,766,65
1605,3470,47443,4529,47443,766,65
1605,3470,47444,4529,47444,766,65
1605,3470,47445,4529,47445,766,65
1605,3470,47446,4529,47446,766,65
1605,3470,47447,4529,47447,766,65
1605,3470,47448,4529,47448,766,65
1605,3470,47449,4529,47449,766,65
1605,3470,47450,4529,47450,766,65
1605,3470,47451,4529,47451,766,65
1605,3470,47452,4529,47452,766,65
1605,3470,47453,4529,47453,766,65
1605,3470,47454,4529,47454,766,65
1605,3470,47455,4529,47455,766,65
1605,3470,47456,4529,47456,766,65
1605,3470,47457,4529,47457,766,65
1605,3470,47458,4529,47458,766,65
1605,3470,47459,4529,47459,766,65
1605,3470,47460,4529,47460,766,65
1605,3470,47461,4529,47461,766,65
1605,3470,47462,4529,47462,766,65
1605,3470,47463,4529,47463,766,65
1605,3470,47464,4529,47464,766,65
1605,3470,47465,4529,47465,766,65
1605,3470,47466,4529,47466,766,65
1605,3470,47467,4529,47467,766,65
1605,3470,47468,4529,47468,766,65
1605,3470,47469,4529,47469,766,65
1605,3470,47470,4529,47470,766,65
1605,3470,47471,4529,47471,766,65
1605,3470,47472,4529,47472,766,65
1604,3470,47473,4529,47473,766,65
1604,3470,47474,4529,47474,766,65
1604,3470,47475,4529,47475,766,65
1604,3470,47476,4529,47476,766,65
1604,3470,47477,4529,47477,766,65
1604,3470,47478,4529,47478,766,65
1604,3470,47479,4529,47479,766,65
1604,3470,47480,4529,47480,766,65
1604,3470,47481,4529,47481,766,65
1604,3470,47482,4529,47482,766,65
1604,3470,47483,4529,47483,766,65
1604,3470,47484,4529,47484,766,65
1604,3470,47485,4529,47485,766,65
1604,3470,47486,4529,47486,766,65
1604,3470,47487,4529,47487,766,65
1604,3470,47488,4529,47488,766,65
1604,3470,47489,4529,47489,766,65
1604,3470,47490,4529,47490,766,65
1604,3470,47491,4529,47491,766,65
1604,3470,47492,4529,47492,766,65
1604,3470,47493,4529,47493,766,65
1604,3470,47494,4529,47494,766,65
1604,3470,47495,4529,47495,766,65
1604,3470,47496,4529,47496,766,65
1604,3470,47497,4529,47497,766,65
1604,3470,47498,4529,47498,766,65
1604,3470,47499,4529,47499,766,65
1604,3470,47500,4529,47500,766,65
1604,3470,47501,4529,47501,766,65
1604,3470,47502,4529,47502,766,65
1604,3470,47503,4529,47503,766,65
1604,3470,47504,4529,47504,766,65
1604,3470,47505,4529,47505,766,65
1604,3470,47506,4529,47506,766,65
1604,3470,47507,4529,47507,766,65
1604,3470,47508,4529,47508,766,65
1604,3470,47509,4529,47509,766,65
1604,3470,47510,4529,47510,766,65
1604,3470,47511,4529,47511,766,65
1604,3470,47512,4529,47512,766,65
1604,3470,47513,4529,47513,766,65
1604,3470,47514,4529,47514,766,65
1604,3470,47515,4529,47515,766,65
1604,3470,47516,4529,47516,766,65
1604,3470,47517,4529,47517,766,65
1604,3470,47518,4529,47518,766,65
1604,3470,47519,4529,47519,766,65
1604,3470,47520,4529,47520,766,65
1604,3470,47521,4529,47521,766,65
1604,3470,47522,4529,47522,766,65
1604,3470,47523,4529,47523,766,65
1604,3470,47524,4529,47524,766,65
1604,3470,47525,4529,47525,766,65
1604,3470,47526,4529,47526,766,65
1604,3470,47527,4529,47527,766,65
1604,3470,47528,4529,47528,766,65
1604,3470,47529,4529,47529,766,65
1604,3470,47530,4529,47530,766,65
1604,3470,47531,4529,47531,766,65
1604,3470,47532,4529,47532,766,65
1604,3470,47533,4529,47533,766,65
1604,3470,47534,4529,47534,766,65
1604,3470,47535,4529,47535,766,65
1604,3470,47536,4529,47536,766,65
1604,3470,47537,4529,47537,766,65
1604,3470,47538,4529,47538,766,65
1604,3470,47539,4529,47539,766,65
1604,3470,47540,4529,47540,766,65
1604,3470,47541,4529,47541,766,65
1604,3470,47542,4529,47542,766,65
1604,3470,47543,4529,47543,766,65
1604,3470,47544,4529,47544,766,65
1604,3470,47545,4529,47545,766,65
1604,3470,47546,4529,47546,766,65
1604,3470,47547,4529,47547,766,65
1604,3470,47548,4529,47548,766,65
1604,3470,47549,4529,47549,766,65
1604,3470,47550,4529,47550,766,65
1604,3470,47551,4529,47551,766,65
1604,3470,47552,4529,47552,766,65
1604,3470,47553,4529,47553,766,65
1604,3470,47554,4529,47554,766,65
1604,3470,47555,4529,47555,766,65
1604,3470,47556,4529,47556,766,65
1604,3470,47557,4529,47557,766,65
1604,3470,47558,4529,47558,766,65
1604,3470,47559,4529,47559,766,65
1604,3470,47560,4529,47560,766,65
1604,3470,47561,4529,47561,766,65
1604,3470,47562,4529,47562,766,65
1604,3470,47563,4529,47563,766,65
1604,3470,47564,4529,47564,766,65
1604,3470,47565,4529,47565,766,65
1604,3470,47566,4529,47566,766,65
1604,3470,47567,4529,47567,766,65
1604,3470,47568,4529,47568,766,65
1603,3470,47569,4529,47569,766,65
1603,3470,47570,4529,47570,766,65
1603,3470,47571,4529,47571,766,65
1603,3470,47572,4529,47572,766,65
1603,3470,47573,4529,47573,766,65
1603,3470,47574,4529,47574,766,65
1603,3470,47575,4529,47575,766,65
1603,3470,47576,4529,47576,766,65
1603,3470,47577,4529,47577,766,65
1603,3470,47578,4529,47578,766,65
1603,3470,47579,4529,47579,766,65
1603,3470,47580,4529,47580,766,65
1603,3470,47581,4529,47581,766,65
1603,3470,47582,4529,47582,766,65
1603,3470,47583,4529,47583,766,65
1603,3470,47584,4529,47584,766,65
1603,3470,47585,4529,47585,766,65
1603,3470,47586,4529,47586,766,65
1603,3470,47587,4529,47587,766,65
1603,3470,47588,4529,47588,766,65
1603,3470,47589,4529,47589,766,65
1603,3470,47590,4529,47590,766,65
1603,3470,47591,4529,47591,766,65
1603,3470,47592,4529,47592,766,65
1603,3470,47593,4529,47593,766,65
1603,3470,47594,4529,47594,766,65
1603,3470,47595,4529,47595,766,65
1603,3470,47596,4529,47596,766,65
1603,3470,47597,4529,47597,766,65
1603,3470,47598,4529,47598,766,65
1603,3470,47599,4529,47599,766,65
1603,3470,47600,4529,47600,766,65
1603,3470,47601,4529,47601,766,65
1603,3470,47602,4529,47602,766,65
1603,3470,47603,4529,47603,766,65
1603,3470,47604,4529,47604,766,65
1603,3470,47605,4529,47605,766,65
1603,3470,47606,4529,47606,766,65
1603,3470,47607,4529,47607,766,65
1603,3470,47608,4529,47608,766,65
1603,3470,47609,4529,47609,766,65
1603,3470,47610,4529,47610,766,65
1603,3470,47611,4529,47611,766,65
1603,3470,47612,4529,47612,766,65
1603,3470,47613,4529,47613,766,65
1603,3470,47614,4529,47614,766,65
1603,3470,47615,4529,47615,766,65
1603,3470,47616,4529,47616,766,65
1603,3470,47617,4529,47617,766,65
1603,3470,47618,4529,47618,766,65
1603,3470,47619,4529,47619,766,65
1603,3470,47620,4529,47620,766,65
1603,3470,47621,4529,47621,766,65
1603,3470,47622,4529,47622,766,65
1603,3470,47623,4529,47623,766,65
1603,3470,47624,4529,47624,766,65
1603,3470,47625,4529,47625,766,65
1603,3470,47626,4529,47626,766,65
1603,3470,47627,4529,47627,766,65
1603,3470,47628,4529,47628,766,65
1603,3470,47629,4529,47629,766,65
1603,3470,47630,4529,47630,766,65
1603,3470,47631,4529,47631,766,65
1603,3470,47632,4529,47632,766,65
1603,3470,47633,4529,47633,766,65
1603,3470,47634,4529,47634,766,65
1603,3470,47635,4529,47635,766,65
1603,3470,47636,4529,47636,766,65
1603,3470,47637,4529,47637,766,65
1603,3470,47638,4529,47638,766,65
1603,3470,47639,4529,47639,766,65
1603,3470,47640,4529,47640,766,65
1603,3470,47641,4529,47641,766,65
1603,3470,47642,4529,47642,766,65
1603,3470,47643,4529,47643,766,65
1604,3470,47644,4529,47644,766,65
1604,3470,47645,4529,47645,766,65
1604,3470,47646,4529,47646,766,65
1604,3470,47647,4529,47647,766,65
1604,3470,47648,4529,47648,766,65
1604,3470,47649,4529,47649,766,65
1604,3470,47650,4529,47650,766,65
1604,3470,47651,4529,47651,766,65
1604,3470,47652,4529,47652,766,65
1604,3470,47653,4529,47653,766,65
1604,3470,47654,4529,47654,766,65
1604,3470,47655,4529,47655,766,65
1604,3470,47656,4529,47656,766,65
1604,3470,47657,4529,47657,766,65
1604,3470,47658,4529,47658,766,65
1604,3470,47659,4529,47659,766,65
1604,3470,47660,4529,47660,766,65
1604,3470,47661,4529,47661,766,65
1604,3470,47662,4529,47662,766,65
1604,3470,47663,4529,47663,766,65
1604,3470,47664,4529,47664,766,65
1604,3470,47665,4529,47665,766,65
1604,3470,47666,4529,47666,766,65
1604,3470,47667,4529,47667,766,65
1604,3470,47668,4529,47668,766,65
1604,3470,47669,4529,47669,766,65
1604,3470,47670,4529,47670,766,65
1604,3470,47671,4529,47671,766,65
1604,3470,47672,4529,47672,766,65
1604,3470,47673,4529,47673,766,65
1604,3470,47674,4529,47674,766,65
1604,3470,47675,4529,47675,766,65
1604,3470,47676,4529,47676,766,65
1604,3470,47677,4529,47677,766,65
1604,3470,47678,4529,47678,766,65
1604,3470,47679,4529,47679,766,65
1604,3470,47680,4529,47680,766,65
1604,3470,47681,4529,47681,766,65
1604,3470,47682,4529,47682,766,65
1604,3470,47683,4529,47683,766,65
1604,3470,47684,4529,47684,766,65
1604,3470,47685,4529,47685,766,65
1604,3470,47686,4529,47686,766,65
1604,3470,47687,4529,47687,766,65
1604,3470,47688,4529,47688,766,65
1604,3470,47689,4529,47689,766,65
1604,3470,47690,4529,47690,766,65
1604,3470,47691,4529,47691,766,65
1604,3470,47692,4529,47692,766,65
1604,3470,47693,4529,47693,766,65
1604,3470,47694,4529,47694,766,65
1604,3470,47695,4529,47695,766,65
1604,3470,47696,4529,47696,766,65
1604,3470,47697,4529,47697,766,65
1604,3470,47698,4529,47698,766,65
1604,3470,47699,4529,47699,766,65
1604,3470,47700,4529,47700,766,65
1604,3470,47701,4529,47701,766,65
1604,3470,47702,4529,47702,766,65
1604,3470,47703,4529,47703,766,65
1604,3470,47704,4529,47704,766,65
1604,3470,47705,4529,47705,766,65
1604,3470,47706,4529,47706,766,65
1604,3470,47707,4529,47707,766,65
1604,3470,47708,4529,47708,766,65
1604,3470,47709,4529,47709,766,65
1604,3470,47710,4529,47710,766,65
1604,3470,47711,4529,47711,766,65
1604,3470,47712,4529,47712,766,65
1603,3470,47713,4529,47713,766,65
1603,3470,47714,4529,47714,766,65
1603,3470,47715,4529,47715,766,65
1603,3470,47716,4529,47716,766,65
1603,3470,47717,4529,47717,766,65
1603,3470,47718,4529,47718,766,65
1603,3470,47719,4529,47719,766,65
1603,3470,47720,4529,47720,766,65
1603,3470,47721,4529,47721,766,65
1603,3470,47722,4529,47722,766,65
1603,3470,47723,4529,47723,766,65
1603,3470,47724,4529,47724,766,65
1603,3470,47725,4529,47725,766,65
1603,3470,47726,4529,47726,766,65
1603,3470,47727,4529,47727,766,65
1603,3470,47728,4529,47728,766,65
1603,3470,47729,4529,47729,766,65
1603,3470,47730,4529,47730,766,65
1603,3470,47731,4529,47731,766,65
1603,3470,47732,4529,47732,766,65
1603,3470,47733,4529,47733,766,65
1603,3470,47734,4529,47734,766,65
1603,3470,47735,4529,47735,766,65
1603,3470,47736,4529,47736,766,65
1603,3470,47737,4529,47737,766,65
1603,3470,47738,4529,47738,766,65
1603,3470,47739,4529,47739,766,65
1603,3470,47740,4529,47740,766,65
1603,3470,47741,4529,47741,766,65
1603,3470,47742,4529,47742,766,65
1603,3470,47743,4529,47743,766,65
1603,3470,47744,4529,47744,766,65
1603,3470,47745,4529,47745,766,65
1603,3470,47746,4529,47746,766,65
1603,3470,47747,4529,47747,766,65
1603,3470,47748,4529,47748,766,65
1603,3470,47749,4529,47749,766,65
1603,3470,47750,4529,47750,766,65
1603,3470,47751,4529,47751,766,65
1603,3470,47752,4529,47752,766,65
1603,3470,47753,4529,47753,766,65
1603,3470,47754,4529,47754,766,65
1603,3470,47755,4529,47755,766,65
1603,3470,47756,4529,47756,766,65
1603,3470,47757,4529,47757,766,65
1603,3470,47758,4529,47758,766,65
1603,3470,47759,4529,47759,766,65
1603,3470,47760,4529,47760,766,65
1603,3470,47761,4529,47761,766,65
1603,3470,47762,4529,47762,766,65
1603,3470,47763,4529,47763,766,65
1603,3470,47764,4529,47764,766,65
1603,3470,47765,4529,47765,766,65
1603,3470,47766,4529,47766,766,65
1603,3470,47767,4529,47767,766,65
1603,3470,47768,4529,47768,766,65
1603,3470,47769,4529,47769,766,65
1603,3470,47770,4529,47770,766,65
1603,3470,47771,4529,47771,766,65
1603,3470,47772,4529,47772,766,65
1603,3470,47773,4529,47773,766,65
1603,3470,47774,4529,47774,766,65
1603,3470,47775,4529,47775,766,65
1603,3470,47776,4529,47776,766,65
1603,3470,47777,4529,47777,766,65
1603,3470,47778,4529,47778,766,65
1603,3470,47779,4529,47779,766,65
1603,3470,47780,4529,47780,766,65
1603,3470,47781,4529,47781,766,65
1603,3470,47782,4529,47782,766,65
1603,3470,47783,4529,47783,766,65
1603,3470,47784,4529,47784,766,65
1603,3470,47785,4529,47785,766,65
1603,3470,47786,4529,47786,766,65
1603,3470,47787,4529,47787,766,65
1603,3470,47788,4529,47788,766,65
1603,3470,47789,4529,47789,766,65
1603,3470,47790,4529,47790,766,65
1603,3470,47791,4529,47791,766,65
1603,3470,47792,4529,47792,766,65
1603,3470,47793,4529,47793,766,65
1603,3470,47794,4529,47794,766,65
1603,3470,47795,4529,47795,766,65
1603,3470,47796,4529,47796,766,65
1603,3470,47797,4529,47797,766,65
1603,3470,47798,4529,47798,766,65
1603,3470,47799,4529,47799,766,65
1603,3470,47800,4529,47800,766,65
1603,3470,47801,4529,47801,766,65
1603,3470,47802,4529,47802,766,65
1603,3470,47803,4529,47803,766,65
1603,3470,47804,4529,47804,766,65
1603,3470,47805,4529,47805,766,65
1603,3470,47806,4529,47806,766,65
1603,3470,47807,4529,47807,766,65
1603,3470,47808,4529,47808,766,65
1603,3470,47809,4529,47809,766,65
1603,3470,47810,4529,47810,766,65
1603,3470,47811,4529,47811,766,65
1603,3470,47812,4529,47812,766,65
1603,3470,47813,4529,47813,766,65
1603,3470,47814,4529,47814,766,65
1603,3470,47815,4529,47815,766,65
1603,3470,47816,4529,47816,766,65
1603,3470,47817,4529,47817,766,65
1603,3470,47818,4529,47818,766,65
1603,3470,47819,4529,47819,766,65
1603,3470,47820,4529,47820,766,65
1604,3470,47821,4529,47821,766,65
1604,3470,47822,4529,47822,766,65
1604,3470,47823,4529,47823,766,65
1604,3470,47824,4529,47824,766,65
1604,3470,47825,4529,47825,766,65
1604,3470,47826,4529,47826,766,65
1604,3470,47827,4529,47827,766,65
1604,3470,47828,4529,47828,766,65
1604,3470,47829,4529,47829,766,65
1604,3470,47830,4529,47830,766,65
1604,3470,47831,4529,47831,766,65
1604,3470,47832,4529,47832,766,65
1604,3470,47833,4529,47833,766,65
1604,3470,47834,4529,47834,766,65
1604,3470,47835,4529,47835,766,65
1604,3470,47836,4529,47836,766,65
1604,3470,47837,4529,47837,766,65
1604,3470,47838,4529,47838,766,65
1604,3470,47839,4529,47839,766,65
1604,3470,47840,4529,47840,766,65
1604,3470,47841,4529,47841,766,65
1604,3470,47842,4529,47842,766,65
1604,3470,47843,4529,47843,766,65
1604,3470,47844,4529,47844,766,65
1604,3470,47845,4529,47845,766,65
1604,3470,47846,4529,47846,766,65
1604,3470,47847,4529,47847,766,65
1604,3470,47848,4529,47848,766,65
1604,3470,47849,4529,47849,766,65
1604,3470,47850,4529,47850,766,65
1604,3470,47851,4529,47851,766,65
1604,3470,47852,4529,47852,766,65
1604,3470,47853,4529,47853,766,65
1604,3470,47854,4529,47854,766,65
1604,3470,47855,4529,47855,766,65
1604,3470,47856,4529,47856,766,65
1604,3470,47857,4529,47857,766,65
1604,3470,47858,4529,47858,766,65
1604,3470,47859,4529,47859,766,65
1604,3470,47860,4529,47860,766,65
1604,3470,47861,4529,47861,766,65
1604,3470,47862,4529,47862,766,65
1604,3470,47863,4529,47863,766,65
1604,3470,47864,4529,47864,766,65
1604,3470,47865,4529,47865,766,65
1604,3470,47866,4529,47866,766,65
1604,3470,47867,4529,47867,766,65
1604,3470,47868,4529,47868,766,65
1604,3470,47869,4529,47869,766,65
1604,3470,47870,4529,47870,766,65
1604,3470,47871,4529,47871,766,65
1604,3470,47872,4529,47872,766,65
1604,3470,47873,4529,47873,766,65
1604,3470,47874,4529,47874,766,65
1604,3470,47875,4529,47875,766,65
1604,3470,47876,4529,47876,766,65
1604,3470,47877,4529,47877,766,65
1604,3470,47878,4529,47878,766,65
1604,3470,47879,4529,47879,766,65
1604,3470,47880,4529,47880,766,65
1604,3470,47881,4529,47881,766,65
1604,3470,47882,4529,47882,766,65
1604,3470,47883,4529,47883,766,65
1604,3470,47884,4529,47884,766,65
1604,3470,47885,4529,47885,766,65
1604,3470,47886,4529,47886,766,65
1604,3470,47887,4529,47887,766,65
1604,3470,47888,4529,47888,766,65
1604,3470,47889,4529,47889,766,65
1604,3470,47890,4529,47890,766,65
1604,3470,47891,4529,47891,766,65
1604,3470,47892,4529,47892,766,65
1604,3470,47893,4529,47893,766,65
1604,3470,47894,4529,47894,766,65
1604,3470,47895,4529,47895,766,65
1604,3470,47896,4529,47896,766,65
1604,3470,47897,4529,47897,766,65
1604,3470,47898,4529,47898,766,65
1604,3470,47899,4529,47899,766,65
1604,3470,47900,4529,47900,766,65
1604,3470,47901,4529,47901,766,65
1604,3470,47902,4529,47902,766,65
1604,3470,47903,4529,47903,766,65
1604,3470,47904,4529,47904,766,65
1604,3470,47905,4529,47905,766,65
1604,3470,47906,4529,47906,766,65
1604,3470,47907,4529,47907,766,65
1604,3470,47908,4529,47908,766,65
1604,3470,47909,4529,47909,766,65
1604,3470,47910,4529,47910,766,65
1604,3470,47911,4529,47911,766,65
1604,3470,47912,4529,47912,766,65
1604,3470,47913,4529,47913,766,65
1604,3470,47914,4529,47914,766,65
1604,3470,47915,4529,47915,766,65
1604,3470,47916,4529,47916,766,65
1604,3470,47917,4529,47917,766,65
1604,3470,47918,4529,47918,766,65
1604,3470,47919,4529,47919,766,65
1604,3470,47920,4529,47920,766,65
1604,3470,47921,4529,47921,766,65
1604,3470,47922,4529,47922,766,65
1604,3470,47923,4529,47923,766,65
1604,3470,47924,4529,47924,766,65
1604,3470,47925,4529,47925,766,65
1604,3470,47926,4529,47926,766,65
1604,3470,47927,4529,47927,766,65
1604,3470,47928,4529,47928,766,65
1604,3470,47929,4529,47929,766,65
1604,3470,47930,4529,47930,766,65
1604,3470,47931,4529,47931,766,65
1604,3470,47932,4529,47932,766,65
1604,3470,47933,4529,47933,766,65
1604,3470,47934,4529,47934,766,65
1604,3470,47935,4529,47935,766,65
1604,3470,47936,4529,47936,766,65
1604,3470,47937,4529,47937,766,65
1604,3470,47938,4529,47938,766,65
1604,3470,47939,4529,47939,766,65
1604,3470,47940,4529,47940,766,65
1604,3470,47941,4529,47941,766,65
1604,3470,47942,4529,47942,766,65
1604,3470,47943,4529,47943,766,65
1604,3470,47944,4529,47944,766,65
1604,3470,47945,4529,47945,766,65
1604,3470,47946,4529,47946,766,65
1604,3470,47947,4529,47947,766,65
1604,3470,47948,4529,47948,766,65
1604,3470,47949,4529,47949,766,65
1604,3470,47950,4529,47950,766,65
1604,3470,47951,4529,47951,766,65
1604,3470,47952,4529,47952,766,65
1604,3470,47953,4529,47953,766,65
1604,3470,47954,4529,47954,766,65
1604,3470,47955,4529,47955,766,65
1604,3470,47956,4529,47956,766,65
1604,3470,47957,4529,47957,766,65
1604,3470,47958,4529,47958,766,65
1604,3470,47959,4529,47959,766,65
1604,3470,47960,4529,47960,766,65
1604,3470,47961,4529,47961,766,65
1604,3470,47962,4529,47962,766,65
1604,3470,47963,4529,47963,766,65
1604,3470,47964,4529,47964,766,65
1604,3470,47965,4529,47965,766,65
1604,3470,47966,4529,47966,766,65
1604,3470,47967,4529,47967,766,65
1604,3470,47968,4529,47968,766,65
1604,3470,47969,4529,47969,766,65
1604,3470,47970,4529,47970,766,65
1604,3470,47971,4529,47971,766,65
1604,3470,47972,4529,47972,766,65
1604,3470,47973,4529,47973,766,65
1604,3470,47974,4529,47974,766,65
1604,3470,47975,4529,47975,766,65
1604,3470,47976,4529,47976,766,65
1604,3470,47977,4529,47977,766,65
1604,3470,47978,4529,47978,766,65
1604,3470,47979,4529,47979,766,65
1604,3470,47980,4529,47980,766,65
1604,3470,47981,4529,47981,766,65
1604,3470,47982,4529,47982,766,65
1604,3470,47983,4529,47983,766,65
1604,3470,47984,4529,47984,766,65
1604,3470,47985,4529,47985,766,65
1604,3470,47986,4529,47986,766,65
1604,3470,47987,4529,47987,766,65
1604,3470,47988,4529,47988,766,65
1604,3470,47989,4529,47989,766,65
1604,3470,47990,4529,47990,766,65
1604,3470,47991,4529,47991,766,65
1604,3470,47992,4529,47992,766,65
1604,3470,47993,4529,47993,766,65
1604,3470,47994,4529,47994,766,65
1604,3470,47995,4529,47995,766,65
1604,3470,47996,4529,47996,766,65
1604,3470,47997,4529,47997,766,65
1604,3470,47998,4529,47998,766,65
1604,3470,47999,4529,47999,766,65
1604,3470,48000,4529,48000,766,65
1604,3470,48001,4529,48001,766,65
1604,3470,48002,4529,48002,766,65
1604,3470,48003,4529,48003,766,65
1604,3470,48004,4529,48004,766,65
1604,3470,48005,4529,48005,766,65
1604,3470,48006,4529,48006,766,65
1604,3470,48007,4529,48007,766,65
1604,3470,48008,4529,48008,766,65
1604,3470,48009,4529,48009,766,65
1604,3470,48010,4529,48010,766,65
1604,3470,48011,4529,48011,766,65
1604,3470,48012,4529,48012,766,65
1604,3470,48013,4529,48013,766,65
1604,3470,48014,4529,48014,766,65
1604,3470,48015,4529,48015,766,65
1604,3470,48016,4529,48016,766,65
1604,3470,48017,4529,48017,766,65
1604,3470,48018,4529,48018,766,65
1604,3470,48019,4529,48019,766,65
1604,3470,48020,4529,48020,766,65
1604,3470,48021,4529,48021,766,65
1604,3470,48022,4529,48022,766,65
1604,3470,48023,4529,48023,766,65
1604,3470,48024,4529,48024,766,65
1604,3470,48025,4529,48025,766,65
1604,3470,48026,4529,48026,766,65
1604,3470,48027,4529,48027,766,65
1604,3470,48028,4529,48028,766,65
1604,3470,48029,4529,48029,766,65
1604,3470,48030,4529,48030,766,65
1604,3470,48031,4529,48031,766,65
1604,3470,48032,4529,48032,766,65
1604,3470,48033,4529,48033,766,65
1604,3470,48034,4529,48034,766,65
1604,3470,48035,4529,48035,766,65
1604,3470,48036,4529,48036,766,65
1604,3470,48037,4529,48037,766,65
1604,3470,48038,4529,48038,766,65
1604,3470,48039,4529,48039,766,65
1604,3470,48040,4529,48040,766,65
1604,3470,48041,4529,48041,766,65
1604,3470,48042,4529,48042,766,65
1604,3470,48043,4529,48043,766,65
1604,3470,48044,4529,48044,766,65
1604,3470,48045,4529,48045,766,65
1604,3470,48046,4529,48046,766,65
1604,3470,48047,4529,48047,766,65
1604,3470,48048,4529,48048,766,65
1604,3470,48049,4529,48049,766,65
1604,3470,48050,4529,48050,766,65
1604,3470,48051,4529,48051,766,65
1604,3470,48052,4529,48052,766,65
1604,3470,48053,4529,48053,766,65
1604,3470,48054,4529,48054,766,65
1604,3470,48055,4529,48055,766,65
1604,3470,48056,4529,48056,766,65
1604,3470,48057,4529,48057,766,65
1604,3470,48058,4529,48058,766,65
1604,3470,48059,4529,48059,766,65
1604,3470,48060,4529,48060,766,65
1604,3470,48061,4529,48061,766,65
1604,3470,48062,4529,48062,766,65
1604,3470,48063,4529,48063,766,65
1604,3470,48064,4529,48064,766,65
1604,3470,48065,4529,48065,766,65
1604,3470,48066,4529,48066,766,65
1604,3470,48067,4529,48067,766,65
1604,3470,48068,4529,48068,766,65
1604,3470,48069,4529,48069,766,65
1604,3470,48070,4529,48070,766,65
1604,3470,48071,4529,48071,766,65
1604,3470,48072,4529,48072,766,65
1604,3470,48073,4529,48073,766,65
1604,3470,48074,4529,48074,766,65
1604,3470,48075,4529,48075,766,65
1604,3470,48076,4529,48076,766,65
1604,3470,48077,4529,48077,766,65
1604,3470,48078,4529,48078,766,65
1604,3470,48079,4529,48079,766,65
1604,3470,48080,4529,48080,766,65
1604,3470,48081,4529,48081,766,65
1604,3470,48082,4529,48082,766,65
1604,3470,48083,4529,48083,766,65
1604,3470,48084,4529,48084,766,65
1604,3470,48085,4529,48085,766,65
1604,3470,48086,4529,48086,766,65
1604,3470,48087,4529,48087,766,65
1604,3470,48088,4529,48088,766,65
1604,3470,48089,4529,48089,766,65
1604,3470,48090,4529,48090,766,65
1604,3470,48091,4529,48091,766,65
1604,3470,48092,4529,48092,766,65
1604,3470,48093,4529,48093,766,65
1604,3470,48094,4529,48094,766,65
1604,3470,48095,4529,48095,766,65
1604,3470,48096,4529,48096,766,65
1604,3470,48097,4529,48097,766,65
1604,3470,48098,4529,48098,766,65
1604,3470,48099,4529,48099,766,65
1604,3470,48100,4529,48100,766,65
1604,3470,48101,4529,48101,766,65
1604,3470,48102,4529,48102,766,65
1604,3470,48103,4529,48103,766,65
1604,3470,48104,4529,48104,766,65
1604,3470,48105,4529,48105,766,65
1604,3470,48106,4529,48106,766,65
1604,3470,48107,4529,48107,766,65
1604,3470,48108,4529,48108,766,65
1604,3470,48109,4529,48109,766,65
1604,3470,48110,4529,48110,766,65
1604,3470,48111,4529,48111,766,65
1604,3470,48112,4529,48112,766,65
1604,3470,48113,4529,48113,766,65
1604,3470,48114,4529,48114,766,65
1604,3470,48115,4529,48115,766,65
1604,3470,48116,4529,48116,766,65
1604,3470,48117,4529,48117,766,65
1604,3470,48118,4529,48118,766,65
1604,3470,48119,4529,48119,766,65
1604,3470,48120,4529,48120,766,65
1604,3470,48121,4529,48121,766,65
1604,3470,48122,4529,48122,766,65
1604,3470,48123,4529,48123,766,65
1604,3470,48124,4529,48124,766,65
1604,3470,48125,4529,48125,766,65
1604,3470,48126,4529,48126,766,65
1604,3470,48127,4529,48127,766,65
1604,3470,48128,4529,48128,766,65
1604,3470,48129,4529,48129,766,65
1604,3470,48130,4529,48130,766,65
1604,3470,48131,4529,48131,766,65
1604,3470,48132,4529,48132,766,65
1604,3470,48133,4529,48133,766,65
1604,3470,48134,4529,48134,766,65
1604,3470,48135,4529,48135,766,65
1604,3470,48136,4529,48136,766,65
1604,3470,48137,4529,48137,766,65
1604,3470,48138,4529,48138,766,65
1604,3470,48139,4529,48139,766,65
1604,3470,48140,4529,48140,766,65
1604,3470,48141,4529,48141,766,65
1604,3470,48142,4529,48142,766,65
1604,3470,48143,4529,48143,766,65
1604,3470,48144,4529,48144,766,65
1604,3470,48145,4529,48145,766,65
1604,3470,48146,4529,48146,766,65
1604,3470,48147,4529,48147,766,65
1604,3470,48148,4529,48148,766,65
1604,3470,48149,4529,48149,766,65
1604,3470,48150,4529,48150,766,65
1604,3470,48151,4529,48151,766,65
1604,3470,48152,4529,48152,766,65
1604,3470,48153,4529,48153,766,65
1604,3470,48154,4529,48154,766,65
1604,3470,48155,4529,48155,766,65
1604,3470,48156,4529,48156,766,65
1604,3470,48157,4529,48157,766,65
1604,3470,48158,4529,48158,766,65
1604,3470,48159,4529,48159,766,65
1604,3470,48160,4529,48160,766,65
1604,3470,48161,4529,48161,766,65
1604,3470,48162,4529,48162,766,65
1604,3470,48163,4529,48163,766,65
1604,3470,48164,4529,48164,766,65
1604,3470,48165,4529,48165,766,65
1604,3470,48166,4529,48166,766,65
1604,3470,48167,4529,48167,766,65
1604,3470,48168,4529,48168,766,65
1604,3470,48169,4529,48169,766,65
1604,3470,48170,4529,48170,766,65
1604,3470,48171,4529,48171,766,65
1604,3470,48172,4529,48172,766,65
1604,3470,48173,4529,48173,766,65
1604,3470,48174,4529,48174,766,65
1604,3470,48175,4529,48175,766,65
1604,3470,48176,4529,48176,766,65
1604,3470,48177,4529,48177,766,65
1604,3470,48178,4529,48178,766,65
1604,3470,48179,4529,48179,766,65
1604,3470,48180,4529,48180,766,65
1604,3470,48181,4529,48181,766,65
1604,3470,48182,4529,48182,766,65
1604,3470,48183,4529,48183,766,65
1604,3470,48184,4529,48184,766,65
1604,3470,48185,4529,48185,766,65
1604,3470,48186,4529,48186,766,65
1604,3470,48187,4529,48187,766,65
1604,3470,48188,4529,48188,766,65
1604,3470,48189,4529,48189,766,65
1604,3470,48190,4529,48190,766,65
1604,3470,48191,4529,48191,766,65
1604,3470,48192,4529,48192,766,65
1604,3470,48193,4529,48193,766,65
1604,3470,48194,4529,48194,766,65
1604,3470,48195,4529,48195,766,65
1604,3470,48196,4529,48196,766,65
1604,3470,48197,4529,48197,766,65
1604,3470,48198,4529,48198,766,65
1604,3470,48199,4529,48199,766,65
1604,3470,48200,4529,48200,766,65
1604,3470,48201,4529,48201,766,65
1604,3470,48202,4529,48202,766,65
1604,3470,48203,4529,48203,766,65
1604,3470,48204,4529,48204,766,65
1604,3470,48205,4529,48205,766,65
1604,3470,48206,4529,48206,766,65
1604,3470,48207,4529,48207,766,65
1604,3470,48208,4529,48208,766,65
1604,3470,48209,4529,48209,766,65
1604,3470,48210,4529,48210,766,65
1604,3470,48211,4529,48211,766,65
1604,3470,48212,4529,48212,766,65
1604,3470,48213,4529,48213,766,65
1604,3470,48214,4529,48214,766,65
1604,3470,48215,4529,48215,766,65
1604,3470,48216,4529,48216,766,65
1604,3470,48217,4529,48217,766,65
1604,3470,48218,4529,48218,766,65
1604,3470,48219,4529,48219,766,65
1604,3470,48220,4529,48220,766,65
1604,3470,48221,4529,48221,766,65
1604,3470,48222,4529,48222,766,65
1604,3470,48223,4529,48223,766,65
1604,3470,48224,4529,48224,766,65
1604,3470,48225,4529,48225,766,65
1604,3470,48226,4529,48226,766,65
1604,3470,48227,4529,48227,766,65
1604,3470,48228,4529,48228,766,65
1604,3470,48229,4529,48229,766,65
1604,3470,48230,4529,48230,766,65
1604,3470,48231,4529,48231,766,65
1604,3470,48232,4529,48232,766,65
1604,3470,48233,4529,48233,766,65
1604,3470,48234,4529,48234,766,65
1604,3470,48235,4529,48235,766,65
1604,3470,48236,4529,48236,766,65
1604,3470,48237,4529,48237,766,65
1604,3470,48238,4529,48238,766,65
1604,3470,48239,4529,48239,766,65
1604,3470,48240,4529,48240,766,65
1604,3470,48241,4529,48241,766,65
1604,3470,48242,4529,48242,766,65
1604,3470,48243,4529,48243,766,65
1604,3470,48244,4529,48244,766,65
1604,3470,48245,4529,48245,766,65
1604,3470,48246,4529,48246,766,65
1604,3470,48247,4529,48247,766,65
1604,3470,48248,4529,48248,766,65
1604,3470,48249,4529,48249,766,65
1604,3470,48250,4529,48250,766,65
1604,3470,48251,4529,48251,766,65
1604,3470,48252,4529,48252,766,65
1604,3470,48253,4529,48253,766,65
1604,3470,48254,4529,48254,766,65
1604,3470,48255,4529,48255,766,65
1604,3470,48256,4529,48256,766,65
1604,3470,48257,4529,48257,766,65
1604,3470,48258,4529,48258,766,65
1604,3470,48259,4529,48259,766,65
1604,3470,48260,4529,48260,766,65
1604,3470,48261,4529,48261,766,65
1604,3470,48262,4529,48262,766,65
1604,3470,48263,4529,48263,766,65
1604,3470,48264,4529,48264,766,65
1604,3470,48265,4529,48265,766,65
1604,3470,48266,4529,48266,766,65
1604,3470,48267,4529,48267,766,65
1604,3470,48268,4529,48268,766,65
1604,3470,48269,4529,48269,766,65
1604,3470,48270,4529,48270,766,65
1604,3470,48271,4529,48271,766,65
1604,3470,48272,4529,48272,766,65
1604,3470,48273,4529,48273,766,65
1604,3470,48274,4529,48274,766,65
1604,3470,48275,4529,48275,766,65
1604,3470,48276,4529,48276,766,65
1604,3470,48277,4529,48277,766,65
1604,3470,48278,4529,48278,766,65
1604,3470,48279,4529,48279,766,65
1604,3470,48280,4529,48280,766,65
1604,3470,48281,4529,48281,766,65
1604,3470,48282,4529,48282,766,65
1604,3470,48283,4529,48283,766,65
1604,3470,48284,4529,48284,766,65
1604,3470,48285,4529,48285,766,65
1604,3470,48286,4529,48286,766,65
1604,3470,48287,4529,48287,766,65
1604,3470,48288,4529,48288,766,65
1604,3470,48289,4529,48289,766,65
1604,3470,48290,4529,48290,766,65
1604,3470,48291,4529,48291,766,65
1604,3470,48292,4529,48292,766,65
1604,3470,48293,4529,48293,766,65
1604,3470,48294,4529,48294,766,65
1604,3470,48295,4529,48295,766,65
1604,3470,48296,4529,48296,766,65
1604,3470,48297,4529,48297,766,65
1604,3470,48298,4529,48298,766,65
1604,3470,48299,4529,48299,766,65
1604,3470,48300,4529,48300,766,65
1604,3470,48301,4529,48301,766,65
1604,3470,48302,4529,48302,766,65
1604,3470,48303,4529,48303,766,65
1604,3470,48304,4529,48304,766,65
1604,3470,48305,4529,48305,766,65
1604,3470,48306,4529,48306,766,65
1604,3470,48307,4529,48307,766,65
1604,3470,48308,4529,48308,766,65
1604,3470,48309,4529,48309,766,65
1604,3470,48310,4529,48310,766,65
1604,3470,48311,4529,48311,766,65
1604,3470,48312,4529,48312,766,65
1604,3470,48313,4529,48313,766,65
1604,3470,48314,4529,48314,766,65
1604,3470,48315,4529,48315,766,65
1604,3470,48316,4529,48316,766,65
1604,3470,48317,4529,48317,766,65
1604,3470,48318,4529,48318,766,65
1604,3470,48319,4529,48319,766,65
1604,3470,48320,4529,48320,766,65
1604,3470,48321,4529,48321,766,65
1604,3470,48322,4529,48322,766,65
1604,3470,48323,4529,48323,766,65
1604,3470,48324,4529,48324,766,65
1604,3470,48325,4529,48325,766,65
1604,3470,48326,4529,48326,766,65
1604,3470,48327,4529,48327,766,65
1604,3470,48328,4529,48328,766,65
1604,3470,48329,4529,48329,766,65
1604,3470,48330,4529,48330,766,65
1604,3470,48331,4529,48331,766,65
1604,3470,48332,4529,48332,766,65
1604,3470,48333,4529,48333,766,65
1604,3470,48334,4529,48334,766,65
1604,3470,48335,4529,48335,766,65
1604,3470,48336,4529,48336,766,65
1604,3470,48337,4529,48337,766,65
1604,3470,48338,4529,48338,766,65
1604,3470,48339,4529,48339,766,65
1604,3470,48340,4529,48340,766,65
1604,3470,48341,4529,48341,766,65
1604,3470,48342,4529,48342,766,65
1604,3470,48343,4529,48343,766,65
1604,3470,48344,4529,48344,766,65
1604,3470,48345,4529,48345,766,65
1604,3470,48346,4529,48346,766,65
1604,3470,48347,4529,48347,766,65
1604,3470,48348,4529,48348,766,65
1604,3470,48349,4529,48349,766,65
1604,3470,48350,4529,48350,766,65
1604,3470,48351,4529,48351,766,65
1604,3470,48352,4529,48352,766,65
1604,3470,48353,4529,48353,766,65
1604,3470,48354,4529,48354,766,65
1604,3470,48355,4529,48355,766,65
1604,3470,48356,4529,48356,766,65
1604,3470,48357,4529,48357,766,65
1604,3470,48358,4529,48358,766,65
1604,3470,48359,4529,48359,766,65
1604,3470,48360,4529,48360,766,65
1604,3470,48361,4529,48361,766,65
1604,3470,48362,4529,48362,766,65
1604,3470,48363,4529,48363,766,65
1604,3470,48364,4529,48364,766,65
1604,3470,48365,4529,48365,766,65
1604,3470,48366,4529,48366,766,65
1604,3470,48367,4529,48367,766,65
1604,3470,48368,4529,48368,766,65
1604,3470,48369,4529,48369,766,65
1604,3470,48370,4529,48370,766,65
1604,3470,48371,4529,48371,766,65
1604,3470,48372,4529,48372,766,65
1604,3470,48373,4529,48373,766,65
1604,3470,48374,4529,48374,766,65
1604,3470,48375,4529,48375,766,65
1604,3470,48376,4529,48376,766,65
1604,3470,48377,4529,48377,766,65
1604,3470,48378,4529,48378,766,65
1604,3470,48379,4529,48379,766,65
1604,3470,48380,4529,48380,766,65
1604,3470,48381,4529,48381,766,65
1604,3470,48382,4529,48382,766,65
1604,3470,48383,4529,48383,766,65
1604,3470,48384,4529,48384,766,65
1604,3470,48385,4529,48385,766,65
1604,3470,48386,4529,48386,766,65
1604,3470,48387,4529,48387,766,65
1604,3470,48388,4529,48388,766,65
1604,3470,48389,4529,48389,766,65
1604,3470,48390,4529,48390,766,65
1604,3470,48391,4529,48391,766,65
1604,3470,48392,4529,48392,766,65
1604,3470,48393,4529,48393,766,65
1604,3470,48394,4529,48394,766,65
1604,3470,48395,4529,48395,766,65
1604,3470,48396,4529,48396,766,65
1604,3470,48397,4529,48397,766,65
1604,3470,48398,4529,48398,766,65
1604,3470,48399,4529,48399,766,65
1604,3470,48400,4529,48400,766,65
1604,3470,48401,4529,48401,766,65
1604,3470,48402,4529,48402,766,65
1604,3470,48403,4529,48403,766,65
1604,3470,48404,4529,48404,766,65
1604,3470,48405,4529,48405,766,65
1604,3470,48406,4529,48406,766,65
1604,3470,48407,4529,48407,766,65
1604,3470,48408,4529,48408,766,65
1604,3470,48409,4529,48409,766,65
1604,3470,48410,4529,48410,766,65
1604,3470,48411,4529,48411,766,65
1604,3470,48412,4529,48412,766,65
1604,3470,48413,4529,48413,766,65
1604,3470,48414,4529,48414,766,65
1604,3470,48415,4529,48415,766,65
1604,3470,48416,4529,48416,766,65
1604,3470,48417,4529,48417,766,65
1604,3470,48418,4529,48418,766,65
1604,3470,48419,4529,48419,766,65
1604,3470,48420,4529,48420,766,65
1604,3470,48421,4529,48421,766,65
1604,3470,48422,4529,48422,766,65
1604,3470,48423,4529,48423,766,65
1604,3470,48424,4529,48424,766,65
1604,3470,48425,4529,48425,766,65
1604,3470,48426,4529,48426,766,65
1604,3470,48427,4529,48427,766,65
1604,3470,48428,4529,48428,766,65
1604,3470,48429,4529,48429,766,65
1604,3470,48430,4529,48430,766,65
1604,3470,48431,4529,48431,766,65
1604,3470,48432,4529,48432,766,65
1604,3470,48433,4529,48433,766,65
1604,3470,48434,4529,48434,766,65
1604,3470,48435,4529,48435,766,65
1604,3470,48436,4529,48436,766,65
1604,3470,48437,4529,48437,766,65
1604,3470,48438,4529,48438,766,65
1604,3470,48439,4529,48439,766,65
1604,3470,48440,4529,48440,766,65
1604,3470,48441,4529,48441,766,65
1604,3470,48442,4529,48442,766,65
1604,3470,48443,4529,48443,766,65
1604,3470,48444,4529,48444,766,65
1604,3470,48445,4529,48445,766,65
1604,3470,48446,4529,48446,766,65
1604,3470,48447,4529,48447,766,65
1604,3470,48448,4529,48448,766,65
1604,3470,48449,4529,48449,766,65
1604,3470,48450,4529,48450,766,65
1604,3470,48451,4529,48451,766,65
1604,3470,48452,4529,48452,766,65
1604,3470,48453,4529,48453,766,65
1604,3470,48454,4529,48454,766,65
1604,3470,48455,4529,48455,766,65
1604,3470,48456,4529,48456,766,65
1604,3470,48457,4529,48457,766,65
1604,3470,48458,4529,48458,766,65
1604,3470,48459,4529,48459,766,65
1604,3470,48460,4529,48460,766,65
1604,3470,48461,4529,48461,766,65
1604,3470,48462,4529,48462,766,65
1604,3470,48463,4529,48463,766,65
1604,3470,48464,4529,48464,766,65
1604,3470,48465,4529,48465,766,65
1604,3470,48466,4529,48466,766,65
1604,3470,48467,4529,48467,766,65
1604,3470,48468,4529,48468,766,65
1604,3470,48469,4529,48469,766,65
1604,3470,48470,4529,48470,766,65
1604,3470,48471,4529,48471,766,65
1604,3470,48472,4529,48472,766,65
1604,3470,48473,4529,48473,766,65
1604,3470,48474,4529,48474,766,65
1604,3470,48475,4529,48475,766,65
1604,3470,48476,4529,48476,766,65
1604,3470,48477,4529,48477,766,65
1604,3470,48478,4529,48478,766,65
1604,3470,48479,4529,48479,766,65
1604,3470,48480,4529,48480,766,65
1604,3470,48481,4529,48481,766,65
1604,3470,48482,4529,48482,766,65
1604,3470,48483,4529,48483,766,65
1604,3470,48484,4529,48484,766,65
1604,3470,48485,4529,48485,766,65
1605,3470,48486,4529,48486,766,65
1605,3470,48487,4529,48487,766,65
1605,3470,48488,4529,48488,766,65
1605,3470,48489,4529,48489,766,65
1605,3470,48490,4529,48490,766,65
1605,3470,48491,4529,48491,766,65
1605,3470,48492,4529,48492,766,65
1605,3470,48493,4529,48493,766,65
1605,3470,48494,4529,48494,766,65
1605,3470,48495,4529,48495,766,65
1605,3470,48496,4529,48496,766,65
1605,3470,48497,4529,48497,766,65
1605,3470,48498,4529,48498,766,65
1605,3470,48499,4529,48499,766,65
1605,3470,48500,4529,48500,766,65
1605,3470,48501,4529,48501,766,65
1605,3470,48502,4529,48502,766,65
1605,3470,48503,4529,48503,766,65
1605,3470,48504,4529,48504,766,65
1605,3470,48505,4529,48505,766,65
1605,3470,48506,4529,48506,766,65
1605,3470,48507,4529,48507,766,65
1605,3470,48508,4529,48508,766,65
1605,3470,48509,4529,48509,766,65
1605,3470,48510,4529,48510,766,65
1605,3470,48511,4529,48511,766,65
1605,3470,48512,4529,48512,766,65
1605,3470,48513,4529,48513,766,65
1605,3470,48514,4529,48514,766,65
1605,3470,48515,4529,48515,766,65
1605,3470,48516,4529,48516,766,65
1605,3470,48517,4529,48517,766,65
1605,3470,48518,4529,48518,766,65
1605,3470,48519,4529,48519,766,65
1605,3470,48520,4529,48520,766,65
1605,3470,48521,4529,48521,766,65
1605,3470,48522,4529,48522,766,65
1605,3470,48523,4529,48523,766,65
1605,3470,48524,4529,48524,766,65
1605,3470,48525,4529,48525,766,65
1605,3470,48526,4529,48526,766,65
1605,3470,48527,4529,48527,766,65
1605,3470,48528,4529,48528,766,65
1605,3470,48529,4529,48529,766,65
1605,3470,48530,4529,48530,766,65
1605,3470,48531,4529,48531,766,65
1605,3470,48532,4529,48532,766,65
1605,3470,48533,4529,48533,766,65
1605,3470,48534,4529,48534,766,65
1605,3470,48535,4529,48535,766,65
1605,3470,48536,4529,48536,766,65
1605,3470,48537,4529,48537,766,65
1605,3470,48538,4529,48538,766,65
1605,3470,48539,4529,48539,766,65
1605,3470,48540,4529,48540,766,65
1605,3470,48541,4529,48541,766,65
1605,3470,48542,4529,48542,766,65
1605,3470,48543,4529,48543,766,65
1605,3470,48544,4529,48544,766,65
1605,3470,48545,4529,48545,766,65
1605,3470,48546,4529,48546,766,65
1605,3470,48547,4529,48547,766,65
1605,3470,48548,4529,48548,766,65
1605,3470,48549,4529,48549,766,65
1605,3470,48550,4529,48550,766,65
1605,3470,48551,4529,48551,766,65
1605,3470,48552,4529,48552,766,65
1605,3470,48553,4529,48553,766,65
1605,3470,48554,4529,48554,766,65
1605,3470,48555,4529,48555,766,65
1605,3470,48556,4529,48556,766,65
1605,3470,48557,4529,48557,766,65
1605,3470,48558,4529,48558,766,65
1605,3470,48559,4529,48559,766,65
1605,3470,48560,4529,48560,766,65
1605,3470,48561,4529,48561,766,65
1605,3470,48562,4529,48562,766,65
1605,3470,48563,4529,48563,766,65
1605,3470,48564,4529,48564,766,65
1605,3470,48565,4529,48565,766,65
1605,3470,48566,4529,48566,766,65
1605,3470,48567,4529,48567,766,65
1605,3470,48568,4529,48568,766,65
1605,3470,48569,4529,48569,766,65
1605,3470,48570,4529,48570,766,65
1605,3470,48571,4529,48571,766,65
1605,3470,48572,4529,48572,766,65
1605,3470,48573,4529,48573,766,65
1605,3470,48574,4529,48574,766,65
1605,3470,48575,4529,48575,766,65
1605,3470,48576,4529,48576,766,65
1605,3470,48577,4529,48577,766,65
1605,3470,48578,4529,48578,766,65
1605,3470,48579,4529,48579,766,65
1605,3470,48580,4529,48580,766,65
1605,3470,48581,4529,48581,766,65
1605,3470,48582,4529,48582,766,65
1605,3470,48583,4529,48583,766,65
1605,3470,48584,4529,48584,766,65
1605,3470,48585,4529,48585,766,65
1605,3470,48586,4529,48586,766,65
1605,3470,48587,4529,48587,766,65
1605,3470,48588,4529,48588,766,65
1605,3470,48589,4529,48589,766,65
1605,3470,48590,4529,48590,766,65
1605,3470,48591,4529,48591,766,65
1605,3470,48592,4529,48592,766,65
1605,3470,48593,4529,48593,766,65
1605,3470,48594,4529,48594,766,65
1605,3470,48595,4529,48595,766,65
1605,3470,48596,4529,48596,766,65
1605,3470,48597,4529,48597,766,65
1605,3470,48598,4529,48598,766,65
1605,3470,48599,4529,48599,766,65
1605,3470,48600,4529,48600,766,65
1605,3470,48601,4529,48601,766,65
1605,3470,48602,4529,48602,766,65
1605,3470,48603,4529,48603,766,65
1605,3470,48604,4529,48604,766,65
1605,3470,48605,4529,48605,766,65
1605,3470,48606,4529,48606,766,65
1605,3470,48607,4529,48607,766,65
1605,3470,48608,4529,48608,766,65
1605,3470,48609,4529,48609,766,65
1605,3470,48610,4529,48610,766,65
1605,3470,48611,4529,48611,766,65
1605,3470,48612,4529,48612,766,65
1605,3470,48613,4529,48613,766,65
1605,3470,48614,4529,48614,766,65
1605,3470,48615,4529,48615,766,65
1605,3470,48616,4529,48616,766,65
1605,3470,48617,4529,48617,766,65
1605,3470,48618,4529,48618,766,65
1605,3470,48619,4529,48619,766,65
1605,3470,48620,4529,48620,766,65
1605,3470,48621,4529,48621,766,65
1605,3470,48622,4529,48622,766,65
1605,3470,48623,4529,48623,766,65
1605,3470,48624,4529,48624,766,65
1605,3470,48625,4529,48625,766,65
1605,3470,48626,4529,48626,766,65
1605,3470,48627,4529,48627,766,65
1605,3470,48628,4529,48628,766,65
1605,3470,48629,4529,48629,766,65
1605,3470,48630,4529,48630,766,65
1605,3470,48631,4529,48631,766,65
1605,3470,48632,4529,48632,766,65
1605,3470,48633,4529,48633,766,65
1605,3470,48634,4529,48634,766,65
1605,3470,48635,4529,48635,766,65
1605,3470,48636,4529,48636,766,65
1605,3470,48637,4529,48637,766,65
1605,3470,48638,4529,48638,766,65
1605,3470,48639,4529,48639,766,65
1605,3470,48640,4529,48640,766,65
1605,3470,48641,4529,48641,766,65
1605,3470,48642,4529,48642,766,65
1605,3470,48643,4529,48643,766,65
1605,3470,48644,4529,48644,766,65
1605,3470,48645,4529,48645,766,65
1605,3470,48646,4529,48646,766,65
1605,3470,48647,4529,48647,766,65
1605,3470,48648,4529,48648,766,65
1605,3470,48649,4529,48649,766,65
1605,3470,48650,4529,48650,766,65
1605,3470,48651,4529,48651,766,65
1605,3470,48652,4529,48652,766,65
1605,3470,48653,4529,48653,766,65
1605,3470,48654,4529,48654,766,65
1605,3470,48655,4529,48655,766,65
1605,3470,48656,4529,48656,766,65
1605,3470,48657,4529,48657,766,65
1605,3470,48658,4529,48658,766,65
1605,3470,48659,4529,48659,766,65
1605,3470,48660,4529,48660,766,65
1605,3470,48661,4529,48661,766,65
1605,3470,48662,4529,48662,766,65
1605,3470,48663,4529,48663,766,65
1605,3470,48664,4529,48664,766,65
1605,3470,48665,4529,48665,766,65
1605,3470,48666,4529,48666,766,65
1606,3470,48667,4529,48667,766,65
1606,3470,48668,4529,48668,766,65
1606,3470,48669,4529,48669,766,65
1606,3470,48670,4529,48670,766,65
1606,3470,48671,4529,48671,766,65
1606,3470,48672,4529,48672,766,65
1606,3470,48673,4529,48673,766,65
1606,3470,48674,4529,48674,766,65
1606,3470,48675,4529,48675,766,65
1606,3470,48676,4529,48676,766,65
1606,3470,48677,4529,48677,766,65
1606,3470,48678,4529,48678,766,65
1606,3470,48679,4529,48679,766,65
1606,3470,48680,4529,48680,766,65
1606,3470,48681,4529,48681,766,65
1606,3470,48682,4529,48682,766,65
1606,3470,48683,4529,48683,766,65
1606,3470,48684,4529,48684,766,65
1606,3470,48685,4529,48685,766,65
1606,3470,48686,4529,48686,766,65
1606,3470,48687,4529,48687,766,65
1606,3470,48688,4529,48688,766,65
1606,3470,48689,4529,48689,766,65
1606,3470,48690,4529,48690,766,65
1606,3470,48691,4529,48691,766,65
1606,3470,48692,4529,48692,766,65
1606,3470,48693,4529,48693,766,65
1606,3470,48694,4529,48694,766,65
1606,3470,48695,4529,48695,766,65
1606,3470,48696,4529,48696,766,65
1606,3470,48697,4529,48697,766,65
1606,3470,48698,4529,48698,766,65
1606,3470,48699,4529,48699,766,65
1606,3470,48700,4529,48700,766,65
1606,3470,48701,4529,48701,766,65
1606,3470,48702,4529,48702,766,65
1606,3470,48703,4529,48703,766,65
1606,3470,48704,4529,48704,766,65
1606,3470,48705,4529,48705,766,65
1606,3470,48706,4529,48706,766,65
1606,3470,48707,4529,48707,766,65
1606,3470,48708,4529,48708,766,65
1606,3470,48709,4529,48709,766,65
1606,3470,48710,4529,48710,766,65
1606,3470,48711,4529,48711,766,65
1606,3470,48712,4529,48712,766,65
1606,3470,48713,4529,48713,766,65
1606,3470,48714,4529,48714,766,65
1606,3470,48715,4529,48715,766,65
1606,3470,48716,4529,48716,766,65
1606,3470,48717,4529,48717,766,65
1606,3470,48718,4529,48718,766,65
1606,3470,48719,4529,48719,766,65
1606,3470,48720,4529,48720,766,65
1606,3470,48721,4529,48721,766,65
1606,3470,48722,4529,48722,766,65
1606,3470,48723,4529,48723,766,65
1606,3470,48724,4529,48724,766,65
1606,3470,48725,4529,48725,766,65
1606,3470,48726,4529,48726,766,65
1606,3470,48727,4529,48727,766,65
1606,3470,48728,4529,48728,766,65
1606,3470,48729,4529,48729,766,65
1606,3470,48730,4529,48730,766,65
1606,3470,48731,4529,48731,766,65
1606,3470,48732,4529,48732,766,65
1606,3470,48733,4529,48733,766,65
1606,3470,48734,4529,48734,766,65
1606,3470,48735,4529,48735,766,65
1606,3470,48736,4529,48736,766,65
1606,3470,48737,4529,48737,766,65
1606,3470,48738,4529,48738,766,65
1606,3470,48739,4529,48739,766,65
1606,3470,48740,4529,48740,766,65
1606,3470,48741,4529,48741,766,65
1606,3470,48742,4529,48742,766,65
1606,3470,48743,4529,48743,766,65
1606,3470,48744,4529,48744,766,65
1606,3470,48745,4529,48745,766,65
1606,3470,48746,4529,48746,766,65
1606,3470,48747,4529,48747,766,65
1606,3470,48748,4529,48748,766,65
1606,3470,48749,4529,48749,766,65
1606,3470,48750,4529,48750,766,65
1606,3470,48751,4529,48751,766,65
1606,3470,48752,4529,48752,766,65
1606,3470,48753,4529,48753,766,65
1606,3470,48754,4529,48754,766,65
1606,3470,48755,4529,48755,766,65
1606,3470,48756,4529,48756,766,65
1606,3470,48757,4529,48757,766,65
1606,3470,48758,4529,48758,766,65
1606,3470,48759,4529,48759,766,65
1606,3470,48760,4529,48760,766,65
1606,3470,48761,4529,48761,766,65
1606,3470,48762,4529,48762,766,65
1606,3470,48763,4529,48763,766,65
1606,3470,48764,4529,48764,766,65
1606,3470,48765,4529,48765,766,65
1606,3470,48766,4529,48766,766,65
1606,3470,48767,4529,48767,766,65
1606,3470,48768,4529,48768,766,65
1606,3470,48769,4529,48769,766,65
1606,3470,48770,4529,48770,766,65
1606,3470,48771,4529,48771,766,65
1606,3470,48772,4529,48772,766,65
1606,3470,48773,4529,48773,766,65
1606,3470,48774,4529,48774,766,65
1606,3470,48775,4529,48775,766,65
1606,3470,48776,4529,48776,766,65
1606,3470,48777,4529,48777,766,65
1606,3470,48778,4529,48778,766,65
1606,3470,48779,4529,48779,766,65
1606,3470,48780,4529,48780,766,65
1606,3470,48781,4529,48781,766,65
1606,3470,48782,4529,48782,766,65
1606,3470,48783,4529,48783,766,65
1606,3470,48784,4529,48784,766,65
1606,3470,48785,4529,48785,766,65
1606,3470,48786,4529,48786,766,65
1606,3470,48787,4529,48787,766,65
1606,3470,48788,4529,48788,766,65
1606,3470,48789,4529,48789,766,65
1606,3470,48790,4529,48790,766,65
1606,3470,48791,4529,48791,766,65
1606,3470,48792,4529,48792,766,65
1606,3470,48793,4529,48793,766,65
1606,3470,48794,4529,48794,766,65
1606,3470,48795,4529,48795,766,65
1606,3470,48796,4529,48796,766,65
1606,3470,48797,4529,48797,766,65
1606,3470,48798,4529,48798,766,65
1606,3470,48799,4529,48799,766,65
1606,3470,48800,4529,48800,766,65
1606,3470,48801,4529,48801,766,65
1606,3470,48802,4529,48802,766,65
1606,3470,48803,4529,48803,766,65
1606,3470,48804,4529,48804,766,65
1606,3470,48805,4529,48805,766,65
1606,3470,48806,4529,48806,766,65
1606,3470,48807,4529,48807,766,65
1606,3470,48808,4529,48808,766,65
1606,3470,48809,4529,48809,766,65
1606,3470,48810,4529,48810,766,65
1606,3470,48811,4529,48811,766,65
1606,3470,48812,4529,48812,766,65
1606,3470,48813,4529,48813,766,65
1606,3470,48814,4529,48814,766,65
1606,3470,48815,4529,48815,766,65
1606,3470,48816,4529,48816,766,65
1606,3470,48817,4529,48817,766,65
1606,3470,48818,4529,48818,766,65
1606,3470,48819,4529,48819,766,65
1606,3470,48820,4529,48820,766,65
1606,3470,48821,4529,48821,766,65
1606,3470,48822,4529,48822,766,65
1606,3470,48823,4529,48823,766,65
1606,3470,48824,4529,48824,766,65
1606,3470,48825,4529,48825,766,65
1606,3470,48826,4529,48826,766,65
1606,3470,48827,4529,48827,766,65
1606,3470,48828,4529,48828,766,65
1606,3470,48829,4529,48829,766,65
1606,3470,48830,4529,48830,766,65
1606,3470,48831,4529,48831,766,65
1606,3470,48832,4529,48832,766,65
1606,3470,48833,4529,48833,766,65
1606,3470,48834,4529,48834,766,65
1606,3470,48835,4529,48835,766,65
1606,3470,48836,4529,48836,766,65
1606,3470,48837,4529,48837,766,65
1606,3470,48838,4529,48838,766,65
1606,3470,48839,4529,48839,766,65
1606,3470,48840,4529,48840,766,65
1606,3470,48841,4529,48841,766,65
1606,3470,48842,4529,48842,766,65
1606,3470,48843,4529,48843,766,65
1606,3470,48844,4529,48844,766,65
1606,3470,48845,4529,48845,766,65
1606,3470,48846,4529,48846,766,65
1606,3470,48847,4529,48847,766,65
1606,3470,48848,4529,48848,766,65
1606,3470,48849,4529,48849,766,65
1606,3470,48850,4529,48850,766,65
1606,3470,48851,4529,48851,766,65
1606,3470,48852,4529,48852,766,65
1606,3470,48853,4529,48853,766,65
1606,3470,48854,4529,48854,766,65
1606,3470,48855,4529,48855,766,65
1606,3470,48856,4529,48856,766,65
1606,3470,48857,4529,48857,766,65
1606,3470,48858,4529,48858,766,65
1606,3470,48859,4529,48859,766,65
1606,3470,48860,4529,48860,766,65
1606,3470,48861,4529,48861,766,65
1606,3470,48862,4529,48862,766,65
1606,3470,48863,4529,48863,766,65
1606,3470,48864,4529,48864,766,65
1606,3470,48865,4529,48865,766,65
1606,3470,48866,4529,48866,766,65
1606,3470,48867,4529,48867,766,65
1606,3470,48868,4529,48868,766,65
1606,3470,48869,4529,48869,766,65
1606,3470,48870,4529,48870,766,65
1606,3470,48871,4529,48871,766,65
1606,3470,48872,4529,48872,766,65
1606,3470,48873,4529,48873,766,65
1606,3470,48874,4529,48874,766,65
1606,3470,48875,4529,48875,766,65
1606,3470,48876,4529,48876,766,65
1606,3470,48877,4529,48877,766,65
1606,3470,48878,4529,48878,766,65
1606,3470,48879,4529,48879,766,65
1606,3470,48880,4529,48880,766,65
1606,3470,48881,4529,48881,766,65
1606,3470,48882,4529,48882,766,65
1606,3470,48883,4529,48883,766,65
1606,3470,48884,4529,48884,766,65
1606,3470,48885,4529,48885,766,65
1606,3470,48886,4529,48886,766,65
1606,3470,48887,4529,48887,766,65
1606,3470,48888,4529,48888,766,65
1606,3470,48889,4529,48889,766,65
1606,3470,48890,4529,48890,766,65
1606,3470,48891,4529,48891,766,65
1606,3470,48892,4529,48892,766,65
1606,3470,48893,4529,48893,766,65
1606,3470,48894,4529,48894,766,65
1606,3470,48895,4529,48895,766,65
1606,3470,48896,4529,48896,766,65
1606,3470,48897,4529,48897,766,65
1606,3470,48898,4529,48898,766,65
1606,3470,48899,4529,48899,766,65
1606,3470,48900,4529,48900,766,65
1606,3470,48901,4529,48901,766,65
1606,3470,48902,4529,48902,766,65
1606,3470,48903,4529,48903,766,65
1606,3470,48904,4529,48904,766,65
1606,3470,48905,4529,48905,766,65
1606,3470,48906,4529,48906,766,65
1606,3470,48907,4529,48907,766,65
1606,3470,48908,4529,48908,766,65
1606,3470,48909,4529,48909,766,65
1606,3470,48910,4529,48910,766,65
1606,3470,48911,4529,48911,766,65
1606,3470,48912,4529,48912,766,65
1606,3470,48913,4529,48913,766,65
1606,3470,48914,4529,48914,766,65
1606,3470,48915,4529,48915,766,65
1606,3470,48916,4529,48916,766,65
1606,3470,48917,4529,48917,766,65
1606,3470,48918,4529,48918,766,65
1606,3470,48919,4529,48919,766,65
1606,3470,48920,4529,48920,766,65
1606,3470,48921,4529,48921,766,65
1606,3470,48922,4529,48922,766,65
1606,3470,48923,4529,48923,766,65
1606,3470,48924,4529,48924,766,65
1606,3470,48925,4529,48925,766,65
1606,3470,48926,4529,48926,766,65
1606,3470,48927,4529,48927,766,65
1606,3470,48928,4529,48928,766,65
1606,3470,48929,4529,48929,766,65
1606,3470,48930,4529,48930,766,65
1606,3470,48931,4529,48931,766,65
1606,3470,48932,4529,48932,766,65
1606,3470,48933,4529,48933,766,65
1606,3470,48934,4529,48934,766,65
1606,3470,48935,4529,48935,766,65
1606,3470,48936,4529,48936,766,65
1606,3470,48937,4529,48937,766,65
1606,3470,48938,4529,48938,766,65
1606,3470,48939,4529,48939,766,65
1606,3470,48940,4529,48940,766,65
1606,3470,48941,4529,48941,766,65
1606,3470,48942,4529,48942,766,65
1606,3470,48943,4529,48943,766,65
1606,3470,48944,4529,48944,766,65
1606,3470,48945,4529,48945,766,65
1606,3470,48946,4529,48946,766,65
1606,3470,48947,4529,48947,766,65
1606,3470,48948,4529,48948,766,65
1606,3470,48949,4529,48949,766,65
1606,3470,48950,4529,48950,766,65
1606,3470,48951,4529,48951,766,65
1606,3470,48952,4529,48952,766,65
1606,3470,48953,4529,48953,766,65
1606,3470,48954,4529,48954,766,65
1606,3470,48955,4529,48955,766,65
1606,3470,48956,4529,48956,766,65
1606,3470,48957,4529,48957,766,65
1606,3470,48958,4529,48958,766,65
1606,3470,48959,4529,48959,766,65
1606,3470,48960,4529,48960,766,65
1606,3470,48961,4529,48961,766,65
1606,3470,48962,4529,48962,766,65
1606,3470,48963,4529,48963,766,65
1606,3470,48964,4529,48964,766,65
1606,3470,48965,4529,48965,766,65
1606,3470,48966,4529,48966,766,65
1606,3470,48967,4529,48967,766,65
1606,3470,48968,4529,48968,766,65
1606,3470,48969,4529,48969,766,65
1606,3470,48970,4529,48970,766,65
1606,3470,48971,4529,48971,766,65
1606,3470,48972,4529,48972,766,65
1606,3470,48973,4529,48973,766,65
1606,3470,48974,4529,48974,766,65
1606,3470,48975,4529,48975,766,65
1606,3470,48976,4529,48976,766,65
1606,3470,48977,4529,48977,766,65
1606,3470,48978,4529,48978,766,65
1606,3470,48979,4529,48979,766,65
1606,3470,48980,4529,48980,766,65
1606,3470,48981,4529,48981,766,65
1606,3470,48982,4529,48982,766,65
1606,3470,48983,4529,48983,766,65
1606,3470,48984,4529,48984,766,65
1606,3470,48985,4529,48985,766,65
1606,3470,48986,4529,48986,766,65
1606,3470,48987,4529,48987,766,65
1606,3470,48988,4529,48988,766,65
1606,3470,48989,4529,48989,766,65
1606,3470,48990,4529,48990,766,65
1606,3470,48991,4529,48991,766,65
1606,3470,48992,4529,48992,766,65
1607,3470,48993,4529,48993,766,65
1607,3470,48994,4529,48994,766,65
1607,3470,48995,4529,48995,766,65
1607,3470,48996,4529,48996,766,65
1607,3470,48997,4529,48997,766,65
1607,3470,48998,4529,48998,766,65
1607,3470,48999,4529,48999,766,65
1607,3470,49000,4529,49000,766,65
1607,3470,49001,4529,49001,766,65
1607,3470,49002,4529,49002,766,65
1607,3470,49003,4529,49003,766,65
1607,3470,49004,4529,49004,766,65
1607,3470,49005,4529,49005,766,65
1607,3470,49006,4529,49006,766,65
1607,3470,49007,4529,49007,766,65
1607,3470,49008,4529,49008,766,65
1607,3470,49009,4529,49009,766,65
1607,3470,49010,4529,49010,766,65
1607,3470,49011,4529,49011,766,65
1607,3470,49012,4529,49012,766,65
1607,3470,49013,4529,49013,766,65
1607,3470,49014,4529,49014,766,65
1607,3470,49015,4529,49015,766,65
1607,3470,49016,4529,49016,766,65
1607,3470,49017,4529,49017,766,65
1607,3470,49018,4529,49018,766,65
1607,3470,49019,4529,49019,766,65
1607,3470,49020,4529,49020,766,65
1607,3470,49021,4529,49021,766,65
1607,3470,49022,4529,49022,766,65
1607,3470,49023,4529,49023,766,65
1607,3470,49024,4529,49024,766,65
1607,3470,49025,4529,49025,766,65
1607,3470,49026,4529,49026,766,65
1607,3470,49027,4529,49027,766,65
1607,3470,49028,4529,49028,766,65
1607,3470,49029,4529,49029,766,65
1607,3470,49030,4529,49030,766,65
1607,3470,49031,4529,49031,766,65
1607,3470,49032,4529,49032,766,65
1607,3470,49033,4529,49033,766,65
1607,3470,49034,4529,49034,766,65
1607,3470,49035,4529,49035,766,65
1607,3470,49036,4529,49036,766,65
1607,3470,49037,4529,49037,766,65
1607,3470,49038,4529,49038,766,65
1607,3470,49039,4529,49039,766,65
1607,3470,49040,4529,49040,766,65
1607,3470,49041,4529,49041,766,65
1607,3470,49042,4529,49042,766,65
1607,3470,49043,4529,49043,766,65
1607,3470,49044,4529,49044,766,65
1607,3470,49045,4529,49045,766,65
1607,3470,49046,4529,49046,766,65
1607,3470,49047,4529,49047,766,65
1607,3470,49048,4529,49048,766,65
1607,3470,49049,4529,49049,766,65
1607,3470,49050,4529,49050,766,65
1607,3470,49051,4529,49051,766,65
1607,3470,49052,4529,49052,766,65
1607,3470,49053,4529,49053,766,65
1607,3470,49054,4529,49054,766,65
1607,3470,49055,4529,49055,766,65
1607,3470,49056,4529,49056,766,65
1607,3470,49057,4529,49057,766,65
1607,3470,49058,4529,49058,766,65
1607,3470,49059,4529,49059,766,65
1607,3470,49060,4529,49060,766,65
1607,3470,49061,4529,49061,766,65
1607,3470,49062,4529,49062,766,65
1607,3470,49063,4529,49063,766,65
1607,3470,49064,4529,49064,766,65
1607,3470,49065,4529,49065,766,65
1607,3470,49066,4529,49066,766,65
1607,3470,49067,4529,49067,766,65
1607,3470,49068,4529,49068,766,65
1607,3470,49069,4529,49069,766,65
1607,3470,49070,4529,49070,766,65
1607,3470,49071,4529,49071,766,65
1607,3470,49072,4529,49072,766,65
1607,3470,49073,4529,49073,766,65
1607,3470,49074,4529,49074,766,65
1607,3470,49075,4529,49075,766,65
1607,3470,49076,4529,49076,766,65
1607,3470,49077,4529,49077,766,65
1607,3470,49078,4529,49078,766,65
1607,3470,49079,4529,49079,766,65
1607,3470,49080,4529,49080,766,65
1607,3470,49081,4529,49081,766,65
1607,3470,49082,4529,49082,766,65
1607,3470,49083,4529,49083,766,65
1607,3470,49084,4529,49084,766,65
1607,3470,49085,4529,49085,766,65
1607,3470,49086,4529,49086,766,65
1607,3470,49087,4529,49087,766,65
1607,3470,49088,4529,49088,766,65
1607,3470,49089,4529,49089,766,65
1607,3470,49090,4529,49090,766,65
1607,3470,49091,4529,49091,766,65
1607,3470,49092,4529,49092,766,65
1607,3470,49093,4529,49093,766,65
1607,3470,49094,4529,49094,766,65
1607,3470,49095,4529,49095,766,65
1607,3470,49096,4529,49096,766,65
1607,3470,49097,4529,49097,766,65
1607,3470,49098,4529,49098,766,65
1607,3470,49099,4529,49099,766,65
1607,3470,49100,4529,49100,766,65
1607,3470,49101,4529,49101,766,65
1607,3470,49102,4529,49102,766,65
1607,3470,49103,4529,49103,766,65
1607,3470,49104,4529,49104,766,65
1607,3470,49105,4529,49105,766,65
1607,3470,49106,4529,49106,766,65
1607,3470,49107,4529,49107,766,65
1607,3470,49108,4529,49108,766,65
1607,3470,49109,4529,49109,766,65
1607,3470,49110,4529,49110,766,65
1607,3470,49111,4529,49111,766,65
1607,3470,49112,4529,49112,766,65
1607,3470,49113,4529,49113,766,65
1607,3470,49114,4529,49114,766,65
1607,3470,49115,4529,49115,766,65
1607,3470,49116,4529,49116,766,65
1606,3470,49117,4529,49117,766,65
1606,3470,49118,4529,49118,766,65
1606,3470,49119,4529,49119,766,65
1606,3470,49120,4529,49120,766,65
1606,3470,49121,4529,49121,766,65
1606,3470,49122,4529,49122,766,65
1606,3470,49123,4529,49123,766,65
1606,3470,49124,4529,49124,766,65
1606,3470,49125,4529,49125,766,65
1606,3470,49126,4529,49126,766,65
1606,3470,49127,4529,49127,766,65
1606,3470,49128,4529,49128,766,65
1606,3470,49129,4529,49129,766,65
1606,3470,49130,4529,49130,766,65
1606,3470,49131,4529,49131,766,65
1606,3470,49132,4529,49132,766,65
1606,3470,49133,4529,49133,766,65
1606,3470,49134,4529,49134,766,65
1606,3470,49135,4529,49135,766,65
1606,3470,49136,4529,49136,766,65
1606,3470,49137,4529,49137,766,65
1606,3470,49138,4529,49138,766,65
1606,3470,49139,4529,49139,766,65
1606,3470,49140,4529,49140,766,65
1606,3470,49141,4529,49141,766,65
1606,3470,49142,4529,49142,766,65
1606,3470,49143,4529,49143,766,65
1606,3470,49144,4529,49144,766,65
1606,3470,49145,4529,49145,766,65
1606,3470,49146,4529,49146,766,65
1606,3470,49147,4529,49147,766,65
1606,3470,49148,4529,49148,766,65
1606,3470,49149,4529,49149,766,65
1606,3470,49150,4529,49150,766,65
1606,3470,49151,4529,49151,766,65
1606,3470,49152,4529,49152,766,65
1606,3470,49153,4529,49153,766,65
1606,3470,49154,4529,49154,766,65
1606,3470,49155,4529,49155,766,65
1606,3470,49156,4529,49156,766,65
1606,3470,49157,4529,49157,766,65
1606,3470,49158,4529,49158,766,65
1606,3470,49159,4529,49159,766,65
1606,3470,49160,4529,49160,766,65
1606,3470,49161,4529,49161,766,65
1606,3470,49162,4529,49162,766,65
1606,3470,49163,4529,49163,766,65
1606,3470,49164,4529,49164,766,65
1606,3470,49165,4529,49165,766,65
1606,3470,49166,4529,49166,766,65
1606,3470,49167,4529,49167,766,65
1606,3470,49168,4529,49168,766,65
1606,3470,49169,4529,49169,766,65
1606,3470,49170,4529,49170,766,65
1606,3470,49171,4529,49171,766,65
1606,3470,49172,4529,49172,766,65
1606,3470,49173,4529,49173,766,65
1606,3470,49174,4529,49174,766,65
1606,3470,49175,4529,49175,766,65
1606,3470,49176,4529,49176,766,65
1606,3470,49177,4529,49177,766,65
1606,3470,49178,4529,49178,766,65
1606,3470,49179,4529,49179,766,65
1606,3470,49180,4529,49180,766,65
1606,3470,49181,4529,49181,766,65
1606,3470,49182,4529,49182,766,65
1606,3470,49183,4529,49183,766,65
1606,3470,49184,4529,49184,766,65
1606,3470,49185,4529,49185,766,65
1606,3470,49186,4529,49186,766,65
1606,3470,49187,4529,49187,766,65
1606,3470,49188,4529,49188,766,65
1606,3470,49189,4529,49189,766,65
1606,3470,49190,4529,49190,766,65
1606,3470,49191,4529,49191,766,65
1606,3470,49192,4529,49192,766,65
1606,3470,49193,4529,49193,766,65
1606,3470,49194,4529,49194,766,65
1606,3470,49195,4529,49195,766,65
1606,3470,49196,4529,49196,766,65
1606,3470,49197,4529,49197,766,65
1606,3470,49198,4529,49198,766,65
1606,3470,49199,4529,49199,766,65
1606,3470,49200,4529,49200,766,65
1606,3470,49201,4529,49201,766,65
1606,3470,49202,4529,49202,766,65
1606,3470,49203,4529,49203,766,65
1606,3470,49204,4529,49204,766,65
1606,3470,49205,4529,49205,766,65
1606,3470,49206,4529,49206,766,65
1606,3470,49207,4529,49207,766,65
1606,3470,49208,4529,49208,766,65
1606,3470,49209,4529,49209,766,65
1606,3470,49210,4529,49210,766,65
1606,3470,49211,4529,49211,766,65
1606,3470,49212,4529,49212,766,65
1606,3470,49213,4529,49213,766,65
1606,3470,49214,4529,49214,766,65
1606,3470,49215,4529,49215,766,65
1606,3470,49216,4529,49216,766,65
1606,3470,49217,4529,49217,766,65
1606,3470,49218,4529,49218,766,65
1606,3470,49219,4529,49219,766,65
1606,3470,49220,4529,49220,766,65
1606,3470,49221,4529,49221,766,65
1606,3470,49222,4529,49222,766,65
1606,3470,49223,4529,49223,766,65
1606,3470,49224,4529,49224,766,65
1606,3470,49225,4529,49225,766,65
1606,3470,49226,4529,49226,766,65
1606,3470,49227,4529,49227,766,65
1606,3470,49228,4529,49228,766,65
1606,3470,49229,4529,49229,766,65
1606,3470,49230,4529,49230,766,65
1606,3470,49231,4529,49231,766,65
1606,3470,49232,4529,49232,766,65
1606,3470,49233,4529,49233,766,65
1606,3470,49234,4529,49234,766,65
1606,3470,49235,4529,49235,766,65
1606,3470,49236,4529,49236,766,65
1606,3470,49237,4529,49237,766,65
1606,3470,49238,4529,49238,766,65
1606,3470,49239,4529,49239,766,65
1606,3470,49240,4529,49240,766,65
1606,3470,49241,4529,49241,766,65
1606,3470,49242,4529,49242,766,65
1606,3470,49243,4529,49243,766,65
1606,3470,49244,4529,49244,766,65
1606,3470,49245,4529,49245,766,65
1606,3470,49246,4529,49246,766,65
1606,3470,49247,4529,49247,766,65
1606,3470,49248,4529,49248,766,65
1606,3470,49249,4529,49249,766,65
1606,3470,49250,4529,49250,766,65
1606,3470,49251,4529,49251,766,65
1606,3470,49252,4529,49252,766,65
1606,3470,49253,4529,49253,766,65
1606,3470,49254,4529,49254,766,65
1606,3470,49255,4529,49255,766,65
1606,3470,49256,4529,49256,766,65
1606,3470,49257,4529,49257,766,65
1606,3470,49258,4529,49258,766,65
1606,3470,49259,4529,49259,766,65
1606,3470,49260,4529,49260,766,65
1606,3470,49261,4529,49261,766,65
1606,3470,49262,4529,49262,766,65
1606,3470,49263,4529,49263,766,65
1606,3470,49264,4529,49264,766,65
1606,3470,49265,4529,49265,766,65
1606,3470,49266,4529,49266,766,65
1606,3470,49267,4529,49267,766,65
1606,3470,49268,4529,49268,766,65
1606,3470,49269,4529,49269,766,65
1606,3470,49270,4529,49270,766,65
1606,3470,49271,4529,49271,766,65
1606,3470,49272,4529,49272,766,65
1606,3470,49273,4529,49273,766,65
1606,3470,49274,4529,49274,766,65
1606,3470,49275,4529,49275,766,65
1606,3470,49276,4529,49276,766,65
1606,3470,49277,4529,49277,766,65
1606,3470,49278,4529,49278,766,65
1606,3470,49279,4529,49279,766,65
1606,3470,49280,4529,49280,766,65
1606,3470,49281,4529,49281,766,65
1606,3470,49282,4529,49282,766,65
1606,3470,49283,4529,49283,766,65
1606,3470,49284,4529,49284,766,65
1606,3470,49285,4529,49285,766,65
1606,3470,49286,4529,49286,766,65
1606,3470,49287,4529,49287,766,65
1606,3470,49288,4529,49288,766,65
1606,3470,49289,4529,49289,766,65
1606,3470,49290,4529,49290,766,65
1606,3470,49291,4529,49291,766,65
1606,3470,49292,4529,49292,766,65
1606,3470,49293,4529,49293,766,65
1606,3470,49294,4529,49294,766,65
1606,3470,49295,4529,49295,766,65
1606,3470,49296,4529,49296,766,65
1606,3470,49297,4529,49297,766,65
1606,3470,49298,4529,49298,766,65
1606,3470,49299,4529,49299,766,65
1606,3470,49300,4529,49300,766,65
1606,3470,49301,4529,49301,766,65
1606,3470,49302,4529,49302,766,65
1606,3470,49303,4529,49303,766,65
1606,3470,49304,4529,49304,766,65
1606,3470,49305,4529,49305,766,65
1606,3470,49306,4529,49306,766,65
1606,3470,49307,4529,49307,766,65
1606,3470,49308,4529,49308,766,65
1606,3470,49309,4529,49309,766,65
1606,3470,49310,4529,49310,766,65
1606,3470,49311,4529,49311,766,65
1606,3470,49312,4529,49312,766,65
1606,3470,49313,4529,49313,766,65
1606,3470,49314,4529,49314,766,65
1606,3470,49315,4529,49315,766,65
1606,3470,49316,4529,49316,766,65
1606,3470,49317,4529,49317,766,65
1606,3470,49318,4529,49318,766,65
1606,3470,49319,4529,49319,766,65
1606,3470,49320,4529,49320,766,65
1606,3470,49321,4529,49321,766,65
1606,3470,49322,4529,49322,766,65
1606,3470,49323,4529,49323,766,65
1606,3470,49324,4529,49324,766,65
1606,3470,49325,4529,49325,766,65
1606,3470,49326,4529,49326,766,65
1606,3470,49327,4529,49327,766,65
1606,3470,49328,4529,49328,766,65
1606,3470,49329,4529,49329,766,65
1606,3470,49330,4529,49330,766,65
1606,3470,49331,4529,49331,766,65
1606,3470,49332,4529,49332,766,65
1606,3470,49333,4529,49333,766,65
1606,3470,49334,4529,49334,766,65
1606,3470,49335,4529,49335,766,65
1606,3470,49336,4529,49336,766,65
1606,3470,49337,4529,49337,766,65
1606,3470,49338,4529,49338,766,65
1606,3470,49339,4529,49339,766,65
1606,3470,49340,4529,49340,766,65
1606,3470,49341,4529,49341,766,65
1606,3470,49342,4529,49342,766,65
1606,3470,49343,4529,49343,766,65
1606,3470,49344,4529,49344,766,65
1606,3470,49345,4529,49345,766,65
1606,3470,49346,4529,49346,766,65
1606,3470,49347,4529,49347,766,65
1606,3470,49348,4529,49348,766,65
1606,3470,49349,4529,49349,766,65
1606,3470,49350,4529,49350,766,65
1606,3470,49351,4529,49351,766,65
1606,3470,49352,4529,49352,766,65
1606,3470,49353,4529,49353,766,65
1606,3470,49354,4529,49354,766,65
1606,3470,49355,4529,49355,766,65
1606,3470,49356,4529,49356,766,65
1606,3470,49357,4529,49357,766,65
1606,3470,49358,4529,49358,766,65
1606,3470,49359,4529,49359,766,65
1606,3470,49360,4529,49360,766,65
1606,3470,49361,4529,49361,766,65
1606,3470,49362,4529,49362,766,65
1606,3470,49363,4529,49363,766,65
1606,3470,49364,4529,49364,766,65
1606,3470,49365,4529,49365,766,65
1606,3470,49366,4529,49366,766,65
1606,3470,49367,4529,49367,766,65
1606,3470,49368,4529,49368,766,65
1606,3470,49369,4529,49369,766,65
1606,3470,49370,4529,49370,766,65
1606,3470,49371,4529,49371,766,65
1606,3470,49372,4529,49372,766,65
1606,3470,49373,4529,49373,766,65
1606,3470,49374,4529,49374,766,65
1606,3470,49375,4529,49375,766,65
1606,3470,49376,4529,49376,766,65
1606,3470,49377,4529,49377,766,65
1606,3470,49378,4529,49378,766,65
1606,3470,49379,4529,49379,766,65
1606,3470,49380,4529,49380,766,65
1606,3470,49381,4529,49381,766,65
1606,3470,49382,4529,49382,766,65
1606,3470,49383,4529,49383,766,65
1606,3470,49384,4529,49384,766,65
1606,3470,49385,4529,49385,766,65
1606,3470,49386,4529,49386,766,65
1606,3470,49387,4529,49387,766,65
1606,3470,49388,4529,49388,766,65
1606,3470,49389,4529,49389,766,65
1606,3470,49390,4529,49390,766,65
1606,3470,49391,4529,49391,766,65
1606,3470,49392,4529,49392,766,65
1606,3470,49393,4529,49393,766,65
1606,3470,49394,4529,49394,766,65
1606,3470,49395,4529,49395,766,65
1606,3470,49396,4529,49396,766,65
1606,3470,49397,4529,49397,766,65
1606,3470,49398,4529,49398,766,65
1606,3470,49399,4529,49399,766,65
1606,3470,49400,4529,49400,766,65
1606,3470,49401,4529,49401,766,65
1606,3470,49402,4529,49402,766,65
1606,3470,49403,4529,49403,766,65
1606,3470,49404,4529,49404,766,65
1606,3470,49405,4529,49405,766,65
1606,3470,49406,4529,49406,766,65
1606,3470,49407,4529,49407,766,65
1606,3470,49408,4529,49408,766,65
1606,3470,49409,4529,49409,766,65
1606,3470,49410,4529,49410,766,65
1606,3470,49411,4529,49411,766,65
1606,3470,49412,4529,49412,766,65
1606,3470,49413,4529,49413,766,65
1606,3470,49414,4529,49414,766,65
1606,3470,49415,4529,49415,766,65
1606,3470,49416,4529,49416,766,65
1606,3470,49417,4529,49417,766,65
1606,3470,49418,4529,49418,766,65
1606,3470,49419,4529,49419,766,65
1606,3470,49420,4529,49420,766,65
1606,3470,49421,4529,49421,766,65
1606,3470,49422,4529,49422,766,65
1606,3470,49423,4529,49423,766,65
1606,3470,49424,4529,49424,766,65
1606,3470,49425,4529,49425,766,65
1606,3470,49426,4529,49426,766,65
1606,3470,49427,4529,49427,766,65
1606,3470,49428,4529,49428,766,65
1606,3470,49429,4529,49429,766,65
1606,3470,49430,4529,49430,766,65
1606,3470,49431,4529,49431,766,65
1606,3470,49432,4529,49432,766,65
1606,3470,49433,4529,49433,766,65
1606,3470,49434,4529,49434,766,65
1606,3470,49435,4529,49435,766,65
1606,3470,49436,4529,49436,766,65
1606,3470,49437,4529,49437,766,65
1606,3470,49438,4529,49438,766,65
1606,3470,49439,4529,49439,766,65
1606,3470,49440,4529,49440,766,65
1606,3470,49441,4529,49441,766,65
1606,3470,49442,4529,49442,766,65
1606,3470,49443,4529,49443,766,65
1606,3470,49444,4529,49444,766,65
1606,3470,49445,4529,49445,766,65
1606,3470,49446,4529,49446,766,65
1606,3470,49447,4529,49447,766,65
1606,3470,49448,4529,49448,766,65
1606,3470,49449,4529,49449,766,65
1606,3470,49450,4529,49450,766,65
1606,3470,49451,4529,49451,766,65
1606,3470,49452,4529,49452,766,65
1606,3470,49453,4529,49453,766,65
1606,3470,49454,4529,49454,766,65
1606,3470,49455,4529,49455,766,65
1606,3470,49456,4529,49456,766,65
1606,3470,49457,4529,49457,766,65
1606,3470,49458,4529,49458,766,65
1606,3470,49459,4529,49459,766,65
1606,3470,49460,4529,49460,766,65
1606,3470,49461,4529,49461,766,65
1606,3470,49462,4529,49462,766,65
1606,3470,49463,4529,49463,766,65
1606,3470,49464,4529,49464,766,65
1606,3470,49465,4529,49465,766,65
1606,3470,49466,4529,49466,766,65
1606,3470,49467,4529,49467,766,65
1606,3470,49468,4529,49468,766,65
1606,3470,49469,4529,49469,766,65
1606,3470,49470,4529,49470,766,65
1606,3470,49471,4529,49471,766,65
1606,3470,49472,4529,49472,766,65
1606,3470,49473,4529,49473,766,65
1606,3470,49474,4529,49474,766,65
1606,3470,49475,4529,49475,766,65
1606,3470,49476,4529,49476,766,65
1606,3470,49477,4529,49477,766,65
1606,3470,49478,4529,49478,766,65
1606,3470,49479,4529,49479,766,65
1606,3470,49480,4529,49480,766,65
1606,3470,49481,4529,49481,766,65
1606,3470,49482,4529,49482,766,65
1606,3470,49483,4529,49483,766,65
1606,3470,49484,4529,49484,766,65
1606,3470,49485,4529,49485,766,65
1606,3470,49486,4529,49486,766,65
1606,3470,49487,4529,49487,766,65
1606,3470,49488,4529,49488,766,65
1606,3470,49489,4529,49489,766,65
1606,3470,49490,4529,49490,766,65
1606,3470,49491,4529,49491,766,65
1606,3470,49492,4529,49492,766,65
1606,3470,49493,4529,49493,766,65
1606,3470,49494,4529,49494,766,65
1606,3470,49495,4529,49495,766,65
1606,3470,49496,4529,49496,766,65
1606,3470,49497,4529,49497,766,65
1606,3470,49498,4529,49498,766,65
1606,3470,49499,4529,49499,766,65
1606,3470,49500,4529,49500,766,65
1606,3470,49501,4529,49501,766,65
1606,3470,49502,4529,49502,766,65
1606,3470,49503,4529,49503,766,65
1605,3470,49504,4529,49504,766,65
1605,3470,49505,4529,49505,766,65
1605,3470,49506,4529,49506,766,65
1605,3470,49507,4529,49507,766,65
1605,3470,49508,4529,49508,766,65
1605,3470,49509,4529,49509,766,65
1605,3470,49510,4529,49510,766,65
1605,3470,49511,4529,49511,766,65
1605,3470,49512,4529,49512,766,65
1605,3470,49513,4529,49513,766,65
1605,3470,49514,4529,49514,766,65
1605,3470,49515,4529,49515,766,65
1605,3470,49516,4529,49516,766,65
1605,3470,49517,4529,49517,766,65
1605,3470,49518,4529,49518,766,65
1605,3470,49519,4529,49519,766,65
1605,3470,49520,4529,49520,766,65
1605,3470,49521,4529,49521,766,65
1605,3470,49522,4529,49522,766,65
1605,3470,49523,4529,49523,766,65
1605,3470,49524,4529,49524,766,65
1605,3470,49525,4529,49525,766,65
1605,3470,49526,4529,49526,766,65
1605,3470,49527,4529,49527,766,65
1605,3470,49528,4529,49528,766,65
1605,3470,49529,4529,49529,766,65
1605,3470,49530,4529,49530,766,65
1605,3470,49531,4529,49531,766,65
1605,3470,49532,4529,49532,766,65
1605,3470,49533,4529,49533,766,65
1605,3470,49534,4529,49534,766,65
1605,3470,49535,4529,49535,766,65
1605,3470,49536,4529,49536,766,65
1606,3470,49537,4529,49537,766,65
1606,3470,49538,4529,49538,766,65
1606,3470,49539,4529,49539,766,65
1606,3470,49540,4529,49540,766,65
1606,3470,49541,4529,49541,766,65
1606,3470,49542,4529,49542,766,65
1606,3470,49543,4529,49543,766,65
1606,3470,49544,4529,49544,766,65
1606,3470,49545,4529,49545,766,65
1606,3470,49546,4529,49546,766,65
1606,3470,49547,4529,49547,766,65
1606,3470,49548,4529,49548,766,65
1606,3470,49549,4529,49549,766,65
1606,3470,49550,4529,49550,766,65
1606,3470,49551,4529,49551,766,65
1606,3470,49552,4529,49552,766,65
1606,3470,49553,4529,49553,766,65
1606,3470,49554,4529,49554,766,65
1606,3470,49555,4529,49555,766,65
1606,3470,49556,4529,49556,766,65
1606,3470,49557,4529,49557,766,65
1606,3470,49558,4529,49558,766,65
1606,3470,49559,4529,49559,766,65
1606,3470,49560,4529,49560,766,65
1606,3470,49561,4529,49561,766,65
1606,3470,49562,4529,49562,766,65
1606,3470,49563,4529,49563,766,65
1606,3470,49564,4529,49564,766,65
1606,3470,49565,4529,49565,766,65
1606,3470,49566,4529,49566,766,65
1606,3470,49567,4529,49567,766,65
1606,3470,49568,4529,49568,766,65
1606,3470,49569,4529,49569,766,65
1606,3470,49570,4529,49570,766,65
1606,3470,49571,4529,49571,766,65
1606,3470,49572,4529,49572,766,65
1606,3470,49573,4529,49573,766,65
1606,3470,49574,4529,49574,766,65
1606,3470,49575,4529,49575,766,65
1606,3470,49576,4529,49576,766,65
1606,3470,49577,4529,49577,766,65
1606,3470,49578,4529,49578,766,65
1606,3470,49579,4529,49579,766,65
1606,3470,49580,4529,49580,766,65
1606,3470,49581,4529,49581,766,65
1606,3470,49582,4529,49582,766,65
1606,3470,49583,4529,49583,766,65
1606,3470,49584,4529,49584,766,65
1606,3470,49585,4529,49585,766,65
1606,3470,49586,4529,49586,766,65
1606,3470,49587,4529,49587,766,65
1606,3470,49588,4529,49588,766,65
1606,3470,49589,4529,49589,766,65
1606,3470,49590,4529,49590,766,65
1606,3470,49591,4529,49591,766,65
1606,3470,49592,4529,49592,766,65
1606,3470,49593,4529,49593,766,65
1606,3470,49594,4529,49594,766,65
1606,3470,49595,4529,49595,766,65
1606,3470,49596,4529,49596,766,65
1606,3470,49597,4529,49597,766,65
1606,3470,49598,4529,49598,766,65
1606,3470,49599,4529,49599,766,65
1606,3470,49600,4529,49600,766,65
1606,3470,49601,4529,49601,766,65
1606,3470,49602,4529,49602,766,65
1606,3470,49603,4529,49603,766,65
1606,3470,49604,4529,49604,766,65
1606,3470,49605,4529,49605,766,65
1606,3470,49606,4529,49606,766,65
1606,3470,49607,4529,49607,766,65
1606,3470,49608,4529,49608,766,65
1606,3470,49609,4529,49609,766,65
1606,3470,49610,4529,49610,766,65
1606,3470,49611,4529,49611,766,65
1606,3470,49612,4529,49612,766,65
1606,3470,49613,4529,49613,766,65
1606,3470,49614,4529,49614,766,65
1606,3470,49615,4529,49615,766,65
1606,3470,49616,4529,49616,766,65
1606,3470,49617,4529,49617,766,65
1606,3470,49618,4529,49618,766,65
1606,3470,49619,4529,49619,766,65
1606,3470,49620,4529,49620,766,65
1606,3470,49621,4529,49621,766,65
1606,3470,49622,4529,49622,766,65
1606,3470,49623,4529,49623,766,65
1606,3470,49624,4529,49624,766,65
1606,3470,49625,4529,49625,766,65
1606,3470,49626,4529,49626,766,65
1606,3470,49627,4529,49627,766,65
1606,3470,49628,4529,49628,766,65
1606,3470,49629,4529,49629,766,65
1606,3470,49630,4529,49630,766,65
1606,3470,49631,4529,49631,766,65
1606,3470,49632,4529,49632,766,65
1606,3470,49633,4529,49633,766,65
1606,3470,49634,4529,49634,766,65
1606,3470,49635,4529,49635,766,65
1606,3470,49636,4529,49636,766,65
1606,3470,49637,4529,49637,766,65
1606,3470,49638,4529,49638,766,65
1606,3470,49639,4529,49639,766,65
1606,3470,49640,4529,49640,766,65
1606,3470,49641,4529,49641,766,65
1606,3470,49642,4529,49642,766,65
1606,3470,49643,4529,49643,766,65
1606,3470,49644,4529,49644,766,65
1606,3470,49645,4529,49645,766,65
1606,3470,49646,4529,49646,766,65
1606,3470,49647,4529,49647,766,65
1606,3470,49648,4529,49648,766,65
1606,3470,49649,4529,49649,766,65
1606,3470,49650,4529,49650,766,65
1606,3470,49651,4529,49651,766,65
1606,3470,49652,4529,49652,766,65
1606,3470,49653,4529,49653,766,65
1606,3470,49654,4529,49654,766,65
1606,3470,49655,4529,49655,766,65
1606,3470,49656,4529,49656,766,65
1606,3470,49657,4529,49657,766,65
1606,3470,49658,4529,49658,766,65
1606,3470,49659,4529,49659,766,65
1606,3470,49660,4529,49660,766,65
1606,3470,49661,4529,49661,766,65
1606,3470,49662,4529,49662,766,65
1606,3470,49663,4529,49663,766,65
1606,3470,49664,4529,49664,766,65
1606,3470,49665,4529,49665,766,65
1606,3470,49666,4529,49666,766,65
1606,3470,49667,4529,49667,766,65
1606,3470,49668,4529,49668,766,65
1606,3470,49669,4529,49669,766,65
1606,3470,49670,4529,49670,766,65
1606,3470,49671,4529,49671,766,65
1606,3470,49672,4529,49672,766,65
1606,3470,49673,4529,49673,766,65
1606,3470,49674,4529,49674,766,65
1606,3470,49675,4529,49675,766,65
1606,3470,49676,4529,49676,766,65
1606,3470,49677,4529,49677,766,65
1606,3470,49678,4529,49678,766,65
1606,3470,49679,4529,49679,766,65
1606,3470,49680,4529,49680,766,65
1606,3470,49681,4529,49681,766,65
1606,3470,49682,4529,49682,766,65
1606,3470,49683,4529,49683,766,65
1606,3470,49684,4529,49684,766,65
1606,3470,49685,4529,49685,766,65
1606,3470,49686,4529,49686,766,65
1606,3470,49687,4529,49687,766,65
1606,3470,49688,4529,49688,766,65
1606,3470,49689,4529,49689,766,65
1606,3470,49690,4529,49690,766,65
1606,3470,49691,4529,49691,766,65
1606,3470,49692,4529,49692,766,65
1606,3470,49693,4529,49693,766,65
1606,3470,49694,4529,49694,766,65
1606,3470,49695,4529,49695,766,65
1606,3470,49696,4529,49696,766,65
1606,3470,49697,4529,49697,766,65
1606,3470,49698,4529,49698,766,65
1606,3470,49699,4529,49699,766,65
1606,3470,49700,4529,49700,766,65
1606,3470,49701,4529,49701,766,65
1606,3470,49702,4529,49702,766,65
1606,3470,49703,4529,49703,766,65
1606,3470,49704,4529,49704,766,65
1606,3470,49705,4529,49705,766,65
1606,3470,49706,4529,49706,766,65
1606,3470,49707,4529,49707,766,65
1606,3470,49708,4529,49708,766,65
1606,3470,49709,4529,49709,766,65
1606,3470,49710,4529,49710,766,65
1606,3470,49711,4529,49711,766,65
1606,3470,49712,4529,49712,766,65
1606,3470,49713,4529,49713,766,65
1606,3470,49714,4529,49714,766,65
1606,3470,49715,4529,49715,766,65
1606,3470,49716,4529,49716,766,65
1606,3470,49717,4529,49717,766,65
1606,3470,49718,4529,49718,766,65
1606,3470,49719,4529,49719,766,65
1606,3470,49720,4529,49720,766,65
1606,3470,49721,4529,49721,766,65
1606,3470,49722,4529,49722,766,65
1606,3470,49723,4529,49723,766,65
1606,3470,49724,4529,49724,766,65
1606,3470,49725,4529,49725,766,65
1606,3470,49726,4529,49726,766,65
1606,3470,49727,4529,49727,766,65
1606,3470,49728,4529,49728,766,65
1606,3470,49729,4529,49729,766,65
1606,3470,49730,4529,49730,766,65
1606,3470,49731,4529,49731,766,65
1606,3470,49732,4529,49732,766,65
1606,3470,49733,4529,49733,766,65
1606,3470,49734,4529,49734,766,65
1606,3470,49735,4529,49735,766,65
1606,3470,49736,4529,49736,766,65
1606,3470,49737,4529,49737,766,65
1606,3470,49738,4529,49738,766,65
1606,3470,49739,4529,49739,766,65
1606,3470,49740,4529,49740,766,65
1606,3470,49741,4529,49741,766,65
1606,3470,49742,4529,49742,766,65
1606,3470,49743,4529,49743,766,65
1606,3470,49744,4529,49744,766,65
1606,3470,49745,4529,49745,766,65
1606,3470,49746,4529,49746,766,65
1606,3470,49747,4529,49747,766,65
1606,3470,49748,4529,49748,766,65
1606,3470,49749,4529,49749,766,65
1606,3470,49750,4529,49750,766,65
1606,3470,49751,4529,49751,766,65
1606,3470,49752,4529,49752,766,65
1606,3470,49753,4529,49753,766,65
1606,3470,49754,4529,49754,766,65
1606,3470,49755,4529,49755,766,65
1606,3470,49756,4529,49756,766,65
1606,3470,49757,4529,49757,766,65
1606,3470,49758,4529,49758,766,65
1606,3470,49759,4529,49759,766,65
1606,3470,49760,4529,49760,766,65
1606,3470,49761,4529,49761,766,65
1606,3470,49762,4529,49762,766,65
1606,3470,49763,4529,49763,766,65
1606,3470,49764,4529,49764,766,65
1606,3470,49765,4529,49765,766,65
1606,3470,49766,4529,49766,766,65
1606,3470,49767,4529,49767,766,65
1606,3470,49768,4529,49768,766,65
1606,3470,49769,4529,49769,766,65
1606,3470,49770,4529,49770,766,65
1606,3470,49771,4529,49771,766,65
1606,3470,49772,4529,49772,766,65
1606,3470,49773,4529,49773,766,65
1606,3470,49774,4529,49774,766,65
1606,3470,49775,4529,49775,766,65
1606,3470,49776,4529,49776,766,65
1606,3470,49777,4529,49777,766,65
1606,3470,49778,4529,49778,766,65
1606,3470,49779,4529,49779,766,65
1606,3470,49780,4529,49780,766,65
1606,3470,49781,4529,49781,766,65
1606,3470,49782,4529,49782,766,65
1606,3470,49783,4529,49783,766,65
1606,3470,49784,4529,49784,766,65
1606,3470,49785,4529,49785,766,65
1606,3470,49786,4529,49786,766,65
1606,3470,49787,4529,49787,766,65
1606,3470,49788,4529,49788,766,65
1606,3470,49789,4529,49789,766,65
1606,3470,49790,4529,49790,766,65
1606,3470,49791,4529,49791,766,65
1606,3470,49792,4529,49792,766,65
1606,3470,49793,4529,49793,766,65
1606,3470,49794,4529,49794,766,65
1606,3470,49795,4529,49795,766,65
1606,3470,49796,4529,49796,766,65
1606,3470,49797,4529,49797,766,65
1606,3470,49798,4529,49798,766,65
1606,3470,49799,4529,49799,766,65
1606,3470,49800,4529,49800,766,65
1606,3470,49801,4529,49801,766,65
1606,3470,49802,4529,49802,766,65
1606,3470,49803,4529,49803,766,65
1606,3470,49804,4529,49804,766,65
1606,3470,49805,4529,49805,766,65
1606,3470,49806,4529,49806,766,65
1606,3470,49807,4529,49807,766,65
1606,3470,49808,4529,49808,766,65
1606,3470,49809,4529,49809,766,65
1606,3470,49810,4529,49810,766,65
1606,3470,49811,4529,49811,766,65
1606,3470,49812,4529,49812,766,65
1606,3470,49813,4529,49813,766,65
1606,3470,49814,4529,49814,766,65
1606,3470,49815,4529,49815,766,65
1606,3470,49816,4529,49816,766,65
1606,3470,49817,4529,49817,766,65
1606,3470,49818,4529,49818,766,65
1606,3470,49819,4529,49819,766,65
1606,3470,49820,4529,49820,766,65
1606,3470,49821,4529,49821,766,65
1606,3470,49822,4529,49822,766,65
1606,3470,49823,4529,49823,766,65
1606,3470,49824,4529,49824,766,65
1606,3470,49825,4529,49825,766,65
1606,3470,49826,4529,49826,766,65
1606,3470,49827,4529,49827,766,65
1606,3470,49828,4529,49828,766,65
1606,3470,49829,4529,49829,766,65
1606,3470,49830,4529,49830,766,65
1606,3470,49831,4529,49831,766,65
1606,3470,49832,4529,49832,766,65
1606,3470,49833,4529,49833,766,65
1606,3470,49834,4529,49834,766,65
1606,3470,49835,4529,49835,766,65
1606,3470,49836,4529,49836,766,65
1606,3470,49837,4529,49837,766,65
1606,3470,49838,4529,49838,766,65
1606,3470,49839,4529,49839,766,65
1606,3470,49840,4529,49840,766,65
1606,3470,49841,4529,49841,766,65
1606,3470,49842,4529,49842,766,65
1606,3470,49843,4529,49843,766,65
1606,3470,49844,4529,49844,766,65
1606,3470,49845,4529,49845,766,65
1606,3470,49846,4529,49846,766,65
1606,3470,49847,4529,49847,766,65
1606,3470,49848,4529,49848,766,65
1606,3470,49849,4529,49849,766,65
1606,3470,49850,4529,49850,766,65
1606,3470,49851,4529,49851,766,65
1606,3470,49852,4529,49852,766,65
1606,3470,49853,4529,49853,766,65
1606,3470,49854,4529,49854,766,65
1606,3470,49855,4529,49855,766,65
1606,3470,49856,4529,49856,766,65
1606,3470,49857,4529,49857,766,65
1606,3470,49858,4529,49858,766,65
1606,3470,49859,4529,49859,766,65
1606,3470,49860,4529,49860,766,65
1606,3470,49861,4529,49861,766,65
1606,3470,49862,4529,49862,766,65
1606,3470,49863,4529,49863,766,65
1606,3470,49864,4529,49864,766,65
1606,3470,49865,4529,49865,766,65
1606,3470,49866,4529,49866,766,65
1606,3470,49867,4529,49867,766,65
1606,3470,49868,4529,49868,766,65
1606,3470,49869,4529,49869,766,65
1606,3470,49870,4529,49870,766,65
1606,3470,49871,4529,49871,766,65
1606,3470,49872,4529,49872,766,65
1606,3470,49873,4529,49873,766,65
1606,3470,49874,4529,49874,766,65
1606,3470,49875,4529,49875,766,65
1606,3470,49876,4529,49876,766,65
1606,3470,49877,4529,49877,766,65
1606,3470,49878,4529,49878,766,65
1606,3470,49879,4529,49879,766,65
1606,3470,49880,4529,49880,766,65
1606,3470,49881,4529,49881,766,65
1606,3470,49882,4529,49882,766,65
1606,3470,49883,4529,49883,766,65
1606,3470,49884,4529,49884,766,65
1606,3470,49885,4529,49885,766,65
1606,3470,49886,4529,49886,766,65
1606,3470,49887,4529,49887,766,65
1606,3470,49888,4529,49888,766,65
1606,3470,49889,4529,49889,766,65
1606,3470,49890,4529,49890,766,65
1606,3470,49891,4529,49891,766,65
1606,3470,49892,4529,49892,766,65
1606,3470,49893,4529,49893,766,65
1606,3470,49894,4529,49894,766,65
1606,3470,49895,4529,49895,766,65
1606,3470,49896,4529,49896,766,65
1606,3470,49897,4529,49897,766,65
1606,3470,49898,4529,49898,766,65
1606,3470,49899,4529,49899,766,65
1606,3470,49900,4529,49900,766,65
1606,3470,49901,4529,49901,766,65
1606,3470,49902,4529,49902,766,65
1606,3470,49903,4529,49903,766,65
1606,3470,49904,4529,49904,766,65
1606,3470,49905,4529,49905,766,65
1606,3470,49906,4529,49906,766,65
1606,3470,49907,4529,49907,766,65
1606,3470,49908,4529,49908,766,65
1606,3470,49909,4529,49909,766,65
1606,3470,49910,4529,49910,766,65
1606,3470,49911,4529,49911,766,65
1606,3470,49912,4529,49912,766,65
1606,3470,49913,4529,49913,766,65
1606,3470,49914,4529,49914,766,65
1606,3470,49915,4529,49915,766,65
1606,3470,49916,4529,49916,766,65
1606,3470,49917,4529,49917,766,65
1606,3470,49918,4529,49918,766,65
1606,3470,49919,4529,49919,766,65
1606,3470,49920,4529,49920,766,65
1606,3470,49921,4529,49921,766,65
1606,3470,49922,4529,49922,766,65
1606,3470,49923,4529,49923,766,65
1606,3470,49924,4529,49924,766,65
1606,3470,49925,4529,49925,766,65
1606,3470,49926,4529,49926,766,65
1606,3470,49927,4529,49927,766,65
1606,3470,49928,4529,49928,766,65
1606,3470,49929,4529,49929,766,65
1606,3470,49930,4529,49930,766,65
1606,3470,49931,4529,49931,766,65
1606,3470,49932,4529,49932,766,65
1606,3470,49933,4529,49933,766,65
1606,3470,49934,4529,49934,766,65
1606,3470,49935,4529,49935,766,65
1606,3470,49936,4529,49936,766,65
1606,3470,49937,4529,49937,766,65
1606,3470,49938,4529,49938,766,65
1606,3470,49939,4529,49939,766,65
1606,3470,49940,4529,49940,766,65
1606,3470,49941,4529,49941,766,65
1606,3470,49942,4529,49942,766,65
1606,3470,49943,4529,49943,766,65
1606,3470,49944,4529,49944,766,65
1606,3470,49945,4529,49945,766,65
1606,3470,49946,4529,49946,766,65
1606,3470,49947,4529,49947,766,65
1606,3470,49948,4529,49948,766,65
1606,3470,49949,4529,49949,766,65
1606,3470,49950,4529,49950,766,65
1606,3470,49951,4529,49951,766,65
1606,3470,49952,4529,49952,766,65
1606,3470,49953,4529,49953,766,65
1606,3470,49954,4529,49954,766,65
1606,3470,49955,4529,49955,766,65
1606,3470,49956,4529,49956,766,65
1606,3470,49957,4529,49957,766,65
1606,3470,49958,4529,49958,766,65
1606,3470,49959,4529,49959,766,65
1606,3470,49960,4529,49960,766,65
1606,3470,49961,4529,49961,766,65
1606,3470,49962,4529,49962,766,65
1607,3470,49963,4529,49963,766,65
1607,3470,49964,4529,49964,766,65
1607,3470,49965,4529,49965,766,65
1607,3470,49966,4529,49966,766,65
1607,3470,49967,4529,49967,766,65
1607,3470,49968,4529,49968,766,65
1607,3470,49969,4529,49969,766,65
1607,3470,49970,4529,49970,766,65
1607,3470,49971,4529,49971,766,65
1607,3470,49972,4529,49972,766,65
1607,3470,49973,4529,49973,766,65
1607,3470,49974,4529,49974,766,65
1607,3470,49975,4529,49975,766,65
1607,3470,49976,4529,49976,766,65
1607,3470,49977,4529,49977,766,65
1607,3470,49978,4529,49978,766,65
1607,3470,49979,4529,49979,766,65
1607,3470,49980,4529,49980,766,65
1607,3470,49981,4529,49981,766,65
1607,3470,49982,4529,49982,766,65
1607,3470,49983,4529,49983,766,65
1607,3470,49984,4529,49984,766,65
1607,3470,49985,4529,49985,766,65
1607,3470,49986,4529,49986,766,65
1607,3470,49987,4529,49987,766,65
1607,3470,49988,4529,49988,766,65
1607,3470,49989,4529,49989,766,65
1607,3470,49990,4529,49990,766,65
1607,3470,49991,4529,49991,766,65
1607,3470,49992,4529,49992,766,65
1607,3470,49993,4529,49993,766,65
1607,3470,49994,4529,49994,766,65
1607,3470,49995,4529,49995,766,65
1607,3470,49996,4529,49996,766,65
1607,3470,49997,4529,49997,766,65
1607,3470,49998,4529,49998,766,65
1607,3470,49999,4529,49999,766,65
1607,3470,50000,4529,50000,766,65
1607,3470,50001,4529,50001,766,65
1607,3470,50002,4529,50002,766,65
1607,3470,50003,4529,50003,766,65
1607,3470,50004,4529,50004,766,65
1607,3470,50005,4529,50005,766,65
1607,3470,50006,4529,50006,766,65
1607,3470,50007,4529,50007,766,65
1607,3470,50008,4529,50008,766,65
1607,3470,50009,4529,50009,766,65
1607,3470,50010,4529,50010,766,65
1607,3470,50011,4529,50011,766,65
1607,3470,50012,4529,50012,766,65
1607,3470,50013,4529,50013,766,65
1607,3470,50014,4529,50014,766,65
1607,3470,50015,4529,50015,766,65
1607,3470,50016,4529,50016,766,65
1607,3470,50017,4529,50017,766,65
1607,3470,50018,4529,50018,766,65
1607,3470,50019,4529,50019,766,65
1607,3470,50020,4529,50020,766,65
1607,3470,50021,4529,50021,766,65
1607,3470,50022,4529,50022,766,65
1607,3470,50023,4529,50023,766,65
1607,3470,50024,4529,50024,766,65
1607,3470,50025,4529,50025,766,65
1607,3470,50026,4529,50026,766,65
1607,3470,50027,4529,50027,766,65
1607,3470,50028,4529,50028,766,65
1607,3470,50029,4529,50029,766,65
1607,3470,50030,4529,50030,766,65
1607,3470,50031,4529,50031,766,65
1607,3470,50032,4529,50032,766,65
1607,3470,50033,4529,50033,766,65
1607,3470,50034,4529,50034,766,65
1607,3470,50035,4529,50035,766,65
1607,3470,50036,4529,50036,766,65
1607,3470,50037,4529,50037,766,65
1607,3470,50038,4529,50038,766,65
1607,3470,50039,4529,50039,766,65
1607,3470,50040,4529,50040,766,65
1607,3470,50041,4529,50041,766,65
1607,3470,50042,4529,50042,766,65
1607,3470,50043,4529,50043,766,65
1607,3470,50044,4529,50044,766,65
1607,3470,50045,4529,50045,766,65
1607,3470,50046,4529,50046,766,65
1607,3470,50047,4529,50047,766,65
1607,3470,50048,4529,50048,766,65
1607,3470,50049,4529,50049,766,65
1607,3470,50050,4529,50050,766,65
1607,3470,50051,4529,50051,766,65
1607,3470,50052,4529,50052,766,65
1607,3470,50053,4529,50053,766,65
1607,3470,50054,4529,50054,766,65
1607,3470,50055,4529,50055,766,65
1607,3470,50056,4529,50056,766,65
1607,3470,50057,4529,50057,766,65
1607,3470,50058,4529,50058,766,65
1607,3470,50059,4529,50059,766,65
1607,3470,50060,4529,50060,766,65
1607,3470,50061,4529,50061,766,65
1607,3470,50062,4529,50062,766,65
1607,3470,50063,4529,50063,766,65
1607,3470,50064,4529,50064,766,65
1607,3470,50065,4529,50065,766,65
1607,3470,50066,4529,50066,766,65
1607,3470,50067,4529,50067,766,65
1607,3470,50068,4529,50068,766,65
1607,3470,50069,4529,50069,766,65
1607,3470,50070,4529,50070,766,65
1607,3470,50071,4529,50071,766,65
1607,3470,50072,4529,50072,766,65
1607,3470,50073,4529,50073,766,65
1607,3470,50074,4529,50074,766,65
1607,3470,50075,4529,50075,766,65
1607,3470,50076,4529,50076,766,65
1607,3470,50077,4529,50077,766,65
1607,3470,50078,4529,50078,766,65
1607,3470,50079,4529,50079,766,65
1607,3470,50080,4529,50080,766,65
1607,3470,50081,4529,50081,766,65
1607,3470,50082,4529,50082,766,65
1607,3470,50083,4529,50083,766,65
1607,3470,50084,4529,50084,766,65
1607,3470,50085,4529,50085,766,65
1607,3470,50086,4529,50086,766,65
1607,3470,50087,4529,50087,766,65
1607,3470,50088,4529,50088,766,65
1607,3470,50089,4529,50089,766,65
1607,3470,50090,4529,50090,766,65
1607,3470,50091,4529,50091,766,65
1607,3470,50092,4529,50092,766,65
1607,3470,50093,4529,50093,766,65
1607,3470,50094,4529,50094,766,65
1607,3470,50095,4529,50095,766,65
1607,3470,50096,4529,50096,766,65
1607,3470,50097,4529,50097,766,65
1607,3470,50098,4529,50098,766,65
1607,3470,50099,4529,50099,766,65
1607,3470,50100,4529,50100,766,65
1607,3470,50101,4529,50101,766,65
1607,3470,50102,4529,50102,766,65
1607,3470,50103,4529,50103,766,65
1607,3470,50104,4529,50104,766,65
1607,3470,50105,4529,50105,766,65
1607,3470,50106,4529,50106,766,65
1607,3470,50107,4529,50107,766,65
1607,3470,50108,4529,50108,766,65
1607,3470,50109,4529,50109,766,65
1607,3470,50110,4529,50110,766,65
1607,3470,50111,4529,50111,766,65
1607,3470,50112,4529,50112,766,65
1607,3470,50113,4529,50113,766,65
1607,3470,50114,4529,50114,766,65
1607,3470,50115,4529,50115,766,65
1607,3470,50116,4529,50116,766,65
1607,3470,50117,4529,50117,766,65
1607,3470,50118,4529,50118,766,65
1607,3470,50119,4529,50119,766,65
1607,3470,50120,4529,50120,766,65
1607,3470,50121,4529,50121,766,65
1607,3470,50122,4529,50122,766,65
1607,3470,50123,4529,50123,766,65
1607,3470,50124,4529,50124,766,65
1607,3470,50125,4529,50125,766,65
1607,3470,50126,4529,50126,766,65
1607,3470,50127,4529,50127,766,65
1607,3470,50128,4529,50128,766,65
1607,3470,50129,4529,50129,766,65
1607,3470,50130,4529,50130,766,65
1607,3470,50131,4529,50131,766,65
1607,3470,50132,4529,50132,766,65
1607,3470,50133,4529,50133,766,65
1607,3470,50134,4529,50134,766,65
1607,3470,50135,4529,50135,766,65
1607,3470,50136,4529,50136,766,65
1608,3470,50137,4529,50137,766,65
1608,3470,50138,4529,50138,766,65
1608,3470,50139,4529,50139,766,65
1608,3470,50140,4529,50140,766,65
1608,3470,50141,4529,50141,766,65
1608,3470,50142,4529,50142,766,65
1608,3470,50143,4529,50143,766,65
1608,3470,50144,4529,50144,766,65
1608,3470,50145,4529,50145,766,65
1608,3470,50146,4529,50146,766,65
1608,3470,50147,4529,50147,766,65
1608,3470,50148,4529,50148,766,65
1608,3470,50149,4529,50149,766,65
1608,3470,50150,4529,50150,766,65
1608,3470,50151,4529,50151,766,65
1608,3470,50152,4529,50152,766,65
1608,3470,50153,4529,50153,766,65
1608,3470,50154,4529,50154,766,65
1608,3470,50155,4529,50155,766,65
1608,3470,50156,4529,50156,766,65
1608,3470,50157,4529,50157,766,65
1608,3470,50158,4529,50158,766,65
1608,3470,50159,4529,50159,766,65
1608,3470,50160,4529,50160,766,65
1608,3470,50161,4529,50161,766,65
1608,3470,50162,4529,50162,766,65
1608,3470,50163,4529,50163,766,65
1608,3470,50164,4529,50164,766,65
1608,3470,50165,4529,50165,766,65
1608,3470,50166,4529,50166,766,65
1608,3470,50167,4529,50167,766,65
1608,3470,50168,4529,50168,766,65
1608,3470,50169,4529,50169,766,65
1608,3470,50170,4529,50170,766,65
1608,3470,50171,4529,50171,766,65
1608,3470,50172,4529,50172,766,65
1608,3470,50173,4529,50173,766,65
1608,3470,50174,4529,50174,766,65
1608,3470,50175,4529,50175,766,65
1608,3470,50176,4529,50176,766,65
1608,3470,50177,4529,50177,766,65
1608,3470,50178,4529,50178,766,65
1608,3470,50179,4529,50179,766,65
1608,3470,50180,4529,50180,766,65
1608,3470,50181,4529,50181,766,65
1608,3470,50182,4529,50182,766,65
1608,3470,50183,4529,50183,766,65
1607,3470,50184,4529,50184,766,65
1607,3470,50185,4529,50185,766,65
1607,3470,50186,4529,50186,766,65
1607,3470,50187,4529,50187,766,65
1607,3470,50188,4529,50188,766,65
1607,3470,50189,4529,50189,766,65
1607,3470,50190,4529,50190,766,65
1607,3470,50191,4529,50191,766,65
1607,3470,50192,4529,50192,766,65
1607,3470,50193,4529,50193,766,65
1607,3470,50194,4529,50194,766,65
1607,3470,50195,4529,50195,766,65
1607,3470,50196,4529,50196,766,65
1607,3470,50197,4529,50197,766,65
1607,3470,50198,4529,50198,766,65
1607,3470,50199,4529,50199,766,65
1607,3470,50200,4529,50200,766,65
1607,3470,50201,4529,50201,766,65
1607,3470,50202,4529,50202,766,65
1607,3470,50203,4529,50203,766,65
1607,3470,50204,4529,50204,766,65
1607,3470,50205,4529,50205,766,65
1607,3470,50206,4529,50206,766,65
1607,3470,50207,4529,50207,766,65
1607,3470,50208,4529,50208,766,65
1607,3470,50209,4529,50209,766,65
1607,3470,50210,4529,50210,766,65
1607,3470,50211,4529,50211,766,65
1607,3470,50212,4529,50212,766,65
1607,3470,50213,4529,50213,766,65
1607,3470,50214,4529,50214,766,65
1607,3470,50215,4529,50215,766,65
1607,3470,50216,4529,50216,766,65
1607,3470,50217,4529,50217,766,65
1607,3470,50218,4529,50218,766,65
1607,3470,50219,4529,50219,766,65
1607,3470,50220,4529,50220,766,65
1607,3470,50221,4529,50221,766,65
1607,3470,50222,4529,50222,766,65
1607,3470,50223,4529,50223,766,65
1607,3470,50224,4529,50224,766,65
1607,3470,50225,4529,50225,766,65
1607,3470,50226,4529,50226,766,65
1607,3470,50227,4529,50227,766,65
1607,3470,50228,4529,50228,766,65
1607,3470,50229,4529,50229,766,65
1607,3470,50230,4529,50230,766,65
1607,3470,50231,4529,50231,766,65
1607,3470,50232,4529,50232,766,65
1607,3470,50233,4529,50233,766,65
1607,3470,50234,4529,50234,766,65
1607,3470,50235,4529,50235,766,65
1607,3470,50236,4529,50236,766,65
1607,3470,50237,4529,50237,766,65
1607,3470,50238,4529,50238,766,65
1607,3470,50239,4529,50239,766,65
1607,3470,50240,4529,50240,766,65
1607,3470,50241,4529,50241,766,65
1607,3470,50242,4529,50242,766,65
1607,3470,50243,4529,50243,766,65
1607,3470,50244,4529,50244,766,65
1607,3470,50245,4529,50245,766,65
1607,3470,50246,4529,50246,766,65
1607,3470,50247,4529,50247,766,65
1607,3470,50248,4529,50248,766,65
1607,3470,50249,4529,50249,766,65
1607,3470,50250,4529,50250,766,65
1607,3470,50251,4529,50251,766,65
1607,3470,50252,4529,50252,766,65
1607,3470,50253,4529,50253,766,65
1607,3470,50254,4529,50254,766,65
1607,3470,50255,4529,50255,766,65
1607,3470,50256,4529,50256,766,65
1607,3470,50257,4529,50257,766,65
1607,3470,50258,4529,50258,766,65
1607,3470,50259,4529,50259,766,65
1607,3470,50260,4529,50260,766,65
1607,3470,50261,4529,50261,766,65
1607,3470,50262,4529,50262,766,65
1607,3470,50263,4529,50263,766,65
1607,3470,50264,4529,50264,766,65
1607,3470,50265,4529,50265,766,65
1607,3470,50266,4529,50266,766,65
1607,3470,50267,4529,50267,766,65
1607,3470,50268,4529,50268,766,65
1607,3470,50269,4529,50269,766,65
1607,3470,50270,4529,50270,766,65
1607,3470,50271,4529,50271,766,65
1607,3470,50272,4529,50272,766,65
1607,3470,50273,4529,50273,766,65
1607,3470,50274,4529,50274,766,65
1607,3470,50275,4529,50275,766,65
1607,3470,50276,4529,50276,766,65
1607,3470,50277,4529,50277,766,65
1607,3470,50278,4529,50278,766,65
1607,3470,50279,4529,50279,766,65
1607,3470,50280,4529,50280,766,65
1607,3470,50281,4529,50281,766,65
1607,3470,50282,4529,50282,766,65
1607,3470,50283,4529,50283,766,65
1607,3470,50284,4529,50284,766,65
1607,3470,50285,4529,50285,766,65
1607,3470,50286,4529,50286,766,65
1607,3470,50287,4529,50287,766,65
1607,3470,50288,4529,50288,766,65
1607,3470,50289,4529,50289,766,65
1607,3470,50290,4529,50290,766,65
1607,3470,50291,4529,50291,766,65
1607,3470,50292,4529,50292,766,65
1607,3470,50293,4529,50293,766,65
1607,3470,50294,4529,50294,766,65
1607,3470,50295,4529,50295,766,65
1607,3470,50296,4529,50296,766,65
1607,3470,50297,4529,50297,766,65
1607,3470,50298,4529,50298,766,65
1607,3470,50299,4529,50299,766,65
1607,3470,50300,4529,50300,766,65
1607,3470,50301,4529,50301,766,65
1607,3470,50302,4529,50302,766,65
1607,3470,50303,4529,50303,766,65
1607,3470,50304,4529,50304,766,65
1607,3470,50305,4529,50305,766,65
1607,3470,50306,4529,50306,766,65
1607,3470,50307,4529,50307,766,65
1607,3470,50308,4529,50308,766,65
1607,3470,50309,4529,50309,766,65
1607,3470,50310,4529,50310,766,65
1607,3470,50311,4529,50311,766,65
1607,3470,50312,4529,50312,766,65
1607,3470,50313,4529,50313,766,65
1607,3470,50314,4529,50314,766,65
1607,3470,50315,4529,50315,766,65
1607,3470,50316,4529,50316,766,65
1607,3470,50317,4529,50317,766,65
1607,3470,50318,4529,50318,766,65
1607,3470,50319,4529,50319,766,65
1607,3470,50320,4529,50320,766,65
1607,3470,50321,4529,50321,766,65
1607,3470,50322,4529,50322,766,65
1607,3470,50323,4529,50323,766,65
1607,3470,50324,4529,50324,766,65
1607,3470,50325,4529,50325,766,65
1607,3470,50326,4529,50326,766,65
1607,3470,50327,4529,50327,766,65
1607,3470,50328,4529,50328,766,65
1607,3470,50329,4529,50329,766,65
1607,3470,50330,4529,50330,766,65
1607,3470,50331,4529,50331,766,65
1607,3470,50332,4529,50332,766,65
1607,3470,50333,4529,50333,766,65
1607,3470,50334,4529,50334,766,65
1607,3470,50335,4529,50335,766,65
1607,3470,50336,4529,50336,766,65
1607,3470,50337,4529,50337,766,65
1607,3470,50338,4529,50338,766,65
1607,3470,50339,4529,50339,766,65
1607,3470,50340,4529,50340,766,65
1607,3470,50341,4529,50341,766,65
1607,3470,50342,4529,50342,766,65
1607,3470,50343,4529,50343,766,65
1607,3470,50344,4529,50344,766,65
1607,3470,50345,4529,50345,766,65
1607,3470,50346,4529,50346,766,65
1607,3470,50347,4529,50347,766,65
1607,3470,50348,4529,50348,766,65
1607,3470,50349,4529,50349,766,65
1607,3470,50350,4529,50350,766,65
1607,3470,50351,4529,50351,766,65
1607,3470,50352,4529,50352,766,65
1607,3470,50353,4529,50353,766,65
1607,3470,50354,4529,50354,766,65
1607,3470,50355,4529,50355,766,65
1607,3470,50356,4529,50356,766,65
1607,3470,50357,4529,50357,766,65
1607,3470,50358,4529,50358,766,65
1607,3470,50359,4529,50359,766,65
1607,3470,50360,4529,50360,766,65
1607,3470,50361,4529,50361,766,65
1607,3470,50362,4529,50362,766,65
1607,3470,50363,4529,50363,766,65
1607,3470,50364,4529,50364,766,65
1607,3470,50365,4529,50365,766,65
1607,3470,50366,4529,50366,766,65
1607,3470,50367,4529,50367,766,65
1607,3470,50368,4529,50368,766,65
1607,3470,50369,4529,50369,766,65
1607,3470,50370,4529,50370,766,65
1607,3470,50371,4529,50371,766,65
1607,3470,50372,4529,50372,766,65
1607,3470,50373,4529,50373,766,65
1607,3470,50374,4529,50374,766,65
1607,3470,50375,4529,50375,766,65
1607,3470,50376,4529,50376,766,65
1607,3470,50377,4529,50377,766,65
1607,3470,50378,4529,50378,766,65
1607,3470,50379,4529,50379,766,65
1607,3470,50380,4529,50380,766,65
1607,3470,50381,4529,50381,766,65
1607,3470,50382,4529,50382,766,65
1607,3470,50383,4529,50383,766,65
1607,3470,50384,4529,50384,766,65
1607,3470,50385,4529,50385,766,65
1607,3470,50386,4529,50386,766,65
1607,3470,50387,4529,50387,766,65
1607,3470,50388,4529,50388,766,65
1607,3470,50389,4529,50389,766,65
1607,3470,50390,4529,50390,766,65
1607,3470,50391,4529,50391,766,65
1607,3470,50392,4529,50392,766,65
1607,3470,50393,4529,50393,766,65
1607,3470,50394,4529,50394,766,65
1607,3470,50395,4529,50395,766,65
1607,3470,50396,4529,50396,766,65
1607,3470,50397,4529,50397,766,65
1607,3470,50398,4529,50398,766,65
1607,3470,50399,4529,50399,766,65
1607,3470,50400,4529,50400,766,65
1607,3470,50401,4529,50401,766,65
1607,3470,50402,4529,50402,766,65
1607,3470,50403,4529,50403,766,65
1607,3470,50404,4529,50404,766,65
1607,3470,50405,4529,50405,766,65
1607,3470,50406,4529,50406,766,65
1607,3470,50407,4529,50407,766,65
1607,3470,50408,4529,50408,766,65
1607,3470,50409,4529,50409,766,65
1607,3470,50410,4529,50410,766,65
1607,3470,50411,4529,50411,766,65
1607,3470,50412,4529,50412,766,65
1607,3470,50413,4529,50413,766,65
1607,3470,50414,4529,50414,766,65
1607,3470,50415,4529,50415,766,65
1607,3470,50416,4529,50416,766,65
1607,3470,50417,4529,50417,766,65
1607,3470,50418,4529,50418,766,65
1607,3470,50419,4529,50419,766,65
1607,3470,50420,4529,50420,766,65
1608,3470,50421,4529,50421,766,65
1608,3470,50422,4529,50422,766,65
1608,3470,50423,4529,50423,766,65
1608,3470,50424,4529,50424,766,65
1608,3470,50425,4529,50425,766,65
1608,3470,50426,4529,50426,766,65
1608,3470,50427,4529,50427,766,65
1608,3470,50428,4529,50428,766,65
1608,3470,50429,4529,50429,766,65
1608,3470,50430,4529,50430,766,65
1608,3470,50431,4529,50431,766,65
1608,3470,50432,4529,50432,766,65
1608,3470,50433,4529,50433,766,65
1608,3470,50434,4529,50434,766,65
1608,3470,50435,4529,50435,766,65
1608,3470,50436,4529,50436,766,65
1608,3470,50437,4529,50437,766,65
1608,3470,50438,4529,50438,766,65
1608,3470,50439,4529,50439,766,65
1608,3470,50440,4529,50440,766,65
1608,3470,50441,4529,50441,766,65
1608,3470,50442,4529,50442,766,65
1608,3470,50443,4529,50443,766,65
1608,3470,50444,4529,50444,766,65
1608,3470,50445,4529,50445,766,65
1608,3470,50446,4529,50446,766,65
1608,3470,50447,4529,50447,766,65
1608,3470,50448,4529,50448,766,65
1608,3470,50449,4529,50449,766,65
1608,3470,50450,4529,50450,766,65
1608,3470,50451,4529,50451,766,65
1608,3470,50452,4529,50452,766,65
1608,3470,50453,4529,50453,766,65
1608,3470,50454,4529,50454,766,65
1608,3470,50455,4529,50455,766,65
1608,3470,50456,4529,50456,766,65
1608,3470,50457,4529,50457,766,65
1608,3470,50458,4529,50458,766,65
1608,3470,50459,4529,50459,766,65
1608,3470,50460,4529,50460,766,65
1608,3470,50461,4529,50461,766,65
1608,3470,50462,4529,50462,766,65
1608,3470,50463,4529,50463,766,65
1608,3470,50464,4529,50464,766,65
1608,3470,50465,4529,50465,766,65
1608,3470,50466,4529,50466,766,65
1608,3470,50467,4529,50467,766,65
1608,3470,50468,4529,50468,766,65
1608,3470,50469,4529,50469,766,65
1608,3470,50470,4529,50470,766,65
1608,3470,50471,4529,50471,766,65
1608,3470,50472,4529,50472,766,65
1608,3470,50473,4529,50473,766,65
1608,3470,50474,4529,50474,766,65
1608,3470,50475,4529,50475,766,65
1608,3470,50476,4529,50476,766,65
1608,3470,50477,4529,50477,766,65
1608,3470,50478,4529,50478,766,65
1608,3470,50479,4529,50479,766,65
1608,3470,50480,4529,50480,766,65
1608,3470,50481,4529,50481,766,65
1608,3470,50482,4529,50482,766,65
1608,3470,50483,4529,50483,766,65
1608,3470,50484,4529,50484,766,65
1608,3470,50485,4529,50485,766,65
1608,3470,50486,4529,50486,766,65
1608,3470,50487,4529,50487,766,65
1608,3470,50488,4529,50488,766,65
1608,3470,50489,4529,50489,766,65
1608,3470,50490,4529,50490,766,65
1608,3470,50491,4529,50491,766,65
1608,3470,50492,4529,50492,766,65
1608,3470,50493,4529,50493,766,65
1608,3470,50494,4529,50494,766,65
1608,3470,50495,4529,50495,766,65
1608,3470,50496,4529,50496,766,65
1608,3470,50497,4529,50497,766,65
1608,3470,50498,4529,50498,766,65
1608,3470,50499,4529,50499,766,65
1608,3470,50500,4529,50500,766,65
1608,3470,50501,4529,50501,766,65
1608,3470,50502,4529,50502,766,65
1608,3470,50503,4529,50503,766,65
1608,3470,50504,4529,50504,766,65
1608,3470,50505,4529,50505,766,65
1608,3470,50506,4529,50506,766,65
1608,3470,50507,4529,50507,766,65
1608,3470,50508,4529,50508,766,65
1608,3470,50509,4529,50509,766,65
1608,3470,50510,4529,50510,766,65
1608,3470,50511,4529,50511,766,65
1608,3470,50512,4529,50512,766,65
1608,3470,50513,4529,50513,766,65
1608,3470,50514,4529,50514,766,65
1608,3470,50515,4529,50515,766,65
1608,3470,50516,4529,50516,766,65
1608,3470,50517,4529,50517,766,65
1608,3470,50518,4529,50518,766,65
1608,3470,50519,4529,50519,766,65
1608,3470,50520,4529,50520,766,65
1608,3470,50521,4529,50521,766,65
1608,3470,50522,4529,50522,766,65
1608,3470,50523,4529,50523,766,65
1608,3470,50524,4529,50524,766,65
1608,3470,50525,4529,50525,766,65
1608,3470,50526,4529,50526,766,65
1608,3470,50527,4529,50527,766,65
1608,3470,50528,4529,50528,766,65
1608,3470,50529,4529,50529,766,65
1608,3470,50530,4529,50530,766,65
1608,3470,50531,4529,50531,766,65
1608,3470,50532,4529,50532,766,65
1608,3470,50533,4529,50533,766,65
1608,3470,50534,4529,50534,766,65
1608,3470,50535,4529,50535,766,65
1608,3470,50536,4529,50536,766,65
1608,3470,50537,4529,50537,766,65
1608,3470,50538,4529,50538,766,65
1608,3470,50539,4529,50539,766,65
1608,3470,50540,4529,50540,766,65
1608,3470,50541,4529,50541,766,65
1608,3470,50542,4529,50542,766,65
1608,3470,50543,4529,50543,766,65
1608,3470,50544,4529,50544,766,65
1608,3470,50545,4529,50545,766,65
1608,3470,50546,4529,50546,766,65
1608,3470,50547,4529,50547,766,65
1608,3470,50548,4529,50548,766,65
1608,3470,50549,4529,50549,766,65
1608,3470,50550,4529,50550,766,65
1608,3470,50551,4529,50551,766,65
1608,3470,50552,4529,50552,766,65
1608,3470,50553,4529,50553,766,65
1608,3470,50554,4529,50554,766,65
1608,3470,50555,4529,50555,766,65
1608,3470,50556,4529,50556,766,65
1608,3470,50557,4529,50557,766,65
1608,3470,50558,4529,50558,766,65
1608,3470,50559,4529,50559,766,65
1608,3470,50560,4529,50560,766,65
1608,3470,50561,4529,50561,766,65
1608,3470,50562,4529,50562,766,65
1608,3470,50563,4529,50563,766,65
1608,3470,50564,4529,50564,766,65
1608,3470,50565,4529,50565,766,65
1608,3470,50566,4529,50566,766,65
1608,3470,50567,4529,50567,766,65
1608,3470,50568,4529,50568,766,65
1608,3470,50569,4529,50569,766,65
1608,3470,50570,4529,50570,766,65
1608,3470,50571,4529,50571,766,65
1608,3470,50572,4529,50572,766,65
1608,3470,50573,4529,50573,766,65
1608,3470,50574,4529,50574,766,65
1608,3470,50575,4529,50575,766,65
1608,3470,50576,4529,50576,766,65
1608,3470,50577,4529,50577,766,65
1608,3470,50578,4529,50578,766,65
1608,3470,50579,4529,50579,766,65
1608,3470,50580,4529,50580,766,65
1608,3470,50581,4529,50581,766,65
1608,3470,50582,4529,50582,766,65
1608,3470,50583,4529,50583,766,65
1608,3470,50584,4529,50584,766,65
1608,3470,50585,4529,50585,766,65
1608,3470,50586,4529,50586,766,65
1608,3470,50587,4529,50587,766,65
1608,3470,50588,4529,50588,766,65
1608,3470,50589,4529,50589,766,65
1608,3470,50590,4529,50590,766,65
1608,3470,50591,4529,50591,766,65
1608,3470,50592,4529,50592,766,65
1608,3470,50593,4529,50593,766,65
1608,3470,50594,4529,50594,766,65
1608,3470,50595,4529,50595,766,65
1608,3470,50596,4529,50596,766,65
1608,3470,50597,4529,50597,766,65
1608,3470,50598,4529,50598,766,65
1608,3470,50599,4529,50599,766,65
1608,3470,50600,4529,50600,766,65
1608,3470,50601,4529,50601,766,65
1608,3470,50602,4529,50602,766,65
1608,3470,50603,4529,50603,766,65
1608,3470,50604,4529,50604,766,65
1608,3470,50605,4529,50605,766,65
1608,3470,50606,4529,50606,766,65
1608,3470,50607,4529,50607,766,65
1608,3470,50608,4529,50608,766,65
1608,3470,50609,4529,50609,766,65
1608,3470,50610,4529,50610,766,65
1608,3470,50611,4529,50611,766,65
1608,3470,50612,4529,50612,766,65
1608,3470,50613,4529,50613,766,65
1608,3470,50614,4529,50614,766,65
1608,3470,50615,4529,50615,766,65
1608,3470,50616,4529,50616,766,65
1608,3470,50617,4529,50617,766,65
1608,3470,50618,4529,50618,766,65
1608,3470,50619,4529,50619,766,65
1608,3470,50620,4529,50620,766,65
1608,3470,50621,4529,50621,766,65
1608,3470,50622,4529,50622,766,65
1608,3470,50623,4529,50623,766,65
1608,3470,50624,4529,50624,766,65
1608,3470,50625,4529,50625,766,65
1608,3470,50626,4529,50626,766,65
1608,3470,50627,4529,50627,766,65
1608,3470,50628,4529,50628,766,65
1608,3470,50629,4529,50629,766,65
1608,3470,50630,4529,50630,766,65
1608,3470,50631,4529,50631,766,65
1608,3470,50632,4529,50632,766,65
1608,3470,50633,4529,50633,766,65
1608,3470,50634,4529,50634,766,65
1608,3470,50635,4529,50635,766,65
1608,3470,50636,4529,50636,766,65
1608,3470,50637,4529,50637,766,65
1608,3470,50638,4529,50638,766,65
1608,3470,50639,4529,50639,766,65
1608,3470,50640,4529,50640,766,65
1608,3470,50641,4529,50641,766,65
1608,3470,50642,4529,50642,766,65
1608,3470,50643,4529,50643,766,65
1608,3470,50644,4529,50644,766,65
1608,3470,50645,4529,50645,766,65
1608,3470,50646,4529,50646,766,65
1608,3470,50647,4529,50647,766,65
1608,3470,50648,4529,50648,766,65
1608,3470,50649,4529,50649,766,65
1608,3470,50650,4529,50650,766,65
1608,3470,50651,4529,50651,766,65
1608,3470,50652,4529,50652,766,65
1608,3470,50653,4529,50653,766,65
1608,3470,50654,4529,50654,766,65
1608,3470,50655,4529,50655,766,65
1608,3470,50656,4529,50656,766,65
1608,3470,50657,4529,50657,766,65
1608,3470,50658,4529,50658,766,65
1608,3470,50659,4529,50659,766,65
1608,3470,50660,4529,50660,766,65
1608,3470,50661,4529,50661,766,65
1608,3470,50662,4529,50662,766,65
1608,3470,50663,4529,50663,766,65
1608,3470,50664,4529,50664,766,65
1608,3470,50665,4529,50665,766,65
1608,3470,50666,4529,50666,766,65
1608,3470,50667,4529,50667,766,65
1608,3470,50668,4529,50668,766,65
1608,3470,50669,4529,50669,766,65
1608,3470,50670,4529,50670,766,65
1608,3470,50671,4529,50671,766,65
1608,3470,50672,4529,50672,766,65
1608,3470,50673,4529,50673,766,65
1608,3470,50674,4529,50674,766,65
1608,3470,50675,4529,50675,766,65
1608,3470,50676,4529,50676,766,65
1608,3470,50677,4529,50677,766,65
1608,3470,50678,4529,50678,766,65
1608,3470,50679,4529,50679,766,65
1608,3470,50680,4529,50680,766,65
1608,3470,50681,4529,50681,766,65
1608,3470,50682,4529,50682,766,65
1608,3470,50683,4529,50683,766,65
1608,3470,50684,4529,50684,766,65
1608,3470,50685,4529,50685,766,65
1608,3470,50686,4529,50686,766,65
1608,3470,50687,4529,50687,766,65
1608,3470,50688,4529,50688,766,65
1608,3470,50689,4529,50689,766,65
1608,3470,50690,4529,50690,766,65
1608,3470,50691,4529,50691,766,65
1608,3470,50692,4529,50692,766,65
1608,3470,50693,4529,50693,766,65
1608,3470,50694,4529,50694,766,65
1608,3470,50695,4529,50695,766,65
1608,3470,50696,4529,50696,766,65
1608,3470,50697,4529,50697,766,65
1608,3470,50698,4529,50698,766,65
1608,3470,50699,4529,50699,766,65
1608,3470,50700,4529,50700,766,65
1608,3470,50701,4529,50701,766,65
1607,3470,50702,4529,50702,766,65
1607,3470,50703,4529,50703,766,65
1607,3470,50704,4529,50704,766,65
1607,3470,50705,4529,50705,766,65
1607,3470,50706,4529,50706,766,65
1607,3470,50707,4529,50707,766,65
1607,3470,50708,4529,50708,766,65
1607,3470,50709,4529,50709,766,65
1607,3470,50710,4529,50710,766,65
1607,3470,50711,4529,50711,766,65
1607,3470,50712,4529,50712,766,65
1607,3470,50713,4529,50713,766,65
1607,3470,50714,4529,50714,766,65
1607,3470,50715,4529,50715,766,65
1607,3470,50716,4529,50716,766,65
1607,3470,50717,4529,50717,766,65
1607,3470,50718,4529,50718,766,65
1607,3470,50719,4529,50719,766,65
1607,3470,50720,4529,50720,766,65
1607,3470,50721,4529,50721,766,65
1607,3470,50722,4529,50722,766,65
1607,3470,50723,4529,50723,766,65
1607,3470,50724,4529,50724,766,65
1607,3470,50725,4529,50725,766,65
1607,3470,50726,4529,50726,766,65
1607,3470,50727,4529,50727,766,65
1607,3470,50728,4529,50728,766,65
1607,3470,50729,4529,50729,766,65
1607,3470,50730,4529,50730,766,65
1607,3470,50731,4529,50731,766,65
1607,3470,50732,4529,50732,766,65
1607,3470,50733,4529,50733,766,65
1607,3470,50734,4529,50734,766,65
1607,3470,50735,4529,50735,766,65
1607,3470,50736,4529,50736,766,65
1607,3470,50737,4529,50737,766,65
1607,3470,50738,4529,50738,766,65
1607,3470,50739,4529,50739,766,65
1607,3470,50740,4529,50740,766,65
1607,3470,50741,4529,50741,766,65
1607,3470,50742,4529,50742,766,65
1607,3470,50743,4529,50743,766,65
1607,3470,50744,4529,50744,766,65
1607,3470,50745,4529,50745,766,65
1607,3470,50746,4529,50746,766,65
1607,3470,50747,4529,50747,766,65
1607,3470,50748,4529,50748,766,65
1607,3470,50749,4529,50749,766,65
1607,3470,50750,4529,50750,766,65
1607,3470,50751,4529,50751,766,65
1607,3470,50752,4529,50752,766,65
1607,3470,50753,4529,50753,766,65
1607,3470,50754,4529,50754,766,65
1607,3470,50755,4529,50755,766,65
1607,3470,50756,4529,50756,766,65
1607,3470,50757,4529,50757,766,65
1607,3470,50758,4529,50758,766,65
1607,3470,50759,4529,50759,766,65
1607,3470,50760,4529,50760,766,65
1607,3470,50761,4529,50761,766,65
1607,3470,50762,4529,50762,766,65
1607,3470,50763,4529,50763,766,65
1607,3470,50764,4529,50764,766,65
1607,3470,50765,4529,50765,766,65
1607,3470,50766,4529,50766,766,65
1607,3470,50767,4529,50767,766,65
1607,3470,50768,4529,50768,766,65
1607,3470,50769,4529,50769,766,65
1607,3470,50770,4529,50770,766,65
1607,3470,50771,4529,50771,766,65
1607,3470,50772,4529,50772,766,65
1607,3470,50773,4529,50773,766,65
1607,3470,50774,4529,50774,766,65
1607,3470,50775,4529,50775,766,65
1607,3470,50776,4529,50776,766,65
1607,3470,50777,4529,50777,766,65
1607,3470,50778,4529,50778,766,65
1607,3470,50779,4529,50779,766,65
1607,3470,50780,4529,50780,766,65
1607,3470,50781,4529,50781,766,65
1607,3470,50782,4529,50782,766,65
1607,3470,50783,4529,50783,766,65
1607,3470,50784,4529,50784,766,65
1607,3470,50785,4529,50785,766,65
1607,3470,50786,4529,50786,766,65
1607,3470,50787,4529,50787,766,65
1607,3470,50788,4529,50788,766,65
1607,3470,50789,4529,50789,766,65
1607,3470,50790,4529,50790,766,65
1607,3470,50791,4529,50791,766,65
1607,3470,50792,4529,50792,766,65
1607,3470,50793,4529,50793,766,65
1607,3470,50794,4529,50794,766,65
1607,3470,50795,4529,50795,766,65
1607,3470,50796,4529,50796,766,65
1607,3470,50797,4529,50797,766,65
1607,3470,50798,4529,50798,766,65
1607,3470,50799,4529,50799,766,65
1607,3470,50800,4529,50800,766,65
1607,3470,50801,4529,50801,766,65
1607,3470,50802,4529,50802,766,65
1607,3470,50803,4529,50803,766,65
1607,3470,50804,4529,50804,766,65
1607,3470,50805,4529,50805,766,65
1607,3470,50806,4529,50806,766,65
1607,3470,50807,4529,50807,766,65
1607,3470,50808,4529,50808,766,65
1607,3470,50809,4529,50809,766,65
1607,3470,50810,4529,50810,766,65
1607,3470,50811,4529,50811,766,65
1607,3470,50812,4529,50812,766,65
1607,3470,50813,4529,50813,766,65
1607,3470,50814,4529,50814,766,65
1607,3470,50815,4529,50815,766,65
1607,3470,50816,4529,50816,766,65
1607,3470,50817,4529,50817,766,65
1607,3470,50818,4529,50818,766,65
1607,3470,50819,4529,50819,766,65
1607,3470,50820,4529,50820,766,65
1607,3470,50821,4529,50821,766,65
1607,3470,50822,4529,50822,766,65
1607,3470,50823,4529,50823,766,65
1607,3470,50824,4529,50824,766,65
1607,3470,50825,4529,50825,766,65
1607,3470,50826,4529,50826,766,65
1607,3470,50827,4529,50827,766,65
1607,3470,50828,4529,50828,766,65
1607,3470,50829,4529,50829,766,65
1607,3470,50830,4529,50830,766,65
1607,3470,50831,4529,50831,766,65
1607,3470,50832,4529,50832,766,65
1607,3470,50833,4529,50833,766,65
1607,3470,50834,4529,50834,766,65
1607,3470,50835,4529,50835,766,65
1607,3470,50836,4529,50836,766,65
1607,3470,50837,4529,50837,766,65
1607,3470,50838,4529,50838,766,65
1607,3470,50839,4529,50839,766,65
1607,3470,50840,4529,50840,766,65
1607,3470,50841,4529,50841,766,65
1607,3470,50842,4529,50842,766,65
1606,3470,50843,4529,50843,766,65
1606,3470,50844,4529,50844,766,65
1606,3470,50845,4529,50845,766,65
1606,3470,50846,4529,50846,766,65
1606,3470,50847,4529,50847,766,65
1606,3470,50848,4529,50848,766,65
1606,3470,50849,4529,50849,766,65
1606,3470,50850,4529,50850,766,65
1606,3470,50851,4529,50851,766,65
1606,3470,50852,4529,50852,766,65
1606,3470,50853,4529,50853,766,65
1606,3470,50854,4529,50854,766,65
1606,3470,50855,4529,50855,766,65
1606,3470,50856,4529,50856,766,65
1606,3470,50857,4529,50857,766,65
1606,3470,50858,4529,50858,766,65
1606,3470,50859,4529,50859,766,65
1606,3470,50860,4529,50860,766,65
1606,3470,50861,4529,50861,766,65
1606,3470,50862,4529,50862,766,65
1606,3470,50863,4529,50863,766,65
1606,3470,50864,4529,50864,766,65
1606,3470,50865,4529,50865,766,65
1605,3470,50866,4529,50866,766,65
1605,3470,50867,4529,50867,766,65
1605,3470,50868,4529,50868,766,65
1605,3470,50869,4529,50869,766,65
1605,3470,50870,4529,50870,766,65
1605,3470,50871,4529,50871,766,65
1605,3470,50872,4529,50872,766,65
1605,3470,50873,4529,50873,766,65
1605,3470,50874,4529,50874,766,65
1605,3470,50875,4529,50875,766,65
1605,3470,50876,4529,50876,766,65
1605,3470,50877,4529,50877,766,65
1605,3470,50878,4529,50878,766,65
1605,3470,50879,4529,50879,766,65
1605,3470,50880,4529,50880,766,65
1605,3470,50881,4529,50881,766,65
1605,3470,50882,4529,50882,766,65
1605,3470,50883,4529,50883,766,65
1605,3470,50884,4529,50884,766,65
1605,3470,50885,4529,50885,766,65
1605,3470,50886,4529,50886,766,65
1605,3470,50887,4529,50887,766,65
1605,3470,50888,4529,50888,766,65
1605,3470,50889,4529,50889,766,65
1605,3470,50890,4529,50890,766,65
1605,3470,50891,4529,50891,766,65
1605,3470,50892,4529,50892,766,65
1605,3470,50893,4529,50893,766,65
1605,3470,50894,4529,50894,766,65
1605,3470,50895,4529,50895,766,65
1605,3470,50896,4529,50896,766,65
1605,3470,50897,4529,50897,766,65
1605,3470,50898,4529,50898,766,65
1605,3470,50899,4529,50899,766,65
1605,3470,50900,4529,50900,766,65
1605,3470,50901,4529,50901,766,65
1605,3470,50902,4529,50902,766,65
1605,3470,50903,4529,50903,766,65
1605,3470,50904,4529,50904,766,65
1605,3470,50905,4529,50905,766,65
1605,3470,50906,4529,50906,766,65
1606,3470,50907,4529,50907,766,65
1606,3470,50908,4529,50908,766,65
1606,3470,50909,4529,50909,766,65
1606,3470,50910,4529,50910,766,65
1606,3470,50911,4529,50911,766,65
1606,3470,50912,4529,50912,766,65
1606,3470,50913,4529,50913,766,65
1606,3470,50914,4529,50914,766,65
1606,3470,50915,4529,50915,766,65
1606,3470,50916,4529,50916,766,65
1606,3470,50917,4529,50917,766,65
1606,3470,50918,4529,50918,766,65
1606,3470,50919,4529,50919,766,65
1606,3470,50920,4529,50920,766,65
1606,3470,50921,4529,50921,766,65
1606,3470,50922,4529,50922,766,65
1606,3470,50923,4529,50923,766,65
1606,3470,50924,4529,50924,766,65
1606,3470,50925,4529,50925,766,65
1606,3470,50926,4529,50926,766,65
1606,3470,50927,4529,50927,766,65
1606,3470,50928,4529,50928,766,65
1606,3470,50929,4529,50929,766,65
1606,3470,50930,4529,50930,766,65
1606,3470,50931,4529,50931,766,65
1606,3470,50932,4529,50932,766,65
1606,3470,50933,4529,50933,766,65
1606,3470,50934,4529,50934,766,65
1606,3470,50935,4529,50935,766,65
1606,3470,50936,4529,50936,766,65
1606,3470,50937,4529,50937,766,65
1606,3470,50938,4529,50938,766,65
1606,3470,50939,4529,50939,766,65
1606,3470,50940,4529,50940,766,65
1606,3470,50941,4529,50941,766,65
1606,3470,50942,4529,50942,766,65
1606,3470,50943,4529,50943,766,65
1606,3470,50944,4529,50944,766,65
1606,3470,50945,4529,50945,766,65
1606,3470,50946,4529,50946,766,65
1606,3470,50947,4529,50947,766,65
1606,3470,50948,4529,50948,766,65
1606,3470,50949,4529,50949,766,65
1606,3470,50950,4529,50950,766,65
1606,3470,50951,4529,50951,766,65
1606,3470,50952,4529,50952,766,65
1606,3470,50953,4529,50953,766,65
1606,3470,50954,4529,50954,766,65
1606,3470,50955,4529,50955,766,65
1606,3470,50956,4529,50956,766,65
1606,3470,50957,4529,50957,766,65
1606,3470,50958,4529,50958,766,65
1606,3470,50959,4529,50959,766,65
1606,3470,50960,4529,50960,766,65
1606,3470,50961,4529,50961,766,65
1606,3470,50962,4529,50962,766,65
1606,3470,50963,4529,50963,766,65
1606,3470,50964,4529,50964,766,65
1606,3470,50965,4529,50965,766,65
1606,3470,50966,4529,50966,766,65
1606,3470,50967,4529,50967,766,65
1606,3470,50968,4529,50968,766,65
1606,3470,50969,4529,50969,766,65
1606,3470,50970,4529,50970,766,65
1606,3470,50971,4529,50971,766,65
1606,3470,50972,4529,50972,766,65
1606,3470,50973,4529,50973,766,65
1606,3470,50974,4529,50974,766,65
1606,3470,50975,4529,50975,766,65
1606,3470,50976,4529,50976,766,65
1606,3470,50977,4529,50977,766,65
1606,3470,50978,4529,50978,766,65
1606,3470,50979,4529,50979,766,65
1606,3470,50980,4529,50980,766,65
1606,3470,50981,4529,50981,766,65
1606,3470,50982,4529,50982,766,65
1606,3470,50983,4529,50983,766,65
1606,3470,50984,4529,50984,766,65
1606,3470,50985,4529,50985,766,65
1606,3470,50986,4529,50986,766,65
1606,3470,50987,4529,50987,766,65
1606,3470,50988,4529,50988,766,65
1606,3470,50989,4529,50989,766,65
1606,3470,50990,4529,50990,766,65
1606,3470,50991,4529,50991,766,65
1606,3470,50992,4529,50992,766,65
1606,3470,50993,4529,50993,766,65
1606,3470,50994,4529,50994,766,65
1606,3470,50995,4529,50995,766,65
1606,3470,50996,4529,50996,766,65
1606,3470,50997,4529,50997,766,65
1606,3470,50998,4529,50998,766,65
1606,3470,50999,4529,50999,766,65
1606,3470,51000,4529,51000,766,65
1606,3470,51001,4529,51001,766,65
1606,3470,51002,4529,51002,766,65
1606,3470,51003,4529,51003,766,65
1606,3470,51004,4529,51004,766,65
1606,3470,51005,4529,51005,766,65
1606,3470,51006,4529,51006,766,65
1606,3470,51007,4529,51007,766,65
1606,3470,51008,4529,51008,766,65
1606,3470,51009,4529,51009,766,65
1606,3470,51010,4529,51010,766,65
1606,3470,51011,4529,51011,766,65
1606,3470,51012,4529,51012,766,65
1606,3470,51013,4529,51013,766,65
1606,3470,51014,4529,51014,766,65
1606,3470,51015,4529,51015,766,65
1606,3470,51016,4529,51016,766,65
1606,3470,51017,4529,51017,766,65
1606,3470,51018,4529,51018,766,65
1606,3470,51019,4529,51019,766,65
1606,3470,51020,4529,51020,766,65
1606,3470,51021,4529,51021,766,65
1606,3470,51022,4529,51022,766,65
1606,3470,51023,4529,51023,766,65
1606,3470,51024,4529,51024,766,65
1606,3470,51025,4529,51025,766,65
1606,3470,51026,4529,51026,766,65
1606,3470,51027,4529,51027,766,65
1606,3470,51028,4529,51028,766,65
1606,3470,51029,4529,51029,766,65
1606,3470,51030,4529,51030,766,65
1606,3470,51031,4529,51031,766,65
1606,3470,51032,4529,51032,766,65
1606,3470,51033,4529,51033,766,65
1606,3470,51034,4529,51034,766,65
1606,3470,51035,4529,51035,766,65
1606,3470,51036,4529,51036,766,65
1606,3470,51037,4529,51037,766,65
1606,3470,51038,4529,51038,766,65
1606,3470,51039,4529,51039,766,65
1606,3470,51040,4529,51040,766,65
1606,3470,51041,4529,51041,766,65
1606,3470,51042,4529,51042,766,65
1606,3470,51043,4529,51043,766,65
1606,3470,51044,4529,51044,766,65
1606,3470,51045,4529,51045,766,65
1606,3470,51046,4529,51046,766,65
1606,3470,51047,4529,51047,766,65
1606,3470,51048,4529,51048,766,65
1606,3470,51049,4529,51049,766,65
1606,3470,51050,4529,51050,766,65
1606,3470,51051,4529,51051,766,65
1606,3470,51052,4529,51052,766,65
1606,3470,51053,4529,51053,766,65
1606,3470,51054,4529,51054,766,65
1606,3470,51055,4529,51055,766,65
1606,3470,51056,4529,51056,766,65
1606,3470,51057,4529,51057,766,65
1606,3470,51058,4529,51058,766,65
1606,3470,51059,4529,51059,766,65
1606,3470,51060,4529,51060,766,65
1606,3470,51061,4529,51061,766,65
1606,3470,51062,4529,51062,766,65
1606,3470,51063,4529,51063,766,65
1606,3470,51064,4529,51064,766,65
1606,3470,51065,4529,51065,766,65
1606,3470,51066,4529,51066,766,65
1606,3470,51067,4529,51067,766,65
1606,3470,51068,4529,51068,766,65
1606,3470,51069,4529,51069,766,65
1606,3470,51070,4529,51070,766,65
1607,3470,51071,4529,51071,766,65
1607,3470,51072,4529,51072,766,65
1607,3470,51073,4529,51073,766,65
1607,3470,51074,4529,51074,766,65
1607,3470,51075,4529,51075,766,65
1607,3470,51076,4529,51076,766,65
1607,3470,51077,4529,51077,766,65
1607,3470,51078,4529,51078,766,65
1607,3470,51079,4529,51079,766,65
1607,3470,51080,4529,51080,766,65
1607,3470,51081,4529,51081,766,65
1607,3470,51082,4529,51082,766,65
1607,3470,51083,4529,51083,766,65
1607,3470,51084,4529,51084,766,65
1607,3470,51085,4529,51085,766,65
1607,3470,51086,4529,51086,766,65
1607,3470,51087,4529,51087,766,65
1607,3470,51088,4529,51088,766,65
1607,3470,51089,4529,51089,766,65
1607,3470,51090,4529,51090,766,65
1607,3470,51091,4529,51091,766,65
1607,3470,51092,4529,51092,766,65
1607,3470,51093,4529,51093,766,65
1607,3470,51094,4529,51094,766,65
1607,3470,51095,4529,51095,766,65
1607,3470,51096,4529,51096,766,65
1607,3470,51097,4529,51097,766,65
1607,3470,51098,4529,51098,766,65
1607,3470,51099,4529,51099,766,65
1607,3470,51100,4529,51100,766,65
1607,3470,51101,4529,51101,766,65
1607,3470,51102,4529,51102,766,65
1607,3470,51103,4529,51103,766,65
1607,3470,51104,4529,51104,766,65
1607,3470,51105,4529,51105,766,65
1607,3470,51106,4529,51106,766,65
1607,3470,51107,4529,51107,766,65
1607,3470,51108,4529,51108,766,65
1607,3470,51109,4529,51109,766,65
1607,3470,51110,4529,51110,766,65
1607,3470,51111,4529,51111,766,65
1607,3470,51112,4529,51112,766,65
1607,3470,51113,4529,51113,766,65
1607,3470,51114,4529,51114,766,65
1607,3470,51115,4529,51115,766,65
1607,3470,51116,4529,51116,766,65
1607,3470,51117,4529,51117,766,65
1607,3470,51118,4529,51118,766,65
1607,3470,51119,4529,51119,766,65
1607,3470,51120,4529,51120,766,65
1607,3470,51121,4529,51121,766,65
1607,3470,51122,4529,51122,766,65
1607,3470,51123,4529,51123,766,65
1607,3470,51124,4529,51124,766,65
1607,3470,51125,4529,51125,766,65
1607,3470,51126,4529,51126,766,65
1607,3470,51127,4529,51127,766,65
1607,3470,51128,4529,51128,766,65
1607,3470,51129,4529,51129,766,65
1607,3470,51130,4529,51130,766,65
1607,3470,51131,4529,51131,766,65
1607,3470,51132,4529,51132,766,65
1607,3470,51133,4529,51133,766,65
1607,3470,51134,4529,51134,766,65
1607,3470,51135,4529,51135,766,65
1608,3470,51136,4529,51136,766,65
1608,3470,51137,4529,51137,766,65
1608,3470,51138,4529,51138,766,65
1608,3470,51139,4529,51139,766,65
1608,3470,51140,4529,51140,766,65
1608,3470,51141,4529,51141,766,65
1608,3470,51142,4529,51142,766,65
1608,3470,51143,4529,51143,766,65
1608,3470,51144,4529,51144,766,65
1608,3470,51145,4529,51145,766,65
1608,3470,51146,4529,51146,766,65
1608,3470,51147,4529,51147,766,65
1608,3470,51148,4529,51148,766,65
1608,3470,51149,4529,51149,766,65
1608,3470,51150,4529,51150,766,65
1608,3470,51151,4529,51151,766,65
1608,3470,51152,4529,51152,766,65
1608,3470,51153,4529,51153,766,65
1608,3470,51154,4529,51154,766,65
1608,3470,51155,4529,51155,766,65
1608,3470,51156,4529,51156,766,65
1608,3470,51157,4529,51157,766,65
1608,3470,51158,4529,51158,766,65
1608,3470,51159,4529,51159,766,65
1608,3470,51160,4529,51160,766,65
1608,3470,51161,4529,51161,766,65
1608,3470,51162,4529,51162,766,65
1608,3470,51163,4529,51163,766,65
1608,3470,51164,4529,51164,766,65
1608,3470,51165,4529,51165,766,65
1608,3470,51166,4529,51166,766,65
1608,3470,51167,4529,51167,766,65
1608,3470,51168,4529,51168,766,65
1608,3470,51169,4529,51169,766,65
1608,3470,51170,4529,51170,766,65
1608,3470,51171,4529,51171,766,65
1608,3470,51172,4529,51172,766,65
1608,3470,51173,4529,51173,766,65
1608,3470,51174,4529,51174,766,65
1608,3470,51175,4529,51175,766,65
1608,3470,51176,4529,51176,766,65
1608,3470,51177,4529,51177,766,65
1608,3470,51178,4529,51178,766,65
1608,3470,51179,4529,51179,766,65
1608,3470,51180,4529,51180,766,65
1608,3470,51181,4529,51181,766,65
1608,3470,51182,4529,51182,766,65
1608,3470,51183,4529,51183,766,65
1608,3470,51184,4529,51184,766,65
1608,3470,51185,4529,51185,766,65
1608,3470,51186,4529,51186,766,65
1608,3470,51187,4529,51187,766,65
1608,3470,51188,4529,51188,766,65
1608,3470,51189,4529,51189,766,65
1608,3470,51190,4529,51190,766,65
1608,3470,51191,4529,51191,766,65
1608,3470,51192,4529,51192,766,65
1608,3470,51193,4529,51193,766,65
1608,3470,51194,4529,51194,766,65
1608,3470,51195,4529,51195,766,65
1608,3470,51196,4529,51196,766,65
1608,3470,51197,4529,51197,766,65
1608,3470,51198,4529,51198,766,65
1608,3470,51199,4529,51199,766,65
1608,3470,51200,4529,51200,766,65
1608,3470,51201,4529,51201,766,65
1608,3470,51202,4529,51202,766,65
1608,3470,51203,4529,51203,766,65
1608,3470,51204,4529,51204,766,65
1608,3470,51205,4529,51205,766,65
1608,3470,51206,4529,51206,766,65
1608,3470,51207,4529,51207,766,65
1608,3470,51208,4529,51208,766,65
1608,3470,51209,4529,51209,766,65
1608,3470,51210,4529,51210,766,65
1608,3470,51211,4529,51211,766,65
1608,3470,51212,4529,51212,766,65
1608,3470,51213,4529,51213,766,65
1608,3470,51214,4529,51214,766,65
1608,3470,51215,4529,51215,766,65
1608,3470,51216,4529,51216,766,65
1608,3470,51217,4529,51217,766,65
1608,3470,51218,4529,51218,766,65
1608,3470,51219,4529,51219,766,65
1608,3470,51220,4529,51220,766,65
1608,3470,51221,4529,51221,766,65
1608,3470,51222,4529,51222,766,65
1608,3470,51223,4529,51223,766,65
1608,3470,51224,4529,51224,766,65
1608,3470,51225,4529,51225,766,65
1608,3470,51226,4529,51226,766,65
1608,3470,51227,4529,51227,766,65
1608,3470,51228,4529,51228,766,65
1608,3470,51229,4529,51229,766,65
1608,3470,51230,4529,51230,766,65
1608,3470,51231,4529,51231,766,65
1608,3470,51232,4529,51232,766,65
1608,3470,51233,4529,51233,766,65
1608,3470,51234,4529,51234,766,65
1608,3470,51235,4529,51235,766,65
1608,3470,51236,4529,51236,766,65
1608,3470,51237,4529,51237,766,65
1608,3470,51238,4529,51238,766,65
1608,3470,51239,4529,51239,766,65
1608,3470,51240,4529,51240,766,65
1608,3470,51241,4529,51241,766,65
1608,3470,51242,4529,51242,766,65
1608,3470,51243,4529,51243,766,65
1608,3470,51244,4529,51244,766,65
1608,3470,51245,4529,51245,766,65
1608,3470,51246,4529,51246,766,65
1608,3470,51247,4529,51247,766,65
1608,3470,51248,4529,51248,766,65
1608,3470,51249,4529,51249,766,65
1608,3470,51250,4529,51250,766,65
1608,3470,51251,4529,51251,766,65
1608,3470,51252,4529,51252,766,65
1608,3470,51253,4529,51253,766,65
1608,3470,51254,4529,51254,766,65
1608,3470,51255,4529,51255,766,65
1608,3470,51256,4529,51256,766,65
1608,3470,51257,4529,51257,766,65
1608,3470,51258,4529,51258,766,65
1608,3470,51259,4529,51259,766,65
1608,3470,51260,4529,51260,766,65
1608,3470,51261,4529,51261,766,65
1608,3470,51262,4529,51262,766,65
1608,3470,51263,4529,51263,766,65
1608,3470,51264,4529,51264,766,65
1608,3470,51265,4529,51265,766,65
1608,3470,51266,4529,51266,766,65
1608,3470,51267,4529,51267,766,65
1608,3470,51268,4529,51268,766,65
1608,3470,51269,4529,51269,766,65
1608,3470,51270,4529,51270,766,65
1608,3470,51271,4529,51271,766,65
1608,3470,51272,4529,51272,766,65
1608,3470,51273,4529,51273,766,65
1608,3470,51274,4529,51274,766,65
1608,3470,51275,4529,51275,766,65
1608,3470,51276,4529,51276,766,65
1608,3470,51277,4529,51277,766,65
1608,3470,51278,4529,51278,766,65
1608,3470,51279,4529,51279,766,65
1608,3470,51280,4529,51280,766,65
1608,3470,51281,4529,51281,766,65
1608,3470,51282,4529,51282,766,65
1608,3470,51283,4529,51283,766,65
1608,3470,51284,4529,51284,766,65
1608,3470,51285,4529,51285,766,65
1608,3470,51286,4529,51286,766,65
1608,3470,51287,4529,51287,766,65
1608,3470,51288,4529,51288,766,65
1608,3470,51289,4529,51289,766,65
1608,3470,51290,4529,51290,766,65
1608,3470,51291,4529,51291,766,65
1608,3470,51292,4529,51292,766,65
1608,3470,51293,4529,51293,766,65
1608,3470,51294,4529,51294,766,65
1608,3470,51295,4529,51295,766,65
1608,3470,51296,4529,51296,766,65
1608,3470,51297,4529,51297,766,65
1608,3470,51298,4529,51298,766,65
1608,3470,51299,4529,51299,766,65
1608,3470,51300,4529,51300,766,65
1608,3470,51301,4529,51301,766,65
1608,3470,51302,4529,51302,766,65
1608,3470,51303,4529,51303,766,65
1608,3470,51304,4529,51304,766,65
1608,3470,51305,4529,51305,766,65
1608,3470,51306,4529,51306,766,65
1608,3470,51307,4529,51307,766,65
1608,3470,51308,4529,51308,766,65
1608,3470,51309,4529,51309,766,65
1608,3470,51310,4529,51310,766,65
1608,3470,51311,4529,51311,766,65
1608,3470,51312,4529,51312,766,65
1608,3470,51313,4529,51313,766,65
1608,3470,51314,4529,51314,766,65
1608,3470,51315,4529,51315,766,65
1608,3470,51316,4529,51316,766,65
1608,3470,51317,4529,51317,766,65
1608,3470,51318,4529,51318,766,65
1608,3470,51319,4529,51319,766,65
1608,3470,51320,4529,51320,766,65
1608,3470,51321,4529,51321,766,65
1608,3470,51322,4529,51322,766,65
1608,3470,51323,4529,51323,766,65
1608,3470,51324,4529,51324,766,65
1608,3470,51325,4529,51325,766,65
1608,3470,51326,4529,51326,766,65
1608,3470,51327,4529,51327,766,65
1608,3470,51328,4529,51328,766,65
1608,3470,51329,4529,51329,766,65
1608,3470,51330,4529,51330,766,65
1608,3470,51331,4529,51331,766,65
1608,3470,51332,4529,51332,766,65
1608,3470,51333,4529,51333,766,65
1608,3470,51334,4529,51334,766,65
1608,3470,51335,4529,51335,766,65
1608,3470,51336,4529,51336,766,65
1608,3470,51337,4529,51337,766,65
1608,3470,51338,4529,51338,766,65
1608,3470,51339,4529,51339,766,65
1608,3470,51340,4529,51340,766,65
1608,3470,51341,4529,51341,766,65
1608,3470,51342,4529,51342,766,65
1608,3470,51343,4529,51343,766,65
1608,3470,51344,4529,51344,766,65
1608,3470,51345,4529,51345,766,65
1608,3470,51346,4529,51346,766,65
1608,3470,51347,4529,51347,766,65
1608,3470,51348,4529,51348,766,65
1608,3470,51349,4529,51349,766,65
1608,3470,51350,4529,51350,766,65
1608,3470,51351,4529,51351,766,65
1608,3470,51352,4529,51352,766,65
1608,3470,51353,4529,51353,766,65
1608,3470,51354,4529,51354,766,65
1608,3470,51355,4529,51355,766,65
1608,3470,51356,4529,51356,766,65
1608,3470,51357,4529,51357,766,65
1608,3470,51358,4529,51358,766,65
1608,3470,51359,4529,51359,766,65
1608,3470,51360,4529,51360,766,65
1608,3470,51361,4529,51361,766,65
1608,3470,51362,4529,51362,766,65
1608,3470,51363,4529,51363,766,65
1608,3470,51364,4529,51364,766,65
1608,3470,51365,4529,51365,766,65
1608,3470,51366,4529,51366,766,65
1608,3470,51367,4529,51367,766,65
1608,3470,51368,4529,51368,766,65
1608,3470,51369,4529,51369,766,65
1608,3470,51370,4529,51370,766,65
1608,3470,51371,4529,51371,766,65
1608,3470,51372,4529,51372,766,65
1608,3470,51373,4529,51373,766,65
1608,3470,51374,4529,51374,766,65
1608,3470,51375,4529,51375,766,65
1608,3470,51376,4529,51376,766,65
1608,3470,51377,4529,51377,766,65
1608,3470,51378,4529,51378,766,65
1608,3470,51379,4529,51379,766,65
1608,3470,51380,4529,51380,766,65
1608,3470,51381,4529,51381,766,65
1608,3470,51382,4529,51382,766,65
1608,3470,51383,4529,51383,766,65
1608,3470,51384,4529,51384,766,65
1608,3470,51385,4529,51385,766,65
1608,3470,51386,4529,51386,766,65
1608,3470,51387,4529,51387,766,65
1608,3470,51388,4529,51388,766,65
1608,3470,51389,4529,51389,766,65
1608,3470,51390,4529,51390,766,65
1608,3470,51391,4529,51391,766,65
1608,3470,51392,4529,51392,766,65
1608,3470,51393,4529,51393,766,65
1608,3470,51394,4529,51394,766,65
1608,3470,51395,4529,51395,766,65
1608,3470,51396,4529,51396,766,65
1608,3470,51397,4529,51397,766,65
1608,3470,51398,4529,51398,766,65
1608,3470,51399,4529,51399,766,65
1608,3470,51400,4529,51400,766,65
1608,3470,51401,4529,51401,766,65
1608,3470,51402,4529,51402,766,65
1608,3470,51403,4529,51403,766,65
1608,3470,51404,4529,51404,766,65
1608,3470,51405,4529,51405,766,65
1608,3470,51406,4529,51406,766,65
1608,3470,51407,4529,51407,766,65
1608,3470,51408,4529,51408,766,65
1608,3470,51409,4529,51409,766,65
1608,3470,51410,4529,51410,766,65
1608,3470,51411,4529,51411,766,65
1608,3470,51412,4529,51412,766,65
1608,3470,51413,4529,51413,766,65
1608,3470,51414,4529,51414,766,65
1608,3470,51415,4529,51415,766,65
1608,3470,51416,4529,51416,766,65
1608,3470,51417,4529,51417,766,65
1608,3470,51418,4529,51418,766,65
1608,3470,51419,4529,51419,766,65
1608,3470,51420,4529,51420,766,65
1608,3470,51421,4529,51421,766,65
1608,3470,51422,4529,51422,766,65
1608,3470,51423,4529,51423,766,65
1608,3470,51424,4529,51424,766,65
1608,3470,51425,4529,51425,766,65
1608,3470,51426,4529,51426,766,65
1608,3470,51427,4529,51427,766,65
1608,3470,51428,4529,51428,766,65
1608,3470,51429,4529,51429,766,65
1608,3470,51430,4529,51430,766,65
1608,3470,51431,4529,51431,766,65
1608,3470,51432,4529,51432,766,65
1608,3470,51433,4529,51433,766,65
1608,3470,51434,4529,51434,766,65
1608,3470,51435,4529,51435,766,65
1608,3470,51436,4529,51436,766,65
1608,3470,51437,4529,51437,766,65
1608,3470,51438,4529,51438,766,65
1608,3470,51439,4529,51439,766,65
1608,3470,51440,4529,51440,766,65
1608,3470,51441,4529,51441,766,65
1608,3470,51442,4529,51442,766,65
1608,3470,51443,4529,51443,766,65
1608,3470,51444,4529,51444,766,65
1608,3470,51445,4529,51445,766,65
1608,3470,51446,4529,51446,766,65
1608,3470,51447,4529,51447,766,65
1608,3470,51448,4529,51448,766,65
1608,3470,51449,4529,51449,766,65
1608,3470,51450,4529,51450,766,65
1608,3470,51451,4529,51451,766,65
1608,3470,51452,4529,51452,766,65
1608,3470,51453,4529,51453,766,65
1608,3470,51454,4529,51454,766,65
1608,3470,51455,4529,51455,766,65
1608,3470,51456,4529,51456,766,65
1608,3470,51457,4529,51457,766,65
1608,3470,51458,4529,51458,766,65
1608,3470,51459,4529,51459,766,65
1608,3470,51460,4529,51460,766,65
1608,3470,51461,4529,51461,766,65
1608,3470,51462,4529,51462,766,65
1608,3470,51463,4529,51463,766,65
1608,3470,51464,4529,51464,766,65
1608,3470,51465,4529,51465,766,65
1608,3470,51466,4529,51466,766,65
1608,3470,51467,4529,51467,766,65
1608,3470,51468,4529,51468,766,65
1608,3470,51469,4529,51469,766,65
1608,3470,51470,4529,51470,766,65
1608,3470,51471,4529,51471,766,65
1608,3470,51472,4529,51472,766,65
1608,3470,51473,4529,51473,766,65
1608,3470,51474,4529,51474,766,65
1608,3470,51475,4529,51475,766,65
1608,3470,51476,4529,51476,766,65
1608,3470,51477,4529,51477,766,65
1608,3470,51478,4529,51478,766,65
1608,3470,51479,4529,51479,766,65
1608,3470,51480,4529,51480,766,65
1608,3470,51481,4529,51481,766,65
1608,3470,51482,4529,51482,766,65
1608,3470,51483,4529,51483,766,65
1607,3470,51484,4529,51484,766,65
1607,3470,51485,4529,51485,766,65
1607,3470,51486,4529,51486,766,65
1607,3470,51487,4529,51487,766,65
1607,3470,51488,4529,51488,766,65
1607,3470,51489,4529,51489,766,65
1607,3470,51490,4529,51490,766,65
1607,3470,51491,4529,51491,766,65
1607,3470,51492,4529,51492,766,65
1607,3470,51493,4529,51493,766,65
1607,3470,51494,4529,51494,766,65
1607,3470,51495,4529,51495,766,65
1607,3470,51496,4529,51496,766,65
1607,3470,51497,4529,51497,766,65
1607,3470,51498,4529,51498,766,65
1607,3470,51499,4529,51499,766,65
1607,3470,51500,4529,51500,766,65
1607,3470,51501,4529,51501,766,65
1607,3470,51502,4529,51502,766,65
1607,3470,51503,4529,51503,766,65
1607,3470,51504,4529,51504,766,65
1607,3470,51505,4529,51505,766,65
1607,3470,51506,4529,51506,766,65
1607,3470,51507,4529,51507,766,65
1607,3470,51508,4529,51508,766,65
1607,3470,51509,4529,51509,766,65
1607,3470,51510,4529,51510,766,65
1607,3470,51511,4529,51511,766,65
1607,3470,51512,4529,51512,766,65
1607,3470,51513,4529,51513,766,65
1607,3470,51514,4529,51514,766,65
1607,3470,51515,4529,51515,766,65
1607,3470,51516,4529,51516,766,65
1607,3470,51517,4529,51517,766,65
1607,3470,51518,4529,51518,766,65
1607,3470,51519,4529,51519,766,65
1607,3470,51520,4529,51520,766,65
1607,3470,51521,4529,51521,766,65
1607,3470,51522,4529,51522,766,65
1607,3470,51523,4529,51523,766,65
1607,3470,51524,4529,51524,766,65
1607,3470,51525,4529,51525,766,65
1607,3470,51526,4529,51526,766,65
1607,3470,51527,4529,51527,766,65
1607,3470,51528,4529,51528,766,65
1607,3470,51529,4529,51529,766,65
1607,3470,51530,4529,51530,766,65
1607,3470,51531,4529,51531,766,65
1607,3470,51532,4529,51532,766,65
1607,3470,51533,4529,51533,766,65
1607,3470,51534,4529,51534,766,65
1607,3470,51535,4529,51535,766,65
1607,3470,51536,4529,51536,766,65
1607,3470,51537,4529,51537,766,65
1607,3470,51538,4529,51538,766,65
1607,3470,51539,4529,51539,766,65
1607,3470,51540,4529,51540,766,65
1607,3470,51541,4529,51541,766,65
1607,3470,51542,4529,51542,766,65
1607,3470,51543,4529,51543,766,65
1607,3470,51544,4529,51544,766,65
1607,3470,51545,4529,51545,766,65
1607,3470,51546,4529,51546,766,65
1607,3470,51547,4529,51547,766,65
1607,3470,51548,4529,51548,766,65
1607,3470,51549,4529,51549,766,65
1607,3470,51550,4529,51550,766,65
1607,3470,51551,4529,51551,766,65
1607,3470,51552,4529,51552,766,65
1607,3470,51553,4529,51553,766,65
1607,3470,51554,4529,51554,766,65
1607,3470,51555,4529,51555,766,65
1607,3470,51556,4529,51556,766,65
1607,3470,51557,4529,51557,766,65
1607,3470,51558,4529,51558,766,65
1607,3470,51559,4529,51559,766,65
1607,3470,51560,4529,51560,766,65
1607,3470,51561,4529,51561,766,65
1607,3470,51562,4529,51562,766,65
1607,3470,51563,4529,51563,766,65
1607,3470,51564,4529,51564,766,65
1607,3470,51565,4529,51565,766,65
1607,3470,51566,4529,51566,766,65
1607,3470,51567,4529,51567,766,65
1607,3470,51568,4529,51568,766,65
1607,3470,51569,4529,51569,766,65
1607,3470,51570,4529,51570,766,65
1607,3470,51571,4529,51571,766,65
1607,3470,51572,4529,51572,766,65
1607,3470,51573,4529,51573,766,65
1607,3470,51574,4529,51574,766,65
1607,3470,51575,4529,51575,766,65
1607,3470,51576,4529,51576,766,65
1607,3470,51577,4529,51577,766,65
1607,3470,51578,4529,51578,766,65
1607,3470,51579,4529,51579,766,65
1607,3470,51580,4529,51580,766,65
1607,3470,51581,4529,51581,766,65
1607,3470,51582,4529,51582,766,65
1607,3470,51583,4529,51583,766,65
1607,3470,51584,4529,51584,766,65
1607,3470,51585,4529,51585,766,65
1607,3470,51586,4529,51586,766,65
1607,3470,51587,4529,51587,766,65
1607,3470,51588,4529,51588,766,65
1607,3470,51589,4529,51589,766,65
1607,3470,51590,4529,51590,766,65
1607,3470,51591,4529,51591,766,65
1607,3470,51592,4529,51592,766,65
1607,3470,51593,4529,51593,766,65
1607,3470,51594,4529,51594,766,65
1607,3470,51595,4529,51595,766,65
1607,3470,51596,4529,51596,766,65
1607,3470,51597,4529,51597,766,65
1607,3470,51598,4529,51598,766,65
1607,3470,51599,4529,51599,766,65
1607,3470,51600,4529,51600,766,65
1607,3470,51601,4529,51601,766,65
1607,3470,51602,4529,51602,766,65
1607,3470,51603,4529,51603,766,65
1607,3470,51604,4529,51604,766,65
1607,3470,51605,4529,51605,766,65
1607,3470,51606,4529,51606,766,65
1607,3470,51607,4529,51607,766,65
1607,3470,51608,4529,51608,766,65
1607,3470,51609,4529,51609,766,65
1607,3470,51610,4529,51610,766,65
1607,3470,51611,4529,51611,766,65
1607,3470,51612,4529,51612,766,65
1607,3470,51613,4529,51613,766,65
1607,3470,51614,4529,51614,766,65
1607,3470,51615,4529,51615,766,65
1607,3470,51616,4529,51616,766,65
1607,3470,51617,4529,51617,766,65
1607,3470,51618,4529,51618,766,65
1607,3470,51619,4529,51619,766,65
1607,3470,51620,4529,51620,766,65
1607,3470,51621,4529,51621,766,65
1607,3470,51622,4529,51622,766,65
1607,3470,51623,4529,51623,766,65
1607,3470,51624,4529,51624,766,65
1607,3470,51625,4529,51625,766,65
1607,3470,51626,4529,51626,766,65
1607,3470,51627,4529,51627,766,65
1607,3470,51628,4529,51628,766,65
1607,3470,51629,4529,51629,766,65
1607,3470,51630,4529,51630,766,65
1607,3470,51631,4529,51631,766,65
1607,3470,51632,4529,51632,766,65
1607,3470,51633,4529,51633,766,65
1607,3470,51634,4529,51634,766,65
1607,3470,51635,4529,51635,766,65
1607,3470,51636,4529,51636,766,65
1607,3470,51637,4529,51637,766,65
1607,3470,51638,4529,51638,766,65
1607,3470,51639,4529,51639,766,65
1607,3470,51640,4529,51640,766,65
1607,3470,51641,4529,51641,766,65
1607,3470,51642,4529,51642,766,65
1607,3470,51643,4529,51643,766,65
1607,3470,51644,4529,51644,766,65
1607,3470,51645,4529,51645,766,65
1607,3470,51646,4529,51646,766,65
1607,3470,51647,4529,51647,766,65
1607,3470,51648,4529,51648,766,65
1607,3470,51649,4529,51649,766,65
1607,3470,51650,4529,51650,766,65
1607,3470,51651,4529,51651,766,65
1607,3470,51652,4529,51652,766,65
1607,3470,51653,4529,51653,766,65
1607,3470,51654,4529,51654,766,65
1607,3470,51655,4529,51655,766,65
1607,3470,51656,4529,51656,766,65
1607,3470,51657,4529,51657,766,65
1607,3470,51658,4529,51658,766,65
1607,3470,51659,4529,51659,766,65
1607,3470,51660,4529,51660,766,65
1607,3470,51661,4529,51661,766,65
1607,3470,51662,4529,51662,766,65
1607,3470,51663,4529,51663,766,65
1607,3470,51664,4529,51664,766,65
1607,3470,51665,4529,51665,766,65
1607,3470,51666,4529,51666,766,65
1607,3470,51667,4529,51667,766,65
1607,3470,51668,4529,51668,766,65
1607,3470,51669,4529,51669,766,65
1607,3470,51670,4529,51670,766,65
1607,3470,51671,4529,51671,766,65
1607,3470,51672,4529,51672,766,65
1607,3470,51673,4529,51673,766,65
1607,3470,51674,4529,51674,766,65
1607,3470,51675,4529,51675,766,65
1607,3470,51676,4529,51676,766,65
1607,3470,51677,4529,51677,766,65
1607,3470,51678,4529,51678,766,65
1607,3470,51679,4529,51679,766,65
1607,3470,51680,4529,51680,766,65
1607,3470,51681,4529,51681,766,65
1607,3470,51682,4529,51682,766,65
1607,3470,51683,4529,51683,766,65
1607,3470,51684,4529,51684,766,65
1607,3470,51685,4529,51685,766,65
1607,3470,51686,4529,51686,766,65
1607,3470,51687,4529,51687,766,65
1607,3470,51688,4529,51688,766,65
1607,3470,51689,4529,51689,766,65
1607,3470,51690,4529,51690,766,65
1607,3470,51691,4529,51691,766,65
1607,3470,51692,4529,51692,766,65
1607,3470,51693,4529,51693,766,65
1607,3470,51694,4529,51694,766,65
1607,3470,51695,4529,51695,766,65
1607,3470,51696,4529,51696,766,65
1607,3470,51697,4529,51697,766,65
1607,3470,51698,4529,51698,766,65
1607,3470,51699,4529,51699,766,65
1607,3470,51700,4529,51700,766,65
1607,3470,51701,4529,51701,766,65
1607,3470,51702,4529,51702,766,65
1607,3470,51703,4529,51703,766,65
1607,3470,51704,4529,51704,766,65
1607,3470,51705,4529,51705,766,65
1607,3470,51706,4529,51706,766,65
1607,3470,51707,4529,51707,766,65
1607,3470,51708,4529,51708,766,65
1607,3470,51709,4529,51709,766,65
1607,3470,51710,4529,51710,766,65
1607,3470,51711,4529,51711,766,65
1607,3470,51712,4529,51712,766,65
1607,3470,51713,4529,51713,766,65
1607,3470,51714,4529,51714,766,65
1607,3470,51715,4529,51715,766,65
1607,3470,51716,4529,51716,766,65
1607,3470,51717,4529,51717,766,65
1607,3470,51718,4529,51718,766,65
1607,3470,51719,4529,51719,766,65
1607,3470,51720,4529,51720,766,65
1607,3470,51721,4529,51721,766,65
1607,3470,51722,4529,51722,766,65
1607,3470,51723,4529,51723,766,65
1608,3470,51724,4529,51724,766,65
1608,3470,51725,4529,51725,766,65
1608,3470,51726,4529,51726,766,65
1608,3470,51727,4529,51727,766,65
1608,3470,51728,4529,51728,766,65
1608,3470,51729,4529,51729,766,65
1608,3470,51730,4529,51730,766,65
1608,3470,51731,4529,51731,766,65
1608,3470,51732,4529,51732,766,65
1608,3470,51733,4529,51733,766,65
1608,3470,51734,4529,51734,766,65
1608,3470,51735,4529,51735,766,65
1608,3470,51736,4529,51736,766,65
1608,3470,51737,4529,51737,766,65
1608,3470,51738,4529,51738,766,65
1608,3470,51739,4529,51739,766,65
1608,3470,51740,4529,51740,766,65
1608,3470,51741,4529,51741,766,65
1608,3470,51742,4529,51742,766,65
1608,3470,51743,4529,51743,766,65
1608,3470,51744,4529,51744,766,65
1608,3470,51745,4529,51745,766,65
1608,3470,51746,4529,51746,766,65
1608,3470,51747,4529,51747,766,65
1608,3470,51748,4529,51748,766,65
1608,3470,51749,4529,51749,766,65
1608,3470,51750,4529,51750,766,65
1608,3470,51751,4529,51751,766,65
1608,3470,51752,4529,51752,766,65
1608,3470,51753,4529,51753,766,65
1608,3470,51754,4529,51754,766,65
1608,3470,51755,4529,51755,766,65
1608,3470,51756,4529,51756,766,65
1608,3470,51757,4529,51757,766,65
1608,3470,51758,4529,51758,766,65
1608,3470,51759,4529,51759,766,65
1608,3470,51760,4529,51760,766,65
1608,3470,51761,4529,51761,766,65
1608,3470,51762,4529,51762,766,65
1608,3470,51763,4529,51763,766,65
1608,3470,51764,4529,51764,766,65
1608,3470,51765,4529,51765,766,65
1608,3470,51766,4529,51766,766,65
1608,3470,51767,4529,51767,766,65
1608,3470,51768,4529,51768,766,65
1608,3470,51769,4529,51769,766,65
1608,3470,51770,4529,51770,766,65
1608,3470,51771,4529,51771,766,65
1608,3470,51772,4529,51772,766,65
1608,3470,51773,4529,51773,766,65
1608,3470,51774,4529,51774,766,65
1608,3470,51775,4529,51775,766,65
1608,3470,51776,4529,51776,766,65
1608,3470,51777,4529,51777,766,65
1608,3470,51778,4529,51778,766,65
1608,3470,51779,4529,51779,766,65
1608,3470,51780,4529,51780,766,65
1608,3470,51781,4529,51781,766,65
1608,3470,51782,4529,51782,766,65
1608,3470,51783,4529,51783,766,65
1608,3470,51784,4529,51784,766,65
1608,3470,51785,4529,51785,766,65
1608,3470,51786,4529,51786,766,65
1608,3470,51787,4529,51787,766,65
1608,3470,51788,4529,51788,766,65
1608,3470,51789,4529,51789,766,65
1608,3470,51790,4529,51790,766,65
1608,3470,51791,4529,51791,766,65
1608,3470,51792,4529,51792,766,65
1608,3470,51793,4529,51793,766,65
1608,3470,51794,4529,51794,766,65
1608,3470,51795,4529,51795,766,65
1608,3470,51796,4529,51796,766,65
1608,3470,51797,4529,51797,766,65
1608,3470,51798,4529,51798,766,65
1608,3470,51799,4529,51799,766,65
1608,3470,51800,4529,51800,766,65
1607,3470,51801,4529,51801,766,65
1607,3470,51802,4529,51802,766,65
1607,3470,51803,4529,51803,766,65
1607,3470,51804,4529,51804,766,65
1607,3470,51805,4529,51805,766,65
1607,3470,51806,4529,51806,766,65
1607,3470,51807,4529,51807,766,65
1607,3470,51808,4529,51808,766,65
1607,3470,51809,4529,51809,766,65
1607,3470,51810,4529,51810,766,65
1607,3470,51811,4529,51811,766,65
1607,3470,51812,4529,51812,766,65
1607,3470,51813,4529,51813,766,65
1607,3470,51814,4529,51814,766,65
1607,3470,51815,4529,51815,766,65
1607,3470,51816,4529,51816,766,65
1607,3470,51817,4529,51817,766,65
1607,3470,51818,4529,51818,766,65
1607,3470,51819,4529,51819,766,65
1607,3470,51820,4529,51820,766,65
1607,3470,51821,4529,51821,766,65
1607,3470,51822,4529,51822,766,65
1607,3470,51823,4529,51823,766,65
1606,3470,51824,4529,51824,766,65
1606,3470,51825,4529,51825,766,65
1606,3470,51826,4529,51826,766,65
1606,3470,51827,4529,51827,766,65
1606,3470,51828,4529,51828,766,65
1606,3470,51829,4529,51829,766,65
1606,3470,51830,4529,51830,766,65
1606,3470,51831,4529,51831,766,65
1606,3470,51832,4529,51832,766,65
1606,3470,51833,4529,51833,766,65
1606,3470,51834,4529,51834,766,65
1606,3470,51835,4529,51835,766,65
1606,3470,51836,4529,51836,766,65
1606,3470,51837,4529,51837,766,65
1606,3470,51838,4529,51838,766,65
1606,3470,51839,4529,51839,766,65
1606,3470,51840,4529,51840,766,65
1606,3470,51841,4529,51841,766,65
1606,3470,51842,4529,51842,766,65
1606,3470,51843,4529,51843,766,65
1606,3470,51844,4529,51844,766,65
1606,3470,51845,4529,51845,766,65
1606,3470,51846,4529,51846,766,65
1606,3470,51847,4529,51847,766,65
1606,3470,51848,4529,51848,766,65
1606,3470,51849,4529,51849,766,65
1606,3470,51850,4529,51850,766,65
1606,3470,51851,4529,51851,766,65
1606,3470,51852,4529,51852,766,65
1606,3470,51853,4529,51853,766,65
1606,3470,51854,4529,51854,766,65
1606,3470,51855,4529,51855,766,65
1606,3470,51856,4529,51856,766,65
1606,3470,51857,4529,51857,766,65
1606,3470,51858,4529,51858,766,65
1606,3470,51859,4529,51859,766,65
1606,3470,51860,4529,51860,766,65
1606,3470,51861,4529,51861,766,65
1606,3470,51862,4529,51862,766,65
1606,3470,51863,4529,51863,766,65
1606,3470,51864,4529,51864,766,65
1606,3470,51865,4529,51865,766,65
1606,3470,51866,4529,51866,766,65
1606,3470,51867,4529,51867,766,65
1606,3470,51868,4529,51868,766,65
1606,3470,51869,4529,51869,766,65
1606,3470,51870,4529,51870,766,65
1606,3470,51871,4529,51871,766,65
1606,3470,51872,4529,51872,766,65
1606,3470,51873,4529,51873,766,65
1606,3470,51874,4529,51874,766,65
1606,3470,51875,4529,51875,766,65
1606,3470,51876,4529,51876,766,65
1606,3470,51877,4529,51877,766,65
1606,3470,51878,4529,51878,766,65
1606,3470,51879,4529,51879,766,65
1606,3470,51880,4529,51880,766,65
1606,3470,51881,4529,51881,766,65
1606,3470,51882,4529,51882,766,65
1606,3470,51883,4529,51883,766,65
1606,3470,51884,4529,51884,766,65
1606,3470,51885,4529,51885,766,65
1606,3470,51886,4529,51886,766,65
1606,3470,51887,4529,51887,766,65
1606,3470,51888,4529,51888,766,65
1606,3470,51889,4529,51889,766,65
1606,3470,51890,4529,51890,766,65
1606,3470,51891,4529,51891,766,65
1606,3470,51892,4529,51892,766,65
1606,3470,51893,4529,51893,766,65
1606,3470,51894,4529,51894,766,65
1606,3470,51895,4529,51895,766,65
1606,3470,51896,4529,51896,766,65
1606,3470,51897,4529,51897,766,65
1606,3470,51898,4529,51898,766,65
1606,3470,51899,4529,51899,766,65
1606,3470,51900,4529,51900,766,65
1606,3470,51901,4529,51901,766,65
1606,3470,51902,4529,51902,766,65
1606,3470,51903,4529,51903,766,65
1606,3470,51904,4529,51904,766,65
1606,3470,51905,4529,51905,766,65
1606,3470,51906,4529,51906,766,65
1606,3470,51907,4529,51907,766,65
1606,3470,51908,4529,51908,766,65
1606,3470,51909,4529,51909,766,65
1606,3470,51910,4529,51910,766,65
1606,3470,51911,4529,51911,766,65
1606,3470,51912,4529,51912,766,65
1606,3470,51913,4529,51913,766,65
1606,3470,51914,4529,51914,766,65
1606,3470,51915,4529,51915,766,65
1606,3470,51916,4529,51916,766,65
1606,3470,51917,4529,51917,766,65
1606,3470,51918,4529,51918,766,65
1606,3470,51919,4529,51919,766,65
1606,3470,51920,4529,51920,766,65
1606,3470,51921,4529,51921,766,65
1606,3470,51922,4529,51922,766,65
1606,3470,51923,4529,51923,766,65
1606,3470,51924,4529,51924,766,65
1606,3470,51925,4529,51925,766,65
1606,3470,51926,4529,51926,766,65
1606,3470,51927,4529,51927,766,65
1606,3470,51928,4529,51928,766,65
1606,3470,51929,4529,51929,766,65
1606,3470,51930,4529,51930,766,65
1606,3470,51931,4529,51931,766,65
1606,3470,51932,4529,51932,766,65
1606,3470,51933,4529,51933,766,65
1606,3470,51934,4529,51934,766,65
1606,3470,51935,4529,51935,766,65
1606,3470,51936,4529,51936,766,65
1606,3470,51937,4529,51937,766,65
1606,3470,51938,4529,51938,766,65
1606,3470,51939,4529,51939,766,65
1606,3470,51940,4529,51940,766,65
1606,3470,51941,4529,51941,766,65
1606,3470,51942,4529,51942,766,65
1606,3470,51943,4529,51943,766,65
1606,3470,51944,4529,51944,766,65
1606,3470,51945,4529,51945,766,65
1606,3470,51946,4529,51946,766,65
1606,3470,51947,4529,51947,766,65
1606,3470,51948,4529,51948,766,65
1606,3470,51949,4529,51949,766,65
1606,3470,51950,4529,51950,766,65
1606,3470,51951,4529,51951,766,65
1606,3470,51952,4529,51952,766,65
1606,3470,51953,4529,51953,766,65
1606,3470,51954,4529,51954,766,65
1606,3470,51955,4529,51955,766,65
1606,3470,51956,4529,51956,766,65
1606,3470,51957,4529,51957,766,65
1606,3470,51958,4529,51958,766,65
1606,3470,51959,4529,51959,766,65
1606,3470,51960,4529,51960,766,65
1606,3470,51961,4529,51961,766,65
1606,3470,51962,4529,51962,766,65
1606,3470,51963,4529,51963,766,65
1606,3470,51964,4529,51964,766,65
1606,3470,51965,4529,51965,766,65
1606,3470,51966,4529,51966,766,65
1606,3470,51967,4529,51967,766,65
1606,3470,51968,4529,51968,766,65
1606,3470,51969,4529,51969,766,65
1606,3470,51970,4529,51970,766,65
1606,3470,51971,4529,51971,766,65
1606,3470,51972,4529,51972,766,65
1606,3470,51973,4529,51973,766,65
1606,3470,51974,4529,51974,766,65
1606,3470,51975,4529,51975,766,65
1606,3470,51976,4529,51976,766,65
1606,3470,51977,4529,51977,766,65
1606,3470,51978,4529,51978,766,65
1606,3470,51979,4529,51979,766,65
1606,3470,51980,4529,51980,766,65
1606,3470,51981,4529,51981,766,65
1606,3470,51982,4529,51982,766,65
1606,3470,51983,4529,51983,766,65
1606,3470,51984,4529,51984,766,65
1606,3470,51985,4529,51985,766,65
1606,3470,51986,4529,51986,766,65
1606,3470,51987,4529,51987,766,65
1606,3470,51988,4529,51988,766,65
1606,3470,51989,4529,51989,766,65
1606,3470,51990,4529,51990,766,65
1606,3470,51991,4529,51991,766,65
1606,3470,51992,4529,51992,766,65
1606,3470,51993,4529,51993,766,65
1606,3470,51994,4529,51994,766,65
1606,3470,51995,4529,51995,766,65
1606,3470,51996,4529,51996,766,65
1606,3470,51997,4529,51997,766,65
1606,3470,51998,4529,51998,766,65
1606,3470,51999,4529,51999,766,65
1606,3470,52000,4529,52000,766,65
1606,3470,52001,4529,52001,766,65
1606,3470,52002,4529,52002,766,65
1606,3470,52003,4529,52003,766,65
1606,3470,52004,4529,52004,766,65
1606,3470,52005,4529,52005,766,65
1606,3470,52006,4529,52006,766,65
1606,3470,52007,4529,52007,766,65
1606,3470,52008,4529,52008,766,65
1606,3470,52009,4529,52009,766,65
1606,3470,52010,4529,52010,766,65
1606,3470,52011,4529,52011,766,65
1606,3470,52012,4529,52012,766,65
1606,3470,52013,4529,52013,766,65
1606,3470,52014,4529,52014,766,65
1606,3470,52015,4529,52015,766,65
1606,3470,52016,4529,52016,766,65
1606,3470,52017,4529,52017,766,65
1606,3470,52018,4529,52018,766,65
1606,3470,52019,4529,52019,766,65
1606,3470,52020,4529,52020,766,65
1606,3470,52021,4529,52021,766,65
1606,3470,52022,4529,52022,766,65
1606,3470,52023,4529,52023,766,65
1606,3470,52024,4529,52024,766,65
1606,3470,52025,4529,52025,766,65
1606,3470,52026,4529,52026,766,65
1606,3470,52027,4529,52027,766,65
1606,3470,52028,4529,52028,766,65
1606,3470,52029,4529,52029,766,65
1606,3470,52030,4529,52030,766,65
1606,3470,52031,4529,52031,766,65
1606,3470,52032,4529,52032,766,65
1606,3470,52033,4529,52033,766,65
1606,3470,52034,4529,52034,766,65
1606,3470,52035,4529,52035,766,65
1606,3470,52036,4529,52036,766,65
1606,3470,52037,4529,52037,766,65
1606,3470,52038,4529,52038,766,65
1606,3470,52039,4529,52039,766,65
1606,3470,52040,4529,52040,766,65
1606,3470,52041,4529,52041,766,65
1606,3470,52042,4529,52042,766,65
1606,3470,52043,4529,52043,766,65
1606,3470,52044,4529,52044,766,65
1606,3470,52045,4529,52045,766,65
1606,3470,52046,4529,52046,766,65
1606,3470,52047,4529,52047,766,65
1606,3470,52048,4529,52048,766,65
1606,3470,52049,4529,52049,766,65
1606,3470,52050,4529,52050,766,65
1606,3470,52051,4529,52051,766,65
1606,3470,52052,4529,52052,766,65
1606,3470,52053,4529,52053,766,65
1606,3470,52054,4529,52054,766,65
1606,3470,52055,4529,52055,766,65
1606,3470,52056,4529,52056,766,65
1606,3470,52057,4529,52057,766,65
1606,3470,52058,4529,52058,766,65
1606,3470,52059,4529,52059,766,65
1606,3470,52060,4529,52060,766,65
1606,3470,52061,4529,52061,766,65
1605,3470,52062,4529,52062,766,65
1605,3470,52063,4529,52063,766,65
1605,3470,52064,4529,52064,766,65
1605,3470,52065,4529,52065,766,65
1605,3470,52066,4529,52066,766,65
1605,3470,52067,4529,52067,766,65
1605,3470,52068,4529,52068,766,65
1605,3470,52069,4529,52069,766,65
1605,3470,52070,4529,52070,766,65
1605,3470,52071,4529,52071,766,65
1605,3470,52072,4529,52072,766,65
1605,3470,52073,4529,52073,766,65
1605,3470,52074,4529,52074,766,65
1605,3470,52075,4529,52075,766,65
1605,3470,52076,4529,52076,766,65
1605,3470,52077,4529,52077,766,65
1605,3470,52078,4529,52078,766,65
1605,3470,52079,4529,52079,766,65
1605,3470,52080,4529,52080,766,65
1605,3470,52081,4529,52081,766,65
1605,3470,52082,4529,52082,766,65
1605,3470,52083,4529,52083,766,65
1605,3470,52084,4529,52084,766,65
1605,3470,52085,4529,52085,766,65
1605,3470,52086,4529,52086,766,65
1605,3470,52087,4529,52087,766,65
1605,3470,52088,4529,52088,766,65
1605,3470,52089,4529,52089,766,65
1605,3470,52090,4529,52090,766,65
1605,3470,52091,4529,52091,766,65
1605,3470,52092,4529,52092,766,65
1605,3470,52093,4529,52093,766,65
1605,3470,52094,4529,52094,766,65
1605,3470,52095,4529,52095,766,65
1605,3470,52096,4529,52096,766,65
1605,3470,52097,4529,52097,766,65
1605,3470,52098,4529,52098,766,65
1605,3470,52099,4529,52099,766,65
1605,3470,52100,4529,52100,766,65
1605,3470,52101,4529,52101,766,65
1605,3470,52102,4529,52102,766,65
1605,3470,52103,4529,52103,766,65
1605,3470,52104,4529,52104,766,65
1605,3470,52105,4529,52105,766,65
1605,3470,52106,4529,52106,766,65
1605,3470,52107,4529,52107,766,65
1605,3470,52108,4529,52108,766,65
1605,3470,52109,4529,52109,766,65
1605,3470,52110,4529,52110,766,65
1605,3470,52111,4529,52111,766,65
1605,3470,52112,4529,52112,766,65
1605,3470,52113,4529,52113,766,65
1605,3470,52114,4529,52114,766,65
1605,3470,52115,4529,52115,766,65
1605,3470,52116,4529,52116,766,65
1605,3470,52117,4529,52117,766,65
1605,3470,52118,4529,52118,766,65
1605,3470,52119,4529,52119,766,65
1605,3470,52120,4529,52120,766,65
1605,3470,52121,4529,52121,766,65
1605,3470,52122,4529,52122,766,65
1605,3470,52123,4529,52123,766,65
1605,3470,52124,4529,52124,766,65
1605,3470,52125,4529,52125,766,65
1605,3470,52126,4529,52126,766,65
1605,3470,52127,4529,52127,766,65
1605,3470,52128,4529,52128,766,65
1605,3470,52129,4529,52129,766,65
1605,3470,52130,4529,52130,766,65
1605,3470,52131,4529,52131,766,65
1605,3470,52132,4529,52132,766,65
1605,3470,52133,4529,52133,766,65
1605,3470,52134,4529,52134,766,65
1605,3470,52135,4529,52135,766,65
1605,3470,52136,4529,52136,766,65
1605,3470,52137,4529,52137,766,65
1605,3470,52138,4529,52138,766,65
1605,3470,52139,4529,52139,766,65
1605,3470,52140,4529,52140,766,65
1605,3470,52141,4529,52141,766,65
1605,3470,52142,4529,52142,766,65
1605,3470,52143,4529,52143,766,65
1605,3470,52144,4529,52144,766,65
1605,3470,52145,4529,52145,766,65
1605,3470,52146,4529,52146,766,65
1605,3470,52147,4529,52147,766,65
1605,3470,52148,4529,52148,766,65
1605,3470,52149,4529,52149,766,65
1605,3470,52150,4529,52150,766,65
1605,3470,52151,4529,52151,766,65
1605,3470,52152,4529,52152,766,65
1605,3470,52153,4529,52153,766,65
1605,3470,52154,4529,52154,766,65
1605,3470,52155,4529,52155,766,65
1605,3470,52156,4529,52156,766,65
1605,3470,52157,4529,52157,766,65
1605,3470,52158,4529,52158,766,65
1605,3470,52159,4529,52159,766,65
1605,3470,52160,4529,52160,766,65
1605,3470,52161,4529,52161,766,65
1605,3470,52162,4529,52162,766,65
1605,3470,52163,4529,52163,766,65
1605,3470,52164,4529,52164,766,65
1605,3470,52165,4529,52165,766,65
1605,3470,52166,4529,52166,766,65
1605,3470,52167,4529,52167,766,65
1605,3470,52168,4529,52168,766,65
1605,3470,52169,4529,52169,766,65
1605,3470,52170,4529,52170,766,65
1605,3470,52171,4529,52171,766,65
1605,3470,52172,4529,52172,766,65
1605,3470,52173,4529,52173,766,65
1605,3470,52174,4529,52174,766,65
1605,3470,52175,4529,52175,766,65
1605,3470,52176,4529,52176,766,65
1605,3470,52177,4529,52177,766,65
1605,3470,52178,4529,52178,766,65
1605,3470,52179,4529,52179,766,65
1605,3470,52180,4529,52180,766,65
1605,3470,52181,4529,52181,766,65
1605,3470,52182,4529,52182,766,65
1605,3470,52183,4529,52183,766,65
1605,3470,52184,4529,52184,766,65
1605,3470,52185,4529,52185,766,65
1604,3470,52186,4529,52186,766,65
1604,3470,52187,4529,52187,766,65
1604,3470,52188,4529,52188,766,65
1604,3470,52189,4529,52189,766,65
1604,3470,52190,4529,52190,766,65
1604,3470,52191,4529,52191,766,65
1604,3470,52192,4529,52192,766,65
1604,3470,52193,4529,52193,766,65
1604,3470,52194,4529,52194,766,65
1604,3470,52195,4529,52195,766,65
1604,3470,52196,4529,52196,766,65
1604,3470,52197,4529,52197,766,65
1604,3470,52198,4529,52198,766,65
1604,3470,52199,4529,52199,766,65
1604,3470,52200,4529,52200,766,65
1604,3470,52201,4529,52201,766,65
1604,3470,52202,4529,52202,766,65
1604,3470,52203,4529,52203,766,65
1604,3470,52204,4529,52204,766,65
1604,3470,52205,4529,52205,766,65
1604,3470,52206,4529,52206,766,65
1604,3470,52207,4529,52207,766,65
1604,3470,52208,4529,52208,766,65
1604,3470,52209,4529,52209,766,65
1604,3470,52210,4529,52210,766,65
1604,3470,52211,4529,52211,766,65
1604,3470,52212,4529,52212,766,65
1604,3470,52213,4529,52213,766,65
1604,3470,52214,4529,52214,766,65
1604,3470,52215,4529,52215,766,65
1604,3470,52216,4529,52216,766,65
1604,3470,52217,4529,52217,766,65
1604,3470,52218,4529,52218,766,65
1604,3470,52219,4529,52219,766,65
1604,3470,52220,4529,52220,766,65
1604,3470,52221,4529,52221,766,65
1604,3470,52222,4529,52222,766,65
1604,3470,52223,4529,52223,766,65
1604,3470,52224,4529,52224,766,65
1604,3470,52225,4529,52225,766,65
1604,3470,52226,4529,52226,766,65
1604,3470,52227,4529,52227,766,65
1604,3470,52228,4529,52228,766,65
1604,3470,52229,4529,52229,766,65
1604,3470,52230,4529,52230,766,65
1604,3470,52231,4529,52231,766,65
1604,3470,52232,4529,52232,766,65
1604,3470,52233,4529,52233,766,65
1604,3470,52234,4529,52234,766,65
1604,3470,52235,4529,52235,766,65
1604,3470,52236,4529,52236,766,65
1604,3470,52237,4529,52237,766,65
1604,3470,52238,4529,52238,766,65
1604,3470,52239,4529,52239,766,65
1604,3470,52240,4529,52240,766,65
1604,3470,52241,4529,52241,766,65
1604,3470,52242,4529,52242,766,65
1604,3470,52243,4529,52243,766,65
1604,3470,52244,4529,52244,766,65
1604,3470,52245,4529,52245,766,65
1604,3470,52246,4529,52246,766,65
1604,3470,52247,4529,52247,766,65
1604,3470,52248,4529,52248,766,65
1604,3470,52249,4529,52249,766,65
1604,3470,52250,4529,52250,766,65
1604,3470,52251,4529,52251,766,65
1604,3470,52252,4529,52252,766,65
1604,3470,52253,4529,52253,766,65
1604,3470,52254,4529,52254,766,65
1604,3470,52255,4529,52255,766,65
1604,3470,52256,4529,52256,766,65
1604,3470,52257,4529,52257,766,65
1604,3470,52258,4529,52258,766,65
1604,3470,52259,4529,52259,766,65
1604,3470,52260,4529,52260,766,65
1604,3470,52261,4529,52261,766,65
1604,3470,52262,4529,52262,766,65
1604,3470,52263,4529,52263,766,65
1604,3470,52264,4529,52264,766,65
1604,3470,52265,4529,52265,766,65
1604,3470,52266,4529,52266,766,65
1604,3470,52267,4529,52267,766,65
1604,3470,52268,4529,52268,766,65
1604,3470,52269,4529,52269,766,65
1604,3470,52270,4529,52270,766,65
1604,3470,52271,4529,52271,766,65
1604,3470,52272,4529,52272,766,65
1604,3470,52273,4529,52273,766,65
1604,3470,52274,4529,52274,766,65
1604,3470,52275,4529,52275,766,65
1604,3470,52276,4529,52276,766,65
1604,3470,52277,4529,52277,766,65
1604,3470,52278,4529,52278,766,65
1604,3470,52279,4529,52279,766,65
1604,3470,52280,4529,52280,766,65
1604,3470,52281,4529,52281,766,65
1604,3470,52282,4529,52282,766,65
1604,3470,52283,4529,52283,766,65
1604,3470,52284,4529,52284,766,65
1604,3470,52285,4529,52285,766,65
1604,3470,52286,4529,52286,766,65
1604,3470,52287,4529,52287,766,65
1604,3470,52288,4529,52288,766,65
1604,3470,52289,4529,52289,766,65
1604,3470,52290,4529,52290,766,65
1604,3470,52291,4529,52291,766,65
1604,3470,52292,4529,52292,766,65
1604,3470,52293,4529,52293,766,65
1604,3470,52294,4529,52294,766,65
1604,3470,52295,4529,52295,766,65
1604,3470,52296,4529,52296,766,65
1604,3470,52297,4529,52297,766,65
1604,3470,52298,4529,52298,766,65
1604,3470,52299,4529,52299,766,65
1604,3470,52300,4529,52300,766,65
1604,3470,52301,4529,52301,766,65
1604,3470,52302,4529,52302,766,65
1604,3470,52303,4529,52303,766,65
1604,3470,52304,4529,52304,766,65
1604,3470,52305,4529,52305,766,65
1604,3470,52306,4529,52306,766,65
1604,3470,52307,4529,52307,766,65
1604,3470,52308,4529,52308,766,65
1604,3470,52309,4529,52309,766,65
1604,3470,52310,4529,52310,766,65
1604,3470,52311,4529,52311,766,65
1604,3470,52312,4529,52312,766,65
1604,3470,52313,4529,52313,766,65
1604,3470,52314,4529,52314,766,65
1604,3470,52315,4529,52315,766,65
1604,3470,52316,4529,52316,766,65
1604,3470,52317,4529,52317,766,65
1604,3470,52318,4529,52318,766,65
1604,3470,52319,4529,52319,766,65
1604,3470,52320,4529,52320,766,65
1604,3470,52321,4529,52321,766,65
1604,3470,52322,4529,52322,766,65
1604,3470,52323,4529,52323,766,65
1604,3470,52324,4529,52324,766,65
1604,3470,52325,4529,52325,766,65
1604,3470,52326,4529,52326,766,65
1604,3470,52327,4529,52327,766,65
1604,3470,52328,4529,52328,766,65
1604,3470,52329,4529,52329,766,65
1604,3470,52330,4529,52330,766,65
1604,3470,52331,4529,52331,766,65
1604,3470,52332,4529,52332,766,65
1604,3470,52333,4529,52333,766,65
1604,3470,52334,4529,52334,766,65
1604,3470,52335,4529,52335,766,65
1604,3470,52336,4529,52336,766,65
1604,3470,52337,4529,52337,766,65
1604,3470,52338,4529,52338,766,65
1604,3470,52339,4529,52339,766,65
1604,3470,52340,4529,52340,766,65
1604,3470,52341,4529,52341,766,65
1604,3470,52342,4529,52342,766,65
1604,3470,52343,4529,52343,766,65
1604,3470,52344,4529,52344,766,65
1604,3470,52345,4529,52345,766,65
1604,3470,52346,4529,52346,766,65
1604,3470,52347,4529,52347,766,65
1604,3470,52348,4529,52348,766,65
1604,3470,52349,4529,52349,766,65
1604,3470,52350,4529,52350,766,65
1604,3470,52351,4529,52351,766,65
1604,3470,52352,4529,52352,766,65
1604,3470,52353,4529,52353,766,65
1604,3470,52354,4529,52354,766,65
1604,3470,52355,4529,52355,766,65
1604,3470,52356,4529,52356,766,65
1604,3470,52357,4529,52357,766,65
1604,3470,52358,4529,52358,766,65
1604,3470,52359,4529,52359,766,65
1604,3470,52360,4529,52360,766,65
1604,3470,52361,4529,52361,766,65
1604,3470,52362,4529,52362,766,65
1604,3470,52363,4529,52363,766,65
1604,3470,52364,4529,52364,766,65
1604,3470,52365,4529,52365,766,65
1604,3470,52366,4529,52366,766,65
1604,3470,52367,4529,52367,766,65
1604,3470,52368,4529,52368,766,65
1604,3470,52369,4529,52369,766,65
1604,3470,52370,4529,52370,766,65
1604,3470,52371,4529,52371,766,65
1604,3470,52372,4529,52372,766,65
1604,3470,52373,4529,52373,766,65
1604,3470,52374,4529,52374,766,65
1604,3470,52375,4529,52375,766,65
1604,3470,52376,4529,52376,766,65
1604,3470,52377,4529,52377,766,65
1604,3470,52378,4529,52378,766,65
1604,3470,52379,4529,52379,766,65
1604,3470,52380,4529,52380,766,65
1604,3470,52381,4529,52381,766,65
1604,3470,52382,4529,52382,766,65
1604,3470,52383,4529,52383,766,65
1604,3470,52384,4529,52384,766,65
1604,3470,52385,4529,52385,766,65
1604,3470,52386,4529,52386,766,65
1604,3470,52387,4529,52387,766,65
1604,3470,52388,4529,52388,766,65
1604,3470,52389,4529,52389,766,65
1604,3470,52390,4529,52390,766,65
1604,3470,52391,4529,52391,766,65
1604,3470,52392,4529,52392,766,65
1604,3470,52393,4529,52393,766,65
1604,3470,52394,4529,52394,766,65
1604,3470,52395,4529,52395,766,65
1604,3470,52396,4529,52396,766,65
1604,3470,52397,4529,52397,766,65
1604,3470,52398,4529,52398,766,65
1604,3470,52399,4529,52399,766,65
1604,3470,52400,4529,52400,766,65
1604,3470,52401,4529,52401,766,65
1604,3470,52402,4529,52402,766,65
1604,3470,52403,4529,52403,766,65
1604,3470,52404,4529,52404,766,65
1604,3470,52405,4529,52405,766,65
1604,3470,52406,4529,52406,766,65
1604,3470,52407,4529,52407,766,65
1604,3470,52408,4529,52408,766,65
1604,3470,52409,4529,52409,766,65
1604,3470,52410,4529,52410,766,65
1604,3470,52411,4529,52411,766,65
1604,3470,52412,4529,52412,766,65
1604,3470,52413,4529,52413,766,65
1604,3470,52414,4529,52414,766,65
1604,3470,52415,4529,52415,766,65
1604,3470,52416,4529,52416,766,65
1604,3470,52417,4529,52417,766,65
1604,3470,52418,4529,52418,766,65
1604,3470,52419,4529,52419,766,65
1604,3470,52420,4529,52420,766,65
1604,3470,52421,4529,52421,766,65
1604,3470,52422,4529,52422,766,65
1604,3470,52423,4529,52423,766,65
1604,3470,52424,4529,52424,766,65
1604,3470,52425,4529,52425,766,65
1604,3470,52426,4529,52426,766,65
1604,3470,52427,4529,52427,766,65
1604,3470,52428,4529,52428,766,65
1604,3470,52429,4529,52429,766,65
1604,3470,52430,4529,52430,766,65
1604,3470,52431,4529,52431,766,65
1604,3470,52432,4529,52432,766,65
1604,3470,52433,4529,52433,766,65
1604,3470,52434,4529,52434,766,65
1604,3470,52435,4529,52435,766,65
1604,3470,52436,4529,52436,766,65
1604,3470,52437,4529,52437,766,65
1604,3470,52438,4529,52438,766,65
1604,3470,52439,4529,52439,766,65
1604,3470,52440,4529,52440,766,65
1604,3470,52441,4529,52441,766,65
1604,3470,52442,4529,52442,766,65
1604,3470,52443,4529,52443,766,65
1604,3470,52444,4529,52444,766,65
1604,3470,52445,4529,52445,766,65
1604,3470,52446,4529,52446,766,65
1604,3470,52447,4529,52447,766,65
1604,3470,52448,4529,52448,766,65
1604,3470,52449,4529,52449,766,65
1604,3470,52450,4529,52450,766,65
1604,3470,52451,4529,52451,766,65
1604,3470,52452,4529,52452,766,65
1604,3470,52453,4529,52453,766,65
1604,3470,52454,4529,52454,766,65
1604,3470,52455,4529,52455,766,65
1604,3470,52456,4529,52456,766,65
1604,3470,52457,4529,52457,766,65
1604,3470,52458,4529,52458,766,65
1604,3470,52459,4529,52459,766,65
1604,3470,52460,4529,52460,766,65
1604,3470,52461,4529,52461,766,65
1604,3470,52462,4529,52462,766,65
1604,3470,52463,4529,52463,766,65
1604,3470,52464,4529,52464,766,65
1604,3470,52465,4529,52465,766,65
1604,3470,52466,4529,52466,766,65
1604,3470,52467,4529,52467,766,65
1604,3470,52468,4529,52468,766,65
1604,3470,52469,4529,52469,766,65
1604,3470,52470,4529,52470,766,65
1604,3470,52471,4529,52471,766,65
1604,3470,52472,4529,52472,766,65
1604,3470,52473,4529,52473,766,65
1604,3470,52474,4529,52474,766,65
1604,3470,52475,4529,52475,766,65
1604,3470,52476,4529,52476,766,65
1604,3470,52477,4529,52477,766,65
1604,3470,52478,4529,52478,766,65
1604,3470,52479,4529,52479,766,65
1604,3470,52480,4529,52480,766,65
1604,3470,52481,4529,52481,766,65
1604,3470,52482,4529,52482,766,65
1604,3470,52483,4529,52483,766,65
1604,3470,52484,4529,52484,766,65
1604,3470,52485,4529,52485,766,65
1604,3470,52486,4529,52486,766,65
1604,3470,52487,4529,52487,766,65
1604,3470,52488,4529,52488,766,65
1604,3470,52489,4529,52489,766,65
1604,3470,52490,4529,52490,766,65
1604,3470,52491,4529,52491,766,65
1604,3470,52492,4529,52492,766,65
1604,3470,52493,4529,52493,766,65
1604,3470,52494,4529,52494,766,65
1604,3470,52495,4529,52495,766,65
1604,3470,52496,4529,52496,766,65
1604,3470,52497,4529,52497,766,65
1604,3470,52498,4529,52498,766,65
1604,3470,52499,4529,52499,766,65
1604,3470,52500,4529,52500,766,65
1604,3470,52501,4529,52501,766,65
1604,3470,52502,4529,52502,766,65
1604,3470,52503,4529,52503,766,65
1604,3470,52504,4529,52504,766,65
1604,3470,52505,4529,52505,766,65
1604,3470,52506,4529,52506,766,65
1604,3470,52507,4529,52507,766,65
1604,3470,52508,4529,52508,766,65
1604,3470,52509,4529,52509,766,65
1604,3470,52510,4529,52510,766,65
1604,3470,52511,4529,52511,766,65
1604,3470,52512,4529,52512,766,65
1604,3470,52513,4529,52513,766,65
1604,3470,52514,4529,52514,766,65
1604,3470,52515,4529,52515,766,65
1604,3470,52516,4529,52516,766,65
1604,3470,52517,4529,52517,766,65
1604,3470,52518,4529,52518,766,65
1604,3470,52519,4529,52519,766,65
1604,3470,52520,4529,52520,766,65
1604,3470,52521,4529,52521,766,65
1604,3470,52522,4529,52522,766,65
1604,3470,52523,4529,52523,766,65
1604,3470,52524,4529,52524,766,65
1604,3470,52525,4529,52525,766,65
1604,3470,52526,4529,52526,766,65
1604,3470,52527,4529,52527,766,65
1604,3470,52528,4529,52528,766,65
1604,3470,52529,4529,52529,766,65
1604,3470,52530,4529,52530,766,65
1604,3470,52531,4529,52531,766,65
1604,3470,52532,4529,52532,766,65
1604,3470,52533,4529,52533,766,65
1604,3470,52534,4529,52534,766,65
1604,3470,52535,4529,52535,766,65
1604,3470,52536,4529,52536,766,65
1604,3470,52537,4529,52537,766,65
1604,3470,52538,4529,52538,766,65
1604,3470,52539,4529,52539,766,65
1604,3470,52540,4529,52540,766,65
1604,3470,52541,4529,52541,766,65
1604,3470,52542,4529,52542,766,65
1604,3470,52543,4529,52543,766,65
1604,3470,52544,4529,52544,766,65
1604,3470,52545,4529,52545,766,65
1604,3470,52546,4529,52546,766,65
1604,3470,52547,4529,52547,766,65
1604,3470,52548,4529,52548,766,65
1604,3470,52549,4529,52549,766,65
1604,3470,52550,4529,52550,766,65
1604,3470,52551,4529,52551,766,65
1604,3470,52552,4529,52552,766,65
1604,3470,52553,4529,52553,766,65
1604,3470,52554,4529,52554,766,65
1604,3470,52555,4529,52555,766,65
1604,3470,52556,4529,52556,766,65
1604,3470,52557,4529,52557,766,65
1604,3470,52558,4529,52558,766,65
1604,3470,52559,4529,52559,766,65
1604,3470,52560,4529,52560,766,65
1604,3470,52561,4529,52561,766,65
1604,3470,52562,4529,52562,766,65
1604,3470,52563,4529,52563,766,65
1604,3470,52564,4529,52564,766,65
1604,3470,52565,4529,52565,766,65
1604,3470,52566,4529,52566,766,65
1604,3470,52567,4529,52567,766,65
1604,3470,52568,4529,52568,766,65
1604,3470,52569,4529,52569,766,65
1604,3470,52570,4529,52570,766,65
1604,3470,52571,4529,52571,766,65
1604,3470,52572,4529,52572,766,65
1604,3470,52573,4529,52573,766,65
1604,3470,52574,4529,52574,766,65
1604,3470,52575,4529,52575,766,65
1604,3470,52576,4529,52576,766,65
1604,3470,52577,4529,52577,766,65
1604,3470,52578,4529,52578,766,65
1604,3470,52579,4529,52579,766,65
1604,3470,52580,4529,52580,766,65
1604,3470,52581,4529,52581,766,65
1604,3470,52582,4529,52582,766,65
1604,3470,52583,4529,52583,766,65
1604,3470,52584,4529,52584,766,65
1604,3470,52585,4529,52585,766,65
1604,3470,52586,4529,52586,766,65
1604,3470,52587,4529,52587,766,65
1604,3470,52588,4529,52588,766,65
1604,3470,52589,4529,52589,766,65
1604,3470,52590,4529,52590,766,65
1604,3470,52591,4529,52591,766,65
1604,3470,52592,4529,52592,766,65
1604,3470,52593,4529,52593,766,65
1604,3470,52594,4529,52594,766,65
1604,3470,52595,4529,52595,766,65
1603,3470,52596,4529,52596,766,65
1603,3470,52597,4529,52597,766,65
1603,3470,52598,4529,52598,766,65
1603,3470,52599,4529,52599,766,65
1603,3470,52600,4529,52600,766,65
1603,3470,52601,4529,52601,766,65
1603,3470,52602,4529,52602,766,65
1603,3470,52603,4529,52603,766,65
1603,3470,52604,4529,52604,766,65
1603,3470,52605,4529,52605,766,65
1603,3470,52606,4529,52606,766,65
1603,3470,52607,4529,52607,766,65
1603,3470,52608,4529,52608,766,65
1603,3470,52609,4529,52609,766,65
1603,3470,52610,4529,52610,766,65
1603,3470,52611,4529,52611,766,65
1603,3470,52612,4529,52612,766,65
1603,3470,52613,4529,52613,766,65
1603,3470,52614,4529,52614,766,65
1603,3470,52615,4529,52615,766,65
1603,3470,52616,4529,52616,766,65
1603,3470,52617,4529,52617,766,65
1603,3470,52618,4529,52618,766,65
1603,3470,52619,4529,52619,766,65
1603,3470,52620,4529,52620,766,65
1603,3470,52621,4529,52621,766,65
1603,3470,52622,4529,52622,766,65
1603,3470,52623,4529,52623,766,65
1603,3470,52624,4529,52624,766,65
1603,3470,52625,4529,52625,766,65
1603,3470,52626,4529,52626,766,65
1603,3470,52627,4529,52627,766,65
1603,3470,52628,4529,52628,766,65
1603,3470,52629,4529,52629,766,65
1603,3470,52630,4529,52630,766,65
1603,3470,52631,4529,52631,766,65
1603,3470,52632,4529,52632,766,65
1603,3470,52633,4529,52633,766,65
1603,3470,52634,4529,52634,766,65
1603,3470,52635,4529,52635,766,65
1603,3470,52636,4529,52636,766,65
1603,3470,52637,4529,52637,766,65
1603,3470,52638,4529,52638,766,65
1603,3470,52639,4529,52639,766,65
1603,3470,52640,4529,52640,766,65
1603,3470,52641,4529,52641,766,65
1603,3470,52642,4529,52642,766,65
1603,3470,52643,4529,52643,766,65
1603,3470,52644,4529,52644,766,65
1603,3470,52645,4529,52645,766,65
1603,3470,52646,4529,52646,766,65
1603,3470,52647,4529,52647,766,65
1603,3470,52648,4529,52648,766,65
1603,3470,52649,4529,52649,766,65
1603,3470,52650,4529,52650,766,65
1603,3470,52651,4529,52651,766,65
1603,3470,52652,4529,52652,766,65
1603,3470,52653,4529,52653,766,65
1603,3470,52654,4529,52654,766,65
1603,3470,52655,4529,52655,766,65
1603,3470,52656,4529,52656,766,65
1603,3470,52657,4529,52657,766,65
1603,3470,52658,4529,52658,766,65
1603,3470,52659,4529,52659,766,65
1603,3470,52660,4529,52660,766,65
1603,3470,52661,4529,52661,766,65
1603,3470,52662,4529,52662,766,65
1603,3470,52663,4529,52663,766,65
1603,3470,52664,4529,52664,766,65
1603,3470,52665,4529,52665,766,65
1603,3470,52666,4529,52666,766,65
1603,3470,52667,4529,52667,766,65
1603,3470,52668,4529,52668,766,65
1603,3470,52669,4529,52669,766,65
1603,3470,52670,4529,52670,766,65
1603,3470,52671,4529,52671,766,65
1603,3470,52672,4529,52672,766,65
1603,3470,52673,4529,52673,766,65
1603,3470,52674,4529,52674,766,65
1603,3470,52675,4529,52675,766,65
1603,3470,52676,4529,52676,766,65
1603,3470,52677,4529,52677,766,65
1603,3470,52678,4529,52678,766,65
1603,3470,52679,4529,52679,766,65
1603,3470,52680,4529,52680,766,65
1603,3470,52681,4529,52681,766,65
1603,3470,52682,4529,52682,766,65
1603,3470,52683,4529,52683,766,65
1603,3470,52684,4529,52684,766,65
1603,3470,52685,4529,52685,766,65
1603,3470,52686,4529,52686,766,65
1603,3470,52687,4529,52687,766,65
1603,3470,52688,4529,52688,766,65
1603,3470,52689,4529,52689,766,65
1603,3470,52690,4529,52690,766,65
1603,3470,52691,4529,52691,766,65
1603,3470,52692,4529,52692,766,65
1603,3470,52693,4529,52693,766,65
1603,3470,52694,4529,52694,766,65
1603,3470,52695,4529,52695,766,65
1603,3470,52696,4529,52696,766,65
1603,3470,52697,4529,52697,766,65
1603,3470,52698,4529,52698,766,65
1603,3470,52699,4529,52699,766,65
1603,3470,52700,4529,52700,766,65
1603,3470,52701,4529,52701,766,65
1603,3470,52702,4529,52702,766,65
1603,3470,52703,4529,52703,766,65
1603,3470,52704,4529,52704,766,65
1603,3470,52705,4529,52705,766,65
1603,3470,52706,4529,52706,766,65
1603,3470,52707,4529,52707,766,65
1603,3470,52708,4529,52708,766,65
1603,3470,52709,4529,52709,766,65
1603,3470,52710,4529,52710,766,65
1603,3470,52711,4529,52711,766,65
1603,3470,52712,4529,52712,766,65
1603,3470,52713,4529,52713,766,65
1603,3470,52714,4529,52714,766,65
1603,3470,52715,4529,52715,766,65
1603,3470,52716,4529,52716,766,65
1603,3470,52717,4529,52717,766,65
1603,3470,52718,4529,52718,766,65
1603,3470,52719,4529,52719,766,65
1603,3470,52720,4529,52720,766,65
1603,3470,52721,4529,52721,766,65
1603,3470,52722,4529,52722,766,65
1603,3470,52723,4529,52723,766,65
1603,3470,52724,4529,52724,766,65
1603,3470,52725,4529,52725,766,65
1603,3470,52726,4529,52726,766,65
1603,3470,52727,4529,52727,766,65
1603,3470,52728,4529,52728,766,65
1603,3470,52729,4529,52729,766,65
1603,3470,52730,4529,52730,766,65
1603,3470,52731,4529,52731,766,65
1603,3470,52732,4529,52732,766,65
1603,3470,52733,4529,52733,766,65
1603,3470,52734,4529,52734,766,65
1603,3470,52735,4529,52735,766,65
1603,3470,52736,4529,52736,766,65
1603,3470,52737,4529,52737,766,65
1603,3470,52738,4529,52738,766,65
1603,3470,52739,4529,52739,766,65
1603,3470,52740,4529,52740,766,65
1603,3470,52741,4529,52741,766,65
1603,3470,52742,4529,52742,766,65
1603,3470,52743,4529,52743,766,65
1603,3470,52744,4529,52744,766,65
1603,3470,52745,4529,52745,766,65
1603,3470,52746,4529,52746,766,65
1603,3470,52747,4529,52747,766,65
1603,3470,52748,4529,52748,766,65
1603,3470,52749,4529,52749,766,65
1603,3470,52750,4529,52750,766,65
1603,3470,52751,4529,52751,766,65
1603,3470,52752,4529,52752,766,65
1603,3470,52753,4529,52753,766,65
1603,3470,52754,4529,52754,766,65
1603,3470,52755,4529,52755,766,65
1603,3470,52756,4529,52756,766,65
1603,3470,52757,4529,52757,766,65
1603,3470,52758,4529,52758,766,65
1603,3470,52759,4529,52759,766,65
1603,3470,52760,4529,52760,766,65
1603,3470,52761,4529,52761,766,65
1603,3470,52762,4529,52762,766,65
1603,3470,52763,4529,52763,766,65
1603,3470,52764,4529,52764,766,65
1603,3470,52765,4529,52765,766,65
1603,3470,52766,4529,52766,766,65
1603,3470,52767,4529,52767,766,65
1603,3470,52768,4529,52768,766,65
1603,3470,52769,4529,52769,766,65
1603,3470,52770,4529,52770,766,65
1603,3470,52771,4529,52771,766,65
1603,3470,52772,4529,52772,766,65
1603,3470,52773,4529,52773,766,65
1603,3470,52774,4529,52774,766,65
1603,3470,52775,4529,52775,766,65
1603,3470,52776,4529,52776,766,65
1603,3470,52777,4529,52777,766,65
1603,3470,52778,4529,52778,766,65
1603,3470,52779,4529,52779,766,65
1603,3470,52780,4529,52780,766,65
1603,3470,52781,4529,52781,766,65
1603,3470,52782,4529,52782,766,65
1603,3470,52783,4529,52783,766,65
1603,3470,52784,4529,52784,766,65
1603,3470,52785,4529,52785,766,65
1603,3470,52786,4529,52786,766,65
1603,3470,52787,4529,52787,766,65
1603,3470,52788,4529,52788,766,65
1603,3470,52789,4529,52789,766,65
1603,3470,52790,4529,52790,766,65
1603,3470,52791,4529,52791,766,65
1603,3470,52792,4529,52792,766,65
1603,3470,52793,4529,52793,766,65
1603,3470,52794,4529,52794,766,65
1603,3470,52795,4529,52795,766,65
1603,3470,52796,4529,52796,766,65
1603,3470,52797,4529,52797,766,65
1603,3470,52798,4529,52798,766,65
1603,3470,52799,4529,52799,766,65
1603,3470,52800,4529,52800,766,65
1603,3470,52801,4529,52801,766,65
1603,3470,52802,4529,52802,766,65
1603,3470,52803,4529,52803,766,65
1603,3470,52804,4529,52804,766,65
1603,3470,52805,4529,52805,766,65
1603,3470,52806,4529,52806,766,65
1603,3470,52807,4529,52807,766,65
1603,3470,52808,4529,52808,766,65
1603,3470,52809,4529,52809,766,65
1603,3470,52810,4529,52810,766,65
1603,3470,52811,4529,52811,766,65
1603,3470,52812,4529,52812,766,65
1603,3470,52813,4529,52813,766,65
1603,3470,52814,4529,52814,766,65
1603,3470,52815,4529,52815,766,65
1603,3470,52816,4529,52816,766,65
1603,3470,52817,4529,52817,766,65
1603,3470,52818,4529,52818,766,65
1603,3470,52819,4529,52819,766,65
1603,3470,52820,4529,52820,766,65
1603,3470,52821,4529,52821,766,65
1603,3470,52822,4529,52822,766,65
1603,3470,52823,4529,52823,766,65
1603,3470,52824,4529,52824,766,65
1603,3470,52825,4529,52825,766,65
1603,3470,52826,4529,52826,766,65
1603,3470,52827,4529,52827,766,65
1603,3470,52828,4529,52828,766,65
1603,3470,52829,4529,52829,766,65
1603,3470,52830,4529,52830,766,65
1603,3470,52831,4529,52831,766,65
1603,3470,52832,4529,52832,766,65
1603,3470,52833,4529,52833,766,65
1603,3470,52834,4529,52834,766,65
1603,3470,52835,4529,52835,766,65
1603,3470,52836,4529,52836,766,65
1603,3470,52837,4529,52837,766,65
1603,3470,52838,4529,52838,766,65
1603,3470,52839,4529,52839,766,65
1603,3470,52840,4529,52840,766,65
1603,3470,52841,4529,52841,766,65
1603,3470,52842,4529,52842,766,65
1603,3470,52843,4529,52843,766,65
1603,3470,52844,4529,52844,766,65
1603,3470,52845,4529,52845,766,65
1603,3470,52846,4529,52846,766,65
1603,3470,52847,4529,52847,766,65
1603,3470,52848,4529,52848,766,65
1603,3470,52849,4529,52849,766,65
1603,3470,52850,4529,52850,766,65
1603,3470,52851,4529,52851,766,65
1603,3470,52852,4529,52852,766,65
1603,3470,52853,4529,52853,766,65
1603,3470,52854,4529,52854,766,65
1603,3470,52855,4529,52855,766,65
1603,3470,52856,4529,52856,766,65
1603,3470,52857,4529,52857,766,65
1603,3470,52858,4529,52858,766,65
1603,3470,52859,4529,52859,766,65
1603,3470,52860,4529,52860,766,65
1603,3470,52861,4529,52861,766,65
1603,3470,52862,4529,52862,766,65
1603,3470,52863,4529,52863,766,65
1603,3470,52864,4529,52864,766,65
1603,3470,52865,4529,52865,766,65
1603,3470,52866,4529,52866,766,65
1603,3470,52867,4529,52867,766,65
1603,3470,52868,4529,52868,766,65
1603,3470,52869,4529,52869,766,65
1603,3470,52870,4529,52870,766,65
1603,3470,52871,4529,52871,766,65
1603,3470,52872,4529,52872,766,65
1603,3470,52873,4529,52873,766,65
1603,3470,52874,4529,52874,766,65
1603,3470,52875,4529,52875,766,65
1603,3470,52876,4529,52876,766,65
1603,3470,52877,4529,52877,766,65
1603,3470,52878,4529,52878,766,65
1603,3470,52879,4529,52879,766,65
1603,3470,52880,4529,52880,766,65
1603,3470,52881,4529,52881,766,65
1603,3470,52882,4529,52882,766,65
1603,3470,52883,4529,52883,766,65
1603,3470,52884,4529,52884,766,65
1603,3470,52885,4529,52885,766,65
1603,3470,52886,4529,52886,766,65
1603,3470,52887,4529,52887,766,65
1603,3470,52888,4529,52888,766,65
1603,3470,52889,4529,52889,766,65
1603,3470,52890,4529,52890,766,65
1603,3470,52891,4529,52891,766,65
1603,3470,52892,4529,52892,766,65
1603,3470,52893,4529,52893,766,65
1603,3470,52894,4529,52894,766,65
1603,3470,52895,4529,52895,766,65
1603,3470,52896,4529,52896,766,65
1603,3470,52897,4529,52897,766,65
1603,3470,52898,4529,52898,766,65
1603,3470,52899,4529,52899,766,65
1603,3470,52900,4529,52900,766,65
1603,3470,52901,4529,52901,766,65
1603,3470,52902,4529,52902,766,65
1603,3470,52903,4529,52903,766,65
1603,3470,52904,4529,52904,766,65
1603,3470,52905,4529,52905,766,65
1603,3470,52906,4529,52906,766,65
1603,3470,52907,4529,52907,766,65
1603,3470,52908,4529,52908,766,65
1603,3470,52909,4529,52909,766,65
1603,3470,52910,4529,52910,766,65
1603,3470,52911,4529,52911,766,65
1603,3470,52912,4529,52912,766,65
1603,3470,52913,4529,52913,766,65
1603,3470,52914,4529,52914,766,65
1603,3470,52915,4529,52915,766,65
1603,3470,52916,4529,52916,766,65
1603,3470,52917,4529,52917,766,65
1603,3470,52918,4529,52918,766,65
1603,3470,52919,4529,52919,766,65
1603,3470,52920,4529,52920,766,65
1603,3470,52921,4529,52921,766,65
1603,3470,52922,4529,52922,766,65
1603,3470,52923,4529,52923,766,65
1603,3470,52924,4529,52924,766,65
1603,3470,52925,4529,52925,766,65
1603,3470,52926,4529,52926,766,65
1603,3470,52927,4529,52927,766,65
1603,3470,52928,4529,52928,766,65
1603,3470,52929,4529,52929,766,65
1603,3470,52930,4529,52930,766,65
1603,3470,52931,4529,52931,766,65
1603,3470,52932,4529,52932,766,65
1603,3470,52933,4529,52933,766,65
1603,3470,52934,4529,52934,766,65
1603,3470,52935,4529,52935,766,65
1603,3470,52936,4529,52936,766,65
1603,3470,52937,4529,52937,766,65
1603,3470,52938,4529,52938,766,65
1603,3470,52939,4529,52939,766,65
1603,3470,52940,4529,52940,766,65
1603,3470,52941,4529,52941,766,65
1603,3470,52942,4529,52942,766,65
1603,3470,52943,4529,52943,766,65
1603,3470,52944,4529,52944,766,65
1603,3470,52945,4529,52945,766,65
1603,3470,52946,4529,52946,766,65
1603,3470,52947,4529,52947,766,65
1603,3470,52948,4529,52948,766,65
1603,3470,52949,4529,52949,766,65
1603,3470,52950,4529,52950,766,65
1603,3470,52951,4529,52951,766,65
1603,3470,52952,4529,52952,766,65
1603,3470,52953,4529,52953,766,65
1603,3470,52954,4529,52954,766,65
1603,3470,52955,4529,52955,766,65
1603,3470,52956,4529,52956,766,65
1603,3470,52957,4529,52957,766,65
1603,3470,52958,4529,52958,766,65
1603,3470,52959,4529,52959,766,65
1603,3470,52960,4529,52960,766,65
1603,3470,52961,4529,52961,766,65
1603,3470,52962,4529,52962,766,65
1603,3470,52963,4529,52963,766,65
1603,3470,52964,4529,52964,766,65
1603,3470,52965,4529,52965,766,65
1603,3470,52966,4529,52966,766,65
1603,3470,52967,4529,52967,766,65
1603,3470,52968,4529,52968,766,65
1603,3470,52969,4529,52969,766,65
1603,3470,52970,4529,52970,766,65
1603,3470,52971,4529,52971,766,65
1603,3470,52972,4529,52972,766,65
1603,3470,52973,4529,52973,766,65
1603,3470,52974,4529,52974,766,65
1603,3470,52975,4529,52975,766,65
1603,3470,52976,4529,52976,766,65
1603,3470,52977,4529,52977,766,65
1603,3470,52978,4529,52978,766,65
1603,3470,52979,4529,52979,766,65
1603,3470,52980,4529,52980,766,65
1603,3470,52981,4529,52981,766,65
1603,3470,52982,4529,52982,766,65
1603,3470,52983,4529,52983,766,65
1603,3470,52984,4529,52984,766,65
1603,3470,52985,4529,52985,766,65
1603,3470,52986,4529,52986,766,65
1603,3470,52987,4529,52987,766,65
1603,3470,52988,4529,52988,766,65
1603,3470,52989,4529,52989,766,65
1603,3470,52990,4529,52990,766,65
1603,3470,52991,4529,52991,766,65
1603,3470,52992,4529,52992,766,65
1603,3470,52993,4529,52993,766,65
1603,3470,52994,4529,52994,766,65
1603,3470,52995,4529,52995,766,65
1603,3470,52996,4529,52996,766,65
1603,3470,52997,4529,52997,766,65
1603,3470,52998,4529,52998,766,65
1603,3470,52999,4529,52999,766,65
1603,3470,53000,4529,53000,766,65
1603,3470,53001,4529,53001,766,65
1603,3470,53002,4529,53002,766,65
1603,3470,53003,4529,53003,766,65
1603,3470,53004,4529,53004,766,65
1603,3470,53005,4529,53005,766,65
1603,3470,53006,4529,53006,766,65
1603,3470,53007,4529,53007,766,65
1603,3470,53008,4529,53008,766,65
1603,3470,53009,4529,53009,766,65
1603,3470,53010,4529,53010,766,65
1603,3470,53011,4529,53011,766,65
1603,3470,53012,4529,53012,766,65
1603,3470,53013,4529,53013,766,65
1603,3470,53014,4529,53014,766,65
1603,3470,53015,4529,53015,766,65
1603,3470,53016,4529,53016,766,65
1603,3470,53017,4529,53017,766,65
1603,3470,53018,4529,53018,766,65
1603,3470,53019,4529,53019,766,65
1603,3470,53020,4529,53020,766,65
1603,3470,53021,4529,53021,766,65
1603,3470,53022,4529,53022,766,65
1603,3470,53023,4529,53023,766,65
1603,3470,53024,4529,53024,766,65
1603,3470,53025,4529,53025,766,65
1603,3470,53026,4529,53026,766,65
1603,3470,53027,4529,53027,766,65
1603,3470,53028,4529,53028,766,65
1603,3470,53029,4529,53029,766,65
1603,3470,53030,4529,53030,766,65
1603,3470,53031,4529,53031,766,65
1603,3470,53032,4529,53032,766,65
1603,3470,53033,4529,53033,766,65
1603,3470,53034,4529,53034,766,65
1603,3470,53035,4529,53035,766,65
1603,3470,53036,4529,53036,766,65
1603,3470,53037,4529,53037,766,65
1603,3470,53038,4529,53038,766,65
1603,3470,53039,4529,53039,766,65
1603,3470,53040,4529,53040,766,65
1603,3470,53041,4529,53041,766,65
1603,3470,53042,4529,53042,766,65
1603,3470,53043,4529,53043,766,65
1603,3470,53044,4529,53044,766,65
1603,3470,53045,4529,53045,766,65
1603,3470,53046,4529,53046,766,65
1603,3470,53047,4529,53047,766,65
1603,3470,53048,4529,53048,766,65
1603,3470,53049,4529,53049,766,65
1603,3470,53050,4529,53050,766,65
1603,3470,53051,4529,53051,766,65
1603,3470,53052,4529,53052,766,65
1603,3470,53053,4529,53053,766,65
1603,3470,53054,4529,53054,766,65
1603,3470,53055,4529,53055,766,65
1603,3470,53056,4529,53056,766,65
1603,3470,53057,4529,53057,766,65
1603,3470,53058,4529,53058,766,65
1603,3470,53059,4529,53059,766,65
1603,3470,53060,4529,53060,766,65
1603,3470,53061,4529,53061,766,65
1603,3470,53062,4529,53062,766,65
1603,3470,53063,4529,53063,766,65
1603,3470,53064,4529,53064,766,65
1603,3470,53065,4529,53065,766,65
1603,3470,53066,4529,53066,766,65
1603,3470,53067,4529,53067,766,65
1603,3470,53068,4529,53068,766,65
1603,3470,53069,4529,53069,766,65
1603,3470,53070,4529,53070,766,65
1603,3470,53071,4529,53071,766,65
1603,3470,53072,4529,53072,766,65
1603,3470,53073,4529,53073,766,65
1603,3470,53074,4529,53074,766,65
1603,3470,53075,4529,53075,766,65
1603,3470,53076,4529,53076,766,65
1603,3470,53077,4529,53077,766,65
1603,3470,53078,4529,53078,766,65
1603,3470,53079,4529,53079,766,65
1603,3470,53080,4529,53080,766,65
1603,3470,53081,4529,53081,766,65
1603,3470,53082,4529,53082,766,65
1603,3470,53083,4529,53083,766,65
1603,3470,53084,4529,53084,766,65
1603,3470,53085,4529,53085,766,65
1603,3470,53086,4529,53086,766,65
1603,3470,53087,4529,53087,766,65
1603,3470,53088,4529,53088,766,65
1603,3470,53089,4529,53089,766,65
1603,3470,53090,4529,53090,766,65
1603,3470,53091,4529,53091,766,65
1603,3470,53092,4529,53092,766,65
1603,3470,53093,4529,53093,766,65
1603,3470,53094,4529,53094,766,65
1603,3470,53095,4529,53095,766,65
1603,3470,53096,4529,53096,766,65
1603,3470,53097,4529,53097,766,65
1603,3470,53098,4529,53098,766,65
1603,3470,53099,4529,53099,766,65
1603,3470,53100,4529,53100,766,65
1603,3470,53101,4529,53101,766,65
1603,3470,53102,4529,53102,766,65
1603,3470,53103,4529,53103,766,65
1603,3470,53104,4529,53104,766,65
1603,3470,53105,4529,53105,766,65
1603,3470,53106,4529,53106,766,65
1603,3470,53107,4529,53107,766,65
1603,3470,53108,4529,53108,766,65
1603,3470,53109,4529,53109,766,65
1603,3470,53110,4529,53110,766,65
1603,3470,53111,4529,53111,766,65
1603,3470,53112,4529,53112,766,65
1603,3470,53113,4529,53113,766,65
1603,3470,53114,4529,53114,766,65
1603,3470,53115,4529,53115,766,65
1603,3470,53116,4529,53116,766,65
1603,3470,53117,4529,53117,766,65
1603,3470,53118,4529,53118,766,65
1603,3470,53119,4529,53119,766,65
1603,3470,53120,4529,53120,766,65
1603,3470,53121,4529,53121,766,65
1603,3470,53122,4529,53122,766,65
1603,3470,53123,4529,53123,766,65
1603,3470,53124,4529,53124,766,65
1603,3470,53125,4529,53125,766,65
1603,3470,53126,4529,53126,766,65
1603,3470,53127,4529,53127,766,65
1603,3470,53128,4529,53128,766,65
1603,3470,53129,4529,53129,766,65
1603,3470,53130,4529,53130,766,65
1603,3470,53131,4529,53131,766,65
1603,3470,53132,4529,53132,766,65
1603,3470,53133,4529,53133,766,65
1603,3470,53134,4529,53134,766,65
1603,3470,53135,4529,53135,766,65
1603,3470,53136,4529,53136,766,65
1603,3470,53137,4529,53137,766,65
1603,3470,53138,4529,53138,766,65
1603,3470,53139,4529,53139,766,65
1603,3470,53140,4529,53140,766,65
1603,3470,53141,4529,53141,766,65
1603,3470,53142,4529,53142,766,65
1603,3470,53143,4529,53143,766,65
1603,3470,53144,4529,53144,766,65
1603,3470,53145,4529,53145,766,65
1603,3470,53146,4529,53146,766,65
1603,3470,53147,4529,53147,766,65
1603,3470,53148,4529,53148,766,65
1603,3470,53149,4529,53149,766,65
1603,3470,53150,4529,53150,766,65
1603,3470,53151,4529,53151,766,65
1603,3470,53152,4529,53152,766,65
1603,3470,53153,4529,53153,766,65
1603,3470,53154,4529,53154,766,65
1603,3470,53155,4529,53155,766,65
1603,3470,53156,4529,53156,766,65
1603,3470,53157,4529,53157,766,65
1603,3470,53158,4529,53158,766,65
1603,3470,53159,4529,53159,766,65
1603,3470,53160,4529,53160,766,65
1603,3470,53161,4529,53161,766,65
1603,3470,53162,4529,53162,766,65
1603,3470,53163,4529,53163,766,65
1603,3470,53164,4529,53164,766,65
1603,3470,53165,4529,53165,766,65
1603,3470,53166,4529,53166,766,65
1603,3470,53167,4529,53167,766,65
1603,3470,53168,4529,53168,766,65
1603,3470,53169,4529,53169,766,65
1603,3470,53170,4529,53170,766,65
1603,3470,53171,4529,53171,766,65
1603,3470,53172,4529,53172,766,65
1603,3470,53173,4529,53173,766,65
1603,3470,53174,4529,53174,766,65
1603,3470,53175,4529,53175,766,65
1603,3470,53176,4529,53176,766,65
1603,3470,53177,4529,53177,766,65
1603,3470,53178,4529,53178,766,65
1603,3470,53179,4529,53179,766,65
1603,3470,53180,4529,53180,766,65
1603,3470,53181,4529,53181,766,65
1603,3470,53182,4529,53182,766,65
1603,3470,53183,4529,53183,766,65
1603,3470,53184,4529,53184,766,65
1603,3470,53185,4529,53185,766,65
1603,3470,53186,4529,53186,766,65
1603,3470,53187,4529,53187,766,65
1603,3470,53188,4529,53188,766,65
1603,3470,53189,4529,53189,766,65
1603,3470,53190,4529,53190,766,65
1603,3470,53191,4529,53191,766,65
1603,3470,53192,4529,53192,766,65
1603,3470,53193,4529,53193,766,65
1603,3470,53194,4529,53194,766,65
1603,3470,53195,4529,53195,766,65
1603,3470,53196,4529,53196,766,65
1603,3470,53197,4529,53197,766,65
1603,3470,53198,4529,53198,766,65
1603,3470,53199,4529,53199,766,65
1603,3470,53200,4529,53200,766,65
1603,3470,53201,4529,53201,766,65
1603,3470,53202,4529,53202,766,65
1603,3470,53203,4529,53203,766,65
1603,3470,53204,4529,53204,766,65
1603,3470,53205,4529,53205,766,65
1603,3470,53206,4529,53206,766,65
1603,3470,53207,4529,53207,766,65
1603,3470,53208,4529,53208,766,65
1603,3470,53209,4529,53209,766,65
1603,3470,53210,4529,53210,766,65
1603,3470,53211,4529,53211,766,65
1603,3470,53212,4529,53212,766,65
1603,3470,53213,4529,53213,766,65
1603,3470,53214,4529,53214,766,65
1603,3470,53215,4529,53215,766,65
1603,3470,53216,4529,53216,766,65
1603,3470,53217,4529,53217,766,65
1603,3470,53218,4529,53218,766,65
1603,3470,53219,4529,53219,766,65
1603,3470,53220,4529,53220,766,65
1603,3470,53221,4529,53221,766,65
1603,3470,53222,4529,53222,766,65
1603,3470,53223,4529,53223,766,65
1603,3470,53224,4529,53224,766,65
1603,3470,53225,4529,53225,766,65
1603,3470,53226,4529,53226,766,65
1603,3470,53227,4529,53227,766,65
1603,3470,53228,4529,53228,766,65
1603,3470,53229,4529,53229,766,65
1603,3470,53230,4529,53230,766,65
1603,3470,53231,4529,53231,766,65
1603,3470,53232,4529,53232,766,65
1603,3470,53233,4529,53233,766,65
1603,3470,53234,4529,53234,766,65
1603,3470,53235,4529,53235,766,65
1603,3470,53236,4529,53236,766,65
1603,3470,53237,4529,53237,766,65
1603,3470,53238,4529,53238,766,65
1603,3470,53239,4529,53239,766,65
1603,3470,53240,4529,53240,766,65
1603,3470,53241,4529,53241,766,65
1603,3470,53242,4529,53242,766,65
1603,3470,53243,4529,53243,766,65
1603,3470,53244,4529,53244,766,65
1603,3470,53245,4529,53245,766,65
1603,3470,53246,4529,53246,766,65
1603,3470,53247,4529,53247,766,65
1603,3470,53248,4529,53248,766,65
1603,3470,53249,4529,53249,766,65
1603,3470,53250,4529,53250,766,65
1602,3470,53251,4529,53251,766,65
1602,3470,53252,4529,53252,766,65
1602,3470,53253,4529,53253,766,65
1602,3470,53254,4529,53254,766,65
1602,3470,53255,4529,53255,766,65
1602,3470,53256,4529,53256,766,65
1602,3470,53257,4529,53257,766,65
1602,3470,53258,4529,53258,766,65
1602,3470,53259,4529,53259,766,65
1602,3470,53260,4529,53260,766,65
1602,3470,53261,4529,53261,766,65
1602,3470,53262,4529,53262,766,65
1602,3470,53263,4529,53263,766,65
1602,3470,53264,4529,53264,766,65
1602,3470,53265,4529,53265,766,65
1602,3470,53266,4529,53266,766,65
1602,3470,53267,4529,53267,766,65
1602,3470,53268,4529,53268,766,65
1602,3470,53269,4529,53269,766,65
1602,3470,53270,4529,53270,766,65
1602,3470,53271,4529,53271,766,65
1602,3470,53272,4529,53272,766,65
1602,3470,53273,4529,53273,766,65
1602,3470,53274,4529,53274,766,65
1602,3470,53275,4529,53275,766,65
1602,3470,53276,4529,53276,766,65
1602,3470,53277,4529,53277,766,65
1602,3470,53278,4529,53278,766,65
1602,3470,53279,4529,53279,766,65
1602,3470,53280,4529,53280,766,65
1602,3470,53281,4529,53281,766,65
1602,3470,53282,4529,53282,766,65
1602,3470,53283,4529,53283,766,65
1602,3470,53284,4529,53284,766,65
1602,3470,53285,4529,53285,766,65
1602,3470,53286,4529,53286,766,65
1602,3470,53287,4529,53287,766,65
1602,3470,53288,4529,53288,766,65
1602,3470,53289,4529,53289,766,65
1602,3470,53290,4529,53290,766,65
1602,3470,53291,4529,53291,766,65
1602,3470,53292,4529,53292,766,65
1602,3470,53293,4529,53293,766,65
1602,3470,53294,4529,53294,766,65
1602,3470,53295,4529,53295,766,65
1602,3470,53296,4529,53296,766,65
1602,3470,53297,4529,53297,766,65
1602,3470,53298,4529,53298,766,65
1602,3470,53299,4529,53299,766,65
1602,3470,53300,4529,53300,766,65
1602,3470,53301,4529,53301,766,65
1602,3470,53302,4529,53302,766,65
1602,3470,53303,4529,53303,766,65
1602,3470,53304,4529,53304,766,65
1602,3470,53305,4529,53305,766,65
1602,3470,53306,4529,53306,766,65
1602,3470,53307,4529,53307,766,65
1602,3470,53308,4529,53308,766,65
1602,3470,53309,4529,53309,766,65
1602,3470,53310,4529,53310,766,65
1602,3470,53311,4529,53311,766,65
1602,3470,53312,4529,53312,766,65
1602,3470,53313,4529,53313,766,65
1602,3470,53314,4529,53314,766,65
1602,3470,53315,4529,53315,766,65
1602,3470,53316,4529,53316,766,65
1602,3470,53317,4529,53317,766,65
1602,3470,53318,4529,53318,766,65
1602,3470,53319,4529,53319,766,65
1602,3470,53320,4529,53320,766,65
1602,3470,53321,4529,53321,766,65
1602,3470,53322,4529,53322,766,65
1602,3470,53323,4529,53323,766,65
1602,3470,53324,4529,53324,766,65
1602,3470,53325,4529,53325,766,65
1602,3470,53326,4529,53326,766,65
1602,3470,53327,4529,53327,766,65
1602,3470,53328,4529,53328,766,65
1602,3470,53329,4529,53329,766,65
1602,3470,53330,4529,53330,766,65
1602,3470,53331,4529,53331,766,65
1602,3470,53332,4529,53332,766,65
1602,3470,53333,4529,53333,766,65
1602,3470,53334,4529,53334,766,65
1602,3470,53335,4529,53335,766,65
1602,3470,53336,4529,53336,766,65
1602,3470,53337,4529,53337,766,65
1602,3470,53338,4529,53338,766,65
1602,3470,53339,4529,53339,766,65
1602,3470,53340,4529,53340,766,65
1602,3470,53341,4529,53341,766,65
1602,3470,53342,4529,53342,766,65
1602,3470,53343,4529,53343,766,65
1602,3470,53344,4529,53344,766,65
1602,3470,53345,4529,53345,766,65
1602,3470,53346,4529,53346,766,65
1602,3470,53347,4529,53347,766,65
1602,3470,53348,4529,53348,766,65
1602,3470,53349,4529,53349,766,65
1602,3470,53350,4529,53350,766,65
1602,3470,53351,4529,53351,766,65
1602,3470,53352,4529,53352,766,65
1602,3470,53353,4529,53353,766,65
1602,3470,53354,4529,53354,766,65
1602,3470,53355,4529,53355,766,65
1601,3470,53356,4529,53356,766,65
1601,3470,53357,4529,53357,766,65
1601,3470,53358,4529,53358,766,65
1601,3470,53359,4529,53359,766,65
1601,3470,53360,4529,53360,766,65
1601,3470,53361,4529,53361,766,65
1601,3470,53362,4529,53362,766,65
1601,3470,53363,4529,53363,766,65
1601,3470,53364,4529,53364,766,65
1601,3470,53365,4529,53365,766,65
1601,3470,53366,4529,53366,766,65
1601,3470,53367,4529,53367,766,65
1601,3470,53368,4529,53368,766,65
1601,3470,53369,4529,53369,766,65
1601,3470,53370,4529,53370,766,65
1601,3470,53371,4529,53371,766,65
1601,3470,53372,4529,53372,766,65
1601,3470,53373,4529,53373,766,65
1601,3470,53374,4529,53374,766,65
1601,3470,53375,4529,53375,766,65
1601,3470,53376,4529,53376,766,65
1601,3470,53377,4529,53377,766,65
1601,3470,53378,4529,53378,766,65
1601,3470,53379,4529,53379,766,65
1601,3470,53380,4529,53380,766,65
1601,3470,53381,4529,53381,766,65
1601,3470,53382,4529,53382,766,65
1601,3470,53383,4529,53383,766,65
1601,3470,53384,4529,53384,766,65
1601,3470,53385,4529,53385,766,65
1601,3470,53386,4529,53386,766,65
1601,3470,53387,4529,53387,766,65
1601,3470,53388,4529,53388,766,65
1601,3470,53389,4529,53389,766,65
1601,3470,53390,4529,53390,766,65
1601,3470,53391,4529,53391,766,65
1601,3470,53392,4529,53392,766,65
1601,3470,53393,4529,53393,766,65
1601,3470,53394,4529,53394,766,65
1601,3470,53395,4529,53395,766,65
1601,3470,53396,4529,53396,766,65
1601,3470,53397,4529,53397,766,65
1601,3470,53398,4529,53398,766,65
1601,3470,53399,4529,53399,766,65
1601,3470,53400,4529,53400,766,65
1601,3470,53401,4529,53401,766,65
1601,3470,53402,4529,53402,766,65
1601,3470,53403,4529,53403,766,65
1601,3470,53404,4529,53404,766,65
1601,3470,53405,4529,53405,766,65
1601,3470,53406,4529,53406,766,65
1601,3470,53407,4529,53407,766,65
1601,3470,53408,4529,53408,766,65
1601,3470,53409,4529,53409,766,65
1601,3470,53410,4529,53410,766,65
1601,3470,53411,4529,53411,766,65
1601,3470,53412,4529,53412,766,65
1601,3470,53413,4529,53413,766,65
1601,3470,53414,4529,53414,766,65
1601,3470,53415,4529,53415,766,65
1601,3470,53416,4529,53416,766,65
1601,3470,53417,4529,53417,766,65
1601,3470,53418,4529,53418,766,65
1601,3470,53419,4529,53419,766,65
1601,3470,53420,4529,53420,766,65
1601,3470,53421,4529,53421,766,65
1601,3470,53422,4529,53422,766,65
1601,3470,53423,4529,53423,766,65
1601,3470,53424,4529,53424,766,65
1601,3470,53425,4529,53425,766,65
1601,3470,53426,4529,53426,766,65
1601,3470,53427,4529,53427,766,65
1601,3470,53428,4529,53428,766,65
1601,3470,53429,4529,53429,766,65
1601,3470,53430,4529,53430,766,65
1601,3470,53431,4529,53431,766,65
1601,3470,53432,4529,53432,766,65
1601,3470,53433,4529,53433,766,65
1601,3470,53434,4529,53434,766,65
1601,3470,53435,4529,53435,766,65
1601,3470,53436,4529,53436,766,65
1601,3470,53437,4529,53437,766,65
1601,3470,53438,4529,53438,766,65
1601,3470,53439,4529,53439,766,65
1601,3470,53440,4529,53440,766,65
1601,3470,53441,4529,53441,766,65
1601,3470,53442,4529,53442,766,65
1601,3470,53443,4529,53443,766,65
1601,3470,53444,4529,53444,766,65
1601,3470,53445,4529,53445,766,65
1601,3470,53446,4529,53446,766,65
1601,3470,53447,4529,53447,766,65
1601,3470,53448,4529,53448,766,65
1601,3470,53449,4529,53449,766,65
1601,3470,53450,4529,53450,766,65
1601,3470,53451,4529,53451,766,65
1601,3470,53452,4529,53452,766,65
1601,3470,53453,4529,53453,766,65
1601,3470,53454,4529,53454,766,65
1601,3470,53455,4529,53455,766,65
1601,3470,53456,4529,53456,766,65
1601,3470,53457,4529,53457,766,65
1601,3470,53458,4529,53458,766,65
1601,3470,53459,4529,53459,766,65
1601,3470,53460,4529,53460,766,65
1601,3470,53461,4529,53461,766,65
1601,3470,53462,4529,53462,766,65
1601,3470,53463,4529,53463,766,65
1601,3470,53464,4529,53464,766,65
1601,3470,53465,4529,53465,766,65
1601,3470,53466,4529,53466,766,65
1601,3470,53467,4529,53467,766,65
1601,3470,53468,4529,53468,766,65
1601,3470,53469,4529,53469,766,65
1601,3470,53470,4529,53470,766,65
1601,3470,53471,4529,53471,766,65
1601,3470,53472,4529,53472,766,65
1601,3470,53473,4529,53473,766,65
1601,3470,53474,4529,53474,766,65
1601,3470,53475,4529,53475,766,65
1601,3470,53476,4529,53476,766,65
1601,3470,53477,4529,53477,766,65
1601,3470,53478,4529,53478,766,65
1601,3470,53479,4529,53479,766,65
1601,3470,53480,4529,53480,766,65
1601,3470,53481,4529,53481,766,65
1601,3470,53482,4529,53482,766,65
1601,3470,53483,4529,53483,766,65
1601,3470,53484,4529,53484,766,65
1601,3470,53485,4529,53485,766,65
1601,3470,53486,4529,53486,766,65
1601,3470,53487,4529,53487,766,65
1601,3470,53488,4529,53488,766,65
1601,3470,53489,4529,53489,766,65
1601,3470,53490,4529,53490,766,65
1601,3470,53491,4529,53491,766,65
1601,3470,53492,4529,53492,766,65
1601,3470,53493,4529,53493,766,65
1601,3470,53494,4529,53494,766,65
1601,3470,53495,4529,53495,766,65
1601,3470,53496,4529,53496,766,65
1601,3470,53497,4529,53497,766,65
1601,3470,53498,4529,53498,766,65
1601,3470,53499,4529,53499,766,65
1601,3470,53500,4529,53500,766,65
1601,3470,53501,4529,53501,766,65
1601,3470,53502,4529,53502,766,65
1601,3470,53503,4529,53503,766,65
1601,3470,53504,4529,53504,766,65
1601,3470,53505,4529,53505,766,65
1601,3470,53506,4529,53506,766,65
1601,3470,53507,4529,53507,766,65
1601,3470,53508,4529,53508,766,65
1601,3470,53509,4529,53509,766,65
1601,3470,53510,4529,53510,766,65
1601,3470,53511,4529,53511,766,65
1601,3470,53512,4529,53512,766,65
1601,3470,53513,4529,53513,766,65
1601,3470,53514,4529,53514,766,65
1601,3470,53515,4529,53515,766,65
1601,3470,53516,4529,53516,766,65
1601,3470,53517,4529,53517,766,65
1601,3470,53518,4529,53518,766,65
1601,3470,53519,4529,53519,766,65
1601,3470,53520,4529,53520,766,65
1601,3470,53521,4529,53521,766,65
1601,3470,53522,4529,53522,766,65
1601,3470,53523,4529,53523,766,65
1601,3470,53524,4529,53524,766,65
1601,3470,53525,4529,53525,766,65
1601,3470,53526,4529,53526,766,65
1601,3470,53527,4529,53527,766,65
1601,3470,53528,4529,53528,766,65
1601,3470,53529,4529,53529,766,65
1601,3470,53530,4529,53530,766,65
1601,3470,53531,4529,53531,766,65
1601,3470,53532,4529,53532,766,65
1601,3470,53533,4529,53533,766,65
1601,3470,53534,4529,53534,766,65
1601,3470,53535,4529,53535,766,65
1601,3470,53536,4529,53536,766,65
1601,3470,53537,4529,53537,766,65
1601,3470,53538,4529,53538,766,65
1601,3470,53539,4529,53539,766,65
1601,3470,53540,4529,53540,766,65
1601,3470,53541,4529,53541,766,65
1601,3470,53542,4529,53542,766,65
1601,3470,53543,4529,53543,766,65
1601,3470,53544,4529,53544,766,65
1601,3470,53545,4529,53545,766,65
1601,3470,53546,4529,53546,766,65
1601,3470,53547,4529,53547,766,65
1601,3470,53548,4529,53548,766,65
1601,3470,53549,4529,53549,766,65
1601,3470,53550,4529,53550,766,65
1601,3470,53551,4529,53551,766,65
1601,3470,53552,4529,53552,766,65
1601,3470,53553,4529,53553,766,65
1601,3470,53554,4529,53554,766,65
1601,3470,53555,4529,53555,766,65
1601,3470,53556,4529,53556,766,65
1601,3470,53557,4529,53557,766,65
1601,3470,53558,4529,53558,766,65
1601,3470,53559,4529,53559,766,65
1601,3470,53560,4529,53560,766,65
1601,3470,53561,4529,53561,766,65
1601,3470,53562,4529,53562,766,65
1601,3470,53563,4529,53563,766,65
1601,3470,53564,4529,53564,766,65
1601,3470,53565,4529,53565,766,65
1601,3470,53566,4529,53566,766,65
1601,3470,53567,4529,53567,766,65
1601,3470,53568,4529,53568,766,65
1601,3470,53569,4529,53569,766,65
1601,3470,53570,4529,53570,766,65
1600,3470,53571,4529,53571,766,64
1600,3470,53572,4529,53572,766,64
1600,3470,53573,4529,53573,766,64
1600,3470,53574,4529,53574,766,64
1600,3470,53575,4529,53575,766,64
1600,3470,53576,4529,53576,766,64
1600,3470,53577,4529,53577,766,64
1600,3470,53578,4529,53578,766,64
1600,3470,53579,4529,53579,766,64
1600,3470,53580,4529,53580,766,64
1600,3470,53581,4529,53581,766,64
1600,3470,53582,4529,53582,766,64
1600,3470,53583,4529,53583,766,64
1600,3470,53584,4529,53584,766,64
1600,3470,53585,4529,53585,766,64
1600,3470,53586,4529,53586,766,64
1600,3470,53587,4529,53587,766,64
1600,3470,53588,4529,53588,766,64
1600,3470,53589,4529,53589,766,64
1600,3470,53590,4529,53590,766,64
1600,3470,53591,4529,53591,766,64
1600,3470,53592,4529,53592,766,64
1600,3470,53593,4529,53593,766,64
1600,3470,53594,4529,53594,766,64
1600,3470,53595,4529,53595,766,64
1600,3470,53596,4529,53596,766,64
1600,3470,53597,4529,53597,766,64
1600,3470,53598,4529,53598,766,64
1600,3470,53599,4529,53599,766,64
1600,3470,53600,4529,53600,766,64
1600,3470,53601,4529,53601,766,64
1600,3470,53602,4529,53602,766,64
1600,3470,53603,4529,53603,766,64
1600,3470,53604,4529,53604,766,64
1600,3470,53605,4529,53605,766,64
1600,3470,53606,4529,53606,766,64
1600,3470,53607,4529,53607,766,64
1600,3470,53608,4529,53608,766,64
1600,3470,53609,4529,53609,766,64
1600,3470,53610,4529,53610,766,64
1600,3470,53611,4529,53611,766,64
1600,3470,53612,4529,53612,766,64
1600,3470,53613,4529,53613,766,64
1600,3470,53614,4529,53614,766,64
1600,3470,53615,4529,53615,766,64
1600,3470,53616,4529,53616,766,64
1600,3470,53617,4529,53617,766,64
1600,3470,53618,4529,53618,766,64
1600,3470,53619,4529,53619,766,64
1600,3470,53620,4529,53620,766,64
1600,3470,53621,4529,53621,766,64
1600,3470,53622,4529,53622,766,64
1600,3470,53623,4529,53623,766,64
1600,3470,53624,4529,53624,766,64
1600,3470,53625,4529,53625,766,64
1600,3470,53626,4529,53626,766,64
1600,3470,53627,4529,53627,766,64
1600,3470,53628,4529,53628,766,64
1600,3470,53629,4529,53629,766,64
1600,3470,53630,4529,53630,766,64
1600,3470,53631,4529,53631,766,64
1600,3470,53632,4529,53632,766,64
1600,3470,53633,4529,53633,766,64
1600,3470,53634,4529,53634,766,64
1600,3470,53635,4529,53635,766,64
1600,3470,53636,4529,53636,766,64
1600,3470,53637,4529,53637,766,64
1600,3470,53638,4529,53638,766,64
1600,3470,53639,4529,53639,766,64
1600,3470,53640,4529,53640,766,64
1600,3470,53641,4529,53641,766,64
1600,3470,53642,4529,53642,766,64
1600,3470,53643,4529,53643,766,64
1600,3470,53644,4529,53644,766,64
1600,3470,53645,4529,53645,766,64
1600,3470,53646,4529,53646,766,64
1600,3470,53647,4529,53647,766,64
1600,3470,53648,4529,53648,766,64
1600,3470,53649,4529,53649,766,64
1600,3470,53650,4529,53650,766,64
1600,3470,53651,4529,53651,766,64
1600,3470,53652,4529,53652,766,64
1600,3470,53653,4529,53653,766,64
1600,3470,53654,4529,53654,766,64
1600,3470,53655,4529,53655,766,64
1600,3470,53656,4529,53656,766,64
1600,3470,53657,4529,53657,766,64
1600,3470,53658,4529,53658,766,64
1600,3470,53659,4529,53659,766,64
1600,3470,53660,4529,53660,766,64
1600,3470,53661,4529,53661,766,64
1600,3470,53662,4529,53662,766,64
1600,3470,53663,4529,53663,766,64
1600,3470,53664,4529,53664,766,64
1600,3470,53665,4529,53665,766,64
1600,3470,53666,4529,53666,766,64
1600,3470,53667,4529,53667,766,64
1600,3470,53668,4529,53668,766,64
1600,3470,53669,4529,53669,766,64
1600,3470,53670,4529,53670,766,64
1600,3470,53671,4529,53671,766,64
1600,3470,53672,4529,53672,766,64
1600,3470,53673,4529,53673,766,64
1600,3470,53674,4529,53674,766,64
1600,3470,53675,4529,53675,766,64
1600,3470,53676,4529,53676,766,64
1600,3470,53677,4529,53677,766,64
1600,3470,53678,4529,53678,766,64
1600,3470,53679,4529,53679,766,64
1600,3470,53680,4529,53680,766,64
1600,3470,53681,4529,53681,766,64
1600,3470,53682,4529,53682,766,64
1600,3470,53683,4529,53683,766,64
1600,3470,53684,4529,53684,766,64
1600,3470,53685,4529,53685,766,64
1600,3470,53686,4529,53686,766,64
1600,3470,53687,4529,53687,766,64
1600,3470,53688,4529,53688,766,64
1600,3470,53689,4529,53689,766,64
1600,3470,53690,4529,53690,766,64
1600,3470,53691,4529,53691,766,64
1600,3470,53692,4529,53692,766,64
1600,3470,53693,4529,53693,766,64
1600,3470,53694,4529,53694,766,64
1600,3470,53695,4529,53695,766,64
1600,3470,53696,4529,53696,766,64
1600,3470,53697,4529,53697,766,64
1600,3470,53698,4529,53698,766,64
1600,3470,53699,4529,53699,766,64
1600,3470,53700,4529,53700,766,64
1600,3470,53701,4529,53701,766,64
1600,3470,53702,4529,53702,766,64
1600,3470,53703,4529,53703,766,64
1600,3470,53704,4529,53704,766,64
1600,3470,53705,4529,53705,766,64
1600,3470,53706,4529,53706,766,64
1600,3470,53707,4529,53707,766,64
1600,3470,53708,4529,53708,766,64
1600,3470,53709,4529,53709,766,64
1600,3470,53710,4529,53710,766,64
1600,3470,53711,4529,53711,766,64
1600,3470,53712,4529,53712,766,64
1600,3470,53713,4529,53713,766,64
1600,3470,53714,4529,53714,766,64
1600,3470,53715,4529,53715,766,64
1600,3470,53716,4529,53716,766,64
1600,3470,53717,4529,53717,766,64
1600,3470,53718,4529,53718,766,64
1600,3470,53719,4529,53719,766,64
1600,3470,53720,4529,53720,766,64
1600,3470,53721,4529,53721,766,64
1600,3470,53722,4529,53722,766,64
1600,3470,53723,4529,53723,766,64
1600,3470,53724,4529,53724,766,64
1600,3470,53725,4529,53725,766,64
1600,3470,53726,4529,53726,766,64
1600,3470,53727,4529,53727,766,64
1600,3470,53728,4529,53728,766,64
1600,3470,53729,4529,53729,766,64
1600,3470,53730,4529,53730,766,64
1600,3470,53731,4529,53731,766,64
1600,3470,53732,4529,53732,766,64
1600,3470,53733,4529,53733,766,64
1600,3470,53734,4529,53734,766,64
1600,3470,53735,4529,53735,766,64
1600,3470,53736,4529,53736,766,64
1600,3470,53737,4529,53737,766,64
1600,3470,53738,4529,53738,766,64
1600,3470,53739,4529,53739,766,64
1600,3470,53740,4529,53740,766,64
1600,3470,53741,4529,53741,766,64
1600,3470,53742,4529,53742,766,64
1600,3470,53743,4529,53743,766,64
1600,3470,53744,4529,53744,766,64
1600,3470,53745,4529,53745,766,64
1600,3470,53746,4529,53746,766,64
1600,3470,53747,4529,53747,766,64
1600,3470,53748,4529,53748,766,64
1600,3470,53749,4529,53749,766,64
1600,3470,53750,4529,53750,766,64
1600,3470,53751,4529,53751,766,64
1600,3470,53752,4529,53752,766,64
1600,3470,53753,4529,53753,766,64
1600,3470,53754,4529,53754,766,64
1600,3470,53755,4529,53755,766,64
1600,3470,53756,4529,53756,766,64
1600,3470,53757,4529,53757,766,64
1600,3470,53758,4529,53758,766,64
1600,3470,53759,4529,53759,766,64
1600,3470,53760,4529,53760,766,64
1600,3470,53761,4529,53761,766,64
1600,3470,53762,4529,53762,766,64
1600,3470,53763,4529,53763,766,64
1600,3470,53764,4529,53764,766,64
1600,3470,53765,4529,53765,766,64
1600,3470,53766,4529,53766,766,64
1600,3470,53767,4529,53767,766,64
1600,3470,53768,4529,53768,766,64
1600,3470,53769,4529,53769,766,64
1600,3470,53770,4529,53770,766,64
1600,3470,53771,4529,53771,766,64
1600,3470,53772,4529,53772,766,64
1600,3470,53773,4529,53773,766,64
1600,3470,53774,4529,53774,766,64
1600,3470,53775,4529,53775,766,64
1600,3470,53776,4529,53776,766,64
1600,3470,53777,4529,53777,766,64
1600,3470,53778,4529,53778,766,64
1600,3470,53779,4529,53779,766,64
1600,3470,53780,4529,53780,766,64
1600,3470,53781,4529,53781,766,64
1600,3470,53782,4529,53782,766,64
1600,3470,53783,4529,53783,766,64
1600,3470,53784,4529,53784,766,64
1600,3470,53785,4529,53785,766,64
1600,3470,53786,4529,53786,766,64
1600,3470,53787,4529,53787,766,64
1600,3470,53788,4529,53788,766,64
1600,3470,53789,4529,53789,766,64
1600,3470,53790,4529,53790,766,64
1600,3470,53791,4529,53791,766,64
1600,3470,53792,4529,53792,766,64
1600,3470,53793,4529,53793,766,64
1600,3470,53794,4529,53794,766,64
1600,3470,53795,4529,53795,766,64
1600,3470,53796,4529,53796,766,64
1600,3470,53797,4529,53797,766,64
1600,3470,53798,4529,53798,766,64
1600,3470,53799,4529,53799,766,64
1600,3470,53800,4529,53800,766,64
1600,3470,53801,4529,53801,766,64
1600,3470,53802,4529,53802,766,64
1600,3470,53803,4529,53803,766,64
1600,3470,53804,4529,53804,766,64
1600,3470,53805,4529,53805,766,64
1600,3470,53806,4529,53806,766,64
1600,3470,53807,4529,53807,766,64
1600,3470,53808,4529,53808,766,64
1600,3470,53809,4529,53809,766,64
1600,3470,53810,4529,53810,766,64
1600,3470,53811,4529,53811,766,64
1600,3470,53812,4529,53812,766,64
1600,3470,53813,4529,53813,766,64
1600,3470,53814,4529,53814,766,64
1600,3470,53815,4529,53815,766,64
1600,3470,53816,4529,53816,766,64
1600,3470,53817,4529,53817,766,64
1600,3470,53818,4529,53818,766,64
1600,3470,53819,4529,53819,766,64
1600,3470,53820,4529,53820,766,64
1600,3470,53821,4529,53821,766,64
1600,3470,53822,4529,53822,766,64
1600,3470,53823,4529,53823,766,64
1600,3470,53824,4529,53824,766,64
1600,3470,53825,4529,53825,766,64
1600,3470,53826,4529,53826,766,64
1600,3470,53827,4529,53827,766,64
1600,3470,53828,4529,53828,766,64
1600,3470,53829,4529,53829,766,64
1600,3470,53830,4529,53830,766,64
1600,3470,53831,4529,53831,766,64
1600,3470,53832,4529,53832,766,64
1600,3470,53833,4529,53833,766,64
1600,3470,53834,4529,53834,766,64
1600,3470,53835,4529,53835,766,64
1600,3470,53836,4529,53836,766,64
1600,3470,53837,4529,53837,766,64
1600,3470,53838,4529,53838,766,64
1600,3470,53839,4529,53839,766,64
1600,3470,53840,4529,53840,766,64
1600,3470,53841,4529,53841,766,64
1600,3470,53842,4529,53842,766,64
1600,3470,53843,4529,53843,766,64
1600,3470,53844,4529,53844,766,64
1600,3470,53845,4529,53845,766,64
1600,3470,53846,4529,53846,766,64
1600,3470,53847,4529,53847,766,64
1600,3470,53848,4529,53848,766,64
1600,3470,53849,4529,53849,766,64
1600,3470,53850,4529,53850,766,64
1600,3470,53851,4529,53851,766,64
1600,3470,53852,4529,53852,766,64
1600,3470,53853,4529,53853,766,64
1600,3470,53854,4529,53854,766,64
1600,3470,53855,4529,53855,766,64
1600,3470,53856,4529,53856,766,64
1600,3470,53857,4529,53857,766,64
1600,3470,53858,4529,53858,766,64
1600,3470,53859,4529,53859,766,64
1600,3470,53860,4529,53860,766,64
1600,3470,53861,4529,53861,766,64
1600,3470,53862,4529,53862,766,64
1600,3470,53863,4529,53863,766,64
1600,3470,53864,4529,53864,766,64
1600,3470,53865,4529,53865,766,64
1600,3470,53866,4529,53866,766,64
1600,3470,53867,4529,53867,766,64
1600,3470,53868,4529,53868,766,64
1600,3470,53869,4529,53869,766,64
1600,3470,53870,4529,53870,766,64
1600,3470,53871,4529,53871,766,64
1600,3470,53872,4529,53872,766,64
1600,3470,53873,4529,53873,766,64
1600,3470,53874,4529,53874,766,64
1600,3470,53875,4529,53875,766,64
1600,3470,53876,4529,53876,766,64
1600,3470,53877,4529,53877,766,64
1600,3470,53878,4529,53878,766,64
1600,3470,53879,4529,53879,766,64
1600,3470,53880,4529,53880,766,64
1600,3470,53881,4529,53881,766,64
1600,3470,53882,4529,53882,766,64
1600,3470,53883,4529,53883,766,64
1600,3470,53884,4529,53884,766,64
1600,3470,53885,4529,53885,766,64
1600,3470,53886,4529,53886,766,64
1600,3470,53887,4529,53887,766,64
1600,3470,53888,4529,53888,766,64
1600,3470,53889,4529,53889,766,64
1600,3470,53890,4529,53890,766,64
1600,3470,53891,4529,53891,766,64
1600,3470,53892,4529,53892,766,64
1600,3470,53893,4529,53893,766,64
1600,3470,53894,4529,53894,766,64
1600,3470,53895,4529,53895,766,64
1600,3470,53896,4529,53896,766,64
1600,3470,53897,4529,53897,766,64
1600,3470,53898,4529,53898,766,64
1600,3470,53899,4529,53899,766,64
1600,3470,53900,4529,53900,766,64
1600,3470,53901,4529,53901,766,64
1600,3470,53902,4529,53902,766,64
1600,3470,53903,4529,53903,766,64
1600,3470,53904,4529,53904,766,64
1600,3470,53905,4529,53905,766,64
1600,3470,53906,4529,53906,766,64
1600,3470,53907,4529,53907,766,64
1600,3470,53908,4529,53908,766,64
1600,3470,53909,4529,53909,766,64
1600,3470,53910,4529,53910,766,64
1600,3470,53911,4529,53911,766,64
1600,3470,53912,4529,53912,766,64
1600,3470,53913,4529,53913,766,64
1600,3470,53914,4529,53914,766,64
1600,3470,53915,4529,53915,766,64
1600,3470,53916,4529,53916,766,64
1600,3470,53917,4529,53917,766,64
1600,3470,53918,4529,53918,766,64
1600,3470,53919,4529,53919,766,64
1600,3470,53920,4529,53920,766,64
1600,3470,53921,4529,53921,766,64
1600,3470,53922,4529,53922,766,64
1600,3470,53923,4529,53923,766,64
1600,3470,53924,4529,53924,766,64
1600,3470,53925,4529,53925,766,64
1600,3470,53926,4529,53926,766,64
1600,3470,53927,4529,53927,766,64
1600,3470,53928,4529,53928,766,64
1600,3470,53929,4529,53929,766,64
1600,3470,53930,4529,53930,766,64
1600,3470,53931,4529,53931,766,64
1600,3470,53932,4529,53932,766,64
1600,3470,53933,4529,53933,766,64
1600,3470,53934,4529,53934,766,64
1600,3470,53935,4529,53935,766,64
1600,3470,53936,4529,53936,766,64
1600,3470,53937,4529,53937,766,64
1600,3470,53938,4529,53938,766,64
1600,3470,53939,4529,53939,766,64
1600,3470,53940,4529,53940,766,64
1600,3470,53941,4529,53941,766,64
1600,3470,53942,4529,53942,766,64
1600,3470,53943,4529,53943,766,64
1600,3470,53944,4529,53944,766,64
1600,3470,53945,4529,53945,766,64
1600,3470,53946,4529,53946,766,64
1600,3470,53947,4529,53947,766,64
1600,3470,53948,4529,53948,766,64
1600,3470,53949,4529,53949,766,64
1600,3470,53950,4529,53950,766,64
1600,3470,53951,4529,53951,766,64
1600,3470,53952,4529,53952,766,64
1600,3470,53953,4529,53953,766,64
1600,3470,53954,4529,53954,766,64
1600,3470,53955,4529,53955,766,64
1600,3470,53956,4529,53956,766,64
1600,3470,53957,4529,53957,766,64
1600,3470,53958,4529,53958,766,64
1600,3470,53959,4529,53959,766,64
1600,3470,53960,4529,53960,766,64
1600,3470,53961,4529,53961,766,64
1600,3470,53962,4529,53962,766,64
1600,3470,53963,4529,53963,766,64
1600,3470,53964,4529,53964,766,64
1600,3470,53965,4529,53965,766,64
1600,3470,53966,4529,53966,766,64
1600,3470,53967,4529,53967,766,64
1600,3470,53968,4529,53968,766,64
1600,3470,53969,4529,53969,766,64
1600,3470,53970,4529,53970,766,64
1600,3470,53971,4529,53971,766,64
1600,3470,53972,4529,53972,766,64
1600,3470,53973,4529,53973,766,64
1600,3470,53974,4529,53974,766,64
1600,3470,53975,4529,53975,766,64
1600,3470,53976,4529,53976,766,64
1600,3470,53977,4529,53977,766,64
1600,3470,53978,4529,53978,766,64
1600,3470,53979,4529,53979,766,64
1600,3470,53980,4529,53980,766,64
1600,3470,53981,4529,53981,766,64
1600,3470,53982,4529,53982,766,64
1600,3470,53983,4529,53983,766,64
1600,3470,53984,4529,53984,766,64
1600,3470,53985,4529,53985,766,64
1600,3470,53986,4529,53986,766,64
1600,3470,53987,4529,53987,766,64
1600,3470,53988,4529,53988,766,64
1600,3470,53989,4529,53989,766,64
1600,3470,53990,4529,53990,766,64
1600,3470,53991,4529,53991,766,64
1600,3470,53992,4529,53992,766,64
1600,3470,53993,4529,53993,766,64
1600,3470,53994,4529,53994,766,64
1600,3470,53995,4529,53995,766,64
1600,3470,53996,4529,53996,766,64
1600,3470,53997,4529,53997,766,64
1600,3470,53998,4529,53998,766,64
1600,3470,53999,4529,53999,766,64
1600,3470,54000,4529,54000,766,64
1600,3470,54001,4529,54001,766,64
1600,3470,54002,4529,54002,766,64
1600,3470,54003,4529,54003,766,64
1600,3470,54004,4529,54004,766,64
1600,3470,54005,4529,54005,766,64
1600,3470,54006,4529,54006,766,64
1600,3470,54007,4529,54007,766,64
1600,3470,54008,4529,54008,766,64
1600,3470,54009,4529,54009,766,64
1600,3470,54010,4529,54010,766,64
1600,3470,54011,4529,54011,766,64
1600,3470,54012,4529,54012,766,64
1600,3470,54013,4529,54013,766,64
1600,3470,54014,4529,54014,766,64
1600,3470,54015,4529,54015,766,64
1600,3470,54016,4529,54016,766,64
1600,3470,54017,4529,54017,766,64
1600,3470,54018,4529,54018,766,64
1601,3470,54019,4529,54019,766,64
1602,3470,54020,4529,54020,766,64
1603,3470,54021,4529,54021,766,64
1604,3470,54022,4529,54022,766,64
1604,3470,54023,4529,54023,766,64
1604,3470,54024,4529,54024,766,64
1605,3470,54025,4529,54025,766,64
1606,3470,54026,4529,54026,766,64
1606,3470,54027,4529,54027,766,64
1606,3470,54028,4529,54028,766,64
1606,3470,54029,4529,54029,766,64
1607,3470,54030,4529,54030,766,64
1607,3470,54031,4529,54031,766,64
1607,3470,54032,4529,54032,766,64
1607,3470,54033,4529,54033,766,64
1607,3470,54034,4529,54034,766,64
1607,3470,54035,4529,54035,766,64
1608,3470,54036,4529,54036,766,64
1608,3470,54037,4529,54037,766,64
1609,3470,54038,4529,54038,766,64
1610,3470,54039,4529,54039,766,64
1610,3470,54040,4529,54040,766,64
1610,3470,54041,4529,54041,766,64
1610,3470,54042,4529,54042,766,64
1610,3470,54043,4529,54043,766,64
1610,3470,54044,4529,54044,766,64
1610,3470,54045,4529,54045,766,64
1610,3470,54046,4529,54046,766,64
1610,3470,54047,4529,54047,766,64
1610,3470,54048,4529,54048,766,64
1610,3470,54049,4529,54049,766,64
1610,3470,54050,4529,54050,766,64
1610,3470,54051,4529,54051,766,64
1610,3470,54052,4529,54052,766,64
1610,3470,54053,4529,54053,766,64
1610,3470,54054,4529,54054,766,64
1610,3470,54055,4529,54055,766,64
1610,3470,54056,4529,54056,766,64
1610,3470,54057,4529,54057,766,64
1610,3470,54058,4529,54058,766,64
1610,3470,54059,4529,54059,766,64
1610,3470,54060,4529,54060,766,64
1610,3470,54061,4529,54061,766,64
1610,3470,54062,4529,54062,766,64
1610,3470,54063,4529,54063,766,64
1611,3470,54064,4529,54064,766,64
1611,3470,54065,4529,54065,766,64
1611,3470,54066,4529,54066,766,64
1612,3470,54067,4529,54067,766,64
1612,3470,54068,4529,54068,766,64
1612,3470,54069,4529,54069,766,64
1612,3470,54070,4529,54070,766,64
1612,3470,54071,4529,54071,766,64
1613,3470,54072,4529,54072,766,64
1613,3470,54073,4529,54073,766,64
1613,3470,54074,4529,54074,766,64
1611,3470,54075,4529,54075,766,64
1609,3470,54076,4529,54076,766,64
1608,3470,54077,4529,54077,766,64
1605,3470,54078,4529,54078,766,64
1604,3470,54079,4529,54079,766,64
1602,3470,54080,4529,54080,766,64
1601,3470,54081,4529,54081,766,64
1600,3470,54082,4529,54082,766,64
1600,3470,54083,4529,54083,766,64
1600,3470,54084,4529,54084,766,64
1600,3470,54085,4529,54085,766,64
1600,3470,54086,4529,54086,766,64
1600,3470,54087,4529,54087,766,64
1600,3470,54088,4529,54088,766,64
1600,3470,54089,4529,54089,766,64
1600,3470,54090,4529,54090,766,64
1600,3470,54091,4529,54091,766,64
1600,3470,54092,4529,54092,766,64
1600,3470,54093,4529,54093,766,64
1600,3470,54094,4529,54094,766,64
1600,3470,54095,4529,54095,766,64
1600,3470,54096,4529,54096,766,64
1600,3470,54097,4529,54097,766,64
1600,3470,54098,4529,54098,766,64
1600,3470,54099,4529,54099,766,64
1600,3470,54100,4529,54100,766,64
1600,3470,54101,4529,54101,766,64
1600,3470,54102,4529,54102,766,64
1600,3470,54103,4529,54103,766,64
1600,3470,54104,4529,54104,766,64
1600,3470,54105,4529,54105,766,64
1600,3470,54106,4529,54106,766,64
1600,3470,54107,4529,54107,766,64
1600,3470,54108,4529,54108,766,64
1600,3470,54109,4529,54109,766,64
1600,3470,54110,4529,54110,766,64
1600,3470,54111,4529,54111,766,64
1600,3470,54112,4529,54112,766,64
1600,3470,54113,4529,54113,766,64
1600,3470,54114,4529,54114,766,64
1600,3470,54115,4529,54115,766,64
1600,3470,54116,4529,54116,766,64
1600,3470,54117,4529,54117,766,64
1600,3470,54118,4529,54118,766,64
1600,3470,54119,4529,54119,766,64
1600,3470,54120,4529,54120,766,64
1600,3470,54121,4529,54121,766,64
1600,3470,54122,4529,54122,766,64
1600,3470,54123,4529,54123,766,64
1600,3470,54124,4529,54124,766,64
1600,3470,54125,4529,54125,766,64
1600,3470,54126,4529,54126,766,64
1600,3470,54127,4529,54127,766,64
1600,3470,54128,4529,54128,766,64
1600,3470,54129,4529,54129,766,64
1600,3470,54130,4529,54130,766,64
1600,3470,54131,4529,54131,766,64
1600,3470,54132,4529,54132,766,64
1600,3470,54133,4529,54133,766,64
1600,3470,54134,4529,54134,766,64
1600,3470,54135,4529,54135,766,64
1600,3470,54136,4529,54136,766,64
1600,3470,54137,4529,54137,766,64
1600,3470,54138,4529,54138,766,64
1600,3470,54139,4529,54139,766,64
1600,3470,54140,4529,54140,766,64
1600,3470,54141,4529,54141,766,64
1600,3470,54142,4529,54142,766,64
1600,3470,54143,4529,54143,766,64
1600,3470,54144,4529,54144,766,64
1600,3470,54145,4529,54145,766,64
1600,3470,54146,4529,54146,766,64
1600,3470,54147,4529,54147,766,64
1600,3470,54148,4529,54148,766,64
1600,3470,54149,4529,54149,766,64
1600,3470,54150,4529,54150,766,64
1600,3470,54151,4529,54151,766,64
1600,3470,54152,4529,54152,766,64
1600,3470,54153,4529,54153,766,64
1600,3470,54154,4529,54154,766,64
1600,3470,54155,4529,54155,766,64
1600,3470,54156,4529,54156,766,64
1600,3470,54157,4529,54157,766,64
1600,3470,54158,4529,54158,766,64
1600,3470,54159,4529,54159,766,64
1600,3470,54160,4529,54160,766,64
1600,3470,54161,4529,54161,766,64
1600,3470,54162,4529,54162,766,64
1600,3470,54163,4529,54163,766,64
1600,3470,54164,4529,54164,766,64
1600,3470,54165,4529,54165,766,64
1600,3470,54166,4529,54166,766,64
1600,3470,54167,4529,54167,766,64
1600,3470,54168,4529,54168,766,64
1600,3470,54169,4529,54169,766,64
1600,3470,54170,4529,54170,766,64
1600,3470,54171,4529,54171,766,64
1600,3470,54172,4529,54172,766,64
1600,3470,54173,4529,54173,766,64
1600,3470,54174,4529,54174,766,64
1600,3470,54175,4529,54175,766,64
1600,3470,54176,4529,54176,766,64
1600,3470,54177,4529,54177,766,64
1600,3470,54178,4529,54178,766,64
1600,3470,54179,4529,54179,766,64
1600,3470,54180,4529,54180,766,64
1600,3470,54181,4529,54181,766,64
1600,3470,54182,4529,54182,766,64
1600,3470,54183,4529,54183,766,64
1600,3470,54184,4529,54184,766,64
1600,3470,54185,4529,54185,766,64
1600,3470,54186,4529,54186,766,64
1600,3470,54187,4529,54187,766,64
1600,3470,54188,4529,54188,766,64
1600,3470,54189,4529,54189,766,64
1600,3470,54190,4529,54190,766,64
1600,3470,54191,4529,54191,766,64
1600,3470,54192,4529,54192,766,64
1600,3470,54193,4529,54193,766,64
1600,3470,54194,4529,54194,766,64
1600,3470,54195,4529,54195,766,64
1600,3470,54196,4529,54196,766,64
1600,3470,54197,4529,54197,766,64
1600,3470,54198,4529,54198,766,64
1600,3470,54199,4529,54199,766,64
1600,3470,54200,4529,54200,766,64
1600,3470,54201,4529,54201,766,64
1600,3470,54202,4529,54202,766,64
1600,3470,54203,4529,54203,766,64
1600,3470,54204,4529,54204,766,64
1600,3470,54205,4529,54205,766,64
1600,3470,54206,4529,54206,766,64
1600,3470,54207,4529,54207,766,64
1600,3470,54208,4529,54208,766,64
1600,3470,54209,4529,54209,766,64
1600,3470,54210,4529,54210,766,64
1600,3470,54211,4529,54211,766,64
1600,3470,54212,4529,54212,766,64
1600,3470,54213,4529,54213,766,64
1600,3470,54214,4529,54214,766,64
1600,3470,54215,4529,54215,766,64
1600,3470,54216,4529,54216,766,64
1600,3470,54217,4529,54217,766,64
1600,3470,54218,4529,54218,766,64
1600,3470,54219,4529,54219,766,64
1600,3470,54220,4529,54220,766,64
1600,3470,54221,4529,54221,766,64
1600,3470,54222,4529,54222,766,64
1600,3470,54223,4529,54223,766,64
1600,3470,54224,4529,54224,766,64
1600,3470,54225,4529,54225,766,64
1600,3470,54226,4529,54226,766,64
1600,3470,54227,4529,54227,766,64
1600,3470,54228,4529,54228,766,64
1600,3470,54229,4529,54229,766,64
1600,3470,54230,4529,54230,766,64
1600,3470,54231,4529,54231,766,64
1600,3470,54232,4529,54232,766,64
1600,3470,54233,4529,54233,766,64
1600,3470,54234,4529,54234,766,64
1600,3470,54235,4529,54235,766,64
1600,3470,54236,4529,54236,766,64
1600,3470,54237,4529,54237,766,64
1600,3470,54238,4529,54238,766,64
1600,3470,54239,4529,54239,766,64
1600,3470,54240,4529,54240,766,64
1600,3470,54241,4529,54241,766,64
1600,3470,54242,4529,54242,766,64
1600,3470,54243,4529,54243,766,64
1600,3470,54244,4529,54244,766,64
1600,3470,54245,4529,54245,766,64
1600,3470,54246,4529,54246,766,64
1600,3470,54247,4529,54247,766,64
1600,3470,54248,4529,54248,766,64
1600,3470,54249,4529,54249,766,64
1600,3470,54250,4529,54250,766,64
1600,3470,54251,4529,54251,766,64
1600,3470,54252,4529,54252,766,64
1600,3470,54253,4529,54253,766,64
1600,3470,54254,4529,54254,766,64
1600,3470,54255,4529,54255,766,64
1600,3470,54256,4529,54256,766,64
1600,3470,54257,4529,54257,766,64
1600,3470,54258,4529,54258,766,64
1600,3470,54259,4529,54259,766,64
1600,3470,54260,4529,54260,766,64
1600,3470,54261,4529,54261,766,64
1600,3470,54262,4529,54262,766,64
1600,3470,54263,4529,54263,766,64
1600,3470,54264,4529,54264,766,64
1600,3470,54265,4529,54265,766,64
1600,3470,54266,4529,54266,766,64
1600,3470,54267,4529,54267,766,63
1600,3470,54268,4529,54268,766,62
1600,3470,54269,4529,54269,766,61
1600,3470,54270,4529,54270,766,60
1600,3470,54271,4529,54271,766,59
1600,3470,54272,4529,54272,766,58
1600,3470,54273,4529,54273,766,57
1600,3470,54274,4529,54274,766,56
1600,3470,54275,4529,54275,766,56
1600,3470,54276,4529,54276,766,56
1601,3470,54277,4529,54277,766,56
1601,3470,54278,4529,54278,766,56
1601,3470,54279,4529,54279,766,56
1601,3470,54280,4529,54280,766,56
1601,3470,54281,4529,54281,766,56
1601,3470,54282,4529,54282,766,56
1602,3470,54283,4529,54283,766,56
1602,3470,54284,4529,54284,766,56
1602,3470,54285,4529,54285,766,56
1603,3470,54286,4529,54286,766,56
1603,3470,54287,4529,54287,766,56
1603,3470,54288,4529,54288,766,56
1603,3470,54289,4529,54289,766,56
1603,3470,54290,4529,54290,766,56
1603,3470,54291,4529,54291,766,56
1604,3470,54292,4529,54292,766,56
1604,3470,54293,4529,54293,766,56
1605,3470,54294,4529,54294,766,56
1606,3470,54295,4529,54295,766,56
1606,3470,54296,4529,54296,766,56
1606,3470,54297,4529,54297,766,56
1606,3470,54298,4529,54298,766,56
1606,3470,54299,4529,54299,766,56
1606,3470,54300,4529,54300,766,56
1606,3470,54301,4529,54301,766,56
1606,3470,54302,4529,54302,766,56
1606,3470,54303,4529,54303,766,56
1606,3470,54304,4529,54304,766,56
1607,3470,54305,4529,54305,766,56
1608,3470,54306,4529,54306,766,56
1608,3470,54307,4529,54307,766,56
1608,3470,54308,4529,54308,766,56
1608,3470,54309,4529,54309,766,56
1608,3470,54310,4529,54310,766,56
1608,3470,54311,4529,54311,766,56
1608,3470,54312,4529,54312,766,56
1608,3470,54313,4529,54313,766,56
1608,3470,54314,4529,54314,766,56
1608,3470,54315,4529,54315,766,56
1608,3470,54316,4529,54316,766,56
1608,3470,54317,4529,54317,766,56
1608,3470,54318,4529,54318,766,56
1608,3470,54319,4529,54319,766,56
1609,3470,54320,4529,54320,766,56
1609,3470,54321,4529,54321,766,56
1609,3470,54322,4529,54322,766,56
1610,3470,54323,4529,54323,766,56
1610,3470,54324,4529,54324,766,56
1610,3470,54325,4529,54325,766,56
1610,3470,54326,4529,54326,766,56
1610,3470,54327,4529,54327,766,56
1611,3470,54328,4529,54328,766,56
1611,3470,54329,4529,54329,766,56
1611,3470,54330,4529,54330,766,56
1609,3470,54331,4529,54331,766,56
1608,3470,54332,4529,54332,766,56
1607,3470,54333,4529,54333,766,56
1605,3470,54334,4529,54334,766,56
1604,3470,54335,4529,54335,766,56
1602,3470,54336,4529,54336,766,56
1601,3470,54337,4529,54337,766,56
1600,3470,54338,4529,54338,766,56
1600,3470,54339,4529,54339,766,56
1600,3470,54340,4529,54340,766,56
1600,3470,54341,4529,54341,766,56
1600,3470,54342,4529,54342,766,56
1600,3470,54343,4529,54343,766,56
1600,3470,54344,4529,54344,766,56
1600,3470,54345,4529,54345,766,56
1600,3470,54346,4529,54346,766,56
1600,3470,54347,4529,54347,766,56
1600,3470,54348,4529,54348,766,56
1600,3470,54349,4529,54349,766,56
1600,3470,54350,4529,54350,766,56
1600,3470,54351,4529,54351,766,56
1600,3470,54352,4529,54352,766,56
1600,3470,54353,4529,54353,766,56
1600,3470,54354,4529,54354,766,56
1600,3470,54355,4529,54355,766,56
1600,3470,54356,4529,54356,766,56
1600,3470,54357,4529,54357,766,56
1600,3470,54358,4529,54358,766,56
1600,3470,54359,4529,54359,766,56
1600,3470,54360,4529,54360,766,56
1600,3470,54361,4529,54361,766,56
1600,3470,54362,4529,54362,766,56
1600,3470,54363,4529,54363,766,56
1600,3470,54364,4529,54364,766,56
1600,3470,54365,4529,54365,766,56
1600,3470,54366,4529,54366,766,56
1600,3470,54367,4529,54367,766,56
1600,3470,54368,4529,54368,766,56
1600,3470,54369,4529,54369,766,56
1600,3470,54370,4529,54370,766,56
1600,3470,54371,4529,54371,766,56
1600,3470,54372,4529,54372,766,56
1600,3470,54373,4529,54373,766,56
1600,3470,54374,4529,54374,766,56
1600,3470,54375,4529,54375,766,56
1600,3470,54376,4529,54376,766,56
1600,3470,54377,4529,54377,766,56
1600,3470,54378,4529,54378,766,56
1600,3470,54379,4529,54379,766,56
1600,3470,54380,4529,54380,766,56
1600,3470,54381,4529,54381,766,56
1600,3470,54382,4529,54382,766,56
1600,3470,54383,4529,54383,766,56
1600,3470,54384,4529,54384,766,56
1600,3470,54385,4529,54385,766,56
1600,3470,54386,4529,54386,766,56
1600,3470,54387,4529,54387,766,56
1600,3470,54388,4529,54388,766,56
1600,3470,54389,4529,54389,766,56
1600,3470,54390,4529,54390,766,56
1600,3470,54391,4529,54391,766,56
1600,3470,54392,4529,54392,766,56
1600,3470,54393,4529,54393,766,56
1600,3470,54394,4529,54394,766,56
1600,3470,54395,4529,54395,766,56
1600,3470,54396,4529,54396,766,56
1600,3470,54397,4529,54397,766,56
1600,3470,54398,4529,54398,766,56
1600,3470,54399,4529,54399,766,56
1600,3470,54400,4529,54400,766,56
1600,3470,54401,4529,54401,766,56
1600,3470,54402,4529,54402,766,56
1600,3470,54403,4529,54403,766,56
1600,3470,54404,4529,54404,766,56
1600,3470,54405,4529,54405,766,56
1600,3470,54406,4529,54406,766,56
1600,3470,54407,4529,54407,766,56
1600,3470,54408,4529,54408,766,56
1600,3470,54409,4529,54409,766,56
1600,3470,54410,4529,54410,766,56
1600,3470,54411,4529,54411,766,56
1600,3470,54412,4529,54412,766,56
1600,3470,54413,4529,54413,766,56
1600,3470,54414,4529,54414,766,56
1600,3470,54415,4529,54415,766,56
1600,3470,54416,4529,54416,766,56
1600,3470,54417,4529,54417,766,56
1600,3470,54418,4529,54418,766,56
1600,3470,54419,4529,54419,766,56
1600,3470,54420,4529,54420,766,56
1600,3470,54421,4529,54421,766,56
1600,3470,54422,4529,54422,766,56
1600,3470,54423,4529,54423,766,56
1600,3470,54424,4529,54424,766,56
1600,3470,54425,4529,54425,766,56
1600,3470,54426,4529,54426,766,56
1600,3470,54427,4529,54427,766,56
1600,3470,54428,4529,54428,766,56
1600,3470,54429,4529,54429,766,56
1600,3470,54430,4529,54430,766,56
1600,3470,54431,4529,54431,766,56
1600,3470,54432,4529,54432,766,56
1600,3470,54433,4529,54433,766,56
1600,3470,54434,4529,54434,766,56
1600,3470,54435,4529,54435,766,56
1600,3470,54436,4529,54436,766,56
1600,3470,54437,4529,54437,766,56
1600,3470,54438,4529,54438,766,56
1600,3470,54439,4529,54439,766,56
1600,3470,54440,4529,54440,766,56
1600,3470,54441,4529,54441,766,56
1600,3470,54442,4529,54442,766,56
1600,3470,54443,4529,54443,766,56
1600,3470,54444,4529,54444,766,56
1600,3470,54445,4529,54445,766,56
1600,3470,54446,4529,54446,766,56
1600,3470,54447,4529,54447,766,56
1600,3470,54448,4529,54448,766,56
1600,3470,54449,4529,54449,766,56
1600,3470,54450,4529,54450,766,56
1600,3470,54451,4529,54451,766,56
1600,3470,54452,4529,54452,766,56
1600,3470,54453,4529,54453,766,56
1600,3470,54454,4529,54454,766,56
1600,3470,54455,4529,54455,766,56
1600,3470,54456,4529,54456,766,56
1600,3470,54457,4529,54457,766,56
1600,3470,54458,4529,54458,766,56
1600,3470,54459,4529,54459,766,56
1600,3470,54460,4529,54460,766,56
1600,3470,54461,4529,54461,766,56
1600,3470,54462,4529,54462,766,56
1600,3470,54463,4529,54463,766,56
1600,3470,54464,4529,54464,766,56
1600,3470,54465,4529,54465,766,56
1600,3470,54466,4529,54466,766,56
1600,3470,54467,4529,54467,766,56
1600,3470,54468,4529,54468,766,56
1600,3470,54469,4529,54469,766,56
1600,3470,54470,4529,54470,766,56
1600,3470,54471,4529,54471,766,56
1600,3470,54472,4529,54472,766,56
1600,3470,54473,4529,54473,766,56
1600,3470,54474,4529,54474,766,56
1600,3470,54475,4529,54475,766,56
1600,3470,54476,4529,54476,766,56
1600,3470,54477,4529,54477,766,56
1600,3470,54478,4529,54478,766,56
1600,3470,54479,4529,54479,766,56
1600,3470,54480,4529,54480,766,56
1600,3470,54481,4529,54481,766,56
1600,3470,54482,4529,54482,766,56
1600,3470,54483,4529,54483,766,56
1600,3470,54484,4529,54484,766,56
1600,3470,54485,4529,54485,766,56
1600,3470,54486,4529,54486,766,56
1600,3470,54487,4529,54487,766,56
1600,3470,54488,4529,54488,766,56
1600,3470,54489,4529,54489,766,56
1600,3470,54490,4529,54490,766,56
1600,3470,54491,4529,54491,766,56
1600,3470,54492,4529,54492,766,56
1600,3470,54493,4529,54493,766,56
1600,3470,54494,4529,54494,766,56
1600,3470,54495,4529,54495,766,56
1600,3470,54496,4529,54496,766,56
1600,3470,54497,4529,54497,766,56
1600,3470,54498,4529,54498,766,56
1600,3470,54499,4529,54499,766,56
1600,3470,54500,4529,54500,766,56
1600,3470,54501,4529,54501,766,56
1600,3470,54502,4529,54502,766,56
1600,3470,54503,4529,54503,766,56
1600,3470,54504,4529,54504,766,56
1600,3470,54505,4529,54505,766,56
1600,3470,54506,4529,54506,766,56
1600,3470,54507,4529,54507,766,56
1600,3470,54508,4529,54508,766,56
1600,3470,54509,4529,54509,766,56
1600,3470,54510,4529,54510,766,56
1600,3470,54511,4529,54511,766,56
1600,3470,54512,4529,54512,766,56
1600,3470,54513,4529,54513,766,56
1600,3470,54514,4529,54514,766,56
1600,3470,54515,4529,54515,766,56
1600,3470,54516,4529,54516,766,56
1600,3470,54517,4529,54517,766,56
1600,3470,54518,4529,54518,766,56
1600,3470,54519,4529,54519,766,56
1600,3470,54520,4529,54520,766,56
1600,3470,54521,4529,54521,766,56
1600,3470,54522,4529,54522,766,56
1600,3470,54523,4529,54523,766,56
1600,3470,54524,4529,54524,766,55
1600,3470,54525,4529,54525,766,54
1600,3470,54526,4529,54526,766,54
1600,3470,54527,4529,54527,766,54
1600,3470,54528,4529,54528,766,53
1600,3470,54529,4529,54529,766,53
1600,3470,54530,4529,54530,766,53
1601,3470,54531,4529,54531,766,53
1601,3470,54532,4529,54532,766,53
1601,3470,54533,4529,54533,766,53
1602,3470,54534,4529,54534,766,53
1602,3470,54535,4529,54535,766,53
1602,3470,54536,4529,54536,766,53
1602,3470,54537,4529,54537,766,53
1602,3470,54538,4529,54538,766,53
1602,3470,54539,4529,54539,766,53
1602,3470,54540,4529,54540,766,53
1602,3470,54541,4529,54541,766,53
1602,3470,54542,4529,54542,766,53
1602,3470,54543,4529,54543,766,53
1602,3470,54544,4529,54544,766,53
1602,3470,54545,4529,54545,766,53
1602,3470,54546,4529,54546,766,53
1602,3470,54547,4529,54547,766,53
1603,3470,54548,4529,54548,766,53
1603,3470,54549,4529,54549,766,53
1604,3470,54550,4529,54550,766,53
1605,3470,54551,4529,54551,766,53
1605,3470,54552,4529,54552,766,53
1605,3470,54553,4529,54553,766,53
1605,3470,54554,4529,54554,766,53
1605,3470,54555,4529,54555,766,53
1605,3470,54556,4529,54556,766,53
1605,3470,54557,4529,54557,766,53
1605,3470,54558,4529,54558,766,53
1605,3470,54559,4529,54559,766,53
1605,3470,54560,4529,54560,766,53
1606,3470,54561,4529,54561,766,53
1607,3470,54562,4529,54562,766,53
1607,3470,54563,4529,54563,766,53
1607,3470,54564,4529,54564,766,53
1607,3470,54565,4529,54565,766,53
1607,3470,54566,4529,54566,766,53
1607,3470,54567,4529,54567,766,53
1607,3470,54568,4529,54568,766,53
1607,3470,54569,4529,54569,766,53
1607,3470,54570,4529,54570,766,53
1607,3470,54571,4529,54571,766,53
1607,3470,54572,4529,54572,766,53
1607,3470,54573,4529,54573,766,53
1607,3470,54574,4529,54574,766,53
1607,3470,54575,4529,54575,766,53
1608,3470,54576,4529,54576,766,53
1608,3470,54577,4529,54577,766,53
1608,3470,54578,4529,54578,766,53
1609,3470,54579,4529,54579,766,53
1609,3470,54580,4529,54580,766,53
1609,3470,54581,4529,54581,766,53
1609,3470,54582,4529,54582,766,53
1609,3470,54583,4529,54583,766,53
1610,3470,54584,4529,54584,766,53
1610,3470,54585,4529,54585,766,53
1610,3470,54586,4529,54586,766,53
1608,3470,54587,4529,54587,766,53
1607,3470,54588,4529,54588,766,53
1607,3470,54589,4529,54589,766,53
1605,3470,54590,4529,54590,766,53
1604,3470,54591,4529,54591,766,53
1602,3470,54592,4529,54592,766,53
1601,3470,54593,4529,54593,766,53
1600,3470,54594,4529,54594,766,53
1600,3470,54595,4529,54595,766,53
1600,3470,54596,4529,54596,766,53
1600,3470,54597,4529,54597,766,53
1600,3470,54598,4529,54598,766,53
1600,3470,54599,4529,54599,766,53
1600,3470,54600,4529,54600,766,53
1600,3470,54601,4529,54601,766,53
1600,3470,54602,4529,54602,766,53
1600,3470,54603,4529,54603,766,53
1600,3470,54604,4529,54604,766,53
1600,3470,54605,4529,54605,766,53
1600,3470,54606,4529,54606,766,53
1600,3470,54607,4529,54607,766,53
1600,3470,54608,4529,54608,766,53
1600,3470,54609,4529,54609,766,53
1600,3470,54610,4529,54610,766,53
1600,3470,54611,4529,54611,766,53
1600,3470,54612,4529,54612,766,53
1600,3470,54613,4529,54613,766,53
1600,3470,54614,4529,54614,766,53
1600,3470,54615,4529,54615,766,53
1600,3470,54616,4529,54616,766,53
1600,3470,54617,4529,54617,766,53
1600,3470,54618,4529,54618,766,53
1600,3470,54619,4529,54619,766,53
1600,3470,54620,4529,54620,766,53
1600,3470,54621,4529,54621,766,53
1600,3470,54622,4529,54622,766,53
1600,3470,54623,4529,54623,766,53
1600,3470,54624,4529,54624,766,53
1600,3470,54625,4529,54625,766,53
1600,3470,54626,4529,54626,766,53
1600,3470,54627,4529,54627,766,53
1600,3470,54628,4529,54628,766,53
1600,3470,54629,4529,54629,766,53
1600,3470,54630,4529,54630,766,53
1600,3470,54631,4529,54631,766,53
1600,3470,54632,4529,54632,766,53
1600,3470,54633,4529,54633,766,53
1600,3470,54634,4529,54634,766,53
1600,3470,54635,4529,54635,766,53
1600,3470,54636,4529,54636,766,53
1600,3470,54637,4529,54637,766,53
1600,3470,54638,4529,54638,766,53
1600,3470,54639,4529,54639,766,53
1600,3470,54640,4529,54640,766,53
1600,3470,54641,4529,54641,766,53
1600,3470,54642,4529,54642,766,53
1600,3470,54643,4529,54643,766,53
1600,3470,54644,4529,54644,766,53
1600,3470,54645,4529,54645,766,53
1600,3470,54646,4529,54646,766,53
1600,3470,54647,4529,54647,766,53
1600,3470,54648,4529,54648,766,53
1600,3470,54649,4529,54649,766,53
1600,3470,54650,4529,54650,766,53
1600,3470,54651,4529,54651,766,53
1600,3470,54652,4529,54652,766,53
1600,3470,54653,4529,54653,766,53
1600,3470,54654,4529,54654,766,53
1600,3470,54655,4529,54655,766,53
1600,3470,54656,4529,54656,766,53
1600,3470,54657,4529,54657,766,53
1600,3470,54658,4529,54658,766,53
1600,3470,54659,4529,54659,766,53
1600,3470,54660,4529,54660,766,53
1600,3470,54661,4529,54661,766,53
1600,3470,54662,4529,54662,766,53
1600,3470,54663,4529,54663,766,53
1600,3470,54664,4529,54664,766,53
1600,3470,54665,4529,54665,766,53
1600,3470,54666,4529,54666,766,53
1600,3470,54667,4529,54667,766,53
1600,3470,54668,4529,54668,766,53
1600,3470,54669,4529,54669,766,53
1600,3470,54670,4529,54670,766,53
1600,3470,54671,4529,54671,766,53
1600,3470,54672,4529,54672,766,53
1600,3470,54673,4529,54673,766,53
1600,3470,54674,4529,54674,766,53
1600,3470,54675,4529,54675,766,53
1600,3470,54676,4529,54676,766,53
1600,3470,54677,4529,54677,766,53
1600,3470,54678,4529,54678,766,53
1600,3470,54679,4529,54679,766,53
1600,3470,54680,4529,54680,766,53
1600,3470,54681,4529,54681,766,53
1600,3470,54682,4529,54682,766,53
1600,3470,54683,4529,54683,766,53
1600,3470,54684,4529,54684,766,53
1600,3470,54685,4529,54685,766,53
1600,3470,54686,4529,54686,766,53
1600,3470,54687,4529,54687,766,53
1600,3470,54688,4529,54688,766,53
1600,3470,54689,4529,54689,766,53
1600,3470,54690,4529,54690,766,53
1600,3470,54691,4529,54691,766,53
1600,3470,54692,4529,54692,766,53
1600,3470,54693,4529,54693,766,53
1600,3470,54694,4529,54694,766,53
1600,3470,54695,4529,54695,766,53
1600,3470,54696,4529,54696,766,53
1600,3470,54697,4529,54697,766,53
1600,3470,54698,4529,54698,766,53
1600,3470,54699,4529,54699,766,53
1600,3470,54700,4529,54700,766,53
1600,3470,54701,4529,54701,766,53
1600,3470,54702,4529,54702,766,53
1600,3470,54703,4529,54703,766,53
1600,3470,54704,4529,54704,766,53
1600,3470,54705,4529,54705,766,53
1600,3470,54706,4529,54706,766,53
1600,3470,54707,4529,54707,766,53
1600,3470,54708,4529,54708,766,53
1600,3470,54709,4529,54709,766,53
1600,3470,54710,4529,54710,766,53
1600,3470,54711,4529,54711,766,53
1600,3470,54712,4529,54712,766,53
1600,3470,54713,4529,54713,766,53
1600,3470,54714,4529,54714,766,53
1600,3470,54715,4529,54715,766,53
1600,3470,54716,4529,54716,766,53
1600,3470,54717,4529,54717,766,53
1600,3470,54718,4529,54718,766,53
1600,3470,54719,4529,54719,766,53
1600,3470,54720,4529,54720,766,53
1600,3470,54721,4529,54721,766,53
1600,3470,54722,4529,54722,766,53
1600,3470,54723,4529,54723,766,53
1600,3470,54724,4529,54724,766,53
1600,3470,54725,4529,54725,766,53
1600,3470,54726,4529,54726,766,53
1600,3470,54727,4529,54727,766,53
1600,3470,54728,4529,54728,766,53
1600,3470,54729,4529,54729,766,53
1600,3470,54730,4529,54730,766,53
1600,3470,54731,4529,54731,766,53
1600,3470,54732,4529,54732,766,53
1600,3470,54733,4529,54733,766,53
1600,3470,54734,4529,54734,766,53
1600,3470,54735,4529,54735,766,53
1600,3470,54736,4529,54736,766,53
1600,3470,54737,4529,54737,766,53
1600,3470,54738,4529,54738,766,53
1600,3470,54739,4529,54739,766,53
1600,3470,54740,4529,54740,766,53
1600,3470,54741,4529,54741,766,53
1600,3470,54742,4529,54742,766,53
1600,3470,54743,4529,54743,766,53
1600,3470,54744,4529,54744,766,53
1600,3470,54745,4529,54745,766,53
1600,3470,54746,4529,54746,766,53
1600,3470,54747,4529,54747,766,53
1600,3470,54748,4529,54748,766,53
1600,3470,54749,4529,54749,766,53
1600,3470,54750,4529,54750,766,53
1600,3470,54751,4529,54751,766,53
1600,3470,54752,4529,54752,766,53
1600,3470,54753,4529,54753,766,53
1600,3470,54754,4529,54754,766,53
1600,3470,54755,4529,54755,766,53
1600,3470,54756,4529,54756,766,53
1600,3470,54757,4529,54757,766,53
1600,3470,54758,4529,54758,766,53
1600,3470,54759,4529,54759,766,53
1600,3470,54760,4529,54760,766,53
1600,3470,54761,4529,54761,766,53
1600,3470,54762,4529,54762,766,53
1600,3470,54763,4529,54763,766,53
1600,3470,54764,4529,54764,766,53
1600,3470,54765,4529,54765,766,53
1600,3470,54766,4529,54766,766,53
1600,3470,54767,4529,54767,766,53
1600,3470,54768,4529,54768,766,53
1600,3470,54769,4529,54769,766,53
1600,3470,54770,4529,54770,766,53
1600,3470,54771,4529,54771,766,53
1600,3470,54772,4529,54772,766,53
1600,3470,54773,4529,54773,766,53
1600,3470,54774,4529,54774,766,53
1600,3470,54775,4529,54775,766,53
1600,3470,54776,4529,54776,766,53
1600,3470,54777,4529,54777,766,53
1600,3470,54778,4529,54778,766,53
1600,3470,54779,4529,54779,766,52
1600,3470,54780,4529,54780,766,51
1600,3470,54781,4529,54781,766,50
1600,3470,54782,4529,54782,766,49
1600,3470,54783,4529,54783,766,48
1600,3470,54784,4529,54784,766,47
1600,3470,54785,4529,54785,766,46
1600,3470,54786,4529,54786,766,45
1600,3470,54787,4529,54787,766,45
1601,3470,54788,4529,54788,766,45
1601,3470,54789,4529,54789,766,45
1602,3470,54790,4529,54790,766,45
1603,3470,54791,4529,54791,766,45
1603,3470,54792,4529,54792,766,45
1603,3470,54793,4529,54793,766,45
1603,3470,54794,4529,54794,766,45
1603,3470,54795,4529,54795,766,45
1603,3470,54796,4529,54796,766,45
1603,3470,54797,4529,54797,766,45
1603,3470,54798,4529,54798,766,45
1603,3470,54799,4529,54799,766,45
1603,3470,54800,4529,54800,766,45
1603,3470,54801,4529,54801,766,45
1603,3470,54802,4529,54802,766,45
1603,3470,54803,4529,54803,766,45
1603,3470,54804,4529,54804,766,45
1603,3470,54805,4529,54805,766,45
1603,3470,54806,4529,54806,766,45
1603,3470,54807,4529,54807,766,45
1603,3470,54808,4529,54808,766,45
1603,3470,54809,4529,54809,766,45
1603,3470,54810,4529,54810,766,45
1604,3470,54811,4529,54811,766,45
1604,3470,54812,4529,54812,766,45
1604,3470,54813,4529,54813,766,45
1604,3470,54814,4529,54814,766,45
1604,3470,54815,4529,54815,766,45
1604,3470,54816,4529,54816,766,45
1605,3470,54817,4529,54817,766,45
1606,3470,54818,4529,54818,766,45
1606,3470,54819,4529,54819,766,45
1606,3470,54820,4529,54820,766,45
1606,3470,54821,4529,54821,766,45
1606,3470,54822,4529,54822,766,45
1606,3470,54823,4529,54823,766,45
1606,3470,54824,4529,54824,766,45
1606,3470,54825,4529,54825,766,45
1606,3470,54826,4529,54826,766,45
1606,3470,54827,4529,54827,766,45
1606,3470,54828,4529,54828,766,45
1606,3470,54829,4529,54829,766,45
1606,3470,54830,4529,54830,766,45
1606,3470,54831,4529,54831,766,45
1607,3470,54832,4529,54832,766,45
1607,3470,54833,4529,54833,766,45
1607,3470,54834,4529,54834,766,45
1608,3470,54835,4529,54835,766,45
1608,3470,54836,4529,54836,766,45
1608,3470,54837,4529,54837,766,45
1608,3470,54838,4529,54838,766,45
1608,3470,54839,4529,54839,766,45
1609,3470,54840,4529,54840,766,45
1609,3470,54841,4529,54841,766,45
1609,3470,54842,4529,54842,766,45
1607,3470,54843,4529,54843,766,45
1606,3470,54844,4529,54844,766,45
1606,3470,54845,4529,54845,766,45
1605,3470,54846,4529,54846,766,45
1604,3470,54847,4529,54847,766,45
1602,3470,54848,4529,54848,766,45
1601,3470,54849,4529,54849,766,45
1600,3470,54850,4529,54850,766,45
1600,3470,54851,4529,54851,766,45
1600,3470,54852,4529,54852,766,45
1600,3470,54853,4529,54853,766,45
1600,3470,54854,4529,54854,766,45
1600,3470,54855,4529,54855,766,45
1600,3470,54856,4529,54856,766,45
1600,3470,54857,4529,54857,766,45
1600,3470,54858,4529,54858,766,45
1600,3470,54859,4529,54859,766,45
1600,3470,54860,4529,54860,766,45
1600,3470,54861,4529,54861,766,45
1600,3470,54862,4529,54862,766,45
1600,3470,54863,4529,54863,766,45
1600,3470,54864,4529,54864,766,45
1600,3470,54865,4529,54865,766,45
1600,3470,54866,4529,54866,766,45
1600,3470,54867,4529,54867,766,45
1600,3470,54868,4529,54868,766,45
1600,3470,54869,4529,54869,766,45
1600,3470,54870,4529,54870,766,45
1600,3470,54871,4529,54871,766,45
1600,3470,54872,4529,54872,766,45
1600,3470,54873,4529,54873,766,45
1600,3470,54874,4529,54874,766,45
1600,3470,54875,4529,54875,766,45
1600,3470,54876,4529,54876,766,45
1600,3470,54877,4529,54877,766,45
1600,3470,54878,4529,54878,766,45
1600,3470,54879,4529,54879,766,45
1600,3470,54880,4529,54880,766,45
1600,3470,54881,4529,54881,766,45
1600,3470,54882,4529,54882,766,45
1600,3470,54883,4529,54883,766,45
1600,3470,54884,4529,54884,766,45
1600,3470,54885,4529,54885,766,45
1600,3470,54886,4529,54886,766,45
1600,3470,54887,4529,54887,766,45
1600,3470,54888,4529,54888,766,45
1600,3470,54889,4529,54889,766,45
1600,3470,54890,4529,54890,766,45
1600,3470,54891,4529,54891,766,45
1600,3470,54892,4529,54892,766,45
1600,3470,54893,4529,54893,766,45
1600,3470,54894,4529,54894,766,45
1600,3470,54895,4529,54895,766,45
1600,3470,54896,4529,54896,766,45
1600,3470,54897,4529,54897,766,45
1600,3470,54898,4529,54898,766,45
1600,3470,54899,4529,54899,766,45
1600,3470,54900,4529,54900,766,45
1600,3470,54901,4529,54901,766,45
1600,3470,54902,4529,54902,766,45
1600,3470,54903,4529,54903,766,45
1600,3470,54904,4529,54904,766,45
1600,3470,54905,4529,54905,766,45
1600,3470,54906,4529,54906,766,45
1600,3470,54907,4529,54907,766,45
1600,3470,54908,4529,54908,766,45
1600,3470,54909,4529,54909,766,45
1600,3470,54910,4529,54910,766,45
1600,3470,54911,4529,54911,766,45
1600,3470,54912,4529,54912,766,45
1600,3470,54913,4529,54913,766,45
1600,3470,54914,4529,54914,766,45
1600,3470,54915,4529,54915,766,45
1600,3470,54916,4529,54916,766,45
1600,3470,54917,4529,54917,766,45
1600,3470,54918,4529,54918,766,45
1600,3470,54919,4529,54919,766,45
1600,3470,54920,4529,54920,766,45
1600,3470,54921,4529,54921,766,45
1600,3470,54922,4529,54922,766,45
1600,3470,54923,4529,54923,766,45
1600,3470,54924,4529,54924,766,45
1600,3470,54925,4529,54925,766,45
1600,3470,54926,4529,54926,766,45
1600,3470,54927,4529,54927,766,45
1600,3470,54928,4529,54928,766,45
1600,3470,54929,4529,54929,766,45
1600,3470,54930,4529,54930,766,45
1600,3470,54931,4529,54931,766,45
1600,3470,54932,4529,54932,766,45
1600,3470,54933,4529,54933,766,45
1600,3470,54934,4529,54934,766,45
1600,3470,54935,4529,54935,766,45
1600,3470,54936,4529,54936,766,45
1600,3470,54937,4529,54937,766,45
1600,3470,54938,4529,54938,766,45
1600,3470,54939,4529,54939,766,45
1600,3470,54940,4529,54940,766,45
1600,3470,54941,4529,54941,766,45
1600,3470,54942,4529,54942,766,45
1600,3470,54943,4529,54943,766,45
1600,3470,54944,4529,54944,766,45
1600,3470,54945,4529,54945,766,45
1600,3470,54946,4529,54946,766,45
1600,3470,54947,4529,54947,766,45
1600,3470,54948,4529,54948,766,45
1600,3470,54949,4529,54949,766,45
1600,3470,54950,4529,54950,766,45
1600,3470,54951,4529,54951,766,45
1600,3470,54952,4529,54952,766,45
1600,3470,54953,4529,54953,766,45
1600,3470,54954,4529,54954,766,45
1600,3470,54955,4529,54955,766,45
1600,3470,54956,4529,54956,766,45
1600,3470,54957,4529,54957,766,45
1600,3470,54958,4529,54958,766,45
1600,3470,54959,4529,54959,766,45
1600,3470,54960,4529,54960,766,45
1600,3470,54961,4529,54961,766,45
1600,3470,54962,4529,54962,766,45
1600,3470,54963,4529,54963,766,45
1600,3470,54964,4529,54964,766,45
1600,3470,54965,4529,54965,766,45
1600,3470,54966,4529,54966,766,45
1600,3470,54967,4529,54967,766,45
1600,3470,54968,4529,54968,766,45
1600,3470,54969,4529,54969,766,45
1600,3470,54970,4529,54970,766,45
1600,3470,54971,4529,54971,766,45
1600,3470,54972,4529,54972,766,45
1600,3470,54973,4529,54973,766,45
1600,3470,54974,4529,54974,766,45
1600,3470,54975,4529,54975,766,45
1600,3470,54976,4529,54976,766,45
1600,3470,54977,4529,54977,766,45
1600,3470,54978,4529,54978,766,45
1600,3470,54979,4529,54979,766,45
1600,3470,54980,4529,54980,766,45
1600,3470,54981,4529,54981,766,45
1600,3470,54982,4529,54982,766,45
1600,3470,54983,4529,54983,766,45
1600,3470,54984,4529,54984,766,45
1600,3470,54985,4529,54985,766,45
1600,3470,54986,4529,54986,766,45
1600,3470,54987,4529,54987,766,45
1600,3470,54988,4529,54988,766,45
1600,3470,54989,4529,54989,766,45
1600,3470,54990,4529,54990,766,45
1600,3470,54991,4529,54991,766,45
1600,3470,54992,4529,54992,766,45
1600,3470,54993,4529,54993,766,45
1600,3470,54994,4529,54994,766,45
1600,3470,54995,4529,54995,766,45
1600,3470,54996,4529,54996,766,45
1600,3470,54997,4529,54997,766,45
1600,3470,54998,4529,54998,766,45
1600,3470,54999,4529,54999,766,45
1600,3470,55000,4529,55000,766,45
1600,3470,55001,4529,55001,766,45
1600,3470,55002,4529,55002,766,45
1600,3470,55003,4529,55003,766,45
1600,3470,55004,4529,55004,766,45
1600,3470,55005,4529,55005,766,45
1600,3470,55006,4529,55006,766,45
1600,3470,55007,4529,55007,766,45
1600,3470,55008,4529,55008,766,45
1600,3470,55009,4529,55009,766,45
1600,3470,55010,4529,55010,766,45
1600,3470,55011,4529,55011,766,45
1600,3470,55012,4529,55012,766,45
1600,3470,55013,4529,55013,766,45
1600,3470,55014,4529,55014,766,45
1600,3470,55015,4529,55015,766,45
1600,3470,55016,4529,55016,766,45
1600,3470,55017,4529,55017,766,45
1600,3470,55018,4529,55018,766,45
1600,3470,55019,4529,55019,766,45
1600,3470,55020,4529,55020,766,45
1600,3470,55021,4529,55021,766,45
1600,3470,55022,4529,55022,766,45
1600,3470,55023,4529,55023,766,45
1600,3470,55024,4529,55024,766,45
1600,3470,55025,4529,55025,766,45
1600,3470,55026,4529,55026,766,45
1600,3470,55027,4529,55027,766,45
1600,3470,55028,4529,55028,766,45
1600,3470,55029,4529,55029,766,45
1600,3470,55030,4529,55030,766,45
1600,3470,55031,4529,55031,766,45
1600,3470,55032,4529,55032,766,45
1600,3470,55033,4529,55033,766,45
1600,3470,55034,4529,55034,766,45
1600,3470,55035,4529,55035,766,44
1600,3470,55036,4529,55036,766,43
1600,3470,55037,4529,55037,766,42
1600,3470,55038,4529,55038,766,41
1600,3470,55039,4529,55039,766,40
1600,3470,55040,4529,55040,766,39
1600,3470,55041,4529,55041,766,38
1600,3470,55042,4529,55042,766,37
1601,3470,55043,4529,55043,766,37
1601,3470,55044,4529,55044,766,37
1601,3470,55045,4529,55045,766,37
1601,3470,55046,4529,55046,766,37
1601,3470,55047,4529,55047,766,37
1601,3470,55048,4529,55048,766,37
1602,3470,55049,4529,55049,766,37
1603,3470,55050,4529,55050,766,37
1603,3470,55051,4529,55051,766,37
1603,3470,55052,4529,55052,766,37
1603,3470,55053,4529,55053,766,37
1603,3470,55054,4529,55054,766,37
1603,3470,55055,4529,55055,766,37
1603,3470,55056,4529,55056,766,37
1603,3470,55057,4529,55057,766,37
1603,3470,55058,4529,55058,766,37
1603,3470,55059,4529,55059,766,37
1603,3470,55060,4529,55060,766,37
1603,3470,55061,4529,55061,766,37
1603,3470,55062,4529,55062,766,37
1603,3470,55063,4529,55063,766,37
1603,3470,55064,4529,55064,766,37
1603,3470,55065,4529,55065,766,37
1603,3470,55066,4529,55066,766,37
1603,3470,55067,4529,55067,766,37
1603,3470,55068,4529,55068,766,37
1603,3470,55069,4529,55069,766,37
1603,3470,55070,4529,55070,766,37
1603,3470,55071,4529,55071,766,37
1603,3470,55072,4529,55072,766,37
1603,3470,55073,4529,55073,766,37
1603,3470,55074,4529,55074,766,37
1603,3470,55075,4529,55075,766,37
1603,3470,55076,4529,55076,766,37
1603,3470,55077,4529,55077,766,37
1603,3470,55078,4529,55078,766,37
1603,3470,55079,4529,55079,766,37
1603,3470,55080,4529,55080,766,37
1603,3470,55081,4529,55081,766,37
1603,3470,55082,4529,55082,766,37
1603,3470,55083,4529,55083,766,37
1603,3470,55084,4529,55084,766,37
1603,3470,55085,4529,55085,766,37
1603,3470,55086,4529,55086,766,37
1603,3470,55087,4529,55087,766,37
1604,3470,55088,4529,55088,766,37
1604,3470,55089,4529,55089,766,37
1604,3470,55090,4529,55090,766,37
1605,3470,55091,4529,55091,766,37
1605,3470,55092,4529,55092,766,37
1605,3470,55093,4529,55093,766,37
1605,3470,55094,4529,55094,766,37
1606,3470,55095,4529,55095,766,37
1607,3470,55096,4529,55096,766,37
1607,3470,55097,4529,55097,766,37
1607,3470,55098,4529,55098,766,37
1605,3470,55099,4529,55099,766,37
1605,3470,55100,4529,55100,766,37
1605,3470,55101,4529,55101,766,37
1605,3470,55102,4529,55102,766,37
1604,3470,55103,4529,55103,766,37
1602,3470,55104,4529,55104,766,37
1601,3470,55105,4529,55105,766,37
1600,3470,55106,4529,55106,766,37
1600,3470,55107,4529,55107,766,37
1600,3470,55108,4529,55108,766,37
1600,3470,55109,4529,55109,766,37
1600,3470,55110,4529,55110,766,37
1600,3470,55111,4529,55111,766,37
1600,3470,55112,4529,55112,766,37
1600,3470,55113,4529,55113,766,37
1600,3470,55114,4529,55114,766,37
1600,3470,55115,4529,55115,766,37
1600,3470,55116,4529,55116,766,37
1600,3470,55117,4529,55117,766,37
1600,3470,55118,4529,55118,766,37
1600,3470,55119,4529,55119,766,37
1600,3470,55120,4529,55120,766,37
1600,3470,55121,4529,55121,766,37
1600,3470,55122,4529,55122,766,37
1600,3470,55123,4529,55123,766,37
1600,3470,55124,4529,55124,766,37
1600,3470,55125,4529,55125,766,37
1600,3470,55126,4529,55126,766,37
1600,3470,55127,4529,55127,766,37
1600,3470,55128,4529,55128,766,37
1600,3470,55129,4529,55129,766,37
1600,3470,55130,4529,55130,766,37
1600,3470,55131,4529,55131,766,37
1600,3470,55132,4529,55132,766,37
1600,3470,55133,4529,55133,766,37
1600,3470,55134,4529,55134,766,37
1600,3470,55135,4529,55135,766,37
1600,3470,55136,4529,55136,766,37
1600,3470,55137,4529,55137,766,37
1600,3470,55138,4529,55138,766,37
1600,3470,55139,4529,55139,766,37
1600,3470,55140,4529,55140,766,37
1600,3470,55141,4529,55141,766,37
1600,3470,55142,4529,55142,766,37
1600,3470,55143,4529,55143,766,37
1600,3470,55144,4529,55144,766,37
1600,3470,55145,4529,55145,766,37
1600,3470,55146,4529,55146,766,37
1600,3470,55147,4529,55147,766,37
1600,3470,55148,4529,55148,766,37
1600,3470,55149,4529,55149,766,37
1600,3470,55150,4529,55150,766,37
1600,3470,55151,4529,55151,766,37
1600,3470,55152,4529,55152,766,37
1600,3470,55153,4529,55153,766,37
1600,3470,55154,4529,55154,766,37
1600,3470,55155,4529,55155,766,37
1600,3470,55156,4529,55156,766,37
1600,3470,55157,4529,55157,766,37
1600,3470,55158,4529,55158,766,37
1600,3470,55159,4529,55159,766,37
1600,3470,55160,4529,55160,766,37
1600,3470,55161,4529,55161,766,37
1600,3470,55162,4529,55162,766,37
1600,3470,55163,4529,55163,766,37
1600,3470,55164,4529,55164,766,37
1600,3470,55165,4529,55165,766,37
1600,3470,55166,4529,55166,766,37
1600,3470,55167,4529,55167,766,37
1600,3470,55168,4529,55168,766,37
1600,3470,55169,4529,55169,766,37
1600,3470,55170,4529,55170,766,37
1600,3470,55171,4529,55171,766,37
1600,3470,55172,4529,55172,766,37
1600,3470,55173,4529,55173,766,37
1600,3470,55174,4529,55174,766,37
1600,3470,55175,4529,55175,766,37
1600,3470,55176,4529,55176,766,37
1600,3470,55177,4529,55177,766,37
1600,3470,55178,4529,55178,766,37
1600,3470,55179,4529,55179,766,37
1600,3470,55180,4529,55180,766,37
1600,3470,55181,4529,55181,766,37
1600,3470,55182,4529,55182,766,37
1600,3470,55183,4529,55183,766,37
1600,3470,55184,4529,55184,766,37
1600,3470,55185,4529,55185,766,37
1600,3470,55186,4529,55186,766,37
1600,3470,55187,4529,55187,766,37
1600,3470,55188,4529,55188,766,37
1600,3470,55189,4529,55189,766,37
1600,3470,55190,4529,55190,766,37
1600,3470,55191,4529,55191,766,37
1600,3470,55192,4529,55192,766,37
1600,3470,55193,4529,55193,766,37
1600,3470,55194,4529,55194,766,37
1600,3470,55195,4529,55195,766,37
1600,3470,55196,4529,55196,766,37
1600,3470,55197,4529,55197,766,37
1600,3470,55198,4529,55198,766,37
1600,3470,55199,4529,55199,766,37
1600,3470,55200,4529,55200,766,37
1600,3470,55201,4529,55201,766,37
1600,3470,55202,4529,55202,766,37
1600,3470,55203,4529,55203,766,37
1600,3470,55204,4529,55204,766,37
1600,3470,55205,4529,55205,766,37
1600,3470,55206,4529,55206,766,37
1600,3470,55207,4529,55207,766,37
1600,3470,55208,4529,55208,766,37
1600,3470,55209,4529,55209,766,37
1600,3470,55210,4529,55210,766,37
1600,3470,55211,4529,55211,766,37
1600,3470,55212,4529,55212,766,37
1600,3470,55213,4529,55213,766,37
1600,3470,55214,4529,55214,766,37
1600,3470,55215,4529,55215,766,37
1600,3470,55216,4529,55216,766,37
1600,3470,55217,4529,55217,766,37
1600,3470,55218,4529,55218,766,37
1600,3470,55219,4529,55219,766,37
1600,3470,55220,4529,55220,766,37
1600,3470,55221,4529,55221,766,37
1600,3470,55222,4529,55222,766,37
1600,3470,55223,4529,55223,766,37
1600,3470,55224,4529,55224,766,37
1600,3470,55225,4529,55225,766,37
1600,3470,55226,4529,55226,766,37
1600,3470,55227,4529,55227,766,37
1600,3470,55228,4529,55228,766,37
1600,3470,55229,4529,55229,766,37
1600,3470,55230,4529,55230,766,37
1600,3470,55231,4529,55231,766,37
1600,3470,55232,4529,55232,766,37
1600,3470,55233,4529,55233,766,37
1600,3470,55234,4529,55234,766,37
1600,3470,55235,4529,55235,766,37
1600,3470,55236,4529,55236,766,37
1600,3470,55237,4529,55237,766,37
1600,3470,55238,4529,55238,766,37
1600,3470,55239,4529,55239,766,37
1600,3470,55240,4529,55240,766,37
1600,3470,55241,4529,55241,766,37
1600,3470,55242,4529,55242,766,37
1600,3470,55243,4529,55243,766,37
1600,3470,55244,4529,55244,766,37
1600,3470,55245,4529,55245,766,37
1600,3470,55246,4529,55246,766,37
1600,3470,55247,4529,55247,766,37
1600,3470,55248,4529,55248,766,37
1600,3470,55249,4529,55249,766,37
1600,3470,55250,4529,55250,766,37
1600,3470,55251,4529,55251,766,37
1600,3470,55252,4529,55252,766,37
1600,3470,55253,4529,55253,766,37
1600,3470,55254,4529,55254,766,37
1600,3470,55255,4529,55255,766,37
1600,3470,55256,4529,55256,766,37
1600,3470,55257,4529,55257,766,37
1600,3470,55258,4529,55258,766,37
1600,3470,55259,4529,55259,766,37
1600,3470,55260,4529,55260,766,37
1600,3470,55261,4529,55261,766,37
1600,3470,55262,4529,55262,766,37
1600,3470,55263,4529,55263,766,37
1600,3470,55264,4529,55264,766,37
1600,3470,55265,4529,55265,766,37
1600,3470,55266,4529,55266,766,37
1600,3470,55267,4529,55267,766,37
1600,3470,55268,4529,55268,766,37
1600,3470,55269,4529,55269,766,37
1600,3470,55270,4529,55270,766,37
1600,3470,55271,4529,55271,766,37
1600,3470,55272,4529,55272,766,37
1600,3470,55273,4529,55273,766,37
1600,3470,55274,4529,55274,766,37
1600,3470,55275,4529,55275,766,37
1600,3470,55276,4529,55276,766,37
1600,3470,55277,4529,55277,766,37
1600,3470,55278,4529,55278,766,37
1600,3470,55279,4529,55279,766,37
1600,3470,55280,4529,55280,766,37
1600,3470,55281,4529,55281,766,37
1600,3470,55282,4529,55282,766,37
1600,3470,55283,4529,55283,766,37
1600,3470,55284,4529,55284,766,37
1600,3470,55285,4529,55285,766,37
1600,3470,55286,4529,55286,766,37
1600,3470,55287,4529,55287,766,37
1600,3470,55288,4529,55288,766,37
1600,3470,55289,4529,55289,766,37
1600,3470,55290,4529,55290,766,37
1600,3470,55291,4529,55291,766,36
1600,3470,55292,4529,55292,766,36
1600,3470,55293,4529,55293,766,36
1600,3470,55294,4529,55294,766,35
1600,3470,55295,4529,55295,766,34
1600,3470,55296,4529,55296,766,34
1600,3470,55297,4529,55297,766,33
1600,3470,55298,4529,55298,766,32
1600,3470,55299,4529,55299,766,32
1600,3470,55300,4529,55300,766,32
1600,3470,55301,4529,55301,766,32
1600,3470,55302,4529,55302,766,32
1600,3470,55303,4529,55303,766,32
1600,3470,55304,4529,55304,766,32
1600,3470,55305,4529,55305,766,32
1600,3470,55306,4529,55306,766,32
1600,3470,55307,4529,55307,766,32
1600,3470,55308,4529,55308,766,32
1600,3470,55309,4529,55309,766,32
1600,3470,55310,4529,55310,766,32
1600,3470,55311,4529,55311,766,32
1600,3470,55312,4529,55312,766,32
1600,3470,55313,4529,55313,766,32
1600,3470,55314,4529,55314,766,32
1600,3470,55315,4529,55315,766,32
1600,3470,55316,4529,55316,766,32
1600,3470,55317,4529,55317,766,32
1600,3470,55318,4529,55318,766,32
1600,3470,55319,4529,55319,766,32
1600,3470,55320,4529,55320,766,32
1600,3470,55321,4529,55321,766,32
1600,3470,55322,4529,55322,766,32
1600,3470,55323,4529,55323,766,32
1600,3470,55324,4529,55324,766,32
1600,3470,55325,4529,55325,766,32
1600,3470,55326,4529,55326,766,32
1600,3470,55327,4529,55327,766,32
1600,3470,55328,4529,55328,766,32
1600,3470,55329,4529,55329,766,32
1600,3470,55330,4529,55330,766,32
1600,3470,55331,4529,55331,766,32
1600,3470,55332,4529,55332,766,32
1600,3470,55333,4529,55333,766,32
1600,3470,55334,4529,55334,766,32
1600,3470,55335,4529,55335,766,32
1600,3470,55336,4529,55336,766,32
1600,3470,55337,4529,55337,766,32
1600,3470,55338,4529,55338,766,32
1600,3470,55339,4529,55339,766,32
1600,3470,55340,4529,55340,766,32
1600,3470,55341,4529,55341,766,32
1600,3470,55342,4529,55342,766,32
1600,3470,55343,4529,55343,766,32
1601,3470,55344,4529,55344,766,32
1601,3470,55345,4529,55345,766,32
1601,3470,55346,4529,55346,766,32
1602,3470,55347,4529,55347,766,32
1602,3470,55348,4529,55348,766,32
1602,3470,55349,4529,55349,766,32
1602,3470,55350,4529,55350,766,32
1603,3470,55351,4529,55351,766,32
1604,3470,55352,4529,55352,766,32
1604,3470,55353,4529,55353,766,32
1604,3470,55354,4529,55354,766,32
1603,3470,55355,4529,55355,766,32
1603,3470,55356,4529,55356,766,32
1603,3470,55357,4529,55357,766,32
1603,3470,55358,4529,55358,766,32
1602,3470,55359,4529,55359,766,32
1600,3470,55360,4529,55360,766,32
1600,3470,55361,4529,55361,766,32
1600,3470,55362,4529,55362,766,32
1600,3470,55363,4529,55363,766,32
1600,3470,55364,4529,55364,766,32
1600,3470,55365,4529,55365,766,32
1600,3470,55366,4529,55366,766,32
1600,3470,55367,4529,55367,766,32
1600,3470,55368,4529,55368,766,32
1600,3470,55369,4529,55369,766,32
1600,3470,55370,4529,55370,766,32
1600,3470,55371,4529,55371,766,32
1600,3470,55372,4529,55372,766,32
1600,3470,55373,4529,55373,766,32
1600,3470,55374,4529,55374,766,32
1600,3470,55375,4529,55375,766,32
1600,3470,55376,4529,55376,766,32
1600,3470,55377,4529,55377,766,32
1600,3470,55378,4529,55378,766,32
1600,3470,55379,4529,55379,766,32
1600,3470,55380,4529,55380,766,32
1600,3470,55381,4529,55381,766,32
1600,3470,55382,4529,55382,766,32
1600,3470,55383,4529,55383,766,32
1600,3470,55384,4529,55384,766,32
1600,3470,55385,4529,55385,766,32
1600,3470,55386,4529,55386,766,32
1600,3470,55387,4529,55387,766,32
1600,3470,55388,4529,55388,766,32
1600,3470,55389,4529,55389,766,32
1600,3470,55390,4529,55390,766,32
1600,3470,55391,4529,55391,766,32
1600,3470,55392,4529,55392,766,32
1600,3470,55393,4529,55393,766,32
1600,3470,55394,4529,55394,766,32
1600,3470,55395,4529,55395,766,32
1600,3470,55396,4529,55396,766,32
1600,3470,55397,4529,55397,766,32
1600,3470,55398,4529,55398,766,32
1600,3470,55399,4529,55399,766,32
1600,3470,55400,4529,55400,766,32
1600,3470,55401,4529,55401,766,32
1600,3470,55402,4529,55402,766,32
1600,3470,55403,4529,55403,766,32
1600,3470,55404,4529,55404,766,32
1600,3470,55405,4529,55405,766,32
1600,3470,55406,4529,55406,766,32
1600,3470,55407,4529,55407,766,32
1600,3470,55408,4529,55408,766,32
1600,3470,55409,4529,55409,766,32
1600,3470,55410,4529,55410,766,32
1600,3470,55411,4529,55411,766,32
1600,3470,55412,4529,55412,766,32
1600,3470,55413,4529,55413,766,32
1600,3470,55414,4529,55414,766,32
1600,3470,55415,4529,55415,766,32
1600,3470,55416,4529,55416,766,32
1600,3470,55417,4529,55417,766,32
1600,3470,55418,4529,55418,766,32
1600,3470,55419,4529,55419,766,32
1600,3470,55420,4529,55420,766,32
1600,3470,55421,4529,55421,766,32
1600,3470,55422,4529,55422,766,32
1600,3470,55423,4529,55423,766,32
1600,3470,55424,4529,55424,766,32
1600,3470,55425,4529,55425,766,32
1600,3470,55426,4529,55426,766,32
1600,3470,55427,4529,55427,766,32
1600,3470,55428,4529,55428,766,32
1600,3470,55429,4529,55429,766,32
1600,3470,55430,4529,55430,766,32
1600,3470,55431,4529,55431,766,32
1600,3470,55432,4529,55432,766,32
1600,3470,55433,4529,55433,766,32
1600,3470,55434,4529,55434,766,32
1600,3470,55435,4529,55435,766,32
1600,3470,55436,4529,55436,766,32
1600,3470,55437,4529,55437,766,32
1600,3470,55438,4529,55438,766,32
1600,3470,55439,4529,55439,766,32
1600,3470,55440,4529,55440,766,32
1600,3470,55441,4529,55441,766,32
1600,3470,55442,4529,55442,766,32
1600,3470,55443,4529,55443,766,32
1600,3470,55444,4529,55444,766,32
1600,3470,55445,4529,55445,766,32
1600,3470,55446,4529,55446,766,32
1600,3470,55447,4529,55447,766,32
1600,3470,55448,4529,55448,766,32
1600,3470,55449,4529,55449,766,32
1600,3470,55450,4529,55450,766,32
1600,3470,55451,4529,55451,766,32
1600,3470,55452,4529,55452,766,32
1600,3470,55453,4529,55453,766,32
1600,3470,55454,4529,55454,766,32
1600,3470,55455,4529,55455,766,32
1600,3470,55456,4529,55456,766,32
1600,3470,55457,4529,55457,766,32
1600,3470,55458,4529,55458,766,32
1600,3470,55459,4529,55459,766,32
1600,3470,55460,4529,55460,766,32
1600,3470,55461,4529,55461,766,32
1600,3470,55462,4529,55462,766,32
1600,3470,55463,4529,55463,766,32
1600,3470,55464,4529,55464,766,32
1600,3470,55465,4529,55465,766,32
1600,3470,55466,4529,55466,766,32
1600,3470,55467,4529,55467,766,32
1600,3470,55468,4529,55468,766,32
1600,3470,55469,4529,55469,766,32
1600,3470,55470,4529,55470,766,32
1600,3470,55471,4529,55471,766,32
1600,3470,55472,4529,55472,766,32
1600,3470,55473,4529,55473,766,32
1600,3470,55474,4529,55474,766,32
1600,3470,55475,4529,55475,766,32
1600,3470,55476,4529,55476,766,32
1600,3470,55477,4529,55477,766,32
1600,3470,55478,4529,55478,766,32
1600,3470,55479,4529,55479,766,32
1600,3470,55480,4529,55480,766,32
1600,3470,55481,4529,55481,766,32
1600,3470,55482,4529,55482,766,32
1600,3470,55483,4529,55483,766,32
1600,3470,55484,4529,55484,766,32
1600,3470,55485,4529,55485,766,32
1600,3470,55486,4529,55486,766,32
1600,3470,55487,4529,55487,766,32
1600,3470,55488,4529,55488,766,32
1600,3470,55489,4529,55489,766,32
1600,3470,55490,4529,55490,766,32
1600,3470,55491,4529,55491,766,32
1600,3470,55492,4529,55492,766,32
1600,3470,55493,4529,55493,766,32
1600,3470,55494,4529,55494,766,32
1600,3470,55495,4529,55495,766,32
1600,3470,55496,4529,55496,766,32
1600,3470,55497,4529,55497,766,32
1600,3470,55498,4529,55498,766,32
1600,3470,55499,4529,55499,766,32
1600,3470,55500,4529,55500,766,32
1600,3470,55501,4529,55501,766,32
1600,3470,55502,4529,55502,766,32
1600,3470,55503,4529,55503,766,32
1600,3470,55504,4529,55504,766,32
1600,3470,55505,4529,55505,766,32
1600,3470,55506,4529,55506,766,32
1600,3470,55507,4529,55507,766,32
1600,3470,55508,4529,55508,766,32
1600,3470,55509,4529,55509,766,32
1600,3470,55510,4529,55510,766,32
1600,3470,55511,4529,55511,766,32
1600,3470,55512,4529,55512,766,32
1600,3470,55513,4529,55513,766,32
1600,3470,55514,4529,55514,766,32
1600,3470,55515,4529,55515,766,32
1600,3470,55516,4529,55516,766,32
1600,3470,55517,4529,55517,766,32
1600,3470,55518,4529,55518,766,32
1600,3470,55519,4529,55519,766,32
1600,3470,55520,4529,55520,766,32
1600,3470,55521,4529,55521,766,32
1600,3470,55522,4529,55522,766,32
1600,3470,55523,4529,55523,766,32
1600,3470,55524,4529,55524,766,32
1600,3470,55525,4529,55525,766,32
1600,3470,55526,4529,55526,766,32
1600,3470,55527,4529,55527,766,32
1600,3470,55528,4529,55528,766,32
1600,3470,55529,4529,55529,766,32
1600,3470,55530,4529,55530,766,32
1600,3470,55531,4529,55531,766,32
1600,3470,55532,4529,55532,766,32
1600,3470,55533,4529,55533,766,32
1600,3470,55534,4529,55534,766,32
1600,3470,55535,4529,55535,766,32
1600,3470,55536,4529,55536,766,32
1600,3470,55537,4529,55537,766,32
1600,3470,55538,4529,55538,766,32
1600,3470,55539,4529,55539,766,32
1600,3470,55540,4529,55540,766,32
1600,3470,55541,4529,55541,766,32
1600,3470,55542,4529,55542,766,32
1600,3470,55543,4529,55543,766,32
1600,3470,55544,4529,55544,766,32
1600,3470,55545,4529,55545,766,32
1600,3470,55546,4529,55546,766,32
1600,3470,55547,4529,55547,766,31
1600,3470,55548,4529,55548,766,30
1600,3470,55549,4529,55549,766,29
1600,3470,55550,4529,55550,766,28
1600,3470,55551,4529,55551,766,27
1600,3470,55552,4529,55552,766,26
1600,3470,55553,4529,55553,766,25
1600,3470,55554,4529,55554,766,24
1600,3470,55555,4529,55555,766,24
1600,3470,55556,4529,55556,766,24
1600,3470,55557,4529,55557,766,24
1600,3470,55558,4529,55558,766,24
1600,3470,55559,4529,55559,766,24
1601,3470,55560,4529,55560,766,24
1601,3470,55561,4529,55561,766,24
1601,3470,55562,4529,55562,766,24
1601,3470,55563,4529,55563,766,24
1601,3470,55564,4529,55564,766,24
1601,3470,55565,4529,55565,766,24
1601,3470,55566,4529,55566,766,24
1601,3470,55567,4529,55567,766,24
1601,3470,55568,4529,55568,766,24
1601,3470,55569,4529,55569,766,24
1601,3470,55570,4529,55570,766,24
1601,3470,55571,4529,55571,766,24
1601,3470,55572,4529,55572,766,24
1601,3470,55573,4529,55573,766,24
1601,3470,55574,4529,55574,766,24
1601,3470,55575,4529,55575,766,24
1601,3470,55576,4529,55576,766,24
1601,3470,55577,4529,55577,766,24
1601,3470,55578,4529,55578,766,24
1601,3470,55579,4529,55579,766,24
1601,3470,55580,4529,55580,766,24
1601,3470,55581,4529,55581,766,24
1601,3470,55582,4529,55582,766,24
1601,3470,55583,4529,55583,766,24
1601,3470,55584,4529,55584,766,24
1601,3470,55585,4529,55585,766,24
1601,3470,55586,4529,55586,766,24
1601,3470,55587,4529,55587,766,24
1601,3470,55588,4529,55588,766,24
1601,3470,55589,4529,55589,766,24
1601,3470,55590,4529,55590,766,24
1601,3470,55591,4529,55591,766,24
1601,3470,55592,4529,55592,766,24
1601,3470,55593,4529,55593,766,24
1601,3470,55594,4529,55594,766,24
1601,3470,55595,4529,55595,766,24
1601,3470,55596,4529,55596,766,24
1601,3470,55597,4529,55597,766,24
1601,3470,55598,4529,55598,766,24
1601,3470,55599,4529,55599,766,24
1601,3470,55600,4529,55600,766,24
1601,3470,55601,4529,55601,766,24
1601,3470,55602,4529,55602,766,24
1602,3470,55603,4529,55603,766,24
1602,3470,55604,4529,55604,766,24
1602,3470,55605,4529,55605,766,24
1602,3470,55606,4529,55606,766,24
1603,3470,55607,4529,55607,766,24
1604,3470,55608,4529,55608,766,24
1604,3470,55609,4529,55609,766,24
1604,3470,55610,4529,55610,766,24
1603,3470,55611,4529,55611,766,24
1603,3470,55612,4529,55612,766,24
1603,3470,55613,4529,55613,766,24
1603,3470,55614,4529,55614,766,24
1602,3470,55615,4529,55615,766,24
1600,3470,55616,4529,55616,766,24
1600,3470,55617,4529,55617,766,24
1600,3470,55618,4529,55618,766,24
1600,3470,55619,4529,55619,766,24
1600,3470,55620,4529,55620,766,24
1600,3470,55621,4529,55621,766,24
1600,3470,55622,4529,55622,766,24
1600,3470,55623,4529,55623,766,24
1600,3470,55624,4529,55624,766,24
1600,3470,55625,4529,55625,766,24
1600,3470,55626,4529,55626,766,24
1600,3470,55627,4529,55627,766,24
1600,3470,55628,4529,55628,766,24
1600,3470,55629,4529,55629,766,24
1600,3470,55630,4529,55630,766,24
1600,3470,55631,4529,55631,766,24
1600,3470,55632,4529,55632,766,24
1600,3470,55633,4529,55633,766,24
1600,3470,55634,4529,55634,766,24
1600,3470,55635,4529,55635,766,24
1600,3470,55636,4529,55636,766,24
1600,3470,55637,4529,55637,766,24
1600,3470,55638,4529,55638,766,24
1600,3470,55639,4529,55639,766,24
1600,3470,55640,4529,55640,766,24
1600,3470,55641,4529,55641,766,24
1600,3470,55642,4529,55642,766,24
1600,3470,55643,4529,55643,766,24
1600,3470,55644,4529,55644,766,24
1600,3470,55645,4529,55645,766,24
1600,3470,55646,4529,55646,766,24
1600,3470,55647,4529,55647,766,24
1600,3470,55648,4529,55648,766,24
1600,3470,55649,4529,55649,766,24
1600,3470,55650,4529,55650,766,24
1600,3470,55651,4529,55651,766,24
1600,3470,55652,4529,55652,766,24
1600,3470,55653,4529,55653,766,24
1600,3470,55654,4529,55654,766,24
1600,3470,55655,4529,55655,766,24
1600,3470,55656,4529,55656,766,24
1600,3470,55657,4529,55657,766,24
1600,3470,55658,4529,55658,766,24
1600,3470,55659,4529,55659,766,24
1600,3470,55660,4529,55660,766,24
1600,3470,55661,4529,55661,766,24
1600,3470,55662,4529,55662,766,24
1600,3470,55663,4529,55663,766,24
1600,3470,55664,4529,55664,766,24
1600,3470,55665,4529,55665,766,24
1600,3470,55666,4529,55666,766,24
1600,3470,55667,4529,55667,766,24
1600,3470,55668,4529,55668,766,24
1600,3470,55669,4529,55669,766,24
1600,3470,55670,4529,55670,766,24
1600,3470,55671,4529,55671,766,24
1600,3470,55672,4529,55672,766,24
1600,3470,55673,4529,55673,766,24
1600,3470,55674,4529,55674,766,24
1600,3470,55675,4529,55675,766,24
1600,3470,55676,4529,55676,766,24
1600,3470,55677,4529,55677,766,24
1600,3470,55678,4529,55678,766,24
1600,3470,55679,4529,55679,766,24
1600,3470,55680,4529,55680,766,24
1600,3470,55681,4529,55681,766,24
1600,3470,55682,4529,55682,766,24
1600,3470,55683,4529,55683,766,24
1600,3470,55684,4529,55684,766,24
1600,3470,55685,4529,55685,766,24
1600,3470,55686,4529,55686,766,24
1600,3470,55687,4529,55687,766,24
1600,3470,55688,4529,55688,766,24
1600,3470,55689,4529,55689,766,24
1600,3470,55690,4529,55690,766,24
1600,3470,55691,4529,55691,766,24
1600,3470,55692,4529,55692,766,24
1600,3470,55693,4529,55693,766,24
1600,3470,55694,4529,55694,766,24
1600,3470,55695,4529,55695,766,24
1600,3470,55696,4529,55696,766,24
1600,3470,55697,4529,55697,766,24
1600,3470,55698,4529,55698,766,24
1600,3470,55699,4529,55699,766,24
1600,3470,55700,4529,55700,766,24
1600,3470,55701,4529,55701,766,24
1600,3470,55702,4529,55702,766,24
1600,3470,55703,4529,55703,766,24
1600,3470,55704,4529,55704,766,24
1600,3470,55705,4529,55705,766,24
1600,3470,55706,4529,55706,766,24
1600,3470,55707,4529,55707,766,24
1600,3470,55708,4529,55708,766,24
1600,3470,55709,4529,55709,766,24
1600,3470,55710,4529,55710,766,24
1600,3470,55711,4529,55711,766,24
1600,3470,55712,4529,55712,766,24
1600,3470,55713,4529,55713,766,24
1600,3470,55714,4529,55714,766,24
1600,3470,55715,4529,55715,766,24
1600,3470,55716,4529,55716,766,24
1600,3470,55717,4529,55717,766,24
1600,3470,55718,4529,55718,766,24
1600,3470,55719,4529,55719,766,24
1600,3470,55720,4529,55720,766,24
1600,3470,55721,4529,55721,766,24
1600,3470,55722,4529,55722,766,24
1600,3470,55723,4529,55723,766,24
1600,3470,55724,4529,55724,766,24
1600,3470,55725,4529,55725,766,24
1600,3470,55726,4529,55726,766,24
1600,3470,55727,4529,55727,766,24
1600,3470,55728,4529,55728,766,24
1600,3470,55729,4529,55729,766,24
1600,3470,55730,4529,55730,766,24
1600,3470,55731,4529,55731,766,24
1600,3470,55732,4529,55732,766,24
1600,3470,55733,4529,55733,766,24
1600,3470,55734,4529,55734,766,24
1600,3470,55735,4529,55735,766,24
1600,3470,55736,4529,55736,766,24
1600,3470,55737,4529,55737,766,24
1600,3470,55738,4529,55738,766,24
1600,3470,55739,4529,55739,766,24
1600,3470,55740,4529,55740,766,24
1600,3470,55741,4529,55741,766,24
1600,3470,55742,4529,55742,766,24
1600,3470,55743,4529,55743,766,24
1600,3470,55744,4529,55744,766,24
1600,3470,55745,4529,55745,766,24
1600,3470,55746,4529,55746,766,24
1600,3470,55747,4529,55747,766,24
1600,3470,55748,4529,55748,766,24
1600,3470,55749,4529,55749,766,24
1600,3470,55750,4529,55750,766,24
1600,3470,55751,4529,55751,766,24
1600,3470,55752,4529,55752,766,24
1600,3470,55753,4529,55753,766,24
1600,3470,55754,4529,55754,766,24
1600,3470,55755,4529,55755,766,24
1600,3470,55756,4529,55756,766,24
1600,3470,55757,4529,55757,766,24
1600,3470,55758,4529,55758,766,24
1600,3470,55759,4529,55759,766,24
1600,3470,55760,4529,55760,766,24
1600,3470,55761,4529,55761,766,24
1600,3470,55762,4529,55762,766,24
1600,3470,55763,4529,55763,766,24
1600,3470,55764,4529,55764,766,24
1600,3470,55765,4529,55765,766,24
1600,3470,55766,4529,55766,766,24
1600,3470,55767,4529,55767,766,24
1600,3470,55768,4529,55768,766,24
1600,3470,55769,4529,55769,766,24
1600,3470,55770,4529,55770,766,24
1600,3470,55771,4529,55771,766,24
1600,3470,55772,4529,55772,766,24
1600,3470,55773,4529,55773,766,24
1600,3470,55774,4529,55774,766,24
1600,3470,55775,4529,55775,766,24
1600,3470,55776,4529,55776,766,24
1600,3470,55777,4529,55777,766,24
1600,3470,55778,4529,55778,766,24
1600,3470,55779,4529,55779,766,24
1600,3470,55780,4529,55780,766,24
1600,3470,55781,4529,55781,766,24
1600,3470,55782,4529,55782,766,24
1600,3470,55783,4529,55783,766,24
1600,3470,55784,4529,55784,766,24
1600,3470,55785,4529,55785,766,24
1600,3470,55786,4529,55786,766,24
1600,3470,55787,4529,55787,766,24
1600,3470,55788,4529,55788,766,24
1600,3470,55789,4529,55789,766,24
1600,3470,55790,4529,55790,766,24
1600,3470,55791,4529,55791,766,24
1600,3470,55792,4529,55792,766,24
1600,3470,55793,4529,55793,766,24
1600,3470,55794,4529,55794,766,24
1600,3470,55795,4529,55795,766,24
1600,3470,55796,4529,55796,766,24
1600,3470,55797,4529,55797,766,24
1600,3470,55798,4529,55798,766,24
1600,3470,55799,4529,55799,766,24
1600,3470,55800,4529,55800,766,24
1600,3470,55801,4529,55801,766,24
1600,3470,55802,4529,55802,766,24
1600,3470,55803,4529,55803,766,23
1600,3470,55804,4529,55804,766,22
1600,3470,55805,4529,55805,766,21
1600,3470,55806,4529,55806,766,20
1600,3470,55807,4529,55807,766,19
1600,3470,55808,4529,55808,766,18
1600,3470,55809,4529,55809,766,17
1600,3470,55810,4529,55810,766,16
1601,3470,55811,4529,55811,766,16
1601,3470,55812,4529,55812,766,16
1601,3470,55813,4529,55813,766,16
1601,3470,55814,4529,55814,766,16
1602,3470,55815,4529,55815,766,16
1603,3470,55816,4529,55816,766,16
1603,3470,55817,4529,55817,766,16
1603,3470,55818,4529,55818,766,16
1603,3470,55819,4529,55819,766,16
1603,3470,55820,4529,55820,766,16
1603,3470,55821,4529,55821,766,16
1603,3470,55822,4529,55822,766,16
1603,3470,55823,4529,55823,766,16
1603,3470,55824,4529,55824,766,16
1603,3470,55825,4529,55825,766,16
1603,3470,55826,4529,55826,766,16
1603,3470,55827,4529,55827,766,16
1603,3470,55828,4529,55828,766,16
1603,3470,55829,4529,55829,766,16
1603,3470,55830,4529,55830,766,16
1603,3470,55831,4529,55831,766,16
1603,3470,55832,4529,55832,766,16
1603,3470,55833,4529,55833,766,16
1603,3470,55834,4529,55834,766,16
1603,3470,55835,4529,55835,766,16
1603,3470,55836,4529,55836,766,16
1603,3470,55837,4529,55837,766,16
1603,3470,55838,4529,55838,766,16
1603,3470,55839,4529,55839,766,16
1603,3470,55840,4529,55840,766,16
1603,3470,55841,4529,55841,766,16
1603,3470,55842,4529,55842,766,16
1603,3470,55843,4529,55843,766,16
1603,3470,55844,4529,55844,766,16
1603,3470,55845,4529,55845,766,16
1603,3470,55846,4529,55846,766,16
1603,3470,55847,4529,55847,766,16
1603,3470,55848,4529,55848,766,16
1603,3470,55849,4529,55849,766,16
1603,3470,55850,4529,55850,766,16
1603,3470,55851,4529,55851,766,16
1603,3470,55852,4529,55852,766,16
1603,3470,55853,4529,55853,766,16
1603,3470,55854,4529,55854,766,16
1603,3470,55855,4529,55855,766,16
1603,3470,55856,4529,55856,766,16
1603,3470,55857,4529,55857,766,16
1603,3470,55858,4529,55858,766,16
1603,3470,55859,4529,55859,766,16
1603,3470,55860,4529,55860,766,16
1603,3470,55861,4529,55861,766,16
1603,3470,55862,4529,55862,766,16
1603,3470,55863,4529,55863,766,16
1603,3470,55864,4529,55864,766,16
1603,3470,55865,4529,55865,766,16
1603,3470,55866,4529,55866,766,16
1602,3470,55867,4529,55867,766,16
1602,3470,55868,4529,55868,766,16
1602,3470,55869,4529,55869,766,16
1602,3470,55870,4529,55870,766,16
1601,3470,55871,4529,55871,766,16
1600,3470,55872,4529,55872,766,16
1600,3470,55873,4529,55873,766,16
1600,3470,55874,4529,55874,766,16
1600,3470,55875,4529,55875,766,16
1600,3470,55876,4529,55876,766,16
1600,3470,55877,4529,55877,766,16
1600,3470,55878,4529,55878,766,16
1600,3470,55879,4529,55879,766,16
1600,3470,55880,4529,55880,766,16
1600,3470,55881,4529,55881,766,16
1600,3470,55882,4529,55882,766,16
1600,3470,55883,4529,55883,766,16
1600,3470,55884,4529,55884,766,16
1600,3470,55885,4529,55885,766,16
1600,3470,55886,4529,55886,766,16
1600,3470,55887,4529,55887,766,16
1600,3470,55888,4529,55888,766,16
1600,3470,55889,4529,55889,766,16
1600,3470,55890,4529,55890,766,16
1600,3470,55891,4529,55891,766,16
1600,3470,55892,4529,55892,766,16
1600,3470,55893,4529,55893,766,16
1600,3470,55894,4529,55894,766,16
1600,3470,55895,4529,55895,766,16
1600,3470,55896,4529,55896,766,16
1600,3470,55897,4529,55897,766,16
1600,3470,55898,4529,55898,766,16
1600,3470,55899,4529,55899,766,16
1600,3470,55900,4529,55900,766,16
1600,3470,55901,4529,55901,766,16
1600,3470,55902,4529,55902,766,16
1600,3470,55903,4529,55903,766,16
1600,3470,55904,4529,55904,766,16
1600,3470,55905,4529,55905,766,16
1600,3470,55906,4529,55906,766,16
1600,3470,55907,4529,55907,766,16
1600,3470,55908,4529,55908,766,16
1600,3470,55909,4529,55909,766,16
1600,3470,55910,4529,55910,766,16
1600,3470,55911,4529,55911,766,16
1600,3470,55912,4529,55912,766,16
1600,3470,55913,4529,55913,766,16
1600,3470,55914,4529,55914,766,16
1600,3470,55915,4529,55915,766,16
1600,3470,55916,4529,55916,766,16
1600,3470,55917,4529,55917,766,16
1600,3470,55918,4529,55918,766,16
1600,3470,55919,4529,55919,766,16
1600,3470,55920,4529,55920,766,16
1600,3470,55921,4529,55921,766,16
1600,3470,55922,4529,55922,766,16
1600,3470,55923,4529,55923,766,16
1600,3470,55924,4529,55924,766,16
1600,3470,55925,4529,55925,766,16
1600,3470,55926,4529,55926,766,16
1600,3470,55927,4529,55927,766,16
1600,3470,55928,4529,55928,766,16
1600,3470,55929,4529,55929,766,16
1600,3470,55930,4529,55930,766,16
1600,3470,55931,4529,55931,766,16
1600,3470,55932,4529,55932,766,16
1600,3470,55933,4529,55933,766,16
1600,3470,55934,4529,55934,766,16
1600,3470,55935,4529,55935,766,16
1600,3470,55936,4529,55936,766,16
1600,3470,55937,4529,55937,766,16
1600,3470,55938,4529,55938,766,16
1600,3470,55939,4529,55939,766,16
1600,3470,55940,4529,55940,766,16
1600,3470,55941,4529,55941,766,16
1600,3470,55942,4529,55942,766,16
1600,3470,55943,4529,55943,766,16
1600,3470,55944,4529,55944,766,16
1600,3470,55945,4529,55945,766,16
1600,3470,55946,4529,55946,766,16
1600,3470,55947,4529,55947,766,16
1600,3470,55948,4529,55948,766,16
1600,3470,55949,4529,55949,766,16
1600,3470,55950,4529,55950,766,16
1600,3470,55951,4529,55951,766,16
1600,3470,55952,4529,55952,766,16
1600,3470,55953,4529,55953,766,16
1600,3470,55954,4529,55954,766,16
1600,3470,55955,4529,55955,766,16
1600,3470,55956,4529,55956,766,16
1600,3470,55957,4529,55957,766,16
1600,3470,55958,4529,55958,766,16
1600,3470,55959,4529,55959,766,16
1600,3470,55960,4529,55960,766,16
1600,3470,55961,4529,55961,766,16
1600,3470,55962,4529,55962,766,16
1600,3470,55963,4529,55963,766,16
1600,3470,55964,4529,55964,766,16
1600,3470,55965,4529,55965,766,16
1600,3470,55966,4529,55966,766,16
1600,3470,55967,4529,55967,766,16
1600,3470,55968,4529,55968,766,16
1600,3470,55969,4529,55969,766,16
1600,3470,55970,4529,55970,766,16
1600,3470,55971,4529,55971,766,16
1600,3470,55972,4529,55972,766,16
1600,3470,55973,4529,55973,766,16
1600,3470,55974,4529,55974,766,16
1600,3470,55975,4529,55975,766,16
1600,3470,55976,4529,55976,766,16
1600,3470,55977,4529,55977,766,16
1600,3470,55978,4529,55978,766,16
1600,3470,55979,4529,55979,766,16
1600,3470,55980,4529,55980,766,16
1600,3470,55981,4529,55981,766,16
1600,3470,55982,4529,55982,766,16
1600,3470,55983,4529,55983,766,16
1600,3470,55984,4529,55984,766,16
1600,3470,55985,4529,55985,766,16
1600,3470,55986,4529,55986,766,16
1600,3470,55987,4529,55987,766,16
1600,3470,55988,4529,55988,766,16
1600,3470,55989,4529,55989,766,16
1600,3470,55990,4529,55990,766,16
1600,3470,55991,4529,55991,766,16
1600,3470,55992,4529,55992,766,16
1600,3470,55993,4529,55993,766,16
1600,3470,55994,4529,55994,766,16
1600,3470,55995,4529,55995,766,16
1600,3470,55996,4529,55996,766,16
1600,3470,55997,4529,55997,766,16
1600,3470,55998,4529,55998,766,16
1600,3470,55999,4529,55999,766,16
1600,3470,56000,4529,56000,766,16
1600,3470,56001,4529,56001,766,16
1600,3470,56002,4529,56002,766,16
1600,3470,56003,4529,56003,766,16
1600,3470,56004,4529,56004,766,16
1600,3470,56005,4529,56005,766,16
1600,3470,56006,4529,56006,766,16
1600,3470,56007,4529,56007,766,16
1600,3470,56008,4529,56008,766,16
1600,3470,56009,4529,56009,766,16
1600,3470,56010,4529,56010,766,16
1600,3470,56011,4529,56011,766,16
1600,3470,56012,4529,56012,766,16
1600,3470,56013,4529,56013,766,16
1600,3470,56014,4529,56014,766,16
1600,3470,56015,4529,56015,766,16
1600,3470,56016,4529,56016,766,16
1600,3470,56017,4529,56017,766,16
1600,3470,56018,4529,56018,766,16
1600,3470,56019,4529,56019,766,16
1600,3470,56020,4529,56020,766,16
1600,3470,56021,4529,56021,766,16
1600,3470,56022,4529,56022,766,16
1600,3470,56023,4529,56023,766,16
1600,3470,56024,4529,56024,766,16
1600,3470,56025,4529,56025,766,16
1600,3470,56026,4529,56026,766,16
1600,3470,56027,4529,56027,766,16
1600,3470,56028,4529,56028,766,16
1600,3470,56029,4529,56029,766,16
1600,3470,56030,4529,56030,766,16
1600,3470,56031,4529,56031,766,16
1600,3470,56032,4529,56032,766,16
1600,3470,56033,4529,56033,766,16
1600,3470,56034,4529,56034,766,16
1600,3470,56035,4529,56035,766,16
1600,3470,56036,4529,56036,766,16
1600,3470,56037,4529,56037,766,16
1600,3470,56038,4529,56038,766,16
1600,3470,56039,4529,56039,766,16
1600,3470,56040,4529,56040,766,16
1600,3470,56041,4529,56041,766,16
1600,3470,56042,4529,56042,766,16
1600,3470,56043,4529,56043,766,16
1600,3470,56044,4529,56044,766,16
1600,3470,56045,4529,56045,766,16
1600,3470,56046,4529,56046,766,16
1600,3470,56047,4529,56047,766,16
1600,3470,56048,4529,56048,766,16
1600,3470,56049,4529,56049,766,16
1600,3470,56050,4529,56050,766,16
1600,3470,56051,4529,56051,766,16
1600,3470,56052,4529,56052,766,16
1600,3470,56053,4529,56053,766,16
1600,3470,56054,4529,56054,766,16
1600,3470,56055,4529,56055,766,16
1600,3470,56056,4529,56056,766,16
1600,3470,56057,4529,56057,766,16
1600,3470,56058,4529,56058,766,16
1600,3470,56059,4529,56059,766,15
1600,3470,56060,4529,56060,766,14
1600,3470,56061,4529,56061,766,13
1600,3470,56062,4529,56062,766,12
1600,3470,56063,4529,56063,766,11
1600,3470,56064,4529,56064,766,10
1600,3470,56065,4529,56065,766,9
1600,3470,56066,4529,56066,766,8
