currentNumberOfWords,maxNumberOfWords,currentTime,timeWithMaxWords,convergenceTime,maxNumberOfDifferentWords,currentNumberOfDifferentWords
0,0,0,0,0,0,0
0,0,1,0,1,0,0
2,2,2,2,2,1,1
4,4,3,3,3,2,2
6,6,4,4,4,3,3
8,8,5,5,5,4,4
10,10,6,6,6,5,5
12,12,7,7,7,6,6
14,14,8,8,8,7,7
16,16,9,9,9,8,8
18,18,10,10,10,9,9
20,20,11,11,11,10,10
22,22,12,12,12,11,11
24,24,13,13,13,12,12
26,26,14,14,14,13,13
28,28,15,15,15,14,14
30,30,16,16,16,15,15
32,32,17,17,17,16,16
34,34,18,18,18,17,17
36,36,19,19,19,18,18
38,38,20,20,20,19,19
40,40,21,21,21,20,20
42,42,22,22,22,21,21
44,44,23,23,23,22,22
46,46,24,24,24,23,23
48,48,25,25,25,24,24
50,50,26,26,26,25,25
52,52,27,27,27,26,26
54,54,28,28,28,27,27
56,56,29,29,29,28,28
58,58,30,30,30,29,29
60,60,31,31,31,30,30
62,62,32,32,32,31,31
64,64,33,33,33,32,32
66,66,34,34,34,33,33
68,68,35,35,35,34,34
70,70,36,36,36,35,35
72,72,37,37,37,36,36
74,74,38,38,38,37,37
76,76,39,39,39,38,38
78,78,40,40,40,39,39
80,80,41,41,41,40,40
82,82,42,42,42,41,41
84,84,43,43,43,42,42
86,86,44,44,44,43,43
88,88,45,45,45,44,44
90,90,46,46,46,45,45
92,92,47,47,47,46,46
94,94,48,48,48,47,47
96,96,49,49,49,48,48
98,98,50,50,50,49,49
100,100,51,51,51,50,50
102,102,52,52,52,51,51
104,104,53,53,53,52,52
106,106,54,54,54,53,53
108,108,55,55,55,54,54
110,110,56,56,56,55,55
112,112,57,57,57,56,56
114,114,58,58,58,57,57
116,116,59,59,59,58,58
118,118,60,60,60,59,59
120,120,61,61,61,60,60
122,122,62,62,62,61,61
124,124,63,63,63,62,62
126,126,64,64,64,63,63
128,128,65,65,65,64,64
129,129,66,66,66,64,64
131,131,67,67,67,65,65
133,133,68,68,68,66,66
135,135,69,69,69,67,67
137,137,70,70,70,68,68
139,139,71,71,71,69,69
141,141,72,72,72,70,70
143,143,73,73,73,71,71
145,145,74,74,74,72,72
147,147,75,75,75,73,73
149,149,76,76,76,74,74
151,151,77,77,77,75,75
153,153,78,78,78,76,76
154,154,79,79,79,76,76
156,156,80,80,80,77,77
158,158,81,81,81,78,78
160,160,82,82,82,79,79
162,162,83,83,83,80,80
164,164,84,84,84,81,81
166,166,85,85,85,82,82
168,168,86,86,86,83,83
169,169,87,87,87,83,83
171,171,88,88,88,84,84
173,173,89,89,89,85,85
175,175,90,90,90,86,86
177,177,91,91,91,87,87
179,179,92,92,92,88,88
181,181,93,93,93,89,89
183,183,94,94,94,90,90
185,185,95,95,95,91,91
187,187,96,96,96,92,92
189,189,97,97,97,93,93
191,191,98,98,98,94,94
193,193,99,99,99,95,95
195,195,100,100,100,96,96
197,197,101,101,101,97,97
199,199,102,102,102,98,98
201,201,103,103,103,99,99
203,203,104,104,104,100,100
204,204,105,105,105,100,100
206,206,106,106,106,101,101
208,208,107,107,107,102,102
210,210,108,108,108,103,103
212,212,109,109,109,104,104
214,214,110,110,110,105,105
216,216,111,111,111,106,106
218,218,112,112,112,107,107
220,220,113,113,113,108,108
222,222,114,114,114,109,109
224,224,115,115,115,110,110
226,226,116,116,116,111,111
228,228,117,117,117,112,112
230,230,118,118,118,113,113
232,232,119,119,119,114,114
233,233,120,120,120,114,114
235,235,121,121,121,115,115
237,237,122,122,122,116,116
239,239,123,123,123,117,117
241,241,124,124,124,118,118
243,243,125,125,125,119,119
245,245,126,126,126,120,120
247,247,127,127,127,121,121
249,249,128,128,128,122,122
250,250,129,129,129,122,122
252,252,130,130,130,123,123
254,254,131,131,131,124,124
256,256,132,132,132,125,125
258,258,133,133,133,126,126
260,260,134,134,134,127,127
261,261,135,135,135,127,127
263,263,136,136,136,128,128
265,265,137,137,137,129,129
267,267,138,138,138,130,130
269,269,139,139,139,131,131
270,270,140,140,140,131,131
272,272,141,141,141,132,132
274,274,142,142,142,133,133
276,276,143,143,143,134,134
276,276,144,143,144,134,134
278,278,145,145,145,135,135
280,280,146,146,146,136,136
282,282,147,147,147,137,137
284,284,148,148,148,138,138
286,286,149,149,149,139,139
288,288,150,150,150,140,140
290,290,151,151,151,141,141
292,292,152,152,152,142,142
294,294,153,153,153,143,143
296,296,154,154,154,144,144
298,298,155,155,155,145,145
300,300,156,156,156,146,146
302,302,157,157,157,147,147
304,304,158,158,158,148,148
306,306,159,159,159,149,149
308,308,160,160,160,150,150
310,310,161,161,161,151,151
312,312,162,162,162,152,152
314,314,163,163,163,153,153
316,316,164,164,164,154,154
318,318,165,165,165,155,155
320,320,166,166,166,156,156
322,322,167,167,167,157,157
324,324,168,168,168,158,158
326,326,169,169,169,159,159
328,328,170,170,170,160,160
330,330,171,171,171,161,161
332,332,172,172,172,162,162
334,334,173,173,173,163,163
336,336,174,174,174,164,164
338,338,175,175,175,165,165
340,340,176,176,176,166,166
342,342,177,177,177,167,167
344,344,178,178,178,168,168
346,346,179,179,179,169,169
347,347,180,180,180,169,169
349,349,181,181,181,170,170
351,351,182,182,182,171,171
353,353,183,183,183,172,172
355,355,184,184,184,173,173
357,357,185,185,185,174,174
359,359,186,186,186,175,175
361,361,187,187,187,176,176
363,363,188,188,188,177,177
365,365,189,189,189,178,178
367,367,190,190,190,179,179
369,369,191,191,191,180,180
371,371,192,192,192,181,181
373,373,193,193,193,182,182
375,375,194,194,194,183,183
377,377,195,195,195,184,184
378,378,196,196,196,184,184
380,380,197,197,197,185,185
381,381,198,198,198,185,185
382,382,199,199,199,185,185
384,384,200,200,200,186,186
386,386,201,201,201,187,187
388,388,202,202,202,188,188
390,390,203,203,203,189,189
392,392,204,204,204,190,190
393,393,205,205,205,190,190
395,395,206,206,206,191,191
396,396,207,207,207,191,191
397,397,208,208,208,191,191
399,399,209,209,209,192,192
401,401,210,210,210,193,193
403,403,211,211,211,194,194
405,405,212,212,212,195,195
407,407,213,213,213,196,196
409,409,214,214,214,197,197
411,411,215,215,215,197,197
413,413,216,216,216,198,198
415,415,217,217,217,199,199
417,417,218,218,218,200,200
418,418,219,219,219,200,200
420,420,220,220,220,201,201
422,422,221,221,221,202,202
424,424,222,222,222,203,203
426,426,223,223,223,204,204
428,428,224,224,224,205,205
430,430,225,225,225,206,206
432,432,226,226,226,207,207
434,434,227,227,227,208,208
436,436,228,228,228,209,209
438,438,229,229,229,210,210
440,440,230,230,230,211,211
442,442,231,231,231,212,212
444,444,232,232,232,213,213
446,446,233,233,233,214,214
447,447,234,234,234,214,214
449,449,235,235,235,215,215
451,451,236,236,236,216,216
452,452,237,237,237,216,216
454,454,238,238,238,217,217
456,456,239,239,239,218,218
458,458,240,240,240,219,219
460,460,241,241,241,220,220
462,462,242,242,242,221,221
464,464,243,243,243,222,222
466,466,244,244,244,223,223
468,468,245,245,245,224,224
470,470,246,246,246,225,225
472,472,247,247,247,226,226
474,474,248,248,248,227,227
476,476,249,249,249,228,228
478,478,250,250,250,229,229
480,480,251,251,251,230,230
482,482,252,252,252,231,231
483,483,253,253,253,231,231
485,485,254,254,254,232,232
487,487,255,255,255,233,233
489,489,256,256,256,234,234
490,490,257,257,257,234,234
492,492,258,258,258,235,235
494,494,259,259,259,236,236
495,495,260,260,260,236,236
496,496,261,261,261,236,236
498,498,262,262,262,237,237
499,499,263,263,263,237,237
501,501,264,264,264,238,238
502,502,265,265,265,238,238
504,504,266,266,266,239,239
506,506,267,267,267,240,240
508,508,268,268,268,241,241
510,510,269,269,269,242,242
512,512,270,270,270,243,243
514,514,271,271,271,244,244
516,516,272,272,272,245,245
517,517,273,273,273,245,245
519,519,274,274,274,246,246
521,521,275,275,275,247,247
523,523,276,276,276,248,248
525,525,277,277,277,249,249
527,527,278,278,278,250,250
529,529,279,279,279,251,251
530,530,280,280,280,251,251
532,532,281,281,281,252,252
534,534,282,282,282,253,253
536,536,283,283,283,254,254
538,538,284,284,284,255,255
540,540,285,285,285,256,256
542,542,286,286,286,257,257
544,544,287,287,287,258,258
545,545,288,288,288,258,258
547,547,289,289,289,259,259
549,549,290,290,290,260,260
551,551,291,291,291,261,261
553,553,292,292,292,262,262
555,555,293,293,293,262,262
557,557,294,294,294,263,263
559,559,295,295,295,264,264
561,561,296,296,296,265,265
563,563,297,297,297,266,266
565,565,298,298,298,267,267
567,567,299,299,299,268,268
569,569,300,300,300,269,269
571,571,301,301,301,270,270
573,573,302,302,302,271,271
575,575,303,303,303,272,272
577,577,304,304,304,273,273
578,578,305,305,305,273,273
579,579,306,306,306,273,273
581,581,307,307,307,274,274
583,583,308,308,308,275,275
585,585,309,309,309,276,276
586,586,310,310,310,276,276
588,588,311,311,311,277,277
590,590,312,312,312,278,278
592,592,313,313,313,279,279
594,594,314,314,314,280,280
596,596,315,315,315,281,281
598,598,316,316,316,282,282
600,600,317,317,317,283,283
602,602,318,318,318,284,284
604,604,319,319,319,285,285
606,606,320,320,320,286,286
608,608,321,321,321,287,287
609,609,322,322,322,287,287
611,611,323,323,323,288,288
612,612,324,324,324,288,288
614,614,325,325,325,289,289
616,616,326,326,326,290,290
618,618,327,327,327,291,291
620,620,328,328,328,292,292
622,622,329,329,329,293,293
624,624,330,330,330,294,294
626,626,331,331,331,295,295
628,628,332,332,332,296,296
630,630,333,333,333,297,297
632,632,334,334,334,298,298
634,634,335,335,335,299,299
636,636,336,336,336,300,300
637,637,337,337,337,300,300
639,639,338,338,338,301,301
639,639,339,338,339,301,301
641,641,340,340,340,302,302
643,643,341,341,341,303,303
645,645,342,342,342,304,304
647,647,343,343,343,305,305
649,649,344,344,344,306,306
650,650,345,345,345,306,306
652,652,346,346,346,307,307
654,654,347,347,347,308,308
655,655,348,348,348,308,308
657,657,349,349,349,309,309
659,659,350,350,350,310,310
661,661,351,351,351,311,311
663,663,352,352,352,312,312
665,665,353,353,353,313,313
667,667,354,354,354,314,314
669,669,355,355,355,315,315
671,671,356,356,356,316,316
672,672,357,357,357,316,316
673,673,358,358,358,316,316
674,674,359,359,359,316,316
676,676,360,360,360,317,317
678,678,361,361,361,318,318
680,680,362,362,362,319,319
681,681,363,363,363,319,319
683,683,364,364,364,320,320
685,685,365,365,365,321,321
687,687,366,366,366,322,322
688,688,367,367,367,322,322
690,690,368,368,368,323,323
692,692,369,369,369,324,324
694,694,370,370,370,325,325
695,695,371,371,371,325,325
697,697,372,372,372,326,326
699,699,373,373,373,327,327
701,701,374,374,374,328,328
702,702,375,375,375,328,328
704,704,376,376,376,329,329
706,706,377,377,377,330,330
707,707,378,378,378,330,330
709,709,379,379,379,331,331
711,711,380,380,380,331,331
713,713,381,381,381,332,332
714,714,382,382,382,332,332
716,716,383,383,383,333,333
717,717,384,384,384,333,333
719,719,385,385,385,334,334
721,721,386,386,386,335,335
723,723,387,387,387,336,336
725,725,388,388,388,337,337
726,726,389,389,389,337,337
727,727,390,390,390,337,337
729,729,391,391,391,338,338
731,731,392,392,392,339,339
733,733,393,393,393,340,340
735,735,394,394,394,341,341
737,737,395,395,395,342,342
739,739,396,396,396,343,343
741,741,397,397,397,344,344
742,742,398,398,398,344,344
744,744,399,399,399,345,345
746,746,400,400,400,346,346
748,748,401,401,401,347,347
750,750,402,402,402,348,348
752,752,403,403,403,349,349
754,754,404,404,404,350,350
755,755,405,405,405,350,350
756,756,406,406,406,350,350
758,758,407,407,407,350,350
759,759,408,408,408,350,350
761,761,409,409,409,351,351
762,762,410,410,410,351,351
764,764,411,411,411,352,352
765,765,412,412,412,352,352
767,767,413,413,413,353,353
769,769,414,414,414,354,354
771,771,415,415,415,355,355
772,772,416,416,416,355,355
774,774,417,417,417,356,356
776,776,418,418,418,357,357
778,778,419,419,419,358,358
780,780,420,420,420,359,359
782,782,421,421,421,360,360
784,784,422,422,422,361,361
786,786,423,423,423,362,362
787,787,424,424,424,362,362
789,789,425,425,425,363,363
791,791,426,426,426,364,364
793,793,427,427,427,365,365
795,795,428,428,428,366,366
797,797,429,429,429,367,367
799,799,430,430,430,368,368
801,801,431,431,431,369,369
803,803,432,432,432,370,370
805,805,433,433,433,371,371
807,807,434,434,434,372,372
808,808,435,435,435,372,372
810,810,436,436,436,373,373
811,811,437,437,437,373,373
813,813,438,438,438,374,374
815,815,439,439,439,375,375
817,817,440,440,440,376,376
819,819,441,441,441,377,377
821,821,442,442,442,378,378
823,823,443,443,443,379,379
824,824,444,444,444,379,379
826,826,445,445,445,380,380
828,828,446,446,446,381,381
829,829,447,447,447,381,381
831,831,448,448,448,382,382
833,833,449,449,449,383,383
835,835,450,450,450,384,384
837,837,451,451,451,385,385
838,838,452,452,452,385,385
840,840,453,453,453,386,386
842,842,454,454,454,387,387
844,844,455,455,455,388,388
846,846,456,456,456,389,389
848,848,457,457,457,390,390
850,850,458,458,458,391,391
852,852,459,459,459,392,392
854,854,460,460,460,393,393
855,855,461,461,461,393,393
857,857,462,462,462,394,394
859,859,463,463,463,395,395
861,861,464,464,464,396,396
863,863,465,465,465,397,397
865,865,466,466,466,398,398
867,867,467,467,467,399,399
869,869,468,468,468,400,400
870,870,469,469,469,400,400
872,872,470,470,470,401,401
874,874,471,471,471,402,402
875,875,472,472,472,402,402
877,877,473,473,473,403,403
879,879,474,474,474,404,404
881,881,475,475,475,405,405
883,883,476,476,476,406,406
885,885,477,477,477,407,407
887,887,478,478,478,408,408
889,889,479,479,479,409,409
891,891,480,480,480,410,410
893,893,481,481,481,411,411
895,895,482,482,482,412,412
896,896,483,483,483,412,412
898,898,484,484,484,413,413
900,900,485,485,485,414,414
902,902,486,486,486,415,415
904,904,487,487,487,416,416
906,906,488,488,488,417,417
907,907,489,489,489,417,417
908,908,490,490,490,417,417
910,910,491,491,491,418,418
912,912,492,492,492,419,419
913,913,493,493,493,419,419
915,915,494,494,494,420,420
917,917,495,495,495,421,421
919,919,496,496,496,422,422
920,920,497,497,497,422,422
922,922,498,498,498,423,423
924,924,499,499,499,424,424
926,926,500,500,500,425,425
927,927,501,501,501,425,425
929,929,502,502,502,426,426
930,930,503,503,503,426,426
932,932,504,504,504,427,427
934,934,505,505,505,428,428
935,935,506,506,506,428,428
937,937,507,507,507,429,429
939,939,508,508,508,430,430
941,941,509,509,509,431,431
943,943,510,510,510,432,432
944,944,511,511,511,432,432
945,945,512,512,512,432,432
946,946,513,513,513,432,432
948,948,514,514,514,433,433
950,950,515,515,515,434,434
952,952,516,516,516,435,435
954,954,517,517,517,436,436
955,955,518,518,518,436,436
956,956,519,519,519,436,436
957,957,520,520,520,436,436
959,959,521,521,521,437,437
961,961,522,522,522,438,438
963,963,523,523,523,439,439
964,964,524,524,524,439,439
966,966,525,525,525,440,440
968,968,526,526,526,441,441
970,970,527,527,527,442,442
972,972,528,528,528,443,443
974,974,529,529,529,444,444
976,976,530,530,530,445,445
978,978,531,531,531,446,446
980,980,532,532,532,447,447
981,981,533,533,533,447,447
982,982,534,534,534,447,447
984,984,535,535,535,448,448
985,985,536,536,536,448,448
987,987,537,537,537,449,449
989,989,538,538,538,450,450
991,991,539,539,539,451,451
993,993,540,540,540,452,452
994,994,541,541,541,452,452
996,996,542,542,542,453,453
998,998,543,543,543,454,454
999,999,544,544,544,454,454
1001,1001,545,545,545,454,454
1003,1003,546,546,546,455,455
1004,1004,547,547,547,455,455
1005,1005,548,548,548,455,455
1007,1007,549,549,549,455,455
1009,1009,550,550,550,456,456
1011,1011,551,551,551,457,457
1013,1013,552,552,552,458,458
1015,1015,553,553,553,459,459
1017,1017,554,554,554,460,460
1019,1019,555,555,555,461,461
1020,1020,556,556,556,461,461
1022,1022,557,557,557,462,462
1023,1023,558,558,558,462,462
1024,1024,559,559,559,462,462
1025,1025,560,560,560,462,462
1027,1027,561,561,561,463,463
1028,1028,562,562,562,463,463
1029,1029,563,563,563,463,463
1031,1031,564,564,564,464,464
1033,1033,565,565,565,465,465
1035,1035,566,566,566,466,466
1036,1036,567,567,567,466,466
1038,1038,568,568,568,467,467
1040,1040,569,569,569,468,468
1041,1041,570,570,570,468,468
1042,1042,571,571,571,468,468
1044,1044,572,572,572,469,469
1046,1046,573,573,573,470,470
1048,1048,574,574,574,471,471
1050,1050,575,575,575,472,472
1052,1052,576,576,576,473,473
1054,1054,577,577,577,474,474
1056,1056,578,578,578,475,475
1058,1058,579,579,579,476,476
1060,1060,580,580,580,477,477
1062,1062,581,581,581,478,478
1064,1064,582,582,582,479,479
1066,1066,583,583,583,480,480
1067,1067,584,584,584,480,480
1069,1069,585,585,585,481,481
1071,1071,586,586,586,482,482
1073,1073,587,587,587,483,483
1075,1075,588,588,588,484,484
1077,1077,589,589,589,485,485
1079,1079,590,590,590,486,486
1080,1080,591,591,591,486,486
1082,1082,592,592,592,487,487
1084,1084,593,593,593,488,488
1085,1085,594,594,594,488,488
1086,1086,595,595,595,488,488
1087,1087,596,596,596,488,488
1089,1089,597,597,597,489,489
1091,1091,598,598,598,490,490
1093,1093,599,599,599,491,491
1095,1095,600,600,600,492,492
1096,1096,601,601,601,492,492
1098,1098,602,602,602,493,493
1100,1100,603,603,603,494,494
1102,1102,604,604,604,495,495
1104,1104,605,605,605,496,496
1106,1106,606,606,606,497,497
1107,1107,607,607,607,497,497
1109,1109,608,608,608,498,498
1111,1111,609,609,609,499,499
1113,1113,610,610,610,500,500
1114,1114,611,611,611,500,500
1115,1115,612,612,612,500,500
1117,1117,613,613,613,501,501
1119,1119,614,614,614,502,502
1121,1121,615,615,615,503,503
1123,1123,616,616,616,504,504
1125,1125,617,617,617,505,505
1127,1127,618,618,618,506,506
1129,1129,619,619,619,507,507
1130,1130,620,620,620,507,507
1132,1132,621,621,621,508,508
1134,1134,622,622,622,509,509
1135,1135,623,623,623,509,509
1137,1137,624,624,624,510,510
1138,1138,625,625,625,510,510
1140,1140,626,626,626,511,511
1142,1142,627,627,627,512,512
1144,1144,628,628,628,513,513
1145,1145,629,629,629,513,513
1147,1147,630,630,630,514,514
1148,1148,631,631,631,514,514
1150,1150,632,632,632,515,515
1152,1152,633,633,633,516,516
1154,1154,634,634,634,517,517
1155,1155,635,635,635,517,517
1156,1156,636,636,636,517,517
1158,1158,637,637,637,518,518
1160,1160,638,638,638,519,519
1162,1162,639,639,639,520,520
1164,1164,640,640,640,521,521
1166,1166,641,641,641,522,522
1168,1168,642,642,642,523,523
1170,1170,643,643,643,524,524
1172,1172,644,644,644,525,525
1173,1173,645,645,645,525,525
1175,1175,646,646,646,526,526
1177,1177,647,647,647,527,527
1178,1178,648,648,648,527,527
1180,1180,649,649,649,528,528
1181,1181,650,650,650,528,528
1183,1183,651,651,651,529,529
1184,1184,652,652,652,529,529
1186,1186,653,653,653,530,530
1188,1188,654,654,654,531,531
1190,1190,655,655,655,532,532
1191,1191,656,656,656,532,532
1193,1193,657,657,657,533,533
1195,1195,658,658,658,534,534
1196,1196,659,659,659,534,534
1197,1197,660,660,660,534,534
1199,1199,661,661,661,535,535
1201,1201,662,662,662,536,536
1203,1203,663,663,663,537,537
1203,1203,664,663,664,537,537
1204,1204,665,665,665,537,537
1205,1205,666,666,666,537,537
1206,1206,667,667,667,537,537
1208,1208,668,668,668,538,538
1210,1210,669,669,669,539,539
1211,1211,670,670,670,539,539
1212,1212,671,671,671,539,539
1214,1214,672,672,672,540,540
1215,1215,673,673,673,540,540
1217,1217,674,674,674,541,541
1219,1219,675,675,675,542,542
1221,1221,676,676,676,543,543
1222,1222,677,677,677,543,543
1223,1223,678,678,678,543,543
1225,1225,679,679,679,544,544
1227,1227,680,680,680,545,545
1229,1229,681,681,681,546,546
1231,1231,682,682,682,547,547
1233,1233,683,683,683,548,548
1235,1235,684,684,684,549,549
1237,1237,685,685,685,550,550
1239,1239,686,686,686,551,551
1240,1240,687,687,687,551,551
1242,1242,688,688,688,552,552
1244,1244,689,689,689,553,553
1245,1245,690,690,690,553,553
1247,1247,691,691,691,554,554
1248,1248,692,692,692,554,554
1250,1250,693,693,693,555,555
1251,1251,694,694,694,555,555
1253,1253,695,695,695,556,556
1254,1254,696,696,696,556,556
1255,1255,697,697,697,556,556
1256,1256,698,698,698,556,556
1257,1257,699,699,699,556,556
1259,1259,700,700,700,557,557
1261,1261,701,701,701,558,558
1263,1263,702,702,702,559,559
1265,1265,703,703,703,560,560
1267,1267,704,704,704,561,561
1268,1268,705,705,705,561,561
1269,1269,706,706,706,561,561
1270,1270,707,707,707,561,561
1272,1272,708,708,708,562,562
1274,1274,709,709,709,563,563
1276,1276,710,710,710,564,564
1278,1278,711,711,711,565,565
1279,1279,712,712,712,565,565
1281,1281,713,713,713,566,566
1283,1283,714,714,714,566,566
1285,1285,715,715,715,567,567
1287,1287,716,716,716,568,568
1288,1288,717,717,717,568,568
1289,1289,718,718,718,568,568
1290,1290,719,719,719,568,568
1292,1292,720,720,720,569,569
1294,1294,721,721,721,570,570
1296,1296,722,722,722,571,571
1295,1296,723,722,723,571,571
1296,1296,724,722,724,571,571
1298,1298,725,725,725,572,572
1300,1300,726,726,726,573,573
1302,1302,727,727,727,574,574
1304,1304,728,728,728,575,575
1306,1306,729,729,729,576,576
1308,1308,730,730,730,577,577
1310,1310,731,731,731,578,578
1312,1312,732,732,732,579,579
1313,1313,733,733,733,579,579
1315,1315,734,734,734,580,580
1317,1317,735,735,735,581,581
1319,1319,736,736,736,582,582
1319,1319,737,736,737,582,582
1321,1321,738,738,738,583,583
1322,1322,739,739,739,583,583
1324,1324,740,740,740,584,584
1326,1326,741,741,741,585,585
1327,1327,742,742,742,585,585
1329,1329,743,743,743,586,586
1331,1331,744,744,744,587,587
1332,1332,745,745,745,587,587
1333,1333,746,746,746,587,587
1334,1334,747,747,747,587,587
1336,1336,748,748,748,588,588
1338,1338,749,749,749,589,589
1340,1340,750,750,750,590,590
1342,1342,751,751,751,591,591
1344,1344,752,752,752,592,592
1346,1346,753,753,753,593,593
1348,1348,754,754,754,594,594
1350,1350,755,755,755,595,595
1352,1352,756,756,756,596,596
1354,1354,757,757,757,597,597
1356,1356,758,758,758,598,598
1358,1358,759,759,759,599,599
1359,1359,760,760,760,599,599
1361,1361,761,761,761,600,600
1362,1362,762,762,762,600,600
1363,1363,763,763,763,600,600
1364,1364,764,764,764,600,600
1365,1365,765,765,765,600,600
1367,1367,766,766,766,601,601
1369,1369,767,767,767,602,602
1370,1370,768,768,768,602,602
1372,1372,769,769,769,603,603
1373,1373,770,770,770,603,603
1374,1374,771,771,771,603,603
1375,1375,772,772,772,603,603
1376,1376,773,773,773,603,603
1377,1377,774,774,774,603,603
1379,1379,775,775,775,604,604
1381,1381,776,776,776,605,605
1383,1383,777,777,777,606,606
1384,1384,778,778,778,606,606
1385,1385,779,779,779,606,606
1387,1387,780,780,780,607,607
1389,1389,781,781,781,608,608
1390,1390,782,782,782,608,608
1392,1392,783,783,783,609,609
1394,1394,784,784,784,610,610
1396,1396,785,785,785,611,611
1397,1397,786,786,786,611,611
1398,1398,787,787,787,611,611
1399,1399,788,788,788,611,611
1401,1401,789,789,789,612,612
1402,1402,790,790,790,612,612
1404,1404,791,791,791,613,613
1405,1405,792,792,792,613,613
1407,1407,793,793,793,614,614
1409,1409,794,794,794,615,615
1410,1410,795,795,795,615,615
1412,1412,796,796,796,616,616
1414,1414,797,797,797,617,617
1415,1415,798,798,798,617,617
1417,1417,799,799,799,618,618
1418,1418,800,800,800,618,618
1420,1420,801,801,801,619,619
1422,1422,802,802,802,620,620
1423,1423,803,803,803,620,620
1424,1424,804,804,804,620,620
1426,1426,805,805,805,621,621
1428,1428,806,806,806,622,622
1430,1430,807,807,807,623,623
1432,1432,808,808,808,624,624
1434,1434,809,809,809,625,625
1436,1436,810,810,810,626,626
1437,1437,811,811,811,626,626
1439,1439,812,812,812,627,627
1441,1441,813,813,813,628,628
1443,1443,814,814,814,629,629
1445,1445,815,815,815,630,630
1447,1447,816,816,816,631,631
1448,1448,817,817,817,631,631
1450,1450,818,818,818,632,632
1451,1451,819,819,819,632,632
1451,1451,820,819,820,632,632
1452,1452,821,821,821,632,632
1454,1454,822,822,822,633,633
1455,1455,823,823,823,633,633
1457,1457,824,824,824,634,634
1459,1459,825,825,825,635,635
1460,1460,826,826,826,635,635
1461,1461,827,827,827,635,635
1463,1463,828,828,828,636,636
1464,1464,829,829,829,636,636
1466,1466,830,830,830,637,637
1468,1468,831,831,831,638,638
1470,1470,832,832,832,639,639
1471,1471,833,833,833,639,639
1473,1473,834,834,834,640,640
1475,1475,835,835,835,641,641
1477,1477,836,836,836,642,642
1478,1478,837,837,837,642,642
1479,1479,838,838,838,642,642
1480,1480,839,839,839,642,642
1481,1481,840,840,840,642,642
1482,1482,841,841,841,642,642
1484,1484,842,842,842,643,643
1486,1486,843,843,843,644,644
1487,1487,844,844,844,644,644
1489,1489,845,845,845,645,645
1491,1491,846,846,846,646,646
1492,1492,847,847,847,646,646
1494,1494,848,848,848,647,647
1496,1496,849,849,849,648,648
1498,1498,850,850,850,649,649
1499,1499,851,851,851,649,649
1501,1501,852,852,852,650,650
1503,1503,853,853,853,651,651
1505,1505,854,854,854,652,652
1506,1506,855,855,855,652,652
1508,1508,856,856,856,653,653
1510,1510,857,857,857,654,654
1512,1512,858,858,858,655,655
1514,1514,859,859,859,656,656
1516,1516,860,860,860,657,657
1518,1518,861,861,861,658,658
1520,1520,862,862,862,659,659
1522,1522,863,863,863,660,660
1523,1523,864,864,864,660,660
1525,1525,865,865,865,661,661
1526,1526,866,866,866,661,661
1527,1527,867,867,867,661,661
1528,1528,868,868,868,661,661
1530,1530,869,869,869,662,662
1532,1532,870,870,870,663,663
1533,1533,871,871,871,663,663
1535,1535,872,872,872,664,664
1537,1537,873,873,873,665,665
1538,1538,874,874,874,665,665
1540,1540,875,875,875,666,666
1542,1542,876,876,876,667,667
1543,1543,877,877,877,667,667
1544,1544,878,878,878,667,667
1545,1545,879,879,879,667,667
1547,1547,880,880,880,668,668
1549,1549,881,881,881,669,669
1551,1551,882,882,882,670,670
1552,1552,883,883,883,670,670
1553,1553,884,884,884,670,670
1555,1555,885,885,885,671,671
1557,1557,886,886,886,672,672
1558,1558,887,887,887,672,672
1560,1560,888,888,888,673,673
1562,1562,889,889,889,674,674
1563,1563,890,890,890,674,674
1564,1564,891,891,891,674,674
1566,1566,892,892,892,675,675
1567,1567,893,893,893,675,675
1569,1569,894,894,894,676,676
1571,1571,895,895,895,677,677
1573,1573,896,896,896,678,678
1574,1574,897,897,897,678,678
1576,1576,898,898,898,679,679
1577,1577,899,899,899,679,679
1579,1579,900,900,900,680,680
1581,1581,901,901,901,681,681
1582,1582,902,902,902,681,681
1583,1583,903,903,903,681,681
1584,1584,904,904,904,681,681
1586,1586,905,905,905,682,682
1588,1588,906,906,906,683,683
1590,1590,907,907,907,684,684
1591,1591,908,908,908,684,684
1592,1592,909,909,909,684,684
1594,1594,910,910,910,685,685
1595,1595,911,911,911,685,685
1596,1596,912,912,912,685,685
1597,1597,913,913,913,685,685
1599,1599,914,914,914,686,686
1600,1600,915,915,915,686,686
1602,1602,916,916,916,687,687
1604,1604,917,917,917,688,688
1606,1606,918,918,918,689,689
1607,1607,919,919,919,689,689
1609,1609,920,920,920,690,690
1610,1610,921,921,921,690,690
1612,1612,922,922,922,691,691
1614,1614,923,923,923,692,692
1616,1616,924,924,924,693,693
1618,1618,925,925,925,694,694
1619,1619,926,926,926,694,694
1621,1621,927,927,927,695,695
1623,1623,928,928,928,696,696
1624,1624,929,929,929,696,696
1626,1626,930,930,930,697,697
1628,1628,931,931,931,698,698
1629,1629,932,932,932,698,698
1631,1631,933,933,933,699,699
1632,1632,934,934,934,699,699
1634,1634,935,935,935,700,700
1636,1636,936,936,936,701,701
1638,1638,937,937,937,702,702
1640,1640,938,938,938,703,703
1642,1642,939,939,939,704,704
1643,1643,940,940,940,704,704
1645,1645,941,941,941,705,705
1647,1647,942,942,942,706,706
1649,1649,943,943,943,707,707
1651,1651,944,944,944,708,708
1652,1652,945,945,945,708,708
1654,1654,946,946,946,709,709
1655,1655,947,947,947,709,709
1657,1657,948,948,948,710,710
1658,1658,949,949,949,710,710
1659,1659,950,950,950,710,710
1660,1660,951,951,951,710,710
1661,1661,952,952,952,710,710
1663,1663,953,953,953,711,711
1664,1664,954,954,954,711,711
1666,1666,955,955,955,712,712
1668,1668,956,956,956,713,713
1669,1669,957,957,957,713,713
1670,1670,958,958,958,713,713
1671,1671,959,959,959,713,713
1673,1673,960,960,960,714,714
1675,1675,961,961,961,715,715
1677,1677,962,962,962,716,716
1678,1678,963,963,963,716,716
1679,1679,964,964,964,716,716
1681,1681,965,965,965,717,717
1682,1682,966,966,966,717,717
1684,1684,967,967,967,718,718
1685,1685,968,968,968,718,718
1686,1686,969,969,969,718,718
1688,1688,970,970,970,719,719
1690,1690,971,971,971,720,720
1691,1691,972,972,972,720,720
1693,1693,973,973,973,721,721
1694,1694,974,974,974,721,721
1695,1695,975,975,975,721,721
1697,1697,976,976,976,722,722
1698,1698,977,977,977,722,722
1699,1699,978,978,978,722,722
1701,1701,979,979,979,723,723
1703,1703,980,980,980,724,724
1705,1705,981,981,981,725,725
1706,1706,982,982,982,725,725
1707,1707,983,983,983,725,725
1708,1708,984,984,984,725,725
1709,1709,985,985,985,725,725
1711,1711,986,986,986,726,726
1713,1713,987,987,987,727,727
1715,1715,988,988,988,728,728
1717,1717,989,989,989,729,729
1719,1719,990,990,990,730,730
1721,1721,991,991,991,731,731
1723,1723,992,992,992,732,732
1724,1724,993,993,993,732,732
1725,1725,994,994,994,732,732
1727,1727,995,995,995,733,733
1729,1729,996,996,996,734,734
1730,1730,997,997,997,734,734
1731,1731,998,998,998,734,734
1733,1733,999,999,999,735,735
1734,1734,1000,1000,1000,735,735
1735,1735,1001,1001,1001,735,735
1736,1736,1002,1002,1002,735,735
1737,1737,1003,1003,1003,735,735
1738,1738,1004,1004,1004,735,735
1740,1740,1005,1005,1005,736,736
1741,1741,1006,1006,1006,736,736
1743,1743,1007,1007,1007,737,737
1745,1745,1008,1008,1008,738,738
1747,1747,1009,1009,1009,739,739
1749,1749,1010,1010,1010,740,740
1751,1751,1011,1011,1011,741,741
1753,1753,1012,1012,1012,741,741
1754,1754,1013,1013,1013,741,741
1755,1755,1014,1014,1014,741,741
1757,1757,1015,1015,1015,742,742
1758,1758,1016,1016,1016,742,742
1760,1760,1017,1017,1017,743,743
1761,1761,1018,1018,1018,743,743
1763,1763,1019,1019,1019,744,744
1764,1764,1020,1020,1020,744,744
1766,1766,1021,1021,1021,745,745
1767,1767,1022,1022,1022,745,745
1769,1769,1023,1023,1023,746,746
1770,1770,1024,1024,1024,746,746
1770,1770,1025,1024,1025,746,746
1772,1772,1026,1026,1026,747,747
1774,1774,1027,1027,1027,748,748
1776,1776,1028,1028,1028,749,749
1777,1777,1029,1029,1029,749,749
1778,1778,1030,1030,1030,749,749
1779,1779,1031,1031,1031,749,749
1781,1781,1032,1032,1032,750,750
1780,1781,1033,1032,1033,750,750
1782,1782,1034,1034,1034,751,751
1783,1783,1035,1035,1035,751,751
1784,1784,1036,1036,1036,751,751
1785,1785,1037,1037,1037,751,751
1787,1787,1038,1038,1038,752,752
1789,1789,1039,1039,1039,753,753
1791,1791,1040,1040,1040,754,754
1792,1792,1041,1041,1041,754,754
1793,1793,1042,1042,1042,754,754
1794,1794,1043,1043,1043,754,754
1795,1795,1044,1044,1044,754,754
1797,1797,1045,1045,1045,755,755
1798,1798,1046,1046,1046,755,755
1799,1799,1047,1047,1047,755,755
1800,1800,1048,1048,1048,755,755
1801,1801,1049,1049,1049,755,755
1803,1803,1050,1050,1050,756,756
1805,1805,1051,1051,1051,757,757
1807,1807,1052,1052,1052,758,758
1808,1808,1053,1053,1053,758,758
1809,1809,1054,1054,1054,758,758
1811,1811,1055,1055,1055,759,759
1812,1812,1056,1056,1056,759,759
1814,1814,1057,1057,1057,760,760
1816,1816,1058,1058,1058,760,760
1817,1817,1059,1059,1059,760,760
1819,1819,1060,1060,1060,761,761
1820,1820,1061,1061,1061,761,761
1822,1822,1062,1062,1062,762,762
1824,1824,1063,1063,1063,763,763
1826,1826,1064,1064,1064,764,764
1827,1827,1065,1065,1065,764,764
1828,1828,1066,1066,1066,764,764
1830,1830,1067,1067,1067,765,765
1831,1831,1068,1068,1068,765,765
1833,1833,1069,1069,1069,766,766
1835,1835,1070,1070,1070,767,767
1837,1837,1071,1071,1071,768,768
1838,1838,1072,1072,1072,768,768
1839,1839,1073,1073,1073,768,768
1841,1841,1074,1074,1074,769,769
1842,1842,1075,1075,1075,769,769
1844,1844,1076,1076,1076,770,770
1845,1845,1077,1077,1077,770,770
1846,1846,1078,1078,1078,770,770
1847,1847,1079,1079,1079,770,770
1848,1848,1080,1080,1080,770,770
1850,1850,1081,1081,1081,771,771
1852,1852,1082,1082,1082,772,772
1854,1854,1083,1083,1083,773,773
1856,1856,1084,1084,1084,774,774
1857,1857,1085,1085,1085,774,774
1858,1858,1086,1086,1086,774,774
1860,1860,1087,1087,1087,775,775
1862,1862,1088,1088,1088,776,776
1862,1862,1089,1088,1089,776,776
1864,1864,1090,1090,1090,777,777
1866,1866,1091,1091,1091,778,778
1867,1867,1092,1092,1092,778,778
1869,1869,1093,1093,1093,779,779
1870,1870,1094,1094,1094,779,779
1872,1872,1095,1095,1095,780,780
1874,1874,1096,1096,1096,781,781
1876,1876,1097,1097,1097,782,782
1878,1878,1098,1098,1098,783,783
1880,1880,1099,1099,1099,784,784
1882,1882,1100,1100,1100,785,785
1884,1884,1101,1101,1101,786,786
1885,1885,1102,1102,1102,786,786
1886,1886,1103,1103,1103,786,786
1888,1888,1104,1104,1104,787,787
1890,1890,1105,1105,1105,788,788
1891,1891,1106,1106,1106,788,788
1893,1893,1107,1107,1107,789,789
1895,1895,1108,1108,1108,790,790
1896,1896,1109,1109,1109,790,790
1897,1897,1110,1110,1110,790,790
1898,1898,1111,1111,1111,790,790
1900,1900,1112,1112,1112,791,791
1902,1902,1113,1113,1113,792,792
1903,1903,1114,1114,1114,792,792
1905,1905,1115,1115,1115,793,793
1906,1906,1116,1116,1116,793,793
1907,1907,1117,1117,1117,793,793
1909,1909,1118,1118,1118,794,794
1910,1910,1119,1119,1119,794,794
1911,1911,1120,1120,1120,794,794
1912,1912,1121,1121,1121,794,794
1914,1914,1122,1122,1122,795,795
1915,1915,1123,1123,1123,795,795
1916,1916,1124,1124,1124,795,795
1918,1918,1125,1125,1125,796,796
1920,1920,1126,1126,1126,797,797
1922,1922,1127,1127,1127,798,798
1923,1923,1128,1128,1128,798,798
1925,1925,1129,1129,1129,799,799
1927,1927,1130,1130,1130,800,800
1929,1929,1131,1131,1131,801,801
1931,1931,1132,1132,1132,802,802
1933,1933,1133,1133,1133,803,803
1934,1934,1134,1134,1134,803,803
1936,1936,1135,1135,1135,804,804
1936,1936,1136,1135,1136,804,804
1936,1936,1137,1135,1137,804,804
1938,1938,1138,1138,1138,804,804
1940,1940,1139,1139,1139,805,805
1941,1941,1140,1140,1140,805,805
1943,1943,1141,1141,1141,806,806
1944,1944,1142,1142,1142,806,806
1946,1946,1143,1143,1143,807,807
1947,1947,1144,1144,1144,807,807
1948,1948,1145,1145,1145,807,807
1950,1950,1146,1146,1146,808,808
1949,1950,1147,1146,1147,808,808
1951,1951,1148,1148,1148,809,809
1952,1952,1149,1149,1149,809,809
1954,1954,1150,1150,1150,810,810
1956,1956,1151,1151,1151,811,811
1957,1957,1152,1152,1152,811,811
1959,1959,1153,1153,1153,812,812
1960,1960,1154,1154,1154,812,812
1962,1962,1155,1155,1155,813,813
1963,1963,1156,1156,1156,813,813
1964,1964,1157,1157,1157,813,813
1965,1965,1158,1158,1158,813,813
1967,1967,1159,1159,1159,814,814
1968,1968,1160,1160,1160,814,814
1969,1969,1161,1161,1161,814,814
1971,1971,1162,1162,1162,815,815
1973,1973,1163,1163,1163,816,816
1974,1974,1164,1164,1164,816,816
1975,1975,1165,1165,1165,816,816
1976,1976,1166,1166,1166,816,816
1977,1977,1167,1167,1167,816,816
1978,1978,1168,1168,1168,816,816
1980,1980,1169,1169,1169,817,817
1981,1981,1170,1170,1170,817,817
1983,1983,1171,1171,1171,818,818
1985,1985,1172,1172,1172,819,819
1987,1987,1173,1173,1173,820,820
1989,1989,1174,1174,1174,821,821
1991,1991,1175,1175,1175,822,822
1993,1993,1176,1176,1176,823,823
1995,1995,1177,1177,1177,824,824
1997,1997,1178,1178,1178,825,825
1999,1999,1179,1179,1179,826,826
2001,2001,1180,1180,1180,827,827
2002,2002,1181,1181,1181,827,827
2003,2003,1182,1182,1182,827,827
2005,2005,1183,1183,1183,828,828
2006,2006,1184,1184,1184,828,828
2008,2008,1185,1185,1185,829,829
2010,2010,1186,1186,1186,830,830
2011,2011,1187,1187,1187,830,830
2012,2012,1188,1188,1188,830,830
2013,2013,1189,1189,1189,830,830
2014,2014,1190,1190,1190,830,830
2015,2015,1191,1191,1191,830,830
2017,2017,1192,1192,1192,831,831
2018,2018,1193,1193,1193,831,831
2020,2020,1194,1194,1194,832,832
2021,2021,1195,1195,1195,832,832
2023,2023,1196,1196,1196,833,833
2025,2025,1197,1197,1197,834,834
2026,2026,1198,1198,1198,834,834
2027,2027,1199,1199,1199,834,834
2028,2028,1200,1200,1200,834,834
2029,2029,1201,1201,1201,834,834
2031,2031,1202,1202,1202,835,835
2032,2032,1203,1203,1203,835,835
2033,2033,1204,1204,1204,835,835
2035,2035,1205,1205,1205,836,836
2036,2036,1206,1206,1206,836,836
2038,2038,1207,1207,1207,837,837
2039,2039,1208,1208,1208,837,837
2041,2041,1209,1209,1209,838,838
2042,2042,1210,1210,1210,838,838
2043,2043,1211,1211,1211,838,838
2044,2044,1212,1212,1212,838,838
2045,2045,1213,1213,1213,838,838
2047,2047,1214,1214,1214,839,839
2048,2048,1215,1215,1215,839,839
2049,2049,1216,1216,1216,839,839
2050,2050,1217,1217,1217,839,839
2052,2052,1218,1218,1218,840,840
2054,2054,1219,1219,1219,841,841
2055,2055,1220,1220,1220,841,841
2057,2057,1221,1221,1221,842,842
2058,2058,1222,1222,1222,842,842
2059,2059,1223,1223,1223,842,842
2060,2060,1224,1224,1224,842,842
2061,2061,1225,1225,1225,842,842
2062,2062,1226,1226,1226,842,842
2064,2064,1227,1227,1227,843,843
2066,2066,1228,1228,1228,844,844
2067,2067,1229,1229,1229,844,844
2068,2068,1230,1230,1230,844,844
2069,2069,1231,1231,1231,844,844
2070,2070,1232,1232,1232,844,844
2071,2071,1233,1233,1233,844,844
2073,2073,1234,1234,1234,845,845
2074,2074,1235,1235,1235,845,845
2076,2076,1236,1236,1236,846,846
2078,2078,1237,1237,1237,847,847
2079,2079,1238,1238,1238,847,847
2081,2081,1239,1239,1239,848,848
2082,2082,1240,1240,1240,848,848
2083,2083,1241,1241,1241,848,848
2085,2085,1242,1242,1242,849,849
2087,2087,1243,1243,1243,850,850
2088,2088,1244,1244,1244,850,850
2090,2090,1245,1245,1245,851,851
2091,2091,1246,1246,1246,851,851
2093,2093,1247,1247,1247,852,852
2095,2095,1248,1248,1248,853,853
2097,2097,1249,1249,1249,854,854
2098,2098,1250,1250,1250,854,854
2100,2100,1251,1251,1251,855,855
2102,2102,1252,1252,1252,856,856
2104,2104,1253,1253,1253,857,857
2105,2105,1254,1254,1254,857,857
2106,2106,1255,1255,1255,857,857
2107,2107,1256,1256,1256,857,857
2108,2108,1257,1257,1257,857,857
2110,2110,1258,1258,1258,858,858
2112,2112,1259,1259,1259,859,859
2113,2113,1260,1260,1260,859,859
2115,2115,1261,1261,1261,860,860
2116,2116,1262,1262,1262,860,860
2118,2118,1263,1263,1263,861,861
2119,2119,1264,1264,1264,861,861
2121,2121,1265,1265,1265,862,862
2123,2123,1266,1266,1266,863,863
2124,2124,1267,1267,1267,863,863
2126,2126,1268,1268,1268,864,864
2127,2127,1269,1269,1269,864,864
2129,2129,1270,1270,1270,865,865
2130,2130,1271,1271,1271,865,865
2131,2131,1272,1272,1272,865,865
2133,2133,1273,1273,1273,866,866
2135,2135,1274,1274,1274,867,867
2137,2137,1275,1275,1275,868,868
2139,2139,1276,1276,1276,869,869
2140,2140,1277,1277,1277,869,869
2141,2141,1278,1278,1278,869,869
2142,2142,1279,1279,1279,869,869
2144,2144,1280,1280,1280,870,870
2145,2145,1281,1281,1281,870,870
2147,2147,1282,1282,1282,871,871
2148,2148,1283,1283,1283,871,871
2150,2150,1284,1284,1284,872,872
2152,2152,1285,1285,1285,873,873
2154,2154,1286,1286,1286,874,874
2155,2155,1287,1287,1287,874,874
2156,2156,1288,1288,1288,874,874
2158,2158,1289,1289,1289,875,875
2159,2159,1290,1290,1290,875,875
2160,2160,1291,1291,1291,875,875
2161,2161,1292,1292,1292,875,875
2163,2163,1293,1293,1293,876,876
2164,2164,1294,1294,1294,876,876
2166,2166,1295,1295,1295,877,877
2168,2168,1296,1296,1296,878,878
2169,2169,1297,1297,1297,878,878
2170,2170,1298,1298,1298,878,878
2171,2171,1299,1299,1299,878,878
2173,2173,1300,1300,1300,879,879
2174,2174,1301,1301,1301,879,879
2176,2176,1302,1302,1302,880,880
2177,2177,1303,1303,1303,880,880
2178,2178,1304,1304,1304,880,880
2179,2179,1305,1305,1305,880,880
2180,2180,1306,1306,1306,880,880
2181,2181,1307,1307,1307,880,880
2183,2183,1308,1308,1308,881,881
2185,2185,1309,1309,1309,882,882
2186,2186,1310,1310,1310,882,882
2187,2187,1311,1311,1311,882,882
2189,2189,1312,1312,1312,883,883
2189,2189,1313,1312,1313,883,883
2190,2190,1314,1314,1314,883,883
2191,2191,1315,1315,1315,883,883
2193,2193,1316,1316,1316,884,884
2195,2195,1317,1317,1317,885,885
2196,2196,1318,1318,1318,885,885
2198,2198,1319,1319,1319,886,886
2199,2199,1320,1320,1320,886,886
2201,2201,1321,1321,1321,887,887
2202,2202,1322,1322,1322,887,887
2203,2203,1323,1323,1323,887,887
2204,2204,1324,1324,1324,887,887
2205,2205,1325,1325,1325,887,887
2207,2207,1326,1326,1326,888,888
2207,2207,1327,1326,1327,888,888
2208,2208,1328,1328,1328,888,888
2209,2209,1329,1329,1329,888,888
2211,2211,1330,1330,1330,889,889
2213,2213,1331,1331,1331,890,890
2215,2215,1332,1332,1332,891,891
2216,2216,1333,1333,1333,891,891
2217,2217,1334,1334,1334,891,891
2218,2218,1335,1335,1335,891,891
2220,2220,1336,1336,1336,892,892
2222,2222,1337,1337,1337,893,893
2224,2224,1338,1338,1338,894,894
2225,2225,1339,1339,1339,894,894
2226,2226,1340,1340,1340,894,894
2228,2228,1341,1341,1341,895,895
2230,2230,1342,1342,1342,896,896
2232,2232,1343,1343,1343,897,897
2233,2233,1344,1344,1344,897,897
2234,2234,1345,1345,1345,897,897
2235,2235,1346,1346,1346,897,897
2236,2236,1347,1347,1347,897,897
2238,2238,1348,1348,1348,898,898
2240,2240,1349,1349,1349,899,899
2241,2241,1350,1350,1350,899,899
2242,2242,1351,1351,1351,899,899
2244,2244,1352,1352,1352,900,900
2246,2246,1353,1353,1353,901,901
2247,2247,1354,1354,1354,901,901
2249,2249,1355,1355,1355,902,902
2250,2250,1356,1356,1356,902,902
2252,2252,1357,1357,1357,903,903
2254,2254,1358,1358,1358,904,904
2255,2255,1359,1359,1359,904,904
2256,2256,1360,1360,1360,904,904
2257,2257,1361,1361,1361,904,904
2258,2258,1362,1362,1362,904,904
2260,2260,1363,1363,1363,905,905
2261,2261,1364,1364,1364,905,905
2262,2262,1365,1365,1365,905,905
2263,2263,1366,1366,1366,905,905
2261,2263,1367,1366,1367,905,905
2263,2263,1368,1366,1368,906,906
2264,2264,1369,1369,1369,906,906
2266,2266,1370,1370,1370,907,907
2268,2268,1371,1371,1371,908,908
2269,2269,1372,1372,1372,908,908
2270,2270,1373,1373,1373,908,908
2271,2271,1374,1374,1374,908,908
2272,2272,1375,1375,1375,908,908
2274,2274,1376,1376,1376,909,909
2275,2275,1377,1377,1377,909,909
2277,2277,1378,1378,1378,910,910
2279,2279,1379,1379,1379,911,911
2281,2281,1380,1380,1380,912,912
2282,2282,1381,1381,1381,912,912
2284,2284,1382,1382,1382,913,913
2285,2285,1383,1383,1383,913,913
2286,2286,1384,1384,1384,913,913
2288,2288,1385,1385,1385,914,914
2289,2289,1386,1386,1386,914,914
2290,2290,1387,1387,1387,914,914
2291,2291,1388,1388,1388,914,914
2293,2293,1389,1389,1389,915,915
2295,2295,1390,1390,1390,916,916
2297,2297,1391,1391,1391,917,917
2299,2299,1392,1392,1392,918,918
2301,2301,1393,1393,1393,919,919
2302,2302,1394,1394,1394,919,919
2304,2304,1395,1395,1395,920,920
2305,2305,1396,1396,1396,920,920
2306,2306,1397,1397,1397,920,920
2307,2307,1398,1398,1398,920,920
2308,2308,1399,1399,1399,920,920
2310,2310,1400,1400,1400,921,921
2312,2312,1401,1401,1401,922,922
2313,2313,1402,1402,1402,922,922
2315,2315,1403,1403,1403,923,923
2317,2317,1404,1404,1404,924,924
2318,2318,1405,1405,1405,924,924
2319,2319,1406,1406,1406,924,924
2320,2320,1407,1407,1407,924,924
2321,2321,1408,1408,1408,924,924
2322,2322,1409,1409,1409,924,924
2324,2324,1410,1410,1410,925,925
2325,2325,1411,1411,1411,925,925
2327,2327,1412,1412,1412,926,926
2328,2328,1413,1413,1413,926,926
2330,2330,1414,1414,1414,927,927
2332,2332,1415,1415,1415,928,928
2334,2334,1416,1416,1416,929,929
2335,2335,1417,1417,1417,929,929
2336,2336,1418,1418,1418,929,929
2337,2337,1419,1419,1419,929,929
2338,2338,1420,1420,1420,929,929
2340,2340,1421,1421,1421,930,930
2342,2342,1422,1422,1422,931,931
2343,2343,1423,1423,1423,931,931
2345,2345,1424,1424,1424,932,932
2346,2346,1425,1425,1425,932,932
2347,2347,1426,1426,1426,932,932
2349,2349,1427,1427,1427,933,933
2350,2350,1428,1428,1428,933,933
2351,2351,1429,1429,1429,933,933
2353,2353,1430,1430,1430,934,934
2354,2354,1431,1431,1431,934,934
2356,2356,1432,1432,1432,935,935
2357,2357,1433,1433,1433,935,935
2358,2358,1434,1434,1434,935,935
2360,2360,1435,1435,1435,936,936
2361,2361,1436,1436,1436,936,936
2362,2362,1437,1437,1437,936,936
2364,2364,1438,1438,1438,937,937
2366,2366,1439,1439,1439,938,938
2366,2366,1440,1439,1440,938,938
2368,2368,1441,1441,1441,939,939
2369,2369,1442,1442,1442,939,939
2370,2370,1443,1443,1443,939,939
2372,2372,1444,1444,1444,940,940
2374,2374,1445,1445,1445,941,941
2375,2375,1446,1446,1446,941,941
2377,2377,1447,1447,1447,942,942
2379,2379,1448,1448,1448,943,943
2380,2380,1449,1449,1449,943,943
2381,2381,1450,1450,1450,943,943
2383,2383,1451,1451,1451,944,944
2384,2384,1452,1452,1452,944,944
2386,2386,1453,1453,1453,945,945
2388,2388,1454,1454,1454,946,946
2390,2390,1455,1455,1455,947,947
2391,2391,1456,1456,1456,947,947
2393,2393,1457,1457,1457,948,948
2395,2395,1458,1458,1458,949,949
2396,2396,1459,1459,1459,949,949
2398,2398,1460,1460,1460,950,950
2399,2399,1461,1461,1461,950,950
2400,2400,1462,1462,1462,950,950
2401,2401,1463,1463,1463,950,950
2403,2403,1464,1464,1464,951,951
2404,2404,1465,1465,1465,951,951
2406,2406,1466,1466,1466,952,952
2408,2408,1467,1467,1467,953,953
2410,2410,1468,1468,1468,954,954
2412,2412,1469,1469,1469,955,955
2414,2414,1470,1470,1470,956,956
2414,2414,1471,1470,1471,956,956
2416,2416,1472,1472,1472,957,957
2417,2417,1473,1473,1473,957,957
2418,2418,1474,1474,1474,957,957
2419,2419,1475,1475,1475,957,957
2421,2421,1476,1476,1476,958,958
2423,2423,1477,1477,1477,959,959
2424,2424,1478,1478,1478,959,959
2426,2426,1479,1479,1479,960,960
2428,2428,1480,1480,1480,961,961
2429,2429,1481,1481,1481,961,961
2430,2430,1482,1482,1482,961,961
2431,2431,1483,1483,1483,961,961
2432,2432,1484,1484,1484,961,961
2434,2434,1485,1485,1485,962,962
2435,2435,1486,1486,1486,962,962
2437,2437,1487,1487,1487,963,963
2438,2438,1488,1488,1488,963,963
2439,2439,1489,1489,1489,963,963
2440,2440,1490,1490,1490,963,963
2441,2441,1491,1491,1491,963,963
2442,2442,1492,1492,1492,963,963
2444,2444,1493,1493,1493,964,964
2446,2446,1494,1494,1494,965,965
2448,2448,1495,1495,1495,966,966
2449,2449,1496,1496,1496,966,966
2451,2451,1497,1497,1497,967,967
2453,2453,1498,1498,1498,968,968
2455,2455,1499,1499,1499,969,969
2456,2456,1500,1500,1500,969,969
2457,2457,1501,1501,1501,969,969
2459,2459,1502,1502,1502,970,970
2460,2460,1503,1503,1503,970,970
2461,2461,1504,1504,1504,970,970
2462,2462,1505,1505,1505,970,970
2460,2462,1506,1505,1506,970,970
2461,2462,1507,1505,1507,970,970
2462,2462,1508,1505,1508,970,970
2463,2463,1509,1509,1509,970,970
2464,2464,1510,1510,1510,970,970
2465,2465,1511,1511,1511,970,970
2466,2466,1512,1512,1512,970,970
2468,2468,1513,1513,1513,971,971
2469,2469,1514,1514,1514,971,971
2470,2470,1515,1515,1515,971,971
2472,2472,1516,1516,1516,972,972
2473,2473,1517,1517,1517,972,972
2474,2474,1518,1518,1518,972,972
2475,2475,1519,1519,1519,972,972
2476,2476,1520,1520,1520,972,972
2477,2477,1521,1521,1521,972,972
2478,2478,1522,1522,1522,972,972
2480,2480,1523,1523,1523,973,973
2481,2481,1524,1524,1524,973,973
2482,2482,1525,1525,1525,973,973
2483,2483,1526,1526,1526,973,973
2485,2485,1527,1527,1527,974,974
2486,2486,1528,1528,1528,974,974
2487,2487,1529,1529,1529,974,974
2488,2488,1530,1530,1530,974,974
2490,2490,1531,1531,1531,975,975
2491,2491,1532,1532,1532,975,975
2493,2493,1533,1533,1533,976,976
2495,2495,1534,1534,1534,977,977
2497,2497,1535,1535,1535,978,978
2498,2498,1536,1536,1536,978,978
2499,2499,1537,1537,1537,978,978
2500,2500,1538,1538,1538,978,978
2501,2501,1539,1539,1539,978,978
2502,2502,1540,1540,1540,978,978
2503,2503,1541,1541,1541,978,978
2504,2504,1542,1542,1542,978,978
2505,2505,1543,1543,1543,978,978
2506,2506,1544,1544,1544,978,978
2507,2507,1545,1545,1545,978,978
2508,2508,1546,1546,1546,978,978
2510,2510,1547,1547,1547,979,979
2511,2511,1548,1548,1548,979,979
2512,2512,1549,1549,1549,979,979
2513,2513,1550,1550,1550,979,979
2514,2514,1551,1551,1551,979,979
2515,2515,1552,1552,1552,979,979
2517,2517,1553,1553,1553,980,980
2519,2519,1554,1554,1554,981,981
2521,2521,1555,1555,1555,982,982
2522,2522,1556,1556,1556,982,982
2524,2524,1557,1557,1557,983,983
2525,2525,1558,1558,1558,983,983
2526,2526,1559,1559,1559,983,983
2527,2527,1560,1560,1560,983,983
2528,2528,1561,1561,1561,983,983
2530,2530,1562,1562,1562,984,984
2532,2532,1563,1563,1563,985,985
2533,2533,1564,1564,1564,985,985
2535,2535,1565,1565,1565,986,986
2537,2537,1566,1566,1566,987,987
2538,2538,1567,1567,1567,987,987
2539,2539,1568,1568,1568,987,987
2541,2541,1569,1569,1569,988,988
2543,2543,1570,1570,1570,989,989
2545,2545,1571,1571,1571,990,990
2547,2547,1572,1572,1572,991,991
2548,2548,1573,1573,1573,991,991
2549,2549,1574,1574,1574,991,991
2551,2551,1575,1575,1575,992,992
2552,2552,1576,1576,1576,992,992
2554,2554,1577,1577,1577,993,993
2555,2555,1578,1578,1578,993,993
2557,2557,1579,1579,1579,994,994
2558,2558,1580,1580,1580,994,994
2559,2559,1581,1581,1581,994,994
2560,2560,1582,1582,1582,994,994
2562,2562,1583,1583,1583,995,995
2563,2563,1584,1584,1584,995,995
2565,2565,1585,1585,1585,996,996
2566,2566,1586,1586,1586,996,996
2567,2567,1587,1587,1587,996,996
2569,2569,1588,1588,1588,997,997
2570,2570,1589,1589,1589,997,997
2571,2571,1590,1590,1590,997,997
2572,2572,1591,1591,1591,997,997
2573,2573,1592,1592,1592,997,997
2574,2574,1593,1593,1593,997,997
2575,2575,1594,1594,1594,997,997
2576,2576,1595,1595,1595,997,997
2577,2577,1596,1596,1596,997,997
2579,2579,1597,1597,1597,998,998
2580,2580,1598,1598,1598,998,998
2581,2581,1599,1599,1599,998,998
2582,2582,1600,1600,1600,998,998
2584,2584,1601,1601,1601,999,999
2585,2585,1602,1602,1602,999,999
2587,2587,1603,1603,1603,1000,1000
2588,2588,1604,1604,1604,1000,1000
2589,2589,1605,1605,1605,1000,1000
2591,2591,1606,1606,1606,1001,1001
2593,2593,1607,1607,1607,1001,1001
2594,2594,1608,1608,1608,1001,1001
2595,2595,1609,1609,1609,1001,1001
2596,2596,1610,1610,1610,1001,1001
2598,2598,1611,1611,1611,1001,1001
2599,2599,1612,1612,1612,1001,1001
2600,2600,1613,1613,1613,1001,1001
2602,2602,1614,1614,1614,1002,1002
2603,2603,1615,1615,1615,1002,1002
2604,2604,1616,1616,1616,1002,1002
2605,2605,1617,1617,1617,1002,1002
2605,2605,1618,1617,1618,1002,1002
2607,2607,1619,1619,1619,1003,1003
2609,2609,1620,1620,1620,1004,1004
2610,2610,1621,1621,1621,1004,1004
2612,2612,1622,1622,1622,1005,1005
2614,2614,1623,1623,1623,1006,1006
2615,2615,1624,1624,1624,1006,1006
2616,2616,1625,1625,1625,1006,1006
2618,2618,1626,1626,1626,1007,1007
2619,2619,1627,1627,1627,1007,1007
2621,2621,1628,1628,1628,1008,1008
2623,2623,1629,1629,1629,1009,1009
2624,2624,1630,1630,1630,1009,1009
2625,2625,1631,1631,1631,1009,1009
2627,2627,1632,1632,1632,1010,1010
2628,2628,1633,1633,1633,1010,1010
2629,2629,1634,1634,1634,1010,1010
2630,2630,1635,1635,1635,1010,1010
2632,2632,1636,1636,1636,1011,1011
2634,2634,1637,1637,1637,1012,1012
2636,2636,1638,1638,1638,1013,1013
2638,2638,1639,1639,1639,1014,1014
2639,2639,1640,1640,1640,1014,1014
2640,2640,1641,1641,1641,1014,1014
2641,2641,1642,1642,1642,1014,1014
2642,2642,1643,1643,1643,1014,1014
2643,2643,1644,1644,1644,1014,1014
2644,2644,1645,1645,1645,1014,1014
2646,2646,1646,1646,1646,1015,1015
2647,2647,1647,1647,1647,1015,1015
2649,2649,1648,1648,1648,1016,1016
2651,2651,1649,1649,1649,1017,1017
2652,2652,1650,1650,1650,1017,1017
2653,2653,1651,1651,1651,1017,1017
2654,2654,1652,1652,1652,1017,1017
2655,2655,1653,1653,1653,1017,1017
2657,2657,1654,1654,1654,1018,1018
2658,2658,1655,1655,1655,1018,1018
2659,2659,1656,1656,1656,1018,1018
2660,2660,1657,1657,1657,1018,1018
2661,2661,1658,1658,1658,1018,1018
2663,2663,1659,1659,1659,1019,1019
2664,2664,1660,1660,1660,1019,1019
2666,2666,1661,1661,1661,1020,1020
2667,2667,1662,1662,1662,1020,1020
2669,2669,1663,1663,1663,1021,1021
2670,2670,1664,1664,1664,1021,1021
2671,2671,1665,1665,1665,1021,1021
2673,2673,1666,1666,1666,1022,1022
2675,2675,1667,1667,1667,1023,1023
2676,2676,1668,1668,1668,1023,1023
2678,2678,1669,1669,1669,1024,1024
2679,2679,1670,1670,1670,1024,1024
2680,2680,1671,1671,1671,1024,1024
2682,2682,1672,1672,1672,1025,1025
2684,2684,1673,1673,1673,1026,1026
2685,2685,1674,1674,1674,1026,1026
2686,2686,1675,1675,1675,1026,1026
2687,2687,1676,1676,1676,1026,1026
2688,2688,1677,1677,1677,1026,1026
2690,2690,1678,1678,1678,1027,1027
2692,2692,1679,1679,1679,1028,1028
2694,2694,1680,1680,1680,1029,1029
2696,2696,1681,1681,1681,1030,1030
2698,2698,1682,1682,1682,1031,1031
2699,2699,1683,1683,1683,1031,1031
2698,2699,1684,1683,1684,1031,1031
2699,2699,1685,1683,1685,1031,1031
2700,2700,1686,1686,1686,1031,1031
2701,2701,1687,1687,1687,1031,1031
2702,2702,1688,1688,1688,1031,1031
2704,2704,1689,1689,1689,1032,1032
2705,2705,1690,1690,1690,1032,1032
2706,2706,1691,1691,1691,1032,1032
2707,2707,1692,1692,1692,1032,1032
2708,2708,1693,1693,1693,1032,1032
2709,2709,1694,1694,1694,1032,1032
2710,2710,1695,1695,1695,1032,1032
2710,2710,1696,1695,1696,1032,1032
2711,2711,1697,1697,1697,1032,1032
2709,2711,1698,1697,1698,1032,1032
2711,2711,1699,1697,1699,1033,1033
2712,2712,1700,1700,1700,1033,1033
2712,2712,1701,1700,1701,1033,1033
2713,2713,1702,1702,1702,1033,1033
2715,2715,1703,1703,1703,1034,1034
2716,2716,1704,1704,1704,1034,1034
2718,2718,1705,1705,1705,1035,1035
2719,2719,1706,1706,1706,1035,1035
2720,2720,1707,1707,1707,1035,1035
2721,2721,1708,1708,1708,1035,1035
2722,2722,1709,1709,1709,1035,1035
2723,2723,1710,1710,1710,1035,1035
2725,2725,1711,1711,1711,1036,1036
2726,2726,1712,1712,1712,1036,1036
2728,2728,1713,1713,1713,1037,1037
2730,2730,1714,1714,1714,1038,1038
2732,2732,1715,1715,1715,1039,1039
2733,2733,1716,1716,1716,1039,1039
2735,2735,1717,1717,1717,1040,1040
2736,2736,1718,1718,1718,1040,1040
2738,2738,1719,1719,1719,1041,1041
2739,2739,1720,1720,1720,1041,1041
2741,2741,1721,1721,1721,1042,1042
2743,2743,1722,1722,1722,1043,1043
2745,2745,1723,1723,1723,1044,1044
2747,2747,1724,1724,1724,1045,1045
2749,2749,1725,1725,1725,1046,1046
2751,2751,1726,1726,1726,1047,1047
2752,2752,1727,1727,1727,1047,1047
2753,2753,1728,1728,1728,1047,1047
2754,2754,1729,1729,1729,1047,1047
2756,2756,1730,1730,1730,1048,1048
2757,2757,1731,1731,1731,1048,1048
2758,2758,1732,1732,1732,1048,1048
2760,2760,1733,1733,1733,1049,1049
2761,2761,1734,1734,1734,1049,1049
2763,2763,1735,1735,1735,1050,1050
2764,2764,1736,1736,1736,1050,1050
2765,2765,1737,1737,1737,1050,1050
2766,2766,1738,1738,1738,1050,1050
2768,2768,1739,1739,1739,1051,1051
2769,2769,1740,1740,1740,1051,1051
2770,2770,1741,1741,1741,1051,1051
2772,2772,1742,1742,1742,1052,1052
2773,2773,1743,1743,1743,1052,1052
2774,2774,1744,1744,1744,1052,1052
2775,2775,1745,1745,1745,1052,1052
2777,2777,1746,1746,1746,1053,1053
2779,2779,1747,1747,1747,1054,1054
2780,2780,1748,1748,1748,1054,1054
2782,2782,1749,1749,1749,1055,1055
2784,2784,1750,1750,1750,1056,1056
2786,2786,1751,1751,1751,1057,1057
2787,2787,1752,1752,1752,1057,1057
2788,2788,1753,1753,1753,1057,1057
2789,2789,1754,1754,1754,1057,1057
2791,2791,1755,1755,1755,1058,1058
2792,2792,1756,1756,1756,1058,1058
2793,2793,1757,1757,1757,1058,1058
2794,2794,1758,1758,1758,1058,1058
2796,2796,1759,1759,1759,1059,1059
2797,2797,1760,1760,1760,1059,1059
2798,2798,1761,1761,1761,1059,1059
2799,2799,1762,1762,1762,1059,1059
2800,2800,1763,1763,1763,1059,1059
2802,2802,1764,1764,1764,1060,1060
2804,2804,1765,1765,1765,1061,1061
2805,2805,1766,1766,1766,1061,1061
2807,2807,1767,1767,1767,1062,1062
2808,2808,1768,1768,1768,1062,1062
2809,2809,1769,1769,1769,1062,1062
2811,2811,1770,1770,1770,1063,1063
2812,2812,1771,1771,1771,1063,1063
2813,2813,1772,1772,1772,1063,1063
2815,2815,1773,1773,1773,1064,1064
2812,2815,1774,1773,1774,1064,1064
2814,2815,1775,1773,1775,1065,1065
2816,2816,1776,1776,1776,1066,1066
2818,2818,1777,1777,1777,1067,1067
2820,2820,1778,1778,1778,1068,1068
2819,2820,1779,1778,1779,1068,1068
2821,2821,1780,1780,1780,1069,1069
2823,2823,1781,1781,1781,1070,1070
2823,2823,1782,1781,1782,1070,1070
2824,2824,1783,1783,1783,1070,1070
2826,2826,1784,1784,1784,1071,1071
2828,2828,1785,1785,1785,1072,1072
2828,2828,1786,1785,1786,1072,1072
2830,2830,1787,1787,1787,1073,1073
2831,2831,1788,1788,1788,1073,1073
2832,2832,1789,1789,1789,1073,1073
2833,2833,1790,1790,1790,1073,1073
2834,2834,1791,1791,1791,1073,1073
2835,2835,1792,1792,1792,1073,1073
2836,2836,1793,1793,1793,1073,1073
2838,2838,1794,1794,1794,1074,1074
2840,2840,1795,1795,1795,1075,1075
2841,2841,1796,1796,1796,1075,1075
2842,2842,1797,1797,1797,1075,1075
2843,2843,1798,1798,1798,1075,1075
2845,2845,1799,1799,1799,1076,1076
2846,2846,1800,1800,1800,1076,1076
2848,2848,1801,1801,1801,1077,1077
2849,2849,1802,1802,1802,1077,1077
2850,2850,1803,1803,1803,1077,1077
2852,2852,1804,1804,1804,1078,1078
2854,2854,1805,1805,1805,1079,1079
2855,2855,1806,1806,1806,1079,1079
2856,2856,1807,1807,1807,1079,1079
2857,2857,1808,1808,1808,1079,1079
2858,2858,1809,1809,1809,1079,1079
2860,2860,1810,1810,1810,1080,1080
2861,2861,1811,1811,1811,1080,1080
2862,2862,1812,1812,1812,1080,1080
2863,2863,1813,1813,1813,1080,1080
2864,2864,1814,1814,1814,1080,1080
2862,2864,1815,1814,1815,1080,1080
2863,2864,1816,1814,1816,1080,1080
2864,2864,1817,1814,1817,1080,1080
2865,2865,1818,1818,1818,1080,1080
2866,2866,1819,1819,1819,1080,1080
2867,2867,1820,1820,1820,1080,1080
2868,2868,1821,1821,1821,1080,1080
2870,2870,1822,1822,1822,1081,1081
2871,2871,1823,1823,1823,1081,1081
2873,2873,1824,1824,1824,1082,1082
2875,2875,1825,1825,1825,1083,1083
2877,2877,1826,1826,1826,1084,1084
2879,2879,1827,1827,1827,1085,1085
2880,2880,1828,1828,1828,1085,1085
2881,2881,1829,1829,1829,1085,1085
2882,2882,1830,1830,1830,1085,1085
2883,2883,1831,1831,1831,1085,1085
2885,2885,1832,1832,1832,1086,1086
2885,2885,1833,1832,1833,1086,1086
2887,2887,1834,1834,1834,1087,1087
2888,2888,1835,1835,1835,1087,1087
2890,2890,1836,1836,1836,1088,1088
2892,2892,1837,1837,1837,1089,1089
2893,2893,1838,1838,1838,1089,1089
2894,2894,1839,1839,1839,1089,1089
2895,2895,1840,1840,1840,1089,1089
2896,2896,1841,1841,1841,1089,1089
2897,2897,1842,1842,1842,1089,1089
2899,2899,1843,1843,1843,1090,1090
2900,2900,1844,1844,1844,1090,1090
2901,2901,1845,1845,1845,1090,1090
2902,2902,1846,1846,1846,1090,1090
2903,2903,1847,1847,1847,1090,1090
2904,2904,1848,1848,1848,1090,1090
2905,2905,1849,1849,1849,1090,1090
2907,2907,1850,1850,1850,1091,1091
2909,2909,1851,1851,1851,1092,1092
2910,2910,1852,1852,1852,1092,1092
2911,2911,1853,1853,1853,1092,1092
2913,2913,1854,1854,1854,1093,1093
2914,2914,1855,1855,1855,1093,1093
2915,2915,1856,1856,1856,1093,1093
2916,2916,1857,1857,1857,1093,1093
2917,2917,1858,1858,1858,1093,1093
2915,2917,1859,1858,1859,1093,1093
2916,2917,1860,1858,1860,1093,1093
2917,2917,1861,1858,1861,1093,1093
2918,2918,1862,1862,1862,1093,1093
2919,2919,1863,1863,1863,1093,1093
2921,2921,1864,1864,1864,1094,1094
2922,2922,1865,1865,1865,1094,1094
2923,2923,1866,1866,1866,1094,1094
2924,2924,1867,1867,1867,1094,1094
2926,2926,1868,1868,1868,1095,1095
2927,2927,1869,1869,1869,1095,1095
2928,2928,1870,1870,1870,1095,1095
2930,2930,1871,1871,1871,1096,1096
2931,2931,1872,1872,1872,1096,1096
2932,2932,1873,1873,1873,1096,1096
2934,2934,1874,1874,1874,1097,1097
2936,2936,1875,1875,1875,1098,1098
2938,2938,1876,1876,1876,1099,1099
2939,2939,1877,1877,1877,1099,1099
2940,2940,1878,1878,1878,1099,1099
2942,2942,1879,1879,1879,1100,1100
2943,2943,1880,1880,1880,1100,1100
2945,2945,1881,1881,1881,1101,1101
2946,2946,1882,1882,1882,1101,1101
2947,2947,1883,1883,1883,1101,1101
2948,2948,1884,1884,1884,1101,1101
2949,2949,1885,1885,1885,1101,1101
2950,2950,1886,1886,1886,1101,1101
2951,2951,1887,1887,1887,1101,1101
2952,2952,1888,1888,1888,1101,1101
2953,2953,1889,1889,1889,1101,1101
2954,2954,1890,1890,1890,1101,1101
2956,2956,1891,1891,1891,1102,1102
2957,2957,1892,1892,1892,1102,1102
2958,2958,1893,1893,1893,1102,1102
2959,2959,1894,1894,1894,1102,1102
2960,2960,1895,1895,1895,1102,1102
2961,2961,1896,1896,1896,1102,1102
2961,2961,1897,1896,1897,1102,1102
2962,2962,1898,1898,1898,1102,1102
2964,2964,1899,1899,1899,1103,1103
2965,2965,1900,1900,1900,1103,1103
2966,2966,1901,1901,1901,1103,1103
2967,2967,1902,1902,1902,1103,1103
2969,2969,1903,1903,1903,1104,1104
2968,2969,1904,1903,1904,1104,1104
2969,2969,1905,1903,1905,1104,1104
2969,2969,1906,1903,1906,1104,1104
2970,2970,1907,1907,1907,1104,1104
2971,2971,1908,1908,1908,1104,1104
2972,2972,1909,1909,1909,1104,1104
2973,2973,1910,1910,1910,1104,1104
2974,2974,1911,1911,1911,1104,1104
2976,2976,1912,1912,1912,1105,1105
2977,2977,1913,1913,1913,1105,1105
2978,2978,1914,1914,1914,1105,1105
2980,2980,1915,1915,1915,1106,1106
2981,2981,1916,1916,1916,1106,1106
2982,2982,1917,1917,1917,1106,1106
2984,2984,1918,1918,1918,1107,1107
2986,2986,1919,1919,1919,1108,1108
2987,2987,1920,1920,1920,1108,1108
2988,2988,1921,1921,1921,1108,1108
2988,2988,1922,1921,1922,1108,1108
2989,2989,1923,1923,1923,1108,1108
2991,2991,1924,1924,1924,1109,1109
2992,2992,1925,1925,1925,1109,1109
2993,2993,1926,1926,1926,1109,1109
2994,2994,1927,1927,1927,1109,1109
2996,2996,1928,1928,1928,1110,1110
2998,2998,1929,1929,1929,1111,1111
3000,3000,1930,1930,1930,1112,1112
3001,3001,1931,1931,1931,1112,1112
3002,3002,1932,1932,1932,1112,1112
3004,3004,1933,1933,1933,1113,1113
3006,3006,1934,1934,1934,1114,1114
3007,3007,1935,1935,1935,1114,1114
3008,3008,1936,1936,1936,1114,1114
3009,3009,1937,1937,1937,1114,1114
3011,3011,1938,1938,1938,1115,1115
3012,3012,1939,1939,1939,1115,1115
3013,3013,1940,1940,1940,1115,1115
3011,3013,1941,1940,1941,1115,1115
3013,3013,1942,1940,1942,1116,1116
3015,3015,1943,1943,1943,1117,1117
3016,3016,1944,1944,1944,1117,1117
3018,3018,1945,1945,1945,1118,1118
3020,3020,1946,1946,1946,1119,1119
3022,3022,1947,1947,1947,1120,1120
3023,3023,1948,1948,1948,1120,1120
3025,3025,1949,1949,1949,1121,1121
3026,3026,1950,1950,1950,1121,1121
3027,3027,1951,1951,1951,1121,1121
3028,3028,1952,1952,1952,1121,1121
3029,3029,1953,1953,1953,1121,1121
3030,3030,1954,1954,1954,1121,1121
3031,3031,1955,1955,1955,1121,1121
3032,3032,1956,1956,1956,1121,1121
3034,3034,1957,1957,1957,1122,1122
3036,3036,1958,1958,1958,1123,1123
3037,3037,1959,1959,1959,1123,1123
3039,3039,1960,1960,1960,1124,1124
3040,3040,1961,1961,1961,1124,1124
3041,3041,1962,1962,1962,1124,1124
3042,3042,1963,1963,1963,1124,1124
3043,3043,1964,1964,1964,1124,1124
3044,3044,1965,1965,1965,1124,1124
3045,3045,1966,1966,1966,1124,1124
3046,3046,1967,1967,1967,1124,1124
3047,3047,1968,1968,1968,1124,1124
3049,3049,1969,1969,1969,1125,1125
3051,3051,1970,1970,1970,1126,1126
3052,3052,1971,1971,1971,1126,1126
3053,3053,1972,1972,1972,1126,1126
3054,3054,1973,1973,1973,1126,1126
3055,3055,1974,1974,1974,1126,1126
3057,3057,1975,1975,1975,1127,1127
3059,3059,1976,1976,1976,1128,1128
3061,3061,1977,1977,1977,1129,1129
3063,3063,1978,1978,1978,1130,1130
3064,3064,1979,1979,1979,1130,1130
3065,3065,1980,1980,1980,1130,1130
3066,3066,1981,1981,1981,1130,1130
3068,3068,1982,1982,1982,1131,1131
3069,3069,1983,1983,1983,1131,1131
3071,3071,1984,1984,1984,1132,1132
3072,3072,1985,1985,1985,1132,1132
3073,3073,1986,1986,1986,1132,1132
3074,3074,1987,1987,1987,1132,1132
3075,3075,1988,1988,1988,1132,1132
3076,3076,1989,1989,1989,1132,1132
3077,3077,1990,1990,1990,1132,1132
3078,3078,1991,1991,1991,1132,1132
3079,3079,1992,1992,1992,1132,1132
3080,3080,1993,1993,1993,1132,1132
3081,3081,1994,1994,1994,1132,1132
3082,3082,1995,1995,1995,1132,1132
3083,3083,1996,1996,1996,1132,1132
3085,3085,1997,1997,1997,1133,1133
3086,3086,1998,1998,1998,1133,1133
3087,3087,1999,1999,1999,1133,1133
3089,3089,2000,2000,2000,1133,1133
3091,3091,2001,2001,2001,1134,1134
3092,3092,2002,2002,2002,1134,1134
3093,3093,2003,2003,2003,1134,1134
3094,3094,2004,2004,2004,1134,1134
3096,3096,2005,2005,2005,1135,1135
3097,3097,2006,2006,2006,1135,1135
3098,3098,2007,2007,2007,1135,1135
3100,3100,2008,2008,2008,1136,1136
3101,3101,2009,2009,2009,1136,1136
3100,3101,2010,2009,2010,1136,1136
3102,3102,2011,2011,2011,1137,1137
3103,3103,2012,2012,2012,1137,1137
3104,3104,2013,2013,2013,1137,1137
3106,3106,2014,2014,2014,1138,1138
3107,3107,2015,2015,2015,1138,1138
3108,3108,2016,2016,2016,1138,1138
3109,3109,2017,2017,2017,1138,1138
3110,3110,2018,2018,2018,1138,1138
3112,3112,2019,2019,2019,1138,1138
3114,3114,2020,2020,2020,1139,1139
3115,3115,2021,2021,2021,1139,1139
3116,3116,2022,2022,2022,1139,1139
3116,3116,2023,2022,2023,1139,1139
3118,3118,2024,2024,2024,1140,1140
3120,3120,2025,2025,2025,1141,1141
3121,3121,2026,2026,2026,1141,1141
3122,3122,2027,2027,2027,1141,1141
3123,3123,2028,2028,2028,1141,1141
3125,3125,2029,2029,2029,1142,1142
3126,3126,2030,2030,2030,1142,1142
3127,3127,2031,2031,2031,1142,1142
3128,3128,2032,2032,2032,1142,1142
3130,3130,2033,2033,2033,1143,1143
3131,3131,2034,2034,2034,1143,1143
3133,3133,2035,2035,2035,1143,1143
3134,3134,2036,2036,2036,1143,1143
3136,3136,2037,2037,2037,1144,1144
3138,3138,2038,2038,2038,1145,1145
3139,3139,2039,2039,2039,1145,1145
3141,3141,2040,2040,2040,1146,1146
3142,3142,2041,2041,2041,1146,1146
3143,3143,2042,2042,2042,1146,1146
3145,3145,2043,2043,2043,1147,1147
3146,3146,2044,2044,2044,1147,1147
3148,3148,2045,2045,2045,1147,1147
3149,3149,2046,2046,2046,1147,1147
3150,3150,2047,2047,2047,1147,1147
3152,3152,2048,2048,2048,1148,1148
3154,3154,2049,2049,2049,1149,1149
3155,3155,2050,2050,2050,1149,1149
3156,3156,2051,2051,2051,1149,1149
3157,3157,2052,2052,2052,1149,1149
3158,3158,2053,2053,2053,1149,1149
3159,3159,2054,2054,2054,1149,1149
3160,3160,2055,2055,2055,1149,1149
3161,3161,2056,2056,2056,1149,1149
3163,3163,2057,2057,2057,1150,1150
3165,3165,2058,2058,2058,1151,1151
3167,3167,2059,2059,2059,1152,1152
3168,3168,2060,2060,2060,1152,1152
3170,3170,2061,2061,2061,1153,1153
3172,3172,2062,2062,2062,1154,1154
3173,3173,2063,2063,2063,1154,1154
3175,3175,2064,2064,2064,1155,1155
3177,3177,2065,2065,2065,1156,1156
3178,3178,2066,2066,2066,1156,1156
3179,3179,2067,2067,2067,1156,1156
3180,3180,2068,2068,2068,1156,1156
3182,3182,2069,2069,2069,1157,1157
3183,3183,2070,2070,2070,1157,1157
3184,3184,2071,2071,2071,1157,1157
3185,3185,2072,2072,2072,1157,1157
3187,3187,2073,2073,2073,1158,1158
3188,3188,2074,2074,2074,1158,1158
3189,3189,2075,2075,2075,1158,1158
3190,3190,2076,2076,2076,1158,1158
3191,3191,2077,2077,2077,1158,1158
3192,3192,2078,2078,2078,1158,1158
3194,3194,2079,2079,2079,1159,1159
3196,3196,2080,2080,2080,1160,1160
3198,3198,2081,2081,2081,1161,1161
3199,3199,2082,2082,2082,1161,1161
3200,3200,2083,2083,2083,1161,1161
3201,3201,2084,2084,2084,1161,1161
3203,3203,2085,2085,2085,1161,1161
3204,3204,2086,2086,2086,1161,1161
3206,3206,2087,2087,2087,1162,1162
3207,3207,2088,2088,2088,1162,1162
3208,3208,2089,2089,2089,1162,1162
3210,3210,2090,2090,2090,1163,1163
3210,3210,2091,2090,2091,1163,1163
3211,3211,2092,2092,2092,1163,1163
3212,3212,2093,2093,2093,1163,1163
3213,3213,2094,2094,2094,1163,1163
3214,3214,2095,2095,2095,1163,1163
3215,3215,2096,2096,2096,1163,1163
3216,3216,2097,2097,2097,1163,1163
3217,3217,2098,2098,2098,1163,1163
3218,3218,2099,2099,2099,1163,1163
3219,3219,2100,2100,2100,1163,1163
3220,3220,2101,2101,2101,1163,1163
3221,3221,2102,2102,2102,1163,1163
3222,3222,2103,2103,2103,1163,1163
3224,3224,2104,2104,2104,1164,1164
3225,3225,2105,2105,2105,1164,1164
3227,3227,2106,2106,2106,1165,1165
3228,3228,2107,2107,2107,1165,1165
3230,3230,2108,2108,2108,1166,1166
3231,3231,2109,2109,2109,1166,1166
3232,3232,2110,2110,2110,1166,1166
3233,3233,2111,2111,2111,1166,1166
3232,3233,2112,2111,2112,1166,1166
3233,3233,2113,2111,2113,1166,1166
3233,3233,2114,2111,2114,1166,1166
3235,3235,2115,2115,2115,1167,1167
3236,3236,2116,2116,2116,1167,1167
3237,3237,2117,2117,2117,1167,1167
3238,3238,2118,2118,2118,1167,1167
3239,3239,2119,2119,2119,1167,1167
3241,3241,2120,2120,2120,1168,1168
3242,3242,2121,2121,2121,1168,1168
3244,3244,2122,2122,2122,1169,1169
3245,3245,2123,2123,2123,1169,1169
3246,3246,2124,2124,2124,1169,1169
3248,3248,2125,2125,2125,1170,1170
3249,3249,2126,2126,2126,1170,1170
3250,3250,2127,2127,2127,1170,1170
3252,3252,2128,2128,2128,1171,1171
3253,3253,2129,2129,2129,1171,1171
3254,3254,2130,2130,2130,1171,1171
3255,3255,2131,2131,2131,1171,1171
3256,3256,2132,2132,2132,1171,1171
3257,3257,2133,2133,2133,1171,1171
3258,3258,2134,2134,2134,1171,1171
3259,3259,2135,2135,2135,1171,1171
3257,3259,2136,2135,2136,1171,1171
3259,3259,2137,2135,2137,1172,1172
3260,3260,2138,2138,2138,1172,1172
3262,3262,2139,2139,2139,1173,1173
3263,3263,2140,2140,2140,1173,1173
3264,3264,2141,2141,2141,1173,1173
3265,3265,2142,2142,2142,1173,1173
3266,3266,2143,2143,2143,1173,1173
3267,3267,2144,2144,2144,1173,1173
3268,3268,2145,2145,2145,1173,1173
3269,3269,2146,2146,2146,1173,1173
3271,3271,2147,2147,2147,1174,1174
3272,3272,2148,2148,2148,1174,1174
3273,3273,2149,2149,2149,1174,1174
3274,3274,2150,2150,2150,1174,1174
3275,3275,2151,2151,2151,1174,1174
3277,3277,2152,2152,2152,1175,1175
3278,3278,2153,2153,2153,1175,1175
3279,3279,2154,2154,2154,1175,1175
3280,3280,2155,2155,2155,1175,1175
3281,3281,2156,2156,2156,1175,1175
3282,3282,2157,2157,2157,1175,1175
3284,3284,2158,2158,2158,1176,1176
3285,3285,2159,2159,2159,1176,1176
3286,3286,2160,2160,2160,1176,1176
3288,3288,2161,2161,2161,1177,1177
3289,3289,2162,2162,2162,1177,1177
3291,3291,2163,2163,2163,1178,1178
3292,3292,2164,2164,2164,1178,1178
3294,3294,2165,2165,2165,1179,1179
3295,3295,2166,2166,2166,1179,1179
3296,3296,2167,2167,2167,1179,1179
3297,3297,2168,2168,2168,1179,1179
3299,3299,2169,2169,2169,1180,1180
3300,3300,2170,2170,2170,1180,1180
3302,3302,2171,2171,2171,1181,1181
3303,3303,2172,2172,2172,1181,1181
3304,3304,2173,2173,2173,1181,1181
3306,3306,2174,2174,2174,1182,1182
3307,3307,2175,2175,2175,1182,1182
3308,3308,2176,2176,2176,1182,1182
3309,3309,2177,2177,2177,1182,1182
3311,3311,2178,2178,2178,1183,1183
3311,3311,2179,2178,2179,1183,1183
3312,3312,2180,2180,2180,1183,1183
3314,3314,2181,2181,2181,1184,1184
3316,3316,2182,2182,2182,1185,1185
3317,3317,2183,2183,2183,1185,1185
3318,3318,2184,2184,2184,1185,1185
3319,3319,2185,2185,2185,1185,1185
3320,3320,2186,2186,2186,1185,1185
3322,3322,2187,2187,2187,1186,1186
3324,3324,2188,2188,2188,1187,1187
3326,3326,2189,2189,2189,1188,1188
3327,3327,2190,2190,2190,1188,1188
3328,3328,2191,2191,2191,1188,1188
3329,3329,2192,2192,2192,1188,1188
3330,3330,2193,2193,2193,1188,1188
3331,3331,2194,2194,2194,1188,1188
3332,3332,2195,2195,2195,1188,1188
3333,3333,2196,2196,2196,1188,1188
3334,3334,2197,2197,2197,1188,1188
3335,3335,2198,2198,2198,1188,1188
3337,3337,2199,2199,2199,1189,1189
3339,3339,2200,2200,2200,1190,1190
3340,3340,2201,2201,2201,1190,1190
3341,3341,2202,2202,2202,1190,1190
3343,3343,2203,2203,2203,1191,1191
3344,3344,2204,2204,2204,1191,1191
3345,3345,2205,2205,2205,1191,1191
3346,3346,2206,2206,2206,1191,1191
3347,3347,2207,2207,2207,1191,1191
3348,3348,2208,2208,2208,1191,1191
3349,3349,2209,2209,2209,1191,1191
3350,3350,2210,2210,2210,1191,1191
3352,3352,2211,2211,2211,1192,1192
3354,3354,2212,2212,2212,1193,1193
3351,3354,2213,2212,2213,1193,1193
3349,3354,2214,2212,2214,1193,1193
3351,3354,2215,2212,2215,1194,1194
3352,3354,2216,2212,2216,1194,1194
3353,3354,2217,2212,2217,1194,1194
3354,3354,2218,2212,2218,1194,1194
3356,3356,2219,2219,2219,1195,1195
3357,3357,2220,2220,2220,1195,1195
3358,3358,2221,2221,2221,1195,1195
3359,3359,2222,2222,2222,1195,1195
3360,3360,2223,2223,2223,1195,1195
3361,3361,2224,2224,2224,1195,1195
3362,3362,2225,2225,2225,1195,1195
3364,3364,2226,2226,2226,1196,1196
3365,3365,2227,2227,2227,1196,1196
3366,3366,2228,2228,2228,1196,1196
3367,3367,2229,2229,2229,1196,1196
3368,3368,2230,2230,2230,1196,1196
3369,3369,2231,2231,2231,1196,1196
3370,3370,2232,2232,2232,1196,1196
3371,3371,2233,2233,2233,1196,1196
3372,3372,2234,2234,2234,1196,1196
3373,3373,2235,2235,2235,1196,1196
3374,3374,2236,2236,2236,1196,1196
3375,3375,2237,2237,2237,1196,1196
3377,3377,2238,2238,2238,1197,1197
3378,3378,2239,2239,2239,1197,1197
3380,3380,2240,2240,2240,1198,1198
3381,3381,2241,2241,2241,1198,1198
3382,3382,2242,2242,2242,1198,1198
3383,3383,2243,2243,2243,1198,1198
3384,3384,2244,2244,2244,1198,1198
3385,3385,2245,2245,2245,1198,1198
3387,3387,2246,2246,2246,1199,1199
3388,3388,2247,2247,2247,1199,1199
3389,3389,2248,2248,2248,1199,1199
3390,3390,2249,2249,2249,1199,1199
3391,3391,2250,2250,2250,1199,1199
3393,3393,2251,2251,2251,1200,1200
3395,3395,2252,2252,2252,1201,1201
3396,3396,2253,2253,2253,1201,1201
3397,3397,2254,2254,2254,1201,1201
3398,3398,2255,2255,2255,1201,1201
3399,3399,2256,2256,2256,1201,1201
3400,3400,2257,2257,2257,1201,1201
3401,3401,2258,2258,2258,1201,1201
3402,3402,2259,2259,2259,1201,1201
3403,3403,2260,2260,2260,1201,1201
3404,3404,2261,2261,2261,1201,1201
3405,3405,2262,2262,2262,1201,1201
3407,3407,2263,2263,2263,1202,1202
3408,3408,2264,2264,2264,1202,1202
3409,3409,2265,2265,2265,1202,1202
3411,3411,2266,2266,2266,1203,1203
3412,3412,2267,2267,2267,1203,1203
3413,3413,2268,2268,2268,1203,1203
3414,3414,2269,2269,2269,1203,1203
3416,3416,2270,2270,2270,1204,1204
3417,3417,2271,2271,2271,1204,1204
3418,3418,2272,2272,2272,1204,1204
3419,3419,2273,2273,2273,1204,1204
3420,3420,2274,2274,2274,1204,1204
3421,3421,2275,2275,2275,1204,1204
3422,3422,2276,2276,2276,1204,1204
3424,3424,2277,2277,2277,1205,1205
3426,3426,2278,2278,2278,1206,1206
3427,3427,2279,2279,2279,1206,1206
3429,3429,2280,2280,2280,1207,1207
3431,3431,2281,2281,2281,1208,1208
3432,3432,2282,2282,2282,1208,1208
3433,3433,2283,2283,2283,1208,1208
3434,3434,2284,2284,2284,1208,1208
3433,3434,2285,2284,2285,1208,1208
3434,3434,2286,2284,2286,1208,1208
3436,3436,2287,2287,2287,1209,1209
3438,3438,2288,2288,2288,1210,1210
3440,3440,2289,2289,2289,1210,1210
3441,3441,2290,2290,2290,1210,1210
3442,3442,2291,2291,2291,1210,1210
3443,3443,2292,2292,2292,1210,1210
3444,3444,2293,2293,2293,1210,1210
3446,3446,2294,2294,2294,1211,1211
3447,3447,2295,2295,2295,1211,1211
3448,3448,2296,2296,2296,1211,1211
3449,3449,2297,2297,2297,1211,1211
3451,3451,2298,2298,2298,1212,1212
3452,3452,2299,2299,2299,1212,1212
3454,3454,2300,2300,2300,1213,1213
3455,3455,2301,2301,2301,1213,1213
3457,3457,2302,2302,2302,1214,1214
3458,3458,2303,2303,2303,1214,1214
3460,3460,2304,2304,2304,1215,1215
3461,3461,2305,2305,2305,1215,1215
3462,3462,2306,2306,2306,1215,1215
3463,3463,2307,2307,2307,1215,1215
3464,3464,2308,2308,2308,1215,1215
3466,3466,2309,2309,2309,1216,1216
3467,3467,2310,2310,2310,1216,1216
3468,3468,2311,2311,2311,1216,1216
3469,3469,2312,2312,2312,1216,1216
3470,3470,2313,2313,2313,1216,1216
3471,3471,2314,2314,2314,1216,1216
3472,3472,2315,2315,2315,1216,1216
3474,3474,2316,2316,2316,1217,1217
3475,3475,2317,2317,2317,1217,1217
3476,3476,2318,2318,2318,1217,1217
3477,3477,2319,2319,2319,1217,1217
3479,3479,2320,2320,2320,1218,1218
3481,3481,2321,2321,2321,1219,1219
3482,3482,2322,2322,2322,1219,1219
3483,3483,2323,2323,2323,1219,1219
3485,3485,2324,2324,2324,1220,1220
3486,3486,2325,2325,2325,1220,1220
3487,3487,2326,2326,2326,1220,1220
3488,3488,2327,2327,2327,1220,1220
3489,3489,2328,2328,2328,1220,1220
3490,3490,2329,2329,2329,1220,1220
3491,3491,2330,2330,2330,1220,1220
3493,3493,2331,2331,2331,1221,1221
3494,3494,2332,2332,2332,1221,1221
3495,3495,2333,2333,2333,1221,1221
3494,3495,2334,2333,2334,1221,1221
3495,3495,2335,2333,2335,1221,1221
3496,3496,2336,2336,2336,1221,1221
3498,3498,2337,2337,2337,1222,1222
3499,3499,2338,2338,2338,1222,1222
3500,3500,2339,2339,2339,1222,1222
3502,3502,2340,2340,2340,1223,1223
3504,3504,2341,2341,2341,1224,1224
3505,3505,2342,2342,2342,1224,1224
3506,3506,2343,2343,2343,1224,1224
3507,3507,2344,2344,2344,1224,1224
3508,3508,2345,2345,2345,1224,1224
3510,3510,2346,2346,2346,1225,1225
3511,3511,2347,2347,2347,1225,1225
3512,3512,2348,2348,2348,1225,1225
3513,3513,2349,2349,2349,1225,1225
3514,3514,2350,2350,2350,1225,1225
3515,3515,2351,2351,2351,1225,1225
3516,3516,2352,2352,2352,1225,1225
3517,3517,2353,2353,2353,1225,1225
3518,3518,2354,2354,2354,1225,1225
3519,3519,2355,2355,2355,1225,1225
3520,3520,2356,2356,2356,1225,1225
3521,3521,2357,2357,2357,1225,1225
3523,3523,2358,2358,2358,1226,1226
3524,3524,2359,2359,2359,1226,1226
3525,3525,2360,2360,2360,1226,1226
3526,3526,2361,2361,2361,1226,1226
3527,3527,2362,2362,2362,1226,1226
3528,3528,2363,2363,2363,1226,1226
3529,3529,2364,2364,2364,1226,1226
3530,3530,2365,2365,2365,1226,1226
3531,3531,2366,2366,2366,1226,1226
3532,3532,2367,2367,2367,1226,1226
3533,3533,2368,2368,2368,1226,1226
3534,3534,2369,2369,2369,1226,1226
3535,3535,2370,2370,2370,1226,1226
3536,3536,2371,2371,2371,1226,1226
3538,3538,2372,2372,2372,1227,1227
3539,3539,2373,2373,2373,1227,1227
3540,3540,2374,2374,2374,1227,1227
3541,3541,2375,2375,2375,1227,1227
3542,3542,2376,2376,2376,1227,1227
3544,3544,2377,2377,2377,1227,1227
3545,3545,2378,2378,2378,1227,1227
3545,3545,2379,2378,2379,1227,1227
3546,3546,2380,2380,2380,1227,1227
3547,3547,2381,2381,2381,1227,1227
3548,3548,2382,2382,2382,1227,1227
3549,3549,2383,2383,2383,1227,1227
3551,3551,2384,2384,2384,1228,1228
3553,3553,2385,2385,2385,1229,1229
3555,3555,2386,2386,2386,1230,1230
3557,3557,2387,2387,2387,1231,1231
3558,3558,2388,2388,2388,1231,1231
3559,3559,2389,2389,2389,1231,1231
3560,3560,2390,2390,2390,1231,1231
3562,3562,2391,2391,2391,1232,1232
3564,3564,2392,2392,2392,1233,1233
3565,3565,2393,2393,2393,1233,1233
3567,3567,2394,2394,2394,1234,1234
3569,3569,2395,2395,2395,1235,1235
3570,3570,2396,2396,2396,1235,1235
3571,3571,2397,2397,2397,1235,1235
3572,3572,2398,2398,2398,1235,1235
3573,3573,2399,2399,2399,1235,1235
3574,3574,2400,2400,2400,1235,1235
3575,3575,2401,2401,2401,1235,1235
3577,3577,2402,2402,2402,1236,1236
3578,3578,2403,2403,2403,1236,1236
3579,3579,2404,2404,2404,1236,1236
3580,3580,2405,2405,2405,1236,1236
3581,3581,2406,2406,2406,1236,1236
3582,3582,2407,2407,2407,1236,1236
3583,3583,2408,2408,2408,1236,1236
3585,3585,2409,2409,2409,1237,1237
3586,3586,2410,2410,2410,1237,1237
3587,3587,2411,2411,2411,1237,1237
3589,3589,2412,2412,2412,1238,1238
3590,3590,2413,2413,2413,1238,1238
3591,3591,2414,2414,2414,1238,1238
3593,3593,2415,2415,2415,1239,1239
3594,3594,2416,2416,2416,1239,1239
3595,3595,2417,2417,2417,1239,1239
3596,3596,2418,2418,2418,1239,1239
3597,3597,2419,2419,2419,1239,1239
3598,3598,2420,2420,2420,1239,1239
3599,3599,2421,2421,2421,1239,1239
3600,3600,2422,2422,2422,1239,1239
3598,3600,2423,2422,2423,1239,1239
3600,3600,2424,2422,2424,1240,1240
3601,3601,2425,2425,2425,1240,1240
3602,3602,2426,2426,2426,1240,1240
3604,3604,2427,2427,2427,1241,1241
3606,3606,2428,2428,2428,1242,1242
3608,3608,2429,2429,2429,1243,1243
3609,3609,2430,2430,2430,1243,1243
3610,3610,2431,2431,2431,1243,1243
3611,3611,2432,2432,2432,1243,1243
3612,3612,2433,2433,2433,1243,1243
3613,3613,2434,2434,2434,1243,1243
3614,3614,2435,2435,2435,1243,1243
3615,3615,2436,2436,2436,1243,1243
3617,3617,2437,2437,2437,1244,1244
3618,3618,2438,2438,2438,1244,1244
3620,3620,2439,2439,2439,1245,1245
3621,3621,2440,2440,2440,1245,1245
3622,3622,2441,2441,2441,1245,1245
3623,3623,2442,2442,2442,1245,1245
3624,3624,2443,2443,2443,1245,1245
3625,3625,2444,2444,2444,1245,1245
3627,3627,2445,2445,2445,1246,1246
3628,3628,2446,2446,2446,1246,1246
3629,3629,2447,2447,2447,1246,1246
3630,3630,2448,2448,2448,1246,1246
3631,3631,2449,2449,2449,1246,1246
3632,3632,2450,2450,2450,1246,1246
3633,3633,2451,2451,2451,1246,1246
3634,3634,2452,2452,2452,1246,1246
3635,3635,2453,2453,2453,1246,1246
3637,3637,2454,2454,2454,1247,1247
3638,3638,2455,2455,2455,1247,1247
3639,3639,2456,2456,2456,1247,1247
3641,3641,2457,2457,2457,1248,1248
3642,3642,2458,2458,2458,1248,1248
3643,3643,2459,2459,2459,1248,1248
3642,3643,2460,2459,2460,1248,1248
3643,3643,2461,2459,2461,1248,1248
3644,3644,2462,2462,2462,1248,1248
3645,3645,2463,2463,2463,1248,1248
3646,3646,2464,2464,2464,1248,1248
3644,3646,2465,2464,2465,1248,1248
3645,3646,2466,2464,2466,1248,1248
3646,3646,2467,2464,2467,1248,1248
3647,3647,2468,2468,2468,1248,1248
3648,3648,2469,2469,2469,1248,1248
3649,3649,2470,2470,2470,1248,1248
3651,3651,2471,2471,2471,1249,1249
3652,3652,2472,2472,2472,1249,1249
3653,3653,2473,2473,2473,1249,1249
3651,3653,2474,2473,2474,1249,1249
3652,3653,2475,2473,2475,1249,1249
3653,3653,2476,2473,2476,1249,1249
3654,3654,2477,2477,2477,1249,1249
3655,3655,2478,2478,2478,1249,1249
3657,3657,2479,2479,2479,1250,1250
3658,3658,2480,2480,2480,1250,1250
3659,3659,2481,2481,2481,1250,1250
3661,3661,2482,2482,2482,1251,1251
3662,3662,2483,2483,2483,1251,1251
3664,3664,2484,2484,2484,1252,1252
3665,3665,2485,2485,2485,1252,1252
3666,3666,2486,2486,2486,1252,1252
3667,3667,2487,2487,2487,1252,1252
3669,3669,2488,2488,2488,1253,1253
3670,3670,2489,2489,2489,1253,1253
3672,3672,2490,2490,2490,1254,1254
3673,3673,2491,2491,2491,1254,1254
3674,3674,2492,2492,2492,1254,1254
3674,3674,2493,2492,2493,1254,1254
3675,3675,2494,2494,2494,1254,1254
3676,3676,2495,2495,2495,1254,1254
3677,3677,2496,2496,2496,1254,1254
3678,3678,2497,2497,2497,1254,1254
3679,3679,2498,2498,2498,1254,1254
3680,3680,2499,2499,2499,1254,1254
3681,3681,2500,2500,2500,1254,1254
3682,3682,2501,2501,2501,1254,1254
3683,3683,2502,2502,2502,1254,1254
3685,3685,2503,2503,2503,1255,1255
3686,3686,2504,2504,2504,1255,1255
3687,3687,2505,2505,2505,1255,1255
3688,3688,2506,2506,2506,1255,1255
3689,3689,2507,2507,2507,1255,1255
3690,3690,2508,2508,2508,1255,1255
3691,3691,2509,2509,2509,1255,1255
3693,3693,2510,2510,2510,1256,1256
3694,3694,2511,2511,2511,1256,1256
3692,3694,2512,2511,2512,1256,1256
3693,3694,2513,2511,2513,1256,1256
3694,3694,2514,2511,2514,1256,1256
3695,3695,2515,2515,2515,1256,1256
3696,3696,2516,2516,2516,1256,1256
3697,3697,2517,2517,2517,1256,1256
3698,3698,2518,2518,2518,1256,1256
3700,3700,2519,2519,2519,1257,1257
3701,3701,2520,2520,2520,1257,1257
3702,3702,2521,2521,2521,1257,1257
3703,3703,2522,2522,2522,1257,1257
3704,3704,2523,2523,2523,1257,1257
3705,3705,2524,2524,2524,1257,1257
3706,3706,2525,2525,2525,1257,1257
3708,3708,2526,2526,2526,1258,1258
3709,3709,2527,2527,2527,1258,1258
3710,3710,2528,2528,2528,1258,1258
3711,3711,2529,2529,2529,1258,1258
3712,3712,2530,2530,2530,1258,1258
3713,3713,2531,2531,2531,1258,1258
3714,3714,2532,2532,2532,1258,1258
3716,3716,2533,2533,2533,1259,1259
3717,3717,2534,2534,2534,1259,1259
3718,3718,2535,2535,2535,1259,1259
3719,3719,2536,2536,2536,1259,1259
3720,3720,2537,2537,2537,1259,1259
3721,3721,2538,2538,2538,1259,1259
3722,3722,2539,2539,2539,1259,1259
3723,3723,2540,2540,2540,1259,1259
3724,3724,2541,2541,2541,1259,1259
3725,3725,2542,2542,2542,1259,1259
3727,3727,2543,2543,2543,1260,1260
3728,3728,2544,2544,2544,1260,1260
3729,3729,2545,2545,2545,1260,1260
3730,3730,2546,2546,2546,1260,1260
3731,3731,2547,2547,2547,1260,1260
3732,3732,2548,2548,2548,1260,1260
3734,3734,2549,2549,2549,1261,1261
3735,3735,2550,2550,2550,1261,1261
3736,3736,2551,2551,2551,1261,1261
3738,3738,2552,2552,2552,1262,1262
3739,3739,2553,2553,2553,1262,1262
3740,3740,2554,2554,2554,1262,1262
3742,3742,2555,2555,2555,1263,1263
3743,3743,2556,2556,2556,1263,1263
3744,3744,2557,2557,2557,1263,1263
3745,3745,2558,2558,2558,1263,1263
3746,3746,2559,2559,2559,1263,1263
3747,3747,2560,2560,2560,1263,1263
3749,3749,2561,2561,2561,1264,1264
3750,3750,2562,2562,2562,1264,1264
3751,3751,2563,2563,2563,1264,1264
3752,3752,2564,2564,2564,1264,1264
3753,3753,2565,2565,2565,1264,1264
3755,3755,2566,2566,2566,1265,1265
3756,3756,2567,2567,2567,1265,1265
3758,3758,2568,2568,2568,1266,1266
3759,3759,2569,2569,2569,1266,1266
3760,3760,2570,2570,2570,1266,1266
3761,3761,2571,2571,2571,1266,1266
3763,3763,2572,2572,2572,1267,1267
3764,3764,2573,2573,2573,1267,1267
3765,3765,2574,2574,2574,1267,1267
3766,3766,2575,2575,2575,1267,1267
3767,3767,2576,2576,2576,1267,1267
3768,3768,2577,2577,2577,1267,1267
3769,3769,2578,2578,2578,1267,1267
3770,3770,2579,2579,2579,1267,1267
3771,3771,2580,2580,2580,1267,1267
3772,3772,2581,2581,2581,1267,1267
3773,3773,2582,2582,2582,1267,1267
3774,3774,2583,2583,2583,1267,1267
3775,3775,2584,2584,2584,1267,1267
3776,3776,2585,2585,2585,1267,1267
3777,3777,2586,2586,2586,1267,1267
3778,3778,2587,2587,2587,1267,1267
3779,3779,2588,2588,2588,1267,1267
3780,3780,2589,2589,2589,1267,1267
3781,3781,2590,2590,2590,1267,1267
3782,3782,2591,2591,2591,1267,1267
3784,3784,2592,2592,2592,1268,1268
3785,3785,2593,2593,2593,1268,1268
3786,3786,2594,2594,2594,1268,1268
3787,3787,2595,2595,2595,1268,1268
3788,3788,2596,2596,2596,1268,1268
3790,3790,2597,2597,2597,1269,1269
3792,3792,2598,2598,2598,1270,1270
3791,3792,2599,2598,2599,1270,1270
3792,3792,2600,2598,2600,1270,1270
3794,3794,2601,2601,2601,1271,1271
3796,3796,2602,2602,2602,1272,1272
3798,3798,2603,2603,2603,1273,1273
3800,3800,2604,2604,2604,1274,1274
3801,3801,2605,2605,2605,1274,1274
3802,3802,2606,2606,2606,1274,1274
3803,3803,2607,2607,2607,1274,1274
3804,3804,2608,2608,2608,1274,1274
3805,3805,2609,2609,2609,1274,1274
3806,3806,2610,2610,2610,1274,1274
3807,3807,2611,2611,2611,1274,1274
3808,3808,2612,2612,2612,1274,1274
3809,3809,2613,2613,2613,1274,1274
3810,3810,2614,2614,2614,1274,1274
3812,3812,2615,2615,2615,1275,1275
3814,3814,2616,2616,2616,1276,1276
3815,3815,2617,2617,2617,1276,1276
3816,3816,2618,2618,2618,1276,1276
3817,3817,2619,2619,2619,1276,1276
3818,3818,2620,2620,2620,1276,1276
3819,3819,2621,2621,2621,1276,1276
3820,3820,2622,2622,2622,1276,1276
3821,3821,2623,2623,2623,1276,1276
3822,3822,2624,2624,2624,1276,1276
3823,3823,2625,2625,2625,1276,1276
3824,3824,2626,2626,2626,1276,1276
3826,3826,2627,2627,2627,1277,1277
3827,3827,2628,2628,2628,1277,1277
3828,3828,2629,2629,2629,1277,1277
3829,3829,2630,2630,2630,1277,1277
3831,3831,2631,2631,2631,1278,1278
3832,3832,2632,2632,2632,1278,1278
3833,3833,2633,2633,2633,1278,1278
3834,3834,2634,2634,2634,1278,1278
3836,3836,2635,2635,2635,1279,1279
3837,3837,2636,2636,2636,1279,1279
3838,3838,2637,2637,2637,1279,1279
3839,3839,2638,2638,2638,1279,1279
3840,3840,2639,2639,2639,1279,1279
3841,3841,2640,2640,2640,1279,1279
3843,3843,2641,2641,2641,1279,1279
3845,3845,2642,2642,2642,1280,1280
3846,3846,2643,2643,2643,1280,1280
3848,3848,2644,2644,2644,1281,1281
3849,3849,2645,2645,2645,1281,1281
3850,3850,2646,2646,2646,1281,1281
3852,3852,2647,2647,2647,1282,1282
3853,3853,2648,2648,2648,1282,1282
3854,3854,2649,2649,2649,1282,1282
3855,3855,2650,2650,2650,1282,1282
3856,3856,2651,2651,2651,1282,1282
3857,3857,2652,2652,2652,1282,1282
3858,3858,2653,2653,2653,1282,1282
3859,3859,2654,2654,2654,1282,1282
3860,3860,2655,2655,2655,1282,1282
3861,3861,2656,2656,2656,1282,1282
3862,3862,2657,2657,2657,1282,1282
3863,3863,2658,2658,2658,1282,1282
3865,3865,2659,2659,2659,1283,1283
3865,3865,2660,2659,2660,1283,1283
3866,3866,2661,2661,2661,1283,1283
3867,3867,2662,2662,2662,1283,1283
3868,3868,2663,2663,2663,1283,1283
3870,3870,2664,2664,2664,1284,1284
3871,3871,2665,2665,2665,1284,1284
3872,3872,2666,2666,2666,1284,1284
3873,3873,2667,2667,2667,1284,1284
3875,3875,2668,2668,2668,1285,1285
3876,3876,2669,2669,2669,1285,1285
3877,3877,2670,2670,2670,1285,1285
3876,3877,2671,2670,2671,1285,1285
3877,3877,2672,2670,2672,1285,1285
3878,3878,2673,2673,2673,1285,1285
3879,3879,2674,2674,2674,1285,1285
3880,3880,2675,2675,2675,1285,1285
3881,3881,2676,2676,2676,1285,1285
3882,3882,2677,2677,2677,1285,1285
3883,3883,2678,2678,2678,1285,1285
3883,3883,2679,2678,2679,1285,1285
3885,3885,2680,2680,2680,1286,1286
3886,3886,2681,2681,2681,1286,1286
3888,3888,2682,2682,2682,1287,1287
3889,3889,2683,2683,2683,1287,1287
3891,3891,2684,2684,2684,1288,1288
3892,3892,2685,2685,2685,1288,1288
3893,3893,2686,2686,2686,1288,1288
3895,3895,2687,2687,2687,1289,1289
3897,3897,2688,2688,2688,1290,1290
3898,3898,2689,2689,2689,1290,1290
3897,3898,2690,2689,2690,1290,1290
3898,3898,2691,2689,2691,1290,1290
3899,3899,2692,2692,2692,1290,1290
3900,3900,2693,2693,2693,1290,1290
3901,3901,2694,2694,2694,1290,1290
3902,3902,2695,2695,2695,1290,1290
3903,3903,2696,2696,2696,1290,1290
3904,3904,2697,2697,2697,1290,1290
3905,3905,2698,2698,2698,1290,1290
3906,3906,2699,2699,2699,1290,1290
3907,3907,2700,2700,2700,1290,1290
3908,3908,2701,2701,2701,1290,1290
3909,3909,2702,2702,2702,1290,1290
3910,3910,2703,2703,2703,1290,1290
3911,3911,2704,2704,2704,1290,1290
3912,3912,2705,2705,2705,1290,1290
3913,3913,2706,2706,2706,1290,1290
3914,3914,2707,2707,2707,1290,1290
3916,3916,2708,2708,2708,1291,1291
3917,3917,2709,2709,2709,1291,1291
3918,3918,2710,2710,2710,1291,1291
3920,3920,2711,2711,2711,1292,1292
3922,3922,2712,2712,2712,1293,1293
3924,3924,2713,2713,2713,1294,1294
3925,3925,2714,2714,2714,1294,1294
3926,3926,2715,2715,2715,1294,1294
3926,3926,2716,2715,2716,1294,1294
3927,3927,2717,2717,2717,1294,1294
3928,3928,2718,2718,2718,1294,1294
3929,3929,2719,2719,2719,1294,1294
3930,3930,2720,2720,2720,1294,1294
3931,3931,2721,2721,2721,1294,1294
3930,3931,2722,2721,2722,1294,1294
3932,3932,2723,2723,2723,1295,1295
3933,3933,2724,2724,2724,1295,1295
3934,3934,2725,2725,2725,1295,1295
3935,3935,2726,2726,2726,1295,1295
3937,3937,2727,2727,2727,1296,1296
3938,3938,2728,2728,2728,1296,1296
3939,3939,2729,2729,2729,1296,1296
3940,3940,2730,2730,2730,1296,1296
3941,3941,2731,2731,2731,1296,1296
3942,3942,2732,2732,2732,1296,1296
3943,3943,2733,2733,2733,1296,1296
3944,3944,2734,2734,2734,1296,1296
3945,3945,2735,2735,2735,1296,1296
3947,3947,2736,2736,2736,1297,1297
3949,3949,2737,2737,2737,1298,1298
3947,3949,2738,2737,2738,1298,1298
3948,3949,2739,2737,2739,1298,1298
3948,3949,2740,2737,2740,1298,1298
3949,3949,2741,2737,2741,1298,1298
3950,3950,2742,2742,2742,1298,1298
3951,3951,2743,2743,2743,1298,1298
3952,3952,2744,2744,2744,1298,1298
3954,3954,2745,2745,2745,1299,1299
3955,3955,2746,2746,2746,1299,1299
3956,3956,2747,2747,2747,1299,1299
3957,3957,2748,2748,2748,1299,1299
3958,3958,2749,2749,2749,1299,1299
3959,3959,2750,2750,2750,1299,1299
3960,3960,2751,2751,2751,1299,1299
3961,3961,2752,2752,2752,1299,1299
3962,3962,2753,2753,2753,1299,1299
3963,3963,2754,2754,2754,1299,1299
3964,3964,2755,2755,2755,1299,1299
3965,3965,2756,2756,2756,1299,1299
3966,3966,2757,2757,2757,1299,1299
3967,3967,2758,2758,2758,1299,1299
3968,3968,2759,2759,2759,1299,1299
3970,3970,2760,2760,2760,1300,1300
3971,3971,2761,2761,2761,1300,1300
3972,3972,2762,2762,2762,1300,1300
3973,3973,2763,2763,2763,1300,1300
3972,3973,2764,2763,2764,1300,1300
3973,3973,2765,2763,2765,1300,1300
3974,3974,2766,2766,2766,1300,1300
3975,3975,2767,2767,2767,1300,1300
3976,3976,2768,2768,2768,1300,1300
3977,3977,2769,2769,2769,1300,1300
3978,3978,2770,2770,2770,1300,1300
3980,3980,2771,2771,2771,1301,1301
3982,3982,2772,2772,2772,1302,1302
3979,3982,2773,2772,2773,1302,1302
3980,3982,2774,2772,2774,1302,1302
3981,3982,2775,2772,2775,1302,1302
3982,3982,2776,2772,2776,1302,1302
3983,3983,2777,2777,2777,1302,1302
3984,3984,2778,2778,2778,1302,1302
3985,3985,2779,2779,2779,1302,1302
3986,3986,2780,2780,2780,1302,1302
3987,3987,2781,2781,2781,1302,1302
3988,3988,2782,2782,2782,1302,1302
3989,3989,2783,2783,2783,1302,1302
3990,3990,2784,2784,2784,1302,1302
3991,3991,2785,2785,2785,1302,1302
3993,3993,2786,2786,2786,1303,1303
3994,3994,2787,2787,2787,1303,1303
3995,3995,2788,2788,2788,1303,1303
3996,3996,2789,2789,2789,1303,1303
3997,3997,2790,2790,2790,1303,1303
3998,3998,2791,2791,2791,1303,1303
3999,3999,2792,2792,2792,1303,1303
4000,4000,2793,2793,2793,1303,1303
4002,4002,2794,2794,2794,1304,1304
4003,4003,2795,2795,2795,1304,1304
4004,4004,2796,2796,2796,1304,1304
4005,4005,2797,2797,2797,1304,1304
4006,4006,2798,2798,2798,1304,1304
4007,4007,2799,2799,2799,1304,1304
4008,4008,2800,2800,2800,1304,1304
4010,4010,2801,2801,2801,1305,1305
4011,4011,2802,2802,2802,1305,1305
4012,4012,2803,2803,2803,1305,1305
4013,4013,2804,2804,2804,1305,1305
4014,4014,2805,2805,2805,1305,1305
4016,4016,2806,2806,2806,1306,1306
4017,4017,2807,2807,2807,1306,1306
4018,4018,2808,2808,2808,1306,1306
4020,4020,2809,2809,2809,1307,1307
4021,4021,2810,2810,2810,1307,1307
4022,4022,2811,2811,2811,1307,1307
4023,4023,2812,2812,2812,1307,1307
4024,4024,2813,2813,2813,1307,1307
4026,4026,2814,2814,2814,1308,1308
4027,4027,2815,2815,2815,1308,1308
4028,4028,2816,2816,2816,1308,1308
4028,4028,2817,2816,2817,1308,1308
4029,4029,2818,2818,2818,1308,1308
4030,4030,2819,2819,2819,1308,1308
4031,4031,2820,2820,2820,1308,1308
4032,4032,2821,2821,2821,1308,1308
4033,4033,2822,2822,2822,1308,1308
4034,4034,2823,2823,2823,1308,1308
4035,4035,2824,2824,2824,1308,1308
4036,4036,2825,2825,2825,1308,1308
4038,4038,2826,2826,2826,1309,1309
4039,4039,2827,2827,2827,1309,1309
4040,4040,2828,2828,2828,1309,1309
4041,4041,2829,2829,2829,1309,1309
4042,4042,2830,2830,2830,1309,1309
4044,4044,2831,2831,2831,1310,1310
4044,4044,2832,2831,2832,1310,1310
4045,4045,2833,2833,2833,1310,1310
4046,4046,2834,2834,2834,1310,1310
4048,4048,2835,2835,2835,1311,1311
4049,4049,2836,2836,2836,1311,1311
4050,4050,2837,2837,2837,1311,1311
4051,4051,2838,2838,2838,1311,1311
4052,4052,2839,2839,2839,1311,1311
4053,4053,2840,2840,2840,1311,1311
4055,4055,2841,2841,2841,1312,1312
4056,4056,2842,2842,2842,1312,1312
4057,4057,2843,2843,2843,1312,1312
4058,4058,2844,2844,2844,1312,1312
4059,4059,2845,2845,2845,1312,1312
4060,4060,2846,2846,2846,1312,1312
4061,4061,2847,2847,2847,1312,1312
4062,4062,2848,2848,2848,1312,1312
4063,4063,2849,2849,2849,1312,1312
4064,4064,2850,2850,2850,1312,1312
4065,4065,2851,2851,2851,1312,1312
4066,4066,2852,2852,2852,1312,1312
4067,4067,2853,2853,2853,1312,1312
4068,4068,2854,2854,2854,1312,1312
4069,4069,2855,2855,2855,1312,1312
4071,4071,2856,2856,2856,1313,1313
4072,4072,2857,2857,2857,1313,1313
4073,4073,2858,2858,2858,1313,1313
4074,4074,2859,2859,2859,1313,1313
4075,4075,2860,2860,2860,1313,1313
4076,4076,2861,2861,2861,1313,1313
4077,4077,2862,2862,2862,1313,1313
4079,4079,2863,2863,2863,1314,1314
4081,4081,2864,2864,2864,1315,1315
4080,4081,2865,2864,2865,1315,1315
4082,4082,2866,2866,2866,1316,1316
4083,4083,2867,2867,2867,1316,1316
4084,4084,2868,2868,2868,1316,1316
4085,4085,2869,2869,2869,1316,1316
4086,4086,2870,2870,2870,1316,1316
4088,4088,2871,2871,2871,1317,1317
4090,4090,2872,2872,2872,1318,1318
4091,4091,2873,2873,2873,1318,1318
4092,4092,2874,2874,2874,1318,1318
4093,4093,2875,2875,2875,1318,1318
4094,4094,2876,2876,2876,1318,1318
4095,4095,2877,2877,2877,1318,1318
4096,4096,2878,2878,2878,1318,1318
4098,4098,2879,2879,2879,1319,1319
4099,4099,2880,2880,2880,1319,1319
4100,4100,2881,2881,2881,1319,1319
4101,4101,2882,2882,2882,1319,1319
4102,4102,2883,2883,2883,1319,1319
4104,4104,2884,2884,2884,1320,1320
4105,4105,2885,2885,2885,1320,1320
4106,4106,2886,2886,2886,1320,1320
4107,4107,2887,2887,2887,1320,1320
4108,4108,2888,2888,2888,1320,1320
4109,4109,2889,2889,2889,1320,1320
4110,4110,2890,2890,2890,1320,1320
4111,4111,2891,2891,2891,1320,1320
4112,4112,2892,2892,2892,1320,1320
4111,4112,2893,2892,2893,1320,1320
4112,4112,2894,2892,2894,1320,1320
4113,4113,2895,2895,2895,1320,1320
4114,4114,2896,2896,2896,1320,1320
4115,4115,2897,2897,2897,1320,1320
4116,4116,2898,2898,2898,1320,1320
4117,4117,2899,2899,2899,1320,1320
4119,4119,2900,2900,2900,1321,1321
4121,4121,2901,2901,2901,1322,1322
4122,4122,2902,2902,2902,1322,1322
4123,4123,2903,2903,2903,1322,1322
4124,4124,2904,2904,2904,1322,1322
4125,4125,2905,2905,2905,1322,1322
4127,4127,2906,2906,2906,1323,1323
4128,4128,2907,2907,2907,1323,1323
4129,4129,2908,2908,2908,1323,1323
4131,4131,2909,2909,2909,1324,1324
4132,4132,2910,2910,2910,1324,1324
4133,4133,2911,2911,2911,1324,1324
4134,4134,2912,2912,2912,1324,1324
4135,4135,2913,2913,2913,1324,1324
4135,4135,2914,2913,2914,1324,1324
4136,4136,2915,2915,2915,1324,1324
4137,4137,2916,2916,2916,1324,1324
4138,4138,2917,2917,2917,1324,1324
4139,4139,2918,2918,2918,1324,1324
4140,4140,2919,2919,2919,1324,1324
4141,4141,2920,2920,2920,1324,1324
4142,4142,2921,2921,2921,1324,1324
4140,4142,2922,2921,2922,1324,1324
4141,4142,2923,2921,2923,1324,1324
4142,4142,2924,2921,2924,1324,1324
4143,4143,2925,2925,2925,1324,1324
4144,4144,2926,2926,2926,1324,1324
4145,4145,2927,2927,2927,1324,1324
4144,4145,2928,2927,2928,1324,1324
4145,4145,2929,2927,2929,1324,1324
4146,4146,2930,2930,2930,1324,1324
4148,4148,2931,2931,2931,1325,1325
4149,4149,2932,2932,2932,1325,1325
4150,4150,2933,2933,2933,1325,1325
4152,4152,2934,2934,2934,1326,1326
4154,4154,2935,2935,2935,1327,1327
4156,4156,2936,2936,2936,1328,1328
4157,4157,2937,2937,2937,1328,1328
4158,4158,2938,2938,2938,1328,1328
4159,4159,2939,2939,2939,1328,1328
4160,4160,2940,2940,2940,1328,1328
4162,4162,2941,2941,2941,1329,1329
4163,4163,2942,2942,2942,1329,1329
4164,4164,2943,2943,2943,1329,1329
4166,4166,2944,2944,2944,1330,1330
4167,4167,2945,2945,2945,1330,1330
4169,4169,2946,2946,2946,1331,1331
4170,4170,2947,2947,2947,1331,1331
4171,4171,2948,2948,2948,1331,1331
4172,4172,2949,2949,2949,1331,1331
4173,4173,2950,2950,2950,1331,1331
4174,4174,2951,2951,2951,1331,1331
4175,4175,2952,2952,2952,1331,1331
4176,4176,2953,2953,2953,1331,1331
4177,4177,2954,2954,2954,1331,1331
4178,4178,2955,2955,2955,1331,1331
4179,4179,2956,2956,2956,1331,1331
4180,4180,2957,2957,2957,1331,1331
4182,4182,2958,2958,2958,1332,1332
4184,4184,2959,2959,2959,1333,1333
4185,4185,2960,2960,2960,1333,1333
4186,4186,2961,2961,2961,1333,1333
4187,4187,2962,2962,2962,1333,1333
4188,4188,2963,2963,2963,1333,1333
4189,4189,2964,2964,2964,1333,1333
4187,4189,2965,2964,2965,1333,1333
4188,4189,2966,2964,2966,1333,1333
4189,4189,2967,2964,2967,1333,1333
4191,4191,2968,2968,2968,1334,1334
4193,4193,2969,2969,2969,1335,1335
4194,4194,2970,2970,2970,1335,1335
4195,4195,2971,2971,2971,1335,1335
4196,4196,2972,2972,2972,1335,1335
4197,4197,2973,2973,2973,1335,1335
4198,4198,2974,2974,2974,1335,1335
4199,4199,2975,2975,2975,1335,1335
4200,4200,2976,2976,2976,1335,1335
4201,4201,2977,2977,2977,1335,1335
4202,4202,2978,2978,2978,1335,1335
4203,4203,2979,2979,2979,1335,1335
4205,4205,2980,2980,2980,1336,1336
4206,4206,2981,2981,2981,1336,1336
4207,4207,2982,2982,2982,1336,1336
4208,4208,2983,2983,2983,1336,1336
4209,4209,2984,2984,2984,1336,1336
4210,4210,2985,2985,2985,1336,1336
4211,4211,2986,2986,2986,1336,1336
4212,4212,2987,2987,2987,1336,1336
4214,4214,2988,2988,2988,1337,1337
4216,4216,2989,2989,2989,1338,1338
4217,4217,2990,2990,2990,1338,1338
4218,4218,2991,2991,2991,1338,1338
4219,4219,2992,2992,2992,1338,1338
4220,4220,2993,2993,2993,1338,1338
4221,4221,2994,2994,2994,1338,1338
4223,4223,2995,2995,2995,1339,1339
4224,4224,2996,2996,2996,1339,1339
4225,4225,2997,2997,2997,1339,1339
4226,4226,2998,2998,2998,1339,1339
4227,4227,2999,2999,2999,1339,1339
4228,4228,3000,3000,3000,1339,1339
4229,4229,3001,3001,3001,1339,1339
4230,4230,3002,3002,3002,1339,1339
4231,4231,3003,3003,3003,1339,1339
4232,4232,3004,3004,3004,1339,1339
4233,4233,3005,3005,3005,1339,1339
4235,4235,3006,3006,3006,1340,1340
4237,4237,3007,3007,3007,1341,1341
4239,4239,3008,3008,3008,1342,1342
4240,4240,3009,3009,3009,1342,1342
4242,4242,3010,3010,3010,1343,1343
4243,4243,3011,3011,3011,1343,1343
4244,4244,3012,3012,3012,1343,1343
4245,4245,3013,3013,3013,1343,1343
4246,4246,3014,3014,3014,1343,1343
4247,4247,3015,3015,3015,1343,1343
4249,4249,3016,3016,3016,1344,1344
4250,4250,3017,3017,3017,1344,1344
4251,4251,3018,3018,3018,1344,1344
4252,4252,3019,3019,3019,1344,1344
4253,4253,3020,3020,3020,1344,1344
4254,4254,3021,3021,3021,1344,1344
4255,4255,3022,3022,3022,1344,1344
4256,4256,3023,3023,3023,1344,1344
4257,4257,3024,3024,3024,1344,1344
4258,4258,3025,3025,3025,1344,1344
4259,4259,3026,3026,3026,1344,1344
4260,4260,3027,3027,3027,1344,1344
4262,4262,3028,3028,3028,1345,1345
4263,4263,3029,3029,3029,1345,1345
4265,4265,3030,3030,3030,1346,1346
4266,4266,3031,3031,3031,1346,1346
4268,4268,3032,3032,3032,1347,1347
4269,4269,3033,3033,3033,1347,1347
4270,4270,3034,3034,3034,1347,1347
4272,4272,3035,3035,3035,1348,1348
4273,4273,3036,3036,3036,1348,1348
4274,4274,3037,3037,3037,1348,1348
4275,4275,3038,3038,3038,1348,1348
4276,4276,3039,3039,3039,1348,1348
4278,4278,3040,3040,3040,1349,1349
4279,4279,3041,3041,3041,1349,1349
4280,4280,3042,3042,3042,1349,1349
4281,4281,3043,3043,3043,1349,1349
4282,4282,3044,3044,3044,1349,1349
4284,4284,3045,3045,3045,1350,1350
4285,4285,3046,3046,3046,1350,1350
4286,4286,3047,3047,3047,1350,1350
4288,4288,3048,3048,3048,1351,1351
4286,4288,3049,3048,3049,1351,1351
4287,4288,3050,3048,3050,1351,1351
4288,4288,3051,3048,3051,1351,1351
4289,4289,3052,3052,3052,1351,1351
4290,4290,3053,3053,3053,1351,1351
4291,4291,3054,3054,3054,1351,1351
4293,4293,3055,3055,3055,1352,1352
4294,4294,3056,3056,3056,1352,1352
4295,4295,3057,3057,3057,1352,1352
4296,4296,3058,3058,3058,1352,1352
4298,4298,3059,3059,3059,1353,1353
4299,4299,3060,3060,3060,1353,1353
4300,4300,3061,3061,3061,1353,1353
4301,4301,3062,3062,3062,1353,1353
4303,4303,3063,3063,3063,1354,1354
4304,4304,3064,3064,3064,1354,1354
4305,4305,3065,3065,3065,1354,1354
4306,4306,3066,3066,3066,1354,1354
4308,4308,3067,3067,3067,1355,1355
4309,4309,3068,3068,3068,1355,1355
4310,4310,3069,3069,3069,1355,1355
4311,4311,3070,3070,3070,1355,1355
4312,4312,3071,3071,3071,1355,1355
4314,4314,3072,3072,3072,1356,1356
4315,4315,3073,3073,3073,1356,1356
4317,4317,3074,3074,3074,1357,1357
4319,4319,3075,3075,3075,1358,1358
4320,4320,3076,3076,3076,1358,1358
4321,4321,3077,3077,3077,1358,1358
4323,4323,3078,3078,3078,1359,1359
4323,4323,3079,3078,3079,1359,1359
4325,4325,3080,3080,3080,1360,1360
4326,4326,3081,3081,3081,1360,1360
4328,4328,3082,3082,3082,1361,1361
4329,4329,3083,3083,3083,1361,1361
4330,4330,3084,3084,3084,1361,1361
4331,4331,3085,3085,3085,1361,1361
4332,4332,3086,3086,3086,1361,1361
4333,4333,3087,3087,3087,1361,1361
4334,4334,3088,3088,3088,1361,1361
4335,4335,3089,3089,3089,1361,1361
4336,4336,3090,3090,3090,1361,1361
4337,4337,3091,3091,3091,1361,1361
4338,4338,3092,3092,3092,1361,1361
4339,4339,3093,3093,3093,1361,1361
4339,4339,3094,3093,3094,1361,1361
4340,4340,3095,3095,3095,1361,1361
4341,4341,3096,3096,3096,1361,1361
4342,4342,3097,3097,3097,1361,1361
4343,4343,3098,3098,3098,1361,1361
4344,4344,3099,3099,3099,1361,1361
4345,4345,3100,3100,3100,1361,1361
4346,4346,3101,3101,3101,1361,1361
4347,4347,3102,3102,3102,1361,1361
4348,4348,3103,3103,3103,1361,1361
4349,4349,3104,3104,3104,1361,1361
4350,4350,3105,3105,3105,1361,1361
4352,4352,3106,3106,3106,1362,1362
4354,4354,3107,3107,3107,1363,1363
4355,4355,3108,3108,3108,1363,1363
4356,4356,3109,3109,3109,1363,1363
4357,4357,3110,3110,3110,1363,1363
4358,4358,3111,3111,3111,1363,1363
4359,4359,3112,3112,3112,1363,1363
4360,4360,3113,3113,3113,1363,1363
4361,4361,3114,3114,3114,1363,1363
4362,4362,3115,3115,3115,1363,1363
4363,4363,3116,3116,3116,1363,1363
4365,4365,3117,3117,3117,1364,1364
4366,4366,3118,3118,3118,1364,1364
4367,4367,3119,3119,3119,1364,1364
4368,4368,3120,3120,3120,1364,1364
4369,4369,3121,3121,3121,1364,1364
4371,4371,3122,3122,3122,1365,1365
4372,4372,3123,3123,3123,1365,1365
4374,4374,3124,3124,3124,1366,1366
4376,4376,3125,3125,3125,1367,1367
4377,4377,3126,3126,3126,1367,1367
4378,4378,3127,3127,3127,1367,1367
4379,4379,3128,3128,3128,1367,1367
4380,4380,3129,3129,3129,1367,1367
4381,4381,3130,3130,3130,1367,1367
4382,4382,3131,3131,3131,1367,1367
4383,4383,3132,3132,3132,1367,1367
4384,4384,3133,3133,3133,1367,1367
4385,4385,3134,3134,3134,1367,1367
4386,4386,3135,3135,3135,1367,1367
4387,4387,3136,3136,3136,1367,1367
4388,4388,3137,3137,3137,1367,1367
4389,4389,3138,3138,3138,1367,1367
4390,4390,3139,3139,3139,1367,1367
4391,4391,3140,3140,3140,1367,1367
4393,4393,3141,3141,3141,1368,1368
4394,4394,3142,3142,3142,1368,1368
4395,4395,3143,3143,3143,1368,1368
4396,4396,3144,3144,3144,1368,1368
4397,4397,3145,3145,3145,1368,1368
4398,4398,3146,3146,3146,1368,1368
4399,4399,3147,3147,3147,1368,1368
4397,4399,3148,3147,3148,1368,1368
4398,4399,3149,3147,3149,1368,1368
4399,4399,3150,3147,3150,1368,1368
4400,4400,3151,3151,3151,1368,1368
4401,4401,3152,3152,3152,1368,1368
4402,4402,3153,3153,3153,1368,1368
4403,4403,3154,3154,3154,1368,1368
4404,4404,3155,3155,3155,1368,1368
4404,4404,3156,3155,3156,1368,1368
4405,4405,3157,3157,3157,1368,1368
4406,4406,3158,3158,3158,1368,1368
4407,4407,3159,3159,3159,1368,1368
4409,4409,3160,3160,3160,1369,1369
4410,4410,3161,3161,3161,1369,1369
4411,4411,3162,3162,3162,1369,1369
4412,4412,3163,3163,3163,1369,1369
4413,4413,3164,3164,3164,1369,1369
4414,4414,3165,3165,3165,1369,1369
4415,4415,3166,3166,3166,1369,1369
4416,4416,3167,3167,3167,1369,1369
4417,4417,3168,3168,3168,1369,1369
4418,4418,3169,3169,3169,1369,1369
4419,4419,3170,3170,3170,1369,1369
4420,4420,3171,3171,3171,1369,1369
4421,4421,3172,3172,3172,1369,1369
4422,4422,3173,3173,3173,1369,1369
4424,4424,3174,3174,3174,1370,1370
4425,4425,3175,3175,3175,1370,1370
4426,4426,3176,3176,3176,1370,1370
4427,4427,3177,3177,3177,1370,1370
4428,4428,3178,3178,3178,1370,1370
4429,4429,3179,3179,3179,1370,1370
4430,4430,3180,3180,3180,1370,1370
4432,4432,3181,3181,3181,1371,1371
4433,4433,3182,3182,3182,1371,1371
4434,4434,3183,3183,3183,1371,1371
4435,4435,3184,3184,3184,1371,1371
4436,4436,3185,3185,3185,1371,1371
4437,4437,3186,3186,3186,1371,1371
4438,4438,3187,3187,3187,1371,1371
4439,4439,3188,3188,3188,1371,1371
4440,4440,3189,3189,3189,1371,1371
4441,4441,3190,3190,3190,1371,1371
4442,4442,3191,3191,3191,1371,1371
4443,4443,3192,3192,3192,1371,1371
4444,4444,3193,3193,3193,1371,1371
4445,4445,3194,3194,3194,1371,1371
4447,4447,3195,3195,3195,1372,1372
4448,4448,3196,3196,3196,1372,1372
4449,4449,3197,3197,3197,1372,1372
4450,4450,3198,3198,3198,1372,1372
4452,4452,3199,3199,3199,1373,1373
4453,4453,3200,3200,3200,1373,1373
4454,4454,3201,3201,3201,1373,1373
4455,4455,3202,3202,3202,1373,1373
4456,4456,3203,3203,3203,1373,1373
4457,4457,3204,3204,3204,1373,1373
4458,4458,3205,3205,3205,1373,1373
4459,4459,3206,3206,3206,1373,1373
4458,4459,3207,3206,3207,1373,1373
4459,4459,3208,3206,3208,1373,1373
4460,4460,3209,3209,3209,1373,1373
4461,4461,3210,3210,3210,1373,1373
4462,4462,3211,3211,3211,1373,1373
4463,4463,3212,3212,3212,1373,1373
4464,4464,3213,3213,3213,1373,1373
4465,4465,3214,3214,3214,1373,1373
4466,4466,3215,3215,3215,1373,1373
4463,4466,3216,3215,3216,1373,1373
4464,4466,3217,3215,3217,1373,1373
4465,4466,3218,3215,3218,1373,1373
4466,4466,3219,3215,3219,1373,1373
4467,4467,3220,3220,3220,1373,1373
4468,4468,3221,3221,3221,1373,1373
4469,4469,3222,3222,3222,1373,1373
4471,4471,3223,3223,3223,1374,1374
4472,4472,3224,3224,3224,1374,1374
4473,4473,3225,3225,3225,1374,1374
4474,4474,3226,3226,3226,1374,1374
4475,4475,3227,3227,3227,1374,1374
4476,4476,3228,3228,3228,1374,1374
4477,4477,3229,3229,3229,1374,1374
4477,4477,3230,3229,3230,1374,1374
4478,4478,3231,3231,3231,1374,1374
4479,4479,3232,3232,3232,1374,1374
4480,4480,3233,3233,3233,1374,1374
4481,4481,3234,3234,3234,1374,1374
4482,4482,3235,3235,3235,1374,1374
4484,4484,3236,3236,3236,1375,1375
4482,4484,3237,3236,3237,1375,1375
4483,4484,3238,3236,3238,1375,1375
4484,4484,3239,3236,3239,1375,1375
4485,4485,3240,3240,3240,1375,1375
4487,4487,3241,3241,3241,1376,1376
4488,4488,3242,3242,3242,1376,1376
4489,4489,3243,3243,3243,1376,1376
4490,4490,3244,3244,3244,1376,1376
4491,4491,3245,3245,3245,1376,1376
4492,4492,3246,3246,3246,1376,1376
4489,4492,3247,3246,3247,1376,1376
4490,4492,3248,3246,3248,1376,1376
4491,4492,3249,3246,3249,1376,1376
4492,4492,3250,3246,3250,1376,1376
4494,4494,3251,3251,3251,1377,1377
4495,4495,3252,3252,3252,1377,1377
4497,4497,3253,3253,3253,1378,1378
4497,4497,3254,3253,3254,1378,1378
4498,4498,3255,3255,3255,1378,1378
4499,4499,3256,3256,3256,1378,1378
4500,4500,3257,3257,3257,1378,1378
4501,4501,3258,3258,3258,1378,1378
4502,4502,3259,3259,3259,1378,1378
4503,4503,3260,3260,3260,1378,1378
4504,4504,3261,3261,3261,1378,1378
4506,4506,3262,3262,3262,1379,1379
4507,4507,3263,3263,3263,1379,1379
4508,4508,3264,3264,3264,1379,1379
4509,4509,3265,3265,3265,1379,1379
4509,4509,3266,3265,3266,1379,1379
4510,4510,3267,3267,3267,1379,1379
4511,4511,3268,3268,3268,1379,1379
4513,4513,3269,3269,3269,1380,1380
4514,4514,3270,3270,3270,1380,1380
4515,4515,3271,3271,3271,1380,1380
4516,4516,3272,3272,3272,1380,1380
4517,4517,3273,3273,3273,1380,1380
4519,4519,3274,3274,3274,1381,1381
4520,4520,3275,3275,3275,1381,1381
4521,4521,3276,3276,3276,1381,1381
4522,4522,3277,3277,3277,1381,1381
4523,4523,3278,3278,3278,1381,1381
4524,4524,3279,3279,3279,1381,1381
4525,4525,3280,3280,3280,1381,1381
4526,4526,3281,3281,3281,1381,1381
4527,4527,3282,3282,3282,1381,1381
4528,4528,3283,3283,3283,1381,1381
4529,4529,3284,3284,3284,1381,1381
4530,4530,3285,3285,3285,1381,1381
4531,4531,3286,3286,3286,1381,1381
4532,4532,3287,3287,3287,1381,1381
4533,4533,3288,3288,3288,1381,1381
4534,4534,3289,3289,3289,1381,1381
4535,4535,3290,3290,3290,1381,1381
4536,4536,3291,3291,3291,1381,1381
4537,4537,3292,3292,3292,1381,1381
4538,4538,3293,3293,3293,1381,1381
4537,4538,3294,3293,3294,1381,1381
4537,4538,3295,3293,3295,1381,1381
4539,4539,3296,3296,3296,1381,1381
4541,4541,3297,3297,3297,1382,1382
4542,4542,3298,3298,3298,1382,1382
4543,4543,3299,3299,3299,1382,1382
4544,4544,3300,3300,3300,1382,1382
4545,4545,3301,3301,3301,1382,1382
4547,4547,3302,3302,3302,1383,1383
4548,4548,3303,3303,3303,1383,1383
4549,4549,3304,3304,3304,1383,1383
4551,4551,3305,3305,3305,1384,1384
4553,4553,3306,3306,3306,1385,1385
4554,4554,3307,3307,3307,1385,1385
4555,4555,3308,3308,3308,1385,1385
4556,4556,3309,3309,3309,1385,1385
4557,4557,3310,3310,3310,1385,1385
4558,4558,3311,3311,3311,1385,1385
4559,4559,3312,3312,3312,1385,1385
4560,4560,3313,3313,3313,1385,1385
4561,4561,3314,3314,3314,1385,1385
4562,4562,3315,3315,3315,1385,1385
4563,4563,3316,3316,3316,1385,1385
4564,4564,3317,3317,3317,1385,1385
4565,4565,3318,3318,3318,1385,1385
4566,4566,3319,3319,3319,1385,1385
4567,4567,3320,3320,3320,1385,1385
4568,4568,3321,3321,3321,1385,1385
4569,4569,3322,3322,3322,1385,1385
4570,4570,3323,3323,3323,1385,1385
4571,4571,3324,3324,3324,1385,1385
4572,4572,3325,3325,3325,1385,1385
4573,4573,3326,3326,3326,1385,1385
4574,4574,3327,3327,3327,1385,1385
4575,4575,3328,3328,3328,1385,1385
4576,4576,3329,3329,3329,1385,1385
4577,4577,3330,3330,3330,1385,1385
4578,4578,3331,3331,3331,1385,1385
4579,4579,3332,3332,3332,1385,1385
4580,4580,3333,3333,3333,1385,1385
4581,4581,3334,3334,3334,1385,1385
4583,4583,3335,3335,3335,1386,1386
4585,4585,3336,3336,3336,1387,1387
4587,4587,3337,3337,3337,1388,1388
4589,4589,3338,3338,3338,1389,1389
4590,4590,3339,3339,3339,1389,1389
4591,4591,3340,3340,3340,1389,1389
4593,4593,3341,3341,3341,1390,1390
4594,4594,3342,3342,3342,1390,1390
4595,4595,3343,3343,3343,1390,1390
4596,4596,3344,3344,3344,1390,1390
4597,4597,3345,3345,3345,1390,1390
4598,4598,3346,3346,3346,1390,1390
4599,4599,3347,3347,3347,1390,1390
4600,4600,3348,3348,3348,1390,1390
4601,4601,3349,3349,3349,1390,1390
4602,4602,3350,3350,3350,1390,1390
4604,4604,3351,3351,3351,1391,1391
4605,4605,3352,3352,3352,1391,1391
4606,4606,3353,3353,3353,1391,1391
4607,4607,3354,3354,3354,1391,1391
4608,4608,3355,3355,3355,1391,1391
4609,4609,3356,3356,3356,1391,1391
4610,4610,3357,3357,3357,1391,1391
4611,4611,3358,3358,3358,1391,1391
4612,4612,3359,3359,3359,1391,1391
4613,4613,3360,3360,3360,1391,1391
4615,4615,3361,3361,3361,1392,1392
4616,4616,3362,3362,3362,1392,1392
4617,4617,3363,3363,3363,1392,1392
4618,4618,3364,3364,3364,1392,1392
4620,4620,3365,3365,3365,1393,1393
4621,4621,3366,3366,3366,1393,1393
4622,4622,3367,3367,3367,1393,1393
4623,4623,3368,3368,3368,1393,1393
4624,4624,3369,3369,3369,1393,1393
4625,4625,3370,3370,3370,1393,1393
4626,4626,3371,3371,3371,1393,1393
4627,4627,3372,3372,3372,1393,1393
4628,4628,3373,3373,3373,1393,1393
4629,4629,3374,3374,3374,1393,1393
4630,4630,3375,3375,3375,1393,1393
4631,4631,3376,3376,3376,1393,1393
4632,4632,3377,3377,3377,1393,1393
4633,4633,3378,3378,3378,1393,1393
4634,4634,3379,3379,3379,1393,1393
4636,4636,3380,3380,3380,1394,1394
4638,4638,3381,3381,3381,1395,1395
4639,4639,3382,3382,3382,1395,1395
4640,4640,3383,3383,3383,1395,1395
4639,4640,3384,3383,3384,1395,1395
4640,4640,3385,3383,3385,1395,1395
4641,4641,3386,3386,3386,1395,1395
4643,4643,3387,3387,3387,1396,1396
4644,4644,3388,3388,3388,1396,1396
4645,4645,3389,3389,3389,1396,1396
4646,4646,3390,3390,3390,1396,1396
4647,4647,3391,3391,3391,1396,1396
4648,4648,3392,3392,3392,1396,1396
4649,4649,3393,3393,3393,1396,1396
4650,4650,3394,3394,3394,1396,1396
4651,4651,3395,3395,3395,1396,1396
4652,4652,3396,3396,3396,1396,1396
4653,4653,3397,3397,3397,1396,1396
4654,4654,3398,3398,3398,1396,1396
4650,4654,3399,3398,3399,1396,1396
4651,4654,3400,3398,3400,1396,1396
4652,4654,3401,3398,3401,1396,1396
4653,4654,3402,3398,3402,1396,1396
4654,4654,3403,3398,3403,1396,1396
4655,4655,3404,3404,3404,1396,1396
4657,4657,3405,3405,3405,1397,1397
4658,4658,3406,3406,3406,1397,1397
4659,4659,3407,3407,3407,1397,1397
4661,4661,3408,3408,3408,1398,1398
4661,4661,3409,3408,3409,1398,1398
4662,4662,3410,3410,3410,1398,1398
4663,4663,3411,3411,3411,1398,1398
4665,4665,3412,3412,3412,1399,1399
4667,4667,3413,3413,3413,1400,1400
4668,4668,3414,3414,3414,1400,1400
4669,4669,3415,3415,3415,1400,1400
4670,4670,3416,3416,3416,1400,1400
4671,4671,3417,3417,3417,1400,1400
4672,4672,3418,3418,3418,1400,1400
4673,4673,3419,3419,3419,1400,1400
4674,4674,3420,3420,3420,1400,1400
4672,4674,3421,3420,3421,1400,1400
4673,4674,3422,3420,3422,1400,1400
4675,4675,3423,3423,3423,1401,1401
4676,4676,3424,3424,3424,1401,1401
4676,4676,3425,3424,3425,1401,1401
4677,4677,3426,3426,3426,1401,1401
4679,4679,3427,3427,3427,1402,1402
4680,4680,3428,3428,3428,1402,1402
4681,4681,3429,3429,3429,1402,1402
4682,4682,3430,3430,3430,1402,1402
4683,4683,3431,3431,3431,1402,1402
4685,4685,3432,3432,3432,1403,1403
4686,4686,3433,3433,3433,1403,1403
4687,4687,3434,3434,3434,1403,1403
4688,4688,3435,3435,3435,1403,1403
4689,4689,3436,3436,3436,1403,1403
4690,4690,3437,3437,3437,1403,1403
4691,4691,3438,3438,3438,1403,1403
4692,4692,3439,3439,3439,1403,1403
4693,4693,3440,3440,3440,1403,1403
4694,4694,3441,3441,3441,1403,1403
4695,4695,3442,3442,3442,1403,1403
4696,4696,3443,3443,3443,1403,1403
4698,4698,3444,3444,3444,1404,1404
4699,4699,3445,3445,3445,1404,1404
4698,4699,3446,3445,3446,1404,1404
4699,4699,3447,3445,3447,1404,1404
4698,4699,3448,3445,3448,1404,1404
4700,4700,3449,3449,3449,1405,1405
4701,4701,3450,3450,3450,1405,1405
4702,4702,3451,3451,3451,1405,1405
4703,4703,3452,3452,3452,1405,1405
4704,4704,3453,3453,3453,1405,1405
4705,4705,3454,3454,3454,1405,1405
4704,4705,3455,3454,3455,1405,1405
4702,4705,3456,3454,3456,1405,1405
4703,4705,3457,3454,3457,1405,1405
4704,4705,3458,3454,3458,1405,1405
4705,4705,3459,3454,3459,1405,1405
4706,4706,3460,3460,3460,1405,1405
4707,4707,3461,3461,3461,1405,1405
4708,4708,3462,3462,3462,1405,1405
4709,4709,3463,3463,3463,1405,1405
4710,4710,3464,3464,3464,1405,1405
4711,4711,3465,3465,3465,1405,1405
4712,4712,3466,3466,3466,1405,1405
4713,4713,3467,3467,3467,1405,1405
4713,4713,3468,3467,3468,1405,1405
4714,4714,3469,3469,3469,1405,1405
4715,4715,3470,3470,3470,1405,1405
4716,4716,3471,3471,3471,1405,1405
4717,4717,3472,3472,3472,1405,1405
4719,4719,3473,3473,3473,1406,1406
4720,4720,3474,3474,3474,1406,1406
4721,4721,3475,3475,3475,1406,1406
4722,4722,3476,3476,3476,1406,1406
4723,4723,3477,3477,3477,1406,1406
4724,4724,3478,3478,3478,1406,1406
4725,4725,3479,3479,3479,1406,1406
4726,4726,3480,3480,3480,1406,1406
4728,4728,3481,3481,3481,1407,1407
4729,4729,3482,3482,3482,1407,1407
4730,4730,3483,3483,3483,1407,1407
4731,4731,3484,3484,3484,1407,1407
4732,4732,3485,3485,3485,1407,1407
4734,4734,3486,3486,3486,1408,1408
4735,4735,3487,3487,3487,1408,1408
4736,4736,3488,3488,3488,1408,1408
4737,4737,3489,3489,3489,1408,1408
4739,4739,3490,3490,3490,1409,1409
4740,4740,3491,3491,3491,1409,1409
4741,4741,3492,3492,3492,1409,1409
4742,4742,3493,3493,3493,1409,1409
4743,4743,3494,3494,3494,1409,1409
4744,4744,3495,3495,3495,1409,1409
4745,4745,3496,3496,3496,1409,1409
4746,4746,3497,3497,3497,1409,1409
4747,4747,3498,3498,3498,1409,1409
4748,4748,3499,3499,3499,1409,1409
4749,4749,3500,3500,3500,1409,1409
4750,4750,3501,3501,3501,1409,1409
4751,4751,3502,3502,3502,1409,1409
4752,4752,3503,3503,3503,1409,1409
4751,4752,3504,3503,3504,1409,1409
4752,4752,3505,3503,3505,1409,1409
4753,4753,3506,3506,3506,1409,1409
4754,4754,3507,3507,3507,1409,1409
4755,4755,3508,3508,3508,1409,1409
4756,4756,3509,3509,3509,1409,1409
4757,4757,3510,3510,3510,1409,1409
4759,4759,3511,3511,3511,1410,1410
4761,4761,3512,3512,3512,1411,1411
4762,4762,3513,3513,3513,1411,1411
4763,4763,3514,3514,3514,1411,1411
4764,4764,3515,3515,3515,1411,1411
4765,4765,3516,3516,3516,1411,1411
4766,4766,3517,3517,3517,1411,1411
4767,4767,3518,3518,3518,1411,1411
4768,4768,3519,3519,3519,1411,1411
4769,4769,3520,3520,3520,1411,1411
4770,4770,3521,3521,3521,1411,1411
4771,4771,3522,3522,3522,1411,1411
4772,4772,3523,3523,3523,1411,1411
4773,4773,3524,3524,3524,1411,1411
4774,4774,3525,3525,3525,1411,1411
4775,4775,3526,3526,3526,1411,1411
4777,4777,3527,3527,3527,1412,1412
4778,4778,3528,3528,3528,1412,1412
4779,4779,3529,3529,3529,1412,1412
4780,4780,3530,3530,3530,1412,1412
4781,4781,3531,3531,3531,1412,1412
4782,4782,3532,3532,3532,1412,1412
4783,4783,3533,3533,3533,1412,1412
4784,4784,3534,3534,3534,1412,1412
4786,4786,3535,3535,3535,1413,1413
4787,4787,3536,3536,3536,1413,1413
4788,4788,3537,3537,3537,1413,1413
4790,4790,3538,3538,3538,1414,1414
4791,4791,3539,3539,3539,1414,1414
4791,4791,3540,3539,3540,1414,1414
4792,4792,3541,3541,3541,1414,1414
4794,4794,3542,3542,3542,1415,1415
4795,4795,3543,3543,3543,1415,1415
4796,4796,3544,3544,3544,1415,1415
4795,4796,3545,3544,3545,1415,1415
4796,4796,3546,3544,3546,1415,1415
4797,4797,3547,3547,3547,1415,1415
4798,4798,3548,3548,3548,1415,1415
4799,4799,3549,3549,3549,1415,1415
4801,4801,3550,3550,3550,1416,1416
4802,4802,3551,3551,3551,1416,1416
4803,4803,3552,3552,3552,1416,1416
4803,4803,3553,3552,3553,1416,1416
4804,4804,3554,3554,3554,1416,1416
4805,4805,3555,3555,3555,1416,1416
4806,4806,3556,3556,3556,1416,1416
4807,4807,3557,3557,3557,1416,1416
4808,4808,3558,3558,3558,1416,1416
4809,4809,3559,3559,3559,1416,1416
4810,4810,3560,3560,3560,1416,1416
4811,4811,3561,3561,3561,1416,1416
4810,4811,3562,3561,3562,1416,1416
4811,4811,3563,3561,3563,1416,1416
4812,4812,3564,3564,3564,1416,1416
4813,4813,3565,3565,3565,1416,1416
4811,4813,3566,3565,3566,1416,1416
4812,4813,3567,3565,3567,1416,1416
4813,4813,3568,3565,3568,1416,1416
4814,4814,3569,3569,3569,1416,1416
4815,4815,3570,3570,3570,1416,1416
4816,4816,3571,3571,3571,1416,1416
4817,4817,3572,3572,3572,1416,1416
4818,4818,3573,3573,3573,1416,1416
4820,4820,3574,3574,3574,1417,1417
4821,4821,3575,3575,3575,1417,1417
4822,4822,3576,3576,3576,1417,1417
4823,4823,3577,3577,3577,1417,1417
4824,4824,3578,3578,3578,1417,1417
4826,4826,3579,3579,3579,1418,1418
4828,4828,3580,3580,3580,1419,1419
4830,4830,3581,3581,3581,1420,1420
4831,4831,3582,3582,3582,1420,1420
4832,4832,3583,3583,3583,1420,1420
4833,4833,3584,3584,3584,1420,1420
4834,4834,3585,3585,3585,1420,1420
4835,4835,3586,3586,3586,1420,1420
4836,4836,3587,3587,3587,1420,1420
4837,4837,3588,3588,3588,1420,1420
4838,4838,3589,3589,3589,1420,1420
4839,4839,3590,3590,3590,1420,1420
4840,4840,3591,3591,3591,1420,1420
4841,4841,3592,3592,3592,1420,1420
4842,4842,3593,3593,3593,1420,1420
4843,4843,3594,3594,3594,1420,1420
4844,4844,3595,3595,3595,1420,1420
4845,4845,3596,3596,3596,1420,1420
4847,4847,3597,3597,3597,1421,1421
4848,4848,3598,3598,3598,1421,1421
4849,4849,3599,3599,3599,1421,1421
4850,4850,3600,3600,3600,1421,1421
4849,4850,3601,3600,3601,1421,1421
4850,4850,3602,3600,3602,1421,1421
4852,4852,3603,3603,3603,1422,1422
4853,4853,3604,3604,3604,1422,1422
4854,4854,3605,3605,3605,1422,1422
4855,4855,3606,3606,3606,1422,1422
4854,4855,3607,3606,3607,1422,1422
4855,4855,3608,3606,3608,1422,1422
4856,4856,3609,3609,3609,1422,1422
4856,4856,3610,3609,3610,1422,1422
4857,4857,3611,3611,3611,1422,1422
4858,4858,3612,3612,3612,1422,1422
4859,4859,3613,3613,3613,1422,1422
4860,4860,3614,3614,3614,1422,1422
4861,4861,3615,3615,3615,1422,1422
4862,4862,3616,3616,3616,1422,1422
4863,4863,3617,3617,3617,1422,1422
4864,4864,3618,3618,3618,1422,1422
4865,4865,3619,3619,3619,1422,1422
4866,4866,3620,3620,3620,1422,1422
4867,4867,3621,3621,3621,1422,1422
4868,4868,3622,3622,3622,1422,1422
4869,4869,3623,3623,3623,1422,1422
4870,4870,3624,3624,3624,1422,1422
4871,4871,3625,3625,3625,1422,1422
4872,4872,3626,3626,3626,1422,1422
4871,4872,3627,3626,3627,1422,1422
4872,4872,3628,3626,3628,1422,1422
4873,4873,3629,3629,3629,1422,1422
4874,4874,3630,3630,3630,1422,1422
4875,4875,3631,3631,3631,1422,1422
4876,4876,3632,3632,3632,1422,1422
4877,4877,3633,3633,3633,1422,1422
4878,4878,3634,3634,3634,1422,1422
4879,4879,3635,3635,3635,1422,1422
4880,4880,3636,3636,3636,1422,1422
4879,4880,3637,3636,3637,1422,1422
4880,4880,3638,3636,3638,1422,1422
4881,4881,3639,3639,3639,1422,1422
4882,4882,3640,3640,3640,1422,1422
4884,4884,3641,3641,3641,1423,1423
4885,4885,3642,3642,3642,1423,1423
4886,4886,3643,3643,3643,1423,1423
4887,4887,3644,3644,3644,1423,1423
4889,4889,3645,3645,3645,1424,1424
4891,4891,3646,3646,3646,1425,1425
4892,4892,3647,3647,3647,1425,1425
4893,4893,3648,3648,3648,1425,1425
4894,4894,3649,3649,3649,1425,1425
4895,4895,3650,3650,3650,1425,1425
4897,4897,3651,3651,3651,1426,1426
4899,4899,3652,3652,3652,1427,1427
4900,4900,3653,3653,3653,1427,1427
4902,4902,3654,3654,3654,1428,1428
4903,4903,3655,3655,3655,1428,1428
4904,4904,3656,3656,3656,1428,1428
4905,4905,3657,3657,3657,1428,1428
4906,4906,3658,3658,3658,1428,1428
4907,4907,3659,3659,3659,1428,1428
4908,4908,3660,3660,3660,1428,1428
4909,4909,3661,3661,3661,1428,1428
4908,4909,3662,3661,3662,1428,1428
4910,4910,3663,3663,3663,1429,1429
4912,4912,3664,3664,3664,1430,1430
4908,4912,3665,3664,3665,1430,1430
4909,4912,3666,3664,3666,1430,1430
4910,4912,3667,3664,3667,1430,1430
4911,4912,3668,3664,3668,1430,1430
4912,4912,3669,3664,3669,1430,1430
4913,4913,3670,3670,3670,1430,1430
4914,4914,3671,3671,3671,1430,1430
4915,4915,3672,3672,3672,1430,1430
4916,4916,3673,3673,3673,1430,1430
4918,4918,3674,3674,3674,1431,1431
4919,4919,3675,3675,3675,1431,1431
4920,4920,3676,3676,3676,1431,1431
4921,4921,3677,3677,3677,1431,1431
4922,4922,3678,3678,3678,1431,1431
4923,4923,3679,3679,3679,1431,1431
4924,4924,3680,3680,3680,1431,1431
4926,4926,3681,3681,3681,1431,1431
4928,4928,3682,3682,3682,1432,1432
4929,4929,3683,3683,3683,1432,1432
4930,4930,3684,3684,3684,1432,1432
4931,4931,3685,3685,3685,1432,1432
4932,4932,3686,3686,3686,1432,1432
4933,4933,3687,3687,3687,1432,1432
4934,4934,3688,3688,3688,1432,1432
4935,4935,3689,3689,3689,1432,1432
4936,4936,3690,3690,3690,1432,1432
4937,4937,3691,3691,3691,1432,1432
4939,4939,3692,3692,3692,1433,1433
4940,4940,3693,3693,3693,1433,1433
4941,4941,3694,3694,3694,1433,1433
4942,4942,3695,3695,3695,1433,1433
4943,4943,3696,3696,3696,1433,1433
4944,4944,3697,3697,3697,1433,1433
4945,4945,3698,3698,3698,1433,1433
4946,4946,3699,3699,3699,1433,1433
4947,4947,3700,3700,3700,1433,1433
4949,4949,3701,3701,3701,1434,1434
4950,4950,3702,3702,3702,1434,1434
4951,4951,3703,3703,3703,1434,1434
4952,4952,3704,3704,3704,1434,1434
4953,4953,3705,3705,3705,1434,1434
4954,4954,3706,3706,3706,1434,1434
4955,4955,3707,3707,3707,1434,1434
4956,4956,3708,3708,3708,1434,1434
4957,4957,3709,3709,3709,1434,1434
4959,4959,3710,3710,3710,1435,1435
4960,4960,3711,3711,3711,1435,1435
4961,4961,3712,3712,3712,1435,1435
4962,4962,3713,3713,3713,1435,1435
4963,4963,3714,3714,3714,1435,1435
4965,4965,3715,3715,3715,1436,1436
4966,4966,3716,3716,3716,1436,1436
4967,4967,3717,3717,3717,1436,1436
4968,4968,3718,3718,3718,1436,1436
4969,4969,3719,3719,3719,1436,1436
4970,4970,3720,3720,3720,1436,1436
4972,4972,3721,3721,3721,1437,1437
4973,4973,3722,3722,3722,1437,1437
4974,4974,3723,3723,3723,1437,1437
4975,4975,3724,3724,3724,1437,1437
4976,4976,3725,3725,3725,1437,1437
4977,4977,3726,3726,3726,1437,1437
4978,4978,3727,3727,3727,1437,1437
4979,4979,3728,3728,3728,1437,1437
4980,4980,3729,3729,3729,1437,1437
4981,4981,3730,3730,3730,1437,1437
4982,4982,3731,3731,3731,1437,1437
4983,4983,3732,3732,3732,1437,1437
4984,4984,3733,3733,3733,1437,1437
4985,4985,3734,3734,3734,1437,1437
4986,4986,3735,3735,3735,1437,1437
4988,4988,3736,3736,3736,1438,1438
4990,4990,3737,3737,3737,1439,1439
4991,4991,3738,3738,3738,1439,1439
4992,4992,3739,3739,3739,1439,1439
4993,4993,3740,3740,3740,1439,1439
4994,4994,3741,3741,3741,1439,1439
4995,4995,3742,3742,3742,1439,1439
4996,4996,3743,3743,3743,1439,1439
4997,4997,3744,3744,3744,1439,1439
4998,4998,3745,3745,3745,1439,1439
4999,4999,3746,3746,3746,1439,1439
5000,5000,3747,3747,3747,1439,1439
5001,5001,3748,3748,3748,1439,1439
5002,5002,3749,3749,3749,1439,1439
5003,5003,3750,3750,3750,1439,1439
5004,5004,3751,3751,3751,1439,1439
5005,5005,3752,3752,3752,1439,1439
5006,5006,3753,3753,3753,1439,1439
5007,5007,3754,3754,3754,1439,1439
5008,5008,3755,3755,3755,1439,1439
5009,5009,3756,3756,3756,1439,1439
5010,5010,3757,3757,3757,1439,1439
5011,5011,3758,3758,3758,1439,1439
5012,5012,3759,3759,3759,1439,1439
5013,5013,3760,3760,3760,1439,1439
5014,5014,3761,3761,3761,1439,1439
5015,5015,3762,3762,3762,1439,1439
5016,5016,3763,3763,3763,1439,1439
5017,5017,3764,3764,3764,1439,1439
5019,5019,3765,3765,3765,1440,1440
5020,5020,3766,3766,3766,1440,1440
5021,5021,3767,3767,3767,1440,1440
5022,5022,3768,3768,3768,1440,1440
5023,5023,3769,3769,3769,1440,1440
5024,5024,3770,3770,3770,1440,1440
5025,5025,3771,3771,3771,1440,1440
5026,5026,3772,3772,3772,1440,1440
5027,5027,3773,3773,3773,1440,1440
5028,5028,3774,3774,3774,1440,1440
5029,5029,3775,3775,3775,1440,1440
5030,5030,3776,3776,3776,1440,1440
5031,5031,3777,3777,3777,1440,1440
5032,5032,3778,3778,3778,1440,1440
5033,5033,3779,3779,3779,1440,1440
5034,5034,3780,3780,3780,1440,1440
5035,5035,3781,3781,3781,1440,1440
5036,5036,3782,3782,3782,1440,1440
5037,5037,3783,3783,3783,1440,1440
5038,5038,3784,3784,3784,1440,1440
5039,5039,3785,3785,3785,1440,1440
5040,5040,3786,3786,3786,1440,1440
5041,5041,3787,3787,3787,1440,1440
5041,5041,3788,3787,3788,1440,1440
5042,5042,3789,3789,3789,1440,1440
5043,5043,3790,3790,3790,1440,1440
5040,5043,3791,3790,3791,1440,1440
5041,5043,3792,3790,3792,1440,1440
5041,5043,3793,3790,3793,1440,1440
5042,5043,3794,3790,3794,1440,1440
5043,5043,3795,3790,3795,1440,1440
5045,5045,3796,3796,3796,1441,1441
5046,5046,3797,3797,3797,1441,1441
5047,5047,3798,3798,3798,1441,1441
5048,5048,3799,3799,3799,1441,1441
5049,5049,3800,3800,3800,1441,1441
5050,5050,3801,3801,3801,1441,1441
5050,5050,3802,3801,3802,1441,1441
5051,5051,3803,3803,3803,1441,1441
5052,5052,3804,3804,3804,1441,1441
5054,5054,3805,3805,3805,1442,1442
5055,5055,3806,3806,3806,1442,1442
5056,5056,3807,3807,3807,1442,1442
5057,5057,3808,3808,3808,1442,1442
5058,5058,3809,3809,3809,1442,1442
5059,5059,3810,3810,3810,1442,1442
5060,5060,3811,3811,3811,1442,1442
5061,5061,3812,3812,3812,1442,1442
5062,5062,3813,3813,3813,1442,1442
5063,5063,3814,3814,3814,1442,1442
5064,5064,3815,3815,3815,1442,1442
5065,5065,3816,3816,3816,1442,1442
5066,5066,3817,3817,3817,1442,1442
5067,5067,3818,3818,3818,1442,1442
5068,5068,3819,3819,3819,1442,1442
5069,5069,3820,3820,3820,1442,1442
5070,5070,3821,3821,3821,1442,1442
5071,5071,3822,3822,3822,1442,1442
5072,5072,3823,3823,3823,1442,1442
5074,5074,3824,3824,3824,1443,1443
5075,5075,3825,3825,3825,1443,1443
5076,5076,3826,3826,3826,1443,1443
5077,5077,3827,3827,3827,1443,1443
5078,5078,3828,3828,3828,1443,1443
5079,5079,3829,3829,3829,1443,1443
5080,5080,3830,3830,3830,1443,1443
5081,5081,3831,3831,3831,1443,1443
5082,5082,3832,3832,3832,1443,1443
5083,5083,3833,3833,3833,1443,1443
5084,5084,3834,3834,3834,1443,1443
5085,5085,3835,3835,3835,1443,1443
5087,5087,3836,3836,3836,1444,1444
5088,5088,3837,3837,3837,1444,1444
5089,5089,3838,3838,3838,1444,1444
5090,5090,3839,3839,3839,1444,1444
5091,5091,3840,3840,3840,1444,1444
5092,5092,3841,3841,3841,1444,1444
5094,5094,3842,3842,3842,1445,1445
5095,5095,3843,3843,3843,1445,1445
5096,5096,3844,3844,3844,1445,1445
5097,5097,3845,3845,3845,1445,1445
5098,5098,3846,3846,3846,1445,1445
5099,5099,3847,3847,3847,1445,1445
5100,5100,3848,3848,3848,1445,1445
5101,5101,3849,3849,3849,1445,1445
5101,5101,3850,3849,3850,1445,1445
5101,5101,3851,3849,3851,1445,1445
5102,5102,3852,3852,3852,1445,1445
5104,5104,3853,3853,3853,1446,1446
5105,5105,3854,3854,3854,1446,1446
5106,5106,3855,3855,3855,1446,1446
5105,5106,3856,3855,3856,1446,1446
5106,5106,3857,3855,3857,1446,1446
5106,5106,3858,3855,3858,1446,1446
5107,5107,3859,3859,3859,1446,1446
5106,5107,3860,3859,3860,1446,1446
5107,5107,3861,3859,3861,1446,1446
5108,5108,3862,3862,3862,1446,1446
5109,5109,3863,3863,3863,1446,1446
5110,5110,3864,3864,3864,1446,1446
5111,5111,3865,3865,3865,1446,1446
5112,5112,3866,3866,3866,1446,1446
5113,5113,3867,3867,3867,1446,1446
5114,5114,3868,3868,3868,1446,1446
5115,5115,3869,3869,3869,1446,1446
5116,5116,3870,3870,3870,1446,1446
5114,5116,3871,3870,3871,1446,1446
5115,5116,3872,3870,3872,1446,1446
5116,5116,3873,3870,3873,1446,1446
5117,5117,3874,3874,3874,1446,1446
5118,5118,3875,3875,3875,1446,1446
5119,5119,3876,3876,3876,1446,1446
5120,5120,3877,3877,3877,1446,1446
5121,5121,3878,3878,3878,1446,1446
5122,5122,3879,3879,3879,1446,1446
5123,5123,3880,3880,3880,1446,1446
5125,5125,3881,3881,3881,1447,1447
5126,5126,3882,3882,3882,1447,1447
5127,5127,3883,3883,3883,1447,1447
5128,5128,3884,3884,3884,1447,1447
5129,5129,3885,3885,3885,1447,1447
5130,5130,3886,3886,3886,1447,1447
5131,5131,3887,3887,3887,1447,1447
5132,5132,3888,3888,3888,1447,1447
5131,5132,3889,3888,3889,1447,1447
5132,5132,3890,3888,3890,1447,1447
5133,5133,3891,3891,3891,1447,1447
5134,5134,3892,3892,3892,1447,1447
5134,5134,3893,3892,3893,1447,1447
5136,5136,3894,3894,3894,1448,1448
5137,5137,3895,3895,3895,1448,1448
5138,5138,3896,3896,3896,1448,1448
5139,5139,3897,3897,3897,1448,1448
5140,5140,3898,3898,3898,1448,1448
5141,5141,3899,3899,3899,1448,1448
5142,5142,3900,3900,3900,1448,1448
5143,5143,3901,3901,3901,1448,1448
5144,5144,3902,3902,3902,1448,1448
5145,5145,3903,3903,3903,1448,1448
5146,5146,3904,3904,3904,1448,1448
5147,5147,3905,3905,3905,1448,1448
5148,5148,3906,3906,3906,1448,1448
5149,5149,3907,3907,3907,1448,1448
5150,5150,3908,3908,3908,1448,1448
5151,5151,3909,3909,3909,1448,1448
5152,5152,3910,3910,3910,1448,1448
5153,5153,3911,3911,3911,1448,1448
5154,5154,3912,3912,3912,1448,1448
5155,5155,3913,3913,3913,1448,1448
5156,5156,3914,3914,3914,1448,1448
5157,5157,3915,3915,3915,1448,1448
5158,5158,3916,3916,3916,1448,1448
5159,5159,3917,3917,3917,1448,1448
5161,5161,3918,3918,3918,1449,1449
5162,5162,3919,3919,3919,1449,1449
5164,5164,3920,3920,3920,1450,1450
5165,5165,3921,3921,3921,1450,1450
5166,5166,3922,3922,3922,1450,1450
5167,5167,3923,3923,3923,1450,1450
5168,5168,3924,3924,3924,1450,1450
5169,5169,3925,3925,3925,1450,1450
5166,5169,3926,3925,3926,1450,1450
5167,5169,3927,3925,3927,1450,1450
5168,5169,3928,3925,3928,1450,1450
5169,5169,3929,3925,3929,1450,1450
5170,5170,3930,3930,3930,1450,1450
5171,5171,3931,3931,3931,1450,1450
5173,5173,3932,3932,3932,1451,1451
5175,5175,3933,3933,3933,1452,1452
5176,5176,3934,3934,3934,1452,1452
5177,5177,3935,3935,3935,1452,1452
5178,5178,3936,3936,3936,1452,1452
5179,5179,3937,3937,3937,1452,1452
5180,5180,3938,3938,3938,1452,1452
5181,5181,3939,3939,3939,1452,1452
5182,5182,3940,3940,3940,1452,1452
5183,5183,3941,3941,3941,1452,1452
5185,5185,3942,3942,3942,1453,1453
5186,5186,3943,3943,3943,1453,1453
5187,5187,3944,3944,3944,1453,1453
5188,5188,3945,3945,3945,1453,1453
5189,5189,3946,3946,3946,1453,1453
5190,5190,3947,3947,3947,1453,1453
5191,5191,3948,3948,3948,1453,1453
5193,5193,3949,3949,3949,1454,1454
5194,5194,3950,3950,3950,1454,1454
5195,5195,3951,3951,3951,1454,1454
5196,5196,3952,3952,3952,1454,1454
5197,5197,3953,3953,3953,1454,1454
5198,5198,3954,3954,3954,1454,1454
5199,5199,3955,3955,3955,1454,1454
5200,5200,3956,3956,3956,1454,1454
5201,5201,3957,3957,3957,1454,1454
5202,5202,3958,3958,3958,1454,1454
5204,5204,3959,3959,3959,1455,1455
5205,5205,3960,3960,3960,1455,1455
5206,5206,3961,3961,3961,1455,1455
5207,5207,3962,3962,3962,1455,1455
5208,5208,3963,3963,3963,1455,1455
5209,5209,3964,3964,3964,1455,1455
5210,5210,3965,3965,3965,1455,1455
5211,5211,3966,3966,3966,1455,1455
5212,5212,3967,3967,3967,1455,1455
5213,5213,3968,3968,3968,1455,1455
5214,5214,3969,3969,3969,1455,1455
5215,5215,3970,3970,3970,1455,1455
5214,5215,3971,3970,3971,1455,1455
5215,5215,3972,3970,3972,1455,1455
5217,5217,3973,3973,3973,1456,1456
5218,5218,3974,3974,3974,1456,1456
5219,5219,3975,3975,3975,1456,1456
5220,5220,3976,3976,3976,1456,1456
5221,5221,3977,3977,3977,1456,1456
5221,5221,3978,3977,3978,1456,1456
5222,5222,3979,3979,3979,1456,1456
5224,5224,3980,3980,3980,1457,1457
5225,5225,3981,3981,3981,1457,1457
5226,5226,3982,3982,3982,1457,1457
5227,5227,3983,3983,3983,1457,1457
5228,5228,3984,3984,3984,1457,1457
5229,5229,3985,3985,3985,1457,1457
5230,5230,3986,3986,3986,1457,1457
5231,5231,3987,3987,3987,1457,1457
5232,5232,3988,3988,3988,1457,1457
5233,5233,3989,3989,3989,1457,1457
5234,5234,3990,3990,3990,1457,1457
5235,5235,3991,3991,3991,1457,1457
5236,5236,3992,3992,3992,1457,1457
5238,5238,3993,3993,3993,1458,1458
5239,5239,3994,3994,3994,1458,1458
5240,5240,3995,3995,3995,1458,1458
5241,5241,3996,3996,3996,1458,1458
5242,5242,3997,3997,3997,1458,1458
5243,5243,3998,3998,3998,1458,1458
5244,5244,3999,3999,3999,1458,1458
5245,5245,4000,4000,4000,1458,1458
5246,5246,4001,4001,4001,1458,1458
5247,5247,4002,4002,4002,1458,1458
5248,5248,4003,4003,4003,1458,1458
5249,5249,4004,4004,4004,1458,1458
5250,5250,4005,4005,4005,1458,1458
5251,5251,4006,4006,4006,1458,1458
5252,5252,4007,4007,4007,1458,1458
5253,5253,4008,4008,4008,1458,1458
5254,5254,4009,4009,4009,1458,1458
5255,5255,4010,4010,4010,1458,1458
5256,5256,4011,4011,4011,1458,1458
5257,5257,4012,4012,4012,1458,1458
5258,5258,4013,4013,4013,1458,1458
5259,5259,4014,4014,4014,1458,1458
5260,5260,4015,4015,4015,1458,1458
5261,5261,4016,4016,4016,1458,1458
5262,5262,4017,4017,4017,1458,1458
5263,5263,4018,4018,4018,1458,1458
5264,5264,4019,4019,4019,1458,1458
5265,5265,4020,4020,4020,1458,1458
5266,5266,4021,4021,4021,1458,1458
5267,5267,4022,4022,4022,1458,1458
5268,5268,4023,4023,4023,1458,1458
5269,5269,4024,4024,4024,1458,1458
5270,5270,4025,4025,4025,1458,1458
5271,5271,4026,4026,4026,1458,1458
5272,5272,4027,4027,4027,1458,1458
5273,5273,4028,4028,4028,1458,1458
5274,5274,4029,4029,4029,1458,1458
5275,5275,4030,4030,4030,1458,1458
5276,5276,4031,4031,4031,1458,1458
5277,5277,4032,4032,4032,1458,1458
5278,5278,4033,4033,4033,1458,1458
5279,5279,4034,4034,4034,1458,1458
5280,5280,4035,4035,4035,1458,1458
5282,5282,4036,4036,4036,1459,1459
5283,5283,4037,4037,4037,1459,1459
5284,5284,4038,4038,4038,1459,1459
5282,5284,4039,4038,4039,1459,1459
5283,5284,4040,4038,4040,1459,1459
5281,5284,4041,4038,4041,1459,1459
5282,5284,4042,4038,4042,1459,1459
5283,5284,4043,4038,4043,1459,1459
5284,5284,4044,4038,4044,1459,1459
5285,5285,4045,4045,4045,1459,1459
5286,5286,4046,4046,4046,1459,1459
5288,5288,4047,4047,4047,1460,1460
5289,5289,4048,4048,4048,1460,1460
5290,5290,4049,4049,4049,1460,1460
5291,5291,4050,4050,4050,1460,1460
5292,5292,4051,4051,4051,1460,1460
5291,5292,4052,4051,4052,1460,1460
5292,5292,4053,4051,4053,1460,1460
5293,5293,4054,4054,4054,1460,1460
5294,5294,4055,4055,4055,1460,1460
5295,5295,4056,4056,4056,1460,1460
5297,5297,4057,4057,4057,1461,1461
5298,5298,4058,4058,4058,1461,1461
5299,5299,4059,4059,4059,1461,1461
5298,5299,4060,4059,4060,1461,1461
5299,5299,4061,4059,4061,1461,1461
5300,5300,4062,4062,4062,1461,1461
5301,5301,4063,4063,4063,1461,1461
5302,5302,4064,4064,4064,1461,1461
5304,5304,4065,4065,4065,1462,1462
5305,5305,4066,4066,4066,1462,1462
5306,5306,4067,4067,4067,1462,1462
5307,5307,4068,4068,4068,1462,1462
5308,5308,4069,4069,4069,1462,1462
5309,5309,4070,4070,4070,1462,1462
5310,5310,4071,4071,4071,1462,1462
5312,5312,4072,4072,4072,1463,1463
5313,5313,4073,4073,4073,1463,1463
5314,5314,4074,4074,4074,1463,1463
5315,5315,4075,4075,4075,1463,1463
5316,5316,4076,4076,4076,1463,1463
5317,5317,4077,4077,4077,1463,1463
5318,5318,4078,4078,4078,1463,1463
5319,5319,4079,4079,4079,1463,1463
5320,5320,4080,4080,4080,1463,1463
5321,5321,4081,4081,4081,1463,1463
5322,5322,4082,4082,4082,1463,1463
5324,5324,4083,4083,4083,1464,1464
5326,5326,4084,4084,4084,1465,1465
5327,5327,4085,4085,4085,1465,1465
5328,5328,4086,4086,4086,1465,1465
5329,5329,4087,4087,4087,1465,1465
5330,5330,4088,4088,4088,1465,1465
5331,5331,4089,4089,4089,1465,1465
5332,5332,4090,4090,4090,1465,1465
5334,5334,4091,4091,4091,1466,1466
5335,5335,4092,4092,4092,1466,1466
5332,5335,4093,4092,4093,1466,1466
5333,5335,4094,4092,4094,1466,1466
5334,5335,4095,4092,4095,1466,1466
5335,5335,4096,4092,4096,1466,1466
5336,5336,4097,4097,4097,1466,1466
5337,5337,4098,4098,4098,1466,1466
5338,5338,4099,4099,4099,1466,1466
5339,5339,4100,4100,4100,1466,1466
5340,5340,4101,4101,4101,1466,1466
5339,5340,4102,4101,4102,1466,1466
5340,5340,4103,4101,4103,1466,1466
5341,5341,4104,4104,4104,1466,1466
5342,5342,4105,4105,4105,1466,1466
5343,5343,4106,4106,4106,1466,1466
5344,5344,4107,4107,4107,1466,1466
5345,5345,4108,4108,4108,1466,1466
5346,5346,4109,4109,4109,1466,1466
5348,5348,4110,4110,4110,1467,1467
5349,5349,4111,4111,4111,1467,1467
5350,5350,4112,4112,4112,1467,1467
5352,5352,4113,4113,4113,1468,1468
5351,5352,4114,4113,4114,1468,1468
5352,5352,4115,4113,4115,1468,1468
5354,5354,4116,4116,4116,1469,1469
5355,5355,4117,4117,4117,1469,1469
5356,5356,4118,4118,4118,1469,1469
5357,5357,4119,4119,4119,1469,1469
5358,5358,4120,4120,4120,1469,1469
5359,5359,4121,4121,4121,1469,1469
5360,5360,4122,4122,4122,1469,1469
5361,5361,4123,4123,4123,1469,1469
5362,5362,4124,4124,4124,1469,1469
5363,5363,4125,4125,4125,1469,1469
5364,5364,4126,4126,4126,1469,1469
5363,5364,4127,4126,4127,1469,1469
5364,5364,4128,4126,4128,1469,1469
5365,5365,4129,4129,4129,1469,1469
5366,5366,4130,4130,4130,1469,1469
5367,5367,4131,4131,4131,1469,1469
5368,5368,4132,4132,4132,1469,1469
5369,5369,4133,4133,4133,1469,1469
5370,5370,4134,4134,4134,1469,1469
5371,5371,4135,4135,4135,1469,1469
5372,5372,4136,4136,4136,1469,1469
5373,5373,4137,4137,4137,1469,1469
5374,5374,4138,4138,4138,1469,1469
5371,5374,4139,4138,4139,1469,1469
5372,5374,4140,4138,4140,1469,1469
5373,5374,4141,4138,4141,1469,1469
5374,5374,4142,4138,4142,1469,1469
5375,5375,4143,4143,4143,1469,1469
5376,5376,4144,4144,4144,1469,1469
5377,5377,4145,4145,4145,1469,1469
5379,5379,4146,4146,4146,1470,1470
5380,5380,4147,4147,4147,1470,1470
5382,5382,4148,4148,4148,1471,1471
5383,5383,4149,4149,4149,1471,1471
5385,5385,4150,4150,4150,1472,1472
5386,5386,4151,4151,4151,1472,1472
5387,5387,4152,4152,4152,1472,1472
5388,5388,4153,4153,4153,1472,1472
5389,5389,4154,4154,4154,1472,1472
5390,5390,4155,4155,4155,1472,1472
5391,5391,4156,4156,4156,1472,1472
5393,5393,4157,4157,4157,1473,1473
5394,5394,4158,4158,4158,1473,1473
5395,5395,4159,4159,4159,1473,1473
5396,5396,4160,4160,4160,1473,1473
5397,5397,4161,4161,4161,1473,1473
5398,5398,4162,4162,4162,1473,1473
5399,5399,4163,4163,4163,1473,1473
5400,5400,4164,4164,4164,1473,1473
5401,5401,4165,4165,4165,1473,1473
5402,5402,4166,4166,4166,1473,1473
5400,5402,4167,4166,4167,1473,1473
5401,5402,4168,4166,4168,1473,1473
5401,5402,4169,4166,4169,1473,1473
5402,5402,4170,4166,4170,1473,1473
5403,5403,4171,4171,4171,1473,1473
5405,5405,4172,4172,4172,1474,1474
5406,5406,4173,4173,4173,1474,1474
5408,5408,4174,4174,4174,1475,1475
5409,5409,4175,4175,4175,1475,1475
5410,5410,4176,4176,4176,1475,1475
5410,5410,4177,4176,4177,1475,1475
5411,5411,4178,4178,4178,1475,1475
5412,5412,4179,4179,4179,1475,1475
5413,5413,4180,4180,4180,1475,1475
5414,5414,4181,4181,4181,1475,1475
5413,5414,4182,4181,4182,1475,1475
5415,5415,4183,4183,4183,1476,1476
5416,5416,4184,4184,4184,1476,1476
5417,5417,4185,4185,4185,1476,1476
5418,5418,4186,4186,4186,1476,1476
5419,5419,4187,4187,4187,1476,1476
5420,5420,4188,4188,4188,1476,1476
5421,5421,4189,4189,4189,1476,1476
5423,5423,4190,4190,4190,1477,1477
5424,5424,4191,4191,4191,1477,1477
5423,5424,4192,4191,4192,1477,1477
5424,5424,4193,4191,4193,1477,1477
5425,5425,4194,4194,4194,1477,1477
5426,5426,4195,4195,4195,1477,1477
5427,5427,4196,4196,4196,1477,1477
5428,5428,4197,4197,4197,1477,1477
5429,5429,4198,4198,4198,1477,1477
5430,5430,4199,4199,4199,1477,1477
5431,5431,4200,4200,4200,1477,1477
5432,5432,4201,4201,4201,1477,1477
5433,5433,4202,4202,4202,1477,1477
5434,5434,4203,4203,4203,1477,1477
5432,5434,4204,4203,4204,1477,1477
5433,5434,4205,4203,4205,1477,1477
5434,5434,4206,4203,4206,1477,1477
5431,5434,4207,4203,4207,1477,1477
5427,5434,4208,4203,4208,1477,1477
5427,5434,4209,4203,4209,1477,1477
5428,5434,4210,4203,4210,1477,1477
5429,5434,4211,4203,4211,1477,1477
5430,5434,4212,4203,4212,1477,1477
5431,5434,4213,4203,4213,1477,1477
5431,5434,4214,4203,4214,1477,1477
5432,5434,4215,4203,4215,1477,1477
5433,5434,4216,4203,4216,1477,1477
5434,5434,4217,4203,4217,1477,1477
5435,5435,4218,4218,4218,1477,1477
5436,5436,4219,4219,4219,1477,1477
5437,5437,4220,4220,4220,1477,1477
5438,5438,4221,4221,4221,1477,1477
5439,5439,4222,4222,4222,1477,1477
5440,5440,4223,4223,4223,1477,1477
5441,5441,4224,4224,4224,1477,1477
5442,5442,4225,4225,4225,1477,1477
5443,5443,4226,4226,4226,1477,1477
5439,5443,4227,4226,4227,1477,1477
5441,5443,4228,4226,4228,1478,1478
5442,5443,4229,4226,4229,1478,1478
5443,5443,4230,4226,4230,1478,1478
5444,5444,4231,4231,4231,1478,1478
5445,5445,4232,4232,4232,1478,1478
5446,5446,4233,4233,4233,1478,1478
5447,5447,4234,4234,4234,1478,1478
5448,5448,4235,4235,4235,1478,1478
5449,5449,4236,4236,4236,1478,1478
5450,5450,4237,4237,4237,1478,1478
5451,5451,4238,4238,4238,1478,1478
5452,5452,4239,4239,4239,1478,1478
5453,5453,4240,4240,4240,1478,1478
5455,5455,4241,4241,4241,1479,1479
5456,5456,4242,4242,4242,1479,1479
5457,5457,4243,4243,4243,1479,1479
5458,5458,4244,4244,4244,1479,1479
5459,5459,4245,4245,4245,1479,1479
5461,5461,4246,4246,4246,1480,1480
5460,5461,4247,4246,4247,1480,1480
5458,5461,4248,4246,4248,1480,1480
5457,5461,4249,4246,4249,1480,1480
5458,5461,4250,4246,4250,1480,1480
5459,5461,4251,4246,4251,1480,1480
5460,5461,4252,4246,4252,1480,1480
5462,5462,4253,4253,4253,1481,1481
5463,5463,4254,4254,4254,1481,1481
5464,5464,4255,4255,4255,1481,1481
5465,5465,4256,4256,4256,1481,1481
5466,5466,4257,4257,4257,1481,1481
5467,5467,4258,4258,4258,1481,1481
5468,5468,4259,4259,4259,1481,1481
5469,5469,4260,4260,4260,1481,1481
5470,5470,4261,4261,4261,1481,1481
5471,5471,4262,4262,4262,1481,1481
5472,5472,4263,4263,4263,1481,1481
5473,5473,4264,4264,4264,1481,1481
5474,5474,4265,4265,4265,1481,1481
5475,5475,4266,4266,4266,1481,1481
5476,5476,4267,4267,4267,1481,1481
5477,5477,4268,4268,4268,1481,1481
5478,5478,4269,4269,4269,1481,1481
5479,5479,4270,4270,4270,1481,1481
5480,5480,4271,4271,4271,1481,1481
5481,5481,4272,4272,4272,1481,1481
5481,5481,4273,4272,4273,1481,1481
5482,5482,4274,4274,4274,1481,1481
5483,5483,4275,4275,4275,1481,1481
5484,5484,4276,4276,4276,1481,1481
5485,5485,4277,4277,4277,1481,1481
5486,5486,4278,4278,4278,1481,1481
5487,5487,4279,4279,4279,1481,1481
5489,5489,4280,4280,4280,1482,1482
5491,5491,4281,4281,4281,1483,1483
5492,5492,4282,4282,4282,1483,1483
5493,5493,4283,4283,4283,1483,1483
5494,5494,4284,4284,4284,1483,1483
5496,5496,4285,4285,4285,1484,1484
5497,5497,4286,4286,4286,1484,1484
5498,5498,4287,4287,4287,1484,1484
5499,5499,4288,4288,4288,1484,1484
5500,5500,4289,4289,4289,1484,1484
5501,5501,4290,4290,4290,1484,1484
5502,5502,4291,4291,4291,1484,1484
5503,5503,4292,4292,4292,1484,1484
5504,5504,4293,4293,4293,1484,1484
5505,5505,4294,4294,4294,1484,1484
5505,5505,4295,4294,4295,1484,1484
5506,5506,4296,4296,4296,1484,1484
5507,5507,4297,4297,4297,1484,1484
5508,5508,4298,4298,4298,1484,1484
5509,5509,4299,4299,4299,1484,1484
5510,5510,4300,4300,4300,1484,1484
5512,5512,4301,4301,4301,1485,1485
5513,5513,4302,4302,4302,1485,1485
5514,5514,4303,4303,4303,1485,1485
5515,5515,4304,4304,4304,1485,1485
5516,5516,4305,4305,4305,1485,1485
5517,5517,4306,4306,4306,1485,1485
5518,5518,4307,4307,4307,1485,1485
5520,5520,4308,4308,4308,1485,1485
5521,5521,4309,4309,4309,1485,1485
5523,5523,4310,4310,4310,1486,1486
5524,5524,4311,4311,4311,1486,1486
5525,5525,4312,4312,4312,1486,1486
5526,5526,4313,4313,4313,1486,1486
5527,5527,4314,4314,4314,1486,1486
5528,5528,4315,4315,4315,1486,1486
5529,5529,4316,4316,4316,1486,1486
5527,5529,4317,4316,4317,1486,1486
5528,5529,4318,4316,4318,1486,1486
5529,5529,4319,4316,4319,1486,1486
5530,5530,4320,4320,4320,1486,1486
5531,5531,4321,4321,4321,1486,1486
5532,5532,4322,4322,4322,1486,1486
5533,5533,4323,4323,4323,1486,1486
5534,5534,4324,4324,4324,1486,1486
5535,5535,4325,4325,4325,1486,1486
5536,5536,4326,4326,4326,1486,1486
5538,5538,4327,4327,4327,1487,1487
5539,5539,4328,4328,4328,1487,1487
5540,5540,4329,4329,4329,1487,1487
5541,5541,4330,4330,4330,1487,1487
5542,5542,4331,4331,4331,1487,1487
5543,5543,4332,4332,4332,1487,1487
5545,5545,4333,4333,4333,1488,1488
5547,5547,4334,4334,4334,1489,1489
5548,5548,4335,4335,4335,1489,1489
5549,5549,4336,4336,4336,1489,1489
5550,5550,4337,4337,4337,1489,1489
5551,5551,4338,4338,4338,1489,1489
5552,5552,4339,4339,4339,1489,1489
5554,5554,4340,4340,4340,1489,1489
5554,5554,4341,4340,4341,1489,1489
5556,5556,4342,4342,4342,1490,1490
5557,5557,4343,4343,4343,1490,1490
5558,5558,4344,4344,4344,1490,1490
5559,5559,4345,4345,4345,1490,1490
5560,5560,4346,4346,4346,1490,1490
5561,5561,4347,4347,4347,1490,1490
5562,5562,4348,4348,4348,1490,1490
5563,5563,4349,4349,4349,1490,1490
5564,5564,4350,4350,4350,1490,1490
5565,5565,4351,4351,4351,1490,1490
5566,5566,4352,4352,4352,1490,1490
5567,5567,4353,4353,4353,1490,1490
5568,5568,4354,4354,4354,1490,1490
5569,5569,4355,4355,4355,1490,1490
5570,5570,4356,4356,4356,1490,1490
5571,5571,4357,4357,4357,1490,1490
5572,5572,4358,4358,4358,1490,1490
5574,5574,4359,4359,4359,1491,1491
5575,5575,4360,4360,4360,1491,1491
5576,5576,4361,4361,4361,1491,1491
5577,5577,4362,4362,4362,1491,1491
5578,5578,4363,4363,4363,1491,1491
5579,5579,4364,4364,4364,1491,1491
5580,5580,4365,4365,4365,1491,1491
5581,5581,4366,4366,4366,1491,1491
5582,5582,4367,4367,4367,1491,1491
5583,5583,4368,4368,4368,1491,1491
5584,5584,4369,4369,4369,1491,1491
5585,5585,4370,4370,4370,1491,1491
5586,5586,4371,4371,4371,1491,1491
5587,5587,4372,4372,4372,1491,1491
5585,5587,4373,4372,4373,1491,1491
5586,5587,4374,4372,4374,1491,1491
5587,5587,4375,4372,4375,1491,1491
5588,5588,4376,4376,4376,1491,1491
5590,5590,4377,4377,4377,1492,1492
5592,5592,4378,4378,4378,1493,1493
5593,5593,4379,4379,4379,1493,1493
5594,5594,4380,4380,4380,1493,1493
5592,5594,4381,4380,4381,1493,1493
5593,5594,4382,4380,4382,1493,1493
5594,5594,4383,4380,4383,1493,1493
5593,5594,4384,4380,4384,1493,1493
5595,5595,4385,4385,4385,1494,1494
5593,5595,4386,4385,4386,1494,1494
5594,5595,4387,4385,4387,1494,1494
5595,5595,4388,4385,4388,1494,1494
5596,5596,4389,4389,4389,1494,1494
5597,5597,4390,4390,4390,1494,1494
5598,5598,4391,4391,4391,1494,1494
5599,5599,4392,4392,4392,1494,1494
5600,5600,4393,4393,4393,1494,1494
5598,5600,4394,4393,4394,1494,1494
5599,5600,4395,4393,4395,1494,1494
5600,5600,4396,4393,4396,1494,1494
5601,5601,4397,4397,4397,1494,1494
5602,5602,4398,4398,4398,1494,1494
5603,5603,4399,4399,4399,1494,1494
5598,5603,4400,4399,4400,1494,1494
5599,5603,4401,4399,4401,1494,1494
5599,5603,4402,4399,4402,1494,1494
5600,5603,4403,4399,4403,1494,1494
5602,5603,4404,4399,4404,1494,1494
5603,5603,4405,4399,4405,1494,1494
5604,5604,4406,4406,4406,1494,1494
5600,5604,4407,4406,4407,1494,1494
5601,5604,4408,4406,4408,1494,1494
5602,5604,4409,4406,4409,1494,1494
5603,5604,4410,4406,4410,1494,1494
5604,5604,4411,4406,4411,1494,1494
5605,5605,4412,4412,4412,1494,1494
5606,5606,4413,4413,4413,1494,1494
5607,5607,4414,4414,4414,1494,1494
5609,5609,4415,4415,4415,1495,1495
5610,5610,4416,4416,4416,1495,1495
5611,5611,4417,4417,4417,1495,1495
5612,5612,4418,4418,4418,1495,1495
5613,5613,4419,4419,4419,1495,1495
5614,5614,4420,4420,4420,1495,1495
5616,5616,4421,4421,4421,1496,1496
5617,5617,4422,4422,4422,1496,1496
5618,5618,4423,4423,4423,1496,1496
5619,5619,4424,4424,4424,1496,1496
5620,5620,4425,4425,4425,1496,1496
5621,5621,4426,4426,4426,1496,1496
5622,5622,4427,4427,4427,1496,1496
5623,5623,4428,4428,4428,1496,1496
5624,5624,4429,4429,4429,1496,1496
5625,5625,4430,4430,4430,1496,1496
5626,5626,4431,4431,4431,1496,1496
5628,5628,4432,4432,4432,1497,1497
5629,5629,4433,4433,4433,1497,1497
5630,5630,4434,4434,4434,1497,1497
5631,5631,4435,4435,4435,1497,1497
5632,5632,4436,4436,4436,1497,1497
5633,5633,4437,4437,4437,1497,1497
5634,5634,4438,4438,4438,1497,1497
5635,5635,4439,4439,4439,1497,1497
5636,5636,4440,4440,4440,1497,1497
5637,5637,4441,4441,4441,1497,1497
5638,5638,4442,4442,4442,1497,1497
5639,5639,4443,4443,4443,1497,1497
5640,5640,4444,4444,4444,1497,1497
5641,5641,4445,4445,4445,1497,1497
5642,5642,4446,4446,4446,1497,1497
5643,5643,4447,4447,4447,1497,1497
5645,5645,4448,4448,4448,1498,1498
5646,5646,4449,4449,4449,1498,1498
5647,5647,4450,4450,4450,1498,1498
5648,5648,4451,4451,4451,1498,1498
5649,5649,4452,4452,4452,1498,1498
5650,5650,4453,4453,4453,1498,1498
5651,5651,4454,4454,4454,1498,1498
5652,5652,4455,4455,4455,1498,1498
5653,5653,4456,4456,4456,1498,1498
5652,5653,4457,4456,4457,1498,1498
5652,5653,4458,4456,4458,1498,1498
5654,5654,4459,4459,4459,1499,1499
5655,5655,4460,4460,4460,1499,1499
5656,5656,4461,4461,4461,1499,1499
5657,5657,4462,4462,4462,1499,1499
5658,5658,4463,4463,4463,1499,1499
5659,5659,4464,4464,4464,1499,1499
5661,5661,4465,4465,4465,1500,1500
5662,5662,4466,4466,4466,1500,1500
5663,5663,4467,4467,4467,1500,1500
5665,5665,4468,4468,4468,1501,1501
5666,5666,4469,4469,4469,1501,1501
5667,5667,4470,4470,4470,1501,1501
5668,5668,4471,4471,4471,1501,1501
5669,5669,4472,4472,4472,1501,1501
5670,5670,4473,4473,4473,1501,1501
5672,5672,4474,4474,4474,1502,1502
5673,5673,4475,4475,4475,1502,1502
5674,5674,4476,4476,4476,1502,1502
5675,5675,4477,4477,4477,1502,1502
5676,5676,4478,4478,4478,1502,1502
5676,5676,4479,4478,4479,1502,1502
5677,5677,4480,4480,4480,1502,1502
5679,5679,4481,4481,4481,1503,1503
5680,5680,4482,4482,4482,1503,1503
5682,5682,4483,4483,4483,1504,1504
5683,5683,4484,4484,4484,1504,1504
5684,5684,4485,4485,4485,1504,1504
5685,5685,4486,4486,4486,1504,1504
5686,5686,4487,4487,4487,1504,1504
5687,5687,4488,4488,4488,1504,1504
5688,5688,4489,4489,4489,1504,1504
5689,5689,4490,4490,4490,1504,1504
5690,5690,4491,4491,4491,1504,1504
5691,5691,4492,4492,4492,1504,1504
5692,5692,4493,4493,4493,1504,1504
5693,5693,4494,4494,4494,1504,1504
5694,5694,4495,4495,4495,1504,1504
5695,5695,4496,4496,4496,1504,1504
5696,5696,4497,4497,4497,1504,1504
5697,5697,4498,4498,4498,1504,1504
5698,5698,4499,4499,4499,1504,1504
5699,5699,4500,4500,4500,1504,1504
5700,5700,4501,4501,4501,1504,1504
5701,5701,4502,4502,4502,1504,1504
5702,5702,4503,4503,4503,1504,1504
5703,5703,4504,4504,4504,1504,1504
5705,5705,4505,4505,4505,1505,1505
5706,5706,4506,4506,4506,1505,1505
5707,5707,4507,4507,4507,1505,1505
5708,5708,4508,4508,4508,1505,1505
5710,5710,4509,4509,4509,1506,1506
5711,5711,4510,4510,4510,1506,1506
5712,5712,4511,4511,4511,1506,1506
5713,5713,4512,4512,4512,1506,1506
5714,5714,4513,4513,4513,1506,1506
5715,5715,4514,4514,4514,1506,1506
5716,5716,4515,4515,4515,1506,1506
5716,5716,4516,4515,4516,1506,1506
5713,5716,4517,4515,4517,1506,1506
5714,5716,4518,4515,4518,1506,1506
5715,5716,4519,4515,4519,1506,1506
5716,5716,4520,4515,4520,1506,1506
5717,5717,4521,4521,4521,1506,1506
5718,5718,4522,4522,4522,1506,1506
5720,5720,4523,4523,4523,1507,1507
5721,5721,4524,4524,4524,1507,1507
5722,5722,4525,4525,4525,1507,1507
5723,5723,4526,4526,4526,1507,1507
5724,5724,4527,4527,4527,1507,1507
5725,5725,4528,4528,4528,1507,1507
5724,5725,4529,4528,4529,1507,1507
5725,5725,4530,4528,4530,1507,1507
5726,5726,4531,4531,4531,1507,1507
5727,5727,4532,4532,4532,1507,1507
5728,5728,4533,4533,4533,1507,1507
5729,5729,4534,4534,4534,1507,1507
5730,5730,4535,4535,4535,1507,1507
5731,5731,4536,4536,4536,1507,1507
5732,5732,4537,4537,4537,1507,1507
5733,5733,4538,4538,4538,1507,1507
5734,5734,4539,4539,4539,1507,1507
5735,5735,4540,4540,4540,1507,1507
5736,5736,4541,4541,4541,1507,1507
5737,5737,4542,4542,4542,1507,1507
5738,5738,4543,4543,4543,1507,1507
5735,5738,4544,4543,4544,1507,1507
5736,5738,4545,4543,4545,1507,1507
5737,5738,4546,4543,4546,1507,1507
5739,5739,4547,4547,4547,1508,1508
5740,5740,4548,4548,4548,1508,1508
5741,5741,4549,4549,4549,1508,1508
5742,5742,4550,4550,4550,1508,1508
5743,5743,4551,4551,4551,1508,1508
5744,5744,4552,4552,4552,1508,1508
5745,5745,4553,4553,4553,1508,1508
5746,5746,4554,4554,4554,1508,1508
5747,5747,4555,4555,4555,1508,1508
5748,5748,4556,4556,4556,1508,1508
5749,5749,4557,4557,4557,1508,1508
5750,5750,4558,4558,4558,1508,1508
5751,5751,4559,4559,4559,1508,1508
5752,5752,4560,4560,4560,1508,1508
5753,5753,4561,4561,4561,1508,1508
5754,5754,4562,4562,4562,1508,1508
5755,5755,4563,4563,4563,1508,1508
5756,5756,4564,4564,4564,1508,1508
5755,5756,4565,4564,4565,1508,1508
5756,5756,4566,4564,4566,1508,1508
5757,5757,4567,4567,4567,1508,1508
5758,5758,4568,4568,4568,1508,1508
5759,5759,4569,4569,4569,1508,1508
5760,5760,4570,4570,4570,1508,1508
5761,5761,4571,4571,4571,1508,1508
5762,5762,4572,4572,4572,1508,1508
5760,5762,4573,4572,4573,1508,1508
5761,5762,4574,4572,4574,1508,1508
5762,5762,4575,4572,4575,1508,1508
5763,5763,4576,4576,4576,1508,1508
5764,5764,4577,4577,4577,1508,1508
5765,5765,4578,4578,4578,1508,1508
5766,5766,4579,4579,4579,1508,1508
5767,5767,4580,4580,4580,1508,1508
5768,5768,4581,4581,4581,1508,1508
5769,5769,4582,4582,4582,1508,1508
5766,5769,4583,4582,4583,1508,1508
5767,5769,4584,4582,4584,1508,1508
5768,5769,4585,4582,4585,1508,1508
5769,5769,4586,4582,4586,1508,1508
5770,5770,4587,4587,4587,1508,1508
5771,5771,4588,4588,4588,1508,1508
5772,5772,4589,4589,4589,1508,1508
5773,5773,4590,4590,4590,1508,1508
5774,5774,4591,4591,4591,1508,1508
5775,5775,4592,4592,4592,1508,1508
5776,5776,4593,4593,4593,1508,1508
5777,5777,4594,4594,4594,1508,1508
5778,5778,4595,4595,4595,1508,1508
5779,5779,4596,4596,4596,1508,1508
5780,5780,4597,4597,4597,1508,1508
5781,5781,4598,4598,4598,1508,1508
5782,5782,4599,4599,4599,1508,1508
5781,5782,4600,4599,4600,1508,1508
5780,5782,4601,4599,4601,1508,1508
5781,5782,4602,4599,4602,1508,1508
5782,5782,4603,4599,4603,1508,1508
5783,5783,4604,4604,4604,1508,1508
5784,5784,4605,4605,4605,1508,1508
5785,5785,4606,4606,4606,1508,1508
5782,5785,4607,4606,4607,1508,1508
5783,5785,4608,4606,4608,1508,1508
5784,5785,4609,4606,4609,1508,1508
5785,5785,4610,4606,4610,1508,1508
5786,5786,4611,4611,4611,1508,1508
5787,5787,4612,4612,4612,1508,1508
5788,5788,4613,4613,4613,1508,1508
5789,5789,4614,4614,4614,1508,1508
5790,5790,4615,4615,4615,1508,1508
5791,5791,4616,4616,4616,1508,1508
5792,5792,4617,4617,4617,1508,1508
5793,5793,4618,4618,4618,1508,1508
5794,5794,4619,4619,4619,1508,1508
5795,5795,4620,4620,4620,1508,1508
5796,5796,4621,4621,4621,1508,1508
5797,5797,4622,4622,4622,1508,1508
5798,5798,4623,4623,4623,1508,1508
5799,5799,4624,4624,4624,1508,1508
5800,5800,4625,4625,4625,1508,1508
5801,5801,4626,4626,4626,1508,1508
5802,5802,4627,4627,4627,1508,1508
5803,5803,4628,4628,4628,1508,1508
5804,5804,4629,4629,4629,1508,1508
5805,5805,4630,4630,4630,1508,1508
5806,5806,4631,4631,4631,1508,1508
5808,5808,4632,4632,4632,1509,1509
5809,5809,4633,4633,4633,1509,1509
5808,5809,4634,4633,4634,1509,1509
5809,5809,4635,4633,4635,1509,1509
5810,5810,4636,4636,4636,1509,1509
5811,5811,4637,4637,4637,1509,1509
5812,5812,4638,4638,4638,1509,1509
5813,5813,4639,4639,4639,1509,1509
5814,5814,4640,4640,4640,1509,1509
5815,5815,4641,4641,4641,1509,1509
5816,5816,4642,4642,4642,1509,1509
5818,5818,4643,4643,4643,1509,1509
5819,5819,4644,4644,4644,1509,1509
5820,5820,4645,4645,4645,1509,1509
5821,5821,4646,4646,4646,1509,1509
5822,5822,4647,4647,4647,1509,1509
5823,5823,4648,4648,4648,1509,1509
5824,5824,4649,4649,4649,1509,1509
5825,5825,4650,4650,4650,1509,1509
5827,5827,4651,4651,4651,1510,1510
5829,5829,4652,4652,4652,1511,1511
5830,5830,4653,4653,4653,1511,1511
5831,5831,4654,4654,4654,1511,1511
5832,5832,4655,4655,4655,1511,1511
5834,5834,4656,4656,4656,1512,1512
5835,5835,4657,4657,4657,1512,1512
5836,5836,4658,4658,4658,1512,1512
5837,5837,4659,4659,4659,1512,1512
5838,5838,4660,4660,4660,1512,1512
5839,5839,4661,4661,4661,1512,1512
5840,5840,4662,4662,4662,1512,1512
5841,5841,4663,4663,4663,1512,1512
5840,5841,4664,4663,4664,1512,1512
5842,5842,4665,4665,4665,1513,1513
5843,5843,4666,4666,4666,1513,1513
5844,5844,4667,4667,4667,1513,1513
5845,5845,4668,4668,4668,1513,1513
5846,5846,4669,4669,4669,1513,1513
5847,5847,4670,4670,4670,1513,1513
5846,5847,4671,4670,4671,1513,1513
5847,5847,4672,4670,4672,1513,1513
5848,5848,4673,4673,4673,1513,1513
5849,5849,4674,4674,4674,1513,1513
5850,5850,4675,4675,4675,1513,1513
5851,5851,4676,4676,4676,1513,1513
5852,5852,4677,4677,4677,1513,1513
5853,5853,4678,4678,4678,1513,1513
5855,5855,4679,4679,4679,1514,1514
5856,5856,4680,4680,4680,1514,1514
5857,5857,4681,4681,4681,1514,1514
5859,5859,4682,4682,4682,1515,1515
5860,5860,4683,4683,4683,1515,1515
5861,5861,4684,4684,4684,1515,1515
5862,5862,4685,4685,4685,1515,1515
5863,5863,4686,4686,4686,1515,1515
5864,5864,4687,4687,4687,1515,1515
5865,5865,4688,4688,4688,1515,1515
5866,5866,4689,4689,4689,1515,1515
5864,5866,4690,4689,4690,1515,1515
5865,5866,4691,4689,4691,1515,1515
5867,5867,4692,4692,4692,1516,1516
5868,5868,4693,4693,4693,1516,1516
5869,5869,4694,4694,4694,1516,1516
5870,5870,4695,4695,4695,1516,1516
5871,5871,4696,4696,4696,1516,1516
5872,5872,4697,4697,4697,1516,1516
5873,5873,4698,4698,4698,1516,1516
5874,5874,4699,4699,4699,1516,1516
5875,5875,4700,4700,4700,1516,1516
5876,5876,4701,4701,4701,1516,1516
5877,5877,4702,4702,4702,1516,1516
5878,5878,4703,4703,4703,1516,1516
5879,5879,4704,4704,4704,1516,1516
5880,5880,4705,4705,4705,1516,1516
5881,5881,4706,4706,4706,1516,1516
5882,5882,4707,4707,4707,1516,1516
5883,5883,4708,4708,4708,1516,1516
5884,5884,4709,4709,4709,1516,1516
5885,5885,4710,4710,4710,1516,1516
5886,5886,4711,4711,4711,1516,1516
5887,5887,4712,4712,4712,1516,1516
5888,5888,4713,4713,4713,1516,1516
5889,5889,4714,4714,4714,1516,1516
5890,5890,4715,4715,4715,1516,1516
5891,5891,4716,4716,4716,1516,1516
5892,5892,4717,4717,4717,1516,1516
5894,5894,4718,4718,4718,1517,1517
5892,5894,4719,4718,4719,1517,1517
5893,5894,4720,4718,4720,1517,1517
5894,5894,4721,4718,4721,1517,1517
5895,5895,4722,4722,4722,1517,1517
5894,5895,4723,4722,4723,1517,1517
5895,5895,4724,4722,4724,1517,1517
5896,5896,4725,4725,4725,1517,1517
5897,5897,4726,4726,4726,1517,1517
5898,5898,4727,4727,4727,1517,1517
5899,5899,4728,4728,4728,1517,1517
5900,5900,4729,4729,4729,1517,1517
5901,5901,4730,4730,4730,1517,1517
5900,5901,4731,4730,4731,1517,1517
5899,5901,4732,4730,4732,1517,1517
5895,5901,4733,4730,4733,1517,1517
5896,5901,4734,4730,4734,1517,1517
5897,5901,4735,4730,4735,1517,1517
5898,5901,4736,4730,4736,1517,1517
5899,5901,4737,4730,4737,1517,1517
5900,5901,4738,4730,4738,1517,1517
5901,5901,4739,4730,4739,1517,1517
5902,5902,4740,4740,4740,1517,1517
5903,5903,4741,4741,4741,1517,1517
5904,5904,4742,4742,4742,1517,1517
5905,5905,4743,4743,4743,1517,1517
5906,5906,4744,4744,4744,1517,1517
5907,5907,4745,4745,4745,1517,1517
5908,5908,4746,4746,4746,1517,1517
5909,5909,4747,4747,4747,1517,1517
5910,5910,4748,4748,4748,1517,1517
5911,5911,4749,4749,4749,1517,1517
5912,5912,4750,4750,4750,1517,1517
5914,5914,4751,4751,4751,1518,1518
5916,5916,4752,4752,4752,1519,1519
5917,5917,4753,4753,4753,1519,1519
5918,5918,4754,4754,4754,1519,1519
5919,5919,4755,4755,4755,1519,1519
5920,5920,4756,4756,4756,1519,1519
5918,5920,4757,4756,4757,1519,1519
5919,5920,4758,4756,4758,1519,1519
5920,5920,4759,4756,4759,1519,1519
5921,5921,4760,4760,4760,1519,1519
5922,5922,4761,4761,4761,1519,1519
5923,5923,4762,4762,4762,1519,1519
5924,5924,4763,4763,4763,1519,1519
5925,5925,4764,4764,4764,1519,1519
5927,5927,4765,4765,4765,1520,1520
5928,5928,4766,4766,4766,1520,1520
5929,5929,4767,4767,4767,1520,1520
5930,5930,4768,4768,4768,1520,1520
5931,5931,4769,4769,4769,1520,1520
5932,5932,4770,4770,4770,1520,1520
5933,5933,4771,4771,4771,1520,1520
5934,5934,4772,4772,4772,1520,1520
5935,5935,4773,4773,4773,1520,1520
5935,5935,4774,4773,4774,1520,1520
5936,5936,4775,4775,4775,1520,1520
5938,5938,4776,4776,4776,1521,1521
5940,5940,4777,4777,4777,1522,1522
5941,5941,4778,4778,4778,1522,1522
5942,5942,4779,4779,4779,1522,1522
5943,5943,4780,4780,4780,1522,1522
5945,5945,4781,4781,4781,1523,1523
5946,5946,4782,4782,4782,1523,1523
5947,5947,4783,4783,4783,1523,1523
5948,5948,4784,4784,4784,1523,1523
5949,5949,4785,4785,4785,1523,1523
5950,5950,4786,4786,4786,1523,1523
5951,5951,4787,4787,4787,1523,1523
5952,5952,4788,4788,4788,1523,1523
5950,5952,4789,4788,4789,1523,1523
5951,5952,4790,4788,4790,1523,1523
5952,5952,4791,4788,4791,1523,1523
5953,5953,4792,4792,4792,1523,1523
5952,5953,4793,4792,4793,1523,1523
5953,5953,4794,4792,4794,1523,1523
5954,5954,4795,4795,4795,1523,1523
5955,5955,4796,4796,4796,1523,1523
5956,5956,4797,4797,4797,1523,1523
5957,5957,4798,4798,4798,1523,1523
5958,5958,4799,4799,4799,1523,1523
5959,5959,4800,4800,4800,1523,1523
5960,5960,4801,4801,4801,1523,1523
5961,5961,4802,4802,4802,1523,1523
5962,5962,4803,4803,4803,1523,1523
5963,5963,4804,4804,4804,1523,1523
5965,5965,4805,4805,4805,1523,1523
5966,5966,4806,4806,4806,1523,1523
5967,5967,4807,4807,4807,1523,1523
5968,5968,4808,4808,4808,1523,1523
5969,5969,4809,4809,4809,1523,1523
5970,5970,4810,4810,4810,1523,1523
5971,5971,4811,4811,4811,1523,1523
5972,5972,4812,4812,4812,1523,1523
5973,5973,4813,4813,4813,1523,1523
5974,5974,4814,4814,4814,1523,1523
5975,5975,4815,4815,4815,1523,1523
5976,5976,4816,4816,4816,1523,1523
5977,5977,4817,4817,4817,1523,1523
5978,5978,4818,4818,4818,1523,1523
5977,5978,4819,4818,4819,1523,1523
5978,5978,4820,4818,4820,1523,1523
5979,5979,4821,4821,4821,1523,1523
5976,5979,4822,4821,4822,1523,1523
5975,5979,4823,4821,4823,1523,1523
5975,5979,4824,4821,4824,1523,1523
5976,5979,4825,4821,4825,1523,1523
5977,5979,4826,4821,4826,1523,1523
5978,5979,4827,4821,4827,1523,1523
5979,5979,4828,4821,4828,1523,1523
5980,5980,4829,4829,4829,1523,1523
5981,5981,4830,4830,4830,1523,1523
5982,5982,4831,4831,4831,1523,1523
5983,5983,4832,4832,4832,1523,1523
5984,5984,4833,4833,4833,1523,1523
5985,5985,4834,4834,4834,1523,1523
5986,5986,4835,4835,4835,1523,1523
5987,5987,4836,4836,4836,1523,1523
5988,5988,4837,4837,4837,1523,1523
5988,5988,4838,4837,4838,1523,1523
5989,5989,4839,4839,4839,1523,1523
5990,5990,4840,4840,4840,1523,1523
5991,5991,4841,4841,4841,1523,1523
5992,5992,4842,4842,4842,1523,1523
5993,5993,4843,4843,4843,1523,1523
5992,5993,4844,4843,4844,1523,1523
5993,5993,4845,4843,4845,1523,1523
5994,5994,4846,4846,4846,1523,1523
5995,5995,4847,4847,4847,1523,1523
5996,5996,4848,4848,4848,1523,1523
5997,5997,4849,4849,4849,1523,1523
5998,5998,4850,4850,4850,1523,1523
5999,5999,4851,4851,4851,1523,1523
6000,6000,4852,4852,4852,1523,1523
6001,6001,4853,4853,4853,1523,1523
6002,6002,4854,4854,4854,1523,1523
6003,6003,4855,4855,4855,1523,1523
6004,6004,4856,4856,4856,1523,1523
6003,6004,4857,4856,4857,1523,1523
6004,6004,4858,4856,4858,1523,1523
6003,6004,4859,4856,4859,1523,1523
6004,6004,4860,4856,4860,1523,1523
6005,6005,4861,4861,4861,1523,1523
6006,6006,4862,4862,4862,1523,1523
6007,6007,4863,4863,4863,1523,1523
6008,6008,4864,4864,4864,1523,1523
6009,6009,4865,4865,4865,1523,1523
6006,6009,4866,4865,4866,1523,1523
6007,6009,4867,4865,4867,1523,1523
6008,6009,4868,4865,4868,1523,1523
6008,6009,4869,4865,4869,1523,1523
6009,6009,4870,4865,4870,1523,1523
6010,6010,4871,4871,4871,1523,1523
6009,6010,4872,4871,4872,1523,1523
6010,6010,4873,4871,4873,1523,1523
6011,6011,4874,4874,4874,1523,1523
6013,6013,4875,4875,4875,1524,1524
6014,6014,4876,4876,4876,1524,1524
6015,6015,4877,4877,4877,1524,1524
6016,6016,4878,4878,4878,1524,1524
6017,6017,4879,4879,4879,1524,1524
6018,6018,4880,4880,4880,1524,1524
6019,6019,4881,4881,4881,1524,1524
6020,6020,4882,4882,4882,1524,1524
6021,6021,4883,4883,4883,1524,1524
6022,6022,4884,4884,4884,1524,1524
6023,6023,4885,4885,4885,1524,1524
6024,6024,4886,4886,4886,1524,1524
6025,6025,4887,4887,4887,1524,1524
6026,6026,4888,4888,4888,1524,1524
6027,6027,4889,4889,4889,1524,1524
6028,6028,4890,4890,4890,1524,1524
6029,6029,4891,4891,4891,1524,1524
6031,6031,4892,4892,4892,1525,1525
6032,6032,4893,4893,4893,1525,1525
6033,6033,4894,4894,4894,1525,1525
6034,6034,4895,4895,4895,1525,1525
6035,6035,4896,4896,4896,1525,1525
6036,6036,4897,4897,4897,1525,1525
6030,6036,4898,4897,4898,1525,1525
6031,6036,4899,4897,4899,1525,1525
6032,6036,4900,4897,4900,1525,1525
6033,6036,4901,4897,4901,1525,1525
6034,6036,4902,4897,4902,1525,1525
6035,6036,4903,4897,4903,1525,1525
6036,6036,4904,4897,4904,1525,1525
6037,6037,4905,4905,4905,1525,1525
6038,6038,4906,4906,4906,1525,1525
6039,6039,4907,4907,4907,1525,1525
6040,6040,4908,4908,4908,1525,1525
6041,6041,4909,4909,4909,1525,1525
6042,6042,4910,4910,4910,1525,1525
6043,6043,4911,4911,4911,1525,1525
6044,6044,4912,4912,4912,1525,1525
6045,6045,4913,4913,4913,1525,1525
6046,6046,4914,4914,4914,1525,1525
6047,6047,4915,4915,4915,1525,1525
6048,6048,4916,4916,4916,1525,1525
6049,6049,4917,4917,4917,1525,1525
6050,6050,4918,4918,4918,1525,1525
6051,6051,4919,4919,4919,1525,1525
6052,6052,4920,4920,4920,1525,1525
6051,6052,4921,4920,4921,1525,1525
6052,6052,4922,4920,4922,1525,1525
6053,6053,4923,4923,4923,1525,1525
6054,6054,4924,4924,4924,1525,1525
6055,6055,4925,4925,4925,1525,1525
6056,6056,4926,4926,4926,1525,1525
6057,6057,4927,4927,4927,1525,1525
6058,6058,4928,4928,4928,1525,1525
6059,6059,4929,4929,4929,1525,1525
6060,6060,4930,4930,4930,1525,1525
6061,6061,4931,4931,4931,1525,1525
6062,6062,4932,4932,4932,1525,1525
6063,6063,4933,4933,4933,1525,1525
6064,6064,4934,4934,4934,1525,1525
6065,6065,4935,4935,4935,1525,1525
6066,6066,4936,4936,4936,1525,1525
6067,6067,4937,4937,4937,1525,1525
6068,6068,4938,4938,4938,1525,1525
6069,6069,4939,4939,4939,1525,1525
6070,6070,4940,4940,4940,1525,1525
6071,6071,4941,4941,4941,1525,1525
6072,6072,4942,4942,4942,1525,1525
6073,6073,4943,4943,4943,1525,1525
6074,6074,4944,4944,4944,1525,1525
6075,6075,4945,4945,4945,1525,1525
6076,6076,4946,4946,4946,1525,1525
6074,6076,4947,4946,4947,1525,1525
6075,6076,4948,4946,4948,1525,1525
6076,6076,4949,4946,4949,1525,1525
6077,6077,4950,4950,4950,1525,1525
6078,6078,4951,4951,4951,1525,1525
6079,6079,4952,4952,4952,1525,1525
6080,6080,4953,4953,4953,1525,1525
6081,6081,4954,4954,4954,1525,1525
6082,6082,4955,4955,4955,1525,1525
6083,6083,4956,4956,4956,1525,1525
6084,6084,4957,4957,4957,1525,1525
6085,6085,4958,4958,4958,1525,1525
6083,6085,4959,4958,4959,1525,1525
6084,6085,4960,4958,4960,1525,1525
6085,6085,4961,4958,4961,1525,1525
6086,6086,4962,4962,4962,1525,1525
6088,6088,4963,4963,4963,1526,1526
6089,6089,4964,4964,4964,1526,1526
6090,6090,4965,4965,4965,1526,1526
6091,6091,4966,4966,4966,1526,1526
6092,6092,4967,4967,4967,1526,1526
6093,6093,4968,4968,4968,1526,1526
6094,6094,4969,4969,4969,1526,1526
6095,6095,4970,4970,4970,1526,1526
6094,6095,4971,4970,4971,1526,1526
6095,6095,4972,4970,4972,1526,1526
6096,6096,4973,4973,4973,1526,1526
6094,6096,4974,4973,4974,1526,1526
6095,6096,4975,4973,4975,1526,1526
6096,6096,4976,4973,4976,1526,1526
6097,6097,4977,4977,4977,1526,1526
6098,6098,4978,4978,4978,1526,1526
6096,6098,4979,4978,4979,1526,1526
6097,6098,4980,4978,4980,1526,1526
6094,6098,4981,4978,4981,1526,1526
6090,6098,4982,4978,4982,1526,1526
6086,6098,4983,4978,4983,1526,1526
6087,6098,4984,4978,4984,1526,1526
6088,6098,4985,4978,4985,1526,1526
6089,6098,4986,4978,4986,1526,1526
6090,6098,4987,4978,4987,1526,1526
6091,6098,4988,4978,4988,1526,1526
6092,6098,4989,4978,4989,1526,1526
6093,6098,4990,4978,4990,1526,1526
6094,6098,4991,4978,4991,1526,1526
6091,6098,4992,4978,4992,1526,1526
6092,6098,4993,4978,4993,1526,1526
6093,6098,4994,4978,4994,1526,1526
6090,6098,4995,4978,4995,1526,1526
6091,6098,4996,4978,4996,1526,1526
6092,6098,4997,4978,4997,1526,1526
6093,6098,4998,4978,4998,1526,1526
6094,6098,4999,4978,4999,1526,1526
6095,6098,5000,4978,5000,1526,1526
6092,6098,5001,4978,5001,1526,1526
6093,6098,5002,4978,5002,1526,1526
6093,6098,5003,4978,5003,1526,1526
6094,6098,5004,4978,5004,1526,1526
6095,6098,5005,4978,5005,1526,1526
6096,6098,5006,4978,5006,1526,1526
6097,6098,5007,4978,5007,1526,1526
6097,6098,5008,4978,5008,1526,1526
6098,6098,5009,4978,5009,1526,1526
6099,6099,5010,5010,5010,1526,1526
6100,6100,5011,5011,5011,1526,1526
6101,6101,5012,5012,5012,1526,1526
6102,6102,5013,5013,5013,1526,1526
6103,6103,5014,5014,5014,1526,1526
6104,6104,5015,5015,5015,1526,1526
6105,6105,5016,5016,5016,1526,1526
6106,6106,5017,5017,5017,1526,1526
6108,6108,5018,5018,5018,1527,1527
6109,6109,5019,5019,5019,1527,1527
6108,6109,5020,5019,5020,1527,1527
6109,6109,5021,5019,5021,1527,1527
6110,6110,5022,5022,5022,1527,1527
6110,6110,5023,5022,5023,1527,1527
6111,6111,5024,5024,5024,1527,1527
6112,6112,5025,5025,5025,1527,1527
6113,6113,5026,5026,5026,1527,1527
6114,6114,5027,5027,5027,1527,1527
6115,6115,5028,5028,5028,1527,1527
6115,6115,5029,5028,5029,1527,1527
6116,6116,5030,5030,5030,1527,1527
6117,6117,5031,5031,5031,1527,1527
6118,6118,5032,5032,5032,1527,1527
6119,6119,5033,5033,5033,1527,1527
6120,6120,5034,5034,5034,1527,1527
6121,6121,5035,5035,5035,1527,1527
6122,6122,5036,5036,5036,1527,1527
6123,6123,5037,5037,5037,1527,1527
6120,6123,5038,5037,5038,1527,1527
6121,6123,5039,5037,5039,1527,1527
6122,6123,5040,5037,5040,1527,1527
6123,6123,5041,5037,5041,1527,1527
6125,6125,5042,5042,5042,1528,1528
6126,6126,5043,5043,5043,1528,1528
6127,6127,5044,5044,5044,1528,1528
6128,6128,5045,5045,5045,1528,1528
6129,6129,5046,5046,5046,1528,1528
6130,6130,5047,5047,5047,1528,1528
6131,6131,5048,5048,5048,1528,1528
6133,6133,5049,5049,5049,1529,1529
6135,6135,5050,5050,5050,1530,1530
6136,6136,5051,5051,5051,1530,1530
6137,6137,5052,5052,5052,1530,1530
6138,6138,5053,5053,5053,1530,1530
6139,6139,5054,5054,5054,1530,1530
6140,6140,5055,5055,5055,1530,1530
6141,6141,5056,5056,5056,1530,1530
6142,6142,5057,5057,5057,1530,1530
6143,6143,5058,5058,5058,1530,1530
6144,6144,5059,5059,5059,1530,1530
6145,6145,5060,5060,5060,1530,1530
6146,6146,5061,5061,5061,1530,1530
6147,6147,5062,5062,5062,1530,1530
6148,6148,5063,5063,5063,1530,1530
6144,6148,5064,5063,5064,1530,1530
6145,6148,5065,5063,5065,1530,1530
6146,6148,5066,5063,5066,1530,1530
6147,6148,5067,5063,5067,1530,1530
6148,6148,5068,5063,5068,1530,1530
6149,6149,5069,5069,5069,1530,1530
6150,6150,5070,5070,5070,1530,1530
6151,6151,5071,5071,5071,1530,1530
6152,6152,5072,5072,5072,1530,1530
6153,6153,5073,5073,5073,1530,1530
6155,6155,5074,5074,5074,1531,1531
6156,6156,5075,5075,5075,1531,1531
6157,6157,5076,5076,5076,1531,1531
6158,6158,5077,5077,5077,1531,1531
6159,6159,5078,5078,5078,1531,1531
6160,6160,5079,5079,5079,1531,1531
6158,6160,5080,5079,5080,1531,1531
6159,6160,5081,5079,5081,1531,1531
6160,6160,5082,5079,5082,1531,1531
6161,6161,5083,5083,5083,1531,1531
6162,6162,5084,5084,5084,1531,1531
6163,6163,5085,5085,5085,1531,1531
6164,6164,5086,5086,5086,1531,1531
6161,6164,5087,5086,5087,1531,1531
6162,6164,5088,5086,5088,1531,1531
6163,6164,5089,5086,5089,1531,1531
6161,6164,5090,5086,5090,1531,1531
6162,6164,5091,5086,5091,1531,1531
6163,6164,5092,5086,5092,1531,1531
6164,6164,5093,5086,5093,1531,1531
6165,6165,5094,5094,5094,1531,1531
6166,6166,5095,5095,5095,1531,1531
6167,6167,5096,5096,5096,1531,1531
6168,6168,5097,5097,5097,1531,1531
6167,6168,5098,5097,5098,1531,1531
6168,6168,5099,5097,5099,1531,1531
6169,6169,5100,5100,5100,1531,1531
6170,6170,5101,5101,5101,1531,1531
6171,6171,5102,5102,5102,1531,1531
6172,6172,5103,5103,5103,1531,1531
6173,6173,5104,5104,5104,1531,1531
6173,6173,5105,5104,5105,1531,1531
6174,6174,5106,5106,5106,1531,1531
6175,6175,5107,5107,5107,1531,1531
6176,6176,5108,5108,5108,1531,1531
6177,6177,5109,5109,5109,1531,1531
6178,6178,5110,5110,5110,1531,1531
6179,6179,5111,5111,5111,1531,1531
6180,6180,5112,5112,5112,1531,1531
6180,6180,5113,5112,5113,1531,1531
6181,6181,5114,5114,5114,1531,1531
6182,6182,5115,5115,5115,1531,1531
6183,6183,5116,5116,5116,1531,1531
6184,6184,5117,5117,5117,1531,1531
6184,6184,5118,5117,5118,1531,1531
6185,6185,5119,5119,5119,1531,1531
6186,6186,5120,5120,5120,1531,1531
6187,6187,5121,5121,5121,1531,1531
6188,6188,5122,5122,5122,1531,1531
6189,6189,5123,5123,5123,1531,1531
6190,6190,5124,5124,5124,1531,1531
6191,6191,5125,5125,5125,1531,1531
6190,6191,5126,5125,5126,1531,1531
6192,6192,5127,5127,5127,1532,1532
6193,6193,5128,5128,5128,1532,1532
6194,6194,5129,5129,5129,1532,1532
6195,6195,5130,5130,5130,1532,1532
6196,6196,5131,5131,5131,1532,1532
6197,6197,5132,5132,5132,1532,1532
6198,6198,5133,5133,5133,1532,1532
6199,6199,5134,5134,5134,1532,1532
6195,6199,5135,5134,5135,1532,1532
6196,6199,5136,5134,5136,1532,1532
6197,6199,5137,5134,5137,1532,1532
6198,6199,5138,5134,5138,1532,1532
6197,6199,5139,5134,5139,1532,1532
6198,6199,5140,5134,5140,1532,1532
6199,6199,5141,5134,5141,1532,1532
6200,6200,5142,5142,5142,1532,1532
6201,6201,5143,5143,5143,1532,1532
6202,6202,5144,5144,5144,1532,1532
6203,6203,5145,5145,5145,1532,1532
6204,6204,5146,5146,5146,1532,1532
6205,6205,5147,5147,5147,1532,1532
6202,6205,5148,5147,5148,1532,1532
6203,6205,5149,5147,5149,1532,1532
6204,6205,5150,5147,5150,1532,1532
6205,6205,5151,5147,5151,1532,1532
6206,6206,5152,5152,5152,1532,1532
6207,6207,5153,5153,5153,1532,1532
6208,6208,5154,5154,5154,1532,1532
6209,6209,5155,5155,5155,1532,1532
6210,6210,5156,5156,5156,1532,1532
6211,6211,5157,5157,5157,1532,1532
6212,6212,5158,5158,5158,1532,1532
6212,6212,5159,5158,5159,1532,1532
6213,6213,5160,5160,5160,1532,1532
6214,6214,5161,5161,5161,1532,1532
6214,6214,5162,5161,5162,1532,1532
6215,6215,5163,5163,5163,1532,1532
6216,6216,5164,5164,5164,1532,1532
6217,6217,5165,5165,5165,1532,1532
6218,6218,5166,5166,5166,1532,1532
6219,6219,5167,5167,5167,1532,1532
6220,6220,5168,5168,5168,1532,1532
6221,6221,5169,5169,5169,1532,1532
6222,6222,5170,5170,5170,1532,1532
6223,6223,5171,5171,5171,1532,1532
6224,6224,5172,5172,5172,1532,1532
6225,6225,5173,5173,5173,1532,1532
6226,6226,5174,5174,5174,1532,1532
6227,6227,5175,5175,5175,1532,1532
6228,6228,5176,5176,5176,1532,1532
6227,6228,5177,5176,5177,1532,1532
6228,6228,5178,5176,5178,1532,1532
6230,6230,5179,5179,5179,1533,1533
6231,6231,5180,5180,5180,1533,1533
6232,6232,5181,5181,5181,1533,1533
6233,6233,5182,5182,5182,1533,1533
6234,6234,5183,5183,5183,1533,1533
6234,6234,5184,5183,5184,1533,1533
6235,6235,5185,5185,5185,1533,1533
6236,6236,5186,5186,5186,1533,1533
6237,6237,5187,5187,5187,1533,1533
6239,6239,5188,5188,5188,1534,1534
6240,6240,5189,5189,5189,1534,1534
6241,6241,5190,5190,5190,1534,1534
6242,6242,5191,5191,5191,1534,1534
6239,6242,5192,5191,5192,1534,1534
6240,6242,5193,5191,5193,1534,1534
6241,6242,5194,5191,5194,1534,1534
6242,6242,5195,5191,5195,1534,1534
6243,6243,5196,5196,5196,1534,1534
6244,6244,5197,5197,5197,1534,1534
6245,6245,5198,5198,5198,1534,1534
6246,6246,5199,5199,5199,1534,1534
6247,6247,5200,5200,5200,1534,1534
6248,6248,5201,5201,5201,1534,1534
6249,6249,5202,5202,5202,1534,1534
6248,6249,5203,5202,5203,1534,1534
6249,6249,5204,5202,5204,1534,1534
6250,6250,5205,5205,5205,1534,1534
6251,6251,5206,5206,5206,1534,1534
6250,6251,5207,5206,5207,1534,1534
6251,6251,5208,5206,5208,1534,1534
6252,6252,5209,5209,5209,1534,1534
6254,6254,5210,5210,5210,1535,1535
6255,6255,5211,5211,5211,1535,1535
6256,6256,5212,5212,5212,1535,1535
6257,6257,5213,5213,5213,1535,1535
6256,6257,5214,5213,5214,1535,1535
6258,6258,5215,5215,5215,1536,1536
6259,6259,5216,5216,5216,1536,1536
6260,6260,5217,5217,5217,1536,1536
6261,6261,5218,5218,5218,1536,1536
6262,6262,5219,5219,5219,1536,1536
6263,6263,5220,5220,5220,1536,1536
6264,6264,5221,5221,5221,1536,1536
6265,6265,5222,5222,5222,1536,1536
6266,6266,5223,5223,5223,1536,1536
6267,6267,5224,5224,5224,1536,1536
6268,6268,5225,5225,5225,1536,1536
6269,6269,5226,5226,5226,1536,1536
6270,6270,5227,5227,5227,1536,1536
6271,6271,5228,5228,5228,1536,1536
6272,6272,5229,5229,5229,1536,1536
6273,6273,5230,5230,5230,1536,1536
6274,6274,5231,5231,5231,1536,1536
6275,6275,5232,5232,5232,1536,1536
6276,6276,5233,5233,5233,1536,1536
6277,6277,5234,5234,5234,1536,1536
6278,6278,5235,5235,5235,1536,1536
6279,6279,5236,5236,5236,1536,1536
6280,6280,5237,5237,5237,1536,1536
6281,6281,5238,5238,5238,1536,1536
6281,6281,5239,5238,5239,1536,1536
6283,6283,5240,5240,5240,1537,1537
6282,6283,5241,5240,5241,1537,1537
6283,6283,5242,5240,5242,1537,1537
6284,6284,5243,5243,5243,1537,1537
6285,6285,5244,5244,5244,1537,1537
6286,6286,5245,5245,5245,1537,1537
6283,6286,5246,5245,5246,1537,1537
6284,6286,5247,5245,5247,1537,1537
6285,6286,5248,5245,5248,1537,1537
6286,6286,5249,5245,5249,1537,1537
6287,6287,5250,5250,5250,1537,1537
6288,6288,5251,5251,5251,1537,1537
6289,6289,5252,5252,5252,1537,1537
6290,6290,5253,5253,5253,1537,1537
6291,6291,5254,5254,5254,1537,1537
6292,6292,5255,5255,5255,1537,1537
6293,6293,5256,5256,5256,1537,1537
6294,6294,5257,5257,5257,1537,1537
6295,6295,5258,5258,5258,1537,1537
6296,6296,5259,5259,5259,1537,1537
6297,6297,5260,5260,5260,1537,1537
6298,6298,5261,5261,5261,1537,1537
6299,6299,5262,5262,5262,1537,1537
6300,6300,5263,5263,5263,1537,1537
6301,6301,5264,5264,5264,1537,1537
6302,6302,5265,5265,5265,1537,1537
6303,6303,5266,5266,5266,1537,1537
6304,6304,5267,5267,5267,1537,1537
6304,6304,5268,5267,5268,1537,1537
6305,6305,5269,5269,5269,1537,1537
6306,6306,5270,5270,5270,1537,1537
6307,6307,5271,5271,5271,1537,1537
6308,6308,5272,5272,5272,1537,1537
6309,6309,5273,5273,5273,1537,1537
6310,6310,5274,5274,5274,1537,1537
6311,6311,5275,5275,5275,1537,1537
6312,6312,5276,5276,5276,1537,1537
6313,6313,5277,5277,5277,1537,1537
6314,6314,5278,5278,5278,1537,1537
6315,6315,5279,5279,5279,1537,1537
6316,6316,5280,5280,5280,1537,1537
6317,6317,5281,5281,5281,1537,1537
6318,6318,5282,5282,5282,1537,1537
6316,6318,5283,5282,5283,1537,1537
6317,6318,5284,5282,5284,1537,1537
6318,6318,5285,5282,5285,1537,1537
6320,6320,5286,5286,5286,1538,1538
6321,6321,5287,5287,5287,1538,1538
6322,6322,5288,5288,5288,1538,1538
6323,6323,5289,5289,5289,1538,1538
6324,6324,5290,5290,5290,1538,1538
6325,6325,5291,5291,5291,1538,1538
6326,6326,5292,5292,5292,1538,1538
6323,6326,5293,5292,5293,1538,1538
6324,6326,5294,5292,5294,1538,1538
6325,6326,5295,5292,5295,1538,1538
6326,6326,5296,5292,5296,1538,1538
6324,6326,5297,5292,5297,1538,1538
6325,6326,5298,5292,5298,1538,1538
6325,6326,5299,5292,5299,1538,1538
6326,6326,5300,5292,5300,1538,1538
6327,6327,5301,5301,5301,1538,1538
6328,6328,5302,5302,5302,1538,1538
6327,6328,5303,5302,5303,1538,1538
6328,6328,5304,5302,5304,1538,1538
6329,6329,5305,5305,5305,1538,1538
6330,6330,5306,5306,5306,1538,1538
6331,6331,5307,5307,5307,1538,1538
6332,6332,5308,5308,5308,1538,1538
6333,6333,5309,5309,5309,1538,1538
6330,6333,5310,5309,5310,1538,1538
6331,6333,5311,5309,5311,1538,1538
6331,6333,5312,5309,5312,1538,1538
6332,6333,5313,5309,5313,1538,1538
6333,6333,5314,5309,5314,1538,1538
6334,6334,5315,5315,5315,1538,1538
6335,6335,5316,5316,5316,1538,1538
6336,6336,5317,5317,5317,1538,1538
6337,6337,5318,5318,5318,1538,1538
6338,6338,5319,5319,5319,1538,1538
6339,6339,5320,5320,5320,1538,1538
6335,6339,5321,5320,5321,1538,1538
6336,6339,5322,5320,5322,1538,1538
6337,6339,5323,5320,5323,1538,1538
6338,6339,5324,5320,5324,1538,1538
6339,6339,5325,5320,5325,1538,1538
6340,6340,5326,5326,5326,1538,1538
6341,6341,5327,5327,5327,1538,1538
6342,6342,5328,5328,5328,1538,1538
6343,6343,5329,5329,5329,1538,1538
6344,6344,5330,5330,5330,1538,1538
6345,6345,5331,5331,5331,1538,1538
6346,6346,5332,5332,5332,1538,1538
6347,6347,5333,5333,5333,1538,1538
6348,6348,5334,5334,5334,1538,1538
6349,6349,5335,5335,5335,1538,1538
6350,6350,5336,5336,5336,1538,1538
6351,6351,5337,5337,5337,1538,1538
6352,6352,5338,5338,5338,1538,1538
6353,6353,5339,5339,5339,1538,1538
6354,6354,5340,5340,5340,1538,1538
6355,6355,5341,5341,5341,1538,1538
6356,6356,5342,5342,5342,1538,1538
6357,6357,5343,5343,5343,1538,1538
6358,6358,5344,5344,5344,1538,1538
6359,6359,5345,5345,5345,1538,1538
6360,6360,5346,5346,5346,1538,1538
6361,6361,5347,5347,5347,1538,1538
6358,6361,5348,5347,5348,1538,1538
6359,6361,5349,5347,5349,1538,1538
6360,6361,5350,5347,5350,1538,1538
6361,6361,5351,5347,5351,1538,1538
6362,6362,5352,5352,5352,1538,1538
6363,6363,5353,5353,5353,1538,1538
6364,6364,5354,5354,5354,1538,1538
6365,6365,5355,5355,5355,1538,1538
6366,6366,5356,5356,5356,1538,1538
6363,6366,5357,5356,5357,1538,1538
6360,6366,5358,5356,5358,1538,1538
6361,6366,5359,5356,5359,1538,1538
6359,6366,5360,5356,5360,1538,1538
6360,6366,5361,5356,5361,1538,1538
6361,6366,5362,5356,5362,1538,1538
6362,6366,5363,5356,5363,1538,1538
6363,6366,5364,5356,5364,1538,1538
6364,6366,5365,5356,5365,1538,1538
6365,6366,5366,5356,5366,1538,1538
6366,6366,5367,5356,5367,1538,1538
6367,6367,5368,5368,5368,1538,1538
6368,6368,5369,5369,5369,1538,1538
6369,6369,5370,5370,5370,1538,1538
6370,6370,5371,5371,5371,1538,1538
6371,6371,5372,5372,5372,1538,1538
6372,6372,5373,5373,5373,1538,1538
6374,6374,5374,5374,5374,1539,1539
6375,6375,5375,5375,5375,1539,1539
6376,6376,5376,5376,5376,1539,1539
6377,6377,5377,5377,5377,1539,1539
6378,6378,5378,5378,5378,1539,1539
6376,6378,5379,5378,5379,1539,1539
6377,6378,5380,5378,5380,1539,1539
6378,6378,5381,5378,5381,1539,1539
6379,6379,5382,5382,5382,1539,1539
6380,6380,5383,5383,5383,1539,1539
6381,6381,5384,5384,5384,1539,1539
6381,6381,5385,5384,5385,1539,1539
6382,6382,5386,5386,5386,1539,1539
6383,6383,5387,5387,5387,1539,1539
6385,6385,5388,5388,5388,1540,1540
6386,6386,5389,5389,5389,1540,1540
6387,6387,5390,5390,5390,1540,1540
6388,6388,5391,5391,5391,1540,1540
6389,6389,5392,5392,5392,1540,1540
6390,6390,5393,5393,5393,1540,1540
6391,6391,5394,5394,5394,1540,1540
6392,6392,5395,5395,5395,1540,1540
6393,6393,5396,5396,5396,1540,1540
6394,6394,5397,5397,5397,1540,1540
6392,6394,5398,5397,5398,1540,1540
6393,6394,5399,5397,5399,1540,1540
6394,6394,5400,5397,5400,1540,1540
6395,6395,5401,5401,5401,1540,1540
6396,6396,5402,5402,5402,1540,1540
6397,6397,5403,5403,5403,1540,1540
6398,6398,5404,5404,5404,1540,1540
6394,6398,5405,5404,5405,1540,1540
6395,6398,5406,5404,5406,1540,1540
6396,6398,5407,5404,5407,1540,1540
6397,6398,5408,5404,5408,1540,1540
6398,6398,5409,5404,5409,1540,1540
6399,6399,5410,5410,5410,1540,1540
6400,6400,5411,5411,5411,1540,1540
6401,6401,5412,5412,5412,1540,1540
6402,6402,5413,5413,5413,1540,1540
6403,6403,5414,5414,5414,1540,1540
6402,6403,5415,5414,5415,1540,1540
6403,6403,5416,5414,5416,1540,1540
6404,6404,5417,5417,5417,1540,1540
6405,6405,5418,5418,5418,1540,1540
6406,6406,5419,5419,5419,1540,1540
6407,6407,5420,5420,5420,1540,1540
6408,6408,5421,5421,5421,1540,1540
6409,6409,5422,5422,5422,1540,1540
6410,6410,5423,5423,5423,1540,1540
6411,6411,5424,5424,5424,1540,1540
6412,6412,5425,5425,5425,1540,1540
6413,6413,5426,5426,5426,1540,1540
6411,6413,5427,5426,5427,1540,1540
6412,6413,5428,5426,5428,1540,1540
6413,6413,5429,5426,5429,1540,1540
6414,6414,5430,5430,5430,1540,1540
6415,6415,5431,5431,5431,1540,1540
6416,6416,5432,5432,5432,1540,1540
6417,6417,5433,5433,5433,1540,1540
6418,6418,5434,5434,5434,1540,1540
6419,6419,5435,5435,5435,1540,1540
6420,6420,5436,5436,5436,1540,1540
6421,6421,5437,5437,5437,1540,1540
6422,6422,5438,5438,5438,1540,1540
6423,6423,5439,5439,5439,1540,1540
6424,6424,5440,5440,5440,1540,1540
6425,6425,5441,5441,5441,1540,1540
6424,6425,5442,5441,5442,1540,1540
6423,6425,5443,5441,5443,1540,1540
6424,6425,5444,5441,5444,1540,1540
6425,6425,5445,5441,5445,1540,1540
6426,6426,5446,5446,5446,1540,1540
6427,6427,5447,5447,5447,1540,1540
6428,6428,5448,5448,5448,1540,1540
6429,6429,5449,5449,5449,1540,1540
6430,6430,5450,5450,5450,1540,1540
6431,6431,5451,5451,5451,1540,1540
6432,6432,5452,5452,5452,1540,1540
6433,6433,5453,5453,5453,1540,1540
6434,6434,5454,5454,5454,1540,1540
6435,6435,5455,5455,5455,1540,1540
6436,6436,5456,5456,5456,1540,1540
6437,6437,5457,5457,5457,1540,1540
6438,6438,5458,5458,5458,1540,1540
6436,6438,5459,5458,5459,1540,1540
6437,6438,5460,5458,5460,1540,1540
6438,6438,5461,5458,5461,1540,1540
6437,6438,5462,5458,5462,1540,1540
6438,6438,5463,5458,5463,1540,1540
6439,6439,5464,5464,5464,1540,1540
6440,6440,5465,5465,5465,1540,1540
6439,6440,5466,5465,5466,1540,1540
6440,6440,5467,5465,5467,1540,1540
6439,6440,5468,5465,5468,1540,1540
6440,6440,5469,5465,5469,1540,1540
6438,6440,5470,5465,5470,1540,1540
6439,6440,5471,5465,5471,1540,1540
6440,6440,5472,5465,5472,1540,1540
6441,6441,5473,5473,5473,1540,1540
6441,6441,5474,5473,5474,1540,1540
6442,6442,5475,5475,5475,1540,1540
6443,6443,5476,5476,5476,1540,1540
6444,6444,5477,5477,5477,1540,1540
6445,6445,5478,5478,5478,1540,1540
6446,6446,5479,5479,5479,1540,1540
6447,6447,5480,5480,5480,1540,1540
6448,6448,5481,5481,5481,1540,1540
6449,6449,5482,5482,5482,1540,1540
6450,6450,5483,5483,5483,1540,1540
6451,6451,5484,5484,5484,1540,1540
6452,6452,5485,5485,5485,1540,1540
6449,6452,5486,5485,5486,1540,1540
6450,6452,5487,5485,5487,1540,1540
6451,6452,5488,5485,5488,1540,1540
6452,6452,5489,5485,5489,1540,1540
6453,6453,5490,5490,5490,1540,1540
6454,6454,5491,5491,5491,1540,1540
6455,6455,5492,5492,5492,1540,1540
6457,6457,5493,5493,5493,1541,1541
6455,6457,5494,5493,5494,1541,1541
6456,6457,5495,5493,5495,1541,1541
6457,6457,5496,5493,5496,1541,1541
6458,6458,5497,5497,5497,1541,1541
6459,6459,5498,5498,5498,1541,1541
6460,6460,5499,5499,5499,1541,1541
6461,6461,5500,5500,5500,1541,1541
6462,6462,5501,5501,5501,1541,1541
6463,6463,5502,5502,5502,1541,1541
6464,6464,5503,5503,5503,1541,1541
6465,6465,5504,5504,5504,1541,1541
6466,6466,5505,5505,5505,1541,1541
6468,6468,5506,5506,5506,1542,1542
6469,6469,5507,5507,5507,1542,1542
6470,6470,5508,5508,5508,1542,1542
6471,6471,5509,5509,5509,1542,1542
6472,6472,5510,5510,5510,1542,1542
6473,6473,5511,5511,5511,1542,1542
6472,6473,5512,5511,5512,1542,1542
6471,6473,5513,5511,5513,1542,1542
6471,6473,5514,5511,5514,1542,1542
6472,6473,5515,5511,5515,1542,1542
6473,6473,5516,5511,5516,1542,1542
6474,6474,5517,5517,5517,1542,1542
6475,6475,5518,5518,5518,1542,1542
6476,6476,5519,5519,5519,1542,1542
6476,6476,5520,5519,5520,1542,1542
6477,6477,5521,5521,5521,1542,1542
6478,6478,5522,5522,5522,1542,1542
6479,6479,5523,5523,5523,1542,1542
6480,6480,5524,5524,5524,1542,1542
6481,6481,5525,5525,5525,1542,1542
6482,6482,5526,5526,5526,1542,1542
6483,6483,5527,5527,5527,1542,1542
6484,6484,5528,5528,5528,1542,1542
6485,6485,5529,5529,5529,1542,1542
6486,6486,5530,5530,5530,1542,1542
6487,6487,5531,5531,5531,1542,1542
6484,6487,5532,5531,5532,1542,1542
6485,6487,5533,5531,5533,1542,1542
6486,6487,5534,5531,5534,1542,1542
6487,6487,5535,5531,5535,1542,1542
6488,6488,5536,5536,5536,1542,1542
6489,6489,5537,5537,5537,1542,1542
6490,6490,5538,5538,5538,1542,1542
6491,6491,5539,5539,5539,1542,1542
6492,6492,5540,5540,5540,1542,1542
6493,6493,5541,5541,5541,1542,1542
6494,6494,5542,5542,5542,1542,1542
6495,6495,5543,5543,5543,1542,1542
6496,6496,5544,5544,5544,1542,1542
6497,6497,5545,5545,5545,1542,1542
6498,6498,5546,5546,5546,1542,1542
6496,6498,5547,5546,5547,1542,1542
6497,6498,5548,5546,5548,1542,1542
6498,6498,5549,5546,5549,1542,1542
6499,6499,5550,5550,5550,1542,1542
6500,6500,5551,5551,5551,1542,1542
6501,6501,5552,5552,5552,1542,1542
6497,6501,5553,5552,5553,1542,1542
6498,6501,5554,5552,5554,1542,1542
6499,6501,5555,5552,5555,1542,1542
6500,6501,5556,5552,5556,1542,1542
6501,6501,5557,5552,5557,1542,1542
6502,6502,5558,5558,5558,1542,1542
6503,6503,5559,5559,5559,1542,1542
6504,6504,5560,5560,5560,1542,1542
6505,6505,5561,5561,5561,1542,1542
6506,6506,5562,5562,5562,1542,1542
6507,6507,5563,5563,5563,1542,1542
6508,6508,5564,5564,5564,1542,1542
6509,6509,5565,5565,5565,1542,1542
6510,6510,5566,5566,5566,1542,1542
6511,6511,5567,5567,5567,1542,1542
6512,6512,5568,5568,5568,1542,1542
6513,6513,5569,5569,5569,1542,1542
6514,6514,5570,5570,5570,1542,1542
6515,6515,5571,5571,5571,1542,1542
6516,6516,5572,5572,5572,1542,1542
6514,6516,5573,5572,5573,1542,1542
6515,6516,5574,5572,5574,1542,1542
6513,6516,5575,5572,5575,1542,1542
6514,6516,5576,5572,5576,1542,1542
6515,6516,5577,5572,5577,1542,1542
6516,6516,5578,5572,5578,1542,1542
6514,6516,5579,5572,5579,1542,1542
6515,6516,5580,5572,5580,1542,1542
6516,6516,5581,5572,5581,1542,1542
6517,6517,5582,5582,5582,1542,1542
6515,6517,5583,5582,5583,1542,1542
6516,6517,5584,5582,5584,1542,1542
6517,6517,5585,5582,5585,1542,1542
6518,6518,5586,5586,5586,1542,1542
6519,6519,5587,5587,5587,1542,1542
6520,6520,5588,5588,5588,1542,1542
6520,6520,5589,5588,5589,1542,1542
6516,6520,5590,5588,5590,1542,1542
6517,6520,5591,5588,5591,1542,1542
6518,6520,5592,5588,5592,1542,1542
6519,6520,5593,5588,5593,1542,1542
6520,6520,5594,5588,5594,1542,1542
6521,6521,5595,5595,5595,1542,1542
6521,6521,5596,5595,5596,1542,1542
6522,6522,5597,5597,5597,1542,1542
6521,6522,5598,5597,5598,1542,1542
6522,6522,5599,5597,5599,1542,1542
6521,6522,5600,5597,5600,1542,1542
6522,6522,5601,5597,5601,1542,1542
6523,6523,5602,5602,5602,1542,1542
6523,6523,5603,5602,5603,1542,1542
6524,6524,5604,5604,5604,1542,1542
6525,6525,5605,5605,5605,1542,1542
6526,6526,5606,5606,5606,1542,1542
6527,6527,5607,5607,5607,1542,1542
6528,6528,5608,5608,5608,1542,1542
6529,6529,5609,5609,5609,1542,1542
6530,6530,5610,5610,5610,1542,1542
6531,6531,5611,5611,5611,1542,1542
6532,6532,5612,5612,5612,1542,1542
6533,6533,5613,5613,5613,1542,1542
6534,6534,5614,5614,5614,1542,1542
6535,6535,5615,5615,5615,1542,1542
6537,6537,5616,5616,5616,1543,1543
6538,6538,5617,5617,5617,1543,1543
6535,6538,5618,5617,5618,1543,1543
6536,6538,5619,5617,5619,1543,1543
6534,6538,5620,5617,5620,1543,1543
6535,6538,5621,5617,5621,1543,1543
6536,6538,5622,5617,5622,1543,1543
6537,6538,5623,5617,5623,1543,1543
6538,6538,5624,5617,5624,1543,1543
6539,6539,5625,5625,5625,1543,1543
6540,6540,5626,5626,5626,1543,1543
6541,6541,5627,5627,5627,1543,1543
6542,6542,5628,5628,5628,1543,1543
6543,6543,5629,5629,5629,1543,1543
6544,6544,5630,5630,5630,1543,1543
6545,6545,5631,5631,5631,1543,1543
6546,6546,5632,5632,5632,1543,1543
6547,6547,5633,5633,5633,1543,1543
6548,6548,5634,5634,5634,1543,1543
6549,6549,5635,5635,5635,1543,1543
6550,6550,5636,5636,5636,1543,1543
6552,6552,5637,5637,5637,1544,1544
6553,6553,5638,5638,5638,1544,1544
6554,6554,5639,5639,5639,1544,1544
6555,6555,5640,5640,5640,1544,1544
6556,6556,5641,5641,5641,1544,1544
6557,6557,5642,5642,5642,1544,1544
6558,6558,5643,5643,5643,1544,1544
6559,6559,5644,5644,5644,1544,1544
6560,6560,5645,5645,5645,1544,1544
6561,6561,5646,5646,5646,1544,1544
6562,6562,5647,5647,5647,1544,1544
6563,6563,5648,5648,5648,1544,1544
6564,6564,5649,5649,5649,1544,1544
6565,6565,5650,5650,5650,1544,1544
6566,6566,5651,5651,5651,1544,1544
6567,6567,5652,5652,5652,1544,1544
6568,6568,5653,5653,5653,1544,1544
6569,6569,5654,5654,5654,1544,1544
6570,6570,5655,5655,5655,1544,1544
6571,6571,5656,5656,5656,1544,1544
6572,6572,5657,5657,5657,1544,1544
6573,6573,5658,5658,5658,1544,1544
6574,6574,5659,5659,5659,1544,1544
6575,6575,5660,5660,5660,1544,1544
6576,6576,5661,5661,5661,1544,1544
6575,6576,5662,5661,5662,1544,1544
6576,6576,5663,5661,5663,1544,1544
6577,6577,5664,5664,5664,1544,1544
6575,6577,5665,5664,5665,1544,1544
6576,6577,5666,5664,5666,1544,1544
6577,6577,5667,5664,5667,1544,1544
6578,6578,5668,5668,5668,1544,1544
6579,6579,5669,5669,5669,1544,1544
6580,6580,5670,5670,5670,1544,1544
6581,6581,5671,5671,5671,1544,1544
6580,6581,5672,5671,5672,1544,1543
6581,6581,5673,5671,5673,1544,1543
6582,6582,5674,5674,5674,1544,1543
6583,6583,5675,5675,5675,1544,1543
6584,6584,5676,5676,5676,1544,1543
6585,6585,5677,5677,5677,1544,1543
6586,6586,5678,5678,5678,1544,1543
6587,6587,5679,5679,5679,1544,1543
6586,6587,5680,5679,5680,1544,1543
6583,6587,5681,5679,5681,1544,1543
6582,6587,5682,5679,5682,1544,1543
6580,6587,5683,5679,5683,1544,1543
6581,6587,5684,5679,5684,1544,1543
6582,6587,5685,5679,5685,1544,1543
6583,6587,5686,5679,5686,1544,1543
6584,6587,5687,5679,5687,1544,1543
6585,6587,5688,5679,5688,1544,1543
6584,6587,5689,5679,5689,1544,1543
6585,6587,5690,5679,5690,1544,1543
6586,6587,5691,5679,5691,1544,1543
6587,6587,5692,5679,5692,1544,1543
6588,6588,5693,5693,5693,1544,1543
6588,6588,5694,5693,5694,1544,1543
6589,6589,5695,5695,5695,1544,1543
6590,6590,5696,5696,5696,1544,1543
6591,6591,5697,5697,5697,1544,1543
6592,6592,5698,5698,5698,1544,1543
6593,6593,5699,5699,5699,1544,1543
6594,6594,5700,5700,5700,1544,1543
6595,6595,5701,5701,5701,1544,1543
6595,6595,5702,5701,5702,1544,1543
6596,6596,5703,5703,5703,1544,1543
6593,6596,5704,5703,5704,1544,1543
6594,6596,5705,5703,5705,1544,1543
6595,6596,5706,5703,5706,1544,1543
6596,6596,5707,5703,5707,1544,1543
6597,6597,5708,5708,5708,1544,1543
6598,6598,5709,5709,5709,1544,1543
6599,6599,5710,5710,5710,1544,1543
6600,6600,5711,5711,5711,1544,1543
6601,6601,5712,5712,5712,1544,1543
6602,6602,5713,5713,5713,1544,1543
6603,6603,5714,5714,5714,1544,1543
6604,6604,5715,5715,5715,1544,1543
6605,6605,5716,5716,5716,1544,1543
6606,6606,5717,5717,5717,1544,1543
6607,6607,5718,5718,5718,1544,1543
6606,6607,5719,5718,5719,1544,1543
6607,6607,5720,5718,5720,1544,1543
6608,6608,5721,5721,5721,1544,1543
6609,6609,5722,5722,5722,1544,1543
6610,6610,5723,5723,5723,1544,1543
6611,6611,5724,5724,5724,1544,1543
6612,6612,5725,5725,5725,1544,1543
6613,6613,5726,5726,5726,1544,1543
6614,6614,5727,5727,5727,1544,1543
6615,6615,5728,5728,5728,1544,1543
6616,6616,5729,5729,5729,1544,1543
6617,6617,5730,5730,5730,1544,1543
6618,6618,5731,5731,5731,1544,1543
6619,6619,5732,5732,5732,1544,1543
6621,6621,5733,5733,5733,1544,1544
6622,6622,5734,5734,5734,1544,1544
6623,6623,5735,5735,5735,1544,1544
6624,6624,5736,5736,5736,1544,1544
6625,6625,5737,5737,5737,1544,1544
6626,6626,5738,5738,5738,1544,1544
6627,6627,5739,5739,5739,1544,1544
6628,6628,5740,5740,5740,1544,1544
6629,6629,5741,5741,5741,1544,1544
6627,6629,5742,5741,5742,1544,1544
6628,6629,5743,5741,5743,1544,1544
6629,6629,5744,5741,5744,1544,1544
6630,6630,5745,5745,5745,1544,1544
6631,6631,5746,5746,5746,1544,1544
6632,6632,5747,5747,5747,1544,1544
6631,6632,5748,5747,5748,1544,1544
6632,6632,5749,5747,5749,1544,1544
6633,6633,5750,5750,5750,1544,1544
6634,6634,5751,5751,5751,1544,1544
6635,6635,5752,5752,5752,1544,1544
6636,6636,5753,5753,5753,1544,1544
6637,6637,5754,5754,5754,1544,1544
6638,6638,5755,5755,5755,1544,1544
6637,6638,5756,5755,5756,1544,1544
6638,6638,5757,5755,5757,1544,1544
6639,6639,5758,5758,5758,1544,1544
6640,6640,5759,5759,5759,1544,1544
6641,6641,5760,5760,5760,1544,1544
6642,6642,5761,5761,5761,1544,1544
6643,6643,5762,5762,5762,1544,1544
6643,6643,5763,5762,5763,1544,1544
6644,6644,5764,5764,5764,1544,1544
6645,6645,5765,5765,5765,1544,1544
6646,6646,5766,5766,5766,1544,1544
6645,6646,5767,5766,5767,1544,1544
6642,6646,5768,5766,5768,1544,1544
6640,6646,5769,5766,5769,1544,1544
6641,6646,5770,5766,5770,1544,1544
6642,6646,5771,5766,5771,1544,1544
6643,6646,5772,5766,5772,1544,1544
6644,6646,5773,5766,5773,1544,1544
6645,6646,5774,5766,5774,1544,1544
6647,6647,5775,5775,5775,1545,1545
6645,6647,5776,5775,5776,1545,1545
6646,6647,5777,5775,5777,1545,1545
6647,6647,5778,5775,5778,1545,1545
6648,6648,5779,5779,5779,1545,1545
6649,6649,5780,5780,5780,1545,1545
6650,6650,5781,5781,5781,1545,1545
6651,6651,5782,5782,5782,1545,1545
6652,6652,5783,5783,5783,1545,1545
6653,6653,5784,5784,5784,1545,1545
6654,6654,5785,5785,5785,1545,1545
6655,6655,5786,5786,5786,1545,1545
6656,6656,5787,5787,5787,1545,1545
6657,6657,5788,5788,5788,1545,1545
6658,6658,5789,5789,5789,1545,1545
6659,6659,5790,5790,5790,1545,1545
6660,6660,5791,5791,5791,1545,1545
6661,6661,5792,5792,5792,1545,1545
6662,6662,5793,5793,5793,1545,1545
6663,6663,5794,5794,5794,1545,1545
6664,6664,5795,5795,5795,1545,1545
6665,6665,5796,5796,5796,1545,1545
6666,6666,5797,5797,5797,1545,1545
6667,6667,5798,5798,5798,1545,1545
6668,6668,5799,5799,5799,1545,1545
6669,6669,5800,5800,5800,1545,1545
6670,6670,5801,5801,5801,1545,1545
6671,6671,5802,5802,5802,1545,1545
6672,6672,5803,5803,5803,1545,1545
6673,6673,5804,5804,5804,1545,1545
6674,6674,5805,5805,5805,1545,1545
6675,6675,5806,5806,5806,1545,1545
6676,6676,5807,5807,5807,1545,1545
6677,6677,5808,5808,5808,1545,1545
6676,6677,5809,5808,5809,1545,1545
6677,6677,5810,5808,5810,1545,1545
6678,6678,5811,5811,5811,1545,1545
6677,6678,5812,5811,5812,1545,1545
6678,6678,5813,5811,5813,1545,1545
6679,6679,5814,5814,5814,1545,1545
6680,6680,5815,5815,5815,1545,1545
6681,6681,5816,5816,5816,1545,1545
6682,6682,5817,5817,5817,1545,1545
6683,6683,5818,5818,5818,1545,1545
6684,6684,5819,5819,5819,1545,1545
6685,6685,5820,5820,5820,1545,1545
6686,6686,5821,5821,5821,1545,1545
6687,6687,5822,5822,5822,1545,1545
6688,6688,5823,5823,5823,1545,1545
6689,6689,5824,5824,5824,1545,1545
6690,6690,5825,5825,5825,1545,1545
6691,6691,5826,5826,5826,1545,1545
6692,6692,5827,5827,5827,1545,1545
6690,6692,5828,5827,5828,1545,1545
6691,6692,5829,5827,5829,1545,1545
6692,6692,5830,5827,5830,1545,1545
6693,6693,5831,5831,5831,1545,1545
6694,6694,5832,5832,5832,1545,1545
6695,6695,5833,5833,5833,1545,1545
6696,6696,5834,5834,5834,1545,1545
6697,6697,5835,5835,5835,1545,1545
6698,6698,5836,5836,5836,1545,1545
6699,6699,5837,5837,5837,1545,1545
6697,6699,5838,5837,5838,1545,1544
6698,6699,5839,5837,5839,1545,1544
6699,6699,5840,5837,5840,1545,1544
6700,6700,5841,5841,5841,1545,1544
6696,6700,5842,5841,5842,1545,1544
6697,6700,5843,5841,5843,1545,1544
6696,6700,5844,5841,5844,1545,1544
6697,6700,5845,5841,5845,1545,1544
6698,6700,5846,5841,5846,1545,1544
6697,6700,5847,5841,5847,1545,1544
6698,6700,5848,5841,5848,1545,1544
6699,6700,5849,5841,5849,1545,1544
6700,6700,5850,5841,5850,1545,1544
6697,6700,5851,5841,5851,1545,1544
6698,6700,5852,5841,5852,1545,1544
6699,6700,5853,5841,5853,1545,1544
6700,6700,5854,5841,5854,1545,1544
6701,6701,5855,5855,5855,1545,1544
6702,6702,5856,5856,5856,1545,1544
6703,6703,5857,5857,5857,1545,1544
6704,6704,5858,5858,5858,1545,1544
6705,6705,5859,5859,5859,1545,1544
6705,6705,5860,5859,5860,1545,1544
6706,6706,5861,5861,5861,1545,1544
6707,6707,5862,5862,5862,1545,1544
6708,6708,5863,5863,5863,1545,1544
6709,6709,5864,5864,5864,1545,1544
6710,6710,5865,5865,5865,1545,1544
6711,6711,5866,5866,5866,1545,1544
6712,6712,5867,5867,5867,1545,1544
6713,6713,5868,5868,5868,1545,1544
6714,6714,5869,5869,5869,1545,1544
6715,6715,5870,5870,5870,1545,1544
6716,6716,5871,5871,5871,1545,1544
6717,6717,5872,5872,5872,1545,1544
6715,6717,5873,5872,5873,1545,1544
6714,6717,5874,5872,5874,1545,1544
6712,6717,5875,5872,5875,1545,1543
6713,6717,5876,5872,5876,1545,1543
6714,6717,5877,5872,5877,1545,1543
6715,6717,5878,5872,5878,1545,1543
6716,6717,5879,5872,5879,1545,1543
6717,6717,5880,5872,5880,1545,1543
6714,6717,5881,5872,5881,1545,1543
6715,6717,5882,5872,5882,1545,1543
6713,6717,5883,5872,5883,1545,1543
6714,6717,5884,5872,5884,1545,1543
6715,6717,5885,5872,5885,1545,1543
6716,6717,5886,5872,5886,1545,1543
6717,6717,5887,5872,5887,1545,1543
6718,6718,5888,5888,5888,1545,1543
6719,6719,5889,5889,5889,1545,1543
6720,6720,5890,5890,5890,1545,1543
6721,6721,5891,5891,5891,1545,1543
6721,6721,5892,5891,5892,1545,1543
6722,6722,5893,5893,5893,1545,1543
6721,6722,5894,5893,5894,1545,1543
6722,6722,5895,5893,5895,1545,1543
6723,6723,5896,5896,5896,1545,1543
6724,6724,5897,5897,5897,1545,1543
6721,6724,5898,5897,5898,1545,1543
6722,6724,5899,5897,5899,1545,1543
6722,6724,5900,5897,5900,1545,1543
6720,6724,5901,5897,5901,1545,1543
6721,6724,5902,5897,5902,1545,1543
6719,6724,5903,5897,5903,1545,1543
6720,6724,5904,5897,5904,1545,1543
6721,6724,5905,5897,5905,1545,1543
6722,6724,5906,5897,5906,1545,1543
6723,6724,5907,5897,5907,1545,1543
6724,6724,5908,5897,5908,1545,1543
6725,6725,5909,5909,5909,1545,1543
6726,6726,5910,5910,5910,1545,1543
6727,6727,5911,5911,5911,1545,1543
6728,6728,5912,5912,5912,1545,1543
6729,6729,5913,5913,5913,1545,1543
6730,6730,5914,5914,5914,1545,1543
6731,6731,5915,5915,5915,1545,1543
6733,6733,5916,5916,5916,1545,1544
6734,6734,5917,5917,5917,1545,1544
6735,6735,5918,5918,5918,1545,1544
6736,6736,5919,5919,5919,1545,1544
6737,6737,5920,5920,5920,1545,1544
6738,6738,5921,5921,5921,1545,1544
6735,6738,5922,5921,5922,1545,1544
6736,6738,5923,5921,5923,1545,1544
6737,6738,5924,5921,5924,1545,1544
6738,6738,5925,5921,5925,1545,1544
6740,6740,5926,5926,5926,1545,1545
6738,6740,5927,5926,5927,1545,1545
6739,6740,5928,5926,5928,1545,1545
6736,6740,5929,5926,5929,1545,1545
6737,6740,5930,5926,5930,1545,1545
6738,6740,5931,5926,5931,1545,1545
6739,6740,5932,5926,5932,1545,1545
6740,6740,5933,5926,5933,1545,1545
6741,6741,5934,5934,5934,1545,1545
6742,6742,5935,5935,5935,1545,1545
6741,6742,5936,5935,5936,1545,1545
6742,6742,5937,5935,5937,1545,1545
6743,6743,5938,5938,5938,1545,1545
6744,6744,5939,5939,5939,1545,1545
6745,6745,5940,5940,5940,1545,1545
6746,6746,5941,5941,5941,1545,1545
6747,6747,5942,5942,5942,1545,1545
6745,6747,5943,5942,5943,1545,1545
6744,6747,5944,5942,5944,1545,1545
6745,6747,5945,5942,5945,1545,1545
6746,6747,5946,5942,5946,1545,1545
6748,6748,5947,5947,5947,1546,1546
6750,6750,5948,5948,5948,1547,1547
6751,6751,5949,5949,5949,1547,1547
6752,6752,5950,5950,5950,1547,1547
6750,6752,5951,5950,5951,1547,1547
6751,6752,5952,5950,5952,1547,1547
6752,6752,5953,5950,5953,1547,1547
6753,6753,5954,5954,5954,1547,1547
6754,6754,5955,5955,5955,1547,1547
6755,6755,5956,5956,5956,1547,1547
6756,6756,5957,5957,5957,1547,1547
6757,6757,5958,5958,5958,1547,1547
6758,6758,5959,5959,5959,1547,1547
6759,6759,5960,5960,5960,1547,1547
6760,6760,5961,5961,5961,1547,1547
6761,6761,5962,5962,5962,1547,1547
6762,6762,5963,5963,5963,1547,1547
6763,6763,5964,5964,5964,1547,1547
6764,6764,5965,5965,5965,1547,1547
6765,6765,5966,5966,5966,1547,1547
6766,6766,5967,5967,5967,1547,1547
6767,6767,5968,5968,5968,1547,1547
6768,6768,5969,5969,5969,1547,1547
6769,6769,5970,5970,5970,1547,1547
6770,6770,5971,5971,5971,1547,1547
6771,6771,5972,5972,5972,1547,1547
6772,6772,5973,5973,5973,1547,1547
6773,6773,5974,5974,5974,1547,1547
6775,6775,5975,5975,5975,1548,1548
6776,6776,5976,5976,5976,1548,1548
6777,6777,5977,5977,5977,1548,1548
6778,6778,5978,5978,5978,1548,1548
6779,6779,5979,5979,5979,1548,1548
6780,6780,5980,5980,5980,1548,1548
6781,6781,5981,5981,5981,1548,1548
6780,6781,5982,5981,5982,1548,1548
6781,6781,5983,5981,5983,1548,1548
6783,6783,5984,5984,5984,1549,1549
6781,6783,5985,5984,5985,1549,1549
6777,6783,5986,5984,5986,1549,1549
6778,6783,5987,5984,5987,1549,1549
6776,6783,5988,5984,5988,1549,1549
6777,6783,5989,5984,5989,1549,1549
6778,6783,5990,5984,5990,1549,1549
6779,6783,5991,5984,5991,1549,1549
6780,6783,5992,5984,5992,1549,1549
6781,6783,5993,5984,5993,1549,1549
6782,6783,5994,5984,5994,1549,1549
6783,6783,5995,5984,5995,1549,1549
6780,6783,5996,5984,5996,1549,1548
6779,6783,5997,5984,5997,1549,1548
6780,6783,5998,5984,5998,1549,1548
6781,6783,5999,5984,5999,1549,1548
6780,6783,6000,5984,6000,1549,1548
6780,6783,6001,5984,6001,1549,1548
6778,6783,6002,5984,6002,1549,1548
6779,6783,6003,5984,6003,1549,1548
6780,6783,6004,5984,6004,1549,1548
6781,6783,6005,5984,6005,1549,1548
6776,6783,6006,5984,6006,1549,1548
6777,6783,6007,5984,6007,1549,1548
6778,6783,6008,5984,6008,1549,1548
6779,6783,6009,5984,6009,1549,1548
6780,6783,6010,5984,6010,1549,1548
6781,6783,6011,5984,6011,1549,1548
6782,6783,6012,5984,6012,1549,1548
6783,6783,6013,5984,6013,1549,1548
6784,6784,6014,6014,6014,1549,1548
6782,6784,6015,6014,6015,1549,1548
6783,6784,6016,6014,6016,1549,1548
6781,6784,6017,6014,6017,1549,1548
6782,6784,6018,6014,6018,1549,1548
6783,6784,6019,6014,6019,1549,1548
6781,6784,6020,6014,6020,1549,1548
6783,6784,6021,6014,6021,1549,1549
6784,6784,6022,6014,6022,1549,1549
6785,6785,6023,6023,6023,1549,1549
6784,6785,6024,6023,6024,1549,1549
6783,6785,6025,6023,6025,1549,1549
6780,6785,6026,6023,6026,1549,1549
6781,6785,6027,6023,6027,1549,1549
6782,6785,6028,6023,6028,1549,1549
6784,6785,6029,6023,6029,1550,1550
6785,6785,6030,6023,6030,1550,1550
6786,6786,6031,6031,6031,1550,1550
6787,6787,6032,6032,6032,1550,1550
6786,6787,6033,6032,6033,1550,1550
6787,6787,6034,6032,6034,1550,1550
6788,6788,6035,6035,6035,1550,1550
6789,6789,6036,6036,6036,1550,1550
6790,6790,6037,6037,6037,1550,1550
6791,6791,6038,6038,6038,1550,1550
6792,6792,6039,6039,6039,1550,1550
6793,6793,6040,6040,6040,1550,1550
6794,6794,6041,6041,6041,1550,1550
6792,6794,6042,6041,6042,1550,1550
6793,6794,6043,6041,6043,1550,1550
6790,6794,6044,6041,6044,1550,1550
6791,6794,6045,6041,6045,1550,1550
6792,6794,6046,6041,6046,1550,1550
6793,6794,6047,6041,6047,1550,1550
6794,6794,6048,6041,6048,1550,1550
6796,6796,6049,6049,6049,1551,1551
6798,6798,6050,6050,6050,1552,1552
6799,6799,6051,6051,6051,1552,1552
6796,6799,6052,6051,6052,1552,1552
6797,6799,6053,6051,6053,1552,1552
6796,6799,6054,6051,6054,1552,1552
6797,6799,6055,6051,6055,1552,1552
6798,6799,6056,6051,6056,1552,1552
6799,6799,6057,6051,6057,1552,1552
6800,6800,6058,6058,6058,1552,1552
6801,6801,6059,6059,6059,1552,1552
6802,6802,6060,6060,6060,1552,1552
6804,6804,6061,6061,6061,1553,1553
6805,6805,6062,6062,6062,1553,1553
6806,6806,6063,6063,6063,1553,1553
6807,6807,6064,6064,6064,1553,1553
6808,6808,6065,6065,6065,1553,1553
6809,6809,6066,6066,6066,1553,1553
6810,6810,6067,6067,6067,1553,1553
6811,6811,6068,6068,6068,1553,1553
6813,6813,6069,6069,6069,1554,1554
6814,6814,6070,6070,6070,1554,1554
6815,6815,6071,6071,6071,1554,1554
6816,6816,6072,6072,6072,1554,1554
6817,6817,6073,6073,6073,1554,1554
6818,6818,6074,6074,6074,1554,1554
6819,6819,6075,6075,6075,1554,1554
6820,6820,6076,6076,6076,1554,1554
6821,6821,6077,6077,6077,1554,1554
6822,6822,6078,6078,6078,1554,1554
6823,6823,6079,6079,6079,1554,1554
6824,6824,6080,6080,6080,1554,1554
6825,6825,6081,6081,6081,1554,1554
6826,6826,6082,6082,6082,1554,1554
6827,6827,6083,6083,6083,1554,1554
6828,6828,6084,6084,6084,1554,1554
6829,6829,6085,6085,6085,1554,1554
6830,6830,6086,6086,6086,1554,1554
6831,6831,6087,6087,6087,1554,1554
6832,6832,6088,6088,6088,1554,1554
6834,6834,6089,6089,6089,1555,1555
6835,6835,6090,6090,6090,1555,1555
6836,6836,6091,6091,6091,1555,1555
6837,6837,6092,6092,6092,1555,1555
6838,6838,6093,6093,6093,1555,1555
6839,6839,6094,6094,6094,1555,1555
6840,6840,6095,6095,6095,1555,1555
6841,6841,6096,6096,6096,1555,1555
6842,6842,6097,6097,6097,1555,1555
6843,6843,6098,6098,6098,1555,1555
6844,6844,6099,6099,6099,1555,1555
6842,6844,6100,6099,6100,1555,1555
6843,6844,6101,6099,6101,1555,1555
6844,6844,6102,6099,6102,1555,1555
6845,6845,6103,6103,6103,1555,1555
6846,6846,6104,6104,6104,1555,1555
6847,6847,6105,6105,6105,1555,1555
6849,6849,6106,6106,6106,1556,1556
6850,6850,6107,6107,6107,1556,1556
6851,6851,6108,6108,6108,1556,1556
6852,6852,6109,6109,6109,1556,1556
6853,6853,6110,6110,6110,1556,1556
6854,6854,6111,6111,6111,1556,1556
6856,6856,6112,6112,6112,1557,1557
6857,6857,6113,6113,6113,1557,1557
6858,6858,6114,6114,6114,1557,1557
6859,6859,6115,6115,6115,1557,1557
6860,6860,6116,6116,6116,1557,1557
6861,6861,6117,6117,6117,1557,1557
6858,6861,6118,6117,6118,1557,1557
6859,6861,6119,6117,6119,1557,1557
6861,6861,6120,6117,6120,1558,1558
6862,6862,6121,6121,6121,1558,1558
6860,6862,6122,6121,6122,1558,1558
6861,6862,6123,6121,6123,1558,1558
6862,6862,6124,6121,6124,1558,1558
6860,6862,6125,6121,6125,1558,1558
6861,6862,6126,6121,6126,1558,1558
6859,6862,6127,6121,6127,1558,1558
6860,6862,6128,6121,6128,1558,1558
6861,6862,6129,6121,6129,1558,1558
6862,6862,6130,6121,6130,1558,1558
6864,6864,6131,6131,6131,1559,1559
6865,6865,6132,6132,6132,1559,1559
6866,6866,6133,6133,6133,1559,1559
6863,6866,6134,6133,6134,1559,1559
6864,6866,6135,6133,6135,1559,1559
6865,6866,6136,6133,6136,1559,1559
6866,6866,6137,6133,6137,1559,1559
6867,6867,6138,6138,6138,1559,1559
6868,6868,6139,6139,6139,1559,1559
6869,6869,6140,6140,6140,1559,1559
6870,6870,6141,6141,6141,1559,1559
6871,6871,6142,6142,6142,1559,1559
6872,6872,6143,6143,6143,1559,1559
6873,6873,6144,6144,6144,1559,1559
6874,6874,6145,6145,6145,1559,1559
6875,6875,6146,6146,6146,1559,1559
6876,6876,6147,6147,6147,1559,1559
6874,6876,6148,6147,6148,1559,1559
6875,6876,6149,6147,6149,1559,1559
6876,6876,6150,6147,6150,1559,1559
6877,6877,6151,6151,6151,1559,1559
6874,6877,6152,6151,6152,1559,1559
6872,6877,6153,6151,6153,1559,1559
6873,6877,6154,6151,6154,1559,1559
6874,6877,6155,6151,6155,1559,1559
6873,6877,6156,6151,6156,1559,1559
6874,6877,6157,6151,6157,1559,1559
6875,6877,6158,6151,6158,1559,1559
6876,6877,6159,6151,6159,1559,1559
6877,6877,6160,6151,6160,1559,1559
6878,6878,6161,6161,6161,1559,1559
6879,6879,6162,6162,6162,1559,1559
6879,6879,6163,6162,6163,1559,1559
6880,6880,6164,6164,6164,1559,1559
6881,6881,6165,6165,6165,1559,1559
6882,6882,6166,6166,6166,1559,1559
6883,6883,6167,6167,6167,1559,1559
6884,6884,6168,6168,6168,1559,1559
6885,6885,6169,6169,6169,1559,1559
6886,6886,6170,6170,6170,1559,1559
6887,6887,6171,6171,6171,1559,1559
6888,6888,6172,6172,6172,1559,1559
6889,6889,6173,6173,6173,1559,1559
6888,6889,6174,6173,6174,1559,1558
6889,6889,6175,6173,6175,1559,1558
6890,6890,6176,6176,6176,1559,1558
6891,6891,6177,6177,6177,1559,1558
6892,6892,6178,6178,6178,1559,1558
6893,6893,6179,6179,6179,1559,1558
6894,6894,6180,6180,6180,1559,1558
6895,6895,6181,6181,6181,1559,1558
6896,6896,6182,6182,6182,1559,1558
6897,6897,6183,6183,6183,1559,1558
6898,6898,6184,6184,6184,1559,1558
6899,6899,6185,6185,6185,1559,1558
6900,6900,6186,6186,6186,1559,1558
6901,6901,6187,6187,6187,1559,1558
6902,6902,6188,6188,6188,1559,1558
6899,6902,6189,6188,6189,1559,1558
6900,6902,6190,6188,6190,1559,1558
6901,6902,6191,6188,6191,1559,1558
6902,6902,6192,6188,6192,1559,1558
6903,6903,6193,6193,6193,1559,1558
6904,6904,6194,6194,6194,1559,1558
6900,6904,6195,6194,6195,1559,1558
6898,6904,6196,6194,6196,1559,1558
6899,6904,6197,6194,6197,1559,1558
6900,6904,6198,6194,6198,1559,1558
6901,6904,6199,6194,6199,1559,1558
6902,6904,6200,6194,6200,1559,1558
6903,6904,6201,6194,6201,1559,1558
6904,6904,6202,6194,6202,1559,1558
6905,6905,6203,6203,6203,1559,1558
6906,6906,6204,6204,6204,1559,1558
6906,6906,6205,6204,6205,1559,1558
6905,6906,6206,6204,6206,1559,1558
6906,6906,6207,6204,6207,1559,1558
6907,6907,6208,6208,6208,1559,1558
6908,6908,6209,6209,6209,1559,1558
6909,6909,6210,6210,6210,1559,1558
6910,6910,6211,6211,6211,1559,1558
6911,6911,6212,6212,6212,1559,1558
6912,6912,6213,6213,6213,1559,1558
6913,6913,6214,6214,6214,1559,1558
6914,6914,6215,6215,6215,1559,1558
6915,6915,6216,6216,6216,1559,1558
6916,6916,6217,6217,6217,1559,1558
6917,6917,6218,6218,6218,1559,1558
6918,6918,6219,6219,6219,1559,1558
6919,6919,6220,6220,6220,1559,1558
6920,6920,6221,6221,6221,1559,1558
6921,6921,6222,6222,6222,1559,1558
6922,6922,6223,6223,6223,1559,1558
6923,6923,6224,6224,6224,1559,1558
6924,6924,6225,6225,6225,1559,1558
6923,6924,6226,6225,6226,1559,1558
6924,6924,6227,6225,6227,1559,1558
6925,6925,6228,6228,6228,1559,1558
6926,6926,6229,6229,6229,1559,1558
6927,6927,6230,6230,6230,1559,1558
6928,6928,6231,6231,6231,1559,1558
6929,6929,6232,6232,6232,1559,1558
6930,6930,6233,6233,6233,1559,1558
6927,6930,6234,6233,6234,1559,1558
6928,6930,6235,6233,6235,1559,1558
6929,6930,6236,6233,6236,1559,1558
6930,6930,6237,6233,6237,1559,1558
6931,6931,6238,6238,6238,1559,1558
6932,6932,6239,6239,6239,1559,1558
6933,6933,6240,6240,6240,1559,1558
6930,6933,6241,6240,6241,1559,1558
6931,6933,6242,6240,6242,1559,1558
6932,6933,6243,6240,6243,1559,1558
6933,6933,6244,6240,6244,1559,1558
6934,6934,6245,6245,6245,1559,1558
6935,6935,6246,6246,6246,1559,1558
6936,6936,6247,6247,6247,1559,1558
6937,6937,6248,6248,6248,1559,1558
6938,6938,6249,6249,6249,1559,1558
6939,6939,6250,6250,6250,1559,1558
6940,6940,6251,6251,6251,1559,1558
6941,6941,6252,6252,6252,1559,1558
6942,6942,6253,6253,6253,1559,1558
6943,6943,6254,6254,6254,1559,1558
6944,6944,6255,6255,6255,1559,1558
6945,6945,6256,6256,6256,1559,1558
6946,6946,6257,6257,6257,1559,1558
6947,6947,6258,6258,6258,1559,1558
6948,6948,6259,6259,6259,1559,1558
6949,6949,6260,6260,6260,1559,1558
6950,6950,6261,6261,6261,1559,1558
6951,6951,6262,6262,6262,1559,1558
6952,6952,6263,6263,6263,1559,1558
6953,6953,6264,6264,6264,1559,1558
6954,6954,6265,6265,6265,1559,1558
6955,6955,6266,6266,6266,1559,1558
6956,6956,6267,6267,6267,1559,1558
6954,6956,6268,6267,6268,1559,1558
6955,6956,6269,6267,6269,1559,1558
6956,6956,6270,6267,6270,1559,1558
6957,6957,6271,6271,6271,1559,1558
6958,6958,6272,6272,6272,1559,1558
6959,6959,6273,6273,6273,1559,1558
6960,6960,6274,6274,6274,1559,1558
6961,6961,6275,6275,6275,1559,1558
6962,6962,6276,6276,6276,1559,1558
6963,6963,6277,6277,6277,1559,1558
6964,6964,6278,6278,6278,1559,1558
6965,6965,6279,6279,6279,1559,1558
6966,6966,6280,6280,6280,1559,1558
6967,6967,6281,6281,6281,1559,1558
6962,6967,6282,6281,6282,1559,1558
6963,6967,6283,6281,6283,1559,1558
6964,6967,6284,6281,6284,1559,1558
6965,6967,6285,6281,6285,1559,1558
6963,6967,6286,6281,6286,1559,1558
6964,6967,6287,6281,6287,1559,1558
6965,6967,6288,6281,6288,1559,1558
6966,6967,6289,6281,6289,1559,1558
6967,6967,6290,6281,6290,1559,1558
6968,6968,6291,6291,6291,1559,1558
6969,6969,6292,6292,6292,1559,1558
6970,6970,6293,6293,6293,1559,1558
6971,6971,6294,6294,6294,1559,1558
6972,6972,6295,6295,6295,1559,1558
6973,6973,6296,6296,6296,1559,1558
6974,6974,6297,6297,6297,1559,1558
6975,6975,6298,6298,6298,1559,1558
6976,6976,6299,6299,6299,1559,1558
6977,6977,6300,6300,6300,1559,1558
6978,6978,6301,6301,6301,1559,1558
6979,6979,6302,6302,6302,1559,1558
6980,6980,6303,6303,6303,1559,1558
6978,6980,6304,6303,6304,1559,1558
6979,6980,6305,6303,6305,1559,1558
6980,6980,6306,6303,6306,1559,1558
6981,6981,6307,6307,6307,1559,1558
6982,6982,6308,6308,6308,1559,1558
6983,6983,6309,6309,6309,1559,1558
6984,6984,6310,6310,6310,1559,1558
6985,6985,6311,6311,6311,1559,1558
6986,6986,6312,6312,6312,1559,1558
6985,6986,6313,6312,6313,1559,1558
6986,6986,6314,6312,6314,1559,1558
6987,6987,6315,6315,6315,1559,1558
6988,6988,6316,6316,6316,1559,1558
6987,6988,6317,6316,6317,1559,1558
6988,6988,6318,6316,6318,1559,1558
6986,6988,6319,6316,6319,1559,1558
6988,6988,6320,6316,6320,1559,1559
6989,6989,6321,6321,6321,1559,1559
6990,6990,6322,6322,6322,1559,1559
6988,6990,6323,6322,6323,1559,1559
6989,6990,6324,6322,6324,1559,1559
6990,6990,6325,6322,6325,1559,1559
6992,6992,6326,6326,6326,1560,1560
6993,6993,6327,6327,6327,1560,1560
6994,6994,6328,6328,6328,1560,1560
6993,6994,6329,6328,6329,1560,1560
6994,6994,6330,6328,6330,1560,1560
6995,6995,6331,6331,6331,1560,1560
6996,6996,6332,6332,6332,1560,1560
6997,6997,6333,6333,6333,1560,1560
6998,6998,6334,6334,6334,1560,1560
6999,6999,6335,6335,6335,1560,1560
7000,7000,6336,6336,6336,1560,1560
6998,7000,6337,6336,6337,1560,1560
6999,7000,6338,6336,6338,1560,1560
7000,7000,6339,6336,6339,1560,1560
7001,7001,6340,6340,6340,1560,1560
6998,7001,6341,6340,6341,1560,1560
6999,7001,6342,6340,6342,1560,1560
7000,7001,6343,6340,6343,1560,1560
7001,7001,6344,6340,6344,1560,1560
7002,7002,6345,6345,6345,1560,1560
7003,7003,6346,6346,6346,1560,1560
7000,7003,6347,6346,6347,1560,1560
6998,7003,6348,6346,6348,1560,1560
6999,7003,6349,6346,6349,1560,1560
7000,7003,6350,6346,6350,1560,1560
7001,7003,6351,6346,6351,1560,1560
7002,7003,6352,6346,6352,1560,1560
7003,7003,6353,6346,6353,1560,1560
7004,7004,6354,6354,6354,1560,1560
7002,7004,6355,6354,6355,1560,1560
7003,7004,6356,6354,6356,1560,1560
7004,7004,6357,6354,6357,1560,1560
7005,7005,6358,6358,6358,1560,1560
7006,7006,6359,6359,6359,1560,1560
7007,7007,6360,6360,6360,1560,1560
7008,7008,6361,6361,6361,1560,1560
7009,7009,6362,6362,6362,1560,1560
7010,7010,6363,6363,6363,1560,1560
7011,7011,6364,6364,6364,1560,1560
7012,7012,6365,6365,6365,1560,1560
7013,7013,6366,6366,6366,1560,1560
7014,7014,6367,6367,6367,1560,1560
7015,7015,6368,6368,6368,1560,1560
7016,7016,6369,6369,6369,1560,1560
7017,7017,6370,6370,6370,1560,1560
7018,7018,6371,6371,6371,1560,1560
7019,7019,6372,6372,6372,1560,1560
7020,7020,6373,6373,6373,1560,1560
7021,7021,6374,6374,6374,1560,1560
7022,7022,6375,6375,6375,1560,1560
7023,7023,6376,6376,6376,1560,1560
7022,7023,6377,6376,6377,1560,1560
7019,7023,6378,6376,6378,1560,1560
7015,7023,6379,6376,6379,1560,1560
7016,7023,6380,6376,6380,1560,1560
7017,7023,6381,6376,6381,1560,1560
7018,7023,6382,6376,6382,1560,1560
7019,7023,6383,6376,6383,1560,1560
7017,7023,6384,6376,6384,1560,1560
7018,7023,6385,6376,6385,1560,1560
7019,7023,6386,6376,6386,1560,1560
7018,7023,6387,6376,6387,1560,1560
7015,7023,6388,6376,6388,1560,1560
7016,7023,6389,6376,6389,1560,1560
7016,7023,6390,6376,6390,1560,1560
7015,7023,6391,6376,6391,1560,1560
7016,7023,6392,6376,6392,1560,1560
7017,7023,6393,6376,6393,1560,1560
7014,7023,6394,6376,6394,1560,1560
7014,7023,6395,6376,6395,1560,1560
7015,7023,6396,6376,6396,1560,1560
7016,7023,6397,6376,6397,1560,1560
7017,7023,6398,6376,6398,1560,1560
7018,7023,6399,6376,6399,1560,1560
7019,7023,6400,6376,6400,1560,1560
7020,7023,6401,6376,6401,1560,1560
7021,7023,6402,6376,6402,1560,1560
7022,7023,6403,6376,6403,1560,1560
7022,7023,6404,6376,6404,1560,1560
7023,7023,6405,6376,6405,1560,1560
7024,7024,6406,6406,6406,1560,1560
7026,7026,6407,6407,6407,1561,1561
7027,7027,6408,6408,6408,1561,1561
7024,7027,6409,6408,6409,1561,1561
7025,7027,6410,6408,6410,1561,1561
7026,7027,6411,6408,6411,1561,1561
7027,7027,6412,6408,6412,1561,1561
7028,7028,6413,6413,6413,1561,1561
7026,7028,6414,6413,6414,1561,1561
7027,7028,6415,6413,6415,1561,1561
7026,7028,6416,6413,6416,1561,1561
7027,7028,6417,6413,6417,1561,1561
7028,7028,6418,6413,6418,1561,1561
7025,7028,6419,6413,6419,1561,1561
7026,7028,6420,6413,6420,1561,1561
7027,7028,6421,6413,6421,1561,1561
7028,7028,6422,6413,6422,1561,1561
7029,7029,6423,6423,6423,1561,1561
7030,7030,6424,6424,6424,1561,1561
7029,7030,6425,6424,6425,1561,1561
7030,7030,6426,6424,6426,1561,1561
7030,7030,6427,6424,6427,1561,1561
7031,7031,6428,6428,6428,1561,1561
7032,7032,6429,6429,6429,1561,1561
7033,7033,6430,6430,6430,1561,1561
7034,7034,6431,6431,6431,1561,1561
7035,7035,6432,6432,6432,1561,1561
7036,7036,6433,6433,6433,1561,1561
7037,7037,6434,6434,6434,1561,1561
7038,7038,6435,6435,6435,1561,1561
7039,7039,6436,6436,6436,1561,1561
7040,7040,6437,6437,6437,1561,1561
7041,7041,6438,6438,6438,1561,1561
7042,7042,6439,6439,6439,1561,1561
7043,7043,6440,6440,6440,1561,1561
7044,7044,6441,6441,6441,1561,1561
7045,7045,6442,6442,6442,1561,1561
7046,7046,6443,6443,6443,1561,1561
7042,7046,6444,6443,6444,1561,1561
7043,7046,6445,6443,6445,1561,1561
7044,7046,6446,6443,6446,1561,1561
7045,7046,6447,6443,6447,1561,1561
7046,7046,6448,6443,6448,1561,1561
7044,7046,6449,6443,6449,1561,1561
7045,7046,6450,6443,6450,1561,1561
7046,7046,6451,6443,6451,1561,1561
7047,7047,6452,6452,6452,1561,1561
7046,7047,6453,6452,6453,1561,1561
7045,7047,6454,6452,6454,1561,1561
7046,7047,6455,6452,6455,1561,1561
7047,7047,6456,6452,6456,1561,1561
7048,7048,6457,6457,6457,1561,1561
7047,7048,6458,6457,6458,1561,1561
7048,7048,6459,6457,6459,1561,1561
7044,7048,6460,6457,6460,1561,1560
7042,7048,6461,6457,6461,1561,1560
7043,7048,6462,6457,6462,1561,1560
7042,7048,6463,6457,6463,1561,1560
7043,7048,6464,6457,6464,1561,1560
7044,7048,6465,6457,6465,1561,1560
7045,7048,6466,6457,6466,1561,1560
7046,7048,6467,6457,6467,1561,1560
7047,7048,6468,6457,6468,1561,1560
7048,7048,6469,6457,6469,1561,1560
7049,7049,6470,6470,6470,1561,1560
7050,7050,6471,6471,6471,1561,1560
7051,7051,6472,6472,6472,1561,1560
7052,7052,6473,6473,6473,1561,1560
7053,7053,6474,6474,6474,1561,1560
7054,7054,6475,6475,6475,1561,1560
7055,7055,6476,6476,6476,1561,1560
7056,7056,6477,6477,6477,1561,1560
7057,7057,6478,6478,6478,1561,1560
7058,7058,6479,6479,6479,1561,1560
7059,7059,6480,6480,6480,1561,1560
7060,7060,6481,6481,6481,1561,1560
7061,7061,6482,6482,6482,1561,1560
7062,7062,6483,6483,6483,1561,1560
7063,7063,6484,6484,6484,1561,1560
7064,7064,6485,6485,6485,1561,1560
7061,7064,6486,6485,6486,1561,1560
7062,7064,6487,6485,6487,1561,1560
7063,7064,6488,6485,6488,1561,1560
7064,7064,6489,6485,6489,1561,1560
7065,7065,6490,6490,6490,1561,1560
7066,7066,6491,6491,6491,1561,1560
7067,7067,6492,6492,6492,1561,1560
7068,7068,6493,6493,6493,1561,1560
7069,7069,6494,6494,6494,1561,1560
7070,7070,6495,6495,6495,1561,1560
7071,7071,6496,6496,6496,1561,1560
7071,7071,6497,6496,6497,1561,1560
7072,7072,6498,6498,6498,1561,1560
7073,7073,6499,6499,6499,1561,1560
7074,7074,6500,6500,6500,1561,1560
7075,7075,6501,6501,6501,1561,1560
7076,7076,6502,6502,6502,1561,1560
7074,7076,6503,6502,6503,1561,1560
7072,7076,6504,6502,6504,1561,1560
7073,7076,6505,6502,6505,1561,1560
7074,7076,6506,6502,6506,1561,1560
7075,7076,6507,6502,6507,1561,1560
7076,7076,6508,6502,6508,1561,1560
7077,7077,6509,6509,6509,1561,1560
7078,7078,6510,6510,6510,1561,1560
7079,7079,6511,6511,6511,1561,1560
7077,7079,6512,6511,6512,1561,1559
7078,7079,6513,6511,6513,1561,1559
7079,7079,6514,6511,6514,1561,1559
7080,7080,6515,6515,6515,1561,1559
7082,7082,6516,6516,6516,1561,1560
7083,7083,6517,6517,6517,1561,1560
7083,7083,6518,6517,6518,1561,1560
7084,7084,6519,6519,6519,1561,1560
7085,7085,6520,6520,6520,1561,1560
7086,7086,6521,6521,6521,1561,1560
7085,7086,6522,6521,6522,1561,1560
7086,7086,6523,6521,6523,1561,1560
7086,7086,6524,6521,6524,1561,1560
7085,7086,6525,6521,6525,1561,1560
7086,7086,6526,6521,6526,1561,1560
7086,7086,6527,6521,6527,1561,1560
7085,7086,6528,6521,6528,1561,1560
7086,7086,6529,6521,6529,1561,1560
7087,7087,6530,6530,6530,1561,1560
7088,7088,6531,6531,6531,1561,1560
7089,7089,6532,6532,6532,1561,1560
7090,7090,6533,6533,6533,1561,1560
7092,7092,6534,6534,6534,1561,1561
7094,7094,6535,6535,6535,1562,1562
7095,7095,6536,6536,6536,1562,1562
7096,7096,6537,6537,6537,1562,1562
7097,7097,6538,6538,6538,1562,1562
7098,7098,6539,6539,6539,1562,1562
7099,7099,6540,6540,6540,1562,1562
7100,7100,6541,6541,6541,1562,1562
7101,7101,6542,6542,6542,1562,1562
7101,7101,6543,6542,6543,1562,1562
7102,7102,6544,6544,6544,1562,1562
7103,7103,6545,6545,6545,1562,1562
7104,7104,6546,6546,6546,1562,1562
7105,7105,6547,6547,6547,1562,1562
7106,7106,6548,6548,6548,1562,1562
7107,7107,6549,6549,6549,1562,1562
7108,7108,6550,6550,6550,1562,1562
7106,7108,6551,6550,6551,1562,1562
7107,7108,6552,6550,6552,1562,1562
7108,7108,6553,6550,6553,1562,1562
7109,7109,6554,6554,6554,1562,1562
7106,7109,6555,6554,6555,1562,1562
7107,7109,6556,6554,6556,1562,1562
7108,7109,6557,6554,6557,1562,1562
7109,7109,6558,6554,6558,1562,1562
7110,7110,6559,6559,6559,1562,1562
7111,7111,6560,6560,6560,1562,1562
7112,7112,6561,6561,6561,1562,1562
7113,7113,6562,6562,6562,1562,1562
7114,7114,6563,6563,6563,1562,1562
7115,7115,6564,6564,6564,1562,1562
7116,7116,6565,6565,6565,1562,1562
7117,7117,6566,6566,6566,1562,1562
7118,7118,6567,6567,6567,1562,1562
7119,7119,6568,6568,6568,1562,1562
7119,7119,6569,6568,6569,1562,1562
7120,7120,6570,6570,6570,1562,1562
7121,7121,6571,6571,6571,1562,1562
7122,7122,6572,6572,6572,1562,1562
7123,7123,6573,6573,6573,1562,1562
7124,7124,6574,6574,6574,1562,1562
7125,7125,6575,6575,6575,1562,1562
7126,7126,6576,6576,6576,1562,1562
7127,7127,6577,6577,6577,1562,1562
7128,7128,6578,6578,6578,1562,1562
7129,7129,6579,6579,6579,1562,1562
7130,7130,6580,6580,6580,1562,1562
7131,7131,6581,6581,6581,1562,1562
7131,7131,6582,6581,6582,1562,1562
7132,7132,6583,6583,6583,1562,1562
7133,7133,6584,6584,6584,1562,1562
7134,7134,6585,6585,6585,1562,1562
7135,7135,6586,6586,6586,1562,1562
7136,7136,6587,6587,6587,1562,1562
7137,7137,6588,6588,6588,1562,1562
7138,7138,6589,6589,6589,1562,1562
7139,7139,6590,6590,6590,1562,1562
7140,7140,6591,6591,6591,1562,1562
7141,7141,6592,6592,6592,1562,1562
7142,7142,6593,6593,6593,1562,1562
7143,7143,6594,6594,6594,1562,1562
7144,7144,6595,6595,6595,1562,1562
7145,7145,6596,6596,6596,1562,1562
7146,7146,6597,6597,6597,1562,1562
7147,7147,6598,6598,6598,1562,1562
7145,7147,6599,6598,6599,1562,1562
7146,7147,6600,6598,6600,1562,1562
7147,7147,6601,6598,6601,1562,1562
7148,7148,6602,6602,6602,1562,1562
7149,7149,6603,6603,6603,1562,1562
7150,7150,6604,6604,6604,1562,1562
7152,7152,6605,6605,6605,1563,1563
7150,7152,6606,6605,6606,1563,1563
7151,7152,6607,6605,6607,1563,1563
7152,7152,6608,6605,6608,1563,1563
7153,7153,6609,6609,6609,1563,1563
7154,7154,6610,6610,6610,1563,1563
7155,7155,6611,6611,6611,1563,1563
7156,7156,6612,6612,6612,1563,1563
7157,7157,6613,6613,6613,1563,1563
7158,7158,6614,6614,6614,1563,1563
7159,7159,6615,6615,6615,1563,1563
7160,7160,6616,6616,6616,1563,1563
7161,7161,6617,6617,6617,1563,1563
7156,7161,6618,6617,6618,1563,1562
7157,7161,6619,6617,6619,1563,1562
7158,7161,6620,6617,6620,1563,1562
7159,7161,6621,6617,6621,1563,1562
7160,7161,6622,6617,6622,1563,1562
7161,7161,6623,6617,6623,1563,1562
7162,7162,6624,6624,6624,1563,1562
7163,7163,6625,6625,6625,1563,1562
7160,7163,6626,6625,6626,1563,1562
7161,7163,6627,6625,6627,1563,1562
7162,7163,6628,6625,6628,1563,1562
7163,7163,6629,6625,6629,1563,1562
7164,7164,6630,6630,6630,1563,1562
7165,7165,6631,6631,6631,1563,1562
7166,7166,6632,6632,6632,1563,1562
7167,7167,6633,6633,6633,1563,1562
7168,7168,6634,6634,6634,1563,1562
7166,7168,6635,6634,6635,1563,1562
7167,7168,6636,6634,6636,1563,1562
7168,7168,6637,6634,6637,1563,1562
7169,7169,6638,6638,6638,1563,1562
7170,7170,6639,6639,6639,1563,1562
7171,7171,6640,6640,6640,1563,1562
7172,7172,6641,6641,6641,1563,1562
7173,7173,6642,6642,6642,1563,1562
7174,7174,6643,6643,6643,1563,1562
7175,7175,6644,6644,6644,1563,1562
7172,7175,6645,6644,6645,1563,1562
7173,7175,6646,6644,6646,1563,1562
7172,7175,6647,6644,6647,1563,1562
7173,7175,6648,6644,6648,1563,1562
7174,7175,6649,6644,6649,1563,1562
7175,7175,6650,6644,6650,1563,1562
7172,7175,6651,6644,6651,1563,1562
7173,7175,6652,6644,6652,1563,1562
7174,7175,6653,6644,6653,1563,1562
7173,7175,6654,6644,6654,1563,1562
7174,7175,6655,6644,6655,1563,1562
7175,7175,6656,6644,6656,1563,1562
7176,7176,6657,6657,6657,1563,1562
7174,7176,6658,6657,6658,1563,1562
7175,7176,6659,6657,6659,1563,1562
7176,7176,6660,6657,6660,1563,1562
7174,7176,6661,6657,6661,1563,1562
7173,7176,6662,6657,6662,1563,1562
7174,7176,6663,6657,6663,1563,1562
7175,7176,6664,6657,6664,1563,1562
7176,7176,6665,6657,6665,1563,1562
7174,7176,6666,6657,6666,1563,1562
7175,7176,6667,6657,6667,1563,1562
7176,7176,6668,6657,6668,1563,1562
7177,7177,6669,6669,6669,1563,1562
7178,7178,6670,6670,6670,1563,1562
7179,7179,6671,6671,6671,1563,1562
7180,7180,6672,6672,6672,1563,1562
7181,7181,6673,6673,6673,1563,1562
7179,7181,6674,6673,6674,1563,1562
7180,7181,6675,6673,6675,1563,1562
7181,7181,6676,6673,6676,1563,1562
7182,7182,6677,6677,6677,1563,1562
7183,7183,6678,6678,6678,1563,1562
7184,7184,6679,6679,6679,1563,1562
7182,7184,6680,6679,6680,1563,1562
7183,7184,6681,6679,6681,1563,1562
7184,7184,6682,6679,6682,1563,1562
7185,7185,6683,6683,6683,1563,1562
7186,7186,6684,6684,6684,1563,1562
7185,7186,6685,6684,6685,1563,1562
7186,7186,6686,6684,6686,1563,1562
7187,7187,6687,6687,6687,1563,1562
7188,7188,6688,6688,6688,1563,1562
7189,7189,6689,6689,6689,1563,1562
7188,7189,6690,6689,6690,1563,1562
7189,7189,6691,6689,6691,1563,1562
7190,7190,6692,6692,6692,1563,1562
7189,7190,6693,6692,6693,1563,1562
7190,7190,6694,6692,6694,1563,1562
7191,7191,6695,6695,6695,1563,1562
7192,7192,6696,6696,6696,1563,1562
7189,7192,6697,6696,6697,1563,1562
7190,7192,6698,6696,6698,1563,1562
7190,7192,6699,6696,6699,1563,1562
7188,7192,6700,6696,6700,1563,1562
7189,7192,6701,6696,6701,1563,1562
7190,7192,6702,6696,6702,1563,1562
7191,7192,6703,6696,6703,1563,1562
7192,7192,6704,6696,6704,1563,1562
7191,7192,6705,6696,6705,1563,1562
7192,7192,6706,6696,6706,1563,1562
7193,7193,6707,6707,6707,1563,1562
7194,7194,6708,6708,6708,1563,1562
7195,7195,6709,6709,6709,1563,1562
7196,7196,6710,6710,6710,1563,1562
7197,7197,6711,6711,6711,1563,1562
7195,7197,6712,6711,6712,1563,1562
7196,7197,6713,6711,6713,1563,1562
7197,7197,6714,6711,6714,1563,1562
7198,7198,6715,6715,6715,1563,1562
7196,7198,6716,6715,6716,1563,1562
7197,7198,6717,6715,6717,1563,1562
7198,7198,6718,6715,6718,1563,1562
7199,7199,6719,6719,6719,1563,1562
7197,7199,6720,6719,6720,1563,1562
7198,7199,6721,6719,6721,1563,1562
7199,7199,6722,6719,6722,1563,1562
7198,7199,6723,6719,6723,1563,1562
7199,7199,6724,6719,6724,1563,1562
7200,7200,6725,6725,6725,1563,1562
7201,7201,6726,6726,6726,1563,1562
7202,7202,6727,6727,6727,1563,1562
7197,7202,6728,6727,6728,1563,1562
7198,7202,6729,6727,6729,1563,1562
7199,7202,6730,6727,6730,1563,1562
7195,7202,6731,6727,6731,1563,1561
7196,7202,6732,6727,6732,1563,1561
7194,7202,6733,6727,6733,1563,1561
7195,7202,6734,6727,6734,1563,1561
7196,7202,6735,6727,6735,1563,1561
7197,7202,6736,6727,6736,1563,1561
7198,7202,6737,6727,6737,1563,1561
7199,7202,6738,6727,6738,1563,1561
7200,7202,6739,6727,6739,1563,1561
7199,7202,6740,6727,6740,1563,1561
7200,7202,6741,6727,6741,1563,1561
7201,7202,6742,6727,6742,1563,1561
7202,7202,6743,6727,6743,1563,1561
7200,7202,6744,6727,6744,1563,1561
7201,7202,6745,6727,6745,1563,1561
7202,7202,6746,6727,6746,1563,1561
7203,7203,6747,6747,6747,1563,1561
7204,7204,6748,6748,6748,1563,1561
7205,7205,6749,6749,6749,1563,1561
7206,7206,6750,6750,6750,1563,1561
7207,7207,6751,6751,6751,1563,1561
7206,7207,6752,6751,6752,1563,1561
7207,7207,6753,6751,6753,1563,1561
7208,7208,6754,6754,6754,1563,1561
7209,7209,6755,6755,6755,1563,1561
7207,7209,6756,6755,6756,1563,1561
7208,7209,6757,6755,6757,1563,1561
7209,7209,6758,6755,6758,1563,1561
7210,7210,6759,6759,6759,1563,1561
7211,7211,6760,6760,6760,1563,1561
7212,7212,6761,6761,6761,1563,1561
7213,7213,6762,6762,6762,1563,1561
7214,7214,6763,6763,6763,1563,1561
7215,7215,6764,6764,6764,1563,1561
7214,7215,6765,6764,6765,1563,1561
7215,7215,6766,6764,6766,1563,1561
7216,7216,6767,6767,6767,1563,1561
7218,7218,6768,6768,6768,1563,1562
7219,7219,6769,6769,6769,1563,1562
7220,7220,6770,6770,6770,1563,1562
7221,7221,6771,6771,6771,1563,1562
7222,7222,6772,6772,6772,1563,1562
7223,7223,6773,6773,6773,1563,1562
7224,7224,6774,6774,6774,1563,1562
7224,7224,6775,6774,6775,1563,1562
7225,7225,6776,6776,6776,1563,1562
7226,7226,6777,6777,6777,1563,1562
7227,7227,6778,6778,6778,1563,1562
7228,7228,6779,6779,6779,1563,1562
7229,7229,6780,6780,6780,1563,1562
7230,7230,6781,6781,6781,1563,1562
7231,7231,6782,6782,6782,1563,1562
7232,7232,6783,6783,6783,1563,1562
7230,7232,6784,6783,6784,1563,1562
7227,7232,6785,6783,6785,1563,1562
7228,7232,6786,6783,6786,1563,1562
7229,7232,6787,6783,6787,1563,1562
7230,7232,6788,6783,6788,1563,1562
7231,7232,6789,6783,6789,1563,1562
7232,7232,6790,6783,6790,1563,1562
7233,7233,6791,6791,6791,1563,1562
7231,7233,6792,6791,6792,1563,1562
7232,7233,6793,6791,6793,1563,1562
7233,7233,6794,6791,6794,1563,1562
7234,7234,6795,6795,6795,1563,1562
7235,7235,6796,6796,6796,1563,1562
7236,7236,6797,6797,6797,1563,1562
7237,7237,6798,6798,6798,1563,1562
7238,7238,6799,6799,6799,1563,1562
7239,7239,6800,6800,6800,1563,1562
7240,7240,6801,6801,6801,1563,1562
7241,7241,6802,6802,6802,1563,1562
7242,7242,6803,6803,6803,1563,1562
7243,7243,6804,6804,6804,1563,1562
7244,7244,6805,6805,6805,1563,1562
7245,7245,6806,6806,6806,1563,1562
7246,7246,6807,6807,6807,1563,1562
7247,7247,6808,6808,6808,1563,1562
7248,7248,6809,6809,6809,1563,1562
7249,7249,6810,6810,6810,1563,1562
7250,7250,6811,6811,6811,1563,1562
7251,7251,6812,6812,6812,1563,1562
7252,7252,6813,6813,6813,1563,1562
7253,7253,6814,6814,6814,1563,1562
7254,7254,6815,6815,6815,1563,1562
7255,7255,6816,6816,6816,1563,1562
7256,7256,6817,6817,6817,1563,1562
7255,7256,6818,6817,6818,1563,1562
7256,7256,6819,6817,6819,1563,1562
7257,7257,6820,6820,6820,1563,1562
7256,7257,6821,6820,6821,1563,1562
7257,7257,6822,6820,6822,1563,1562
7258,7258,6823,6823,6823,1563,1562
7259,7259,6824,6824,6824,1563,1562
7258,7259,6825,6824,6825,1563,1562
7259,7259,6826,6824,6826,1563,1562
7258,7259,6827,6824,6827,1563,1562
7259,7259,6828,6824,6828,1563,1562
7260,7260,6829,6829,6829,1563,1562
7261,7261,6830,6830,6830,1563,1562
7262,7262,6831,6831,6831,1563,1562
7263,7263,6832,6832,6832,1563,1562
7264,7264,6833,6833,6833,1563,1562
7265,7265,6834,6834,6834,1563,1562
7266,7266,6835,6835,6835,1563,1562
7267,7267,6836,6836,6836,1563,1562
7268,7268,6837,6837,6837,1563,1562
7269,7269,6838,6838,6838,1563,1562
7270,7270,6839,6839,6839,1563,1562
7271,7271,6840,6840,6840,1563,1562
7272,7272,6841,6841,6841,1563,1562
7273,7273,6842,6842,6842,1563,1562
7274,7274,6843,6843,6843,1563,1562
7275,7275,6844,6844,6844,1563,1562
7276,7276,6845,6845,6845,1563,1562
7276,7276,6846,6845,6846,1563,1562
7272,7276,6847,6845,6847,1563,1562
7273,7276,6848,6845,6848,1563,1562
7274,7276,6849,6845,6849,1563,1562
7275,7276,6850,6845,6850,1563,1562
7276,7276,6851,6845,6851,1563,1562
7278,7278,6852,6852,6852,1563,1563
7275,7278,6853,6852,6853,1563,1563
7276,7278,6854,6852,6854,1563,1563
7277,7278,6855,6852,6855,1563,1563
7278,7278,6856,6852,6856,1563,1563
7279,7279,6857,6857,6857,1563,1563
7276,7279,6858,6857,6858,1563,1563
7277,7279,6859,6857,6859,1563,1563
7278,7279,6860,6857,6860,1563,1563
7279,7279,6861,6857,6861,1563,1563
7280,7280,6862,6862,6862,1563,1563
7279,7280,6863,6862,6863,1563,1563
7280,7280,6864,6862,6864,1563,1563
7281,7281,6865,6865,6865,1563,1563
7282,7282,6866,6866,6866,1563,1563
7283,7283,6867,6867,6867,1563,1563
7283,7283,6868,6867,6868,1563,1563
7284,7284,6869,6869,6869,1563,1563
7285,7285,6870,6870,6870,1563,1563
7286,7286,6871,6871,6871,1563,1563
7287,7287,6872,6872,6872,1563,1563
7288,7288,6873,6873,6873,1563,1563
7289,7289,6874,6874,6874,1563,1563
7290,7290,6875,6875,6875,1563,1563
7291,7291,6876,6876,6876,1563,1563
7292,7292,6877,6877,6877,1563,1563
7289,7292,6878,6877,6878,1563,1563
7290,7292,6879,6877,6879,1563,1563
7287,7292,6880,6877,6880,1563,1563
7286,7292,6881,6877,6881,1563,1563
7284,7292,6882,6877,6882,1563,1563
7285,7292,6883,6877,6883,1563,1563
7286,7292,6884,6877,6884,1563,1563
7287,7292,6885,6877,6885,1563,1563
7288,7292,6886,6877,6886,1563,1563
7289,7292,6887,6877,6887,1563,1563
7287,7292,6888,6877,6888,1563,1563
7288,7292,6889,6877,6889,1563,1563
7289,7292,6890,6877,6890,1563,1563
7290,7292,6891,6877,6891,1563,1563
7291,7292,6892,6877,6892,1563,1563
7292,7292,6893,6877,6893,1563,1563
7293,7293,6894,6894,6894,1563,1563
7290,7293,6895,6894,6895,1563,1563
7289,7293,6896,6894,6896,1563,1563
7290,7293,6897,6894,6897,1563,1563
7291,7293,6898,6894,6898,1563,1563
7289,7293,6899,6894,6899,1563,1563
7290,7293,6900,6894,6900,1563,1563
7291,7293,6901,6894,6901,1563,1563
7292,7293,6902,6894,6902,1563,1563
7293,7293,6903,6894,6903,1563,1563
7294,7294,6904,6904,6904,1563,1563
7291,7294,6905,6904,6905,1563,1563
7292,7294,6906,6904,6906,1563,1563
7293,7294,6907,6904,6907,1563,1563
7294,7294,6908,6904,6908,1563,1563
7293,7294,6909,6904,6909,1563,1563
7293,7294,6910,6904,6910,1563,1563
7294,7294,6911,6904,6911,1563,1563
7295,7295,6912,6912,6912,1563,1563
7296,7296,6913,6913,6913,1563,1563
7297,7297,6914,6914,6914,1563,1563
7298,7298,6915,6915,6915,1563,1563
7299,7299,6916,6916,6916,1563,1563
7300,7300,6917,6917,6917,1563,1563
7301,7301,6918,6918,6918,1563,1563
7301,7301,6919,6918,6919,1563,1563
7299,7301,6920,6918,6920,1563,1563
7298,7301,6921,6918,6921,1563,1563
7299,7301,6922,6918,6922,1563,1563
7300,7301,6923,6918,6923,1563,1563
7301,7301,6924,6918,6924,1563,1563
7302,7302,6925,6925,6925,1563,1563
7303,7303,6926,6926,6926,1563,1563
7301,7303,6927,6926,6927,1563,1563
7299,7303,6928,6926,6928,1563,1563
7300,7303,6929,6926,6929,1563,1563
7301,7303,6930,6926,6930,1563,1563
7302,7303,6931,6926,6931,1563,1563
7303,7303,6932,6926,6932,1563,1563
7302,7303,6933,6926,6933,1563,1563
7303,7303,6934,6926,6934,1563,1563
7304,7304,6935,6935,6935,1563,1563
7305,7305,6936,6936,6936,1563,1563
7301,7305,6937,6936,6937,1563,1562
7302,7305,6938,6936,6938,1563,1562
7299,7305,6939,6936,6939,1563,1562
7300,7305,6940,6936,6940,1563,1562
7301,7305,6941,6936,6941,1563,1562
7303,7305,6942,6936,6942,1563,1563
7304,7305,6943,6936,6943,1563,1563
7301,7305,6944,6936,6944,1563,1563
7299,7305,6945,6936,6945,1563,1563
7300,7305,6946,6936,6946,1563,1563
7301,7305,6947,6936,6947,1563,1563
7302,7305,6948,6936,6948,1563,1563
7303,7305,6949,6936,6949,1563,1563
7304,7305,6950,6936,6950,1563,1563
7305,7305,6951,6936,6951,1563,1563
7306,7306,6952,6952,6952,1563,1563
7307,7307,6953,6953,6953,1563,1563
7308,7308,6954,6954,6954,1563,1563
7308,7308,6955,6954,6955,1563,1563
7309,7309,6956,6956,6956,1563,1563
7310,7310,6957,6957,6957,1563,1563
7310,7310,6958,6957,6958,1563,1563
7311,7311,6959,6959,6959,1563,1563
7312,7312,6960,6960,6960,1563,1563
7313,7313,6961,6961,6961,1563,1563
7310,7313,6962,6961,6962,1563,1563
7311,7313,6963,6961,6963,1563,1563
7312,7313,6964,6961,6964,1563,1563
7313,7313,6965,6961,6965,1563,1563
7314,7314,6966,6966,6966,1563,1563
7315,7315,6967,6967,6967,1563,1563
7316,7316,6968,6968,6968,1563,1563
7317,7317,6969,6969,6969,1563,1563
7318,7318,6970,6970,6970,1563,1563
7319,7319,6971,6971,6971,1563,1563
7317,7319,6972,6971,6972,1563,1563
7318,7319,6973,6971,6973,1563,1563
7319,7319,6974,6971,6974,1563,1563
7320,7320,6975,6975,6975,1563,1563
7321,7321,6976,6976,6976,1563,1563
7318,7321,6977,6976,6977,1563,1563
7319,7321,6978,6976,6978,1563,1563
7317,7321,6979,6976,6979,1563,1563
7318,7321,6980,6976,6980,1563,1563
7319,7321,6981,6976,6981,1563,1563
7320,7321,6982,6976,6982,1563,1563
7314,7321,6983,6976,6983,1563,1563
7315,7321,6984,6976,6984,1563,1563
7316,7321,6985,6976,6985,1563,1563
7314,7321,6986,6976,6986,1563,1562
7315,7321,6987,6976,6987,1563,1562
7316,7321,6988,6976,6988,1563,1562
7317,7321,6989,6976,6989,1563,1562
7318,7321,6990,6976,6990,1563,1562
7319,7321,6991,6976,6991,1563,1562
7320,7321,6992,6976,6992,1563,1562
7321,7321,6993,6976,6993,1563,1562
7322,7322,6994,6994,6994,1563,1562
7321,7322,6995,6994,6995,1563,1562
7322,7322,6996,6994,6996,1563,1562
7323,7323,6997,6997,6997,1563,1562
7324,7324,6998,6998,6998,1563,1562
7325,7325,6999,6999,6999,1563,1562
7326,7326,7000,7000,7000,1563,1562
7325,7326,7001,7000,7001,1563,1562
7326,7326,7002,7000,7002,1563,1562
7327,7327,7003,7003,7003,1563,1562
7328,7328,7004,7004,7004,1563,1562
7329,7329,7005,7005,7005,1563,1562
7325,7329,7006,7005,7006,1563,1562
7326,7329,7007,7005,7007,1563,1562
7327,7329,7008,7005,7008,1563,1562
7328,7329,7009,7005,7009,1563,1562
7329,7329,7010,7005,7010,1563,1562
7330,7330,7011,7011,7011,1563,1562
7331,7331,7012,7012,7012,1563,1562
7329,7331,7013,7012,7013,1563,1562
7330,7331,7014,7012,7014,1563,1562
7331,7331,7015,7012,7015,1563,1562
7332,7332,7016,7016,7016,1563,1562
7333,7333,7017,7017,7017,1563,1562
7334,7334,7018,7018,7018,1563,1562
7335,7335,7019,7019,7019,1563,1562
7336,7336,7020,7020,7020,1563,1562
7337,7337,7021,7021,7021,1563,1562
7336,7337,7022,7021,7022,1563,1562
7337,7337,7023,7021,7023,1563,1562
7338,7338,7024,7024,7024,1563,1562
7339,7339,7025,7025,7025,1563,1562
7337,7339,7026,7025,7026,1563,1562
7338,7339,7027,7025,7027,1563,1562
7339,7339,7028,7025,7028,1563,1562
7340,7340,7029,7029,7029,1563,1562
7341,7341,7030,7030,7030,1563,1562
7342,7342,7031,7031,7031,1563,1562
7343,7343,7032,7032,7032,1563,1562
7344,7344,7033,7033,7033,1563,1562
7345,7345,7034,7034,7034,1563,1562
7346,7346,7035,7035,7035,1563,1562
7347,7347,7036,7036,7036,1563,1562
7343,7347,7037,7036,7037,1563,1562
7344,7347,7038,7036,7038,1563,1562
7345,7347,7039,7036,7039,1563,1562
7346,7347,7040,7036,7040,1563,1562
7347,7347,7041,7036,7041,1563,1562
7348,7348,7042,7042,7042,1563,1562
7349,7349,7043,7043,7043,1563,1562
7350,7350,7044,7044,7044,1563,1562
7351,7351,7045,7045,7045,1563,1562
7352,7352,7046,7046,7046,1563,1562
7352,7352,7047,7046,7047,1563,1562
7353,7353,7048,7048,7048,1563,1562
7354,7354,7049,7049,7049,1563,1562
7355,7355,7050,7050,7050,1563,1562
7356,7356,7051,7051,7051,1563,1562
7357,7357,7052,7052,7052,1563,1562
7356,7357,7053,7052,7053,1563,1562
7356,7357,7054,7052,7054,1563,1562
7357,7357,7055,7052,7055,1563,1562
7353,7357,7056,7052,7056,1563,1562
7354,7357,7057,7052,7057,1563,1562
7355,7357,7058,7052,7058,1563,1562
7356,7357,7059,7052,7059,1563,1562
7357,7357,7060,7052,7060,1563,1562
7357,7357,7061,7052,7061,1563,1562
7358,7358,7062,7062,7062,1563,1562
7359,7359,7063,7063,7063,1563,1562
7360,7360,7064,7064,7064,1563,1562
7361,7361,7065,7065,7065,1563,1562
7362,7362,7066,7066,7066,1563,1562
7363,7363,7067,7067,7067,1563,1562
7364,7364,7068,7068,7068,1563,1562
7365,7365,7069,7069,7069,1563,1562
7366,7366,7070,7070,7070,1563,1562
7364,7366,7071,7070,7071,1563,1562
7362,7366,7072,7070,7072,1563,1562
7362,7366,7073,7070,7073,1563,1562
7363,7366,7074,7070,7074,1563,1562
7364,7366,7075,7070,7075,1563,1562
7365,7366,7076,7070,7076,1563,1562
7366,7366,7077,7070,7077,1563,1562
7364,7366,7078,7070,7078,1563,1562
7365,7366,7079,7070,7079,1563,1562
7358,7366,7080,7070,7080,1563,1562
7359,7366,7081,7070,7081,1563,1562
7360,7366,7082,7070,7082,1563,1562
7361,7366,7083,7070,7083,1563,1562
7360,7366,7084,7070,7084,1563,1562
7361,7366,7085,7070,7085,1563,1562
7362,7366,7086,7070,7086,1563,1562
7363,7366,7087,7070,7087,1563,1562
7364,7366,7088,7070,7088,1563,1562
7362,7366,7089,7070,7089,1563,1562
7363,7366,7090,7070,7090,1563,1562
7364,7366,7091,7070,7091,1563,1562
7365,7366,7092,7070,7092,1563,1562
7366,7366,7093,7070,7093,1563,1562
7367,7367,7094,7094,7094,1563,1562
7368,7368,7095,7095,7095,1563,1562
7369,7369,7096,7096,7096,1563,1562
7370,7370,7097,7097,7097,1563,1562
7371,7371,7098,7098,7098,1563,1562
7372,7372,7099,7099,7099,1563,1562
7373,7373,7100,7100,7100,1563,1562
7374,7374,7101,7101,7101,1563,1562
7375,7375,7102,7102,7102,1563,1562
7376,7376,7103,7103,7103,1563,1562
7377,7377,7104,7104,7104,1563,1562
7378,7378,7105,7105,7105,1563,1562
7379,7379,7106,7106,7106,1563,1562
7380,7380,7107,7107,7107,1563,1562
7381,7381,7108,7108,7108,1563,1562
7382,7382,7109,7109,7109,1563,1562
7380,7382,7110,7109,7110,1563,1562
7379,7382,7111,7109,7111,1563,1562
7380,7382,7112,7109,7112,1563,1562
7380,7382,7113,7109,7113,1563,1562
7381,7382,7114,7109,7114,1563,1562
7382,7382,7115,7109,7115,1563,1562
7383,7383,7116,7116,7116,1563,1562
7384,7384,7117,7117,7117,1563,1562
7385,7385,7118,7118,7118,1563,1562
7386,7386,7119,7119,7119,1563,1562
7387,7387,7120,7120,7120,1563,1562
7387,7387,7121,7120,7121,1563,1562
7388,7388,7122,7122,7122,1563,1562
7388,7388,7123,7122,7123,1563,1562
7389,7389,7124,7124,7124,1563,1562
7389,7389,7125,7124,7125,1563,1562
7390,7390,7126,7126,7126,1563,1562
7391,7391,7127,7127,7127,1563,1562
7392,7392,7128,7128,7128,1563,1562
7393,7393,7129,7129,7129,1563,1562
7394,7394,7130,7130,7130,1563,1562
7396,7396,7131,7131,7131,1563,1563
7397,7397,7132,7132,7132,1563,1563
7398,7398,7133,7133,7133,1563,1563
7399,7399,7134,7134,7134,1563,1563
7400,7400,7135,7135,7135,1563,1563
7401,7401,7136,7136,7136,1563,1563
7402,7402,7137,7137,7137,1563,1563
7402,7402,7138,7137,7138,1563,1563
7403,7403,7139,7139,7139,1563,1563
7404,7404,7140,7140,7140,1563,1563
7405,7405,7141,7141,7141,1563,1563
7406,7406,7142,7142,7142,1563,1563
7407,7407,7143,7143,7143,1563,1563
7408,7408,7144,7144,7144,1563,1563
7407,7408,7145,7144,7145,1563,1563
7408,7408,7146,7144,7146,1563,1563
7409,7409,7147,7147,7147,1563,1563
7408,7409,7148,7147,7148,1563,1563
7409,7409,7149,7147,7149,1563,1563
7410,7410,7150,7150,7150,1563,1563
7411,7411,7151,7151,7151,1563,1563
7412,7412,7152,7152,7152,1563,1563
7413,7413,7153,7153,7153,1563,1563
7414,7414,7154,7154,7154,1563,1563
7415,7415,7155,7155,7155,1563,1563
7416,7416,7156,7156,7156,1563,1563
7417,7417,7157,7157,7157,1563,1563
7418,7418,7158,7158,7158,1563,1563
7419,7419,7159,7159,7159,1563,1563
7420,7420,7160,7160,7160,1563,1563
7419,7420,7161,7160,7161,1563,1563
7420,7420,7162,7160,7162,1563,1563
7421,7421,7163,7163,7163,1563,1563
7418,7421,7164,7163,7164,1563,1563
7415,7421,7165,7163,7165,1563,1563
7416,7421,7166,7163,7166,1563,1563
7417,7421,7167,7163,7167,1563,1563
7418,7421,7168,7163,7168,1563,1563
7415,7421,7169,7163,7169,1563,1563
7416,7421,7170,7163,7170,1563,1563
7417,7421,7171,7163,7171,1563,1563
7418,7421,7172,7163,7172,1563,1563
7416,7421,7173,7163,7173,1563,1563
7417,7421,7174,7163,7174,1563,1563
7418,7421,7175,7163,7175,1563,1563
7419,7421,7176,7163,7176,1563,1563
7420,7421,7177,7163,7177,1563,1563
7421,7421,7178,7163,7178,1563,1563
7422,7422,7179,7179,7179,1563,1563
7423,7423,7180,7180,7180,1563,1563
7424,7424,7181,7181,7181,1563,1563
7425,7425,7182,7182,7182,1563,1563
7423,7425,7183,7182,7183,1563,1563
7424,7425,7184,7182,7184,1563,1563
7421,7425,7185,7182,7185,1563,1563
7422,7425,7186,7182,7186,1563,1563
7423,7425,7187,7182,7187,1563,1563
7424,7425,7188,7182,7188,1563,1563
7425,7425,7189,7182,7189,1563,1563
7426,7426,7190,7190,7190,1563,1563
7427,7427,7191,7191,7191,1563,1563
7428,7428,7192,7192,7192,1563,1563
7429,7429,7193,7193,7193,1563,1563
7430,7430,7194,7194,7194,1563,1563
7431,7431,7195,7195,7195,1563,1563
7432,7432,7196,7196,7196,1563,1563
7433,7433,7197,7197,7197,1563,1563
7434,7434,7198,7198,7198,1563,1563
7431,7434,7199,7198,7199,1563,1563
7432,7434,7200,7198,7200,1563,1563
7433,7434,7201,7198,7201,1563,1563
7434,7434,7202,7198,7202,1563,1563
7435,7435,7203,7203,7203,1563,1563
7432,7435,7204,7203,7204,1563,1563
7433,7435,7205,7203,7205,1563,1563
7434,7435,7206,7203,7206,1563,1563
7435,7435,7207,7203,7207,1563,1563
7436,7436,7208,7208,7208,1563,1563
7437,7437,7209,7209,7209,1563,1563
7437,7437,7210,7209,7210,1563,1563
7438,7438,7211,7211,7211,1563,1563
7439,7439,7212,7212,7212,1563,1563
7440,7440,7213,7213,7213,1563,1563
7441,7441,7214,7214,7214,1563,1563
7442,7442,7215,7215,7215,1563,1563
7443,7443,7216,7216,7216,1563,1563
7444,7444,7217,7217,7217,1563,1563
7443,7444,7218,7217,7218,1563,1563
7444,7444,7219,7217,7219,1563,1563
7445,7445,7220,7220,7220,1563,1563
7442,7445,7221,7220,7221,1563,1563
7443,7445,7222,7220,7222,1563,1563
7444,7445,7223,7220,7223,1563,1563
7442,7445,7224,7220,7224,1563,1563
7443,7445,7225,7220,7225,1563,1563
7444,7445,7226,7220,7226,1563,1563
7445,7445,7227,7220,7227,1563,1563
7446,7446,7228,7228,7228,1563,1563
7447,7447,7229,7229,7229,1563,1563
7448,7448,7230,7230,7230,1563,1563
7445,7448,7231,7230,7231,1563,1563
7446,7448,7232,7230,7232,1563,1563
7447,7448,7233,7230,7233,1563,1563
7448,7448,7234,7230,7234,1563,1563
7449,7449,7235,7235,7235,1563,1563
7450,7450,7236,7236,7236,1563,1563
7451,7451,7237,7237,7237,1563,1563
7452,7452,7238,7238,7238,1563,1563
7453,7453,7239,7239,7239,1563,1563
7454,7454,7240,7240,7240,1563,1563
7455,7455,7241,7241,7241,1563,1563
7456,7456,7242,7242,7242,1563,1563
7457,7457,7243,7243,7243,1563,1563
7458,7458,7244,7244,7244,1563,1563
7459,7459,7245,7245,7245,1563,1563
7460,7460,7246,7246,7246,1563,1563
7458,7460,7247,7246,7247,1563,1563
7459,7460,7248,7246,7248,1563,1563
7460,7460,7249,7246,7249,1563,1563
7461,7461,7250,7250,7250,1563,1563
7462,7462,7251,7251,7251,1563,1563
7463,7463,7252,7252,7252,1563,1563
7464,7464,7253,7253,7253,1563,1563
7465,7465,7254,7254,7254,1563,1563
7465,7465,7255,7254,7255,1563,1563
7466,7466,7256,7256,7256,1563,1563
7464,7466,7257,7256,7257,1563,1563
7465,7466,7258,7256,7258,1563,1563
7464,7466,7259,7256,7259,1563,1563
7465,7466,7260,7256,7260,1563,1563
7466,7466,7261,7256,7261,1563,1563
7467,7467,7262,7262,7262,1563,1563
7468,7468,7263,7263,7263,1563,1563
7464,7468,7264,7263,7264,1563,1563
7465,7468,7265,7263,7265,1563,1563
7466,7468,7266,7263,7266,1563,1563
7467,7468,7267,7263,7267,1563,1563
7465,7468,7268,7263,7268,1563,1563
7466,7468,7269,7263,7269,1563,1563
7467,7468,7270,7263,7270,1563,1563
7468,7468,7271,7263,7271,1563,1563
7469,7469,7272,7272,7272,1563,1563
7470,7470,7273,7273,7273,1563,1563
7471,7471,7274,7274,7274,1563,1563
7472,7472,7275,7275,7275,1563,1563
7468,7472,7276,7275,7276,1563,1563
7469,7472,7277,7275,7277,1563,1563
7470,7472,7278,7275,7278,1563,1563
7471,7472,7279,7275,7279,1563,1563
7472,7472,7280,7275,7280,1563,1563
7473,7473,7281,7281,7281,1563,1563
7474,7474,7282,7282,7282,1563,1563
7475,7475,7283,7283,7283,1563,1563
7476,7476,7284,7284,7284,1563,1563
7477,7477,7285,7285,7285,1563,1563
7478,7478,7286,7286,7286,1563,1563
7479,7479,7287,7287,7287,1563,1563
7480,7480,7288,7288,7288,1563,1563
7481,7481,7289,7289,7289,1563,1563
7477,7481,7290,7289,7290,1563,1563
7478,7481,7291,7289,7291,1563,1563
7479,7481,7292,7289,7292,1563,1563
7475,7481,7293,7289,7293,1563,1563
7476,7481,7294,7289,7294,1563,1563
7473,7481,7295,7289,7295,1563,1563
7474,7481,7296,7289,7296,1563,1563
7475,7481,7297,7289,7297,1563,1563
7476,7481,7298,7289,7298,1563,1563
7477,7481,7299,7289,7299,1563,1563
7478,7481,7300,7289,7300,1563,1563
7479,7481,7301,7289,7301,1563,1563
7480,7481,7302,7289,7302,1563,1563
7481,7481,7303,7289,7303,1563,1563
7482,7482,7304,7304,7304,1563,1563
7480,7482,7305,7304,7305,1563,1563
7481,7482,7306,7304,7306,1563,1563
7478,7482,7307,7304,7307,1563,1563
7479,7482,7308,7304,7308,1563,1563
7480,7482,7309,7304,7309,1563,1563
7481,7482,7310,7304,7310,1563,1563
7482,7482,7311,7304,7311,1563,1563
7479,7482,7312,7304,7312,1563,1563
7480,7482,7313,7304,7313,1563,1563
7481,7482,7314,7304,7314,1563,1563
7482,7482,7315,7304,7315,1563,1563
7483,7483,7316,7316,7316,1563,1563
7484,7484,7317,7317,7317,1563,1563
7485,7485,7318,7318,7318,1563,1563
7486,7486,7319,7319,7319,1563,1563
7482,7486,7320,7319,7320,1563,1563
7483,7486,7321,7319,7321,1563,1563
7484,7486,7322,7319,7322,1563,1563
7485,7486,7323,7319,7323,1563,1563
7486,7486,7324,7319,7324,1563,1563
7487,7487,7325,7325,7325,1563,1563
7488,7488,7326,7326,7326,1563,1563
7489,7489,7327,7327,7327,1563,1563
7490,7490,7328,7328,7328,1563,1563
7490,7490,7329,7328,7329,1563,1563
7487,7490,7330,7328,7330,1563,1563
7488,7490,7331,7328,7331,1563,1563
7489,7490,7332,7328,7332,1563,1563
7490,7490,7333,7328,7333,1563,1563
7491,7491,7334,7334,7334,1563,1563
7492,7492,7335,7335,7335,1563,1563
7493,7493,7336,7336,7336,1563,1563
7490,7493,7337,7336,7337,1563,1563
7491,7493,7338,7336,7338,1563,1563
7491,7493,7339,7336,7339,1563,1563
7492,7493,7340,7336,7340,1563,1563
7493,7493,7341,7336,7341,1563,1563
7494,7494,7342,7342,7342,1563,1563
7495,7495,7343,7343,7343,1563,1563
7496,7496,7344,7344,7344,1563,1563
7497,7497,7345,7345,7345,1563,1563
7498,7498,7346,7346,7346,1563,1563
7499,7499,7347,7347,7347,1563,1563
7494,7499,7348,7347,7348,1563,1563
7495,7499,7349,7347,7349,1563,1563
7496,7499,7350,7347,7350,1563,1563
7497,7499,7351,7347,7351,1563,1563
7498,7499,7352,7347,7352,1563,1563
7499,7499,7353,7347,7353,1563,1563
7498,7499,7354,7347,7354,1563,1563
7499,7499,7355,7347,7355,1563,1563
7500,7500,7356,7356,7356,1563,1563
7501,7501,7357,7357,7357,1563,1563
7502,7502,7358,7358,7358,1563,1563
7500,7502,7359,7358,7359,1563,1563
7501,7502,7360,7358,7360,1563,1563
7502,7502,7361,7358,7361,1563,1563
7500,7502,7362,7358,7362,1563,1563
7501,7502,7363,7358,7363,1563,1563
7499,7502,7364,7358,7364,1563,1563
7496,7502,7365,7358,7365,1563,1562
7497,7502,7366,7358,7366,1563,1562
7499,7502,7367,7358,7367,1563,1562
7500,7502,7368,7358,7368,1563,1562
7501,7502,7369,7358,7369,1563,1562
7499,7502,7370,7358,7370,1563,1562
7500,7502,7371,7358,7371,1563,1562
7501,7502,7372,7358,7372,1563,1562
7500,7502,7373,7358,7373,1563,1562
7501,7502,7374,7358,7374,1563,1562
7502,7502,7375,7358,7375,1563,1562
7504,7504,7376,7376,7376,1563,1563
7505,7505,7377,7377,7377,1563,1563
7503,7505,7378,7377,7378,1563,1562
7504,7505,7379,7377,7379,1563,1562
7505,7505,7380,7377,7380,1563,1562
7506,7506,7381,7381,7381,1563,1562
7507,7507,7382,7382,7382,1563,1562
7508,7508,7383,7383,7383,1563,1562
7509,7509,7384,7384,7384,1563,1562
7510,7510,7385,7385,7385,1563,1562
7511,7511,7386,7386,7386,1563,1562
7512,7512,7387,7387,7387,1563,1562
7513,7513,7388,7388,7388,1563,1562
7514,7514,7389,7389,7389,1563,1562
7512,7514,7390,7389,7390,1563,1562
7513,7514,7391,7389,7391,1563,1562
7514,7514,7392,7389,7392,1563,1562
7515,7515,7393,7393,7393,1563,1562
7516,7516,7394,7394,7394,1563,1562
7517,7517,7395,7395,7395,1563,1562
7518,7518,7396,7396,7396,1563,1562
7517,7518,7397,7396,7397,1563,1562
7518,7518,7398,7396,7398,1563,1562
7519,7519,7399,7399,7399,1563,1562
7520,7520,7400,7400,7400,1563,1562
7521,7521,7401,7401,7401,1563,1562
7522,7522,7402,7402,7402,1563,1562
7523,7523,7403,7403,7403,1563,1562
7524,7524,7404,7404,7404,1563,1562
7525,7525,7405,7405,7405,1563,1562
7526,7526,7406,7406,7406,1563,1562
7525,7526,7407,7406,7407,1563,1562
7526,7526,7408,7406,7408,1563,1562
7527,7527,7409,7409,7409,1563,1562
7526,7527,7410,7409,7410,1563,1562
7527,7527,7411,7409,7411,1563,1562
7528,7528,7412,7412,7412,1563,1562
7529,7529,7413,7413,7413,1563,1562
7527,7529,7414,7413,7414,1563,1562
7529,7529,7415,7413,7415,1563,1563
7530,7530,7416,7416,7416,1563,1563
7531,7531,7417,7417,7417,1563,1563
7532,7532,7418,7418,7418,1563,1563
7533,7533,7419,7419,7419,1563,1563
7534,7534,7420,7420,7420,1563,1563
7535,7535,7421,7421,7421,1563,1563
7536,7536,7422,7422,7422,1563,1563
7537,7537,7423,7423,7423,1563,1563
7533,7537,7424,7423,7424,1563,1563
7531,7537,7425,7423,7425,1563,1563
7532,7537,7426,7423,7426,1563,1563
7533,7537,7427,7423,7427,1563,1563
7534,7537,7428,7423,7428,1563,1563
7535,7537,7429,7423,7429,1563,1563
7536,7537,7430,7423,7430,1563,1563
7537,7537,7431,7423,7431,1563,1563
7538,7538,7432,7432,7432,1563,1563
7539,7539,7433,7433,7433,1563,1563
7540,7540,7434,7434,7434,1563,1563
7541,7541,7435,7435,7435,1563,1563
7542,7542,7436,7436,7436,1563,1563
7543,7543,7437,7437,7437,1563,1563
7544,7544,7438,7438,7438,1563,1563
7545,7545,7439,7439,7439,1563,1563
7546,7546,7440,7440,7440,1563,1563
7547,7547,7441,7441,7441,1563,1563
7547,7547,7442,7441,7442,1563,1563
7548,7548,7443,7443,7443,1563,1563
7545,7548,7444,7443,7444,1563,1563
7546,7548,7445,7443,7445,1563,1563
7547,7548,7446,7443,7446,1563,1563
7548,7548,7447,7443,7447,1563,1563
7549,7549,7448,7448,7448,1563,1563
7550,7550,7449,7449,7449,1563,1563
7551,7551,7450,7450,7450,1563,1563
7552,7552,7451,7451,7451,1563,1563
7553,7553,7452,7452,7452,1563,1563
7554,7554,7453,7453,7453,1563,1563
7555,7555,7454,7454,7454,1563,1563
7556,7556,7455,7455,7455,1563,1563
7557,7557,7456,7456,7456,1563,1563
7554,7557,7457,7456,7457,1563,1563
7555,7557,7458,7456,7458,1563,1563
7556,7557,7459,7456,7459,1563,1563
7557,7557,7460,7456,7460,1563,1563
7558,7558,7461,7461,7461,1563,1563
7559,7559,7462,7462,7462,1563,1563
7560,7560,7463,7463,7463,1563,1563
7561,7561,7464,7464,7464,1563,1563
7558,7561,7465,7464,7465,1563,1562
7559,7561,7466,7464,7466,1563,1562
7560,7561,7467,7464,7467,1563,1562
7561,7561,7468,7464,7468,1563,1562
7562,7562,7469,7469,7469,1563,1562
7563,7563,7470,7470,7470,1563,1562
7564,7564,7471,7471,7471,1563,1562
7565,7565,7472,7472,7472,1563,1562
7566,7566,7473,7473,7473,1563,1562
7567,7567,7474,7474,7474,1563,1562
7568,7568,7475,7475,7475,1563,1562
7569,7569,7476,7476,7476,1563,1562
7570,7570,7477,7477,7477,1563,1562
7571,7571,7478,7478,7478,1563,1562
7572,7572,7479,7479,7479,1563,1562
7569,7572,7480,7479,7480,1563,1562
7570,7572,7481,7479,7481,1563,1562
7571,7572,7482,7479,7482,1563,1562
7572,7572,7483,7479,7483,1563,1562
7573,7573,7484,7484,7484,1563,1562
7574,7574,7485,7485,7485,1563,1562
7575,7575,7486,7486,7486,1563,1562
7576,7576,7487,7487,7487,1563,1562
7577,7577,7488,7488,7488,1563,1562
7578,7578,7489,7489,7489,1563,1562
7576,7578,7490,7489,7490,1563,1562
7577,7578,7491,7489,7491,1563,1562
7574,7578,7492,7489,7492,1563,1562
7575,7578,7493,7489,7493,1563,1562
7576,7578,7494,7489,7494,1563,1562
7577,7578,7495,7489,7495,1563,1562
7578,7578,7496,7489,7496,1563,1562
7573,7578,7497,7489,7497,1563,1562
7574,7578,7498,7489,7498,1563,1562
7575,7578,7499,7489,7499,1563,1562
7576,7578,7500,7489,7500,1563,1562
7577,7578,7501,7489,7501,1563,1562
7574,7578,7502,7489,7502,1563,1562
7575,7578,7503,7489,7503,1563,1562
7576,7578,7504,7489,7504,1563,1562
7577,7578,7505,7489,7505,1563,1562
7578,7578,7506,7489,7506,1563,1562
7579,7579,7507,7507,7507,1563,1562
7580,7580,7508,7508,7508,1563,1562
7581,7581,7509,7509,7509,1563,1562
7580,7581,7510,7509,7510,1563,1562
7579,7581,7511,7509,7511,1563,1562
7580,7581,7512,7509,7512,1563,1562
7581,7581,7513,7509,7513,1563,1562
7582,7582,7514,7514,7514,1563,1562
7583,7583,7515,7515,7515,1563,1562
7581,7583,7516,7515,7516,1563,1562
7582,7583,7517,7515,7517,1563,1562
7583,7583,7518,7515,7518,1563,1562
7584,7584,7519,7519,7519,1563,1562
7582,7584,7520,7519,7520,1563,1562
7582,7584,7521,7519,7521,1563,1562
7582,7584,7522,7519,7522,1563,1562
7580,7584,7523,7519,7523,1563,1562
7581,7584,7524,7519,7524,1563,1562
7582,7584,7525,7519,7525,1563,1562
7583,7584,7526,7519,7526,1563,1562
7584,7584,7527,7519,7527,1563,1562
7585,7585,7528,7528,7528,1563,1562
7586,7586,7529,7529,7529,1563,1562
7587,7587,7530,7530,7530,1563,1562
7586,7587,7531,7530,7531,1563,1562
7587,7587,7532,7530,7532,1563,1562
7588,7588,7533,7533,7533,1563,1562
7589,7589,7534,7534,7534,1563,1562
7590,7590,7535,7535,7535,1563,1562
7591,7591,7536,7536,7536,1563,1562
7592,7592,7537,7537,7537,1563,1562
7593,7593,7538,7538,7538,1563,1562
7594,7594,7539,7539,7539,1563,1562
7595,7595,7540,7540,7540,1563,1562
7596,7596,7541,7541,7541,1563,1562
7597,7597,7542,7542,7542,1563,1562
7598,7598,7543,7543,7543,1563,1562
7599,7599,7544,7544,7544,1563,1562
7600,7600,7545,7545,7545,1563,1562
7601,7601,7546,7546,7546,1563,1562
7600,7601,7547,7546,7547,1563,1562
7601,7601,7548,7546,7548,1563,1562
7602,7602,7549,7549,7549,1563,1562
7603,7603,7550,7550,7550,1563,1562
7604,7604,7551,7551,7551,1563,1562
7605,7605,7552,7552,7552,1563,1562
7606,7606,7553,7553,7553,1563,1562
7607,7607,7554,7554,7554,1563,1562
7602,7607,7555,7554,7555,1563,1562
7603,7607,7556,7554,7556,1563,1562
7604,7607,7557,7554,7557,1563,1562
7605,7607,7558,7554,7558,1563,1562
7606,7607,7559,7554,7559,1563,1562
7607,7607,7560,7554,7560,1563,1562
7608,7608,7561,7561,7561,1563,1562
7609,7609,7562,7562,7562,1563,1562
7610,7610,7563,7563,7563,1563,1562
7611,7611,7564,7564,7564,1563,1562
7612,7612,7565,7565,7565,1563,1562
7609,7612,7566,7565,7566,1563,1562
7610,7612,7567,7565,7567,1563,1562
7607,7612,7568,7565,7568,1563,1562
7608,7612,7569,7565,7569,1563,1562
7609,7612,7570,7565,7570,1563,1562
7610,7612,7571,7565,7571,1563,1562
7612,7612,7572,7565,7572,1563,1563
7613,7613,7573,7573,7573,1563,1563
7614,7614,7574,7574,7574,1563,1563
7613,7614,7575,7574,7575,1563,1563
7614,7614,7576,7574,7576,1563,1563
7614,7614,7577,7574,7577,1563,1563
7611,7614,7578,7574,7578,1563,1563
7611,7614,7579,7574,7579,1563,1563
7612,7614,7580,7574,7580,1563,1563
7613,7614,7581,7574,7581,1563,1563
7614,7614,7582,7574,7582,1563,1563
7615,7615,7583,7583,7583,1563,1563
7616,7616,7584,7584,7584,1563,1563
7617,7617,7585,7585,7585,1563,1563
7618,7618,7586,7586,7586,1563,1563
7619,7619,7587,7587,7587,1563,1563
7620,7620,7588,7588,7588,1563,1563
7621,7621,7589,7589,7589,1563,1563
7622,7622,7590,7590,7590,1563,1563
7623,7623,7591,7591,7591,1563,1563
7624,7624,7592,7592,7592,1563,1563
7625,7625,7593,7593,7593,1563,1563
7626,7626,7594,7594,7594,1563,1563
7628,7628,7595,7595,7595,1564,1564
7629,7629,7596,7596,7596,1564,1564
7630,7630,7597,7597,7597,1564,1564
7631,7631,7598,7598,7598,1564,1564
7632,7632,7599,7599,7599,1564,1564
7633,7633,7600,7600,7600,1564,1564
7634,7634,7601,7601,7601,1564,1564
7635,7635,7602,7602,7602,1564,1564
7636,7636,7603,7603,7603,1564,1564
7637,7637,7604,7604,7604,1564,1564
7638,7638,7605,7605,7605,1564,1564
7639,7639,7606,7606,7606,1564,1564
7640,7640,7607,7607,7607,1564,1564
7641,7641,7608,7608,7608,1564,1564
7642,7642,7609,7609,7609,1564,1564
7643,7643,7610,7610,7610,1564,1564
7644,7644,7611,7611,7611,1564,1564
7645,7645,7612,7612,7612,1564,1564
7646,7646,7613,7613,7613,1564,1564
7647,7647,7614,7614,7614,1564,1564
7648,7648,7615,7615,7615,1564,1564
7649,7649,7616,7616,7616,1564,1564
7650,7650,7617,7617,7617,1564,1564
7651,7651,7618,7618,7618,1564,1564
7652,7652,7619,7619,7619,1564,1564
7653,7653,7620,7620,7620,1564,1564
7654,7654,7621,7621,7621,1564,1564
7652,7654,7622,7621,7622,1564,1564
7653,7654,7623,7621,7623,1564,1564
7654,7654,7624,7621,7624,1564,1564
7655,7655,7625,7625,7625,1564,1564
7656,7656,7626,7626,7626,1564,1564
7657,7657,7627,7627,7627,1564,1564
7658,7658,7628,7628,7628,1564,1564
7659,7659,7629,7629,7629,1564,1564
7657,7659,7630,7629,7630,1564,1564
7658,7659,7631,7629,7631,1564,1564
7657,7659,7632,7629,7632,1564,1564
7658,7659,7633,7629,7633,1564,1564
7659,7659,7634,7629,7634,1564,1564
7661,7661,7635,7635,7635,1565,1565
7662,7662,7636,7636,7636,1565,1565
7663,7663,7637,7637,7637,1565,1565
7664,7664,7638,7638,7638,1565,1565
7665,7665,7639,7639,7639,1565,1565
7666,7666,7640,7640,7640,1565,1565
7667,7667,7641,7641,7641,1565,1565
7668,7668,7642,7642,7642,1565,1565
7670,7670,7643,7643,7643,1566,1566
7671,7671,7644,7644,7644,1566,1566
7672,7672,7645,7645,7645,1566,1566
7673,7673,7646,7646,7646,1566,1566
7674,7674,7647,7647,7647,1566,1566
7675,7675,7648,7648,7648,1566,1566
7673,7675,7649,7648,7649,1566,1566
7671,7675,7650,7648,7650,1566,1566
7672,7675,7651,7648,7651,1566,1566
7673,7675,7652,7648,7652,1566,1566
7674,7675,7653,7648,7653,1566,1566
7675,7675,7654,7648,7654,1566,1566
7676,7676,7655,7655,7655,1566,1566
7677,7677,7656,7656,7656,1566,1566
7678,7678,7657,7657,7657,1566,1566
7679,7679,7658,7658,7658,1566,1566
7680,7680,7659,7659,7659,1566,1566
7681,7681,7660,7660,7660,1566,1566
7682,7682,7661,7661,7661,1566,1566
7683,7683,7662,7662,7662,1566,1566
7684,7684,7663,7663,7663,1566,1566
7685,7685,7664,7664,7664,1566,1566
7683,7685,7665,7664,7665,1566,1566
7684,7685,7666,7664,7666,1566,1566
7680,7685,7667,7664,7667,1566,1566
7681,7685,7668,7664,7668,1566,1566
7678,7685,7669,7664,7669,1566,1566
7678,7685,7670,7664,7670,1566,1566
7679,7685,7671,7664,7671,1566,1566
7680,7685,7672,7664,7672,1566,1566
7681,7685,7673,7664,7673,1566,1566
7682,7685,7674,7664,7674,1566,1566
7683,7685,7675,7664,7675,1566,1566
7682,7685,7676,7664,7676,1566,1566
7683,7685,7677,7664,7677,1566,1566
7684,7685,7678,7664,7678,1566,1566
7685,7685,7679,7664,7679,1566,1566
7686,7686,7680,7680,7680,1566,1566
7687,7687,7681,7681,7681,1566,1566
7688,7688,7682,7682,7682,1566,1566
7689,7689,7683,7683,7683,1566,1566
7690,7690,7684,7684,7684,1566,1566
7691,7691,7685,7685,7685,1566,1566
7692,7692,7686,7686,7686,1566,1566
7693,7693,7687,7687,7687,1566,1566
7694,7694,7688,7688,7688,1566,1566
7695,7695,7689,7689,7689,1566,1566
7696,7696,7690,7690,7690,1566,1566
7697,7697,7691,7691,7691,1566,1566
7698,7698,7692,7692,7692,1566,1566
7699,7699,7693,7693,7693,1566,1566
7700,7700,7694,7694,7694,1566,1566
7701,7701,7695,7695,7695,1566,1566
7702,7702,7696,7696,7696,1566,1566
7703,7703,7697,7697,7697,1566,1566
7704,7704,7698,7698,7698,1566,1566
7705,7705,7699,7699,7699,1566,1566
7706,7706,7700,7700,7700,1566,1566
7707,7707,7701,7701,7701,1566,1566
7708,7708,7702,7702,7702,1566,1566
7709,7709,7703,7703,7703,1566,1566
7710,7710,7704,7704,7704,1566,1566
7704,7710,7705,7704,7705,1566,1566
7705,7710,7706,7704,7706,1566,1566
7703,7710,7707,7704,7707,1566,1566
7704,7710,7708,7704,7708,1566,1566
7705,7710,7709,7704,7709,1566,1566
7706,7710,7710,7704,7710,1566,1566
7707,7710,7711,7704,7711,1566,1566
7707,7710,7712,7704,7712,1566,1566
7706,7710,7713,7704,7713,1566,1566
7707,7710,7714,7704,7714,1566,1566
7708,7710,7715,7704,7715,1566,1566
7709,7710,7716,7704,7716,1566,1566
7710,7710,7717,7704,7717,1566,1566
7711,7711,7718,7718,7718,1566,1566
7712,7712,7719,7719,7719,1566,1566
7713,7713,7720,7720,7720,1566,1566
7714,7714,7721,7721,7721,1566,1566
7715,7715,7722,7722,7722,1566,1566
7713,7715,7723,7722,7723,1566,1566
7714,7715,7724,7722,7724,1566,1566
7714,7715,7725,7722,7725,1566,1566
7715,7715,7726,7722,7726,1566,1566
7716,7716,7727,7727,7727,1566,1566
7717,7717,7728,7728,7728,1566,1566
7718,7718,7729,7729,7729,1566,1566
7719,7719,7730,7730,7730,1566,1566
7720,7720,7731,7731,7731,1566,1566
7721,7721,7732,7732,7732,1566,1566
7722,7722,7733,7733,7733,1566,1566
7722,7722,7734,7733,7734,1566,1566
7720,7722,7735,7733,7735,1566,1566
7721,7722,7736,7733,7736,1566,1566
7720,7722,7737,7733,7737,1566,1566
7721,7722,7738,7733,7738,1566,1566
7722,7722,7739,7733,7739,1566,1566
7723,7723,7740,7740,7740,1566,1566
7724,7724,7741,7741,7741,1566,1566
7725,7725,7742,7742,7742,1566,1566
7726,7726,7743,7743,7743,1566,1566
7727,7727,7744,7744,7744,1566,1566
7728,7728,7745,7745,7745,1566,1566
7726,7728,7746,7745,7746,1566,1565
7727,7728,7747,7745,7747,1566,1565
7728,7728,7748,7745,7748,1566,1565
7729,7729,7749,7749,7749,1566,1565
7730,7730,7750,7750,7750,1566,1565
7731,7731,7751,7751,7751,1566,1565
7732,7732,7752,7752,7752,1566,1565
7733,7733,7753,7753,7753,1566,1565
7734,7734,7754,7754,7754,1566,1565
7735,7735,7755,7755,7755,1566,1565
7736,7736,7756,7756,7756,1566,1565
7735,7736,7757,7756,7757,1566,1565
7736,7736,7758,7756,7758,1566,1565
7732,7736,7759,7756,7759,1566,1565
7733,7736,7760,7756,7760,1566,1565
7734,7736,7761,7756,7761,1566,1565
7735,7736,7762,7756,7762,1566,1565
7736,7736,7763,7756,7763,1566,1565
7737,7737,7764,7764,7764,1566,1565
7738,7738,7765,7765,7765,1566,1565
7739,7739,7766,7766,7766,1566,1565
7740,7740,7767,7767,7767,1566,1565
7741,7741,7768,7768,7768,1566,1565
7742,7742,7769,7769,7769,1566,1565
7743,7743,7770,7770,7770,1566,1565
7744,7744,7771,7771,7771,1566,1565
7745,7745,7772,7772,7772,1566,1565
7746,7746,7773,7773,7773,1566,1565
7747,7747,7774,7774,7774,1566,1565
7744,7747,7775,7774,7775,1566,1565
7745,7747,7776,7774,7776,1566,1565
7746,7747,7777,7774,7777,1566,1565
7747,7747,7778,7774,7778,1566,1565
7748,7748,7779,7779,7779,1566,1565
7749,7749,7780,7780,7780,1566,1565
7750,7750,7781,7781,7781,1566,1565
7748,7750,7782,7781,7782,1566,1565
7749,7750,7783,7781,7783,1566,1565
7750,7750,7784,7781,7784,1566,1565
7751,7751,7785,7785,7785,1566,1565
7752,7752,7786,7786,7786,1566,1565
7753,7753,7787,7787,7787,1566,1565
7752,7753,7788,7787,7788,1566,1565
7753,7753,7789,7787,7789,1566,1565
7754,7754,7790,7790,7790,1566,1565
7750,7754,7791,7790,7791,1566,1565
7748,7754,7792,7790,7792,1566,1565
7749,7754,7793,7790,7793,1566,1565
7750,7754,7794,7790,7794,1566,1565
7751,7754,7795,7790,7795,1566,1565
7752,7754,7796,7790,7796,1566,1565
7753,7754,7797,7790,7797,1566,1565
7754,7754,7798,7790,7798,1566,1565
7755,7755,7799,7799,7799,1566,1565
7756,7756,7800,7800,7800,1566,1565
7758,7758,7801,7801,7801,1566,1566
7759,7759,7802,7802,7802,1566,1566
7760,7760,7803,7803,7803,1566,1566
7761,7761,7804,7804,7804,1566,1566
7762,7762,7805,7805,7805,1566,1566
7764,7764,7806,7806,7806,1567,1567
7765,7765,7807,7807,7807,1567,1567
7766,7766,7808,7808,7808,1567,1567
7767,7767,7809,7809,7809,1567,1567
7768,7768,7810,7810,7810,1567,1567
7769,7769,7811,7811,7811,1567,1567
7770,7770,7812,7812,7812,1567,1567
7771,7771,7813,7813,7813,1567,1567
7772,7772,7814,7814,7814,1567,1567
7773,7773,7815,7815,7815,1567,1567
7774,7774,7816,7816,7816,1567,1567
7775,7775,7817,7817,7817,1567,1567
7776,7776,7818,7818,7818,1567,1567
7772,7776,7819,7818,7819,1567,1566
7773,7776,7820,7818,7820,1567,1566
7774,7776,7821,7818,7821,1567,1566
7775,7776,7822,7818,7822,1567,1566
7774,7776,7823,7818,7823,1567,1566
7775,7776,7824,7818,7824,1567,1566
7776,7776,7825,7818,7825,1567,1566
7777,7777,7826,7826,7826,1567,1566
7778,7778,7827,7827,7827,1567,1566
7779,7779,7828,7828,7828,1567,1566
7780,7780,7829,7829,7829,1567,1566
7781,7781,7830,7830,7830,1567,1566
7782,7782,7831,7831,7831,1567,1566
7783,7783,7832,7832,7832,1567,1566
7782,7783,7833,7832,7833,1567,1566
7783,7783,7834,7832,7834,1567,1566
7784,7784,7835,7835,7835,1567,1566
7784,7784,7836,7835,7836,1567,1566
7785,7785,7837,7837,7837,1567,1566
7786,7786,7838,7838,7838,1567,1566
7787,7787,7839,7839,7839,1567,1566
7788,7788,7840,7840,7840,1567,1566
7789,7789,7841,7841,7841,1567,1566
7790,7790,7842,7842,7842,1567,1566
7788,7790,7843,7842,7843,1567,1566
7787,7790,7844,7842,7844,1567,1566
7788,7790,7845,7842,7845,1567,1566
7789,7790,7846,7842,7846,1567,1566
7790,7790,7847,7842,7847,1567,1566
7790,7790,7848,7842,7848,1567,1566
7791,7791,7849,7849,7849,1567,1566
7792,7792,7850,7850,7850,1567,1566
7793,7793,7851,7851,7851,1567,1566
7794,7794,7852,7852,7852,1567,1566
7792,7794,7853,7852,7853,1567,1566
7793,7794,7854,7852,7854,1567,1566
7794,7794,7855,7852,7855,1567,1566
7795,7795,7856,7856,7856,1567,1566
7796,7796,7857,7857,7857,1567,1566
7797,7797,7858,7858,7858,1567,1566
7798,7798,7859,7859,7859,1567,1566
7799,7799,7860,7860,7860,1567,1566
7800,7800,7861,7861,7861,1567,1566
7801,7801,7862,7862,7862,1567,1566
7802,7802,7863,7863,7863,1567,1566
7803,7803,7864,7864,7864,1567,1566
7804,7804,7865,7865,7865,1567,1566
7805,7805,7866,7866,7866,1567,1566
7806,7806,7867,7867,7867,1567,1566
7804,7806,7868,7867,7868,1567,1566
7805,7806,7869,7867,7869,1567,1566
7806,7806,7870,7867,7870,1567,1566
7807,7807,7871,7871,7871,1567,1566
7808,7808,7872,7872,7872,1567,1566
7809,7809,7873,7873,7873,1567,1566
7810,7810,7874,7874,7874,1567,1566
7808,7810,7875,7874,7875,1567,1566
7809,7810,7876,7874,7876,1567,1566
7810,7810,7877,7874,7877,1567,1566
7811,7811,7878,7878,7878,1567,1566
7812,7812,7879,7879,7879,1567,1566
7813,7813,7880,7880,7880,1567,1566
7814,7814,7881,7881,7881,1567,1566
7815,7815,7882,7882,7882,1567,1566
7814,7815,7883,7882,7883,1567,1566
7815,7815,7884,7882,7884,1567,1566
7816,7816,7885,7885,7885,1567,1566
7817,7817,7886,7886,7886,1567,1566
7818,7818,7887,7887,7887,1567,1566
7819,7819,7888,7888,7888,1567,1566
7820,7820,7889,7889,7889,1567,1566
7821,7821,7890,7890,7890,1567,1566
7822,7822,7891,7891,7891,1567,1566
7823,7823,7892,7892,7892,1567,1566
7824,7824,7893,7893,7893,1567,1566
7821,7824,7894,7893,7894,1567,1566
7822,7824,7895,7893,7895,1567,1566
7823,7824,7896,7893,7896,1567,1566
7824,7824,7897,7893,7897,1567,1566
7825,7825,7898,7898,7898,1567,1566
7826,7826,7899,7899,7899,1567,1566
7827,7827,7900,7900,7900,1567,1566
7828,7828,7901,7901,7901,1567,1566
7829,7829,7902,7902,7902,1567,1566
7830,7830,7903,7903,7903,1567,1566
7831,7831,7904,7904,7904,1567,1566
7832,7832,7905,7905,7905,1567,1566
7833,7833,7906,7906,7906,1567,1566
7834,7834,7907,7907,7907,1567,1566
7835,7835,7908,7908,7908,1567,1566
7836,7836,7909,7909,7909,1567,1566
7837,7837,7910,7910,7910,1567,1566
7834,7837,7911,7910,7911,1567,1566
7835,7837,7912,7910,7912,1567,1566
7834,7837,7913,7910,7913,1567,1566
7832,7837,7914,7910,7914,1567,1566
7833,7837,7915,7910,7915,1567,1566
7834,7837,7916,7910,7916,1567,1566
7833,7837,7917,7910,7917,1567,1566
7831,7837,7918,7910,7918,1567,1566
7832,7837,7919,7910,7919,1567,1566
7833,7837,7920,7910,7920,1567,1566
7834,7837,7921,7910,7921,1567,1566
7835,7837,7922,7910,7922,1567,1566
7833,7837,7923,7910,7923,1567,1566
7834,7837,7924,7910,7924,1567,1566
7835,7837,7925,7910,7925,1567,1566
7836,7837,7926,7910,7926,1567,1566
7837,7837,7927,7910,7927,1567,1566
7838,7838,7928,7928,7928,1567,1566
7839,7839,7929,7929,7929,1567,1566
7840,7840,7930,7930,7930,1567,1566
7841,7841,7931,7931,7931,1567,1566
7838,7841,7932,7931,7932,1567,1566
7839,7841,7933,7931,7933,1567,1566
7840,7841,7934,7931,7934,1567,1566
7841,7841,7935,7931,7935,1567,1566
7842,7842,7936,7936,7936,1567,1566
7843,7843,7937,7937,7937,1567,1566
7841,7843,7938,7937,7938,1567,1566
7838,7843,7939,7937,7939,1567,1566
7839,7843,7940,7937,7940,1567,1566
7838,7843,7941,7937,7941,1567,1565
7839,7843,7942,7937,7942,1567,1565
7840,7843,7943,7937,7943,1567,1565
7841,7843,7944,7937,7944,1567,1565
7842,7843,7945,7937,7945,1567,1565
7840,7843,7946,7937,7946,1567,1564
7841,7843,7947,7937,7947,1567,1564
7842,7843,7948,7937,7948,1567,1564
7842,7843,7949,7937,7949,1567,1564
7843,7843,7950,7937,7950,1567,1564
7844,7844,7951,7951,7951,1567,1564
7845,7845,7952,7952,7952,1567,1564
7846,7846,7953,7953,7953,1567,1564
7843,7846,7954,7953,7954,1567,1564
7844,7846,7955,7953,7955,1567,1564
7842,7846,7956,7953,7956,1567,1564
7843,7846,7957,7953,7957,1567,1564
7841,7846,7958,7953,7958,1567,1564
7842,7846,7959,7953,7959,1567,1564
7843,7846,7960,7953,7960,1567,1564
7842,7846,7961,7953,7961,1567,1564
7843,7846,7962,7953,7962,1567,1564
7844,7846,7963,7953,7963,1567,1564
7845,7846,7964,7953,7964,1567,1564
7846,7846,7965,7953,7965,1567,1564
7846,7846,7966,7953,7966,1567,1564
7847,7847,7967,7967,7967,1567,1564
7848,7848,7968,7968,7968,1567,1564
7849,7849,7969,7969,7969,1567,1564
7847,7849,7970,7969,7970,1567,1564
7848,7849,7971,7969,7971,1567,1564
7846,7849,7972,7969,7972,1567,1564
7847,7849,7973,7969,7973,1567,1564
7848,7849,7974,7969,7974,1567,1564
7849,7849,7975,7969,7975,1567,1564
7850,7850,7976,7976,7976,1567,1564
7851,7851,7977,7977,7977,1567,1564
7852,7852,7978,7978,7978,1567,1564
7853,7853,7979,7979,7979,1567,1564
7854,7854,7980,7980,7980,1567,1564
7855,7855,7981,7981,7981,1567,1564
7856,7856,7982,7982,7982,1567,1564
7857,7857,7983,7983,7983,1567,1564
7858,7858,7984,7984,7984,1567,1564
7856,7858,7985,7984,7985,1567,1564
7857,7858,7986,7984,7986,1567,1564
7858,7858,7987,7984,7987,1567,1564
7859,7859,7988,7988,7988,1567,1564
7860,7860,7989,7989,7989,1567,1564
7861,7861,7990,7990,7990,1567,1564
7862,7862,7991,7991,7991,1567,1564
7863,7863,7992,7992,7992,1567,1564
7864,7864,7993,7993,7993,1567,1564
7862,7864,7994,7993,7994,1567,1564
7863,7864,7995,7993,7995,1567,1564
7862,7864,7996,7993,7996,1567,1564
7863,7864,7997,7993,7997,1567,1564
7863,7864,7998,7993,7998,1567,1564
7864,7864,7999,7993,7999,1567,1564
7865,7865,8000,8000,8000,1567,1564
7866,7866,8001,8001,8001,1567,1564
7867,7867,8002,8002,8002,1567,1564
7868,7868,8003,8003,8003,1567,1564
7865,7868,8004,8003,8004,1567,1564
7866,7868,8005,8003,8005,1567,1564
7867,7868,8006,8003,8006,1567,1564
7868,7868,8007,8003,8007,1567,1564
7869,7869,8008,8008,8008,1567,1564
7870,7870,8009,8009,8009,1567,1564
7871,7871,8010,8010,8010,1567,1564
7872,7872,8011,8011,8011,1567,1564
7873,7873,8012,8012,8012,1567,1564
7872,7873,8013,8012,8013,1567,1564
7873,7873,8014,8012,8014,1567,1564
7874,7874,8015,8015,8015,1567,1564
7875,7875,8016,8016,8016,1567,1564
7876,7876,8017,8017,8017,1567,1564
7875,7876,8018,8017,8018,1567,1564
7876,7876,8019,8017,8019,1567,1564
7877,7877,8020,8020,8020,1567,1564
7878,7878,8021,8021,8021,1567,1564
7879,7879,8022,8022,8022,1567,1564
7879,7879,8023,8022,8023,1567,1564
7880,7880,8024,8024,8024,1567,1564
7875,7880,8025,8024,8025,1567,1564
7876,7880,8026,8024,8026,1567,1564
7877,7880,8027,8024,8027,1567,1564
7875,7880,8028,8024,8028,1567,1564
7876,7880,8029,8024,8029,1567,1564
7877,7880,8030,8024,8030,1567,1564
7876,7880,8031,8024,8031,1567,1564
7877,7880,8032,8024,8032,1567,1564
7878,7880,8033,8024,8033,1567,1564
7879,7880,8034,8024,8034,1567,1564
7878,7880,8035,8024,8035,1567,1564
7874,7880,8036,8024,8036,1567,1564
7872,7880,8037,8024,8037,1567,1564
7873,7880,8038,8024,8038,1567,1564
7874,7880,8039,8024,8039,1567,1564
7875,7880,8040,8024,8040,1567,1564
7876,7880,8041,8024,8041,1567,1564
7874,7880,8042,8024,8042,1567,1564
7875,7880,8043,8024,8043,1567,1564
7875,7880,8044,8024,8044,1567,1564
7876,7880,8045,8024,8045,1567,1564
7877,7880,8046,8024,8046,1567,1564
7878,7880,8047,8024,8047,1567,1564
7879,7880,8048,8024,8048,1567,1564
7880,7880,8049,8024,8049,1567,1564
7881,7881,8050,8050,8050,1567,1564
7880,7881,8051,8050,8051,1567,1564
7881,7881,8052,8050,8052,1567,1564
7882,7882,8053,8053,8053,1567,1564
7883,7883,8054,8054,8054,1567,1564
7880,7883,8055,8054,8055,1567,1564
7881,7883,8056,8054,8056,1567,1564
7882,7883,8057,8054,8057,1567,1564
7879,7883,8058,8054,8058,1567,1564
7880,7883,8059,8054,8059,1567,1564
7881,7883,8060,8054,8060,1567,1564
7882,7883,8061,8054,8061,1567,1564
7879,7883,8062,8054,8062,1567,1564
7880,7883,8063,8054,8063,1567,1564
7881,7883,8064,8054,8064,1567,1564
7882,7883,8065,8054,8065,1567,1564
7880,7883,8066,8054,8066,1567,1564
7881,7883,8067,8054,8067,1567,1564
7882,7883,8068,8054,8068,1567,1564
7881,7883,8069,8054,8069,1567,1564
7880,7883,8070,8054,8070,1567,1564
7881,7883,8071,8054,8071,1567,1564
7882,7883,8072,8054,8072,1567,1564
7879,7883,8073,8054,8073,1567,1564
7880,7883,8074,8054,8074,1567,1564
7881,7883,8075,8054,8075,1567,1564
7882,7883,8076,8054,8076,1567,1564
7884,7884,8077,8077,8077,1567,1565
7885,7885,8078,8078,8078,1567,1565
7886,7886,8079,8079,8079,1567,1565
7885,7886,8080,8079,8080,1567,1565
7882,7886,8081,8079,8081,1567,1565
7883,7886,8082,8079,8082,1567,1565
7884,7886,8083,8079,8083,1567,1565
7885,7886,8084,8079,8084,1567,1565
7886,7886,8085,8079,8085,1567,1565
7885,7886,8086,8079,8086,1567,1565
7886,7886,8087,8079,8087,1567,1565
7887,7887,8088,8088,8088,1567,1565
7885,7887,8089,8088,8089,1567,1565
7886,7887,8090,8088,8090,1567,1565
7887,7887,8091,8088,8091,1567,1565
7885,7887,8092,8088,8092,1567,1565
7886,7887,8093,8088,8093,1567,1565
7887,7887,8094,8088,8094,1567,1565
7885,7887,8095,8088,8095,1567,1565
7886,7887,8096,8088,8096,1567,1565
7887,7887,8097,8088,8097,1567,1565
7887,7887,8098,8088,8098,1567,1565
7888,7888,8099,8099,8099,1567,1565
7889,7889,8100,8100,8100,1567,1565
7890,7890,8101,8101,8101,1567,1565
7889,7890,8102,8101,8102,1567,1565
7890,7890,8103,8101,8103,1567,1565
7891,7891,8104,8104,8104,1567,1565
7892,7892,8105,8105,8105,1567,1565
7893,7893,8106,8106,8106,1567,1565
7891,7893,8107,8106,8107,1567,1565
7892,7893,8108,8106,8108,1567,1565
7893,7893,8109,8106,8109,1567,1565
7894,7894,8110,8110,8110,1567,1565
7895,7895,8111,8111,8111,1567,1565
7896,7896,8112,8112,8112,1567,1565
7896,7896,8113,8112,8113,1567,1565
7897,7897,8114,8114,8114,1567,1565
7898,7898,8115,8115,8115,1567,1565
7899,7899,8116,8116,8116,1567,1565
7900,7900,8117,8117,8117,1567,1565
7898,7900,8118,8117,8118,1567,1565
7898,7900,8119,8117,8119,1567,1565
7899,7900,8120,8117,8120,1567,1565
7900,7900,8121,8117,8121,1567,1565
7901,7901,8122,8122,8122,1567,1565
7902,7902,8123,8123,8123,1567,1565
7903,7903,8124,8124,8124,1567,1565
7904,7904,8125,8125,8125,1567,1565
7905,7905,8126,8126,8126,1567,1565
7903,7905,8127,8126,8127,1567,1565
7902,7905,8128,8126,8128,1567,1565
7903,7905,8129,8126,8129,1567,1565
7904,7905,8130,8126,8130,1567,1565
7905,7905,8131,8126,8131,1567,1565
7906,7906,8132,8132,8132,1567,1565
7907,7907,8133,8133,8133,1567,1565
7908,7908,8134,8134,8134,1567,1565
7909,7909,8135,8135,8135,1567,1565
7910,7910,8136,8136,8136,1567,1565
7911,7911,8137,8137,8137,1567,1565
7912,7912,8138,8138,8138,1567,1565
7913,7913,8139,8139,8139,1567,1565
7908,7913,8140,8139,8140,1567,1565
7909,7913,8141,8139,8141,1567,1565
7910,7913,8142,8139,8142,1567,1565
7911,7913,8143,8139,8143,1567,1565
7912,7913,8144,8139,8144,1567,1565
7913,7913,8145,8139,8145,1567,1565
7914,7914,8146,8146,8146,1567,1565
7915,7915,8147,8147,8147,1567,1565
7916,7916,8148,8148,8148,1567,1565
7917,7917,8149,8149,8149,1567,1565
7916,7917,8150,8149,8150,1567,1565
7917,7917,8151,8149,8151,1567,1565
7918,7918,8152,8152,8152,1567,1565
7919,7919,8153,8153,8153,1567,1565
7920,7920,8154,8154,8154,1567,1565
7921,7921,8155,8155,8155,1567,1565
7922,7922,8156,8156,8156,1567,1565
7923,7923,8157,8157,8157,1567,1565
7923,7923,8158,8157,8158,1567,1565
7923,7923,8159,8157,8159,1567,1565
7924,7924,8160,8160,8160,1567,1565
7925,7925,8161,8161,8161,1567,1565
7923,7925,8162,8161,8162,1567,1565
7923,7925,8163,8161,8163,1567,1565
7924,7925,8164,8161,8164,1567,1565
7925,7925,8165,8161,8165,1567,1565
7926,7926,8166,8166,8166,1567,1565
7927,7927,8167,8167,8167,1567,1565
7928,7928,8168,8168,8168,1567,1565
7929,7929,8169,8169,8169,1567,1565
7930,7930,8170,8170,8170,1567,1565
7931,7931,8171,8171,8171,1567,1565
7932,7932,8172,8172,8172,1567,1565
7932,7932,8173,8172,8173,1567,1565
7933,7933,8174,8174,8174,1567,1565
7931,7933,8175,8174,8175,1567,1565
7932,7933,8176,8174,8176,1567,1565
7932,7933,8177,8174,8177,1567,1565
7933,7933,8178,8174,8178,1567,1565
7934,7934,8179,8179,8179,1567,1565
7935,7935,8180,8180,8180,1567,1565
7936,7936,8181,8181,8181,1567,1565
7937,7937,8182,8182,8182,1567,1565
7938,7938,8183,8183,8183,1567,1565
7939,7939,8184,8184,8184,1567,1565
7940,7940,8185,8185,8185,1567,1565
7936,7940,8186,8185,8186,1567,1565
7937,7940,8187,8185,8187,1567,1565
7938,7940,8188,8185,8188,1567,1565
7934,7940,8189,8185,8189,1567,1565
7935,7940,8190,8185,8190,1567,1565
7936,7940,8191,8185,8191,1567,1565
7937,7940,8192,8185,8192,1567,1565
7938,7940,8193,8185,8193,1567,1565
7939,7940,8194,8185,8194,1567,1565
7940,7940,8195,8185,8195,1567,1565
7941,7941,8196,8196,8196,1567,1565
7937,7941,8197,8196,8197,1567,1565
7932,7941,8198,8196,8198,1567,1565
7933,7941,8199,8196,8199,1567,1565
7934,7941,8200,8196,8200,1567,1565
7935,7941,8201,8196,8201,1567,1565
7936,7941,8202,8196,8202,1567,1565
7937,7941,8203,8196,8203,1567,1565
7938,7941,8204,8196,8204,1567,1565
7939,7941,8205,8196,8205,1567,1565
7940,7941,8206,8196,8206,1567,1565
7941,7941,8207,8196,8207,1567,1565
7942,7942,8208,8208,8208,1567,1565
7943,7943,8209,8209,8209,1567,1565
7944,7944,8210,8210,8210,1567,1565
7945,7945,8211,8211,8211,1567,1565
7946,7946,8212,8212,8212,1567,1565
7947,7947,8213,8213,8213,1567,1565
7948,7948,8214,8214,8214,1567,1565
7949,7949,8215,8215,8215,1567,1565
7950,7950,8216,8216,8216,1567,1565
7951,7951,8217,8217,8217,1567,1565
7952,7952,8218,8218,8218,1567,1565
7952,7952,8219,8218,8219,1567,1565
7953,7953,8220,8220,8220,1567,1565
7954,7954,8221,8221,8221,1567,1565
7955,7955,8222,8222,8222,1567,1565
7953,7955,8223,8222,8223,1567,1565
7954,7955,8224,8222,8224,1567,1565
7955,7955,8225,8222,8225,1567,1565
7956,7956,8226,8226,8226,1567,1565
7957,7957,8227,8227,8227,1567,1565
7958,7958,8228,8228,8228,1567,1565
7959,7959,8229,8229,8229,1567,1565
7960,7960,8230,8230,8230,1567,1565
7961,7961,8231,8231,8231,1567,1565
7962,7962,8232,8232,8232,1567,1565
7961,7962,8233,8232,8233,1567,1565
7958,7962,8234,8232,8234,1567,1565
7959,7962,8235,8232,8235,1567,1565
7960,7962,8236,8232,8236,1567,1565
7961,7962,8237,8232,8237,1567,1565
7962,7962,8238,8232,8238,1567,1565
7963,7963,8239,8239,8239,1567,1565
7964,7964,8240,8240,8240,1567,1565
7965,7965,8241,8241,8241,1567,1565
7966,7966,8242,8242,8242,1567,1565
7967,7967,8243,8243,8243,1567,1565
7968,7968,8244,8244,8244,1567,1565
7969,7969,8245,8245,8245,1567,1565
7970,7970,8246,8246,8246,1567,1565
7971,7971,8247,8247,8247,1567,1565
7971,7971,8248,8247,8248,1567,1565
7972,7972,8249,8249,8249,1567,1565
7973,7973,8250,8250,8250,1567,1565
7974,7974,8251,8251,8251,1567,1565
7975,7975,8252,8252,8252,1567,1565
7974,7975,8253,8252,8253,1567,1565
7975,7975,8254,8252,8254,1567,1565
7976,7976,8255,8255,8255,1567,1565
7977,7977,8256,8256,8256,1567,1565
7975,7977,8257,8256,8257,1567,1565
7976,7977,8258,8256,8258,1567,1565
7977,7977,8259,8256,8259,1567,1565
7978,7978,8260,8260,8260,1567,1565
7979,7979,8261,8261,8261,1567,1565
7978,7979,8262,8261,8262,1567,1565
7977,7979,8263,8261,8263,1567,1565
7978,7979,8264,8261,8264,1567,1565
7979,7979,8265,8261,8265,1567,1565
7980,7980,8266,8266,8266,1567,1565
7981,7981,8267,8267,8267,1567,1565
7982,7982,8268,8268,8268,1567,1565
7983,7983,8269,8269,8269,1567,1565
7983,7983,8270,8269,8270,1567,1565
7984,7984,8271,8271,8271,1567,1565
7985,7985,8272,8272,8272,1567,1565
7986,7986,8273,8273,8273,1567,1565
7987,7987,8274,8274,8274,1567,1565
7988,7988,8275,8275,8275,1567,1565
7989,7989,8276,8276,8276,1567,1565
7989,7989,8277,8276,8277,1567,1565
7990,7990,8278,8278,8278,1567,1565
7991,7991,8279,8279,8279,1567,1565
7992,7992,8280,8280,8280,1567,1565
7993,7993,8281,8281,8281,1567,1565
7994,7994,8282,8282,8282,1567,1565
7990,7994,8283,8282,8283,1567,1565
7991,7994,8284,8282,8284,1567,1565
7992,7994,8285,8282,8285,1567,1565
7993,7994,8286,8282,8286,1567,1565
7994,7994,8287,8282,8287,1567,1565
7992,7994,8288,8282,8288,1567,1565
7993,7994,8289,8282,8289,1567,1565
7994,7994,8290,8282,8290,1567,1565
7995,7995,8291,8291,8291,1567,1565
7996,7996,8292,8292,8292,1567,1565
7997,7997,8293,8293,8293,1567,1565
7998,7998,8294,8294,8294,1567,1565
7999,7999,8295,8295,8295,1567,1565
7997,7999,8296,8295,8296,1567,1565
7998,7999,8297,8295,8297,1567,1565
7999,7999,8298,8295,8298,1567,1565
8000,8000,8299,8299,8299,1567,1565
8001,8001,8300,8300,8300,1567,1565
8002,8002,8301,8301,8301,1567,1565
8003,8003,8302,8302,8302,1567,1565
8004,8004,8303,8303,8303,1567,1565
8003,8004,8304,8303,8304,1567,1565
8004,8004,8305,8303,8305,1567,1565
8005,8005,8306,8306,8306,1567,1565
8006,8006,8307,8307,8307,1567,1565
8007,8007,8308,8308,8308,1567,1565
8008,8008,8309,8309,8309,1567,1565
8009,8009,8310,8310,8310,1567,1565
8010,8010,8311,8311,8311,1567,1565
8005,8010,8312,8311,8312,1567,1565
8006,8010,8313,8311,8313,1567,1565
8007,8010,8314,8311,8314,1567,1565
8008,8010,8315,8311,8315,1567,1565
8009,8010,8316,8311,8316,1567,1565
8008,8010,8317,8311,8317,1567,1565
8009,8010,8318,8311,8318,1567,1565
8010,8010,8319,8311,8319,1567,1565
8006,8010,8320,8311,8320,1567,1565
8007,8010,8321,8311,8321,1567,1565
8008,8010,8322,8311,8322,1567,1565
8009,8010,8323,8311,8323,1567,1565
8010,8010,8324,8311,8324,1567,1565
8011,8011,8325,8325,8325,1567,1565
8009,8011,8326,8325,8326,1567,1565
8010,8011,8327,8325,8327,1567,1565
8011,8011,8328,8325,8328,1567,1565
8012,8012,8329,8329,8329,1567,1565
8013,8013,8330,8330,8330,1567,1565
8014,8014,8331,8331,8331,1567,1565
8015,8015,8332,8332,8332,1567,1565
8013,8015,8333,8332,8333,1567,1565
8014,8015,8334,8332,8334,1567,1565
8015,8015,8335,8332,8335,1567,1565
8016,8016,8336,8336,8336,1567,1565
8017,8017,8337,8337,8337,1567,1565
8014,8017,8338,8337,8338,1567,1565
8015,8017,8339,8337,8339,1567,1565
8015,8017,8340,8337,8340,1567,1565
8016,8017,8341,8337,8341,1567,1565
8017,8017,8342,8337,8342,1567,1565
8018,8018,8343,8343,8343,1567,1565
8017,8018,8344,8343,8344,1567,1565
8018,8018,8345,8343,8345,1567,1565
8019,8019,8346,8346,8346,1567,1565
8018,8019,8347,8346,8347,1567,1565
8019,8019,8348,8346,8348,1567,1565
8020,8020,8349,8349,8349,1567,1565
8021,8021,8350,8350,8350,1567,1565
8022,8022,8351,8351,8351,1567,1565
8023,8023,8352,8352,8352,1567,1565
8024,8024,8353,8353,8353,1567,1565
8025,8025,8354,8354,8354,1567,1565
8026,8026,8355,8355,8355,1567,1565
8027,8027,8356,8356,8356,1567,1565
8028,8028,8357,8357,8357,1567,1565
8029,8029,8358,8358,8358,1567,1565
8030,8030,8359,8359,8359,1567,1565
8029,8030,8360,8359,8360,1567,1565
8030,8030,8361,8359,8361,1567,1565
8031,8031,8362,8362,8362,1567,1565
8032,8032,8363,8363,8363,1567,1565
8033,8033,8364,8364,8364,1567,1565
8030,8033,8365,8364,8365,1567,1565
8029,8033,8366,8364,8366,1567,1565
8030,8033,8367,8364,8367,1567,1565
8031,8033,8368,8364,8368,1567,1565
8029,8033,8369,8364,8369,1567,1565
8030,8033,8370,8364,8370,1567,1565
8031,8033,8371,8364,8371,1567,1565
8032,8033,8372,8364,8372,1567,1565
8033,8033,8373,8364,8373,1567,1565
8034,8034,8374,8374,8374,1567,1565
8035,8035,8375,8375,8375,1567,1565
8031,8035,8376,8375,8376,1567,1565
8032,8035,8377,8375,8377,1567,1565
8033,8035,8378,8375,8378,1567,1565
8034,8035,8379,8375,8379,1567,1565
8035,8035,8380,8375,8380,1567,1565
8036,8036,8381,8381,8381,1567,1565
8037,8037,8382,8382,8382,1567,1565
8038,8038,8383,8383,8383,1567,1565
8036,8038,8384,8383,8384,1567,1565
8037,8038,8385,8383,8385,1567,1565
8038,8038,8386,8383,8386,1567,1565
8038,8038,8387,8383,8387,1567,1565
8039,8039,8388,8388,8388,1567,1565
8040,8040,8389,8389,8389,1567,1565
8041,8041,8390,8390,8390,1567,1565
8041,8041,8391,8390,8391,1567,1565
8038,8041,8392,8390,8392,1567,1564
8039,8041,8393,8390,8393,1567,1564
8040,8041,8394,8390,8394,1567,1564
8041,8041,8395,8390,8395,1567,1564
8042,8042,8396,8396,8396,1567,1564
8043,8043,8397,8397,8397,1567,1564
8044,8044,8398,8398,8398,1567,1564
8045,8045,8399,8399,8399,1567,1564
8046,8046,8400,8400,8400,1567,1564
8045,8046,8401,8400,8401,1567,1564
8046,8046,8402,8400,8402,1567,1564
8044,8046,8403,8400,8403,1567,1564
8045,8046,8404,8400,8404,1567,1564
8046,8046,8405,8400,8405,1567,1564
8047,8047,8406,8406,8406,1567,1564
8048,8048,8407,8407,8407,1567,1564
8049,8049,8408,8408,8408,1567,1564
8050,8050,8409,8409,8409,1567,1564
8051,8051,8410,8410,8410,1567,1564
8052,8052,8411,8411,8411,1567,1564
8053,8053,8412,8412,8412,1567,1564
8054,8054,8413,8413,8413,1567,1564
8055,8055,8414,8414,8414,1567,1564
8056,8056,8415,8415,8415,1567,1564
8055,8056,8416,8415,8416,1567,1564
8056,8056,8417,8415,8417,1567,1564
8057,8057,8418,8418,8418,1567,1564
8058,8058,8419,8419,8419,1567,1564
8059,8059,8420,8420,8420,1567,1564
8060,8060,8421,8421,8421,1567,1564
8061,8061,8422,8422,8422,1567,1564
8062,8062,8423,8423,8423,1567,1564
8064,8064,8424,8424,8424,1567,1565
8065,8065,8425,8425,8425,1567,1565
8066,8066,8426,8426,8426,1567,1565
8067,8067,8427,8427,8427,1567,1565
8068,8068,8428,8428,8428,1567,1565
8069,8069,8429,8429,8429,1567,1565
8070,8070,8430,8430,8430,1567,1565
8068,8070,8431,8430,8431,1567,1565
8069,8070,8432,8430,8432,1567,1565
8067,8070,8433,8430,8433,1567,1565
8068,8070,8434,8430,8434,1567,1565
8069,8070,8435,8430,8435,1567,1565
8070,8070,8436,8430,8436,1567,1565
8071,8071,8437,8437,8437,1567,1565
8072,8072,8438,8438,8438,1567,1565
8073,8073,8439,8439,8439,1567,1565
8074,8074,8440,8440,8440,1567,1565
8075,8075,8441,8441,8441,1567,1565
8076,8076,8442,8442,8442,1567,1565
8077,8077,8443,8443,8443,1567,1565
8078,8078,8444,8444,8444,1567,1565
8079,8079,8445,8445,8445,1567,1565
8080,8080,8446,8446,8446,1567,1565
8081,8081,8447,8447,8447,1567,1565
8082,8082,8448,8448,8448,1567,1565
8079,8082,8449,8448,8449,1567,1565
8080,8082,8450,8448,8450,1567,1565
8081,8082,8451,8448,8451,1567,1565
8082,8082,8452,8448,8452,1567,1565
8083,8083,8453,8453,8453,1567,1565
8081,8083,8454,8453,8454,1567,1565
8082,8083,8455,8453,8455,1567,1565
8079,8083,8456,8453,8456,1567,1565
8080,8083,8457,8453,8457,1567,1565
8081,8083,8458,8453,8458,1567,1565
8082,8083,8459,8453,8459,1567,1565
8083,8083,8460,8453,8460,1567,1565
8084,8084,8461,8461,8461,1567,1565
8081,8084,8462,8461,8462,1567,1564
8082,8084,8463,8461,8463,1567,1564
8083,8084,8464,8461,8464,1567,1564
8084,8084,8465,8461,8465,1567,1564
8085,8085,8466,8466,8466,1567,1564
8086,8086,8467,8467,8467,1567,1564
8087,8087,8468,8468,8468,1567,1564
8088,8088,8469,8469,8469,1567,1564
8089,8089,8470,8470,8470,1567,1564
8084,8089,8471,8470,8471,1567,1563
8085,8089,8472,8470,8472,1567,1563
8081,8089,8473,8470,8473,1567,1563
8082,8089,8474,8470,8474,1567,1563
8083,8089,8475,8470,8475,1567,1563
8084,8089,8476,8470,8476,1567,1563
8083,8089,8477,8470,8477,1567,1563
8084,8089,8478,8470,8478,1567,1563
8084,8089,8479,8470,8479,1567,1563
8083,8089,8480,8470,8480,1567,1563
8084,8089,8481,8470,8481,1567,1563
8085,8089,8482,8470,8482,1567,1563
8086,8089,8483,8470,8483,1567,1563
8087,8089,8484,8470,8484,1567,1563
8088,8089,8485,8470,8485,1567,1563
8089,8089,8486,8470,8486,1567,1563
8089,8089,8487,8470,8487,1567,1563
8090,8090,8488,8488,8488,1567,1563
8091,8091,8489,8489,8489,1567,1563
8092,8092,8490,8490,8490,1567,1563
8086,8092,8491,8490,8491,1567,1563
8087,8092,8492,8490,8492,1567,1563
8088,8092,8493,8490,8493,1567,1563
8082,8092,8494,8490,8494,1567,1563
8083,8092,8495,8490,8495,1567,1563
8085,8092,8496,8490,8496,1567,1564
8086,8092,8497,8490,8497,1567,1564
8087,8092,8498,8490,8498,1567,1564
8088,8092,8499,8490,8499,1567,1564
8089,8092,8500,8490,8500,1567,1564
8090,8092,8501,8490,8501,1567,1564
8091,8092,8502,8490,8502,1567,1564
8092,8092,8503,8490,8503,1567,1564
8093,8093,8504,8504,8504,1567,1564
8094,8094,8505,8505,8505,1567,1564
8095,8095,8506,8506,8506,1567,1564
8096,8096,8507,8507,8507,1567,1564
8097,8097,8508,8508,8508,1567,1564
8098,8098,8509,8509,8509,1567,1564
8099,8099,8510,8510,8510,1567,1564
8100,8100,8511,8511,8511,1567,1564
8101,8101,8512,8512,8512,1567,1564
8102,8102,8513,8513,8513,1567,1564
8103,8103,8514,8514,8514,1567,1564
8099,8103,8515,8514,8515,1567,1564
8100,8103,8516,8514,8516,1567,1564
8101,8103,8517,8514,8517,1567,1564
8102,8103,8518,8514,8518,1567,1564
8101,8103,8519,8514,8519,1567,1564
8102,8103,8520,8514,8520,1567,1564
8099,8103,8521,8514,8521,1567,1564
8100,8103,8522,8514,8522,1567,1564
8101,8103,8523,8514,8523,1567,1564
8102,8103,8524,8514,8524,1567,1564
8103,8103,8525,8514,8525,1567,1564
8104,8104,8526,8526,8526,1567,1564
8105,8105,8527,8527,8527,1567,1564
8104,8105,8528,8527,8528,1567,1564
8105,8105,8529,8527,8529,1567,1564
8101,8105,8530,8527,8530,1567,1564
8102,8105,8531,8527,8531,1567,1564
8103,8105,8532,8527,8532,1567,1564
8104,8105,8533,8527,8533,1567,1564
8105,8105,8534,8527,8534,1567,1564
8106,8106,8535,8535,8535,1567,1564
8107,8107,8536,8536,8536,1567,1564
8108,8108,8537,8537,8537,1567,1564
8109,8109,8538,8538,8538,1567,1564
8106,8109,8539,8538,8539,1567,1564
8107,8109,8540,8538,8540,1567,1564
8108,8109,8541,8538,8541,1567,1564
8109,8109,8542,8538,8542,1567,1564
8110,8110,8543,8543,8543,1567,1564
8111,8111,8544,8544,8544,1567,1564
8112,8112,8545,8545,8545,1567,1564
8113,8113,8546,8546,8546,1567,1564
8114,8114,8547,8547,8547,1567,1564
8110,8114,8548,8547,8548,1567,1564
8111,8114,8549,8547,8549,1567,1564
8112,8114,8550,8547,8550,1567,1564
8113,8114,8551,8547,8551,1567,1564
8114,8114,8552,8547,8552,1567,1564
8115,8115,8553,8553,8553,1567,1564
8116,8116,8554,8554,8554,1567,1564
8117,8117,8555,8555,8555,1567,1564
8118,8118,8556,8556,8556,1567,1564
8119,8119,8557,8557,8557,1567,1564
8120,8120,8558,8558,8558,1567,1564
8121,8121,8559,8559,8559,1567,1564
8122,8122,8560,8560,8560,1567,1564
8123,8123,8561,8561,8561,1567,1564
8124,8124,8562,8562,8562,1567,1564
8125,8125,8563,8563,8563,1567,1564
8126,8126,8564,8564,8564,1567,1564
8125,8126,8565,8564,8565,1567,1564
8126,8126,8566,8564,8566,1567,1564
8127,8127,8567,8567,8567,1567,1564
8128,8128,8568,8568,8568,1567,1564
8129,8129,8569,8569,8569,1567,1564
8130,8130,8570,8570,8570,1567,1564
8131,8131,8571,8571,8571,1567,1564
8132,8132,8572,8572,8572,1567,1564
8133,8133,8573,8573,8573,1567,1564
8132,8133,8574,8573,8574,1567,1564
8133,8133,8575,8573,8575,1567,1564
8135,8135,8576,8576,8576,1567,1565
8136,8136,8577,8577,8577,1567,1565
8137,8137,8578,8578,8578,1567,1565
8138,8138,8579,8579,8579,1567,1565
8139,8139,8580,8580,8580,1567,1565
8140,8140,8581,8581,8581,1567,1565
8142,8142,8582,8582,8582,1567,1566
8143,8143,8583,8583,8583,1567,1566
8144,8144,8584,8584,8584,1567,1566
8145,8145,8585,8585,8585,1567,1566
8146,8146,8586,8586,8586,1567,1566
8147,8147,8587,8587,8587,1567,1566
8148,8148,8588,8588,8588,1567,1566
8149,8149,8589,8589,8589,1567,1566
8150,8150,8590,8590,8590,1567,1566
8148,8150,8591,8590,8591,1567,1566
8149,8150,8592,8590,8592,1567,1566
8147,8150,8593,8590,8593,1567,1566
8148,8150,8594,8590,8594,1567,1566
8149,8150,8595,8590,8595,1567,1566
8151,8151,8596,8596,8596,1567,1567
8152,8152,8597,8597,8597,1567,1567
8153,8153,8598,8598,8598,1567,1567
8154,8154,8599,8599,8599,1567,1567
8155,8155,8600,8600,8600,1567,1567
8156,8156,8601,8601,8601,1567,1567
8151,8156,8602,8601,8602,1567,1566
8152,8156,8603,8601,8603,1567,1566
8153,8156,8604,8601,8604,1567,1566
8154,8156,8605,8601,8605,1567,1566
8155,8156,8606,8601,8606,1567,1566
8154,8156,8607,8601,8607,1567,1565
8155,8156,8608,8601,8608,1567,1565
8151,8156,8609,8601,8609,1567,1565
8152,8156,8610,8601,8610,1567,1565
8153,8156,8611,8601,8611,1567,1565
8154,8156,8612,8601,8612,1567,1565
8155,8156,8613,8601,8613,1567,1565
8156,8156,8614,8601,8614,1567,1565
8153,8156,8615,8601,8615,1567,1565
8154,8156,8616,8601,8616,1567,1565
8155,8156,8617,8601,8617,1567,1565
8152,8156,8618,8601,8618,1567,1565
8151,8156,8619,8601,8619,1567,1565
8152,8156,8620,8601,8620,1567,1565
8153,8156,8621,8601,8621,1567,1565
8154,8156,8622,8601,8622,1567,1565
8155,8156,8623,8601,8623,1567,1565
8156,8156,8624,8601,8624,1567,1565
8157,8157,8625,8625,8625,1567,1565
8153,8157,8626,8625,8626,1567,1565
8154,8157,8627,8625,8627,1567,1565
8155,8157,8628,8625,8628,1567,1565
8153,8157,8629,8625,8629,1567,1565
8154,8157,8630,8625,8630,1567,1565
8155,8157,8631,8625,8631,1567,1565
8156,8157,8632,8625,8632,1567,1565
8157,8157,8633,8625,8633,1567,1565
8158,8158,8634,8634,8634,1567,1565
8159,8159,8635,8635,8635,1567,1565
8160,8160,8636,8636,8636,1567,1565
8161,8161,8637,8637,8637,1567,1565
8162,8162,8638,8638,8638,1567,1565
8163,8163,8639,8639,8639,1567,1565
8160,8163,8640,8639,8640,1567,1565
8161,8163,8641,8639,8641,1567,1565
8162,8163,8642,8639,8642,1567,1565
8163,8163,8643,8639,8643,1567,1565
8163,8163,8644,8639,8644,1567,1565
8164,8164,8645,8645,8645,1567,1565
8165,8165,8646,8646,8646,1567,1565
8166,8166,8647,8647,8647,1567,1565
8165,8166,8648,8647,8648,1567,1565
8160,8166,8649,8647,8649,1567,1565
8157,8166,8650,8647,8650,1567,1565
8158,8166,8651,8647,8651,1567,1565
8159,8166,8652,8647,8652,1567,1565
8156,8166,8653,8647,8653,1567,1565
8157,8166,8654,8647,8654,1567,1565
8155,8166,8655,8647,8655,1567,1565
8156,8166,8656,8647,8656,1567,1565
8154,8166,8657,8647,8657,1567,1565
8155,8166,8658,8647,8658,1567,1565
8152,8166,8659,8647,8659,1567,1565
8153,8166,8660,8647,8660,1567,1565
8154,8166,8661,8647,8661,1567,1565
8155,8166,8662,8647,8662,1567,1565
8150,8166,8663,8647,8663,1567,1564
8151,8166,8664,8647,8664,1567,1564
8152,8166,8665,8647,8665,1567,1564
8153,8166,8666,8647,8666,1567,1564
8154,8166,8667,8647,8667,1567,1564
8151,8166,8668,8647,8668,1567,1564
8150,8166,8669,8647,8669,1567,1564
8151,8166,8670,8647,8670,1567,1564
8152,8166,8671,8647,8671,1567,1564
8150,8166,8672,8647,8672,1567,1564
8151,8166,8673,8647,8673,1567,1564
8152,8166,8674,8647,8674,1567,1564
8152,8166,8675,8647,8675,1567,1564
8153,8166,8676,8647,8676,1567,1564
8154,8166,8677,8647,8677,1567,1564
8151,8166,8678,8647,8678,1567,1564
8152,8166,8679,8647,8679,1567,1564
8153,8166,8680,8647,8680,1567,1564
8154,8166,8681,8647,8681,1567,1564
8155,8166,8682,8647,8682,1567,1564
8156,8166,8683,8647,8683,1567,1564
8157,8166,8684,8647,8684,1567,1564
8155,8166,8685,8647,8685,1567,1564
8156,8166,8686,8647,8686,1567,1564
8157,8166,8687,8647,8687,1567,1564
8158,8166,8688,8647,8688,1567,1564
8159,8166,8689,8647,8689,1567,1564
8160,8166,8690,8647,8690,1567,1564
8161,8166,8691,8647,8691,1567,1564
8162,8166,8692,8647,8692,1567,1564
8157,8166,8693,8647,8693,1567,1564
8156,8166,8694,8647,8694,1567,1564
8155,8166,8695,8647,8695,1567,1564
8156,8166,8696,8647,8696,1567,1564
8157,8166,8697,8647,8697,1567,1564
8155,8166,8698,8647,8698,1567,1564
8156,8166,8699,8647,8699,1567,1564
8157,8166,8700,8647,8700,1567,1564
8155,8166,8701,8647,8701,1567,1564
8156,8166,8702,8647,8702,1567,1564
8155,8166,8703,8647,8703,1567,1564
8156,8166,8704,8647,8704,1567,1564
8157,8166,8705,8647,8705,1567,1564
8158,8166,8706,8647,8706,1567,1564
8159,8166,8707,8647,8707,1567,1564
8160,8166,8708,8647,8708,1567,1564
8161,8166,8709,8647,8709,1567,1564
8162,8166,8710,8647,8710,1567,1564
8163,8166,8711,8647,8711,1567,1564
8161,8166,8712,8647,8712,1567,1564
8158,8166,8713,8647,8713,1567,1564
8157,8166,8714,8647,8714,1567,1564
8158,8166,8715,8647,8715,1567,1564
8157,8166,8716,8647,8716,1567,1564
8158,8166,8717,8647,8717,1567,1564
8159,8166,8718,8647,8718,1567,1564
8160,8166,8719,8647,8719,1567,1564
8158,8166,8720,8647,8720,1567,1564
8155,8166,8721,8647,8721,1567,1564
8156,8166,8722,8647,8722,1567,1564
8157,8166,8723,8647,8723,1567,1564
8158,8166,8724,8647,8724,1567,1564
8159,8166,8725,8647,8725,1567,1564
8160,8166,8726,8647,8726,1567,1564
8161,8166,8727,8647,8727,1567,1564
8162,8166,8728,8647,8728,1567,1564
8163,8166,8729,8647,8729,1567,1564
8164,8166,8730,8647,8730,1567,1564
8165,8166,8731,8647,8731,1567,1564
8166,8166,8732,8647,8732,1567,1564
8167,8167,8733,8733,8733,1567,1564
8168,8168,8734,8734,8734,1567,1564
8166,8168,8735,8734,8735,1567,1564
8167,8168,8736,8734,8736,1567,1564
8168,8168,8737,8734,8737,1567,1564
8169,8169,8738,8738,8738,1567,1564
8170,8170,8739,8739,8739,1567,1564
8171,8171,8740,8740,8740,1567,1564
8172,8172,8741,8741,8741,1567,1564
8170,8172,8742,8741,8742,1567,1564
8171,8172,8743,8741,8743,1567,1564
8170,8172,8744,8741,8744,1567,1564
8171,8172,8745,8741,8745,1567,1564
8172,8172,8746,8741,8746,1567,1564
8171,8172,8747,8741,8747,1567,1564
8172,8172,8748,8741,8748,1567,1564
8170,8172,8749,8741,8749,1567,1564
8171,8172,8750,8741,8750,1567,1564
8172,8172,8751,8741,8751,1567,1564
8168,8172,8752,8741,8752,1567,1564
8169,8172,8753,8741,8753,1567,1564
8170,8172,8754,8741,8754,1567,1564
8171,8172,8755,8741,8755,1567,1564
8167,8172,8756,8741,8756,1567,1564
8168,8172,8757,8741,8757,1567,1564
8169,8172,8758,8741,8758,1567,1564
8170,8172,8759,8741,8759,1567,1564
8171,8172,8760,8741,8760,1567,1564
8172,8172,8761,8741,8761,1567,1564
8173,8173,8762,8762,8762,1567,1564
8174,8174,8763,8763,8763,1567,1564
8175,8175,8764,8764,8764,1567,1564
8175,8175,8765,8764,8765,1567,1564
8176,8176,8766,8766,8766,1567,1564
8177,8177,8767,8767,8767,1567,1564
8178,8178,8768,8768,8768,1567,1564
8177,8178,8769,8768,8769,1567,1564
8178,8178,8770,8768,8770,1567,1564
8179,8179,8771,8771,8771,1567,1564
8180,8180,8772,8772,8772,1567,1564
8179,8180,8773,8772,8773,1567,1564
8180,8180,8774,8772,8774,1567,1564
8181,8181,8775,8775,8775,1567,1564
8182,8182,8776,8776,8776,1567,1564
8183,8183,8777,8777,8777,1567,1564
8184,8184,8778,8778,8778,1567,1564
8182,8184,8779,8778,8779,1567,1564
8183,8184,8780,8778,8780,1567,1564
8184,8184,8781,8778,8781,1567,1564
8185,8185,8782,8782,8782,1567,1564
8186,8186,8783,8783,8783,1567,1564
8183,8186,8784,8783,8784,1567,1564
8184,8186,8785,8783,8785,1567,1564
8185,8186,8786,8783,8786,1567,1564
8182,8186,8787,8783,8787,1567,1564
8183,8186,8788,8783,8788,1567,1564
8179,8186,8789,8783,8789,1567,1564
8180,8186,8790,8783,8790,1567,1564
8181,8186,8791,8783,8791,1567,1564
8182,8186,8792,8783,8792,1567,1564
8183,8186,8793,8783,8793,1567,1564
8180,8186,8794,8783,8794,1567,1563
8181,8186,8795,8783,8795,1567,1563
8182,8186,8796,8783,8796,1567,1563
8183,8186,8797,8783,8797,1567,1563
8184,8186,8798,8783,8798,1567,1563
8185,8186,8799,8783,8799,1567,1563
8186,8186,8800,8783,8800,1567,1563
8187,8187,8801,8801,8801,1567,1563
8188,8188,8802,8802,8802,1567,1563
8189,8189,8803,8803,8803,1567,1563
8190,8190,8804,8804,8804,1567,1563
8191,8191,8805,8805,8805,1567,1563
8192,8192,8806,8806,8806,1567,1563
8191,8192,8807,8806,8807,1567,1563
8192,8192,8808,8806,8808,1567,1563
8193,8193,8809,8809,8809,1567,1563
8194,8194,8810,8810,8810,1567,1563
8195,8195,8811,8811,8811,1567,1563
8196,8196,8812,8812,8812,1567,1563
8197,8197,8813,8813,8813,1567,1563
8198,8198,8814,8814,8814,1567,1563
8196,8198,8815,8814,8815,1567,1563
8197,8198,8816,8814,8816,1567,1563
8196,8198,8817,8814,8817,1567,1563
8197,8198,8818,8814,8818,1567,1563
8198,8198,8819,8814,8819,1567,1563
8199,8199,8820,8820,8820,1567,1563
8200,8200,8821,8821,8821,1567,1563
8201,8201,8822,8822,8822,1567,1563
8202,8202,8823,8823,8823,1567,1563
8203,8203,8824,8824,8824,1567,1563
8204,8204,8825,8825,8825,1567,1563
8205,8205,8826,8826,8826,1567,1563
8206,8206,8827,8827,8827,1567,1563
8207,8207,8828,8828,8828,1567,1563
8208,8208,8829,8829,8829,1567,1563
8209,8209,8830,8830,8830,1567,1563
8210,8210,8831,8831,8831,1567,1563
8211,8211,8832,8832,8832,1567,1563
8212,8212,8833,8833,8833,1567,1563
8213,8213,8834,8834,8834,1567,1563
8214,8214,8835,8835,8835,1567,1563
8215,8215,8836,8836,8836,1567,1563
8216,8216,8837,8837,8837,1567,1563
8217,8217,8838,8838,8838,1567,1563
8218,8218,8839,8839,8839,1567,1563
8218,8218,8840,8839,8840,1567,1563
8219,8219,8841,8841,8841,1567,1563
8220,8220,8842,8842,8842,1567,1563
8219,8220,8843,8842,8843,1567,1563
8220,8220,8844,8842,8844,1567,1563
8219,8220,8845,8842,8845,1567,1563
8220,8220,8846,8842,8846,1567,1563
8221,8221,8847,8847,8847,1567,1563
8218,8221,8848,8847,8848,1567,1563
8220,8221,8849,8847,8849,1567,1564
8221,8221,8850,8847,8850,1567,1564
8219,8221,8851,8847,8851,1567,1564
8220,8221,8852,8847,8852,1567,1564
8215,8221,8853,8847,8853,1567,1564
8216,8221,8854,8847,8854,1567,1564
8216,8221,8855,8847,8855,1567,1564
8217,8221,8856,8847,8856,1567,1564
8218,8221,8857,8847,8857,1567,1564
8218,8221,8858,8847,8858,1567,1564
8219,8221,8859,8847,8859,1567,1564
8220,8221,8860,8847,8860,1567,1564
8221,8221,8861,8847,8861,1567,1564
8222,8222,8862,8862,8862,1567,1564
8223,8223,8863,8863,8863,1567,1564
8220,8223,8864,8863,8864,1567,1564
8221,8223,8865,8863,8865,1567,1564
8222,8223,8866,8863,8866,1567,1564
8218,8223,8867,8863,8867,1567,1564
8219,8223,8868,8863,8868,1567,1564
8217,8223,8869,8863,8869,1567,1564
8218,8223,8870,8863,8870,1567,1564
8219,8223,8871,8863,8871,1567,1564
8220,8223,8872,8863,8872,1567,1564
8221,8223,8873,8863,8873,1567,1564
8217,8223,8874,8863,8874,1567,1564
8218,8223,8875,8863,8875,1567,1564
8218,8223,8876,8863,8876,1567,1564
8213,8223,8877,8863,8877,1567,1564
8214,8223,8878,8863,8878,1567,1564
8215,8223,8879,8863,8879,1567,1564
8216,8223,8880,8863,8880,1567,1564
8217,8223,8881,8863,8881,1567,1564
8218,8223,8882,8863,8882,1567,1564
8213,8223,8883,8863,8883,1567,1564
8214,8223,8884,8863,8884,1567,1564
8211,8223,8885,8863,8885,1567,1564
8212,8223,8886,8863,8886,1567,1564
8213,8223,8887,8863,8887,1567,1564
8214,8223,8888,8863,8888,1567,1564
8212,8223,8889,8863,8889,1567,1564
8212,8223,8890,8863,8890,1567,1564
8213,8223,8891,8863,8891,1567,1564
8214,8223,8892,8863,8892,1567,1564
8215,8223,8893,8863,8893,1567,1564
8216,8223,8894,8863,8894,1567,1564
8217,8223,8895,8863,8895,1567,1564
8218,8223,8896,8863,8896,1567,1564
8219,8223,8897,8863,8897,1567,1564
8220,8223,8898,8863,8898,1567,1564
8221,8223,8899,8863,8899,1567,1564
8222,8223,8900,8863,8900,1567,1564
8219,8223,8901,8863,8901,1567,1564
8220,8223,8902,8863,8902,1567,1564
8221,8223,8903,8863,8903,1567,1564
8220,8223,8904,8863,8904,1567,1564
8216,8223,8905,8863,8905,1567,1564
8210,8223,8906,8863,8906,1567,1564
8208,8223,8907,8863,8907,1567,1564
8209,8223,8908,8863,8908,1567,1564
8210,8223,8909,8863,8909,1567,1564
8211,8223,8910,8863,8910,1567,1564
8212,8223,8911,8863,8911,1567,1564
8208,8223,8912,8863,8912,1567,1564
8209,8223,8913,8863,8913,1567,1564
8207,8223,8914,8863,8914,1567,1564
8208,8223,8915,8863,8915,1567,1564
8204,8223,8916,8863,8916,1567,1564
8205,8223,8917,8863,8917,1567,1564
8205,8223,8918,8863,8918,1567,1564
8206,8223,8919,8863,8919,1567,1564
8207,8223,8920,8863,8920,1567,1564
8206,8223,8921,8863,8921,1567,1564
8207,8223,8922,8863,8922,1567,1564
8208,8223,8923,8863,8923,1567,1564
8209,8223,8924,8863,8924,1567,1564
8210,8223,8925,8863,8925,1567,1564
8211,8223,8926,8863,8926,1567,1564
8212,8223,8927,8863,8927,1567,1564
8213,8223,8928,8863,8928,1567,1564
8214,8223,8929,8863,8929,1567,1564
8215,8223,8930,8863,8930,1567,1564
8216,8223,8931,8863,8931,1567,1564
8217,8223,8932,8863,8932,1567,1564
8218,8223,8933,8863,8933,1567,1564
8219,8223,8934,8863,8934,1567,1564
8218,8223,8935,8863,8935,1567,1564
8219,8223,8936,8863,8936,1567,1564
8220,8223,8937,8863,8937,1567,1564
8221,8223,8938,8863,8938,1567,1564
8217,8223,8939,8863,8939,1567,1564
8218,8223,8940,8863,8940,1567,1564
8215,8223,8941,8863,8941,1567,1564
8216,8223,8942,8863,8942,1567,1564
8217,8223,8943,8863,8943,1567,1564
8218,8223,8944,8863,8944,1567,1564
8216,8223,8945,8863,8945,1567,1563
8217,8223,8946,8863,8946,1567,1563
8218,8223,8947,8863,8947,1567,1563
8219,8223,8948,8863,8948,1567,1563
8220,8223,8949,8863,8949,1567,1563
8221,8223,8950,8863,8950,1567,1563
8222,8223,8951,8863,8951,1567,1563
8223,8223,8952,8863,8952,1567,1563
8224,8224,8953,8953,8953,1567,1563
8226,8226,8954,8954,8954,1567,1564
8227,8227,8955,8955,8955,1567,1564
8228,8228,8956,8956,8956,1567,1564
8227,8228,8957,8956,8957,1567,1564
8226,8228,8958,8956,8958,1567,1564
8227,8228,8959,8956,8959,1567,1564
8228,8228,8960,8956,8960,1567,1564
8226,8228,8961,8956,8961,1567,1564
8225,8228,8962,8956,8962,1567,1564
8224,8228,8963,8956,8963,1567,1564
8225,8228,8964,8956,8964,1567,1564
8220,8228,8965,8956,8965,1567,1563
8221,8228,8966,8956,8966,1567,1563
8222,8228,8967,8956,8967,1567,1563
8223,8228,8968,8956,8968,1567,1563
8224,8228,8969,8956,8969,1567,1563
8225,8228,8970,8956,8970,1567,1563
8222,8228,8971,8956,8971,1567,1563
8218,8228,8972,8956,8972,1567,1563
8214,8228,8973,8956,8973,1567,1562
8215,8228,8974,8956,8974,1567,1562
8216,8228,8975,8956,8975,1567,1562
8217,8228,8976,8956,8976,1567,1562
8218,8228,8977,8956,8977,1567,1562
8219,8228,8978,8956,8978,1567,1562
8220,8228,8979,8956,8979,1567,1562
8221,8228,8980,8956,8980,1567,1562
8222,8228,8981,8956,8981,1567,1562
8223,8228,8982,8956,8982,1567,1562
8224,8228,8983,8956,8983,1567,1562
8225,8228,8984,8956,8984,1567,1562
8226,8228,8985,8956,8985,1567,1562
8227,8228,8986,8956,8986,1567,1562
8228,8228,8987,8956,8987,1567,1562
8228,8228,8988,8956,8988,1567,1562
8229,8229,8989,8989,8989,1567,1562
8230,8230,8990,8990,8990,1567,1562
8231,8231,8991,8991,8991,1567,1562
8232,8232,8992,8992,8992,1567,1562
8229,8232,8993,8992,8993,1567,1562
8230,8232,8994,8992,8994,1567,1562
8231,8232,8995,8992,8995,1567,1562
8230,8232,8996,8992,8996,1567,1562
8231,8232,8997,8992,8997,1567,1562
8232,8232,8998,8992,8998,1567,1562
8231,8232,8999,8992,8999,1567,1562
8232,8232,9000,8992,9000,1567,1562
8233,8233,9001,9001,9001,1567,1562
8234,8234,9002,9002,9002,1567,1562
8235,8235,9003,9003,9003,1567,1562
8236,8236,9004,9004,9004,1567,1562
8237,8237,9005,9005,9005,1567,1562
8235,8237,9006,9005,9006,1567,1562
8236,8237,9007,9005,9007,1567,1562
8237,8237,9008,9005,9008,1567,1562
8238,8238,9009,9009,9009,1567,1562
8239,8239,9010,9010,9010,1567,1562
8240,8240,9011,9011,9011,1567,1562
8241,8241,9012,9012,9012,1567,1562
8242,8242,9013,9013,9013,1567,1562
8242,8242,9014,9013,9014,1567,1562
8242,8242,9015,9013,9015,1567,1562
8243,8243,9016,9016,9016,1567,1562
8244,8244,9017,9017,9017,1567,1562
8245,8245,9018,9018,9018,1567,1562
8245,8245,9019,9018,9019,1567,1562
8246,8246,9020,9020,9020,1567,1562
8247,8247,9021,9021,9021,1567,1562
8248,8248,9022,9022,9022,1567,1562
8247,8248,9023,9022,9023,1567,1562
8243,8248,9024,9022,9024,1567,1562
8244,8248,9025,9022,9025,1567,1562
8245,8248,9026,9022,9026,1567,1562
8246,8248,9027,9022,9027,1567,1562
8247,8248,9028,9022,9028,1567,1562
8248,8248,9029,9022,9029,1567,1562
8249,8249,9030,9030,9030,1567,1562
8250,8250,9031,9031,9031,1567,1562
8251,8251,9032,9032,9032,1567,1562
8249,8251,9033,9032,9033,1567,1562
8250,8251,9034,9032,9034,1567,1562
8251,8251,9035,9032,9035,1567,1562
8252,8252,9036,9036,9036,1567,1562
8253,8253,9037,9037,9037,1567,1562
8254,8254,9038,9038,9038,1567,1562
8255,8255,9039,9039,9039,1567,1562
8256,8256,9040,9040,9040,1567,1562
8257,8257,9041,9041,9041,1567,1562
8258,8258,9042,9042,9042,1567,1562
8253,8258,9043,9042,9043,1567,1562
8252,8258,9044,9042,9044,1567,1562
8253,8258,9045,9042,9045,1567,1562
8254,8258,9046,9042,9046,1567,1562
8255,8258,9047,9042,9047,1567,1562
8256,8258,9048,9042,9048,1567,1562
8257,8258,9049,9042,9049,1567,1562
8258,8258,9050,9042,9050,1567,1562
8259,8259,9051,9051,9051,1567,1562
8260,8260,9052,9052,9052,1567,1562
8261,8261,9053,9053,9053,1567,1562
8259,8261,9054,9053,9054,1567,1562
8260,8261,9055,9053,9055,1567,1562
8261,8261,9056,9053,9056,1567,1562
8262,8262,9057,9057,9057,1567,1562
8263,8263,9058,9058,9058,1567,1562
8264,8264,9059,9059,9059,1567,1562
8265,8265,9060,9060,9060,1567,1562
8266,8266,9061,9061,9061,1567,1562
8267,8267,9062,9062,9062,1567,1562
8268,8268,9063,9063,9063,1567,1562
8269,8269,9064,9064,9064,1567,1562
8270,8270,9065,9065,9065,1567,1562
8271,8271,9066,9066,9066,1567,1562
8270,8271,9067,9066,9067,1567,1562
8271,8271,9068,9066,9068,1567,1562
8272,8272,9069,9069,9069,1567,1562
8272,8272,9070,9069,9070,1567,1562
8273,8273,9071,9071,9071,1567,1562
8273,8273,9072,9071,9072,1567,1562
8274,8274,9073,9073,9073,1567,1562
8275,8275,9074,9074,9074,1567,1562
8276,8276,9075,9075,9075,1567,1562
8277,8277,9076,9076,9076,1567,1562
8278,8278,9077,9077,9077,1567,1562
8279,8279,9078,9078,9078,1567,1562
8280,8280,9079,9079,9079,1567,1562
8281,8281,9080,9080,9080,1567,1562
8279,8281,9081,9080,9081,1567,1562
8280,8281,9082,9080,9082,1567,1562
8281,8281,9083,9080,9083,1567,1562
8281,8281,9084,9080,9084,1567,1562
8282,8282,9085,9085,9085,1567,1562
8283,8283,9086,9086,9086,1567,1562
8284,8284,9087,9087,9087,1567,1562
8285,8285,9088,9088,9088,1567,1562
8286,8286,9089,9089,9089,1567,1562
8287,8287,9090,9090,9090,1567,1562
8288,8288,9091,9091,9091,1567,1562
8289,8289,9092,9092,9092,1567,1562
8290,8290,9093,9093,9093,1567,1562
8291,8291,9094,9094,9094,1567,1562
8292,8292,9095,9095,9095,1567,1562
8293,8293,9096,9096,9096,1567,1562
8294,8294,9097,9097,9097,1567,1562
8295,8295,9098,9098,9098,1567,1562
8296,8296,9099,9099,9099,1567,1562
8297,8297,9100,9100,9100,1567,1562
8298,8298,9101,9101,9101,1567,1562
8299,8299,9102,9102,9102,1567,1562
8300,8300,9103,9103,9103,1567,1562
8301,8301,9104,9104,9104,1567,1562
8302,8302,9105,9105,9105,1567,1562
8302,8302,9106,9105,9106,1567,1562
8303,8303,9107,9107,9107,1567,1562
8303,8303,9108,9107,9108,1567,1562
8304,8304,9109,9109,9109,1567,1562
8305,8305,9110,9110,9110,1567,1562
8301,8305,9111,9110,9111,1567,1562
8300,8305,9112,9110,9112,1567,1562
8301,8305,9113,9110,9113,1567,1562
8302,8305,9114,9110,9114,1567,1562
8303,8305,9115,9110,9115,1567,1562
8304,8305,9116,9110,9116,1567,1562
8305,8305,9117,9110,9117,1567,1562
8306,8306,9118,9118,9118,1567,1562
8307,8307,9119,9119,9119,1567,1562
8308,8308,9120,9120,9120,1567,1562
8303,8308,9121,9120,9121,1567,1561
8304,8308,9122,9120,9122,1567,1561
8305,8308,9123,9120,9123,1567,1561
8302,8308,9124,9120,9124,1567,1561
8303,8308,9125,9120,9125,1567,1561
8304,8308,9126,9120,9126,1567,1561
8305,8308,9127,9120,9127,1567,1561
8306,8308,9128,9120,9128,1567,1561
8307,8308,9129,9120,9129,1567,1561
8308,8308,9130,9120,9130,1567,1561
8306,8308,9131,9120,9131,1567,1561
8307,8308,9132,9120,9132,1567,1561
8306,8308,9133,9120,9133,1567,1561
8303,8308,9134,9120,9134,1567,1561
8304,8308,9135,9120,9135,1567,1561
8305,8308,9136,9120,9136,1567,1561
8306,8308,9137,9120,9137,1567,1561
8307,8308,9138,9120,9138,1567,1561
8308,8308,9139,9120,9139,1567,1561
8303,8308,9140,9120,9140,1567,1561
8304,8308,9141,9120,9141,1567,1561
8305,8308,9142,9120,9142,1567,1561
8306,8308,9143,9120,9143,1567,1561
8305,8308,9144,9120,9144,1567,1561
8306,8308,9145,9120,9145,1567,1561
8307,8308,9146,9120,9146,1567,1561
8305,8308,9147,9120,9147,1567,1561
8306,8308,9148,9120,9148,1567,1561
8307,8308,9149,9120,9149,1567,1561
8308,8308,9150,9120,9150,1567,1561
8306,8308,9151,9120,9151,1567,1561
8307,8308,9152,9120,9152,1567,1561
8308,8308,9153,9120,9153,1567,1561
8309,8309,9154,9154,9154,1567,1561
8310,8310,9155,9155,9155,1567,1561
8307,8310,9156,9155,9156,1567,1561
8308,8310,9157,9155,9157,1567,1561
8309,8310,9158,9155,9158,1567,1561
8309,8310,9159,9155,9159,1567,1561
8310,8310,9160,9155,9160,1567,1561
8311,8311,9161,9161,9161,1567,1561
8312,8312,9162,9162,9162,1567,1561
8312,8312,9163,9162,9163,1567,1561
8311,8312,9164,9162,9164,1567,1560
8312,8312,9165,9162,9165,1567,1560
8313,8313,9166,9166,9166,1567,1560
8314,8314,9167,9167,9167,1567,1560
8315,8315,9168,9168,9168,1567,1560
8316,8316,9169,9169,9169,1567,1560
8317,8317,9170,9170,9170,1567,1560
8318,8318,9171,9171,9171,1567,1560
8319,8319,9172,9172,9172,1567,1560
8320,8320,9173,9173,9173,1567,1560
8318,8320,9174,9173,9174,1567,1560
8319,8320,9175,9173,9175,1567,1560
8320,8320,9176,9173,9176,1567,1560
8321,8321,9177,9177,9177,1567,1560
8322,8322,9178,9178,9178,1567,1560
8323,8323,9179,9179,9179,1567,1560
8324,8324,9180,9180,9180,1567,1560
8325,8325,9181,9181,9181,1567,1560
8325,8325,9182,9181,9182,1567,1560
8326,8326,9183,9183,9183,1567,1560
8327,8327,9184,9184,9184,1567,1560
8328,8328,9185,9185,9185,1567,1560
8324,8328,9186,9185,9186,1567,1560
8325,8328,9187,9185,9187,1567,1560
8326,8328,9188,9185,9188,1567,1560
8322,8328,9189,9185,9189,1567,1560
8323,8328,9190,9185,9190,1567,1560
8324,8328,9191,9185,9191,1567,1560
8325,8328,9192,9185,9192,1567,1560
8326,8328,9193,9185,9193,1567,1560
8327,8328,9194,9185,9194,1567,1560
8328,8328,9195,9185,9195,1567,1560
8329,8329,9196,9196,9196,1567,1560
8330,8330,9197,9197,9197,1567,1560
8329,8330,9198,9197,9198,1567,1560
8330,8330,9199,9197,9199,1567,1560
8331,8331,9200,9200,9200,1567,1560
8329,8331,9201,9200,9201,1567,1560
8330,8331,9202,9200,9202,1567,1560
8331,8331,9203,9200,9203,1567,1560
8332,8332,9204,9204,9204,1567,1560
8329,8332,9205,9204,9205,1567,1560
8329,8332,9206,9204,9206,1567,1560
8330,8332,9207,9204,9207,1567,1560
8331,8332,9208,9204,9208,1567,1560
8329,8332,9209,9204,9209,1567,1560
8330,8332,9210,9204,9210,1567,1560
8331,8332,9211,9204,9211,1567,1560
8332,8332,9212,9204,9212,1567,1560
8333,8333,9213,9213,9213,1567,1560
8334,8334,9214,9214,9214,1567,1560
8335,8335,9215,9215,9215,1567,1560
8336,8336,9216,9216,9216,1567,1560
8337,8337,9217,9217,9217,1567,1560
8338,8338,9218,9218,9218,1567,1560
8335,8338,9219,9218,9219,1567,1560
8332,8338,9220,9218,9220,1567,1560
8333,8338,9221,9218,9221,1567,1560
8332,8338,9222,9218,9222,1567,1560
8333,8338,9223,9218,9223,1567,1560
8330,8338,9224,9218,9224,1567,1560
8331,8338,9225,9218,9225,1567,1560
8332,8338,9226,9218,9226,1567,1560
8333,8338,9227,9218,9227,1567,1560
8332,8338,9228,9218,9228,1567,1560
8333,8338,9229,9218,9229,1567,1560
8334,8338,9230,9218,9230,1567,1560
8335,8338,9231,9218,9231,1567,1560
8336,8338,9232,9218,9232,1567,1560
8337,8338,9233,9218,9233,1567,1560
8338,8338,9234,9218,9234,1567,1560
8339,8339,9235,9235,9235,1567,1560
8336,8339,9236,9235,9236,1567,1560
8337,8339,9237,9235,9237,1567,1560
8338,8339,9238,9235,9238,1567,1560
8334,8339,9239,9235,9239,1567,1560
8335,8339,9240,9235,9240,1567,1560
8336,8339,9241,9235,9241,1567,1560
8334,8339,9242,9235,9242,1567,1560
8335,8339,9243,9235,9243,1567,1560
8336,8339,9244,9235,9244,1567,1560
8337,8339,9245,9235,9245,1567,1560
8336,8339,9246,9235,9246,1567,1560
8334,8339,9247,9235,9247,1567,1560
8335,8339,9248,9235,9248,1567,1560
8336,8339,9249,9235,9249,1567,1560
8333,8339,9250,9235,9250,1567,1560
8329,8339,9251,9235,9251,1567,1560
8330,8339,9252,9235,9252,1567,1560
8331,8339,9253,9235,9253,1567,1560
8332,8339,9254,9235,9254,1567,1560
8333,8339,9255,9235,9255,1567,1560
8334,8339,9256,9235,9256,1567,1560
8332,8339,9257,9235,9257,1567,1560
8333,8339,9258,9235,9258,1567,1560
8334,8339,9259,9235,9259,1567,1560
8335,8339,9260,9235,9260,1567,1560
8336,8339,9261,9235,9261,1567,1560
8337,8339,9262,9235,9262,1567,1560
8338,8339,9263,9235,9263,1567,1560
8339,8339,9264,9235,9264,1567,1560
8340,8340,9265,9265,9265,1567,1560
8338,8340,9266,9265,9266,1567,1560
8337,8340,9267,9265,9267,1567,1560
8338,8340,9268,9265,9268,1567,1560
8339,8340,9269,9265,9269,1567,1560
8340,8340,9270,9265,9270,1567,1560
8341,8341,9271,9271,9271,1567,1560
8342,8342,9272,9272,9272,1567,1560
8343,8343,9273,9273,9273,1567,1560
8341,8343,9274,9273,9274,1567,1560
8342,8343,9275,9273,9275,1567,1560
8343,8343,9276,9273,9276,1567,1560
8344,8344,9277,9277,9277,1567,1560
8345,8345,9278,9278,9278,1567,1560
8344,8345,9279,9278,9279,1567,1560
8345,8345,9280,9278,9280,1567,1560
8346,8346,9281,9281,9281,1567,1560
8343,8346,9282,9281,9282,1567,1560
8344,8346,9283,9281,9283,1567,1560
8345,8346,9284,9281,9284,1567,1560
8345,8346,9285,9281,9285,1567,1560
8346,8346,9286,9281,9286,1567,1560
8342,8346,9287,9281,9287,1567,1560
8341,8346,9288,9281,9288,1567,1560
8342,8346,9289,9281,9289,1567,1560
8343,8346,9290,9281,9290,1567,1560
8344,8346,9291,9281,9291,1567,1560
8342,8346,9292,9281,9292,1567,1560
8343,8346,9293,9281,9293,1567,1560
8344,8346,9294,9281,9294,1567,1560
8345,8346,9295,9281,9295,1567,1560
8346,8346,9296,9281,9296,1567,1560
8347,8347,9297,9297,9297,1567,1560
8348,8348,9298,9298,9298,1567,1560
8349,8349,9299,9299,9299,1567,1560
8350,8350,9300,9300,9300,1567,1560
8351,8351,9301,9301,9301,1567,1560
8352,8352,9302,9302,9302,1567,1560
8350,8352,9303,9302,9303,1567,1560
8351,8352,9304,9302,9304,1567,1560
8352,8352,9305,9302,9305,1567,1560
8353,8353,9306,9306,9306,1567,1560
8354,8354,9307,9307,9307,1567,1560
8355,8355,9308,9308,9308,1567,1560
8356,8356,9309,9309,9309,1567,1560
8355,8356,9310,9309,9310,1567,1560
8356,8356,9311,9309,9311,1567,1560
8355,8356,9312,9309,9312,1567,1560
8356,8356,9313,9309,9313,1567,1560
8357,8357,9314,9314,9314,1567,1560
8358,8358,9315,9315,9315,1567,1560
8359,8359,9316,9316,9316,1567,1560
8360,8360,9317,9317,9317,1567,1560
8358,8360,9318,9317,9318,1567,1560
8359,8360,9319,9317,9319,1567,1560
8356,8360,9320,9317,9320,1567,1560
8354,8360,9321,9317,9321,1567,1560
8355,8360,9322,9317,9322,1567,1560
8356,8360,9323,9317,9323,1567,1560
8355,8360,9324,9317,9324,1567,1560
8356,8360,9325,9317,9325,1567,1560
8356,8360,9326,9317,9326,1567,1560
8357,8360,9327,9317,9327,1567,1560
8355,8360,9328,9317,9328,1567,1560
8356,8360,9329,9317,9329,1567,1560
8357,8360,9330,9317,9330,1567,1560
8356,8360,9331,9317,9331,1567,1560
8357,8360,9332,9317,9332,1567,1560
8356,8360,9333,9317,9333,1567,1559
8357,8360,9334,9317,9334,1567,1559
8358,8360,9335,9317,9335,1567,1559
8359,8360,9336,9317,9336,1567,1559
8356,8360,9337,9317,9337,1567,1559
8357,8360,9338,9317,9338,1567,1559
8358,8360,9339,9317,9339,1567,1559
8359,8360,9340,9317,9340,1567,1559
8360,8360,9341,9317,9341,1567,1559
8361,8361,9342,9342,9342,1567,1559
8362,8362,9343,9343,9343,1567,1559
8363,8363,9344,9344,9344,1567,1559
8364,8364,9345,9345,9345,1567,1559
8365,8365,9346,9346,9346,1567,1559
8366,8366,9347,9347,9347,1567,1559
8367,8367,9348,9348,9348,1567,1559
8363,8367,9349,9348,9349,1567,1559
8364,8367,9350,9348,9350,1567,1559
8365,8367,9351,9348,9351,1567,1559
8363,8367,9352,9348,9352,1567,1559
8364,8367,9353,9348,9353,1567,1559
8365,8367,9354,9348,9354,1567,1559
8366,8367,9355,9348,9355,1567,1559
8367,8367,9356,9348,9356,1567,1559
8368,8368,9357,9357,9357,1567,1559
8367,8368,9358,9357,9358,1567,1559
8368,8368,9359,9357,9359,1567,1559
8367,8368,9360,9357,9360,1567,1559
8366,8368,9361,9357,9361,1567,1559
8367,8368,9362,9357,9362,1567,1559
8367,8368,9363,9357,9363,1567,1559
8366,8368,9364,9357,9364,1567,1559
8367,8368,9365,9357,9365,1567,1559
8368,8368,9366,9357,9366,1567,1559
8369,8369,9367,9367,9367,1567,1559
8370,8370,9368,9368,9368,1567,1559
8371,8371,9369,9369,9369,1567,1559
8372,8372,9370,9370,9370,1567,1559
8373,8373,9371,9371,9371,1567,1559
8373,8373,9372,9371,9372,1567,1559
8374,8374,9373,9373,9373,1567,1559
8375,8375,9374,9374,9374,1567,1559
8376,8376,9375,9375,9375,1567,1559
8371,8376,9376,9375,9376,1567,1559
8372,8376,9377,9375,9377,1567,1559
8373,8376,9378,9375,9378,1567,1559
8374,8376,9379,9375,9379,1567,1559
8375,8376,9380,9375,9380,1567,1559
8376,8376,9381,9375,9381,1567,1559
8377,8377,9382,9382,9382,1567,1559
8378,8378,9383,9383,9383,1567,1559
8379,8379,9384,9384,9384,1567,1559
8380,8380,9385,9385,9385,1567,1559
8381,8381,9386,9386,9386,1567,1559
8382,8382,9387,9387,9387,1567,1559
8383,8383,9388,9388,9388,1567,1559
8383,8383,9389,9388,9389,1567,1559
8384,8384,9390,9390,9390,1567,1559
8385,8385,9391,9391,9391,1567,1559
8384,8385,9392,9391,9392,1567,1559
8385,8385,9393,9391,9393,1567,1559
8386,8386,9394,9394,9394,1567,1559
8382,8386,9395,9394,9395,1567,1559
8380,8386,9396,9394,9396,1567,1559
8381,8386,9397,9394,9397,1567,1559
8379,8386,9398,9394,9398,1567,1559
8380,8386,9399,9394,9399,1567,1559
8377,8386,9400,9394,9400,1567,1559
8378,8386,9401,9394,9401,1567,1559
8376,8386,9402,9394,9402,1567,1559
8373,8386,9403,9394,9403,1567,1559
8374,8386,9404,9394,9404,1567,1559
8375,8386,9405,9394,9405,1567,1559
8376,8386,9406,9394,9406,1567,1559
8372,8386,9407,9394,9407,1567,1559
8373,8386,9408,9394,9408,1567,1559
8374,8386,9409,9394,9409,1567,1559
8375,8386,9410,9394,9410,1567,1559
8376,8386,9411,9394,9411,1567,1559
8377,8386,9412,9394,9412,1567,1559
8376,8386,9413,9394,9413,1567,1559
8374,8386,9414,9394,9414,1567,1559
8375,8386,9415,9394,9415,1567,1559
8374,8386,9416,9394,9416,1567,1559
8372,8386,9417,9394,9417,1567,1559
8373,8386,9418,9394,9418,1567,1559
8374,8386,9419,9394,9419,1567,1559
8374,8386,9420,9394,9420,1567,1559
8372,8386,9421,9394,9421,1567,1559
8373,8386,9422,9394,9422,1567,1559
8374,8386,9423,9394,9423,1567,1559
8375,8386,9424,9394,9424,1567,1559
8375,8386,9425,9394,9425,1567,1559
8376,8386,9426,9394,9426,1567,1559
8377,8386,9427,9394,9427,1567,1559
8373,8386,9428,9394,9428,1567,1559
8374,8386,9429,9394,9429,1567,1559
8371,8386,9430,9394,9430,1567,1559
8372,8386,9431,9394,9431,1567,1559
8366,8386,9432,9394,9432,1567,1558
8367,8386,9433,9394,9433,1567,1558
8365,8386,9434,9394,9434,1567,1558
8362,8386,9435,9394,9435,1567,1558
8363,8386,9436,9394,9436,1567,1558
8364,8386,9437,9394,9437,1567,1558
8365,8386,9438,9394,9438,1567,1558
8363,8386,9439,9394,9439,1567,1558
8362,8386,9440,9394,9440,1567,1558
8363,8386,9441,9394,9441,1567,1558
8364,8386,9442,9394,9442,1567,1558
8365,8386,9443,9394,9443,1567,1558
8366,8386,9444,9394,9444,1567,1558
8361,8386,9445,9394,9445,1567,1558
8362,8386,9446,9394,9446,1567,1558
8363,8386,9447,9394,9447,1567,1558
8359,8386,9448,9394,9448,1567,1558
8360,8386,9449,9394,9449,1567,1558
8361,8386,9450,9394,9450,1567,1558
8362,8386,9451,9394,9451,1567,1558
8363,8386,9452,9394,9452,1567,1558
8364,8386,9453,9394,9453,1567,1558
8365,8386,9454,9394,9454,1567,1558
8366,8386,9455,9394,9455,1567,1558
8367,8386,9456,9394,9456,1567,1558
8368,8386,9457,9394,9457,1567,1558
8367,8386,9458,9394,9458,1567,1558
8365,8386,9459,9394,9459,1567,1558
8366,8386,9460,9394,9460,1567,1558
8367,8386,9461,9394,9461,1567,1558
8368,8386,9462,9394,9462,1567,1558
8369,8386,9463,9394,9463,1567,1558
8370,8386,9464,9394,9464,1567,1558
8371,8386,9465,9394,9465,1567,1558
8367,8386,9466,9394,9466,1567,1558
8368,8386,9467,9394,9467,1567,1558
8369,8386,9468,9394,9468,1567,1558
8369,8386,9469,9394,9469,1567,1558
8368,8386,9470,9394,9470,1567,1558
8361,8386,9471,9394,9471,1567,1557
8359,8386,9472,9394,9472,1567,1557
8360,8386,9473,9394,9473,1567,1557
8359,8386,9474,9394,9474,1567,1557
8360,8386,9475,9394,9475,1567,1557
8361,8386,9476,9394,9476,1567,1557
8362,8386,9477,9394,9477,1567,1557
8363,8386,9478,9394,9478,1567,1557
8364,8386,9479,9394,9479,1567,1557
8363,8386,9480,9394,9480,1567,1557
8364,8386,9481,9394,9481,1567,1557
8361,8386,9482,9394,9482,1567,1557
8362,8386,9483,9394,9483,1567,1557
8363,8386,9484,9394,9484,1567,1557
8364,8386,9485,9394,9485,1567,1557
8365,8386,9486,9394,9486,1567,1557
8366,8386,9487,9394,9487,1567,1557
8367,8386,9488,9394,9488,1567,1557
8368,8386,9489,9394,9489,1567,1557
8365,8386,9490,9394,9490,1567,1557
8366,8386,9491,9394,9491,1567,1557
8367,8386,9492,9394,9492,1567,1557
8368,8386,9493,9394,9493,1567,1557
8369,8386,9494,9394,9494,1567,1557
8370,8386,9495,9394,9495,1567,1557
8371,8386,9496,9394,9496,1567,1557
8372,8386,9497,9394,9497,1567,1557
8373,8386,9498,9394,9498,1567,1557
8374,8386,9499,9394,9499,1567,1557
8375,8386,9500,9394,9500,1567,1557
8373,8386,9501,9394,9501,1567,1557
8374,8386,9502,9394,9502,1567,1557
8375,8386,9503,9394,9503,1567,1557
8376,8386,9504,9394,9504,1567,1557
8377,8386,9505,9394,9505,1567,1557
8378,8386,9506,9394,9506,1567,1557
8379,8386,9507,9394,9507,1567,1557
8380,8386,9508,9394,9508,1567,1557
8381,8386,9509,9394,9509,1567,1557
8382,8386,9510,9394,9510,1567,1557
8383,8386,9511,9394,9511,1567,1557
8383,8386,9512,9394,9512,1567,1557
8384,8386,9513,9394,9513,1567,1557
8385,8386,9514,9394,9514,1567,1557
8386,8386,9515,9394,9515,1567,1557
8384,8386,9516,9394,9516,1567,1557
8384,8386,9517,9394,9517,1567,1557
8385,8386,9518,9394,9518,1567,1557
8386,8386,9519,9394,9519,1567,1557
8382,8386,9520,9394,9520,1567,1557
8383,8386,9521,9394,9521,1567,1557
8384,8386,9522,9394,9522,1567,1557
8382,8386,9523,9394,9523,1567,1557
8383,8386,9524,9394,9524,1567,1557
8384,8386,9525,9394,9525,1567,1557
8385,8386,9526,9394,9526,1567,1557
8386,8386,9527,9394,9527,1567,1557
8384,8386,9528,9394,9528,1567,1557
8380,8386,9529,9394,9529,1567,1557
8381,8386,9530,9394,9530,1567,1557
8380,8386,9531,9394,9531,1567,1557
8378,8386,9532,9394,9532,1567,1557
8379,8386,9533,9394,9533,1567,1557
8380,8386,9534,9394,9534,1567,1557
8381,8386,9535,9394,9535,1567,1557
8382,8386,9536,9394,9536,1567,1557
8383,8386,9537,9394,9537,1567,1557
8384,8386,9538,9394,9538,1567,1557
8385,8386,9539,9394,9539,1567,1557
8386,8386,9540,9394,9540,1567,1557
8384,8386,9541,9394,9541,1567,1557
8385,8386,9542,9394,9542,1567,1557
8385,8386,9543,9394,9543,1567,1557
8386,8386,9544,9394,9544,1567,1557
8387,8387,9545,9545,9545,1567,1557
8388,8388,9546,9546,9546,1567,1557
8389,8389,9547,9547,9547,1567,1557
8390,8390,9548,9548,9548,1567,1557
8391,8391,9549,9549,9549,1567,1557
8392,8392,9550,9550,9550,1567,1557
8393,8393,9551,9551,9551,1567,1557
8394,8394,9552,9552,9552,1567,1557
8395,8395,9553,9553,9553,1567,1557
8392,8395,9554,9553,9554,1567,1557
8393,8395,9555,9553,9555,1567,1557
8394,8395,9556,9553,9556,1567,1557
8395,8395,9557,9553,9557,1567,1557
8396,8396,9558,9558,9558,1567,1557
8393,8396,9559,9558,9559,1567,1557
8394,8396,9560,9558,9560,1567,1557
8395,8396,9561,9558,9561,1567,1557
8396,8396,9562,9558,9562,1567,1557
8397,8397,9563,9563,9563,1567,1557
8398,8398,9564,9564,9564,1567,1557
8399,8399,9565,9565,9565,1567,1557
8400,8400,9566,9566,9566,1567,1557
8401,8401,9567,9567,9567,1567,1557
8402,8402,9568,9568,9568,1567,1557
8403,8403,9569,9569,9569,1567,1557
8404,8404,9570,9570,9570,1567,1557
8405,8405,9571,9571,9571,1567,1557
8406,8406,9572,9572,9572,1567,1557
8407,8407,9573,9573,9573,1567,1557
8408,8408,9574,9574,9574,1567,1557
8409,8409,9575,9575,9575,1567,1557
8410,8410,9576,9576,9576,1567,1557
8411,8411,9577,9577,9577,1567,1557
8408,8411,9578,9577,9578,1567,1556
8409,8411,9579,9577,9579,1567,1556
8410,8411,9580,9577,9580,1567,1556
8411,8411,9581,9577,9581,1567,1556
8412,8412,9582,9582,9582,1567,1556
8409,8412,9583,9582,9583,1567,1555
8410,8412,9584,9582,9584,1567,1555
8411,8412,9585,9582,9585,1567,1555
8412,8412,9586,9582,9586,1567,1555
8413,8413,9587,9587,9587,1567,1555
8406,8413,9588,9587,9588,1567,1555
8407,8413,9589,9587,9589,1567,1555
8408,8413,9590,9587,9590,1567,1555
8409,8413,9591,9587,9591,1567,1555
8410,8413,9592,9587,9592,1567,1555
8411,8413,9593,9587,9593,1567,1555
8412,8413,9594,9587,9594,1567,1555
8413,8413,9595,9587,9595,1567,1555
8414,8414,9596,9596,9596,1567,1555
8415,8415,9597,9597,9597,1567,1555
8416,8416,9598,9598,9598,1567,1555
8417,8417,9599,9599,9599,1567,1555
8418,8418,9600,9600,9600,1567,1555
8419,8419,9601,9601,9601,1567,1555
8420,8420,9602,9602,9602,1567,1555
8421,8421,9603,9603,9603,1567,1555
8422,8422,9604,9604,9604,1567,1555
8422,8422,9605,9604,9605,1567,1555
8423,8423,9606,9606,9606,1567,1555
8424,8424,9607,9607,9607,1567,1555
8425,8425,9608,9608,9608,1567,1555
8426,8426,9609,9609,9609,1567,1555
8424,8426,9610,9609,9610,1567,1555
8423,8426,9611,9609,9611,1567,1555
8424,8426,9612,9609,9612,1567,1555
8425,8426,9613,9609,9613,1567,1555
8426,8426,9614,9609,9614,1567,1555
8424,8426,9615,9609,9615,1567,1555
8425,8426,9616,9609,9616,1567,1555
8426,8426,9617,9609,9617,1567,1555
8427,8427,9618,9618,9618,1567,1555
8425,8427,9619,9618,9619,1567,1555
8426,8427,9620,9618,9620,1567,1555
8427,8427,9621,9618,9621,1567,1555
8428,8428,9622,9622,9622,1567,1555
8429,8429,9623,9623,9623,1567,1555
8427,8429,9624,9623,9624,1567,1555
8423,8429,9625,9623,9625,1567,1555
8421,8429,9626,9623,9626,1567,1555
8422,8429,9627,9623,9627,1567,1555
8418,8429,9628,9623,9628,1567,1555
8419,8429,9629,9623,9629,1567,1555
8420,8429,9630,9623,9630,1567,1555
8421,8429,9631,9623,9631,1567,1555
8422,8429,9632,9623,9632,1567,1555
8423,8429,9633,9623,9633,1567,1555
8423,8429,9634,9623,9634,1567,1555
8424,8429,9635,9623,9635,1567,1555
8423,8429,9636,9623,9636,1567,1555
8424,8429,9637,9623,9637,1567,1555
8425,8429,9638,9623,9638,1567,1555
8426,8429,9639,9623,9639,1567,1555
8427,8429,9640,9623,9640,1567,1555
8427,8429,9641,9623,9641,1567,1555
8428,8429,9642,9623,9642,1567,1555
8429,8429,9643,9623,9643,1567,1555
8430,8430,9644,9644,9644,1567,1555
8431,8431,9645,9645,9645,1567,1555
8430,8431,9646,9645,9646,1567,1555
8426,8431,9647,9645,9647,1567,1555
8427,8431,9648,9645,9648,1567,1555
8427,8431,9649,9645,9649,1567,1555
8428,8431,9650,9645,9650,1567,1555
8429,8431,9651,9645,9651,1567,1555
8430,8431,9652,9645,9652,1567,1555
8431,8431,9653,9645,9653,1567,1555
8432,8432,9654,9654,9654,1567,1555
8429,8432,9655,9654,9655,1567,1555
8430,8432,9656,9654,9656,1567,1555
8431,8432,9657,9654,9657,1567,1555
8432,8432,9658,9654,9658,1567,1555
8433,8433,9659,9659,9659,1567,1555
8434,8434,9660,9660,9660,1567,1555
8433,8434,9661,9660,9661,1567,1555
8434,8434,9662,9660,9662,1567,1555
8435,8435,9663,9663,9663,1567,1555
8436,8436,9664,9664,9664,1567,1555
8437,8437,9665,9665,9665,1567,1555
8438,8438,9666,9666,9666,1567,1555
8439,8439,9667,9667,9667,1567,1555
8440,8440,9668,9668,9668,1567,1555
8441,8441,9669,9669,9669,1567,1555
8439,8441,9670,9669,9670,1567,1555
8439,8441,9671,9669,9671,1567,1555
8440,8441,9672,9669,9672,1567,1555
8441,8441,9673,9669,9673,1567,1555
8442,8442,9674,9674,9674,1567,1555
8443,8443,9675,9675,9675,1567,1555
8438,8443,9676,9675,9676,1567,1555
8439,8443,9677,9675,9677,1567,1555
8440,8443,9678,9675,9678,1567,1555
8439,8443,9679,9675,9679,1567,1555
8440,8443,9680,9675,9680,1567,1555
8441,8443,9681,9675,9681,1567,1555
8438,8443,9682,9675,9682,1567,1555
8435,8443,9683,9675,9683,1567,1555
8436,8443,9684,9675,9684,1567,1555
8437,8443,9685,9675,9685,1567,1555
8438,8443,9686,9675,9686,1567,1555
8439,8443,9687,9675,9687,1567,1555
8440,8443,9688,9675,9688,1567,1555
8436,8443,9689,9675,9689,1567,1555
8434,8443,9690,9675,9690,1567,1555
8435,8443,9691,9675,9691,1567,1555
8436,8443,9692,9675,9692,1567,1555
8437,8443,9693,9675,9693,1567,1555
8438,8443,9694,9675,9694,1567,1555
8434,8443,9695,9675,9695,1567,1555
8435,8443,9696,9675,9696,1567,1555
8436,8443,9697,9675,9697,1567,1555
8434,8443,9698,9675,9698,1567,1555
8435,8443,9699,9675,9699,1567,1555
8436,8443,9700,9675,9700,1567,1555
8434,8443,9701,9675,9701,1567,1555
8434,8443,9702,9675,9702,1567,1555
8435,8443,9703,9675,9703,1567,1555
8433,8443,9704,9675,9704,1567,1555
8434,8443,9705,9675,9705,1567,1555
8435,8443,9706,9675,9706,1567,1555
8430,8443,9707,9675,9707,1567,1555
8431,8443,9708,9675,9708,1567,1555
8431,8443,9709,9675,9709,1567,1555
8429,8443,9710,9675,9710,1567,1555
8430,8443,9711,9675,9711,1567,1555
8427,8443,9712,9675,9712,1567,1555
8424,8443,9713,9675,9713,1567,1555
8420,8443,9714,9675,9714,1567,1555
8421,8443,9715,9675,9715,1567,1555
8422,8443,9716,9675,9716,1567,1555
8423,8443,9717,9675,9717,1567,1555
8420,8443,9718,9675,9718,1567,1555
8416,8443,9719,9675,9719,1567,1555
8417,8443,9720,9675,9720,1567,1555
8415,8443,9721,9675,9721,1567,1554
8416,8443,9722,9675,9722,1567,1554
8417,8443,9723,9675,9723,1567,1554
8418,8443,9724,9675,9724,1567,1554
8419,8443,9725,9675,9725,1567,1554
8420,8443,9726,9675,9726,1567,1554
8421,8443,9727,9675,9727,1567,1554
8422,8443,9728,9675,9728,1567,1554
8423,8443,9729,9675,9729,1567,1554
8424,8443,9730,9675,9730,1567,1554
8425,8443,9731,9675,9731,1567,1554
8426,8443,9732,9675,9732,1567,1554
8424,8443,9733,9675,9733,1567,1554
8425,8443,9734,9675,9734,1567,1554
8426,8443,9735,9675,9735,1567,1554
8427,8443,9736,9675,9736,1567,1554
8428,8443,9737,9675,9737,1567,1554
8429,8443,9738,9675,9738,1567,1554
8430,8443,9739,9675,9739,1567,1554
8431,8443,9740,9675,9740,1567,1554
8432,8443,9741,9675,9741,1567,1554
8433,8443,9742,9675,9742,1567,1554
8434,8443,9743,9675,9743,1567,1554
8433,8443,9744,9675,9744,1567,1554
8434,8443,9745,9675,9745,1567,1554
8429,8443,9746,9675,9746,1567,1554
8430,8443,9747,9675,9747,1567,1554
8426,8443,9748,9675,9748,1567,1554
8427,8443,9749,9675,9749,1567,1554
8428,8443,9750,9675,9750,1567,1554
8429,8443,9751,9675,9751,1567,1554
8430,8443,9752,9675,9752,1567,1554
8427,8443,9753,9675,9753,1567,1554
8428,8443,9754,9675,9754,1567,1554
8429,8443,9755,9675,9755,1567,1554
8430,8443,9756,9675,9756,1567,1554
8431,8443,9757,9675,9757,1567,1554
8432,8443,9758,9675,9758,1567,1554
8433,8443,9759,9675,9759,1567,1554
8432,8443,9760,9675,9760,1567,1554
8433,8443,9761,9675,9761,1567,1554
8434,8443,9762,9675,9762,1567,1554
8435,8443,9763,9675,9763,1567,1554
8436,8443,9764,9675,9764,1567,1554
8437,8443,9765,9675,9765,1567,1554
8435,8443,9766,9675,9766,1567,1554
8436,8443,9767,9675,9767,1567,1554
8432,8443,9768,9675,9768,1567,1554
8433,8443,9769,9675,9769,1567,1554
8434,8443,9770,9675,9770,1567,1554
8435,8443,9771,9675,9771,1567,1554
8436,8443,9772,9675,9772,1567,1554
8433,8443,9773,9675,9773,1567,1554
8434,8443,9774,9675,9774,1567,1554
8431,8443,9775,9675,9775,1567,1554
8432,8443,9776,9675,9776,1567,1554
8433,8443,9777,9675,9777,1567,1554
8431,8443,9778,9675,9778,1567,1554
8432,8443,9779,9675,9779,1567,1554
8431,8443,9780,9675,9780,1567,1554
8432,8443,9781,9675,9781,1567,1554
8433,8443,9782,9675,9782,1567,1554
8434,8443,9783,9675,9783,1567,1554
8435,8443,9784,9675,9784,1567,1554
8436,8443,9785,9675,9785,1567,1554
8437,8443,9786,9675,9786,1567,1554
8438,8443,9787,9675,9787,1567,1554
8439,8443,9788,9675,9788,1567,1554
8437,8443,9789,9675,9789,1567,1554
8438,8443,9790,9675,9790,1567,1554
8439,8443,9791,9675,9791,1567,1554
8440,8443,9792,9675,9792,1567,1554
8441,8443,9793,9675,9793,1567,1554
8442,8443,9794,9675,9794,1567,1554
8443,8443,9795,9675,9795,1567,1554
8441,8443,9796,9675,9796,1567,1554
8442,8443,9797,9675,9797,1567,1554
8437,8443,9798,9675,9798,1567,1554
8435,8443,9799,9675,9799,1567,1554
8436,8443,9800,9675,9800,1567,1554
8437,8443,9801,9675,9801,1567,1554
8435,8443,9802,9675,9802,1567,1554
8436,8443,9803,9675,9803,1567,1554
8437,8443,9804,9675,9804,1567,1554
8438,8443,9805,9675,9805,1567,1554
8439,8443,9806,9675,9806,1567,1554
8440,8443,9807,9675,9807,1567,1554
8441,8443,9808,9675,9808,1567,1554
8442,8443,9809,9675,9809,1567,1554
8443,8443,9810,9675,9810,1567,1554
8444,8444,9811,9811,9811,1567,1554
8445,8445,9812,9812,9812,1567,1554
8446,8446,9813,9813,9813,1567,1554
8447,8447,9814,9814,9814,1567,1554
8448,8448,9815,9815,9815,1567,1554
8449,8449,9816,9816,9816,1567,1554
8450,8450,9817,9817,9817,1567,1554
8450,8450,9818,9817,9818,1567,1554
8447,8450,9819,9817,9819,1567,1554
8448,8450,9820,9817,9820,1567,1554
8449,8450,9821,9817,9821,1567,1554
8450,8450,9822,9817,9822,1567,1554
8451,8451,9823,9823,9823,1567,1554
8452,8452,9824,9824,9824,1567,1554
8453,8453,9825,9825,9825,1567,1554
8454,8454,9826,9826,9826,1567,1554
8455,8455,9827,9827,9827,1567,1554
8456,8456,9828,9828,9828,1567,1554
8457,8457,9829,9829,9829,1567,1554
8458,8458,9830,9830,9830,1567,1554
8459,8459,9831,9831,9831,1567,1554
8460,8460,9832,9832,9832,1567,1554
8460,8460,9833,9832,9833,1567,1554
8456,8460,9834,9832,9834,1567,1554
8457,8460,9835,9832,9835,1567,1554
8457,8460,9836,9832,9836,1567,1554
8458,8460,9837,9832,9837,1567,1554
8459,8460,9838,9832,9838,1567,1554
8460,8460,9839,9832,9839,1567,1554
8461,8461,9840,9840,9840,1567,1554
8462,8462,9841,9841,9841,1567,1554
8463,8463,9842,9842,9842,1567,1554
8464,8464,9843,9843,9843,1567,1554
8465,8465,9844,9844,9844,1567,1554
8466,8466,9845,9845,9845,1567,1554
8467,8467,9846,9846,9846,1567,1554
8468,8468,9847,9847,9847,1567,1554
8469,8469,9848,9848,9848,1567,1554
8470,8470,9849,9849,9849,1567,1554
8470,8470,9850,9849,9850,1567,1554
8471,8471,9851,9851,9851,1567,1554
8472,8472,9852,9852,9852,1567,1554
8472,8472,9853,9852,9853,1567,1554
8473,8473,9854,9854,9854,1567,1554
8472,8473,9855,9854,9855,1567,1554
8470,8473,9856,9854,9856,1567,1554
8467,8473,9857,9854,9857,1567,1554
8468,8473,9858,9854,9858,1567,1554
8469,8473,9859,9854,9859,1567,1554
8465,8473,9860,9854,9860,1567,1554
8466,8473,9861,9854,9861,1567,1554
8467,8473,9862,9854,9862,1567,1554
8468,8473,9863,9854,9863,1567,1554
8469,8473,9864,9854,9864,1567,1554
8467,8473,9865,9854,9865,1567,1554
8468,8473,9866,9854,9866,1567,1554
8469,8473,9867,9854,9867,1567,1554
8470,8473,9868,9854,9868,1567,1554
8466,8473,9869,9854,9869,1567,1554
8467,8473,9870,9854,9870,1567,1554
8468,8473,9871,9854,9871,1567,1554
8470,8473,9872,9854,9872,1567,1555
8468,8473,9873,9854,9873,1567,1555
8469,8473,9874,9854,9874,1567,1555
8470,8473,9875,9854,9875,1567,1555
8471,8473,9876,9854,9876,1567,1555
8472,8473,9877,9854,9877,1567,1555
8473,8473,9878,9854,9878,1567,1555
8474,8474,9879,9879,9879,1567,1555
8475,8475,9880,9880,9880,1567,1555
8476,8476,9881,9881,9881,1567,1555
8474,8476,9882,9881,9882,1567,1555
8475,8476,9883,9881,9883,1567,1555
8472,8476,9884,9881,9884,1567,1555
8470,8476,9885,9881,9885,1567,1555
8469,8476,9886,9881,9886,1567,1555
8470,8476,9887,9881,9887,1567,1555
8471,8476,9888,9881,9888,1567,1555
8470,8476,9889,9881,9889,1567,1555
8471,8476,9890,9881,9890,1567,1555
8472,8476,9891,9881,9891,1567,1555
8473,8476,9892,9881,9892,1567,1555
8471,8476,9893,9881,9893,1567,1555
8472,8476,9894,9881,9894,1567,1555
8473,8476,9895,9881,9895,1567,1555
8473,8476,9896,9881,9896,1567,1555
8474,8476,9897,9881,9897,1567,1555
8475,8476,9898,9881,9898,1567,1555
8476,8476,9899,9881,9899,1567,1555
8477,8477,9900,9900,9900,1567,1555
8478,8478,9901,9901,9901,1567,1555
8479,8479,9902,9902,9902,1567,1555
8480,8480,9903,9903,9903,1567,1555
8476,8480,9904,9903,9904,1567,1554
8477,8480,9905,9903,9905,1567,1554
8478,8480,9906,9903,9906,1567,1554
8479,8480,9907,9903,9907,1567,1554
8480,8480,9908,9903,9908,1567,1554
8477,8480,9909,9903,9909,1567,1554
8478,8480,9910,9903,9910,1567,1554
8479,8480,9911,9903,9911,1567,1554
8480,8480,9912,9903,9912,1567,1554
8480,8480,9913,9903,9913,1567,1554
8481,8481,9914,9914,9914,1567,1554
8482,8482,9915,9915,9915,1567,1554
8483,8483,9916,9916,9916,1567,1554
8484,8484,9917,9917,9917,1567,1554
8485,8485,9918,9918,9918,1567,1554
8486,8486,9919,9919,9919,1567,1554
8487,8487,9920,9920,9920,1567,1554
8488,8488,9921,9921,9921,1567,1554
8489,8489,9922,9922,9922,1567,1554
8488,8489,9923,9922,9923,1567,1554
8489,8489,9924,9922,9924,1567,1554
8490,8490,9925,9925,9925,1567,1554
8491,8491,9926,9926,9926,1567,1554
8488,8491,9927,9926,9927,1567,1554
8489,8491,9928,9926,9928,1567,1554
8490,8491,9929,9926,9929,1567,1554
8487,8491,9930,9926,9930,1567,1554
8488,8491,9931,9926,9931,1567,1554
8485,8491,9932,9926,9932,1567,1554
8486,8491,9933,9926,9933,1567,1554
8487,8491,9934,9926,9934,1567,1554
8485,8491,9935,9926,9935,1567,1554
8480,8491,9936,9926,9936,1567,1554
8481,8491,9937,9926,9937,1567,1554
8482,8491,9938,9926,9938,1567,1554
8483,8491,9939,9926,9939,1567,1554
8484,8491,9940,9926,9940,1567,1554
8485,8491,9941,9926,9941,1567,1554
8486,8491,9942,9926,9942,1567,1554
8487,8491,9943,9926,9943,1567,1554
8488,8491,9944,9926,9944,1567,1554
8489,8491,9945,9926,9945,1567,1554
8490,8491,9946,9926,9946,1567,1554
8491,8491,9947,9926,9947,1567,1554
8489,8491,9948,9926,9948,1567,1554
8490,8491,9949,9926,9949,1567,1554
8491,8491,9950,9926,9950,1567,1554
8492,8492,9951,9951,9951,1567,1554
8493,8493,9952,9952,9952,1567,1554
8494,8494,9953,9953,9953,1567,1554
8495,8495,9954,9954,9954,1567,1554
8496,8496,9955,9955,9955,1567,1554
8497,8497,9956,9956,9956,1567,1554
8498,8498,9957,9957,9957,1567,1554
8499,8499,9958,9958,9958,1567,1554
8497,8499,9959,9958,9959,1567,1553
8496,8499,9960,9958,9960,1567,1553
8497,8499,9961,9958,9961,1567,1553
8498,8499,9962,9958,9962,1567,1553
8499,8499,9963,9958,9963,1567,1553
8500,8500,9964,9964,9964,1567,1553
8501,8501,9965,9965,9965,1567,1553
8502,8502,9966,9966,9966,1567,1553
8503,8503,9967,9967,9967,1567,1553
8502,8503,9968,9967,9968,1567,1553
8500,8503,9969,9967,9969,1567,1553
8498,8503,9970,9967,9970,1567,1553
8499,8503,9971,9967,9971,1567,1553
8500,8503,9972,9967,9972,1567,1553
8500,8503,9973,9967,9973,1567,1553
8501,8503,9974,9967,9974,1567,1553
8502,8503,9975,9967,9975,1567,1553
8503,8503,9976,9967,9976,1567,1553
8501,8503,9977,9967,9977,1567,1553
8502,8503,9978,9967,9978,1567,1553
8500,8503,9979,9967,9979,1567,1553
8501,8503,9980,9967,9980,1567,1553
8502,8503,9981,9967,9981,1567,1553
8503,8503,9982,9967,9982,1567,1553
8501,8503,9983,9967,9983,1567,1553
8502,8503,9984,9967,9984,1567,1553
8501,8503,9985,9967,9985,1567,1553
8502,8503,9986,9967,9986,1567,1553
8503,8503,9987,9967,9987,1567,1553
8502,8503,9988,9967,9988,1567,1553
8503,8503,9989,9967,9989,1567,1553
8500,8503,9990,9967,9990,1567,1553
8498,8503,9991,9967,9991,1567,1553
8499,8503,9992,9967,9992,1567,1553
8495,8503,9993,9967,9993,1567,1553
8496,8503,9994,9967,9994,1567,1553
8497,8503,9995,9967,9995,1567,1553
8498,8503,9996,9967,9996,1567,1553
8499,8503,9997,9967,9997,1567,1553
8500,8503,9998,9967,9998,1567,1553
8501,8503,9999,9967,9999,1567,1553
8502,8503,10000,9967,10000,1567,1553
8503,8503,10001,9967,10001,1567,1553
8504,8504,10002,10002,10002,1567,1553
8505,8505,10003,10003,10003,1567,1553
8506,8506,10004,10004,10004,1567,1553
8507,8507,10005,10005,10005,1567,1553
8508,8508,10006,10006,10006,1567,1553
8509,8509,10007,10007,10007,1567,1553
8510,8510,10008,10008,10008,1567,1553
8511,8511,10009,10009,10009,1567,1553
8508,8511,10010,10009,10010,1567,1553
8509,8511,10011,10009,10011,1567,1553
8510,8511,10012,10009,10012,1567,1553
8511,8511,10013,10009,10013,1567,1553
8512,8512,10014,10014,10014,1567,1553
8513,8513,10015,10015,10015,1567,1553
8514,8514,10016,10016,10016,1567,1553
8515,8515,10017,10017,10017,1567,1553
8516,8516,10018,10018,10018,1567,1553
8517,8517,10019,10019,10019,1567,1553
8518,8518,10020,10020,10020,1567,1553
8518,8518,10021,10020,10021,1567,1553
8519,8519,10022,10022,10022,1567,1553
8520,8520,10023,10023,10023,1567,1553
8521,8521,10024,10024,10024,1567,1553
8522,8522,10025,10025,10025,1567,1553
8520,8522,10026,10025,10026,1567,1553
8520,8522,10027,10025,10027,1567,1553
8521,8522,10028,10025,10028,1567,1553
8522,8522,10029,10025,10029,1567,1553
8523,8523,10030,10030,10030,1567,1553
8524,8524,10031,10031,10031,1567,1553
8525,8525,10032,10032,10032,1567,1553
8526,8526,10033,10033,10033,1567,1553
8527,8527,10034,10034,10034,1567,1553
8524,8527,10035,10034,10035,1567,1553
8525,8527,10036,10034,10036,1567,1553
8523,8527,10037,10034,10037,1567,1553
8524,8527,10038,10034,10038,1567,1553
8525,8527,10039,10034,10039,1567,1553
8526,8527,10040,10034,10040,1567,1553
8527,8527,10041,10034,10041,1567,1553
8528,8528,10042,10042,10042,1567,1553
8528,8528,10043,10042,10043,1567,1553
8529,8529,10044,10044,10044,1567,1553
8530,8530,10045,10045,10045,1567,1553
8531,8531,10046,10046,10046,1567,1553
8532,8532,10047,10047,10047,1567,1553
8533,8533,10048,10048,10048,1567,1553
8534,8534,10049,10049,10049,1567,1553
8535,8535,10050,10050,10050,1567,1553
8532,8535,10051,10050,10051,1567,1553
8533,8535,10052,10050,10052,1567,1553
8534,8535,10053,10050,10053,1567,1553
8535,8535,10054,10050,10054,1567,1553
8535,8535,10055,10050,10055,1567,1553
8536,8536,10056,10056,10056,1567,1553
8537,8537,10057,10057,10057,1567,1553
8538,8538,10058,10058,10058,1567,1553
8539,8539,10059,10059,10059,1567,1553
8540,8540,10060,10060,10060,1567,1553
8541,8541,10061,10061,10061,1567,1553
8540,8541,10062,10061,10062,1567,1553
8541,8541,10063,10061,10063,1567,1553
8542,8542,10064,10064,10064,1567,1553
8543,8543,10065,10065,10065,1567,1553
8541,8543,10066,10065,10066,1567,1553
8542,8543,10067,10065,10067,1567,1553
8543,8543,10068,10065,10068,1567,1553
8544,8544,10069,10069,10069,1567,1553
8545,8545,10070,10070,10070,1567,1553
8546,8546,10071,10071,10071,1567,1553
8547,8547,10072,10072,10072,1567,1553
8546,8547,10073,10072,10073,1567,1552
8545,8547,10074,10072,10074,1567,1552
8546,8547,10075,10072,10075,1567,1552
8544,8547,10076,10072,10076,1567,1551
8545,8547,10077,10072,10077,1567,1551
8546,8547,10078,10072,10078,1567,1551
8547,8547,10079,10072,10079,1567,1551
8546,8547,10080,10072,10080,1567,1551
8547,8547,10081,10072,10081,1567,1551
8548,8548,10082,10082,10082,1567,1551
8549,8549,10083,10083,10083,1567,1551
8547,8549,10084,10083,10084,1567,1551
8548,8549,10085,10083,10085,1567,1551
8547,8549,10086,10083,10086,1567,1551
8548,8549,10087,10083,10087,1567,1551
8549,8549,10088,10083,10088,1567,1551
8550,8550,10089,10089,10089,1567,1551
8551,8551,10090,10090,10090,1567,1551
8552,8552,10091,10091,10091,1567,1551
8553,8553,10092,10092,10092,1567,1551
8553,8553,10093,10092,10093,1567,1551
8554,8554,10094,10094,10094,1567,1551
8551,8554,10095,10094,10095,1567,1551
8552,8554,10096,10094,10096,1567,1551
8551,8554,10097,10094,10097,1567,1550
8552,8554,10098,10094,10098,1567,1550
8553,8554,10099,10094,10099,1567,1550
8554,8554,10100,10094,10100,1567,1550
8555,8555,10101,10101,10101,1567,1550
8551,8555,10102,10101,10102,1567,1549
8552,8555,10103,10101,10103,1567,1549
8553,8555,10104,10101,10104,1567,1549
8550,8555,10105,10101,10105,1567,1549
8551,8555,10106,10101,10106,1567,1549
8552,8555,10107,10101,10107,1567,1549
8553,8555,10108,10101,10108,1567,1549
8554,8555,10109,10101,10109,1567,1549
8555,8555,10110,10101,10110,1567,1549
8556,8556,10111,10111,10111,1567,1549
8557,8557,10112,10112,10112,1567,1549
8554,8557,10113,10112,10113,1567,1549
8555,8557,10114,10112,10114,1567,1549
8556,8557,10115,10112,10115,1567,1549
8557,8557,10116,10112,10116,1567,1549
8558,8558,10117,10117,10117,1567,1549
8559,8559,10118,10118,10118,1567,1549
8560,8560,10119,10119,10119,1567,1549
8561,8561,10120,10120,10120,1567,1549
8562,8562,10121,10121,10121,1567,1549
8563,8563,10122,10122,10122,1567,1549
8564,8564,10123,10123,10123,1567,1549
8565,8565,10124,10124,10124,1567,1549
8565,8565,10125,10124,10125,1567,1549
8566,8566,10126,10126,10126,1567,1549
8567,8567,10127,10127,10127,1567,1549
8568,8568,10128,10128,10128,1567,1549
8569,8569,10129,10129,10129,1567,1549
8570,8570,10130,10130,10130,1567,1549
8569,8570,10131,10130,10131,1567,1549
8570,8570,10132,10130,10132,1567,1549
8571,8571,10133,10133,10133,1567,1549
8572,8572,10134,10134,10134,1567,1549
8573,8573,10135,10135,10135,1567,1549
8574,8574,10136,10136,10136,1567,1549
8575,8575,10137,10137,10137,1567,1549
8576,8576,10138,10138,10138,1567,1549
8572,8576,10139,10138,10139,1567,1549
8573,8576,10140,10138,10140,1567,1549
8574,8576,10141,10138,10141,1567,1549
8575,8576,10142,10138,10142,1567,1549
8576,8576,10143,10138,10143,1567,1549
8575,8576,10144,10138,10144,1567,1549
8576,8576,10145,10138,10145,1567,1549
8577,8577,10146,10146,10146,1567,1549
8578,8578,10147,10147,10147,1567,1549
8575,8578,10148,10147,10148,1567,1548
8576,8578,10149,10147,10149,1567,1548
8577,8578,10150,10147,10150,1567,1548
8578,8578,10151,10147,10151,1567,1548
8579,8579,10152,10152,10152,1567,1548
8580,8580,10153,10153,10153,1567,1548
8581,8581,10154,10154,10154,1567,1548
8582,8582,10155,10155,10155,1567,1548
8581,8582,10156,10155,10156,1567,1548
8582,8582,10157,10155,10157,1567,1548
8583,8583,10158,10158,10158,1567,1548
8584,8584,10159,10159,10159,1567,1548
8582,8584,10160,10159,10160,1567,1548
8583,8584,10161,10159,10161,1567,1548
8584,8584,10162,10159,10162,1567,1548
8583,8584,10163,10159,10163,1567,1548
8584,8584,10164,10159,10164,1567,1548
8584,8584,10165,10159,10165,1567,1548
8582,8584,10166,10159,10166,1567,1548
8583,8584,10167,10159,10167,1567,1548
8577,8584,10168,10159,10168,1567,1548
8578,8584,10169,10159,10169,1567,1548
8578,8584,10170,10159,10170,1567,1548
8579,8584,10171,10159,10171,1567,1548
8580,8584,10172,10159,10172,1567,1548
8576,8584,10173,10159,10173,1567,1548
8577,8584,10174,10159,10174,1567,1548
8578,8584,10175,10159,10175,1567,1548
8579,8584,10176,10159,10176,1567,1548
8577,8584,10177,10159,10177,1567,1548
8578,8584,10178,10159,10178,1567,1548
8579,8584,10179,10159,10179,1567,1548
8580,8584,10180,10159,10180,1567,1548
8581,8584,10181,10159,10181,1567,1548
8579,8584,10182,10159,10182,1567,1548
8580,8584,10183,10159,10183,1567,1548
8581,8584,10184,10159,10184,1567,1548
8582,8584,10185,10159,10185,1567,1548
8582,8584,10186,10159,10186,1567,1548
8579,8584,10187,10159,10187,1567,1548
8580,8584,10188,10159,10188,1567,1548
8581,8584,10189,10159,10189,1567,1548
8582,8584,10190,10159,10190,1567,1548
8583,8584,10191,10159,10191,1567,1548
8584,8584,10192,10159,10192,1567,1548
8584,8584,10193,10159,10193,1567,1548
8583,8584,10194,10159,10194,1567,1548
8584,8584,10195,10159,10195,1567,1548
8584,8584,10196,10159,10196,1567,1548
8585,8585,10197,10197,10197,1567,1548
8586,8586,10198,10198,10198,1567,1548
8587,8587,10199,10199,10199,1567,1548
8587,8587,10200,10199,10200,1567,1548
8588,8588,10201,10201,10201,1567,1548
8589,8589,10202,10202,10202,1567,1548
8589,8589,10203,10202,10203,1567,1548
8590,8590,10204,10204,10204,1567,1548
8587,8590,10205,10204,10205,1567,1548
8588,8590,10206,10204,10206,1567,1548
8589,8590,10207,10204,10207,1567,1548
8590,8590,10208,10204,10208,1567,1548
8588,8590,10209,10204,10209,1567,1547
8589,8590,10210,10204,10210,1567,1547
8587,8590,10211,10204,10211,1567,1546
8588,8590,10212,10204,10212,1567,1546
8588,8590,10213,10204,10213,1567,1546
8589,8590,10214,10204,10214,1567,1546
8590,8590,10215,10204,10215,1567,1546
8591,8591,10216,10216,10216,1567,1546
8590,8591,10217,10216,10217,1567,1546
8591,8591,10218,10216,10218,1567,1546
8587,8591,10219,10216,10219,1567,1546
8588,8591,10220,10216,10220,1567,1546
8589,8591,10221,10216,10221,1567,1546
8585,8591,10222,10216,10222,1567,1546
8586,8591,10223,10216,10223,1567,1546
8587,8591,10224,10216,10224,1567,1546
8584,8591,10225,10216,10225,1567,1546
8585,8591,10226,10216,10226,1567,1546
8583,8591,10227,10216,10227,1567,1546
8584,8591,10228,10216,10228,1567,1546
8585,8591,10229,10216,10229,1567,1546
8586,8591,10230,10216,10230,1567,1546
8587,8591,10231,10216,10231,1567,1546
8588,8591,10232,10216,10232,1567,1546
8586,8591,10233,10216,10233,1567,1545
8587,8591,10234,10216,10234,1567,1545
8588,8591,10235,10216,10235,1567,1545
8589,8591,10236,10216,10236,1567,1545
8590,8591,10237,10216,10237,1567,1545
8590,8591,10238,10216,10238,1567,1545
8586,8591,10239,10216,10239,1567,1545
8582,8591,10240,10216,10240,1567,1545
8583,8591,10241,10216,10241,1567,1545
8584,8591,10242,10216,10242,1567,1545
8585,8591,10243,10216,10243,1567,1545
8586,8591,10244,10216,10244,1567,1545
8587,8591,10245,10216,10245,1567,1545
8588,8591,10246,10216,10246,1567,1545
8589,8591,10247,10216,10247,1567,1545
8590,8591,10248,10216,10248,1567,1545
8587,8591,10249,10216,10249,1567,1545
8588,8591,10250,10216,10250,1567,1545
8589,8591,10251,10216,10251,1567,1545
8588,8591,10252,10216,10252,1567,1544
8589,8591,10253,10216,10253,1567,1544
8590,8591,10254,10216,10254,1567,1544
8591,8591,10255,10216,10255,1567,1544
8592,8592,10256,10256,10256,1567,1544
8593,8593,10257,10257,10257,1567,1544
8591,8593,10258,10257,10258,1567,1544
8592,8593,10259,10257,10259,1567,1544
8591,8593,10260,10257,10260,1567,1544
8592,8593,10261,10257,10261,1567,1544
8593,8593,10262,10257,10262,1567,1544
8590,8593,10263,10257,10263,1567,1544
8591,8593,10264,10257,10264,1567,1544
8592,8593,10265,10257,10265,1567,1544
8593,8593,10266,10257,10266,1567,1544
8594,8594,10267,10267,10267,1567,1544
8594,8594,10268,10267,10268,1567,1544
8593,8594,10269,10267,10269,1567,1544
8590,8594,10270,10267,10270,1567,1544
8590,8594,10271,10267,10271,1567,1544
8591,8594,10272,10267,10272,1567,1544
8592,8594,10273,10267,10273,1567,1544
8593,8594,10274,10267,10274,1567,1544
8594,8594,10275,10267,10275,1567,1544
8595,8595,10276,10276,10276,1567,1544
8595,8595,10277,10276,10277,1567,1544
8594,8595,10278,10276,10278,1567,1544
8589,8595,10279,10276,10279,1567,1544
8590,8595,10280,10276,10280,1567,1544
8586,8595,10281,10276,10281,1567,1544
8587,8595,10282,10276,10282,1567,1544
8588,8595,10283,10276,10283,1567,1544
8589,8595,10284,10276,10284,1567,1544
8590,8595,10285,10276,10285,1567,1544
8587,8595,10286,10276,10286,1567,1543
8586,8595,10287,10276,10287,1567,1543
8587,8595,10288,10276,10288,1567,1543
8587,8595,10289,10276,10289,1567,1543
8588,8595,10290,10276,10290,1567,1543
8588,8595,10291,10276,10291,1567,1543
8586,8595,10292,10276,10292,1567,1543
8585,8595,10293,10276,10293,1567,1543
8585,8595,10294,10276,10294,1567,1543
8586,8595,10295,10276,10295,1567,1543
8587,8595,10296,10276,10296,1567,1543
8584,8595,10297,10276,10297,1567,1543
8585,8595,10298,10276,10298,1567,1543
8586,8595,10299,10276,10299,1567,1543
8587,8595,10300,10276,10300,1567,1543
8588,8595,10301,10276,10301,1567,1543
8589,8595,10302,10276,10302,1567,1543
8590,8595,10303,10276,10303,1567,1543
8585,8595,10304,10276,10304,1567,1542
8586,8595,10305,10276,10305,1567,1542
8581,8595,10306,10276,10306,1567,1541
8582,8595,10307,10276,10307,1567,1541
8583,8595,10308,10276,10308,1567,1541
8584,8595,10309,10276,10309,1567,1541
8585,8595,10310,10276,10310,1567,1541
8586,8595,10311,10276,10311,1567,1541
8587,8595,10312,10276,10312,1567,1541
8586,8595,10313,10276,10313,1567,1541
8584,8595,10314,10276,10314,1567,1541
8585,8595,10315,10276,10315,1567,1541
8584,8595,10316,10276,10316,1567,1541
8585,8595,10317,10276,10317,1567,1541
8586,8595,10318,10276,10318,1567,1541
8587,8595,10319,10276,10319,1567,1541
8583,8595,10320,10276,10320,1567,1541
8584,8595,10321,10276,10321,1567,1541
8585,8595,10322,10276,10322,1567,1541
8586,8595,10323,10276,10323,1567,1541
8587,8595,10324,10276,10324,1567,1541
8588,8595,10325,10276,10325,1567,1541
8589,8595,10326,10276,10326,1567,1541
8590,8595,10327,10276,10327,1567,1541
8591,8595,10328,10276,10328,1567,1541
8592,8595,10329,10276,10329,1567,1541
8593,8595,10330,10276,10330,1567,1541
8594,8595,10331,10276,10331,1567,1541
8595,8595,10332,10276,10332,1567,1541
8591,8595,10333,10276,10333,1567,1541
8589,8595,10334,10276,10334,1567,1541
8587,8595,10335,10276,10335,1567,1541
8588,8595,10336,10276,10336,1567,1541
8584,8595,10337,10276,10337,1567,1541
8585,8595,10338,10276,10338,1567,1541
8581,8595,10339,10276,10339,1567,1541
8582,8595,10340,10276,10340,1567,1541
8581,8595,10341,10276,10341,1567,1541
8582,8595,10342,10276,10342,1567,1541
8583,8595,10343,10276,10343,1567,1541
8584,8595,10344,10276,10344,1567,1541
8585,8595,10345,10276,10345,1567,1541
8586,8595,10346,10276,10346,1567,1541
8584,8595,10347,10276,10347,1567,1541
8585,8595,10348,10276,10348,1567,1541
8586,8595,10349,10276,10349,1567,1541
8587,8595,10350,10276,10350,1567,1541
8588,8595,10351,10276,10351,1567,1541
8587,8595,10352,10276,10352,1567,1541
8588,8595,10353,10276,10353,1567,1541
8588,8595,10354,10276,10354,1567,1541
8589,8595,10355,10276,10355,1567,1541
8590,8595,10356,10276,10356,1567,1541
8591,8595,10357,10276,10357,1567,1541
8592,8595,10358,10276,10358,1567,1541
8593,8595,10359,10276,10359,1567,1541
8594,8595,10360,10276,10360,1567,1541
8595,8595,10361,10276,10361,1567,1541
8596,8596,10362,10362,10362,1567,1541
8597,8597,10363,10363,10363,1567,1541
8598,8598,10364,10364,10364,1567,1541
8599,8599,10365,10365,10365,1567,1541
8600,8600,10366,10366,10366,1567,1541
8596,8600,10367,10366,10367,1567,1541
8597,8600,10368,10366,10368,1567,1541
8598,8600,10369,10366,10369,1567,1541
8595,8600,10370,10366,10370,1567,1541
8596,8600,10371,10366,10371,1567,1541
8593,8600,10372,10366,10372,1567,1541
8591,8600,10373,10366,10373,1567,1541
8592,8600,10374,10366,10374,1567,1541
8590,8600,10375,10366,10375,1567,1541
8591,8600,10376,10366,10376,1567,1541
8589,8600,10377,10366,10377,1567,1541
8590,8600,10378,10366,10378,1567,1541
8591,8600,10379,10366,10379,1567,1541
8592,8600,10380,10366,10380,1567,1541
8593,8600,10381,10366,10381,1567,1541
8594,8600,10382,10366,10382,1567,1541
8595,8600,10383,10366,10383,1567,1541
8594,8600,10384,10366,10384,1567,1541
8595,8600,10385,10366,10385,1567,1541
8596,8600,10386,10366,10386,1567,1541
8597,8600,10387,10366,10387,1567,1541
8598,8600,10388,10366,10388,1567,1541
8596,8600,10389,10366,10389,1567,1541
8597,8600,10390,10366,10390,1567,1541
8598,8600,10391,10366,10391,1567,1541
8598,8600,10392,10366,10392,1567,1541
8599,8600,10393,10366,10393,1567,1541
8598,8600,10394,10366,10394,1567,1541
8599,8600,10395,10366,10395,1567,1541
8600,8600,10396,10366,10396,1567,1541
8601,8601,10397,10397,10397,1567,1541
8602,8602,10398,10398,10398,1567,1541
8603,8603,10399,10399,10399,1567,1541
8602,8603,10400,10399,10400,1567,1541
8600,8603,10401,10399,10401,1567,1541
8597,8603,10402,10399,10402,1567,1541
8592,8603,10403,10399,10403,1567,1541
8593,8603,10404,10399,10404,1567,1541
8594,8603,10405,10399,10405,1567,1541
8595,8603,10406,10399,10406,1567,1541
8591,8603,10407,10399,10407,1567,1540
8592,8603,10408,10399,10408,1567,1540
8593,8603,10409,10399,10409,1567,1540
8594,8603,10410,10399,10410,1567,1540
8595,8603,10411,10399,10411,1567,1540
8596,8603,10412,10399,10412,1567,1540
8597,8603,10413,10399,10413,1567,1540
8598,8603,10414,10399,10414,1567,1540
8599,8603,10415,10399,10415,1567,1540
8597,8603,10416,10399,10416,1567,1540
8592,8603,10417,10399,10417,1567,1540
8593,8603,10418,10399,10418,1567,1540
8591,8603,10419,10399,10419,1567,1540
8592,8603,10420,10399,10420,1567,1540
8589,8603,10421,10399,10421,1567,1540
8586,8603,10422,10399,10422,1567,1540
8587,8603,10423,10399,10423,1567,1540
8588,8603,10424,10399,10424,1567,1540
8589,8603,10425,10399,10425,1567,1540
8590,8603,10426,10399,10426,1567,1540
8588,8603,10427,10399,10427,1567,1540
8589,8603,10428,10399,10428,1567,1540
8590,8603,10429,10399,10429,1567,1540
8588,8603,10430,10399,10430,1567,1540
8588,8603,10431,10399,10431,1567,1540
8589,8603,10432,10399,10432,1567,1540
8589,8603,10433,10399,10433,1567,1540
8590,8603,10434,10399,10434,1567,1540
8588,8603,10435,10399,10435,1567,1540
8589,8603,10436,10399,10436,1567,1540
8590,8603,10437,10399,10437,1567,1540
8587,8603,10438,10399,10438,1567,1540
8583,8603,10439,10399,10439,1567,1539
8584,8603,10440,10399,10440,1567,1539
8585,8603,10441,10399,10441,1567,1539
8586,8603,10442,10399,10442,1567,1539
8587,8603,10443,10399,10443,1567,1539
8588,8603,10444,10399,10444,1567,1539
8589,8603,10445,10399,10445,1567,1539
8584,8603,10446,10399,10446,1567,1539
8585,8603,10447,10399,10447,1567,1539
8586,8603,10448,10399,10448,1567,1539
8587,8603,10449,10399,10449,1567,1539
8588,8603,10450,10399,10450,1567,1539
8589,8603,10451,10399,10451,1567,1539
8586,8603,10452,10399,10452,1567,1539
8587,8603,10453,10399,10453,1567,1539
8588,8603,10454,10399,10454,1567,1539
8589,8603,10455,10399,10455,1567,1539
8590,8603,10456,10399,10456,1567,1539
8591,8603,10457,10399,10457,1567,1539
8589,8603,10458,10399,10458,1567,1539
8590,8603,10459,10399,10459,1567,1539
8591,8603,10460,10399,10460,1567,1539
8592,8603,10461,10399,10461,1567,1539
8593,8603,10462,10399,10462,1567,1539
8594,8603,10463,10399,10463,1567,1539
8595,8603,10464,10399,10464,1567,1539
8592,8603,10465,10399,10465,1567,1539
8593,8603,10466,10399,10466,1567,1539
8594,8603,10467,10399,10467,1567,1539
8595,8603,10468,10399,10468,1567,1539
8594,8603,10469,10399,10469,1567,1539
8595,8603,10470,10399,10470,1567,1539
8596,8603,10471,10399,10471,1567,1539
8597,8603,10472,10399,10472,1567,1539
8598,8603,10473,10399,10473,1567,1539
8597,8603,10474,10399,10474,1567,1539
8598,8603,10475,10399,10475,1567,1539
8599,8603,10476,10399,10476,1567,1539
8600,8603,10477,10399,10477,1567,1539
8601,8603,10478,10399,10478,1567,1539
8602,8603,10479,10399,10479,1567,1539
8603,8603,10480,10399,10480,1567,1539
8604,8604,10481,10481,10481,1567,1539
8605,8605,10482,10482,10482,1567,1539
8606,8606,10483,10483,10483,1567,1539
8607,8607,10484,10484,10484,1567,1539
8608,8608,10485,10485,10485,1567,1539
8609,8609,10486,10486,10486,1567,1539
8610,8610,10487,10487,10487,1567,1539
8608,8610,10488,10487,10488,1567,1539
8609,8610,10489,10487,10489,1567,1539
8607,8610,10490,10487,10490,1567,1538
8607,8610,10491,10487,10491,1567,1538
8608,8610,10492,10487,10492,1567,1538
8609,8610,10493,10487,10493,1567,1538
8610,8610,10494,10487,10494,1567,1538
8611,8611,10495,10495,10495,1567,1538
8609,8611,10496,10495,10496,1567,1538
8610,8611,10497,10495,10497,1567,1538
8608,8611,10498,10495,10498,1567,1538
8609,8611,10499,10495,10499,1567,1538
8610,8611,10500,10495,10500,1567,1538
8606,8611,10501,10495,10501,1567,1538
8607,8611,10502,10495,10502,1567,1538
8604,8611,10503,10495,10503,1567,1537
8605,8611,10504,10495,10504,1567,1537
8606,8611,10505,10495,10505,1567,1537
8603,8611,10506,10495,10506,1567,1537
8604,8611,10507,10495,10507,1567,1537
8605,8611,10508,10495,10508,1567,1537
8606,8611,10509,10495,10509,1567,1537
8606,8611,10510,10495,10510,1567,1537
8607,8611,10511,10495,10511,1567,1537
8608,8611,10512,10495,10512,1567,1537
8607,8611,10513,10495,10513,1567,1537
8608,8611,10514,10495,10514,1567,1537
8609,8611,10515,10495,10515,1567,1537
8607,8611,10516,10495,10516,1567,1536
8608,8611,10517,10495,10517,1567,1536
8609,8611,10518,10495,10518,1567,1536
8607,8611,10519,10495,10519,1567,1536
8608,8611,10520,10495,10520,1567,1536
8609,8611,10521,10495,10521,1567,1536
8610,8611,10522,10495,10522,1567,1536
8611,8611,10523,10495,10523,1567,1536
8612,8612,10524,10524,10524,1567,1536
8612,8612,10525,10524,10525,1567,1536
8613,8613,10526,10526,10526,1567,1536
8613,8613,10527,10526,10527,1567,1536
8614,8614,10528,10528,10528,1567,1536
8615,8615,10529,10529,10529,1567,1536
8611,8615,10530,10529,10530,1567,1535
8612,8615,10531,10529,10531,1567,1535
8613,8615,10532,10529,10532,1567,1535
8614,8615,10533,10529,10533,1567,1535
8615,8615,10534,10529,10534,1567,1535
8616,8616,10535,10535,10535,1567,1535
8613,8616,10536,10535,10536,1567,1535
8614,8616,10537,10535,10537,1567,1535
8615,8616,10538,10535,10538,1567,1535
8616,8616,10539,10535,10539,1567,1535
8616,8616,10540,10535,10540,1567,1535
8616,8616,10541,10535,10541,1567,1535
8617,8617,10542,10542,10542,1567,1535
8617,8617,10543,10542,10543,1567,1535
8618,8618,10544,10544,10544,1567,1535
8619,8619,10545,10545,10545,1567,1535
8620,8620,10546,10546,10546,1567,1535
8618,8620,10547,10546,10547,1567,1535
8619,8620,10548,10546,10548,1567,1535
8620,8620,10549,10546,10549,1567,1535
8621,8621,10550,10550,10550,1567,1535
8622,8622,10551,10551,10551,1567,1535
8623,8623,10552,10552,10552,1567,1535
8624,8624,10553,10553,10553,1567,1535
8625,8625,10554,10554,10554,1567,1535
8626,8626,10555,10555,10555,1567,1535
8626,8626,10556,10555,10556,1567,1535
8623,8626,10557,10555,10557,1567,1535
8624,8626,10558,10555,10558,1567,1535
8625,8626,10559,10555,10559,1567,1535
8626,8626,10560,10555,10560,1567,1535
8627,8627,10561,10561,10561,1567,1535
8628,8628,10562,10562,10562,1567,1535
8626,8628,10563,10562,10563,1567,1535
8627,8628,10564,10562,10564,1567,1535
8628,8628,10565,10562,10565,1567,1535
8629,8629,10566,10566,10566,1567,1535
8627,8629,10567,10566,10567,1567,1535
8628,8629,10568,10566,10568,1567,1535
8629,8629,10569,10566,10569,1567,1535
8625,8629,10570,10566,10570,1567,1535
8626,8629,10571,10566,10571,1567,1535
8627,8629,10572,10566,10572,1567,1535
8628,8629,10573,10566,10573,1567,1535
8629,8629,10574,10566,10574,1567,1535
8630,8630,10575,10575,10575,1567,1535
8631,8631,10576,10576,10576,1567,1535
8632,8632,10577,10577,10577,1567,1535
8633,8633,10578,10578,10578,1567,1535
8634,8634,10579,10579,10579,1567,1535
8633,8634,10580,10579,10580,1567,1535
8634,8634,10581,10579,10581,1567,1535
8634,8634,10582,10579,10582,1567,1535
8635,8635,10583,10583,10583,1567,1535
8636,8636,10584,10584,10584,1567,1535
8635,8636,10585,10584,10585,1567,1535
8636,8636,10586,10584,10586,1567,1535
8634,8636,10587,10584,10587,1567,1535
8635,8636,10588,10584,10588,1567,1535
8636,8636,10589,10584,10589,1567,1535
8637,8637,10590,10590,10590,1567,1535
8638,8638,10591,10591,10591,1567,1535
8639,8639,10592,10592,10592,1567,1535
8640,8640,10593,10593,10593,1567,1535
8641,8641,10594,10594,10594,1567,1535
8642,8642,10595,10595,10595,1567,1535
8643,8643,10596,10596,10596,1567,1535
8644,8644,10597,10597,10597,1567,1535
8645,8645,10598,10598,10598,1567,1535
8646,8646,10599,10599,10599,1567,1535
8647,8647,10600,10600,10600,1567,1535
8644,8647,10601,10600,10601,1567,1535
8645,8647,10602,10600,10602,1567,1535
8646,8647,10603,10600,10603,1567,1535
8647,8647,10604,10600,10604,1567,1535
8648,8648,10605,10605,10605,1567,1535
8649,8649,10606,10606,10606,1567,1535
8650,8650,10607,10607,10607,1567,1535
8651,8651,10608,10608,10608,1567,1535
8651,8651,10609,10608,10609,1567,1535
8652,8652,10610,10610,10610,1567,1535
8653,8653,10611,10611,10611,1567,1535
8651,8653,10612,10611,10612,1567,1535
8652,8653,10613,10611,10613,1567,1535
8652,8653,10614,10611,10614,1567,1535
8653,8653,10615,10611,10615,1567,1535
8654,8654,10616,10616,10616,1567,1535
8650,8654,10617,10616,10617,1567,1535
8651,8654,10618,10616,10618,1567,1535
8652,8654,10619,10616,10619,1567,1535
8653,8654,10620,10616,10620,1567,1535
8654,8654,10621,10616,10621,1567,1535
8655,8655,10622,10622,10622,1567,1535
8654,8655,10623,10622,10623,1567,1535
8654,8655,10624,10622,10624,1567,1535
8655,8655,10625,10622,10625,1567,1535
8656,8656,10626,10626,10626,1567,1535
8654,8656,10627,10626,10627,1567,1535
8655,8656,10628,10626,10628,1567,1535
8651,8656,10629,10626,10629,1567,1535
8650,8656,10630,10626,10630,1567,1535
8651,8656,10631,10626,10631,1567,1535
8652,8656,10632,10626,10632,1567,1535
8650,8656,10633,10626,10633,1567,1535
8651,8656,10634,10626,10634,1567,1535
8649,8656,10635,10626,10635,1567,1535
8650,8656,10636,10626,10636,1567,1535
8648,8656,10637,10626,10637,1567,1535
8649,8656,10638,10626,10638,1567,1535
8650,8656,10639,10626,10639,1567,1535
8647,8656,10640,10626,10640,1567,1535
8648,8656,10641,10626,10641,1567,1535
8649,8656,10642,10626,10642,1567,1535
8650,8656,10643,10626,10643,1567,1535
8651,8656,10644,10626,10644,1567,1535
8652,8656,10645,10626,10645,1567,1535
8650,8656,10646,10626,10646,1567,1535
8651,8656,10647,10626,10647,1567,1535
8652,8656,10648,10626,10648,1567,1535
8653,8656,10649,10626,10649,1567,1535
8650,8656,10650,10626,10650,1567,1535
8651,8656,10651,10626,10651,1567,1535
8652,8656,10652,10626,10652,1567,1535
8652,8656,10653,10626,10653,1567,1535
8653,8656,10654,10626,10654,1567,1535
8654,8656,10655,10626,10655,1567,1535
8655,8656,10656,10626,10656,1567,1535
8656,8656,10657,10626,10657,1567,1535
8656,8656,10658,10626,10658,1567,1535
8657,8657,10659,10659,10659,1567,1535
8654,8657,10660,10659,10660,1567,1535
8652,8657,10661,10659,10661,1567,1535
8650,8657,10662,10659,10662,1567,1535
8651,8657,10663,10659,10663,1567,1535
8651,8657,10664,10659,10664,1567,1535
8649,8657,10665,10659,10665,1567,1535
8648,8657,10666,10659,10666,1567,1535
8649,8657,10667,10659,10667,1567,1535
8650,8657,10668,10659,10668,1567,1535
8643,8657,10669,10659,10669,1567,1533
8639,8657,10670,10659,10670,1567,1533
8640,8657,10671,10659,10671,1567,1533
8641,8657,10672,10659,10672,1567,1533
8642,8657,10673,10659,10673,1567,1533
8638,8657,10674,10659,10674,1567,1532
8639,8657,10675,10659,10675,1567,1532
8640,8657,10676,10659,10676,1567,1532
8641,8657,10677,10659,10677,1567,1532
8642,8657,10678,10659,10678,1567,1532
8643,8657,10679,10659,10679,1567,1532
8644,8657,10680,10659,10680,1567,1532
8645,8657,10681,10659,10681,1567,1532
8646,8657,10682,10659,10682,1567,1532
8647,8657,10683,10659,10683,1567,1532
8645,8657,10684,10659,10684,1567,1532
8642,8657,10685,10659,10685,1567,1532
8643,8657,10686,10659,10686,1567,1532
8641,8657,10687,10659,10687,1567,1532
8642,8657,10688,10659,10688,1567,1532
8643,8657,10689,10659,10689,1567,1532
8644,8657,10690,10659,10690,1567,1532
8645,8657,10691,10659,10691,1567,1532
8646,8657,10692,10659,10692,1567,1532
8647,8657,10693,10659,10693,1567,1532
8648,8657,10694,10659,10694,1567,1532
8649,8657,10695,10659,10695,1567,1532
8650,8657,10696,10659,10696,1567,1532
8649,8657,10697,10659,10697,1567,1532
8650,8657,10698,10659,10698,1567,1532
8651,8657,10699,10659,10699,1567,1532
8652,8657,10700,10659,10700,1567,1532
8652,8657,10701,10659,10701,1567,1532
8653,8657,10702,10659,10702,1567,1532
8654,8657,10703,10659,10703,1567,1532
8655,8657,10704,10659,10704,1567,1532
8656,8657,10705,10659,10705,1567,1532
8653,8657,10706,10659,10706,1567,1532
8654,8657,10707,10659,10707,1567,1532
8655,8657,10708,10659,10708,1567,1532
8652,8657,10709,10659,10709,1567,1532
8653,8657,10710,10659,10710,1567,1532
8653,8657,10711,10659,10711,1567,1532
8654,8657,10712,10659,10712,1567,1532
8654,8657,10713,10659,10713,1567,1532
8652,8657,10714,10659,10714,1567,1532
8650,8657,10715,10659,10715,1567,1532
8651,8657,10716,10659,10716,1567,1532
8652,8657,10717,10659,10717,1567,1532
8653,8657,10718,10659,10718,1567,1532
8654,8657,10719,10659,10719,1567,1532
8655,8657,10720,10659,10720,1567,1532
8649,8657,10721,10659,10721,1567,1532
8650,8657,10722,10659,10722,1567,1532
8648,8657,10723,10659,10723,1567,1532
8647,8657,10724,10659,10724,1567,1532
8644,8657,10725,10659,10725,1567,1531
8645,8657,10726,10659,10726,1567,1531
8646,8657,10727,10659,10727,1567,1531
8645,8657,10728,10659,10728,1567,1531
8646,8657,10729,10659,10729,1567,1531
8647,8657,10730,10659,10730,1567,1531
8648,8657,10731,10659,10731,1567,1531
8649,8657,10732,10659,10732,1567,1531
8650,8657,10733,10659,10733,1567,1531
8650,8657,10734,10659,10734,1567,1531
8651,8657,10735,10659,10735,1567,1531
8652,8657,10736,10659,10736,1567,1531
8651,8657,10737,10659,10737,1567,1531
8647,8657,10738,10659,10738,1567,1531
8644,8657,10739,10659,10739,1567,1531
8645,8657,10740,10659,10740,1567,1531
8646,8657,10741,10659,10741,1567,1531
8647,8657,10742,10659,10742,1567,1531
8647,8657,10743,10659,10743,1567,1531
8648,8657,10744,10659,10744,1567,1531
8649,8657,10745,10659,10745,1567,1531
8646,8657,10746,10659,10746,1567,1531
8647,8657,10747,10659,10747,1567,1531
8645,8657,10748,10659,10748,1567,1530
8646,8657,10749,10659,10749,1567,1530
8645,8657,10750,10659,10750,1567,1530
8644,8657,10751,10659,10751,1567,1530
8645,8657,10752,10659,10752,1567,1530
8646,8657,10753,10659,10753,1567,1530
8647,8657,10754,10659,10754,1567,1530
8648,8657,10755,10659,10755,1567,1530
8648,8657,10756,10659,10756,1567,1530
8649,8657,10757,10659,10757,1567,1530
8650,8657,10758,10659,10758,1567,1530
8651,8657,10759,10659,10759,1567,1530
8652,8657,10760,10659,10760,1567,1530
8653,8657,10761,10659,10761,1567,1530
8650,8657,10762,10659,10762,1567,1530
8651,8657,10763,10659,10763,1567,1530
8652,8657,10764,10659,10764,1567,1530
8653,8657,10765,10659,10765,1567,1530
8654,8657,10766,10659,10766,1567,1530
8651,8657,10767,10659,10767,1567,1530
8652,8657,10768,10659,10768,1567,1530
8653,8657,10769,10659,10769,1567,1530
8652,8657,10770,10659,10770,1567,1530
8649,8657,10771,10659,10771,1567,1529
8648,8657,10772,10659,10772,1567,1529
8649,8657,10773,10659,10773,1567,1529
8650,8657,10774,10659,10774,1567,1529
8651,8657,10775,10659,10775,1567,1529
8652,8657,10776,10659,10776,1567,1529
8649,8657,10777,10659,10777,1567,1529
8650,8657,10778,10659,10778,1567,1529
8651,8657,10779,10659,10779,1567,1529
8652,8657,10780,10659,10780,1567,1529
8653,8657,10781,10659,10781,1567,1529
8654,8657,10782,10659,10782,1567,1529
8653,8657,10783,10659,10783,1567,1529
8651,8657,10784,10659,10784,1567,1529
8652,8657,10785,10659,10785,1567,1529
8653,8657,10786,10659,10786,1567,1529
8652,8657,10787,10659,10787,1567,1529
8653,8657,10788,10659,10788,1567,1529
8654,8657,10789,10659,10789,1567,1529
8655,8657,10790,10659,10790,1567,1529
8656,8657,10791,10659,10791,1567,1529
8657,8657,10792,10659,10792,1567,1529
8658,8658,10793,10793,10793,1567,1529
8659,8659,10794,10794,10794,1567,1529
8660,8660,10795,10795,10795,1567,1529
8661,8661,10796,10796,10796,1567,1529
8662,8662,10797,10797,10797,1567,1529
8663,8663,10798,10798,10798,1567,1529
8664,8664,10799,10799,10799,1567,1529
8665,8665,10800,10800,10800,1567,1529
8664,8665,10801,10800,10801,1567,1529
8665,8665,10802,10800,10802,1567,1529
8663,8665,10803,10800,10803,1567,1529
8664,8665,10804,10800,10804,1567,1529
8665,8665,10805,10800,10805,1567,1529
8666,8666,10806,10806,10806,1567,1529
8667,8667,10807,10807,10807,1567,1529
8668,8668,10808,10808,10808,1567,1529
8666,8668,10809,10808,10809,1567,1529
8667,8668,10810,10808,10810,1567,1529
8668,8668,10811,10808,10811,1567,1529
8669,8669,10812,10812,10812,1567,1529
8669,8669,10813,10812,10813,1567,1529
8669,8669,10814,10812,10814,1567,1529
8668,8669,10815,10812,10815,1567,1529
8669,8669,10816,10812,10816,1567,1529
8669,8669,10817,10812,10817,1567,1529
8670,8670,10818,10818,10818,1567,1529
8671,8671,10819,10819,10819,1567,1529
8670,8671,10820,10819,10820,1567,1529
8671,8671,10821,10819,10821,1567,1529
8672,8672,10822,10822,10822,1567,1529
8673,8673,10823,10823,10823,1567,1529
8674,8674,10824,10824,10824,1567,1529
8675,8675,10825,10825,10825,1567,1529
8671,8675,10826,10825,10826,1567,1529
8672,8675,10827,10825,10827,1567,1529
8673,8675,10828,10825,10828,1567,1529
8674,8675,10829,10825,10829,1567,1529
8675,8675,10830,10825,10830,1567,1529
8675,8675,10831,10825,10831,1567,1529
8674,8675,10832,10825,10832,1567,1529
8674,8675,10833,10825,10833,1567,1529
8675,8675,10834,10825,10834,1567,1529
8676,8676,10835,10835,10835,1567,1529
8677,8677,10836,10836,10836,1567,1529
8678,8678,10837,10837,10837,1567,1529
8679,8679,10838,10838,10838,1567,1529
8680,8680,10839,10839,10839,1567,1529
8681,8681,10840,10840,10840,1567,1529
8682,8682,10841,10841,10841,1567,1529
8679,8682,10842,10841,10842,1567,1529
8680,8682,10843,10841,10843,1567,1529
8676,8682,10844,10841,10844,1567,1529
8677,8682,10845,10841,10845,1567,1529
8678,8682,10846,10841,10846,1567,1529
8679,8682,10847,10841,10847,1567,1529
8679,8682,10848,10841,10848,1567,1529
8680,8682,10849,10841,10849,1567,1529
8681,8682,10850,10841,10850,1567,1529
8682,8682,10851,10841,10851,1567,1529
8683,8683,10852,10852,10852,1567,1529
8684,8684,10853,10853,10853,1567,1529
8685,8685,10854,10854,10854,1567,1529
8686,8686,10855,10855,10855,1567,1529
8687,8687,10856,10856,10856,1567,1529
8688,8688,10857,10857,10857,1567,1529
8687,8688,10858,10857,10858,1567,1529
8688,8688,10859,10857,10859,1567,1529
8684,8688,10860,10857,10860,1567,1529
8685,8688,10861,10857,10861,1567,1529
8683,8688,10862,10857,10862,1567,1529
8684,8688,10863,10857,10863,1567,1529
8685,8688,10864,10857,10864,1567,1529
8684,8688,10865,10857,10865,1567,1529
8685,8688,10866,10857,10866,1567,1529
8686,8688,10867,10857,10867,1567,1529
8687,8688,10868,10857,10868,1567,1529
8688,8688,10869,10857,10869,1567,1529
8689,8689,10870,10870,10870,1567,1529
8690,8690,10871,10871,10871,1567,1529
8688,8690,10872,10871,10872,1567,1528
8684,8690,10873,10871,10873,1567,1528
8682,8690,10874,10871,10874,1567,1528
8675,8690,10875,10871,10875,1567,1528
8676,8690,10876,10871,10876,1567,1528
8677,8690,10877,10871,10877,1567,1528
8678,8690,10878,10871,10878,1567,1528
8673,8690,10879,10871,10879,1567,1528
8671,8690,10880,10871,10880,1567,1528
8670,8690,10881,10871,10881,1567,1528
8671,8690,10882,10871,10882,1567,1528
8672,8690,10883,10871,10883,1567,1528
8672,8690,10884,10871,10884,1567,1528
8673,8690,10885,10871,10885,1567,1528
8673,8690,10886,10871,10886,1567,1528
8674,8690,10887,10871,10887,1567,1528
8674,8690,10888,10871,10888,1567,1528
8675,8690,10889,10871,10889,1567,1528
8673,8690,10890,10871,10890,1567,1528
8674,8690,10891,10871,10891,1567,1528
8673,8690,10892,10871,10892,1567,1528
8674,8690,10893,10871,10893,1567,1528
8675,8690,10894,10871,10894,1567,1528
8676,8690,10895,10871,10895,1567,1528
8677,8690,10896,10871,10896,1567,1528
8677,8690,10897,10871,10897,1567,1528
8678,8690,10898,10871,10898,1567,1528
8679,8690,10899,10871,10899,1567,1528
8679,8690,10900,10871,10900,1567,1528
8677,8690,10901,10871,10901,1567,1528
8678,8690,10902,10871,10902,1567,1528
8679,8690,10903,10871,10903,1567,1528
8680,8690,10904,10871,10904,1567,1528
8681,8690,10905,10871,10905,1567,1528
8679,8690,10906,10871,10906,1567,1527
8680,8690,10907,10871,10907,1567,1527
8680,8690,10908,10871,10908,1567,1527
8681,8690,10909,10871,10909,1567,1527
8682,8690,10910,10871,10910,1567,1527
8683,8690,10911,10871,10911,1567,1527
8684,8690,10912,10871,10912,1567,1527
8685,8690,10913,10871,10913,1567,1527
8686,8690,10914,10871,10914,1567,1527
8687,8690,10915,10871,10915,1567,1527
8688,8690,10916,10871,10916,1567,1527
8689,8690,10917,10871,10917,1567,1527
8690,8690,10918,10871,10918,1567,1527
8691,8691,10919,10919,10919,1567,1527
8692,8692,10920,10920,10920,1567,1527
8691,8692,10921,10920,10921,1567,1527
8692,8692,10922,10920,10922,1567,1527
8691,8692,10923,10920,10923,1567,1527
8692,8692,10924,10920,10924,1567,1527
8691,8692,10925,10920,10925,1567,1527
8691,8692,10926,10920,10926,1567,1527
8692,8692,10927,10920,10927,1567,1527
8693,8693,10928,10928,10928,1567,1527
8692,8693,10929,10928,10929,1567,1527
8693,8693,10930,10928,10930,1567,1527
8690,8693,10931,10928,10931,1567,1527
8686,8693,10932,10928,10932,1567,1527
8687,8693,10933,10928,10933,1567,1527
8687,8693,10934,10928,10934,1567,1527
8688,8693,10935,10928,10935,1567,1527
8688,8693,10936,10928,10936,1567,1527
8687,8693,10937,10928,10937,1567,1527
8688,8693,10938,10928,10938,1567,1527
8689,8693,10939,10928,10939,1567,1527
8690,8693,10940,10928,10940,1567,1527
8691,8693,10941,10928,10941,1567,1527
8692,8693,10942,10928,10942,1567,1527
8693,8693,10943,10928,10943,1567,1527
8694,8694,10944,10944,10944,1567,1527
8695,8695,10945,10945,10945,1567,1527
8695,8695,10946,10945,10946,1567,1527
8694,8695,10947,10945,10947,1567,1527
8695,8695,10948,10945,10948,1567,1527
8696,8696,10949,10949,10949,1567,1527
8691,8696,10950,10949,10950,1567,1527
8692,8696,10951,10949,10951,1567,1527
8692,8696,10952,10949,10952,1567,1527
8693,8696,10953,10949,10953,1567,1527
8694,8696,10954,10949,10954,1567,1527
8692,8696,10955,10949,10955,1567,1527
8693,8696,10956,10949,10956,1567,1527
8694,8696,10957,10949,10957,1567,1527
8695,8696,10958,10949,10958,1567,1527
8696,8696,10959,10949,10959,1567,1527
8697,8697,10960,10960,10960,1567,1527
8698,8698,10961,10961,10961,1567,1527
8693,8698,10962,10961,10962,1567,1527
8692,8698,10963,10961,10963,1567,1527
8690,8698,10964,10961,10964,1567,1527
8686,8698,10965,10961,10965,1567,1527
8686,8698,10966,10961,10966,1567,1527
8687,8698,10967,10961,10967,1567,1527
8688,8698,10968,10961,10968,1567,1527
8688,8698,10969,10961,10969,1567,1527
8686,8698,10970,10961,10970,1567,1527
8684,8698,10971,10961,10971,1567,1527
8685,8698,10972,10961,10972,1567,1527
8686,8698,10973,10961,10973,1567,1527
8687,8698,10974,10961,10974,1567,1527
8687,8698,10975,10961,10975,1567,1527
8685,8698,10976,10961,10976,1567,1527
8686,8698,10977,10961,10977,1567,1527
8683,8698,10978,10961,10978,1567,1527
8679,8698,10979,10961,10979,1567,1527
8680,8698,10980,10961,10980,1567,1527
8681,8698,10981,10961,10981,1567,1527
8682,8698,10982,10961,10982,1567,1527
8683,8698,10983,10961,10983,1567,1527
8684,8698,10984,10961,10984,1567,1527
8685,8698,10985,10961,10985,1567,1527
8686,8698,10986,10961,10986,1567,1527
8686,8698,10987,10961,10987,1567,1527
8687,8698,10988,10961,10988,1567,1527
8683,8698,10989,10961,10989,1567,1527
8684,8698,10990,10961,10990,1567,1527
8685,8698,10991,10961,10991,1567,1527
8686,8698,10992,10961,10992,1567,1527
8687,8698,10993,10961,10993,1567,1527
8688,8698,10994,10961,10994,1567,1527
8688,8698,10995,10961,10995,1567,1527
8689,8698,10996,10961,10996,1567,1527
8690,8698,10997,10961,10997,1567,1527
8691,8698,10998,10961,10998,1567,1527
8686,8698,10999,10961,10999,1567,1527
8687,8698,11000,10961,11000,1567,1527
8686,8698,11001,10961,11001,1567,1527
8687,8698,11002,10961,11002,1567,1527
8688,8698,11003,10961,11003,1567,1527
8689,8698,11004,10961,11004,1567,1527
8690,8698,11005,10961,11005,1567,1527
8691,8698,11006,10961,11006,1567,1527
8692,8698,11007,10961,11007,1567,1527
8693,8698,11008,10961,11008,1567,1527
8693,8698,11009,10961,11009,1567,1527
8694,8698,11010,10961,11010,1567,1527
8695,8698,11011,10961,11011,1567,1527
8693,8698,11012,10961,11012,1567,1527
8694,8698,11013,10961,11013,1567,1527
8695,8698,11014,10961,11014,1567,1527
8696,8698,11015,10961,11015,1567,1527
8697,8698,11016,10961,11016,1567,1527
8694,8698,11017,10961,11017,1567,1527
8695,8698,11018,10961,11018,1567,1527
8696,8698,11019,10961,11019,1567,1527
8697,8698,11020,10961,11020,1567,1527
8696,8698,11021,10961,11021,1567,1527
8697,8698,11022,10961,11022,1567,1527
8698,8698,11023,10961,11023,1567,1527
8697,8698,11024,10961,11024,1567,1527
8694,8698,11025,10961,11025,1567,1527
8692,8698,11026,10961,11026,1567,1527
8691,8698,11027,10961,11027,1567,1527
8691,8698,11028,10961,11028,1567,1527
8691,8698,11029,10961,11029,1567,1527
8692,8698,11030,10961,11030,1567,1527
8693,8698,11031,10961,11031,1567,1527
8694,8698,11032,10961,11032,1567,1527
8695,8698,11033,10961,11033,1567,1527
8693,8698,11034,10961,11034,1567,1527
8694,8698,11035,10961,11035,1567,1527
8692,8698,11036,10961,11036,1567,1527
8693,8698,11037,10961,11037,1567,1527
8690,8698,11038,10961,11038,1567,1526
8691,8698,11039,10961,11039,1567,1526
8692,8698,11040,10961,11040,1567,1526
8693,8698,11041,10961,11041,1567,1526
8694,8698,11042,10961,11042,1567,1526
8695,8698,11043,10961,11043,1567,1526
8696,8698,11044,10961,11044,1567,1526
8697,8698,11045,10961,11045,1567,1526
8698,8698,11046,10961,11046,1567,1526
8694,8698,11047,10961,11047,1567,1526
8695,8698,11048,10961,11048,1567,1526
8693,8698,11049,10961,11049,1567,1526
8694,8698,11050,10961,11050,1567,1526
8692,8698,11051,10961,11051,1567,1526
8693,8698,11052,10961,11052,1567,1526
8694,8698,11053,10961,11053,1567,1526
8695,8698,11054,10961,11054,1567,1526
8696,8698,11055,10961,11055,1567,1526
8695,8698,11056,10961,11056,1567,1526
8696,8698,11057,10961,11057,1567,1526
8697,8698,11058,10961,11058,1567,1526
8698,8698,11059,10961,11059,1567,1526
8699,8699,11060,11060,11060,1567,1526
8700,8700,11061,11061,11061,1567,1526
8701,8701,11062,11062,11062,1567,1526
8700,8701,11063,11062,11063,1567,1526
8701,8701,11064,11062,11064,1567,1526
8702,8702,11065,11065,11065,1567,1526
8703,8703,11066,11066,11066,1567,1526
8704,8704,11067,11067,11067,1567,1526
8705,8705,11068,11068,11068,1567,1526
8704,8705,11069,11068,11069,1567,1526
8705,8705,11070,11068,11070,1567,1526
8700,8705,11071,11068,11071,1567,1525
8701,8705,11072,11068,11072,1567,1525
8699,8705,11073,11068,11073,1567,1525
8700,8705,11074,11068,11074,1567,1525
8696,8705,11075,11068,11075,1567,1525
8697,8705,11076,11068,11076,1567,1525
8698,8705,11077,11068,11077,1567,1525
8697,8705,11078,11068,11078,1567,1525
8694,8705,11079,11068,11079,1567,1525
8695,8705,11080,11068,11080,1567,1525
8696,8705,11081,11068,11081,1567,1525
8697,8705,11082,11068,11082,1567,1525
8698,8705,11083,11068,11083,1567,1525
8699,8705,11084,11068,11084,1567,1525
8700,8705,11085,11068,11085,1567,1525
8698,8705,11086,11068,11086,1567,1525
8699,8705,11087,11068,11087,1567,1525
8700,8705,11088,11068,11088,1567,1525
8701,8705,11089,11068,11089,1567,1525
8702,8705,11090,11068,11090,1567,1525
8703,8705,11091,11068,11091,1567,1525
8702,8705,11092,11068,11092,1567,1525
8702,8705,11093,11068,11093,1567,1525
8703,8705,11094,11068,11094,1567,1525
8704,8705,11095,11068,11095,1567,1525
8705,8705,11096,11068,11096,1567,1525
8706,8706,11097,11097,11097,1567,1525
8707,8707,11098,11098,11098,1567,1525
8708,8708,11099,11099,11099,1567,1525
8709,8709,11100,11100,11100,1567,1525
8710,8710,11101,11101,11101,1567,1525
8711,8711,11102,11102,11102,1567,1525
8711,8711,11103,11102,11103,1567,1525
8712,8712,11104,11104,11104,1567,1525
8713,8713,11105,11105,11105,1567,1525
8714,8714,11106,11106,11106,1567,1525
8714,8714,11107,11106,11107,1567,1525
8713,8714,11108,11106,11108,1567,1525
8710,8714,11109,11106,11109,1567,1525
8711,8714,11110,11106,11110,1567,1525
8709,8714,11111,11106,11111,1567,1525
8710,8714,11112,11106,11112,1567,1525
8711,8714,11113,11106,11113,1567,1525
8712,8714,11114,11106,11114,1567,1525
8712,8714,11115,11106,11115,1567,1525
8712,8714,11116,11106,11116,1567,1525
8713,8714,11117,11106,11117,1567,1525
8714,8714,11118,11106,11118,1567,1525
8713,8714,11119,11106,11119,1567,1525
8712,8714,11120,11106,11120,1567,1525
8713,8714,11121,11106,11121,1567,1525
8714,8714,11122,11106,11122,1567,1525
8715,8715,11123,11123,11123,1567,1525
8716,8716,11124,11124,11124,1567,1525
8717,8717,11125,11125,11125,1567,1525
8718,8718,11126,11126,11126,1567,1525
8719,8719,11127,11127,11127,1567,1525
8720,8720,11128,11128,11128,1567,1525
8719,8720,11129,11128,11129,1567,1525
8720,8720,11130,11128,11130,1567,1525
8713,8720,11131,11128,11131,1567,1525
8714,8720,11132,11128,11132,1567,1525
8715,8720,11133,11128,11133,1567,1525
8716,8720,11134,11128,11134,1567,1525
8716,8720,11135,11128,11135,1567,1525
8717,8720,11136,11128,11136,1567,1525
8718,8720,11137,11128,11137,1567,1525
8719,8720,11138,11128,11138,1567,1525
8719,8720,11139,11128,11139,1567,1525
8717,8720,11140,11128,11140,1567,1525
8718,8720,11141,11128,11141,1567,1525
8719,8720,11142,11128,11142,1567,1525
8717,8720,11143,11128,11143,1567,1525
8718,8720,11144,11128,11144,1567,1525
8719,8720,11145,11128,11145,1567,1525
8716,8720,11146,11128,11146,1567,1525
8717,8720,11147,11128,11147,1567,1525
8718,8720,11148,11128,11148,1567,1525
8719,8720,11149,11128,11149,1567,1525
8717,8720,11150,11128,11150,1567,1525
8717,8720,11151,11128,11151,1567,1525
8717,8720,11152,11128,11152,1567,1525
8711,8720,11153,11128,11153,1567,1525
8712,8720,11154,11128,11154,1567,1525
8713,8720,11155,11128,11155,1567,1525
8710,8720,11156,11128,11156,1567,1525
8711,8720,11157,11128,11157,1567,1525
8708,8720,11158,11128,11158,1567,1525
8706,8720,11159,11128,11159,1567,1525
8706,8720,11160,11128,11160,1567,1525
8707,8720,11161,11128,11161,1567,1525
8705,8720,11162,11128,11162,1567,1525
8706,8720,11163,11128,11163,1567,1525
8707,8720,11164,11128,11164,1567,1525
8706,8720,11165,11128,11165,1567,1525
8705,8720,11166,11128,11166,1567,1525
8704,8720,11167,11128,11167,1567,1525
8705,8720,11168,11128,11168,1567,1525
8706,8720,11169,11128,11169,1567,1525
8707,8720,11170,11128,11170,1567,1525
8708,8720,11171,11128,11171,1567,1525
8709,8720,11172,11128,11172,1567,1525
8707,8720,11173,11128,11173,1567,1525
8705,8720,11174,11128,11174,1567,1525
8705,8720,11175,11128,11175,1567,1525
8705,8720,11176,11128,11176,1567,1525
8705,8720,11177,11128,11177,1567,1525
8702,8720,11178,11128,11178,1567,1525
8703,8720,11179,11128,11179,1567,1525
8701,8720,11180,11128,11180,1567,1525
8697,8720,11181,11128,11181,1567,1525
8698,8720,11182,11128,11182,1567,1525
8699,8720,11183,11128,11183,1567,1525
8700,8720,11184,11128,11184,1567,1525
8695,8720,11185,11128,11185,1567,1525
8696,8720,11186,11128,11186,1567,1525
8697,8720,11187,11128,11187,1567,1525
8698,8720,11188,11128,11188,1567,1525
8696,8720,11189,11128,11189,1567,1525
8697,8720,11190,11128,11190,1567,1525
8692,8720,11191,11128,11191,1567,1525
8691,8720,11192,11128,11192,1567,1525
8689,8720,11193,11128,11193,1567,1525
8688,8720,11194,11128,11194,1567,1525
8689,8720,11195,11128,11195,1567,1525
8690,8720,11196,11128,11196,1567,1525
8690,8720,11197,11128,11197,1567,1525
8691,8720,11198,11128,11198,1567,1525
8691,8720,11199,11128,11199,1567,1525
8690,8720,11200,11128,11200,1567,1525
8691,8720,11201,11128,11201,1567,1525
8692,8720,11202,11128,11202,1567,1525
8693,8720,11203,11128,11203,1567,1525
8694,8720,11204,11128,11204,1567,1525
8693,8720,11205,11128,11205,1567,1525
8694,8720,11206,11128,11206,1567,1525
8695,8720,11207,11128,11207,1567,1525
8695,8720,11208,11128,11208,1567,1525
8696,8720,11209,11128,11209,1567,1525
8697,8720,11210,11128,11210,1567,1525
8695,8720,11211,11128,11211,1567,1525
8696,8720,11212,11128,11212,1567,1525
8697,8720,11213,11128,11213,1567,1525
8694,8720,11214,11128,11214,1567,1525
8695,8720,11215,11128,11215,1567,1525
8691,8720,11216,11128,11216,1567,1525
8692,8720,11217,11128,11217,1567,1525
8693,8720,11218,11128,11218,1567,1525
8694,8720,11219,11128,11219,1567,1525
8695,8720,11220,11128,11220,1567,1525
8696,8720,11221,11128,11221,1567,1525
8693,8720,11222,11128,11222,1567,1525
8694,8720,11223,11128,11223,1567,1525
8695,8720,11224,11128,11224,1567,1525
8691,8720,11225,11128,11225,1567,1525
8690,8720,11226,11128,11226,1567,1525
8688,8720,11227,11128,11227,1567,1525
8689,8720,11228,11128,11228,1567,1525
8690,8720,11229,11128,11229,1567,1525
8691,8720,11230,11128,11230,1567,1525
8692,8720,11231,11128,11231,1567,1525
8693,8720,11232,11128,11232,1567,1525
8687,8720,11233,11128,11233,1567,1524
8688,8720,11234,11128,11234,1567,1524
8688,8720,11235,11128,11235,1567,1524
8689,8720,11236,11128,11236,1567,1524
8690,8720,11237,11128,11237,1567,1524
8691,8720,11238,11128,11238,1567,1524
8692,8720,11239,11128,11239,1567,1524
8693,8720,11240,11128,11240,1567,1524
8689,8720,11241,11128,11241,1567,1524
8690,8720,11242,11128,11242,1567,1524
8691,8720,11243,11128,11243,1567,1524
8692,8720,11244,11128,11244,1567,1524
8693,8720,11245,11128,11245,1567,1524
8694,8720,11246,11128,11246,1567,1524
8694,8720,11247,11128,11247,1567,1524
8695,8720,11248,11128,11248,1567,1524
8688,8720,11249,11128,11249,1567,1522
8688,8720,11250,11128,11250,1567,1522
8689,8720,11251,11128,11251,1567,1522
8690,8720,11252,11128,11252,1567,1522
8691,8720,11253,11128,11253,1567,1522
8692,8720,11254,11128,11254,1567,1522
8693,8720,11255,11128,11255,1567,1522
8694,8720,11256,11128,11256,1567,1522
8695,8720,11257,11128,11257,1567,1522
8696,8720,11258,11128,11258,1567,1522
8697,8720,11259,11128,11259,1567,1522
8698,8720,11260,11128,11260,1567,1522
8699,8720,11261,11128,11261,1567,1522
8697,8720,11262,11128,11262,1567,1521
8698,8720,11263,11128,11263,1567,1521
8694,8720,11264,11128,11264,1567,1521
8691,8720,11265,11128,11265,1567,1520
8692,8720,11266,11128,11266,1567,1520
8689,8720,11267,11128,11267,1567,1520
8690,8720,11268,11128,11268,1567,1520
8691,8720,11269,11128,11269,1567,1520
8692,8720,11270,11128,11270,1567,1520
8693,8720,11271,11128,11271,1567,1520
8694,8720,11272,11128,11272,1567,1520
8695,8720,11273,11128,11273,1567,1520
8696,8720,11274,11128,11274,1567,1520
8697,8720,11275,11128,11275,1567,1520
8698,8720,11276,11128,11276,1567,1520
8699,8720,11277,11128,11277,1567,1520
8700,8720,11278,11128,11278,1567,1520
8701,8720,11279,11128,11279,1567,1520
8695,8720,11280,11128,11280,1567,1520
8693,8720,11281,11128,11281,1567,1520
8694,8720,11282,11128,11282,1567,1520
8695,8720,11283,11128,11283,1567,1520
8696,8720,11284,11128,11284,1567,1520
8697,8720,11285,11128,11285,1567,1520
8698,8720,11286,11128,11286,1567,1520
8694,8720,11287,11128,11287,1567,1520
8690,8720,11288,11128,11288,1567,1520
8688,8720,11289,11128,11289,1567,1520
8685,8720,11290,11128,11290,1567,1518
8686,8720,11291,11128,11291,1567,1518
8687,8720,11292,11128,11292,1567,1518
8681,8720,11293,11128,11293,1567,1518
8678,8720,11294,11128,11294,1567,1518
8679,8720,11295,11128,11295,1567,1518
8677,8720,11296,11128,11296,1567,1518
8678,8720,11297,11128,11297,1567,1518
8679,8720,11298,11128,11298,1567,1518
8680,8720,11299,11128,11299,1567,1518
8676,8720,11300,11128,11300,1567,1518
8677,8720,11301,11128,11301,1567,1518
8676,8720,11302,11128,11302,1567,1518
8677,8720,11303,11128,11303,1567,1518
8678,8720,11304,11128,11304,1567,1518
8677,8720,11305,11128,11305,1567,1518
8678,8720,11306,11128,11306,1567,1518
8679,8720,11307,11128,11307,1567,1518
8680,8720,11308,11128,11308,1567,1518
8681,8720,11309,11128,11309,1567,1518
8682,8720,11310,11128,11310,1567,1518
8683,8720,11311,11128,11311,1567,1518
8684,8720,11312,11128,11312,1567,1518
8685,8720,11313,11128,11313,1567,1518
8684,8720,11314,11128,11314,1567,1518
8685,8720,11315,11128,11315,1567,1518
8686,8720,11316,11128,11316,1567,1518
8687,8720,11317,11128,11317,1567,1518
8688,8720,11318,11128,11318,1567,1518
8689,8720,11319,11128,11319,1567,1518
8690,8720,11320,11128,11320,1567,1518
8691,8720,11321,11128,11321,1567,1518
8692,8720,11322,11128,11322,1567,1518
8693,8720,11323,11128,11323,1567,1518
8694,8720,11324,11128,11324,1567,1518
8695,8720,11325,11128,11325,1567,1518
8694,8720,11326,11128,11326,1567,1518
8695,8720,11327,11128,11327,1567,1518
8696,8720,11328,11128,11328,1567,1518
8696,8720,11329,11128,11329,1567,1518
8693,8720,11330,11128,11330,1567,1517
8694,8720,11331,11128,11331,1567,1517
8692,8720,11332,11128,11332,1567,1517
8693,8720,11333,11128,11333,1567,1517
8694,8720,11334,11128,11334,1567,1517
8695,8720,11335,11128,11335,1567,1517
8696,8720,11336,11128,11336,1567,1517
8697,8720,11337,11128,11337,1567,1517
8698,8720,11338,11128,11338,1567,1517
8697,8720,11339,11128,11339,1567,1517
8696,8720,11340,11128,11340,1567,1517
8696,8720,11341,11128,11341,1567,1517
8693,8720,11342,11128,11342,1567,1517
8691,8720,11343,11128,11343,1567,1517
8688,8720,11344,11128,11344,1567,1517
8689,8720,11345,11128,11345,1567,1517
8690,8720,11346,11128,11346,1567,1517
8691,8720,11347,11128,11347,1567,1517
8687,8720,11348,11128,11348,1567,1516
8686,8720,11349,11128,11349,1567,1516
8686,8720,11350,11128,11350,1567,1516
8687,8720,11351,11128,11351,1567,1516
8688,8720,11352,11128,11352,1567,1516
8689,8720,11353,11128,11353,1567,1516
8690,8720,11354,11128,11354,1567,1516
8691,8720,11355,11128,11355,1567,1516
8692,8720,11356,11128,11356,1567,1516
8693,8720,11357,11128,11357,1567,1516
8694,8720,11358,11128,11358,1567,1516
8695,8720,11359,11128,11359,1567,1516
8691,8720,11360,11128,11360,1567,1516
8690,8720,11361,11128,11361,1567,1516
8689,8720,11362,11128,11362,1567,1516
8690,8720,11363,11128,11363,1567,1516
8691,8720,11364,11128,11364,1567,1516
8692,8720,11365,11128,11365,1567,1516
8693,8720,11366,11128,11366,1567,1516
8690,8720,11367,11128,11367,1567,1516
8691,8720,11368,11128,11368,1567,1516
8692,8720,11369,11128,11369,1567,1516
8692,8720,11370,11128,11370,1567,1516
8693,8720,11371,11128,11371,1567,1516
8693,8720,11372,11128,11372,1567,1516
8690,8720,11373,11128,11373,1567,1516
8688,8720,11374,11128,11374,1567,1516
8689,8720,11375,11128,11375,1567,1516
8685,8720,11376,11128,11376,1567,1516
8686,8720,11377,11128,11377,1567,1516
8687,8720,11378,11128,11378,1567,1516
8688,8720,11379,11128,11379,1567,1516
8686,8720,11380,11128,11380,1567,1516
8687,8720,11381,11128,11381,1567,1516
8688,8720,11382,11128,11382,1567,1516
8689,8720,11383,11128,11383,1567,1516
8690,8720,11384,11128,11384,1567,1516
8688,8720,11385,11128,11385,1567,1516
8689,8720,11386,11128,11386,1567,1516
8688,8720,11387,11128,11387,1567,1516
8689,8720,11388,11128,11388,1567,1516
8689,8720,11389,11128,11389,1567,1516
8690,8720,11390,11128,11390,1567,1516
8691,8720,11391,11128,11391,1567,1516
8692,8720,11392,11128,11392,1567,1516
8693,8720,11393,11128,11393,1567,1516
8694,8720,11394,11128,11394,1567,1516
8691,8720,11395,11128,11395,1567,1516
8687,8720,11396,11128,11396,1567,1515
8687,8720,11397,11128,11397,1567,1515
8688,8720,11398,11128,11398,1567,1515
8689,8720,11399,11128,11399,1567,1515
8690,8720,11400,11128,11400,1567,1515
8689,8720,11401,11128,11401,1567,1515
8690,8720,11402,11128,11402,1567,1515
8688,8720,11403,11128,11403,1567,1515
8683,8720,11404,11128,11404,1567,1515
8684,8720,11405,11128,11405,1567,1515
8684,8720,11406,11128,11406,1567,1515
8685,8720,11407,11128,11407,1567,1515
8686,8720,11408,11128,11408,1567,1515
8687,8720,11409,11128,11409,1567,1515
8687,8720,11410,11128,11410,1567,1515
8686,8720,11411,11128,11411,1567,1515
8687,8720,11412,11128,11412,1567,1515
8682,8720,11413,11128,11413,1567,1515
8680,8720,11414,11128,11414,1567,1515
8681,8720,11415,11128,11415,1567,1515
8682,8720,11416,11128,11416,1567,1515
8680,8720,11417,11128,11417,1567,1515
8681,8720,11418,11128,11418,1567,1515
8677,8720,11419,11128,11419,1567,1515
8678,8720,11420,11128,11420,1567,1515
8674,8720,11421,11128,11421,1567,1515
8675,8720,11422,11128,11422,1567,1515
8674,8720,11423,11128,11423,1567,1515
8669,8720,11424,11128,11424,1567,1515
8670,8720,11425,11128,11425,1567,1515
8671,8720,11426,11128,11426,1567,1515
8672,8720,11427,11128,11427,1567,1515
8671,8720,11428,11128,11428,1567,1515
8672,8720,11429,11128,11429,1567,1515
8673,8720,11430,11128,11430,1567,1515
8674,8720,11431,11128,11431,1567,1515
8672,8720,11432,11128,11432,1567,1515
8671,8720,11433,11128,11433,1567,1515
8672,8720,11434,11128,11434,1567,1515
8673,8720,11435,11128,11435,1567,1515
8674,8720,11436,11128,11436,1567,1515
8675,8720,11437,11128,11437,1567,1515
8673,8720,11438,11128,11438,1567,1515
8673,8720,11439,11128,11439,1567,1515
8672,8720,11440,11128,11440,1567,1515
8666,8720,11441,11128,11441,1567,1514
8667,8720,11442,11128,11442,1567,1514
8666,8720,11443,11128,11443,1567,1514
8667,8720,11444,11128,11444,1567,1514
8668,8720,11445,11128,11445,1567,1514
8663,8720,11446,11128,11446,1567,1514
8657,8720,11447,11128,11447,1567,1514
8658,8720,11448,11128,11448,1567,1514
8656,8720,11449,11128,11449,1567,1514
8657,8720,11450,11128,11450,1567,1514
8652,8720,11451,11128,11451,1567,1514
8653,8720,11452,11128,11452,1567,1514
8653,8720,11453,11128,11453,1567,1514
8654,8720,11454,11128,11454,1567,1514
8655,8720,11455,11128,11455,1567,1514
8653,8720,11456,11128,11456,1567,1514
8654,8720,11457,11128,11457,1567,1514
8655,8720,11458,11128,11458,1567,1514
8654,8720,11459,11128,11459,1567,1514
8654,8720,11460,11128,11460,1567,1514
8655,8720,11461,11128,11461,1567,1514
8656,8720,11462,11128,11462,1567,1514
8657,8720,11463,11128,11463,1567,1514
8658,8720,11464,11128,11464,1567,1514
8659,8720,11465,11128,11465,1567,1514
8657,8720,11466,11128,11466,1567,1514
8658,8720,11467,11128,11467,1567,1514
8659,8720,11468,11128,11468,1567,1514
8660,8720,11469,11128,11469,1567,1514
8657,8720,11470,11128,11470,1567,1514
8655,8720,11471,11128,11471,1567,1514
8656,8720,11472,11128,11472,1567,1514
8657,8720,11473,11128,11473,1567,1514
8658,8720,11474,11128,11474,1567,1514
8659,8720,11475,11128,11475,1567,1514
8660,8720,11476,11128,11476,1567,1514
8661,8720,11477,11128,11477,1567,1514
8662,8720,11478,11128,11478,1567,1514
8663,8720,11479,11128,11479,1567,1514
8664,8720,11480,11128,11480,1567,1514
8665,8720,11481,11128,11481,1567,1514
8666,8720,11482,11128,11482,1567,1514
8667,8720,11483,11128,11483,1567,1514
8668,8720,11484,11128,11484,1567,1514
8669,8720,11485,11128,11485,1567,1514
8670,8720,11486,11128,11486,1567,1514
8671,8720,11487,11128,11487,1567,1514
8672,8720,11488,11128,11488,1567,1514
8673,8720,11489,11128,11489,1567,1514
8670,8720,11490,11128,11490,1567,1514
8671,8720,11491,11128,11491,1567,1514
8672,8720,11492,11128,11492,1567,1514
8673,8720,11493,11128,11493,1567,1514
8674,8720,11494,11128,11494,1567,1514
8675,8720,11495,11128,11495,1567,1514
8674,8720,11496,11128,11496,1567,1514
8675,8720,11497,11128,11497,1567,1514
8676,8720,11498,11128,11498,1567,1514
8673,8720,11499,11128,11499,1567,1514
8669,8720,11500,11128,11500,1567,1513
8670,8720,11501,11128,11501,1567,1513
8671,8720,11502,11128,11502,1567,1513
8669,8720,11503,11128,11503,1567,1513
8670,8720,11504,11128,11504,1567,1513
8668,8720,11505,11128,11505,1567,1513
8669,8720,11506,11128,11506,1567,1513
8668,8720,11507,11128,11507,1567,1513
8669,8720,11508,11128,11508,1567,1513
8670,8720,11509,11128,11509,1567,1513
8667,8720,11510,11128,11510,1567,1513
8664,8720,11511,11128,11511,1567,1513
8662,8720,11512,11128,11512,1567,1513
8660,8720,11513,11128,11513,1567,1513
8661,8720,11514,11128,11514,1567,1513
8662,8720,11515,11128,11515,1567,1513
8663,8720,11516,11128,11516,1567,1513
8661,8720,11517,11128,11517,1567,1513
8662,8720,11518,11128,11518,1567,1513
8663,8720,11519,11128,11519,1567,1513
8664,8720,11520,11128,11520,1567,1513
8665,8720,11521,11128,11521,1567,1513
8666,8720,11522,11128,11522,1567,1513
8666,8720,11523,11128,11523,1567,1513
8664,8720,11524,11128,11524,1567,1513
8660,8720,11525,11128,11525,1567,1513
8657,8720,11526,11128,11526,1567,1513
8657,8720,11527,11128,11527,1567,1513
8658,8720,11528,11128,11528,1567,1513
8659,8720,11529,11128,11529,1567,1513
8659,8720,11530,11128,11530,1567,1513
8660,8720,11531,11128,11531,1567,1513
8656,8720,11532,11128,11532,1567,1513
8657,8720,11533,11128,11533,1567,1513
8658,8720,11534,11128,11534,1567,1513
8655,8720,11535,11128,11535,1567,1513
8656,8720,11536,11128,11536,1567,1513
8657,8720,11537,11128,11537,1567,1513
8658,8720,11538,11128,11538,1567,1513
8656,8720,11539,11128,11539,1567,1513
8657,8720,11540,11128,11540,1567,1513
8655,8720,11541,11128,11541,1567,1513
8656,8720,11542,11128,11542,1567,1513
8657,8720,11543,11128,11543,1567,1513
8653,8720,11544,11128,11544,1567,1513
8654,8720,11545,11128,11545,1567,1513
8655,8720,11546,11128,11546,1567,1513
8656,8720,11547,11128,11547,1567,1513
8657,8720,11548,11128,11548,1567,1513
8658,8720,11549,11128,11549,1567,1513
8659,8720,11550,11128,11550,1567,1513
8660,8720,11551,11128,11551,1567,1513
8658,8720,11552,11128,11552,1567,1513
8659,8720,11553,11128,11553,1567,1513
8660,8720,11554,11128,11554,1567,1513
8661,8720,11555,11128,11555,1567,1513
8662,8720,11556,11128,11556,1567,1513
8663,8720,11557,11128,11557,1567,1513
8664,8720,11558,11128,11558,1567,1513
8665,8720,11559,11128,11559,1567,1513
8666,8720,11560,11128,11560,1567,1513
8667,8720,11561,11128,11561,1567,1513
8665,8720,11562,11128,11562,1567,1513
8666,8720,11563,11128,11563,1567,1513
8667,8720,11564,11128,11564,1567,1513
8665,8720,11565,11128,11565,1567,1513
8666,8720,11566,11128,11566,1567,1513
8666,8720,11567,11128,11567,1567,1513
8667,8720,11568,11128,11568,1567,1513
8660,8720,11569,11128,11569,1567,1513
8661,8720,11570,11128,11570,1567,1513
8659,8720,11571,11128,11571,1567,1513
8660,8720,11572,11128,11572,1567,1513
8661,8720,11573,11128,11573,1567,1513
8660,8720,11574,11128,11574,1567,1513
8661,8720,11575,11128,11575,1567,1513
8662,8720,11576,11128,11576,1567,1513
8663,8720,11577,11128,11577,1567,1513
8664,8720,11578,11128,11578,1567,1513
8664,8720,11579,11128,11579,1567,1513
8665,8720,11580,11128,11580,1567,1513
8666,8720,11581,11128,11581,1567,1513
8667,8720,11582,11128,11582,1567,1513
8667,8720,11583,11128,11583,1567,1513
8665,8720,11584,11128,11584,1567,1513
8663,8720,11585,11128,11585,1567,1513
8658,8720,11586,11128,11586,1567,1513
8659,8720,11587,11128,11587,1567,1513
8660,8720,11588,11128,11588,1567,1513
8656,8720,11589,11128,11589,1567,1512
8657,8720,11590,11128,11590,1567,1512
8655,8720,11591,11128,11591,1567,1512
8656,8720,11592,11128,11592,1567,1512
8657,8720,11593,11128,11593,1567,1512
8657,8720,11594,11128,11594,1567,1512
8658,8720,11595,11128,11595,1567,1512
8659,8720,11596,11128,11596,1567,1512
8657,8720,11597,11128,11597,1567,1511
8658,8720,11598,11128,11598,1567,1511
8657,8720,11599,11128,11599,1567,1511
8654,8720,11600,11128,11600,1567,1511
8655,8720,11601,11128,11601,1567,1511
8654,8720,11602,11128,11602,1567,1511
8655,8720,11603,11128,11603,1567,1511
8656,8720,11604,11128,11604,1567,1511
8657,8720,11605,11128,11605,1567,1511
8658,8720,11606,11128,11606,1567,1511
8659,8720,11607,11128,11607,1567,1511
8660,8720,11608,11128,11608,1567,1511
8661,8720,11609,11128,11609,1567,1511
8662,8720,11610,11128,11610,1567,1511
8660,8720,11611,11128,11611,1567,1511
8661,8720,11612,11128,11612,1567,1511
8662,8720,11613,11128,11613,1567,1511
8662,8720,11614,11128,11614,1567,1511
8663,8720,11615,11128,11615,1567,1511
8664,8720,11616,11128,11616,1567,1511
8665,8720,11617,11128,11617,1567,1511
8659,8720,11618,11128,11618,1567,1510
8658,8720,11619,11128,11619,1567,1510
8658,8720,11620,11128,11620,1567,1510
8659,8720,11621,11128,11621,1567,1510
8660,8720,11622,11128,11622,1567,1510
8661,8720,11623,11128,11623,1567,1510
8662,8720,11624,11128,11624,1567,1510
8663,8720,11625,11128,11625,1567,1510
8660,8720,11626,11128,11626,1567,1510
8656,8720,11627,11128,11627,1567,1510
8655,8720,11628,11128,11628,1567,1510
8656,8720,11629,11128,11629,1567,1510
8656,8720,11630,11128,11630,1567,1510
8657,8720,11631,11128,11631,1567,1510
8655,8720,11632,11128,11632,1567,1510
8654,8720,11633,11128,11633,1567,1510
8649,8720,11634,11128,11634,1567,1509
8650,8720,11635,11128,11635,1567,1509
8651,8720,11636,11128,11636,1567,1509
8651,8720,11637,11128,11637,1567,1509
8652,8720,11638,11128,11638,1567,1509
8646,8720,11639,11128,11639,1567,1509
8647,8720,11640,11128,11640,1567,1509
8644,8720,11641,11128,11641,1567,1509
8645,8720,11642,11128,11642,1567,1509
8646,8720,11643,11128,11643,1567,1509
8647,8720,11644,11128,11644,1567,1509
8645,8720,11645,11128,11645,1567,1509
8646,8720,11646,11128,11646,1567,1509
8645,8720,11647,11128,11647,1567,1509
8646,8720,11648,11128,11648,1567,1509
8644,8720,11649,11128,11649,1567,1509
8644,8720,11650,11128,11650,1567,1509
8645,8720,11651,11128,11651,1567,1509
8641,8720,11652,11128,11652,1567,1509
8642,8720,11653,11128,11653,1567,1509
8638,8720,11654,11128,11654,1567,1509
8639,8720,11655,11128,11655,1567,1509
8640,8720,11656,11128,11656,1567,1509
8639,8720,11657,11128,11657,1567,1509
8640,8720,11658,11128,11658,1567,1509
8637,8720,11659,11128,11659,1567,1509
8638,8720,11660,11128,11660,1567,1509
8633,8720,11661,11128,11661,1567,1509
8634,8720,11662,11128,11662,1567,1509
8635,8720,11663,11128,11663,1567,1509
8635,8720,11664,11128,11664,1567,1509
8636,8720,11665,11128,11665,1567,1509
8637,8720,11666,11128,11666,1567,1509
8638,8720,11667,11128,11667,1567,1509
8639,8720,11668,11128,11668,1567,1509
8640,8720,11669,11128,11669,1567,1509
8641,8720,11670,11128,11670,1567,1509
8642,8720,11671,11128,11671,1567,1509
8641,8720,11672,11128,11672,1567,1509
8642,8720,11673,11128,11673,1567,1509
8643,8720,11674,11128,11674,1567,1509
8644,8720,11675,11128,11675,1567,1509
8644,8720,11676,11128,11676,1567,1509
8642,8720,11677,11128,11677,1567,1509
8643,8720,11678,11128,11678,1567,1509
8639,8720,11679,11128,11679,1567,1509
8640,8720,11680,11128,11680,1567,1509
8641,8720,11681,11128,11681,1567,1509
8640,8720,11682,11128,11682,1567,1509
8641,8720,11683,11128,11683,1567,1509
8642,8720,11684,11128,11684,1567,1509
8643,8720,11685,11128,11685,1567,1509
8642,8720,11686,11128,11686,1567,1509
8643,8720,11687,11128,11687,1567,1509
8642,8720,11688,11128,11688,1567,1509
8643,8720,11689,11128,11689,1567,1509
8644,8720,11690,11128,11690,1567,1509
8645,8720,11691,11128,11691,1567,1509
8646,8720,11692,11128,11692,1567,1509
8647,8720,11693,11128,11693,1567,1509
8645,8720,11694,11128,11694,1567,1509
8640,8720,11695,11128,11695,1567,1509
8641,8720,11696,11128,11696,1567,1509
8637,8720,11697,11128,11697,1567,1509
8638,8720,11698,11128,11698,1567,1509
8636,8720,11699,11128,11699,1567,1509
8636,8720,11700,11128,11700,1567,1509
8636,8720,11701,11128,11701,1567,1509
8637,8720,11702,11128,11702,1567,1509
8636,8720,11703,11128,11703,1567,1509
8637,8720,11704,11128,11704,1567,1509
8638,8720,11705,11128,11705,1567,1509
8635,8720,11706,11128,11706,1567,1509
8633,8720,11707,11128,11707,1567,1509
8632,8720,11708,11128,11708,1567,1509
8633,8720,11709,11128,11709,1567,1509
8634,8720,11710,11128,11710,1567,1509
8635,8720,11711,11128,11711,1567,1509
8631,8720,11712,11128,11712,1567,1509
8632,8720,11713,11128,11713,1567,1509
8633,8720,11714,11128,11714,1567,1509
8634,8720,11715,11128,11715,1567,1509
8630,8720,11716,11128,11716,1567,1509
8627,8720,11717,11128,11717,1567,1509
8625,8720,11718,11128,11718,1567,1509
8626,8720,11719,11128,11719,1567,1509
8627,8720,11720,11128,11720,1567,1509
8626,8720,11721,11128,11721,1567,1509
8627,8720,11722,11128,11722,1567,1509
8622,8720,11723,11128,11723,1567,1509
8617,8720,11724,11128,11724,1567,1509
8616,8720,11725,11128,11725,1567,1509
8614,8720,11726,11128,11726,1567,1509
8614,8720,11727,11128,11727,1567,1509
8615,8720,11728,11128,11728,1567,1509
8614,8720,11729,11128,11729,1567,1509
8615,8720,11730,11128,11730,1567,1509
8616,8720,11731,11128,11731,1567,1509
8617,8720,11732,11128,11732,1567,1509
8618,8720,11733,11128,11733,1567,1509
8616,8720,11734,11128,11734,1567,1508
8612,8720,11735,11128,11735,1567,1508
8613,8720,11736,11128,11736,1567,1508
8614,8720,11737,11128,11737,1567,1508
8615,8720,11738,11128,11738,1567,1508
8609,8720,11739,11128,11739,1567,1508
8607,8720,11740,11128,11740,1567,1508
8608,8720,11741,11128,11741,1567,1508
8602,8720,11742,11128,11742,1567,1508
8599,8720,11743,11128,11743,1567,1508
8600,8720,11744,11128,11744,1567,1508
8601,8720,11745,11128,11745,1567,1508
8602,8720,11746,11128,11746,1567,1508
8599,8720,11747,11128,11747,1567,1507
8596,8720,11748,11128,11748,1567,1507
8593,8720,11749,11128,11749,1567,1507
8588,8720,11750,11128,11750,1567,1507
8589,8720,11751,11128,11751,1567,1507
8590,8720,11752,11128,11752,1567,1507
8591,8720,11753,11128,11753,1567,1507
8592,8720,11754,11128,11754,1567,1507
8593,8720,11755,11128,11755,1567,1507
8588,8720,11756,11128,11756,1567,1506
8589,8720,11757,11128,11757,1567,1506
8590,8720,11758,11128,11758,1567,1506
8591,8720,11759,11128,11759,1567,1506
8587,8720,11760,11128,11760,1567,1506
8588,8720,11761,11128,11761,1567,1506
8588,8720,11762,11128,11762,1567,1506
8589,8720,11763,11128,11763,1567,1506
8590,8720,11764,11128,11764,1567,1506
8588,8720,11765,11128,11765,1567,1506
8588,8720,11766,11128,11766,1567,1506
8589,8720,11767,11128,11767,1567,1506
8589,8720,11768,11128,11768,1567,1506
8590,8720,11769,11128,11769,1567,1506
8591,8720,11770,11128,11770,1567,1506
8591,8720,11771,11128,11771,1567,1506
8592,8720,11772,11128,11772,1567,1506
8592,8720,11773,11128,11773,1567,1506
8593,8720,11774,11128,11774,1567,1506
8594,8720,11775,11128,11775,1567,1506
8594,8720,11776,11128,11776,1567,1506
8595,8720,11777,11128,11777,1567,1506
8596,8720,11778,11128,11778,1567,1506
8597,8720,11779,11128,11779,1567,1506
8597,8720,11780,11128,11780,1567,1506
8594,8720,11781,11128,11781,1567,1506
8595,8720,11782,11128,11782,1567,1506
8590,8720,11783,11128,11783,1567,1506
8591,8720,11784,11128,11784,1567,1506
8588,8720,11785,11128,11785,1567,1506
8589,8720,11786,11128,11786,1567,1506
8583,8720,11787,11128,11787,1567,1505
8584,8720,11788,11128,11788,1567,1505
8585,8720,11789,11128,11789,1567,1505
8581,8720,11790,11128,11790,1567,1504
8581,8720,11791,11128,11791,1567,1504
8582,8720,11792,11128,11792,1567,1504
8583,8720,11793,11128,11793,1567,1504
8584,8720,11794,11128,11794,1567,1504
8582,8720,11795,11128,11795,1567,1504
8583,8720,11796,11128,11796,1567,1504
8584,8720,11797,11128,11797,1567,1504
8585,8720,11798,11128,11798,1567,1504
8586,8720,11799,11128,11799,1567,1504
8584,8720,11800,11128,11800,1567,1504
8585,8720,11801,11128,11801,1567,1504
8584,8720,11802,11128,11802,1567,1504
8585,8720,11803,11128,11803,1567,1504
8586,8720,11804,11128,11804,1567,1504
8587,8720,11805,11128,11805,1567,1504
8586,8720,11806,11128,11806,1567,1504
8587,8720,11807,11128,11807,1567,1504
8588,8720,11808,11128,11808,1567,1504
8589,8720,11809,11128,11809,1567,1504
8590,8720,11810,11128,11810,1567,1504
8587,8720,11811,11128,11811,1567,1504
8584,8720,11812,11128,11812,1567,1504
8584,8720,11813,11128,11813,1567,1504
8585,8720,11814,11128,11814,1567,1504
8586,8720,11815,11128,11815,1567,1504
8587,8720,11816,11128,11816,1567,1504
8588,8720,11817,11128,11817,1567,1504
8589,8720,11818,11128,11818,1567,1504
8589,8720,11819,11128,11819,1567,1504
8586,8720,11820,11128,11820,1567,1504
8583,8720,11821,11128,11821,1567,1504
8584,8720,11822,11128,11822,1567,1504
8581,8720,11823,11128,11823,1567,1504
8582,8720,11824,11128,11824,1567,1504
8583,8720,11825,11128,11825,1567,1504
8584,8720,11826,11128,11826,1567,1504
8585,8720,11827,11128,11827,1567,1504
8586,8720,11828,11128,11828,1567,1504
8587,8720,11829,11128,11829,1567,1504
8588,8720,11830,11128,11830,1567,1504
8586,8720,11831,11128,11831,1567,1504
8587,8720,11832,11128,11832,1567,1504
8587,8720,11833,11128,11833,1567,1504
8588,8720,11834,11128,11834,1567,1504
8589,8720,11835,11128,11835,1567,1504
8587,8720,11836,11128,11836,1567,1504
8588,8720,11837,11128,11837,1567,1504
8588,8720,11838,11128,11838,1567,1504
8584,8720,11839,11128,11839,1567,1504
8584,8720,11840,11128,11840,1567,1504
8585,8720,11841,11128,11841,1567,1504
8585,8720,11842,11128,11842,1567,1504
8584,8720,11843,11128,11843,1567,1504
8585,8720,11844,11128,11844,1567,1504
8586,8720,11845,11128,11845,1567,1504
8583,8720,11846,11128,11846,1567,1504
8584,8720,11847,11128,11847,1567,1504
8580,8720,11848,11128,11848,1567,1504
8579,8720,11849,11128,11849,1567,1504
8580,8720,11850,11128,11850,1567,1504
8581,8720,11851,11128,11851,1567,1504
8577,8720,11852,11128,11852,1567,1504
8578,8720,11853,11128,11853,1567,1504
8575,8720,11854,11128,11854,1567,1504
8576,8720,11855,11128,11855,1567,1504
8577,8720,11856,11128,11856,1567,1504
8578,8720,11857,11128,11857,1567,1504
8579,8720,11858,11128,11858,1567,1504
8580,8720,11859,11128,11859,1567,1504
8575,8720,11860,11128,11860,1567,1504
8574,8720,11861,11128,11861,1567,1504
8575,8720,11862,11128,11862,1567,1504
8573,8720,11863,11128,11863,1567,1504
8574,8720,11864,11128,11864,1567,1504
8570,8720,11865,11128,11865,1567,1504
8571,8720,11866,11128,11866,1567,1504
8569,8720,11867,11128,11867,1567,1504
8570,8720,11868,11128,11868,1567,1504
8571,8720,11869,11128,11869,1567,1504
8572,8720,11870,11128,11870,1567,1504
8573,8720,11871,11128,11871,1567,1504
8574,8720,11872,11128,11872,1567,1504
8569,8720,11873,11128,11873,1567,1504
8565,8720,11874,11128,11874,1567,1504
8566,8720,11875,11128,11875,1567,1504
8566,8720,11876,11128,11876,1567,1504
8567,8720,11877,11128,11877,1567,1504
8563,8720,11878,11128,11878,1567,1504
8564,8720,11879,11128,11879,1567,1504
8560,8720,11880,11128,11880,1567,1503
8561,8720,11881,11128,11881,1567,1503
8562,8720,11882,11128,11882,1567,1503
8563,8720,11883,11128,11883,1567,1503
8564,8720,11884,11128,11884,1567,1503
8565,8720,11885,11128,11885,1567,1503
8566,8720,11886,11128,11886,1567,1503
8564,8720,11887,11128,11887,1567,1503
8562,8720,11888,11128,11888,1567,1503
8563,8720,11889,11128,11889,1567,1503
8564,8720,11890,11128,11890,1567,1503
8565,8720,11891,11128,11891,1567,1503
8566,8720,11892,11128,11892,1567,1503
8567,8720,11893,11128,11893,1567,1503
8568,8720,11894,11128,11894,1567,1503
8567,8720,11895,11128,11895,1567,1503
8568,8720,11896,11128,11896,1567,1503
8569,8720,11897,11128,11897,1567,1503
8570,8720,11898,11128,11898,1567,1503
8567,8720,11899,11128,11899,1567,1503
8568,8720,11900,11128,11900,1567,1503
8569,8720,11901,11128,11901,1567,1503
8568,8720,11902,11128,11902,1567,1503
8569,8720,11903,11128,11903,1567,1503
8570,8720,11904,11128,11904,1567,1503
8570,8720,11905,11128,11905,1567,1503
8571,8720,11906,11128,11906,1567,1503
8572,8720,11907,11128,11907,1567,1503
8573,8720,11908,11128,11908,1567,1503
8572,8720,11909,11128,11909,1567,1503
8573,8720,11910,11128,11910,1567,1503
8574,8720,11911,11128,11911,1567,1503
8572,8720,11912,11128,11912,1567,1503
8573,8720,11913,11128,11913,1567,1503
8572,8720,11914,11128,11914,1567,1503
8573,8720,11915,11128,11915,1567,1503
8574,8720,11916,11128,11916,1567,1503
8575,8720,11917,11128,11917,1567,1503
8576,8720,11918,11128,11918,1567,1503
8576,8720,11919,11128,11919,1567,1503
8577,8720,11920,11128,11920,1567,1503
8576,8720,11921,11128,11921,1567,1503
8577,8720,11922,11128,11922,1567,1503
8578,8720,11923,11128,11923,1567,1503
8579,8720,11924,11128,11924,1567,1503
8580,8720,11925,11128,11925,1567,1503
8581,8720,11926,11128,11926,1567,1503
8582,8720,11927,11128,11927,1567,1503
8583,8720,11928,11128,11928,1567,1503
8584,8720,11929,11128,11929,1567,1503
8585,8720,11930,11128,11930,1567,1503
8586,8720,11931,11128,11931,1567,1503
8587,8720,11932,11128,11932,1567,1503
8588,8720,11933,11128,11933,1567,1503
8589,8720,11934,11128,11934,1567,1503
8589,8720,11935,11128,11935,1567,1503
8590,8720,11936,11128,11936,1567,1503
8591,8720,11937,11128,11937,1567,1503
8592,8720,11938,11128,11938,1567,1503
8592,8720,11939,11128,11939,1567,1503
8592,8720,11940,11128,11940,1567,1503
8593,8720,11941,11128,11941,1567,1503
8593,8720,11942,11128,11942,1567,1503
8594,8720,11943,11128,11943,1567,1503
8595,8720,11944,11128,11944,1567,1503
8593,8720,11945,11128,11945,1567,1503
8590,8720,11946,11128,11946,1567,1503
8591,8720,11947,11128,11947,1567,1503
8592,8720,11948,11128,11948,1567,1503
8589,8720,11949,11128,11949,1567,1503
8590,8720,11950,11128,11950,1567,1503
8590,8720,11951,11128,11951,1567,1503
8591,8720,11952,11128,11952,1567,1503
8592,8720,11953,11128,11953,1567,1503
8593,8720,11954,11128,11954,1567,1503
8594,8720,11955,11128,11955,1567,1503
8595,8720,11956,11128,11956,1567,1503
8593,8720,11957,11128,11957,1567,1503
8594,8720,11958,11128,11958,1567,1503
8595,8720,11959,11128,11959,1567,1503
8596,8720,11960,11128,11960,1567,1503
8597,8720,11961,11128,11961,1567,1503
8598,8720,11962,11128,11962,1567,1503
8599,8720,11963,11128,11963,1567,1503
8600,8720,11964,11128,11964,1567,1503
8601,8720,11965,11128,11965,1567,1503
8598,8720,11966,11128,11966,1567,1502
8599,8720,11967,11128,11967,1567,1502
8596,8720,11968,11128,11968,1567,1502
8597,8720,11969,11128,11969,1567,1502
8598,8720,11970,11128,11970,1567,1502
8599,8720,11971,11128,11971,1567,1502
8600,8720,11972,11128,11972,1567,1502
8599,8720,11973,11128,11973,1567,1502
8598,8720,11974,11128,11974,1567,1502
8599,8720,11975,11128,11975,1567,1502
8600,8720,11976,11128,11976,1567,1502
8601,8720,11977,11128,11977,1567,1502
8602,8720,11978,11128,11978,1567,1502
8603,8720,11979,11128,11979,1567,1502
8604,8720,11980,11128,11980,1567,1502
8605,8720,11981,11128,11981,1567,1502
8605,8720,11982,11128,11982,1567,1502
8605,8720,11983,11128,11983,1567,1502
8605,8720,11984,11128,11984,1567,1502
8606,8720,11985,11128,11985,1567,1502
8607,8720,11986,11128,11986,1567,1502
8608,8720,11987,11128,11987,1567,1502
8605,8720,11988,11128,11988,1567,1502
8606,8720,11989,11128,11989,1567,1502
8607,8720,11990,11128,11990,1567,1502
8608,8720,11991,11128,11991,1567,1502
8608,8720,11992,11128,11992,1567,1502
8609,8720,11993,11128,11993,1567,1502
8610,8720,11994,11128,11994,1567,1502
8607,8720,11995,11128,11995,1567,1502
8608,8720,11996,11128,11996,1567,1502
8609,8720,11997,11128,11997,1567,1502
8610,8720,11998,11128,11998,1567,1502
8611,8720,11999,11128,11999,1567,1502
8612,8720,12000,11128,12000,1567,1502
8611,8720,12001,11128,12001,1567,1502
8609,8720,12002,11128,12002,1567,1502
8610,8720,12003,11128,12003,1567,1502
8611,8720,12004,11128,12004,1567,1502
8612,8720,12005,11128,12005,1567,1502
8613,8720,12006,11128,12006,1567,1502
8614,8720,12007,11128,12007,1567,1502
8615,8720,12008,11128,12008,1567,1502
8616,8720,12009,11128,12009,1567,1502
8617,8720,12010,11128,12010,1567,1502
8616,8720,12011,11128,12011,1567,1502
8617,8720,12012,11128,12012,1567,1502
8618,8720,12013,11128,12013,1567,1502
8619,8720,12014,11128,12014,1567,1502
8620,8720,12015,11128,12015,1567,1502
8621,8720,12016,11128,12016,1567,1502
8619,8720,12017,11128,12017,1567,1502
8620,8720,12018,11128,12018,1567,1502
8621,8720,12019,11128,12019,1567,1502
8621,8720,12020,11128,12020,1567,1502
8617,8720,12021,11128,12021,1567,1502
8614,8720,12022,11128,12022,1567,1502
8615,8720,12023,11128,12023,1567,1502
8616,8720,12024,11128,12024,1567,1502
8612,8720,12025,11128,12025,1567,1502
8613,8720,12026,11128,12026,1567,1502
8614,8720,12027,11128,12027,1567,1502
8615,8720,12028,11128,12028,1567,1502
8614,8720,12029,11128,12029,1567,1502
8615,8720,12030,11128,12030,1567,1502
8615,8720,12031,11128,12031,1567,1502
8615,8720,12032,11128,12032,1567,1502
8616,8720,12033,11128,12033,1567,1502
8615,8720,12034,11128,12034,1567,1502
8613,8720,12035,11128,12035,1567,1502
8614,8720,12036,11128,12036,1567,1502
8615,8720,12037,11128,12037,1567,1502
8616,8720,12038,11128,12038,1567,1502
8617,8720,12039,11128,12039,1567,1502
8618,8720,12040,11128,12040,1567,1502
8619,8720,12041,11128,12041,1567,1502
8620,8720,12042,11128,12042,1567,1502
8618,8720,12043,11128,12043,1567,1502
8618,8720,12044,11128,12044,1567,1502
8619,8720,12045,11128,12045,1567,1502
8620,8720,12046,11128,12046,1567,1502
8621,8720,12047,11128,12047,1567,1502
8622,8720,12048,11128,12048,1567,1502
8623,8720,12049,11128,12049,1567,1502
8624,8720,12050,11128,12050,1567,1502
8625,8720,12051,11128,12051,1567,1502
8626,8720,12052,11128,12052,1567,1502
8625,8720,12053,11128,12053,1567,1502
8623,8720,12054,11128,12054,1567,1502
8624,8720,12055,11128,12055,1567,1502
8625,8720,12056,11128,12056,1567,1502
8626,8720,12057,11128,12057,1567,1502
8623,8720,12058,11128,12058,1567,1502
8624,8720,12059,11128,12059,1567,1502
8623,8720,12060,11128,12060,1567,1502
8619,8720,12061,11128,12061,1567,1502
8620,8720,12062,11128,12062,1567,1502
8621,8720,12063,11128,12063,1567,1502
8622,8720,12064,11128,12064,1567,1502
8623,8720,12065,11128,12065,1567,1502
8624,8720,12066,11128,12066,1567,1502
8624,8720,12067,11128,12067,1567,1502
8625,8720,12068,11128,12068,1567,1502
8623,8720,12069,11128,12069,1567,1502
8624,8720,12070,11128,12070,1567,1502
8625,8720,12071,11128,12071,1567,1502
8626,8720,12072,11128,12072,1567,1502
8626,8720,12073,11128,12073,1567,1502
8624,8720,12074,11128,12074,1567,1502
8625,8720,12075,11128,12075,1567,1502
8626,8720,12076,11128,12076,1567,1502
8627,8720,12077,11128,12077,1567,1502
8625,8720,12078,11128,12078,1567,1502
8626,8720,12079,11128,12079,1567,1502
8627,8720,12080,11128,12080,1567,1502
8628,8720,12081,11128,12081,1567,1502
8624,8720,12082,11128,12082,1567,1501
8625,8720,12083,11128,12083,1567,1501
8625,8720,12084,11128,12084,1567,1501
8626,8720,12085,11128,12085,1567,1501
8627,8720,12086,11128,12086,1567,1501
8627,8720,12087,11128,12087,1567,1501
8628,8720,12088,11128,12088,1567,1501
8623,8720,12089,11128,12089,1567,1501
8622,8720,12090,11128,12090,1567,1501
8623,8720,12091,11128,12091,1567,1501
8624,8720,12092,11128,12092,1567,1501
8625,8720,12093,11128,12093,1567,1501
8626,8720,12094,11128,12094,1567,1501
8627,8720,12095,11128,12095,1567,1501
8628,8720,12096,11128,12096,1567,1501
8629,8720,12097,11128,12097,1567,1501
8630,8720,12098,11128,12098,1567,1501
8631,8720,12099,11128,12099,1567,1501
8632,8720,12100,11128,12100,1567,1501
8633,8720,12101,11128,12101,1567,1501
8627,8720,12102,11128,12102,1567,1501
8628,8720,12103,11128,12103,1567,1501
8626,8720,12104,11128,12104,1567,1500
8626,8720,12105,11128,12105,1567,1500
8627,8720,12106,11128,12106,1567,1500
8628,8720,12107,11128,12107,1567,1500
8623,8720,12108,11128,12108,1567,1500
8624,8720,12109,11128,12109,1567,1500
8625,8720,12110,11128,12110,1567,1500
8624,8720,12111,11128,12111,1567,1500
8625,8720,12112,11128,12112,1567,1500
8626,8720,12113,11128,12113,1567,1500
8625,8720,12114,11128,12114,1567,1500
8626,8720,12115,11128,12115,1567,1500
8626,8720,12116,11128,12116,1567,1500
8627,8720,12117,11128,12117,1567,1500
8628,8720,12118,11128,12118,1567,1500
8629,8720,12119,11128,12119,1567,1500
8626,8720,12120,11128,12120,1567,1500
8627,8720,12121,11128,12121,1567,1500
8624,8720,12122,11128,12122,1567,1500
8622,8720,12123,11128,12123,1567,1500
8623,8720,12124,11128,12124,1567,1500
8624,8720,12125,11128,12125,1567,1500
8625,8720,12126,11128,12126,1567,1500
8626,8720,12127,11128,12127,1567,1500
8627,8720,12128,11128,12128,1567,1500
8628,8720,12129,11128,12129,1567,1500
8629,8720,12130,11128,12130,1567,1500
8628,8720,12131,11128,12131,1567,1500
8626,8720,12132,11128,12132,1567,1500
8623,8720,12133,11128,12133,1567,1500
8624,8720,12134,11128,12134,1567,1500
8622,8720,12135,11128,12135,1567,1500
8623,8720,12136,11128,12136,1567,1500
8624,8720,12137,11128,12137,1567,1500
8625,8720,12138,11128,12138,1567,1500
8626,8720,12139,11128,12139,1567,1500
8625,8720,12140,11128,12140,1567,1500
8626,8720,12141,11128,12141,1567,1500
8624,8720,12142,11128,12142,1567,1500
8624,8720,12143,11128,12143,1567,1500
8625,8720,12144,11128,12144,1567,1500
8620,8720,12145,11128,12145,1567,1500
8621,8720,12146,11128,12146,1567,1500
8621,8720,12147,11128,12147,1567,1500
8622,8720,12148,11128,12148,1567,1500
8623,8720,12149,11128,12149,1567,1500
8624,8720,12150,11128,12150,1567,1500
8625,8720,12151,11128,12151,1567,1500
8622,8720,12152,11128,12152,1567,1500
8623,8720,12153,11128,12153,1567,1500
8624,8720,12154,11128,12154,1567,1500
8625,8720,12155,11128,12155,1567,1500
8626,8720,12156,11128,12156,1567,1500
8627,8720,12157,11128,12157,1567,1500
8623,8720,12158,11128,12158,1567,1500
8623,8720,12159,11128,12159,1567,1500
8621,8720,12160,11128,12160,1567,1500
8622,8720,12161,11128,12161,1567,1500
8623,8720,12162,11128,12162,1567,1500
8624,8720,12163,11128,12163,1567,1500
8625,8720,12164,11128,12164,1567,1500
8622,8720,12165,11128,12165,1567,1500
8623,8720,12166,11128,12166,1567,1500
8624,8720,12167,11128,12167,1567,1500
8625,8720,12168,11128,12168,1567,1500
8624,8720,12169,11128,12169,1567,1500
8625,8720,12170,11128,12170,1567,1500
8626,8720,12171,11128,12171,1567,1500
8627,8720,12172,11128,12172,1567,1500
8628,8720,12173,11128,12173,1567,1500
8629,8720,12174,11128,12174,1567,1500
8625,8720,12175,11128,12175,1567,1499
8626,8720,12176,11128,12176,1567,1499
8623,8720,12177,11128,12177,1567,1499
8624,8720,12178,11128,12178,1567,1499
8625,8720,12179,11128,12179,1567,1499
8625,8720,12180,11128,12180,1567,1499
8626,8720,12181,11128,12181,1567,1499
8627,8720,12182,11128,12182,1567,1499
8628,8720,12183,11128,12183,1567,1499
8629,8720,12184,11128,12184,1567,1499
8630,8720,12185,11128,12185,1567,1499
8631,8720,12186,11128,12186,1567,1499
8628,8720,12187,11128,12187,1567,1499
8629,8720,12188,11128,12188,1567,1499
8630,8720,12189,11128,12189,1567,1499
8631,8720,12190,11128,12190,1567,1499
8630,8720,12191,11128,12191,1567,1499
8631,8720,12192,11128,12192,1567,1499
8632,8720,12193,11128,12193,1567,1499
8633,8720,12194,11128,12194,1567,1499
8634,8720,12195,11128,12195,1567,1499
8631,8720,12196,11128,12196,1567,1499
8631,8720,12197,11128,12197,1567,1499
8627,8720,12198,11128,12198,1567,1499
8628,8720,12199,11128,12199,1567,1499
8629,8720,12200,11128,12200,1567,1499
8630,8720,12201,11128,12201,1567,1499
8631,8720,12202,11128,12202,1567,1499
8628,8720,12203,11128,12203,1567,1499
8629,8720,12204,11128,12204,1567,1499
8630,8720,12205,11128,12205,1567,1499
8630,8720,12206,11128,12206,1567,1499
8631,8720,12207,11128,12207,1567,1499
8632,8720,12208,11128,12208,1567,1499
8632,8720,12209,11128,12209,1567,1499
8633,8720,12210,11128,12210,1567,1499
8630,8720,12211,11128,12211,1567,1499
8630,8720,12212,11128,12212,1567,1499
8631,8720,12213,11128,12213,1567,1499
8629,8720,12214,11128,12214,1567,1499
8627,8720,12215,11128,12215,1567,1499
8624,8720,12216,11128,12216,1567,1499
8625,8720,12217,11128,12217,1567,1499
8623,8720,12218,11128,12218,1567,1499
8620,8720,12219,11128,12219,1567,1499
8617,8720,12220,11128,12220,1567,1499
8618,8720,12221,11128,12221,1567,1499
8619,8720,12222,11128,12222,1567,1499
8620,8720,12223,11128,12223,1567,1499
8619,8720,12224,11128,12224,1567,1499
8618,8720,12225,11128,12225,1567,1499
8619,8720,12226,11128,12226,1567,1499
8612,8720,12227,11128,12227,1567,1499
8613,8720,12228,11128,12228,1567,1499
8611,8720,12229,11128,12229,1567,1499
8608,8720,12230,11128,12230,1567,1499
8609,8720,12231,11128,12231,1567,1499
8610,8720,12232,11128,12232,1567,1499
8611,8720,12233,11128,12233,1567,1499
8612,8720,12234,11128,12234,1567,1499
8609,8720,12235,11128,12235,1567,1499
8608,8720,12236,11128,12236,1567,1499
8606,8720,12237,11128,12237,1567,1499
8604,8720,12238,11128,12238,1567,1499
8605,8720,12239,11128,12239,1567,1499
8606,8720,12240,11128,12240,1567,1499
8607,8720,12241,11128,12241,1567,1499
8607,8720,12242,11128,12242,1567,1499
8606,8720,12243,11128,12243,1567,1499
8607,8720,12244,11128,12244,1567,1499
8604,8720,12245,11128,12245,1567,1499
8600,8720,12246,11128,12246,1567,1499
8597,8720,12247,11128,12247,1567,1498
8598,8720,12248,11128,12248,1567,1498
8599,8720,12249,11128,12249,1567,1498
8600,8720,12250,11128,12250,1567,1498
8596,8720,12251,11128,12251,1567,1498
8594,8720,12252,11128,12252,1567,1498
8595,8720,12253,11128,12253,1567,1498
8595,8720,12254,11128,12254,1567,1498
8592,8720,12255,11128,12255,1567,1498
8593,8720,12256,11128,12256,1567,1498
8594,8720,12257,11128,12257,1567,1498
8595,8720,12258,11128,12258,1567,1498
8592,8720,12259,11128,12259,1567,1498
8593,8720,12260,11128,12260,1567,1498
8594,8720,12261,11128,12261,1567,1498
8595,8720,12262,11128,12262,1567,1498
8595,8720,12263,11128,12263,1567,1498
8595,8720,12264,11128,12264,1567,1498
8596,8720,12265,11128,12265,1567,1498
8597,8720,12266,11128,12266,1567,1498
8598,8720,12267,11128,12267,1567,1498
8599,8720,12268,11128,12268,1567,1498
8600,8720,12269,11128,12269,1567,1498
8598,8720,12270,11128,12270,1567,1498
8598,8720,12271,11128,12271,1567,1498
8598,8720,12272,11128,12272,1567,1498
8599,8720,12273,11128,12273,1567,1498
8600,8720,12274,11128,12274,1567,1498
8597,8720,12275,11128,12275,1567,1498
8594,8720,12276,11128,12276,1567,1498
8595,8720,12277,11128,12277,1567,1498
8596,8720,12278,11128,12278,1567,1498
8597,8720,12279,11128,12279,1567,1498
8598,8720,12280,11128,12280,1567,1498
8599,8720,12281,11128,12281,1567,1498
8600,8720,12282,11128,12282,1567,1498
8601,8720,12283,11128,12283,1567,1498
8602,8720,12284,11128,12284,1567,1498
8603,8720,12285,11128,12285,1567,1498
8604,8720,12286,11128,12286,1567,1498
8605,8720,12287,11128,12287,1567,1498
8606,8720,12288,11128,12288,1567,1498
8605,8720,12289,11128,12289,1567,1498
8606,8720,12290,11128,12290,1567,1498
8607,8720,12291,11128,12291,1567,1498
8602,8720,12292,11128,12292,1567,1497
8603,8720,12293,11128,12293,1567,1497
8604,8720,12294,11128,12294,1567,1497
8602,8720,12295,11128,12295,1567,1497
8603,8720,12296,11128,12296,1567,1497
8604,8720,12297,11128,12297,1567,1497
8600,8720,12298,11128,12298,1567,1496
8601,8720,12299,11128,12299,1567,1496
8602,8720,12300,11128,12300,1567,1496
8603,8720,12301,11128,12301,1567,1496
8604,8720,12302,11128,12302,1567,1496
8605,8720,12303,11128,12303,1567,1496
8606,8720,12304,11128,12304,1567,1496
8607,8720,12305,11128,12305,1567,1496
8608,8720,12306,11128,12306,1567,1496
8609,8720,12307,11128,12307,1567,1496
8610,8720,12308,11128,12308,1567,1496
8608,8720,12309,11128,12309,1567,1496
8609,8720,12310,11128,12310,1567,1496
8610,8720,12311,11128,12311,1567,1496
8610,8720,12312,11128,12312,1567,1496
8610,8720,12313,11128,12313,1567,1496
8611,8720,12314,11128,12314,1567,1496
8611,8720,12315,11128,12315,1567,1496
8609,8720,12316,11128,12316,1567,1496
8606,8720,12317,11128,12317,1567,1495
8607,8720,12318,11128,12318,1567,1495
8608,8720,12319,11128,12319,1567,1495
8605,8720,12320,11128,12320,1567,1495
8603,8720,12321,11128,12321,1567,1494
8604,8720,12322,11128,12322,1567,1494
8605,8720,12323,11128,12323,1567,1494
8602,8720,12324,11128,12324,1567,1494
8599,8720,12325,11128,12325,1567,1494
8600,8720,12326,11128,12326,1567,1494
8596,8720,12327,11128,12327,1567,1494
8597,8720,12328,11128,12328,1567,1494
8598,8720,12329,11128,12329,1567,1494
8596,8720,12330,11128,12330,1567,1494
8597,8720,12331,11128,12331,1567,1494
8596,8720,12332,11128,12332,1567,1494
8597,8720,12333,11128,12333,1567,1494
8598,8720,12334,11128,12334,1567,1494
8599,8720,12335,11128,12335,1567,1494
8600,8720,12336,11128,12336,1567,1494
8597,8720,12337,11128,12337,1567,1493
8594,8720,12338,11128,12338,1567,1493
8595,8720,12339,11128,12339,1567,1493
8592,8720,12340,11128,12340,1567,1493
8593,8720,12341,11128,12341,1567,1493
8592,8720,12342,11128,12342,1567,1493
8590,8720,12343,11128,12343,1567,1493
8591,8720,12344,11128,12344,1567,1493
8592,8720,12345,11128,12345,1567,1493
8593,8720,12346,11128,12346,1567,1493
8594,8720,12347,11128,12347,1567,1493
8595,8720,12348,11128,12348,1567,1493
8596,8720,12349,11128,12349,1567,1493
8596,8720,12350,11128,12350,1567,1493
8597,8720,12351,11128,12351,1567,1493
8598,8720,12352,11128,12352,1567,1493
8595,8720,12353,11128,12353,1567,1493
8595,8720,12354,11128,12354,1567,1493
8596,8720,12355,11128,12355,1567,1493
8596,8720,12356,11128,12356,1567,1493
8593,8720,12357,11128,12357,1567,1493
8594,8720,12358,11128,12358,1567,1493
8594,8720,12359,11128,12359,1567,1493
8595,8720,12360,11128,12360,1567,1493
8596,8720,12361,11128,12361,1567,1493
8597,8720,12362,11128,12362,1567,1493
8598,8720,12363,11128,12363,1567,1493
8599,8720,12364,11128,12364,1567,1493
8600,8720,12365,11128,12365,1567,1493
8601,8720,12366,11128,12366,1567,1493
8599,8720,12367,11128,12367,1567,1493
8600,8720,12368,11128,12368,1567,1493
8601,8720,12369,11128,12369,1567,1493
8602,8720,12370,11128,12370,1567,1493
8603,8720,12371,11128,12371,1567,1493
8604,8720,12372,11128,12372,1567,1493
8601,8720,12373,11128,12373,1567,1493
8601,8720,12374,11128,12374,1567,1493
8602,8720,12375,11128,12375,1567,1493
8598,8720,12376,11128,12376,1567,1492
8598,8720,12377,11128,12377,1567,1492
8599,8720,12378,11128,12378,1567,1492
8600,8720,12379,11128,12379,1567,1492
8601,8720,12380,11128,12380,1567,1492
8602,8720,12381,11128,12381,1567,1492
8602,8720,12382,11128,12382,1567,1492
8603,8720,12383,11128,12383,1567,1492
8599,8720,12384,11128,12384,1567,1492
8600,8720,12385,11128,12385,1567,1492
8601,8720,12386,11128,12386,1567,1492
8601,8720,12387,11128,12387,1567,1492
8599,8720,12388,11128,12388,1567,1490
8597,8720,12389,11128,12389,1567,1490
8598,8720,12390,11128,12390,1567,1490
8599,8720,12391,11128,12391,1567,1490
8600,8720,12392,11128,12392,1567,1490
8597,8720,12393,11128,12393,1567,1490
8597,8720,12394,11128,12394,1567,1490
8597,8720,12395,11128,12395,1567,1490
8598,8720,12396,11128,12396,1567,1490
8595,8720,12397,11128,12397,1567,1490
8594,8720,12398,11128,12398,1567,1490
8590,8720,12399,11128,12399,1567,1490
8589,8720,12400,11128,12400,1567,1490
8589,8720,12401,11128,12401,1567,1490
8590,8720,12402,11128,12402,1567,1490
8586,8720,12403,11128,12403,1567,1490
8587,8720,12404,11128,12404,1567,1490
8588,8720,12405,11128,12405,1567,1490
8589,8720,12406,11128,12406,1567,1490
8589,8720,12407,11128,12407,1567,1490
8590,8720,12408,11128,12408,1567,1490
8591,8720,12409,11128,12409,1567,1490
8592,8720,12410,11128,12410,1567,1490
8593,8720,12411,11128,12411,1567,1490
8593,8720,12412,11128,12412,1567,1490
8592,8720,12413,11128,12413,1567,1490
8592,8720,12414,11128,12414,1567,1490
8593,8720,12415,11128,12415,1567,1490
8594,8720,12416,11128,12416,1567,1490
8591,8720,12417,11128,12417,1567,1490
8592,8720,12418,11128,12418,1567,1490
8593,8720,12419,11128,12419,1567,1490
8593,8720,12420,11128,12420,1567,1490
8594,8720,12421,11128,12421,1567,1490
8595,8720,12422,11128,12422,1567,1490
8596,8720,12423,11128,12423,1567,1490
8597,8720,12424,11128,12424,1567,1490
8598,8720,12425,11128,12425,1567,1490
8599,8720,12426,11128,12426,1567,1490
8600,8720,12427,11128,12427,1567,1490
8597,8720,12428,11128,12428,1567,1490
8596,8720,12429,11128,12429,1567,1490
8592,8720,12430,11128,12430,1567,1488
8589,8720,12431,11128,12431,1567,1488
8587,8720,12432,11128,12432,1567,1488
8588,8720,12433,11128,12433,1567,1488
8589,8720,12434,11128,12434,1567,1488
8589,8720,12435,11128,12435,1567,1488
8590,8720,12436,11128,12436,1567,1488
8591,8720,12437,11128,12437,1567,1488
8586,8720,12438,11128,12438,1567,1488
8587,8720,12439,11128,12439,1567,1488
8588,8720,12440,11128,12440,1567,1488
8589,8720,12441,11128,12441,1567,1488
8589,8720,12442,11128,12442,1567,1488
8586,8720,12443,11128,12443,1567,1487
8587,8720,12444,11128,12444,1567,1487
8585,8720,12445,11128,12445,1567,1487
8586,8720,12446,11128,12446,1567,1487
8587,8720,12447,11128,12447,1567,1487
8581,8720,12448,11128,12448,1567,1486
8582,8720,12449,11128,12449,1567,1486
8579,8720,12450,11128,12450,1567,1486
8575,8720,12451,11128,12451,1567,1486
8576,8720,12452,11128,12452,1567,1486
8577,8720,12453,11128,12453,1567,1486
8578,8720,12454,11128,12454,1567,1486
8579,8720,12455,11128,12455,1567,1486
8577,8720,12456,11128,12456,1567,1486
8578,8720,12457,11128,12457,1567,1486
8578,8720,12458,11128,12458,1567,1486
8575,8720,12459,11128,12459,1567,1486
8572,8720,12460,11128,12460,1567,1486
8573,8720,12461,11128,12461,1567,1486
8573,8720,12462,11128,12462,1567,1486
8570,8720,12463,11128,12463,1567,1486
8571,8720,12464,11128,12464,1567,1486
8567,8720,12465,11128,12465,1567,1486
8564,8720,12466,11128,12466,1567,1486
8562,8720,12467,11128,12467,1567,1486
8560,8720,12468,11128,12468,1567,1486
8561,8720,12469,11128,12469,1567,1486
8560,8720,12470,11128,12470,1567,1486
8561,8720,12471,11128,12471,1567,1486
8562,8720,12472,11128,12472,1567,1486
8560,8720,12473,11128,12473,1567,1486
8561,8720,12474,11128,12474,1567,1486
8562,8720,12475,11128,12475,1567,1486
8563,8720,12476,11128,12476,1567,1486
8561,8720,12477,11128,12477,1567,1486
8561,8720,12478,11128,12478,1567,1486
8561,8720,12479,11128,12479,1567,1486
8562,8720,12480,11128,12480,1567,1486
8563,8720,12481,11128,12481,1567,1486
8561,8720,12482,11128,12482,1567,1486
8561,8720,12483,11128,12483,1567,1486
8561,8720,12484,11128,12484,1567,1486
8562,8720,12485,11128,12485,1567,1486
8561,8720,12486,11128,12486,1567,1486
8562,8720,12487,11128,12487,1567,1486
8563,8720,12488,11128,12488,1567,1486
8564,8720,12489,11128,12489,1567,1486
8564,8720,12490,11128,12490,1567,1486
8561,8720,12491,11128,12491,1567,1485
8562,8720,12492,11128,12492,1567,1485
8559,8720,12493,11128,12493,1567,1485
8560,8720,12494,11128,12494,1567,1485
8561,8720,12495,11128,12495,1567,1485
8559,8720,12496,11128,12496,1567,1484
8558,8720,12497,11128,12497,1567,1484
8555,8720,12498,11128,12498,1567,1484
8554,8720,12499,11128,12499,1567,1484
8555,8720,12500,11128,12500,1567,1484
8553,8720,12501,11128,12501,1567,1483
8552,8720,12502,11128,12502,1567,1483
8551,8720,12503,11128,12503,1567,1483
8552,8720,12504,11128,12504,1567,1483
8553,8720,12505,11128,12505,1567,1483
8554,8720,12506,11128,12506,1567,1483
8555,8720,12507,11128,12507,1567,1483
8555,8720,12508,11128,12508,1567,1483
8553,8720,12509,11128,12509,1567,1483
8554,8720,12510,11128,12510,1567,1483
8555,8720,12511,11128,12511,1567,1483
8555,8720,12512,11128,12512,1567,1483
8556,8720,12513,11128,12513,1567,1483
8553,8720,12514,11128,12514,1567,1483
8554,8720,12515,11128,12515,1567,1483
8551,8720,12516,11128,12516,1567,1483
8550,8720,12517,11128,12517,1567,1483
8550,8720,12518,11128,12518,1567,1483
8551,8720,12519,11128,12519,1567,1483
8548,8720,12520,11128,12520,1567,1482
8549,8720,12521,11128,12521,1567,1482
8550,8720,12522,11128,12522,1567,1482
8551,8720,12523,11128,12523,1567,1482
8552,8720,12524,11128,12524,1567,1482
8553,8720,12525,11128,12525,1567,1482
8554,8720,12526,11128,12526,1567,1482
8555,8720,12527,11128,12527,1567,1482
8556,8720,12528,11128,12528,1567,1482
8555,8720,12529,11128,12529,1567,1482
8552,8720,12530,11128,12530,1567,1482
8551,8720,12531,11128,12531,1567,1481
8552,8720,12532,11128,12532,1567,1481
8552,8720,12533,11128,12533,1567,1481
8552,8720,12534,11128,12534,1567,1481
8553,8720,12535,11128,12535,1567,1481
8545,8720,12536,11128,12536,1567,1480
8546,8720,12537,11128,12537,1567,1480
8547,8720,12538,11128,12538,1567,1480
8548,8720,12539,11128,12539,1567,1480
8548,8720,12540,11128,12540,1567,1480
8549,8720,12541,11128,12541,1567,1480
8550,8720,12542,11128,12542,1567,1480
8549,8720,12543,11128,12543,1567,1480
8550,8720,12544,11128,12544,1567,1480
8548,8720,12545,11128,12545,1567,1479
8549,8720,12546,11128,12546,1567,1479
8550,8720,12547,11128,12547,1567,1479
8551,8720,12548,11128,12548,1567,1479
8552,8720,12549,11128,12549,1567,1479
8551,8720,12550,11128,12550,1567,1479
8552,8720,12551,11128,12551,1567,1479
8553,8720,12552,11128,12552,1567,1479
8554,8720,12553,11128,12553,1567,1479
8555,8720,12554,11128,12554,1567,1479
8551,8720,12555,11128,12555,1567,1479
8551,8720,12556,11128,12556,1567,1479
8552,8720,12557,11128,12557,1567,1479
8553,8720,12558,11128,12558,1567,1479
8549,8720,12559,11128,12559,1567,1479
8546,8720,12560,11128,12560,1567,1479
8542,8720,12561,11128,12561,1567,1479
8543,8720,12562,11128,12562,1567,1479
8544,8720,12563,11128,12563,1567,1479
8544,8720,12564,11128,12564,1567,1479
8545,8720,12565,11128,12565,1567,1479
8543,8720,12566,11128,12566,1567,1478
8544,8720,12567,11128,12567,1567,1478
8542,8720,12568,11128,12568,1567,1478
8538,8720,12569,11128,12569,1567,1478
8539,8720,12570,11128,12570,1567,1478
8540,8720,12571,11128,12571,1567,1478
8541,8720,12572,11128,12572,1567,1478
8542,8720,12573,11128,12573,1567,1478
8542,8720,12574,11128,12574,1567,1478
8543,8720,12575,11128,12575,1567,1478
8544,8720,12576,11128,12576,1567,1478
8540,8720,12577,11128,12577,1567,1478
8533,8720,12578,11128,12578,1567,1476
8533,8720,12579,11128,12579,1567,1476
8529,8720,12580,11128,12580,1567,1476
8529,8720,12581,11128,12581,1567,1476
8525,8720,12582,11128,12582,1567,1476
8525,8720,12583,11128,12583,1567,1476
8524,8720,12584,11128,12584,1567,1476
8522,8720,12585,11128,12585,1567,1476
8523,8720,12586,11128,12586,1567,1476
8524,8720,12587,11128,12587,1567,1476
8524,8720,12588,11128,12588,1567,1476
8523,8720,12589,11128,12589,1567,1475
8524,8720,12590,11128,12590,1567,1475
8525,8720,12591,11128,12591,1567,1475
8526,8720,12592,11128,12592,1567,1475
8527,8720,12593,11128,12593,1567,1475
8525,8720,12594,11128,12594,1567,1475
8526,8720,12595,11128,12595,1567,1475
8527,8720,12596,11128,12596,1567,1475
8526,8720,12597,11128,12597,1567,1475
8521,8720,12598,11128,12598,1567,1474
8518,8720,12599,11128,12599,1567,1474
8515,8720,12600,11128,12600,1567,1474
8516,8720,12601,11128,12601,1567,1474
8515,8720,12602,11128,12602,1567,1474
8516,8720,12603,11128,12603,1567,1474
8517,8720,12604,11128,12604,1567,1474
8518,8720,12605,11128,12605,1567,1474
8519,8720,12606,11128,12606,1567,1474
8520,8720,12607,11128,12607,1567,1474
8521,8720,12608,11128,12608,1567,1474
8522,8720,12609,11128,12609,1567,1474
8521,8720,12610,11128,12610,1567,1474
8522,8720,12611,11128,12611,1567,1474
8523,8720,12612,11128,12612,1567,1474
8524,8720,12613,11128,12613,1567,1474
8525,8720,12614,11128,12614,1567,1474
8525,8720,12615,11128,12615,1567,1474
8526,8720,12616,11128,12616,1567,1474
8527,8720,12617,11128,12617,1567,1474
8528,8720,12618,11128,12618,1567,1474
8527,8720,12619,11128,12619,1567,1474
8528,8720,12620,11128,12620,1567,1474
8529,8720,12621,11128,12621,1567,1474
8527,8720,12622,11128,12622,1567,1474
8528,8720,12623,11128,12623,1567,1474
8526,8720,12624,11128,12624,1567,1473
8527,8720,12625,11128,12625,1567,1473
8528,8720,12626,11128,12626,1567,1473
8529,8720,12627,11128,12627,1567,1473
8530,8720,12628,11128,12628,1567,1473
8531,8720,12629,11128,12629,1567,1473
8529,8720,12630,11128,12630,1567,1473
8530,8720,12631,11128,12631,1567,1473
8531,8720,12632,11128,12632,1567,1473
8532,8720,12633,11128,12633,1567,1473
8533,8720,12634,11128,12634,1567,1473
8532,8720,12635,11128,12635,1567,1473
8532,8720,12636,11128,12636,1567,1473
8531,8720,12637,11128,12637,1567,1473
8532,8720,12638,11128,12638,1567,1473
8533,8720,12639,11128,12639,1567,1473
8534,8720,12640,11128,12640,1567,1473
8534,8720,12641,11128,12641,1567,1473
8534,8720,12642,11128,12642,1567,1473
8535,8720,12643,11128,12643,1567,1473
8536,8720,12644,11128,12644,1567,1473
8535,8720,12645,11128,12645,1567,1473
8533,8720,12646,11128,12646,1567,1473
8532,8720,12647,11128,12647,1567,1473
8533,8720,12648,11128,12648,1567,1473
8533,8720,12649,11128,12649,1567,1473
8534,8720,12650,11128,12650,1567,1473
8531,8720,12651,11128,12651,1567,1473
8532,8720,12652,11128,12652,1567,1473
8532,8720,12653,11128,12653,1567,1473
8533,8720,12654,11128,12654,1567,1473
8534,8720,12655,11128,12655,1567,1473
8535,8720,12656,11128,12656,1567,1473
8532,8720,12657,11128,12657,1567,1473
8533,8720,12658,11128,12658,1567,1473
8534,8720,12659,11128,12659,1567,1473
8535,8720,12660,11128,12660,1567,1473
8536,8720,12661,11128,12661,1567,1473
8537,8720,12662,11128,12662,1567,1473
8538,8720,12663,11128,12663,1567,1473
8539,8720,12664,11128,12664,1567,1473
8540,8720,12665,11128,12665,1567,1473
8534,8720,12666,11128,12666,1567,1473
8531,8720,12667,11128,12667,1567,1472
8530,8720,12668,11128,12668,1567,1472
8528,8720,12669,11128,12669,1567,1472
8529,8720,12670,11128,12670,1567,1472
8530,8720,12671,11128,12671,1567,1472
8531,8720,12672,11128,12672,1567,1472
8532,8720,12673,11128,12673,1567,1472
8527,8720,12674,11128,12674,1567,1471
8524,8720,12675,11128,12675,1567,1471
8525,8720,12676,11128,12676,1567,1471
8524,8720,12677,11128,12677,1567,1471
8525,8720,12678,11128,12678,1567,1471
8526,8720,12679,11128,12679,1567,1471
8527,8720,12680,11128,12680,1567,1471
8528,8720,12681,11128,12681,1567,1471
8529,8720,12682,11128,12682,1567,1471
8529,8720,12683,11128,12683,1567,1471
8530,8720,12684,11128,12684,1567,1471
8531,8720,12685,11128,12685,1567,1471
8532,8720,12686,11128,12686,1567,1471
8531,8720,12687,11128,12687,1567,1471
8532,8720,12688,11128,12688,1567,1471
8530,8720,12689,11128,12689,1567,1471
8531,8720,12690,11128,12690,1567,1471
8531,8720,12691,11128,12691,1567,1471
8532,8720,12692,11128,12692,1567,1471
8533,8720,12693,11128,12693,1567,1471
8531,8720,12694,11128,12694,1567,1470
8530,8720,12695,11128,12695,1567,1470
8531,8720,12696,11128,12696,1567,1470
8531,8720,12697,11128,12697,1567,1470
8532,8720,12698,11128,12698,1567,1470
8533,8720,12699,11128,12699,1567,1470
8534,8720,12700,11128,12700,1567,1470
8534,8720,12701,11128,12701,1567,1470
8535,8720,12702,11128,12702,1567,1470
8536,8720,12703,11128,12703,1567,1470
8534,8720,12704,11128,12704,1567,1470
8535,8720,12705,11128,12705,1567,1470
8536,8720,12706,11128,12706,1567,1470
8537,8720,12707,11128,12707,1567,1470
8537,8720,12708,11128,12708,1567,1470
8534,8720,12709,11128,12709,1567,1470
8535,8720,12710,11128,12710,1567,1470
8536,8720,12711,11128,12711,1567,1470
8537,8720,12712,11128,12712,1567,1470
8533,8720,12713,11128,12713,1567,1470
8534,8720,12714,11128,12714,1567,1470
8535,8720,12715,11128,12715,1567,1470
8536,8720,12716,11128,12716,1567,1470
8535,8720,12717,11128,12717,1567,1470
8536,8720,12718,11128,12718,1567,1470
8533,8720,12719,11128,12719,1567,1470
8533,8720,12720,11128,12720,1567,1470
8531,8720,12721,11128,12721,1567,1469
8532,8720,12722,11128,12722,1567,1469
8533,8720,12723,11128,12723,1567,1469
8534,8720,12724,11128,12724,1567,1469
8535,8720,12725,11128,12725,1567,1469
8536,8720,12726,11128,12726,1567,1469
8537,8720,12727,11128,12727,1567,1469
8537,8720,12728,11128,12728,1567,1469
8538,8720,12729,11128,12729,1567,1469
8536,8720,12730,11128,12730,1567,1469
8537,8720,12731,11128,12731,1567,1469
8537,8720,12732,11128,12732,1567,1469
8537,8720,12733,11128,12733,1567,1469
8538,8720,12734,11128,12734,1567,1469
8539,8720,12735,11128,12735,1567,1469
8540,8720,12736,11128,12736,1567,1469
8541,8720,12737,11128,12737,1567,1469
8542,8720,12738,11128,12738,1567,1469
8543,8720,12739,11128,12739,1567,1469
8544,8720,12740,11128,12740,1567,1469
8539,8720,12741,11128,12741,1567,1468
8540,8720,12742,11128,12742,1567,1468
8540,8720,12743,11128,12743,1567,1468
8541,8720,12744,11128,12744,1567,1468
8542,8720,12745,11128,12745,1567,1468
8543,8720,12746,11128,12746,1567,1468
8542,8720,12747,11128,12747,1567,1468
8543,8720,12748,11128,12748,1567,1468
8544,8720,12749,11128,12749,1567,1468
8545,8720,12750,11128,12750,1567,1468
8546,8720,12751,11128,12751,1567,1468
8547,8720,12752,11128,12752,1567,1468
8548,8720,12753,11128,12753,1567,1468
8546,8720,12754,11128,12754,1567,1468
8547,8720,12755,11128,12755,1567,1468
8548,8720,12756,11128,12756,1567,1468
8549,8720,12757,11128,12757,1567,1468
8547,8720,12758,11128,12758,1567,1468
8548,8720,12759,11128,12759,1567,1468
8549,8720,12760,11128,12760,1567,1468
8549,8720,12761,11128,12761,1567,1468
8550,8720,12762,11128,12762,1567,1468
8551,8720,12763,11128,12763,1567,1468
8552,8720,12764,11128,12764,1567,1468
8553,8720,12765,11128,12765,1567,1468
8554,8720,12766,11128,12766,1567,1468
8554,8720,12767,11128,12767,1567,1468
8555,8720,12768,11128,12768,1567,1468
8556,8720,12769,11128,12769,1567,1468
8555,8720,12770,11128,12770,1567,1468
8556,8720,12771,11128,12771,1567,1468
8557,8720,12772,11128,12772,1567,1468
8558,8720,12773,11128,12773,1567,1468
8559,8720,12774,11128,12774,1567,1468
8557,8720,12775,11128,12775,1567,1468
8555,8720,12776,11128,12776,1567,1468
8553,8720,12777,11128,12777,1567,1468
8554,8720,12778,11128,12778,1567,1468
8554,8720,12779,11128,12779,1567,1468
8555,8720,12780,11128,12780,1567,1468
8556,8720,12781,11128,12781,1567,1468
8557,8720,12782,11128,12782,1567,1468
8558,8720,12783,11128,12783,1567,1468
8557,8720,12784,11128,12784,1567,1468
8557,8720,12785,11128,12785,1567,1468
8556,8720,12786,11128,12786,1567,1468
8557,8720,12787,11128,12787,1567,1468
8558,8720,12788,11128,12788,1567,1468
8559,8720,12789,11128,12789,1567,1468
8560,8720,12790,11128,12790,1567,1468
8561,8720,12791,11128,12791,1567,1468
8561,8720,12792,11128,12792,1567,1468
8562,8720,12793,11128,12793,1567,1468
8563,8720,12794,11128,12794,1567,1468
8564,8720,12795,11128,12795,1567,1468
8563,8720,12796,11128,12796,1567,1468
8563,8720,12797,11128,12797,1567,1468
8558,8720,12798,11128,12798,1567,1467
8559,8720,12799,11128,12799,1567,1467
8560,8720,12800,11128,12800,1567,1467
8561,8720,12801,11128,12801,1567,1467
8562,8720,12802,11128,12802,1567,1467
8563,8720,12803,11128,12803,1567,1467
8563,8720,12804,11128,12804,1567,1467
8558,8720,12805,11128,12805,1567,1467
8557,8720,12806,11128,12806,1567,1467
8558,8720,12807,11128,12807,1567,1467
8559,8720,12808,11128,12808,1567,1467
8560,8720,12809,11128,12809,1567,1467
8559,8720,12810,11128,12810,1567,1467
8555,8720,12811,11128,12811,1567,1467
8556,8720,12812,11128,12812,1567,1467
8557,8720,12813,11128,12813,1567,1467
8557,8720,12814,11128,12814,1567,1467
8558,8720,12815,11128,12815,1567,1467
8559,8720,12816,11128,12816,1567,1467
8560,8720,12817,11128,12817,1567,1467
8557,8720,12818,11128,12818,1567,1466
8556,8720,12819,11128,12819,1567,1466
8557,8720,12820,11128,12820,1567,1466
8554,8720,12821,11128,12821,1567,1466
8555,8720,12822,11128,12822,1567,1466
8554,8720,12823,11128,12823,1567,1466
8555,8720,12824,11128,12824,1567,1466
8556,8720,12825,11128,12825,1567,1466
8557,8720,12826,11128,12826,1567,1466
8558,8720,12827,11128,12827,1567,1466
8559,8720,12828,11128,12828,1567,1466
8555,8720,12829,11128,12829,1567,1466
8556,8720,12830,11128,12830,1567,1466
8553,8720,12831,11128,12831,1567,1466
8551,8720,12832,11128,12832,1567,1466
8552,8720,12833,11128,12833,1567,1466
8553,8720,12834,11128,12834,1567,1466
8554,8720,12835,11128,12835,1567,1466
8555,8720,12836,11128,12836,1567,1466
8556,8720,12837,11128,12837,1567,1466
8557,8720,12838,11128,12838,1567,1466
8558,8720,12839,11128,12839,1567,1466
8557,8720,12840,11128,12840,1567,1466
8558,8720,12841,11128,12841,1567,1466
8559,8720,12842,11128,12842,1567,1466
8560,8720,12843,11128,12843,1567,1466
8561,8720,12844,11128,12844,1567,1466
8562,8720,12845,11128,12845,1567,1466
8563,8720,12846,11128,12846,1567,1466
8561,8720,12847,11128,12847,1567,1466
8562,8720,12848,11128,12848,1567,1466
8563,8720,12849,11128,12849,1567,1466
8564,8720,12850,11128,12850,1567,1466
8565,8720,12851,11128,12851,1567,1466
8560,8720,12852,11128,12852,1567,1466
8561,8720,12853,11128,12853,1567,1466
8562,8720,12854,11128,12854,1567,1466
8559,8720,12855,11128,12855,1567,1466
8560,8720,12856,11128,12856,1567,1466
8558,8720,12857,11128,12857,1567,1465
8559,8720,12858,11128,12858,1567,1465
8560,8720,12859,11128,12859,1567,1465
8561,8720,12860,11128,12860,1567,1465
8559,8720,12861,11128,12861,1567,1465
8560,8720,12862,11128,12862,1567,1465
8561,8720,12863,11128,12863,1567,1465
8562,8720,12864,11128,12864,1567,1465
8563,8720,12865,11128,12865,1567,1465
8564,8720,12866,11128,12866,1567,1465
8565,8720,12867,11128,12867,1567,1465
8563,8720,12868,11128,12868,1567,1465
8564,8720,12869,11128,12869,1567,1465
8560,8720,12870,11128,12870,1567,1465
8559,8720,12871,11128,12871,1567,1465
8560,8720,12872,11128,12872,1567,1465
8560,8720,12873,11128,12873,1567,1465
8561,8720,12874,11128,12874,1567,1465
8562,8720,12875,11128,12875,1567,1465
8563,8720,12876,11128,12876,1567,1465
8563,8720,12877,11128,12877,1567,1465
8564,8720,12878,11128,12878,1567,1465
8565,8720,12879,11128,12879,1567,1465
8561,8720,12880,11128,12880,1567,1465
8562,8720,12881,11128,12881,1567,1465
8561,8720,12882,11128,12882,1567,1465
8562,8720,12883,11128,12883,1567,1465
8561,8720,12884,11128,12884,1567,1465
8562,8720,12885,11128,12885,1567,1465
8563,8720,12886,11128,12886,1567,1465
8560,8720,12887,11128,12887,1567,1465
8561,8720,12888,11128,12888,1567,1465
8562,8720,12889,11128,12889,1567,1465
8563,8720,12890,11128,12890,1567,1465
8560,8720,12891,11128,12891,1567,1465
8558,8720,12892,11128,12892,1567,1465
8559,8720,12893,11128,12893,1567,1465
8560,8720,12894,11128,12894,1567,1465
8561,8720,12895,11128,12895,1567,1465
8562,8720,12896,11128,12896,1567,1465
8559,8720,12897,11128,12897,1567,1465
8557,8720,12898,11128,12898,1567,1465
8558,8720,12899,11128,12899,1567,1465
8559,8720,12900,11128,12900,1567,1465
8560,8720,12901,11128,12901,1567,1465
8556,8720,12902,11128,12902,1567,1465
8557,8720,12903,11128,12903,1567,1465
8557,8720,12904,11128,12904,1567,1465
8558,8720,12905,11128,12905,1567,1465
8559,8720,12906,11128,12906,1567,1465
8560,8720,12907,11128,12907,1567,1465
8561,8720,12908,11128,12908,1567,1465
8558,8720,12909,11128,12909,1567,1465
8559,8720,12910,11128,12910,1567,1465
8559,8720,12911,11128,12911,1567,1465
8560,8720,12912,11128,12912,1567,1465
8561,8720,12913,11128,12913,1567,1465
8562,8720,12914,11128,12914,1567,1465
8563,8720,12915,11128,12915,1567,1465
8564,8720,12916,11128,12916,1567,1465
8561,8720,12917,11128,12917,1567,1465
8558,8720,12918,11128,12918,1567,1465
8559,8720,12919,11128,12919,1567,1465
8555,8720,12920,11128,12920,1567,1465
8556,8720,12921,11128,12921,1567,1465
8557,8720,12922,11128,12922,1567,1465
8558,8720,12923,11128,12923,1567,1465
8559,8720,12924,11128,12924,1567,1465
8560,8720,12925,11128,12925,1567,1465
8556,8720,12926,11128,12926,1567,1465
8557,8720,12927,11128,12927,1567,1465
8553,8720,12928,11128,12928,1567,1465
8554,8720,12929,11128,12929,1567,1465
8549,8720,12930,11128,12930,1567,1463
8550,8720,12931,11128,12931,1567,1463
8551,8720,12932,11128,12932,1567,1463
8552,8720,12933,11128,12933,1567,1463
8553,8720,12934,11128,12934,1567,1463
8548,8720,12935,11128,12935,1567,1463
8548,8720,12936,11128,12936,1567,1463
8549,8720,12937,11128,12937,1567,1463
8550,8720,12938,11128,12938,1567,1463
8551,8720,12939,11128,12939,1567,1463
8552,8720,12940,11128,12940,1567,1463
8546,8720,12941,11128,12941,1567,1462
8547,8720,12942,11128,12942,1567,1462
8548,8720,12943,11128,12943,1567,1462
8547,8720,12944,11128,12944,1567,1462
8548,8720,12945,11128,12945,1567,1462
8549,8720,12946,11128,12946,1567,1462
8546,8720,12947,11128,12947,1567,1462
8545,8720,12948,11128,12948,1567,1462
8546,8720,12949,11128,12949,1567,1462
8546,8720,12950,11128,12950,1567,1462
8543,8720,12951,11128,12951,1567,1460
8544,8720,12952,11128,12952,1567,1460
8544,8720,12953,11128,12953,1567,1460
8543,8720,12954,11128,12954,1567,1460
8544,8720,12955,11128,12955,1567,1460
8543,8720,12956,11128,12956,1567,1460
8544,8720,12957,11128,12957,1567,1460
8541,8720,12958,11128,12958,1567,1460
8541,8720,12959,11128,12959,1567,1460
8542,8720,12960,11128,12960,1567,1460
8543,8720,12961,11128,12961,1567,1460
8542,8720,12962,11128,12962,1567,1460
8543,8720,12963,11128,12963,1567,1460
8544,8720,12964,11128,12964,1567,1460
8545,8720,12965,11128,12965,1567,1460
8546,8720,12966,11128,12966,1567,1460
8547,8720,12967,11128,12967,1567,1460
8545,8720,12968,11128,12968,1567,1460
8541,8720,12969,11128,12969,1567,1460
8539,8720,12970,11128,12970,1567,1459
8540,8720,12971,11128,12971,1567,1459
8541,8720,12972,11128,12972,1567,1459
8542,8720,12973,11128,12973,1567,1459
8543,8720,12974,11128,12974,1567,1459
8539,8720,12975,11128,12975,1567,1459
8534,8720,12976,11128,12976,1567,1458
8532,8720,12977,11128,12977,1567,1458
8533,8720,12978,11128,12978,1567,1458
8534,8720,12979,11128,12979,1567,1458
8534,8720,12980,11128,12980,1567,1458
8531,8720,12981,11128,12981,1567,1458
8531,8720,12982,11128,12982,1567,1458
8532,8720,12983,11128,12983,1567,1458
8533,8720,12984,11128,12984,1567,1458
8532,8720,12985,11128,12985,1567,1458
8533,8720,12986,11128,12986,1567,1458
8533,8720,12987,11128,12987,1567,1458
8534,8720,12988,11128,12988,1567,1458
8535,8720,12989,11128,12989,1567,1458
8536,8720,12990,11128,12990,1567,1458
8537,8720,12991,11128,12991,1567,1458
8534,8720,12992,11128,12992,1567,1458
8535,8720,12993,11128,12993,1567,1458
8533,8720,12994,11128,12994,1567,1458
8534,8720,12995,11128,12995,1567,1458
8535,8720,12996,11128,12996,1567,1458
8533,8720,12997,11128,12997,1567,1458
8532,8720,12998,11128,12998,1567,1458
8528,8720,12999,11128,12999,1567,1458
8529,8720,13000,11128,13000,1567,1458
8525,8720,13001,11128,13001,1567,1457
8527,8720,13002,11128,13002,1567,1458
8528,8720,13003,11128,13003,1567,1458
8529,8720,13004,11128,13004,1567,1458
8528,8720,13005,11128,13005,1567,1458
8529,8720,13006,11128,13006,1567,1458
8530,8720,13007,11128,13007,1567,1458
8531,8720,13008,11128,13008,1567,1458
8528,8720,13009,11128,13009,1567,1458
8529,8720,13010,11128,13010,1567,1458
8527,8720,13011,11128,13011,1567,1458
8524,8720,13012,11128,13012,1567,1458
8521,8720,13013,11128,13013,1567,1458
8522,8720,13014,11128,13014,1567,1458
8523,8720,13015,11128,13015,1567,1458
8523,8720,13016,11128,13016,1567,1458
8524,8720,13017,11128,13017,1567,1458
8522,8720,13018,11128,13018,1567,1458
8518,8720,13019,11128,13019,1567,1458
8518,8720,13020,11128,13020,1567,1458
8519,8720,13021,11128,13021,1567,1458
8520,8720,13022,11128,13022,1567,1458
8515,8720,13023,11128,13023,1567,1458
8516,8720,13024,11128,13024,1567,1458
8517,8720,13025,11128,13025,1567,1458
8518,8720,13026,11128,13026,1567,1458
8517,8720,13027,11128,13027,1567,1458
8517,8720,13028,11128,13028,1567,1458
8517,8720,13029,11128,13029,1567,1458
8518,8720,13030,11128,13030,1567,1458
8516,8720,13031,11128,13031,1567,1458
8517,8720,13032,11128,13032,1567,1458
8518,8720,13033,11128,13033,1567,1458
8519,8720,13034,11128,13034,1567,1458
8519,8720,13035,11128,13035,1567,1458
8520,8720,13036,11128,13036,1567,1458
8515,8720,13037,11128,13037,1567,1458
8516,8720,13038,11128,13038,1567,1458
8517,8720,13039,11128,13039,1567,1458
8518,8720,13040,11128,13040,1567,1458
8512,8720,13041,11128,13041,1567,1458
8511,8720,13042,11128,13042,1567,1458
8512,8720,13043,11128,13043,1567,1458
8513,8720,13044,11128,13044,1567,1458
8509,8720,13045,11128,13045,1567,1458
8509,8720,13046,11128,13046,1567,1458
8510,8720,13047,11128,13047,1567,1458
8509,8720,13048,11128,13048,1567,1458
8508,8720,13049,11128,13049,1567,1458
8503,8720,13050,11128,13050,1567,1458
8501,8720,13051,11128,13051,1567,1457
8501,8720,13052,11128,13052,1567,1457
8500,8720,13053,11128,13053,1567,1457
8500,8720,13054,11128,13054,1567,1457
8498,8720,13055,11128,13055,1567,1457
8499,8720,13056,11128,13056,1567,1457
8496,8720,13057,11128,13057,1567,1457
8497,8720,13058,11128,13058,1567,1457
8498,8720,13059,11128,13059,1567,1457
8499,8720,13060,11128,13060,1567,1457
8500,8720,13061,11128,13061,1567,1457
8501,8720,13062,11128,13062,1567,1457
8500,8720,13063,11128,13063,1567,1457
8499,8720,13064,11128,13064,1567,1457
8500,8720,13065,11128,13065,1567,1457
8498,8720,13066,11128,13066,1567,1457
8499,8720,13067,11128,13067,1567,1457
8499,8720,13068,11128,13068,1567,1457
8500,8720,13069,11128,13069,1567,1457
8501,8720,13070,11128,13070,1567,1457
8502,8720,13071,11128,13071,1567,1457
8503,8720,13072,11128,13072,1567,1457
8504,8720,13073,11128,13073,1567,1457
8505,8720,13074,11128,13074,1567,1457
8506,8720,13075,11128,13075,1567,1457
8507,8720,13076,11128,13076,1567,1457
8504,8720,13077,11128,13077,1567,1457
8505,8720,13078,11128,13078,1567,1457
8506,8720,13079,11128,13079,1567,1457
8500,8720,13080,11128,13080,1567,1457
8499,8720,13081,11128,13081,1567,1457
8494,8720,13082,11128,13082,1567,1457
8494,8720,13083,11128,13083,1567,1457
8494,8720,13084,11128,13084,1567,1457
8493,8720,13085,11128,13085,1567,1457
8494,8720,13086,11128,13086,1567,1457
8495,8720,13087,11128,13087,1567,1457
8496,8720,13088,11128,13088,1567,1457
8494,8720,13089,11128,13089,1567,1457
8495,8720,13090,11128,13090,1567,1457
8496,8720,13091,11128,13091,1567,1457
8497,8720,13092,11128,13092,1567,1457
8498,8720,13093,11128,13093,1567,1457
8498,8720,13094,11128,13094,1567,1457
8498,8720,13095,11128,13095,1567,1457
8495,8720,13096,11128,13096,1567,1457
8493,8720,13097,11128,13097,1567,1457
8494,8720,13098,11128,13098,1567,1457
8495,8720,13099,11128,13099,1567,1457
8496,8720,13100,11128,13100,1567,1457
8497,8720,13101,11128,13101,1567,1457
8498,8720,13102,11128,13102,1567,1457
8499,8720,13103,11128,13103,1567,1457
8500,8720,13104,11128,13104,1567,1457
8501,8720,13105,11128,13105,1567,1457
8500,8720,13106,11128,13106,1567,1457
8499,8720,13107,11128,13107,1567,1457
8500,8720,13108,11128,13108,1567,1457
8501,8720,13109,11128,13109,1567,1457
8502,8720,13110,11128,13110,1567,1457
8503,8720,13111,11128,13111,1567,1457
8504,8720,13112,11128,13112,1567,1457
8505,8720,13113,11128,13113,1567,1457
8506,8720,13114,11128,13114,1567,1457
8505,8720,13115,11128,13115,1567,1457
8506,8720,13116,11128,13116,1567,1457
8507,8720,13117,11128,13117,1567,1457
8508,8720,13118,11128,13118,1567,1457
8509,8720,13119,11128,13119,1567,1457
8510,8720,13120,11128,13120,1567,1457
8511,8720,13121,11128,13121,1567,1457
8512,8720,13122,11128,13122,1567,1457
8512,8720,13123,11128,13123,1567,1457
8513,8720,13124,11128,13124,1567,1457
8513,8720,13125,11128,13125,1567,1457
8514,8720,13126,11128,13126,1567,1457
8515,8720,13127,11128,13127,1567,1457
8516,8720,13128,11128,13128,1567,1457
8517,8720,13129,11128,13129,1567,1457
8518,8720,13130,11128,13130,1567,1457
8518,8720,13131,11128,13131,1567,1457
8517,8720,13132,11128,13132,1567,1457
8518,8720,13133,11128,13133,1567,1457
8519,8720,13134,11128,13134,1567,1457
8520,8720,13135,11128,13135,1567,1457
8517,8720,13136,11128,13136,1567,1457
8518,8720,13137,11128,13137,1567,1457
8519,8720,13138,11128,13138,1567,1457
8520,8720,13139,11128,13139,1567,1457
8516,8720,13140,11128,13140,1567,1457
8517,8720,13141,11128,13141,1567,1457
8517,8720,13142,11128,13142,1567,1457
8514,8720,13143,11128,13143,1567,1457
8515,8720,13144,11128,13144,1567,1457
8513,8720,13145,11128,13145,1567,1457
8514,8720,13146,11128,13146,1567,1457
8515,8720,13147,11128,13147,1567,1457
8514,8720,13148,11128,13148,1567,1457
8514,8720,13149,11128,13149,1567,1457
8515,8720,13150,11128,13150,1567,1457
8511,8720,13151,11128,13151,1567,1455
8509,8720,13152,11128,13152,1567,1455
8510,8720,13153,11128,13153,1567,1455
8510,8720,13154,11128,13154,1567,1455
8511,8720,13155,11128,13155,1567,1455
8512,8720,13156,11128,13156,1567,1455
8507,8720,13157,11128,13157,1567,1454
8505,8720,13158,11128,13158,1567,1454
8506,8720,13159,11128,13159,1567,1454
8507,8720,13160,11128,13160,1567,1454
8508,8720,13161,11128,13161,1567,1454
8507,8720,13162,11128,13162,1567,1454
8506,8720,13163,11128,13163,1567,1454
8507,8720,13164,11128,13164,1567,1454
8508,8720,13165,11128,13165,1567,1454
8509,8720,13166,11128,13166,1567,1454
8510,8720,13167,11128,13167,1567,1454
8511,8720,13168,11128,13168,1567,1454
8512,8720,13169,11128,13169,1567,1454
8512,8720,13170,11128,13170,1567,1454
8513,8720,13171,11128,13171,1567,1454
8514,8720,13172,11128,13172,1567,1454
8515,8720,13173,11128,13173,1567,1454
8516,8720,13174,11128,13174,1567,1454
8517,8720,13175,11128,13175,1567,1454
8518,8720,13176,11128,13176,1567,1454
8516,8720,13177,11128,13177,1567,1454
8517,8720,13178,11128,13178,1567,1454
8518,8720,13179,11128,13179,1567,1454
8519,8720,13180,11128,13180,1567,1454
8520,8720,13181,11128,13181,1567,1454
8516,8720,13182,11128,13182,1567,1454
8517,8720,13183,11128,13183,1567,1454
8518,8720,13184,11128,13184,1567,1454
8519,8720,13185,11128,13185,1567,1454
8519,8720,13186,11128,13186,1567,1454
8520,8720,13187,11128,13187,1567,1454
8521,8720,13188,11128,13188,1567,1454
8522,8720,13189,11128,13189,1567,1454
8523,8720,13190,11128,13190,1567,1454
8524,8720,13191,11128,13191,1567,1454
8525,8720,13192,11128,13192,1567,1454
8522,8720,13193,11128,13193,1567,1454
8523,8720,13194,11128,13194,1567,1454
8524,8720,13195,11128,13195,1567,1454
8525,8720,13196,11128,13196,1567,1454
8526,8720,13197,11128,13197,1567,1454
8524,8720,13198,11128,13198,1567,1453
8525,8720,13199,11128,13199,1567,1453
8526,8720,13200,11128,13200,1567,1453
8527,8720,13201,11128,13201,1567,1453
8527,8720,13202,11128,13202,1567,1453
8528,8720,13203,11128,13203,1567,1453
8529,8720,13204,11128,13204,1567,1453
8530,8720,13205,11128,13205,1567,1453
8528,8720,13206,11128,13206,1567,1452
8529,8720,13207,11128,13207,1567,1452
8524,8720,13208,11128,13208,1567,1452
8525,8720,13209,11128,13209,1567,1452
8523,8720,13210,11128,13210,1567,1452
8524,8720,13211,11128,13211,1567,1452
8525,8720,13212,11128,13212,1567,1452
8526,8720,13213,11128,13213,1567,1452
8527,8720,13214,11128,13214,1567,1452
8526,8720,13215,11128,13215,1567,1452
8527,8720,13216,11128,13216,1567,1452
8528,8720,13217,11128,13217,1567,1452
8526,8720,13218,11128,13218,1567,1452
8523,8720,13219,11128,13219,1567,1452
8520,8720,13220,11128,13220,1567,1452
8521,8720,13221,11128,13221,1567,1452
8522,8720,13222,11128,13222,1567,1452
8522,8720,13223,11128,13223,1567,1452
8523,8720,13224,11128,13224,1567,1452
8524,8720,13225,11128,13225,1567,1452
8525,8720,13226,11128,13226,1567,1452
8526,8720,13227,11128,13227,1567,1452
8527,8720,13228,11128,13228,1567,1452
8528,8720,13229,11128,13229,1567,1452
8529,8720,13230,11128,13230,1567,1452
8530,8720,13231,11128,13231,1567,1452
8531,8720,13232,11128,13232,1567,1452
8532,8720,13233,11128,13233,1567,1452
8533,8720,13234,11128,13234,1567,1452
8534,8720,13235,11128,13235,1567,1452
8534,8720,13236,11128,13236,1567,1452
8535,8720,13237,11128,13237,1567,1452
8533,8720,13238,11128,13238,1567,1452
8534,8720,13239,11128,13239,1567,1452
8530,8720,13240,11128,13240,1567,1452
8531,8720,13241,11128,13241,1567,1452
8532,8720,13242,11128,13242,1567,1452
8533,8720,13243,11128,13243,1567,1452
8533,8720,13244,11128,13244,1567,1452
8534,8720,13245,11128,13245,1567,1452
8535,8720,13246,11128,13246,1567,1452
8531,8720,13247,11128,13247,1567,1452
8532,8720,13248,11128,13248,1567,1452
8532,8720,13249,11128,13249,1567,1452
8530,8720,13250,11128,13250,1567,1452
8531,8720,13251,11128,13251,1567,1452
8530,8720,13252,11128,13252,1567,1452
8529,8720,13253,11128,13253,1567,1452
8528,8720,13254,11128,13254,1567,1452
8529,8720,13255,11128,13255,1567,1452
8530,8720,13256,11128,13256,1567,1452
8531,8720,13257,11128,13257,1567,1452
8531,8720,13258,11128,13258,1567,1452
8530,8720,13259,11128,13259,1567,1452
8531,8720,13260,11128,13260,1567,1452
8532,8720,13261,11128,13261,1567,1452
8531,8720,13262,11128,13262,1567,1451
8532,8720,13263,11128,13263,1567,1451
8526,8720,13264,11128,13264,1567,1450
8527,8720,13265,11128,13265,1567,1450
8526,8720,13266,11128,13266,1567,1450
8523,8720,13267,11128,13267,1567,1450
8524,8720,13268,11128,13268,1567,1450
8524,8720,13269,11128,13269,1567,1450
8524,8720,13270,11128,13270,1567,1450
8525,8720,13271,11128,13271,1567,1450
8526,8720,13272,11128,13272,1567,1450
8527,8720,13273,11128,13273,1567,1450
8524,8720,13274,11128,13274,1567,1450
8520,8720,13275,11128,13275,1567,1449
8521,8720,13276,11128,13276,1567,1449
8521,8720,13277,11128,13277,1567,1449
8516,8720,13278,11128,13278,1567,1449
8517,8720,13279,11128,13279,1567,1449
8512,8720,13280,11128,13280,1567,1449
8513,8720,13281,11128,13281,1567,1449
8511,8720,13282,11128,13282,1567,1449
8512,8720,13283,11128,13283,1567,1449
8513,8720,13284,11128,13284,1567,1449
8514,8720,13285,11128,13285,1567,1449
8515,8720,13286,11128,13286,1567,1449
8513,8720,13287,11128,13287,1567,1449
8514,8720,13288,11128,13288,1567,1449
8515,8720,13289,11128,13289,1567,1449
8512,8720,13290,11128,13290,1567,1449
8510,8720,13291,11128,13291,1567,1449
8504,8720,13292,11128,13292,1567,1449
8496,8720,13293,11128,13293,1567,1448
8497,8720,13294,11128,13294,1567,1448
8495,8720,13295,11128,13295,1567,1447
8496,8720,13296,11128,13296,1567,1447
8496,8720,13297,11128,13297,1567,1447
8497,8720,13298,11128,13298,1567,1447
8498,8720,13299,11128,13299,1567,1447
8499,8720,13300,11128,13300,1567,1447
8500,8720,13301,11128,13301,1567,1447
8494,8720,13302,11128,13302,1567,1447
8495,8720,13303,11128,13303,1567,1447
8494,8720,13304,11128,13304,1567,1447
8495,8720,13305,11128,13305,1567,1447
8496,8720,13306,11128,13306,1567,1447
8496,8720,13307,11128,13307,1567,1447
8497,8720,13308,11128,13308,1567,1447
8498,8720,13309,11128,13309,1567,1447
8499,8720,13310,11128,13310,1567,1447
8500,8720,13311,11128,13311,1567,1447
8501,8720,13312,11128,13312,1567,1447
8502,8720,13313,11128,13313,1567,1447
8502,8720,13314,11128,13314,1567,1447
8503,8720,13315,11128,13315,1567,1447
8504,8720,13316,11128,13316,1567,1447
8501,8720,13317,11128,13317,1567,1447
8502,8720,13318,11128,13318,1567,1447
8503,8720,13319,11128,13319,1567,1447
8500,8720,13320,11128,13320,1567,1446
8499,8720,13321,11128,13321,1567,1446
8499,8720,13322,11128,13322,1567,1446
8496,8720,13323,11128,13323,1567,1446
8497,8720,13324,11128,13324,1567,1446
8496,8720,13325,11128,13325,1567,1446
8497,8720,13326,11128,13326,1567,1446
8498,8720,13327,11128,13327,1567,1446
8498,8720,13328,11128,13328,1567,1446
8499,8720,13329,11128,13329,1567,1446
8494,8720,13330,11128,13330,1567,1446
8494,8720,13331,11128,13331,1567,1446
8492,8720,13332,11128,13332,1567,1446
8492,8720,13333,11128,13333,1567,1446
8493,8720,13334,11128,13334,1567,1446
8494,8720,13335,11128,13335,1567,1446
8495,8720,13336,11128,13336,1567,1446
8494,8720,13337,11128,13337,1567,1446
8495,8720,13338,11128,13338,1567,1446
8494,8720,13339,11128,13339,1567,1446
8495,8720,13340,11128,13340,1567,1446
8493,8720,13341,11128,13341,1567,1446
8490,8720,13342,11128,13342,1567,1446
8491,8720,13343,11128,13343,1567,1446
8487,8720,13344,11128,13344,1567,1446
8488,8720,13345,11128,13345,1567,1446
8482,8720,13346,11128,13346,1567,1446
8483,8720,13347,11128,13347,1567,1446
8480,8720,13348,11128,13348,1567,1446
8480,8720,13349,11128,13349,1567,1446
8481,8720,13350,11128,13350,1567,1446
8482,8720,13351,11128,13351,1567,1446
8479,8720,13352,11128,13352,1567,1446
8477,8720,13353,11128,13353,1567,1446
8478,8720,13354,11128,13354,1567,1446
8479,8720,13355,11128,13355,1567,1446
8478,8720,13356,11128,13356,1567,1446
8473,8720,13357,11128,13357,1567,1446
8474,8720,13358,11128,13358,1567,1446
8475,8720,13359,11128,13359,1567,1446
8474,8720,13360,11128,13360,1567,1446
8475,8720,13361,11128,13361,1567,1446
8476,8720,13362,11128,13362,1567,1446
8475,8720,13363,11128,13363,1567,1446
8476,8720,13364,11128,13364,1567,1446
8473,8720,13365,11128,13365,1567,1446
8474,8720,13366,11128,13366,1567,1446
8475,8720,13367,11128,13367,1567,1446
8475,8720,13368,11128,13368,1567,1446
8476,8720,13369,11128,13369,1567,1446
8477,8720,13370,11128,13370,1567,1446
8478,8720,13371,11128,13371,1567,1446
8478,8720,13372,11128,13372,1567,1446
8479,8720,13373,11128,13373,1567,1446
8480,8720,13374,11128,13374,1567,1446
8481,8720,13375,11128,13375,1567,1446
8482,8720,13376,11128,13376,1567,1446
8483,8720,13377,11128,13377,1567,1446
8483,8720,13378,11128,13378,1567,1446
8482,8720,13379,11128,13379,1567,1446
8483,8720,13380,11128,13380,1567,1446
8484,8720,13381,11128,13381,1567,1446
8485,8720,13382,11128,13382,1567,1446
8483,8720,13383,11128,13383,1567,1446
8484,8720,13384,11128,13384,1567,1446
8482,8720,13385,11128,13385,1567,1446
8480,8720,13386,11128,13386,1567,1446
8476,8720,13387,11128,13387,1567,1445
8477,8720,13388,11128,13388,1567,1445
8473,8720,13389,11128,13389,1567,1444
8474,8720,13390,11128,13390,1567,1444
8475,8720,13391,11128,13391,1567,1444
8476,8720,13392,11128,13392,1567,1444
8477,8720,13393,11128,13393,1567,1444
8476,8720,13394,11128,13394,1567,1444
8477,8720,13395,11128,13395,1567,1444
8478,8720,13396,11128,13396,1567,1444
8478,8720,13397,11128,13397,1567,1444
8479,8720,13398,11128,13398,1567,1444
8476,8720,13399,11128,13399,1567,1444
8477,8720,13400,11128,13400,1567,1444
8478,8720,13401,11128,13401,1567,1444
8475,8720,13402,11128,13402,1567,1444
8475,8720,13403,11128,13403,1567,1444
8474,8720,13404,11128,13404,1567,1444
8475,8720,13405,11128,13405,1567,1444
8473,8720,13406,11128,13406,1567,1444
8471,8720,13407,11128,13407,1567,1444
8469,8720,13408,11128,13408,1567,1443
8470,8720,13409,11128,13409,1567,1443
8471,8720,13410,11128,13410,1567,1443
8467,8720,13411,11128,13411,1567,1443
8463,8720,13412,11128,13412,1567,1443
8464,8720,13413,11128,13413,1567,1443
8463,8720,13414,11128,13414,1567,1443
8463,8720,13415,11128,13415,1567,1443
8464,8720,13416,11128,13416,1567,1443
8464,8720,13417,11128,13417,1567,1443
8459,8720,13418,11128,13418,1567,1443
8460,8720,13419,11128,13419,1567,1443
8461,8720,13420,11128,13420,1567,1443
8461,8720,13421,11128,13421,1567,1443
8458,8720,13422,11128,13422,1567,1443
8459,8720,13423,11128,13423,1567,1443
8460,8720,13424,11128,13424,1567,1443
8461,8720,13425,11128,13425,1567,1443
8462,8720,13426,11128,13426,1567,1443
8462,8720,13427,11128,13427,1567,1443
8463,8720,13428,11128,13428,1567,1443
8456,8720,13429,11128,13429,1567,1442
8457,8720,13430,11128,13430,1567,1442
8458,8720,13431,11128,13431,1567,1442
8458,8720,13432,11128,13432,1567,1442
8459,8720,13433,11128,13433,1567,1442
8460,8720,13434,11128,13434,1567,1442
8461,8720,13435,11128,13435,1567,1442
8462,8720,13436,11128,13436,1567,1442
8460,8720,13437,11128,13437,1567,1441
8461,8720,13438,11128,13438,1567,1441
8462,8720,13439,11128,13439,1567,1441
8462,8720,13440,11128,13440,1567,1441
8463,8720,13441,11128,13441,1567,1441
8464,8720,13442,11128,13442,1567,1441
8464,8720,13443,11128,13443,1567,1441
8463,8720,13444,11128,13444,1567,1441
8459,8720,13445,11128,13445,1567,1441
8455,8720,13446,11128,13446,1567,1440
8456,8720,13447,11128,13447,1567,1440
8456,8720,13448,11128,13448,1567,1440
8456,8720,13449,11128,13449,1567,1440
8457,8720,13450,11128,13450,1567,1440
8458,8720,13451,11128,13451,1567,1440
8456,8720,13452,11128,13452,1567,1440
8454,8720,13453,11128,13453,1567,1440
8455,8720,13454,11128,13454,1567,1440
8456,8720,13455,11128,13455,1567,1440
8452,8720,13456,11128,13456,1567,1440
8453,8720,13457,11128,13457,1567,1440
8454,8720,13458,11128,13458,1567,1440
8455,8720,13459,11128,13459,1567,1440
8456,8720,13460,11128,13460,1567,1440
8457,8720,13461,11128,13461,1567,1440
8458,8720,13462,11128,13462,1567,1440
8459,8720,13463,11128,13463,1567,1440
8458,8720,13464,11128,13464,1567,1440
8459,8720,13465,11128,13465,1567,1440
8456,8720,13466,11128,13466,1567,1440
8457,8720,13467,11128,13467,1567,1440
8457,8720,13468,11128,13468,1567,1440
8458,8720,13469,11128,13469,1567,1440
8455,8720,13470,11128,13470,1567,1440
8453,8720,13471,11128,13471,1567,1440
8454,8720,13472,11128,13472,1567,1440
8454,8720,13473,11128,13473,1567,1440
8454,8720,13474,11128,13474,1567,1440
8455,8720,13475,11128,13475,1567,1440
8456,8720,13476,11128,13476,1567,1440
8453,8720,13477,11128,13477,1567,1440
8453,8720,13478,11128,13478,1567,1440
8453,8720,13479,11128,13479,1567,1440
8453,8720,13480,11128,13480,1567,1440
8453,8720,13481,11128,13481,1567,1440
8454,8720,13482,11128,13482,1567,1440
8451,8720,13483,11128,13483,1567,1440
8445,8720,13484,11128,13484,1567,1439
8443,8720,13485,11128,13485,1567,1439
8439,8720,13486,11128,13486,1567,1439
8440,8720,13487,11128,13487,1567,1439
8441,8720,13488,11128,13488,1567,1439
8442,8720,13489,11128,13489,1567,1439
8438,8720,13490,11128,13490,1567,1439
8439,8720,13491,11128,13491,1567,1439
8437,8720,13492,11128,13492,1567,1439
8438,8720,13493,11128,13493,1567,1439
8438,8720,13494,11128,13494,1567,1439
8438,8720,13495,11128,13495,1567,1439
8439,8720,13496,11128,13496,1567,1439
8440,8720,13497,11128,13497,1567,1439
8440,8720,13498,11128,13498,1567,1439
8441,8720,13499,11128,13499,1567,1439
8440,8720,13500,11128,13500,1567,1439
8441,8720,13501,11128,13501,1567,1439
8442,8720,13502,11128,13502,1567,1439
8440,8720,13503,11128,13503,1567,1438
8437,8720,13504,11128,13504,1567,1438
8438,8720,13505,11128,13505,1567,1438
8435,8720,13506,11128,13506,1567,1438
8434,8720,13507,11128,13507,1567,1438
8435,8720,13508,11128,13508,1567,1438
8435,8720,13509,11128,13509,1567,1438
8436,8720,13510,11128,13510,1567,1438
8437,8720,13511,11128,13511,1567,1438
8438,8720,13512,11128,13512,1567,1438
8438,8720,13513,11128,13513,1567,1438
8439,8720,13514,11128,13514,1567,1438
8433,8720,13515,11128,13515,1567,1438
8434,8720,13516,11128,13516,1567,1438
8433,8720,13517,11128,13517,1567,1438
8434,8720,13518,11128,13518,1567,1438
8435,8720,13519,11128,13519,1567,1438
8433,8720,13520,11128,13520,1567,1438
8431,8720,13521,11128,13521,1567,1438
8427,8720,13522,11128,13522,1567,1437
8427,8720,13523,11128,13523,1567,1437
8428,8720,13524,11128,13524,1567,1437
8425,8720,13525,11128,13525,1567,1437
8426,8720,13526,11128,13526,1567,1437
8423,8720,13527,11128,13527,1567,1437
8416,8720,13528,11128,13528,1567,1437
8417,8720,13529,11128,13529,1567,1437
8414,8720,13530,11128,13530,1567,1437
8413,8720,13531,11128,13531,1567,1436
8413,8720,13532,11128,13532,1567,1436
8414,8720,13533,11128,13533,1567,1436
8415,8720,13534,11128,13534,1567,1436
8416,8720,13535,11128,13535,1567,1436
8417,8720,13536,11128,13536,1567,1436
8418,8720,13537,11128,13537,1567,1436
8419,8720,13538,11128,13538,1567,1436
8416,8720,13539,11128,13539,1567,1436
8417,8720,13540,11128,13540,1567,1436
8418,8720,13541,11128,13541,1567,1436
8419,8720,13542,11128,13542,1567,1436
8419,8720,13543,11128,13543,1567,1436
8417,8720,13544,11128,13544,1567,1436
8418,8720,13545,11128,13545,1567,1436
8419,8720,13546,11128,13546,1567,1436
8420,8720,13547,11128,13547,1567,1436
8421,8720,13548,11128,13548,1567,1436
8415,8720,13549,11128,13549,1567,1435
8416,8720,13550,11128,13550,1567,1435
8417,8720,13551,11128,13551,1567,1435
8418,8720,13552,11128,13552,1567,1435
8419,8720,13553,11128,13553,1567,1435
8418,8720,13554,11128,13554,1567,1435
8419,8720,13555,11128,13555,1567,1435
8420,8720,13556,11128,13556,1567,1435
8421,8720,13557,11128,13557,1567,1435
8416,8720,13558,11128,13558,1567,1435
8417,8720,13559,11128,13559,1567,1435
8416,8720,13560,11128,13560,1567,1435
8417,8720,13561,11128,13561,1567,1435
8415,8720,13562,11128,13562,1567,1435
8416,8720,13563,11128,13563,1567,1435
8413,8720,13564,11128,13564,1567,1434
8414,8720,13565,11128,13565,1567,1434
8415,8720,13566,11128,13566,1567,1434
8416,8720,13567,11128,13567,1567,1434
8415,8720,13568,11128,13568,1567,1433
8415,8720,13569,11128,13569,1567,1433
8416,8720,13570,11128,13570,1567,1433
8414,8720,13571,11128,13571,1567,1433
8414,8720,13572,11128,13572,1567,1433
8415,8720,13573,11128,13573,1567,1433
8416,8720,13574,11128,13574,1567,1433
8416,8720,13575,11128,13575,1567,1433
8410,8720,13576,11128,13576,1567,1432
8406,8720,13577,11128,13577,1567,1432
8407,8720,13578,11128,13578,1567,1432
8408,8720,13579,11128,13579,1567,1432
8409,8720,13580,11128,13580,1567,1432
8410,8720,13581,11128,13581,1567,1432
8411,8720,13582,11128,13582,1567,1432
8409,8720,13583,11128,13583,1567,1432
8410,8720,13584,11128,13584,1567,1432
8411,8720,13585,11128,13585,1567,1432
8412,8720,13586,11128,13586,1567,1432
8413,8720,13587,11128,13587,1567,1432
8414,8720,13588,11128,13588,1567,1432
8410,8720,13589,11128,13589,1567,1432
8411,8720,13590,11128,13590,1567,1432
8412,8720,13591,11128,13591,1567,1432
8413,8720,13592,11128,13592,1567,1432
8414,8720,13593,11128,13593,1567,1432
8410,8720,13594,11128,13594,1567,1432
8410,8720,13595,11128,13595,1567,1432
8408,8720,13596,11128,13596,1567,1432
8409,8720,13597,11128,13597,1567,1432
8410,8720,13598,11128,13598,1567,1432
8411,8720,13599,11128,13599,1567,1432
8412,8720,13600,11128,13600,1567,1432
8409,8720,13601,11128,13601,1567,1431
8410,8720,13602,11128,13602,1567,1431
8410,8720,13603,11128,13603,1567,1431
8411,8720,13604,11128,13604,1567,1431
8412,8720,13605,11128,13605,1567,1431
8413,8720,13606,11128,13606,1567,1431
8414,8720,13607,11128,13607,1567,1431
8415,8720,13608,11128,13608,1567,1431
8413,8720,13609,11128,13609,1567,1431
8414,8720,13610,11128,13610,1567,1431
8415,8720,13611,11128,13611,1567,1431
8415,8720,13612,11128,13612,1567,1431
8415,8720,13613,11128,13613,1567,1431
8416,8720,13614,11128,13614,1567,1431
8412,8720,13615,11128,13615,1567,1431
8413,8720,13616,11128,13616,1567,1431
8414,8720,13617,11128,13617,1567,1431
8413,8720,13618,11128,13618,1567,1431
8414,8720,13619,11128,13619,1567,1431
8415,8720,13620,11128,13620,1567,1431
8416,8720,13621,11128,13621,1567,1431
8417,8720,13622,11128,13622,1567,1431
8418,8720,13623,11128,13623,1567,1431
8419,8720,13624,11128,13624,1567,1431
8420,8720,13625,11128,13625,1567,1431
8421,8720,13626,11128,13626,1567,1431
8420,8720,13627,11128,13627,1567,1431
8417,8720,13628,11128,13628,1567,1431
8418,8720,13629,11128,13629,1567,1431
8419,8720,13630,11128,13630,1567,1431
8420,8720,13631,11128,13631,1567,1431
8421,8720,13632,11128,13632,1567,1431
8422,8720,13633,11128,13633,1567,1431
8423,8720,13634,11128,13634,1567,1431
8423,8720,13635,11128,13635,1567,1431
8424,8720,13636,11128,13636,1567,1431
8424,8720,13637,11128,13637,1567,1431
8425,8720,13638,11128,13638,1567,1431
8423,8720,13639,11128,13639,1567,1431
8424,8720,13640,11128,13640,1567,1431
8425,8720,13641,11128,13641,1567,1431
8424,8720,13642,11128,13642,1567,1431
8425,8720,13643,11128,13643,1567,1431
8426,8720,13644,11128,13644,1567,1431
8425,8720,13645,11128,13645,1567,1431
8424,8720,13646,11128,13646,1567,1431
8424,8720,13647,11128,13647,1567,1431
8424,8720,13648,11128,13648,1567,1431
8425,8720,13649,11128,13649,1567,1431
8425,8720,13650,11128,13650,1567,1431
8426,8720,13651,11128,13651,1567,1431
8426,8720,13652,11128,13652,1567,1431
8427,8720,13653,11128,13653,1567,1431
8425,8720,13654,11128,13654,1567,1431
8426,8720,13655,11128,13655,1567,1431
8427,8720,13656,11128,13656,1567,1431
8427,8720,13657,11128,13657,1567,1431
8428,8720,13658,11128,13658,1567,1431
8429,8720,13659,11128,13659,1567,1431
8429,8720,13660,11128,13660,1567,1431
8430,8720,13661,11128,13661,1567,1431
8430,8720,13662,11128,13662,1567,1431
8431,8720,13663,11128,13663,1567,1431
8432,8720,13664,11128,13664,1567,1431
8432,8720,13665,11128,13665,1567,1431
8432,8720,13666,11128,13666,1567,1431
8433,8720,13667,11128,13667,1567,1431
8429,8720,13668,11128,13668,1567,1430
8426,8720,13669,11128,13669,1567,1430
8427,8720,13670,11128,13670,1567,1430
8428,8720,13671,11128,13671,1567,1430
8424,8720,13672,11128,13672,1567,1429
8425,8720,13673,11128,13673,1567,1429
8426,8720,13674,11128,13674,1567,1429
8427,8720,13675,11128,13675,1567,1429
8428,8720,13676,11128,13676,1567,1429
8423,8720,13677,11128,13677,1567,1429
8424,8720,13678,11128,13678,1567,1429
8425,8720,13679,11128,13679,1567,1429
8421,8720,13680,11128,13680,1567,1428
8421,8720,13681,11128,13681,1567,1428
8418,8720,13682,11128,13682,1567,1428
8414,8720,13683,11128,13683,1567,1428
8415,8720,13684,11128,13684,1567,1428
8411,8720,13685,11128,13685,1567,1428
8412,8720,13686,11128,13686,1567,1428
8413,8720,13687,11128,13687,1567,1428
8414,8720,13688,11128,13688,1567,1428
8415,8720,13689,11128,13689,1567,1428
8413,8720,13690,11128,13690,1567,1428
8412,8720,13691,11128,13691,1567,1428
8413,8720,13692,11128,13692,1567,1428
8414,8720,13693,11128,13693,1567,1428
8410,8720,13694,11128,13694,1567,1428
8411,8720,13695,11128,13695,1567,1428
8412,8720,13696,11128,13696,1567,1428
8413,8720,13697,11128,13697,1567,1428
8414,8720,13698,11128,13698,1567,1428
8411,8720,13699,11128,13699,1567,1428
8412,8720,13700,11128,13700,1567,1428
8413,8720,13701,11128,13701,1567,1428
8414,8720,13702,11128,13702,1567,1428
8415,8720,13703,11128,13703,1567,1428
8413,8720,13704,11128,13704,1567,1428
8414,8720,13705,11128,13705,1567,1428
8415,8720,13706,11128,13706,1567,1428
8416,8720,13707,11128,13707,1567,1428
8415,8720,13708,11128,13708,1567,1428
8414,8720,13709,11128,13709,1567,1428
8415,8720,13710,11128,13710,1567,1428
8415,8720,13711,11128,13711,1567,1428
8412,8720,13712,11128,13712,1567,1428
8412,8720,13713,11128,13713,1567,1428
8413,8720,13714,11128,13714,1567,1428
8414,8720,13715,11128,13715,1567,1428
8409,8720,13716,11128,13716,1567,1428
8410,8720,13717,11128,13717,1567,1428
8407,8720,13718,11128,13718,1567,1428
8408,8720,13719,11128,13719,1567,1428
8409,8720,13720,11128,13720,1567,1428
8410,8720,13721,11128,13721,1567,1428
8404,8720,13722,11128,13722,1567,1427
8405,8720,13723,11128,13723,1567,1427
8404,8720,13724,11128,13724,1567,1427
8405,8720,13725,11128,13725,1567,1427
8404,8720,13726,11128,13726,1567,1427
8404,8720,13727,11128,13727,1567,1427
8402,8720,13728,11128,13728,1567,1427
8402,8720,13729,11128,13729,1567,1427
8403,8720,13730,11128,13730,1567,1427
8404,8720,13731,11128,13731,1567,1427
8405,8720,13732,11128,13732,1567,1427
8404,8720,13733,11128,13733,1567,1427
8405,8720,13734,11128,13734,1567,1427
8401,8720,13735,11128,13735,1567,1427
8402,8720,13736,11128,13736,1567,1427
8396,8720,13737,11128,13737,1567,1427
8395,8720,13738,11128,13738,1567,1427
8396,8720,13739,11128,13739,1567,1427
8396,8720,13740,11128,13740,1567,1427
8397,8720,13741,11128,13741,1567,1427
8398,8720,13742,11128,13742,1567,1427
8399,8720,13743,11128,13743,1567,1427
8400,8720,13744,11128,13744,1567,1427
8401,8720,13745,11128,13745,1567,1427
8401,8720,13746,11128,13746,1567,1427
8402,8720,13747,11128,13747,1567,1427
8402,8720,13748,11128,13748,1567,1427
8400,8720,13749,11128,13749,1567,1427
8401,8720,13750,11128,13750,1567,1427
8399,8720,13751,11128,13751,1567,1427
8400,8720,13752,11128,13752,1567,1427
8400,8720,13753,11128,13753,1567,1427
8400,8720,13754,11128,13754,1567,1427
8401,8720,13755,11128,13755,1567,1427
8402,8720,13756,11128,13756,1567,1427
8403,8720,13757,11128,13757,1567,1427
8403,8720,13758,11128,13758,1567,1427
8400,8720,13759,11128,13759,1567,1427
8397,8720,13760,11128,13760,1567,1427
8398,8720,13761,11128,13761,1567,1427
8396,8720,13762,11128,13762,1567,1427
8397,8720,13763,11128,13763,1567,1427
8394,8720,13764,11128,13764,1567,1426
8395,8720,13765,11128,13765,1567,1426
8396,8720,13766,11128,13766,1567,1426
8397,8720,13767,11128,13767,1567,1426
8398,8720,13768,11128,13768,1567,1426
8399,8720,13769,11128,13769,1567,1426
8399,8720,13770,11128,13770,1567,1426
8392,8720,13771,11128,13771,1567,1426
8393,8720,13772,11128,13772,1567,1426
8394,8720,13773,11128,13773,1567,1426
8395,8720,13774,11128,13774,1567,1426
8396,8720,13775,11128,13775,1567,1426
8395,8720,13776,11128,13776,1567,1426
8393,8720,13777,11128,13777,1567,1426
8392,8720,13778,11128,13778,1567,1426
8393,8720,13779,11128,13779,1567,1426
8394,8720,13780,11128,13780,1567,1426
8395,8720,13781,11128,13781,1567,1426
8396,8720,13782,11128,13782,1567,1426
8396,8720,13783,11128,13783,1567,1426
8397,8720,13784,11128,13784,1567,1426
8395,8720,13785,11128,13785,1567,1425
8396,8720,13786,11128,13786,1567,1425
8396,8720,13787,11128,13787,1567,1425
8394,8720,13788,11128,13788,1567,1425
8394,8720,13789,11128,13789,1567,1425
8393,8720,13790,11128,13790,1567,1425
8394,8720,13791,11128,13791,1567,1425
8391,8720,13792,11128,13792,1567,1425
8392,8720,13793,11128,13793,1567,1425
8387,8720,13794,11128,13794,1567,1425
8388,8720,13795,11128,13795,1567,1425
8389,8720,13796,11128,13796,1567,1425
8390,8720,13797,11128,13797,1567,1425
8391,8720,13798,11128,13798,1567,1425
8392,8720,13799,11128,13799,1567,1425
8393,8720,13800,11128,13800,1567,1425
8394,8720,13801,11128,13801,1567,1425
8391,8720,13802,11128,13802,1567,1425
8392,8720,13803,11128,13803,1567,1425
8388,8720,13804,11128,13804,1567,1425
8386,8720,13805,11128,13805,1567,1425
8387,8720,13806,11128,13806,1567,1425
8388,8720,13807,11128,13807,1567,1425
8389,8720,13808,11128,13808,1567,1425
8386,8720,13809,11128,13809,1567,1424
8381,8720,13810,11128,13810,1567,1424
8382,8720,13811,11128,13811,1567,1424
8383,8720,13812,11128,13812,1567,1424
8380,8720,13813,11128,13813,1567,1424
8378,8720,13814,11128,13814,1567,1424
8376,8720,13815,11128,13815,1567,1424
8377,8720,13816,11128,13816,1567,1424
8375,8720,13817,11128,13817,1567,1424
8373,8720,13818,11128,13818,1567,1424
8368,8720,13819,11128,13819,1567,1424
8369,8720,13820,11128,13820,1567,1424
8370,8720,13821,11128,13821,1567,1424
8371,8720,13822,11128,13822,1567,1424
8366,8720,13823,11128,13823,1567,1424
8367,8720,13824,11128,13824,1567,1424
8367,8720,13825,11128,13825,1567,1424
8368,8720,13826,11128,13826,1567,1424
8366,8720,13827,11128,13827,1567,1423
8367,8720,13828,11128,13828,1567,1423
8368,8720,13829,11128,13829,1567,1423
8369,8720,13830,11128,13830,1567,1423
8370,8720,13831,11128,13831,1567,1423
8371,8720,13832,11128,13832,1567,1423
8372,8720,13833,11128,13833,1567,1423
8373,8720,13834,11128,13834,1567,1423
8374,8720,13835,11128,13835,1567,1423
8375,8720,13836,11128,13836,1567,1423
8376,8720,13837,11128,13837,1567,1423
8377,8720,13838,11128,13838,1567,1423
8378,8720,13839,11128,13839,1567,1423
8379,8720,13840,11128,13840,1567,1423
8380,8720,13841,11128,13841,1567,1423
8381,8720,13842,11128,13842,1567,1423
8382,8720,13843,11128,13843,1567,1423
8383,8720,13844,11128,13844,1567,1423
8384,8720,13845,11128,13845,1567,1423
8385,8720,13846,11128,13846,1567,1423
8383,8720,13847,11128,13847,1567,1423
8384,8720,13848,11128,13848,1567,1423
8385,8720,13849,11128,13849,1567,1423
8386,8720,13850,11128,13850,1567,1423
8387,8720,13851,11128,13851,1567,1423
8388,8720,13852,11128,13852,1567,1423
8389,8720,13853,11128,13853,1567,1423
8390,8720,13854,11128,13854,1567,1423
8389,8720,13855,11128,13855,1567,1423
8390,8720,13856,11128,13856,1567,1423
8391,8720,13857,11128,13857,1567,1423
8388,8720,13858,11128,13858,1567,1423
8383,8720,13859,11128,13859,1567,1422
8384,8720,13860,11128,13860,1567,1422
8380,8720,13861,11128,13861,1567,1422
8381,8720,13862,11128,13862,1567,1422
8382,8720,13863,11128,13863,1567,1422
8382,8720,13864,11128,13864,1567,1422
8382,8720,13865,11128,13865,1567,1422
8383,8720,13866,11128,13866,1567,1422
8384,8720,13867,11128,13867,1567,1422
8385,8720,13868,11128,13868,1567,1422
8386,8720,13869,11128,13869,1567,1422
8387,8720,13870,11128,13870,1567,1422
8388,8720,13871,11128,13871,1567,1422
8386,8720,13872,11128,13872,1567,1422
8383,8720,13873,11128,13873,1567,1420
8384,8720,13874,11128,13874,1567,1420
8379,8720,13875,11128,13875,1567,1420
8379,8720,13876,11128,13876,1567,1420
8380,8720,13877,11128,13877,1567,1420
8381,8720,13878,11128,13878,1567,1420
8377,8720,13879,11128,13879,1567,1419
8378,8720,13880,11128,13880,1567,1419
8375,8720,13881,11128,13881,1567,1419
8374,8720,13882,11128,13882,1567,1419
8375,8720,13883,11128,13883,1567,1419
8376,8720,13884,11128,13884,1567,1419
8373,8720,13885,11128,13885,1567,1419
8371,8720,13886,11128,13886,1567,1419
8372,8720,13887,11128,13887,1567,1419
8373,8720,13888,11128,13888,1567,1419
8374,8720,13889,11128,13889,1567,1419
8369,8720,13890,11128,13890,1567,1419
8370,8720,13891,11128,13891,1567,1419
8371,8720,13892,11128,13892,1567,1419
8372,8720,13893,11128,13893,1567,1419
8370,8720,13894,11128,13894,1567,1419
8369,8720,13895,11128,13895,1567,1419
8370,8720,13896,11128,13896,1567,1419
8371,8720,13897,11128,13897,1567,1419
8365,8720,13898,11128,13898,1567,1418
8366,8720,13899,11128,13899,1567,1418
8366,8720,13900,11128,13900,1567,1418
8363,8720,13901,11128,13901,1567,1418
8360,8720,13902,11128,13902,1567,1418
8361,8720,13903,11128,13903,1567,1418
8362,8720,13904,11128,13904,1567,1418
8363,8720,13905,11128,13905,1567,1418
8364,8720,13906,11128,13906,1567,1418
8365,8720,13907,11128,13907,1567,1418
8362,8720,13908,11128,13908,1567,1417
8363,8720,13909,11128,13909,1567,1417
8364,8720,13910,11128,13910,1567,1417
8362,8720,13911,11128,13911,1567,1417
8361,8720,13912,11128,13912,1567,1417
8361,8720,13913,11128,13913,1567,1417
8362,8720,13914,11128,13914,1567,1417
8362,8720,13915,11128,13915,1567,1417
8363,8720,13916,11128,13916,1567,1417
8359,8720,13917,11128,13917,1567,1417
8358,8720,13918,11128,13918,1567,1417
8357,8720,13919,11128,13919,1567,1417
8358,8720,13920,11128,13920,1567,1417
8358,8720,13921,11128,13921,1567,1417
8359,8720,13922,11128,13922,1567,1417
8360,8720,13923,11128,13923,1567,1417
8356,8720,13924,11128,13924,1567,1416
8353,8720,13925,11128,13925,1567,1416
8354,8720,13926,11128,13926,1567,1416
8355,8720,13927,11128,13927,1567,1416
8356,8720,13928,11128,13928,1567,1416
8357,8720,13929,11128,13929,1567,1416
8358,8720,13930,11128,13930,1567,1416
8359,8720,13931,11128,13931,1567,1416
8359,8720,13932,11128,13932,1567,1416
8359,8720,13933,11128,13933,1567,1416
8355,8720,13934,11128,13934,1567,1416
8356,8720,13935,11128,13935,1567,1416
8357,8720,13936,11128,13936,1567,1416
8358,8720,13937,11128,13937,1567,1416
8359,8720,13938,11128,13938,1567,1416
8360,8720,13939,11128,13939,1567,1416
8361,8720,13940,11128,13940,1567,1416
8358,8720,13941,11128,13941,1567,1416
8359,8720,13942,11128,13942,1567,1416
8360,8720,13943,11128,13943,1567,1416
8361,8720,13944,11128,13944,1567,1416
8362,8720,13945,11128,13945,1567,1416
8363,8720,13946,11128,13946,1567,1416
8364,8720,13947,11128,13947,1567,1416
8365,8720,13948,11128,13948,1567,1416
8366,8720,13949,11128,13949,1567,1416
8366,8720,13950,11128,13950,1567,1416
8367,8720,13951,11128,13951,1567,1416
8368,8720,13952,11128,13952,1567,1416
8364,8720,13953,11128,13953,1567,1416
8365,8720,13954,11128,13954,1567,1416
8362,8720,13955,11128,13955,1567,1416
8362,8720,13956,11128,13956,1567,1416
8362,8720,13957,11128,13957,1567,1416
8361,8720,13958,11128,13958,1567,1416
8356,8720,13959,11128,13959,1567,1415
8357,8720,13960,11128,13960,1567,1415
8358,8720,13961,11128,13961,1567,1415
8359,8720,13962,11128,13962,1567,1415
8360,8720,13963,11128,13963,1567,1415
8361,8720,13964,11128,13964,1567,1415
8357,8720,13965,11128,13965,1567,1415
8357,8720,13966,11128,13966,1567,1415
8358,8720,13967,11128,13967,1567,1415
8359,8720,13968,11128,13968,1567,1415
8358,8720,13969,11128,13969,1567,1415
8358,8720,13970,11128,13970,1567,1415
8359,8720,13971,11128,13971,1567,1415
8360,8720,13972,11128,13972,1567,1415
8361,8720,13973,11128,13973,1567,1415
8362,8720,13974,11128,13974,1567,1415
8363,8720,13975,11128,13975,1567,1415
8362,8720,13976,11128,13976,1567,1415
8363,8720,13977,11128,13977,1567,1415
8364,8720,13978,11128,13978,1567,1415
8364,8720,13979,11128,13979,1567,1415
8361,8720,13980,11128,13980,1567,1415
8362,8720,13981,11128,13981,1567,1415
8363,8720,13982,11128,13982,1567,1415
8362,8720,13983,11128,13983,1567,1415
8363,8720,13984,11128,13984,1567,1415
8364,8720,13985,11128,13985,1567,1415
8361,8720,13986,11128,13986,1567,1415
8362,8720,13987,11128,13987,1567,1415
8362,8720,13988,11128,13988,1567,1415
8363,8720,13989,11128,13989,1567,1415
8360,8720,13990,11128,13990,1567,1414
8358,8720,13991,11128,13991,1567,1414
8356,8720,13992,11128,13992,1567,1414
8357,8720,13993,11128,13993,1567,1414
8358,8720,13994,11128,13994,1567,1414
8355,8720,13995,11128,13995,1567,1414
8354,8720,13996,11128,13996,1567,1414
8354,8720,13997,11128,13997,1567,1414
8354,8720,13998,11128,13998,1567,1414
8350,8720,13999,11128,13999,1567,1414
8351,8720,14000,11128,14000,1567,1414
8352,8720,14001,11128,14001,1567,1414
8353,8720,14002,11128,14002,1567,1414
8351,8720,14003,11128,14003,1567,1413
8352,8720,14004,11128,14004,1567,1413
8353,8720,14005,11128,14005,1567,1413
8354,8720,14006,11128,14006,1567,1413
8355,8720,14007,11128,14007,1567,1413
8356,8720,14008,11128,14008,1567,1413
8357,8720,14009,11128,14009,1567,1413
8357,8720,14010,11128,14010,1567,1413
8353,8720,14011,11128,14011,1567,1413
8354,8720,14012,11128,14012,1567,1413
8350,8720,14013,11128,14013,1567,1413
8351,8720,14014,11128,14014,1567,1413
8352,8720,14015,11128,14015,1567,1413
8353,8720,14016,11128,14016,1567,1413
8354,8720,14017,11128,14017,1567,1413
8355,8720,14018,11128,14018,1567,1413
8356,8720,14019,11128,14019,1567,1413
8357,8720,14020,11128,14020,1567,1413
8356,8720,14021,11128,14021,1567,1413
8357,8720,14022,11128,14022,1567,1413
8355,8720,14023,11128,14023,1567,1413
8356,8720,14024,11128,14024,1567,1413
8357,8720,14025,11128,14025,1567,1413
8358,8720,14026,11128,14026,1567,1413
8359,8720,14027,11128,14027,1567,1413
8360,8720,14028,11128,14028,1567,1413
8358,8720,14029,11128,14029,1567,1413
8359,8720,14030,11128,14030,1567,1413
8360,8720,14031,11128,14031,1567,1413
8361,8720,14032,11128,14032,1567,1413
8356,8720,14033,11128,14033,1567,1413
8357,8720,14034,11128,14034,1567,1413
8354,8720,14035,11128,14035,1567,1413
8354,8720,14036,11128,14036,1567,1413
8351,8720,14037,11128,14037,1567,1412
8349,8720,14038,11128,14038,1567,1412
8345,8720,14039,11128,14039,1567,1411
8346,8720,14040,11128,14040,1567,1411
8346,8720,14041,11128,14041,1567,1411
8347,8720,14042,11128,14042,1567,1411
8346,8720,14043,11128,14043,1567,1411
8345,8720,14044,11128,14044,1567,1411
8346,8720,14045,11128,14045,1567,1411
8347,8720,14046,11128,14046,1567,1411
8343,8720,14047,11128,14047,1567,1411
8343,8720,14048,11128,14048,1567,1411
8344,8720,14049,11128,14049,1567,1411
8339,8720,14050,11128,14050,1567,1411
8339,8720,14051,11128,14051,1567,1411
8339,8720,14052,11128,14052,1567,1411
8340,8720,14053,11128,14053,1567,1411
8341,8720,14054,11128,14054,1567,1411
8338,8720,14055,11128,14055,1567,1411
8333,8720,14056,11128,14056,1567,1411
8330,8720,14057,11128,14057,1567,1411
8331,8720,14058,11128,14058,1567,1411
8329,8720,14059,11128,14059,1567,1411
8330,8720,14060,11128,14060,1567,1411
8331,8720,14061,11128,14061,1567,1411
8332,8720,14062,11128,14062,1567,1411
8332,8720,14063,11128,14063,1567,1411
8333,8720,14064,11128,14064,1567,1411
8333,8720,14065,11128,14065,1567,1411
8334,8720,14066,11128,14066,1567,1411
8335,8720,14067,11128,14067,1567,1411
8336,8720,14068,11128,14068,1567,1411
8337,8720,14069,11128,14069,1567,1411
8338,8720,14070,11128,14070,1567,1411
8334,8720,14071,11128,14071,1567,1411
8335,8720,14072,11128,14072,1567,1411
8335,8720,14073,11128,14073,1567,1411
8334,8720,14074,11128,14074,1567,1411
8335,8720,14075,11128,14075,1567,1411
8336,8720,14076,11128,14076,1567,1411
8337,8720,14077,11128,14077,1567,1411
8338,8720,14078,11128,14078,1567,1411
8339,8720,14079,11128,14079,1567,1411
8340,8720,14080,11128,14080,1567,1411
8341,8720,14081,11128,14081,1567,1411
8342,8720,14082,11128,14082,1567,1411
8343,8720,14083,11128,14083,1567,1411
8344,8720,14084,11128,14084,1567,1411
8343,8720,14085,11128,14085,1567,1411
8344,8720,14086,11128,14086,1567,1411
8344,8720,14087,11128,14087,1567,1411
8345,8720,14088,11128,14088,1567,1411
8341,8720,14089,11128,14089,1567,1410
8339,8720,14090,11128,14090,1567,1410
8337,8720,14091,11128,14091,1567,1410
8336,8720,14092,11128,14092,1567,1410
8337,8720,14093,11128,14093,1567,1410
8338,8720,14094,11128,14094,1567,1410
8336,8720,14095,11128,14095,1567,1410
8337,8720,14096,11128,14096,1567,1410
8338,8720,14097,11128,14097,1567,1410
8338,8720,14098,11128,14098,1567,1410
8339,8720,14099,11128,14099,1567,1410
8340,8720,14100,11128,14100,1567,1410
8340,8720,14101,11128,14101,1567,1410
8341,8720,14102,11128,14102,1567,1410
8341,8720,14103,11128,14103,1567,1410
8342,8720,14104,11128,14104,1567,1410
8343,8720,14105,11128,14105,1567,1410
8344,8720,14106,11128,14106,1567,1410
8345,8720,14107,11128,14107,1567,1410
8344,8720,14108,11128,14108,1567,1410
8341,8720,14109,11128,14109,1567,1410
8342,8720,14110,11128,14110,1567,1410
8343,8720,14111,11128,14111,1567,1410
8344,8720,14112,11128,14112,1567,1410
8344,8720,14113,11128,14113,1567,1410
8342,8720,14114,11128,14114,1567,1410
8341,8720,14115,11128,14115,1567,1410
8341,8720,14116,11128,14116,1567,1410
8342,8720,14117,11128,14117,1567,1410
8343,8720,14118,11128,14118,1567,1410
8341,8720,14119,11128,14119,1567,1410
8338,8720,14120,11128,14120,1567,1410
8339,8720,14121,11128,14121,1567,1410
8340,8720,14122,11128,14122,1567,1410
8341,8720,14123,11128,14123,1567,1410
8342,8720,14124,11128,14124,1567,1410
8342,8720,14125,11128,14125,1567,1410
8343,8720,14126,11128,14126,1567,1410
8344,8720,14127,11128,14127,1567,1410
8343,8720,14128,11128,14128,1567,1410
8341,8720,14129,11128,14129,1567,1410
8342,8720,14130,11128,14130,1567,1410
8343,8720,14131,11128,14131,1567,1410
8341,8720,14132,11128,14132,1567,1410
8342,8720,14133,11128,14133,1567,1410
8343,8720,14134,11128,14134,1567,1410
8344,8720,14135,11128,14135,1567,1410
8344,8720,14136,11128,14136,1567,1410
8345,8720,14137,11128,14137,1567,1410
8346,8720,14138,11128,14138,1567,1410
8347,8720,14139,11128,14139,1567,1410
8348,8720,14140,11128,14140,1567,1410
8347,8720,14141,11128,14141,1567,1410
8348,8720,14142,11128,14142,1567,1410
8349,8720,14143,11128,14143,1567,1410
8347,8720,14144,11128,14144,1567,1410
8348,8720,14145,11128,14145,1567,1410
8347,8720,14146,11128,14146,1567,1410
8348,8720,14147,11128,14147,1567,1410
8345,8720,14148,11128,14148,1567,1410
8346,8720,14149,11128,14149,1567,1410
8344,8720,14150,11128,14150,1567,1410
8344,8720,14151,11128,14151,1567,1410
8345,8720,14152,11128,14152,1567,1410
8346,8720,14153,11128,14153,1567,1410
8347,8720,14154,11128,14154,1567,1410
8345,8720,14155,11128,14155,1567,1410
8346,8720,14156,11128,14156,1567,1410
8345,8720,14157,11128,14157,1567,1410
8344,8720,14158,11128,14158,1567,1410
8342,8720,14159,11128,14159,1567,1410
8343,8720,14160,11128,14160,1567,1410
8344,8720,14161,11128,14161,1567,1410
8345,8720,14162,11128,14162,1567,1410
8345,8720,14163,11128,14163,1567,1410
8346,8720,14164,11128,14164,1567,1410
8345,8720,14165,11128,14165,1567,1410
8342,8720,14166,11128,14166,1567,1410
8342,8720,14167,11128,14167,1567,1410
8339,8720,14168,11128,14168,1567,1410
8340,8720,14169,11128,14169,1567,1410
8341,8720,14170,11128,14170,1567,1410
8342,8720,14171,11128,14171,1567,1410
8337,8720,14172,11128,14172,1567,1410
8338,8720,14173,11128,14173,1567,1410
8337,8720,14174,11128,14174,1567,1410
8338,8720,14175,11128,14175,1567,1410
8338,8720,14176,11128,14176,1567,1410
8335,8720,14177,11128,14177,1567,1410
8336,8720,14178,11128,14178,1567,1410
8337,8720,14179,11128,14179,1567,1410
8338,8720,14180,11128,14180,1567,1410
8339,8720,14181,11128,14181,1567,1410
8340,8720,14182,11128,14182,1567,1410
8341,8720,14183,11128,14183,1567,1410
8341,8720,14184,11128,14184,1567,1410
8338,8720,14185,11128,14185,1567,1410
8339,8720,14186,11128,14186,1567,1410
8340,8720,14187,11128,14187,1567,1410
8341,8720,14188,11128,14188,1567,1410
8342,8720,14189,11128,14189,1567,1410
8341,8720,14190,11128,14190,1567,1410
8342,8720,14191,11128,14191,1567,1410
8341,8720,14192,11128,14192,1567,1410
8342,8720,14193,11128,14193,1567,1410
8337,8720,14194,11128,14194,1567,1410
8333,8720,14195,11128,14195,1567,1410
8334,8720,14196,11128,14196,1567,1410
8330,8720,14197,11128,14197,1567,1410
8327,8720,14198,11128,14198,1567,1410
8325,8720,14199,11128,14199,1567,1410
8325,8720,14200,11128,14200,1567,1410
8326,8720,14201,11128,14201,1567,1410
8327,8720,14202,11128,14202,1567,1410
8328,8720,14203,11128,14203,1567,1410
8329,8720,14204,11128,14204,1567,1410
8330,8720,14205,11128,14205,1567,1410
8327,8720,14206,11128,14206,1567,1410
8324,8720,14207,11128,14207,1567,1410
8325,8720,14208,11128,14208,1567,1410
8326,8720,14209,11128,14209,1567,1410
8326,8720,14210,11128,14210,1567,1410
8323,8720,14211,11128,14211,1567,1409
8324,8720,14212,11128,14212,1567,1409
8321,8720,14213,11128,14213,1567,1409
8320,8720,14214,11128,14214,1567,1409
8320,8720,14215,11128,14215,1567,1409
8315,8720,14216,11128,14216,1567,1409
8316,8720,14217,11128,14217,1567,1409
8317,8720,14218,11128,14218,1567,1409
8318,8720,14219,11128,14219,1567,1409
8319,8720,14220,11128,14220,1567,1409
8320,8720,14221,11128,14221,1567,1409
8320,8720,14222,11128,14222,1567,1409
8321,8720,14223,11128,14223,1567,1409
8322,8720,14224,11128,14224,1567,1409
8319,8720,14225,11128,14225,1567,1409
8319,8720,14226,11128,14226,1567,1409
8320,8720,14227,11128,14227,1567,1409
8318,8720,14228,11128,14228,1567,1409
8318,8720,14229,11128,14229,1567,1409
8319,8720,14230,11128,14230,1567,1409
8318,8720,14231,11128,14231,1567,1409
8316,8720,14232,11128,14232,1567,1409
8317,8720,14233,11128,14233,1567,1409
8318,8720,14234,11128,14234,1567,1409
8319,8720,14235,11128,14235,1567,1409
8319,8720,14236,11128,14236,1567,1409
8320,8720,14237,11128,14237,1567,1409
8321,8720,14238,11128,14238,1567,1409
8322,8720,14239,11128,14239,1567,1409
8321,8720,14240,11128,14240,1567,1409
8322,8720,14241,11128,14241,1567,1409
8319,8720,14242,11128,14242,1567,1408
8317,8720,14243,11128,14243,1567,1408
8317,8720,14244,11128,14244,1567,1408
8318,8720,14245,11128,14245,1567,1408
8316,8720,14246,11128,14246,1567,1408
8317,8720,14247,11128,14247,1567,1408
8317,8720,14248,11128,14248,1567,1408
8318,8720,14249,11128,14249,1567,1408
8319,8720,14250,11128,14250,1567,1408
8319,8720,14251,11128,14251,1567,1408
8320,8720,14252,11128,14252,1567,1408
8321,8720,14253,11128,14253,1567,1408
8317,8720,14254,11128,14254,1567,1408
8318,8720,14255,11128,14255,1567,1408
8319,8720,14256,11128,14256,1567,1408
8319,8720,14257,11128,14257,1567,1408
8320,8720,14258,11128,14258,1567,1408
8321,8720,14259,11128,14259,1567,1408
8322,8720,14260,11128,14260,1567,1408
8323,8720,14261,11128,14261,1567,1408
8324,8720,14262,11128,14262,1567,1408
8321,8720,14263,11128,14263,1567,1408
8322,8720,14264,11128,14264,1567,1408
8323,8720,14265,11128,14265,1567,1408
8324,8720,14266,11128,14266,1567,1408
8323,8720,14267,11128,14267,1567,1408
8324,8720,14268,11128,14268,1567,1408
8325,8720,14269,11128,14269,1567,1408
8325,8720,14270,11128,14270,1567,1408
8326,8720,14271,11128,14271,1567,1408
8327,8720,14272,11128,14272,1567,1408
8325,8720,14273,11128,14273,1567,1408
8322,8720,14274,11128,14274,1567,1408
8323,8720,14275,11128,14275,1567,1408
8321,8720,14276,11128,14276,1567,1408
8322,8720,14277,11128,14277,1567,1408
8323,8720,14278,11128,14278,1567,1408
8324,8720,14279,11128,14279,1567,1408
8325,8720,14280,11128,14280,1567,1408
8326,8720,14281,11128,14281,1567,1408
8327,8720,14282,11128,14282,1567,1408
8325,8720,14283,11128,14283,1567,1408
8321,8720,14284,11128,14284,1567,1407
8318,8720,14285,11128,14285,1567,1407
8319,8720,14286,11128,14286,1567,1407
8319,8720,14287,11128,14287,1567,1407
8319,8720,14288,11128,14288,1567,1407
8320,8720,14289,11128,14289,1567,1407
8318,8720,14290,11128,14290,1567,1407
8317,8720,14291,11128,14291,1567,1407
8315,8720,14292,11128,14292,1567,1407
8313,8720,14293,11128,14293,1567,1407
8314,8720,14294,11128,14294,1567,1407
8315,8720,14295,11128,14295,1567,1407
8316,8720,14296,11128,14296,1567,1407
8316,8720,14297,11128,14297,1567,1407
8317,8720,14298,11128,14298,1567,1407
8318,8720,14299,11128,14299,1567,1407
8316,8720,14300,11128,14300,1567,1407
8313,8720,14301,11128,14301,1567,1407
8312,8720,14302,11128,14302,1567,1407
8313,8720,14303,11128,14303,1567,1407
8309,8720,14304,11128,14304,1567,1407
8304,8720,14305,11128,14305,1567,1407
8305,8720,14306,11128,14306,1567,1407
8305,8720,14307,11128,14307,1567,1407
8303,8720,14308,11128,14308,1567,1407
8300,8720,14309,11128,14309,1567,1407
8295,8720,14310,11128,14310,1567,1406
8296,8720,14311,11128,14311,1567,1406
8297,8720,14312,11128,14312,1567,1406
8298,8720,14313,11128,14313,1567,1406
8299,8720,14314,11128,14314,1567,1406
8300,8720,14315,11128,14315,1567,1406
8301,8720,14316,11128,14316,1567,1406
8298,8720,14317,11128,14317,1567,1406
8299,8720,14318,11128,14318,1567,1406
8295,8720,14319,11128,14319,1567,1406
8296,8720,14320,11128,14320,1567,1406
8292,8720,14321,11128,14321,1567,1406
8293,8720,14322,11128,14322,1567,1406
8294,8720,14323,11128,14323,1567,1406
8295,8720,14324,11128,14324,1567,1406
8296,8720,14325,11128,14325,1567,1406
8297,8720,14326,11128,14326,1567,1406
8298,8720,14327,11128,14327,1567,1406
8295,8720,14328,11128,14328,1567,1406
8296,8720,14329,11128,14329,1567,1406
8296,8720,14330,11128,14330,1567,1406
8297,8720,14331,11128,14331,1567,1406
8298,8720,14332,11128,14332,1567,1406
8295,8720,14333,11128,14333,1567,1406
8292,8720,14334,11128,14334,1567,1406
8293,8720,14335,11128,14335,1567,1406
8294,8720,14336,11128,14336,1567,1406
8293,8720,14337,11128,14337,1567,1406
8294,8720,14338,11128,14338,1567,1406
8291,8720,14339,11128,14339,1567,1406
8287,8720,14340,11128,14340,1567,1406
8288,8720,14341,11128,14341,1567,1406
8288,8720,14342,11128,14342,1567,1406
8289,8720,14343,11128,14343,1567,1406
8290,8720,14344,11128,14344,1567,1406
8291,8720,14345,11128,14345,1567,1406
8292,8720,14346,11128,14346,1567,1406
8293,8720,14347,11128,14347,1567,1406
8293,8720,14348,11128,14348,1567,1406
8292,8720,14349,11128,14349,1567,1406
8287,8720,14350,11128,14350,1567,1406
8288,8720,14351,11128,14351,1567,1406
8289,8720,14352,11128,14352,1567,1406
8289,8720,14353,11128,14353,1567,1406
8290,8720,14354,11128,14354,1567,1406
8291,8720,14355,11128,14355,1567,1406
8292,8720,14356,11128,14356,1567,1406
8293,8720,14357,11128,14357,1567,1406
8293,8720,14358,11128,14358,1567,1406
8293,8720,14359,11128,14359,1567,1406
8291,8720,14360,11128,14360,1567,1404
8292,8720,14361,11128,14361,1567,1404
8293,8720,14362,11128,14362,1567,1404
8290,8720,14363,11128,14363,1567,1404
8289,8720,14364,11128,14364,1567,1404
8290,8720,14365,11128,14365,1567,1404
8289,8720,14366,11128,14366,1567,1404
8290,8720,14367,11128,14367,1567,1404
8291,8720,14368,11128,14368,1567,1404
8292,8720,14369,11128,14369,1567,1404
8293,8720,14370,11128,14370,1567,1404
8294,8720,14371,11128,14371,1567,1404
8289,8720,14372,11128,14372,1567,1403
8290,8720,14373,11128,14373,1567,1403
8288,8720,14374,11128,14374,1567,1403
8288,8720,14375,11128,14375,1567,1403
8289,8720,14376,11128,14376,1567,1403
8290,8720,14377,11128,14377,1567,1403
8291,8720,14378,11128,14378,1567,1403
8288,8720,14379,11128,14379,1567,1403
8288,8720,14380,11128,14380,1567,1403
8289,8720,14381,11128,14381,1567,1403
8284,8720,14382,11128,14382,1567,1403
8284,8720,14383,11128,14383,1567,1403
8278,8720,14384,11128,14384,1567,1402
8279,8720,14385,11128,14385,1567,1402
8276,8720,14386,11128,14386,1567,1402
8277,8720,14387,11128,14387,1567,1402
8278,8720,14388,11128,14388,1567,1402
8279,8720,14389,11128,14389,1567,1402
8280,8720,14390,11128,14390,1567,1402
8281,8720,14391,11128,14391,1567,1402
8282,8720,14392,11128,14392,1567,1402
8282,8720,14393,11128,14393,1567,1402
8283,8720,14394,11128,14394,1567,1402
8284,8720,14395,11128,14395,1567,1402
8282,8720,14396,11128,14396,1567,1402
8282,8720,14397,11128,14397,1567,1402
8280,8720,14398,11128,14398,1567,1401
8281,8720,14399,11128,14399,1567,1401
8282,8720,14400,11128,14400,1567,1401
8283,8720,14401,11128,14401,1567,1401
8284,8720,14402,11128,14402,1567,1401
8284,8720,14403,11128,14403,1567,1401
8282,8720,14404,11128,14404,1567,1401
8283,8720,14405,11128,14405,1567,1401
8284,8720,14406,11128,14406,1567,1401
8285,8720,14407,11128,14407,1567,1401
8286,8720,14408,11128,14408,1567,1401
8283,8720,14409,11128,14409,1567,1401
8284,8720,14410,11128,14410,1567,1401
8285,8720,14411,11128,14411,1567,1401
8286,8720,14412,11128,14412,1567,1401
8287,8720,14413,11128,14413,1567,1401
8288,8720,14414,11128,14414,1567,1401
8287,8720,14415,11128,14415,1567,1401
8288,8720,14416,11128,14416,1567,1401
8289,8720,14417,11128,14417,1567,1401
8290,8720,14418,11128,14418,1567,1401
8291,8720,14419,11128,14419,1567,1401
8292,8720,14420,11128,14420,1567,1401
8293,8720,14421,11128,14421,1567,1401
8294,8720,14422,11128,14422,1567,1401
8295,8720,14423,11128,14423,1567,1401
8294,8720,14424,11128,14424,1567,1401
8291,8720,14425,11128,14425,1567,1400
8292,8720,14426,11128,14426,1567,1400
8293,8720,14427,11128,14427,1567,1400
8294,8720,14428,11128,14428,1567,1400
8285,8720,14429,11128,14429,1567,1400
8286,8720,14430,11128,14430,1567,1400
8287,8720,14431,11128,14431,1567,1400
8284,8720,14432,11128,14432,1567,1400
8285,8720,14433,11128,14433,1567,1400
8286,8720,14434,11128,14434,1567,1400
8286,8720,14435,11128,14435,1567,1400
8287,8720,14436,11128,14436,1567,1400
8286,8720,14437,11128,14437,1567,1400
8280,8720,14438,11128,14438,1567,1400
8281,8720,14439,11128,14439,1567,1400
8282,8720,14440,11128,14440,1567,1400
8280,8720,14441,11128,14441,1567,1400
8281,8720,14442,11128,14442,1567,1400
8282,8720,14443,11128,14443,1567,1400
8281,8720,14444,11128,14444,1567,1400
8282,8720,14445,11128,14445,1567,1400
8283,8720,14446,11128,14446,1567,1400
8278,8720,14447,11128,14447,1567,1399
8279,8720,14448,11128,14448,1567,1399
8279,8720,14449,11128,14449,1567,1399
8280,8720,14450,11128,14450,1567,1399
8280,8720,14451,11128,14451,1567,1399
8278,8720,14452,11128,14452,1567,1399
8279,8720,14453,11128,14453,1567,1399
8280,8720,14454,11128,14454,1567,1399
8281,8720,14455,11128,14455,1567,1399
8282,8720,14456,11128,14456,1567,1399
8281,8720,14457,11128,14457,1567,1399
8275,8720,14458,11128,14458,1567,1397
8275,8720,14459,11128,14459,1567,1397
8276,8720,14460,11128,14460,1567,1397
8275,8720,14461,11128,14461,1567,1397
8273,8720,14462,11128,14462,1567,1397
8274,8720,14463,11128,14463,1567,1397
8272,8720,14464,11128,14464,1567,1397
8272,8720,14465,11128,14465,1567,1397
8270,8720,14466,11128,14466,1567,1397
8271,8720,14467,11128,14467,1567,1397
8272,8720,14468,11128,14468,1567,1397
8273,8720,14469,11128,14469,1567,1397
8274,8720,14470,11128,14470,1567,1397
8275,8720,14471,11128,14471,1567,1397
8276,8720,14472,11128,14472,1567,1397
8277,8720,14473,11128,14473,1567,1397
8278,8720,14474,11128,14474,1567,1397
8277,8720,14475,11128,14475,1567,1397
8278,8720,14476,11128,14476,1567,1397
8275,8720,14477,11128,14477,1567,1396
8276,8720,14478,11128,14478,1567,1396
8277,8720,14479,11128,14479,1567,1396
8275,8720,14480,11128,14480,1567,1395
8271,8720,14481,11128,14481,1567,1395
8272,8720,14482,11128,14482,1567,1395
8273,8720,14483,11128,14483,1567,1395
8269,8720,14484,11128,14484,1567,1394
8270,8720,14485,11128,14485,1567,1394
8267,8720,14486,11128,14486,1567,1394
8268,8720,14487,11128,14487,1567,1394
8269,8720,14488,11128,14488,1567,1394
8267,8720,14489,11128,14489,1567,1394
8268,8720,14490,11128,14490,1567,1394
8269,8720,14491,11128,14491,1567,1394
8270,8720,14492,11128,14492,1567,1394
8271,8720,14493,11128,14493,1567,1394
8269,8720,14494,11128,14494,1567,1394
8269,8720,14495,11128,14495,1567,1394
8269,8720,14496,11128,14496,1567,1394
8270,8720,14497,11128,14497,1567,1394
8269,8720,14498,11128,14498,1567,1394
8270,8720,14499,11128,14499,1567,1394
8271,8720,14500,11128,14500,1567,1394
8272,8720,14501,11128,14501,1567,1394
8271,8720,14502,11128,14502,1567,1394
8272,8720,14503,11128,14503,1567,1394
8267,8720,14504,11128,14504,1567,1394
8268,8720,14505,11128,14505,1567,1394
8269,8720,14506,11128,14506,1567,1394
8269,8720,14507,11128,14507,1567,1394
8270,8720,14508,11128,14508,1567,1394
8266,8720,14509,11128,14509,1567,1392
8267,8720,14510,11128,14510,1567,1392
8264,8720,14511,11128,14511,1567,1392
8265,8720,14512,11128,14512,1567,1392
8262,8720,14513,11128,14513,1567,1391
8261,8720,14514,11128,14514,1567,1391
8262,8720,14515,11128,14515,1567,1391
8263,8720,14516,11128,14516,1567,1391
8263,8720,14517,11128,14517,1567,1391
8264,8720,14518,11128,14518,1567,1391
8262,8720,14519,11128,14519,1567,1391
8262,8720,14520,11128,14520,1567,1391
8261,8720,14521,11128,14521,1567,1391
8262,8720,14522,11128,14522,1567,1391
8262,8720,14523,11128,14523,1567,1391
8263,8720,14524,11128,14524,1567,1391
8263,8720,14525,11128,14525,1567,1391
8264,8720,14526,11128,14526,1567,1391
8260,8720,14527,11128,14527,1567,1391
8261,8720,14528,11128,14528,1567,1391
8262,8720,14529,11128,14529,1567,1391
8263,8720,14530,11128,14530,1567,1391
8263,8720,14531,11128,14531,1567,1391
8264,8720,14532,11128,14532,1567,1391
8265,8720,14533,11128,14533,1567,1391
8266,8720,14534,11128,14534,1567,1391
8267,8720,14535,11128,14535,1567,1391
8267,8720,14536,11128,14536,1567,1391
8268,8720,14537,11128,14537,1567,1391
8269,8720,14538,11128,14538,1567,1391
8270,8720,14539,11128,14539,1567,1391
8271,8720,14540,11128,14540,1567,1391
8272,8720,14541,11128,14541,1567,1391
8268,8720,14542,11128,14542,1567,1391
8269,8720,14543,11128,14543,1567,1391
8270,8720,14544,11128,14544,1567,1391
8271,8720,14545,11128,14545,1567,1391
8272,8720,14546,11128,14546,1567,1391
8269,8720,14547,11128,14547,1567,1391
8270,8720,14548,11128,14548,1567,1391
8271,8720,14549,11128,14549,1567,1391
8272,8720,14550,11128,14550,1567,1391
8272,8720,14551,11128,14551,1567,1391
8273,8720,14552,11128,14552,1567,1391
8274,8720,14553,11128,14553,1567,1391
8272,8720,14554,11128,14554,1567,1391
8273,8720,14555,11128,14555,1567,1391
8272,8720,14556,11128,14556,1567,1391
8270,8720,14557,11128,14557,1567,1391
8271,8720,14558,11128,14558,1567,1391
8272,8720,14559,11128,14559,1567,1391
8273,8720,14560,11128,14560,1567,1391
8272,8720,14561,11128,14561,1567,1391
8273,8720,14562,11128,14562,1567,1391
8274,8720,14563,11128,14563,1567,1391
8275,8720,14564,11128,14564,1567,1391
8275,8720,14565,11128,14565,1567,1391
8274,8720,14566,11128,14566,1567,1391
8268,8720,14567,11128,14567,1567,1390
8268,8720,14568,11128,14568,1567,1390
8269,8720,14569,11128,14569,1567,1390
8268,8720,14570,11128,14570,1567,1390
8266,8720,14571,11128,14571,1567,1390
8263,8720,14572,11128,14572,1567,1390
8264,8720,14573,11128,14573,1567,1390
8265,8720,14574,11128,14574,1567,1390
8266,8720,14575,11128,14575,1567,1390
8265,8720,14576,11128,14576,1567,1390
8266,8720,14577,11128,14577,1567,1390
8267,8720,14578,11128,14578,1567,1390
8267,8720,14579,11128,14579,1567,1390
8266,8720,14580,11128,14580,1567,1390
8265,8720,14581,11128,14581,1567,1390
8266,8720,14582,11128,14582,1567,1390
8267,8720,14583,11128,14583,1567,1390
8263,8720,14584,11128,14584,1567,1390
8263,8720,14585,11128,14585,1567,1390
8264,8720,14586,11128,14586,1567,1390
8265,8720,14587,11128,14587,1567,1390
8266,8720,14588,11128,14588,1567,1390
8267,8720,14589,11128,14589,1567,1390
8267,8720,14590,11128,14590,1567,1390
8268,8720,14591,11128,14591,1567,1390
8268,8720,14592,11128,14592,1567,1390
8269,8720,14593,11128,14593,1567,1390
8270,8720,14594,11128,14594,1567,1390
8271,8720,14595,11128,14595,1567,1390
8271,8720,14596,11128,14596,1567,1390
8272,8720,14597,11128,14597,1567,1390
8273,8720,14598,11128,14598,1567,1390
8274,8720,14599,11128,14599,1567,1390
8275,8720,14600,11128,14600,1567,1390
8273,8720,14601,11128,14601,1567,1389
8272,8720,14602,11128,14602,1567,1389
8273,8720,14603,11128,14603,1567,1389
8274,8720,14604,11128,14604,1567,1389
8274,8720,14605,11128,14605,1567,1389
8275,8720,14606,11128,14606,1567,1389
8276,8720,14607,11128,14607,1567,1389
8277,8720,14608,11128,14608,1567,1389
8276,8720,14609,11128,14609,1567,1389
8277,8720,14610,11128,14610,1567,1389
8275,8720,14611,11128,14611,1567,1389
8275,8720,14612,11128,14612,1567,1389
8273,8720,14613,11128,14613,1567,1389
8274,8720,14614,11128,14614,1567,1389
8273,8720,14615,11128,14615,1567,1389
8274,8720,14616,11128,14616,1567,1389
8272,8720,14617,11128,14617,1567,1389
8273,8720,14618,11128,14618,1567,1389
8274,8720,14619,11128,14619,1567,1389
8275,8720,14620,11128,14620,1567,1389
8275,8720,14621,11128,14621,1567,1389
8269,8720,14622,11128,14622,1567,1389
8270,8720,14623,11128,14623,1567,1389
8271,8720,14624,11128,14624,1567,1389
8272,8720,14625,11128,14625,1567,1389
8273,8720,14626,11128,14626,1567,1389
8274,8720,14627,11128,14627,1567,1389
8275,8720,14628,11128,14628,1567,1389
8274,8720,14629,11128,14629,1567,1389
8275,8720,14630,11128,14630,1567,1389
8276,8720,14631,11128,14631,1567,1389
8277,8720,14632,11128,14632,1567,1389
8278,8720,14633,11128,14633,1567,1389
8279,8720,14634,11128,14634,1567,1389
8280,8720,14635,11128,14635,1567,1389
8281,8720,14636,11128,14636,1567,1389
8282,8720,14637,11128,14637,1567,1389
8283,8720,14638,11128,14638,1567,1389
8284,8720,14639,11128,14639,1567,1389
8285,8720,14640,11128,14640,1567,1389
8282,8720,14641,11128,14641,1567,1389
8278,8720,14642,11128,14642,1567,1388
8279,8720,14643,11128,14643,1567,1388
8280,8720,14644,11128,14644,1567,1388
8281,8720,14645,11128,14645,1567,1388
8278,8720,14646,11128,14646,1567,1388
8279,8720,14647,11128,14647,1567,1388
8280,8720,14648,11128,14648,1567,1388
8281,8720,14649,11128,14649,1567,1388
8282,8720,14650,11128,14650,1567,1388
8283,8720,14651,11128,14651,1567,1388
8280,8720,14652,11128,14652,1567,1388
8281,8720,14653,11128,14653,1567,1388
8282,8720,14654,11128,14654,1567,1388
8283,8720,14655,11128,14655,1567,1388
8282,8720,14656,11128,14656,1567,1388
8280,8720,14657,11128,14657,1567,1388
8277,8720,14658,11128,14658,1567,1388
8274,8720,14659,11128,14659,1567,1388
8275,8720,14660,11128,14660,1567,1388
8272,8720,14661,11128,14661,1567,1388
8272,8720,14662,11128,14662,1567,1388
8273,8720,14663,11128,14663,1567,1388
8274,8720,14664,11128,14664,1567,1388
8275,8720,14665,11128,14665,1567,1388
8276,8720,14666,11128,14666,1567,1388
8277,8720,14667,11128,14667,1567,1388
8278,8720,14668,11128,14668,1567,1388
8277,8720,14669,11128,14669,1567,1388
8278,8720,14670,11128,14670,1567,1388
8278,8720,14671,11128,14671,1567,1388
8276,8720,14672,11128,14672,1567,1388
8273,8720,14673,11128,14673,1567,1387
8269,8720,14674,11128,14674,1567,1386
8270,8720,14675,11128,14675,1567,1386
8271,8720,14676,11128,14676,1567,1386
8272,8720,14677,11128,14677,1567,1386
8273,8720,14678,11128,14678,1567,1386
8274,8720,14679,11128,14679,1567,1386
8274,8720,14680,11128,14680,1567,1386
8275,8720,14681,11128,14681,1567,1386
8276,8720,14682,11128,14682,1567,1386
8277,8720,14683,11128,14683,1567,1386
8278,8720,14684,11128,14684,1567,1386
8279,8720,14685,11128,14685,1567,1386
8279,8720,14686,11128,14686,1567,1386
8276,8720,14687,11128,14687,1567,1386
8273,8720,14688,11128,14688,1567,1386
8272,8720,14689,11128,14689,1567,1386
8273,8720,14690,11128,14690,1567,1386
8274,8720,14691,11128,14691,1567,1386
8275,8720,14692,11128,14692,1567,1386
8271,8720,14693,11128,14693,1567,1386
8272,8720,14694,11128,14694,1567,1386
8270,8720,14695,11128,14695,1567,1386
8271,8720,14696,11128,14696,1567,1386
8272,8720,14697,11128,14697,1567,1386
8273,8720,14698,11128,14698,1567,1386
8274,8720,14699,11128,14699,1567,1386
8275,8720,14700,11128,14700,1567,1386
8276,8720,14701,11128,14701,1567,1386
8277,8720,14702,11128,14702,1567,1386
8278,8720,14703,11128,14703,1567,1386
8279,8720,14704,11128,14704,1567,1386
8280,8720,14705,11128,14705,1567,1386
8281,8720,14706,11128,14706,1567,1386
8282,8720,14707,11128,14707,1567,1386
8283,8720,14708,11128,14708,1567,1386
8284,8720,14709,11128,14709,1567,1386
8285,8720,14710,11128,14710,1567,1386
8281,8720,14711,11128,14711,1567,1385
8275,8720,14712,11128,14712,1567,1384
8275,8720,14713,11128,14713,1567,1384
8276,8720,14714,11128,14714,1567,1384
8277,8720,14715,11128,14715,1567,1384
8278,8720,14716,11128,14716,1567,1384
8278,8720,14717,11128,14717,1567,1384
8277,8720,14718,11128,14718,1567,1384
8277,8720,14719,11128,14719,1567,1384
8276,8720,14720,11128,14720,1567,1384
8276,8720,14721,11128,14721,1567,1384
8277,8720,14722,11128,14722,1567,1384
8276,8720,14723,11128,14723,1567,1384
8276,8720,14724,11128,14724,1567,1384
8277,8720,14725,11128,14725,1567,1384
8278,8720,14726,11128,14726,1567,1384
8278,8720,14727,11128,14727,1567,1384
8277,8720,14728,11128,14728,1567,1384
8275,8720,14729,11128,14729,1567,1384
8276,8720,14730,11128,14730,1567,1384
8277,8720,14731,11128,14731,1567,1384
8278,8720,14732,11128,14732,1567,1384
8274,8720,14733,11128,14733,1567,1384
8274,8720,14734,11128,14734,1567,1384
8275,8720,14735,11128,14735,1567,1384
8276,8720,14736,11128,14736,1567,1384
8277,8720,14737,11128,14737,1567,1384
8278,8720,14738,11128,14738,1567,1384
8279,8720,14739,11128,14739,1567,1384
8279,8720,14740,11128,14740,1567,1384
8280,8720,14741,11128,14741,1567,1384
8281,8720,14742,11128,14742,1567,1384
8282,8720,14743,11128,14743,1567,1384
8279,8720,14744,11128,14744,1567,1383
8280,8720,14745,11128,14745,1567,1383
8279,8720,14746,11128,14746,1567,1383
8277,8720,14747,11128,14747,1567,1383
8278,8720,14748,11128,14748,1567,1383
8279,8720,14749,11128,14749,1567,1383
8277,8720,14750,11128,14750,1567,1383
8278,8720,14751,11128,14751,1567,1383
8279,8720,14752,11128,14752,1567,1383
8279,8720,14753,11128,14753,1567,1383
8276,8720,14754,11128,14754,1567,1383
8277,8720,14755,11128,14755,1567,1383
8278,8720,14756,11128,14756,1567,1383
8279,8720,14757,11128,14757,1567,1383
8278,8720,14758,11128,14758,1567,1383
8276,8720,14759,11128,14759,1567,1383
8277,8720,14760,11128,14760,1567,1383
8278,8720,14761,11128,14761,1567,1383
8279,8720,14762,11128,14762,1567,1383
8280,8720,14763,11128,14763,1567,1383
8281,8720,14764,11128,14764,1567,1383
8282,8720,14765,11128,14765,1567,1383
8283,8720,14766,11128,14766,1567,1383
8284,8720,14767,11128,14767,1567,1383
8283,8720,14768,11128,14768,1567,1383
8284,8720,14769,11128,14769,1567,1383
8285,8720,14770,11128,14770,1567,1383
8286,8720,14771,11128,14771,1567,1383
8284,8720,14772,11128,14772,1567,1383
8285,8720,14773,11128,14773,1567,1383
8285,8720,14774,11128,14774,1567,1383
8282,8720,14775,11128,14775,1567,1382
8283,8720,14776,11128,14776,1567,1382
8284,8720,14777,11128,14777,1567,1382
8285,8720,14778,11128,14778,1567,1382
8286,8720,14779,11128,14779,1567,1382
8286,8720,14780,11128,14780,1567,1382
8284,8720,14781,11128,14781,1567,1382
8285,8720,14782,11128,14782,1567,1382
8284,8720,14783,11128,14783,1567,1382
8285,8720,14784,11128,14784,1567,1382
8282,8720,14785,11128,14785,1567,1382
8283,8720,14786,11128,14786,1567,1382
8282,8720,14787,11128,14787,1567,1382
8283,8720,14788,11128,14788,1567,1382
8283,8720,14789,11128,14789,1567,1382
8284,8720,14790,11128,14790,1567,1382
8284,8720,14791,11128,14791,1567,1382
8285,8720,14792,11128,14792,1567,1382
8286,8720,14793,11128,14793,1567,1382
8287,8720,14794,11128,14794,1567,1382
8288,8720,14795,11128,14795,1567,1382
8289,8720,14796,11128,14796,1567,1382
8288,8720,14797,11128,14797,1567,1382
8289,8720,14798,11128,14798,1567,1382
8290,8720,14799,11128,14799,1567,1382
8291,8720,14800,11128,14800,1567,1382
8292,8720,14801,11128,14801,1567,1382
8293,8720,14802,11128,14802,1567,1382
8291,8720,14803,11128,14803,1567,1382
8292,8720,14804,11128,14804,1567,1382
8293,8720,14805,11128,14805,1567,1382
8294,8720,14806,11128,14806,1567,1382
8292,8720,14807,11128,14807,1567,1382
8292,8720,14808,11128,14808,1567,1382
8293,8720,14809,11128,14809,1567,1382
8294,8720,14810,11128,14810,1567,1382
8295,8720,14811,11128,14811,1567,1382
8296,8720,14812,11128,14812,1567,1382
8297,8720,14813,11128,14813,1567,1382
8296,8720,14814,11128,14814,1567,1381
8292,8720,14815,11128,14815,1567,1381
8292,8720,14816,11128,14816,1567,1381
8293,8720,14817,11128,14817,1567,1381
8289,8720,14818,11128,14818,1567,1381
8290,8720,14819,11128,14819,1567,1381
8291,8720,14820,11128,14820,1567,1381
8290,8720,14821,11128,14821,1567,1381
8291,8720,14822,11128,14822,1567,1381
8287,8720,14823,11128,14823,1567,1381
8288,8720,14824,11128,14824,1567,1381
8285,8720,14825,11128,14825,1567,1381
8286,8720,14826,11128,14826,1567,1381
8287,8720,14827,11128,14827,1567,1381
8288,8720,14828,11128,14828,1567,1381
8289,8720,14829,11128,14829,1567,1381
8290,8720,14830,11128,14830,1567,1381
8291,8720,14831,11128,14831,1567,1381
8292,8720,14832,11128,14832,1567,1381
8289,8720,14833,11128,14833,1567,1381
8284,8720,14834,11128,14834,1567,1381
8282,8720,14835,11128,14835,1567,1381
8283,8720,14836,11128,14836,1567,1381
8282,8720,14837,11128,14837,1567,1381
8282,8720,14838,11128,14838,1567,1381
8282,8720,14839,11128,14839,1567,1381
8278,8720,14840,11128,14840,1567,1379
8279,8720,14841,11128,14841,1567,1379
8280,8720,14842,11128,14842,1567,1379
8281,8720,14843,11128,14843,1567,1379
8278,8720,14844,11128,14844,1567,1379
8279,8720,14845,11128,14845,1567,1379
8276,8720,14846,11128,14846,1567,1379
8277,8720,14847,11128,14847,1567,1379
8278,8720,14848,11128,14848,1567,1379
8278,8720,14849,11128,14849,1567,1379
8279,8720,14850,11128,14850,1567,1379
8274,8720,14851,11128,14851,1567,1378
8272,8720,14852,11128,14852,1567,1378
8268,8720,14853,11128,14853,1567,1378
8264,8720,14854,11128,14854,1567,1378
8263,8720,14855,11128,14855,1567,1378
8264,8720,14856,11128,14856,1567,1378
8265,8720,14857,11128,14857,1567,1378
8266,8720,14858,11128,14858,1567,1378
8267,8720,14859,11128,14859,1567,1378
8266,8720,14860,11128,14860,1567,1378
8264,8720,14861,11128,14861,1567,1378
8265,8720,14862,11128,14862,1567,1378
8260,8720,14863,11128,14863,1567,1376
8261,8720,14864,11128,14864,1567,1376
8262,8720,14865,11128,14865,1567,1376
8263,8720,14866,11128,14866,1567,1376
8260,8720,14867,11128,14867,1567,1376
8261,8720,14868,11128,14868,1567,1376
8261,8720,14869,11128,14869,1567,1376
8262,8720,14870,11128,14870,1567,1376
8258,8720,14871,11128,14871,1567,1376
8259,8720,14872,11128,14872,1567,1376
8260,8720,14873,11128,14873,1567,1376
8261,8720,14874,11128,14874,1567,1376
8262,8720,14875,11128,14875,1567,1376
8258,8720,14876,11128,14876,1567,1376
8256,8720,14877,11128,14877,1567,1376
8257,8720,14878,11128,14878,1567,1376
8258,8720,14879,11128,14879,1567,1376
8259,8720,14880,11128,14880,1567,1376
8259,8720,14881,11128,14881,1567,1376
8260,8720,14882,11128,14882,1567,1376
8260,8720,14883,11128,14883,1567,1376
8260,8720,14884,11128,14884,1567,1376
8259,8720,14885,11128,14885,1567,1376
8259,8720,14886,11128,14886,1567,1376
8259,8720,14887,11128,14887,1567,1376
8255,8720,14888,11128,14888,1567,1375
8255,8720,14889,11128,14889,1567,1375
8256,8720,14890,11128,14890,1567,1375
8257,8720,14891,11128,14891,1567,1375
8257,8720,14892,11128,14892,1567,1375
8255,8720,14893,11128,14893,1567,1375
8253,8720,14894,11128,14894,1567,1375
8254,8720,14895,11128,14895,1567,1375
8254,8720,14896,11128,14896,1567,1375
8253,8720,14897,11128,14897,1567,1375
8253,8720,14898,11128,14898,1567,1375
8252,8720,14899,11128,14899,1567,1375
8251,8720,14900,11128,14900,1567,1375
8252,8720,14901,11128,14901,1567,1375
8249,8720,14902,11128,14902,1567,1375
8250,8720,14903,11128,14903,1567,1375
8250,8720,14904,11128,14904,1567,1375
8251,8720,14905,11128,14905,1567,1375
8252,8720,14906,11128,14906,1567,1375
8253,8720,14907,11128,14907,1567,1375
8254,8720,14908,11128,14908,1567,1375
8255,8720,14909,11128,14909,1567,1375
8251,8720,14910,11128,14910,1567,1375
8247,8720,14911,11128,14911,1567,1375
8248,8720,14912,11128,14912,1567,1375
8246,8720,14913,11128,14913,1567,1375
8245,8720,14914,11128,14914,1567,1375
8241,8720,14915,11128,14915,1567,1374
8239,8720,14916,11128,14916,1567,1374
8239,8720,14917,11128,14917,1567,1374
8236,8720,14918,11128,14918,1567,1374
8236,8720,14919,11128,14919,1567,1374
8236,8720,14920,11128,14920,1567,1374
8235,8720,14921,11128,14921,1567,1374
8236,8720,14922,11128,14922,1567,1374
8236,8720,14923,11128,14923,1567,1374
8237,8720,14924,11128,14924,1567,1374
8238,8720,14925,11128,14925,1567,1374
8236,8720,14926,11128,14926,1567,1374
8236,8720,14927,11128,14927,1567,1374
8237,8720,14928,11128,14928,1567,1374
8238,8720,14929,11128,14929,1567,1374
8239,8720,14930,11128,14930,1567,1374
8240,8720,14931,11128,14931,1567,1374
8241,8720,14932,11128,14932,1567,1374
8238,8720,14933,11128,14933,1567,1374
8233,8720,14934,11128,14934,1567,1374
8233,8720,14935,11128,14935,1567,1374
8230,8720,14936,11128,14936,1567,1373
8225,8720,14937,11128,14937,1567,1373
8226,8720,14938,11128,14938,1567,1373
8227,8720,14939,11128,14939,1567,1373
8225,8720,14940,11128,14940,1567,1373
8222,8720,14941,11128,14941,1567,1373
8220,8720,14942,11128,14942,1567,1373
8221,8720,14943,11128,14943,1567,1373
8222,8720,14944,11128,14944,1567,1373
8222,8720,14945,11128,14945,1567,1373
8223,8720,14946,11128,14946,1567,1373
8218,8720,14947,11128,14947,1567,1372
8218,8720,14948,11128,14948,1567,1372
8219,8720,14949,11128,14949,1567,1372
8219,8720,14950,11128,14950,1567,1372
8215,8720,14951,11128,14951,1567,1372
8215,8720,14952,11128,14952,1567,1372
8215,8720,14953,11128,14953,1567,1372
8211,8720,14954,11128,14954,1567,1372
8207,8720,14955,11128,14955,1567,1372
8208,8720,14956,11128,14956,1567,1372
8209,8720,14957,11128,14957,1567,1372
8209,8720,14958,11128,14958,1567,1372
8210,8720,14959,11128,14959,1567,1372
8211,8720,14960,11128,14960,1567,1372
8212,8720,14961,11128,14961,1567,1372
8213,8720,14962,11128,14962,1567,1372
8213,8720,14963,11128,14963,1567,1372
8208,8720,14964,11128,14964,1567,1371
8205,8720,14965,11128,14965,1567,1371
8206,8720,14966,11128,14966,1567,1371
8202,8720,14967,11128,14967,1567,1371
8202,8720,14968,11128,14968,1567,1371
8203,8720,14969,11128,14969,1567,1371
8204,8720,14970,11128,14970,1567,1371
8201,8720,14971,11128,14971,1567,1371
8202,8720,14972,11128,14972,1567,1371
8203,8720,14973,11128,14973,1567,1371
8200,8720,14974,11128,14974,1567,1371
8197,8720,14975,11128,14975,1567,1370
8197,8720,14976,11128,14976,1567,1370
8196,8720,14977,11128,14977,1567,1370
8197,8720,14978,11128,14978,1567,1370
8198,8720,14979,11128,14979,1567,1370
8199,8720,14980,11128,14980,1567,1370
8200,8720,14981,11128,14981,1567,1370
8200,8720,14982,11128,14982,1567,1370
8201,8720,14983,11128,14983,1567,1370
8202,8720,14984,11128,14984,1567,1370
8202,8720,14985,11128,14985,1567,1370
8196,8720,14986,11128,14986,1567,1370
8197,8720,14987,11128,14987,1567,1370
8198,8720,14988,11128,14988,1567,1370
8198,8720,14989,11128,14989,1567,1370
8199,8720,14990,11128,14990,1567,1370
8200,8720,14991,11128,14991,1567,1370
8201,8720,14992,11128,14992,1567,1370
8202,8720,14993,11128,14993,1567,1370
8203,8720,14994,11128,14994,1567,1370
8204,8720,14995,11128,14995,1567,1370
8205,8720,14996,11128,14996,1567,1370
8206,8720,14997,11128,14997,1567,1370
8205,8720,14998,11128,14998,1567,1370
8206,8720,14999,11128,14999,1567,1370
8203,8720,15000,11128,15000,1567,1369
8201,8720,15001,11128,15001,1567,1368
8202,8720,15002,11128,15002,1567,1368
8201,8720,15003,11128,15003,1567,1368
8200,8720,15004,11128,15004,1567,1368
8200,8720,15005,11128,15005,1567,1368
8201,8720,15006,11128,15006,1567,1368
8202,8720,15007,11128,15007,1567,1368
8203,8720,15008,11128,15008,1567,1368
8204,8720,15009,11128,15009,1567,1368
8204,8720,15010,11128,15010,1567,1368
8204,8720,15011,11128,15011,1567,1368
8203,8720,15012,11128,15012,1567,1368
8202,8720,15013,11128,15013,1567,1368
8203,8720,15014,11128,15014,1567,1368
8203,8720,15015,11128,15015,1567,1368
8204,8720,15016,11128,15016,1567,1368
8205,8720,15017,11128,15017,1567,1368
8206,8720,15018,11128,15018,1567,1368
8207,8720,15019,11128,15019,1567,1368
8208,8720,15020,11128,15020,1567,1368
8205,8720,15021,11128,15021,1567,1368
8206,8720,15022,11128,15022,1567,1368
8207,8720,15023,11128,15023,1567,1368
8208,8720,15024,11128,15024,1567,1368
8204,8720,15025,11128,15025,1567,1368
8205,8720,15026,11128,15026,1567,1368
8206,8720,15027,11128,15027,1567,1368
8204,8720,15028,11128,15028,1567,1368
8203,8720,15029,11128,15029,1567,1368
8201,8720,15030,11128,15030,1567,1368
8201,8720,15031,11128,15031,1567,1368
8196,8720,15032,11128,15032,1567,1368
8195,8720,15033,11128,15033,1567,1368
8192,8720,15034,11128,15034,1567,1368
8193,8720,15035,11128,15035,1567,1368
8194,8720,15036,11128,15036,1567,1368
8195,8720,15037,11128,15037,1567,1368
8196,8720,15038,11128,15038,1567,1368
8197,8720,15039,11128,15039,1567,1368
8198,8720,15040,11128,15040,1567,1368
8195,8720,15041,11128,15041,1567,1368
8196,8720,15042,11128,15042,1567,1368
8197,8720,15043,11128,15043,1567,1368
8198,8720,15044,11128,15044,1567,1368
8198,8720,15045,11128,15045,1567,1368
8197,8720,15046,11128,15046,1567,1368
8198,8720,15047,11128,15047,1567,1368
8199,8720,15048,11128,15048,1567,1368
8197,8720,15049,11128,15049,1567,1368
8197,8720,15050,11128,15050,1567,1368
8196,8720,15051,11128,15051,1567,1368
8197,8720,15052,11128,15052,1567,1368
8196,8720,15053,11128,15053,1567,1368
8197,8720,15054,11128,15054,1567,1368
8198,8720,15055,11128,15055,1567,1368
8199,8720,15056,11128,15056,1567,1368
8200,8720,15057,11128,15057,1567,1368
8196,8720,15058,11128,15058,1567,1368
8192,8720,15059,11128,15059,1567,1367
8193,8720,15060,11128,15060,1567,1367
8192,8720,15061,11128,15061,1567,1367
8192,8720,15062,11128,15062,1567,1367
8193,8720,15063,11128,15063,1567,1367
8194,8720,15064,11128,15064,1567,1367
8194,8720,15065,11128,15065,1567,1367
8194,8720,15066,11128,15066,1567,1367
8195,8720,15067,11128,15067,1567,1367
8196,8720,15068,11128,15068,1567,1367
8196,8720,15069,11128,15069,1567,1367
8197,8720,15070,11128,15070,1567,1367
8198,8720,15071,11128,15071,1567,1367
8198,8720,15072,11128,15072,1567,1367
8199,8720,15073,11128,15073,1567,1367
8200,8720,15074,11128,15074,1567,1367
8196,8720,15075,11128,15075,1567,1367
8197,8720,15076,11128,15076,1567,1367
8198,8720,15077,11128,15077,1567,1367
8199,8720,15078,11128,15078,1567,1367
8199,8720,15079,11128,15079,1567,1367
8195,8720,15080,11128,15080,1567,1367
8196,8720,15081,11128,15081,1567,1367
8197,8720,15082,11128,15082,1567,1367
8195,8720,15083,11128,15083,1567,1367
8190,8720,15084,11128,15084,1567,1365
8187,8720,15085,11128,15085,1567,1365
8188,8720,15086,11128,15086,1567,1365
8185,8720,15087,11128,15087,1567,1364
8186,8720,15088,11128,15088,1567,1364
8187,8720,15089,11128,15089,1567,1364
8187,8720,15090,11128,15090,1567,1364
8183,8720,15091,11128,15091,1567,1364
8182,8720,15092,11128,15092,1567,1364
8183,8720,15093,11128,15093,1567,1364
8178,8720,15094,11128,15094,1567,1363
8176,8720,15095,11128,15095,1567,1363
8176,8720,15096,11128,15096,1567,1363
8173,8720,15097,11128,15097,1567,1363
8172,8720,15098,11128,15098,1567,1363
8171,8720,15099,11128,15099,1567,1363
8172,8720,15100,11128,15100,1567,1363
8173,8720,15101,11128,15101,1567,1363
8173,8720,15102,11128,15102,1567,1363
8174,8720,15103,11128,15103,1567,1363
8175,8720,15104,11128,15104,1567,1363
8176,8720,15105,11128,15105,1567,1363
8177,8720,15106,11128,15106,1567,1363
8178,8720,15107,11128,15107,1567,1363
8179,8720,15108,11128,15108,1567,1363
8180,8720,15109,11128,15109,1567,1363
8180,8720,15110,11128,15110,1567,1363
8181,8720,15111,11128,15111,1567,1363
8182,8720,15112,11128,15112,1567,1363
8181,8720,15113,11128,15113,1567,1363
8178,8720,15114,11128,15114,1567,1362
8177,8720,15115,11128,15115,1567,1362
8175,8720,15116,11128,15116,1567,1362
8176,8720,15117,11128,15117,1567,1362
8177,8720,15118,11128,15118,1567,1362
8176,8720,15119,11128,15119,1567,1362
8175,8720,15120,11128,15120,1567,1362
8173,8720,15121,11128,15121,1567,1362
8172,8720,15122,11128,15122,1567,1362
8172,8720,15123,11128,15123,1567,1362
8173,8720,15124,11128,15124,1567,1362
8168,8720,15125,11128,15125,1567,1361
8164,8720,15126,11128,15126,1567,1361
8165,8720,15127,11128,15127,1567,1361
8162,8720,15128,11128,15128,1567,1361
8162,8720,15129,11128,15129,1567,1361
8158,8720,15130,11128,15130,1567,1360
8159,8720,15131,11128,15131,1567,1360
8158,8720,15132,11128,15132,1567,1359
8159,8720,15133,11128,15133,1567,1359
8157,8720,15134,11128,15134,1567,1359
8157,8720,15135,11128,15135,1567,1359
8157,8720,15136,11128,15136,1567,1359
8158,8720,15137,11128,15137,1567,1359
8159,8720,15138,11128,15138,1567,1359
8159,8720,15139,11128,15139,1567,1359
8155,8720,15140,11128,15140,1567,1359
8155,8720,15141,11128,15141,1567,1359
8153,8720,15142,11128,15142,1567,1359
8154,8720,15143,11128,15143,1567,1359
8155,8720,15144,11128,15144,1567,1359
8155,8720,15145,11128,15145,1567,1359
8152,8720,15146,11128,15146,1567,1359
8150,8720,15147,11128,15147,1567,1359
8148,8720,15148,11128,15148,1567,1359
8148,8720,15149,11128,15149,1567,1359
8148,8720,15150,11128,15150,1567,1359
8148,8720,15151,11128,15151,1567,1359
8149,8720,15152,11128,15152,1567,1359
8150,8720,15153,11128,15153,1567,1359
8151,8720,15154,11128,15154,1567,1359
8152,8720,15155,11128,15155,1567,1359
8152,8720,15156,11128,15156,1567,1359
8153,8720,15157,11128,15157,1567,1359
8152,8720,15158,11128,15158,1567,1359
8153,8720,15159,11128,15159,1567,1359
8154,8720,15160,11128,15160,1567,1359
8154,8720,15161,11128,15161,1567,1359
8155,8720,15162,11128,15162,1567,1359
8153,8720,15163,11128,15163,1567,1359
8153,8720,15164,11128,15164,1567,1359
8154,8720,15165,11128,15165,1567,1359
8152,8720,15166,11128,15166,1567,1359
8147,8720,15167,11128,15167,1567,1358
8144,8720,15168,11128,15168,1567,1358
8145,8720,15169,11128,15169,1567,1358
8144,8720,15170,11128,15170,1567,1358
8145,8720,15171,11128,15171,1567,1358
8146,8720,15172,11128,15172,1567,1358
8147,8720,15173,11128,15173,1567,1358
8148,8720,15174,11128,15174,1567,1358
8149,8720,15175,11128,15175,1567,1358
8150,8720,15176,11128,15176,1567,1358
8151,8720,15177,11128,15177,1567,1358
8151,8720,15178,11128,15178,1567,1358
8152,8720,15179,11128,15179,1567,1358
8151,8720,15180,11128,15180,1567,1358
8152,8720,15181,11128,15181,1567,1358
8151,8720,15182,11128,15182,1567,1358
8152,8720,15183,11128,15183,1567,1358
8153,8720,15184,11128,15184,1567,1358
8153,8720,15185,11128,15185,1567,1358
8154,8720,15186,11128,15186,1567,1358
8154,8720,15187,11128,15187,1567,1358
8153,8720,15188,11128,15188,1567,1358
8154,8720,15189,11128,15189,1567,1358
8151,8720,15190,11128,15190,1567,1358
8147,8720,15191,11128,15191,1567,1358
8141,8720,15192,11128,15192,1567,1357
8138,8720,15193,11128,15193,1567,1357
8135,8720,15194,11128,15194,1567,1357
8135,8720,15195,11128,15195,1567,1357
8135,8720,15196,11128,15196,1567,1357
8136,8720,15197,11128,15197,1567,1357
8137,8720,15198,11128,15198,1567,1357
8138,8720,15199,11128,15199,1567,1357
8138,8720,15200,11128,15200,1567,1357
8139,8720,15201,11128,15201,1567,1357
8136,8720,15202,11128,15202,1567,1357
8137,8720,15203,11128,15203,1567,1357
8138,8720,15204,11128,15204,1567,1357
8139,8720,15205,11128,15205,1567,1357
8140,8720,15206,11128,15206,1567,1357
8141,8720,15207,11128,15207,1567,1357
8142,8720,15208,11128,15208,1567,1357
8140,8720,15209,11128,15209,1567,1357
8137,8720,15210,11128,15210,1567,1357
8138,8720,15211,11128,15211,1567,1357
8139,8720,15212,11128,15212,1567,1357
8137,8720,15213,11128,15213,1567,1356
8135,8720,15214,11128,15214,1567,1356
8136,8720,15215,11128,15215,1567,1356
8134,8720,15216,11128,15216,1567,1356
8135,8720,15217,11128,15217,1567,1356
8136,8720,15218,11128,15218,1567,1356
8137,8720,15219,11128,15219,1567,1356
8138,8720,15220,11128,15220,1567,1356
8138,8720,15221,11128,15221,1567,1356
8139,8720,15222,11128,15222,1567,1356
8140,8720,15223,11128,15223,1567,1356
8139,8720,15224,11128,15224,1567,1356
8139,8720,15225,11128,15225,1567,1356
8139,8720,15226,11128,15226,1567,1356
8140,8720,15227,11128,15227,1567,1356
8138,8720,15228,11128,15228,1567,1356
8135,8720,15229,11128,15229,1567,1356
8136,8720,15230,11128,15230,1567,1356
8135,8720,15231,11128,15231,1567,1356
8134,8720,15232,11128,15232,1567,1356
8135,8720,15233,11128,15233,1567,1356
8136,8720,15234,11128,15234,1567,1356
8132,8720,15235,11128,15235,1567,1356
8133,8720,15236,11128,15236,1567,1356
8134,8720,15237,11128,15237,1567,1356
8133,8720,15238,11128,15238,1567,1356
8134,8720,15239,11128,15239,1567,1356
8131,8720,15240,11128,15240,1567,1354
8132,8720,15241,11128,15241,1567,1354
8130,8720,15242,11128,15242,1567,1354
8131,8720,15243,11128,15243,1567,1354
8131,8720,15244,11128,15244,1567,1354
8132,8720,15245,11128,15245,1567,1354
8133,8720,15246,11128,15246,1567,1354
8134,8720,15247,11128,15247,1567,1354
8134,8720,15248,11128,15248,1567,1354
8133,8720,15249,11128,15249,1567,1354
8133,8720,15250,11128,15250,1567,1354
8133,8720,15251,11128,15251,1567,1354
8130,8720,15252,11128,15252,1567,1354
8131,8720,15253,11128,15253,1567,1354
8131,8720,15254,11128,15254,1567,1354
8131,8720,15255,11128,15255,1567,1354
8128,8720,15256,11128,15256,1567,1354
8126,8720,15257,11128,15257,1567,1354
8127,8720,15258,11128,15258,1567,1354
8127,8720,15259,11128,15259,1567,1354
8128,8720,15260,11128,15260,1567,1354
8129,8720,15261,11128,15261,1567,1354
8130,8720,15262,11128,15262,1567,1354
8131,8720,15263,11128,15263,1567,1354
8132,8720,15264,11128,15264,1567,1354
8133,8720,15265,11128,15265,1567,1354
8129,8720,15266,11128,15266,1567,1353
8129,8720,15267,11128,15267,1567,1353
8130,8720,15268,11128,15268,1567,1353
8126,8720,15269,11128,15269,1567,1352
8123,8720,15270,11128,15270,1567,1351
8122,8720,15271,11128,15271,1567,1351
8120,8720,15272,11128,15272,1567,1351
8119,8720,15273,11128,15273,1567,1351
8120,8720,15274,11128,15274,1567,1351
8115,8720,15275,11128,15275,1567,1350
8116,8720,15276,11128,15276,1567,1350
8117,8720,15277,11128,15277,1567,1350
8118,8720,15278,11128,15278,1567,1350
8117,8720,15279,11128,15279,1567,1350
8117,8720,15280,11128,15280,1567,1350
8118,8720,15281,11128,15281,1567,1350
8118,8720,15282,11128,15282,1567,1350
8116,8720,15283,11128,15283,1567,1350
8115,8720,15284,11128,15284,1567,1350
8116,8720,15285,11128,15285,1567,1350
8117,8720,15286,11128,15286,1567,1350
8117,8720,15287,11128,15287,1567,1350
8117,8720,15288,11128,15288,1567,1350
8117,8720,15289,11128,15289,1567,1350
8113,8720,15290,11128,15290,1567,1350
8114,8720,15291,11128,15291,1567,1350
8114,8720,15292,11128,15292,1567,1350
8114,8720,15293,11128,15293,1567,1350
8114,8720,15294,11128,15294,1567,1350
8115,8720,15295,11128,15295,1567,1350
8111,8720,15296,11128,15296,1567,1350
8111,8720,15297,11128,15297,1567,1350
8112,8720,15298,11128,15298,1567,1350
8113,8720,15299,11128,15299,1567,1350
8114,8720,15300,11128,15300,1567,1350
8115,8720,15301,11128,15301,1567,1350
8111,8720,15302,11128,15302,1567,1349
8107,8720,15303,11128,15303,1567,1349
8107,8720,15304,11128,15304,1567,1349
8105,8720,15305,11128,15305,1567,1349
8100,8720,15306,11128,15306,1567,1348
8101,8720,15307,11128,15307,1567,1348
8100,8720,15308,11128,15308,1567,1348
8099,8720,15309,11128,15309,1567,1348
8100,8720,15310,11128,15310,1567,1348
8101,8720,15311,11128,15311,1567,1348
8102,8720,15312,11128,15312,1567,1348
8103,8720,15313,11128,15313,1567,1348
8102,8720,15314,11128,15314,1567,1348
8103,8720,15315,11128,15315,1567,1348
8104,8720,15316,11128,15316,1567,1348
8105,8720,15317,11128,15317,1567,1348
8106,8720,15318,11128,15318,1567,1348
8100,8720,15319,11128,15319,1567,1347
8097,8720,15320,11128,15320,1567,1347
8098,8720,15321,11128,15321,1567,1347
8099,8720,15322,11128,15322,1567,1347
8095,8720,15323,11128,15323,1567,1346
8090,8720,15324,11128,15324,1567,1346
8090,8720,15325,11128,15325,1567,1346
8091,8720,15326,11128,15326,1567,1346
8088,8720,15327,11128,15327,1567,1345
8088,8720,15328,11128,15328,1567,1345
8085,8720,15329,11128,15329,1567,1344
8086,8720,15330,11128,15330,1567,1344
8087,8720,15331,11128,15331,1567,1344
8086,8720,15332,11128,15332,1567,1344
8082,8720,15333,11128,15333,1567,1341
8082,8720,15334,11128,15334,1567,1341
8083,8720,15335,11128,15335,1567,1341
8083,8720,15336,11128,15336,1567,1341
8084,8720,15337,11128,15337,1567,1341
8085,8720,15338,11128,15338,1567,1341
8086,8720,15339,11128,15339,1567,1341
8085,8720,15340,11128,15340,1567,1341
8086,8720,15341,11128,15341,1567,1341
8084,8720,15342,11128,15342,1567,1341
8078,8720,15343,11128,15343,1567,1339
8078,8720,15344,11128,15344,1567,1339
8079,8720,15345,11128,15345,1567,1339
8080,8720,15346,11128,15346,1567,1339
8081,8720,15347,11128,15347,1567,1339
8082,8720,15348,11128,15348,1567,1339
8080,8720,15349,11128,15349,1567,1339
8078,8720,15350,11128,15350,1567,1339
8073,8720,15351,11128,15351,1567,1338
8074,8720,15352,11128,15352,1567,1338
8075,8720,15353,11128,15353,1567,1338
8073,8720,15354,11128,15354,1567,1338
8073,8720,15355,11128,15355,1567,1338
8073,8720,15356,11128,15356,1567,1338
8072,8720,15357,11128,15357,1567,1338
8070,8720,15358,11128,15358,1567,1338
8071,8720,15359,11128,15359,1567,1338
8070,8720,15360,11128,15360,1567,1338
8066,8720,15361,11128,15361,1567,1338
8065,8720,15362,11128,15362,1567,1338
8066,8720,15363,11128,15363,1567,1338
8067,8720,15364,11128,15364,1567,1338
8068,8720,15365,11128,15365,1567,1338
8069,8720,15366,11128,15366,1567,1338
8069,8720,15367,11128,15367,1567,1338
8070,8720,15368,11128,15368,1567,1338
8070,8720,15369,11128,15369,1567,1338
8070,8720,15370,11128,15370,1567,1338
8068,8720,15371,11128,15371,1567,1338
8069,8720,15372,11128,15372,1567,1338
8070,8720,15373,11128,15373,1567,1338
8071,8720,15374,11128,15374,1567,1338
8072,8720,15375,11128,15375,1567,1338
8073,8720,15376,11128,15376,1567,1338
8072,8720,15377,11128,15377,1567,1338
8073,8720,15378,11128,15378,1567,1338
8074,8720,15379,11128,15379,1567,1338
8075,8720,15380,11128,15380,1567,1338
8074,8720,15381,11128,15381,1567,1338
8075,8720,15382,11128,15382,1567,1338
8073,8720,15383,11128,15383,1567,1337
8073,8720,15384,11128,15384,1567,1337
8074,8720,15385,11128,15385,1567,1337
8073,8720,15386,11128,15386,1567,1337
8073,8720,15387,11128,15387,1567,1337
8069,8720,15388,11128,15388,1567,1337
8070,8720,15389,11128,15389,1567,1337
8071,8720,15390,11128,15390,1567,1337
8072,8720,15391,11128,15391,1567,1337
8073,8720,15392,11128,15392,1567,1337
8074,8720,15393,11128,15393,1567,1337
8075,8720,15394,11128,15394,1567,1337
8076,8720,15395,11128,15395,1567,1337
8071,8720,15396,11128,15396,1567,1337
8070,8720,15397,11128,15397,1567,1337
8071,8720,15398,11128,15398,1567,1337
8069,8720,15399,11128,15399,1567,1337
8064,8720,15400,11128,15400,1567,1337
8064,8720,15401,11128,15401,1567,1337
8065,8720,15402,11128,15402,1567,1337
8064,8720,15403,11128,15403,1567,1337
8063,8720,15404,11128,15404,1567,1337
8064,8720,15405,11128,15405,1567,1337
8065,8720,15406,11128,15406,1567,1337
8064,8720,15407,11128,15407,1567,1337
8065,8720,15408,11128,15408,1567,1337
8066,8720,15409,11128,15409,1567,1337
8065,8720,15410,11128,15410,1567,1337
8066,8720,15411,11128,15411,1567,1337
8066,8720,15412,11128,15412,1567,1337
8065,8720,15413,11128,15413,1567,1337
8066,8720,15414,11128,15414,1567,1337
8067,8720,15415,11128,15415,1567,1337
8068,8720,15416,11128,15416,1567,1337
8069,8720,15417,11128,15417,1567,1337
8069,8720,15418,11128,15418,1567,1337
8069,8720,15419,11128,15419,1567,1337
8070,8720,15420,11128,15420,1567,1337
8070,8720,15421,11128,15421,1567,1337
8071,8720,15422,11128,15422,1567,1337
8072,8720,15423,11128,15423,1567,1337
8073,8720,15424,11128,15424,1567,1337
8074,8720,15425,11128,15425,1567,1337
8074,8720,15426,11128,15426,1567,1337
8074,8720,15427,11128,15427,1567,1337
8075,8720,15428,11128,15428,1567,1337
8076,8720,15429,11128,15429,1567,1337
8077,8720,15430,11128,15430,1567,1337
8074,8720,15431,11128,15431,1567,1336
8072,8720,15432,11128,15432,1567,1336
8073,8720,15433,11128,15433,1567,1336
8074,8720,15434,11128,15434,1567,1336
8075,8720,15435,11128,15435,1567,1336
8076,8720,15436,11128,15436,1567,1336
8077,8720,15437,11128,15437,1567,1336
8078,8720,15438,11128,15438,1567,1336
8079,8720,15439,11128,15439,1567,1336
8080,8720,15440,11128,15440,1567,1336
8079,8720,15441,11128,15441,1567,1336
8078,8720,15442,11128,15442,1567,1336
8078,8720,15443,11128,15443,1567,1336
8079,8720,15444,11128,15444,1567,1336
8080,8720,15445,11128,15445,1567,1336
8078,8720,15446,11128,15446,1567,1336
8075,8720,15447,11128,15447,1567,1335
8074,8720,15448,11128,15448,1567,1335
8075,8720,15449,11128,15449,1567,1335
8076,8720,15450,11128,15450,1567,1335
8077,8720,15451,11128,15451,1567,1335
8078,8720,15452,11128,15452,1567,1335
8079,8720,15453,11128,15453,1567,1335
8075,8720,15454,11128,15454,1567,1335
8072,8720,15455,11128,15455,1567,1335
8073,8720,15456,11128,15456,1567,1335
8071,8720,15457,11128,15457,1567,1335
8072,8720,15458,11128,15458,1567,1335
8068,8720,15459,11128,15459,1567,1335
8068,8720,15460,11128,15460,1567,1335
8066,8720,15461,11128,15461,1567,1335
8063,8720,15462,11128,15462,1567,1335
8060,8720,15463,11128,15463,1567,1335
8059,8720,15464,11128,15464,1567,1335
8058,8720,15465,11128,15465,1567,1335
8057,8720,15466,11128,15466,1567,1334
8058,8720,15467,11128,15467,1567,1334
8055,8720,15468,11128,15468,1567,1334
8053,8720,15469,11128,15469,1567,1334
8054,8720,15470,11128,15470,1567,1334
8053,8720,15471,11128,15471,1567,1334
8051,8720,15472,11128,15472,1567,1333
8047,8720,15473,11128,15473,1567,1333
8047,8720,15474,11128,15474,1567,1333
8042,8720,15475,11128,15475,1567,1332
8043,8720,15476,11128,15476,1567,1332
8044,8720,15477,11128,15477,1567,1332
8043,8720,15478,11128,15478,1567,1332
8044,8720,15479,11128,15479,1567,1332
8043,8720,15480,11128,15480,1567,1332
8044,8720,15481,11128,15481,1567,1332
8045,8720,15482,11128,15482,1567,1332
8046,8720,15483,11128,15483,1567,1332
8047,8720,15484,11128,15484,1567,1332
8047,8720,15485,11128,15485,1567,1332
8048,8720,15486,11128,15486,1567,1332
8045,8720,15487,11128,15487,1567,1332
8041,8720,15488,11128,15488,1567,1332
8042,8720,15489,11128,15489,1567,1332
8039,8720,15490,11128,15490,1567,1332
8038,8720,15491,11128,15491,1567,1332
8039,8720,15492,11128,15492,1567,1332
8040,8720,15493,11128,15493,1567,1332
8041,8720,15494,11128,15494,1567,1332
8041,8720,15495,11128,15495,1567,1332
8037,8720,15496,11128,15496,1567,1332
8038,8720,15497,11128,15497,1567,1332
8035,8720,15498,11128,15498,1567,1332
8035,8720,15499,11128,15499,1567,1332
8036,8720,15500,11128,15500,1567,1332
8037,8720,15501,11128,15501,1567,1332
8037,8720,15502,11128,15502,1567,1332
8034,8720,15503,11128,15503,1567,1332
8035,8720,15504,11128,15504,1567,1332
8033,8720,15505,11128,15505,1567,1332
8033,8720,15506,11128,15506,1567,1332
8032,8720,15507,11128,15507,1567,1332
8033,8720,15508,11128,15508,1567,1332
8034,8720,15509,11128,15509,1567,1332
8032,8720,15510,11128,15510,1567,1332
8032,8720,15511,11128,15511,1567,1332
8032,8720,15512,11128,15512,1567,1332
8033,8720,15513,11128,15513,1567,1332
8034,8720,15514,11128,15514,1567,1332
8035,8720,15515,11128,15515,1567,1332
8030,8720,15516,11128,15516,1567,1332
8028,8720,15517,11128,15517,1567,1332
8029,8720,15518,11128,15518,1567,1332
8027,8720,15519,11128,15519,1567,1332
8028,8720,15520,11128,15520,1567,1332
8028,8720,15521,11128,15521,1567,1332
8029,8720,15522,11128,15522,1567,1332
8026,8720,15523,11128,15523,1567,1332
8023,8720,15524,11128,15524,1567,1332
8024,8720,15525,11128,15525,1567,1332
8021,8720,15526,11128,15526,1567,1332
8022,8720,15527,11128,15527,1567,1332
8023,8720,15528,11128,15528,1567,1332
8021,8720,15529,11128,15529,1567,1332
8022,8720,15530,11128,15530,1567,1332
8021,8720,15531,11128,15531,1567,1332
8017,8720,15532,11128,15532,1567,1332
8017,8720,15533,11128,15533,1567,1332
8018,8720,15534,11128,15534,1567,1332
8015,8720,15535,11128,15535,1567,1332
8015,8720,15536,11128,15536,1567,1332
8016,8720,15537,11128,15537,1567,1332
8012,8720,15538,11128,15538,1567,1332
8012,8720,15539,11128,15539,1567,1332
8010,8720,15540,11128,15540,1567,1332
8006,8720,15541,11128,15541,1567,1332
8007,8720,15542,11128,15542,1567,1332
8008,8720,15543,11128,15543,1567,1332
8009,8720,15544,11128,15544,1567,1332
8007,8720,15545,11128,15545,1567,1332
8008,8720,15546,11128,15546,1567,1332
8009,8720,15547,11128,15547,1567,1332
8010,8720,15548,11128,15548,1567,1332
8008,8720,15549,11128,15549,1567,1332
8009,8720,15550,11128,15550,1567,1332
8010,8720,15551,11128,15551,1567,1332
8011,8720,15552,11128,15552,1567,1332
8011,8720,15553,11128,15553,1567,1332
8006,8720,15554,11128,15554,1567,1332
8007,8720,15555,11128,15555,1567,1332
8008,8720,15556,11128,15556,1567,1332
8009,8720,15557,11128,15557,1567,1332
8010,8720,15558,11128,15558,1567,1332
8011,8720,15559,11128,15559,1567,1332
8011,8720,15560,11128,15560,1567,1332
8007,8720,15561,11128,15561,1567,1332
8008,8720,15562,11128,15562,1567,1332
8009,8720,15563,11128,15563,1567,1332
8009,8720,15564,11128,15564,1567,1332
8008,8720,15565,11128,15565,1567,1332
8009,8720,15566,11128,15566,1567,1332
8010,8720,15567,11128,15567,1567,1332
8011,8720,15568,11128,15568,1567,1332
8011,8720,15569,11128,15569,1567,1332
8009,8720,15570,11128,15570,1567,1332
8010,8720,15571,11128,15571,1567,1332
8011,8720,15572,11128,15572,1567,1332
8012,8720,15573,11128,15573,1567,1332
8011,8720,15574,11128,15574,1567,1332
8011,8720,15575,11128,15575,1567,1332
8007,8720,15576,11128,15576,1567,1332
8003,8720,15577,11128,15577,1567,1332
8002,8720,15578,11128,15578,1567,1332
8003,8720,15579,11128,15579,1567,1332
8004,8720,15580,11128,15580,1567,1332
8003,8720,15581,11128,15581,1567,1332
8004,8720,15582,11128,15582,1567,1332
8005,8720,15583,11128,15583,1567,1332
8003,8720,15584,11128,15584,1567,1332
8001,8720,15585,11128,15585,1567,1332
8002,8720,15586,11128,15586,1567,1332
8003,8720,15587,11128,15587,1567,1332
8003,8720,15588,11128,15588,1567,1332
8003,8720,15589,11128,15589,1567,1332
8002,8720,15590,11128,15590,1567,1332
7998,8720,15591,11128,15591,1567,1331
7995,8720,15592,11128,15592,1567,1331
7990,8720,15593,11128,15593,1567,1331
7987,8720,15594,11128,15594,1567,1331
7987,8720,15595,11128,15595,1567,1331
7984,8720,15596,11128,15596,1567,1330
7984,8720,15597,11128,15597,1567,1330
7985,8720,15598,11128,15598,1567,1330
7986,8720,15599,11128,15599,1567,1330
7986,8720,15600,11128,15600,1567,1330
7987,8720,15601,11128,15601,1567,1330
7988,8720,15602,11128,15602,1567,1330
7989,8720,15603,11128,15603,1567,1330
7990,8720,15604,11128,15604,1567,1330
7989,8720,15605,11128,15605,1567,1330
7990,8720,15606,11128,15606,1567,1330
7990,8720,15607,11128,15607,1567,1330
7990,8720,15608,11128,15608,1567,1330
7988,8720,15609,11128,15609,1567,1330
7988,8720,15610,11128,15610,1567,1330
7986,8720,15611,11128,15611,1567,1330
7987,8720,15612,11128,15612,1567,1330
7988,8720,15613,11128,15613,1567,1330
7987,8720,15614,11128,15614,1567,1330
7984,8720,15615,11128,15615,1567,1330
7983,8720,15616,11128,15616,1567,1330
7981,8720,15617,11128,15617,1567,1330
7980,8720,15618,11128,15618,1567,1330
7979,8720,15619,11128,15619,1567,1330
7979,8720,15620,11128,15620,1567,1330
7980,8720,15621,11128,15621,1567,1330
7980,8720,15622,11128,15622,1567,1330
7981,8720,15623,11128,15623,1567,1330
7982,8720,15624,11128,15624,1567,1330
7983,8720,15625,11128,15625,1567,1330
7984,8720,15626,11128,15626,1567,1330
7985,8720,15627,11128,15627,1567,1330
7985,8720,15628,11128,15628,1567,1330
7985,8720,15629,11128,15629,1567,1330
7982,8720,15630,11128,15630,1567,1329
7983,8720,15631,11128,15631,1567,1329
7984,8720,15632,11128,15632,1567,1329
7985,8720,15633,11128,15633,1567,1329
7986,8720,15634,11128,15634,1567,1329
7987,8720,15635,11128,15635,1567,1329
7985,8720,15636,11128,15636,1567,1328
7985,8720,15637,11128,15637,1567,1328
7986,8720,15638,11128,15638,1567,1328
7987,8720,15639,11128,15639,1567,1328
7985,8720,15640,11128,15640,1567,1328
7986,8720,15641,11128,15641,1567,1328
7981,8720,15642,11128,15642,1567,1328
7979,8720,15643,11128,15643,1567,1328
7978,8720,15644,11128,15644,1567,1328
7979,8720,15645,11128,15645,1567,1328
7980,8720,15646,11128,15646,1567,1328
7979,8720,15647,11128,15647,1567,1328
7980,8720,15648,11128,15648,1567,1328
7977,8720,15649,11128,15649,1567,1328
7978,8720,15650,11128,15650,1567,1328
7975,8720,15651,11128,15651,1567,1328
7976,8720,15652,11128,15652,1567,1328
7977,8720,15653,11128,15653,1567,1328
7978,8720,15654,11128,15654,1567,1328
7976,8720,15655,11128,15655,1567,1328
7977,8720,15656,11128,15656,1567,1328
7978,8720,15657,11128,15657,1567,1328
7977,8720,15658,11128,15658,1567,1328
7971,8720,15659,11128,15659,1567,1328
7972,8720,15660,11128,15660,1567,1328
7973,8720,15661,11128,15661,1567,1328
7973,8720,15662,11128,15662,1567,1328
7974,8720,15663,11128,15663,1567,1328
7972,8720,15664,11128,15664,1567,1328
7968,8720,15665,11128,15665,1567,1328
7969,8720,15666,11128,15666,1567,1328
7965,8720,15667,11128,15667,1567,1328
7963,8720,15668,11128,15668,1567,1328
7959,8720,15669,11128,15669,1567,1328
7960,8720,15670,11128,15670,1567,1328
7961,8720,15671,11128,15671,1567,1328
7962,8720,15672,11128,15672,1567,1328
7963,8720,15673,11128,15673,1567,1328
7961,8720,15674,11128,15674,1567,1328
7961,8720,15675,11128,15675,1567,1328
7956,8720,15676,11128,15676,1567,1328
7957,8720,15677,11128,15677,1567,1328
7958,8720,15678,11128,15678,1567,1328
7958,8720,15679,11128,15679,1567,1328
7958,8720,15680,11128,15680,1567,1328
7959,8720,15681,11128,15681,1567,1328
7960,8720,15682,11128,15682,1567,1328
7961,8720,15683,11128,15683,1567,1328
7962,8720,15684,11128,15684,1567,1328
7962,8720,15685,11128,15685,1567,1328
7962,8720,15686,11128,15686,1567,1328
7957,8720,15687,11128,15687,1567,1328
7955,8720,15688,11128,15688,1567,1328
7956,8720,15689,11128,15689,1567,1328
7957,8720,15690,11128,15690,1567,1328
7958,8720,15691,11128,15691,1567,1328
7958,8720,15692,11128,15692,1567,1328
7951,8720,15693,11128,15693,1567,1328
7950,8720,15694,11128,15694,1567,1328
7951,8720,15695,11128,15695,1567,1328
7947,8720,15696,11128,15696,1567,1327
7948,8720,15697,11128,15697,1567,1327
7949,8720,15698,11128,15698,1567,1327
7950,8720,15699,11128,15699,1567,1327
7947,8720,15700,11128,15700,1567,1326
7948,8720,15701,11128,15701,1567,1326
7949,8720,15702,11128,15702,1567,1326
7950,8720,15703,11128,15703,1567,1326
7950,8720,15704,11128,15704,1567,1326
7951,8720,15705,11128,15705,1567,1326
7949,8720,15706,11128,15706,1567,1326
7950,8720,15707,11128,15707,1567,1326
7950,8720,15708,11128,15708,1567,1326
7949,8720,15709,11128,15709,1567,1326
7947,8720,15710,11128,15710,1567,1326
7948,8720,15711,11128,15711,1567,1326
7946,8720,15712,11128,15712,1567,1326
7947,8720,15713,11128,15713,1567,1326
7948,8720,15714,11128,15714,1567,1326
7949,8720,15715,11128,15715,1567,1326
7950,8720,15716,11128,15716,1567,1326
7951,8720,15717,11128,15717,1567,1326
7952,8720,15718,11128,15718,1567,1326
7953,8720,15719,11128,15719,1567,1326
7950,8720,15720,11128,15720,1567,1326
7951,8720,15721,11128,15721,1567,1326
7952,8720,15722,11128,15722,1567,1326
7949,8720,15723,11128,15723,1567,1325
7950,8720,15724,11128,15724,1567,1325
7950,8720,15725,11128,15725,1567,1325
7951,8720,15726,11128,15726,1567,1325
7952,8720,15727,11128,15727,1567,1325
7953,8720,15728,11128,15728,1567,1325
7950,8720,15729,11128,15729,1567,1324
7950,8720,15730,11128,15730,1567,1324
7950,8720,15731,11128,15731,1567,1324
7951,8720,15732,11128,15732,1567,1324
7952,8720,15733,11128,15733,1567,1324
7947,8720,15734,11128,15734,1567,1324
7942,8720,15735,11128,15735,1567,1324
7943,8720,15736,11128,15736,1567,1324
7939,8720,15737,11128,15737,1567,1323
7935,8720,15738,11128,15738,1567,1322
7936,8720,15739,11128,15739,1567,1322
7937,8720,15740,11128,15740,1567,1322
7938,8720,15741,11128,15741,1567,1322
7938,8720,15742,11128,15742,1567,1322
7939,8720,15743,11128,15743,1567,1322
7936,8720,15744,11128,15744,1567,1322
7937,8720,15745,11128,15745,1567,1322
7938,8720,15746,11128,15746,1567,1322
7939,8720,15747,11128,15747,1567,1322
7940,8720,15748,11128,15748,1567,1322
7934,8720,15749,11128,15749,1567,1322
7935,8720,15750,11128,15750,1567,1322
7931,8720,15751,11128,15751,1567,1322
7932,8720,15752,11128,15752,1567,1322
7932,8720,15753,11128,15753,1567,1322
7933,8720,15754,11128,15754,1567,1322
7932,8720,15755,11128,15755,1567,1322
7930,8720,15756,11128,15756,1567,1322
7929,8720,15757,11128,15757,1567,1322
7930,8720,15758,11128,15758,1567,1322
7930,8720,15759,11128,15759,1567,1322
7931,8720,15760,11128,15760,1567,1322
7931,8720,15761,11128,15761,1567,1322
7927,8720,15762,11128,15762,1567,1322
7928,8720,15763,11128,15763,1567,1322
7929,8720,15764,11128,15764,1567,1322
7930,8720,15765,11128,15765,1567,1322
7930,8720,15766,11128,15766,1567,1322
7931,8720,15767,11128,15767,1567,1322
7932,8720,15768,11128,15768,1567,1322
7933,8720,15769,11128,15769,1567,1322
7933,8720,15770,11128,15770,1567,1322
7934,8720,15771,11128,15771,1567,1322
7930,8720,15772,11128,15772,1567,1321
7930,8720,15773,11128,15773,1567,1321
7931,8720,15774,11128,15774,1567,1321
7930,8720,15775,11128,15775,1567,1321
7927,8720,15776,11128,15776,1567,1321
7928,8720,15777,11128,15777,1567,1321
7929,8720,15778,11128,15778,1567,1321
7929,8720,15779,11128,15779,1567,1321
7930,8720,15780,11128,15780,1567,1321
7929,8720,15781,11128,15781,1567,1321
7929,8720,15782,11128,15782,1567,1321
7930,8720,15783,11128,15783,1567,1321
7925,8720,15784,11128,15784,1567,1320
7926,8720,15785,11128,15785,1567,1320
7927,8720,15786,11128,15786,1567,1320
7928,8720,15787,11128,15787,1567,1320
7927,8720,15788,11128,15788,1567,1320
7928,8720,15789,11128,15789,1567,1320
7924,8720,15790,11128,15790,1567,1320
7925,8720,15791,11128,15791,1567,1320
7920,8720,15792,11128,15792,1567,1320
7914,8720,15793,11128,15793,1567,1318
7910,8720,15794,11128,15794,1567,1318
7911,8720,15795,11128,15795,1567,1318
7912,8720,15796,11128,15796,1567,1318
7911,8720,15797,11128,15797,1567,1318
7912,8720,15798,11128,15798,1567,1318
7913,8720,15799,11128,15799,1567,1318
7914,8720,15800,11128,15800,1567,1318
7914,8720,15801,11128,15801,1567,1318
7910,8720,15802,11128,15802,1567,1318
7911,8720,15803,11128,15803,1567,1318
7912,8720,15804,11128,15804,1567,1318
7913,8720,15805,11128,15805,1567,1318
7912,8720,15806,11128,15806,1567,1318
7913,8720,15807,11128,15807,1567,1318
7911,8720,15808,11128,15808,1567,1318
7911,8720,15809,11128,15809,1567,1318
7912,8720,15810,11128,15810,1567,1318
7912,8720,15811,11128,15811,1567,1318
7913,8720,15812,11128,15812,1567,1318
7913,8720,15813,11128,15813,1567,1318
7914,8720,15814,11128,15814,1567,1318
7915,8720,15815,11128,15815,1567,1318
7916,8720,15816,11128,15816,1567,1318
7914,8720,15817,11128,15817,1567,1318
7912,8720,15818,11128,15818,1567,1318
7912,8720,15819,11128,15819,1567,1318
7913,8720,15820,11128,15820,1567,1318
7909,8720,15821,11128,15821,1567,1316
7909,8720,15822,11128,15822,1567,1316
7910,8720,15823,11128,15823,1567,1316
7911,8720,15824,11128,15824,1567,1316
7911,8720,15825,11128,15825,1567,1316
7912,8720,15826,11128,15826,1567,1316
7913,8720,15827,11128,15827,1567,1316
7913,8720,15828,11128,15828,1567,1316
7913,8720,15829,11128,15829,1567,1316
7914,8720,15830,11128,15830,1567,1316
7910,8720,15831,11128,15831,1567,1316
7911,8720,15832,11128,15832,1567,1316
7909,8720,15833,11128,15833,1567,1315
7910,8720,15834,11128,15834,1567,1315
7907,8720,15835,11128,15835,1567,1315
7907,8720,15836,11128,15836,1567,1315
7908,8720,15837,11128,15837,1567,1315
7909,8720,15838,11128,15838,1567,1315
7904,8720,15839,11128,15839,1567,1314
7904,8720,15840,11128,15840,1567,1314
7905,8720,15841,11128,15841,1567,1314
7900,8720,15842,11128,15842,1567,1314
7901,8720,15843,11128,15843,1567,1314
7902,8720,15844,11128,15844,1567,1314
7900,8720,15845,11128,15845,1567,1314
7901,8720,15846,11128,15846,1567,1314
7896,8720,15847,11128,15847,1567,1314
7897,8720,15848,11128,15848,1567,1314
7898,8720,15849,11128,15849,1567,1314
7896,8720,15850,11128,15850,1567,1314
7893,8720,15851,11128,15851,1567,1314
7894,8720,15852,11128,15852,1567,1314
7895,8720,15853,11128,15853,1567,1314
7895,8720,15854,11128,15854,1567,1314
7896,8720,15855,11128,15855,1567,1314
7895,8720,15856,11128,15856,1567,1314
7896,8720,15857,11128,15857,1567,1314
7897,8720,15858,11128,15858,1567,1314
7898,8720,15859,11128,15859,1567,1314
7898,8720,15860,11128,15860,1567,1314
7898,8720,15861,11128,15861,1567,1314
7895,8720,15862,11128,15862,1567,1314
7890,8720,15863,11128,15863,1567,1314
7891,8720,15864,11128,15864,1567,1314
7892,8720,15865,11128,15865,1567,1314
7889,8720,15866,11128,15866,1567,1313
7890,8720,15867,11128,15867,1567,1313
7890,8720,15868,11128,15868,1567,1313
7891,8720,15869,11128,15869,1567,1313
7892,8720,15870,11128,15870,1567,1313
7893,8720,15871,11128,15871,1567,1313
7893,8720,15872,11128,15872,1567,1313
7893,8720,15873,11128,15873,1567,1313
7894,8720,15874,11128,15874,1567,1313
7893,8720,15875,11128,15875,1567,1313
7893,8720,15876,11128,15876,1567,1313
7889,8720,15877,11128,15877,1567,1313
7882,8720,15878,11128,15878,1567,1313
7878,8720,15879,11128,15879,1567,1313
7877,8720,15880,11128,15880,1567,1313
7878,8720,15881,11128,15881,1567,1313
7879,8720,15882,11128,15882,1567,1313
7879,8720,15883,11128,15883,1567,1313
7876,8720,15884,11128,15884,1567,1313
7877,8720,15885,11128,15885,1567,1313
7878,8720,15886,11128,15886,1567,1313
7876,8720,15887,11128,15887,1567,1313
7877,8720,15888,11128,15888,1567,1313
7878,8720,15889,11128,15889,1567,1313
7879,8720,15890,11128,15890,1567,1313
7880,8720,15891,11128,15891,1567,1313
7881,8720,15892,11128,15892,1567,1313
7881,8720,15893,11128,15893,1567,1313
7882,8720,15894,11128,15894,1567,1313
7882,8720,15895,11128,15895,1567,1313
7882,8720,15896,11128,15896,1567,1313
7882,8720,15897,11128,15897,1567,1313
7883,8720,15898,11128,15898,1567,1313
7879,8720,15899,11128,15899,1567,1313
7880,8720,15900,11128,15900,1567,1313
7881,8720,15901,11128,15901,1567,1313
7880,8720,15902,11128,15902,1567,1313
7881,8720,15903,11128,15903,1567,1313
7882,8720,15904,11128,15904,1567,1313
7883,8720,15905,11128,15905,1567,1313
7884,8720,15906,11128,15906,1567,1313
7883,8720,15907,11128,15907,1567,1313
7884,8720,15908,11128,15908,1567,1313
7885,8720,15909,11128,15909,1567,1313
7883,8720,15910,11128,15910,1567,1313
7881,8720,15911,11128,15911,1567,1313
7878,8720,15912,11128,15912,1567,1313
7879,8720,15913,11128,15913,1567,1313
7880,8720,15914,11128,15914,1567,1313
7880,8720,15915,11128,15915,1567,1313
7880,8720,15916,11128,15916,1567,1313
7879,8720,15917,11128,15917,1567,1313
7880,8720,15918,11128,15918,1567,1313
7881,8720,15919,11128,15919,1567,1313
7880,8720,15920,11128,15920,1567,1313
7879,8720,15921,11128,15921,1567,1313
7880,8720,15922,11128,15922,1567,1313
7881,8720,15923,11128,15923,1567,1313
7879,8720,15924,11128,15924,1567,1313
7879,8720,15925,11128,15925,1567,1313
7873,8720,15926,11128,15926,1567,1312
7874,8720,15927,11128,15927,1567,1312
7875,8720,15928,11128,15928,1567,1312
7876,8720,15929,11128,15929,1567,1312
7877,8720,15930,11128,15930,1567,1312
7877,8720,15931,11128,15931,1567,1312
7877,8720,15932,11128,15932,1567,1312
7876,8720,15933,11128,15933,1567,1312
7875,8720,15934,11128,15934,1567,1312
7876,8720,15935,11128,15935,1567,1312
7876,8720,15936,11128,15936,1567,1312
7877,8720,15937,11128,15937,1567,1312
7872,8720,15938,11128,15938,1567,1311
7872,8720,15939,11128,15939,1567,1311
7872,8720,15940,11128,15940,1567,1311
7873,8720,15941,11128,15941,1567,1311
7870,8720,15942,11128,15942,1567,1311
7867,8720,15943,11128,15943,1567,1311
7866,8720,15944,11128,15944,1567,1311
7867,8720,15945,11128,15945,1567,1311
7868,8720,15946,11128,15946,1567,1311
7869,8720,15947,11128,15947,1567,1311
7870,8720,15948,11128,15948,1567,1311
7871,8720,15949,11128,15949,1567,1311
7872,8720,15950,11128,15950,1567,1311
7873,8720,15951,11128,15951,1567,1311
7874,8720,15952,11128,15952,1567,1311
7874,8720,15953,11128,15953,1567,1311
7874,8720,15954,11128,15954,1567,1311
7875,8720,15955,11128,15955,1567,1311
7876,8720,15956,11128,15956,1567,1311
7877,8720,15957,11128,15957,1567,1311
7878,8720,15958,11128,15958,1567,1311
7875,8720,15959,11128,15959,1567,1311
7875,8720,15960,11128,15960,1567,1311
7875,8720,15961,11128,15961,1567,1311
7875,8720,15962,11128,15962,1567,1311
7873,8720,15963,11128,15963,1567,1311
7871,8720,15964,11128,15964,1567,1311
7872,8720,15965,11128,15965,1567,1311
7872,8720,15966,11128,15966,1567,1311
7873,8720,15967,11128,15967,1567,1311
7874,8720,15968,11128,15968,1567,1311
7873,8720,15969,11128,15969,1567,1311
7874,8720,15970,11128,15970,1567,1311
7875,8720,15971,11128,15971,1567,1311
7876,8720,15972,11128,15972,1567,1311
7877,8720,15973,11128,15973,1567,1311
7874,8720,15974,11128,15974,1567,1310
7868,8720,15975,11128,15975,1567,1307
7869,8720,15976,11128,15976,1567,1307
7868,8720,15977,11128,15977,1567,1307
7869,8720,15978,11128,15978,1567,1307
7870,8720,15979,11128,15979,1567,1307
7870,8720,15980,11128,15980,1567,1307
7866,8720,15981,11128,15981,1567,1306
7862,8720,15982,11128,15982,1567,1306
7863,8720,15983,11128,15983,1567,1306
7864,8720,15984,11128,15984,1567,1306
7863,8720,15985,11128,15985,1567,1306
7864,8720,15986,11128,15986,1567,1306
7865,8720,15987,11128,15987,1567,1306
7865,8720,15988,11128,15988,1567,1306
7866,8720,15989,11128,15989,1567,1306
7867,8720,15990,11128,15990,1567,1306
7866,8720,15991,11128,15991,1567,1306
7867,8720,15992,11128,15992,1567,1306
7868,8720,15993,11128,15993,1567,1306
7869,8720,15994,11128,15994,1567,1306
7868,8720,15995,11128,15995,1567,1306
7869,8720,15996,11128,15996,1567,1306
7865,8720,15997,11128,15997,1567,1305
7864,8720,15998,11128,15998,1567,1305
7863,8720,15999,11128,15999,1567,1305
7863,8720,16000,11128,16000,1567,1305
7859,8720,16001,11128,16001,1567,1305
7860,8720,16002,11128,16002,1567,1305
7861,8720,16003,11128,16003,1567,1305
7860,8720,16004,11128,16004,1567,1305
7861,8720,16005,11128,16005,1567,1305
7860,8720,16006,11128,16006,1567,1305
7860,8720,16007,11128,16007,1567,1305
7861,8720,16008,11128,16008,1567,1305
7861,8720,16009,11128,16009,1567,1305
7860,8720,16010,11128,16010,1567,1305
7861,8720,16011,11128,16011,1567,1305
7861,8720,16012,11128,16012,1567,1305
7862,8720,16013,11128,16013,1567,1305
7862,8720,16014,11128,16014,1567,1305
7858,8720,16015,11128,16015,1567,1305
7857,8720,16016,11128,16016,1567,1305
7855,8720,16017,11128,16017,1567,1305
7856,8720,16018,11128,16018,1567,1305
7857,8720,16019,11128,16019,1567,1305
7858,8720,16020,11128,16020,1567,1305
7859,8720,16021,11128,16021,1567,1305
7860,8720,16022,11128,16022,1567,1305
7860,8720,16023,11128,16023,1567,1305
7860,8720,16024,11128,16024,1567,1305
7861,8720,16025,11128,16025,1567,1305
7862,8720,16026,11128,16026,1567,1305
7863,8720,16027,11128,16027,1567,1305
7857,8720,16028,11128,16028,1567,1304
7858,8720,16029,11128,16029,1567,1304
7855,8720,16030,11128,16030,1567,1303
7856,8720,16031,11128,16031,1567,1303
7856,8720,16032,11128,16032,1567,1303
7855,8720,16033,11128,16033,1567,1303
7856,8720,16034,11128,16034,1567,1303
7857,8720,16035,11128,16035,1567,1303
7858,8720,16036,11128,16036,1567,1303
7856,8720,16037,11128,16037,1567,1303
7856,8720,16038,11128,16038,1567,1303
7857,8720,16039,11128,16039,1567,1303
7855,8720,16040,11128,16040,1567,1302
7856,8720,16041,11128,16041,1567,1302
7855,8720,16042,11128,16042,1567,1302
7851,8720,16043,11128,16043,1567,1302
7852,8720,16044,11128,16044,1567,1302
7853,8720,16045,11128,16045,1567,1302
7854,8720,16046,11128,16046,1567,1302
7855,8720,16047,11128,16047,1567,1302
7854,8720,16048,11128,16048,1567,1302
7855,8720,16049,11128,16049,1567,1302
7854,8720,16050,11128,16050,1567,1302
7852,8720,16051,11128,16051,1567,1302
7852,8720,16052,11128,16052,1567,1302
7851,8720,16053,11128,16053,1567,1302
7850,8720,16054,11128,16054,1567,1302
7848,8720,16055,11128,16055,1567,1302
7849,8720,16056,11128,16056,1567,1302
7850,8720,16057,11128,16057,1567,1302
7851,8720,16058,11128,16058,1567,1302
7845,8720,16059,11128,16059,1567,1302
7841,8720,16060,11128,16060,1567,1302
7842,8720,16061,11128,16061,1567,1302
7843,8720,16062,11128,16062,1567,1302
7838,8720,16063,11128,16063,1567,1301
7836,8720,16064,11128,16064,1567,1301
7837,8720,16065,11128,16065,1567,1301
7838,8720,16066,11128,16066,1567,1301
7839,8720,16067,11128,16067,1567,1301
7840,8720,16068,11128,16068,1567,1301
7840,8720,16069,11128,16069,1567,1301
7841,8720,16070,11128,16070,1567,1301
7840,8720,16071,11128,16071,1567,1301
7839,8720,16072,11128,16072,1567,1301
7840,8720,16073,11128,16073,1567,1301
7841,8720,16074,11128,16074,1567,1301
7841,8720,16075,11128,16075,1567,1301
7841,8720,16076,11128,16076,1567,1301
7838,8720,16077,11128,16077,1567,1301
7839,8720,16078,11128,16078,1567,1301
7836,8720,16079,11128,16079,1567,1300
7836,8720,16080,11128,16080,1567,1300
7837,8720,16081,11128,16081,1567,1300
7838,8720,16082,11128,16082,1567,1300
7838,8720,16083,11128,16083,1567,1300
7839,8720,16084,11128,16084,1567,1300
7840,8720,16085,11128,16085,1567,1300
7841,8720,16086,11128,16086,1567,1300
7836,8720,16087,11128,16087,1567,1300
7837,8720,16088,11128,16088,1567,1300
7832,8720,16089,11128,16089,1567,1300
7831,8720,16090,11128,16090,1567,1300
7832,8720,16091,11128,16091,1567,1300
7828,8720,16092,11128,16092,1567,1299
7827,8720,16093,11128,16093,1567,1299
7828,8720,16094,11128,16094,1567,1299
7828,8720,16095,11128,16095,1567,1299
7825,8720,16096,11128,16096,1567,1299
7825,8720,16097,11128,16097,1567,1299
7826,8720,16098,11128,16098,1567,1299
7827,8720,16099,11128,16099,1567,1299
7828,8720,16100,11128,16100,1567,1299
7829,8720,16101,11128,16101,1567,1299
7830,8720,16102,11128,16102,1567,1299
7831,8720,16103,11128,16103,1567,1299
7832,8720,16104,11128,16104,1567,1299
7833,8720,16105,11128,16105,1567,1299
7834,8720,16106,11128,16106,1567,1299
7833,8720,16107,11128,16107,1567,1299
7832,8720,16108,11128,16108,1567,1299
7827,8720,16109,11128,16109,1567,1297
7828,8720,16110,11128,16110,1567,1297
7824,8720,16111,11128,16111,1567,1297
7825,8720,16112,11128,16112,1567,1297
7826,8720,16113,11128,16113,1567,1297
7826,8720,16114,11128,16114,1567,1297
7827,8720,16115,11128,16115,1567,1297
7827,8720,16116,11128,16116,1567,1297
7824,8720,16117,11128,16117,1567,1297
7820,8720,16118,11128,16118,1567,1297
7821,8720,16119,11128,16119,1567,1297
7821,8720,16120,11128,16120,1567,1297
7822,8720,16121,11128,16121,1567,1297
7823,8720,16122,11128,16122,1567,1297
7820,8720,16123,11128,16123,1567,1297
7820,8720,16124,11128,16124,1567,1297
7821,8720,16125,11128,16125,1567,1297
7822,8720,16126,11128,16126,1567,1297
7823,8720,16127,11128,16127,1567,1297
7824,8720,16128,11128,16128,1567,1297
7825,8720,16129,11128,16129,1567,1297
7826,8720,16130,11128,16130,1567,1297
7822,8720,16131,11128,16131,1567,1297
7823,8720,16132,11128,16132,1567,1297
7824,8720,16133,11128,16133,1567,1297
7825,8720,16134,11128,16134,1567,1297
7826,8720,16135,11128,16135,1567,1297
7824,8720,16136,11128,16136,1567,1297
7822,8720,16137,11128,16137,1567,1297
7823,8720,16138,11128,16138,1567,1297
7820,8720,16139,11128,16139,1567,1297
7820,8720,16140,11128,16140,1567,1297
7819,8720,16141,11128,16141,1567,1297
7819,8720,16142,11128,16142,1567,1297
7820,8720,16143,11128,16143,1567,1297
7821,8720,16144,11128,16144,1567,1297
7822,8720,16145,11128,16145,1567,1297
7823,8720,16146,11128,16146,1567,1297
7824,8720,16147,11128,16147,1567,1297
7825,8720,16148,11128,16148,1567,1297
7826,8720,16149,11128,16149,1567,1297
7827,8720,16150,11128,16150,1567,1297
7828,8720,16151,11128,16151,1567,1297
7828,8720,16152,11128,16152,1567,1297
7829,8720,16153,11128,16153,1567,1297
7830,8720,16154,11128,16154,1567,1297
7831,8720,16155,11128,16155,1567,1297
7831,8720,16156,11128,16156,1567,1297
7829,8720,16157,11128,16157,1567,1297
7825,8720,16158,11128,16158,1567,1297
7824,8720,16159,11128,16159,1567,1297
7824,8720,16160,11128,16160,1567,1297
7819,8720,16161,11128,16161,1567,1297
7819,8720,16162,11128,16162,1567,1297
7818,8720,16163,11128,16163,1567,1297
7818,8720,16164,11128,16164,1567,1297
7819,8720,16165,11128,16165,1567,1297
7820,8720,16166,11128,16166,1567,1297
7821,8720,16167,11128,16167,1567,1297
7818,8720,16168,11128,16168,1567,1296
7819,8720,16169,11128,16169,1567,1296
7814,8720,16170,11128,16170,1567,1296
7815,8720,16171,11128,16171,1567,1296
7814,8720,16172,11128,16172,1567,1296
7815,8720,16173,11128,16173,1567,1296
7816,8720,16174,11128,16174,1567,1296
7816,8720,16175,11128,16175,1567,1296
7815,8720,16176,11128,16176,1567,1296
7816,8720,16177,11128,16177,1567,1296
7817,8720,16178,11128,16178,1567,1296
7818,8720,16179,11128,16179,1567,1296
7819,8720,16180,11128,16180,1567,1296
7820,8720,16181,11128,16181,1567,1296
7821,8720,16182,11128,16182,1567,1296
7822,8720,16183,11128,16183,1567,1296
7823,8720,16184,11128,16184,1567,1296
7821,8720,16185,11128,16185,1567,1296
7816,8720,16186,11128,16186,1567,1296
7816,8720,16187,11128,16187,1567,1296
7817,8720,16188,11128,16188,1567,1296
7817,8720,16189,11128,16189,1567,1296
7816,8720,16190,11128,16190,1567,1296
7816,8720,16191,11128,16191,1567,1296
7817,8720,16192,11128,16192,1567,1296
7818,8720,16193,11128,16193,1567,1296
7818,8720,16194,11128,16194,1567,1296
7817,8720,16195,11128,16195,1567,1296
7818,8720,16196,11128,16196,1567,1296
7817,8720,16197,11128,16197,1567,1296
7813,8720,16198,11128,16198,1567,1296
7813,8720,16199,11128,16199,1567,1296
7814,8720,16200,11128,16200,1567,1296
7815,8720,16201,11128,16201,1567,1296
7816,8720,16202,11128,16202,1567,1296
7817,8720,16203,11128,16203,1567,1296
7815,8720,16204,11128,16204,1567,1296
7816,8720,16205,11128,16205,1567,1296
7812,8720,16206,11128,16206,1567,1296
7812,8720,16207,11128,16207,1567,1296
7810,8720,16208,11128,16208,1567,1296
7806,8720,16209,11128,16209,1567,1296
7807,8720,16210,11128,16210,1567,1296
7808,8720,16211,11128,16211,1567,1296
7809,8720,16212,11128,16212,1567,1296
7808,8720,16213,11128,16213,1567,1296
7809,8720,16214,11128,16214,1567,1296
7810,8720,16215,11128,16215,1567,1296
7811,8720,16216,11128,16216,1567,1296
7807,8720,16217,11128,16217,1567,1295
7808,8720,16218,11128,16218,1567,1295
7809,8720,16219,11128,16219,1567,1295
7810,8720,16220,11128,16220,1567,1295
7805,8720,16221,11128,16221,1567,1295
7806,8720,16222,11128,16222,1567,1295
7806,8720,16223,11128,16223,1567,1295
7806,8720,16224,11128,16224,1567,1295
7805,8720,16225,11128,16225,1567,1295
7806,8720,16226,11128,16226,1567,1295
7807,8720,16227,11128,16227,1567,1295
7808,8720,16228,11128,16228,1567,1295
7805,8720,16229,11128,16229,1567,1295
7806,8720,16230,11128,16230,1567,1295
7807,8720,16231,11128,16231,1567,1295
7808,8720,16232,11128,16232,1567,1295
7805,8720,16233,11128,16233,1567,1294
7804,8720,16234,11128,16234,1567,1294
7805,8720,16235,11128,16235,1567,1294
7806,8720,16236,11128,16236,1567,1294
7806,8720,16237,11128,16237,1567,1294
7807,8720,16238,11128,16238,1567,1294
7808,8720,16239,11128,16239,1567,1294
7808,8720,16240,11128,16240,1567,1294
7805,8720,16241,11128,16241,1567,1293
7806,8720,16242,11128,16242,1567,1293
7807,8720,16243,11128,16243,1567,1293
7807,8720,16244,11128,16244,1567,1293
7808,8720,16245,11128,16245,1567,1293
7808,8720,16246,11128,16246,1567,1293
7806,8720,16247,11128,16247,1567,1291
7806,8720,16248,11128,16248,1567,1291
7807,8720,16249,11128,16249,1567,1291
7806,8720,16250,11128,16250,1567,1291
7807,8720,16251,11128,16251,1567,1291
7807,8720,16252,11128,16252,1567,1291
7807,8720,16253,11128,16253,1567,1291
7807,8720,16254,11128,16254,1567,1291
7808,8720,16255,11128,16255,1567,1291
7809,8720,16256,11128,16256,1567,1291
7806,8720,16257,11128,16257,1567,1291
7807,8720,16258,11128,16258,1567,1291
7807,8720,16259,11128,16259,1567,1291
7808,8720,16260,11128,16260,1567,1291
7809,8720,16261,11128,16261,1567,1291
7809,8720,16262,11128,16262,1567,1291
7807,8720,16263,11128,16263,1567,1291
7805,8720,16264,11128,16264,1567,1290
7804,8720,16265,11128,16265,1567,1290
7804,8720,16266,11128,16266,1567,1290
7805,8720,16267,11128,16267,1567,1290
7800,8720,16268,11128,16268,1567,1290
7797,8720,16269,11128,16269,1567,1290
7795,8720,16270,11128,16270,1567,1288
7796,8720,16271,11128,16271,1567,1288
7795,8720,16272,11128,16272,1567,1288
7793,8720,16273,11128,16273,1567,1288
7794,8720,16274,11128,16274,1567,1288
7795,8720,16275,11128,16275,1567,1288
7796,8720,16276,11128,16276,1567,1288
7793,8720,16277,11128,16277,1567,1288
7785,8720,16278,11128,16278,1567,1287
7786,8720,16279,11128,16279,1567,1287
7784,8720,16280,11128,16280,1567,1287
7784,8720,16281,11128,16281,1567,1287
7782,8720,16282,11128,16282,1567,1287
7783,8720,16283,11128,16283,1567,1287
7784,8720,16284,11128,16284,1567,1287
7785,8720,16285,11128,16285,1567,1287
7786,8720,16286,11128,16286,1567,1287
7781,8720,16287,11128,16287,1567,1287
7780,8720,16288,11128,16288,1567,1287
7778,8720,16289,11128,16289,1567,1287
7776,8720,16290,11128,16290,1567,1287
7773,8720,16291,11128,16291,1567,1287
7774,8720,16292,11128,16292,1567,1287
7775,8720,16293,11128,16293,1567,1287
7773,8720,16294,11128,16294,1567,1287
7774,8720,16295,11128,16295,1567,1287
7774,8720,16296,11128,16296,1567,1287
7775,8720,16297,11128,16297,1567,1287
7775,8720,16298,11128,16298,1567,1287
7776,8720,16299,11128,16299,1567,1287
7774,8720,16300,11128,16300,1567,1286
7773,8720,16301,11128,16301,1567,1286
7774,8720,16302,11128,16302,1567,1286
7773,8720,16303,11128,16303,1567,1286
7770,8720,16304,11128,16304,1567,1286
7769,8720,16305,11128,16305,1567,1286
7770,8720,16306,11128,16306,1567,1286
7770,8720,16307,11128,16307,1567,1286
7767,8720,16308,11128,16308,1567,1285
7767,8720,16309,11128,16309,1567,1285
7766,8720,16310,11128,16310,1567,1285
7766,8720,16311,11128,16311,1567,1285
7767,8720,16312,11128,16312,1567,1285
7762,8720,16313,11128,16313,1567,1285
7762,8720,16314,11128,16314,1567,1285
7758,8720,16315,11128,16315,1567,1285
7759,8720,16316,11128,16316,1567,1285
7760,8720,16317,11128,16317,1567,1285
7761,8720,16318,11128,16318,1567,1285
7762,8720,16319,11128,16319,1567,1285
7763,8720,16320,11128,16320,1567,1285
7764,8720,16321,11128,16321,1567,1285
7765,8720,16322,11128,16322,1567,1285
7764,8720,16323,11128,16323,1567,1285
7765,8720,16324,11128,16324,1567,1285
7766,8720,16325,11128,16325,1567,1285
7767,8720,16326,11128,16326,1567,1285
7766,8720,16327,11128,16327,1567,1285
7767,8720,16328,11128,16328,1567,1285
7763,8720,16329,11128,16329,1567,1285
7763,8720,16330,11128,16330,1567,1285
7761,8720,16331,11128,16331,1567,1285
7762,8720,16332,11128,16332,1567,1285
7759,8720,16333,11128,16333,1567,1285
7757,8720,16334,11128,16334,1567,1285
7758,8720,16335,11128,16335,1567,1285
7759,8720,16336,11128,16336,1567,1285
7758,8720,16337,11128,16337,1567,1285
7759,8720,16338,11128,16338,1567,1285
7758,8720,16339,11128,16339,1567,1285
7759,8720,16340,11128,16340,1567,1285
7760,8720,16341,11128,16341,1567,1285
7760,8720,16342,11128,16342,1567,1285
7761,8720,16343,11128,16343,1567,1285
7760,8720,16344,11128,16344,1567,1285
7761,8720,16345,11128,16345,1567,1285
7762,8720,16346,11128,16346,1567,1285
7763,8720,16347,11128,16347,1567,1285
7762,8720,16348,11128,16348,1567,1285
7760,8720,16349,11128,16349,1567,1285
7759,8720,16350,11128,16350,1567,1285
7757,8720,16351,11128,16351,1567,1285
7758,8720,16352,11128,16352,1567,1285
7759,8720,16353,11128,16353,1567,1285
7758,8720,16354,11128,16354,1567,1285
7759,8720,16355,11128,16355,1567,1285
7760,8720,16356,11128,16356,1567,1285
7758,8720,16357,11128,16357,1567,1285
7759,8720,16358,11128,16358,1567,1285
7759,8720,16359,11128,16359,1567,1285
7760,8720,16360,11128,16360,1567,1285
7758,8720,16361,11128,16361,1567,1285
7759,8720,16362,11128,16362,1567,1285
7760,8720,16363,11128,16363,1567,1285
7761,8720,16364,11128,16364,1567,1285
7762,8720,16365,11128,16365,1567,1285
7761,8720,16366,11128,16366,1567,1285
7761,8720,16367,11128,16367,1567,1285
7762,8720,16368,11128,16368,1567,1285
7762,8720,16369,11128,16369,1567,1285
7761,8720,16370,11128,16370,1567,1285
7762,8720,16371,11128,16371,1567,1285
7763,8720,16372,11128,16372,1567,1285
7763,8720,16373,11128,16373,1567,1285
7762,8720,16374,11128,16374,1567,1285
7763,8720,16375,11128,16375,1567,1285
7764,8720,16376,11128,16376,1567,1285
7761,8720,16377,11128,16377,1567,1285
7761,8720,16378,11128,16378,1567,1285
7762,8720,16379,11128,16379,1567,1285
7759,8720,16380,11128,16380,1567,1284
7760,8720,16381,11128,16381,1567,1284
7761,8720,16382,11128,16382,1567,1284
7760,8720,16383,11128,16383,1567,1284
7756,8720,16384,11128,16384,1567,1284
7755,8720,16385,11128,16385,1567,1284
7756,8720,16386,11128,16386,1567,1284
7756,8720,16387,11128,16387,1567,1284
7752,8720,16388,11128,16388,1567,1283
7749,8720,16389,11128,16389,1567,1283
7749,8720,16390,11128,16390,1567,1283
7750,8720,16391,11128,16391,1567,1283
7751,8720,16392,11128,16392,1567,1283
7751,8720,16393,11128,16393,1567,1283
7752,8720,16394,11128,16394,1567,1283
7753,8720,16395,11128,16395,1567,1283
7751,8720,16396,11128,16396,1567,1282
7751,8720,16397,11128,16397,1567,1282
7751,8720,16398,11128,16398,1567,1282
7752,8720,16399,11128,16399,1567,1282
7752,8720,16400,11128,16400,1567,1282
7752,8720,16401,11128,16401,1567,1282
7752,8720,16402,11128,16402,1567,1282
7753,8720,16403,11128,16403,1567,1282
7753,8720,16404,11128,16404,1567,1282
7754,8720,16405,11128,16405,1567,1282
7755,8720,16406,11128,16406,1567,1282
7756,8720,16407,11128,16407,1567,1282
7757,8720,16408,11128,16408,1567,1282
7758,8720,16409,11128,16409,1567,1282
7759,8720,16410,11128,16410,1567,1282
7758,8720,16411,11128,16411,1567,1282
7759,8720,16412,11128,16412,1567,1282
7760,8720,16413,11128,16413,1567,1282
7761,8720,16414,11128,16414,1567,1282
7762,8720,16415,11128,16415,1567,1282
7763,8720,16416,11128,16416,1567,1282
7764,8720,16417,11128,16417,1567,1282
7759,8720,16418,11128,16418,1567,1282
7760,8720,16419,11128,16419,1567,1282
7760,8720,16420,11128,16420,1567,1282
7758,8720,16421,11128,16421,1567,1282
7759,8720,16422,11128,16422,1567,1282
7760,8720,16423,11128,16423,1567,1282
7758,8720,16424,11128,16424,1567,1282
7759,8720,16425,11128,16425,1567,1282
7760,8720,16426,11128,16426,1567,1282
7759,8720,16427,11128,16427,1567,1282
7758,8720,16428,11128,16428,1567,1282
7758,8720,16429,11128,16429,1567,1282
7752,8720,16430,11128,16430,1567,1282
7747,8720,16431,11128,16431,1567,1281
7748,8720,16432,11128,16432,1567,1281
7748,8720,16433,11128,16433,1567,1281
7749,8720,16434,11128,16434,1567,1281
7749,8720,16435,11128,16435,1567,1281
7750,8720,16436,11128,16436,1567,1281
7750,8720,16437,11128,16437,1567,1281
7748,8720,16438,11128,16438,1567,1281
7745,8720,16439,11128,16439,1567,1281
7746,8720,16440,11128,16440,1567,1281
7746,8720,16441,11128,16441,1567,1281
7747,8720,16442,11128,16442,1567,1281
7748,8720,16443,11128,16443,1567,1281
7749,8720,16444,11128,16444,1567,1281
7749,8720,16445,11128,16445,1567,1281
7750,8720,16446,11128,16446,1567,1281
7751,8720,16447,11128,16447,1567,1281
7752,8720,16448,11128,16448,1567,1281
7752,8720,16449,11128,16449,1567,1281
7753,8720,16450,11128,16450,1567,1281
7754,8720,16451,11128,16451,1567,1281
7755,8720,16452,11128,16452,1567,1281
7756,8720,16453,11128,16453,1567,1281
7757,8720,16454,11128,16454,1567,1281
7757,8720,16455,11128,16455,1567,1281
7758,8720,16456,11128,16456,1567,1281
7756,8720,16457,11128,16457,1567,1281
7757,8720,16458,11128,16458,1567,1281
7758,8720,16459,11128,16459,1567,1281
7757,8720,16460,11128,16460,1567,1281
7758,8720,16461,11128,16461,1567,1281
7759,8720,16462,11128,16462,1567,1281
7760,8720,16463,11128,16463,1567,1281
7761,8720,16464,11128,16464,1567,1281
7756,8720,16465,11128,16465,1567,1281
7754,8720,16466,11128,16466,1567,1281
7755,8720,16467,11128,16467,1567,1281
7756,8720,16468,11128,16468,1567,1281
7754,8720,16469,11128,16469,1567,1281
7755,8720,16470,11128,16470,1567,1281
7756,8720,16471,11128,16471,1567,1281
7756,8720,16472,11128,16472,1567,1281
7757,8720,16473,11128,16473,1567,1281
7755,8720,16474,11128,16474,1567,1281
7756,8720,16475,11128,16475,1567,1281
7750,8720,16476,11128,16476,1567,1281
7748,8720,16477,11128,16477,1567,1281
7749,8720,16478,11128,16478,1567,1281
7746,8720,16479,11128,16479,1567,1281
7744,8720,16480,11128,16480,1567,1281
7744,8720,16481,11128,16481,1567,1281
7745,8720,16482,11128,16482,1567,1281
7746,8720,16483,11128,16483,1567,1281
7745,8720,16484,11128,16484,1567,1281
7745,8720,16485,11128,16485,1567,1281
7744,8720,16486,11128,16486,1567,1281
7744,8720,16487,11128,16487,1567,1281
7744,8720,16488,11128,16488,1567,1281
7744,8720,16489,11128,16489,1567,1281
7741,8720,16490,11128,16490,1567,1281
7742,8720,16491,11128,16491,1567,1281
7743,8720,16492,11128,16492,1567,1281
7744,8720,16493,11128,16493,1567,1281
7744,8720,16494,11128,16494,1567,1281
7745,8720,16495,11128,16495,1567,1281
7746,8720,16496,11128,16496,1567,1281
7743,8720,16497,11128,16497,1567,1281
7743,8720,16498,11128,16498,1567,1281
7744,8720,16499,11128,16499,1567,1281
7742,8720,16500,11128,16500,1567,1281
7740,8720,16501,11128,16501,1567,1281
7741,8720,16502,11128,16502,1567,1281
7742,8720,16503,11128,16503,1567,1281
7740,8720,16504,11128,16504,1567,1281
7741,8720,16505,11128,16505,1567,1281
7742,8720,16506,11128,16506,1567,1281
7741,8720,16507,11128,16507,1567,1281
7742,8720,16508,11128,16508,1567,1281
7742,8720,16509,11128,16509,1567,1281
7742,8720,16510,11128,16510,1567,1281
7740,8720,16511,11128,16511,1567,1281
7741,8720,16512,11128,16512,1567,1281
7742,8720,16513,11128,16513,1567,1281
7740,8720,16514,11128,16514,1567,1281
7741,8720,16515,11128,16515,1567,1281
7742,8720,16516,11128,16516,1567,1281
7743,8720,16517,11128,16517,1567,1281
7743,8720,16518,11128,16518,1567,1281
7744,8720,16519,11128,16519,1567,1281
7744,8720,16520,11128,16520,1567,1281
7745,8720,16521,11128,16521,1567,1281
7745,8720,16522,11128,16522,1567,1281
7746,8720,16523,11128,16523,1567,1281
7747,8720,16524,11128,16524,1567,1281
7746,8720,16525,11128,16525,1567,1281
7747,8720,16526,11128,16526,1567,1281
7748,8720,16527,11128,16527,1567,1281
7749,8720,16528,11128,16528,1567,1281
7747,8720,16529,11128,16529,1567,1281
7748,8720,16530,11128,16530,1567,1281
7749,8720,16531,11128,16531,1567,1281
7750,8720,16532,11128,16532,1567,1281
7751,8720,16533,11128,16533,1567,1281
7752,8720,16534,11128,16534,1567,1281
7751,8720,16535,11128,16535,1567,1281
7751,8720,16536,11128,16536,1567,1281
7750,8720,16537,11128,16537,1567,1281
7750,8720,16538,11128,16538,1567,1281
7751,8720,16539,11128,16539,1567,1281
7751,8720,16540,11128,16540,1567,1281
7752,8720,16541,11128,16541,1567,1281
7749,8720,16542,11128,16542,1567,1281
7750,8720,16543,11128,16543,1567,1281
7751,8720,16544,11128,16544,1567,1281
7751,8720,16545,11128,16545,1567,1281
7752,8720,16546,11128,16546,1567,1281
7750,8720,16547,11128,16547,1567,1280
7751,8720,16548,11128,16548,1567,1280
7749,8720,16549,11128,16549,1567,1280
7748,8720,16550,11128,16550,1567,1280
7749,8720,16551,11128,16551,1567,1280
7750,8720,16552,11128,16552,1567,1280
7750,8720,16553,11128,16553,1567,1280
7745,8720,16554,11128,16554,1567,1280
7746,8720,16555,11128,16555,1567,1280
7747,8720,16556,11128,16556,1567,1280
7748,8720,16557,11128,16557,1567,1280
7749,8720,16558,11128,16558,1567,1280
7745,8720,16559,11128,16559,1567,1280
7746,8720,16560,11128,16560,1567,1280
7746,8720,16561,11128,16561,1567,1280
7745,8720,16562,11128,16562,1567,1280
7744,8720,16563,11128,16563,1567,1280
7745,8720,16564,11128,16564,1567,1280
7742,8720,16565,11128,16565,1567,1280
7743,8720,16566,11128,16566,1567,1280
7743,8720,16567,11128,16567,1567,1280
7742,8720,16568,11128,16568,1567,1280
7738,8720,16569,11128,16569,1567,1280
7737,8720,16570,11128,16570,1567,1280
7738,8720,16571,11128,16571,1567,1280
7734,8720,16572,11128,16572,1567,1280
7735,8720,16573,11128,16573,1567,1280
7736,8720,16574,11128,16574,1567,1280
7737,8720,16575,11128,16575,1567,1280
7738,8720,16576,11128,16576,1567,1280
7739,8720,16577,11128,16577,1567,1280
7734,8720,16578,11128,16578,1567,1280
7734,8720,16579,11128,16579,1567,1280
7735,8720,16580,11128,16580,1567,1280
7736,8720,16581,11128,16581,1567,1280
7733,8720,16582,11128,16582,1567,1280
7729,8720,16583,11128,16583,1567,1280
7730,8720,16584,11128,16584,1567,1280
7731,8720,16585,11128,16585,1567,1280
7732,8720,16586,11128,16586,1567,1280
7733,8720,16587,11128,16587,1567,1280
7727,8720,16588,11128,16588,1567,1280
7728,8720,16589,11128,16589,1567,1280
7729,8720,16590,11128,16590,1567,1280
7730,8720,16591,11128,16591,1567,1280
7729,8720,16592,11128,16592,1567,1280
7730,8720,16593,11128,16593,1567,1280
7729,8720,16594,11128,16594,1567,1280
7730,8720,16595,11128,16595,1567,1280
7731,8720,16596,11128,16596,1567,1280
7732,8720,16597,11128,16597,1567,1280
7733,8720,16598,11128,16598,1567,1280
7734,8720,16599,11128,16599,1567,1280
7735,8720,16600,11128,16600,1567,1280
7736,8720,16601,11128,16601,1567,1280
7737,8720,16602,11128,16602,1567,1280
7738,8720,16603,11128,16603,1567,1280
7738,8720,16604,11128,16604,1567,1280
7739,8720,16605,11128,16605,1567,1280
7738,8720,16606,11128,16606,1567,1280
7739,8720,16607,11128,16607,1567,1280
7739,8720,16608,11128,16608,1567,1280
7739,8720,16609,11128,16609,1567,1280
7738,8720,16610,11128,16610,1567,1280
7734,8720,16611,11128,16611,1567,1280
7735,8720,16612,11128,16612,1567,1280
7732,8720,16613,11128,16613,1567,1279
7733,8720,16614,11128,16614,1567,1279
7734,8720,16615,11128,16615,1567,1279
7735,8720,16616,11128,16616,1567,1279
7735,8720,16617,11128,16617,1567,1279
7736,8720,16618,11128,16618,1567,1279
7737,8720,16619,11128,16619,1567,1279
7738,8720,16620,11128,16620,1567,1279
7739,8720,16621,11128,16621,1567,1279
7735,8720,16622,11128,16622,1567,1278
7735,8720,16623,11128,16623,1567,1278
7734,8720,16624,11128,16624,1567,1278
7734,8720,16625,11128,16625,1567,1278
7735,8720,16626,11128,16626,1567,1278
7736,8720,16627,11128,16627,1567,1278
7737,8720,16628,11128,16628,1567,1278
7736,8720,16629,11128,16629,1567,1278
7737,8720,16630,11128,16630,1567,1278
7738,8720,16631,11128,16631,1567,1278
7737,8720,16632,11128,16632,1567,1278
7738,8720,16633,11128,16633,1567,1278
7739,8720,16634,11128,16634,1567,1278
7736,8720,16635,11128,16635,1567,1278
7737,8720,16636,11128,16636,1567,1278
7738,8720,16637,11128,16637,1567,1278
7738,8720,16638,11128,16638,1567,1278
7734,8720,16639,11128,16639,1567,1277
7735,8720,16640,11128,16640,1567,1277
7736,8720,16641,11128,16641,1567,1277
7737,8720,16642,11128,16642,1567,1277
7738,8720,16643,11128,16643,1567,1277
7739,8720,16644,11128,16644,1567,1277
7739,8720,16645,11128,16645,1567,1277
7740,8720,16646,11128,16646,1567,1277
7740,8720,16647,11128,16647,1567,1277
7740,8720,16648,11128,16648,1567,1277
7736,8720,16649,11128,16649,1567,1277
7737,8720,16650,11128,16650,1567,1277
7735,8720,16651,11128,16651,1567,1277
7736,8720,16652,11128,16652,1567,1277
7737,8720,16653,11128,16653,1567,1277
7738,8720,16654,11128,16654,1567,1277
7733,8720,16655,11128,16655,1567,1276
7731,8720,16656,11128,16656,1567,1276
7732,8720,16657,11128,16657,1567,1276
7733,8720,16658,11128,16658,1567,1276
7734,8720,16659,11128,16659,1567,1276
7732,8720,16660,11128,16660,1567,1275
7730,8720,16661,11128,16661,1567,1275
7731,8720,16662,11128,16662,1567,1275
7732,8720,16663,11128,16663,1567,1275
7733,8720,16664,11128,16664,1567,1275
7734,8720,16665,11128,16665,1567,1275
7731,8720,16666,11128,16666,1567,1275
7732,8720,16667,11128,16667,1567,1275
7732,8720,16668,11128,16668,1567,1275
7733,8720,16669,11128,16669,1567,1275
7734,8720,16670,11128,16670,1567,1275
7735,8720,16671,11128,16671,1567,1275
7736,8720,16672,11128,16672,1567,1275
7737,8720,16673,11128,16673,1567,1275
7738,8720,16674,11128,16674,1567,1275
7736,8720,16675,11128,16675,1567,1275
7736,8720,16676,11128,16676,1567,1275
7737,8720,16677,11128,16677,1567,1275
7734,8720,16678,11128,16678,1567,1275
7732,8720,16679,11128,16679,1567,1275
7732,8720,16680,11128,16680,1567,1275
7730,8720,16681,11128,16681,1567,1275
7728,8720,16682,11128,16682,1567,1275
7728,8720,16683,11128,16683,1567,1275
7729,8720,16684,11128,16684,1567,1275
7722,8720,16685,11128,16685,1567,1274
7723,8720,16686,11128,16686,1567,1274
7724,8720,16687,11128,16687,1567,1274
7724,8720,16688,11128,16688,1567,1274
7725,8720,16689,11128,16689,1567,1274
7726,8720,16690,11128,16690,1567,1274
7724,8720,16691,11128,16691,1567,1274
7725,8720,16692,11128,16692,1567,1274
7725,8720,16693,11128,16693,1567,1274
7724,8720,16694,11128,16694,1567,1274
7723,8720,16695,11128,16695,1567,1274
7724,8720,16696,11128,16696,1567,1274
7725,8720,16697,11128,16697,1567,1274
7724,8720,16698,11128,16698,1567,1274
7724,8720,16699,11128,16699,1567,1274
7722,8720,16700,11128,16700,1567,1274
7722,8720,16701,11128,16701,1567,1274
7720,8720,16702,11128,16702,1567,1274
7717,8720,16703,11128,16703,1567,1274
7714,8720,16704,11128,16704,1567,1274
7710,8720,16705,11128,16705,1567,1274
7711,8720,16706,11128,16706,1567,1274
7712,8720,16707,11128,16707,1567,1274
7713,8720,16708,11128,16708,1567,1274
7713,8720,16709,11128,16709,1567,1274
7713,8720,16710,11128,16710,1567,1274
7711,8720,16711,11128,16711,1567,1273
7710,8720,16712,11128,16712,1567,1273
7710,8720,16713,11128,16713,1567,1273
7711,8720,16714,11128,16714,1567,1273
7712,8720,16715,11128,16715,1567,1273
7709,8720,16716,11128,16716,1567,1273
7705,8720,16717,11128,16717,1567,1273
7702,8720,16718,11128,16718,1567,1273
7703,8720,16719,11128,16719,1567,1273
7704,8720,16720,11128,16720,1567,1273
7704,8720,16721,11128,16721,1567,1273
7705,8720,16722,11128,16722,1567,1273
7706,8720,16723,11128,16723,1567,1273
7704,8720,16724,11128,16724,1567,1273
7705,8720,16725,11128,16725,1567,1273
7703,8720,16726,11128,16726,1567,1273
7700,8720,16727,11128,16727,1567,1272
7698,8720,16728,11128,16728,1567,1272
7699,8720,16729,11128,16729,1567,1272
7699,8720,16730,11128,16730,1567,1272
7696,8720,16731,11128,16731,1567,1272
7695,8720,16732,11128,16732,1567,1272
7695,8720,16733,11128,16733,1567,1272
7693,8720,16734,11128,16734,1567,1271
7688,8720,16735,11128,16735,1567,1271
7686,8720,16736,11128,16736,1567,1271
7687,8720,16737,11128,16737,1567,1271
7688,8720,16738,11128,16738,1567,1271
7688,8720,16739,11128,16739,1567,1271
7689,8720,16740,11128,16740,1567,1271
7690,8720,16741,11128,16741,1567,1271
7691,8720,16742,11128,16742,1567,1271
7690,8720,16743,11128,16743,1567,1271
7691,8720,16744,11128,16744,1567,1271
7692,8720,16745,11128,16745,1567,1271
7693,8720,16746,11128,16746,1567,1271
7693,8720,16747,11128,16747,1567,1271
7692,8720,16748,11128,16748,1567,1271
7689,8720,16749,11128,16749,1567,1271
7690,8720,16750,11128,16750,1567,1271
7689,8720,16751,11128,16751,1567,1271
7688,8720,16752,11128,16752,1567,1271
7686,8720,16753,11128,16753,1567,1271
7687,8720,16754,11128,16754,1567,1271
7683,8720,16755,11128,16755,1567,1270
7683,8720,16756,11128,16756,1567,1270
7681,8720,16757,11128,16757,1567,1270
7682,8720,16758,11128,16758,1567,1270
7683,8720,16759,11128,16759,1567,1270
7684,8720,16760,11128,16760,1567,1270
7684,8720,16761,11128,16761,1567,1270
7685,8720,16762,11128,16762,1567,1270
7686,8720,16763,11128,16763,1567,1270
7687,8720,16764,11128,16764,1567,1270
7687,8720,16765,11128,16765,1567,1270
7687,8720,16766,11128,16766,1567,1270
7688,8720,16767,11128,16767,1567,1270
7689,8720,16768,11128,16768,1567,1270
7690,8720,16769,11128,16769,1567,1270
7691,8720,16770,11128,16770,1567,1270
7691,8720,16771,11128,16771,1567,1270
7692,8720,16772,11128,16772,1567,1270
7692,8720,16773,11128,16773,1567,1270
7693,8720,16774,11128,16774,1567,1270
7694,8720,16775,11128,16775,1567,1270
7695,8720,16776,11128,16776,1567,1270
7693,8720,16777,11128,16777,1567,1270
7694,8720,16778,11128,16778,1567,1270
7694,8720,16779,11128,16779,1567,1270
7695,8720,16780,11128,16780,1567,1270
7693,8720,16781,11128,16781,1567,1270
7694,8720,16782,11128,16782,1567,1270
7691,8720,16783,11128,16783,1567,1270
7692,8720,16784,11128,16784,1567,1270
7693,8720,16785,11128,16785,1567,1270
7693,8720,16786,11128,16786,1567,1270
7694,8720,16787,11128,16787,1567,1270
7694,8720,16788,11128,16788,1567,1270
7695,8720,16789,11128,16789,1567,1270
7694,8720,16790,11128,16790,1567,1270
7691,8720,16791,11128,16791,1567,1270
7692,8720,16792,11128,16792,1567,1270
7693,8720,16793,11128,16793,1567,1270
7694,8720,16794,11128,16794,1567,1270
7695,8720,16795,11128,16795,1567,1270
7695,8720,16796,11128,16796,1567,1270
7695,8720,16797,11128,16797,1567,1270
7696,8720,16798,11128,16798,1567,1270
7695,8720,16799,11128,16799,1567,1270
7694,8720,16800,11128,16800,1567,1270
7694,8720,16801,11128,16801,1567,1270
7691,8720,16802,11128,16802,1567,1270
7688,8720,16803,11128,16803,1567,1270
7688,8720,16804,11128,16804,1567,1270
7685,8720,16805,11128,16805,1567,1269
7683,8720,16806,11128,16806,1567,1269
7683,8720,16807,11128,16807,1567,1269
7684,8720,16808,11128,16808,1567,1269
7685,8720,16809,11128,16809,1567,1269
7686,8720,16810,11128,16810,1567,1269
7687,8720,16811,11128,16811,1567,1269
7688,8720,16812,11128,16812,1567,1269
7689,8720,16813,11128,16813,1567,1269
7685,8720,16814,11128,16814,1567,1267
7684,8720,16815,11128,16815,1567,1267
7679,8720,16816,11128,16816,1567,1267
7680,8720,16817,11128,16817,1567,1267
7676,8720,16818,11128,16818,1567,1267
7677,8720,16819,11128,16819,1567,1267
7671,8720,16820,11128,16820,1567,1266
7668,8720,16821,11128,16821,1567,1265
7663,8720,16822,11128,16822,1567,1264
7664,8720,16823,11128,16823,1567,1264
7665,8720,16824,11128,16824,1567,1264
7663,8720,16825,11128,16825,1567,1264
7662,8720,16826,11128,16826,1567,1264
7663,8720,16827,11128,16827,1567,1264
7660,8720,16828,11128,16828,1567,1264
7660,8720,16829,11128,16829,1567,1264
7654,8720,16830,11128,16830,1567,1264
7654,8720,16831,11128,16831,1567,1264
7654,8720,16832,11128,16832,1567,1264
7649,8720,16833,11128,16833,1567,1264
7650,8720,16834,11128,16834,1567,1264
7649,8720,16835,11128,16835,1567,1264
7646,8720,16836,11128,16836,1567,1264
7646,8720,16837,11128,16837,1567,1264
7647,8720,16838,11128,16838,1567,1264
7648,8720,16839,11128,16839,1567,1264
7649,8720,16840,11128,16840,1567,1264
7648,8720,16841,11128,16841,1567,1264
7649,8720,16842,11128,16842,1567,1264
7650,8720,16843,11128,16843,1567,1264
7647,8720,16844,11128,16844,1567,1263
7647,8720,16845,11128,16845,1567,1263
7645,8720,16846,11128,16846,1567,1263
7645,8720,16847,11128,16847,1567,1263
7643,8720,16848,11128,16848,1567,1262
7638,8720,16849,11128,16849,1567,1260
7637,8720,16850,11128,16850,1567,1260
7630,8720,16851,11128,16851,1567,1260
7631,8720,16852,11128,16852,1567,1260
7631,8720,16853,11128,16853,1567,1260
7626,8720,16854,11128,16854,1567,1260
7627,8720,16855,11128,16855,1567,1260
7628,8720,16856,11128,16856,1567,1260
7629,8720,16857,11128,16857,1567,1260
7629,8720,16858,11128,16858,1567,1260
7630,8720,16859,11128,16859,1567,1260
7631,8720,16860,11128,16860,1567,1260
7630,8720,16861,11128,16861,1567,1260
7630,8720,16862,11128,16862,1567,1260
7631,8720,16863,11128,16863,1567,1260
7632,8720,16864,11128,16864,1567,1260
7630,8720,16865,11128,16865,1567,1259
7631,8720,16866,11128,16866,1567,1259
7631,8720,16867,11128,16867,1567,1259
7628,8720,16868,11128,16868,1567,1259
7624,8720,16869,11128,16869,1567,1259
7625,8720,16870,11128,16870,1567,1259
7626,8720,16871,11128,16871,1567,1259
7626,8720,16872,11128,16872,1567,1259
7626,8720,16873,11128,16873,1567,1259
7624,8720,16874,11128,16874,1567,1259
7625,8720,16875,11128,16875,1567,1259
7622,8720,16876,11128,16876,1567,1259
7623,8720,16877,11128,16877,1567,1259
7617,8720,16878,11128,16878,1567,1258
7616,8720,16879,11128,16879,1567,1258
7617,8720,16880,11128,16880,1567,1258
7618,8720,16881,11128,16881,1567,1258
7619,8720,16882,11128,16882,1567,1258
7619,8720,16883,11128,16883,1567,1258
7617,8720,16884,11128,16884,1567,1258
7617,8720,16885,11128,16885,1567,1258
7617,8720,16886,11128,16886,1567,1258
7618,8720,16887,11128,16887,1567,1258
7619,8720,16888,11128,16888,1567,1258
7615,8720,16889,11128,16889,1567,1257
7613,8720,16890,11128,16890,1567,1257
7614,8720,16891,11128,16891,1567,1257
7612,8720,16892,11128,16892,1567,1257
7613,8720,16893,11128,16893,1567,1257
7609,8720,16894,11128,16894,1567,1257
7610,8720,16895,11128,16895,1567,1257
7610,8720,16896,11128,16896,1567,1257
7611,8720,16897,11128,16897,1567,1257
7607,8720,16898,11128,16898,1567,1257
7608,8720,16899,11128,16899,1567,1257
7609,8720,16900,11128,16900,1567,1257
7608,8720,16901,11128,16901,1567,1257
7609,8720,16902,11128,16902,1567,1257
7610,8720,16903,11128,16903,1567,1257
7611,8720,16904,11128,16904,1567,1257
7609,8720,16905,11128,16905,1567,1257
7610,8720,16906,11128,16906,1567,1257
7611,8720,16907,11128,16907,1567,1257
7611,8720,16908,11128,16908,1567,1257
7611,8720,16909,11128,16909,1567,1257
7611,8720,16910,11128,16910,1567,1257
7612,8720,16911,11128,16911,1567,1257
7609,8720,16912,11128,16912,1567,1257
7607,8720,16913,11128,16913,1567,1257
7601,8720,16914,11128,16914,1567,1256
7597,8720,16915,11128,16915,1567,1255
7592,8720,16916,11128,16916,1567,1254
7590,8720,16917,11128,16917,1567,1254
7587,8720,16918,11128,16918,1567,1254
7588,8720,16919,11128,16919,1567,1254
7586,8720,16920,11128,16920,1567,1254
7587,8720,16921,11128,16921,1567,1254
7587,8720,16922,11128,16922,1567,1254
7588,8720,16923,11128,16923,1567,1254
7589,8720,16924,11128,16924,1567,1254
7590,8720,16925,11128,16925,1567,1254
7591,8720,16926,11128,16926,1567,1254
7592,8720,16927,11128,16927,1567,1254
7593,8720,16928,11128,16928,1567,1254
7594,8720,16929,11128,16929,1567,1254
7593,8720,16930,11128,16930,1567,1254
7588,8720,16931,11128,16931,1567,1254
7588,8720,16932,11128,16932,1567,1254
7588,8720,16933,11128,16933,1567,1254
7589,8720,16934,11128,16934,1567,1254
7588,8720,16935,11128,16935,1567,1254
7585,8720,16936,11128,16936,1567,1253
7586,8720,16937,11128,16937,1567,1253
7586,8720,16938,11128,16938,1567,1253
7581,8720,16939,11128,16939,1567,1252
7580,8720,16940,11128,16940,1567,1252
7581,8720,16941,11128,16941,1567,1252
7582,8720,16942,11128,16942,1567,1252
7581,8720,16943,11128,16943,1567,1252
7581,8720,16944,11128,16944,1567,1252
7577,8720,16945,11128,16945,1567,1252
7578,8720,16946,11128,16946,1567,1252
7573,8720,16947,11128,16947,1567,1250
7574,8720,16948,11128,16948,1567,1250
7574,8720,16949,11128,16949,1567,1250
7572,8720,16950,11128,16950,1567,1250
7572,8720,16951,11128,16951,1567,1250
7573,8720,16952,11128,16952,1567,1250
7572,8720,16953,11128,16953,1567,1250
7573,8720,16954,11128,16954,1567,1250
7572,8720,16955,11128,16955,1567,1250
7573,8720,16956,11128,16956,1567,1250
7573,8720,16957,11128,16957,1567,1250
7572,8720,16958,11128,16958,1567,1250
7572,8720,16959,11128,16959,1567,1250
7573,8720,16960,11128,16960,1567,1250
7574,8720,16961,11128,16961,1567,1250
7571,8720,16962,11128,16962,1567,1250
7571,8720,16963,11128,16963,1567,1250
7572,8720,16964,11128,16964,1567,1250
7571,8720,16965,11128,16965,1567,1250
7569,8720,16966,11128,16966,1567,1249
7570,8720,16967,11128,16967,1567,1249
7571,8720,16968,11128,16968,1567,1249
7572,8720,16969,11128,16969,1567,1249
7573,8720,16970,11128,16970,1567,1249
7574,8720,16971,11128,16971,1567,1249
7574,8720,16972,11128,16972,1567,1249
7575,8720,16973,11128,16973,1567,1249
7572,8720,16974,11128,16974,1567,1249
7573,8720,16975,11128,16975,1567,1249
7574,8720,16976,11128,16976,1567,1249
7575,8720,16977,11128,16977,1567,1249
7576,8720,16978,11128,16978,1567,1249
7577,8720,16979,11128,16979,1567,1249
7572,8720,16980,11128,16980,1567,1249
7573,8720,16981,11128,16981,1567,1249
7571,8720,16982,11128,16982,1567,1248
7571,8720,16983,11128,16983,1567,1248
7567,8720,16984,11128,16984,1567,1247
7564,8720,16985,11128,16985,1567,1247
7565,8720,16986,11128,16986,1567,1247
7565,8720,16987,11128,16987,1567,1247
7566,8720,16988,11128,16988,1567,1247
7567,8720,16989,11128,16989,1567,1247
7568,8720,16990,11128,16990,1567,1247
7569,8720,16991,11128,16991,1567,1247
7569,8720,16992,11128,16992,1567,1247
7565,8720,16993,11128,16993,1567,1247
7566,8720,16994,11128,16994,1567,1247
7567,8720,16995,11128,16995,1567,1247
7568,8720,16996,11128,16996,1567,1247
7567,8720,16997,11128,16997,1567,1247
7568,8720,16998,11128,16998,1567,1247
7569,8720,16999,11128,16999,1567,1247
7570,8720,17000,11128,17000,1567,1247
7568,8720,17001,11128,17001,1567,1246
7568,8720,17002,11128,17002,1567,1246
7566,8720,17003,11128,17003,1567,1246
7564,8720,17004,11128,17004,1567,1246
7565,8720,17005,11128,17005,1567,1246
7566,8720,17006,11128,17006,1567,1246
7565,8720,17007,11128,17007,1567,1246
7566,8720,17008,11128,17008,1567,1246
7564,8720,17009,11128,17009,1567,1246
7565,8720,17010,11128,17010,1567,1246
7565,8720,17011,11128,17011,1567,1246
7566,8720,17012,11128,17012,1567,1246
7567,8720,17013,11128,17013,1567,1246
7568,8720,17014,11128,17014,1567,1246
7567,8720,17015,11128,17015,1567,1246
7567,8720,17016,11128,17016,1567,1246
7565,8720,17017,11128,17017,1567,1246
7565,8720,17018,11128,17018,1567,1246
7566,8720,17019,11128,17019,1567,1246
7567,8720,17020,11128,17020,1567,1246
7567,8720,17021,11128,17021,1567,1246
7568,8720,17022,11128,17022,1567,1246
7569,8720,17023,11128,17023,1567,1246
7564,8720,17024,11128,17024,1567,1244
7565,8720,17025,11128,17025,1567,1244
7566,8720,17026,11128,17026,1567,1244
7561,8720,17027,11128,17027,1567,1244
7562,8720,17028,11128,17028,1567,1244
7562,8720,17029,11128,17029,1567,1244
7563,8720,17030,11128,17030,1567,1244
7561,8720,17031,11128,17031,1567,1244
7557,8720,17032,11128,17032,1567,1244
7558,8720,17033,11128,17033,1567,1244
7559,8720,17034,11128,17034,1567,1244
7560,8720,17035,11128,17035,1567,1244
7559,8720,17036,11128,17036,1567,1244
7556,8720,17037,11128,17037,1567,1244
7556,8720,17038,11128,17038,1567,1244
7557,8720,17039,11128,17039,1567,1244
7556,8720,17040,11128,17040,1567,1244
7554,8720,17041,11128,17041,1567,1244
7555,8720,17042,11128,17042,1567,1244
7556,8720,17043,11128,17043,1567,1244
7555,8720,17044,11128,17044,1567,1244
7552,8720,17045,11128,17045,1567,1244
7553,8720,17046,11128,17046,1567,1244
7553,8720,17047,11128,17047,1567,1244
7554,8720,17048,11128,17048,1567,1244
7555,8720,17049,11128,17049,1567,1244
7556,8720,17050,11128,17050,1567,1244
7554,8720,17051,11128,17051,1567,1243
7553,8720,17052,11128,17052,1567,1243
7548,8720,17053,11128,17053,1567,1243
7547,8720,17054,11128,17054,1567,1243
7548,8720,17055,11128,17055,1567,1243
7548,8720,17056,11128,17056,1567,1243
7549,8720,17057,11128,17057,1567,1243
7550,8720,17058,11128,17058,1567,1243
7551,8720,17059,11128,17059,1567,1243
7552,8720,17060,11128,17060,1567,1243
7552,8720,17061,11128,17061,1567,1243
7548,8720,17062,11128,17062,1567,1242
7549,8720,17063,11128,17063,1567,1242
7550,8720,17064,11128,17064,1567,1242
7550,8720,17065,11128,17065,1567,1242
7551,8720,17066,11128,17066,1567,1242
7552,8720,17067,11128,17067,1567,1242
7553,8720,17068,11128,17068,1567,1242
7553,8720,17069,11128,17069,1567,1242
7554,8720,17070,11128,17070,1567,1242
7555,8720,17071,11128,17071,1567,1242
7555,8720,17072,11128,17072,1567,1242
7554,8720,17073,11128,17073,1567,1242
7555,8720,17074,11128,17074,1567,1242
7556,8720,17075,11128,17075,1567,1242
7557,8720,17076,11128,17076,1567,1242
7558,8720,17077,11128,17077,1567,1242
7559,8720,17078,11128,17078,1567,1242
7558,8720,17079,11128,17079,1567,1242
7559,8720,17080,11128,17080,1567,1242
7558,8720,17081,11128,17081,1567,1242
7557,8720,17082,11128,17082,1567,1242
7558,8720,17083,11128,17083,1567,1242
7559,8720,17084,11128,17084,1567,1242
7559,8720,17085,11128,17085,1567,1242
7554,8720,17086,11128,17086,1567,1240
7549,8720,17087,11128,17087,1567,1240
7550,8720,17088,11128,17088,1567,1240
7551,8720,17089,11128,17089,1567,1240
7552,8720,17090,11128,17090,1567,1240
7553,8720,17091,11128,17091,1567,1240
7554,8720,17092,11128,17092,1567,1240
7551,8720,17093,11128,17093,1567,1240
7551,8720,17094,11128,17094,1567,1240
7549,8720,17095,11128,17095,1567,1240
7550,8720,17096,11128,17096,1567,1240
7549,8720,17097,11128,17097,1567,1240
7549,8720,17098,11128,17098,1567,1240
7545,8720,17099,11128,17099,1567,1239
7541,8720,17100,11128,17100,1567,1238
7542,8720,17101,11128,17101,1567,1238
7541,8720,17102,11128,17102,1567,1238
7541,8720,17103,11128,17103,1567,1238
7542,8720,17104,11128,17104,1567,1238
7543,8720,17105,11128,17105,1567,1238
7543,8720,17106,11128,17106,1567,1238
7544,8720,17107,11128,17107,1567,1238
7545,8720,17108,11128,17108,1567,1238
7544,8720,17109,11128,17109,1567,1237
7545,8720,17110,11128,17110,1567,1237
7542,8720,17111,11128,17111,1567,1237
7543,8720,17112,11128,17112,1567,1237
7543,8720,17113,11128,17113,1567,1237
7541,8720,17114,11128,17114,1567,1237
7542,8720,17115,11128,17115,1567,1237
7540,8720,17116,11128,17116,1567,1236
7540,8720,17117,11128,17117,1567,1236
7541,8720,17118,11128,17118,1567,1236
7542,8720,17119,11128,17119,1567,1236
7538,8720,17120,11128,17120,1567,1236
7539,8720,17121,11128,17121,1567,1236
7539,8720,17122,11128,17122,1567,1236
7540,8720,17123,11128,17123,1567,1236
7541,8720,17124,11128,17124,1567,1236
7542,8720,17125,11128,17125,1567,1236
7543,8720,17126,11128,17126,1567,1236
7544,8720,17127,11128,17127,1567,1236
7544,8720,17128,11128,17128,1567,1236
7545,8720,17129,11128,17129,1567,1236
7546,8720,17130,11128,17130,1567,1236
7546,8720,17131,11128,17131,1567,1236
7546,8720,17132,11128,17132,1567,1236
7542,8720,17133,11128,17133,1567,1236
7540,8720,17134,11128,17134,1567,1236
7537,8720,17135,11128,17135,1567,1236
7534,8720,17136,11128,17136,1567,1236
7533,8720,17137,11128,17137,1567,1236
7534,8720,17138,11128,17138,1567,1236
7535,8720,17139,11128,17139,1567,1236
7535,8720,17140,11128,17140,1567,1236
7534,8720,17141,11128,17141,1567,1236
7535,8720,17142,11128,17142,1567,1236
7536,8720,17143,11128,17143,1567,1236
7535,8720,17144,11128,17144,1567,1236
7535,8720,17145,11128,17145,1567,1236
7536,8720,17146,11128,17146,1567,1236
7537,8720,17147,11128,17147,1567,1236
7538,8720,17148,11128,17148,1567,1236
7538,8720,17149,11128,17149,1567,1236
7538,8720,17150,11128,17150,1567,1236
7539,8720,17151,11128,17151,1567,1236
7540,8720,17152,11128,17152,1567,1236
7538,8720,17153,11128,17153,1567,1235
7537,8720,17154,11128,17154,1567,1235
7538,8720,17155,11128,17155,1567,1235
7539,8720,17156,11128,17156,1567,1235
7540,8720,17157,11128,17157,1567,1235
7538,8720,17158,11128,17158,1567,1235
7539,8720,17159,11128,17159,1567,1235
7540,8720,17160,11128,17160,1567,1235
7541,8720,17161,11128,17161,1567,1235
7542,8720,17162,11128,17162,1567,1235
7542,8720,17163,11128,17163,1567,1235
7543,8720,17164,11128,17164,1567,1235
7544,8720,17165,11128,17165,1567,1235
7543,8720,17166,11128,17166,1567,1235
7543,8720,17167,11128,17167,1567,1235
7543,8720,17168,11128,17168,1567,1235
7543,8720,17169,11128,17169,1567,1235
7544,8720,17170,11128,17170,1567,1235
7544,8720,17171,11128,17171,1567,1235
7545,8720,17172,11128,17172,1567,1235
7544,8720,17173,11128,17173,1567,1235
7545,8720,17174,11128,17174,1567,1235
7545,8720,17175,11128,17175,1567,1235
7537,8720,17176,11128,17176,1567,1234
7537,8720,17177,11128,17177,1567,1234
7537,8720,17178,11128,17178,1567,1234
7538,8720,17179,11128,17179,1567,1234
7539,8720,17180,11128,17180,1567,1234
7540,8720,17181,11128,17181,1567,1234
7541,8720,17182,11128,17182,1567,1234
7542,8720,17183,11128,17183,1567,1234
7542,8720,17184,11128,17184,1567,1234
7543,8720,17185,11128,17185,1567,1234
7543,8720,17186,11128,17186,1567,1234
7544,8720,17187,11128,17187,1567,1234
7545,8720,17188,11128,17188,1567,1234
7545,8720,17189,11128,17189,1567,1234
7544,8720,17190,11128,17190,1567,1234
7545,8720,17191,11128,17191,1567,1234
7546,8720,17192,11128,17192,1567,1234
7547,8720,17193,11128,17193,1567,1234
7546,8720,17194,11128,17194,1567,1234
7546,8720,17195,11128,17195,1567,1234
7547,8720,17196,11128,17196,1567,1234
7546,8720,17197,11128,17197,1567,1234
7544,8720,17198,11128,17198,1567,1234
7545,8720,17199,11128,17199,1567,1234
7544,8720,17200,11128,17200,1567,1234
7543,8720,17201,11128,17201,1567,1234
7541,8720,17202,11128,17202,1567,1234
7542,8720,17203,11128,17203,1567,1234
7543,8720,17204,11128,17204,1567,1234
7540,8720,17205,11128,17205,1567,1233
7538,8720,17206,11128,17206,1567,1233
7537,8720,17207,11128,17207,1567,1233
7538,8720,17208,11128,17208,1567,1233
7539,8720,17209,11128,17209,1567,1233
7538,8720,17210,11128,17210,1567,1233
7539,8720,17211,11128,17211,1567,1233
7540,8720,17212,11128,17212,1567,1233
7541,8720,17213,11128,17213,1567,1233
7542,8720,17214,11128,17214,1567,1233
7539,8720,17215,11128,17215,1567,1233
7540,8720,17216,11128,17216,1567,1233
7541,8720,17217,11128,17217,1567,1233
7536,8720,17218,11128,17218,1567,1233
7535,8720,17219,11128,17219,1567,1233
7536,8720,17220,11128,17220,1567,1233
7537,8720,17221,11128,17221,1567,1233
7537,8720,17222,11128,17222,1567,1233
7536,8720,17223,11128,17223,1567,1233
7537,8720,17224,11128,17224,1567,1233
7538,8720,17225,11128,17225,1567,1233
7539,8720,17226,11128,17226,1567,1233
7540,8720,17227,11128,17227,1567,1233
7538,8720,17228,11128,17228,1567,1233
7539,8720,17229,11128,17229,1567,1233
7540,8720,17230,11128,17230,1567,1233
7541,8720,17231,11128,17231,1567,1233
7542,8720,17232,11128,17232,1567,1233
7540,8720,17233,11128,17233,1567,1232
7534,8720,17234,11128,17234,1567,1232
7529,8720,17235,11128,17235,1567,1231
7525,8720,17236,11128,17236,1567,1229
7522,8720,17237,11128,17237,1567,1229
7523,8720,17238,11128,17238,1567,1229
7521,8720,17239,11128,17239,1567,1229
7522,8720,17240,11128,17240,1567,1229
7523,8720,17241,11128,17241,1567,1229
7523,8720,17242,11128,17242,1567,1229
7523,8720,17243,11128,17243,1567,1229
7524,8720,17244,11128,17244,1567,1229
7525,8720,17245,11128,17245,1567,1229
7525,8720,17246,11128,17246,1567,1229
7523,8720,17247,11128,17247,1567,1229
7524,8720,17248,11128,17248,1567,1229
7521,8720,17249,11128,17249,1567,1229
7522,8720,17250,11128,17250,1567,1229
7523,8720,17251,11128,17251,1567,1229
7522,8720,17252,11128,17252,1567,1229
7521,8720,17253,11128,17253,1567,1229
7517,8720,17254,11128,17254,1567,1229
7514,8720,17255,11128,17255,1567,1229
7512,8720,17256,11128,17256,1567,1229
7508,8720,17257,11128,17257,1567,1229
7509,8720,17258,11128,17258,1567,1229
7509,8720,17259,11128,17259,1567,1229
7510,8720,17260,11128,17260,1567,1229
7506,8720,17261,11128,17261,1567,1229
7504,8720,17262,11128,17262,1567,1229
7505,8720,17263,11128,17263,1567,1229
7501,8720,17264,11128,17264,1567,1229
7502,8720,17265,11128,17265,1567,1229
7501,8720,17266,11128,17266,1567,1229
7502,8720,17267,11128,17267,1567,1229
7503,8720,17268,11128,17268,1567,1229
7502,8720,17269,11128,17269,1567,1229
7502,8720,17270,11128,17270,1567,1229
7502,8720,17271,11128,17271,1567,1229
7499,8720,17272,11128,17272,1567,1229
7500,8720,17273,11128,17273,1567,1229
7501,8720,17274,11128,17274,1567,1229
7502,8720,17275,11128,17275,1567,1229
7500,8720,17276,11128,17276,1567,1229
7501,8720,17277,11128,17277,1567,1229
7502,8720,17278,11128,17278,1567,1229
7498,8720,17279,11128,17279,1567,1228
7498,8720,17280,11128,17280,1567,1228
7499,8720,17281,11128,17281,1567,1228
7500,8720,17282,11128,17282,1567,1228
7501,8720,17283,11128,17283,1567,1228
7497,8720,17284,11128,17284,1567,1228
7495,8720,17285,11128,17285,1567,1228
7496,8720,17286,11128,17286,1567,1228
7493,8720,17287,11128,17287,1567,1227
7493,8720,17288,11128,17288,1567,1227
7493,8720,17289,11128,17289,1567,1227
7494,8720,17290,11128,17290,1567,1227
7489,8720,17291,11128,17291,1567,1226
7490,8720,17292,11128,17292,1567,1226
7488,8720,17293,11128,17293,1567,1226
7486,8720,17294,11128,17294,1567,1226
7484,8720,17295,11128,17295,1567,1226
7479,8720,17296,11128,17296,1567,1226
7480,8720,17297,11128,17297,1567,1226
7481,8720,17298,11128,17298,1567,1226
7479,8720,17299,11128,17299,1567,1226
7477,8720,17300,11128,17300,1567,1225
7477,8720,17301,11128,17301,1567,1225
7478,8720,17302,11128,17302,1567,1225
7479,8720,17303,11128,17303,1567,1225
7480,8720,17304,11128,17304,1567,1225
7481,8720,17305,11128,17305,1567,1225
7482,8720,17306,11128,17306,1567,1225
7482,8720,17307,11128,17307,1567,1225
7482,8720,17308,11128,17308,1567,1225
7482,8720,17309,11128,17309,1567,1225
7481,8720,17310,11128,17310,1567,1225
7481,8720,17311,11128,17311,1567,1225
7482,8720,17312,11128,17312,1567,1225
7483,8720,17313,11128,17313,1567,1225
7484,8720,17314,11128,17314,1567,1225
7482,8720,17315,11128,17315,1567,1225
7481,8720,17316,11128,17316,1567,1225
7482,8720,17317,11128,17317,1567,1225
7483,8720,17318,11128,17318,1567,1225
7481,8720,17319,11128,17319,1567,1225
7481,8720,17320,11128,17320,1567,1225
7481,8720,17321,11128,17321,1567,1225
7481,8720,17322,11128,17322,1567,1225
7476,8720,17323,11128,17323,1567,1225
7477,8720,17324,11128,17324,1567,1225
7474,8720,17325,11128,17325,1567,1225
7473,8720,17326,11128,17326,1567,1224
7472,8720,17327,11128,17327,1567,1224
7468,8720,17328,11128,17328,1567,1224
7469,8720,17329,11128,17329,1567,1224
7470,8720,17330,11128,17330,1567,1224
7467,8720,17331,11128,17331,1567,1224
7465,8720,17332,11128,17332,1567,1224
7466,8720,17333,11128,17333,1567,1224
7467,8720,17334,11128,17334,1567,1224
7468,8720,17335,11128,17335,1567,1224
7469,8720,17336,11128,17336,1567,1224
7470,8720,17337,11128,17337,1567,1224
7468,8720,17338,11128,17338,1567,1224
7469,8720,17339,11128,17339,1567,1224
7470,8720,17340,11128,17340,1567,1224
7468,8720,17341,11128,17341,1567,1224
7469,8720,17342,11128,17342,1567,1224
7465,8720,17343,11128,17343,1567,1224
7465,8720,17344,11128,17344,1567,1224
7465,8720,17345,11128,17345,1567,1224
7466,8720,17346,11128,17346,1567,1224
7461,8720,17347,11128,17347,1567,1223
7462,8720,17348,11128,17348,1567,1223
7463,8720,17349,11128,17349,1567,1223
7464,8720,17350,11128,17350,1567,1223
7461,8720,17351,11128,17351,1567,1223
7462,8720,17352,11128,17352,1567,1223
7463,8720,17353,11128,17353,1567,1223
7464,8720,17354,11128,17354,1567,1223
7463,8720,17355,11128,17355,1567,1223
7463,8720,17356,11128,17356,1567,1223
7462,8720,17357,11128,17357,1567,1223
7461,8720,17358,11128,17358,1567,1223
7461,8720,17359,11128,17359,1567,1223
7461,8720,17360,11128,17360,1567,1223
7455,8720,17361,11128,17361,1567,1221
7451,8720,17362,11128,17362,1567,1220
7452,8720,17363,11128,17363,1567,1220
7453,8720,17364,11128,17364,1567,1220
7453,8720,17365,11128,17365,1567,1220
7448,8720,17366,11128,17366,1567,1220
7442,8720,17367,11128,17367,1567,1219
7442,8720,17368,11128,17368,1567,1219
7442,8720,17369,11128,17369,1567,1219
7443,8720,17370,11128,17370,1567,1219
7443,8720,17371,11128,17371,1567,1219
7442,8720,17372,11128,17372,1567,1219
7441,8720,17373,11128,17373,1567,1219
7442,8720,17374,11128,17374,1567,1219
7439,8720,17375,11128,17375,1567,1219
7440,8720,17376,11128,17376,1567,1219
7441,8720,17377,11128,17377,1567,1219
7442,8720,17378,11128,17378,1567,1219
7443,8720,17379,11128,17379,1567,1219
7440,8720,17380,11128,17380,1567,1219
7441,8720,17381,11128,17381,1567,1219
7442,8720,17382,11128,17382,1567,1219
7442,8720,17383,11128,17383,1567,1219
7443,8720,17384,11128,17384,1567,1219
7444,8720,17385,11128,17385,1567,1219
7443,8720,17386,11128,17386,1567,1219
7444,8720,17387,11128,17387,1567,1219
7442,8720,17388,11128,17388,1567,1219
7443,8720,17389,11128,17389,1567,1219
7444,8720,17390,11128,17390,1567,1219
7445,8720,17391,11128,17391,1567,1219
7445,8720,17392,11128,17392,1567,1219
7446,8720,17393,11128,17393,1567,1219
7447,8720,17394,11128,17394,1567,1219
7446,8720,17395,11128,17395,1567,1219
7444,8720,17396,11128,17396,1567,1219
7445,8720,17397,11128,17397,1567,1219
7446,8720,17398,11128,17398,1567,1219
7444,8720,17399,11128,17399,1567,1219
7445,8720,17400,11128,17400,1567,1219
7446,8720,17401,11128,17401,1567,1219
7447,8720,17402,11128,17402,1567,1219
7446,8720,17403,11128,17403,1567,1219
7447,8720,17404,11128,17404,1567,1219
7445,8720,17405,11128,17405,1567,1219
7446,8720,17406,11128,17406,1567,1219
7447,8720,17407,11128,17407,1567,1219
7448,8720,17408,11128,17408,1567,1219
7448,8720,17409,11128,17409,1567,1219
7446,8720,17410,11128,17410,1567,1219
7447,8720,17411,11128,17411,1567,1219
7448,8720,17412,11128,17412,1567,1219
7449,8720,17413,11128,17413,1567,1219
7444,8720,17414,11128,17414,1567,1218
7445,8720,17415,11128,17415,1567,1218
7446,8720,17416,11128,17416,1567,1218
7447,8720,17417,11128,17417,1567,1218
7446,8720,17418,11128,17418,1567,1218
7445,8720,17419,11128,17419,1567,1218
7445,8720,17420,11128,17420,1567,1218
7446,8720,17421,11128,17421,1567,1218
7447,8720,17422,11128,17422,1567,1218
7444,8720,17423,11128,17423,1567,1218
7443,8720,17424,11128,17424,1567,1218
7442,8720,17425,11128,17425,1567,1218
7443,8720,17426,11128,17426,1567,1218
7444,8720,17427,11128,17427,1567,1218
7445,8720,17428,11128,17428,1567,1218
7446,8720,17429,11128,17429,1567,1218
7447,8720,17430,11128,17430,1567,1218
7447,8720,17431,11128,17431,1567,1218
7448,8720,17432,11128,17432,1567,1218
7449,8720,17433,11128,17433,1567,1218
7449,8720,17434,11128,17434,1567,1218
7449,8720,17435,11128,17435,1567,1218
7449,8720,17436,11128,17436,1567,1218
7448,8720,17437,11128,17437,1567,1218
7449,8720,17438,11128,17438,1567,1218
7450,8720,17439,11128,17439,1567,1218
7446,8720,17440,11128,17440,1567,1218
7447,8720,17441,11128,17441,1567,1218
7448,8720,17442,11128,17442,1567,1218
7449,8720,17443,11128,17443,1567,1218
7446,8720,17444,11128,17444,1567,1218
7445,8720,17445,11128,17445,1567,1218
7444,8720,17446,11128,17446,1567,1218
7440,8720,17447,11128,17447,1567,1218
7440,8720,17448,11128,17448,1567,1218
7436,8720,17449,11128,17449,1567,1217
7437,8720,17450,11128,17450,1567,1217
7438,8720,17451,11128,17451,1567,1217
7435,8720,17452,11128,17452,1567,1217
7433,8720,17453,11128,17453,1567,1216
7434,8720,17454,11128,17454,1567,1216
7434,8720,17455,11128,17455,1567,1216
7435,8720,17456,11128,17456,1567,1216
7435,8720,17457,11128,17457,1567,1216
7436,8720,17458,11128,17458,1567,1216
7437,8720,17459,11128,17459,1567,1216
7438,8720,17460,11128,17460,1567,1216
7436,8720,17461,11128,17461,1567,1215
7437,8720,17462,11128,17462,1567,1215
7432,8720,17463,11128,17463,1567,1215
7430,8720,17464,11128,17464,1567,1214
7431,8720,17465,11128,17465,1567,1214
7426,8720,17466,11128,17466,1567,1213
7427,8720,17467,11128,17467,1567,1213
7428,8720,17468,11128,17468,1567,1213
7426,8720,17469,11128,17469,1567,1213
7427,8720,17470,11128,17470,1567,1213
7428,8720,17471,11128,17471,1567,1213
7428,8720,17472,11128,17472,1567,1213
7429,8720,17473,11128,17473,1567,1213
7430,8720,17474,11128,17474,1567,1213
7426,8720,17475,11128,17475,1567,1213
7426,8720,17476,11128,17476,1567,1213
7425,8720,17477,11128,17477,1567,1213
7426,8720,17478,11128,17478,1567,1213
7427,8720,17479,11128,17479,1567,1213
7424,8720,17480,11128,17480,1567,1213
7424,8720,17481,11128,17481,1567,1213
7423,8720,17482,11128,17482,1567,1213
7423,8720,17483,11128,17483,1567,1213
7424,8720,17484,11128,17484,1567,1213
7425,8720,17485,11128,17485,1567,1213
7426,8720,17486,11128,17486,1567,1213
7427,8720,17487,11128,17487,1567,1213
7428,8720,17488,11128,17488,1567,1213
7428,8720,17489,11128,17489,1567,1213
7429,8720,17490,11128,17490,1567,1213
7430,8720,17491,11128,17491,1567,1213
7431,8720,17492,11128,17492,1567,1213
7430,8720,17493,11128,17493,1567,1213
7430,8720,17494,11128,17494,1567,1213
7430,8720,17495,11128,17495,1567,1213
7430,8720,17496,11128,17496,1567,1213
7428,8720,17497,11128,17497,1567,1213
7428,8720,17498,11128,17498,1567,1213
7429,8720,17499,11128,17499,1567,1213
7429,8720,17500,11128,17500,1567,1213
7430,8720,17501,11128,17501,1567,1213
7431,8720,17502,11128,17502,1567,1213
7431,8720,17503,11128,17503,1567,1213
7431,8720,17504,11128,17504,1567,1213
7432,8720,17505,11128,17505,1567,1213
7430,8720,17506,11128,17506,1567,1213
7430,8720,17507,11128,17507,1567,1213
7429,8720,17508,11128,17508,1567,1213
7428,8720,17509,11128,17509,1567,1213
7422,8720,17510,11128,17510,1567,1213
7423,8720,17511,11128,17511,1567,1213
7421,8720,17512,11128,17512,1567,1213
7418,8720,17513,11128,17513,1567,1213
7412,8720,17514,11128,17514,1567,1211
7413,8720,17515,11128,17515,1567,1211
7413,8720,17516,11128,17516,1567,1211
7414,8720,17517,11128,17517,1567,1211
7415,8720,17518,11128,17518,1567,1211
7415,8720,17519,11128,17519,1567,1211
7416,8720,17520,11128,17520,1567,1211
7415,8720,17521,11128,17521,1567,1211
7411,8720,17522,11128,17522,1567,1211
7409,8720,17523,11128,17523,1567,1211
7410,8720,17524,11128,17524,1567,1211
7409,8720,17525,11128,17525,1567,1211
7408,8720,17526,11128,17526,1567,1211
7408,8720,17527,11128,17527,1567,1211
7409,8720,17528,11128,17528,1567,1211
7409,8720,17529,11128,17529,1567,1211
7409,8720,17530,11128,17530,1567,1211
7409,8720,17531,11128,17531,1567,1211
7410,8720,17532,11128,17532,1567,1211
7410,8720,17533,11128,17533,1567,1211
7411,8720,17534,11128,17534,1567,1211
7411,8720,17535,11128,17535,1567,1211
7412,8720,17536,11128,17536,1567,1211
7412,8720,17537,11128,17537,1567,1211
7412,8720,17538,11128,17538,1567,1211
7411,8720,17539,11128,17539,1567,1211
7412,8720,17540,11128,17540,1567,1211
7412,8720,17541,11128,17541,1567,1211
7412,8720,17542,11128,17542,1567,1211
7411,8720,17543,11128,17543,1567,1211
7412,8720,17544,11128,17544,1567,1211
7409,8720,17545,11128,17545,1567,1211
7410,8720,17546,11128,17546,1567,1211
7411,8720,17547,11128,17547,1567,1211
7410,8720,17548,11128,17548,1567,1211
7403,8720,17549,11128,17549,1567,1211
7400,8720,17550,11128,17550,1567,1211
7401,8720,17551,11128,17551,1567,1211
7401,8720,17552,11128,17552,1567,1211
7400,8720,17553,11128,17553,1567,1211
7397,8720,17554,11128,17554,1567,1211
7391,8720,17555,11128,17555,1567,1211
7392,8720,17556,11128,17556,1567,1211
7389,8720,17557,11128,17557,1567,1211
7389,8720,17558,11128,17558,1567,1211
7389,8720,17559,11128,17559,1567,1211
7390,8720,17560,11128,17560,1567,1211
7391,8720,17561,11128,17561,1567,1211
7390,8720,17562,11128,17562,1567,1211
7387,8720,17563,11128,17563,1567,1211
7383,8720,17564,11128,17564,1567,1211
7383,8720,17565,11128,17565,1567,1211
7383,8720,17566,11128,17566,1567,1211
7382,8720,17567,11128,17567,1567,1211
7381,8720,17568,11128,17568,1567,1211
7380,8720,17569,11128,17569,1567,1211
7380,8720,17570,11128,17570,1567,1211
7381,8720,17571,11128,17571,1567,1211
7381,8720,17572,11128,17572,1567,1211
7381,8720,17573,11128,17573,1567,1211
7381,8720,17574,11128,17574,1567,1211
7380,8720,17575,11128,17575,1567,1211
7379,8720,17576,11128,17576,1567,1211
7379,8720,17577,11128,17577,1567,1211
7380,8720,17578,11128,17578,1567,1211
7381,8720,17579,11128,17579,1567,1211
7382,8720,17580,11128,17580,1567,1211
7376,8720,17581,11128,17581,1567,1207
7376,8720,17582,11128,17582,1567,1207
7372,8720,17583,11128,17583,1567,1206
7373,8720,17584,11128,17584,1567,1206
7373,8720,17585,11128,17585,1567,1206
7374,8720,17586,11128,17586,1567,1206
7374,8720,17587,11128,17587,1567,1206
7374,8720,17588,11128,17588,1567,1206
7374,8720,17589,11128,17589,1567,1206
7375,8720,17590,11128,17590,1567,1206
7374,8720,17591,11128,17591,1567,1206
7375,8720,17592,11128,17592,1567,1206
7375,8720,17593,11128,17593,1567,1206
7369,8720,17594,11128,17594,1567,1205
7369,8720,17595,11128,17595,1567,1205
7369,8720,17596,11128,17596,1567,1205
7367,8720,17597,11128,17597,1567,1205
7368,8720,17598,11128,17598,1567,1205
7366,8720,17599,11128,17599,1567,1205
7367,8720,17600,11128,17600,1567,1205
7368,8720,17601,11128,17601,1567,1205
7369,8720,17602,11128,17602,1567,1205
7363,8720,17603,11128,17603,1567,1205
7359,8720,17604,11128,17604,1567,1204
7360,8720,17605,11128,17605,1567,1204
7361,8720,17606,11128,17606,1567,1204
7362,8720,17607,11128,17607,1567,1204
7363,8720,17608,11128,17608,1567,1204
7364,8720,17609,11128,17609,1567,1204
7361,8720,17610,11128,17610,1567,1204
7360,8720,17611,11128,17611,1567,1204
7361,8720,17612,11128,17612,1567,1204
7362,8720,17613,11128,17613,1567,1204
7363,8720,17614,11128,17614,1567,1204
7364,8720,17615,11128,17615,1567,1204
7365,8720,17616,11128,17616,1567,1204
7362,8720,17617,11128,17617,1567,1204
7362,8720,17618,11128,17618,1567,1204
7362,8720,17619,11128,17619,1567,1204
7361,8720,17620,11128,17620,1567,1204
7358,8720,17621,11128,17621,1567,1204
7358,8720,17622,11128,17622,1567,1204
7359,8720,17623,11128,17623,1567,1204
7360,8720,17624,11128,17624,1567,1204
7354,8720,17625,11128,17625,1567,1204
7354,8720,17626,11128,17626,1567,1204
7355,8720,17627,11128,17627,1567,1204
7356,8720,17628,11128,17628,1567,1204
7356,8720,17629,11128,17629,1567,1204
7356,8720,17630,11128,17630,1567,1204
7353,8720,17631,11128,17631,1567,1203
7354,8720,17632,11128,17632,1567,1203
7354,8720,17633,11128,17633,1567,1203
7354,8720,17634,11128,17634,1567,1203
7353,8720,17635,11128,17635,1567,1203
7350,8720,17636,11128,17636,1567,1202
7347,8720,17637,11128,17637,1567,1202
7344,8720,17638,11128,17638,1567,1202
7345,8720,17639,11128,17639,1567,1202
7344,8720,17640,11128,17640,1567,1202
7345,8720,17641,11128,17641,1567,1202
7346,8720,17642,11128,17642,1567,1202
7343,8720,17643,11128,17643,1567,1202
7342,8720,17644,11128,17644,1567,1202
7341,8720,17645,11128,17645,1567,1202
7341,8720,17646,11128,17646,1567,1202
7342,8720,17647,11128,17647,1567,1202
7341,8720,17648,11128,17648,1567,1202
7342,8720,17649,11128,17649,1567,1202
7337,8720,17650,11128,17650,1567,1202
7338,8720,17651,11128,17651,1567,1202
7339,8720,17652,11128,17652,1567,1202
7339,8720,17653,11128,17653,1567,1202
7339,8720,17654,11128,17654,1567,1202
7339,8720,17655,11128,17655,1567,1202
7340,8720,17656,11128,17656,1567,1202
7341,8720,17657,11128,17657,1567,1202
7340,8720,17658,11128,17658,1567,1202
7341,8720,17659,11128,17659,1567,1202
7340,8720,17660,11128,17660,1567,1202
7340,8720,17661,11128,17661,1567,1202
7341,8720,17662,11128,17662,1567,1202
7342,8720,17663,11128,17663,1567,1202
7343,8720,17664,11128,17664,1567,1202
7342,8720,17665,11128,17665,1567,1202
7343,8720,17666,11128,17666,1567,1202
7343,8720,17667,11128,17667,1567,1202
7343,8720,17668,11128,17668,1567,1202
7344,8720,17669,11128,17669,1567,1202
7344,8720,17670,11128,17670,1567,1202
7345,8720,17671,11128,17671,1567,1202
7345,8720,17672,11128,17672,1567,1202
7344,8720,17673,11128,17673,1567,1202
7342,8720,17674,11128,17674,1567,1202
7342,8720,17675,11128,17675,1567,1202
7341,8720,17676,11128,17676,1567,1202
7342,8720,17677,11128,17677,1567,1202
7343,8720,17678,11128,17678,1567,1202
7343,8720,17679,11128,17679,1567,1202
7343,8720,17680,11128,17680,1567,1202
7340,8720,17681,11128,17681,1567,1202
7341,8720,17682,11128,17682,1567,1202
7342,8720,17683,11128,17683,1567,1202
7342,8720,17684,11128,17684,1567,1202
7343,8720,17685,11128,17685,1567,1202
7344,8720,17686,11128,17686,1567,1202
7343,8720,17687,11128,17687,1567,1202
7344,8720,17688,11128,17688,1567,1202
7345,8720,17689,11128,17689,1567,1202
7344,8720,17690,11128,17690,1567,1202
7343,8720,17691,11128,17691,1567,1202
7340,8720,17692,11128,17692,1567,1202
7341,8720,17693,11128,17693,1567,1202
7342,8720,17694,11128,17694,1567,1202
7341,8720,17695,11128,17695,1567,1202
7342,8720,17696,11128,17696,1567,1202
7343,8720,17697,11128,17697,1567,1202
7344,8720,17698,11128,17698,1567,1202
7341,8720,17699,11128,17699,1567,1202
7342,8720,17700,11128,17700,1567,1202
7339,8720,17701,11128,17701,1567,1202
7338,8720,17702,11128,17702,1567,1202
7339,8720,17703,11128,17703,1567,1202
7340,8720,17704,11128,17704,1567,1202
7341,8720,17705,11128,17705,1567,1202
7341,8720,17706,11128,17706,1567,1202
7342,8720,17707,11128,17707,1567,1202
7343,8720,17708,11128,17708,1567,1202
7342,8720,17709,11128,17709,1567,1202
7339,8720,17710,11128,17710,1567,1202
7340,8720,17711,11128,17711,1567,1202
7340,8720,17712,11128,17712,1567,1202
7341,8720,17713,11128,17713,1567,1202
7341,8720,17714,11128,17714,1567,1202
7342,8720,17715,11128,17715,1567,1202
7343,8720,17716,11128,17716,1567,1202
7344,8720,17717,11128,17717,1567,1202
7345,8720,17718,11128,17718,1567,1202
7343,8720,17719,11128,17719,1567,1202
7342,8720,17720,11128,17720,1567,1202
7339,8720,17721,11128,17721,1567,1202
7332,8720,17722,11128,17722,1567,1202
7333,8720,17723,11128,17723,1567,1202
7334,8720,17724,11128,17724,1567,1202
7335,8720,17725,11128,17725,1567,1202
7336,8720,17726,11128,17726,1567,1202
7335,8720,17727,11128,17727,1567,1202
7331,8720,17728,11128,17728,1567,1201
7332,8720,17729,11128,17729,1567,1201
7328,8720,17730,11128,17730,1567,1200
7327,8720,17731,11128,17731,1567,1200
7328,8720,17732,11128,17732,1567,1200
7329,8720,17733,11128,17733,1567,1200
7329,8720,17734,11128,17734,1567,1200
7330,8720,17735,11128,17735,1567,1200
7324,8720,17736,11128,17736,1567,1199
7325,8720,17737,11128,17737,1567,1199
7320,8720,17738,11128,17738,1567,1199
7320,8720,17739,11128,17739,1567,1199
7321,8720,17740,11128,17740,1567,1199
7322,8720,17741,11128,17741,1567,1199
7322,8720,17742,11128,17742,1567,1199
7321,8720,17743,11128,17743,1567,1199
7322,8720,17744,11128,17744,1567,1199
7320,8720,17745,11128,17745,1567,1199
7317,8720,17746,11128,17746,1567,1199
7312,8720,17747,11128,17747,1567,1198
7309,8720,17748,11128,17748,1567,1198
7309,8720,17749,11128,17749,1567,1198
7307,8720,17750,11128,17750,1567,1198
7308,8720,17751,11128,17751,1567,1198
7309,8720,17752,11128,17752,1567,1198
7310,8720,17753,11128,17753,1567,1198
7311,8720,17754,11128,17754,1567,1198
7312,8720,17755,11128,17755,1567,1198
7310,8720,17756,11128,17756,1567,1198
7305,8720,17757,11128,17757,1567,1198
7306,8720,17758,11128,17758,1567,1198
7307,8720,17759,11128,17759,1567,1198
7307,8720,17760,11128,17760,1567,1198
7306,8720,17761,11128,17761,1567,1198
7306,8720,17762,11128,17762,1567,1198
7307,8720,17763,11128,17763,1567,1198
7303,8720,17764,11128,17764,1567,1196
7300,8720,17765,11128,17765,1567,1196
7301,8720,17766,11128,17766,1567,1196
7299,8720,17767,11128,17767,1567,1196
7298,8720,17768,11128,17768,1567,1196
7299,8720,17769,11128,17769,1567,1196
7300,8720,17770,11128,17770,1567,1196
7300,8720,17771,11128,17771,1567,1196
7300,8720,17772,11128,17772,1567,1196
7300,8720,17773,11128,17773,1567,1196
7301,8720,17774,11128,17774,1567,1196
7302,8720,17775,11128,17775,1567,1196
7302,8720,17776,11128,17776,1567,1196
7302,8720,17777,11128,17777,1567,1196
7303,8720,17778,11128,17778,1567,1196
7303,8720,17779,11128,17779,1567,1196
7303,8720,17780,11128,17780,1567,1196
7303,8720,17781,11128,17781,1567,1196
7304,8720,17782,11128,17782,1567,1196
7305,8720,17783,11128,17783,1567,1196
7304,8720,17784,11128,17784,1567,1196
7305,8720,17785,11128,17785,1567,1196
7304,8720,17786,11128,17786,1567,1196
7303,8720,17787,11128,17787,1567,1196
7303,8720,17788,11128,17788,1567,1196
7304,8720,17789,11128,17789,1567,1196
7305,8720,17790,11128,17790,1567,1196
7306,8720,17791,11128,17791,1567,1196
7307,8720,17792,11128,17792,1567,1196
7308,8720,17793,11128,17793,1567,1196
7309,8720,17794,11128,17794,1567,1196
7308,8720,17795,11128,17795,1567,1196
7309,8720,17796,11128,17796,1567,1196
7309,8720,17797,11128,17797,1567,1196
7310,8720,17798,11128,17798,1567,1196
7311,8720,17799,11128,17799,1567,1196
7312,8720,17800,11128,17800,1567,1196
7313,8720,17801,11128,17801,1567,1196
7313,8720,17802,11128,17802,1567,1196
7313,8720,17803,11128,17803,1567,1196
7314,8720,17804,11128,17804,1567,1196
7314,8720,17805,11128,17805,1567,1196
7314,8720,17806,11128,17806,1567,1196
7311,8720,17807,11128,17807,1567,1196
7312,8720,17808,11128,17808,1567,1196
7313,8720,17809,11128,17809,1567,1196
7313,8720,17810,11128,17810,1567,1196
7314,8720,17811,11128,17811,1567,1196
7313,8720,17812,11128,17812,1567,1196
7313,8720,17813,11128,17813,1567,1196
7314,8720,17814,11128,17814,1567,1196
7313,8720,17815,11128,17815,1567,1196
7312,8720,17816,11128,17816,1567,1196
7311,8720,17817,11128,17817,1567,1196
7312,8720,17818,11128,17818,1567,1196
7313,8720,17819,11128,17819,1567,1196
7314,8720,17820,11128,17820,1567,1196
7315,8720,17821,11128,17821,1567,1196
7316,8720,17822,11128,17822,1567,1196
7317,8720,17823,11128,17823,1567,1196
7318,8720,17824,11128,17824,1567,1196
7317,8720,17825,11128,17825,1567,1196
7315,8720,17826,11128,17826,1567,1196
7310,8720,17827,11128,17827,1567,1196
7311,8720,17828,11128,17828,1567,1196
7309,8720,17829,11128,17829,1567,1196
7306,8720,17830,11128,17830,1567,1196
7307,8720,17831,11128,17831,1567,1196
7308,8720,17832,11128,17832,1567,1196
7309,8720,17833,11128,17833,1567,1196
7310,8720,17834,11128,17834,1567,1196
7308,8720,17835,11128,17835,1567,1196
7309,8720,17836,11128,17836,1567,1196
7307,8720,17837,11128,17837,1567,1196
7308,8720,17838,11128,17838,1567,1196
7306,8720,17839,11128,17839,1567,1195
7306,8720,17840,11128,17840,1567,1195
7307,8720,17841,11128,17841,1567,1195
7306,8720,17842,11128,17842,1567,1195
7301,8720,17843,11128,17843,1567,1194
7298,8720,17844,11128,17844,1567,1193
7299,8720,17845,11128,17845,1567,1193
7300,8720,17846,11128,17846,1567,1193
7301,8720,17847,11128,17847,1567,1193
7302,8720,17848,11128,17848,1567,1193
7303,8720,17849,11128,17849,1567,1193
7297,8720,17850,11128,17850,1567,1191
7297,8720,17851,11128,17851,1567,1191
7298,8720,17852,11128,17852,1567,1191
7295,8720,17853,11128,17853,1567,1191
7295,8720,17854,11128,17854,1567,1191
7295,8720,17855,11128,17855,1567,1191
7295,8720,17856,11128,17856,1567,1191
7296,8720,17857,11128,17857,1567,1191
7297,8720,17858,11128,17858,1567,1191
7296,8720,17859,11128,17859,1567,1191
7294,8720,17860,11128,17860,1567,1191
7293,8720,17861,11128,17861,1567,1191
7294,8720,17862,11128,17862,1567,1191
7295,8720,17863,11128,17863,1567,1191
7294,8720,17864,11128,17864,1567,1191
7295,8720,17865,11128,17865,1567,1191
7293,8720,17866,11128,17866,1567,1191
7294,8720,17867,11128,17867,1567,1191
7291,8720,17868,11128,17868,1567,1191
7292,8720,17869,11128,17869,1567,1191
7293,8720,17870,11128,17870,1567,1191
7292,8720,17871,11128,17871,1567,1191
7292,8720,17872,11128,17872,1567,1191
7293,8720,17873,11128,17873,1567,1191
7293,8720,17874,11128,17874,1567,1191
7287,8720,17875,11128,17875,1567,1191
7286,8720,17876,11128,17876,1567,1191
7287,8720,17877,11128,17877,1567,1191
7288,8720,17878,11128,17878,1567,1191
7285,8720,17879,11128,17879,1567,1191
7280,8720,17880,11128,17880,1567,1188
7279,8720,17881,11128,17881,1567,1188
7280,8720,17882,11128,17882,1567,1188
7281,8720,17883,11128,17883,1567,1188
7282,8720,17884,11128,17884,1567,1188
7283,8720,17885,11128,17885,1567,1188
7284,8720,17886,11128,17886,1567,1188
7284,8720,17887,11128,17887,1567,1188
7285,8720,17888,11128,17888,1567,1188
7286,8720,17889,11128,17889,1567,1188
7286,8720,17890,11128,17890,1567,1188
7286,8720,17891,11128,17891,1567,1188
7286,8720,17892,11128,17892,1567,1188
7287,8720,17893,11128,17893,1567,1188
7286,8720,17894,11128,17894,1567,1188
7287,8720,17895,11128,17895,1567,1188
7288,8720,17896,11128,17896,1567,1188
7287,8720,17897,11128,17897,1567,1188
7288,8720,17898,11128,17898,1567,1188
7289,8720,17899,11128,17899,1567,1188
7290,8720,17900,11128,17900,1567,1188
7285,8720,17901,11128,17901,1567,1188
7286,8720,17902,11128,17902,1567,1188
7286,8720,17903,11128,17903,1567,1188
7286,8720,17904,11128,17904,1567,1188
7287,8720,17905,11128,17905,1567,1188
7287,8720,17906,11128,17906,1567,1188
7288,8720,17907,11128,17907,1567,1188
7289,8720,17908,11128,17908,1567,1188
7284,8720,17909,11128,17909,1567,1187
7279,8720,17910,11128,17910,1567,1186
7274,8720,17911,11128,17911,1567,1186
7272,8720,17912,11128,17912,1567,1186
7272,8720,17913,11128,17913,1567,1186
7271,8720,17914,11128,17914,1567,1186
7272,8720,17915,11128,17915,1567,1186
7272,8720,17916,11128,17916,1567,1186
7272,8720,17917,11128,17917,1567,1186
7272,8720,17918,11128,17918,1567,1186
7270,8720,17919,11128,17919,1567,1186
7271,8720,17920,11128,17920,1567,1186
7270,8720,17921,11128,17921,1567,1186
7269,8720,17922,11128,17922,1567,1186
7269,8720,17923,11128,17923,1567,1186
7270,8720,17924,11128,17924,1567,1186
7271,8720,17925,11128,17925,1567,1186
7272,8720,17926,11128,17926,1567,1186
7268,8720,17927,11128,17927,1567,1185
7267,8720,17928,11128,17928,1567,1185
7266,8720,17929,11128,17929,1567,1185
7267,8720,17930,11128,17930,1567,1185
7268,8720,17931,11128,17931,1567,1185
7269,8720,17932,11128,17932,1567,1185
7270,8720,17933,11128,17933,1567,1185
7270,8720,17934,11128,17934,1567,1185
7270,8720,17935,11128,17935,1567,1185
7271,8720,17936,11128,17936,1567,1185
7272,8720,17937,11128,17937,1567,1185
7273,8720,17938,11128,17938,1567,1185
7272,8720,17939,11128,17939,1567,1185
7272,8720,17940,11128,17940,1567,1185
7271,8720,17941,11128,17941,1567,1185
7270,8720,17942,11128,17942,1567,1185
7268,8720,17943,11128,17943,1567,1185
7269,8720,17944,11128,17944,1567,1185
7268,8720,17945,11128,17945,1567,1185
7269,8720,17946,11128,17946,1567,1185
7268,8720,17947,11128,17947,1567,1185
7269,8720,17948,11128,17948,1567,1185
7270,8720,17949,11128,17949,1567,1185
7271,8720,17950,11128,17950,1567,1185
7272,8720,17951,11128,17951,1567,1185
7273,8720,17952,11128,17952,1567,1185
7273,8720,17953,11128,17953,1567,1185
7274,8720,17954,11128,17954,1567,1185
7275,8720,17955,11128,17955,1567,1185
7276,8720,17956,11128,17956,1567,1185
7277,8720,17957,11128,17957,1567,1185
7278,8720,17958,11128,17958,1567,1185
7277,8720,17959,11128,17959,1567,1185
7278,8720,17960,11128,17960,1567,1185
7279,8720,17961,11128,17961,1567,1185
7280,8720,17962,11128,17962,1567,1185
7281,8720,17963,11128,17963,1567,1185
7278,8720,17964,11128,17964,1567,1185
7276,8720,17965,11128,17965,1567,1185
7277,8720,17966,11128,17966,1567,1185
7277,8720,17967,11128,17967,1567,1185
7278,8720,17968,11128,17968,1567,1185
7278,8720,17969,11128,17969,1567,1185
7273,8720,17970,11128,17970,1567,1185
7273,8720,17971,11128,17971,1567,1185
7273,8720,17972,11128,17972,1567,1185
7274,8720,17973,11128,17973,1567,1185
7275,8720,17974,11128,17974,1567,1185
7272,8720,17975,11128,17975,1567,1184
7273,8720,17976,11128,17976,1567,1184
7273,8720,17977,11128,17977,1567,1184
7270,8720,17978,11128,17978,1567,1184
7271,8720,17979,11128,17979,1567,1184
7271,8720,17980,11128,17980,1567,1184
7272,8720,17981,11128,17981,1567,1184
7273,8720,17982,11128,17982,1567,1184
7270,8720,17983,11128,17983,1567,1184
7271,8720,17984,11128,17984,1567,1184
7272,8720,17985,11128,17985,1567,1184
7273,8720,17986,11128,17986,1567,1184
7274,8720,17987,11128,17987,1567,1184
7272,8720,17988,11128,17988,1567,1184
7272,8720,17989,11128,17989,1567,1184
7273,8720,17990,11128,17990,1567,1184
7273,8720,17991,11128,17991,1567,1184
7270,8720,17992,11128,17992,1567,1184
7269,8720,17993,11128,17993,1567,1184
7270,8720,17994,11128,17994,1567,1184
7267,8720,17995,11128,17995,1567,1184
7267,8720,17996,11128,17996,1567,1184
7268,8720,17997,11128,17997,1567,1184
7268,8720,17998,11128,17998,1567,1184
7267,8720,17999,11128,17999,1567,1184
7268,8720,18000,11128,18000,1567,1184
7266,8720,18001,11128,18001,1567,1184
7267,8720,18002,11128,18002,1567,1184
7268,8720,18003,11128,18003,1567,1184
7268,8720,18004,11128,18004,1567,1184
7267,8720,18005,11128,18005,1567,1184
7268,8720,18006,11128,18006,1567,1184
7266,8720,18007,11128,18007,1567,1184
7262,8720,18008,11128,18008,1567,1184
7263,8720,18009,11128,18009,1567,1184
7262,8720,18010,11128,18010,1567,1184
7263,8720,18011,11128,18011,1567,1184
7261,8720,18012,11128,18012,1567,1183
7262,8720,18013,11128,18013,1567,1183
7261,8720,18014,11128,18014,1567,1183
7262,8720,18015,11128,18015,1567,1183
7259,8720,18016,11128,18016,1567,1183
7260,8720,18017,11128,18017,1567,1183
7257,8720,18018,11128,18018,1567,1182
7257,8720,18019,11128,18019,1567,1182
7257,8720,18020,11128,18020,1567,1182
7254,8720,18021,11128,18021,1567,1181
7253,8720,18022,11128,18022,1567,1181
7254,8720,18023,11128,18023,1567,1181
7250,8720,18024,11128,18024,1567,1180
7250,8720,18025,11128,18025,1567,1180
7251,8720,18026,11128,18026,1567,1180
7251,8720,18027,11128,18027,1567,1180
7251,8720,18028,11128,18028,1567,1180
7250,8720,18029,11128,18029,1567,1180
7251,8720,18030,11128,18030,1567,1180
7252,8720,18031,11128,18031,1567,1180
7253,8720,18032,11128,18032,1567,1180
7254,8720,18033,11128,18033,1567,1180
7251,8720,18034,11128,18034,1567,1180
7252,8720,18035,11128,18035,1567,1180
7253,8720,18036,11128,18036,1567,1180
7254,8720,18037,11128,18037,1567,1180
7254,8720,18038,11128,18038,1567,1180
7254,8720,18039,11128,18039,1567,1180
7255,8720,18040,11128,18040,1567,1180
7255,8720,18041,11128,18041,1567,1180
7256,8720,18042,11128,18042,1567,1180
7254,8720,18043,11128,18043,1567,1180
7253,8720,18044,11128,18044,1567,1180
7252,8720,18045,11128,18045,1567,1180
7253,8720,18046,11128,18046,1567,1180
7254,8720,18047,11128,18047,1567,1180
7255,8720,18048,11128,18048,1567,1180
7256,8720,18049,11128,18049,1567,1180
7257,8720,18050,11128,18050,1567,1180
7256,8720,18051,11128,18051,1567,1180
7254,8720,18052,11128,18052,1567,1180
7254,8720,18053,11128,18053,1567,1180
7254,8720,18054,11128,18054,1567,1180
7255,8720,18055,11128,18055,1567,1180
7254,8720,18056,11128,18056,1567,1180
7253,8720,18057,11128,18057,1567,1180
7252,8720,18058,11128,18058,1567,1180
7253,8720,18059,11128,18059,1567,1180
7254,8720,18060,11128,18060,1567,1180
7254,8720,18061,11128,18061,1567,1180
7255,8720,18062,11128,18062,1567,1180
7256,8720,18063,11128,18063,1567,1180
7249,8720,18064,11128,18064,1567,1179
7248,8720,18065,11128,18065,1567,1179
7249,8720,18066,11128,18066,1567,1179
7250,8720,18067,11128,18067,1567,1179
7251,8720,18068,11128,18068,1567,1179
7250,8720,18069,11128,18069,1567,1179
7250,8720,18070,11128,18070,1567,1179
7249,8720,18071,11128,18071,1567,1179
7249,8720,18072,11128,18072,1567,1179
7244,8720,18073,11128,18073,1567,1178
7240,8720,18074,11128,18074,1567,1177
7240,8720,18075,11128,18075,1567,1177
7240,8720,18076,11128,18076,1567,1177
7241,8720,18077,11128,18077,1567,1177
7242,8720,18078,11128,18078,1567,1177
7242,8720,18079,11128,18079,1567,1177
7243,8720,18080,11128,18080,1567,1177
7244,8720,18081,11128,18081,1567,1177
7242,8720,18082,11128,18082,1567,1177
7241,8720,18083,11128,18083,1567,1177
7241,8720,18084,11128,18084,1567,1177
7242,8720,18085,11128,18085,1567,1177
7241,8720,18086,11128,18086,1567,1177
7242,8720,18087,11128,18087,1567,1177
7243,8720,18088,11128,18088,1567,1177
7242,8720,18089,11128,18089,1567,1177
7243,8720,18090,11128,18090,1567,1177
7243,8720,18091,11128,18091,1567,1177
7243,8720,18092,11128,18092,1567,1177
7241,8720,18093,11128,18093,1567,1177
7241,8720,18094,11128,18094,1567,1177
7242,8720,18095,11128,18095,1567,1177
7242,8720,18096,11128,18096,1567,1177
7243,8720,18097,11128,18097,1567,1177
7242,8720,18098,11128,18098,1567,1177
7242,8720,18099,11128,18099,1567,1177
7243,8720,18100,11128,18100,1567,1177
7242,8720,18101,11128,18101,1567,1177
7239,8720,18102,11128,18102,1567,1177
7240,8720,18103,11128,18103,1567,1177
7240,8720,18104,11128,18104,1567,1177
7241,8720,18105,11128,18105,1567,1177
7242,8720,18106,11128,18106,1567,1177
7242,8720,18107,11128,18107,1567,1177
7242,8720,18108,11128,18108,1567,1177
7242,8720,18109,11128,18109,1567,1177
7242,8720,18110,11128,18110,1567,1177
7241,8720,18111,11128,18111,1567,1177
7242,8720,18112,11128,18112,1567,1177
7243,8720,18113,11128,18113,1567,1177
7244,8720,18114,11128,18114,1567,1177
7245,8720,18115,11128,18115,1567,1177
7245,8720,18116,11128,18116,1567,1177
7245,8720,18117,11128,18117,1567,1177
7244,8720,18118,11128,18118,1567,1177
7245,8720,18119,11128,18119,1567,1177
7242,8720,18120,11128,18120,1567,1177
7241,8720,18121,11128,18121,1567,1177
7240,8720,18122,11128,18122,1567,1177
7240,8720,18123,11128,18123,1567,1177
7241,8720,18124,11128,18124,1567,1177
7238,8720,18125,11128,18125,1567,1176
7233,8720,18126,11128,18126,1567,1176
7234,8720,18127,11128,18127,1567,1176
7234,8720,18128,11128,18128,1567,1176
7235,8720,18129,11128,18129,1567,1176
7235,8720,18130,11128,18130,1567,1176
7232,8720,18131,11128,18131,1567,1176
7233,8720,18132,11128,18132,1567,1176
7234,8720,18133,11128,18133,1567,1176
7233,8720,18134,11128,18134,1567,1176
7234,8720,18135,11128,18135,1567,1176
7235,8720,18136,11128,18136,1567,1176
7236,8720,18137,11128,18137,1567,1176
7236,8720,18138,11128,18138,1567,1176
7235,8720,18139,11128,18139,1567,1176
7236,8720,18140,11128,18140,1567,1176
7237,8720,18141,11128,18141,1567,1176
7238,8720,18142,11128,18142,1567,1176
7236,8720,18143,11128,18143,1567,1176
7237,8720,18144,11128,18144,1567,1176
7235,8720,18145,11128,18145,1567,1176
7233,8720,18146,11128,18146,1567,1176
7233,8720,18147,11128,18147,1567,1176
7233,8720,18148,11128,18148,1567,1176
7234,8720,18149,11128,18149,1567,1176
7235,8720,18150,11128,18150,1567,1176
7236,8720,18151,11128,18151,1567,1176
7236,8720,18152,11128,18152,1567,1176
7237,8720,18153,11128,18153,1567,1176
7237,8720,18154,11128,18154,1567,1176
7237,8720,18155,11128,18155,1567,1176
7237,8720,18156,11128,18156,1567,1176
7238,8720,18157,11128,18157,1567,1176
7238,8720,18158,11128,18158,1567,1176
7239,8720,18159,11128,18159,1567,1176
7240,8720,18160,11128,18160,1567,1176
7234,8720,18161,11128,18161,1567,1175
7232,8720,18162,11128,18162,1567,1175
7229,8720,18163,11128,18163,1567,1175
7228,8720,18164,11128,18164,1567,1175
7227,8720,18165,11128,18165,1567,1175
7228,8720,18166,11128,18166,1567,1175
7224,8720,18167,11128,18167,1567,1174
7225,8720,18168,11128,18168,1567,1174
7222,8720,18169,11128,18169,1567,1173
7223,8720,18170,11128,18170,1567,1173
7223,8720,18171,11128,18171,1567,1173
7221,8720,18172,11128,18172,1567,1173
7222,8720,18173,11128,18173,1567,1173
7222,8720,18174,11128,18174,1567,1173
7219,8720,18175,11128,18175,1567,1173
7220,8720,18176,11128,18176,1567,1173
7219,8720,18177,11128,18177,1567,1173
7220,8720,18178,11128,18178,1567,1173
7220,8720,18179,11128,18179,1567,1173
7221,8720,18180,11128,18180,1567,1173
7222,8720,18181,11128,18181,1567,1173
7223,8720,18182,11128,18182,1567,1173
7221,8720,18183,11128,18183,1567,1173
7222,8720,18184,11128,18184,1567,1173
7222,8720,18185,11128,18185,1567,1173
7222,8720,18186,11128,18186,1567,1173
7221,8720,18187,11128,18187,1567,1173
7221,8720,18188,11128,18188,1567,1173
7221,8720,18189,11128,18189,1567,1173
7221,8720,18190,11128,18190,1567,1173
7221,8720,18191,11128,18191,1567,1173
7220,8720,18192,11128,18192,1567,1173
7221,8720,18193,11128,18193,1567,1173
7222,8720,18194,11128,18194,1567,1173
7221,8720,18195,11128,18195,1567,1173
7218,8720,18196,11128,18196,1567,1173
7218,8720,18197,11128,18197,1567,1173
7216,8720,18198,11128,18198,1567,1173
7217,8720,18199,11128,18199,1567,1173
7218,8720,18200,11128,18200,1567,1173
7216,8720,18201,11128,18201,1567,1173
7213,8720,18202,11128,18202,1567,1173
7214,8720,18203,11128,18203,1567,1173
7214,8720,18204,11128,18204,1567,1173
7213,8720,18205,11128,18205,1567,1173
7210,8720,18206,11128,18206,1567,1173
7211,8720,18207,11128,18207,1567,1173
7212,8720,18208,11128,18208,1567,1173
7213,8720,18209,11128,18209,1567,1173
7209,8720,18210,11128,18210,1567,1170
7210,8720,18211,11128,18211,1567,1170
7211,8720,18212,11128,18212,1567,1170
7211,8720,18213,11128,18213,1567,1170
7209,8720,18214,11128,18214,1567,1170
7210,8720,18215,11128,18215,1567,1170
7209,8720,18216,11128,18216,1567,1170
7205,8720,18217,11128,18217,1567,1170
7206,8720,18218,11128,18218,1567,1170
7207,8720,18219,11128,18219,1567,1170
7207,8720,18220,11128,18220,1567,1170
7208,8720,18221,11128,18221,1567,1170
7209,8720,18222,11128,18222,1567,1170
7210,8720,18223,11128,18223,1567,1170
7210,8720,18224,11128,18224,1567,1170
7211,8720,18225,11128,18225,1567,1170
7210,8720,18226,11128,18226,1567,1170
7210,8720,18227,11128,18227,1567,1170
7211,8720,18228,11128,18228,1567,1170
7212,8720,18229,11128,18229,1567,1170
7213,8720,18230,11128,18230,1567,1170
7212,8720,18231,11128,18231,1567,1170
7213,8720,18232,11128,18232,1567,1170
7213,8720,18233,11128,18233,1567,1170
7213,8720,18234,11128,18234,1567,1170
7213,8720,18235,11128,18235,1567,1170
7213,8720,18236,11128,18236,1567,1170
7214,8720,18237,11128,18237,1567,1170
7213,8720,18238,11128,18238,1567,1170
7214,8720,18239,11128,18239,1567,1170
7215,8720,18240,11128,18240,1567,1170
7216,8720,18241,11128,18241,1567,1170
7217,8720,18242,11128,18242,1567,1170
7217,8720,18243,11128,18243,1567,1170
7217,8720,18244,11128,18244,1567,1170
7217,8720,18245,11128,18245,1567,1170
7212,8720,18246,11128,18246,1567,1170
7208,8720,18247,11128,18247,1567,1170
7207,8720,18248,11128,18248,1567,1170
7207,8720,18249,11128,18249,1567,1170
7205,8720,18250,11128,18250,1567,1170
7203,8720,18251,11128,18251,1567,1170
7202,8720,18252,11128,18252,1567,1170
7203,8720,18253,11128,18253,1567,1170
7204,8720,18254,11128,18254,1567,1170
7198,8720,18255,11128,18255,1567,1170
7199,8720,18256,11128,18256,1567,1170
7200,8720,18257,11128,18257,1567,1170
7200,8720,18258,11128,18258,1567,1170
7201,8720,18259,11128,18259,1567,1170
7200,8720,18260,11128,18260,1567,1170
7199,8720,18261,11128,18261,1567,1170
7200,8720,18262,11128,18262,1567,1170
7201,8720,18263,11128,18263,1567,1170
7202,8720,18264,11128,18264,1567,1170
7203,8720,18265,11128,18265,1567,1170
7203,8720,18266,11128,18266,1567,1170
7200,8720,18267,11128,18267,1567,1170
7200,8720,18268,11128,18268,1567,1170
7200,8720,18269,11128,18269,1567,1170
7196,8720,18270,11128,18270,1567,1169
7197,8720,18271,11128,18271,1567,1169
7198,8720,18272,11128,18272,1567,1169
7199,8720,18273,11128,18273,1567,1169
7197,8720,18274,11128,18274,1567,1169
7194,8720,18275,11128,18275,1567,1169
7194,8720,18276,11128,18276,1567,1169
7195,8720,18277,11128,18277,1567,1169
7196,8720,18278,11128,18278,1567,1169
7196,8720,18279,11128,18279,1567,1169
7195,8720,18280,11128,18280,1567,1169
7196,8720,18281,11128,18281,1567,1169
7197,8720,18282,11128,18282,1567,1169
7197,8720,18283,11128,18283,1567,1169
7193,8720,18284,11128,18284,1567,1169
7193,8720,18285,11128,18285,1567,1169
7194,8720,18286,11128,18286,1567,1169
7188,8720,18287,11128,18287,1567,1169
7188,8720,18288,11128,18288,1567,1169
7188,8720,18289,11128,18289,1567,1169
7182,8720,18290,11128,18290,1567,1167
7183,8720,18291,11128,18291,1567,1167
7180,8720,18292,11128,18292,1567,1167
7181,8720,18293,11128,18293,1567,1167
7181,8720,18294,11128,18294,1567,1167
7182,8720,18295,11128,18295,1567,1167
7180,8720,18296,11128,18296,1567,1167
7180,8720,18297,11128,18297,1567,1167
7180,8720,18298,11128,18298,1567,1167
7179,8720,18299,11128,18299,1567,1167
7180,8720,18300,11128,18300,1567,1167
7181,8720,18301,11128,18301,1567,1167
7180,8720,18302,11128,18302,1567,1167
7179,8720,18303,11128,18303,1567,1167
7179,8720,18304,11128,18304,1567,1167
7180,8720,18305,11128,18305,1567,1167
7181,8720,18306,11128,18306,1567,1167
7181,8720,18307,11128,18307,1567,1167
7182,8720,18308,11128,18308,1567,1167
7183,8720,18309,11128,18309,1567,1167
7178,8720,18310,11128,18310,1567,1165
7179,8720,18311,11128,18311,1567,1165
7180,8720,18312,11128,18312,1567,1165
7180,8720,18313,11128,18313,1567,1165
7181,8720,18314,11128,18314,1567,1165
7182,8720,18315,11128,18315,1567,1165
7181,8720,18316,11128,18316,1567,1165
7182,8720,18317,11128,18317,1567,1165
7183,8720,18318,11128,18318,1567,1165
7181,8720,18319,11128,18319,1567,1165
7179,8720,18320,11128,18320,1567,1165
7174,8720,18321,11128,18321,1567,1165
7175,8720,18322,11128,18322,1567,1165
7175,8720,18323,11128,18323,1567,1165
7176,8720,18324,11128,18324,1567,1165
7177,8720,18325,11128,18325,1567,1165
7177,8720,18326,11128,18326,1567,1165
7177,8720,18327,11128,18327,1567,1165
7172,8720,18328,11128,18328,1567,1164
7173,8720,18329,11128,18329,1567,1164
7169,8720,18330,11128,18330,1567,1163
7169,8720,18331,11128,18331,1567,1163
7170,8720,18332,11128,18332,1567,1163
7170,8720,18333,11128,18333,1567,1163
7167,8720,18334,11128,18334,1567,1163
7166,8720,18335,11128,18335,1567,1163
7167,8720,18336,11128,18336,1567,1163
7167,8720,18337,11128,18337,1567,1163
7164,8720,18338,11128,18338,1567,1163
7165,8720,18339,11128,18339,1567,1163
7166,8720,18340,11128,18340,1567,1163
7159,8720,18341,11128,18341,1567,1163
7160,8720,18342,11128,18342,1567,1163
7161,8720,18343,11128,18343,1567,1163
7162,8720,18344,11128,18344,1567,1163
7159,8720,18345,11128,18345,1567,1163
7154,8720,18346,11128,18346,1567,1161
7155,8720,18347,11128,18347,1567,1161
7156,8720,18348,11128,18348,1567,1161
7153,8720,18349,11128,18349,1567,1161
7154,8720,18350,11128,18350,1567,1161
7155,8720,18351,11128,18351,1567,1161
7154,8720,18352,11128,18352,1567,1161
7153,8720,18353,11128,18353,1567,1161
7153,8720,18354,11128,18354,1567,1161
7154,8720,18355,11128,18355,1567,1161
7154,8720,18356,11128,18356,1567,1161
7153,8720,18357,11128,18357,1567,1161
7147,8720,18358,11128,18358,1567,1161
7147,8720,18359,11128,18359,1567,1161
7145,8720,18360,11128,18360,1567,1161
7145,8720,18361,11128,18361,1567,1161
7146,8720,18362,11128,18362,1567,1161
7146,8720,18363,11128,18363,1567,1161
7147,8720,18364,11128,18364,1567,1161
7148,8720,18365,11128,18365,1567,1161
7146,8720,18366,11128,18366,1567,1161
7146,8720,18367,11128,18367,1567,1161
7147,8720,18368,11128,18368,1567,1161
7146,8720,18369,11128,18369,1567,1161
7147,8720,18370,11128,18370,1567,1161
7148,8720,18371,11128,18371,1567,1161
7145,8720,18372,11128,18372,1567,1161
7145,8720,18373,11128,18373,1567,1161
7142,8720,18374,11128,18374,1567,1160
7143,8720,18375,11128,18375,1567,1160
7144,8720,18376,11128,18376,1567,1160
7145,8720,18377,11128,18377,1567,1160
7145,8720,18378,11128,18378,1567,1160
7141,8720,18379,11128,18379,1567,1160
7139,8720,18380,11128,18380,1567,1160
7137,8720,18381,11128,18381,1567,1160
7138,8720,18382,11128,18382,1567,1160
7138,8720,18383,11128,18383,1567,1160
7139,8720,18384,11128,18384,1567,1160
7140,8720,18385,11128,18385,1567,1160
7141,8720,18386,11128,18386,1567,1160
7134,8720,18387,11128,18387,1567,1160
7127,8720,18388,11128,18388,1567,1159
7128,8720,18389,11128,18389,1567,1159
7128,8720,18390,11128,18390,1567,1159
7125,8720,18391,11128,18391,1567,1159
7125,8720,18392,11128,18392,1567,1159
7125,8720,18393,11128,18393,1567,1159
7123,8720,18394,11128,18394,1567,1159
7124,8720,18395,11128,18395,1567,1159
7124,8720,18396,11128,18396,1567,1159
7124,8720,18397,11128,18397,1567,1159
7125,8720,18398,11128,18398,1567,1159
7126,8720,18399,11128,18399,1567,1159
7127,8720,18400,11128,18400,1567,1159
7128,8720,18401,11128,18401,1567,1159
7128,8720,18402,11128,18402,1567,1159
7129,8720,18403,11128,18403,1567,1159
7127,8720,18404,11128,18404,1567,1159
7127,8720,18405,11128,18405,1567,1159
7125,8720,18406,11128,18406,1567,1159
7126,8720,18407,11128,18407,1567,1159
7121,8720,18408,11128,18408,1567,1159
7121,8720,18409,11128,18409,1567,1159
7122,8720,18410,11128,18410,1567,1159
7123,8720,18411,11128,18411,1567,1159
7124,8720,18412,11128,18412,1567,1159
7125,8720,18413,11128,18413,1567,1159
7126,8720,18414,11128,18414,1567,1159
7127,8720,18415,11128,18415,1567,1159
7128,8720,18416,11128,18416,1567,1159
7129,8720,18417,11128,18417,1567,1159
7129,8720,18418,11128,18418,1567,1159
7130,8720,18419,11128,18419,1567,1159
7131,8720,18420,11128,18420,1567,1159
7132,8720,18421,11128,18421,1567,1159
7133,8720,18422,11128,18422,1567,1159
7134,8720,18423,11128,18423,1567,1159
7134,8720,18424,11128,18424,1567,1159
7135,8720,18425,11128,18425,1567,1159
7133,8720,18426,11128,18426,1567,1159
7133,8720,18427,11128,18427,1567,1159
7134,8720,18428,11128,18428,1567,1159
7134,8720,18429,11128,18429,1567,1159
7134,8720,18430,11128,18430,1567,1159
7135,8720,18431,11128,18431,1567,1159
7136,8720,18432,11128,18432,1567,1159
7132,8720,18433,11128,18433,1567,1159
7133,8720,18434,11128,18434,1567,1159
7134,8720,18435,11128,18435,1567,1159
7132,8720,18436,11128,18436,1567,1159
7132,8720,18437,11128,18437,1567,1159
7128,8720,18438,11128,18438,1567,1159
7129,8720,18439,11128,18439,1567,1159
7130,8720,18440,11128,18440,1567,1159
7126,8720,18441,11128,18441,1567,1158
7125,8720,18442,11128,18442,1567,1158
7121,8720,18443,11128,18443,1567,1157
7122,8720,18444,11128,18444,1567,1157
7120,8720,18445,11128,18445,1567,1157
7119,8720,18446,11128,18446,1567,1157
7120,8720,18447,11128,18447,1567,1157
7121,8720,18448,11128,18448,1567,1157
7122,8720,18449,11128,18449,1567,1157
7123,8720,18450,11128,18450,1567,1157
7121,8720,18451,11128,18451,1567,1157
7121,8720,18452,11128,18452,1567,1157
7120,8720,18453,11128,18453,1567,1157
7120,8720,18454,11128,18454,1567,1157
7119,8720,18455,11128,18455,1567,1157
7120,8720,18456,11128,18456,1567,1157
7121,8720,18457,11128,18457,1567,1157
7122,8720,18458,11128,18458,1567,1157
7122,8720,18459,11128,18459,1567,1157
7120,8720,18460,11128,18460,1567,1156
7120,8720,18461,11128,18461,1567,1156
7120,8720,18462,11128,18462,1567,1156
7121,8720,18463,11128,18463,1567,1156
7122,8720,18464,11128,18464,1567,1156
7122,8720,18465,11128,18465,1567,1156
7123,8720,18466,11128,18466,1567,1156
7119,8720,18467,11128,18467,1567,1156
7120,8720,18468,11128,18468,1567,1156
7121,8720,18469,11128,18469,1567,1156
7122,8720,18470,11128,18470,1567,1156
7122,8720,18471,11128,18471,1567,1156
7120,8720,18472,11128,18472,1567,1156
7121,8720,18473,11128,18473,1567,1156
7122,8720,18474,11128,18474,1567,1156
7123,8720,18475,11128,18475,1567,1156
7124,8720,18476,11128,18476,1567,1156
7125,8720,18477,11128,18477,1567,1156
7126,8720,18478,11128,18478,1567,1156
7123,8720,18479,11128,18479,1567,1156
7124,8720,18480,11128,18480,1567,1156
7125,8720,18481,11128,18481,1567,1156
7124,8720,18482,11128,18482,1567,1156
7125,8720,18483,11128,18483,1567,1156
7125,8720,18484,11128,18484,1567,1156
7126,8720,18485,11128,18485,1567,1156
7123,8720,18486,11128,18486,1567,1156
7123,8720,18487,11128,18487,1567,1156
7124,8720,18488,11128,18488,1567,1156
7124,8720,18489,11128,18489,1567,1156
7125,8720,18490,11128,18490,1567,1156
7126,8720,18491,11128,18491,1567,1156
7127,8720,18492,11128,18492,1567,1156
7128,8720,18493,11128,18493,1567,1156
7129,8720,18494,11128,18494,1567,1156
7129,8720,18495,11128,18495,1567,1156
7129,8720,18496,11128,18496,1567,1156
7130,8720,18497,11128,18497,1567,1156
7131,8720,18498,11128,18498,1567,1156
7132,8720,18499,11128,18499,1567,1156
7131,8720,18500,11128,18500,1567,1156
7132,8720,18501,11128,18501,1567,1156
7132,8720,18502,11128,18502,1567,1156
7131,8720,18503,11128,18503,1567,1156
7126,8720,18504,11128,18504,1567,1155
7127,8720,18505,11128,18505,1567,1155
7128,8720,18506,11128,18506,1567,1155
7129,8720,18507,11128,18507,1567,1155
7130,8720,18508,11128,18508,1567,1155
7130,8720,18509,11128,18509,1567,1155
7131,8720,18510,11128,18510,1567,1155
7128,8720,18511,11128,18511,1567,1155
7127,8720,18512,11128,18512,1567,1155
7128,8720,18513,11128,18513,1567,1155
7122,8720,18514,11128,18514,1567,1155
7123,8720,18515,11128,18515,1567,1155
7123,8720,18516,11128,18516,1567,1155
7119,8720,18517,11128,18517,1567,1155
7118,8720,18518,11128,18518,1567,1155
7118,8720,18519,11128,18519,1567,1155
7119,8720,18520,11128,18520,1567,1155
7120,8720,18521,11128,18521,1567,1155
7118,8720,18522,11128,18522,1567,1155
7113,8720,18523,11128,18523,1567,1155
7113,8720,18524,11128,18524,1567,1155
7114,8720,18525,11128,18525,1567,1155
7115,8720,18526,11128,18526,1567,1155
7114,8720,18527,11128,18527,1567,1155
7112,8720,18528,11128,18528,1567,1155
7113,8720,18529,11128,18529,1567,1155
7114,8720,18530,11128,18530,1567,1155
7114,8720,18531,11128,18531,1567,1155
7112,8720,18532,11128,18532,1567,1155
7113,8720,18533,11128,18533,1567,1155
7114,8720,18534,11128,18534,1567,1155
7115,8720,18535,11128,18535,1567,1155
7116,8720,18536,11128,18536,1567,1155
7117,8720,18537,11128,18537,1567,1155
7118,8720,18538,11128,18538,1567,1155
7119,8720,18539,11128,18539,1567,1155
7119,8720,18540,11128,18540,1567,1155
7120,8720,18541,11128,18541,1567,1155
7119,8720,18542,11128,18542,1567,1155
7120,8720,18543,11128,18543,1567,1155
7112,8720,18544,11128,18544,1567,1153
7110,8720,18545,11128,18545,1567,1153
7111,8720,18546,11128,18546,1567,1153
7112,8720,18547,11128,18547,1567,1153
7108,8720,18548,11128,18548,1567,1152
7105,8720,18549,11128,18549,1567,1151
7103,8720,18550,11128,18550,1567,1151
7104,8720,18551,11128,18551,1567,1151
7105,8720,18552,11128,18552,1567,1151
7105,8720,18553,11128,18553,1567,1151
7105,8720,18554,11128,18554,1567,1151
7103,8720,18555,11128,18555,1567,1151
7102,8720,18556,11128,18556,1567,1151
7102,8720,18557,11128,18557,1567,1151
7101,8720,18558,11128,18558,1567,1151
7102,8720,18559,11128,18559,1567,1151
7103,8720,18560,11128,18560,1567,1151
7104,8720,18561,11128,18561,1567,1151
7105,8720,18562,11128,18562,1567,1151
7106,8720,18563,11128,18563,1567,1151
7107,8720,18564,11128,18564,1567,1151
7105,8720,18565,11128,18565,1567,1151
7105,8720,18566,11128,18566,1567,1151
7103,8720,18567,11128,18567,1567,1151
7104,8720,18568,11128,18568,1567,1151
7105,8720,18569,11128,18569,1567,1151
7106,8720,18570,11128,18570,1567,1151
7106,8720,18571,11128,18571,1567,1151
7107,8720,18572,11128,18572,1567,1151
7108,8720,18573,11128,18573,1567,1151
7108,8720,18574,11128,18574,1567,1151
7109,8720,18575,11128,18575,1567,1151
7110,8720,18576,11128,18576,1567,1151
7111,8720,18577,11128,18577,1567,1151
7112,8720,18578,11128,18578,1567,1151
7113,8720,18579,11128,18579,1567,1151
7112,8720,18580,11128,18580,1567,1151
7112,8720,18581,11128,18581,1567,1151
7113,8720,18582,11128,18582,1567,1151
7114,8720,18583,11128,18583,1567,1151
7115,8720,18584,11128,18584,1567,1151
7115,8720,18585,11128,18585,1567,1151
7116,8720,18586,11128,18586,1567,1151
7116,8720,18587,11128,18587,1567,1151
7112,8720,18588,11128,18588,1567,1151
7112,8720,18589,11128,18589,1567,1151
7110,8720,18590,11128,18590,1567,1151
7105,8720,18591,11128,18591,1567,1151
7103,8720,18592,11128,18592,1567,1151
7099,8720,18593,11128,18593,1567,1150
7099,8720,18594,11128,18594,1567,1150
7098,8720,18595,11128,18595,1567,1150
7099,8720,18596,11128,18596,1567,1150
7100,8720,18597,11128,18597,1567,1150
7098,8720,18598,11128,18598,1567,1150
7094,8720,18599,11128,18599,1567,1149
7094,8720,18600,11128,18600,1567,1149
7088,8720,18601,11128,18601,1567,1146
7088,8720,18602,11128,18602,1567,1146
7089,8720,18603,11128,18603,1567,1146
7089,8720,18604,11128,18604,1567,1146
7089,8720,18605,11128,18605,1567,1146
7088,8720,18606,11128,18606,1567,1146
7086,8720,18607,11128,18607,1567,1145
7085,8720,18608,11128,18608,1567,1145
7086,8720,18609,11128,18609,1567,1145
7087,8720,18610,11128,18610,1567,1145
7087,8720,18611,11128,18611,1567,1145
7088,8720,18612,11128,18612,1567,1145
7089,8720,18613,11128,18613,1567,1145
7090,8720,18614,11128,18614,1567,1145
7091,8720,18615,11128,18615,1567,1145
7092,8720,18616,11128,18616,1567,1145
7088,8720,18617,11128,18617,1567,1145
7089,8720,18618,11128,18618,1567,1145
7090,8720,18619,11128,18619,1567,1145
7088,8720,18620,11128,18620,1567,1143
7088,8720,18621,11128,18621,1567,1143
7089,8720,18622,11128,18622,1567,1143
7090,8720,18623,11128,18623,1567,1143
7091,8720,18624,11128,18624,1567,1143
7090,8720,18625,11128,18625,1567,1143
7089,8720,18626,11128,18626,1567,1143
7090,8720,18627,11128,18627,1567,1143
7090,8720,18628,11128,18628,1567,1143
7090,8720,18629,11128,18629,1567,1143
7091,8720,18630,11128,18630,1567,1143
7092,8720,18631,11128,18631,1567,1143
7092,8720,18632,11128,18632,1567,1143
7088,8720,18633,11128,18633,1567,1143
7088,8720,18634,11128,18634,1567,1143
7089,8720,18635,11128,18635,1567,1143
7090,8720,18636,11128,18636,1567,1143
7091,8720,18637,11128,18637,1567,1143
7090,8720,18638,11128,18638,1567,1143
7091,8720,18639,11128,18639,1567,1143
7092,8720,18640,11128,18640,1567,1143
7093,8720,18641,11128,18641,1567,1143
7094,8720,18642,11128,18642,1567,1143
7087,8720,18643,11128,18643,1567,1143
7088,8720,18644,11128,18644,1567,1143
7089,8720,18645,11128,18645,1567,1143
7090,8720,18646,11128,18646,1567,1143
7091,8720,18647,11128,18647,1567,1143
7091,8720,18648,11128,18648,1567,1143
7091,8720,18649,11128,18649,1567,1143
7091,8720,18650,11128,18650,1567,1143
7092,8720,18651,11128,18651,1567,1143
7090,8720,18652,11128,18652,1567,1143
7086,8720,18653,11128,18653,1567,1143
7086,8720,18654,11128,18654,1567,1143
7086,8720,18655,11128,18655,1567,1143
7087,8720,18656,11128,18656,1567,1143
7087,8720,18657,11128,18657,1567,1143
7086,8720,18658,11128,18658,1567,1143
7087,8720,18659,11128,18659,1567,1143
7088,8720,18660,11128,18660,1567,1143
7086,8720,18661,11128,18661,1567,1142
7087,8720,18662,11128,18662,1567,1142
7086,8720,18663,11128,18663,1567,1141
7087,8720,18664,11128,18664,1567,1141
7088,8720,18665,11128,18665,1567,1141
7088,8720,18666,11128,18666,1567,1141
7088,8720,18667,11128,18667,1567,1141
7088,8720,18668,11128,18668,1567,1141
7087,8720,18669,11128,18669,1567,1141
7088,8720,18670,11128,18670,1567,1141
7089,8720,18671,11128,18671,1567,1141
7090,8720,18672,11128,18672,1567,1141
7088,8720,18673,11128,18673,1567,1141
7087,8720,18674,11128,18674,1567,1141
7084,8720,18675,11128,18675,1567,1141
7083,8720,18676,11128,18676,1567,1141
7083,8720,18677,11128,18677,1567,1141
7084,8720,18678,11128,18678,1567,1141
7085,8720,18679,11128,18679,1567,1141
7083,8720,18680,11128,18680,1567,1141
7083,8720,18681,11128,18681,1567,1141
7083,8720,18682,11128,18682,1567,1141
7083,8720,18683,11128,18683,1567,1141
7080,8720,18684,11128,18684,1567,1141
7076,8720,18685,11128,18685,1567,1141
7077,8720,18686,11128,18686,1567,1141
7076,8720,18687,11128,18687,1567,1141
7076,8720,18688,11128,18688,1567,1141
7076,8720,18689,11128,18689,1567,1141
7074,8720,18690,11128,18690,1567,1141
7075,8720,18691,11128,18691,1567,1141
7076,8720,18692,11128,18692,1567,1141
7076,8720,18693,11128,18693,1567,1141
7077,8720,18694,11128,18694,1567,1141
7074,8720,18695,11128,18695,1567,1141
7074,8720,18696,11128,18696,1567,1141
7075,8720,18697,11128,18697,1567,1141
7076,8720,18698,11128,18698,1567,1141
7076,8720,18699,11128,18699,1567,1141
7077,8720,18700,11128,18700,1567,1141
7077,8720,18701,11128,18701,1567,1141
7078,8720,18702,11128,18702,1567,1141
7079,8720,18703,11128,18703,1567,1141
7079,8720,18704,11128,18704,1567,1141
7080,8720,18705,11128,18705,1567,1141
7081,8720,18706,11128,18706,1567,1141
7078,8720,18707,11128,18707,1567,1141
7079,8720,18708,11128,18708,1567,1141
7080,8720,18709,11128,18709,1567,1141
7080,8720,18710,11128,18710,1567,1141
7080,8720,18711,11128,18711,1567,1141
7081,8720,18712,11128,18712,1567,1141
7082,8720,18713,11128,18713,1567,1141
7082,8720,18714,11128,18714,1567,1141
7083,8720,18715,11128,18715,1567,1141
7079,8720,18716,11128,18716,1567,1140
7080,8720,18717,11128,18717,1567,1140
7081,8720,18718,11128,18718,1567,1140
7082,8720,18719,11128,18719,1567,1140
7078,8720,18720,11128,18720,1567,1140
7079,8720,18721,11128,18721,1567,1140
7080,8720,18722,11128,18722,1567,1140
7075,8720,18723,11128,18723,1567,1139
7076,8720,18724,11128,18724,1567,1139
7077,8720,18725,11128,18725,1567,1139
7077,8720,18726,11128,18726,1567,1139
7077,8720,18727,11128,18727,1567,1139
7078,8720,18728,11128,18728,1567,1139
7074,8720,18729,11128,18729,1567,1139
7074,8720,18730,11128,18730,1567,1139
7075,8720,18731,11128,18731,1567,1139
7074,8720,18732,11128,18732,1567,1139
7071,8720,18733,11128,18733,1567,1139
7071,8720,18734,11128,18734,1567,1139
7070,8720,18735,11128,18735,1567,1139
7070,8720,18736,11128,18736,1567,1139
7068,8720,18737,11128,18737,1567,1139
7069,8720,18738,11128,18738,1567,1139
7066,8720,18739,11128,18739,1567,1139
7066,8720,18740,11128,18740,1567,1139
7066,8720,18741,11128,18741,1567,1139
7067,8720,18742,11128,18742,1567,1139
7068,8720,18743,11128,18743,1567,1139
7064,8720,18744,11128,18744,1567,1138
7065,8720,18745,11128,18745,1567,1138
7066,8720,18746,11128,18746,1567,1138
7066,8720,18747,11128,18747,1567,1138
7065,8720,18748,11128,18748,1567,1138
7066,8720,18749,11128,18749,1567,1138
7065,8720,18750,11128,18750,1567,1138
7065,8720,18751,11128,18751,1567,1138
7064,8720,18752,11128,18752,1567,1138
7055,8720,18753,11128,18753,1567,1136
7053,8720,18754,11128,18754,1567,1136
7053,8720,18755,11128,18755,1567,1136
7054,8720,18756,11128,18756,1567,1136
7054,8720,18757,11128,18757,1567,1136
7054,8720,18758,11128,18758,1567,1136
7055,8720,18759,11128,18759,1567,1136
7056,8720,18760,11128,18760,1567,1136
7056,8720,18761,11128,18761,1567,1136
7057,8720,18762,11128,18762,1567,1136
7055,8720,18763,11128,18763,1567,1136
7052,8720,18764,11128,18764,1567,1136
7053,8720,18765,11128,18765,1567,1136
7054,8720,18766,11128,18766,1567,1136
7054,8720,18767,11128,18767,1567,1136
7055,8720,18768,11128,18768,1567,1136
7053,8720,18769,11128,18769,1567,1136
7054,8720,18770,11128,18770,1567,1136
7054,8720,18771,11128,18771,1567,1136
7054,8720,18772,11128,18772,1567,1136
7055,8720,18773,11128,18773,1567,1136
7052,8720,18774,11128,18774,1567,1135
7053,8720,18775,11128,18775,1567,1135
7054,8720,18776,11128,18776,1567,1135
7055,8720,18777,11128,18777,1567,1135
7056,8720,18778,11128,18778,1567,1135
7057,8720,18779,11128,18779,1567,1135
7057,8720,18780,11128,18780,1567,1135
7058,8720,18781,11128,18781,1567,1135
7059,8720,18782,11128,18782,1567,1135
7060,8720,18783,11128,18783,1567,1135
7060,8720,18784,11128,18784,1567,1135
7060,8720,18785,11128,18785,1567,1135
7061,8720,18786,11128,18786,1567,1135
7062,8720,18787,11128,18787,1567,1135
7063,8720,18788,11128,18788,1567,1135
7059,8720,18789,11128,18789,1567,1135
7059,8720,18790,11128,18790,1567,1135
7060,8720,18791,11128,18791,1567,1135
7057,8720,18792,11128,18792,1567,1135
7057,8720,18793,11128,18793,1567,1135
7057,8720,18794,11128,18794,1567,1135
7053,8720,18795,11128,18795,1567,1133
7053,8720,18796,11128,18796,1567,1133
7054,8720,18797,11128,18797,1567,1133
7054,8720,18798,11128,18798,1567,1133
7051,8720,18799,11128,18799,1567,1133
7052,8720,18800,11128,18800,1567,1133
7053,8720,18801,11128,18801,1567,1133
7053,8720,18802,11128,18802,1567,1133
7052,8720,18803,11128,18803,1567,1133
7052,8720,18804,11128,18804,1567,1133
7053,8720,18805,11128,18805,1567,1133
7053,8720,18806,11128,18806,1567,1133
7052,8720,18807,11128,18807,1567,1132
7052,8720,18808,11128,18808,1567,1132
7046,8720,18809,11128,18809,1567,1130
7046,8720,18810,11128,18810,1567,1130
7043,8720,18811,11128,18811,1567,1130
7042,8720,18812,11128,18812,1567,1130
7040,8720,18813,11128,18813,1567,1130
7041,8720,18814,11128,18814,1567,1130
7042,8720,18815,11128,18815,1567,1130
7040,8720,18816,11128,18816,1567,1129
7041,8720,18817,11128,18817,1567,1129
7042,8720,18818,11128,18818,1567,1129
7041,8720,18819,11128,18819,1567,1129
7041,8720,18820,11128,18820,1567,1129
7040,8720,18821,11128,18821,1567,1129
7041,8720,18822,11128,18822,1567,1129
7039,8720,18823,11128,18823,1567,1129
7034,8720,18824,11128,18824,1567,1129
7035,8720,18825,11128,18825,1567,1129
7031,8720,18826,11128,18826,1567,1129
7032,8720,18827,11128,18827,1567,1129
7032,8720,18828,11128,18828,1567,1129
7033,8720,18829,11128,18829,1567,1129
7033,8720,18830,11128,18830,1567,1129
7034,8720,18831,11128,18831,1567,1129
7034,8720,18832,11128,18832,1567,1129
7035,8720,18833,11128,18833,1567,1129
7035,8720,18834,11128,18834,1567,1129
7036,8720,18835,11128,18835,1567,1129
7036,8720,18836,11128,18836,1567,1129
7034,8720,18837,11128,18837,1567,1129
7033,8720,18838,11128,18838,1567,1129
7034,8720,18839,11128,18839,1567,1129
7031,8720,18840,11128,18840,1567,1129
7032,8720,18841,11128,18841,1567,1129
7033,8720,18842,11128,18842,1567,1129
7034,8720,18843,11128,18843,1567,1129
7035,8720,18844,11128,18844,1567,1129
7034,8720,18845,11128,18845,1567,1129
7030,8720,18846,11128,18846,1567,1129
7031,8720,18847,11128,18847,1567,1129
7032,8720,18848,11128,18848,1567,1129
7032,8720,18849,11128,18849,1567,1129
7033,8720,18850,11128,18850,1567,1129
7033,8720,18851,11128,18851,1567,1129
7031,8720,18852,11128,18852,1567,1129
7029,8720,18853,11128,18853,1567,1128
7029,8720,18854,11128,18854,1567,1128
7030,8720,18855,11128,18855,1567,1128
7031,8720,18856,11128,18856,1567,1128
7032,8720,18857,11128,18857,1567,1128
7028,8720,18858,11128,18858,1567,1127
7028,8720,18859,11128,18859,1567,1127
7026,8720,18860,11128,18860,1567,1127
7025,8720,18861,11128,18861,1567,1127
7024,8720,18862,11128,18862,1567,1127
7025,8720,18863,11128,18863,1567,1127
7021,8720,18864,11128,18864,1567,1125
7021,8720,18865,11128,18865,1567,1125
7021,8720,18866,11128,18866,1567,1125
7021,8720,18867,11128,18867,1567,1125
7022,8720,18868,11128,18868,1567,1125
7023,8720,18869,11128,18869,1567,1125
7024,8720,18870,11128,18870,1567,1125
7025,8720,18871,11128,18871,1567,1125
7025,8720,18872,11128,18872,1567,1125
7020,8720,18873,11128,18873,1567,1125
7020,8720,18874,11128,18874,1567,1125
7019,8720,18875,11128,18875,1567,1125
7020,8720,18876,11128,18876,1567,1125
7019,8720,18877,11128,18877,1567,1125
7020,8720,18878,11128,18878,1567,1125
7021,8720,18879,11128,18879,1567,1125
7021,8720,18880,11128,18880,1567,1125
7021,8720,18881,11128,18881,1567,1125
7021,8720,18882,11128,18882,1567,1125
7020,8720,18883,11128,18883,1567,1125
7019,8720,18884,11128,18884,1567,1125
7020,8720,18885,11128,18885,1567,1125
7021,8720,18886,11128,18886,1567,1125
7022,8720,18887,11128,18887,1567,1125
7023,8720,18888,11128,18888,1567,1125
7024,8720,18889,11128,18889,1567,1125
7023,8720,18890,11128,18890,1567,1125
7024,8720,18891,11128,18891,1567,1125
7025,8720,18892,11128,18892,1567,1125
7024,8720,18893,11128,18893,1567,1125
7020,8720,18894,11128,18894,1567,1125
7015,8720,18895,11128,18895,1567,1125
7016,8720,18896,11128,18896,1567,1125
7017,8720,18897,11128,18897,1567,1125
7018,8720,18898,11128,18898,1567,1125
7018,8720,18899,11128,18899,1567,1125
7019,8720,18900,11128,18900,1567,1125
7019,8720,18901,11128,18901,1567,1125
7019,8720,18902,11128,18902,1567,1125
7020,8720,18903,11128,18903,1567,1125
7014,8720,18904,11128,18904,1567,1122
7015,8720,18905,11128,18905,1567,1122
7015,8720,18906,11128,18906,1567,1122
7016,8720,18907,11128,18907,1567,1122
7015,8720,18908,11128,18908,1567,1122
7016,8720,18909,11128,18909,1567,1122
7016,8720,18910,11128,18910,1567,1122
7017,8720,18911,11128,18911,1567,1122
7015,8720,18912,11128,18912,1567,1122
7014,8720,18913,11128,18913,1567,1122
7013,8720,18914,11128,18914,1567,1122
7013,8720,18915,11128,18915,1567,1122
7009,8720,18916,11128,18916,1567,1122
7008,8720,18917,11128,18917,1567,1122
7008,8720,18918,11128,18918,1567,1122
7008,8720,18919,11128,18919,1567,1122
7009,8720,18920,11128,18920,1567,1122
7010,8720,18921,11128,18921,1567,1122
7011,8720,18922,11128,18922,1567,1122
7006,8720,18923,11128,18923,1567,1122
7006,8720,18924,11128,18924,1567,1122
7006,8720,18925,11128,18925,1567,1122
7005,8720,18926,11128,18926,1567,1122
7005,8720,18927,11128,18927,1567,1122
7006,8720,18928,11128,18928,1567,1122
7007,8720,18929,11128,18929,1567,1122
7007,8720,18930,11128,18930,1567,1122
7005,8720,18931,11128,18931,1567,1122
7004,8720,18932,11128,18932,1567,1122
7004,8720,18933,11128,18933,1567,1122
7005,8720,18934,11128,18934,1567,1122
7006,8720,18935,11128,18935,1567,1122
7003,8720,18936,11128,18936,1567,1121
7003,8720,18937,11128,18937,1567,1121
7003,8720,18938,11128,18938,1567,1121
7003,8720,18939,11128,18939,1567,1121
7004,8720,18940,11128,18940,1567,1121
7003,8720,18941,11128,18941,1567,1121
7004,8720,18942,11128,18942,1567,1121
7003,8720,18943,11128,18943,1567,1121
7004,8720,18944,11128,18944,1567,1121
7004,8720,18945,11128,18945,1567,1121
7005,8720,18946,11128,18946,1567,1121
7006,8720,18947,11128,18947,1567,1121
7006,8720,18948,11128,18948,1567,1121
7007,8720,18949,11128,18949,1567,1121
7008,8720,18950,11128,18950,1567,1121
7008,8720,18951,11128,18951,1567,1121
7009,8720,18952,11128,18952,1567,1121
7008,8720,18953,11128,18953,1567,1121
7009,8720,18954,11128,18954,1567,1121
7010,8720,18955,11128,18955,1567,1121
7010,8720,18956,11128,18956,1567,1121
7011,8720,18957,11128,18957,1567,1121
7010,8720,18958,11128,18958,1567,1121
7011,8720,18959,11128,18959,1567,1121
7011,8720,18960,11128,18960,1567,1121
7009,8720,18961,11128,18961,1567,1121
7010,8720,18962,11128,18962,1567,1121
7007,8720,18963,11128,18963,1567,1121
7008,8720,18964,11128,18964,1567,1121
7009,8720,18965,11128,18965,1567,1121
7010,8720,18966,11128,18966,1567,1121
7005,8720,18967,11128,18967,1567,1120
7004,8720,18968,11128,18968,1567,1120
7002,8720,18969,11128,18969,1567,1120
7003,8720,18970,11128,18970,1567,1120
7004,8720,18971,11128,18971,1567,1120
7001,8720,18972,11128,18972,1567,1120
7002,8720,18973,11128,18973,1567,1120
7002,8720,18974,11128,18974,1567,1120
7002,8720,18975,11128,18975,1567,1120
6996,8720,18976,11128,18976,1567,1119
6990,8720,18977,11128,18977,1567,1119
6990,8720,18978,11128,18978,1567,1119
6990,8720,18979,11128,18979,1567,1119
6990,8720,18980,11128,18980,1567,1119
6991,8720,18981,11128,18981,1567,1119
6991,8720,18982,11128,18982,1567,1119
6992,8720,18983,11128,18983,1567,1119
6993,8720,18984,11128,18984,1567,1119
6994,8720,18985,11128,18985,1567,1119
6994,8720,18986,11128,18986,1567,1119
6995,8720,18987,11128,18987,1567,1119
6991,8720,18988,11128,18988,1567,1119
6990,8720,18989,11128,18989,1567,1119
6990,8720,18990,11128,18990,1567,1119
6991,8720,18991,11128,18991,1567,1119
6990,8720,18992,11128,18992,1567,1119
6990,8720,18993,11128,18993,1567,1119
6991,8720,18994,11128,18994,1567,1119
6991,8720,18995,11128,18995,1567,1119
6992,8720,18996,11128,18996,1567,1119
6993,8720,18997,11128,18997,1567,1119
6993,8720,18998,11128,18998,1567,1119
6989,8720,18999,11128,18999,1567,1118
6990,8720,19000,11128,19000,1567,1118
6988,8720,19001,11128,19001,1567,1118
6989,8720,19002,11128,19002,1567,1118
6989,8720,19003,11128,19003,1567,1118
6986,8720,19004,11128,19004,1567,1118
6987,8720,19005,11128,19005,1567,1118
6988,8720,19006,11128,19006,1567,1118
6988,8720,19007,11128,19007,1567,1118
6988,8720,19008,11128,19008,1567,1118
6989,8720,19009,11128,19009,1567,1118
6990,8720,19010,11128,19010,1567,1118
6989,8720,19011,11128,19011,1567,1118
6989,8720,19012,11128,19012,1567,1118
6989,8720,19013,11128,19013,1567,1118
6990,8720,19014,11128,19014,1567,1118
6988,8720,19015,11128,19015,1567,1118
6989,8720,19016,11128,19016,1567,1118
6988,8720,19017,11128,19017,1567,1118
6989,8720,19018,11128,19018,1567,1118
6989,8720,19019,11128,19019,1567,1118
6985,8720,19020,11128,19020,1567,1117
6985,8720,19021,11128,19021,1567,1117
6986,8720,19022,11128,19022,1567,1117
6986,8720,19023,11128,19023,1567,1117
6987,8720,19024,11128,19024,1567,1117
6988,8720,19025,11128,19025,1567,1117
6989,8720,19026,11128,19026,1567,1117
6990,8720,19027,11128,19027,1567,1117
6987,8720,19028,11128,19028,1567,1117
6987,8720,19029,11128,19029,1567,1117
6986,8720,19030,11128,19030,1567,1117
6982,8720,19031,11128,19031,1567,1115
6983,8720,19032,11128,19032,1567,1115
6980,8720,19033,11128,19033,1567,1114
6981,8720,19034,11128,19034,1567,1114
6982,8720,19035,11128,19035,1567,1114
6983,8720,19036,11128,19036,1567,1114
6983,8720,19037,11128,19037,1567,1114
6982,8720,19038,11128,19038,1567,1114
6983,8720,19039,11128,19039,1567,1114
6983,8720,19040,11128,19040,1567,1114
6982,8720,19041,11128,19041,1567,1114
6982,8720,19042,11128,19042,1567,1114
6983,8720,19043,11128,19043,1567,1114
6984,8720,19044,11128,19044,1567,1114
6984,8720,19045,11128,19045,1567,1114
6984,8720,19046,11128,19046,1567,1114
6985,8720,19047,11128,19047,1567,1114
6986,8720,19048,11128,19048,1567,1114
6987,8720,19049,11128,19049,1567,1114
6988,8720,19050,11128,19050,1567,1114
6986,8720,19051,11128,19051,1567,1114
6986,8720,19052,11128,19052,1567,1114
6984,8720,19053,11128,19053,1567,1114
6980,8720,19054,11128,19054,1567,1113
6981,8720,19055,11128,19055,1567,1113
6982,8720,19056,11128,19056,1567,1113
6982,8720,19057,11128,19057,1567,1113
6982,8720,19058,11128,19058,1567,1113
6979,8720,19059,11128,19059,1567,1113
6980,8720,19060,11128,19060,1567,1113
6981,8720,19061,11128,19061,1567,1113
6982,8720,19062,11128,19062,1567,1113
6980,8720,19063,11128,19063,1567,1113
6977,8720,19064,11128,19064,1567,1113
6978,8720,19065,11128,19065,1567,1113
6979,8720,19066,11128,19066,1567,1113
6980,8720,19067,11128,19067,1567,1113
6976,8720,19068,11128,19068,1567,1113
6973,8720,19069,11128,19069,1567,1113
6974,8720,19070,11128,19070,1567,1113
6975,8720,19071,11128,19071,1567,1113
6976,8720,19072,11128,19072,1567,1113
6977,8720,19073,11128,19073,1567,1113
6977,8720,19074,11128,19074,1567,1113
6976,8720,19075,11128,19075,1567,1113
6977,8720,19076,11128,19076,1567,1113
6978,8720,19077,11128,19077,1567,1113
6975,8720,19078,11128,19078,1567,1113
6976,8720,19079,11128,19079,1567,1113
6976,8720,19080,11128,19080,1567,1113
6977,8720,19081,11128,19081,1567,1113
6977,8720,19082,11128,19082,1567,1113
6975,8720,19083,11128,19083,1567,1113
6976,8720,19084,11128,19084,1567,1113
6977,8720,19085,11128,19085,1567,1113
6978,8720,19086,11128,19086,1567,1113
6977,8720,19087,11128,19087,1567,1113
6978,8720,19088,11128,19088,1567,1113
6979,8720,19089,11128,19089,1567,1113
6979,8720,19090,11128,19090,1567,1113
6980,8720,19091,11128,19091,1567,1113
6981,8720,19092,11128,19092,1567,1113
6981,8720,19093,11128,19093,1567,1113
6982,8720,19094,11128,19094,1567,1113
6983,8720,19095,11128,19095,1567,1113
6984,8720,19096,11128,19096,1567,1113
6983,8720,19097,11128,19097,1567,1113
6983,8720,19098,11128,19098,1567,1113
6984,8720,19099,11128,19099,1567,1113
6985,8720,19100,11128,19100,1567,1113
6986,8720,19101,11128,19101,1567,1113
6987,8720,19102,11128,19102,1567,1113
6988,8720,19103,11128,19103,1567,1113
6989,8720,19104,11128,19104,1567,1113
6990,8720,19105,11128,19105,1567,1113
6991,8720,19106,11128,19106,1567,1113
6992,8720,19107,11128,19107,1567,1113
6988,8720,19108,11128,19108,1567,1112
6988,8720,19109,11128,19109,1567,1112
6987,8720,19110,11128,19110,1567,1112
6988,8720,19111,11128,19111,1567,1112
6987,8720,19112,11128,19112,1567,1112
6986,8720,19113,11128,19113,1567,1112
6987,8720,19114,11128,19114,1567,1112
6988,8720,19115,11128,19115,1567,1112
6986,8720,19116,11128,19116,1567,1112
6987,8720,19117,11128,19117,1567,1112
6987,8720,19118,11128,19118,1567,1112
6988,8720,19119,11128,19119,1567,1112
6986,8720,19120,11128,19120,1567,1112
6986,8720,19121,11128,19121,1567,1112
6987,8720,19122,11128,19122,1567,1112
6985,8720,19123,11128,19123,1567,1111
6985,8720,19124,11128,19124,1567,1111
6986,8720,19125,11128,19125,1567,1111
6987,8720,19126,11128,19126,1567,1111
6988,8720,19127,11128,19127,1567,1111
6988,8720,19128,11128,19128,1567,1111
6988,8720,19129,11128,19129,1567,1111
6988,8720,19130,11128,19130,1567,1111
6989,8720,19131,11128,19131,1567,1111
6988,8720,19132,11128,19132,1567,1111
6989,8720,19133,11128,19133,1567,1111
6990,8720,19134,11128,19134,1567,1111
6991,8720,19135,11128,19135,1567,1111
6992,8720,19136,11128,19136,1567,1111
6992,8720,19137,11128,19137,1567,1111
6993,8720,19138,11128,19138,1567,1111
6994,8720,19139,11128,19139,1567,1111
6994,8720,19140,11128,19140,1567,1111
6995,8720,19141,11128,19141,1567,1111
6996,8720,19142,11128,19142,1567,1111
6997,8720,19143,11128,19143,1567,1111
6995,8720,19144,11128,19144,1567,1111
6992,8720,19145,11128,19145,1567,1110
6993,8720,19146,11128,19146,1567,1110
6994,8720,19147,11128,19147,1567,1110
6995,8720,19148,11128,19148,1567,1110
6991,8720,19149,11128,19149,1567,1109
6992,8720,19150,11128,19150,1567,1109
6992,8720,19151,11128,19151,1567,1109
6992,8720,19152,11128,19152,1567,1109
6992,8720,19153,11128,19153,1567,1109
6993,8720,19154,11128,19154,1567,1109
6992,8720,19155,11128,19155,1567,1109
6990,8720,19156,11128,19156,1567,1109
6991,8720,19157,11128,19157,1567,1109
6991,8720,19158,11128,19158,1567,1109
6991,8720,19159,11128,19159,1567,1109
6991,8720,19160,11128,19160,1567,1109
6992,8720,19161,11128,19161,1567,1109
6992,8720,19162,11128,19162,1567,1109
6991,8720,19163,11128,19163,1567,1109
6992,8720,19164,11128,19164,1567,1109
6992,8720,19165,11128,19165,1567,1109
6993,8720,19166,11128,19166,1567,1109
6989,8720,19167,11128,19167,1567,1109
6990,8720,19168,11128,19168,1567,1109
6985,8720,19169,11128,19169,1567,1108
6986,8720,19170,11128,19170,1567,1108
6986,8720,19171,11128,19171,1567,1108
6986,8720,19172,11128,19172,1567,1108
6987,8720,19173,11128,19173,1567,1108
6987,8720,19174,11128,19174,1567,1108
6983,8720,19175,11128,19175,1567,1108
6983,8720,19176,11128,19176,1567,1108
6984,8720,19177,11128,19177,1567,1108
6984,8720,19178,11128,19178,1567,1108
6985,8720,19179,11128,19179,1567,1108
6986,8720,19180,11128,19180,1567,1108
6985,8720,19181,11128,19181,1567,1108
6985,8720,19182,11128,19182,1567,1108
6985,8720,19183,11128,19183,1567,1108
6979,8720,19184,11128,19184,1567,1105
6979,8720,19185,11128,19185,1567,1105
6980,8720,19186,11128,19186,1567,1105
6980,8720,19187,11128,19187,1567,1105
6979,8720,19188,11128,19188,1567,1105
6978,8720,19189,11128,19189,1567,1105
6979,8720,19190,11128,19190,1567,1105
6980,8720,19191,11128,19191,1567,1105
6980,8720,19192,11128,19192,1567,1105
6979,8720,19193,11128,19193,1567,1105
6974,8720,19194,11128,19194,1567,1104
6975,8720,19195,11128,19195,1567,1104
6976,8720,19196,11128,19196,1567,1104
6977,8720,19197,11128,19197,1567,1104
6978,8720,19198,11128,19198,1567,1104
6979,8720,19199,11128,19199,1567,1104
6980,8720,19200,11128,19200,1567,1104
6981,8720,19201,11128,19201,1567,1104
6978,8720,19202,11128,19202,1567,1103
6978,8720,19203,11128,19203,1567,1103
6973,8720,19204,11128,19204,1567,1102
6974,8720,19205,11128,19205,1567,1102
6974,8720,19206,11128,19206,1567,1102
6974,8720,19207,11128,19207,1567,1102
6975,8720,19208,11128,19208,1567,1102
6975,8720,19209,11128,19209,1567,1102
6976,8720,19210,11128,19210,1567,1102
6977,8720,19211,11128,19211,1567,1102
6977,8720,19212,11128,19212,1567,1102
6976,8720,19213,11128,19213,1567,1102
6977,8720,19214,11128,19214,1567,1102
6978,8720,19215,11128,19215,1567,1102
6977,8720,19216,11128,19216,1567,1102
6977,8720,19217,11128,19217,1567,1102
6976,8720,19218,11128,19218,1567,1102
6976,8720,19219,11128,19219,1567,1102
6976,8720,19220,11128,19220,1567,1102
6974,8720,19221,11128,19221,1567,1102
6970,8720,19222,11128,19222,1567,1102
6971,8720,19223,11128,19223,1567,1102
6968,8720,19224,11128,19224,1567,1102
6969,8720,19225,11128,19225,1567,1102
6970,8720,19226,11128,19226,1567,1102
6970,8720,19227,11128,19227,1567,1102
6971,8720,19228,11128,19228,1567,1102
6971,8720,19229,11128,19229,1567,1102
6972,8720,19230,11128,19230,1567,1102
6973,8720,19231,11128,19231,1567,1102
6974,8720,19232,11128,19232,1567,1102
6975,8720,19233,11128,19233,1567,1102
6974,8720,19234,11128,19234,1567,1102
6973,8720,19235,11128,19235,1567,1102
6974,8720,19236,11128,19236,1567,1102
6975,8720,19237,11128,19237,1567,1102
6976,8720,19238,11128,19238,1567,1102
6976,8720,19239,11128,19239,1567,1102
6977,8720,19240,11128,19240,1567,1102
6977,8720,19241,11128,19241,1567,1102
6977,8720,19242,11128,19242,1567,1102
6978,8720,19243,11128,19243,1567,1102
6978,8720,19244,11128,19244,1567,1102
6978,8720,19245,11128,19245,1567,1102
6979,8720,19246,11128,19246,1567,1102
6979,8720,19247,11128,19247,1567,1102
6979,8720,19248,11128,19248,1567,1102
6980,8720,19249,11128,19249,1567,1102
6981,8720,19250,11128,19250,1567,1102
6978,8720,19251,11128,19251,1567,1102
6975,8720,19252,11128,19252,1567,1102
6975,8720,19253,11128,19253,1567,1102
6976,8720,19254,11128,19254,1567,1102
6976,8720,19255,11128,19255,1567,1102
6976,8720,19256,11128,19256,1567,1102
6977,8720,19257,11128,19257,1567,1102
6975,8720,19258,11128,19258,1567,1102
6973,8720,19259,11128,19259,1567,1102
6973,8720,19260,11128,19260,1567,1102
6973,8720,19261,11128,19261,1567,1102
6971,8720,19262,11128,19262,1567,1102
6972,8720,19263,11128,19263,1567,1102
6972,8720,19264,11128,19264,1567,1102
6973,8720,19265,11128,19265,1567,1102
6971,8720,19266,11128,19266,1567,1102
6972,8720,19267,11128,19267,1567,1102
6973,8720,19268,11128,19268,1567,1102
6974,8720,19269,11128,19269,1567,1102
6972,8720,19270,11128,19270,1567,1102
6972,8720,19271,11128,19271,1567,1102
6972,8720,19272,11128,19272,1567,1102
6973,8720,19273,11128,19273,1567,1102
6971,8720,19274,11128,19274,1567,1102
6972,8720,19275,11128,19275,1567,1102
6972,8720,19276,11128,19276,1567,1102
6969,8720,19277,11128,19277,1567,1102
6968,8720,19278,11128,19278,1567,1102
6969,8720,19279,11128,19279,1567,1102
6969,8720,19280,11128,19280,1567,1102
6968,8720,19281,11128,19281,1567,1102
6969,8720,19282,11128,19282,1567,1102
6965,8720,19283,11128,19283,1567,1101
6966,8720,19284,11128,19284,1567,1101
6967,8720,19285,11128,19285,1567,1101
6966,8720,19286,11128,19286,1567,1101
6963,8720,19287,11128,19287,1567,1101
6961,8720,19288,11128,19288,1567,1101
6960,8720,19289,11128,19289,1567,1101
6961,8720,19290,11128,19290,1567,1101
6962,8720,19291,11128,19291,1567,1101
6963,8720,19292,11128,19292,1567,1101
6962,8720,19293,11128,19293,1567,1101
6960,8720,19294,11128,19294,1567,1100
6960,8720,19295,11128,19295,1567,1100
6960,8720,19296,11128,19296,1567,1100
6960,8720,19297,11128,19297,1567,1100
6960,8720,19298,11128,19298,1567,1100
6961,8720,19299,11128,19299,1567,1100
6961,8720,19300,11128,19300,1567,1100
6957,8720,19301,11128,19301,1567,1099
6957,8720,19302,11128,19302,1567,1099
6958,8720,19303,11128,19303,1567,1099
6959,8720,19304,11128,19304,1567,1099
6960,8720,19305,11128,19305,1567,1099
6961,8720,19306,11128,19306,1567,1099
6959,8720,19307,11128,19307,1567,1099
6958,8720,19308,11128,19308,1567,1099
6959,8720,19309,11128,19309,1567,1099
6959,8720,19310,11128,19310,1567,1099
6960,8720,19311,11128,19311,1567,1099
6960,8720,19312,11128,19312,1567,1099
6958,8720,19313,11128,19313,1567,1099
6959,8720,19314,11128,19314,1567,1099
6958,8720,19315,11128,19315,1567,1099
6959,8720,19316,11128,19316,1567,1099
6958,8720,19317,11128,19317,1567,1099
6959,8720,19318,11128,19318,1567,1099
6960,8720,19319,11128,19319,1567,1099
6960,8720,19320,11128,19320,1567,1099
6961,8720,19321,11128,19321,1567,1099
6960,8720,19322,11128,19322,1567,1099
6961,8720,19323,11128,19323,1567,1099
6962,8720,19324,11128,19324,1567,1099
6963,8720,19325,11128,19325,1567,1099
6964,8720,19326,11128,19326,1567,1099
6963,8720,19327,11128,19327,1567,1099
6964,8720,19328,11128,19328,1567,1099
6965,8720,19329,11128,19329,1567,1099
6965,8720,19330,11128,19330,1567,1099
6966,8720,19331,11128,19331,1567,1099
6967,8720,19332,11128,19332,1567,1099
6967,8720,19333,11128,19333,1567,1099
6968,8720,19334,11128,19334,1567,1099
6968,8720,19335,11128,19335,1567,1099
6967,8720,19336,11128,19336,1567,1099
6967,8720,19337,11128,19337,1567,1099
6968,8720,19338,11128,19338,1567,1099
6965,8720,19339,11128,19339,1567,1099
6966,8720,19340,11128,19340,1567,1099
6967,8720,19341,11128,19341,1567,1099
6968,8720,19342,11128,19342,1567,1099
6969,8720,19343,11128,19343,1567,1099
6968,8720,19344,11128,19344,1567,1099
6964,8720,19345,11128,19345,1567,1098
6965,8720,19346,11128,19346,1567,1098
6962,8720,19347,11128,19347,1567,1098
6962,8720,19348,11128,19348,1567,1098
6958,8720,19349,11128,19349,1567,1097
6957,8720,19350,11128,19350,1567,1097
6958,8720,19351,11128,19351,1567,1097
6955,8720,19352,11128,19352,1567,1097
6954,8720,19353,11128,19353,1567,1097
6954,8720,19354,11128,19354,1567,1097
6955,8720,19355,11128,19355,1567,1097
6956,8720,19356,11128,19356,1567,1097
6956,8720,19357,11128,19357,1567,1097
6955,8720,19358,11128,19358,1567,1097
6950,8720,19359,11128,19359,1567,1096
6949,8720,19360,11128,19360,1567,1096
6950,8720,19361,11128,19361,1567,1096
6951,8720,19362,11128,19362,1567,1096
6952,8720,19363,11128,19363,1567,1096
6949,8720,19364,11128,19364,1567,1096
6950,8720,19365,11128,19365,1567,1096
6950,8720,19366,11128,19366,1567,1096
6951,8720,19367,11128,19367,1567,1096
6952,8720,19368,11128,19368,1567,1096
6952,8720,19369,11128,19369,1567,1096
6953,8720,19370,11128,19370,1567,1096
6953,8720,19371,11128,19371,1567,1096
6953,8720,19372,11128,19372,1567,1096
6954,8720,19373,11128,19373,1567,1096
6955,8720,19374,11128,19374,1567,1096
6954,8720,19375,11128,19375,1567,1096
6955,8720,19376,11128,19376,1567,1096
6956,8720,19377,11128,19377,1567,1096
6956,8720,19378,11128,19378,1567,1096
6957,8720,19379,11128,19379,1567,1096
6958,8720,19380,11128,19380,1567,1096
6959,8720,19381,11128,19381,1567,1096
6960,8720,19382,11128,19382,1567,1096
6961,8720,19383,11128,19383,1567,1096
6958,8720,19384,11128,19384,1567,1096
6959,8720,19385,11128,19385,1567,1096
6958,8720,19386,11128,19386,1567,1096
6959,8720,19387,11128,19387,1567,1096
6959,8720,19388,11128,19388,1567,1096
6955,8720,19389,11128,19389,1567,1096
6956,8720,19390,11128,19390,1567,1096
6957,8720,19391,11128,19391,1567,1096
6957,8720,19392,11128,19392,1567,1096
6953,8720,19393,11128,19393,1567,1095
6954,8720,19394,11128,19394,1567,1095
6954,8720,19395,11128,19395,1567,1095
6955,8720,19396,11128,19396,1567,1095
6955,8720,19397,11128,19397,1567,1095
6951,8720,19398,11128,19398,1567,1094
6945,8720,19399,11128,19399,1567,1093
6946,8720,19400,11128,19400,1567,1093
6947,8720,19401,11128,19401,1567,1093
6948,8720,19402,11128,19402,1567,1093
6949,8720,19403,11128,19403,1567,1093
6950,8720,19404,11128,19404,1567,1093
6947,8720,19405,11128,19405,1567,1092
6948,8720,19406,11128,19406,1567,1092
6948,8720,19407,11128,19407,1567,1092
6948,8720,19408,11128,19408,1567,1092
6949,8720,19409,11128,19409,1567,1092
6950,8720,19410,11128,19410,1567,1092
6949,8720,19411,11128,19411,1567,1092
6944,8720,19412,11128,19412,1567,1091
6941,8720,19413,11128,19413,1567,1091
6941,8720,19414,11128,19414,1567,1091
6941,8720,19415,11128,19415,1567,1091
6937,8720,19416,11128,19416,1567,1090
6938,8720,19417,11128,19417,1567,1090
6939,8720,19418,11128,19418,1567,1090
6939,8720,19419,11128,19419,1567,1090
6937,8720,19420,11128,19420,1567,1090
6934,8720,19421,11128,19421,1567,1090
6927,8720,19422,11128,19422,1567,1088
6928,8720,19423,11128,19423,1567,1088
6929,8720,19424,11128,19424,1567,1088
6930,8720,19425,11128,19425,1567,1088
6928,8720,19426,11128,19426,1567,1088
6928,8720,19427,11128,19427,1567,1088
6928,8720,19428,11128,19428,1567,1088
6927,8720,19429,11128,19429,1567,1088
6928,8720,19430,11128,19430,1567,1088
6928,8720,19431,11128,19431,1567,1088
6929,8720,19432,11128,19432,1567,1088
6928,8720,19433,11128,19433,1567,1088
6926,8720,19434,11128,19434,1567,1088
6927,8720,19435,11128,19435,1567,1088
6927,8720,19436,11128,19436,1567,1088
6925,8720,19437,11128,19437,1567,1088
6923,8720,19438,11128,19438,1567,1088
6923,8720,19439,11128,19439,1567,1088
6922,8720,19440,11128,19440,1567,1088
6923,8720,19441,11128,19441,1567,1088
6921,8720,19442,11128,19442,1567,1088
6918,8720,19443,11128,19443,1567,1088
6918,8720,19444,11128,19444,1567,1088
6919,8720,19445,11128,19445,1567,1088
6920,8720,19446,11128,19446,1567,1088
6914,8720,19447,11128,19447,1567,1086
6914,8720,19448,11128,19448,1567,1086
6912,8720,19449,11128,19449,1567,1086
6909,8720,19450,11128,19450,1567,1084
6910,8720,19451,11128,19451,1567,1084
6911,8720,19452,11128,19452,1567,1084
6910,8720,19453,11128,19453,1567,1084
6908,8720,19454,11128,19454,1567,1084
6909,8720,19455,11128,19455,1567,1084
6907,8720,19456,11128,19456,1567,1084
6907,8720,19457,11128,19457,1567,1084
6908,8720,19458,11128,19458,1567,1084
6909,8720,19459,11128,19459,1567,1084
6909,8720,19460,11128,19460,1567,1084
6909,8720,19461,11128,19461,1567,1084
6910,8720,19462,11128,19462,1567,1084
6905,8720,19463,11128,19463,1567,1083
6905,8720,19464,11128,19464,1567,1083
6906,8720,19465,11128,19465,1567,1083
6906,8720,19466,11128,19466,1567,1083
6907,8720,19467,11128,19467,1567,1083
6908,8720,19468,11128,19468,1567,1083
6909,8720,19469,11128,19469,1567,1083
6910,8720,19470,11128,19470,1567,1083
6908,8720,19471,11128,19471,1567,1083
6904,8720,19472,11128,19472,1567,1083
6904,8720,19473,11128,19473,1567,1083
6905,8720,19474,11128,19474,1567,1083
6906,8720,19475,11128,19475,1567,1083
6902,8720,19476,11128,19476,1567,1083
6903,8720,19477,11128,19477,1567,1083
6903,8720,19478,11128,19478,1567,1083
6904,8720,19479,11128,19479,1567,1083
6905,8720,19480,11128,19480,1567,1083
6904,8720,19481,11128,19481,1567,1083
6905,8720,19482,11128,19482,1567,1083
6905,8720,19483,11128,19483,1567,1083
6906,8720,19484,11128,19484,1567,1083
6907,8720,19485,11128,19485,1567,1083
6908,8720,19486,11128,19486,1567,1083
6908,8720,19487,11128,19487,1567,1083
6909,8720,19488,11128,19488,1567,1083
6909,8720,19489,11128,19489,1567,1083
6909,8720,19490,11128,19490,1567,1083
6909,8720,19491,11128,19491,1567,1083
6909,8720,19492,11128,19492,1567,1083
6907,8720,19493,11128,19493,1567,1083
6908,8720,19494,11128,19494,1567,1083
6906,8720,19495,11128,19495,1567,1083
6906,8720,19496,11128,19496,1567,1083
6907,8720,19497,11128,19497,1567,1083
6907,8720,19498,11128,19498,1567,1083
6907,8720,19499,11128,19499,1567,1083
6905,8720,19500,11128,19500,1567,1083
6906,8720,19501,11128,19501,1567,1083
6903,8720,19502,11128,19502,1567,1083
6902,8720,19503,11128,19503,1567,1083
6899,8720,19504,11128,19504,1567,1083
6900,8720,19505,11128,19505,1567,1083
6899,8720,19506,11128,19506,1567,1083
6899,8720,19507,11128,19507,1567,1083
6897,8720,19508,11128,19508,1567,1083
6892,8720,19509,11128,19509,1567,1081
6891,8720,19510,11128,19510,1567,1081
6891,8720,19511,11128,19511,1567,1081
6891,8720,19512,11128,19512,1567,1081
6889,8720,19513,11128,19513,1567,1081
6889,8720,19514,11128,19514,1567,1081
6889,8720,19515,11128,19515,1567,1081
6889,8720,19516,11128,19516,1567,1081
6889,8720,19517,11128,19517,1567,1081
6889,8720,19518,11128,19518,1567,1081
6888,8720,19519,11128,19519,1567,1081
6889,8720,19520,11128,19520,1567,1081
6884,8720,19521,11128,19521,1567,1081
6883,8720,19522,11128,19522,1567,1081
6884,8720,19523,11128,19523,1567,1081
6885,8720,19524,11128,19524,1567,1081
6886,8720,19525,11128,19525,1567,1081
6886,8720,19526,11128,19526,1567,1081
6887,8720,19527,11128,19527,1567,1081
6883,8720,19528,11128,19528,1567,1081
6883,8720,19529,11128,19529,1567,1081
6884,8720,19530,11128,19530,1567,1081
6879,8720,19531,11128,19531,1567,1078
6879,8720,19532,11128,19532,1567,1078
6877,8720,19533,11128,19533,1567,1077
6876,8720,19534,11128,19534,1567,1077
6877,8720,19535,11128,19535,1567,1077
6876,8720,19536,11128,19536,1567,1077
6877,8720,19537,11128,19537,1567,1077
6876,8720,19538,11128,19538,1567,1077
6875,8720,19539,11128,19539,1567,1077
6875,8720,19540,11128,19540,1567,1077
6876,8720,19541,11128,19541,1567,1077
6876,8720,19542,11128,19542,1567,1077
6877,8720,19543,11128,19543,1567,1077
6876,8720,19544,11128,19544,1567,1077
6875,8720,19545,11128,19545,1567,1077
6876,8720,19546,11128,19546,1567,1077
6874,8720,19547,11128,19547,1567,1077
6872,8720,19548,11128,19548,1567,1077
6872,8720,19549,11128,19549,1567,1077
6871,8720,19550,11128,19550,1567,1077
6872,8720,19551,11128,19551,1567,1077
6872,8720,19552,11128,19552,1567,1077
6873,8720,19553,11128,19553,1567,1077
6872,8720,19554,11128,19554,1567,1077
6871,8720,19555,11128,19555,1567,1077
6871,8720,19556,11128,19556,1567,1077
6871,8720,19557,11128,19557,1567,1077
6872,8720,19558,11128,19558,1567,1077
6870,8720,19559,11128,19559,1567,1077
6869,8720,19560,11128,19560,1567,1077
6867,8720,19561,11128,19561,1567,1077
6864,8720,19562,11128,19562,1567,1077
6864,8720,19563,11128,19563,1567,1077
6865,8720,19564,11128,19564,1567,1077
6865,8720,19565,11128,19565,1567,1077
6864,8720,19566,11128,19566,1567,1077
6865,8720,19567,11128,19567,1567,1077
6866,8720,19568,11128,19568,1567,1077
6866,8720,19569,11128,19569,1567,1077
6867,8720,19570,11128,19570,1567,1077
6865,8720,19571,11128,19571,1567,1077
6866,8720,19572,11128,19572,1567,1077
6867,8720,19573,11128,19573,1567,1077
6867,8720,19574,11128,19574,1567,1077
6867,8720,19575,11128,19575,1567,1077
6868,8720,19576,11128,19576,1567,1077
6862,8720,19577,11128,19577,1567,1076
6862,8720,19578,11128,19578,1567,1076
6862,8720,19579,11128,19579,1567,1076
6862,8720,19580,11128,19580,1567,1076
6860,8720,19581,11128,19581,1567,1076
6860,8720,19582,11128,19582,1567,1076
6861,8720,19583,11128,19583,1567,1076
6862,8720,19584,11128,19584,1567,1076
6862,8720,19585,11128,19585,1567,1076
6863,8720,19586,11128,19586,1567,1076
6862,8720,19587,11128,19587,1567,1076
6860,8720,19588,11128,19588,1567,1076
6861,8720,19589,11128,19589,1567,1076
6862,8720,19590,11128,19590,1567,1076
6859,8720,19591,11128,19591,1567,1076
6860,8720,19592,11128,19592,1567,1076
6857,8720,19593,11128,19593,1567,1076
6857,8720,19594,11128,19594,1567,1076
6858,8720,19595,11128,19595,1567,1076
6857,8720,19596,11128,19596,1567,1076
6858,8720,19597,11128,19597,1567,1076
6858,8720,19598,11128,19598,1567,1076
6855,8720,19599,11128,19599,1567,1076
6855,8720,19600,11128,19600,1567,1076
6856,8720,19601,11128,19601,1567,1076
6856,8720,19602,11128,19602,1567,1076
6856,8720,19603,11128,19603,1567,1076
6857,8720,19604,11128,19604,1567,1076
6856,8720,19605,11128,19605,1567,1076
6855,8720,19606,11128,19606,1567,1076
6856,8720,19607,11128,19607,1567,1076
6849,8720,19608,11128,19608,1567,1074
6849,8720,19609,11128,19609,1567,1074
6848,8720,19610,11128,19610,1567,1074
6846,8720,19611,11128,19611,1567,1074
6845,8720,19612,11128,19612,1567,1074
6846,8720,19613,11128,19613,1567,1074
6847,8720,19614,11128,19614,1567,1074
6848,8720,19615,11128,19615,1567,1074
6849,8720,19616,11128,19616,1567,1074
6850,8720,19617,11128,19617,1567,1074
6851,8720,19618,11128,19618,1567,1074
6852,8720,19619,11128,19619,1567,1074
6853,8720,19620,11128,19620,1567,1074
6852,8720,19621,11128,19621,1567,1074
6852,8720,19622,11128,19622,1567,1074
6853,8720,19623,11128,19623,1567,1074
6849,8720,19624,11128,19624,1567,1073
6848,8720,19625,11128,19625,1567,1073
6844,8720,19626,11128,19626,1567,1073
6845,8720,19627,11128,19627,1567,1073
6845,8720,19628,11128,19628,1567,1073
6846,8720,19629,11128,19629,1567,1073
6842,8720,19630,11128,19630,1567,1072
6839,8720,19631,11128,19631,1567,1071
6840,8720,19632,11128,19632,1567,1071
6839,8720,19633,11128,19633,1567,1071
6835,8720,19634,11128,19634,1567,1071
6834,8720,19635,11128,19635,1567,1071
6833,8720,19636,11128,19636,1567,1071
6833,8720,19637,11128,19637,1567,1071
6831,8720,19638,11128,19638,1567,1071
6832,8720,19639,11128,19639,1567,1071
6833,8720,19640,11128,19640,1567,1071
6833,8720,19641,11128,19641,1567,1071
6834,8720,19642,11128,19642,1567,1071
6833,8720,19643,11128,19643,1567,1071
6834,8720,19644,11128,19644,1567,1071
6835,8720,19645,11128,19645,1567,1071
6833,8720,19646,11128,19646,1567,1071
6833,8720,19647,11128,19647,1567,1071
6833,8720,19648,11128,19648,1567,1071
6833,8720,19649,11128,19649,1567,1071
6834,8720,19650,11128,19650,1567,1071
6834,8720,19651,11128,19651,1567,1071
6833,8720,19652,11128,19652,1567,1071
6834,8720,19653,11128,19653,1567,1071
6832,8720,19654,11128,19654,1567,1071
6832,8720,19655,11128,19655,1567,1071
6833,8720,19656,11128,19656,1567,1071
6832,8720,19657,11128,19657,1567,1071
6832,8720,19658,11128,19658,1567,1071
6832,8720,19659,11128,19659,1567,1071
6833,8720,19660,11128,19660,1567,1071
6833,8720,19661,11128,19661,1567,1071
6832,8720,19662,11128,19662,1567,1071
6826,8720,19663,11128,19663,1567,1071
6826,8720,19664,11128,19664,1567,1071
6826,8720,19665,11128,19665,1567,1071
6825,8720,19666,11128,19666,1567,1071
6825,8720,19667,11128,19667,1567,1071
6826,8720,19668,11128,19668,1567,1071
6827,8720,19669,11128,19669,1567,1071
6828,8720,19670,11128,19670,1567,1071
6829,8720,19671,11128,19671,1567,1071
6830,8720,19672,11128,19672,1567,1071
6831,8720,19673,11128,19673,1567,1071
6830,8720,19674,11128,19674,1567,1071
6831,8720,19675,11128,19675,1567,1071
6830,8720,19676,11128,19676,1567,1071
6831,8720,19677,11128,19677,1567,1071
6832,8720,19678,11128,19678,1567,1071
6831,8720,19679,11128,19679,1567,1070
6832,8720,19680,11128,19680,1567,1070
6833,8720,19681,11128,19681,1567,1070
6833,8720,19682,11128,19682,1567,1070
6831,8720,19683,11128,19683,1567,1070
6830,8720,19684,11128,19684,1567,1070
6830,8720,19685,11128,19685,1567,1070
6829,8720,19686,11128,19686,1567,1070
6830,8720,19687,11128,19687,1567,1070
6829,8720,19688,11128,19688,1567,1070
6830,8720,19689,11128,19689,1567,1070
6830,8720,19690,11128,19690,1567,1070
6831,8720,19691,11128,19691,1567,1070
6832,8720,19692,11128,19692,1567,1070
6833,8720,19693,11128,19693,1567,1070
6834,8720,19694,11128,19694,1567,1070
6835,8720,19695,11128,19695,1567,1070
6835,8720,19696,11128,19696,1567,1070
6836,8720,19697,11128,19697,1567,1070
6836,8720,19698,11128,19698,1567,1070
6837,8720,19699,11128,19699,1567,1070
6838,8720,19700,11128,19700,1567,1070
6839,8720,19701,11128,19701,1567,1070
6840,8720,19702,11128,19702,1567,1070
6841,8720,19703,11128,19703,1567,1070
6841,8720,19704,11128,19704,1567,1070
6841,8720,19705,11128,19705,1567,1070
6842,8720,19706,11128,19706,1567,1070
6843,8720,19707,11128,19707,1567,1070
6842,8720,19708,11128,19708,1567,1070
6837,8720,19709,11128,19709,1567,1069
6833,8720,19710,11128,19710,1567,1068
6832,8720,19711,11128,19711,1567,1068
6833,8720,19712,11128,19712,1567,1068
6833,8720,19713,11128,19713,1567,1068
6834,8720,19714,11128,19714,1567,1068
6829,8720,19715,11128,19715,1567,1068
6829,8720,19716,11128,19716,1567,1068
6830,8720,19717,11128,19717,1567,1068
6826,8720,19718,11128,19718,1567,1068
6822,8720,19719,11128,19719,1567,1067
6818,8720,19720,11128,19720,1567,1065
6819,8720,19721,11128,19721,1567,1065
6820,8720,19722,11128,19722,1567,1065
6820,8720,19723,11128,19723,1567,1065
6821,8720,19724,11128,19724,1567,1065
6822,8720,19725,11128,19725,1567,1065
6822,8720,19726,11128,19726,1567,1065
6823,8720,19727,11128,19727,1567,1065
6821,8720,19728,11128,19728,1567,1065
6822,8720,19729,11128,19729,1567,1065
6818,8720,19730,11128,19730,1567,1064
6815,8720,19731,11128,19731,1567,1063
6816,8720,19732,11128,19732,1567,1063
6817,8720,19733,11128,19733,1567,1063
6817,8720,19734,11128,19734,1567,1063
6817,8720,19735,11128,19735,1567,1063
6818,8720,19736,11128,19736,1567,1063
6819,8720,19737,11128,19737,1567,1063
6819,8720,19738,11128,19738,1567,1063
6818,8720,19739,11128,19739,1567,1063
6818,8720,19740,11128,19740,1567,1063
6818,8720,19741,11128,19741,1567,1063
6818,8720,19742,11128,19742,1567,1063
6814,8720,19743,11128,19743,1567,1063
6812,8720,19744,11128,19744,1567,1063
6809,8720,19745,11128,19745,1567,1063
6810,8720,19746,11128,19746,1567,1063
6806,8720,19747,11128,19747,1567,1062
6807,8720,19748,11128,19748,1567,1062
6808,8720,19749,11128,19749,1567,1062
6804,8720,19750,11128,19750,1567,1062
6804,8720,19751,11128,19751,1567,1062
6803,8720,19752,11128,19752,1567,1062
6804,8720,19753,11128,19753,1567,1062
6805,8720,19754,11128,19754,1567,1062
6806,8720,19755,11128,19755,1567,1062
6807,8720,19756,11128,19756,1567,1062
6804,8720,19757,11128,19757,1567,1062
6803,8720,19758,11128,19758,1567,1062
6804,8720,19759,11128,19759,1567,1062
6805,8720,19760,11128,19760,1567,1062
6803,8720,19761,11128,19761,1567,1062
6802,8720,19762,11128,19762,1567,1062
6798,8720,19763,11128,19763,1567,1062
6797,8720,19764,11128,19764,1567,1062
6798,8720,19765,11128,19765,1567,1062
6792,8720,19766,11128,19766,1567,1062
6793,8720,19767,11128,19767,1567,1062
6789,8720,19768,11128,19768,1567,1061
6790,8720,19769,11128,19769,1567,1061
6790,8720,19770,11128,19770,1567,1061
6790,8720,19771,11128,19771,1567,1061
6789,8720,19772,11128,19772,1567,1061
6785,8720,19773,11128,19773,1567,1059
6785,8720,19774,11128,19774,1567,1059
6786,8720,19775,11128,19775,1567,1059
6785,8720,19776,11128,19776,1567,1059
6785,8720,19777,11128,19777,1567,1059
6781,8720,19778,11128,19778,1567,1059
6782,8720,19779,11128,19779,1567,1059
6782,8720,19780,11128,19780,1567,1059
6781,8720,19781,11128,19781,1567,1059
6780,8720,19782,11128,19782,1567,1059
6777,8720,19783,11128,19783,1567,1059
6778,8720,19784,11128,19784,1567,1059
6777,8720,19785,11128,19785,1567,1059
6776,8720,19786,11128,19786,1567,1059
6777,8720,19787,11128,19787,1567,1059
6776,8720,19788,11128,19788,1567,1059
6777,8720,19789,11128,19789,1567,1059
6773,8720,19790,11128,19790,1567,1059
6771,8720,19791,11128,19791,1567,1059
6768,8720,19792,11128,19792,1567,1057
6767,8720,19793,11128,19793,1567,1057
6766,8720,19794,11128,19794,1567,1057
6766,8720,19795,11128,19795,1567,1057
6766,8720,19796,11128,19796,1567,1057
6767,8720,19797,11128,19797,1567,1057
6765,8720,19798,11128,19798,1567,1056
6766,8720,19799,11128,19799,1567,1056
6767,8720,19800,11128,19800,1567,1056
6768,8720,19801,11128,19801,1567,1056
6769,8720,19802,11128,19802,1567,1056
6770,8720,19803,11128,19803,1567,1056
6770,8720,19804,11128,19804,1567,1056
6767,8720,19805,11128,19805,1567,1056
6767,8720,19806,11128,19806,1567,1056
6768,8720,19807,11128,19807,1567,1056
6768,8720,19808,11128,19808,1567,1056
6766,8720,19809,11128,19809,1567,1055
6767,8720,19810,11128,19810,1567,1055
6767,8720,19811,11128,19811,1567,1055
6768,8720,19812,11128,19812,1567,1055
6768,8720,19813,11128,19813,1567,1055
6769,8720,19814,11128,19814,1567,1055
6770,8720,19815,11128,19815,1567,1055
6771,8720,19816,11128,19816,1567,1055
6771,8720,19817,11128,19817,1567,1055
6766,8720,19818,11128,19818,1567,1055
6766,8720,19819,11128,19819,1567,1055
6767,8720,19820,11128,19820,1567,1055
6766,8720,19821,11128,19821,1567,1055
6764,8720,19822,11128,19822,1567,1055
6764,8720,19823,11128,19823,1567,1055
6763,8720,19824,11128,19824,1567,1054
6764,8720,19825,11128,19825,1567,1054
6761,8720,19826,11128,19826,1567,1053
6761,8720,19827,11128,19827,1567,1053
6762,8720,19828,11128,19828,1567,1053
6763,8720,19829,11128,19829,1567,1053
6762,8720,19830,11128,19830,1567,1053
6763,8720,19831,11128,19831,1567,1053
6757,8720,19832,11128,19832,1567,1051
6758,8720,19833,11128,19833,1567,1051
6758,8720,19834,11128,19834,1567,1051
6758,8720,19835,11128,19835,1567,1051
6758,8720,19836,11128,19836,1567,1051
6759,8720,19837,11128,19837,1567,1051
6759,8720,19838,11128,19838,1567,1051
6760,8720,19839,11128,19839,1567,1051
6760,8720,19840,11128,19840,1567,1051
6761,8720,19841,11128,19841,1567,1051
6762,8720,19842,11128,19842,1567,1051
6763,8720,19843,11128,19843,1567,1051
6763,8720,19844,11128,19844,1567,1051
6764,8720,19845,11128,19845,1567,1051
6763,8720,19846,11128,19846,1567,1051
6759,8720,19847,11128,19847,1567,1051
6758,8720,19848,11128,19848,1567,1051
6758,8720,19849,11128,19849,1567,1051
6758,8720,19850,11128,19850,1567,1051
6758,8720,19851,11128,19851,1567,1051
6759,8720,19852,11128,19852,1567,1051
6759,8720,19853,11128,19853,1567,1051
6758,8720,19854,11128,19854,1567,1051
6756,8720,19855,11128,19855,1567,1051
6757,8720,19856,11128,19856,1567,1051
6757,8720,19857,11128,19857,1567,1051
6758,8720,19858,11128,19858,1567,1051
6759,8720,19859,11128,19859,1567,1051
6760,8720,19860,11128,19860,1567,1051
6761,8720,19861,11128,19861,1567,1051
6762,8720,19862,11128,19862,1567,1051
6762,8720,19863,11128,19863,1567,1051
6762,8720,19864,11128,19864,1567,1051
6761,8720,19865,11128,19865,1567,1051
6762,8720,19866,11128,19866,1567,1051
6762,8720,19867,11128,19867,1567,1051
6763,8720,19868,11128,19868,1567,1051
6763,8720,19869,11128,19869,1567,1051
6764,8720,19870,11128,19870,1567,1051
6765,8720,19871,11128,19871,1567,1051
6763,8720,19872,11128,19872,1567,1050
6764,8720,19873,11128,19873,1567,1050
6765,8720,19874,11128,19874,1567,1050
6766,8720,19875,11128,19875,1567,1050
6762,8720,19876,11128,19876,1567,1049
6762,8720,19877,11128,19877,1567,1049
6763,8720,19878,11128,19878,1567,1049
6763,8720,19879,11128,19879,1567,1049
6764,8720,19880,11128,19880,1567,1049
6762,8720,19881,11128,19881,1567,1049
6763,8720,19882,11128,19882,1567,1049
6762,8720,19883,11128,19883,1567,1049
6762,8720,19884,11128,19884,1567,1049
6762,8720,19885,11128,19885,1567,1049
6759,8720,19886,11128,19886,1567,1049
6760,8720,19887,11128,19887,1567,1049
6758,8720,19888,11128,19888,1567,1049
6755,8720,19889,11128,19889,1567,1049
6756,8720,19890,11128,19890,1567,1049
6756,8720,19891,11128,19891,1567,1049
6754,8720,19892,11128,19892,1567,1049
6755,8720,19893,11128,19893,1567,1049
6756,8720,19894,11128,19894,1567,1049
6754,8720,19895,11128,19895,1567,1049
6751,8720,19896,11128,19896,1567,1049
6751,8720,19897,11128,19897,1567,1049
6752,8720,19898,11128,19898,1567,1049
6753,8720,19899,11128,19899,1567,1049
6754,8720,19900,11128,19900,1567,1049
6754,8720,19901,11128,19901,1567,1049
6749,8720,19902,11128,19902,1567,1048
6749,8720,19903,11128,19903,1567,1048
6749,8720,19904,11128,19904,1567,1048
6750,8720,19905,11128,19905,1567,1048
6751,8720,19906,11128,19906,1567,1048
6752,8720,19907,11128,19907,1567,1048
6751,8720,19908,11128,19908,1567,1048
6749,8720,19909,11128,19909,1567,1048
6750,8720,19910,11128,19910,1567,1048
6750,8720,19911,11128,19911,1567,1048
6750,8720,19912,11128,19912,1567,1048
6751,8720,19913,11128,19913,1567,1048
6751,8720,19914,11128,19914,1567,1048
6752,8720,19915,11128,19915,1567,1048
6752,8720,19916,11128,19916,1567,1048
6752,8720,19917,11128,19917,1567,1048
6748,8720,19918,11128,19918,1567,1047
6743,8720,19919,11128,19919,1567,1045
6744,8720,19920,11128,19920,1567,1045
6745,8720,19921,11128,19921,1567,1045
6743,8720,19922,11128,19922,1567,1045
6743,8720,19923,11128,19923,1567,1045
6743,8720,19924,11128,19924,1567,1045
6744,8720,19925,11128,19925,1567,1045
6744,8720,19926,11128,19926,1567,1045
6745,8720,19927,11128,19927,1567,1045
6743,8720,19928,11128,19928,1567,1045
6741,8720,19929,11128,19929,1567,1044
6739,8720,19930,11128,19930,1567,1043
6740,8720,19931,11128,19931,1567,1043
6740,8720,19932,11128,19932,1567,1043
6739,8720,19933,11128,19933,1567,1043
6739,8720,19934,11128,19934,1567,1043
6739,8720,19935,11128,19935,1567,1043
6739,8720,19936,11128,19936,1567,1043
6740,8720,19937,11128,19937,1567,1043
6738,8720,19938,11128,19938,1567,1043
6738,8720,19939,11128,19939,1567,1043
6738,8720,19940,11128,19940,1567,1043
6739,8720,19941,11128,19941,1567,1043
6739,8720,19942,11128,19942,1567,1043
6740,8720,19943,11128,19943,1567,1043
6741,8720,19944,11128,19944,1567,1043
6740,8720,19945,11128,19945,1567,1043
6739,8720,19946,11128,19946,1567,1043
6740,8720,19947,11128,19947,1567,1043
6740,8720,19948,11128,19948,1567,1043
6737,8720,19949,11128,19949,1567,1043
6738,8720,19950,11128,19950,1567,1043
6739,8720,19951,11128,19951,1567,1043
6740,8720,19952,11128,19952,1567,1043
6740,8720,19953,11128,19953,1567,1043
6741,8720,19954,11128,19954,1567,1043
6741,8720,19955,11128,19955,1567,1043
6739,8720,19956,11128,19956,1567,1043
6738,8720,19957,11128,19957,1567,1043
6738,8720,19958,11128,19958,1567,1043
6738,8720,19959,11128,19959,1567,1043
6739,8720,19960,11128,19960,1567,1043
6740,8720,19961,11128,19961,1567,1043
6739,8720,19962,11128,19962,1567,1043
6738,8720,19963,11128,19963,1567,1043
6738,8720,19964,11128,19964,1567,1043
6738,8720,19965,11128,19965,1567,1043
6738,8720,19966,11128,19966,1567,1043
6738,8720,19967,11128,19967,1567,1043
6739,8720,19968,11128,19968,1567,1043
6739,8720,19969,11128,19969,1567,1043
6740,8720,19970,11128,19970,1567,1043
6741,8720,19971,11128,19971,1567,1043
6742,8720,19972,11128,19972,1567,1043
6743,8720,19973,11128,19973,1567,1043
6742,8720,19974,11128,19974,1567,1043
6743,8720,19975,11128,19975,1567,1043
6744,8720,19976,11128,19976,1567,1043
6739,8720,19977,11128,19977,1567,1043
6738,8720,19978,11128,19978,1567,1043
6738,8720,19979,11128,19979,1567,1043
6737,8720,19980,11128,19980,1567,1043
6734,8720,19981,11128,19981,1567,1042
6732,8720,19982,11128,19982,1567,1042
6733,8720,19983,11128,19983,1567,1042
6734,8720,19984,11128,19984,1567,1042
6735,8720,19985,11128,19985,1567,1042
6733,8720,19986,11128,19986,1567,1042
6733,8720,19987,11128,19987,1567,1042
6731,8720,19988,11128,19988,1567,1042
6730,8720,19989,11128,19989,1567,1042
6730,8720,19990,11128,19990,1567,1042
6730,8720,19991,11128,19991,1567,1042
6728,8720,19992,11128,19992,1567,1042
6729,8720,19993,11128,19993,1567,1042
6727,8720,19994,11128,19994,1567,1042
6727,8720,19995,11128,19995,1567,1042
6728,8720,19996,11128,19996,1567,1042
6728,8720,19997,11128,19997,1567,1042
6726,8720,19998,11128,19998,1567,1042
6721,8720,19999,11128,19999,1567,1042
6722,8720,20000,11128,20000,1567,1042
6721,8720,20001,11128,20001,1567,1042
6717,8720,20002,11128,20002,1567,1042
6716,8720,20003,11128,20003,1567,1042
6716,8720,20004,11128,20004,1567,1042
6716,8720,20005,11128,20005,1567,1042
6714,8720,20006,11128,20006,1567,1042
6715,8720,20007,11128,20007,1567,1042
6715,8720,20008,11128,20008,1567,1042
6714,8720,20009,11128,20009,1567,1042
6715,8720,20010,11128,20010,1567,1042
6715,8720,20011,11128,20011,1567,1042
6716,8720,20012,11128,20012,1567,1042
6717,8720,20013,11128,20013,1567,1042
6716,8720,20014,11128,20014,1567,1042
6717,8720,20015,11128,20015,1567,1042
6715,8720,20016,11128,20016,1567,1042
6715,8720,20017,11128,20017,1567,1042
6714,8720,20018,11128,20018,1567,1042
6714,8720,20019,11128,20019,1567,1042
6713,8720,20020,11128,20020,1567,1042
6714,8720,20021,11128,20021,1567,1042
6715,8720,20022,11128,20022,1567,1042
6716,8720,20023,11128,20023,1567,1042
6715,8720,20024,11128,20024,1567,1042
6716,8720,20025,11128,20025,1567,1042
6717,8720,20026,11128,20026,1567,1042
6716,8720,20027,11128,20027,1567,1042
6714,8720,20028,11128,20028,1567,1042
6715,8720,20029,11128,20029,1567,1042
6715,8720,20030,11128,20030,1567,1042
6711,8720,20031,11128,20031,1567,1042
6710,8720,20032,11128,20032,1567,1042
6710,8720,20033,11128,20033,1567,1042
6711,8720,20034,11128,20034,1567,1042
6712,8720,20035,11128,20035,1567,1042
6712,8720,20036,11128,20036,1567,1042
6713,8720,20037,11128,20037,1567,1042
6714,8720,20038,11128,20038,1567,1042
6715,8720,20039,11128,20039,1567,1042
6716,8720,20040,11128,20040,1567,1042
6715,8720,20041,11128,20041,1567,1042
6716,8720,20042,11128,20042,1567,1042
6717,8720,20043,11128,20043,1567,1042
6716,8720,20044,11128,20044,1567,1042
6717,8720,20045,11128,20045,1567,1042
6717,8720,20046,11128,20046,1567,1042
6718,8720,20047,11128,20047,1567,1042
6717,8720,20048,11128,20048,1567,1042
6718,8720,20049,11128,20049,1567,1042
6719,8720,20050,11128,20050,1567,1042
6720,8720,20051,11128,20051,1567,1042
6720,8720,20052,11128,20052,1567,1042
6719,8720,20053,11128,20053,1567,1042
6718,8720,20054,11128,20054,1567,1042
6719,8720,20055,11128,20055,1567,1042
6718,8720,20056,11128,20056,1567,1042
6719,8720,20057,11128,20057,1567,1042
6718,8720,20058,11128,20058,1567,1042
6718,8720,20059,11128,20059,1567,1042
6718,8720,20060,11128,20060,1567,1042
6718,8720,20061,11128,20061,1567,1042
6717,8720,20062,11128,20062,1567,1042
6718,8720,20063,11128,20063,1567,1042
6719,8720,20064,11128,20064,1567,1042
6719,8720,20065,11128,20065,1567,1042
6719,8720,20066,11128,20066,1567,1042
6718,8720,20067,11128,20067,1567,1042
6719,8720,20068,11128,20068,1567,1042
6720,8720,20069,11128,20069,1567,1042
6714,8720,20070,11128,20070,1567,1041
6714,8720,20071,11128,20071,1567,1041
6715,8720,20072,11128,20072,1567,1041
6715,8720,20073,11128,20073,1567,1041
6716,8720,20074,11128,20074,1567,1041
6716,8720,20075,11128,20075,1567,1041
6717,8720,20076,11128,20076,1567,1041
6717,8720,20077,11128,20077,1567,1041
6717,8720,20078,11128,20078,1567,1041
6716,8720,20079,11128,20079,1567,1041
6716,8720,20080,11128,20080,1567,1041
6717,8720,20081,11128,20081,1567,1041
6714,8720,20082,11128,20082,1567,1041
6714,8720,20083,11128,20083,1567,1041
6715,8720,20084,11128,20084,1567,1041
6716,8720,20085,11128,20085,1567,1041
6717,8720,20086,11128,20086,1567,1041
6718,8720,20087,11128,20087,1567,1041
6718,8720,20088,11128,20088,1567,1041
6719,8720,20089,11128,20089,1567,1041
6719,8720,20090,11128,20090,1567,1041
6719,8720,20091,11128,20091,1567,1041
6718,8720,20092,11128,20092,1567,1041
6719,8720,20093,11128,20093,1567,1041
6717,8720,20094,11128,20094,1567,1041
6716,8720,20095,11128,20095,1567,1041
6717,8720,20096,11128,20096,1567,1041
6718,8720,20097,11128,20097,1567,1041
6717,8720,20098,11128,20098,1567,1041
6718,8720,20099,11128,20099,1567,1041
6718,8720,20100,11128,20100,1567,1041
6717,8720,20101,11128,20101,1567,1041
6718,8720,20102,11128,20102,1567,1041
6717,8720,20103,11128,20103,1567,1041
6717,8720,20104,11128,20104,1567,1041
6717,8720,20105,11128,20105,1567,1041
6717,8720,20106,11128,20106,1567,1041
6717,8720,20107,11128,20107,1567,1041
6718,8720,20108,11128,20108,1567,1041
6719,8720,20109,11128,20109,1567,1041
6719,8720,20110,11128,20110,1567,1041
6720,8720,20111,11128,20111,1567,1041
6721,8720,20112,11128,20112,1567,1041
6721,8720,20113,11128,20113,1567,1041
6720,8720,20114,11128,20114,1567,1041
6720,8720,20115,11128,20115,1567,1041
6716,8720,20116,11128,20116,1567,1041
6715,8720,20117,11128,20117,1567,1041
6713,8720,20118,11128,20118,1567,1041
6714,8720,20119,11128,20119,1567,1041
6714,8720,20120,11128,20120,1567,1041
6714,8720,20121,11128,20121,1567,1041
6714,8720,20122,11128,20122,1567,1041
6714,8720,20123,11128,20123,1567,1041
6715,8720,20124,11128,20124,1567,1041
6715,8720,20125,11128,20125,1567,1041
6710,8720,20126,11128,20126,1567,1040
6711,8720,20127,11128,20127,1567,1040
6711,8720,20128,11128,20128,1567,1040
6712,8720,20129,11128,20129,1567,1040
6712,8720,20130,11128,20130,1567,1040
6712,8720,20131,11128,20131,1567,1040
6713,8720,20132,11128,20132,1567,1040
6710,8720,20133,11128,20133,1567,1040
6710,8720,20134,11128,20134,1567,1040
6710,8720,20135,11128,20135,1567,1040
6711,8720,20136,11128,20136,1567,1040
6711,8720,20137,11128,20137,1567,1040
6712,8720,20138,11128,20138,1567,1040
6708,8720,20139,11128,20139,1567,1040
6709,8720,20140,11128,20140,1567,1040
6709,8720,20141,11128,20141,1567,1040
6710,8720,20142,11128,20142,1567,1040
6711,8720,20143,11128,20143,1567,1040
6711,8720,20144,11128,20144,1567,1040
6711,8720,20145,11128,20145,1567,1040
6711,8720,20146,11128,20146,1567,1040
6712,8720,20147,11128,20147,1567,1040
6711,8720,20148,11128,20148,1567,1040
6712,8720,20149,11128,20149,1567,1040
6712,8720,20150,11128,20150,1567,1040
6711,8720,20151,11128,20151,1567,1040
6711,8720,20152,11128,20152,1567,1040
6711,8720,20153,11128,20153,1567,1040
6711,8720,20154,11128,20154,1567,1040
6712,8720,20155,11128,20155,1567,1040
6713,8720,20156,11128,20156,1567,1040
6714,8720,20157,11128,20157,1567,1040
6715,8720,20158,11128,20158,1567,1040
6716,8720,20159,11128,20159,1567,1040
6717,8720,20160,11128,20160,1567,1040
6715,8720,20161,11128,20161,1567,1040
6713,8720,20162,11128,20162,1567,1040
6714,8720,20163,11128,20163,1567,1040
6715,8720,20164,11128,20164,1567,1040
6711,8720,20165,11128,20165,1567,1038
6712,8720,20166,11128,20166,1567,1038
6710,8720,20167,11128,20167,1567,1038
6710,8720,20168,11128,20168,1567,1038
6711,8720,20169,11128,20169,1567,1038
6710,8720,20170,11128,20170,1567,1038
6711,8720,20171,11128,20171,1567,1038
6711,8720,20172,11128,20172,1567,1038
6712,8720,20173,11128,20173,1567,1038
6713,8720,20174,11128,20174,1567,1038
6711,8720,20175,11128,20175,1567,1038
6711,8720,20176,11128,20176,1567,1038
6709,8720,20177,11128,20177,1567,1038
6704,8720,20178,11128,20178,1567,1038
6705,8720,20179,11128,20179,1567,1038
6706,8720,20180,11128,20180,1567,1038
6705,8720,20181,11128,20181,1567,1038
6706,8720,20182,11128,20182,1567,1038
6704,8720,20183,11128,20183,1567,1038
6705,8720,20184,11128,20184,1567,1038
6706,8720,20185,11128,20185,1567,1038
6707,8720,20186,11128,20186,1567,1038
6708,8720,20187,11128,20187,1567,1038
6706,8720,20188,11128,20188,1567,1038
6706,8720,20189,11128,20189,1567,1038
6703,8720,20190,11128,20190,1567,1038
6698,8720,20191,11128,20191,1567,1036
6699,8720,20192,11128,20192,1567,1036
6700,8720,20193,11128,20193,1567,1036
6695,8720,20194,11128,20194,1567,1036
6690,8720,20195,11128,20195,1567,1035
6689,8720,20196,11128,20196,1567,1035
6690,8720,20197,11128,20197,1567,1035
6691,8720,20198,11128,20198,1567,1035
6691,8720,20199,11128,20199,1567,1035
6687,8720,20200,11128,20200,1567,1035
6688,8720,20201,11128,20201,1567,1035
6689,8720,20202,11128,20202,1567,1035
6689,8720,20203,11128,20203,1567,1035
6689,8720,20204,11128,20204,1567,1035
6689,8720,20205,11128,20205,1567,1035
6689,8720,20206,11128,20206,1567,1035
6690,8720,20207,11128,20207,1567,1035
6690,8720,20208,11128,20208,1567,1035
6690,8720,20209,11128,20209,1567,1035
6688,8720,20210,11128,20210,1567,1034
6689,8720,20211,11128,20211,1567,1034
6688,8720,20212,11128,20212,1567,1034
6687,8720,20213,11128,20213,1567,1034
6687,8720,20214,11128,20214,1567,1034
6687,8720,20215,11128,20215,1567,1034
6688,8720,20216,11128,20216,1567,1034
6689,8720,20217,11128,20217,1567,1034
6685,8720,20218,11128,20218,1567,1034
6680,8720,20219,11128,20219,1567,1033
6681,8720,20220,11128,20220,1567,1033
6682,8720,20221,11128,20221,1567,1033
6683,8720,20222,11128,20222,1567,1033
6680,8720,20223,11128,20223,1567,1033
6681,8720,20224,11128,20224,1567,1033
6681,8720,20225,11128,20225,1567,1033
6681,8720,20226,11128,20226,1567,1033
6682,8720,20227,11128,20227,1567,1033
6682,8720,20228,11128,20228,1567,1033
6679,8720,20229,11128,20229,1567,1033
6679,8720,20230,11128,20230,1567,1033
6677,8720,20231,11128,20231,1567,1033
6677,8720,20232,11128,20232,1567,1033
6675,8720,20233,11128,20233,1567,1033
6670,8720,20234,11128,20234,1567,1032
6671,8720,20235,11128,20235,1567,1032
6668,8720,20236,11128,20236,1567,1031
6668,8720,20237,11128,20237,1567,1031
6665,8720,20238,11128,20238,1567,1029
6665,8720,20239,11128,20239,1567,1029
6665,8720,20240,11128,20240,1567,1029
6666,8720,20241,11128,20241,1567,1029
6665,8720,20242,11128,20242,1567,1029
6666,8720,20243,11128,20243,1567,1029
6667,8720,20244,11128,20244,1567,1029
6666,8720,20245,11128,20245,1567,1029
6667,8720,20246,11128,20246,1567,1029
6668,8720,20247,11128,20247,1567,1029
6665,8720,20248,11128,20248,1567,1029
6666,8720,20249,11128,20249,1567,1029
6665,8720,20250,11128,20250,1567,1029
6666,8720,20251,11128,20251,1567,1029
6665,8720,20252,11128,20252,1567,1029
6666,8720,20253,11128,20253,1567,1029
6664,8720,20254,11128,20254,1567,1028
6665,8720,20255,11128,20255,1567,1028
6666,8720,20256,11128,20256,1567,1028
6666,8720,20257,11128,20257,1567,1028
6665,8720,20258,11128,20258,1567,1028
6666,8720,20259,11128,20259,1567,1028
6664,8720,20260,11128,20260,1567,1028
6665,8720,20261,11128,20261,1567,1028
6661,8720,20262,11128,20262,1567,1027
6662,8720,20263,11128,20263,1567,1027
6659,8720,20264,11128,20264,1567,1027
6660,8720,20265,11128,20265,1567,1027
6654,8720,20266,11128,20266,1567,1026
6655,8720,20267,11128,20267,1567,1026
6656,8720,20268,11128,20268,1567,1026
6656,8720,20269,11128,20269,1567,1026
6655,8720,20270,11128,20270,1567,1026
6656,8720,20271,11128,20271,1567,1026
6657,8720,20272,11128,20272,1567,1026
6655,8720,20273,11128,20273,1567,1026
6647,8720,20274,11128,20274,1567,1025
6648,8720,20275,11128,20275,1567,1025
6648,8720,20276,11128,20276,1567,1025
6648,8720,20277,11128,20277,1567,1025
6649,8720,20278,11128,20278,1567,1025
6650,8720,20279,11128,20279,1567,1025
6651,8720,20280,11128,20280,1567,1025
6651,8720,20281,11128,20281,1567,1025
6648,8720,20282,11128,20282,1567,1025
6647,8720,20283,11128,20283,1567,1025
6647,8720,20284,11128,20284,1567,1025
6648,8720,20285,11128,20285,1567,1025
6647,8720,20286,11128,20286,1567,1025
6648,8720,20287,11128,20287,1567,1025
6647,8720,20288,11128,20288,1567,1025
6648,8720,20289,11128,20289,1567,1025
6649,8720,20290,11128,20290,1567,1025
6650,8720,20291,11128,20291,1567,1025
6650,8720,20292,11128,20292,1567,1025
6650,8720,20293,11128,20293,1567,1025
6651,8720,20294,11128,20294,1567,1025
6648,8720,20295,11128,20295,1567,1025
6649,8720,20296,11128,20296,1567,1025
6649,8720,20297,11128,20297,1567,1025
6649,8720,20298,11128,20298,1567,1025
6649,8720,20299,11128,20299,1567,1025
6649,8720,20300,11128,20300,1567,1025
6650,8720,20301,11128,20301,1567,1025
6651,8720,20302,11128,20302,1567,1025
6649,8720,20303,11128,20303,1567,1025
6649,8720,20304,11128,20304,1567,1025
6649,8720,20305,11128,20305,1567,1025
6650,8720,20306,11128,20306,1567,1025
6650,8720,20307,11128,20307,1567,1025
6650,8720,20308,11128,20308,1567,1025
6651,8720,20309,11128,20309,1567,1025
6651,8720,20310,11128,20310,1567,1025
6652,8720,20311,11128,20311,1567,1025
6653,8720,20312,11128,20312,1567,1025
6653,8720,20313,11128,20313,1567,1025
6652,8720,20314,11128,20314,1567,1025
6653,8720,20315,11128,20315,1567,1025
6654,8720,20316,11128,20316,1567,1025
6655,8720,20317,11128,20317,1567,1025
6656,8720,20318,11128,20318,1567,1025
6653,8720,20319,11128,20319,1567,1025
6654,8720,20320,11128,20320,1567,1025
6655,8720,20321,11128,20321,1567,1025
6656,8720,20322,11128,20322,1567,1025
6657,8720,20323,11128,20323,1567,1025
6658,8720,20324,11128,20324,1567,1025
6659,8720,20325,11128,20325,1567,1025
6660,8720,20326,11128,20326,1567,1025
6661,8720,20327,11128,20327,1567,1025
6662,8720,20328,11128,20328,1567,1025
6663,8720,20329,11128,20329,1567,1025
6664,8720,20330,11128,20330,1567,1025
6661,8720,20331,11128,20331,1567,1024
6661,8720,20332,11128,20332,1567,1024
6657,8720,20333,11128,20333,1567,1024
6658,8720,20334,11128,20334,1567,1024
6658,8720,20335,11128,20335,1567,1024
6659,8720,20336,11128,20336,1567,1024
6659,8720,20337,11128,20337,1567,1024
6660,8720,20338,11128,20338,1567,1024
6660,8720,20339,11128,20339,1567,1024
6661,8720,20340,11128,20340,1567,1024
6661,8720,20341,11128,20341,1567,1024
6660,8720,20342,11128,20342,1567,1024
6661,8720,20343,11128,20343,1567,1024
6662,8720,20344,11128,20344,1567,1024
6663,8720,20345,11128,20345,1567,1024
6664,8720,20346,11128,20346,1567,1024
6659,8720,20347,11128,20347,1567,1024
6660,8720,20348,11128,20348,1567,1024
6661,8720,20349,11128,20349,1567,1024
6661,8720,20350,11128,20350,1567,1024
6662,8720,20351,11128,20351,1567,1024
6663,8720,20352,11128,20352,1567,1024
6663,8720,20353,11128,20353,1567,1024
6662,8720,20354,11128,20354,1567,1024
6663,8720,20355,11128,20355,1567,1024
6664,8720,20356,11128,20356,1567,1024
6664,8720,20357,11128,20357,1567,1024
6665,8720,20358,11128,20358,1567,1024
6663,8720,20359,11128,20359,1567,1024
6664,8720,20360,11128,20360,1567,1024
6665,8720,20361,11128,20361,1567,1024
6664,8720,20362,11128,20362,1567,1024
6663,8720,20363,11128,20363,1567,1024
6657,8720,20364,11128,20364,1567,1023
6656,8720,20365,11128,20365,1567,1023
6656,8720,20366,11128,20366,1567,1023
6657,8720,20367,11128,20367,1567,1023
6658,8720,20368,11128,20368,1567,1023
6656,8720,20369,11128,20369,1567,1023
6656,8720,20370,11128,20370,1567,1023
6656,8720,20371,11128,20371,1567,1023
6657,8720,20372,11128,20372,1567,1023
6655,8720,20373,11128,20373,1567,1023
6655,8720,20374,11128,20374,1567,1023
6656,8720,20375,11128,20375,1567,1023
6657,8720,20376,11128,20376,1567,1023
6658,8720,20377,11128,20377,1567,1023
6659,8720,20378,11128,20378,1567,1023
6657,8720,20379,11128,20379,1567,1023
6656,8720,20380,11128,20380,1567,1023
6657,8720,20381,11128,20381,1567,1023
6657,8720,20382,11128,20382,1567,1023
6658,8720,20383,11128,20383,1567,1023
6659,8720,20384,11128,20384,1567,1023
6660,8720,20385,11128,20385,1567,1023
6660,8720,20386,11128,20386,1567,1023
6661,8720,20387,11128,20387,1567,1023
6658,8720,20388,11128,20388,1567,1022
6655,8720,20389,11128,20389,1567,1022
6655,8720,20390,11128,20390,1567,1022
6652,8720,20391,11128,20391,1567,1022
6650,8720,20392,11128,20392,1567,1021
6651,8720,20393,11128,20393,1567,1021
6652,8720,20394,11128,20394,1567,1021
6653,8720,20395,11128,20395,1567,1021
6652,8720,20396,11128,20396,1567,1021
6653,8720,20397,11128,20397,1567,1021
6654,8720,20398,11128,20398,1567,1021
6650,8720,20399,11128,20399,1567,1021
6645,8720,20400,11128,20400,1567,1021
6646,8720,20401,11128,20401,1567,1021
6646,8720,20402,11128,20402,1567,1021
6647,8720,20403,11128,20403,1567,1021
6647,8720,20404,11128,20404,1567,1021
6648,8720,20405,11128,20405,1567,1021
6649,8720,20406,11128,20406,1567,1021
6650,8720,20407,11128,20407,1567,1021
6650,8720,20408,11128,20408,1567,1021
6650,8720,20409,11128,20409,1567,1021
6651,8720,20410,11128,20410,1567,1021
6652,8720,20411,11128,20411,1567,1021
6653,8720,20412,11128,20412,1567,1021
6653,8720,20413,11128,20413,1567,1021
6651,8720,20414,11128,20414,1567,1021
6651,8720,20415,11128,20415,1567,1021
6652,8720,20416,11128,20416,1567,1021
6652,8720,20417,11128,20417,1567,1021
6653,8720,20418,11128,20418,1567,1021
6654,8720,20419,11128,20419,1567,1021
6655,8720,20420,11128,20420,1567,1021
6654,8720,20421,11128,20421,1567,1021
6655,8720,20422,11128,20422,1567,1021
6656,8720,20423,11128,20423,1567,1021
6657,8720,20424,11128,20424,1567,1021
6657,8720,20425,11128,20425,1567,1021
6657,8720,20426,11128,20426,1567,1021
6656,8720,20427,11128,20427,1567,1021
6657,8720,20428,11128,20428,1567,1021
6656,8720,20429,11128,20429,1567,1021
6656,8720,20430,11128,20430,1567,1021
6657,8720,20431,11128,20431,1567,1021
6658,8720,20432,11128,20432,1567,1021
6657,8720,20433,11128,20433,1567,1021
6657,8720,20434,11128,20434,1567,1021
6658,8720,20435,11128,20435,1567,1021
6659,8720,20436,11128,20436,1567,1021
6660,8720,20437,11128,20437,1567,1021
6661,8720,20438,11128,20438,1567,1021
6662,8720,20439,11128,20439,1567,1021
6663,8720,20440,11128,20440,1567,1021
6658,8720,20441,11128,20441,1567,1020
6653,8720,20442,11128,20442,1567,1020
6653,8720,20443,11128,20443,1567,1020
6650,8720,20444,11128,20444,1567,1019
6651,8720,20445,11128,20445,1567,1019
6651,8720,20446,11128,20446,1567,1019
6652,8720,20447,11128,20447,1567,1019
6652,8720,20448,11128,20448,1567,1019
6653,8720,20449,11128,20449,1567,1019
6652,8720,20450,11128,20450,1567,1019
6650,8720,20451,11128,20451,1567,1019
6651,8720,20452,11128,20452,1567,1019
6652,8720,20453,11128,20453,1567,1019
6653,8720,20454,11128,20454,1567,1019
6652,8720,20455,11128,20455,1567,1019
6653,8720,20456,11128,20456,1567,1019
6653,8720,20457,11128,20457,1567,1019
6654,8720,20458,11128,20458,1567,1019
6654,8720,20459,11128,20459,1567,1019
6653,8720,20460,11128,20460,1567,1019
6653,8720,20461,11128,20461,1567,1019
6651,8720,20462,11128,20462,1567,1019
6652,8720,20463,11128,20463,1567,1019
6653,8720,20464,11128,20464,1567,1019
6654,8720,20465,11128,20465,1567,1019
6655,8720,20466,11128,20466,1567,1019
6656,8720,20467,11128,20467,1567,1019
6655,8720,20468,11128,20468,1567,1019
6656,8720,20469,11128,20469,1567,1019
6657,8720,20470,11128,20470,1567,1019
6657,8720,20471,11128,20471,1567,1019
6653,8720,20472,11128,20472,1567,1018
6653,8720,20473,11128,20473,1567,1018
6651,8720,20474,11128,20474,1567,1018
6652,8720,20475,11128,20475,1567,1018
6652,8720,20476,11128,20476,1567,1018
6653,8720,20477,11128,20477,1567,1018
6650,8720,20478,11128,20478,1567,1017
6649,8720,20479,11128,20479,1567,1017
6650,8720,20480,11128,20480,1567,1017
6650,8720,20481,11128,20481,1567,1017
6647,8720,20482,11128,20482,1567,1016
6646,8720,20483,11128,20483,1567,1016
6647,8720,20484,11128,20484,1567,1016
6646,8720,20485,11128,20485,1567,1016
6647,8720,20486,11128,20486,1567,1016
6647,8720,20487,11128,20487,1567,1016
6648,8720,20488,11128,20488,1567,1016
6649,8720,20489,11128,20489,1567,1016
6649,8720,20490,11128,20490,1567,1016
6647,8720,20491,11128,20491,1567,1016
6648,8720,20492,11128,20492,1567,1016
6649,8720,20493,11128,20493,1567,1016
6647,8720,20494,11128,20494,1567,1016
6644,8720,20495,11128,20495,1567,1016
6644,8720,20496,11128,20496,1567,1016
6645,8720,20497,11128,20497,1567,1016
6646,8720,20498,11128,20498,1567,1016
6645,8720,20499,11128,20499,1567,1016
6646,8720,20500,11128,20500,1567,1016
6647,8720,20501,11128,20501,1567,1016
6648,8720,20502,11128,20502,1567,1016
6649,8720,20503,11128,20503,1567,1016
6646,8720,20504,11128,20504,1567,1016
6645,8720,20505,11128,20505,1567,1016
6642,8720,20506,11128,20506,1567,1015
6643,8720,20507,11128,20507,1567,1015
6643,8720,20508,11128,20508,1567,1015
6643,8720,20509,11128,20509,1567,1015
6642,8720,20510,11128,20510,1567,1015
6643,8720,20511,11128,20511,1567,1015
6642,8720,20512,11128,20512,1567,1015
6643,8720,20513,11128,20513,1567,1015
6644,8720,20514,11128,20514,1567,1015
6641,8720,20515,11128,20515,1567,1014
6642,8720,20516,11128,20516,1567,1014
6643,8720,20517,11128,20517,1567,1014
6640,8720,20518,11128,20518,1567,1014
6637,8720,20519,11128,20519,1567,1014
6637,8720,20520,11128,20520,1567,1014
6635,8720,20521,11128,20521,1567,1014
6631,8720,20522,11128,20522,1567,1013
6631,8720,20523,11128,20523,1567,1013
6632,8720,20524,11128,20524,1567,1013
6631,8720,20525,11128,20525,1567,1013
6631,8720,20526,11128,20526,1567,1013
6631,8720,20527,11128,20527,1567,1013
6630,8720,20528,11128,20528,1567,1013
6629,8720,20529,11128,20529,1567,1013
6629,8720,20530,11128,20530,1567,1013
6629,8720,20531,11128,20531,1567,1013
6630,8720,20532,11128,20532,1567,1013
6630,8720,20533,11128,20533,1567,1013
6630,8720,20534,11128,20534,1567,1013
6631,8720,20535,11128,20535,1567,1013
6625,8720,20536,11128,20536,1567,1012
6625,8720,20537,11128,20537,1567,1012
6624,8720,20538,11128,20538,1567,1012
6623,8720,20539,11128,20539,1567,1012
6623,8720,20540,11128,20540,1567,1012
6624,8720,20541,11128,20541,1567,1012
6624,8720,20542,11128,20542,1567,1012
6625,8720,20543,11128,20543,1567,1012
6625,8720,20544,11128,20544,1567,1012
6624,8720,20545,11128,20545,1567,1012
6625,8720,20546,11128,20546,1567,1012
6623,8720,20547,11128,20547,1567,1011
6621,8720,20548,11128,20548,1567,1011
6620,8720,20549,11128,20549,1567,1011
6618,8720,20550,11128,20550,1567,1011
6619,8720,20551,11128,20551,1567,1011
6615,8720,20552,11128,20552,1567,1011
6616,8720,20553,11128,20553,1567,1011
6615,8720,20554,11128,20554,1567,1011
6610,8720,20555,11128,20555,1567,1011
6609,8720,20556,11128,20556,1567,1011
6610,8720,20557,11128,20557,1567,1011
6610,8720,20558,11128,20558,1567,1011
6606,8720,20559,11128,20559,1567,1010
6602,8720,20560,11128,20560,1567,1010
6602,8720,20561,11128,20561,1567,1010
6598,8720,20562,11128,20562,1567,1010
6598,8720,20563,11128,20563,1567,1010
6598,8720,20564,11128,20564,1567,1010
6598,8720,20565,11128,20565,1567,1010
6597,8720,20566,11128,20566,1567,1010
6597,8720,20567,11128,20567,1567,1010
6596,8720,20568,11128,20568,1567,1010
6595,8720,20569,11128,20569,1567,1010
6594,8720,20570,11128,20570,1567,1010
6595,8720,20571,11128,20571,1567,1010
6596,8720,20572,11128,20572,1567,1010
6596,8720,20573,11128,20573,1567,1010
6597,8720,20574,11128,20574,1567,1010
6598,8720,20575,11128,20575,1567,1010
6597,8720,20576,11128,20576,1567,1010
6597,8720,20577,11128,20577,1567,1010
6595,8720,20578,11128,20578,1567,1010
6596,8720,20579,11128,20579,1567,1010
6597,8720,20580,11128,20580,1567,1010
6597,8720,20581,11128,20581,1567,1010
6593,8720,20582,11128,20582,1567,1010
6594,8720,20583,11128,20583,1567,1010
6592,8720,20584,11128,20584,1567,1010
6593,8720,20585,11128,20585,1567,1010
6594,8720,20586,11128,20586,1567,1010
6594,8720,20587,11128,20587,1567,1010
6595,8720,20588,11128,20588,1567,1010
6595,8720,20589,11128,20589,1567,1010
6594,8720,20590,11128,20590,1567,1010
6594,8720,20591,11128,20591,1567,1010
6595,8720,20592,11128,20592,1567,1010
6595,8720,20593,11128,20593,1567,1010
6595,8720,20594,11128,20594,1567,1010
6592,8720,20595,11128,20595,1567,1009
6592,8720,20596,11128,20596,1567,1009
6588,8720,20597,11128,20597,1567,1009
6589,8720,20598,11128,20598,1567,1009
6590,8720,20599,11128,20599,1567,1009
6589,8720,20600,11128,20600,1567,1009
6589,8720,20601,11128,20601,1567,1009
6589,8720,20602,11128,20602,1567,1009
6589,8720,20603,11128,20603,1567,1009
6590,8720,20604,11128,20604,1567,1009
6587,8720,20605,11128,20605,1567,1008
6586,8720,20606,11128,20606,1567,1008
6587,8720,20607,11128,20607,1567,1008
6583,8720,20608,11128,20608,1567,1007
6583,8720,20609,11128,20609,1567,1007
6582,8720,20610,11128,20610,1567,1007
6583,8720,20611,11128,20611,1567,1007
6583,8720,20612,11128,20612,1567,1007
6583,8720,20613,11128,20613,1567,1007
6582,8720,20614,11128,20614,1567,1007
6583,8720,20615,11128,20615,1567,1007
6581,8720,20616,11128,20616,1567,1007
6582,8720,20617,11128,20617,1567,1007
6583,8720,20618,11128,20618,1567,1007
6583,8720,20619,11128,20619,1567,1007
6583,8720,20620,11128,20620,1567,1007
6583,8720,20621,11128,20621,1567,1007
6584,8720,20622,11128,20622,1567,1007
6583,8720,20623,11128,20623,1567,1007
6584,8720,20624,11128,20624,1567,1007
6581,8720,20625,11128,20625,1567,1006
6582,8720,20626,11128,20626,1567,1006
6582,8720,20627,11128,20627,1567,1006
6583,8720,20628,11128,20628,1567,1006
6583,8720,20629,11128,20629,1567,1006
6578,8720,20630,11128,20630,1567,1005
6579,8720,20631,11128,20631,1567,1005
6580,8720,20632,11128,20632,1567,1005
6580,8720,20633,11128,20633,1567,1005
6581,8720,20634,11128,20634,1567,1005
6580,8720,20635,11128,20635,1567,1005
6580,8720,20636,11128,20636,1567,1005
6581,8720,20637,11128,20637,1567,1005
6578,8720,20638,11128,20638,1567,1005
6576,8720,20639,11128,20639,1567,1005
6576,8720,20640,11128,20640,1567,1005
6577,8720,20641,11128,20641,1567,1005
6575,8720,20642,11128,20642,1567,1004
6574,8720,20643,11128,20643,1567,1004
6575,8720,20644,11128,20644,1567,1004
6573,8720,20645,11128,20645,1567,1004
6574,8720,20646,11128,20646,1567,1004
6573,8720,20647,11128,20647,1567,1004
6568,8720,20648,11128,20648,1567,1003
6569,8720,20649,11128,20649,1567,1003
6569,8720,20650,11128,20650,1567,1003
6566,8720,20651,11128,20651,1567,1001
6566,8720,20652,11128,20652,1567,1001
6566,8720,20653,11128,20653,1567,1001
6567,8720,20654,11128,20654,1567,1001
6568,8720,20655,11128,20655,1567,1001
6569,8720,20656,11128,20656,1567,1001
6570,8720,20657,11128,20657,1567,1001
6571,8720,20658,11128,20658,1567,1001
6572,8720,20659,11128,20659,1567,1001
6572,8720,20660,11128,20660,1567,1001
6573,8720,20661,11128,20661,1567,1001
6573,8720,20662,11128,20662,1567,1001
6574,8720,20663,11128,20663,1567,1001
6575,8720,20664,11128,20664,1567,1001
6575,8720,20665,11128,20665,1567,1001
6574,8720,20666,11128,20666,1567,1001
6573,8720,20667,11128,20667,1567,1001
6572,8720,20668,11128,20668,1567,1001
6572,8720,20669,11128,20669,1567,1001
6572,8720,20670,11128,20670,1567,1001
6570,8720,20671,11128,20671,1567,1001
6571,8720,20672,11128,20672,1567,1001
6572,8720,20673,11128,20673,1567,1001
6570,8720,20674,11128,20674,1567,1001
6570,8720,20675,11128,20675,1567,1001
6570,8720,20676,11128,20676,1567,1001
6571,8720,20677,11128,20677,1567,1001
6569,8720,20678,11128,20678,1567,1001
6567,8720,20679,11128,20679,1567,1001
6567,8720,20680,11128,20680,1567,1001
6568,8720,20681,11128,20681,1567,1001
6566,8720,20682,11128,20682,1567,1000
6567,8720,20683,11128,20683,1567,1000
6568,8720,20684,11128,20684,1567,1000
6567,8720,20685,11128,20685,1567,1000
6567,8720,20686,11128,20686,1567,1000
6567,8720,20687,11128,20687,1567,1000
6566,8720,20688,11128,20688,1567,1000
6567,8720,20689,11128,20689,1567,1000
6567,8720,20690,11128,20690,1567,1000
6566,8720,20691,11128,20691,1567,1000
6567,8720,20692,11128,20692,1567,1000
6567,8720,20693,11128,20693,1567,1000
6566,8720,20694,11128,20694,1567,1000
6567,8720,20695,11128,20695,1567,1000
6568,8720,20696,11128,20696,1567,1000
6567,8720,20697,11128,20697,1567,999
6568,8720,20698,11128,20698,1567,999
6565,8720,20699,11128,20699,1567,999
6565,8720,20700,11128,20700,1567,999
6564,8720,20701,11128,20701,1567,999
6565,8720,20702,11128,20702,1567,999
6566,8720,20703,11128,20703,1567,999
6566,8720,20704,11128,20704,1567,999
6564,8720,20705,11128,20705,1567,999
6558,8720,20706,11128,20706,1567,997
6558,8720,20707,11128,20707,1567,997
6558,8720,20708,11128,20708,1567,997
6559,8720,20709,11128,20709,1567,997
6560,8720,20710,11128,20710,1567,997
6559,8720,20711,11128,20711,1567,997
6559,8720,20712,11128,20712,1567,997
6557,8720,20713,11128,20713,1567,997
6556,8720,20714,11128,20714,1567,997
6556,8720,20715,11128,20715,1567,997
6556,8720,20716,11128,20716,1567,997
6552,8720,20717,11128,20717,1567,995
6550,8720,20718,11128,20718,1567,995
6548,8720,20719,11128,20719,1567,995
6548,8720,20720,11128,20720,1567,995
6549,8720,20721,11128,20721,1567,995
6549,8720,20722,11128,20722,1567,995
6550,8720,20723,11128,20723,1567,995
6550,8720,20724,11128,20724,1567,995
6549,8720,20725,11128,20725,1567,995
6550,8720,20726,11128,20726,1567,995
6551,8720,20727,11128,20727,1567,995
6552,8720,20728,11128,20728,1567,995
6553,8720,20729,11128,20729,1567,995
6554,8720,20730,11128,20730,1567,995
6555,8720,20731,11128,20731,1567,995
6555,8720,20732,11128,20732,1567,995
6555,8720,20733,11128,20733,1567,995
6555,8720,20734,11128,20734,1567,995
6554,8720,20735,11128,20735,1567,994
6555,8720,20736,11128,20736,1567,994
6555,8720,20737,11128,20737,1567,994
6556,8720,20738,11128,20738,1567,994
6555,8720,20739,11128,20739,1567,994
6554,8720,20740,11128,20740,1567,994
6555,8720,20741,11128,20741,1567,994
6556,8720,20742,11128,20742,1567,994
6556,8720,20743,11128,20743,1567,994
6554,8720,20744,11128,20744,1567,994
6555,8720,20745,11128,20745,1567,994
6551,8720,20746,11128,20746,1567,993
6552,8720,20747,11128,20747,1567,993
6550,8720,20748,11128,20748,1567,993
6551,8720,20749,11128,20749,1567,993
6552,8720,20750,11128,20750,1567,993
6553,8720,20751,11128,20751,1567,993
6553,8720,20752,11128,20752,1567,993
6546,8720,20753,11128,20753,1567,991
6546,8720,20754,11128,20754,1567,991
6547,8720,20755,11128,20755,1567,991
6544,8720,20756,11128,20756,1567,990
6545,8720,20757,11128,20757,1567,990
6546,8720,20758,11128,20758,1567,990
6547,8720,20759,11128,20759,1567,990
6547,8720,20760,11128,20760,1567,990
6547,8720,20761,11128,20761,1567,990
6547,8720,20762,11128,20762,1567,990
6545,8720,20763,11128,20763,1567,990
6545,8720,20764,11128,20764,1567,990
6546,8720,20765,11128,20765,1567,990
6543,8720,20766,11128,20766,1567,990
6543,8720,20767,11128,20767,1567,990
6543,8720,20768,11128,20768,1567,990
6542,8720,20769,11128,20769,1567,990
6541,8720,20770,11128,20770,1567,990
6541,8720,20771,11128,20771,1567,990
6542,8720,20772,11128,20772,1567,990
6542,8720,20773,11128,20773,1567,990
6543,8720,20774,11128,20774,1567,990
6543,8720,20775,11128,20775,1567,990
6544,8720,20776,11128,20776,1567,990
6545,8720,20777,11128,20777,1567,990
6544,8720,20778,11128,20778,1567,990
6544,8720,20779,11128,20779,1567,990
6545,8720,20780,11128,20780,1567,990
6546,8720,20781,11128,20781,1567,990
6547,8720,20782,11128,20782,1567,990
6545,8720,20783,11128,20783,1567,990
6545,8720,20784,11128,20784,1567,990
6545,8720,20785,11128,20785,1567,990
6546,8720,20786,11128,20786,1567,990
6547,8720,20787,11128,20787,1567,990
6548,8720,20788,11128,20788,1567,990
6544,8720,20789,11128,20789,1567,989
6541,8720,20790,11128,20790,1567,986
6536,8720,20791,11128,20791,1567,985
6536,8720,20792,11128,20792,1567,985
6537,8720,20793,11128,20793,1567,985
6536,8720,20794,11128,20794,1567,985
6536,8720,20795,11128,20795,1567,985
6535,8720,20796,11128,20796,1567,985
6535,8720,20797,11128,20797,1567,985
6536,8720,20798,11128,20798,1567,985
6537,8720,20799,11128,20799,1567,985
6537,8720,20800,11128,20800,1567,985
6532,8720,20801,11128,20801,1567,984
6533,8720,20802,11128,20802,1567,984
6534,8720,20803,11128,20803,1567,984
6533,8720,20804,11128,20804,1567,984
6534,8720,20805,11128,20805,1567,984
6535,8720,20806,11128,20806,1567,984
6536,8720,20807,11128,20807,1567,984
6532,8720,20808,11128,20808,1567,984
6532,8720,20809,11128,20809,1567,984
6533,8720,20810,11128,20810,1567,984
6534,8720,20811,11128,20811,1567,984
6535,8720,20812,11128,20812,1567,984
6534,8720,20813,11128,20813,1567,984
6534,8720,20814,11128,20814,1567,984
6534,8720,20815,11128,20815,1567,984
6532,8720,20816,11128,20816,1567,984
6533,8720,20817,11128,20817,1567,984
6533,8720,20818,11128,20818,1567,984
6526,8720,20819,11128,20819,1567,983
6525,8720,20820,11128,20820,1567,983
6524,8720,20821,11128,20821,1567,983
6519,8720,20822,11128,20822,1567,982
6520,8720,20823,11128,20823,1567,982
6521,8720,20824,11128,20824,1567,982
6522,8720,20825,11128,20825,1567,982
6523,8720,20826,11128,20826,1567,982
6523,8720,20827,11128,20827,1567,982
6522,8720,20828,11128,20828,1567,982
6522,8720,20829,11128,20829,1567,982
6522,8720,20830,11128,20830,1567,982
6521,8720,20831,11128,20831,1567,982
6521,8720,20832,11128,20832,1567,982
6522,8720,20833,11128,20833,1567,982
6523,8720,20834,11128,20834,1567,982
6524,8720,20835,11128,20835,1567,982
6525,8720,20836,11128,20836,1567,982
6525,8720,20837,11128,20837,1567,982
6526,8720,20838,11128,20838,1567,982
6523,8720,20839,11128,20839,1567,982
6524,8720,20840,11128,20840,1567,982
6525,8720,20841,11128,20841,1567,982
6524,8720,20842,11128,20842,1567,982
6523,8720,20843,11128,20843,1567,982
6523,8720,20844,11128,20844,1567,982
6524,8720,20845,11128,20845,1567,982
6525,8720,20846,11128,20846,1567,982
6524,8720,20847,11128,20847,1567,982
6524,8720,20848,11128,20848,1567,982
6520,8720,20849,11128,20849,1567,982
6519,8720,20850,11128,20850,1567,982
6520,8720,20851,11128,20851,1567,982
6518,8720,20852,11128,20852,1567,982
6518,8720,20853,11128,20853,1567,982
6519,8720,20854,11128,20854,1567,982
6518,8720,20855,11128,20855,1567,982
6516,8720,20856,11128,20856,1567,982
6517,8720,20857,11128,20857,1567,982
6518,8720,20858,11128,20858,1567,982
6519,8720,20859,11128,20859,1567,982
6518,8720,20860,11128,20860,1567,982
6519,8720,20861,11128,20861,1567,982
6519,8720,20862,11128,20862,1567,982
6520,8720,20863,11128,20863,1567,982
6520,8720,20864,11128,20864,1567,982
6520,8720,20865,11128,20865,1567,982
6519,8720,20866,11128,20866,1567,982
6520,8720,20867,11128,20867,1567,982
6521,8720,20868,11128,20868,1567,982
6521,8720,20869,11128,20869,1567,982
6521,8720,20870,11128,20870,1567,982
6520,8720,20871,11128,20871,1567,982
6519,8720,20872,11128,20872,1567,982
6518,8720,20873,11128,20873,1567,982
6515,8720,20874,11128,20874,1567,982
6516,8720,20875,11128,20875,1567,982
6517,8720,20876,11128,20876,1567,982
6516,8720,20877,11128,20877,1567,982
6513,8720,20878,11128,20878,1567,982
6513,8720,20879,11128,20879,1567,982
6511,8720,20880,11128,20880,1567,982
6512,8720,20881,11128,20881,1567,982
6513,8720,20882,11128,20882,1567,982
6511,8720,20883,11128,20883,1567,982
6511,8720,20884,11128,20884,1567,982
6510,8720,20885,11128,20885,1567,982
6510,8720,20886,11128,20886,1567,982
6510,8720,20887,11128,20887,1567,982
6509,8720,20888,11128,20888,1567,982
6505,8720,20889,11128,20889,1567,982
6504,8720,20890,11128,20890,1567,982
6505,8720,20891,11128,20891,1567,982
6504,8720,20892,11128,20892,1567,982
6503,8720,20893,11128,20893,1567,982
6504,8720,20894,11128,20894,1567,982
6504,8720,20895,11128,20895,1567,982
6504,8720,20896,11128,20896,1567,982
6505,8720,20897,11128,20897,1567,982
6505,8720,20898,11128,20898,1567,982
6505,8720,20899,11128,20899,1567,982
6506,8720,20900,11128,20900,1567,982
6507,8720,20901,11128,20901,1567,982
6507,8720,20902,11128,20902,1567,982
6503,8720,20903,11128,20903,1567,982
6502,8720,20904,11128,20904,1567,982
6502,8720,20905,11128,20905,1567,982
6503,8720,20906,11128,20906,1567,982
6504,8720,20907,11128,20907,1567,982
6504,8720,20908,11128,20908,1567,982
6504,8720,20909,11128,20909,1567,982
6503,8720,20910,11128,20910,1567,982
6503,8720,20911,11128,20911,1567,982
6503,8720,20912,11128,20912,1567,982
6504,8720,20913,11128,20913,1567,982
6501,8720,20914,11128,20914,1567,982
6501,8720,20915,11128,20915,1567,982
6502,8720,20916,11128,20916,1567,982
6503,8720,20917,11128,20917,1567,982
6503,8720,20918,11128,20918,1567,982
6503,8720,20919,11128,20919,1567,982
6504,8720,20920,11128,20920,1567,982
6505,8720,20921,11128,20921,1567,982
6505,8720,20922,11128,20922,1567,982
6505,8720,20923,11128,20923,1567,982
6506,8720,20924,11128,20924,1567,982
6507,8720,20925,11128,20925,1567,982
6508,8720,20926,11128,20926,1567,982
6507,8720,20927,11128,20927,1567,982
6506,8720,20928,11128,20928,1567,982
6506,8720,20929,11128,20929,1567,982
6504,8720,20930,11128,20930,1567,982
6505,8720,20931,11128,20931,1567,982
6504,8720,20932,11128,20932,1567,982
6498,8720,20933,11128,20933,1567,982
6499,8720,20934,11128,20934,1567,982
6500,8720,20935,11128,20935,1567,982
6501,8720,20936,11128,20936,1567,982
6500,8720,20937,11128,20937,1567,982
6501,8720,20938,11128,20938,1567,982
6502,8720,20939,11128,20939,1567,982
6502,8720,20940,11128,20940,1567,982
6499,8720,20941,11128,20941,1567,981
6499,8720,20942,11128,20942,1567,981
6500,8720,20943,11128,20943,1567,981
6495,8720,20944,11128,20944,1567,981
6493,8720,20945,11128,20945,1567,981
6494,8720,20946,11128,20946,1567,981
6490,8720,20947,11128,20947,1567,979
6490,8720,20948,11128,20948,1567,979
6489,8720,20949,11128,20949,1567,979
6489,8720,20950,11128,20950,1567,979
6489,8720,20951,11128,20951,1567,979
6490,8720,20952,11128,20952,1567,979
6491,8720,20953,11128,20953,1567,979
6490,8720,20954,11128,20954,1567,979
6491,8720,20955,11128,20955,1567,979
6491,8720,20956,11128,20956,1567,979
6491,8720,20957,11128,20957,1567,979
6491,8720,20958,11128,20958,1567,979
6492,8720,20959,11128,20959,1567,979
6493,8720,20960,11128,20960,1567,979
6488,8720,20961,11128,20961,1567,978
6489,8720,20962,11128,20962,1567,978
6490,8720,20963,11128,20963,1567,978
6487,8720,20964,11128,20964,1567,977
6482,8720,20965,11128,20965,1567,975
6481,8720,20966,11128,20966,1567,975
6480,8720,20967,11128,20967,1567,975
6479,8720,20968,11128,20968,1567,975
6480,8720,20969,11128,20969,1567,975
6481,8720,20970,11128,20970,1567,975
6482,8720,20971,11128,20971,1567,975
6477,8720,20972,11128,20972,1567,974
6478,8720,20973,11128,20973,1567,974
6478,8720,20974,11128,20974,1567,974
6479,8720,20975,11128,20975,1567,974
6480,8720,20976,11128,20976,1567,974
6480,8720,20977,11128,20977,1567,974
6481,8720,20978,11128,20978,1567,974
6480,8720,20979,11128,20979,1567,974
6479,8720,20980,11128,20980,1567,974
6480,8720,20981,11128,20981,1567,974
6481,8720,20982,11128,20982,1567,974
6477,8720,20983,11128,20983,1567,974
6473,8720,20984,11128,20984,1567,972
6470,8720,20985,11128,20985,1567,972
6471,8720,20986,11128,20986,1567,972
6469,8720,20987,11128,20987,1567,971
6470,8720,20988,11128,20988,1567,971
6468,8720,20989,11128,20989,1567,971
6469,8720,20990,11128,20990,1567,971
6469,8720,20991,11128,20991,1567,971
6469,8720,20992,11128,20992,1567,971
6470,8720,20993,11128,20993,1567,971
6470,8720,20994,11128,20994,1567,971
6471,8720,20995,11128,20995,1567,971
6472,8720,20996,11128,20996,1567,971
6471,8720,20997,11128,20997,1567,971
6471,8720,20998,11128,20998,1567,971
6470,8720,20999,11128,20999,1567,971
6470,8720,21000,11128,21000,1567,971
6467,8720,21001,11128,21001,1567,971
6463,8720,21002,11128,21002,1567,969
6462,8720,21003,11128,21003,1567,969
6462,8720,21004,11128,21004,1567,969
6462,8720,21005,11128,21005,1567,969
6460,8720,21006,11128,21006,1567,969
6460,8720,21007,11128,21007,1567,969
6461,8720,21008,11128,21008,1567,969
6460,8720,21009,11128,21009,1567,969
6457,8720,21010,11128,21010,1567,968
6457,8720,21011,11128,21011,1567,968
6457,8720,21012,11128,21012,1567,968
6458,8720,21013,11128,21013,1567,968
6456,8720,21014,11128,21014,1567,968
6456,8720,21015,11128,21015,1567,968
6457,8720,21016,11128,21016,1567,968
6457,8720,21017,11128,21017,1567,968
6457,8720,21018,11128,21018,1567,968
6457,8720,21019,11128,21019,1567,968
6455,8720,21020,11128,21020,1567,968
6450,8720,21021,11128,21021,1567,968
6451,8720,21022,11128,21022,1567,968
6451,8720,21023,11128,21023,1567,968
6452,8720,21024,11128,21024,1567,968
6451,8720,21025,11128,21025,1567,968
6452,8720,21026,11128,21026,1567,968
6452,8720,21027,11128,21027,1567,968
6451,8720,21028,11128,21028,1567,968
6452,8720,21029,11128,21029,1567,968
6452,8720,21030,11128,21030,1567,968
6450,8720,21031,11128,21031,1567,967
6450,8720,21032,11128,21032,1567,967
6451,8720,21033,11128,21033,1567,967
6451,8720,21034,11128,21034,1567,967
6452,8720,21035,11128,21035,1567,967
6453,8720,21036,11128,21036,1567,967
6454,8720,21037,11128,21037,1567,967
6452,8720,21038,11128,21038,1567,967
6451,8720,21039,11128,21039,1567,967
6451,8720,21040,11128,21040,1567,967
6451,8720,21041,11128,21041,1567,967
6450,8720,21042,11128,21042,1567,967
6450,8720,21043,11128,21043,1567,967
6450,8720,21044,11128,21044,1567,967
6450,8720,21045,11128,21045,1567,967
6450,8720,21046,11128,21046,1567,967
6450,8720,21047,11128,21047,1567,967
6450,8720,21048,11128,21048,1567,967
6451,8720,21049,11128,21049,1567,967
6451,8720,21050,11128,21050,1567,967
6452,8720,21051,11128,21051,1567,967
6452,8720,21052,11128,21052,1567,967
6451,8720,21053,11128,21053,1567,967
6451,8720,21054,11128,21054,1567,967
6448,8720,21055,11128,21055,1567,967
6449,8720,21056,11128,21056,1567,967
6448,8720,21057,11128,21057,1567,967
6449,8720,21058,11128,21058,1567,967
6450,8720,21059,11128,21059,1567,967
6449,8720,21060,11128,21060,1567,967
6449,8720,21061,11128,21061,1567,967
6449,8720,21062,11128,21062,1567,967
6448,8720,21063,11128,21063,1567,967
6449,8720,21064,11128,21064,1567,967
6450,8720,21065,11128,21065,1567,967
6448,8720,21066,11128,21066,1567,967
6449,8720,21067,11128,21067,1567,967
6450,8720,21068,11128,21068,1567,967
6448,8720,21069,11128,21069,1567,967
6447,8720,21070,11128,21070,1567,967
6448,8720,21071,11128,21071,1567,967
6446,8720,21072,11128,21072,1567,967
6442,8720,21073,11128,21073,1567,966
6443,8720,21074,11128,21074,1567,966
6443,8720,21075,11128,21075,1567,966
6443,8720,21076,11128,21076,1567,966
6444,8720,21077,11128,21077,1567,966
6445,8720,21078,11128,21078,1567,966
6446,8720,21079,11128,21079,1567,966
6447,8720,21080,11128,21080,1567,966
6448,8720,21081,11128,21081,1567,966
6448,8720,21082,11128,21082,1567,966
6448,8720,21083,11128,21083,1567,966
6449,8720,21084,11128,21084,1567,966
6450,8720,21085,11128,21085,1567,966
6450,8720,21086,11128,21086,1567,966
6450,8720,21087,11128,21087,1567,966
6451,8720,21088,11128,21088,1567,966
6450,8720,21089,11128,21089,1567,966
6450,8720,21090,11128,21090,1567,966
6451,8720,21091,11128,21091,1567,966
6451,8720,21092,11128,21092,1567,966
6450,8720,21093,11128,21093,1567,966
6451,8720,21094,11128,21094,1567,966
6451,8720,21095,11128,21095,1567,966
6450,8720,21096,11128,21096,1567,966
6451,8720,21097,11128,21097,1567,966
6451,8720,21098,11128,21098,1567,966
6452,8720,21099,11128,21099,1567,966
6453,8720,21100,11128,21100,1567,966
6452,8720,21101,11128,21101,1567,966
6453,8720,21102,11128,21102,1567,966
6451,8720,21103,11128,21103,1567,966
6448,8720,21104,11128,21104,1567,966
6439,8720,21105,11128,21105,1567,964
6439,8720,21106,11128,21106,1567,964
6439,8720,21107,11128,21107,1567,964
6439,8720,21108,11128,21108,1567,964
6438,8720,21109,11128,21109,1567,964
6437,8720,21110,11128,21110,1567,964
6438,8720,21111,11128,21111,1567,964
6439,8720,21112,11128,21112,1567,964
6440,8720,21113,11128,21113,1567,964
6440,8720,21114,11128,21114,1567,964
6441,8720,21115,11128,21115,1567,964
6442,8720,21116,11128,21116,1567,964
6443,8720,21117,11128,21117,1567,964
6442,8720,21118,11128,21118,1567,964
6441,8720,21119,11128,21119,1567,964
6442,8720,21120,11128,21120,1567,964
6441,8720,21121,11128,21121,1567,964
6441,8720,21122,11128,21122,1567,964
6441,8720,21123,11128,21123,1567,964
6440,8720,21124,11128,21124,1567,964
6441,8720,21125,11128,21125,1567,964
6440,8720,21126,11128,21126,1567,964
6439,8720,21127,11128,21127,1567,964
6440,8720,21128,11128,21128,1567,964
6437,8720,21129,11128,21129,1567,964
6435,8720,21130,11128,21130,1567,964
6434,8720,21131,11128,21131,1567,964
6434,8720,21132,11128,21132,1567,964
6434,8720,21133,11128,21133,1567,964
6431,8720,21134,11128,21134,1567,963
6432,8720,21135,11128,21135,1567,963
6432,8720,21136,11128,21136,1567,963
6432,8720,21137,11128,21137,1567,963
6431,8720,21138,11128,21138,1567,963
6432,8720,21139,11128,21139,1567,963
6430,8720,21140,11128,21140,1567,963
6431,8720,21141,11128,21141,1567,963
6432,8720,21142,11128,21142,1567,963
6432,8720,21143,11128,21143,1567,963
6431,8720,21144,11128,21144,1567,963
6431,8720,21145,11128,21145,1567,963
6430,8720,21146,11128,21146,1567,963
6430,8720,21147,11128,21147,1567,963
6431,8720,21148,11128,21148,1567,963
6432,8720,21149,11128,21149,1567,963
6432,8720,21150,11128,21150,1567,963
6433,8720,21151,11128,21151,1567,963
6433,8720,21152,11128,21152,1567,963
6433,8720,21153,11128,21153,1567,963
6430,8720,21154,11128,21154,1567,963
6429,8720,21155,11128,21155,1567,963
6426,8720,21156,11128,21156,1567,963
6427,8720,21157,11128,21157,1567,963
6422,8720,21158,11128,21158,1567,963
6423,8720,21159,11128,21159,1567,963
6424,8720,21160,11128,21160,1567,963
6425,8720,21161,11128,21161,1567,963
6425,8720,21162,11128,21162,1567,963
6425,8720,21163,11128,21163,1567,963
6423,8720,21164,11128,21164,1567,963
6421,8720,21165,11128,21165,1567,963
6420,8720,21166,11128,21166,1567,963
6421,8720,21167,11128,21167,1567,963
6419,8720,21168,11128,21168,1567,963
6420,8720,21169,11128,21169,1567,963
6421,8720,21170,11128,21170,1567,963
6415,8720,21171,11128,21171,1567,963
6414,8720,21172,11128,21172,1567,963
6412,8720,21173,11128,21173,1567,963
6413,8720,21174,11128,21174,1567,963
6410,8720,21175,11128,21175,1567,963
6411,8720,21176,11128,21176,1567,963
6409,8720,21177,11128,21177,1567,963
6408,8720,21178,11128,21178,1567,963
6406,8720,21179,11128,21179,1567,963
6406,8720,21180,11128,21180,1567,963
6406,8720,21181,11128,21181,1567,963
6405,8720,21182,11128,21182,1567,963
6403,8720,21183,11128,21183,1567,963
6403,8720,21184,11128,21184,1567,963
6402,8720,21185,11128,21185,1567,963
6403,8720,21186,11128,21186,1567,963
6403,8720,21187,11128,21187,1567,963
6404,8720,21188,11128,21188,1567,963
6405,8720,21189,11128,21189,1567,963
6405,8720,21190,11128,21190,1567,963
6405,8720,21191,11128,21191,1567,963
6403,8720,21192,11128,21192,1567,963
6400,8720,21193,11128,21193,1567,963
6397,8720,21194,11128,21194,1567,961
6398,8720,21195,11128,21195,1567,961
6399,8720,21196,11128,21196,1567,961
6398,8720,21197,11128,21197,1567,961
6399,8720,21198,11128,21198,1567,961
6400,8720,21199,11128,21199,1567,961
6401,8720,21200,11128,21200,1567,961
6401,8720,21201,11128,21201,1567,961
6402,8720,21202,11128,21202,1567,961
6402,8720,21203,11128,21203,1567,961
6402,8720,21204,11128,21204,1567,961
6401,8720,21205,11128,21205,1567,961
6401,8720,21206,11128,21206,1567,961
6400,8720,21207,11128,21207,1567,961
6400,8720,21208,11128,21208,1567,961
6400,8720,21209,11128,21209,1567,961
6397,8720,21210,11128,21210,1567,960
6397,8720,21211,11128,21211,1567,960
6398,8720,21212,11128,21212,1567,960
6397,8720,21213,11128,21213,1567,960
6397,8720,21214,11128,21214,1567,960
6398,8720,21215,11128,21215,1567,960
6396,8720,21216,11128,21216,1567,960
6396,8720,21217,11128,21217,1567,960
6396,8720,21218,11128,21218,1567,960
6395,8720,21219,11128,21219,1567,960
6394,8720,21220,11128,21220,1567,960
6394,8720,21221,11128,21221,1567,960
6391,8720,21222,11128,21222,1567,960
6392,8720,21223,11128,21223,1567,960
6392,8720,21224,11128,21224,1567,960
6392,8720,21225,11128,21225,1567,960
6393,8720,21226,11128,21226,1567,960
6394,8720,21227,11128,21227,1567,960
6395,8720,21228,11128,21228,1567,960
6393,8720,21229,11128,21229,1567,960
6394,8720,21230,11128,21230,1567,960
6392,8720,21231,11128,21231,1567,960
6393,8720,21232,11128,21232,1567,960
6393,8720,21233,11128,21233,1567,960
6393,8720,21234,11128,21234,1567,960
6392,8720,21235,11128,21235,1567,960
6391,8720,21236,11128,21236,1567,960
6387,8720,21237,11128,21237,1567,960
6388,8720,21238,11128,21238,1567,960
6388,8720,21239,11128,21239,1567,960
6388,8720,21240,11128,21240,1567,960
6389,8720,21241,11128,21241,1567,960
6387,8720,21242,11128,21242,1567,960
6388,8720,21243,11128,21243,1567,960
6389,8720,21244,11128,21244,1567,960
6389,8720,21245,11128,21245,1567,960
6389,8720,21246,11128,21246,1567,960
6390,8720,21247,11128,21247,1567,960
6391,8720,21248,11128,21248,1567,960
6392,8720,21249,11128,21249,1567,960
6393,8720,21250,11128,21250,1567,960
6394,8720,21251,11128,21251,1567,960
6394,8720,21252,11128,21252,1567,960
6395,8720,21253,11128,21253,1567,960
6394,8720,21254,11128,21254,1567,960
6394,8720,21255,11128,21255,1567,960
6395,8720,21256,11128,21256,1567,960
6393,8720,21257,11128,21257,1567,960
6393,8720,21258,11128,21258,1567,960
6392,8720,21259,11128,21259,1567,959
6391,8720,21260,11128,21260,1567,959
6388,8720,21261,11128,21261,1567,959
6389,8720,21262,11128,21262,1567,959
6389,8720,21263,11128,21263,1567,959
6389,8720,21264,11128,21264,1567,959
6390,8720,21265,11128,21265,1567,959
6389,8720,21266,11128,21266,1567,959
6386,8720,21267,11128,21267,1567,959
6387,8720,21268,11128,21268,1567,959
6386,8720,21269,11128,21269,1567,959
6384,8720,21270,11128,21270,1567,959
6384,8720,21271,11128,21271,1567,959
6384,8720,21272,11128,21272,1567,959
6384,8720,21273,11128,21273,1567,959
6384,8720,21274,11128,21274,1567,959
6385,8720,21275,11128,21275,1567,959
6384,8720,21276,11128,21276,1567,959
6384,8720,21277,11128,21277,1567,959
6385,8720,21278,11128,21278,1567,959
6384,8720,21279,11128,21279,1567,959
6380,8720,21280,11128,21280,1567,958
6380,8720,21281,11128,21281,1567,958
6379,8720,21282,11128,21282,1567,958
6380,8720,21283,11128,21283,1567,958
6381,8720,21284,11128,21284,1567,958
6379,8720,21285,11128,21285,1567,958
6379,8720,21286,11128,21286,1567,958
6379,8720,21287,11128,21287,1567,958
6380,8720,21288,11128,21288,1567,958
6381,8720,21289,11128,21289,1567,958
6381,8720,21290,11128,21290,1567,958
6381,8720,21291,11128,21291,1567,958
6376,8720,21292,11128,21292,1567,957
6377,8720,21293,11128,21293,1567,957
6377,8720,21294,11128,21294,1567,957
6376,8720,21295,11128,21295,1567,957
6377,8720,21296,11128,21296,1567,957
6377,8720,21297,11128,21297,1567,957
6375,8720,21298,11128,21298,1567,957
6375,8720,21299,11128,21299,1567,957
6374,8720,21300,11128,21300,1567,957
6369,8720,21301,11128,21301,1567,955
6365,8720,21302,11128,21302,1567,954
6362,8720,21303,11128,21303,1567,954
6361,8720,21304,11128,21304,1567,954
6361,8720,21305,11128,21305,1567,954
6359,8720,21306,11128,21306,1567,954
6359,8720,21307,11128,21307,1567,954
6360,8720,21308,11128,21308,1567,954
6359,8720,21309,11128,21309,1567,954
6357,8720,21310,11128,21310,1567,954
6358,8720,21311,11128,21311,1567,954
6357,8720,21312,11128,21312,1567,954
6358,8720,21313,11128,21313,1567,954
6359,8720,21314,11128,21314,1567,954
6358,8720,21315,11128,21315,1567,954
6357,8720,21316,11128,21316,1567,954
6357,8720,21317,11128,21317,1567,954
6358,8720,21318,11128,21318,1567,954
6354,8720,21319,11128,21319,1567,953
6355,8720,21320,11128,21320,1567,953
6351,8720,21321,11128,21321,1567,953
6351,8720,21322,11128,21322,1567,953
6351,8720,21323,11128,21323,1567,953
6350,8720,21324,11128,21324,1567,953
6349,8720,21325,11128,21325,1567,953
6349,8720,21326,11128,21326,1567,953
6350,8720,21327,11128,21327,1567,953
6350,8720,21328,11128,21328,1567,953
6349,8720,21329,11128,21329,1567,953
6349,8720,21330,11128,21330,1567,953
6349,8720,21331,11128,21331,1567,953
6349,8720,21332,11128,21332,1567,953
6348,8720,21333,11128,21333,1567,953
6347,8720,21334,11128,21334,1567,953
6347,8720,21335,11128,21335,1567,953
6347,8720,21336,11128,21336,1567,953
6342,8720,21337,11128,21337,1567,953
6343,8720,21338,11128,21338,1567,953
6343,8720,21339,11128,21339,1567,953
6343,8720,21340,11128,21340,1567,953
6343,8720,21341,11128,21341,1567,953
6344,8720,21342,11128,21342,1567,953
6344,8720,21343,11128,21343,1567,953
6344,8720,21344,11128,21344,1567,953
6342,8720,21345,11128,21345,1567,953
6342,8720,21346,11128,21346,1567,953
6340,8720,21347,11128,21347,1567,953
6340,8720,21348,11128,21348,1567,953
6341,8720,21349,11128,21349,1567,953
6342,8720,21350,11128,21350,1567,953
6341,8720,21351,11128,21351,1567,953
6340,8720,21352,11128,21352,1567,953
6341,8720,21353,11128,21353,1567,953
6340,8720,21354,11128,21354,1567,953
6341,8720,21355,11128,21355,1567,953
6340,8720,21356,11128,21356,1567,953
6341,8720,21357,11128,21357,1567,953
6341,8720,21358,11128,21358,1567,953
6342,8720,21359,11128,21359,1567,953
6338,8720,21360,11128,21360,1567,953
6339,8720,21361,11128,21361,1567,953
6340,8720,21362,11128,21362,1567,953
6339,8720,21363,11128,21363,1567,953
6340,8720,21364,11128,21364,1567,953
6341,8720,21365,11128,21365,1567,953
6341,8720,21366,11128,21366,1567,953
6338,8720,21367,11128,21367,1567,953
6338,8720,21368,11128,21368,1567,953
6339,8720,21369,11128,21369,1567,953
6340,8720,21370,11128,21370,1567,953
6341,8720,21371,11128,21371,1567,953
6342,8720,21372,11128,21372,1567,953
6343,8720,21373,11128,21373,1567,953
6343,8720,21374,11128,21374,1567,953
6344,8720,21375,11128,21375,1567,953
6345,8720,21376,11128,21376,1567,953
6345,8720,21377,11128,21377,1567,953
6345,8720,21378,11128,21378,1567,953
6346,8720,21379,11128,21379,1567,953
6347,8720,21380,11128,21380,1567,953
6347,8720,21381,11128,21381,1567,953
6346,8720,21382,11128,21382,1567,953
6347,8720,21383,11128,21383,1567,953
6347,8720,21384,11128,21384,1567,953
6348,8720,21385,11128,21385,1567,953
6345,8720,21386,11128,21386,1567,953
6344,8720,21387,11128,21387,1567,953
6345,8720,21388,11128,21388,1567,953
6343,8720,21389,11128,21389,1567,953
6343,8720,21390,11128,21390,1567,953
6343,8720,21391,11128,21391,1567,953
6344,8720,21392,11128,21392,1567,953
6341,8720,21393,11128,21393,1567,953
6339,8720,21394,11128,21394,1567,953
6340,8720,21395,11128,21395,1567,953
6341,8720,21396,11128,21396,1567,953
6340,8720,21397,11128,21397,1567,953
6341,8720,21398,11128,21398,1567,953
6342,8720,21399,11128,21399,1567,953
6342,8720,21400,11128,21400,1567,953
6342,8720,21401,11128,21401,1567,953
6343,8720,21402,11128,21402,1567,953
6343,8720,21403,11128,21403,1567,953
6336,8720,21404,11128,21404,1567,952
6335,8720,21405,11128,21405,1567,952
6335,8720,21406,11128,21406,1567,952
6333,8720,21407,11128,21407,1567,952
6328,8720,21408,11128,21408,1567,952
6329,8720,21409,11128,21409,1567,952
6328,8720,21410,11128,21410,1567,952
6329,8720,21411,11128,21411,1567,952
6330,8720,21412,11128,21412,1567,952
6331,8720,21413,11128,21413,1567,952
6331,8720,21414,11128,21414,1567,952
6329,8720,21415,11128,21415,1567,952
6328,8720,21416,11128,21416,1567,952
6328,8720,21417,11128,21417,1567,952
6329,8720,21418,11128,21418,1567,952
6329,8720,21419,11128,21419,1567,952
6330,8720,21420,11128,21420,1567,952
6331,8720,21421,11128,21421,1567,952
6329,8720,21422,11128,21422,1567,952
6330,8720,21423,11128,21423,1567,952
6331,8720,21424,11128,21424,1567,952
6330,8720,21425,11128,21425,1567,952
6331,8720,21426,11128,21426,1567,952
6332,8720,21427,11128,21427,1567,952
6332,8720,21428,11128,21428,1567,952
6332,8720,21429,11128,21429,1567,952
6333,8720,21430,11128,21430,1567,952
6333,8720,21431,11128,21431,1567,952
6334,8720,21432,11128,21432,1567,952
6334,8720,21433,11128,21433,1567,952
6334,8720,21434,11128,21434,1567,952
6334,8720,21435,11128,21435,1567,952
6335,8720,21436,11128,21436,1567,952
6334,8720,21437,11128,21437,1567,952
6332,8720,21438,11128,21438,1567,952
6331,8720,21439,11128,21439,1567,952
6326,8720,21440,11128,21440,1567,951
6326,8720,21441,11128,21441,1567,951
6327,8720,21442,11128,21442,1567,951
6328,8720,21443,11128,21443,1567,951
6329,8720,21444,11128,21444,1567,951
6328,8720,21445,11128,21445,1567,951
6329,8720,21446,11128,21446,1567,951
6329,8720,21447,11128,21447,1567,951
6330,8720,21448,11128,21448,1567,951
6331,8720,21449,11128,21449,1567,951
6331,8720,21450,11128,21450,1567,951
6329,8720,21451,11128,21451,1567,951
6330,8720,21452,11128,21452,1567,951
6330,8720,21453,11128,21453,1567,951
6330,8720,21454,11128,21454,1567,951
6329,8720,21455,11128,21455,1567,951
6327,8720,21456,11128,21456,1567,951
6326,8720,21457,11128,21457,1567,950
6326,8720,21458,11128,21458,1567,950
6326,8720,21459,11128,21459,1567,950
6324,8720,21460,11128,21460,1567,950
6323,8720,21461,11128,21461,1567,950
6320,8720,21462,11128,21462,1567,950
6320,8720,21463,11128,21463,1567,950
6320,8720,21464,11128,21464,1567,950
6321,8720,21465,11128,21465,1567,950
6318,8720,21466,11128,21466,1567,949
6318,8720,21467,11128,21467,1567,949
6318,8720,21468,11128,21468,1567,949
6315,8720,21469,11128,21469,1567,949
6316,8720,21470,11128,21470,1567,949
6317,8720,21471,11128,21471,1567,949
6317,8720,21472,11128,21472,1567,949
6318,8720,21473,11128,21473,1567,949
6319,8720,21474,11128,21474,1567,949
6315,8720,21475,11128,21475,1567,949
6315,8720,21476,11128,21476,1567,949
6316,8720,21477,11128,21477,1567,949
6316,8720,21478,11128,21478,1567,949
6317,8720,21479,11128,21479,1567,949
6317,8720,21480,11128,21480,1567,949
6314,8720,21481,11128,21481,1567,948
6312,8720,21482,11128,21482,1567,948
6313,8720,21483,11128,21483,1567,948
6311,8720,21484,11128,21484,1567,948
6310,8720,21485,11128,21485,1567,948
6311,8720,21486,11128,21486,1567,948
6311,8720,21487,11128,21487,1567,948
6312,8720,21488,11128,21488,1567,948
6313,8720,21489,11128,21489,1567,948
6313,8720,21490,11128,21490,1567,948
6313,8720,21491,11128,21491,1567,948
6314,8720,21492,11128,21492,1567,948
6314,8720,21493,11128,21493,1567,948
6315,8720,21494,11128,21494,1567,948
6316,8720,21495,11128,21495,1567,948
6317,8720,21496,11128,21496,1567,948
6317,8720,21497,11128,21497,1567,948
6316,8720,21498,11128,21498,1567,948
6315,8720,21499,11128,21499,1567,948
6314,8720,21500,11128,21500,1567,948
6313,8720,21501,11128,21501,1567,948
6312,8720,21502,11128,21502,1567,948
6311,8720,21503,11128,21503,1567,948
6312,8720,21504,11128,21504,1567,948
6310,8720,21505,11128,21505,1567,947
6310,8720,21506,11128,21506,1567,947
6311,8720,21507,11128,21507,1567,947
6305,8720,21508,11128,21508,1567,947
6306,8720,21509,11128,21509,1567,947
6306,8720,21510,11128,21510,1567,947
6305,8720,21511,11128,21511,1567,947
6306,8720,21512,11128,21512,1567,947
6305,8720,21513,11128,21513,1567,947
6306,8720,21514,11128,21514,1567,947
6305,8720,21515,11128,21515,1567,947
6305,8720,21516,11128,21516,1567,947
6305,8720,21517,11128,21517,1567,947
6305,8720,21518,11128,21518,1567,947
6304,8720,21519,11128,21519,1567,947
6305,8720,21520,11128,21520,1567,947
6306,8720,21521,11128,21521,1567,947
6306,8720,21522,11128,21522,1567,947
6306,8720,21523,11128,21523,1567,947
6305,8720,21524,11128,21524,1567,947
6306,8720,21525,11128,21525,1567,947
6307,8720,21526,11128,21526,1567,947
6307,8720,21527,11128,21527,1567,947
6308,8720,21528,11128,21528,1567,947
6308,8720,21529,11128,21529,1567,947
6308,8720,21530,11128,21530,1567,947
6307,8720,21531,11128,21531,1567,947
6306,8720,21532,11128,21532,1567,947
6307,8720,21533,11128,21533,1567,947
6307,8720,21534,11128,21534,1567,947
6308,8720,21535,11128,21535,1567,947
6306,8720,21536,11128,21536,1567,947
6305,8720,21537,11128,21537,1567,947
6306,8720,21538,11128,21538,1567,947
6305,8720,21539,11128,21539,1567,947
6306,8720,21540,11128,21540,1567,947
6303,8720,21541,11128,21541,1567,946
6304,8720,21542,11128,21542,1567,946
6303,8720,21543,11128,21543,1567,946
6304,8720,21544,11128,21544,1567,946
6303,8720,21545,11128,21545,1567,946
6304,8720,21546,11128,21546,1567,946
6305,8720,21547,11128,21547,1567,946
6305,8720,21548,11128,21548,1567,946
6306,8720,21549,11128,21549,1567,946
6306,8720,21550,11128,21550,1567,946
6306,8720,21551,11128,21551,1567,946
6307,8720,21552,11128,21552,1567,946
6308,8720,21553,11128,21553,1567,946
6307,8720,21554,11128,21554,1567,946
6308,8720,21555,11128,21555,1567,946
6309,8720,21556,11128,21556,1567,946
6310,8720,21557,11128,21557,1567,946
6309,8720,21558,11128,21558,1567,946
6303,8720,21559,11128,21559,1567,945
6304,8720,21560,11128,21560,1567,945
6303,8720,21561,11128,21561,1567,945
6304,8720,21562,11128,21562,1567,945
6299,8720,21563,11128,21563,1567,945
6300,8720,21564,11128,21564,1567,945
6300,8720,21565,11128,21565,1567,945
6294,8720,21566,11128,21566,1567,944
6295,8720,21567,11128,21567,1567,944
6296,8720,21568,11128,21568,1567,944
6297,8720,21569,11128,21569,1567,944
6296,8720,21570,11128,21570,1567,944
6295,8720,21571,11128,21571,1567,944
6295,8720,21572,11128,21572,1567,944
6295,8720,21573,11128,21573,1567,944
6294,8720,21574,11128,21574,1567,944
6295,8720,21575,11128,21575,1567,944
6295,8720,21576,11128,21576,1567,944
6295,8720,21577,11128,21577,1567,944
6293,8720,21578,11128,21578,1567,944
6292,8720,21579,11128,21579,1567,944
6291,8720,21580,11128,21580,1567,944
6292,8720,21581,11128,21581,1567,944
6293,8720,21582,11128,21582,1567,944
6293,8720,21583,11128,21583,1567,944
6293,8720,21584,11128,21584,1567,944
6291,8720,21585,11128,21585,1567,944
6290,8720,21586,11128,21586,1567,944
6291,8720,21587,11128,21587,1567,944
6290,8720,21588,11128,21588,1567,944
6289,8720,21589,11128,21589,1567,944
6289,8720,21590,11128,21590,1567,944
6289,8720,21591,11128,21591,1567,944
6289,8720,21592,11128,21592,1567,944
6290,8720,21593,11128,21593,1567,944
6291,8720,21594,11128,21594,1567,944
6291,8720,21595,11128,21595,1567,944
6292,8720,21596,11128,21596,1567,944
6291,8720,21597,11128,21597,1567,944
6291,8720,21598,11128,21598,1567,944
6292,8720,21599,11128,21599,1567,944
6291,8720,21600,11128,21600,1567,944
6292,8720,21601,11128,21601,1567,944
6293,8720,21602,11128,21602,1567,944
6292,8720,21603,11128,21603,1567,944
6292,8720,21604,11128,21604,1567,944
6293,8720,21605,11128,21605,1567,944
6288,8720,21606,11128,21606,1567,943
6289,8720,21607,11128,21607,1567,943
6290,8720,21608,11128,21608,1567,943
6288,8720,21609,11128,21609,1567,943
6288,8720,21610,11128,21610,1567,943
6288,8720,21611,11128,21611,1567,943
6286,8720,21612,11128,21612,1567,943
6285,8720,21613,11128,21613,1567,943
6286,8720,21614,11128,21614,1567,943
6284,8720,21615,11128,21615,1567,943
6285,8720,21616,11128,21616,1567,943
6285,8720,21617,11128,21617,1567,943
6280,8720,21618,11128,21618,1567,943
6280,8720,21619,11128,21619,1567,943
6281,8720,21620,11128,21620,1567,943
6276,8720,21621,11128,21621,1567,941
6276,8720,21622,11128,21622,1567,941
6277,8720,21623,11128,21623,1567,941
6277,8720,21624,11128,21624,1567,941
6278,8720,21625,11128,21625,1567,941
6279,8720,21626,11128,21626,1567,941
6280,8720,21627,11128,21627,1567,941
6281,8720,21628,11128,21628,1567,941
6282,8720,21629,11128,21629,1567,941
6282,8720,21630,11128,21630,1567,941
6282,8720,21631,11128,21631,1567,941
6283,8720,21632,11128,21632,1567,941
6279,8720,21633,11128,21633,1567,940
6278,8720,21634,11128,21634,1567,940
6279,8720,21635,11128,21635,1567,940
6278,8720,21636,11128,21636,1567,940
6279,8720,21637,11128,21637,1567,940
6277,8720,21638,11128,21638,1567,940
6278,8720,21639,11128,21639,1567,940
6275,8720,21640,11128,21640,1567,939
6276,8720,21641,11128,21641,1567,939
6275,8720,21642,11128,21642,1567,939
6275,8720,21643,11128,21643,1567,939
6275,8720,21644,11128,21644,1567,939
6274,8720,21645,11128,21645,1567,939
6272,8720,21646,11128,21646,1567,939
6270,8720,21647,11128,21647,1567,939
6269,8720,21648,11128,21648,1567,939
6268,8720,21649,11128,21649,1567,939
6266,8720,21650,11128,21650,1567,939
6265,8720,21651,11128,21651,1567,939
6265,8720,21652,11128,21652,1567,939
6265,8720,21653,11128,21653,1567,939
6265,8720,21654,11128,21654,1567,939
6264,8720,21655,11128,21655,1567,939
6264,8720,21656,11128,21656,1567,939
6265,8720,21657,11128,21657,1567,939
6264,8720,21658,11128,21658,1567,939
6264,8720,21659,11128,21659,1567,939
6265,8720,21660,11128,21660,1567,939
6265,8720,21661,11128,21661,1567,939
6262,8720,21662,11128,21662,1567,939
6262,8720,21663,11128,21663,1567,939
6263,8720,21664,11128,21664,1567,939
6264,8720,21665,11128,21665,1567,939
6264,8720,21666,11128,21666,1567,939
6265,8720,21667,11128,21667,1567,939
6262,8720,21668,11128,21668,1567,938
6262,8720,21669,11128,21669,1567,938
6262,8720,21670,11128,21670,1567,938
6262,8720,21671,11128,21671,1567,938
6263,8720,21672,11128,21672,1567,938
6261,8720,21673,11128,21673,1567,938
6262,8720,21674,11128,21674,1567,938
6259,8720,21675,11128,21675,1567,937
6259,8720,21676,11128,21676,1567,937
6255,8720,21677,11128,21677,1567,936
6255,8720,21678,11128,21678,1567,936
6255,8720,21679,11128,21679,1567,936
6249,8720,21680,11128,21680,1567,934
6249,8720,21681,11128,21681,1567,934
6249,8720,21682,11128,21682,1567,934
6245,8720,21683,11128,21683,1567,934
6245,8720,21684,11128,21684,1567,934
6243,8720,21685,11128,21685,1567,934
6243,8720,21686,11128,21686,1567,934
6243,8720,21687,11128,21687,1567,934
6244,8720,21688,11128,21688,1567,934
6243,8720,21689,11128,21689,1567,934
6243,8720,21690,11128,21690,1567,934
6241,8720,21691,11128,21691,1567,934
6242,8720,21692,11128,21692,1567,934
6238,8720,21693,11128,21693,1567,932
6239,8720,21694,11128,21694,1567,932
6239,8720,21695,11128,21695,1567,932
6240,8720,21696,11128,21696,1567,932
6241,8720,21697,11128,21697,1567,932
6238,8720,21698,11128,21698,1567,932
6238,8720,21699,11128,21699,1567,932
6234,8720,21700,11128,21700,1567,932
6235,8720,21701,11128,21701,1567,932
6233,8720,21702,11128,21702,1567,932
6234,8720,21703,11128,21703,1567,932
6231,8720,21704,11128,21704,1567,932
6232,8720,21705,11128,21705,1567,932
6232,8720,21706,11128,21706,1567,932
6230,8720,21707,11128,21707,1567,931
6231,8720,21708,11128,21708,1567,931
6232,8720,21709,11128,21709,1567,931
6233,8720,21710,11128,21710,1567,931
6232,8720,21711,11128,21711,1567,931
6232,8720,21712,11128,21712,1567,931
6231,8720,21713,11128,21713,1567,931
6227,8720,21714,11128,21714,1567,929
6223,8720,21715,11128,21715,1567,929
6223,8720,21716,11128,21716,1567,929
6221,8720,21717,11128,21717,1567,929
6222,8720,21718,11128,21718,1567,929
6223,8720,21719,11128,21719,1567,929
6217,8720,21720,11128,21720,1567,928
6218,8720,21721,11128,21721,1567,928
6218,8720,21722,11128,21722,1567,928
6218,8720,21723,11128,21723,1567,928
6218,8720,21724,11128,21724,1567,928
6219,8720,21725,11128,21725,1567,928
6219,8720,21726,11128,21726,1567,928
6218,8720,21727,11128,21727,1567,928
6217,8720,21728,11128,21728,1567,928
6218,8720,21729,11128,21729,1567,928
6219,8720,21730,11128,21730,1567,928
6219,8720,21731,11128,21731,1567,928
6216,8720,21732,11128,21732,1567,928
6216,8720,21733,11128,21733,1567,928
6215,8720,21734,11128,21734,1567,928
6215,8720,21735,11128,21735,1567,928
6216,8720,21736,11128,21736,1567,928
6216,8720,21737,11128,21737,1567,928
6216,8720,21738,11128,21738,1567,928
6217,8720,21739,11128,21739,1567,928
6218,8720,21740,11128,21740,1567,928
6217,8720,21741,11128,21741,1567,928
6215,8720,21742,11128,21742,1567,928
6214,8720,21743,11128,21743,1567,928
6213,8720,21744,11128,21744,1567,928
6213,8720,21745,11128,21745,1567,928
6213,8720,21746,11128,21746,1567,928
6213,8720,21747,11128,21747,1567,928
6214,8720,21748,11128,21748,1567,928
6212,8720,21749,11128,21749,1567,928
6213,8720,21750,11128,21750,1567,928
6214,8720,21751,11128,21751,1567,928
6214,8720,21752,11128,21752,1567,928
6215,8720,21753,11128,21753,1567,928
6216,8720,21754,11128,21754,1567,928
6216,8720,21755,11128,21755,1567,928
6217,8720,21756,11128,21756,1567,928
6217,8720,21757,11128,21757,1567,928
6216,8720,21758,11128,21758,1567,928
6215,8720,21759,11128,21759,1567,928
6216,8720,21760,11128,21760,1567,928
6214,8720,21761,11128,21761,1567,928
6215,8720,21762,11128,21762,1567,928
6216,8720,21763,11128,21763,1567,928
6216,8720,21764,11128,21764,1567,928
6216,8720,21765,11128,21765,1567,928
6215,8720,21766,11128,21766,1567,928
6215,8720,21767,11128,21767,1567,928
6215,8720,21768,11128,21768,1567,928
6215,8720,21769,11128,21769,1567,928
6216,8720,21770,11128,21770,1567,928
6217,8720,21771,11128,21771,1567,928
6218,8720,21772,11128,21772,1567,928
6219,8720,21773,11128,21773,1567,928
6215,8720,21774,11128,21774,1567,928
6214,8720,21775,11128,21775,1567,928
6214,8720,21776,11128,21776,1567,928
6209,8720,21777,11128,21777,1567,927
6205,8720,21778,11128,21778,1567,926
6206,8720,21779,11128,21779,1567,926
6207,8720,21780,11128,21780,1567,926
6204,8720,21781,11128,21781,1567,926
6203,8720,21782,11128,21782,1567,926
6203,8720,21783,11128,21783,1567,926
6203,8720,21784,11128,21784,1567,926
6198,8720,21785,11128,21785,1567,925
6199,8720,21786,11128,21786,1567,925
6195,8720,21787,11128,21787,1567,925
6196,8720,21788,11128,21788,1567,925
6197,8720,21789,11128,21789,1567,925
6194,8720,21790,11128,21790,1567,925
6193,8720,21791,11128,21791,1567,925
6190,8720,21792,11128,21792,1567,925
6190,8720,21793,11128,21793,1567,925
6186,8720,21794,11128,21794,1567,923
6186,8720,21795,11128,21795,1567,923
6184,8720,21796,11128,21796,1567,923
6184,8720,21797,11128,21797,1567,923
6185,8720,21798,11128,21798,1567,923
6180,8720,21799,11128,21799,1567,922
6181,8720,21800,11128,21800,1567,922
6179,8720,21801,11128,21801,1567,922
6180,8720,21802,11128,21802,1567,922
6179,8720,21803,11128,21803,1567,922
6180,8720,21804,11128,21804,1567,922
6181,8720,21805,11128,21805,1567,922
6179,8720,21806,11128,21806,1567,921
6180,8720,21807,11128,21807,1567,921
6181,8720,21808,11128,21808,1567,921
6182,8720,21809,11128,21809,1567,921
6173,8720,21810,11128,21810,1567,918
6173,8720,21811,11128,21811,1567,918
6173,8720,21812,11128,21812,1567,918
6173,8720,21813,11128,21813,1567,918
6173,8720,21814,11128,21814,1567,918
6172,8720,21815,11128,21815,1567,918
6172,8720,21816,11128,21816,1567,918
6172,8720,21817,11128,21817,1567,918
6173,8720,21818,11128,21818,1567,918
6173,8720,21819,11128,21819,1567,918
6173,8720,21820,11128,21820,1567,918
6171,8720,21821,11128,21821,1567,917
6172,8720,21822,11128,21822,1567,917
6173,8720,21823,11128,21823,1567,917
6173,8720,21824,11128,21824,1567,917
6168,8720,21825,11128,21825,1567,916
6168,8720,21826,11128,21826,1567,916
6163,8720,21827,11128,21827,1567,915
6164,8720,21828,11128,21828,1567,915
6165,8720,21829,11128,21829,1567,915
6165,8720,21830,11128,21830,1567,915
6165,8720,21831,11128,21831,1567,915
6164,8720,21832,11128,21832,1567,915
6163,8720,21833,11128,21833,1567,915
6164,8720,21834,11128,21834,1567,915
6164,8720,21835,11128,21835,1567,915
6165,8720,21836,11128,21836,1567,915
6162,8720,21837,11128,21837,1567,915
6163,8720,21838,11128,21838,1567,915
6163,8720,21839,11128,21839,1567,915
6163,8720,21840,11128,21840,1567,915
6164,8720,21841,11128,21841,1567,915
6163,8720,21842,11128,21842,1567,915
6162,8720,21843,11128,21843,1567,915
6163,8720,21844,11128,21844,1567,915
6164,8720,21845,11128,21845,1567,915
6164,8720,21846,11128,21846,1567,915
6165,8720,21847,11128,21847,1567,915
6165,8720,21848,11128,21848,1567,915
6166,8720,21849,11128,21849,1567,915
6167,8720,21850,11128,21850,1567,915
6168,8720,21851,11128,21851,1567,915
6167,8720,21852,11128,21852,1567,915
6168,8720,21853,11128,21853,1567,915
6168,8720,21854,11128,21854,1567,915
6167,8720,21855,11128,21855,1567,915
6168,8720,21856,11128,21856,1567,915
6168,8720,21857,11128,21857,1567,915
6168,8720,21858,11128,21858,1567,915
6169,8720,21859,11128,21859,1567,915
6169,8720,21860,11128,21860,1567,915
6170,8720,21861,11128,21861,1567,915
6171,8720,21862,11128,21862,1567,915
6169,8720,21863,11128,21863,1567,915
6167,8720,21864,11128,21864,1567,915
6167,8720,21865,11128,21865,1567,915
6166,8720,21866,11128,21866,1567,915
6167,8720,21867,11128,21867,1567,915
6163,8720,21868,11128,21868,1567,915
6164,8720,21869,11128,21869,1567,915
6165,8720,21870,11128,21870,1567,915
6166,8720,21871,11128,21871,1567,915
6166,8720,21872,11128,21872,1567,915
6166,8720,21873,11128,21873,1567,915
6166,8720,21874,11128,21874,1567,915
6166,8720,21875,11128,21875,1567,915
6166,8720,21876,11128,21876,1567,915
6166,8720,21877,11128,21877,1567,915
6166,8720,21878,11128,21878,1567,915
6164,8720,21879,11128,21879,1567,915
6162,8720,21880,11128,21880,1567,915
6161,8720,21881,11128,21881,1567,915
6162,8720,21882,11128,21882,1567,915
6161,8720,21883,11128,21883,1567,915
6161,8720,21884,11128,21884,1567,915
6157,8720,21885,11128,21885,1567,915
6158,8720,21886,11128,21886,1567,915
6159,8720,21887,11128,21887,1567,915
6159,8720,21888,11128,21888,1567,915
6159,8720,21889,11128,21889,1567,915
6159,8720,21890,11128,21890,1567,915
6157,8720,21891,11128,21891,1567,915
6158,8720,21892,11128,21892,1567,915
6157,8720,21893,11128,21893,1567,914
6158,8720,21894,11128,21894,1567,914
6159,8720,21895,11128,21895,1567,914
6159,8720,21896,11128,21896,1567,914
6158,8720,21897,11128,21897,1567,914
6159,8720,21898,11128,21898,1567,914
6160,8720,21899,11128,21899,1567,914
6160,8720,21900,11128,21900,1567,914
6152,8720,21901,11128,21901,1567,912
6153,8720,21902,11128,21902,1567,912
6152,8720,21903,11128,21903,1567,912
6153,8720,21904,11128,21904,1567,912
6152,8720,21905,11128,21905,1567,912
6151,8720,21906,11128,21906,1567,912
6151,8720,21907,11128,21907,1567,912
6148,8720,21908,11128,21908,1567,912
6148,8720,21909,11128,21909,1567,912
6145,8720,21910,11128,21910,1567,911
6139,8720,21911,11128,21911,1567,909
6140,8720,21912,11128,21912,1567,909
6141,8720,21913,11128,21913,1567,909
6140,8720,21914,11128,21914,1567,909
6134,8720,21915,11128,21915,1567,905
6134,8720,21916,11128,21916,1567,905
6134,8720,21917,11128,21917,1567,905
6134,8720,21918,11128,21918,1567,905
6134,8720,21919,11128,21919,1567,905
6135,8720,21920,11128,21920,1567,905
6135,8720,21921,11128,21921,1567,905
6136,8720,21922,11128,21922,1567,905
6137,8720,21923,11128,21923,1567,905
6136,8720,21924,11128,21924,1567,905
6136,8720,21925,11128,21925,1567,905
6137,8720,21926,11128,21926,1567,905
6137,8720,21927,11128,21927,1567,905
6137,8720,21928,11128,21928,1567,905
6135,8720,21929,11128,21929,1567,905
6136,8720,21930,11128,21930,1567,905
6137,8720,21931,11128,21931,1567,905
6136,8720,21932,11128,21932,1567,905
6137,8720,21933,11128,21933,1567,905
6137,8720,21934,11128,21934,1567,905
6131,8720,21935,11128,21935,1567,903
6131,8720,21936,11128,21936,1567,903
6131,8720,21937,11128,21937,1567,903
6131,8720,21938,11128,21938,1567,903
6129,8720,21939,11128,21939,1567,903
6127,8720,21940,11128,21940,1567,903
6125,8720,21941,11128,21941,1567,903
6121,8720,21942,11128,21942,1567,903
6121,8720,21943,11128,21943,1567,903
6115,8720,21944,11128,21944,1567,902
6116,8720,21945,11128,21945,1567,902
6117,8720,21946,11128,21946,1567,902
6116,8720,21947,11128,21947,1567,901
6116,8720,21948,11128,21948,1567,901
6117,8720,21949,11128,21949,1567,901
6112,8720,21950,11128,21950,1567,900
6112,8720,21951,11128,21951,1567,900
6112,8720,21952,11128,21952,1567,900
6111,8720,21953,11128,21953,1567,900
6111,8720,21954,11128,21954,1567,900
6111,8720,21955,11128,21955,1567,900
6107,8720,21956,11128,21956,1567,899
6107,8720,21957,11128,21957,1567,899
6106,8720,21958,11128,21958,1567,899
6107,8720,21959,11128,21959,1567,899
6107,8720,21960,11128,21960,1567,899
6107,8720,21961,11128,21961,1567,899
6107,8720,21962,11128,21962,1567,899
6107,8720,21963,11128,21963,1567,899
6105,8720,21964,11128,21964,1567,898
6106,8720,21965,11128,21965,1567,898
6106,8720,21966,11128,21966,1567,898
6106,8720,21967,11128,21967,1567,898
6105,8720,21968,11128,21968,1567,898
6106,8720,21969,11128,21969,1567,898
6106,8720,21970,11128,21970,1567,898
6106,8720,21971,11128,21971,1567,898
6106,8720,21972,11128,21972,1567,898
6106,8720,21973,11128,21973,1567,898
6107,8720,21974,11128,21974,1567,898
6105,8720,21975,11128,21975,1567,898
6105,8720,21976,11128,21976,1567,898
6106,8720,21977,11128,21977,1567,898
6107,8720,21978,11128,21978,1567,898
6108,8720,21979,11128,21979,1567,898
6107,8720,21980,11128,21980,1567,898
6108,8720,21981,11128,21981,1567,898
6109,8720,21982,11128,21982,1567,898
6109,8720,21983,11128,21983,1567,898
6109,8720,21984,11128,21984,1567,898
6109,8720,21985,11128,21985,1567,898
6109,8720,21986,11128,21986,1567,898
6110,8720,21987,11128,21987,1567,898
6111,8720,21988,11128,21988,1567,898
6112,8720,21989,11128,21989,1567,898
6109,8720,21990,11128,21990,1567,897
6110,8720,21991,11128,21991,1567,897
6111,8720,21992,11128,21992,1567,897
6110,8720,21993,11128,21993,1567,896
6106,8720,21994,11128,21994,1567,895
6106,8720,21995,11128,21995,1567,895
6106,8720,21996,11128,21996,1567,895
6106,8720,21997,11128,21997,1567,895
6105,8720,21998,11128,21998,1567,895
6105,8720,21999,11128,21999,1567,895
6101,8720,22000,11128,22000,1567,895
6101,8720,22001,11128,22001,1567,895
6102,8720,22002,11128,22002,1567,895
6103,8720,22003,11128,22003,1567,895
6101,8720,22004,11128,22004,1567,895
6099,8720,22005,11128,22005,1567,895
6099,8720,22006,11128,22006,1567,895
6099,8720,22007,11128,22007,1567,895
6098,8720,22008,11128,22008,1567,895
6098,8720,22009,11128,22009,1567,895
6098,8720,22010,11128,22010,1567,895
6096,8720,22011,11128,22011,1567,895
6096,8720,22012,11128,22012,1567,895
6091,8720,22013,11128,22013,1567,895
6090,8720,22014,11128,22014,1567,895
6091,8720,22015,11128,22015,1567,895
6091,8720,22016,11128,22016,1567,895
6090,8720,22017,11128,22017,1567,895
6091,8720,22018,11128,22018,1567,895
6090,8720,22019,11128,22019,1567,895
6091,8720,22020,11128,22020,1567,895
6091,8720,22021,11128,22021,1567,895
6084,8720,22022,11128,22022,1567,893
6085,8720,22023,11128,22023,1567,893
6085,8720,22024,11128,22024,1567,893
6085,8720,22025,11128,22025,1567,893
6086,8720,22026,11128,22026,1567,893
6087,8720,22027,11128,22027,1567,893
6088,8720,22028,11128,22028,1567,893
6088,8720,22029,11128,22029,1567,893
6088,8720,22030,11128,22030,1567,893
6089,8720,22031,11128,22031,1567,893
6090,8720,22032,11128,22032,1567,893
6089,8720,22033,11128,22033,1567,893
6089,8720,22034,11128,22034,1567,893
6089,8720,22035,11128,22035,1567,893
6090,8720,22036,11128,22036,1567,893
6086,8720,22037,11128,22037,1567,892
6085,8720,22038,11128,22038,1567,892
6084,8720,22039,11128,22039,1567,892
6078,8720,22040,11128,22040,1567,892
6079,8720,22041,11128,22041,1567,892
6080,8720,22042,11128,22042,1567,892
6081,8720,22043,11128,22043,1567,892
6078,8720,22044,11128,22044,1567,892
6079,8720,22045,11128,22045,1567,892
6079,8720,22046,11128,22046,1567,892
6078,8720,22047,11128,22047,1567,892
6077,8720,22048,11128,22048,1567,892
6076,8720,22049,11128,22049,1567,892
6076,8720,22050,11128,22050,1567,892
6076,8720,22051,11128,22051,1567,892
6074,8720,22052,11128,22052,1567,891
6073,8720,22053,11128,22053,1567,891
6073,8720,22054,11128,22054,1567,891
6074,8720,22055,11128,22055,1567,891
6070,8720,22056,11128,22056,1567,890
6070,8720,22057,11128,22057,1567,890
6071,8720,22058,11128,22058,1567,890
6072,8720,22059,11128,22059,1567,890
6073,8720,22060,11128,22060,1567,890
6073,8720,22061,11128,22061,1567,890
6073,8720,22062,11128,22062,1567,890
6074,8720,22063,11128,22063,1567,890
6074,8720,22064,11128,22064,1567,890
6075,8720,22065,11128,22065,1567,890
6076,8720,22066,11128,22066,1567,890
6076,8720,22067,11128,22067,1567,890
6076,8720,22068,11128,22068,1567,890
6076,8720,22069,11128,22069,1567,890
6075,8720,22070,11128,22070,1567,889
6074,8720,22071,11128,22071,1567,889
6075,8720,22072,11128,22072,1567,889
6076,8720,22073,11128,22073,1567,889
6074,8720,22074,11128,22074,1567,889
6074,8720,22075,11128,22075,1567,889
6075,8720,22076,11128,22076,1567,889
6075,8720,22077,11128,22077,1567,889
6072,8720,22078,11128,22078,1567,889
6069,8720,22079,11128,22079,1567,888
6070,8720,22080,11128,22080,1567,888
6071,8720,22081,11128,22081,1567,888
6069,8720,22082,11128,22082,1567,888
6069,8720,22083,11128,22083,1567,888
6070,8720,22084,11128,22084,1567,888
6070,8720,22085,11128,22085,1567,888
6070,8720,22086,11128,22086,1567,888
6070,8720,22087,11128,22087,1567,888
6070,8720,22088,11128,22088,1567,888
6071,8720,22089,11128,22089,1567,888
6067,8720,22090,11128,22090,1567,888
6067,8720,22091,11128,22091,1567,888
6067,8720,22092,11128,22092,1567,888
6067,8720,22093,11128,22093,1567,888
6067,8720,22094,11128,22094,1567,888
6068,8720,22095,11128,22095,1567,888
6069,8720,22096,11128,22096,1567,888
6067,8720,22097,11128,22097,1567,888
6068,8720,22098,11128,22098,1567,888
6069,8720,22099,11128,22099,1567,888
6069,8720,22100,11128,22100,1567,888
6067,8720,22101,11128,22101,1567,888
6068,8720,22102,11128,22102,1567,888
6066,8720,22103,11128,22103,1567,888
6067,8720,22104,11128,22104,1567,888
6067,8720,22105,11128,22105,1567,888
6066,8720,22106,11128,22106,1567,888
6067,8720,22107,11128,22107,1567,888
6067,8720,22108,11128,22108,1567,888
6068,8720,22109,11128,22109,1567,888
6069,8720,22110,11128,22110,1567,888
6066,8720,22111,11128,22111,1567,888
6062,8720,22112,11128,22112,1567,887
6062,8720,22113,11128,22113,1567,887
6062,8720,22114,11128,22114,1567,887
6061,8720,22115,11128,22115,1567,887
6060,8720,22116,11128,22116,1567,887
6060,8720,22117,11128,22117,1567,887
6060,8720,22118,11128,22118,1567,887
6060,8720,22119,11128,22119,1567,887
6060,8720,22120,11128,22120,1567,887
6061,8720,22121,11128,22121,1567,887
6061,8720,22122,11128,22122,1567,887
6059,8720,22123,11128,22123,1567,886
6058,8720,22124,11128,22124,1567,886
6058,8720,22125,11128,22125,1567,886
6059,8720,22126,11128,22126,1567,886
6060,8720,22127,11128,22127,1567,886
6061,8720,22128,11128,22128,1567,886
6062,8720,22129,11128,22129,1567,886
6063,8720,22130,11128,22130,1567,886
6063,8720,22131,11128,22131,1567,886
6063,8720,22132,11128,22132,1567,886
6063,8720,22133,11128,22133,1567,886
6061,8720,22134,11128,22134,1567,885
6062,8720,22135,11128,22135,1567,885
6063,8720,22136,11128,22136,1567,885
6058,8720,22137,11128,22137,1567,885
6055,8720,22138,11128,22138,1567,885
6054,8720,22139,11128,22139,1567,885
6053,8720,22140,11128,22140,1567,885
6054,8720,22141,11128,22141,1567,885
6053,8720,22142,11128,22142,1567,885
6054,8720,22143,11128,22143,1567,885
6054,8720,22144,11128,22144,1567,885
6050,8720,22145,11128,22145,1567,883
6051,8720,22146,11128,22146,1567,883
6052,8720,22147,11128,22147,1567,883
6053,8720,22148,11128,22148,1567,883
6054,8720,22149,11128,22149,1567,883
6055,8720,22150,11128,22150,1567,883
6056,8720,22151,11128,22151,1567,883
6056,8720,22152,11128,22152,1567,883
6057,8720,22153,11128,22153,1567,883
6058,8720,22154,11128,22154,1567,883
6058,8720,22155,11128,22155,1567,883
6056,8720,22156,11128,22156,1567,883
6056,8720,22157,11128,22157,1567,883
6056,8720,22158,11128,22158,1567,883
6055,8720,22159,11128,22159,1567,883
6054,8720,22160,11128,22160,1567,883
6055,8720,22161,11128,22161,1567,883
6054,8720,22162,11128,22162,1567,883
6052,8720,22163,11128,22163,1567,883
6053,8720,22164,11128,22164,1567,883
6053,8720,22165,11128,22165,1567,883
6052,8720,22166,11128,22166,1567,883
6052,8720,22167,11128,22167,1567,883
6051,8720,22168,11128,22168,1567,883
6049,8720,22169,11128,22169,1567,883
6049,8720,22170,11128,22170,1567,883
6050,8720,22171,11128,22171,1567,883
6048,8720,22172,11128,22172,1567,881
6049,8720,22173,11128,22173,1567,881
6049,8720,22174,11128,22174,1567,881
6046,8720,22175,11128,22175,1567,881
6046,8720,22176,11128,22176,1567,881
6047,8720,22177,11128,22177,1567,881
6047,8720,22178,11128,22178,1567,881
6048,8720,22179,11128,22179,1567,881
6049,8720,22180,11128,22180,1567,881
6050,8720,22181,11128,22181,1567,881
6051,8720,22182,11128,22182,1567,881
6051,8720,22183,11128,22183,1567,881
6051,8720,22184,11128,22184,1567,881
6051,8720,22185,11128,22185,1567,881
6051,8720,22186,11128,22186,1567,881
6049,8720,22187,11128,22187,1567,881
6050,8720,22188,11128,22188,1567,881
6051,8720,22189,11128,22189,1567,881
6051,8720,22190,11128,22190,1567,881
6052,8720,22191,11128,22191,1567,881
6053,8720,22192,11128,22192,1567,881
6054,8720,22193,11128,22193,1567,881
6053,8720,22194,11128,22194,1567,881
6053,8720,22195,11128,22195,1567,881
6054,8720,22196,11128,22196,1567,881
6054,8720,22197,11128,22197,1567,881
6055,8720,22198,11128,22198,1567,881
6056,8720,22199,11128,22199,1567,881
6054,8720,22200,11128,22200,1567,881
6053,8720,22201,11128,22201,1567,881
6052,8720,22202,11128,22202,1567,881
6053,8720,22203,11128,22203,1567,881
6054,8720,22204,11128,22204,1567,881
6053,8720,22205,11128,22205,1567,881
6054,8720,22206,11128,22206,1567,881
6054,8720,22207,11128,22207,1567,881
6054,8720,22208,11128,22208,1567,881
6054,8720,22209,11128,22209,1567,881
6048,8720,22210,11128,22210,1567,881
6049,8720,22211,11128,22211,1567,881
6046,8720,22212,11128,22212,1567,880
6046,8720,22213,11128,22213,1567,880
6046,8720,22214,11128,22214,1567,880
6046,8720,22215,11128,22215,1567,880
6047,8720,22216,11128,22216,1567,880
6046,8720,22217,11128,22217,1567,880
6046,8720,22218,11128,22218,1567,880
6047,8720,22219,11128,22219,1567,880
6046,8720,22220,11128,22220,1567,880
6045,8720,22221,11128,22221,1567,880
6042,8720,22222,11128,22222,1567,879
6043,8720,22223,11128,22223,1567,879
6044,8720,22224,11128,22224,1567,879
6043,8720,22225,11128,22225,1567,879
6043,8720,22226,11128,22226,1567,879
6042,8720,22227,11128,22227,1567,879
6043,8720,22228,11128,22228,1567,879
6044,8720,22229,11128,22229,1567,879
6042,8720,22230,11128,22230,1567,879
6043,8720,22231,11128,22231,1567,879
6043,8720,22232,11128,22232,1567,879
6040,8720,22233,11128,22233,1567,879
6041,8720,22234,11128,22234,1567,879
6041,8720,22235,11128,22235,1567,879
6041,8720,22236,11128,22236,1567,879
6041,8720,22237,11128,22237,1567,879
6041,8720,22238,11128,22238,1567,879
6041,8720,22239,11128,22239,1567,879
6038,8720,22240,11128,22240,1567,879
6035,8720,22241,11128,22241,1567,879
6035,8720,22242,11128,22242,1567,879
6036,8720,22243,11128,22243,1567,879
6036,8720,22244,11128,22244,1567,879
6034,8720,22245,11128,22245,1567,879
6035,8720,22246,11128,22246,1567,879
6033,8720,22247,11128,22247,1567,879
6032,8720,22248,11128,22248,1567,879
6031,8720,22249,11128,22249,1567,879
6030,8720,22250,11128,22250,1567,879
6031,8720,22251,11128,22251,1567,879
6030,8720,22252,11128,22252,1567,879
6030,8720,22253,11128,22253,1567,879
6029,8720,22254,11128,22254,1567,879
6030,8720,22255,11128,22255,1567,879
6029,8720,22256,11128,22256,1567,879
6030,8720,22257,11128,22257,1567,879
6030,8720,22258,11128,22258,1567,879
6030,8720,22259,11128,22259,1567,879
6030,8720,22260,11128,22260,1567,879
6031,8720,22261,11128,22261,1567,879
6031,8720,22262,11128,22262,1567,879
6030,8720,22263,11128,22263,1567,879
6030,8720,22264,11128,22264,1567,879
6031,8720,22265,11128,22265,1567,879
6031,8720,22266,11128,22266,1567,879
6032,8720,22267,11128,22267,1567,879
6033,8720,22268,11128,22268,1567,879
6034,8720,22269,11128,22269,1567,879
6031,8720,22270,11128,22270,1567,879
6031,8720,22271,11128,22271,1567,879
6030,8720,22272,11128,22272,1567,879
6029,8720,22273,11128,22273,1567,879
6028,8720,22274,11128,22274,1567,879
6028,8720,22275,11128,22275,1567,879
6029,8720,22276,11128,22276,1567,879
6029,8720,22277,11128,22277,1567,879
6029,8720,22278,11128,22278,1567,879
6024,8720,22279,11128,22279,1567,879
6024,8720,22280,11128,22280,1567,879
6022,8720,22281,11128,22281,1567,879
6019,8720,22282,11128,22282,1567,879
6019,8720,22283,11128,22283,1567,879
6018,8720,22284,11128,22284,1567,879
6018,8720,22285,11128,22285,1567,879
6018,8720,22286,11128,22286,1567,879
6019,8720,22287,11128,22287,1567,879
6016,8720,22288,11128,22288,1567,879
6015,8720,22289,11128,22289,1567,879
6010,8720,22290,11128,22290,1567,879
6010,8720,22291,11128,22291,1567,879
6004,8720,22292,11128,22292,1567,878
6004,8720,22293,11128,22293,1567,878
6005,8720,22294,11128,22294,1567,878
6002,8720,22295,11128,22295,1567,878
6003,8720,22296,11128,22296,1567,878
6004,8720,22297,11128,22297,1567,878
6004,8720,22298,11128,22298,1567,878
6005,8720,22299,11128,22299,1567,878
6006,8720,22300,11128,22300,1567,878
6006,8720,22301,11128,22301,1567,878
6007,8720,22302,11128,22302,1567,878
6004,8720,22303,11128,22303,1567,878
6005,8720,22304,11128,22304,1567,878
6006,8720,22305,11128,22305,1567,878
6006,8720,22306,11128,22306,1567,878
6006,8720,22307,11128,22307,1567,878
6007,8720,22308,11128,22308,1567,878
6007,8720,22309,11128,22309,1567,878
6007,8720,22310,11128,22310,1567,878
6006,8720,22311,11128,22311,1567,878
6006,8720,22312,11128,22312,1567,878
6007,8720,22313,11128,22313,1567,878
6007,8720,22314,11128,22314,1567,878
6007,8720,22315,11128,22315,1567,878
6005,8720,22316,11128,22316,1567,878
6005,8720,22317,11128,22317,1567,878
6003,8720,22318,11128,22318,1567,878
6004,8720,22319,11128,22319,1567,878
6005,8720,22320,11128,22320,1567,878
6006,8720,22321,11128,22321,1567,878
6007,8720,22322,11128,22322,1567,878
6008,8720,22323,11128,22323,1567,878
6008,8720,22324,11128,22324,1567,878
6009,8720,22325,11128,22325,1567,878
6009,8720,22326,11128,22326,1567,878
6007,8720,22327,11128,22327,1567,877
6008,8720,22328,11128,22328,1567,877
6004,8720,22329,11128,22329,1567,877
6005,8720,22330,11128,22330,1567,877
6006,8720,22331,11128,22331,1567,877
6005,8720,22332,11128,22332,1567,877
6006,8720,22333,11128,22333,1567,877
6007,8720,22334,11128,22334,1567,877
6007,8720,22335,11128,22335,1567,877
6008,8720,22336,11128,22336,1567,877
6006,8720,22337,11128,22337,1567,877
6003,8720,22338,11128,22338,1567,876
6003,8720,22339,11128,22339,1567,876
6002,8720,22340,11128,22340,1567,876
6003,8720,22341,11128,22341,1567,876
6003,8720,22342,11128,22342,1567,876
6002,8720,22343,11128,22343,1567,876
6002,8720,22344,11128,22344,1567,876
6003,8720,22345,11128,22345,1567,876
6002,8720,22346,11128,22346,1567,876
6002,8720,22347,11128,22347,1567,876
6002,8720,22348,11128,22348,1567,876
5995,8720,22349,11128,22349,1567,876
5994,8720,22350,11128,22350,1567,876
5995,8720,22351,11128,22351,1567,876
5996,8720,22352,11128,22352,1567,876
5997,8720,22353,11128,22353,1567,876
5996,8720,22354,11128,22354,1567,876
5994,8720,22355,11128,22355,1567,876
5995,8720,22356,11128,22356,1567,876
5995,8720,22357,11128,22357,1567,876
5994,8720,22358,11128,22358,1567,876
5995,8720,22359,11128,22359,1567,876
5995,8720,22360,11128,22360,1567,876
5995,8720,22361,11128,22361,1567,876
5995,8720,22362,11128,22362,1567,876
5991,8720,22363,11128,22363,1567,876
5991,8720,22364,11128,22364,1567,876
5992,8720,22365,11128,22365,1567,876
5993,8720,22366,11128,22366,1567,876
5993,8720,22367,11128,22367,1567,876
5993,8720,22368,11128,22368,1567,876
5991,8720,22369,11128,22369,1567,876
5991,8720,22370,11128,22370,1567,876
5992,8720,22371,11128,22371,1567,876
5992,8720,22372,11128,22372,1567,876
5993,8720,22373,11128,22373,1567,876
5994,8720,22374,11128,22374,1567,876
5993,8720,22375,11128,22375,1567,876
5993,8720,22376,11128,22376,1567,876
5989,8720,22377,11128,22377,1567,876
5990,8720,22378,11128,22378,1567,876
5990,8720,22379,11128,22379,1567,876
5990,8720,22380,11128,22380,1567,876
5989,8720,22381,11128,22381,1567,876
5988,8720,22382,11128,22382,1567,876
5988,8720,22383,11128,22383,1567,876
5989,8720,22384,11128,22384,1567,876
5990,8720,22385,11128,22385,1567,876
5990,8720,22386,11128,22386,1567,876
5990,8720,22387,11128,22387,1567,876
5990,8720,22388,11128,22388,1567,876
5991,8720,22389,11128,22389,1567,876
5990,8720,22390,11128,22390,1567,876
5991,8720,22391,11128,22391,1567,876
5990,8720,22392,11128,22392,1567,876
5990,8720,22393,11128,22393,1567,876
5987,8720,22394,11128,22394,1567,876
5987,8720,22395,11128,22395,1567,876
5987,8720,22396,11128,22396,1567,876
5988,8720,22397,11128,22397,1567,876
5989,8720,22398,11128,22398,1567,876
5989,8720,22399,11128,22399,1567,876
5988,8720,22400,11128,22400,1567,876
5988,8720,22401,11128,22401,1567,876
5989,8720,22402,11128,22402,1567,876
5987,8720,22403,11128,22403,1567,876
5987,8720,22404,11128,22404,1567,876
5987,8720,22405,11128,22405,1567,876
5988,8720,22406,11128,22406,1567,876
5988,8720,22407,11128,22407,1567,876
5988,8720,22408,11128,22408,1567,876
5989,8720,22409,11128,22409,1567,876
5990,8720,22410,11128,22410,1567,876
5991,8720,22411,11128,22411,1567,876
5991,8720,22412,11128,22412,1567,876
5991,8720,22413,11128,22413,1567,876
5992,8720,22414,11128,22414,1567,876
5993,8720,22415,11128,22415,1567,876
5993,8720,22416,11128,22416,1567,876
5993,8720,22417,11128,22417,1567,876
5994,8720,22418,11128,22418,1567,876
5995,8720,22419,11128,22419,1567,876
5995,8720,22420,11128,22420,1567,876
5992,8720,22421,11128,22421,1567,876
5987,8720,22422,11128,22422,1567,873
5985,8720,22423,11128,22423,1567,873
5985,8720,22424,11128,22424,1567,873
5980,8720,22425,11128,22425,1567,872
5981,8720,22426,11128,22426,1567,872
5981,8720,22427,11128,22427,1567,872
5982,8720,22428,11128,22428,1567,872
5982,8720,22429,11128,22429,1567,872
5983,8720,22430,11128,22430,1567,872
5983,8720,22431,11128,22431,1567,872
5978,8720,22432,11128,22432,1567,870
5978,8720,22433,11128,22433,1567,870
5978,8720,22434,11128,22434,1567,870
5979,8720,22435,11128,22435,1567,870
5980,8720,22436,11128,22436,1567,870
5981,8720,22437,11128,22437,1567,870
5981,8720,22438,11128,22438,1567,870
5980,8720,22439,11128,22439,1567,870
5977,8720,22440,11128,22440,1567,870
5978,8720,22441,11128,22441,1567,870
5978,8720,22442,11128,22442,1567,870
5979,8720,22443,11128,22443,1567,870
5979,8720,22444,11128,22444,1567,870
5980,8720,22445,11128,22445,1567,870
5981,8720,22446,11128,22446,1567,870
5982,8720,22447,11128,22447,1567,870
5982,8720,22448,11128,22448,1567,870
5983,8720,22449,11128,22449,1567,870
5983,8720,22450,11128,22450,1567,870
5983,8720,22451,11128,22451,1567,870
5984,8720,22452,11128,22452,1567,870
5983,8720,22453,11128,22453,1567,870
5982,8720,22454,11128,22454,1567,870
5982,8720,22455,11128,22455,1567,870
5982,8720,22456,11128,22456,1567,870
5982,8720,22457,11128,22457,1567,870
5982,8720,22458,11128,22458,1567,870
5982,8720,22459,11128,22459,1567,870
5982,8720,22460,11128,22460,1567,870
5982,8720,22461,11128,22461,1567,870
5983,8720,22462,11128,22462,1567,870
5984,8720,22463,11128,22463,1567,870
5985,8720,22464,11128,22464,1567,870
5986,8720,22465,11128,22465,1567,870
5987,8720,22466,11128,22466,1567,870
5986,8720,22467,11128,22467,1567,870
5987,8720,22468,11128,22468,1567,870
5988,8720,22469,11128,22469,1567,870
5987,8720,22470,11128,22470,1567,870
5986,8720,22471,11128,22471,1567,870
5987,8720,22472,11128,22472,1567,870
5984,8720,22473,11128,22473,1567,869
5983,8720,22474,11128,22474,1567,869
5984,8720,22475,11128,22475,1567,869
5985,8720,22476,11128,22476,1567,869
5985,8720,22477,11128,22477,1567,869
5986,8720,22478,11128,22478,1567,869
5986,8720,22479,11128,22479,1567,869
5986,8720,22480,11128,22480,1567,869
5986,8720,22481,11128,22481,1567,869
5982,8720,22482,11128,22482,1567,867
5982,8720,22483,11128,22483,1567,867
5980,8720,22484,11128,22484,1567,867
5976,8720,22485,11128,22485,1567,867
5974,8720,22486,11128,22486,1567,867
5974,8720,22487,11128,22487,1567,867
5975,8720,22488,11128,22488,1567,867
5976,8720,22489,11128,22489,1567,867
5975,8720,22490,11128,22490,1567,867
5976,8720,22491,11128,22491,1567,867
5977,8720,22492,11128,22492,1567,867
5978,8720,22493,11128,22493,1567,867
5976,8720,22494,11128,22494,1567,867
5977,8720,22495,11128,22495,1567,867
5976,8720,22496,11128,22496,1567,867
5977,8720,22497,11128,22497,1567,867
5978,8720,22498,11128,22498,1567,867
5978,8720,22499,11128,22499,1567,867
5978,8720,22500,11128,22500,1567,867
5979,8720,22501,11128,22501,1567,867
5980,8720,22502,11128,22502,1567,867
5980,8720,22503,11128,22503,1567,867
5980,8720,22504,11128,22504,1567,867
5980,8720,22505,11128,22505,1567,867
5981,8720,22506,11128,22506,1567,867
5979,8720,22507,11128,22507,1567,866
5980,8720,22508,11128,22508,1567,866
5979,8720,22509,11128,22509,1567,866
5980,8720,22510,11128,22510,1567,866
5979,8720,22511,11128,22511,1567,866
5980,8720,22512,11128,22512,1567,866
5981,8720,22513,11128,22513,1567,866
5980,8720,22514,11128,22514,1567,866
5980,8720,22515,11128,22515,1567,866
5980,8720,22516,11128,22516,1567,866
5981,8720,22517,11128,22517,1567,866
5982,8720,22518,11128,22518,1567,866
5982,8720,22519,11128,22519,1567,866
5981,8720,22520,11128,22520,1567,866
5982,8720,22521,11128,22521,1567,866
5982,8720,22522,11128,22522,1567,866
5976,8720,22523,11128,22523,1567,866
5974,8720,22524,11128,22524,1567,866
5975,8720,22525,11128,22525,1567,866
5975,8720,22526,11128,22526,1567,866
5973,8720,22527,11128,22527,1567,866
5973,8720,22528,11128,22528,1567,866
5972,8720,22529,11128,22529,1567,866
5973,8720,22530,11128,22530,1567,866
5972,8720,22531,11128,22531,1567,866
5971,8720,22532,11128,22532,1567,866
5971,8720,22533,11128,22533,1567,866
5970,8720,22534,11128,22534,1567,866
5971,8720,22535,11128,22535,1567,866
5971,8720,22536,11128,22536,1567,866
5971,8720,22537,11128,22537,1567,866
5967,8720,22538,11128,22538,1567,866
5966,8720,22539,11128,22539,1567,866
5964,8720,22540,11128,22540,1567,866
5964,8720,22541,11128,22541,1567,866
5964,8720,22542,11128,22542,1567,866
5965,8720,22543,11128,22543,1567,866
5966,8720,22544,11128,22544,1567,866
5966,8720,22545,11128,22545,1567,866
5966,8720,22546,11128,22546,1567,866
5965,8720,22547,11128,22547,1567,866
5965,8720,22548,11128,22548,1567,866
5965,8720,22549,11128,22549,1567,866
5966,8720,22550,11128,22550,1567,866
5966,8720,22551,11128,22551,1567,866
5966,8720,22552,11128,22552,1567,866
5967,8720,22553,11128,22553,1567,866
5968,8720,22554,11128,22554,1567,866
5969,8720,22555,11128,22555,1567,866
5970,8720,22556,11128,22556,1567,866
5971,8720,22557,11128,22557,1567,866
5970,8720,22558,11128,22558,1567,866
5971,8720,22559,11128,22559,1567,866
5970,8720,22560,11128,22560,1567,866
5971,8720,22561,11128,22561,1567,866
5972,8720,22562,11128,22562,1567,866
5973,8720,22563,11128,22563,1567,866
5973,8720,22564,11128,22564,1567,866
5974,8720,22565,11128,22565,1567,866
5975,8720,22566,11128,22566,1567,866
5975,8720,22567,11128,22567,1567,866
5974,8720,22568,11128,22568,1567,866
5974,8720,22569,11128,22569,1567,866
5973,8720,22570,11128,22570,1567,866
5973,8720,22571,11128,22571,1567,866
5974,8720,22572,11128,22572,1567,866
5975,8720,22573,11128,22573,1567,866
5976,8720,22574,11128,22574,1567,866
5976,8720,22575,11128,22575,1567,866
5977,8720,22576,11128,22576,1567,866
5978,8720,22577,11128,22577,1567,866
5977,8720,22578,11128,22578,1567,866
5976,8720,22579,11128,22579,1567,866
5974,8720,22580,11128,22580,1567,866
5974,8720,22581,11128,22581,1567,866
5975,8720,22582,11128,22582,1567,866
5976,8720,22583,11128,22583,1567,866
5976,8720,22584,11128,22584,1567,866
5974,8720,22585,11128,22585,1567,865
5974,8720,22586,11128,22586,1567,865
5974,8720,22587,11128,22587,1567,865
5975,8720,22588,11128,22588,1567,865
5976,8720,22589,11128,22589,1567,865
5977,8720,22590,11128,22590,1567,865
5978,8720,22591,11128,22591,1567,865
5979,8720,22592,11128,22592,1567,865
5979,8720,22593,11128,22593,1567,865
5979,8720,22594,11128,22594,1567,865
5980,8720,22595,11128,22595,1567,865
5975,8720,22596,11128,22596,1567,864
5976,8720,22597,11128,22597,1567,864
5976,8720,22598,11128,22598,1567,864
5975,8720,22599,11128,22599,1567,864
5975,8720,22600,11128,22600,1567,864
5976,8720,22601,11128,22601,1567,864
5977,8720,22602,11128,22602,1567,864
5971,8720,22603,11128,22603,1567,862
5971,8720,22604,11128,22604,1567,862
5972,8720,22605,11128,22605,1567,862
5972,8720,22606,11128,22606,1567,862
5972,8720,22607,11128,22607,1567,862
5973,8720,22608,11128,22608,1567,862
5973,8720,22609,11128,22609,1567,862
5973,8720,22610,11128,22610,1567,862
5974,8720,22611,11128,22611,1567,862
5975,8720,22612,11128,22612,1567,862
5975,8720,22613,11128,22613,1567,862
5975,8720,22614,11128,22614,1567,862
5976,8720,22615,11128,22615,1567,862
5976,8720,22616,11128,22616,1567,862
5975,8720,22617,11128,22617,1567,862
5976,8720,22618,11128,22618,1567,862
5977,8720,22619,11128,22619,1567,862
5978,8720,22620,11128,22620,1567,862
5977,8720,22621,11128,22621,1567,862
5978,8720,22622,11128,22622,1567,862
5979,8720,22623,11128,22623,1567,862
5980,8720,22624,11128,22624,1567,862
5978,8720,22625,11128,22625,1567,862
5978,8720,22626,11128,22626,1567,862
5978,8720,22627,11128,22627,1567,862
5978,8720,22628,11128,22628,1567,862
5978,8720,22629,11128,22629,1567,862
5974,8720,22630,11128,22630,1567,862
5973,8720,22631,11128,22631,1567,862
5970,8720,22632,11128,22632,1567,860
5969,8720,22633,11128,22633,1567,860
5968,8720,22634,11128,22634,1567,860
5969,8720,22635,11128,22635,1567,860
5969,8720,22636,11128,22636,1567,860
5970,8720,22637,11128,22637,1567,860
5970,8720,22638,11128,22638,1567,860
5970,8720,22639,11128,22639,1567,860
5969,8720,22640,11128,22640,1567,860
5969,8720,22641,11128,22641,1567,860
5970,8720,22642,11128,22642,1567,860
5968,8720,22643,11128,22643,1567,860
5963,8720,22644,11128,22644,1567,859
5959,8720,22645,11128,22645,1567,857
5959,8720,22646,11128,22646,1567,857
5960,8720,22647,11128,22647,1567,857
5960,8720,22648,11128,22648,1567,857
5959,8720,22649,11128,22649,1567,857
5956,8720,22650,11128,22650,1567,857
5955,8720,22651,11128,22651,1567,857
5954,8720,22652,11128,22652,1567,857
5954,8720,22653,11128,22653,1567,857
5955,8720,22654,11128,22654,1567,857
5956,8720,22655,11128,22655,1567,857
5956,8720,22656,11128,22656,1567,857
5955,8720,22657,11128,22657,1567,857
5956,8720,22658,11128,22658,1567,857
5955,8720,22659,11128,22659,1567,857
5955,8720,22660,11128,22660,1567,857
5953,8720,22661,11128,22661,1567,857
5954,8720,22662,11128,22662,1567,857
5951,8720,22663,11128,22663,1567,856
5951,8720,22664,11128,22664,1567,856
5951,8720,22665,11128,22665,1567,856
5951,8720,22666,11128,22666,1567,856
5950,8720,22667,11128,22667,1567,856
5950,8720,22668,11128,22668,1567,856
5945,8720,22669,11128,22669,1567,856
5945,8720,22670,11128,22670,1567,856
5945,8720,22671,11128,22671,1567,856
5944,8720,22672,11128,22672,1567,856
5944,8720,22673,11128,22673,1567,856
5945,8720,22674,11128,22674,1567,856
5944,8720,22675,11128,22675,1567,856
5945,8720,22676,11128,22676,1567,856
5942,8720,22677,11128,22677,1567,854
5943,8720,22678,11128,22678,1567,854
5942,8720,22679,11128,22679,1567,854
5943,8720,22680,11128,22680,1567,854
5943,8720,22681,11128,22681,1567,854
5944,8720,22682,11128,22682,1567,854
5945,8720,22683,11128,22683,1567,854
5945,8720,22684,11128,22684,1567,854
5946,8720,22685,11128,22685,1567,854
5947,8720,22686,11128,22686,1567,854
5948,8720,22687,11128,22687,1567,854
5947,8720,22688,11128,22688,1567,854
5948,8720,22689,11128,22689,1567,854
5948,8720,22690,11128,22690,1567,854
5948,8720,22691,11128,22691,1567,854
5949,8720,22692,11128,22692,1567,854
5949,8720,22693,11128,22693,1567,854
5950,8720,22694,11128,22694,1567,854
5950,8720,22695,11128,22695,1567,854
5950,8720,22696,11128,22696,1567,854
5950,8720,22697,11128,22697,1567,854
5951,8720,22698,11128,22698,1567,854
5952,8720,22699,11128,22699,1567,854
5953,8720,22700,11128,22700,1567,854
5953,8720,22701,11128,22701,1567,854
5952,8720,22702,11128,22702,1567,854
5952,8720,22703,11128,22703,1567,854
5952,8720,22704,11128,22704,1567,854
5950,8720,22705,11128,22705,1567,854
5950,8720,22706,11128,22706,1567,854
5950,8720,22707,11128,22707,1567,854
5949,8720,22708,11128,22708,1567,854
5945,8720,22709,11128,22709,1567,851
5946,8720,22710,11128,22710,1567,851
5941,8720,22711,11128,22711,1567,850
5940,8720,22712,11128,22712,1567,850
5940,8720,22713,11128,22713,1567,850
5941,8720,22714,11128,22714,1567,850
5938,8720,22715,11128,22715,1567,850
5939,8720,22716,11128,22716,1567,850
5939,8720,22717,11128,22717,1567,850
5938,8720,22718,11128,22718,1567,850
5937,8720,22719,11128,22719,1567,850
5935,8720,22720,11128,22720,1567,850
5933,8720,22721,11128,22721,1567,850
5934,8720,22722,11128,22722,1567,850
5929,8720,22723,11128,22723,1567,849
5930,8720,22724,11128,22724,1567,849
5931,8720,22725,11128,22725,1567,849
5925,8720,22726,11128,22726,1567,847
5926,8720,22727,11128,22727,1567,847
5925,8720,22728,11128,22728,1567,847
5925,8720,22729,11128,22729,1567,847
5924,8720,22730,11128,22730,1567,847
5923,8720,22731,11128,22731,1567,847
5922,8720,22732,11128,22732,1567,847
5921,8720,22733,11128,22733,1567,847
5915,8720,22734,11128,22734,1567,846
5915,8720,22735,11128,22735,1567,846
5916,8720,22736,11128,22736,1567,846
5916,8720,22737,11128,22737,1567,846
5914,8720,22738,11128,22738,1567,846
5914,8720,22739,11128,22739,1567,846
5915,8720,22740,11128,22740,1567,846
5916,8720,22741,11128,22741,1567,846
5913,8720,22742,11128,22742,1567,846
5914,8720,22743,11128,22743,1567,846
5913,8720,22744,11128,22744,1567,846
5912,8720,22745,11128,22745,1567,846
5912,8720,22746,11128,22746,1567,846
5912,8720,22747,11128,22747,1567,846
5911,8720,22748,11128,22748,1567,846
5911,8720,22749,11128,22749,1567,846
5911,8720,22750,11128,22750,1567,846
5911,8720,22751,11128,22751,1567,846
5912,8720,22752,11128,22752,1567,846
5912,8720,22753,11128,22753,1567,846
5910,8720,22754,11128,22754,1567,846
5911,8720,22755,11128,22755,1567,846
5912,8720,22756,11128,22756,1567,846
5910,8720,22757,11128,22757,1567,846
5910,8720,22758,11128,22758,1567,846
5911,8720,22759,11128,22759,1567,846
5912,8720,22760,11128,22760,1567,846
5913,8720,22761,11128,22761,1567,846
5913,8720,22762,11128,22762,1567,846
5913,8720,22763,11128,22763,1567,846
5913,8720,22764,11128,22764,1567,846
5913,8720,22765,11128,22765,1567,846
5914,8720,22766,11128,22766,1567,846
5915,8720,22767,11128,22767,1567,846
5916,8720,22768,11128,22768,1567,846
5916,8720,22769,11128,22769,1567,846
5910,8720,22770,11128,22770,1567,845
5910,8720,22771,11128,22771,1567,845
5910,8720,22772,11128,22772,1567,845
5908,8720,22773,11128,22773,1567,845
5908,8720,22774,11128,22774,1567,845
5908,8720,22775,11128,22775,1567,845
5909,8720,22776,11128,22776,1567,845
5909,8720,22777,11128,22777,1567,845
5910,8720,22778,11128,22778,1567,845
5909,8720,22779,11128,22779,1567,845
5908,8720,22780,11128,22780,1567,845
5909,8720,22781,11128,22781,1567,845
5907,8720,22782,11128,22782,1567,845
5907,8720,22783,11128,22783,1567,845
5907,8720,22784,11128,22784,1567,845
5908,8720,22785,11128,22785,1567,845
5909,8720,22786,11128,22786,1567,845
5908,8720,22787,11128,22787,1567,845
5909,8720,22788,11128,22788,1567,845
5910,8720,22789,11128,22789,1567,845
5909,8720,22790,11128,22790,1567,845
5909,8720,22791,11128,22791,1567,845
5909,8720,22792,11128,22792,1567,845
5903,8720,22793,11128,22793,1567,843
5902,8720,22794,11128,22794,1567,843
5901,8720,22795,11128,22795,1567,842
5900,8720,22796,11128,22796,1567,842
5901,8720,22797,11128,22797,1567,842
5900,8720,22798,11128,22798,1567,842
5900,8720,22799,11128,22799,1567,842
5900,8720,22800,11128,22800,1567,842
5899,8720,22801,11128,22801,1567,842
5899,8720,22802,11128,22802,1567,842
5894,8720,22803,11128,22803,1567,840
5894,8720,22804,11128,22804,1567,840
5895,8720,22805,11128,22805,1567,840
5895,8720,22806,11128,22806,1567,840
5896,8720,22807,11128,22807,1567,840
5895,8720,22808,11128,22808,1567,840
5894,8720,22809,11128,22809,1567,840
5895,8720,22810,11128,22810,1567,840
5896,8720,22811,11128,22811,1567,840
5897,8720,22812,11128,22812,1567,840
5896,8720,22813,11128,22813,1567,840
5897,8720,22814,11128,22814,1567,840
5897,8720,22815,11128,22815,1567,840
5897,8720,22816,11128,22816,1567,840
5895,8720,22817,11128,22817,1567,840
5894,8720,22818,11128,22818,1567,840
5895,8720,22819,11128,22819,1567,840
5894,8720,22820,11128,22820,1567,840
5894,8720,22821,11128,22821,1567,840
5894,8720,22822,11128,22822,1567,840
5895,8720,22823,11128,22823,1567,840
5895,8720,22824,11128,22824,1567,840
5896,8720,22825,11128,22825,1567,840
5896,8720,22826,11128,22826,1567,840
5897,8720,22827,11128,22827,1567,840
5897,8720,22828,11128,22828,1567,840
5897,8720,22829,11128,22829,1567,840
5897,8720,22830,11128,22830,1567,840
5892,8720,22831,11128,22831,1567,839
5893,8720,22832,11128,22832,1567,839
5893,8720,22833,11128,22833,1567,839
5893,8720,22834,11128,22834,1567,839
5893,8720,22835,11128,22835,1567,839
5894,8720,22836,11128,22836,1567,839
5893,8720,22837,11128,22837,1567,839
5893,8720,22838,11128,22838,1567,839
5890,8720,22839,11128,22839,1567,839
5890,8720,22840,11128,22840,1567,839
5891,8720,22841,11128,22841,1567,839
5889,8720,22842,11128,22842,1567,839
5889,8720,22843,11128,22843,1567,839
5887,8720,22844,11128,22844,1567,839
5886,8720,22845,11128,22845,1567,839
5886,8720,22846,11128,22846,1567,839
5886,8720,22847,11128,22847,1567,839
5886,8720,22848,11128,22848,1567,839
5887,8720,22849,11128,22849,1567,839
5888,8720,22850,11128,22850,1567,839
5884,8720,22851,11128,22851,1567,839
5883,8720,22852,11128,22852,1567,839
5882,8720,22853,11128,22853,1567,839
5883,8720,22854,11128,22854,1567,839
5884,8720,22855,11128,22855,1567,839
5885,8720,22856,11128,22856,1567,839
5884,8720,22857,11128,22857,1567,839
5884,8720,22858,11128,22858,1567,839
5881,8720,22859,11128,22859,1567,839
5882,8720,22860,11128,22860,1567,839
5883,8720,22861,11128,22861,1567,839
5883,8720,22862,11128,22862,1567,839
5882,8720,22863,11128,22863,1567,839
5882,8720,22864,11128,22864,1567,839
5882,8720,22865,11128,22865,1567,839
5883,8720,22866,11128,22866,1567,839
5884,8720,22867,11128,22867,1567,839
5883,8720,22868,11128,22868,1567,839
5880,8720,22869,11128,22869,1567,839
5880,8720,22870,11128,22870,1567,839
5881,8720,22871,11128,22871,1567,839
5882,8720,22872,11128,22872,1567,839
5882,8720,22873,11128,22873,1567,839
5882,8720,22874,11128,22874,1567,839
5883,8720,22875,11128,22875,1567,839
5884,8720,22876,11128,22876,1567,839
5885,8720,22877,11128,22877,1567,839
5885,8720,22878,11128,22878,1567,839
5885,8720,22879,11128,22879,1567,839
5886,8720,22880,11128,22880,1567,839
5887,8720,22881,11128,22881,1567,839
5888,8720,22882,11128,22882,1567,839
5888,8720,22883,11128,22883,1567,839
5886,8720,22884,11128,22884,1567,839
5882,8720,22885,11128,22885,1567,839
5882,8720,22886,11128,22886,1567,839
5883,8720,22887,11128,22887,1567,839
5883,8720,22888,11128,22888,1567,839
5883,8720,22889,11128,22889,1567,839
5881,8720,22890,11128,22890,1567,839
5877,8720,22891,11128,22891,1567,839
5877,8720,22892,11128,22892,1567,839
5875,8720,22893,11128,22893,1567,839
5874,8720,22894,11128,22894,1567,839
5869,8720,22895,11128,22895,1567,839
5870,8720,22896,11128,22896,1567,839
5870,8720,22897,11128,22897,1567,839
5871,8720,22898,11128,22898,1567,839
5872,8720,22899,11128,22899,1567,839
5871,8720,22900,11128,22900,1567,839
5871,8720,22901,11128,22901,1567,839
5871,8720,22902,11128,22902,1567,839
5871,8720,22903,11128,22903,1567,839
5872,8720,22904,11128,22904,1567,839
5873,8720,22905,11128,22905,1567,839
5871,8720,22906,11128,22906,1567,839
5872,8720,22907,11128,22907,1567,839
5871,8720,22908,11128,22908,1567,839
5867,8720,22909,11128,22909,1567,837
5867,8720,22910,11128,22910,1567,837
5867,8720,22911,11128,22911,1567,837
5867,8720,22912,11128,22912,1567,837
5864,8720,22913,11128,22913,1567,836
5864,8720,22914,11128,22914,1567,836
5864,8720,22915,11128,22915,1567,836
5865,8720,22916,11128,22916,1567,836
5865,8720,22917,11128,22917,1567,836
5866,8720,22918,11128,22918,1567,836
5867,8720,22919,11128,22919,1567,836
5867,8720,22920,11128,22920,1567,836
5868,8720,22921,11128,22921,1567,836
5865,8720,22922,11128,22922,1567,835
5864,8720,22923,11128,22923,1567,835
5859,8720,22924,11128,22924,1567,834
5858,8720,22925,11128,22925,1567,834
5854,8720,22926,11128,22926,1567,833
5853,8720,22927,11128,22927,1567,833
5853,8720,22928,11128,22928,1567,833
5851,8720,22929,11128,22929,1567,833
5851,8720,22930,11128,22930,1567,833
5845,8720,22931,11128,22931,1567,831
5844,8720,22932,11128,22932,1567,831
5839,8720,22933,11128,22933,1567,829
5840,8720,22934,11128,22934,1567,829
5839,8720,22935,11128,22935,1567,829
5839,8720,22936,11128,22936,1567,829
5840,8720,22937,11128,22937,1567,829
5840,8720,22938,11128,22938,1567,829
5839,8720,22939,11128,22939,1567,829
5838,8720,22940,11128,22940,1567,829
5837,8720,22941,11128,22941,1567,829
5837,8720,22942,11128,22942,1567,829
5837,8720,22943,11128,22943,1567,829
5838,8720,22944,11128,22944,1567,829
5839,8720,22945,11128,22945,1567,829
5840,8720,22946,11128,22946,1567,829
5837,8720,22947,11128,22947,1567,829
5836,8720,22948,11128,22948,1567,829
5835,8720,22949,11128,22949,1567,829
5827,8720,22950,11128,22950,1567,827
5828,8720,22951,11128,22951,1567,827
5827,8720,22952,11128,22952,1567,826
5827,8720,22953,11128,22953,1567,826
5827,8720,22954,11128,22954,1567,826
5828,8720,22955,11128,22955,1567,826
5829,8720,22956,11128,22956,1567,826
5829,8720,22957,11128,22957,1567,826
5825,8720,22958,11128,22958,1567,826
5826,8720,22959,11128,22959,1567,826
5823,8720,22960,11128,22960,1567,825
5824,8720,22961,11128,22961,1567,825
5825,8720,22962,11128,22962,1567,825
5825,8720,22963,11128,22963,1567,825
5826,8720,22964,11128,22964,1567,825
5827,8720,22965,11128,22965,1567,825
5828,8720,22966,11128,22966,1567,825
5828,8720,22967,11128,22967,1567,825
5829,8720,22968,11128,22968,1567,825
5830,8720,22969,11128,22969,1567,825
5829,8720,22970,11128,22970,1567,825
5829,8720,22971,11128,22971,1567,825
5830,8720,22972,11128,22972,1567,825
5830,8720,22973,11128,22973,1567,825
5829,8720,22974,11128,22974,1567,825
5828,8720,22975,11128,22975,1567,825
5827,8720,22976,11128,22976,1567,825
5827,8720,22977,11128,22977,1567,825
5827,8720,22978,11128,22978,1567,825
5827,8720,22979,11128,22979,1567,825
5827,8720,22980,11128,22980,1567,825
5828,8720,22981,11128,22981,1567,825
5828,8720,22982,11128,22982,1567,825
5828,8720,22983,11128,22983,1567,825
5827,8720,22984,11128,22984,1567,825
5828,8720,22985,11128,22985,1567,825
5829,8720,22986,11128,22986,1567,825
5829,8720,22987,11128,22987,1567,825
5830,8720,22988,11128,22988,1567,825
5829,8720,22989,11128,22989,1567,825
5825,8720,22990,11128,22990,1567,823
5826,8720,22991,11128,22991,1567,823
5827,8720,22992,11128,22992,1567,823
5827,8720,22993,11128,22993,1567,823
5826,8720,22994,11128,22994,1567,823
5825,8720,22995,11128,22995,1567,823
5826,8720,22996,11128,22996,1567,823
5827,8720,22997,11128,22997,1567,823
5828,8720,22998,11128,22998,1567,823
5829,8720,22999,11128,22999,1567,823
5830,8720,23000,11128,23000,1567,823
5823,8720,23001,11128,23001,1567,820
5824,8720,23002,11128,23002,1567,820
5824,8720,23003,11128,23003,1567,820
5823,8720,23004,11128,23004,1567,820
5823,8720,23005,11128,23005,1567,820
5824,8720,23006,11128,23006,1567,820
5821,8720,23007,11128,23007,1567,819
5821,8720,23008,11128,23008,1567,819
5822,8720,23009,11128,23009,1567,819
5822,8720,23010,11128,23010,1567,819
5823,8720,23011,11128,23011,1567,819
5819,8720,23012,11128,23012,1567,818
5819,8720,23013,11128,23013,1567,818
5818,8720,23014,11128,23014,1567,818
5819,8720,23015,11128,23015,1567,818
5817,8720,23016,11128,23016,1567,818
5818,8720,23017,11128,23017,1567,818
5818,8720,23018,11128,23018,1567,818
5817,8720,23019,11128,23019,1567,818
5818,8720,23020,11128,23020,1567,818
5819,8720,23021,11128,23021,1567,818
5820,8720,23022,11128,23022,1567,818
5819,8720,23023,11128,23023,1567,818
5819,8720,23024,11128,23024,1567,818
5819,8720,23025,11128,23025,1567,818
5820,8720,23026,11128,23026,1567,818
5821,8720,23027,11128,23027,1567,818
5821,8720,23028,11128,23028,1567,818
5821,8720,23029,11128,23029,1567,818
5821,8720,23030,11128,23030,1567,818
5821,8720,23031,11128,23031,1567,818
5819,8720,23032,11128,23032,1567,818
5819,8720,23033,11128,23033,1567,818
5818,8720,23034,11128,23034,1567,818
5818,8720,23035,11128,23035,1567,818
5816,8720,23036,11128,23036,1567,818
5816,8720,23037,11128,23037,1567,818
5812,8720,23038,11128,23038,1567,816
5811,8720,23039,11128,23039,1567,816
5811,8720,23040,11128,23040,1567,816
5811,8720,23041,11128,23041,1567,816
5809,8720,23042,11128,23042,1567,816
5809,8720,23043,11128,23043,1567,816
5810,8720,23044,11128,23044,1567,816
5809,8720,23045,11128,23045,1567,816
5806,8720,23046,11128,23046,1567,816
5807,8720,23047,11128,23047,1567,816
5807,8720,23048,11128,23048,1567,816
5808,8720,23049,11128,23049,1567,816
5808,8720,23050,11128,23050,1567,816
5803,8720,23051,11128,23051,1567,815
5803,8720,23052,11128,23052,1567,815
5803,8720,23053,11128,23053,1567,815
5804,8720,23054,11128,23054,1567,815
5805,8720,23055,11128,23055,1567,815
5805,8720,23056,11128,23056,1567,815
5806,8720,23057,11128,23057,1567,815
5806,8720,23058,11128,23058,1567,815
5806,8720,23059,11128,23059,1567,815
5806,8720,23060,11128,23060,1567,815
5803,8720,23061,11128,23061,1567,814
5801,8720,23062,11128,23062,1567,814
5802,8720,23063,11128,23063,1567,814
5800,8720,23064,11128,23064,1567,814
5801,8720,23065,11128,23065,1567,814
5802,8720,23066,11128,23066,1567,814
5803,8720,23067,11128,23067,1567,814
5803,8720,23068,11128,23068,1567,814
5804,8720,23069,11128,23069,1567,814
5804,8720,23070,11128,23070,1567,814
5804,8720,23071,11128,23071,1567,814
5804,8720,23072,11128,23072,1567,814
5805,8720,23073,11128,23073,1567,814
5806,8720,23074,11128,23074,1567,814
5807,8720,23075,11128,23075,1567,814
5807,8720,23076,11128,23076,1567,814
5808,8720,23077,11128,23077,1567,814
5808,8720,23078,11128,23078,1567,814
5809,8720,23079,11128,23079,1567,814
5810,8720,23080,11128,23080,1567,814
5810,8720,23081,11128,23081,1567,814
5811,8720,23082,11128,23082,1567,814
5811,8720,23083,11128,23083,1567,814
5810,8720,23084,11128,23084,1567,814
5810,8720,23085,11128,23085,1567,814
5811,8720,23086,11128,23086,1567,814
5812,8720,23087,11128,23087,1567,814
5809,8720,23088,11128,23088,1567,814
5803,8720,23089,11128,23089,1567,812
5803,8720,23090,11128,23090,1567,812
5802,8720,23091,11128,23091,1567,812
5802,8720,23092,11128,23092,1567,812
5803,8720,23093,11128,23093,1567,812
5802,8720,23094,11128,23094,1567,812
5802,8720,23095,11128,23095,1567,812
5801,8720,23096,11128,23096,1567,812
5795,8720,23097,11128,23097,1567,811
5796,8720,23098,11128,23098,1567,811
5796,8720,23099,11128,23099,1567,811
5796,8720,23100,11128,23100,1567,811
5796,8720,23101,11128,23101,1567,811
5796,8720,23102,11128,23102,1567,811
5794,8720,23103,11128,23103,1567,811
5792,8720,23104,11128,23104,1567,811
5793,8720,23105,11128,23105,1567,811
5788,8720,23106,11128,23106,1567,811
5787,8720,23107,11128,23107,1567,811
5786,8720,23108,11128,23108,1567,811
5787,8720,23109,11128,23109,1567,811
5786,8720,23110,11128,23110,1567,811
5786,8720,23111,11128,23111,1567,811
5787,8720,23112,11128,23112,1567,811
5788,8720,23113,11128,23113,1567,811
5789,8720,23114,11128,23114,1567,811
5790,8720,23115,11128,23115,1567,811
5791,8720,23116,11128,23116,1567,811
5790,8720,23117,11128,23117,1567,811
5790,8720,23118,11128,23118,1567,811
5790,8720,23119,11128,23119,1567,811
5789,8720,23120,11128,23120,1567,811
5789,8720,23121,11128,23121,1567,811
5790,8720,23122,11128,23122,1567,811
5787,8720,23123,11128,23123,1567,809
5786,8720,23124,11128,23124,1567,809
5787,8720,23125,11128,23125,1567,809
5787,8720,23126,11128,23126,1567,809
5786,8720,23127,11128,23127,1567,809
5786,8720,23128,11128,23128,1567,809
5785,8720,23129,11128,23129,1567,809
5785,8720,23130,11128,23130,1567,809
5785,8720,23131,11128,23131,1567,809
5785,8720,23132,11128,23132,1567,809
5783,8720,23133,11128,23133,1567,809
5783,8720,23134,11128,23134,1567,809
5784,8720,23135,11128,23135,1567,809
5784,8720,23136,11128,23136,1567,809
5785,8720,23137,11128,23137,1567,809
5786,8720,23138,11128,23138,1567,809
5785,8720,23139,11128,23139,1567,809
5784,8720,23140,11128,23140,1567,809
5781,8720,23141,11128,23141,1567,809
5782,8720,23142,11128,23142,1567,809
5783,8720,23143,11128,23143,1567,809
5783,8720,23144,11128,23144,1567,809
5783,8720,23145,11128,23145,1567,809
5784,8720,23146,11128,23146,1567,809
5784,8720,23147,11128,23147,1567,809
5784,8720,23148,11128,23148,1567,809
5783,8720,23149,11128,23149,1567,809
5783,8720,23150,11128,23150,1567,809
5783,8720,23151,11128,23151,1567,809
5781,8720,23152,11128,23152,1567,809
5781,8720,23153,11128,23153,1567,809
5782,8720,23154,11128,23154,1567,809
5782,8720,23155,11128,23155,1567,809
5778,8720,23156,11128,23156,1567,808
5779,8720,23157,11128,23157,1567,808
5780,8720,23158,11128,23158,1567,808
5780,8720,23159,11128,23159,1567,808
5780,8720,23160,11128,23160,1567,808
5780,8720,23161,11128,23161,1567,808
5781,8720,23162,11128,23162,1567,808
5782,8720,23163,11128,23163,1567,808
5782,8720,23164,11128,23164,1567,808
5781,8720,23165,11128,23165,1567,808
5781,8720,23166,11128,23166,1567,808
5780,8720,23167,11128,23167,1567,808
5778,8720,23168,11128,23168,1567,808
5778,8720,23169,11128,23169,1567,808
5775,8720,23170,11128,23170,1567,808
5776,8720,23171,11128,23171,1567,808
5774,8720,23172,11128,23172,1567,807
5774,8720,23173,11128,23173,1567,807
5774,8720,23174,11128,23174,1567,807
5773,8720,23175,11128,23175,1567,807
5772,8720,23176,11128,23176,1567,807
5771,8720,23177,11128,23177,1567,807
5770,8720,23178,11128,23178,1567,807
5770,8720,23179,11128,23179,1567,807
5765,8720,23180,11128,23180,1567,806
5765,8720,23181,11128,23181,1567,806
5766,8720,23182,11128,23182,1567,806
5766,8720,23183,11128,23183,1567,806
5766,8720,23184,11128,23184,1567,806
5766,8720,23185,11128,23185,1567,806
5767,8720,23186,11128,23186,1567,806
5768,8720,23187,11128,23187,1567,806
5767,8720,23188,11128,23188,1567,806
5763,8720,23189,11128,23189,1567,805
5763,8720,23190,11128,23190,1567,805
5763,8720,23191,11128,23191,1567,805
5764,8720,23192,11128,23192,1567,805
5765,8720,23193,11128,23193,1567,805
5763,8720,23194,11128,23194,1567,805
5764,8720,23195,11128,23195,1567,805
5762,8720,23196,11128,23196,1567,805
5763,8720,23197,11128,23197,1567,805
5762,8720,23198,11128,23198,1567,805
5763,8720,23199,11128,23199,1567,805
5764,8720,23200,11128,23200,1567,805
5764,8720,23201,11128,23201,1567,805
5765,8720,23202,11128,23202,1567,805
5761,8720,23203,11128,23203,1567,805
5762,8720,23204,11128,23204,1567,805
5760,8720,23205,11128,23205,1567,804
5760,8720,23206,11128,23206,1567,804
5760,8720,23207,11128,23207,1567,804
5759,8720,23208,11128,23208,1567,804
5759,8720,23209,11128,23209,1567,804
5759,8720,23210,11128,23210,1567,804
5760,8720,23211,11128,23211,1567,804
5761,8720,23212,11128,23212,1567,804
5761,8720,23213,11128,23213,1567,804
5760,8720,23214,11128,23214,1567,804
5760,8720,23215,11128,23215,1567,804
5760,8720,23216,11128,23216,1567,804
5761,8720,23217,11128,23217,1567,804
5761,8720,23218,11128,23218,1567,804
5762,8720,23219,11128,23219,1567,804
5762,8720,23220,11128,23220,1567,804
5760,8720,23221,11128,23221,1567,804
5760,8720,23222,11128,23222,1567,804
5760,8720,23223,11128,23223,1567,804
5760,8720,23224,11128,23224,1567,804
5760,8720,23225,11128,23225,1567,804
5760,8720,23226,11128,23226,1567,804
5761,8720,23227,11128,23227,1567,804
5761,8720,23228,11128,23228,1567,804
5761,8720,23229,11128,23229,1567,804
5760,8720,23230,11128,23230,1567,804
5756,8720,23231,11128,23231,1567,804
5756,8720,23232,11128,23232,1567,804
5752,8720,23233,11128,23233,1567,801
5752,8720,23234,11128,23234,1567,801
5753,8720,23235,11128,23235,1567,801
5753,8720,23236,11128,23236,1567,801
5754,8720,23237,11128,23237,1567,801
5754,8720,23238,11128,23238,1567,801
5755,8720,23239,11128,23239,1567,801
5754,8720,23240,11128,23240,1567,801
5755,8720,23241,11128,23241,1567,801
5755,8720,23242,11128,23242,1567,801
5756,8720,23243,11128,23243,1567,801
5756,8720,23244,11128,23244,1567,801
5756,8720,23245,11128,23245,1567,801
5757,8720,23246,11128,23246,1567,801
5755,8720,23247,11128,23247,1567,801
5755,8720,23248,11128,23248,1567,801
5756,8720,23249,11128,23249,1567,801
5757,8720,23250,11128,23250,1567,801
5753,8720,23251,11128,23251,1567,799
5753,8720,23252,11128,23252,1567,799
5752,8720,23253,11128,23253,1567,799
5751,8720,23254,11128,23254,1567,799
5751,8720,23255,11128,23255,1567,799
5752,8720,23256,11128,23256,1567,799
5753,8720,23257,11128,23257,1567,799
5752,8720,23258,11128,23258,1567,799
5751,8720,23259,11128,23259,1567,799
5751,8720,23260,11128,23260,1567,799
5751,8720,23261,11128,23261,1567,799
5752,8720,23262,11128,23262,1567,799
5752,8720,23263,11128,23263,1567,799
5753,8720,23264,11128,23264,1567,799
5754,8720,23265,11128,23265,1567,799
5754,8720,23266,11128,23266,1567,799
5755,8720,23267,11128,23267,1567,799
5752,8720,23268,11128,23268,1567,799
5753,8720,23269,11128,23269,1567,799
5754,8720,23270,11128,23270,1567,799
5755,8720,23271,11128,23271,1567,799
5754,8720,23272,11128,23272,1567,799
5754,8720,23273,11128,23273,1567,799
5749,8720,23274,11128,23274,1567,799
5749,8720,23275,11128,23275,1567,799
5750,8720,23276,11128,23276,1567,799
5749,8720,23277,11128,23277,1567,799
5749,8720,23278,11128,23278,1567,799
5750,8720,23279,11128,23279,1567,799
5751,8720,23280,11128,23280,1567,799
5752,8720,23281,11128,23281,1567,799
5750,8720,23282,11128,23282,1567,798
5750,8720,23283,11128,23283,1567,798
5749,8720,23284,11128,23284,1567,798
5749,8720,23285,11128,23285,1567,798
5742,8720,23286,11128,23286,1567,796
5742,8720,23287,11128,23287,1567,796
5743,8720,23288,11128,23288,1567,796
5743,8720,23289,11128,23289,1567,796
5741,8720,23290,11128,23290,1567,796
5741,8720,23291,11128,23291,1567,796
5740,8720,23292,11128,23292,1567,796
5738,8720,23293,11128,23293,1567,796
5738,8720,23294,11128,23294,1567,796
5737,8720,23295,11128,23295,1567,796
5737,8720,23296,11128,23296,1567,796
5737,8720,23297,11128,23297,1567,796
5736,8720,23298,11128,23298,1567,796
5737,8720,23299,11128,23299,1567,796
5737,8720,23300,11128,23300,1567,796
5735,8720,23301,11128,23301,1567,796
5735,8720,23302,11128,23302,1567,796
5733,8720,23303,11128,23303,1567,796
5728,8720,23304,11128,23304,1567,795
5729,8720,23305,11128,23305,1567,795
5726,8720,23306,11128,23306,1567,794
5727,8720,23307,11128,23307,1567,794
5728,8720,23308,11128,23308,1567,794
5728,8720,23309,11128,23309,1567,794
5728,8720,23310,11128,23310,1567,794
5729,8720,23311,11128,23311,1567,794
5726,8720,23312,11128,23312,1567,794
5727,8720,23313,11128,23313,1567,794
5727,8720,23314,11128,23314,1567,794
5728,8720,23315,11128,23315,1567,794
5728,8720,23316,11128,23316,1567,794
5728,8720,23317,11128,23317,1567,794
5727,8720,23318,11128,23318,1567,794
5727,8720,23319,11128,23319,1567,794
5725,8720,23320,11128,23320,1567,794
5725,8720,23321,11128,23321,1567,794
5726,8720,23322,11128,23322,1567,794
5726,8720,23323,11128,23323,1567,794
5727,8720,23324,11128,23324,1567,794
5725,8720,23325,11128,23325,1567,794
5722,8720,23326,11128,23326,1567,793
5722,8720,23327,11128,23327,1567,793
5723,8720,23328,11128,23328,1567,793
5723,8720,23329,11128,23329,1567,793
5723,8720,23330,11128,23330,1567,793
5723,8720,23331,11128,23331,1567,793
5723,8720,23332,11128,23332,1567,793
5724,8720,23333,11128,23333,1567,793
5725,8720,23334,11128,23334,1567,793
5725,8720,23335,11128,23335,1567,793
5722,8720,23336,11128,23336,1567,793
5722,8720,23337,11128,23337,1567,793
5722,8720,23338,11128,23338,1567,793
5718,8720,23339,11128,23339,1567,792
5718,8720,23340,11128,23340,1567,792
5719,8720,23341,11128,23341,1567,792
5719,8720,23342,11128,23342,1567,792
5720,8720,23343,11128,23343,1567,792
5718,8720,23344,11128,23344,1567,792
5717,8720,23345,11128,23345,1567,792
5717,8720,23346,11128,23346,1567,792
5717,8720,23347,11128,23347,1567,792
5717,8720,23348,11128,23348,1567,792
5716,8720,23349,11128,23349,1567,792
5716,8720,23350,11128,23350,1567,792
5715,8720,23351,11128,23351,1567,792
5716,8720,23352,11128,23352,1567,792
5716,8720,23353,11128,23353,1567,792
5717,8720,23354,11128,23354,1567,792
5716,8720,23355,11128,23355,1567,792
5716,8720,23356,11128,23356,1567,792
5717,8720,23357,11128,23357,1567,792
5718,8720,23358,11128,23358,1567,792
5718,8720,23359,11128,23359,1567,792
5719,8720,23360,11128,23360,1567,792
5717,8720,23361,11128,23361,1567,792
5718,8720,23362,11128,23362,1567,792
5715,8720,23363,11128,23363,1567,791
5716,8720,23364,11128,23364,1567,791
5715,8720,23365,11128,23365,1567,791
5715,8720,23366,11128,23366,1567,791
5714,8720,23367,11128,23367,1567,791
5714,8720,23368,11128,23368,1567,791
5714,8720,23369,11128,23369,1567,791
5714,8720,23370,11128,23370,1567,791
5715,8720,23371,11128,23371,1567,791
5713,8720,23372,11128,23372,1567,791
5712,8720,23373,11128,23373,1567,791
5713,8720,23374,11128,23374,1567,791
5712,8720,23375,11128,23375,1567,791
5712,8720,23376,11128,23376,1567,791
5712,8720,23377,11128,23377,1567,791
5707,8720,23378,11128,23378,1567,787
5706,8720,23379,11128,23379,1567,787
5706,8720,23380,11128,23380,1567,787
5706,8720,23381,11128,23381,1567,787
5702,8720,23382,11128,23382,1567,786
5703,8720,23383,11128,23383,1567,786
5703,8720,23384,11128,23384,1567,786
5702,8720,23385,11128,23385,1567,786
5701,8720,23386,11128,23386,1567,786
5699,8720,23387,11128,23387,1567,786
5700,8720,23388,11128,23388,1567,786
5701,8720,23389,11128,23389,1567,786
5700,8720,23390,11128,23390,1567,786
5700,8720,23391,11128,23391,1567,786
5701,8720,23392,11128,23392,1567,786
5701,8720,23393,11128,23393,1567,786
5701,8720,23394,11128,23394,1567,786
5702,8720,23395,11128,23395,1567,786
5702,8720,23396,11128,23396,1567,786
5703,8720,23397,11128,23397,1567,786
5703,8720,23398,11128,23398,1567,786
5702,8720,23399,11128,23399,1567,786
5702,8720,23400,11128,23400,1567,786
5702,8720,23401,11128,23401,1567,786
5702,8720,23402,11128,23402,1567,786
5702,8720,23403,11128,23403,1567,786
5703,8720,23404,11128,23404,1567,786
5704,8720,23405,11128,23405,1567,786
5704,8720,23406,11128,23406,1567,786
5705,8720,23407,11128,23407,1567,786
5706,8720,23408,11128,23408,1567,786
5703,8720,23409,11128,23409,1567,786
5703,8720,23410,11128,23410,1567,786
5701,8720,23411,11128,23411,1567,786
5700,8720,23412,11128,23412,1567,786
5699,8720,23413,11128,23413,1567,786
5699,8720,23414,11128,23414,1567,786
5698,8720,23415,11128,23415,1567,786
5697,8720,23416,11128,23416,1567,786
5697,8720,23417,11128,23417,1567,786
5697,8720,23418,11128,23418,1567,786
5696,8720,23419,11128,23419,1567,786
5693,8720,23420,11128,23420,1567,786
5694,8720,23421,11128,23421,1567,786
5695,8720,23422,11128,23422,1567,786
5693,8720,23423,11128,23423,1567,786
5689,8720,23424,11128,23424,1567,786
5686,8720,23425,11128,23425,1567,786
5687,8720,23426,11128,23426,1567,786
5687,8720,23427,11128,23427,1567,786
5686,8720,23428,11128,23428,1567,786
5686,8720,23429,11128,23429,1567,786
5687,8720,23430,11128,23430,1567,786
5687,8720,23431,11128,23431,1567,786
5687,8720,23432,11128,23432,1567,786
5687,8720,23433,11128,23433,1567,786
5686,8720,23434,11128,23434,1567,786
5684,8720,23435,11128,23435,1567,784
5684,8720,23436,11128,23436,1567,784
5685,8720,23437,11128,23437,1567,784
5686,8720,23438,11128,23438,1567,784
5685,8720,23439,11128,23439,1567,784
5678,8720,23440,11128,23440,1567,781
5679,8720,23441,11128,23441,1567,781
5679,8720,23442,11128,23442,1567,781
5680,8720,23443,11128,23443,1567,781
5680,8720,23444,11128,23444,1567,781
5681,8720,23445,11128,23445,1567,781
5679,8720,23446,11128,23446,1567,781
5680,8720,23447,11128,23447,1567,781
5681,8720,23448,11128,23448,1567,781
5682,8720,23449,11128,23449,1567,781
5683,8720,23450,11128,23450,1567,781
5684,8720,23451,11128,23451,1567,781
5685,8720,23452,11128,23452,1567,781
5684,8720,23453,11128,23453,1567,781
5682,8720,23454,11128,23454,1567,781
5683,8720,23455,11128,23455,1567,781
5684,8720,23456,11128,23456,1567,781
5683,8720,23457,11128,23457,1567,781
5684,8720,23458,11128,23458,1567,781
5683,8720,23459,11128,23459,1567,781
5683,8720,23460,11128,23460,1567,781
5682,8720,23461,11128,23461,1567,781
5682,8720,23462,11128,23462,1567,781
5683,8720,23463,11128,23463,1567,781
5683,8720,23464,11128,23464,1567,781
5683,8720,23465,11128,23465,1567,781
5682,8720,23466,11128,23466,1567,781
5681,8720,23467,11128,23467,1567,781
5682,8720,23468,11128,23468,1567,781
5683,8720,23469,11128,23469,1567,781
5682,8720,23470,11128,23470,1567,781
5683,8720,23471,11128,23471,1567,781
5684,8720,23472,11128,23472,1567,781
5682,8720,23473,11128,23473,1567,780
5682,8720,23474,11128,23474,1567,780
5682,8720,23475,11128,23475,1567,780
5680,8720,23476,11128,23476,1567,780
5681,8720,23477,11128,23477,1567,780
5681,8720,23478,11128,23478,1567,780
5681,8720,23479,11128,23479,1567,780
5682,8720,23480,11128,23480,1567,780
5680,8720,23481,11128,23481,1567,780
5680,8720,23482,11128,23482,1567,780
5679,8720,23483,11128,23483,1567,780
5678,8720,23484,11128,23484,1567,780
5676,8720,23485,11128,23485,1567,780
5675,8720,23486,11128,23486,1567,780
5672,8720,23487,11128,23487,1567,780
5671,8720,23488,11128,23488,1567,780
5665,8720,23489,11128,23489,1567,779
5666,8720,23490,11128,23490,1567,779
5667,8720,23491,11128,23491,1567,779
5668,8720,23492,11128,23492,1567,779
5669,8720,23493,11128,23493,1567,779
5669,8720,23494,11128,23494,1567,779
5669,8720,23495,11128,23495,1567,779
5670,8720,23496,11128,23496,1567,779
5670,8720,23497,11128,23497,1567,779
5670,8720,23498,11128,23498,1567,779
5670,8720,23499,11128,23499,1567,779
5670,8720,23500,11128,23500,1567,779
5671,8720,23501,11128,23501,1567,779
5671,8720,23502,11128,23502,1567,779
5671,8720,23503,11128,23503,1567,779
5670,8720,23504,11128,23504,1567,779
5670,8720,23505,11128,23505,1567,779
5670,8720,23506,11128,23506,1567,779
5671,8720,23507,11128,23507,1567,779
5671,8720,23508,11128,23508,1567,779
5671,8720,23509,11128,23509,1567,779
5671,8720,23510,11128,23510,1567,779
5671,8720,23511,11128,23511,1567,779
5671,8720,23512,11128,23512,1567,779
5671,8720,23513,11128,23513,1567,779
5672,8720,23514,11128,23514,1567,779
5672,8720,23515,11128,23515,1567,779
5673,8720,23516,11128,23516,1567,779
5673,8720,23517,11128,23517,1567,779
5673,8720,23518,11128,23518,1567,779
5672,8720,23519,11128,23519,1567,779
5672,8720,23520,11128,23520,1567,779
5673,8720,23521,11128,23521,1567,779
5674,8720,23522,11128,23522,1567,779
5674,8720,23523,11128,23523,1567,779
5674,8720,23524,11128,23524,1567,779
5675,8720,23525,11128,23525,1567,779
5675,8720,23526,11128,23526,1567,779
5673,8720,23527,11128,23527,1567,777
5672,8720,23528,11128,23528,1567,777
5673,8720,23529,11128,23529,1567,777
5674,8720,23530,11128,23530,1567,777
5674,8720,23531,11128,23531,1567,777
5674,8720,23532,11128,23532,1567,777
5675,8720,23533,11128,23533,1567,777
5675,8720,23534,11128,23534,1567,777
5676,8720,23535,11128,23535,1567,777
5677,8720,23536,11128,23536,1567,777
5678,8720,23537,11128,23537,1567,777
5679,8720,23538,11128,23538,1567,777
5679,8720,23539,11128,23539,1567,777
5679,8720,23540,11128,23540,1567,777
5679,8720,23541,11128,23541,1567,777
5679,8720,23542,11128,23542,1567,777
5679,8720,23543,11128,23543,1567,777
5677,8720,23544,11128,23544,1567,777
5677,8720,23545,11128,23545,1567,777
5678,8720,23546,11128,23546,1567,777
5678,8720,23547,11128,23547,1567,777
5678,8720,23548,11128,23548,1567,777
5676,8720,23549,11128,23549,1567,777
5675,8720,23550,11128,23550,1567,777
5676,8720,23551,11128,23551,1567,777
5677,8720,23552,11128,23552,1567,777
5677,8720,23553,11128,23553,1567,777
5678,8720,23554,11128,23554,1567,777
5677,8720,23555,11128,23555,1567,777
5676,8720,23556,11128,23556,1567,777
5677,8720,23557,11128,23557,1567,777
5676,8720,23558,11128,23558,1567,777
5676,8720,23559,11128,23559,1567,777
5677,8720,23560,11128,23560,1567,777
5677,8720,23561,11128,23561,1567,777
5678,8720,23562,11128,23562,1567,777
5679,8720,23563,11128,23563,1567,777
5679,8720,23564,11128,23564,1567,777
5678,8720,23565,11128,23565,1567,777
5679,8720,23566,11128,23566,1567,777
5679,8720,23567,11128,23567,1567,777
5680,8720,23568,11128,23568,1567,777
5679,8720,23569,11128,23569,1567,777
5675,8720,23570,11128,23570,1567,777
5675,8720,23571,11128,23571,1567,777
5674,8720,23572,11128,23572,1567,777
5674,8720,23573,11128,23573,1567,777
5674,8720,23574,11128,23574,1567,777
5672,8720,23575,11128,23575,1567,777
5673,8720,23576,11128,23576,1567,777
5674,8720,23577,11128,23577,1567,777
5675,8720,23578,11128,23578,1567,777
5672,8720,23579,11128,23579,1567,776
5673,8720,23580,11128,23580,1567,776
5671,8720,23581,11128,23581,1567,776
5671,8720,23582,11128,23582,1567,776
5671,8720,23583,11128,23583,1567,776
5671,8720,23584,11128,23584,1567,776
5672,8720,23585,11128,23585,1567,776
5671,8720,23586,11128,23586,1567,776
5671,8720,23587,11128,23587,1567,776
5671,8720,23588,11128,23588,1567,776
5671,8720,23589,11128,23589,1567,776
5672,8720,23590,11128,23590,1567,776
5672,8720,23591,11128,23591,1567,776
5673,8720,23592,11128,23592,1567,776
5672,8720,23593,11128,23593,1567,776
5671,8720,23594,11128,23594,1567,776
5672,8720,23595,11128,23595,1567,776
5673,8720,23596,11128,23596,1567,776
5674,8720,23597,11128,23597,1567,776
5674,8720,23598,11128,23598,1567,776
5669,8720,23599,11128,23599,1567,774
5669,8720,23600,11128,23600,1567,774
5668,8720,23601,11128,23601,1567,774
5668,8720,23602,11128,23602,1567,774
5668,8720,23603,11128,23603,1567,774
5669,8720,23604,11128,23604,1567,774
5668,8720,23605,11128,23605,1567,774
5667,8720,23606,11128,23606,1567,773
5666,8720,23607,11128,23607,1567,773
5667,8720,23608,11128,23608,1567,773
5668,8720,23609,11128,23609,1567,773
5667,8720,23610,11128,23610,1567,773
5667,8720,23611,11128,23611,1567,773
5667,8720,23612,11128,23612,1567,773
5667,8720,23613,11128,23613,1567,773
5668,8720,23614,11128,23614,1567,773
5668,8720,23615,11128,23615,1567,773
5668,8720,23616,11128,23616,1567,773
5669,8720,23617,11128,23617,1567,773
5668,8720,23618,11128,23618,1567,773
5668,8720,23619,11128,23619,1567,773
5669,8720,23620,11128,23620,1567,773
5668,8720,23621,11128,23621,1567,773
5668,8720,23622,11128,23622,1567,773
5669,8720,23623,11128,23623,1567,773
5668,8720,23624,11128,23624,1567,773
5668,8720,23625,11128,23625,1567,773
5666,8720,23626,11128,23626,1567,773
5667,8720,23627,11128,23627,1567,773
5664,8720,23628,11128,23628,1567,773
5665,8720,23629,11128,23629,1567,773
5665,8720,23630,11128,23630,1567,773
5666,8720,23631,11128,23631,1567,773
5664,8720,23632,11128,23632,1567,773
5664,8720,23633,11128,23633,1567,773
5662,8720,23634,11128,23634,1567,773
5662,8720,23635,11128,23635,1567,773
5661,8720,23636,11128,23636,1567,773
5660,8720,23637,11128,23637,1567,773
5660,8720,23638,11128,23638,1567,773
5660,8720,23639,11128,23639,1567,773
5660,8720,23640,11128,23640,1567,773
5661,8720,23641,11128,23641,1567,773
5662,8720,23642,11128,23642,1567,773
5663,8720,23643,11128,23643,1567,773
5663,8720,23644,11128,23644,1567,773
5663,8720,23645,11128,23645,1567,773
5662,8720,23646,11128,23646,1567,773
5662,8720,23647,11128,23647,1567,773
5662,8720,23648,11128,23648,1567,773
5663,8720,23649,11128,23649,1567,773
5663,8720,23650,11128,23650,1567,773
5663,8720,23651,11128,23651,1567,773
5664,8720,23652,11128,23652,1567,773
5665,8720,23653,11128,23653,1567,773
5666,8720,23654,11128,23654,1567,773
5666,8720,23655,11128,23655,1567,773
5666,8720,23656,11128,23656,1567,773
5667,8720,23657,11128,23657,1567,773
5667,8720,23658,11128,23658,1567,773
5668,8720,23659,11128,23659,1567,773
5669,8720,23660,11128,23660,1567,773
5669,8720,23661,11128,23661,1567,773
5669,8720,23662,11128,23662,1567,773
5668,8720,23663,11128,23663,1567,773
5669,8720,23664,11128,23664,1567,773
5669,8720,23665,11128,23665,1567,773
5668,8720,23666,11128,23666,1567,773
5666,8720,23667,11128,23667,1567,773
5667,8720,23668,11128,23668,1567,773
5666,8720,23669,11128,23669,1567,773
5665,8720,23670,11128,23670,1567,773
5666,8720,23671,11128,23671,1567,773
5665,8720,23672,11128,23672,1567,773
5666,8720,23673,11128,23673,1567,773
5665,8720,23674,11128,23674,1567,773
5666,8720,23675,11128,23675,1567,773
5666,8720,23676,11128,23676,1567,773
5665,8720,23677,11128,23677,1567,773
5665,8720,23678,11128,23678,1567,773
5660,8720,23679,11128,23679,1567,772
5660,8720,23680,11128,23680,1567,772
5660,8720,23681,11128,23681,1567,772
5661,8720,23682,11128,23682,1567,772
5658,8720,23683,11128,23683,1567,772
5657,8720,23684,11128,23684,1567,772
5656,8720,23685,11128,23685,1567,772
5655,8720,23686,11128,23686,1567,772
5656,8720,23687,11128,23687,1567,772
5655,8720,23688,11128,23688,1567,772
5655,8720,23689,11128,23689,1567,772
5656,8720,23690,11128,23690,1567,772
5657,8720,23691,11128,23691,1567,772
5657,8720,23692,11128,23692,1567,772
5656,8720,23693,11128,23693,1567,772
5655,8720,23694,11128,23694,1567,772
5654,8720,23695,11128,23695,1567,772
5654,8720,23696,11128,23696,1567,772
5655,8720,23697,11128,23697,1567,772
5654,8720,23698,11128,23698,1567,772
5655,8720,23699,11128,23699,1567,772
5656,8720,23700,11128,23700,1567,772
5649,8720,23701,11128,23701,1567,772
5646,8720,23702,11128,23702,1567,770
5647,8720,23703,11128,23703,1567,770
5646,8720,23704,11128,23704,1567,770
5647,8720,23705,11128,23705,1567,770
5643,8720,23706,11128,23706,1567,769
5644,8720,23707,11128,23707,1567,769
5643,8720,23708,11128,23708,1567,769
5643,8720,23709,11128,23709,1567,769
5644,8720,23710,11128,23710,1567,769
5645,8720,23711,11128,23711,1567,769
5645,8720,23712,11128,23712,1567,769
5645,8720,23713,11128,23713,1567,769
5646,8720,23714,11128,23714,1567,769
5645,8720,23715,11128,23715,1567,769
5643,8720,23716,11128,23716,1567,769
5643,8720,23717,11128,23717,1567,769
5641,8720,23718,11128,23718,1567,769
5637,8720,23719,11128,23719,1567,769
5637,8720,23720,11128,23720,1567,769
5637,8720,23721,11128,23721,1567,769
5637,8720,23722,11128,23722,1567,769
5638,8720,23723,11128,23723,1567,769
5639,8720,23724,11128,23724,1567,769
5640,8720,23725,11128,23725,1567,769
5640,8720,23726,11128,23726,1567,769
5641,8720,23727,11128,23727,1567,769
5640,8720,23728,11128,23728,1567,768
5640,8720,23729,11128,23729,1567,768
5638,8720,23730,11128,23730,1567,768
5636,8720,23731,11128,23731,1567,768
5636,8720,23732,11128,23732,1567,768
5634,8720,23733,11128,23733,1567,768
5635,8720,23734,11128,23734,1567,768
5635,8720,23735,11128,23735,1567,768
5636,8720,23736,11128,23736,1567,768
5634,8720,23737,11128,23737,1567,768
5635,8720,23738,11128,23738,1567,768
5636,8720,23739,11128,23739,1567,768
5637,8720,23740,11128,23740,1567,768
5638,8720,23741,11128,23741,1567,768
5637,8720,23742,11128,23742,1567,768
5637,8720,23743,11128,23743,1567,768
5638,8720,23744,11128,23744,1567,768
5637,8720,23745,11128,23745,1567,768
5638,8720,23746,11128,23746,1567,768
5637,8720,23747,11128,23747,1567,767
5637,8720,23748,11128,23748,1567,767
5637,8720,23749,11128,23749,1567,767
5638,8720,23750,11128,23750,1567,767
5635,8720,23751,11128,23751,1567,765
5634,8720,23752,11128,23752,1567,765
5634,8720,23753,11128,23753,1567,765
5634,8720,23754,11128,23754,1567,765
5634,8720,23755,11128,23755,1567,765
5634,8720,23756,11128,23756,1567,765
5634,8720,23757,11128,23757,1567,765
5634,8720,23758,11128,23758,1567,765
5635,8720,23759,11128,23759,1567,765
5635,8720,23760,11128,23760,1567,765
5634,8720,23761,11128,23761,1567,765
5634,8720,23762,11128,23762,1567,765
5635,8720,23763,11128,23763,1567,765
5630,8720,23764,11128,23764,1567,765
5630,8720,23765,11128,23765,1567,765
5630,8720,23766,11128,23766,1567,765
5629,8720,23767,11128,23767,1567,765
5627,8720,23768,11128,23768,1567,765
5628,8720,23769,11128,23769,1567,765
5629,8720,23770,11128,23770,1567,765
5628,8720,23771,11128,23771,1567,765
5627,8720,23772,11128,23772,1567,765
5626,8720,23773,11128,23773,1567,765
5625,8720,23774,11128,23774,1567,765
5625,8720,23775,11128,23775,1567,765
5624,8720,23776,11128,23776,1567,765
5623,8720,23777,11128,23777,1567,765
5623,8720,23778,11128,23778,1567,765
5623,8720,23779,11128,23779,1567,765
5623,8720,23780,11128,23780,1567,765
5619,8720,23781,11128,23781,1567,765
5618,8720,23782,11128,23782,1567,765
5614,8720,23783,11128,23783,1567,764
5614,8720,23784,11128,23784,1567,764
5613,8720,23785,11128,23785,1567,764
5613,8720,23786,11128,23786,1567,764
5613,8720,23787,11128,23787,1567,764
5614,8720,23788,11128,23788,1567,764
5614,8720,23789,11128,23789,1567,764
5613,8720,23790,11128,23790,1567,764
5613,8720,23791,11128,23791,1567,764
5614,8720,23792,11128,23792,1567,764
5614,8720,23793,11128,23793,1567,764
5614,8720,23794,11128,23794,1567,764
5614,8720,23795,11128,23795,1567,764
5614,8720,23796,11128,23796,1567,764
5614,8720,23797,11128,23797,1567,764
5614,8720,23798,11128,23798,1567,764
5607,8720,23799,11128,23799,1567,762
5605,8720,23800,11128,23800,1567,762
5606,8720,23801,11128,23801,1567,762
5607,8720,23802,11128,23802,1567,762
5607,8720,23803,11128,23803,1567,762
5608,8720,23804,11128,23804,1567,762
5607,8720,23805,11128,23805,1567,762
5606,8720,23806,11128,23806,1567,762
5606,8720,23807,11128,23807,1567,762
5606,8720,23808,11128,23808,1567,762
5607,8720,23809,11128,23809,1567,762
5607,8720,23810,11128,23810,1567,762
5608,8720,23811,11128,23811,1567,762
5607,8720,23812,11128,23812,1567,762
5605,8720,23813,11128,23813,1567,761
5605,8720,23814,11128,23814,1567,761
5603,8720,23815,11128,23815,1567,761
5604,8720,23816,11128,23816,1567,761
5602,8720,23817,11128,23817,1567,761
5600,8720,23818,11128,23818,1567,760
5599,8720,23819,11128,23819,1567,760
5598,8720,23820,11128,23820,1567,760
5598,8720,23821,11128,23821,1567,760
5597,8720,23822,11128,23822,1567,760
5598,8720,23823,11128,23823,1567,760
5596,8720,23824,11128,23824,1567,760
5595,8720,23825,11128,23825,1567,760
5594,8720,23826,11128,23826,1567,760
5593,8720,23827,11128,23827,1567,760
5594,8720,23828,11128,23828,1567,760
5595,8720,23829,11128,23829,1567,760
5595,8720,23830,11128,23830,1567,760
5594,8720,23831,11128,23831,1567,760
5594,8720,23832,11128,23832,1567,760
5594,8720,23833,11128,23833,1567,760
5594,8720,23834,11128,23834,1567,760
5595,8720,23835,11128,23835,1567,760
5596,8720,23836,11128,23836,1567,760
5597,8720,23837,11128,23837,1567,760
5597,8720,23838,11128,23838,1567,760
5598,8720,23839,11128,23839,1567,760
5599,8720,23840,11128,23840,1567,760
5600,8720,23841,11128,23841,1567,760
5601,8720,23842,11128,23842,1567,760
5600,8720,23843,11128,23843,1567,760
5601,8720,23844,11128,23844,1567,760
5602,8720,23845,11128,23845,1567,760
5602,8720,23846,11128,23846,1567,760
5602,8720,23847,11128,23847,1567,760
5603,8720,23848,11128,23848,1567,760
5604,8720,23849,11128,23849,1567,760
5605,8720,23850,11128,23850,1567,760
5606,8720,23851,11128,23851,1567,760
5606,8720,23852,11128,23852,1567,760
5607,8720,23853,11128,23853,1567,760
5608,8720,23854,11128,23854,1567,760
5609,8720,23855,11128,23855,1567,760
5609,8720,23856,11128,23856,1567,760
5609,8720,23857,11128,23857,1567,760
5609,8720,23858,11128,23858,1567,760
5610,8720,23859,11128,23859,1567,760
5610,8720,23860,11128,23860,1567,760
5611,8720,23861,11128,23861,1567,760
5610,8720,23862,11128,23862,1567,760
5611,8720,23863,11128,23863,1567,760
5611,8720,23864,11128,23864,1567,760
5611,8720,23865,11128,23865,1567,760
5612,8720,23866,11128,23866,1567,760
5613,8720,23867,11128,23867,1567,760
5613,8720,23868,11128,23868,1567,760
5612,8720,23869,11128,23869,1567,760
5613,8720,23870,11128,23870,1567,760
5613,8720,23871,11128,23871,1567,760
5612,8720,23872,11128,23872,1567,760
5613,8720,23873,11128,23873,1567,760
5614,8720,23874,11128,23874,1567,760
5614,8720,23875,11128,23875,1567,760
5613,8720,23876,11128,23876,1567,760
5612,8720,23877,11128,23877,1567,760
5611,8720,23878,11128,23878,1567,760
5612,8720,23879,11128,23879,1567,760
5612,8720,23880,11128,23880,1567,760
5612,8720,23881,11128,23881,1567,760
5611,8720,23882,11128,23882,1567,760
5607,8720,23883,11128,23883,1567,758
5608,8720,23884,11128,23884,1567,758
5607,8720,23885,11128,23885,1567,758
5607,8720,23886,11128,23886,1567,758
5604,8720,23887,11128,23887,1567,757
5604,8720,23888,11128,23888,1567,757
5603,8720,23889,11128,23889,1567,757
5604,8720,23890,11128,23890,1567,757
5604,8720,23891,11128,23891,1567,757
5604,8720,23892,11128,23892,1567,757
5604,8720,23893,11128,23893,1567,757
5604,8720,23894,11128,23894,1567,757
5601,8720,23895,11128,23895,1567,756
5601,8720,23896,11128,23896,1567,756
5601,8720,23897,11128,23897,1567,756
5602,8720,23898,11128,23898,1567,756
5603,8720,23899,11128,23899,1567,756
5603,8720,23900,11128,23900,1567,756
5603,8720,23901,11128,23901,1567,756
5601,8720,23902,11128,23902,1567,754
5601,8720,23903,11128,23903,1567,754
5601,8720,23904,11128,23904,1567,754
5601,8720,23905,11128,23905,1567,754
5600,8720,23906,11128,23906,1567,754
5600,8720,23907,11128,23907,1567,754
5600,8720,23908,11128,23908,1567,754
5599,8720,23909,11128,23909,1567,754
5600,8720,23910,11128,23910,1567,754
5601,8720,23911,11128,23911,1567,754
5601,8720,23912,11128,23912,1567,754
5602,8720,23913,11128,23913,1567,754
5601,8720,23914,11128,23914,1567,754
5600,8720,23915,11128,23915,1567,754
5599,8720,23916,11128,23916,1567,754
5599,8720,23917,11128,23917,1567,754
5599,8720,23918,11128,23918,1567,754
5600,8720,23919,11128,23919,1567,754
5601,8720,23920,11128,23920,1567,754
5602,8720,23921,11128,23921,1567,754
5602,8720,23922,11128,23922,1567,754
5602,8720,23923,11128,23923,1567,754
5602,8720,23924,11128,23924,1567,754
5603,8720,23925,11128,23925,1567,754
5604,8720,23926,11128,23926,1567,754
5603,8720,23927,11128,23927,1567,754
5603,8720,23928,11128,23928,1567,754
5603,8720,23929,11128,23929,1567,754
5603,8720,23930,11128,23930,1567,754
5604,8720,23931,11128,23931,1567,754
5605,8720,23932,11128,23932,1567,754
5606,8720,23933,11128,23933,1567,754
5606,8720,23934,11128,23934,1567,754
5606,8720,23935,11128,23935,1567,754
5607,8720,23936,11128,23936,1567,754
5607,8720,23937,11128,23937,1567,754
5607,8720,23938,11128,23938,1567,754
5607,8720,23939,11128,23939,1567,754
5608,8720,23940,11128,23940,1567,754
5606,8720,23941,11128,23941,1567,754
5603,8720,23942,11128,23942,1567,753
5602,8720,23943,11128,23943,1567,753
5602,8720,23944,11128,23944,1567,753
5602,8720,23945,11128,23945,1567,753
5602,8720,23946,11128,23946,1567,753
5603,8720,23947,11128,23947,1567,753
5602,8720,23948,11128,23948,1567,753
5603,8720,23949,11128,23949,1567,753
5602,8720,23950,11128,23950,1567,753
5603,8720,23951,11128,23951,1567,753
5604,8720,23952,11128,23952,1567,753
5605,8720,23953,11128,23953,1567,753
5603,8720,23954,11128,23954,1567,752
5604,8720,23955,11128,23955,1567,752
5603,8720,23956,11128,23956,1567,752
5604,8720,23957,11128,23957,1567,752
5604,8720,23958,11128,23958,1567,752
5605,8720,23959,11128,23959,1567,752
5605,8720,23960,11128,23960,1567,752
5605,8720,23961,11128,23961,1567,752
5606,8720,23962,11128,23962,1567,752
5604,8720,23963,11128,23963,1567,752
5604,8720,23964,11128,23964,1567,752
5604,8720,23965,11128,23965,1567,752
5603,8720,23966,11128,23966,1567,752
5604,8720,23967,11128,23967,1567,752
5602,8720,23968,11128,23968,1567,751
5602,8720,23969,11128,23969,1567,751
5601,8720,23970,11128,23970,1567,751
5602,8720,23971,11128,23971,1567,751
5602,8720,23972,11128,23972,1567,751
5602,8720,23973,11128,23973,1567,751
5603,8720,23974,11128,23974,1567,751
5603,8720,23975,11128,23975,1567,751
5603,8720,23976,11128,23976,1567,751
5603,8720,23977,11128,23977,1567,751
5604,8720,23978,11128,23978,1567,751
5605,8720,23979,11128,23979,1567,751
5605,8720,23980,11128,23980,1567,751
5606,8720,23981,11128,23981,1567,751
5607,8720,23982,11128,23982,1567,751
5607,8720,23983,11128,23983,1567,751
5607,8720,23984,11128,23984,1567,751
5607,8720,23985,11128,23985,1567,751
5607,8720,23986,11128,23986,1567,751
5608,8720,23987,11128,23987,1567,751
5608,8720,23988,11128,23988,1567,751
5607,8720,23989,11128,23989,1567,751
5605,8720,23990,11128,23990,1567,751
5606,8720,23991,11128,23991,1567,751
5607,8720,23992,11128,23992,1567,751
5606,8720,23993,11128,23993,1567,751
5607,8720,23994,11128,23994,1567,751
5607,8720,23995,11128,23995,1567,751
5608,8720,23996,11128,23996,1567,751
5607,8720,23997,11128,23997,1567,751
5607,8720,23998,11128,23998,1567,751
5608,8720,23999,11128,23999,1567,751
5609,8720,24000,11128,24000,1567,751
5607,8720,24001,11128,24001,1567,751
5608,8720,24002,11128,24002,1567,751
5608,8720,24003,11128,24003,1567,751
5609,8720,24004,11128,24004,1567,751
5609,8720,24005,11128,24005,1567,751
5608,8720,24006,11128,24006,1567,751
5609,8720,24007,11128,24007,1567,751
5609,8720,24008,11128,24008,1567,751
5607,8720,24009,11128,24009,1567,751
5607,8720,24010,11128,24010,1567,751
5605,8720,24011,11128,24011,1567,750
5606,8720,24012,11128,24012,1567,750
5604,8720,24013,11128,24013,1567,750
5604,8720,24014,11128,24014,1567,750
5603,8720,24015,11128,24015,1567,750
5602,8720,24016,11128,24016,1567,750
5601,8720,24017,11128,24017,1567,750
5601,8720,24018,11128,24018,1567,750
5599,8720,24019,11128,24019,1567,750
5600,8720,24020,11128,24020,1567,750
5600,8720,24021,11128,24021,1567,750
5600,8720,24022,11128,24022,1567,750
5601,8720,24023,11128,24023,1567,750
5602,8720,24024,11128,24024,1567,750
5597,8720,24025,11128,24025,1567,750
5597,8720,24026,11128,24026,1567,750
5596,8720,24027,11128,24027,1567,750
5596,8720,24028,11128,24028,1567,750
5593,8720,24029,11128,24029,1567,750
5594,8720,24030,11128,24030,1567,750
5591,8720,24031,11128,24031,1567,748
5588,8720,24032,11128,24032,1567,748
5588,8720,24033,11128,24033,1567,748
5588,8720,24034,11128,24034,1567,748
5587,8720,24035,11128,24035,1567,748
5585,8720,24036,11128,24036,1567,748
5586,8720,24037,11128,24037,1567,748
5583,8720,24038,11128,24038,1567,748
5581,8720,24039,11128,24039,1567,748
5581,8720,24040,11128,24040,1567,748
5582,8720,24041,11128,24041,1567,748
5582,8720,24042,11128,24042,1567,748
5583,8720,24043,11128,24043,1567,748
5583,8720,24044,11128,24044,1567,748
5582,8720,24045,11128,24045,1567,748
5580,8720,24046,11128,24046,1567,747
5581,8720,24047,11128,24047,1567,747
5582,8720,24048,11128,24048,1567,747
5582,8720,24049,11128,24049,1567,747
5582,8720,24050,11128,24050,1567,747
5582,8720,24051,11128,24051,1567,747
5583,8720,24052,11128,24052,1567,747
5583,8720,24053,11128,24053,1567,747
5584,8720,24054,11128,24054,1567,747
5584,8720,24055,11128,24055,1567,747
5583,8720,24056,11128,24056,1567,747
5580,8720,24057,11128,24057,1567,746
5579,8720,24058,11128,24058,1567,746
5580,8720,24059,11128,24059,1567,746
5579,8720,24060,11128,24060,1567,746
5580,8720,24061,11128,24061,1567,746
5580,8720,24062,11128,24062,1567,746
5580,8720,24063,11128,24063,1567,746
5579,8720,24064,11128,24064,1567,746
5579,8720,24065,11128,24065,1567,746
5579,8720,24066,11128,24066,1567,746
5580,8720,24067,11128,24067,1567,746
5579,8720,24068,11128,24068,1567,746
5579,8720,24069,11128,24069,1567,746
5579,8720,24070,11128,24070,1567,746
5579,8720,24071,11128,24071,1567,746
5578,8720,24072,11128,24072,1567,746
5577,8720,24073,11128,24073,1567,746
5577,8720,24074,11128,24074,1567,746
5577,8720,24075,11128,24075,1567,746
5576,8720,24076,11128,24076,1567,746
5576,8720,24077,11128,24077,1567,746
5576,8720,24078,11128,24078,1567,746
5576,8720,24079,11128,24079,1567,746
5577,8720,24080,11128,24080,1567,746
5577,8720,24081,11128,24081,1567,746
5577,8720,24082,11128,24082,1567,746
5577,8720,24083,11128,24083,1567,746
5578,8720,24084,11128,24084,1567,746
5579,8720,24085,11128,24085,1567,746
5579,8720,24086,11128,24086,1567,746
5580,8720,24087,11128,24087,1567,746
5579,8720,24088,11128,24088,1567,746
5578,8720,24089,11128,24089,1567,746
5579,8720,24090,11128,24090,1567,746
5575,8720,24091,11128,24091,1567,746
5570,8720,24092,11128,24092,1567,745
5570,8720,24093,11128,24093,1567,745
5570,8720,24094,11128,24094,1567,745
5570,8720,24095,11128,24095,1567,745
5571,8720,24096,11128,24096,1567,745
5571,8720,24097,11128,24097,1567,745
5571,8720,24098,11128,24098,1567,745
5571,8720,24099,11128,24099,1567,745
5569,8720,24100,11128,24100,1567,745
5568,8720,24101,11128,24101,1567,745
5566,8720,24102,11128,24102,1567,745
5566,8720,24103,11128,24103,1567,745
5566,8720,24104,11128,24104,1567,745
5565,8720,24105,11128,24105,1567,745
5563,8720,24106,11128,24106,1567,745
5563,8720,24107,11128,24107,1567,745
5564,8720,24108,11128,24108,1567,745
5564,8720,24109,11128,24109,1567,745
5564,8720,24110,11128,24110,1567,745
5564,8720,24111,11128,24111,1567,745
5562,8720,24112,11128,24112,1567,744
5562,8720,24113,11128,24113,1567,744
5562,8720,24114,11128,24114,1567,744
5562,8720,24115,11128,24115,1567,744
5559,8720,24116,11128,24116,1567,744
5559,8720,24117,11128,24117,1567,744
5557,8720,24118,11128,24118,1567,744
5557,8720,24119,11128,24119,1567,744
5558,8720,24120,11128,24120,1567,744
5559,8720,24121,11128,24121,1567,744
5559,8720,24122,11128,24122,1567,744
5558,8720,24123,11128,24123,1567,744
5559,8720,24124,11128,24124,1567,744
5559,8720,24125,11128,24125,1567,744
5559,8720,24126,11128,24126,1567,744
5559,8720,24127,11128,24127,1567,744
5560,8720,24128,11128,24128,1567,744
5561,8720,24129,11128,24129,1567,744
5560,8720,24130,11128,24130,1567,744
5561,8720,24131,11128,24131,1567,744
5561,8720,24132,11128,24132,1567,744
5561,8720,24133,11128,24133,1567,744
5561,8720,24134,11128,24134,1567,744
5561,8720,24135,11128,24135,1567,744
5561,8720,24136,11128,24136,1567,744
5562,8720,24137,11128,24137,1567,744
5561,8720,24138,11128,24138,1567,744
5561,8720,24139,11128,24139,1567,744
5559,8720,24140,11128,24140,1567,743
5559,8720,24141,11128,24141,1567,743
5556,8720,24142,11128,24142,1567,743
5557,8720,24143,11128,24143,1567,743
5558,8720,24144,11128,24144,1567,743
5555,8720,24145,11128,24145,1567,743
5554,8720,24146,11128,24146,1567,743
5555,8720,24147,11128,24147,1567,743
5556,8720,24148,11128,24148,1567,743
5556,8720,24149,11128,24149,1567,743
5557,8720,24150,11128,24150,1567,743
5558,8720,24151,11128,24151,1567,743
5559,8720,24152,11128,24152,1567,743
5560,8720,24153,11128,24153,1567,743
5560,8720,24154,11128,24154,1567,743
5559,8720,24155,11128,24155,1567,743
5559,8720,24156,11128,24156,1567,743
5559,8720,24157,11128,24157,1567,743
5557,8720,24158,11128,24158,1567,743
5558,8720,24159,11128,24159,1567,743
5558,8720,24160,11128,24160,1567,743
5555,8720,24161,11128,24161,1567,743
5556,8720,24162,11128,24162,1567,743
5556,8720,24163,11128,24163,1567,743
5557,8720,24164,11128,24164,1567,743
5558,8720,24165,11128,24165,1567,743
5558,8720,24166,11128,24166,1567,743
5556,8720,24167,11128,24167,1567,743
5554,8720,24168,11128,24168,1567,743
5554,8720,24169,11128,24169,1567,743
5555,8720,24170,11128,24170,1567,743
5556,8720,24171,11128,24171,1567,743
5556,8720,24172,11128,24172,1567,743
5555,8720,24173,11128,24173,1567,743
5556,8720,24174,11128,24174,1567,743
5556,8720,24175,11128,24175,1567,743
5557,8720,24176,11128,24176,1567,743
5557,8720,24177,11128,24177,1567,743
5556,8720,24178,11128,24178,1567,743
5557,8720,24179,11128,24179,1567,743
5558,8720,24180,11128,24180,1567,743
5556,8720,24181,11128,24181,1567,743
5557,8720,24182,11128,24182,1567,743
5556,8720,24183,11128,24183,1567,743
5553,8720,24184,11128,24184,1567,743
5553,8720,24185,11128,24185,1567,743
5548,8720,24186,11128,24186,1567,743
5548,8720,24187,11128,24187,1567,743
5549,8720,24188,11128,24188,1567,743
5550,8720,24189,11128,24189,1567,743
5551,8720,24190,11128,24190,1567,743
5552,8720,24191,11128,24191,1567,743
5552,8720,24192,11128,24192,1567,743
5552,8720,24193,11128,24193,1567,743
5548,8720,24194,11128,24194,1567,743
5549,8720,24195,11128,24195,1567,743
5548,8720,24196,11128,24196,1567,743
5548,8720,24197,11128,24197,1567,743
5547,8720,24198,11128,24198,1567,743
5548,8720,24199,11128,24199,1567,743
5549,8720,24200,11128,24200,1567,743
5548,8720,24201,11128,24201,1567,742
5548,8720,24202,11128,24202,1567,742
5549,8720,24203,11128,24203,1567,742
5549,8720,24204,11128,24204,1567,742
5549,8720,24205,11128,24205,1567,742
5550,8720,24206,11128,24206,1567,742
5551,8720,24207,11128,24207,1567,742
5550,8720,24208,11128,24208,1567,742
5549,8720,24209,11128,24209,1567,742
5549,8720,24210,11128,24210,1567,742
5549,8720,24211,11128,24211,1567,742
5550,8720,24212,11128,24212,1567,742
5549,8720,24213,11128,24213,1567,742
5550,8720,24214,11128,24214,1567,742
5550,8720,24215,11128,24215,1567,742
5551,8720,24216,11128,24216,1567,742
5550,8720,24217,11128,24217,1567,742
5550,8720,24218,11128,24218,1567,742
5550,8720,24219,11128,24219,1567,742
5551,8720,24220,11128,24220,1567,742
5551,8720,24221,11128,24221,1567,742
5550,8720,24222,11128,24222,1567,742
5550,8720,24223,11128,24223,1567,742
5550,8720,24224,11128,24224,1567,742
5550,8720,24225,11128,24225,1567,742
5550,8720,24226,11128,24226,1567,742
5551,8720,24227,11128,24227,1567,742
5551,8720,24228,11128,24228,1567,742
5550,8720,24229,11128,24229,1567,742
5550,8720,24230,11128,24230,1567,742
5551,8720,24231,11128,24231,1567,742
5552,8720,24232,11128,24232,1567,742
5549,8720,24233,11128,24233,1567,742
5550,8720,24234,11128,24234,1567,742
5551,8720,24235,11128,24235,1567,742
5551,8720,24236,11128,24236,1567,742
5552,8720,24237,11128,24237,1567,742
5552,8720,24238,11128,24238,1567,742
5552,8720,24239,11128,24239,1567,742
5553,8720,24240,11128,24240,1567,742
5553,8720,24241,11128,24241,1567,742
5553,8720,24242,11128,24242,1567,742
5551,8720,24243,11128,24243,1567,742
5552,8720,24244,11128,24244,1567,742
5552,8720,24245,11128,24245,1567,742
5552,8720,24246,11128,24246,1567,742
5553,8720,24247,11128,24247,1567,742
5554,8720,24248,11128,24248,1567,742
5554,8720,24249,11128,24249,1567,742
5553,8720,24250,11128,24250,1567,742
5553,8720,24251,11128,24251,1567,742
5553,8720,24252,11128,24252,1567,742
5553,8720,24253,11128,24253,1567,742
5554,8720,24254,11128,24254,1567,742
5554,8720,24255,11128,24255,1567,742
5554,8720,24256,11128,24256,1567,742
5553,8720,24257,11128,24257,1567,742
5553,8720,24258,11128,24258,1567,742
5554,8720,24259,11128,24259,1567,742
5554,8720,24260,11128,24260,1567,742
5555,8720,24261,11128,24261,1567,742
5555,8720,24262,11128,24262,1567,742
5555,8720,24263,11128,24263,1567,742
5555,8720,24264,11128,24264,1567,742
5556,8720,24265,11128,24265,1567,742
5557,8720,24266,11128,24266,1567,742
5555,8720,24267,11128,24267,1567,742
5556,8720,24268,11128,24268,1567,742
5556,8720,24269,11128,24269,1567,742
5556,8720,24270,11128,24270,1567,742
5554,8720,24271,11128,24271,1567,741
5553,8720,24272,11128,24272,1567,741
5550,8720,24273,11128,24273,1567,741
5551,8720,24274,11128,24274,1567,741
5551,8720,24275,11128,24275,1567,741
5551,8720,24276,11128,24276,1567,741
5552,8720,24277,11128,24277,1567,741
5551,8720,24278,11128,24278,1567,741
5552,8720,24279,11128,24279,1567,741
5553,8720,24280,11128,24280,1567,741
5553,8720,24281,11128,24281,1567,741
5554,8720,24282,11128,24282,1567,741
5554,8720,24283,11128,24283,1567,741
5554,8720,24284,11128,24284,1567,741
5554,8720,24285,11128,24285,1567,741
5554,8720,24286,11128,24286,1567,741
5555,8720,24287,11128,24287,1567,741
5556,8720,24288,11128,24288,1567,741
5556,8720,24289,11128,24289,1567,741
5557,8720,24290,11128,24290,1567,741
5558,8720,24291,11128,24291,1567,741
5557,8720,24292,11128,24292,1567,741
5558,8720,24293,11128,24293,1567,741
5558,8720,24294,11128,24294,1567,741
5557,8720,24295,11128,24295,1567,741
5556,8720,24296,11128,24296,1567,741
5555,8720,24297,11128,24297,1567,741
5553,8720,24298,11128,24298,1567,739
5552,8720,24299,11128,24299,1567,739
5552,8720,24300,11128,24300,1567,739
5549,8720,24301,11128,24301,1567,739
5544,8720,24302,11128,24302,1567,737
5545,8720,24303,11128,24303,1567,737
5539,8720,24304,11128,24304,1567,736
5539,8720,24305,11128,24305,1567,736
5540,8720,24306,11128,24306,1567,736
5539,8720,24307,11128,24307,1567,736
5538,8720,24308,11128,24308,1567,736
5536,8720,24309,11128,24309,1567,736
5536,8720,24310,11128,24310,1567,736
5535,8720,24311,11128,24311,1567,736
5534,8720,24312,11128,24312,1567,736
5534,8720,24313,11128,24313,1567,736
5534,8720,24314,11128,24314,1567,736
5535,8720,24315,11128,24315,1567,736
5535,8720,24316,11128,24316,1567,736
5532,8720,24317,11128,24317,1567,736
5529,8720,24318,11128,24318,1567,735
5527,8720,24319,11128,24319,1567,735
5526,8720,24320,11128,24320,1567,735
5527,8720,24321,11128,24321,1567,735
5527,8720,24322,11128,24322,1567,735
5527,8720,24323,11128,24323,1567,735
5527,8720,24324,11128,24324,1567,735
5525,8720,24325,11128,24325,1567,735
5526,8720,24326,11128,24326,1567,735
5526,8720,24327,11128,24327,1567,735
5527,8720,24328,11128,24328,1567,735
5527,8720,24329,11128,24329,1567,735
5528,8720,24330,11128,24330,1567,735
5529,8720,24331,11128,24331,1567,735
5529,8720,24332,11128,24332,1567,735
5529,8720,24333,11128,24333,1567,735
5528,8720,24334,11128,24334,1567,735
5528,8720,24335,11128,24335,1567,735
5529,8720,24336,11128,24336,1567,735
5530,8720,24337,11128,24337,1567,735
5530,8720,24338,11128,24338,1567,735
5531,8720,24339,11128,24339,1567,735
5532,8720,24340,11128,24340,1567,735
5532,8720,24341,11128,24341,1567,735
5533,8720,24342,11128,24342,1567,735
5534,8720,24343,11128,24343,1567,735
5534,8720,24344,11128,24344,1567,735
5535,8720,24345,11128,24345,1567,735
5534,8720,24346,11128,24346,1567,735
5535,8720,24347,11128,24347,1567,735
5534,8720,24348,11128,24348,1567,735
5534,8720,24349,11128,24349,1567,735
5533,8720,24350,11128,24350,1567,735
5532,8720,24351,11128,24351,1567,735
5532,8720,24352,11128,24352,1567,735
5532,8720,24353,11128,24353,1567,735
5527,8720,24354,11128,24354,1567,733
5528,8720,24355,11128,24355,1567,733
5527,8720,24356,11128,24356,1567,733
5528,8720,24357,11128,24357,1567,733
5527,8720,24358,11128,24358,1567,733
5528,8720,24359,11128,24359,1567,733
5528,8720,24360,11128,24360,1567,733
5526,8720,24361,11128,24361,1567,733
5525,8720,24362,11128,24362,1567,733
5526,8720,24363,11128,24363,1567,733
5526,8720,24364,11128,24364,1567,733
5526,8720,24365,11128,24365,1567,733
5526,8720,24366,11128,24366,1567,733
5525,8720,24367,11128,24367,1567,733
5526,8720,24368,11128,24368,1567,733
5525,8720,24369,11128,24369,1567,733
5526,8720,24370,11128,24370,1567,733
5525,8720,24371,11128,24371,1567,733
5526,8720,24372,11128,24372,1567,733
5526,8720,24373,11128,24373,1567,733
5527,8720,24374,11128,24374,1567,733
5526,8720,24375,11128,24375,1567,733
5526,8720,24376,11128,24376,1567,733
5527,8720,24377,11128,24377,1567,733
5526,8720,24378,11128,24378,1567,733
5525,8720,24379,11128,24379,1567,733
5524,8720,24380,11128,24380,1567,733
5525,8720,24381,11128,24381,1567,733
5522,8720,24382,11128,24382,1567,732
5523,8720,24383,11128,24383,1567,732
5522,8720,24384,11128,24384,1567,732
5521,8720,24385,11128,24385,1567,732
5521,8720,24386,11128,24386,1567,732
5520,8720,24387,11128,24387,1567,732
5520,8720,24388,11128,24388,1567,732
5520,8720,24389,11128,24389,1567,732
5521,8720,24390,11128,24390,1567,732
5520,8720,24391,11128,24391,1567,732
5521,8720,24392,11128,24392,1567,732
5522,8720,24393,11128,24393,1567,732
5522,8720,24394,11128,24394,1567,732
5523,8720,24395,11128,24395,1567,732
5519,8720,24396,11128,24396,1567,730
5519,8720,24397,11128,24397,1567,730
5519,8720,24398,11128,24398,1567,730
5520,8720,24399,11128,24399,1567,730
5520,8720,24400,11128,24400,1567,730
5519,8720,24401,11128,24401,1567,730
5519,8720,24402,11128,24402,1567,730
5517,8720,24403,11128,24403,1567,730
5517,8720,24404,11128,24404,1567,730
5514,8720,24405,11128,24405,1567,729
5512,8720,24406,11128,24406,1567,729
5511,8720,24407,11128,24407,1567,729
5511,8720,24408,11128,24408,1567,729
5512,8720,24409,11128,24409,1567,729
5513,8720,24410,11128,24410,1567,729
5514,8720,24411,11128,24411,1567,729
5514,8720,24412,11128,24412,1567,729
5515,8720,24413,11128,24413,1567,729
5513,8720,24414,11128,24414,1567,729
5513,8720,24415,11128,24415,1567,729
5512,8720,24416,11128,24416,1567,728
5512,8720,24417,11128,24417,1567,728
5510,8720,24418,11128,24418,1567,728
5509,8720,24419,11128,24419,1567,728
5509,8720,24420,11128,24420,1567,728
5509,8720,24421,11128,24421,1567,728
5509,8720,24422,11128,24422,1567,728
5510,8720,24423,11128,24423,1567,728
5511,8720,24424,11128,24424,1567,728
5512,8720,24425,11128,24425,1567,728
5509,8720,24426,11128,24426,1567,727
5508,8720,24427,11128,24427,1567,727
5506,8720,24428,11128,24428,1567,727
5506,8720,24429,11128,24429,1567,727
5507,8720,24430,11128,24430,1567,727
5507,8720,24431,11128,24431,1567,727
5506,8720,24432,11128,24432,1567,727
5505,8720,24433,11128,24433,1567,727
5506,8720,24434,11128,24434,1567,727
5504,8720,24435,11128,24435,1567,727
5505,8720,24436,11128,24436,1567,727
5506,8720,24437,11128,24437,1567,727
5506,8720,24438,11128,24438,1567,727
5505,8720,24439,11128,24439,1567,727
5504,8720,24440,11128,24440,1567,727
5504,8720,24441,11128,24441,1567,727
5504,8720,24442,11128,24442,1567,727
5503,8720,24443,11128,24443,1567,727
5503,8720,24444,11128,24444,1567,727
5503,8720,24445,11128,24445,1567,727
5502,8720,24446,11128,24446,1567,727
5502,8720,24447,11128,24447,1567,727
5497,8720,24448,11128,24448,1567,727
5497,8720,24449,11128,24449,1567,727
5498,8720,24450,11128,24450,1567,727
5497,8720,24451,11128,24451,1567,727
5496,8720,24452,11128,24452,1567,727
5496,8720,24453,11128,24453,1567,727
5496,8720,24454,11128,24454,1567,727
5497,8720,24455,11128,24455,1567,727
5495,8720,24456,11128,24456,1567,727
5495,8720,24457,11128,24457,1567,727
5494,8720,24458,11128,24458,1567,727
5494,8720,24459,11128,24459,1567,727
5493,8720,24460,11128,24460,1567,727
5491,8720,24461,11128,24461,1567,727
5491,8720,24462,11128,24462,1567,727
5491,8720,24463,11128,24463,1567,727
5490,8720,24464,11128,24464,1567,727
5490,8720,24465,11128,24465,1567,727
5489,8720,24466,11128,24466,1567,727
5490,8720,24467,11128,24467,1567,727
5489,8720,24468,11128,24468,1567,727
5490,8720,24469,11128,24469,1567,727
5489,8720,24470,11128,24470,1567,727
5488,8720,24471,11128,24471,1567,727
5488,8720,24472,11128,24472,1567,727
5489,8720,24473,11128,24473,1567,727
5488,8720,24474,11128,24474,1567,727
5486,8720,24475,11128,24475,1567,727
5486,8720,24476,11128,24476,1567,727
5486,8720,24477,11128,24477,1567,727
5487,8720,24478,11128,24478,1567,727
5488,8720,24479,11128,24479,1567,727
5488,8720,24480,11128,24480,1567,727
5486,8720,24481,11128,24481,1567,727
5486,8720,24482,11128,24482,1567,727
5486,8720,24483,11128,24483,1567,727
5486,8720,24484,11128,24484,1567,727
5486,8720,24485,11128,24485,1567,727
5486,8720,24486,11128,24486,1567,727
5486,8720,24487,11128,24487,1567,727
5484,8720,24488,11128,24488,1567,726
5483,8720,24489,11128,24489,1567,726
5482,8720,24490,11128,24490,1567,726
5481,8720,24491,11128,24491,1567,726
5482,8720,24492,11128,24492,1567,726
5482,8720,24493,11128,24493,1567,726
5483,8720,24494,11128,24494,1567,726
5484,8720,24495,11128,24495,1567,726
5483,8720,24496,11128,24496,1567,726
5484,8720,24497,11128,24497,1567,726
5484,8720,24498,11128,24498,1567,726
5484,8720,24499,11128,24499,1567,726
5485,8720,24500,11128,24500,1567,726
5484,8720,24501,11128,24501,1567,726
5485,8720,24502,11128,24502,1567,726
5486,8720,24503,11128,24503,1567,726
5481,8720,24504,11128,24504,1567,725
5479,8720,24505,11128,24505,1567,725
5480,8720,24506,11128,24506,1567,725
5478,8720,24507,11128,24507,1567,725
5479,8720,24508,11128,24508,1567,725
5479,8720,24509,11128,24509,1567,725
5477,8720,24510,11128,24510,1567,725
5477,8720,24511,11128,24511,1567,725
5478,8720,24512,11128,24512,1567,725
5479,8720,24513,11128,24513,1567,725
5480,8720,24514,11128,24514,1567,725
5480,8720,24515,11128,24515,1567,725
5481,8720,24516,11128,24516,1567,725
5480,8720,24517,11128,24517,1567,725
5481,8720,24518,11128,24518,1567,725
5482,8720,24519,11128,24519,1567,725
5480,8720,24520,11128,24520,1567,725
5478,8720,24521,11128,24521,1567,725
5477,8720,24522,11128,24522,1567,725
5477,8720,24523,11128,24523,1567,725
5478,8720,24524,11128,24524,1567,725
5478,8720,24525,11128,24525,1567,725
5477,8720,24526,11128,24526,1567,725
5477,8720,24527,11128,24527,1567,725
5477,8720,24528,11128,24528,1567,725
5478,8720,24529,11128,24529,1567,725
5478,8720,24530,11128,24530,1567,725
5478,8720,24531,11128,24531,1567,725
5479,8720,24532,11128,24532,1567,725
5480,8720,24533,11128,24533,1567,725
5480,8720,24534,11128,24534,1567,725
5479,8720,24535,11128,24535,1567,725
5479,8720,24536,11128,24536,1567,725
5480,8720,24537,11128,24537,1567,725
5480,8720,24538,11128,24538,1567,725
5480,8720,24539,11128,24539,1567,725
5479,8720,24540,11128,24540,1567,725
5478,8720,24541,11128,24541,1567,725
5478,8720,24542,11128,24542,1567,725
5475,8720,24543,11128,24543,1567,724
5475,8720,24544,11128,24544,1567,724
5474,8720,24545,11128,24545,1567,724
5474,8720,24546,11128,24546,1567,724
5472,8720,24547,11128,24547,1567,724
5473,8720,24548,11128,24548,1567,724
5472,8720,24549,11128,24549,1567,724
5473,8720,24550,11128,24550,1567,724
5473,8720,24551,11128,24551,1567,724
5474,8720,24552,11128,24552,1567,724
5475,8720,24553,11128,24553,1567,724
5475,8720,24554,11128,24554,1567,724
5474,8720,24555,11128,24555,1567,724
5470,8720,24556,11128,24556,1567,723
5470,8720,24557,11128,24557,1567,723
5471,8720,24558,11128,24558,1567,723
5471,8720,24559,11128,24559,1567,723
5471,8720,24560,11128,24560,1567,723
5468,8720,24561,11128,24561,1567,723
5468,8720,24562,11128,24562,1567,723
5468,8720,24563,11128,24563,1567,723
5469,8720,24564,11128,24564,1567,723
5469,8720,24565,11128,24565,1567,723
5469,8720,24566,11128,24566,1567,723
5469,8720,24567,11128,24567,1567,723
5470,8720,24568,11128,24568,1567,723
5471,8720,24569,11128,24569,1567,723
5471,8720,24570,11128,24570,1567,723
5471,8720,24571,11128,24571,1567,723
5468,8720,24572,11128,24572,1567,723
5467,8720,24573,11128,24573,1567,723
5468,8720,24574,11128,24574,1567,723
5468,8720,24575,11128,24575,1567,723
5469,8720,24576,11128,24576,1567,723
5463,8720,24577,11128,24577,1567,723
5463,8720,24578,11128,24578,1567,723
5463,8720,24579,11128,24579,1567,723
5463,8720,24580,11128,24580,1567,723
5462,8720,24581,11128,24581,1567,723
5457,8720,24582,11128,24582,1567,721
5457,8720,24583,11128,24583,1567,721
5457,8720,24584,11128,24584,1567,721
5455,8720,24585,11128,24585,1567,721
5455,8720,24586,11128,24586,1567,721
5454,8720,24587,11128,24587,1567,721
5454,8720,24588,11128,24588,1567,721
5454,8720,24589,11128,24589,1567,721
5455,8720,24590,11128,24590,1567,721
5455,8720,24591,11128,24591,1567,721
5455,8720,24592,11128,24592,1567,721
5456,8720,24593,11128,24593,1567,721
5455,8720,24594,11128,24594,1567,721
5454,8720,24595,11128,24595,1567,721
5454,8720,24596,11128,24596,1567,721
5454,8720,24597,11128,24597,1567,721
5453,8720,24598,11128,24598,1567,721
5453,8720,24599,11128,24599,1567,721
5454,8720,24600,11128,24600,1567,721
5454,8720,24601,11128,24601,1567,721
5452,8720,24602,11128,24602,1567,721
5451,8720,24603,11128,24603,1567,721
5451,8720,24604,11128,24604,1567,721
5452,8720,24605,11128,24605,1567,721
5450,8720,24606,11128,24606,1567,721
5450,8720,24607,11128,24607,1567,721
5449,8720,24608,11128,24608,1567,721
5448,8720,24609,11128,24609,1567,721
5448,8720,24610,11128,24610,1567,721
5449,8720,24611,11128,24611,1567,721
5449,8720,24612,11128,24612,1567,721
5450,8720,24613,11128,24613,1567,721
5450,8720,24614,11128,24614,1567,721
5451,8720,24615,11128,24615,1567,721
5451,8720,24616,11128,24616,1567,721
5450,8720,24617,11128,24617,1567,721
5450,8720,24618,11128,24618,1567,721
5451,8720,24619,11128,24619,1567,721
5449,8720,24620,11128,24620,1567,721
5447,8720,24621,11128,24621,1567,721
5448,8720,24622,11128,24622,1567,721
5447,8720,24623,11128,24623,1567,721
5448,8720,24624,11128,24624,1567,721
5449,8720,24625,11128,24625,1567,721
5444,8720,24626,11128,24626,1567,719
5445,8720,24627,11128,24627,1567,719
5442,8720,24628,11128,24628,1567,719
5442,8720,24629,11128,24629,1567,719
5442,8720,24630,11128,24630,1567,719
5442,8720,24631,11128,24631,1567,719
5441,8720,24632,11128,24632,1567,719
5441,8720,24633,11128,24633,1567,719
5437,8720,24634,11128,24634,1567,719
5438,8720,24635,11128,24635,1567,719
5437,8720,24636,11128,24636,1567,719
5438,8720,24637,11128,24637,1567,719
5437,8720,24638,11128,24638,1567,719
5438,8720,24639,11128,24639,1567,719
5438,8720,24640,11128,24640,1567,719
5438,8720,24641,11128,24641,1567,719
5438,8720,24642,11128,24642,1567,719
5438,8720,24643,11128,24643,1567,719
5438,8720,24644,11128,24644,1567,719
5439,8720,24645,11128,24645,1567,719
5438,8720,24646,11128,24646,1567,719
5439,8720,24647,11128,24647,1567,719
5437,8720,24648,11128,24648,1567,718
5438,8720,24649,11128,24649,1567,718
5438,8720,24650,11128,24650,1567,718
5438,8720,24651,11128,24651,1567,718
5439,8720,24652,11128,24652,1567,718
5440,8720,24653,11128,24653,1567,718
5440,8720,24654,11128,24654,1567,718
5441,8720,24655,11128,24655,1567,718
5440,8720,24656,11128,24656,1567,718
5441,8720,24657,11128,24657,1567,718
5442,8720,24658,11128,24658,1567,718
5441,8720,24659,11128,24659,1567,717
5441,8720,24660,11128,24660,1567,717
5441,8720,24661,11128,24661,1567,717
5441,8720,24662,11128,24662,1567,717
5442,8720,24663,11128,24663,1567,717
5442,8720,24664,11128,24664,1567,717
5443,8720,24665,11128,24665,1567,717
5443,8720,24666,11128,24666,1567,717
5443,8720,24667,11128,24667,1567,717
5442,8720,24668,11128,24668,1567,717
5440,8720,24669,11128,24669,1567,717
5439,8720,24670,11128,24670,1567,717
5440,8720,24671,11128,24671,1567,717
5439,8720,24672,11128,24672,1567,717
5439,8720,24673,11128,24673,1567,717
5440,8720,24674,11128,24674,1567,717
5440,8720,24675,11128,24675,1567,717
5440,8720,24676,11128,24676,1567,717
5441,8720,24677,11128,24677,1567,717
5442,8720,24678,11128,24678,1567,717
5443,8720,24679,11128,24679,1567,717
5444,8720,24680,11128,24680,1567,717
5443,8720,24681,11128,24681,1567,717
5444,8720,24682,11128,24682,1567,717
5444,8720,24683,11128,24683,1567,717
5444,8720,24684,11128,24684,1567,717
5445,8720,24685,11128,24685,1567,717
5443,8720,24686,11128,24686,1567,717
5443,8720,24687,11128,24687,1567,717
5443,8720,24688,11128,24688,1567,717
5443,8720,24689,11128,24689,1567,717
5442,8720,24690,11128,24690,1567,717
5442,8720,24691,11128,24691,1567,717
5442,8720,24692,11128,24692,1567,717
5443,8720,24693,11128,24693,1567,717
5443,8720,24694,11128,24694,1567,717
5444,8720,24695,11128,24695,1567,717
5443,8720,24696,11128,24696,1567,717
5444,8720,24697,11128,24697,1567,717
5444,8720,24698,11128,24698,1567,717
5438,8720,24699,11128,24699,1567,716
5439,8720,24700,11128,24700,1567,716
5439,8720,24701,11128,24701,1567,716
5440,8720,24702,11128,24702,1567,716
5441,8720,24703,11128,24703,1567,716
5441,8720,24704,11128,24704,1567,716
5441,8720,24705,11128,24705,1567,716
5440,8720,24706,11128,24706,1567,716
5440,8720,24707,11128,24707,1567,716
5441,8720,24708,11128,24708,1567,716
5441,8720,24709,11128,24709,1567,716
5438,8720,24710,11128,24710,1567,716
5439,8720,24711,11128,24711,1567,716
5439,8720,24712,11128,24712,1567,716
5436,8720,24713,11128,24713,1567,716
5437,8720,24714,11128,24714,1567,716
5437,8720,24715,11128,24715,1567,716
5437,8720,24716,11128,24716,1567,716
5437,8720,24717,11128,24717,1567,716
5438,8720,24718,11128,24718,1567,716
5438,8720,24719,11128,24719,1567,716
5438,8720,24720,11128,24720,1567,716
5438,8720,24721,11128,24721,1567,716
5439,8720,24722,11128,24722,1567,716
5438,8720,24723,11128,24723,1567,716
5438,8720,24724,11128,24724,1567,716
5438,8720,24725,11128,24725,1567,716
5434,8720,24726,11128,24726,1567,713
5433,8720,24727,11128,24727,1567,713
5433,8720,24728,11128,24728,1567,713
5432,8720,24729,11128,24729,1567,713
5432,8720,24730,11128,24730,1567,713
5427,8720,24731,11128,24731,1567,713
5428,8720,24732,11128,24732,1567,713
5428,8720,24733,11128,24733,1567,713
5429,8720,24734,11128,24734,1567,713
5429,8720,24735,11128,24735,1567,713
5428,8720,24736,11128,24736,1567,713
5429,8720,24737,11128,24737,1567,713
5428,8720,24738,11128,24738,1567,713
5429,8720,24739,11128,24739,1567,713
5429,8720,24740,11128,24740,1567,713
5429,8720,24741,11128,24741,1567,713
5425,8720,24742,11128,24742,1567,711
5426,8720,24743,11128,24743,1567,711
5427,8720,24744,11128,24744,1567,711
5427,8720,24745,11128,24745,1567,711
5426,8720,24746,11128,24746,1567,711
5426,8720,24747,11128,24747,1567,711
5426,8720,24748,11128,24748,1567,711
5426,8720,24749,11128,24749,1567,711
5426,8720,24750,11128,24750,1567,711
5426,8720,24751,11128,24751,1567,711
5427,8720,24752,11128,24752,1567,711
5425,8720,24753,11128,24753,1567,711
5425,8720,24754,11128,24754,1567,711
5425,8720,24755,11128,24755,1567,711
5424,8720,24756,11128,24756,1567,711
5423,8720,24757,11128,24757,1567,711
5424,8720,24758,11128,24758,1567,711
5424,8720,24759,11128,24759,1567,711
5425,8720,24760,11128,24760,1567,711
5425,8720,24761,11128,24761,1567,711
5425,8720,24762,11128,24762,1567,711
5426,8720,24763,11128,24763,1567,711
5426,8720,24764,11128,24764,1567,711
5427,8720,24765,11128,24765,1567,711
5427,8720,24766,11128,24766,1567,711
5423,8720,24767,11128,24767,1567,711
5424,8720,24768,11128,24768,1567,711
5424,8720,24769,11128,24769,1567,711
5422,8720,24770,11128,24770,1567,711
5422,8720,24771,11128,24771,1567,711
5423,8720,24772,11128,24772,1567,711
5423,8720,24773,11128,24773,1567,711
5424,8720,24774,11128,24774,1567,711
5424,8720,24775,11128,24775,1567,711
5423,8720,24776,11128,24776,1567,711
5423,8720,24777,11128,24777,1567,711
5419,8720,24778,11128,24778,1567,710
5420,8720,24779,11128,24779,1567,710
5420,8720,24780,11128,24780,1567,710
5420,8720,24781,11128,24781,1567,710
5416,8720,24782,11128,24782,1567,709
5417,8720,24783,11128,24783,1567,709
5418,8720,24784,11128,24784,1567,709
5419,8720,24785,11128,24785,1567,709
5420,8720,24786,11128,24786,1567,709
5420,8720,24787,11128,24787,1567,709
5421,8720,24788,11128,24788,1567,709
5421,8720,24789,11128,24789,1567,709
5421,8720,24790,11128,24790,1567,709
5422,8720,24791,11128,24791,1567,709
5423,8720,24792,11128,24792,1567,709
5422,8720,24793,11128,24793,1567,709
5422,8720,24794,11128,24794,1567,709
5423,8720,24795,11128,24795,1567,709
5422,8720,24796,11128,24796,1567,709
5423,8720,24797,11128,24797,1567,709
5422,8720,24798,11128,24798,1567,709
5423,8720,24799,11128,24799,1567,709
5423,8720,24800,11128,24800,1567,709
5423,8720,24801,11128,24801,1567,709
5423,8720,24802,11128,24802,1567,709
5420,8720,24803,11128,24803,1567,709
5421,8720,24804,11128,24804,1567,709
5419,8720,24805,11128,24805,1567,709
5416,8720,24806,11128,24806,1567,709
5415,8720,24807,11128,24807,1567,709
5411,8720,24808,11128,24808,1567,708
5411,8720,24809,11128,24809,1567,708
5412,8720,24810,11128,24810,1567,708
5413,8720,24811,11128,24811,1567,708
5413,8720,24812,11128,24812,1567,708
5414,8720,24813,11128,24813,1567,708
5415,8720,24814,11128,24814,1567,708
5415,8720,24815,11128,24815,1567,708
5416,8720,24816,11128,24816,1567,708
5416,8720,24817,11128,24817,1567,708
5416,8720,24818,11128,24818,1567,708
5417,8720,24819,11128,24819,1567,708
5416,8720,24820,11128,24820,1567,708
5416,8720,24821,11128,24821,1567,708
5417,8720,24822,11128,24822,1567,708
5418,8720,24823,11128,24823,1567,708
5419,8720,24824,11128,24824,1567,708
5419,8720,24825,11128,24825,1567,708
5420,8720,24826,11128,24826,1567,708
5420,8720,24827,11128,24827,1567,708
5420,8720,24828,11128,24828,1567,708
5419,8720,24829,11128,24829,1567,708
5417,8720,24830,11128,24830,1567,708
5418,8720,24831,11128,24831,1567,708
5417,8720,24832,11128,24832,1567,708
5415,8720,24833,11128,24833,1567,708
5413,8720,24834,11128,24834,1567,707
5414,8720,24835,11128,24835,1567,707
5414,8720,24836,11128,24836,1567,707
5415,8720,24837,11128,24837,1567,707
5416,8720,24838,11128,24838,1567,707
5417,8720,24839,11128,24839,1567,707
5418,8720,24840,11128,24840,1567,707
5412,8720,24841,11128,24841,1567,706
5407,8720,24842,11128,24842,1567,704
5408,8720,24843,11128,24843,1567,704
5409,8720,24844,11128,24844,1567,704
5409,8720,24845,11128,24845,1567,704
5407,8720,24846,11128,24846,1567,704
5407,8720,24847,11128,24847,1567,704
5407,8720,24848,11128,24848,1567,704
5407,8720,24849,11128,24849,1567,704
5408,8720,24850,11128,24850,1567,704
5407,8720,24851,11128,24851,1567,704
5408,8720,24852,11128,24852,1567,704
5409,8720,24853,11128,24853,1567,704
5410,8720,24854,11128,24854,1567,704
5410,8720,24855,11128,24855,1567,704
5409,8720,24856,11128,24856,1567,704
5410,8720,24857,11128,24857,1567,704
5410,8720,24858,11128,24858,1567,704
5410,8720,24859,11128,24859,1567,704
5410,8720,24860,11128,24860,1567,704
5411,8720,24861,11128,24861,1567,704
5407,8720,24862,11128,24862,1567,703
5407,8720,24863,11128,24863,1567,703
5408,8720,24864,11128,24864,1567,703
5409,8720,24865,11128,24865,1567,703
5410,8720,24866,11128,24866,1567,703
5411,8720,24867,11128,24867,1567,703
5412,8720,24868,11128,24868,1567,703
5413,8720,24869,11128,24869,1567,703
5412,8720,24870,11128,24870,1567,703
5413,8720,24871,11128,24871,1567,703
5412,8720,24872,11128,24872,1567,703
5413,8720,24873,11128,24873,1567,703
5414,8720,24874,11128,24874,1567,703
5413,8720,24875,11128,24875,1567,703
5413,8720,24876,11128,24876,1567,703
5414,8720,24877,11128,24877,1567,703
5414,8720,24878,11128,24878,1567,703
5415,8720,24879,11128,24879,1567,703
5414,8720,24880,11128,24880,1567,703
5415,8720,24881,11128,24881,1567,703
5415,8720,24882,11128,24882,1567,703
5414,8720,24883,11128,24883,1567,703
5408,8720,24884,11128,24884,1567,702
5408,8720,24885,11128,24885,1567,702
5408,8720,24886,11128,24886,1567,702
5408,8720,24887,11128,24887,1567,702
5407,8720,24888,11128,24888,1567,702
5407,8720,24889,11128,24889,1567,702
5406,8720,24890,11128,24890,1567,702
5407,8720,24891,11128,24891,1567,702
5407,8720,24892,11128,24892,1567,702
5408,8720,24893,11128,24893,1567,702
5409,8720,24894,11128,24894,1567,702
5410,8720,24895,11128,24895,1567,702
5411,8720,24896,11128,24896,1567,702
5411,8720,24897,11128,24897,1567,702
5411,8720,24898,11128,24898,1567,702
5411,8720,24899,11128,24899,1567,702
5410,8720,24900,11128,24900,1567,702
5411,8720,24901,11128,24901,1567,702
5411,8720,24902,11128,24902,1567,702
5411,8720,24903,11128,24903,1567,702
5412,8720,24904,11128,24904,1567,702
5411,8720,24905,11128,24905,1567,702
5411,8720,24906,11128,24906,1567,702
5412,8720,24907,11128,24907,1567,702
5413,8720,24908,11128,24908,1567,702
5411,8720,24909,11128,24909,1567,702
5411,8720,24910,11128,24910,1567,702
5410,8720,24911,11128,24911,1567,702
5410,8720,24912,11128,24912,1567,702
5410,8720,24913,11128,24913,1567,702
5410,8720,24914,11128,24914,1567,702
5408,8720,24915,11128,24915,1567,702
5408,8720,24916,11128,24916,1567,702
5408,8720,24917,11128,24917,1567,702
5409,8720,24918,11128,24918,1567,702
5409,8720,24919,11128,24919,1567,702
5408,8720,24920,11128,24920,1567,702
5409,8720,24921,11128,24921,1567,702
5409,8720,24922,11128,24922,1567,702
5410,8720,24923,11128,24923,1567,702
5411,8720,24924,11128,24924,1567,702
5412,8720,24925,11128,24925,1567,702
5413,8720,24926,11128,24926,1567,702
5407,8720,24927,11128,24927,1567,698
5408,8720,24928,11128,24928,1567,698
5409,8720,24929,11128,24929,1567,698
5409,8720,24930,11128,24930,1567,698
5409,8720,24931,11128,24931,1567,698
5409,8720,24932,11128,24932,1567,698
5410,8720,24933,11128,24933,1567,698
5411,8720,24934,11128,24934,1567,698
5411,8720,24935,11128,24935,1567,698
5412,8720,24936,11128,24936,1567,698
5413,8720,24937,11128,24937,1567,698
5410,8720,24938,11128,24938,1567,697
5411,8720,24939,11128,24939,1567,697
5407,8720,24940,11128,24940,1567,695
5407,8720,24941,11128,24941,1567,695
5408,8720,24942,11128,24942,1567,695
5407,8720,24943,11128,24943,1567,695
5407,8720,24944,11128,24944,1567,695
5407,8720,24945,11128,24945,1567,695
5407,8720,24946,11128,24946,1567,695
5407,8720,24947,11128,24947,1567,695
5406,8720,24948,11128,24948,1567,695
5398,8720,24949,11128,24949,1567,692
5398,8720,24950,11128,24950,1567,692
5398,8720,24951,11128,24951,1567,692
5398,8720,24952,11128,24952,1567,692
5399,8720,24953,11128,24953,1567,692
5400,8720,24954,11128,24954,1567,692
5401,8720,24955,11128,24955,1567,692
5401,8720,24956,11128,24956,1567,692
5401,8720,24957,11128,24957,1567,692
5398,8720,24958,11128,24958,1567,692
5399,8720,24959,11128,24959,1567,692
5394,8720,24960,11128,24960,1567,690
5394,8720,24961,11128,24961,1567,690
5394,8720,24962,11128,24962,1567,690
5394,8720,24963,11128,24963,1567,690
5392,8720,24964,11128,24964,1567,690
5391,8720,24965,11128,24965,1567,690
5390,8720,24966,11128,24966,1567,690
5390,8720,24967,11128,24967,1567,690
5387,8720,24968,11128,24968,1567,688
5386,8720,24969,11128,24969,1567,688
5386,8720,24970,11128,24970,1567,688
5386,8720,24971,11128,24971,1567,688
5386,8720,24972,11128,24972,1567,688
5385,8720,24973,11128,24973,1567,688
5386,8720,24974,11128,24974,1567,688
5385,8720,24975,11128,24975,1567,688
5385,8720,24976,11128,24976,1567,688
5384,8720,24977,11128,24977,1567,688
5384,8720,24978,11128,24978,1567,688
5384,8720,24979,11128,24979,1567,688
5384,8720,24980,11128,24980,1567,688
5381,8720,24981,11128,24981,1567,688
5382,8720,24982,11128,24982,1567,688
5383,8720,24983,11128,24983,1567,688
5383,8720,24984,11128,24984,1567,688
5382,8720,24985,11128,24985,1567,688
5379,8720,24986,11128,24986,1567,688
5374,8720,24987,11128,24987,1567,686
5374,8720,24988,11128,24988,1567,686
5374,8720,24989,11128,24989,1567,686
5375,8720,24990,11128,24990,1567,686
5374,8720,24991,11128,24991,1567,686
5375,8720,24992,11128,24992,1567,686
5374,8720,24993,11128,24993,1567,686
5375,8720,24994,11128,24994,1567,686
5376,8720,24995,11128,24995,1567,686
5376,8720,24996,11128,24996,1567,686
5374,8720,24997,11128,24997,1567,686
5374,8720,24998,11128,24998,1567,686
5374,8720,24999,11128,24999,1567,686
5375,8720,25000,11128,25000,1567,686
5376,8720,25001,11128,25001,1567,686
5376,8720,25002,11128,25002,1567,686
5377,8720,25003,11128,25003,1567,686
5378,8720,25004,11128,25004,1567,686
5379,8720,25005,11128,25005,1567,686
5380,8720,25006,11128,25006,1567,686
5381,8720,25007,11128,25007,1567,686
5377,8720,25008,11128,25008,1567,685
5376,8720,25009,11128,25009,1567,685
5376,8720,25010,11128,25010,1567,685
5376,8720,25011,11128,25011,1567,685
5375,8720,25012,11128,25012,1567,685
5375,8720,25013,11128,25013,1567,685
5376,8720,25014,11128,25014,1567,685
5376,8720,25015,11128,25015,1567,685
5377,8720,25016,11128,25016,1567,685
5376,8720,25017,11128,25017,1567,685
5377,8720,25018,11128,25018,1567,685
5377,8720,25019,11128,25019,1567,685
5376,8720,25020,11128,25020,1567,685
5375,8720,25021,11128,25021,1567,685
5375,8720,25022,11128,25022,1567,685
5376,8720,25023,11128,25023,1567,685
5373,8720,25024,11128,25024,1567,685
5373,8720,25025,11128,25025,1567,685
5373,8720,25026,11128,25026,1567,685
5374,8720,25027,11128,25027,1567,685
5371,8720,25028,11128,25028,1567,685
5370,8720,25029,11128,25029,1567,685
5370,8720,25030,11128,25030,1567,685
5370,8720,25031,11128,25031,1567,685
5370,8720,25032,11128,25032,1567,685
5369,8720,25033,11128,25033,1567,685
5370,8720,25034,11128,25034,1567,685
5369,8720,25035,11128,25035,1567,685
5368,8720,25036,11128,25036,1567,685
5367,8720,25037,11128,25037,1567,685
5367,8720,25038,11128,25038,1567,685
5367,8720,25039,11128,25039,1567,685
5367,8720,25040,11128,25040,1567,685
5367,8720,25041,11128,25041,1567,685
5368,8720,25042,11128,25042,1567,685
5367,8720,25043,11128,25043,1567,685
5367,8720,25044,11128,25044,1567,685
5367,8720,25045,11128,25045,1567,685
5366,8720,25046,11128,25046,1567,685
5367,8720,25047,11128,25047,1567,685
5367,8720,25048,11128,25048,1567,685
5367,8720,25049,11128,25049,1567,685
5367,8720,25050,11128,25050,1567,685
5367,8720,25051,11128,25051,1567,685
5367,8720,25052,11128,25052,1567,685
5368,8720,25053,11128,25053,1567,685
5369,8720,25054,11128,25054,1567,685
5369,8720,25055,11128,25055,1567,685
5368,8720,25056,11128,25056,1567,685
5369,8720,25057,11128,25057,1567,685
5369,8720,25058,11128,25058,1567,685
5370,8720,25059,11128,25059,1567,685
5370,8720,25060,11128,25060,1567,685
5371,8720,25061,11128,25061,1567,685
5370,8720,25062,11128,25062,1567,685
5370,8720,25063,11128,25063,1567,685
5370,8720,25064,11128,25064,1567,685
5368,8720,25065,11128,25065,1567,685
5369,8720,25066,11128,25066,1567,685
5370,8720,25067,11128,25067,1567,685
5371,8720,25068,11128,25068,1567,685
5371,8720,25069,11128,25069,1567,685
5368,8720,25070,11128,25070,1567,683
5368,8720,25071,11128,25071,1567,683
5368,8720,25072,11128,25072,1567,683
5368,8720,25073,11128,25073,1567,683
5368,8720,25074,11128,25074,1567,683
5368,8720,25075,11128,25075,1567,683
5368,8720,25076,11128,25076,1567,683
5369,8720,25077,11128,25077,1567,683
5370,8720,25078,11128,25078,1567,683
5370,8720,25079,11128,25079,1567,683
5370,8720,25080,11128,25080,1567,683
5370,8720,25081,11128,25081,1567,683
5369,8720,25082,11128,25082,1567,683
5368,8720,25083,11128,25083,1567,683
5365,8720,25084,11128,25084,1567,682
5366,8720,25085,11128,25085,1567,682
5367,8720,25086,11128,25086,1567,682
5368,8720,25087,11128,25087,1567,682
5368,8720,25088,11128,25088,1567,682
5369,8720,25089,11128,25089,1567,682
5368,8720,25090,11128,25090,1567,682
5367,8720,25091,11128,25091,1567,682
5368,8720,25092,11128,25092,1567,682
5366,8720,25093,11128,25093,1567,682
5364,8720,25094,11128,25094,1567,682
5362,8720,25095,11128,25095,1567,682
5360,8720,25096,11128,25096,1567,682
5359,8720,25097,11128,25097,1567,682
5357,8720,25098,11128,25098,1567,682
5358,8720,25099,11128,25099,1567,682
5358,8720,25100,11128,25100,1567,682
5358,8720,25101,11128,25101,1567,682
5358,8720,25102,11128,25102,1567,682
5357,8720,25103,11128,25103,1567,682
5356,8720,25104,11128,25104,1567,682
5357,8720,25105,11128,25105,1567,682
5357,8720,25106,11128,25106,1567,682
5358,8720,25107,11128,25107,1567,682
5358,8720,25108,11128,25108,1567,682
5358,8720,25109,11128,25109,1567,682
5355,8720,25110,11128,25110,1567,682
5355,8720,25111,11128,25111,1567,682
5355,8720,25112,11128,25112,1567,682
5356,8720,25113,11128,25113,1567,682
5356,8720,25114,11128,25114,1567,682
5357,8720,25115,11128,25115,1567,682
5356,8720,25116,11128,25116,1567,682
5354,8720,25117,11128,25117,1567,682
5353,8720,25118,11128,25118,1567,682
5352,8720,25119,11128,25119,1567,682
5352,8720,25120,11128,25120,1567,682
5352,8720,25121,11128,25121,1567,682
5352,8720,25122,11128,25122,1567,682
5352,8720,25123,11128,25123,1567,682
5352,8720,25124,11128,25124,1567,682
5352,8720,25125,11128,25125,1567,682
5352,8720,25126,11128,25126,1567,682
5351,8720,25127,11128,25127,1567,682
5352,8720,25128,11128,25128,1567,682
5351,8720,25129,11128,25129,1567,682
5350,8720,25130,11128,25130,1567,682
5350,8720,25131,11128,25131,1567,682
5351,8720,25132,11128,25132,1567,682
5351,8720,25133,11128,25133,1567,682
5351,8720,25134,11128,25134,1567,682
5352,8720,25135,11128,25135,1567,682
5353,8720,25136,11128,25136,1567,682
5353,8720,25137,11128,25137,1567,682
5351,8720,25138,11128,25138,1567,682
5352,8720,25139,11128,25139,1567,682
5352,8720,25140,11128,25140,1567,682
5352,8720,25141,11128,25141,1567,682
5353,8720,25142,11128,25142,1567,682
5353,8720,25143,11128,25143,1567,682
5353,8720,25144,11128,25144,1567,682
5353,8720,25145,11128,25145,1567,682
5350,8720,25146,11128,25146,1567,682
5349,8720,25147,11128,25147,1567,682
5349,8720,25148,11128,25148,1567,682
5349,8720,25149,11128,25149,1567,682
5349,8720,25150,11128,25150,1567,682
5349,8720,25151,11128,25151,1567,682
5350,8720,25152,11128,25152,1567,682
5349,8720,25153,11128,25153,1567,682
5350,8720,25154,11128,25154,1567,682
5351,8720,25155,11128,25155,1567,682
5351,8720,25156,11128,25156,1567,682
5351,8720,25157,11128,25157,1567,682
5351,8720,25158,11128,25158,1567,682
5349,8720,25159,11128,25159,1567,682
5349,8720,25160,11128,25160,1567,682
5348,8720,25161,11128,25161,1567,682
5349,8720,25162,11128,25162,1567,682
5349,8720,25163,11128,25163,1567,682
5349,8720,25164,11128,25164,1567,682
5349,8720,25165,11128,25165,1567,682
5345,8720,25166,11128,25166,1567,681
5346,8720,25167,11128,25167,1567,681
5344,8720,25168,11128,25168,1567,681
5344,8720,25169,11128,25169,1567,681
5343,8720,25170,11128,25170,1567,681
5342,8720,25171,11128,25171,1567,681
5343,8720,25172,11128,25172,1567,681
5342,8720,25173,11128,25173,1567,681
5343,8720,25174,11128,25174,1567,681
5344,8720,25175,11128,25175,1567,681
5344,8720,25176,11128,25176,1567,681
5345,8720,25177,11128,25177,1567,681
5345,8720,25178,11128,25178,1567,681
5345,8720,25179,11128,25179,1567,681
5345,8720,25180,11128,25180,1567,681
5346,8720,25181,11128,25181,1567,681
5345,8720,25182,11128,25182,1567,681
5343,8720,25183,11128,25183,1567,681
5344,8720,25184,11128,25184,1567,681
5345,8720,25185,11128,25185,1567,681
5345,8720,25186,11128,25186,1567,681
5345,8720,25187,11128,25187,1567,681
5346,8720,25188,11128,25188,1567,681
5347,8720,25189,11128,25189,1567,681
5347,8720,25190,11128,25190,1567,681
5346,8720,25191,11128,25191,1567,681
5347,8720,25192,11128,25192,1567,681
5347,8720,25193,11128,25193,1567,681
5347,8720,25194,11128,25194,1567,681
5344,8720,25195,11128,25195,1567,679
5344,8720,25196,11128,25196,1567,679
5344,8720,25197,11128,25197,1567,679
5345,8720,25198,11128,25198,1567,679
5345,8720,25199,11128,25199,1567,679
5344,8720,25200,11128,25200,1567,679
5344,8720,25201,11128,25201,1567,679
5345,8720,25202,11128,25202,1567,679
5345,8720,25203,11128,25203,1567,679
5346,8720,25204,11128,25204,1567,679
5346,8720,25205,11128,25205,1567,679
5346,8720,25206,11128,25206,1567,679
5346,8720,25207,11128,25207,1567,679
5346,8720,25208,11128,25208,1567,679
5347,8720,25209,11128,25209,1567,679
5347,8720,25210,11128,25210,1567,679
5348,8720,25211,11128,25211,1567,679
5348,8720,25212,11128,25212,1567,679
5349,8720,25213,11128,25213,1567,679
5348,8720,25214,11128,25214,1567,679
5348,8720,25215,11128,25215,1567,679
5349,8720,25216,11128,25216,1567,679
5349,8720,25217,11128,25217,1567,679
5350,8720,25218,11128,25218,1567,679
5351,8720,25219,11128,25219,1567,679
5350,8720,25220,11128,25220,1567,679
5350,8720,25221,11128,25221,1567,679
5349,8720,25222,11128,25222,1567,679
5349,8720,25223,11128,25223,1567,679
5350,8720,25224,11128,25224,1567,679
5350,8720,25225,11128,25225,1567,679
5351,8720,25226,11128,25226,1567,679
5350,8720,25227,11128,25227,1567,679
5350,8720,25228,11128,25228,1567,679
5349,8720,25229,11128,25229,1567,679
5349,8720,25230,11128,25230,1567,679
5346,8720,25231,11128,25231,1567,679
5347,8720,25232,11128,25232,1567,679
5348,8720,25233,11128,25233,1567,679
5347,8720,25234,11128,25234,1567,679
5347,8720,25235,11128,25235,1567,679
5348,8720,25236,11128,25236,1567,679
5349,8720,25237,11128,25237,1567,679
5349,8720,25238,11128,25238,1567,679
5349,8720,25239,11128,25239,1567,679
5350,8720,25240,11128,25240,1567,679
5351,8720,25241,11128,25241,1567,679
5352,8720,25242,11128,25242,1567,679
5353,8720,25243,11128,25243,1567,679
5353,8720,25244,11128,25244,1567,679
5353,8720,25245,11128,25245,1567,679
5354,8720,25246,11128,25246,1567,679
5353,8720,25247,11128,25247,1567,679
5353,8720,25248,11128,25248,1567,679
5353,8720,25249,11128,25249,1567,679
5353,8720,25250,11128,25250,1567,679
5354,8720,25251,11128,25251,1567,679
5355,8720,25252,11128,25252,1567,679
5354,8720,25253,11128,25253,1567,679
5354,8720,25254,11128,25254,1567,679
5353,8720,25255,11128,25255,1567,679
5353,8720,25256,11128,25256,1567,679
5353,8720,25257,11128,25257,1567,679
5352,8720,25258,11128,25258,1567,679
5352,8720,25259,11128,25259,1567,679
5352,8720,25260,11128,25260,1567,679
5351,8720,25261,11128,25261,1567,679
5350,8720,25262,11128,25262,1567,679
5350,8720,25263,11128,25263,1567,679
5350,8720,25264,11128,25264,1567,679
5350,8720,25265,11128,25265,1567,679
5346,8720,25266,11128,25266,1567,677
5346,8720,25267,11128,25267,1567,677
5347,8720,25268,11128,25268,1567,677
5346,8720,25269,11128,25269,1567,677
5346,8720,25270,11128,25270,1567,677
5345,8720,25271,11128,25271,1567,677
5345,8720,25272,11128,25272,1567,677
5343,8720,25273,11128,25273,1567,677
5342,8720,25274,11128,25274,1567,677
5341,8720,25275,11128,25275,1567,677
5342,8720,25276,11128,25276,1567,677
5339,8720,25277,11128,25277,1567,677
5338,8720,25278,11128,25278,1567,677
5338,8720,25279,11128,25279,1567,677
5339,8720,25280,11128,25280,1567,677
5340,8720,25281,11128,25281,1567,677
5338,8720,25282,11128,25282,1567,677
5337,8720,25283,11128,25283,1567,677
5338,8720,25284,11128,25284,1567,677
5338,8720,25285,11128,25285,1567,677
5338,8720,25286,11128,25286,1567,677
5339,8720,25287,11128,25287,1567,677
5339,8720,25288,11128,25288,1567,677
5337,8720,25289,11128,25289,1567,677
5337,8720,25290,11128,25290,1567,677
5337,8720,25291,11128,25291,1567,677
5338,8720,25292,11128,25292,1567,677
5339,8720,25293,11128,25293,1567,677
5339,8720,25294,11128,25294,1567,677
5339,8720,25295,11128,25295,1567,677
5333,8720,25296,11128,25296,1567,674
5334,8720,25297,11128,25297,1567,674
5330,8720,25298,11128,25298,1567,674
5329,8720,25299,11128,25299,1567,674
5328,8720,25300,11128,25300,1567,674
5329,8720,25301,11128,25301,1567,674
5330,8720,25302,11128,25302,1567,674
5330,8720,25303,11128,25303,1567,674
5330,8720,25304,11128,25304,1567,674
5328,8720,25305,11128,25305,1567,674
5327,8720,25306,11128,25306,1567,674
5327,8720,25307,11128,25307,1567,674
5327,8720,25308,11128,25308,1567,674
5327,8720,25309,11128,25309,1567,674
5328,8720,25310,11128,25310,1567,674
5328,8720,25311,11128,25311,1567,674
5327,8720,25312,11128,25312,1567,674
5326,8720,25313,11128,25313,1567,674
5327,8720,25314,11128,25314,1567,674
5327,8720,25315,11128,25315,1567,674
5327,8720,25316,11128,25316,1567,674
5326,8720,25317,11128,25317,1567,674
5326,8720,25318,11128,25318,1567,674
5326,8720,25319,11128,25319,1567,674
5325,8720,25320,11128,25320,1567,674
5325,8720,25321,11128,25321,1567,674
5325,8720,25322,11128,25322,1567,674
5324,8720,25323,11128,25323,1567,674
5325,8720,25324,11128,25324,1567,674
5324,8720,25325,11128,25325,1567,674
5324,8720,25326,11128,25326,1567,674
5325,8720,25327,11128,25327,1567,674
5323,8720,25328,11128,25328,1567,674
5324,8720,25329,11128,25329,1567,674
5322,8720,25330,11128,25330,1567,673
5319,8720,25331,11128,25331,1567,673
5319,8720,25332,11128,25332,1567,673
5319,8720,25333,11128,25333,1567,673
5319,8720,25334,11128,25334,1567,673
5320,8720,25335,11128,25335,1567,673
5320,8720,25336,11128,25336,1567,673
5321,8720,25337,11128,25337,1567,673
5321,8720,25338,11128,25338,1567,673
5321,8720,25339,11128,25339,1567,673
5320,8720,25340,11128,25340,1567,673
5321,8720,25341,11128,25341,1567,673
5322,8720,25342,11128,25342,1567,673
5323,8720,25343,11128,25343,1567,673
5323,8720,25344,11128,25344,1567,673
5324,8720,25345,11128,25345,1567,673
5323,8720,25346,11128,25346,1567,673
5322,8720,25347,11128,25347,1567,673
5323,8720,25348,11128,25348,1567,673
5323,8720,25349,11128,25349,1567,673
5322,8720,25350,11128,25350,1567,673
5323,8720,25351,11128,25351,1567,673
5324,8720,25352,11128,25352,1567,673
5321,8720,25353,11128,25353,1567,672
5321,8720,25354,11128,25354,1567,672
5321,8720,25355,11128,25355,1567,672
5321,8720,25356,11128,25356,1567,672
5322,8720,25357,11128,25357,1567,672
5322,8720,25358,11128,25358,1567,672
5323,8720,25359,11128,25359,1567,672
5323,8720,25360,11128,25360,1567,672
5323,8720,25361,11128,25361,1567,672
5317,8720,25362,11128,25362,1567,671
5315,8720,25363,11128,25363,1567,671
5316,8720,25364,11128,25364,1567,671
5316,8720,25365,11128,25365,1567,671
5317,8720,25366,11128,25366,1567,671
5317,8720,25367,11128,25367,1567,671
5318,8720,25368,11128,25368,1567,671
5317,8720,25369,11128,25369,1567,671
5317,8720,25370,11128,25370,1567,671
5317,8720,25371,11128,25371,1567,671
5313,8720,25372,11128,25372,1567,670
5310,8720,25373,11128,25373,1567,670
5310,8720,25374,11128,25374,1567,670
5310,8720,25375,11128,25375,1567,670
5310,8720,25376,11128,25376,1567,670
5310,8720,25377,11128,25377,1567,670
5309,8720,25378,11128,25378,1567,670
5308,8720,25379,11128,25379,1567,670
5308,8720,25380,11128,25380,1567,670
5307,8720,25381,11128,25381,1567,670
5308,8720,25382,11128,25382,1567,670
5308,8720,25383,11128,25383,1567,670
5308,8720,25384,11128,25384,1567,670
5308,8720,25385,11128,25385,1567,670
5309,8720,25386,11128,25386,1567,670
5309,8720,25387,11128,25387,1567,670
5306,8720,25388,11128,25388,1567,670
5307,8720,25389,11128,25389,1567,670
5308,8720,25390,11128,25390,1567,670
5307,8720,25391,11128,25391,1567,670
5307,8720,25392,11128,25392,1567,670
5307,8720,25393,11128,25393,1567,670
5308,8720,25394,11128,25394,1567,670
5307,8720,25395,11128,25395,1567,670
5307,8720,25396,11128,25396,1567,670
5307,8720,25397,11128,25397,1567,670
5306,8720,25398,11128,25398,1567,670
5306,8720,25399,11128,25399,1567,670
5307,8720,25400,11128,25400,1567,670
5307,8720,25401,11128,25401,1567,670
5307,8720,25402,11128,25402,1567,670
5307,8720,25403,11128,25403,1567,670
5305,8720,25404,11128,25404,1567,670
5305,8720,25405,11128,25405,1567,670
5305,8720,25406,11128,25406,1567,670
5304,8720,25407,11128,25407,1567,670
5304,8720,25408,11128,25408,1567,670
5305,8720,25409,11128,25409,1567,670
5305,8720,25410,11128,25410,1567,670
5306,8720,25411,11128,25411,1567,670
5306,8720,25412,11128,25412,1567,670
5306,8720,25413,11128,25413,1567,670
5307,8720,25414,11128,25414,1567,670
5307,8720,25415,11128,25415,1567,670
5308,8720,25416,11128,25416,1567,670
5308,8720,25417,11128,25417,1567,670
5309,8720,25418,11128,25418,1567,670
5310,8720,25419,11128,25419,1567,670
5310,8720,25420,11128,25420,1567,670
5309,8720,25421,11128,25421,1567,670
5308,8720,25422,11128,25422,1567,670
5309,8720,25423,11128,25423,1567,670
5309,8720,25424,11128,25424,1567,670
5309,8720,25425,11128,25425,1567,670
5309,8720,25426,11128,25426,1567,670
5310,8720,25427,11128,25427,1567,670
5311,8720,25428,11128,25428,1567,670
5312,8720,25429,11128,25429,1567,670
5312,8720,25430,11128,25430,1567,670
5313,8720,25431,11128,25431,1567,670
5313,8720,25432,11128,25432,1567,670
5313,8720,25433,11128,25433,1567,670
5312,8720,25434,11128,25434,1567,670
5313,8720,25435,11128,25435,1567,670
5314,8720,25436,11128,25436,1567,670
5314,8720,25437,11128,25437,1567,670
5314,8720,25438,11128,25438,1567,670
5315,8720,25439,11128,25439,1567,670
5316,8720,25440,11128,25440,1567,670
5317,8720,25441,11128,25441,1567,670
5317,8720,25442,11128,25442,1567,670
5317,8720,25443,11128,25443,1567,670
5317,8720,25444,11128,25444,1567,670
5318,8720,25445,11128,25445,1567,670
5317,8720,25446,11128,25446,1567,670
5317,8720,25447,11128,25447,1567,670
5317,8720,25448,11128,25448,1567,670
5317,8720,25449,11128,25449,1567,670
5311,8720,25450,11128,25450,1567,668
5310,8720,25451,11128,25451,1567,668
5310,8720,25452,11128,25452,1567,668
5311,8720,25453,11128,25453,1567,668
5311,8720,25454,11128,25454,1567,668
5312,8720,25455,11128,25455,1567,668
5313,8720,25456,11128,25456,1567,668
5313,8720,25457,11128,25457,1567,668
5312,8720,25458,11128,25458,1567,668
5312,8720,25459,11128,25459,1567,668
5311,8720,25460,11128,25460,1567,668
5304,8720,25461,11128,25461,1567,667
5304,8720,25462,11128,25462,1567,667
5303,8720,25463,11128,25463,1567,667
5304,8720,25464,11128,25464,1567,667
5304,8720,25465,11128,25465,1567,667
5304,8720,25466,11128,25466,1567,667
5303,8720,25467,11128,25467,1567,667
5304,8720,25468,11128,25468,1567,667
5303,8720,25469,11128,25469,1567,667
5303,8720,25470,11128,25470,1567,667
5303,8720,25471,11128,25471,1567,667
5303,8720,25472,11128,25472,1567,667
5302,8720,25473,11128,25473,1567,667
5302,8720,25474,11128,25474,1567,667
5302,8720,25475,11128,25475,1567,667
5300,8720,25476,11128,25476,1567,667
5296,8720,25477,11128,25477,1567,667
5297,8720,25478,11128,25478,1567,667
5298,8720,25479,11128,25479,1567,667
5299,8720,25480,11128,25480,1567,667
5300,8720,25481,11128,25481,1567,667
5300,8720,25482,11128,25482,1567,667
5300,8720,25483,11128,25483,1567,667
5299,8720,25484,11128,25484,1567,667
5300,8720,25485,11128,25485,1567,667
5301,8720,25486,11128,25486,1567,667
5301,8720,25487,11128,25487,1567,667
5300,8720,25488,11128,25488,1567,667
5300,8720,25489,11128,25489,1567,667
5301,8720,25490,11128,25490,1567,667
5302,8720,25491,11128,25491,1567,667
5303,8720,25492,11128,25492,1567,667
5302,8720,25493,11128,25493,1567,667
5298,8720,25494,11128,25494,1567,666
5299,8720,25495,11128,25495,1567,666
5299,8720,25496,11128,25496,1567,666
5300,8720,25497,11128,25497,1567,666
5299,8720,25498,11128,25498,1567,666
5299,8720,25499,11128,25499,1567,666
5297,8720,25500,11128,25500,1567,666
5298,8720,25501,11128,25501,1567,666
5298,8720,25502,11128,25502,1567,666
5297,8720,25503,11128,25503,1567,666
5297,8720,25504,11128,25504,1567,666
5297,8720,25505,11128,25505,1567,666
5298,8720,25506,11128,25506,1567,666
5297,8720,25507,11128,25507,1567,666
5292,8720,25508,11128,25508,1567,663
5292,8720,25509,11128,25509,1567,663
5293,8720,25510,11128,25510,1567,663
5294,8720,25511,11128,25511,1567,663
5293,8720,25512,11128,25512,1567,663
5292,8720,25513,11128,25513,1567,663
5293,8720,25514,11128,25514,1567,663
5293,8720,25515,11128,25515,1567,663
5292,8720,25516,11128,25516,1567,663
5292,8720,25517,11128,25517,1567,663
5291,8720,25518,11128,25518,1567,663
5291,8720,25519,11128,25519,1567,663
5291,8720,25520,11128,25520,1567,663
5292,8720,25521,11128,25521,1567,663
5292,8720,25522,11128,25522,1567,663
5293,8720,25523,11128,25523,1567,663
5294,8720,25524,11128,25524,1567,663
5294,8720,25525,11128,25525,1567,663
5292,8720,25526,11128,25526,1567,663
5290,8720,25527,11128,25527,1567,663
5291,8720,25528,11128,25528,1567,663
5292,8720,25529,11128,25529,1567,663
5292,8720,25530,11128,25530,1567,663
5292,8720,25531,11128,25531,1567,663
5290,8720,25532,11128,25532,1567,663
5291,8720,25533,11128,25533,1567,663
5288,8720,25534,11128,25534,1567,663
5288,8720,25535,11128,25535,1567,663
5289,8720,25536,11128,25536,1567,663
5286,8720,25537,11128,25537,1567,662
5285,8720,25538,11128,25538,1567,662
5286,8720,25539,11128,25539,1567,662
5286,8720,25540,11128,25540,1567,662
5283,8720,25541,11128,25541,1567,661
5284,8720,25542,11128,25542,1567,661
5284,8720,25543,11128,25543,1567,661
5283,8720,25544,11128,25544,1567,661
5283,8720,25545,11128,25545,1567,661
5284,8720,25546,11128,25546,1567,661
5283,8720,25547,11128,25547,1567,661
5279,8720,25548,11128,25548,1567,659
5279,8720,25549,11128,25549,1567,659
5279,8720,25550,11128,25550,1567,659
5279,8720,25551,11128,25551,1567,659
5280,8720,25552,11128,25552,1567,659
5279,8720,25553,11128,25553,1567,659
5280,8720,25554,11128,25554,1567,659
5281,8720,25555,11128,25555,1567,659
5281,8720,25556,11128,25556,1567,659
5280,8720,25557,11128,25557,1567,659
5280,8720,25558,11128,25558,1567,659
5279,8720,25559,11128,25559,1567,659
5278,8720,25560,11128,25560,1567,659
5279,8720,25561,11128,25561,1567,659
5280,8720,25562,11128,25562,1567,659
5281,8720,25563,11128,25563,1567,659
5281,8720,25564,11128,25564,1567,659
5277,8720,25565,11128,25565,1567,658
5278,8720,25566,11128,25566,1567,658
5278,8720,25567,11128,25567,1567,658
5278,8720,25568,11128,25568,1567,658
5278,8720,25569,11128,25569,1567,658
5279,8720,25570,11128,25570,1567,658
5279,8720,25571,11128,25571,1567,658
5279,8720,25572,11128,25572,1567,658
5277,8720,25573,11128,25573,1567,658
5277,8720,25574,11128,25574,1567,658
5278,8720,25575,11128,25575,1567,658
5279,8720,25576,11128,25576,1567,658
5280,8720,25577,11128,25577,1567,658
5280,8720,25578,11128,25578,1567,658
5280,8720,25579,11128,25579,1567,658
5280,8720,25580,11128,25580,1567,658
5280,8720,25581,11128,25581,1567,658
5280,8720,25582,11128,25582,1567,658
5275,8720,25583,11128,25583,1567,658
5275,8720,25584,11128,25584,1567,658
5275,8720,25585,11128,25585,1567,658
5276,8720,25586,11128,25586,1567,658
5277,8720,25587,11128,25587,1567,658
5278,8720,25588,11128,25588,1567,658
5278,8720,25589,11128,25589,1567,658
5278,8720,25590,11128,25590,1567,658
5279,8720,25591,11128,25591,1567,658
5276,8720,25592,11128,25592,1567,658
5276,8720,25593,11128,25593,1567,658
5273,8720,25594,11128,25594,1567,658
5274,8720,25595,11128,25595,1567,658
5273,8720,25596,11128,25596,1567,658
5273,8720,25597,11128,25597,1567,658
5273,8720,25598,11128,25598,1567,658
5272,8720,25599,11128,25599,1567,658
5272,8720,25600,11128,25600,1567,658
5273,8720,25601,11128,25601,1567,658
5273,8720,25602,11128,25602,1567,658
5274,8720,25603,11128,25603,1567,658
5275,8720,25604,11128,25604,1567,658
5276,8720,25605,11128,25605,1567,658
5275,8720,25606,11128,25606,1567,658
5274,8720,25607,11128,25607,1567,658
5269,8720,25608,11128,25608,1567,656
5269,8720,25609,11128,25609,1567,656
5266,8720,25610,11128,25610,1567,655
5265,8720,25611,11128,25611,1567,655
5266,8720,25612,11128,25612,1567,655
5267,8720,25613,11128,25613,1567,655
5266,8720,25614,11128,25614,1567,655
5267,8720,25615,11128,25615,1567,655
5268,8720,25616,11128,25616,1567,655
5268,8720,25617,11128,25617,1567,655
5269,8720,25618,11128,25618,1567,655
5269,8720,25619,11128,25619,1567,655
5267,8720,25620,11128,25620,1567,654
5266,8720,25621,11128,25621,1567,654
5267,8720,25622,11128,25622,1567,654
5267,8720,25623,11128,25623,1567,654
5268,8720,25624,11128,25624,1567,654
5268,8720,25625,11128,25625,1567,654
5267,8720,25626,11128,25626,1567,653
5268,8720,25627,11128,25627,1567,653
5267,8720,25628,11128,25628,1567,653
5268,8720,25629,11128,25629,1567,653
5263,8720,25630,11128,25630,1567,651
5264,8720,25631,11128,25631,1567,651
5265,8720,25632,11128,25632,1567,651
5266,8720,25633,11128,25633,1567,651
5264,8720,25634,11128,25634,1567,651
5265,8720,25635,11128,25635,1567,651
5265,8720,25636,11128,25636,1567,651
5264,8720,25637,11128,25637,1567,651
5264,8720,25638,11128,25638,1567,651
5264,8720,25639,11128,25639,1567,651
5265,8720,25640,11128,25640,1567,651
5263,8720,25641,11128,25641,1567,651
5263,8720,25642,11128,25642,1567,651
5263,8720,25643,11128,25643,1567,651
5264,8720,25644,11128,25644,1567,651
5264,8720,25645,11128,25645,1567,651
5265,8720,25646,11128,25646,1567,651
5266,8720,25647,11128,25647,1567,651
5267,8720,25648,11128,25648,1567,651
5266,8720,25649,11128,25649,1567,651
5267,8720,25650,11128,25650,1567,651
5266,8720,25651,11128,25651,1567,651
5266,8720,25652,11128,25652,1567,651
5267,8720,25653,11128,25653,1567,651
5268,8720,25654,11128,25654,1567,651
5268,8720,25655,11128,25655,1567,651
5269,8720,25656,11128,25656,1567,651
5269,8720,25657,11128,25657,1567,651
5268,8720,25658,11128,25658,1567,651
5268,8720,25659,11128,25659,1567,651
5268,8720,25660,11128,25660,1567,651
5269,8720,25661,11128,25661,1567,651
5269,8720,25662,11128,25662,1567,651
5270,8720,25663,11128,25663,1567,651
5269,8720,25664,11128,25664,1567,651
5269,8720,25665,11128,25665,1567,651
5265,8720,25666,11128,25666,1567,651
5265,8720,25667,11128,25667,1567,651
5265,8720,25668,11128,25668,1567,651
5264,8720,25669,11128,25669,1567,651
5264,8720,25670,11128,25670,1567,651
5264,8720,25671,11128,25671,1567,651
5264,8720,25672,11128,25672,1567,651
5264,8720,25673,11128,25673,1567,651
5264,8720,25674,11128,25674,1567,651
5264,8720,25675,11128,25675,1567,651
5260,8720,25676,11128,25676,1567,649
5260,8720,25677,11128,25677,1567,649
5259,8720,25678,11128,25678,1567,649
5254,8720,25679,11128,25679,1567,648
5254,8720,25680,11128,25680,1567,648
5255,8720,25681,11128,25681,1567,648
5255,8720,25682,11128,25682,1567,648
5255,8720,25683,11128,25683,1567,648
5255,8720,25684,11128,25684,1567,648
5254,8720,25685,11128,25685,1567,648
5254,8720,25686,11128,25686,1567,648
5253,8720,25687,11128,25687,1567,648
5253,8720,25688,11128,25688,1567,648
5252,8720,25689,11128,25689,1567,648
5250,8720,25690,11128,25690,1567,647
5250,8720,25691,11128,25691,1567,647
5250,8720,25692,11128,25692,1567,647
5251,8720,25693,11128,25693,1567,647
5251,8720,25694,11128,25694,1567,647
5252,8720,25695,11128,25695,1567,647
5252,8720,25696,11128,25696,1567,647
5253,8720,25697,11128,25697,1567,647
5254,8720,25698,11128,25698,1567,647
5254,8720,25699,11128,25699,1567,647
5255,8720,25700,11128,25700,1567,647
5254,8720,25701,11128,25701,1567,647
5255,8720,25702,11128,25702,1567,647
5253,8720,25703,11128,25703,1567,647
5253,8720,25704,11128,25704,1567,647
5250,8720,25705,11128,25705,1567,647
5251,8720,25706,11128,25706,1567,647
5251,8720,25707,11128,25707,1567,647
5247,8720,25708,11128,25708,1567,647
5247,8720,25709,11128,25709,1567,647
5247,8720,25710,11128,25710,1567,647
5247,8720,25711,11128,25711,1567,647
5248,8720,25712,11128,25712,1567,647
5247,8720,25713,11128,25713,1567,647
5247,8720,25714,11128,25714,1567,647
5246,8720,25715,11128,25715,1567,647
5245,8720,25716,11128,25716,1567,647
5246,8720,25717,11128,25717,1567,647
5246,8720,25718,11128,25718,1567,647
5247,8720,25719,11128,25719,1567,647
5246,8720,25720,11128,25720,1567,647
5246,8720,25721,11128,25721,1567,647
5245,8720,25722,11128,25722,1567,647
5242,8720,25723,11128,25723,1567,647
5241,8720,25724,11128,25724,1567,647
5242,8720,25725,11128,25725,1567,647
5242,8720,25726,11128,25726,1567,647
5242,8720,25727,11128,25727,1567,647
5240,8720,25728,11128,25728,1567,647
5240,8720,25729,11128,25729,1567,647
5238,8720,25730,11128,25730,1567,647
5238,8720,25731,11128,25731,1567,647
5239,8720,25732,11128,25732,1567,647
5238,8720,25733,11128,25733,1567,647
5239,8720,25734,11128,25734,1567,647
5239,8720,25735,11128,25735,1567,647
5239,8720,25736,11128,25736,1567,647
5239,8720,25737,11128,25737,1567,647
5239,8720,25738,11128,25738,1567,647
5240,8720,25739,11128,25739,1567,647
5240,8720,25740,11128,25740,1567,647
5239,8720,25741,11128,25741,1567,647
5238,8720,25742,11128,25742,1567,647
5238,8720,25743,11128,25743,1567,647
5238,8720,25744,11128,25744,1567,647
5237,8720,25745,11128,25745,1567,647
5238,8720,25746,11128,25746,1567,647
5239,8720,25747,11128,25747,1567,647
5239,8720,25748,11128,25748,1567,647
5238,8720,25749,11128,25749,1567,647
5239,8720,25750,11128,25750,1567,647
5239,8720,25751,11128,25751,1567,647
5239,8720,25752,11128,25752,1567,647
5239,8720,25753,11128,25753,1567,647
5239,8720,25754,11128,25754,1567,647
5237,8720,25755,11128,25755,1567,647
5236,8720,25756,11128,25756,1567,647
5236,8720,25757,11128,25757,1567,647
5237,8720,25758,11128,25758,1567,647
5237,8720,25759,11128,25759,1567,647
5236,8720,25760,11128,25760,1567,647
5237,8720,25761,11128,25761,1567,647
5238,8720,25762,11128,25762,1567,647
5237,8720,25763,11128,25763,1567,647
5238,8720,25764,11128,25764,1567,647
5238,8720,25765,11128,25765,1567,647
5238,8720,25766,11128,25766,1567,647
5239,8720,25767,11128,25767,1567,647
5238,8720,25768,11128,25768,1567,647
5239,8720,25769,11128,25769,1567,647
5239,8720,25770,11128,25770,1567,647
5240,8720,25771,11128,25771,1567,647
5240,8720,25772,11128,25772,1567,647
5239,8720,25773,11128,25773,1567,647
5239,8720,25774,11128,25774,1567,647
5239,8720,25775,11128,25775,1567,647
5240,8720,25776,11128,25776,1567,647
5239,8720,25777,11128,25777,1567,647
5239,8720,25778,11128,25778,1567,647
5240,8720,25779,11128,25779,1567,647
5241,8720,25780,11128,25780,1567,647
5242,8720,25781,11128,25781,1567,647
5240,8720,25782,11128,25782,1567,647
5241,8720,25783,11128,25783,1567,647
5241,8720,25784,11128,25784,1567,647
5241,8720,25785,11128,25785,1567,647
5240,8720,25786,11128,25786,1567,647
5239,8720,25787,11128,25787,1567,647
5239,8720,25788,11128,25788,1567,647
5239,8720,25789,11128,25789,1567,647
5240,8720,25790,11128,25790,1567,647
5241,8720,25791,11128,25791,1567,647
5238,8720,25792,11128,25792,1567,647
5237,8720,25793,11128,25793,1567,647
5237,8720,25794,11128,25794,1567,647
5236,8720,25795,11128,25795,1567,647
5236,8720,25796,11128,25796,1567,647
5236,8720,25797,11128,25797,1567,647
5236,8720,25798,11128,25798,1567,647
5236,8720,25799,11128,25799,1567,647
5233,8720,25800,11128,25800,1567,647
5233,8720,25801,11128,25801,1567,647
5232,8720,25802,11128,25802,1567,647
5232,8720,25803,11128,25803,1567,647
5232,8720,25804,11128,25804,1567,647
5232,8720,25805,11128,25805,1567,647
5232,8720,25806,11128,25806,1567,647
5232,8720,25807,11128,25807,1567,647
5232,8720,25808,11128,25808,1567,647
5232,8720,25809,11128,25809,1567,647
5233,8720,25810,11128,25810,1567,647
5233,8720,25811,11128,25811,1567,647
5233,8720,25812,11128,25812,1567,647
5234,8720,25813,11128,25813,1567,647
5233,8720,25814,11128,25814,1567,647
5233,8720,25815,11128,25815,1567,647
5234,8720,25816,11128,25816,1567,647
5234,8720,25817,11128,25817,1567,647
5234,8720,25818,11128,25818,1567,647
5226,8720,25819,11128,25819,1567,647
5226,8720,25820,11128,25820,1567,647
5226,8720,25821,11128,25821,1567,647
5226,8720,25822,11128,25822,1567,647
5226,8720,25823,11128,25823,1567,647
5226,8720,25824,11128,25824,1567,647
5227,8720,25825,11128,25825,1567,647
5226,8720,25826,11128,25826,1567,647
5226,8720,25827,11128,25827,1567,647
5227,8720,25828,11128,25828,1567,647
5228,8720,25829,11128,25829,1567,647
5229,8720,25830,11128,25830,1567,647
5229,8720,25831,11128,25831,1567,647
5230,8720,25832,11128,25832,1567,647
5227,8720,25833,11128,25833,1567,646
5226,8720,25834,11128,25834,1567,646
5227,8720,25835,11128,25835,1567,646
5227,8720,25836,11128,25836,1567,646
5228,8720,25837,11128,25837,1567,646
5227,8720,25838,11128,25838,1567,646
5228,8720,25839,11128,25839,1567,646
5227,8720,25840,11128,25840,1567,646
5227,8720,25841,11128,25841,1567,646
5227,8720,25842,11128,25842,1567,646
5225,8720,25843,11128,25843,1567,646
5225,8720,25844,11128,25844,1567,646
5226,8720,25845,11128,25845,1567,646
5227,8720,25846,11128,25846,1567,646
5227,8720,25847,11128,25847,1567,646
5228,8720,25848,11128,25848,1567,646
5228,8720,25849,11128,25849,1567,646
5227,8720,25850,11128,25850,1567,646
5227,8720,25851,11128,25851,1567,646
5223,8720,25852,11128,25852,1567,646
5221,8720,25853,11128,25853,1567,646
5221,8720,25854,11128,25854,1567,646
5220,8720,25855,11128,25855,1567,646
5221,8720,25856,11128,25856,1567,646
5218,8720,25857,11128,25857,1567,646
5219,8720,25858,11128,25858,1567,646
5220,8720,25859,11128,25859,1567,646
5221,8720,25860,11128,25860,1567,646
5221,8720,25861,11128,25861,1567,646
5222,8720,25862,11128,25862,1567,646
5220,8720,25863,11128,25863,1567,646
5220,8720,25864,11128,25864,1567,646
5220,8720,25865,11128,25865,1567,646
5221,8720,25866,11128,25866,1567,646
5221,8720,25867,11128,25867,1567,646
5222,8720,25868,11128,25868,1567,646
5223,8720,25869,11128,25869,1567,646
5223,8720,25870,11128,25870,1567,646
5224,8720,25871,11128,25871,1567,646
5224,8720,25872,11128,25872,1567,646
5224,8720,25873,11128,25873,1567,646
5224,8720,25874,11128,25874,1567,646
5224,8720,25875,11128,25875,1567,646
5225,8720,25876,11128,25876,1567,646
5226,8720,25877,11128,25877,1567,646
5226,8720,25878,11128,25878,1567,646
5227,8720,25879,11128,25879,1567,646
5227,8720,25880,11128,25880,1567,646
5228,8720,25881,11128,25881,1567,646
5229,8720,25882,11128,25882,1567,646
5230,8720,25883,11128,25883,1567,646
5228,8720,25884,11128,25884,1567,646
5229,8720,25885,11128,25885,1567,646
5229,8720,25886,11128,25886,1567,646
5230,8720,25887,11128,25887,1567,646
5231,8720,25888,11128,25888,1567,646
5231,8720,25889,11128,25889,1567,646
5231,8720,25890,11128,25890,1567,646
5232,8720,25891,11128,25891,1567,646
5232,8720,25892,11128,25892,1567,646
5232,8720,25893,11128,25893,1567,646
5233,8720,25894,11128,25894,1567,646
5233,8720,25895,11128,25895,1567,646
5234,8720,25896,11128,25896,1567,646
5234,8720,25897,11128,25897,1567,646
5235,8720,25898,11128,25898,1567,646
5236,8720,25899,11128,25899,1567,646
5236,8720,25900,11128,25900,1567,646
5234,8720,25901,11128,25901,1567,646
5233,8720,25902,11128,25902,1567,646
5232,8720,25903,11128,25903,1567,646
5232,8720,25904,11128,25904,1567,646
5232,8720,25905,11128,25905,1567,646
5231,8720,25906,11128,25906,1567,646
5231,8720,25907,11128,25907,1567,646
5228,8720,25908,11128,25908,1567,646
5229,8720,25909,11128,25909,1567,646
5228,8720,25910,11128,25910,1567,646
5227,8720,25911,11128,25911,1567,646
5227,8720,25912,11128,25912,1567,646
5227,8720,25913,11128,25913,1567,646
5228,8720,25914,11128,25914,1567,646
5228,8720,25915,11128,25915,1567,646
5228,8720,25916,11128,25916,1567,646
5228,8720,25917,11128,25917,1567,646
5228,8720,25918,11128,25918,1567,646
5228,8720,25919,11128,25919,1567,646
5228,8720,25920,11128,25920,1567,646
5226,8720,25921,11128,25921,1567,646
5226,8720,25922,11128,25922,1567,646
5227,8720,25923,11128,25923,1567,646
5227,8720,25924,11128,25924,1567,646
5223,8720,25925,11128,25925,1567,646
5219,8720,25926,11128,25926,1567,645
5219,8720,25927,11128,25927,1567,645
5218,8720,25928,11128,25928,1567,645
5218,8720,25929,11128,25929,1567,645
5219,8720,25930,11128,25930,1567,645
5219,8720,25931,11128,25931,1567,645
5219,8720,25932,11128,25932,1567,645
5219,8720,25933,11128,25933,1567,645
5219,8720,25934,11128,25934,1567,645
5220,8720,25935,11128,25935,1567,645
5219,8720,25936,11128,25936,1567,645
5219,8720,25937,11128,25937,1567,645
5220,8720,25938,11128,25938,1567,645
5220,8720,25939,11128,25939,1567,645
5220,8720,25940,11128,25940,1567,645
5221,8720,25941,11128,25941,1567,645
5221,8720,25942,11128,25942,1567,645
5220,8720,25943,11128,25943,1567,645
5219,8720,25944,11128,25944,1567,645
5219,8720,25945,11128,25945,1567,645
5220,8720,25946,11128,25946,1567,645
5220,8720,25947,11128,25947,1567,645
5220,8720,25948,11128,25948,1567,645
5219,8720,25949,11128,25949,1567,645
5219,8720,25950,11128,25950,1567,645
5219,8720,25951,11128,25951,1567,645
5219,8720,25952,11128,25952,1567,645
5220,8720,25953,11128,25953,1567,645
5220,8720,25954,11128,25954,1567,645
5221,8720,25955,11128,25955,1567,645
5222,8720,25956,11128,25956,1567,645
5223,8720,25957,11128,25957,1567,645
5218,8720,25958,11128,25958,1567,643
5218,8720,25959,11128,25959,1567,643
5219,8720,25960,11128,25960,1567,643
5219,8720,25961,11128,25961,1567,643
5218,8720,25962,11128,25962,1567,643
5218,8720,25963,11128,25963,1567,643
5218,8720,25964,11128,25964,1567,643
5219,8720,25965,11128,25965,1567,643
5219,8720,25966,11128,25966,1567,643
5220,8720,25967,11128,25967,1567,643
5220,8720,25968,11128,25968,1567,643
5221,8720,25969,11128,25969,1567,643
5216,8720,25970,11128,25970,1567,643
5215,8720,25971,11128,25971,1567,643
5215,8720,25972,11128,25972,1567,643
5215,8720,25973,11128,25973,1567,643
5214,8720,25974,11128,25974,1567,643
5214,8720,25975,11128,25975,1567,643
5213,8720,25976,11128,25976,1567,643
5214,8720,25977,11128,25977,1567,643
5215,8720,25978,11128,25978,1567,643
5213,8720,25979,11128,25979,1567,643
5212,8720,25980,11128,25980,1567,643
5212,8720,25981,11128,25981,1567,643
5211,8720,25982,11128,25982,1567,643
5207,8720,25983,11128,25983,1567,642
5206,8720,25984,11128,25984,1567,642
5201,8720,25985,11128,25985,1567,642
5201,8720,25986,11128,25986,1567,642
5201,8720,25987,11128,25987,1567,642
5201,8720,25988,11128,25988,1567,642
5201,8720,25989,11128,25989,1567,642
5200,8720,25990,11128,25990,1567,642
5200,8720,25991,11128,25991,1567,642
5199,8720,25992,11128,25992,1567,641
5199,8720,25993,11128,25993,1567,641
5199,8720,25994,11128,25994,1567,641
5197,8720,25995,11128,25995,1567,641
5197,8720,25996,11128,25996,1567,641
5197,8720,25997,11128,25997,1567,641
5198,8720,25998,11128,25998,1567,641
5198,8720,25999,11128,25999,1567,641
5198,8720,26000,11128,26000,1567,641
5198,8720,26001,11128,26001,1567,641
5198,8720,26002,11128,26002,1567,641
5199,8720,26003,11128,26003,1567,641
5200,8720,26004,11128,26004,1567,641
5199,8720,26005,11128,26005,1567,641
5199,8720,26006,11128,26006,1567,641
5199,8720,26007,11128,26007,1567,641
5198,8720,26008,11128,26008,1567,641
5197,8720,26009,11128,26009,1567,641
5198,8720,26010,11128,26010,1567,641
5197,8720,26011,11128,26011,1567,641
5196,8720,26012,11128,26012,1567,641
5196,8720,26013,11128,26013,1567,641
5196,8720,26014,11128,26014,1567,641
5196,8720,26015,11128,26015,1567,641
5196,8720,26016,11128,26016,1567,641
5195,8720,26017,11128,26017,1567,641
5193,8720,26018,11128,26018,1567,641
5193,8720,26019,11128,26019,1567,641
5193,8720,26020,11128,26020,1567,641
5192,8720,26021,11128,26021,1567,641
5192,8720,26022,11128,26022,1567,641
5193,8720,26023,11128,26023,1567,641
5188,8720,26024,11128,26024,1567,640
5188,8720,26025,11128,26025,1567,640
5187,8720,26026,11128,26026,1567,640
5183,8720,26027,11128,26027,1567,640
5182,8720,26028,11128,26028,1567,640
5182,8720,26029,11128,26029,1567,640
5182,8720,26030,11128,26030,1567,640
5182,8720,26031,11128,26031,1567,640
5181,8720,26032,11128,26032,1567,640
5182,8720,26033,11128,26033,1567,640
5182,8720,26034,11128,26034,1567,640
5183,8720,26035,11128,26035,1567,640
5183,8720,26036,11128,26036,1567,640
5184,8720,26037,11128,26037,1567,640
5185,8720,26038,11128,26038,1567,640
5185,8720,26039,11128,26039,1567,640
5183,8720,26040,11128,26040,1567,640
5182,8720,26041,11128,26041,1567,640
5181,8720,26042,11128,26042,1567,640
5182,8720,26043,11128,26043,1567,640
5182,8720,26044,11128,26044,1567,640
5182,8720,26045,11128,26045,1567,640
5182,8720,26046,11128,26046,1567,640
5180,8720,26047,11128,26047,1567,640
5181,8720,26048,11128,26048,1567,640
5181,8720,26049,11128,26049,1567,640
5181,8720,26050,11128,26050,1567,640
5181,8720,26051,11128,26051,1567,640
5180,8720,26052,11128,26052,1567,640
5178,8720,26053,11128,26053,1567,640
5178,8720,26054,11128,26054,1567,640
5178,8720,26055,11128,26055,1567,640
5178,8720,26056,11128,26056,1567,640
5178,8720,26057,11128,26057,1567,640
5177,8720,26058,11128,26058,1567,640
5177,8720,26059,11128,26059,1567,640
5178,8720,26060,11128,26060,1567,640
5177,8720,26061,11128,26061,1567,640
5177,8720,26062,11128,26062,1567,640
5176,8720,26063,11128,26063,1567,640
5177,8720,26064,11128,26064,1567,640
5176,8720,26065,11128,26065,1567,640
5176,8720,26066,11128,26066,1567,640
5176,8720,26067,11128,26067,1567,640
5177,8720,26068,11128,26068,1567,640
5177,8720,26069,11128,26069,1567,640
5175,8720,26070,11128,26070,1567,639
5173,8720,26071,11128,26071,1567,639
5173,8720,26072,11128,26072,1567,639
5173,8720,26073,11128,26073,1567,639
5174,8720,26074,11128,26074,1567,639
5175,8720,26075,11128,26075,1567,639
5176,8720,26076,11128,26076,1567,639
5176,8720,26077,11128,26077,1567,639
5176,8720,26078,11128,26078,1567,639
5177,8720,26079,11128,26079,1567,639
5177,8720,26080,11128,26080,1567,639
5178,8720,26081,11128,26081,1567,639
5178,8720,26082,11128,26082,1567,639
5179,8720,26083,11128,26083,1567,639
5177,8720,26084,11128,26084,1567,639
5176,8720,26085,11128,26085,1567,639
5176,8720,26086,11128,26086,1567,639
5175,8720,26087,11128,26087,1567,639
5176,8720,26088,11128,26088,1567,639
5176,8720,26089,11128,26089,1567,639
5170,8720,26090,11128,26090,1567,637
5169,8720,26091,11128,26091,1567,637
5168,8720,26092,11128,26092,1567,637
5169,8720,26093,11128,26093,1567,637
5169,8720,26094,11128,26094,1567,637
5169,8720,26095,11128,26095,1567,637
5167,8720,26096,11128,26096,1567,637
5166,8720,26097,11128,26097,1567,637
5167,8720,26098,11128,26098,1567,637
5166,8720,26099,11128,26099,1567,637
5166,8720,26100,11128,26100,1567,637
5167,8720,26101,11128,26101,1567,637
5167,8720,26102,11128,26102,1567,637
5167,8720,26103,11128,26103,1567,637
5167,8720,26104,11128,26104,1567,637
5167,8720,26105,11128,26105,1567,637
5167,8720,26106,11128,26106,1567,637
5166,8720,26107,11128,26107,1567,637
5167,8720,26108,11128,26108,1567,637
5168,8720,26109,11128,26109,1567,637
5168,8720,26110,11128,26110,1567,637
5168,8720,26111,11128,26111,1567,637
5163,8720,26112,11128,26112,1567,636
5163,8720,26113,11128,26113,1567,636
5163,8720,26114,11128,26114,1567,636
5161,8720,26115,11128,26115,1567,636
5161,8720,26116,11128,26116,1567,636
5159,8720,26117,11128,26117,1567,636
5157,8720,26118,11128,26118,1567,635
5158,8720,26119,11128,26119,1567,635
5157,8720,26120,11128,26120,1567,635
5156,8720,26121,11128,26121,1567,635
5156,8720,26122,11128,26122,1567,635
5156,8720,26123,11128,26123,1567,635
5156,8720,26124,11128,26124,1567,635
5157,8720,26125,11128,26125,1567,635
5158,8720,26126,11128,26126,1567,635
5159,8720,26127,11128,26127,1567,635
5160,8720,26128,11128,26128,1567,635
5160,8720,26129,11128,26129,1567,635
5161,8720,26130,11128,26130,1567,635
5160,8720,26131,11128,26131,1567,635
5161,8720,26132,11128,26132,1567,635
5156,8720,26133,11128,26133,1567,635
5157,8720,26134,11128,26134,1567,635
5156,8720,26135,11128,26135,1567,635
5155,8720,26136,11128,26136,1567,635
5154,8720,26137,11128,26137,1567,635
5153,8720,26138,11128,26138,1567,635
5152,8720,26139,11128,26139,1567,635
5153,8720,26140,11128,26140,1567,635
5154,8720,26141,11128,26141,1567,635
5154,8720,26142,11128,26142,1567,635
5154,8720,26143,11128,26143,1567,635
5152,8720,26144,11128,26144,1567,635
5152,8720,26145,11128,26145,1567,635
5153,8720,26146,11128,26146,1567,635
5154,8720,26147,11128,26147,1567,635
5154,8720,26148,11128,26148,1567,635
5154,8720,26149,11128,26149,1567,635
5154,8720,26150,11128,26150,1567,635
5154,8720,26151,11128,26151,1567,635
5153,8720,26152,11128,26152,1567,635
5153,8720,26153,11128,26153,1567,635
5153,8720,26154,11128,26154,1567,635
5154,8720,26155,11128,26155,1567,635
5154,8720,26156,11128,26156,1567,635
5153,8720,26157,11128,26157,1567,635
5154,8720,26158,11128,26158,1567,635
5153,8720,26159,11128,26159,1567,635
5149,8720,26160,11128,26160,1567,634
5150,8720,26161,11128,26161,1567,634
5151,8720,26162,11128,26162,1567,634
5149,8720,26163,11128,26163,1567,634
5148,8720,26164,11128,26164,1567,634
5148,8720,26165,11128,26165,1567,634
5148,8720,26166,11128,26166,1567,634
5149,8720,26167,11128,26167,1567,634
5150,8720,26168,11128,26168,1567,634
5149,8720,26169,11128,26169,1567,634
5150,8720,26170,11128,26170,1567,634
5150,8720,26171,11128,26171,1567,634
5151,8720,26172,11128,26172,1567,634
5150,8720,26173,11128,26173,1567,634
5150,8720,26174,11128,26174,1567,634
5148,8720,26175,11128,26175,1567,634
5147,8720,26176,11128,26176,1567,634
5148,8720,26177,11128,26177,1567,634
5148,8720,26178,11128,26178,1567,634
5147,8720,26179,11128,26179,1567,634
5148,8720,26180,11128,26180,1567,634
5146,8720,26181,11128,26181,1567,634
5146,8720,26182,11128,26182,1567,634
5146,8720,26183,11128,26183,1567,634
5147,8720,26184,11128,26184,1567,634
5148,8720,26185,11128,26185,1567,634
5149,8720,26186,11128,26186,1567,634
5149,8720,26187,11128,26187,1567,634
5149,8720,26188,11128,26188,1567,634
5149,8720,26189,11128,26189,1567,634
5150,8720,26190,11128,26190,1567,634
5149,8720,26191,11128,26191,1567,634
5149,8720,26192,11128,26192,1567,634
5149,8720,26193,11128,26193,1567,634
5149,8720,26194,11128,26194,1567,634
5149,8720,26195,11128,26195,1567,634
5150,8720,26196,11128,26196,1567,634
5150,8720,26197,11128,26197,1567,634
5151,8720,26198,11128,26198,1567,634
5151,8720,26199,11128,26199,1567,634
5151,8720,26200,11128,26200,1567,634
5152,8720,26201,11128,26201,1567,634
5151,8720,26202,11128,26202,1567,634
5151,8720,26203,11128,26203,1567,634
5148,8720,26204,11128,26204,1567,634
5148,8720,26205,11128,26205,1567,634
5149,8720,26206,11128,26206,1567,634
5149,8720,26207,11128,26207,1567,634
5149,8720,26208,11128,26208,1567,634
5149,8720,26209,11128,26209,1567,634
5150,8720,26210,11128,26210,1567,634
5149,8720,26211,11128,26211,1567,634
5143,8720,26212,11128,26212,1567,634
5142,8720,26213,11128,26213,1567,634
5142,8720,26214,11128,26214,1567,634
5141,8720,26215,11128,26215,1567,634
5141,8720,26216,11128,26216,1567,634
5142,8720,26217,11128,26217,1567,634
5141,8720,26218,11128,26218,1567,634
5142,8720,26219,11128,26219,1567,634
5143,8720,26220,11128,26220,1567,634
5142,8720,26221,11128,26221,1567,634
5142,8720,26222,11128,26222,1567,634
5142,8720,26223,11128,26223,1567,634
5142,8720,26224,11128,26224,1567,634
5142,8720,26225,11128,26225,1567,634
5142,8720,26226,11128,26226,1567,634
5140,8720,26227,11128,26227,1567,634
5141,8720,26228,11128,26228,1567,634
5142,8720,26229,11128,26229,1567,634
5142,8720,26230,11128,26230,1567,634
5142,8720,26231,11128,26231,1567,634
5141,8720,26232,11128,26232,1567,634
5141,8720,26233,11128,26233,1567,634
5142,8720,26234,11128,26234,1567,634
5143,8720,26235,11128,26235,1567,634
5143,8720,26236,11128,26236,1567,634
5143,8720,26237,11128,26237,1567,634
5144,8720,26238,11128,26238,1567,634
5142,8720,26239,11128,26239,1567,634
5143,8720,26240,11128,26240,1567,634
5143,8720,26241,11128,26241,1567,634
5143,8720,26242,11128,26242,1567,634
5142,8720,26243,11128,26243,1567,634
5142,8720,26244,11128,26244,1567,634
5135,8720,26245,11128,26245,1567,632
5130,8720,26246,11128,26246,1567,630
5131,8720,26247,11128,26247,1567,630
5130,8720,26248,11128,26248,1567,630
5131,8720,26249,11128,26249,1567,630
5129,8720,26250,11128,26250,1567,629
5129,8720,26251,11128,26251,1567,629
5130,8720,26252,11128,26252,1567,629
5130,8720,26253,11128,26253,1567,629
5131,8720,26254,11128,26254,1567,629
5132,8720,26255,11128,26255,1567,629
5132,8720,26256,11128,26256,1567,629
5132,8720,26257,11128,26257,1567,629
5133,8720,26258,11128,26258,1567,629
5133,8720,26259,11128,26259,1567,629
5133,8720,26260,11128,26260,1567,629
5133,8720,26261,11128,26261,1567,629
5133,8720,26262,11128,26262,1567,629
5133,8720,26263,11128,26263,1567,629
5133,8720,26264,11128,26264,1567,629
5133,8720,26265,11128,26265,1567,629
5133,8720,26266,11128,26266,1567,629
5132,8720,26267,11128,26267,1567,629
5125,8720,26268,11128,26268,1567,628
5125,8720,26269,11128,26269,1567,628
5125,8720,26270,11128,26270,1567,628
5124,8720,26271,11128,26271,1567,628
5123,8720,26272,11128,26272,1567,628
5124,8720,26273,11128,26273,1567,628
5124,8720,26274,11128,26274,1567,628
5124,8720,26275,11128,26275,1567,628
5123,8720,26276,11128,26276,1567,628
5123,8720,26277,11128,26277,1567,628
5123,8720,26278,11128,26278,1567,628
5123,8720,26279,11128,26279,1567,628
5124,8720,26280,11128,26280,1567,628
5124,8720,26281,11128,26281,1567,628
5125,8720,26282,11128,26282,1567,628
5126,8720,26283,11128,26283,1567,628
5126,8720,26284,11128,26284,1567,628
5126,8720,26285,11128,26285,1567,628
5126,8720,26286,11128,26286,1567,628
5126,8720,26287,11128,26287,1567,628
5125,8720,26288,11128,26288,1567,628
5125,8720,26289,11128,26289,1567,628
5123,8720,26290,11128,26290,1567,626
5124,8720,26291,11128,26291,1567,626
5125,8720,26292,11128,26292,1567,626
5126,8720,26293,11128,26293,1567,626
5126,8720,26294,11128,26294,1567,626
5127,8720,26295,11128,26295,1567,626
5128,8720,26296,11128,26296,1567,626
5127,8720,26297,11128,26297,1567,626
5121,8720,26298,11128,26298,1567,624
5120,8720,26299,11128,26299,1567,624
5120,8720,26300,11128,26300,1567,624
5120,8720,26301,11128,26301,1567,624
5121,8720,26302,11128,26302,1567,624
5122,8720,26303,11128,26303,1567,624
5119,8720,26304,11128,26304,1567,621
5120,8720,26305,11128,26305,1567,621
5120,8720,26306,11128,26306,1567,621
5120,8720,26307,11128,26307,1567,621
5121,8720,26308,11128,26308,1567,621
5122,8720,26309,11128,26309,1567,621
5122,8720,26310,11128,26310,1567,621
5122,8720,26311,11128,26311,1567,621
5123,8720,26312,11128,26312,1567,621
5123,8720,26313,11128,26313,1567,621
5123,8720,26314,11128,26314,1567,621
5124,8720,26315,11128,26315,1567,621
5124,8720,26316,11128,26316,1567,621
5124,8720,26317,11128,26317,1567,621
5120,8720,26318,11128,26318,1567,619
5120,8720,26319,11128,26319,1567,619
5119,8720,26320,11128,26320,1567,619
5120,8720,26321,11128,26321,1567,619
5120,8720,26322,11128,26322,1567,619
5119,8720,26323,11128,26323,1567,619
5120,8720,26324,11128,26324,1567,619
5120,8720,26325,11128,26325,1567,619
5120,8720,26326,11128,26326,1567,619
5119,8720,26327,11128,26327,1567,619
5119,8720,26328,11128,26328,1567,619
5120,8720,26329,11128,26329,1567,619
5120,8720,26330,11128,26330,1567,619
5120,8720,26331,11128,26331,1567,619
5119,8720,26332,11128,26332,1567,619
5120,8720,26333,11128,26333,1567,619
5121,8720,26334,11128,26334,1567,619
5122,8720,26335,11128,26335,1567,619
5122,8720,26336,11128,26336,1567,619
5123,8720,26337,11128,26337,1567,619
5124,8720,26338,11128,26338,1567,619
5124,8720,26339,11128,26339,1567,619
5125,8720,26340,11128,26340,1567,619
5126,8720,26341,11128,26341,1567,619
5125,8720,26342,11128,26342,1567,619
5122,8720,26343,11128,26343,1567,619
5121,8720,26344,11128,26344,1567,619
5121,8720,26345,11128,26345,1567,619
5121,8720,26346,11128,26346,1567,619
5116,8720,26347,11128,26347,1567,618
5116,8720,26348,11128,26348,1567,618
5116,8720,26349,11128,26349,1567,618
5116,8720,26350,11128,26350,1567,618
5116,8720,26351,11128,26351,1567,618
5116,8720,26352,11128,26352,1567,618
5117,8720,26353,11128,26353,1567,618
5118,8720,26354,11128,26354,1567,618
5117,8720,26355,11128,26355,1567,618
5117,8720,26356,11128,26356,1567,618
5117,8720,26357,11128,26357,1567,618
5118,8720,26358,11128,26358,1567,618
5117,8720,26359,11128,26359,1567,618
5116,8720,26360,11128,26360,1567,618
5116,8720,26361,11128,26361,1567,618
5116,8720,26362,11128,26362,1567,618
5117,8720,26363,11128,26363,1567,618
5118,8720,26364,11128,26364,1567,618
5117,8720,26365,11128,26365,1567,618
5117,8720,26366,11128,26366,1567,618
5117,8720,26367,11128,26367,1567,618
5118,8720,26368,11128,26368,1567,618
5117,8720,26369,11128,26369,1567,618
5117,8720,26370,11128,26370,1567,618
5116,8720,26371,11128,26371,1567,618
5113,8720,26372,11128,26372,1567,616
5113,8720,26373,11128,26373,1567,616
5112,8720,26374,11128,26374,1567,616
5111,8720,26375,11128,26375,1567,616
5112,8720,26376,11128,26376,1567,616
5112,8720,26377,11128,26377,1567,616
5113,8720,26378,11128,26378,1567,616
5114,8720,26379,11128,26379,1567,616
5114,8720,26380,11128,26380,1567,616
5115,8720,26381,11128,26381,1567,616
5116,8720,26382,11128,26382,1567,616
5115,8720,26383,11128,26383,1567,616
5116,8720,26384,11128,26384,1567,616
5114,8720,26385,11128,26385,1567,615
5114,8720,26386,11128,26386,1567,615
5115,8720,26387,11128,26387,1567,615
5115,8720,26388,11128,26388,1567,615
5116,8720,26389,11128,26389,1567,615
5116,8720,26390,11128,26390,1567,615
5115,8720,26391,11128,26391,1567,615
5112,8720,26392,11128,26392,1567,614
5112,8720,26393,11128,26393,1567,614
5113,8720,26394,11128,26394,1567,614
5113,8720,26395,11128,26395,1567,614
5113,8720,26396,11128,26396,1567,614
5112,8720,26397,11128,26397,1567,614
5113,8720,26398,11128,26398,1567,614
5114,8720,26399,11128,26399,1567,614
5115,8720,26400,11128,26400,1567,614
5113,8720,26401,11128,26401,1567,614
5114,8720,26402,11128,26402,1567,614
5115,8720,26403,11128,26403,1567,614
5116,8720,26404,11128,26404,1567,614
5116,8720,26405,11128,26405,1567,614
5116,8720,26406,11128,26406,1567,614
5116,8720,26407,11128,26407,1567,614
5117,8720,26408,11128,26408,1567,614
5118,8720,26409,11128,26409,1567,614
5118,8720,26410,11128,26410,1567,614
5118,8720,26411,11128,26411,1567,614
5117,8720,26412,11128,26412,1567,614
5114,8720,26413,11128,26413,1567,614
5115,8720,26414,11128,26414,1567,614
5115,8720,26415,11128,26415,1567,614
5115,8720,26416,11128,26416,1567,614
5115,8720,26417,11128,26417,1567,614
5115,8720,26418,11128,26418,1567,614
5115,8720,26419,11128,26419,1567,614
5115,8720,26420,11128,26420,1567,614
5116,8720,26421,11128,26421,1567,614
5117,8720,26422,11128,26422,1567,614
5116,8720,26423,11128,26423,1567,614
5117,8720,26424,11128,26424,1567,614
5115,8720,26425,11128,26425,1567,614
5115,8720,26426,11128,26426,1567,614
5115,8720,26427,11128,26427,1567,614
5116,8720,26428,11128,26428,1567,614
5117,8720,26429,11128,26429,1567,614
5115,8720,26430,11128,26430,1567,612
5115,8720,26431,11128,26431,1567,612
5114,8720,26432,11128,26432,1567,612
5115,8720,26433,11128,26433,1567,612
5115,8720,26434,11128,26434,1567,612
5115,8720,26435,11128,26435,1567,612
5116,8720,26436,11128,26436,1567,612
5116,8720,26437,11128,26437,1567,612
5116,8720,26438,11128,26438,1567,612
5115,8720,26439,11128,26439,1567,612
5116,8720,26440,11128,26440,1567,612
5115,8720,26441,11128,26441,1567,612
5115,8720,26442,11128,26442,1567,612
5115,8720,26443,11128,26443,1567,612
5115,8720,26444,11128,26444,1567,612
5114,8720,26445,11128,26445,1567,612
5114,8720,26446,11128,26446,1567,612
5115,8720,26447,11128,26447,1567,612
5114,8720,26448,11128,26448,1567,612
5115,8720,26449,11128,26449,1567,612
5115,8720,26450,11128,26450,1567,612
5116,8720,26451,11128,26451,1567,612
5116,8720,26452,11128,26452,1567,612
5116,8720,26453,11128,26453,1567,612
5117,8720,26454,11128,26454,1567,612
5118,8720,26455,11128,26455,1567,612
5119,8720,26456,11128,26456,1567,612
5119,8720,26457,11128,26457,1567,612
5118,8720,26458,11128,26458,1567,612
5119,8720,26459,11128,26459,1567,612
5119,8720,26460,11128,26460,1567,612
5118,8720,26461,11128,26461,1567,612
5118,8720,26462,11128,26462,1567,612
5118,8720,26463,11128,26463,1567,612
5119,8720,26464,11128,26464,1567,612
5119,8720,26465,11128,26465,1567,612
5119,8720,26466,11128,26466,1567,612
5119,8720,26467,11128,26467,1567,612
5119,8720,26468,11128,26468,1567,612
5119,8720,26469,11128,26469,1567,612
5120,8720,26470,11128,26470,1567,612
5120,8720,26471,11128,26471,1567,612
5121,8720,26472,11128,26472,1567,612
5120,8720,26473,11128,26473,1567,612
5121,8720,26474,11128,26474,1567,612
5122,8720,26475,11128,26475,1567,612
5121,8720,26476,11128,26476,1567,612
5122,8720,26477,11128,26477,1567,612
5123,8720,26478,11128,26478,1567,612
5123,8720,26479,11128,26479,1567,612
5124,8720,26480,11128,26480,1567,612
5120,8720,26481,11128,26481,1567,612
5120,8720,26482,11128,26482,1567,612
5120,8720,26483,11128,26483,1567,612
5121,8720,26484,11128,26484,1567,612
5122,8720,26485,11128,26485,1567,612
5122,8720,26486,11128,26486,1567,612
5122,8720,26487,11128,26487,1567,612
5123,8720,26488,11128,26488,1567,612
5123,8720,26489,11128,26489,1567,612
5123,8720,26490,11128,26490,1567,612
5120,8720,26491,11128,26491,1567,612
5121,8720,26492,11128,26492,1567,612
5120,8720,26493,11128,26493,1567,612
5121,8720,26494,11128,26494,1567,612
5121,8720,26495,11128,26495,1567,612
5120,8720,26496,11128,26496,1567,612
5120,8720,26497,11128,26497,1567,612
5120,8720,26498,11128,26498,1567,612
5120,8720,26499,11128,26499,1567,612
5117,8720,26500,11128,26500,1567,611
5117,8720,26501,11128,26501,1567,611
5116,8720,26502,11128,26502,1567,611
5117,8720,26503,11128,26503,1567,611
5118,8720,26504,11128,26504,1567,611
5116,8720,26505,11128,26505,1567,611
5117,8720,26506,11128,26506,1567,611
5116,8720,26507,11128,26507,1567,611
5114,8720,26508,11128,26508,1567,610
5114,8720,26509,11128,26509,1567,610
5115,8720,26510,11128,26510,1567,610
5116,8720,26511,11128,26511,1567,610
5115,8720,26512,11128,26512,1567,610
5115,8720,26513,11128,26513,1567,610
5115,8720,26514,11128,26514,1567,610
5114,8720,26515,11128,26515,1567,610
5113,8720,26516,11128,26516,1567,609
5113,8720,26517,11128,26517,1567,609
5113,8720,26518,11128,26518,1567,609
5113,8720,26519,11128,26519,1567,609
5114,8720,26520,11128,26520,1567,609
5115,8720,26521,11128,26521,1567,609
5116,8720,26522,11128,26522,1567,609
5117,8720,26523,11128,26523,1567,609
5117,8720,26524,11128,26524,1567,609
5117,8720,26525,11128,26525,1567,609
5118,8720,26526,11128,26526,1567,609
5118,8720,26527,11128,26527,1567,609
5119,8720,26528,11128,26528,1567,609
5119,8720,26529,11128,26529,1567,609
5120,8720,26530,11128,26530,1567,609
5121,8720,26531,11128,26531,1567,609
5121,8720,26532,11128,26532,1567,609
5116,8720,26533,11128,26533,1567,608
5116,8720,26534,11128,26534,1567,608
5117,8720,26535,11128,26535,1567,608
5118,8720,26536,11128,26536,1567,608
5118,8720,26537,11128,26537,1567,608
5117,8720,26538,11128,26538,1567,608
5117,8720,26539,11128,26539,1567,608
5118,8720,26540,11128,26540,1567,608
5119,8720,26541,11128,26541,1567,608
5119,8720,26542,11128,26542,1567,608
5119,8720,26543,11128,26543,1567,608
5120,8720,26544,11128,26544,1567,608
5120,8720,26545,11128,26545,1567,608
5120,8720,26546,11128,26546,1567,608
5121,8720,26547,11128,26547,1567,608
5121,8720,26548,11128,26548,1567,608
5121,8720,26549,11128,26549,1567,608
5121,8720,26550,11128,26550,1567,608
5120,8720,26551,11128,26551,1567,608
5120,8720,26552,11128,26552,1567,608
5119,8720,26553,11128,26553,1567,608
5120,8720,26554,11128,26554,1567,608
5119,8720,26555,11128,26555,1567,608
5118,8720,26556,11128,26556,1567,608
5117,8720,26557,11128,26557,1567,608
5117,8720,26558,11128,26558,1567,608
5116,8720,26559,11128,26559,1567,608
5116,8720,26560,11128,26560,1567,608
5114,8720,26561,11128,26561,1567,608
5115,8720,26562,11128,26562,1567,608
5116,8720,26563,11128,26563,1567,608
5116,8720,26564,11128,26564,1567,608
5115,8720,26565,11128,26565,1567,608
5115,8720,26566,11128,26566,1567,608
5115,8720,26567,11128,26567,1567,608
5115,8720,26568,11128,26568,1567,608
5115,8720,26569,11128,26569,1567,608
5115,8720,26570,11128,26570,1567,608
5116,8720,26571,11128,26571,1567,608
5116,8720,26572,11128,26572,1567,608
5116,8720,26573,11128,26573,1567,608
5113,8720,26574,11128,26574,1567,608
5113,8720,26575,11128,26575,1567,608
5113,8720,26576,11128,26576,1567,608
5113,8720,26577,11128,26577,1567,608
5114,8720,26578,11128,26578,1567,608
5114,8720,26579,11128,26579,1567,608
5114,8720,26580,11128,26580,1567,608
5115,8720,26581,11128,26581,1567,608
5116,8720,26582,11128,26582,1567,608
5116,8720,26583,11128,26583,1567,608
5117,8720,26584,11128,26584,1567,608
5116,8720,26585,11128,26585,1567,608
5117,8720,26586,11128,26586,1567,608
5118,8720,26587,11128,26587,1567,608
5117,8720,26588,11128,26588,1567,608
5111,8720,26589,11128,26589,1567,605
5109,8720,26590,11128,26590,1567,605
5109,8720,26591,11128,26591,1567,605
5110,8720,26592,11128,26592,1567,605
5111,8720,26593,11128,26593,1567,605
5111,8720,26594,11128,26594,1567,605
5111,8720,26595,11128,26595,1567,605
5108,8720,26596,11128,26596,1567,604
5108,8720,26597,11128,26597,1567,604
5108,8720,26598,11128,26598,1567,604
5109,8720,26599,11128,26599,1567,604
5109,8720,26600,11128,26600,1567,604
5109,8720,26601,11128,26601,1567,604
5108,8720,26602,11128,26602,1567,604
5108,8720,26603,11128,26603,1567,604
5108,8720,26604,11128,26604,1567,604
5107,8720,26605,11128,26605,1567,604
5108,8720,26606,11128,26606,1567,604
5108,8720,26607,11128,26607,1567,604
5109,8720,26608,11128,26608,1567,604
5110,8720,26609,11128,26609,1567,604
5107,8720,26610,11128,26610,1567,603
5108,8720,26611,11128,26611,1567,603
5108,8720,26612,11128,26612,1567,603
5106,8720,26613,11128,26613,1567,603
5106,8720,26614,11128,26614,1567,603
5105,8720,26615,11128,26615,1567,603
5106,8720,26616,11128,26616,1567,603
5104,8720,26617,11128,26617,1567,603
5104,8720,26618,11128,26618,1567,603
5104,8720,26619,11128,26619,1567,603
5103,8720,26620,11128,26620,1567,603
5104,8720,26621,11128,26621,1567,603
5104,8720,26622,11128,26622,1567,603
5104,8720,26623,11128,26623,1567,603
5102,8720,26624,11128,26624,1567,603
5103,8720,26625,11128,26625,1567,603
5103,8720,26626,11128,26626,1567,603
5103,8720,26627,11128,26627,1567,603
5101,8720,26628,11128,26628,1567,603
5101,8720,26629,11128,26629,1567,603
5094,8720,26630,11128,26630,1567,603
5094,8720,26631,11128,26631,1567,603
5095,8720,26632,11128,26632,1567,603
5095,8720,26633,11128,26633,1567,603
5096,8720,26634,11128,26634,1567,603
5094,8720,26635,11128,26635,1567,602
5094,8720,26636,11128,26636,1567,602
5094,8720,26637,11128,26637,1567,602
5094,8720,26638,11128,26638,1567,602
5095,8720,26639,11128,26639,1567,602
5095,8720,26640,11128,26640,1567,602
5096,8720,26641,11128,26641,1567,602
5097,8720,26642,11128,26642,1567,602
5095,8720,26643,11128,26643,1567,602
5094,8720,26644,11128,26644,1567,602
5093,8720,26645,11128,26645,1567,601
5093,8720,26646,11128,26646,1567,601
5092,8720,26647,11128,26647,1567,601
5092,8720,26648,11128,26648,1567,601
5092,8720,26649,11128,26649,1567,601
5091,8720,26650,11128,26650,1567,601
5092,8720,26651,11128,26651,1567,601
5092,8720,26652,11128,26652,1567,601
5091,8720,26653,11128,26653,1567,601
5092,8720,26654,11128,26654,1567,601
5093,8720,26655,11128,26655,1567,601
5091,8720,26656,11128,26656,1567,601
5092,8720,26657,11128,26657,1567,601
5091,8720,26658,11128,26658,1567,601
5092,8720,26659,11128,26659,1567,601
5093,8720,26660,11128,26660,1567,601
5094,8720,26661,11128,26661,1567,601
5094,8720,26662,11128,26662,1567,601
5094,8720,26663,11128,26663,1567,601
5094,8720,26664,11128,26664,1567,601
5094,8720,26665,11128,26665,1567,601
5094,8720,26666,11128,26666,1567,601
5092,8720,26667,11128,26667,1567,601
5091,8720,26668,11128,26668,1567,601
5090,8720,26669,11128,26669,1567,601
5089,8720,26670,11128,26670,1567,601
5088,8720,26671,11128,26671,1567,601
5088,8720,26672,11128,26672,1567,601
5088,8720,26673,11128,26673,1567,601
5088,8720,26674,11128,26674,1567,601
5089,8720,26675,11128,26675,1567,601
5088,8720,26676,11128,26676,1567,601
5086,8720,26677,11128,26677,1567,601
5087,8720,26678,11128,26678,1567,601
5088,8720,26679,11128,26679,1567,601
5089,8720,26680,11128,26680,1567,601
5089,8720,26681,11128,26681,1567,601
5084,8720,26682,11128,26682,1567,598
5083,8720,26683,11128,26683,1567,598
5082,8720,26684,11128,26684,1567,598
5083,8720,26685,11128,26685,1567,598
5083,8720,26686,11128,26686,1567,598
5084,8720,26687,11128,26687,1567,598
5084,8720,26688,11128,26688,1567,598
5084,8720,26689,11128,26689,1567,598
5084,8720,26690,11128,26690,1567,598
5085,8720,26691,11128,26691,1567,598
5085,8720,26692,11128,26692,1567,598
5084,8720,26693,11128,26693,1567,598
5084,8720,26694,11128,26694,1567,598
5085,8720,26695,11128,26695,1567,598
5086,8720,26696,11128,26696,1567,598
5087,8720,26697,11128,26697,1567,598
5088,8720,26698,11128,26698,1567,598
5089,8720,26699,11128,26699,1567,598
5089,8720,26700,11128,26700,1567,598
5089,8720,26701,11128,26701,1567,598
5090,8720,26702,11128,26702,1567,598
5090,8720,26703,11128,26703,1567,598
5089,8720,26704,11128,26704,1567,598
5088,8720,26705,11128,26705,1567,598
5084,8720,26706,11128,26706,1567,598
5084,8720,26707,11128,26707,1567,598
5084,8720,26708,11128,26708,1567,598
5084,8720,26709,11128,26709,1567,598
5084,8720,26710,11128,26710,1567,598
5084,8720,26711,11128,26711,1567,598
5084,8720,26712,11128,26712,1567,598
5083,8720,26713,11128,26713,1567,598
5083,8720,26714,11128,26714,1567,598
5082,8720,26715,11128,26715,1567,598
5082,8720,26716,11128,26716,1567,598
5083,8720,26717,11128,26717,1567,598
5082,8720,26718,11128,26718,1567,598
5080,8720,26719,11128,26719,1567,598
5080,8720,26720,11128,26720,1567,598
5079,8720,26721,11128,26721,1567,598
5079,8720,26722,11128,26722,1567,598
5079,8720,26723,11128,26723,1567,598
5080,8720,26724,11128,26724,1567,598
5080,8720,26725,11128,26725,1567,598
5074,8720,26726,11128,26726,1567,595
5075,8720,26727,11128,26727,1567,595
5076,8720,26728,11128,26728,1567,595
5077,8720,26729,11128,26729,1567,595
5078,8720,26730,11128,26730,1567,595
5077,8720,26731,11128,26731,1567,595
5077,8720,26732,11128,26732,1567,595
5077,8720,26733,11128,26733,1567,595
5077,8720,26734,11128,26734,1567,595
5077,8720,26735,11128,26735,1567,595
5078,8720,26736,11128,26736,1567,595
5079,8720,26737,11128,26737,1567,595
5077,8720,26738,11128,26738,1567,594
5078,8720,26739,11128,26739,1567,594
5078,8720,26740,11128,26740,1567,594
5079,8720,26741,11128,26741,1567,594
5078,8720,26742,11128,26742,1567,594
5078,8720,26743,11128,26743,1567,594
5077,8720,26744,11128,26744,1567,594
5076,8720,26745,11128,26745,1567,594
5077,8720,26746,11128,26746,1567,594
5078,8720,26747,11128,26747,1567,594
5077,8720,26748,11128,26748,1567,594
5076,8720,26749,11128,26749,1567,594
5076,8720,26750,11128,26750,1567,594
5077,8720,26751,11128,26751,1567,594
5077,8720,26752,11128,26752,1567,594
5078,8720,26753,11128,26753,1567,594
5078,8720,26754,11128,26754,1567,594
5078,8720,26755,11128,26755,1567,594
5079,8720,26756,11128,26756,1567,594
5078,8720,26757,11128,26757,1567,594
5078,8720,26758,11128,26758,1567,594
5079,8720,26759,11128,26759,1567,594
5079,8720,26760,11128,26760,1567,594
5079,8720,26761,11128,26761,1567,594
5079,8720,26762,11128,26762,1567,594
5077,8720,26763,11128,26763,1567,594
5078,8720,26764,11128,26764,1567,594
5079,8720,26765,11128,26765,1567,594
5080,8720,26766,11128,26766,1567,594
5081,8720,26767,11128,26767,1567,594
5081,8720,26768,11128,26768,1567,594
5081,8720,26769,11128,26769,1567,594
5081,8720,26770,11128,26770,1567,594
5082,8720,26771,11128,26771,1567,594
5082,8720,26772,11128,26772,1567,594
5083,8720,26773,11128,26773,1567,594
5084,8720,26774,11128,26774,1567,594
5084,8720,26775,11128,26775,1567,594
5085,8720,26776,11128,26776,1567,594
5086,8720,26777,11128,26777,1567,594
5086,8720,26778,11128,26778,1567,594
5086,8720,26779,11128,26779,1567,594
5085,8720,26780,11128,26780,1567,594
5084,8720,26781,11128,26781,1567,594
5085,8720,26782,11128,26782,1567,594
5084,8720,26783,11128,26783,1567,594
5084,8720,26784,11128,26784,1567,594
5084,8720,26785,11128,26785,1567,594
5084,8720,26786,11128,26786,1567,594
5084,8720,26787,11128,26787,1567,594
5084,8720,26788,11128,26788,1567,594
5084,8720,26789,11128,26789,1567,594
5083,8720,26790,11128,26790,1567,594
5081,8720,26791,11128,26791,1567,594
5080,8720,26792,11128,26792,1567,594
5076,8720,26793,11128,26793,1567,594
5077,8720,26794,11128,26794,1567,594
5077,8720,26795,11128,26795,1567,594
5076,8720,26796,11128,26796,1567,594
5076,8720,26797,11128,26797,1567,594
5076,8720,26798,11128,26798,1567,594
5075,8720,26799,11128,26799,1567,594
5074,8720,26800,11128,26800,1567,594
5075,8720,26801,11128,26801,1567,594
5075,8720,26802,11128,26802,1567,594
5075,8720,26803,11128,26803,1567,594
5075,8720,26804,11128,26804,1567,594
5074,8720,26805,11128,26805,1567,594
5071,8720,26806,11128,26806,1567,594
5071,8720,26807,11128,26807,1567,594
5071,8720,26808,11128,26808,1567,594
5072,8720,26809,11128,26809,1567,594
5070,8720,26810,11128,26810,1567,594
5070,8720,26811,11128,26811,1567,594
5070,8720,26812,11128,26812,1567,594
5071,8720,26813,11128,26813,1567,594
5071,8720,26814,11128,26814,1567,594
5071,8720,26815,11128,26815,1567,594
5072,8720,26816,11128,26816,1567,594
5073,8720,26817,11128,26817,1567,594
5073,8720,26818,11128,26818,1567,594
5073,8720,26819,11128,26819,1567,594
5072,8720,26820,11128,26820,1567,594
5072,8720,26821,11128,26821,1567,594
5072,8720,26822,11128,26822,1567,594
5073,8720,26823,11128,26823,1567,594
5074,8720,26824,11128,26824,1567,594
5074,8720,26825,11128,26825,1567,594
5074,8720,26826,11128,26826,1567,594
5073,8720,26827,11128,26827,1567,594
5074,8720,26828,11128,26828,1567,594
5075,8720,26829,11128,26829,1567,594
5076,8720,26830,11128,26830,1567,594
5077,8720,26831,11128,26831,1567,594
5076,8720,26832,11128,26832,1567,594
5075,8720,26833,11128,26833,1567,594
5075,8720,26834,11128,26834,1567,594
5075,8720,26835,11128,26835,1567,594
5074,8720,26836,11128,26836,1567,594
5073,8720,26837,11128,26837,1567,594
5071,8720,26838,11128,26838,1567,593
5072,8720,26839,11128,26839,1567,593
5072,8720,26840,11128,26840,1567,593
5067,8720,26841,11128,26841,1567,592
5067,8720,26842,11128,26842,1567,592
5067,8720,26843,11128,26843,1567,592
5067,8720,26844,11128,26844,1567,592
5068,8720,26845,11128,26845,1567,592
5069,8720,26846,11128,26846,1567,592
5069,8720,26847,11128,26847,1567,592
5070,8720,26848,11128,26848,1567,592
5071,8720,26849,11128,26849,1567,592
5071,8720,26850,11128,26850,1567,592
5072,8720,26851,11128,26851,1567,592
5073,8720,26852,11128,26852,1567,592
5073,8720,26853,11128,26853,1567,592
5073,8720,26854,11128,26854,1567,592
5070,8720,26855,11128,26855,1567,592
5069,8720,26856,11128,26856,1567,592
5070,8720,26857,11128,26857,1567,592
5071,8720,26858,11128,26858,1567,592
5071,8720,26859,11128,26859,1567,592
5071,8720,26860,11128,26860,1567,592
5071,8720,26861,11128,26861,1567,592
5071,8720,26862,11128,26862,1567,592
5072,8720,26863,11128,26863,1567,592
5072,8720,26864,11128,26864,1567,592
5072,8720,26865,11128,26865,1567,592
5072,8720,26866,11128,26866,1567,592
5073,8720,26867,11128,26867,1567,592
5074,8720,26868,11128,26868,1567,592
5075,8720,26869,11128,26869,1567,592
5075,8720,26870,11128,26870,1567,592
5076,8720,26871,11128,26871,1567,592
5076,8720,26872,11128,26872,1567,592
5077,8720,26873,11128,26873,1567,592
5078,8720,26874,11128,26874,1567,592
5078,8720,26875,11128,26875,1567,592
5078,8720,26876,11128,26876,1567,592
5078,8720,26877,11128,26877,1567,592
5078,8720,26878,11128,26878,1567,592
5078,8720,26879,11128,26879,1567,592
5078,8720,26880,11128,26880,1567,592
5077,8720,26881,11128,26881,1567,592
5078,8720,26882,11128,26882,1567,592
5079,8720,26883,11128,26883,1567,592
5079,8720,26884,11128,26884,1567,592
5079,8720,26885,11128,26885,1567,592
5080,8720,26886,11128,26886,1567,592
5079,8720,26887,11128,26887,1567,592
5079,8720,26888,11128,26888,1567,592
5077,8720,26889,11128,26889,1567,592
5077,8720,26890,11128,26890,1567,592
5078,8720,26891,11128,26891,1567,592
5073,8720,26892,11128,26892,1567,591
5073,8720,26893,11128,26893,1567,591
5073,8720,26894,11128,26894,1567,591
5073,8720,26895,11128,26895,1567,591
5072,8720,26896,11128,26896,1567,591
5072,8720,26897,11128,26897,1567,591
5073,8720,26898,11128,26898,1567,591
5073,8720,26899,11128,26899,1567,591
5074,8720,26900,11128,26900,1567,591
5074,8720,26901,11128,26901,1567,591
5074,8720,26902,11128,26902,1567,591
5074,8720,26903,11128,26903,1567,591
5074,8720,26904,11128,26904,1567,591
5074,8720,26905,11128,26905,1567,591
5073,8720,26906,11128,26906,1567,591
5073,8720,26907,11128,26907,1567,591
5071,8720,26908,11128,26908,1567,591
5071,8720,26909,11128,26909,1567,591
5070,8720,26910,11128,26910,1567,591
5069,8720,26911,11128,26911,1567,591
5069,8720,26912,11128,26912,1567,591
5070,8720,26913,11128,26913,1567,591
5070,8720,26914,11128,26914,1567,591
5069,8720,26915,11128,26915,1567,591
5070,8720,26916,11128,26916,1567,591
5065,8720,26917,11128,26917,1567,590
5065,8720,26918,11128,26918,1567,590
5065,8720,26919,11128,26919,1567,590
5064,8720,26920,11128,26920,1567,590
5065,8720,26921,11128,26921,1567,590
5065,8720,26922,11128,26922,1567,590
5066,8720,26923,11128,26923,1567,590
5066,8720,26924,11128,26924,1567,590
5066,8720,26925,11128,26925,1567,590
5067,8720,26926,11128,26926,1567,590
5067,8720,26927,11128,26927,1567,590
5068,8720,26928,11128,26928,1567,590
5068,8720,26929,11128,26929,1567,590
5068,8720,26930,11128,26930,1567,590
5068,8720,26931,11128,26931,1567,590
5068,8720,26932,11128,26932,1567,590
5068,8720,26933,11128,26933,1567,590
5069,8720,26934,11128,26934,1567,590
5069,8720,26935,11128,26935,1567,590
5070,8720,26936,11128,26936,1567,590
5069,8720,26937,11128,26937,1567,590
5069,8720,26938,11128,26938,1567,590
5070,8720,26939,11128,26939,1567,590
5070,8720,26940,11128,26940,1567,590
5071,8720,26941,11128,26941,1567,590
5071,8720,26942,11128,26942,1567,590
5071,8720,26943,11128,26943,1567,590
5070,8720,26944,11128,26944,1567,590
5070,8720,26945,11128,26945,1567,590
5070,8720,26946,11128,26946,1567,590
5069,8720,26947,11128,26947,1567,590
5069,8720,26948,11128,26948,1567,590
5069,8720,26949,11128,26949,1567,590
5069,8720,26950,11128,26950,1567,590
5070,8720,26951,11128,26951,1567,590
5070,8720,26952,11128,26952,1567,590
5070,8720,26953,11128,26953,1567,590
5071,8720,26954,11128,26954,1567,590
5072,8720,26955,11128,26955,1567,590
5073,8720,26956,11128,26956,1567,590
5074,8720,26957,11128,26957,1567,590
5072,8720,26958,11128,26958,1567,589
5072,8720,26959,11128,26959,1567,589
5072,8720,26960,11128,26960,1567,589
5072,8720,26961,11128,26961,1567,589
5073,8720,26962,11128,26962,1567,589
5074,8720,26963,11128,26963,1567,589
5074,8720,26964,11128,26964,1567,589
5074,8720,26965,11128,26965,1567,589
5073,8720,26966,11128,26966,1567,589
5073,8720,26967,11128,26967,1567,589
5074,8720,26968,11128,26968,1567,589
5075,8720,26969,11128,26969,1567,589
5075,8720,26970,11128,26970,1567,589
5074,8720,26971,11128,26971,1567,589
5075,8720,26972,11128,26972,1567,589
5075,8720,26973,11128,26973,1567,589
5074,8720,26974,11128,26974,1567,589
5073,8720,26975,11128,26975,1567,589
5072,8720,26976,11128,26976,1567,589
5069,8720,26977,11128,26977,1567,589
5070,8720,26978,11128,26978,1567,589
5070,8720,26979,11128,26979,1567,589
5071,8720,26980,11128,26980,1567,589
5070,8720,26981,11128,26981,1567,589
5070,8720,26982,11128,26982,1567,589
5071,8720,26983,11128,26983,1567,589
5072,8720,26984,11128,26984,1567,589
5072,8720,26985,11128,26985,1567,589
5071,8720,26986,11128,26986,1567,589
5071,8720,26987,11128,26987,1567,589
5071,8720,26988,11128,26988,1567,589
5071,8720,26989,11128,26989,1567,589
5071,8720,26990,11128,26990,1567,589
5071,8720,26991,11128,26991,1567,589
5072,8720,26992,11128,26992,1567,589
5071,8720,26993,11128,26993,1567,589
5071,8720,26994,11128,26994,1567,589
5071,8720,26995,11128,26995,1567,589
5071,8720,26996,11128,26996,1567,589
5072,8720,26997,11128,26997,1567,589
5072,8720,26998,11128,26998,1567,589
5072,8720,26999,11128,26999,1567,589
5072,8720,27000,11128,27000,1567,589
5072,8720,27001,11128,27001,1567,589
5072,8720,27002,11128,27002,1567,589
5072,8720,27003,11128,27003,1567,589
5072,8720,27004,11128,27004,1567,589
5069,8720,27005,11128,27005,1567,589
5069,8720,27006,11128,27006,1567,589
5069,8720,27007,11128,27007,1567,589
5069,8720,27008,11128,27008,1567,589
5068,8720,27009,11128,27009,1567,589
5068,8720,27010,11128,27010,1567,589
5069,8720,27011,11128,27011,1567,589
5068,8720,27012,11128,27012,1567,589
5068,8720,27013,11128,27013,1567,589
5068,8720,27014,11128,27014,1567,589
5067,8720,27015,11128,27015,1567,589
5066,8720,27016,11128,27016,1567,589
5065,8720,27017,11128,27017,1567,589
5065,8720,27018,11128,27018,1567,589
5064,8720,27019,11128,27019,1567,589
5064,8720,27020,11128,27020,1567,589
5065,8720,27021,11128,27021,1567,589
5065,8720,27022,11128,27022,1567,589
5061,8720,27023,11128,27023,1567,588
5061,8720,27024,11128,27024,1567,588
5058,8720,27025,11128,27025,1567,588
5059,8720,27026,11128,27026,1567,588
5060,8720,27027,11128,27027,1567,588
5060,8720,27028,11128,27028,1567,588
5060,8720,27029,11128,27029,1567,588
5060,8720,27030,11128,27030,1567,588
5060,8720,27031,11128,27031,1567,588
5061,8720,27032,11128,27032,1567,588
5060,8720,27033,11128,27033,1567,588
5061,8720,27034,11128,27034,1567,588
5061,8720,27035,11128,27035,1567,588
5060,8720,27036,11128,27036,1567,588
5061,8720,27037,11128,27037,1567,588
5061,8720,27038,11128,27038,1567,588
5060,8720,27039,11128,27039,1567,588
5060,8720,27040,11128,27040,1567,588
5060,8720,27041,11128,27041,1567,588
5060,8720,27042,11128,27042,1567,588
5060,8720,27043,11128,27043,1567,588
5061,8720,27044,11128,27044,1567,588
5060,8720,27045,11128,27045,1567,588
5059,8720,27046,11128,27046,1567,588
5059,8720,27047,11128,27047,1567,588
5059,8720,27048,11128,27048,1567,588
5058,8720,27049,11128,27049,1567,588
5059,8720,27050,11128,27050,1567,588
5059,8720,27051,11128,27051,1567,588
5050,8720,27052,11128,27052,1567,584
5050,8720,27053,11128,27053,1567,584
5051,8720,27054,11128,27054,1567,584
5052,8720,27055,11128,27055,1567,584
5051,8720,27056,11128,27056,1567,584
5052,8720,27057,11128,27057,1567,584
5053,8720,27058,11128,27058,1567,584
5054,8720,27059,11128,27059,1567,584
5055,8720,27060,11128,27060,1567,584
5054,8720,27061,11128,27061,1567,584
5055,8720,27062,11128,27062,1567,584
5054,8720,27063,11128,27063,1567,584
5054,8720,27064,11128,27064,1567,584
5054,8720,27065,11128,27065,1567,584
5054,8720,27066,11128,27066,1567,584
5054,8720,27067,11128,27067,1567,584
5054,8720,27068,11128,27068,1567,584
5054,8720,27069,11128,27069,1567,584
5054,8720,27070,11128,27070,1567,584
5054,8720,27071,11128,27071,1567,584
5054,8720,27072,11128,27072,1567,584
5055,8720,27073,11128,27073,1567,584
5055,8720,27074,11128,27074,1567,584
5056,8720,27075,11128,27075,1567,584
5056,8720,27076,11128,27076,1567,584
5056,8720,27077,11128,27077,1567,584
5055,8720,27078,11128,27078,1567,584
5055,8720,27079,11128,27079,1567,584
5056,8720,27080,11128,27080,1567,584
5057,8720,27081,11128,27081,1567,584
5056,8720,27082,11128,27082,1567,584
5054,8720,27083,11128,27083,1567,584
5054,8720,27084,11128,27084,1567,584
5054,8720,27085,11128,27085,1567,584
5055,8720,27086,11128,27086,1567,584
5055,8720,27087,11128,27087,1567,584
5055,8720,27088,11128,27088,1567,584
5055,8720,27089,11128,27089,1567,584
5055,8720,27090,11128,27090,1567,584
5056,8720,27091,11128,27091,1567,584
5057,8720,27092,11128,27092,1567,584
5054,8720,27093,11128,27093,1567,584
5054,8720,27094,11128,27094,1567,584
5054,8720,27095,11128,27095,1567,584
5054,8720,27096,11128,27096,1567,584
5054,8720,27097,11128,27097,1567,584
5053,8720,27098,11128,27098,1567,584
5054,8720,27099,11128,27099,1567,584
5052,8720,27100,11128,27100,1567,584
5051,8720,27101,11128,27101,1567,584
5051,8720,27102,11128,27102,1567,584
5051,8720,27103,11128,27103,1567,584
5051,8720,27104,11128,27104,1567,584
5051,8720,27105,11128,27105,1567,584
5051,8720,27106,11128,27106,1567,584
5051,8720,27107,11128,27107,1567,584
5051,8720,27108,11128,27108,1567,584
5051,8720,27109,11128,27109,1567,584
5051,8720,27110,11128,27110,1567,584
5050,8720,27111,11128,27111,1567,584
5050,8720,27112,11128,27112,1567,584
5049,8720,27113,11128,27113,1567,584
5050,8720,27114,11128,27114,1567,584
5051,8720,27115,11128,27115,1567,584
5052,8720,27116,11128,27116,1567,584
5053,8720,27117,11128,27117,1567,584
5052,8720,27118,11128,27118,1567,584
5052,8720,27119,11128,27119,1567,584
5053,8720,27120,11128,27120,1567,584
5053,8720,27121,11128,27121,1567,584
5053,8720,27122,11128,27122,1567,584
5054,8720,27123,11128,27123,1567,584
5049,8720,27124,11128,27124,1567,583
5050,8720,27125,11128,27125,1567,583
5047,8720,27126,11128,27126,1567,582
5048,8720,27127,11128,27127,1567,582
5049,8720,27128,11128,27128,1567,582
5049,8720,27129,11128,27129,1567,582
5050,8720,27130,11128,27130,1567,582
5049,8720,27131,11128,27131,1567,582
5050,8720,27132,11128,27132,1567,582
5050,8720,27133,11128,27133,1567,582
5050,8720,27134,11128,27134,1567,582
5050,8720,27135,11128,27135,1567,582
5047,8720,27136,11128,27136,1567,581
5047,8720,27137,11128,27137,1567,581
5048,8720,27138,11128,27138,1567,581
5048,8720,27139,11128,27139,1567,581
5047,8720,27140,11128,27140,1567,581
5047,8720,27141,11128,27141,1567,581
5047,8720,27142,11128,27142,1567,581
5046,8720,27143,11128,27143,1567,581
5044,8720,27144,11128,27144,1567,581
5044,8720,27145,11128,27145,1567,581
5044,8720,27146,11128,27146,1567,581
5044,8720,27147,11128,27147,1567,581
5044,8720,27148,11128,27148,1567,581
5044,8720,27149,11128,27149,1567,581
5045,8720,27150,11128,27150,1567,581
5045,8720,27151,11128,27151,1567,581
5045,8720,27152,11128,27152,1567,581
5044,8720,27153,11128,27153,1567,581
5042,8720,27154,11128,27154,1567,581
5042,8720,27155,11128,27155,1567,581
5042,8720,27156,11128,27156,1567,581
5038,8720,27157,11128,27157,1567,578
5039,8720,27158,11128,27158,1567,578
5040,8720,27159,11128,27159,1567,578
5041,8720,27160,11128,27160,1567,578
5041,8720,27161,11128,27161,1567,578
5041,8720,27162,11128,27162,1567,578
5041,8720,27163,11128,27163,1567,578
5040,8720,27164,11128,27164,1567,578
5041,8720,27165,11128,27165,1567,578
5040,8720,27166,11128,27166,1567,578
5037,8720,27167,11128,27167,1567,578
5036,8720,27168,11128,27168,1567,578
5037,8720,27169,11128,27169,1567,578
5037,8720,27170,11128,27170,1567,578
5037,8720,27171,11128,27171,1567,578
5037,8720,27172,11128,27172,1567,578
5037,8720,27173,11128,27173,1567,578
5037,8720,27174,11128,27174,1567,578
5036,8720,27175,11128,27175,1567,578
5037,8720,27176,11128,27176,1567,578
5034,8720,27177,11128,27177,1567,578
5034,8720,27178,11128,27178,1567,578
5034,8720,27179,11128,27179,1567,578
5034,8720,27180,11128,27180,1567,578
5033,8720,27181,11128,27181,1567,578
5033,8720,27182,11128,27182,1567,578
5034,8720,27183,11128,27183,1567,578
5033,8720,27184,11128,27184,1567,578
5034,8720,27185,11128,27185,1567,578
5031,8720,27186,11128,27186,1567,578
5031,8720,27187,11128,27187,1567,578
5030,8720,27188,11128,27188,1567,578
5031,8720,27189,11128,27189,1567,578
5032,8720,27190,11128,27190,1567,578
5033,8720,27191,11128,27191,1567,578
5033,8720,27192,11128,27192,1567,578
5032,8720,27193,11128,27193,1567,578
5032,8720,27194,11128,27194,1567,578
5032,8720,27195,11128,27195,1567,578
5032,8720,27196,11128,27196,1567,578
5033,8720,27197,11128,27197,1567,578
5034,8720,27198,11128,27198,1567,578
5034,8720,27199,11128,27199,1567,578
5034,8720,27200,11128,27200,1567,578
5033,8720,27201,11128,27201,1567,578
5033,8720,27202,11128,27202,1567,578
5033,8720,27203,11128,27203,1567,578
5031,8720,27204,11128,27204,1567,578
5030,8720,27205,11128,27205,1567,578
5030,8720,27206,11128,27206,1567,578
5028,8720,27207,11128,27207,1567,577
5028,8720,27208,11128,27208,1567,577
5028,8720,27209,11128,27209,1567,577
5027,8720,27210,11128,27210,1567,576
5028,8720,27211,11128,27211,1567,576
5028,8720,27212,11128,27212,1567,576
5028,8720,27213,11128,27213,1567,576
5028,8720,27214,11128,27214,1567,576
5027,8720,27215,11128,27215,1567,576
5027,8720,27216,11128,27216,1567,576
5025,8720,27217,11128,27217,1567,576
5025,8720,27218,11128,27218,1567,576
5024,8720,27219,11128,27219,1567,576
5025,8720,27220,11128,27220,1567,576
5025,8720,27221,11128,27221,1567,576
5025,8720,27222,11128,27222,1567,576
5025,8720,27223,11128,27223,1567,576
5026,8720,27224,11128,27224,1567,576
5026,8720,27225,11128,27225,1567,576
5026,8720,27226,11128,27226,1567,576
5026,8720,27227,11128,27227,1567,576
5026,8720,27228,11128,27228,1567,576
5023,8720,27229,11128,27229,1567,576
5023,8720,27230,11128,27230,1567,576
5023,8720,27231,11128,27231,1567,576
5024,8720,27232,11128,27232,1567,576
5025,8720,27233,11128,27233,1567,576
5025,8720,27234,11128,27234,1567,576
5026,8720,27235,11128,27235,1567,576
5026,8720,27236,11128,27236,1567,576
5027,8720,27237,11128,27237,1567,576
5025,8720,27238,11128,27238,1567,576
5025,8720,27239,11128,27239,1567,576
5023,8720,27240,11128,27240,1567,576
5024,8720,27241,11128,27241,1567,576
5023,8720,27242,11128,27242,1567,576
5022,8720,27243,11128,27243,1567,576
5021,8720,27244,11128,27244,1567,576
5021,8720,27245,11128,27245,1567,576
5019,8720,27246,11128,27246,1567,576
5018,8720,27247,11128,27247,1567,576
5019,8720,27248,11128,27248,1567,576
5019,8720,27249,11128,27249,1567,576
5019,8720,27250,11128,27250,1567,576
5020,8720,27251,11128,27251,1567,576
5020,8720,27252,11128,27252,1567,576
5020,8720,27253,11128,27253,1567,576
5020,8720,27254,11128,27254,1567,576
5020,8720,27255,11128,27255,1567,576
5020,8720,27256,11128,27256,1567,576
5021,8720,27257,11128,27257,1567,576
5021,8720,27258,11128,27258,1567,576
5016,8720,27259,11128,27259,1567,575
5017,8720,27260,11128,27260,1567,575
5017,8720,27261,11128,27261,1567,575
5017,8720,27262,11128,27262,1567,575
5017,8720,27263,11128,27263,1567,575
5017,8720,27264,11128,27264,1567,575
5018,8720,27265,11128,27265,1567,575
5018,8720,27266,11128,27266,1567,575
5019,8720,27267,11128,27267,1567,575
5020,8720,27268,11128,27268,1567,575
5021,8720,27269,11128,27269,1567,575
5021,8720,27270,11128,27270,1567,575
5022,8720,27271,11128,27271,1567,575
5022,8720,27272,11128,27272,1567,575
5022,8720,27273,11128,27273,1567,575
5023,8720,27274,11128,27274,1567,575
5022,8720,27275,11128,27275,1567,575
5021,8720,27276,11128,27276,1567,575
5021,8720,27277,11128,27277,1567,575
5019,8720,27278,11128,27278,1567,574
5019,8720,27279,11128,27279,1567,574
5019,8720,27280,11128,27280,1567,574
5019,8720,27281,11128,27281,1567,574
5019,8720,27282,11128,27282,1567,574
5018,8720,27283,11128,27283,1567,574
5017,8720,27284,11128,27284,1567,574
5017,8720,27285,11128,27285,1567,574
5015,8720,27286,11128,27286,1567,574
5015,8720,27287,11128,27287,1567,574
5016,8720,27288,11128,27288,1567,574
5016,8720,27289,11128,27289,1567,574
5015,8720,27290,11128,27290,1567,574
5013,8720,27291,11128,27291,1567,574
5014,8720,27292,11128,27292,1567,574
5014,8720,27293,11128,27293,1567,574
5014,8720,27294,11128,27294,1567,574
5013,8720,27295,11128,27295,1567,574
5012,8720,27296,11128,27296,1567,574
5011,8720,27297,11128,27297,1567,574
5011,8720,27298,11128,27298,1567,574
5011,8720,27299,11128,27299,1567,574
5012,8720,27300,11128,27300,1567,574
5011,8720,27301,11128,27301,1567,574
5012,8720,27302,11128,27302,1567,574
5013,8720,27303,11128,27303,1567,574
5010,8720,27304,11128,27304,1567,572
5010,8720,27305,11128,27305,1567,572
5011,8720,27306,11128,27306,1567,572
5010,8720,27307,11128,27307,1567,572
5008,8720,27308,11128,27308,1567,572
5008,8720,27309,11128,27309,1567,572
5007,8720,27310,11128,27310,1567,572
5005,8720,27311,11128,27311,1567,572
5004,8720,27312,11128,27312,1567,572
5004,8720,27313,11128,27313,1567,572
5005,8720,27314,11128,27314,1567,572
5006,8720,27315,11128,27315,1567,572
5004,8720,27316,11128,27316,1567,572
5005,8720,27317,11128,27317,1567,572
5006,8720,27318,11128,27318,1567,572
5005,8720,27319,11128,27319,1567,572
5005,8720,27320,11128,27320,1567,572
5005,8720,27321,11128,27321,1567,572
5005,8720,27322,11128,27322,1567,572
5005,8720,27323,11128,27323,1567,572
5005,8720,27324,11128,27324,1567,572
5006,8720,27325,11128,27325,1567,572
5006,8720,27326,11128,27326,1567,572
5005,8720,27327,11128,27327,1567,572
5003,8720,27328,11128,27328,1567,572
5003,8720,27329,11128,27329,1567,572
5003,8720,27330,11128,27330,1567,572
5004,8720,27331,11128,27331,1567,572
5005,8720,27332,11128,27332,1567,572
5004,8720,27333,11128,27333,1567,572
5004,8720,27334,11128,27334,1567,572
5003,8720,27335,11128,27335,1567,572
5002,8720,27336,11128,27336,1567,572
5001,8720,27337,11128,27337,1567,572
5001,8720,27338,11128,27338,1567,572
5000,8720,27339,11128,27339,1567,572
5000,8720,27340,11128,27340,1567,572
4999,8720,27341,11128,27341,1567,572
5000,8720,27342,11128,27342,1567,572
5000,8720,27343,11128,27343,1567,572
5001,8720,27344,11128,27344,1567,572
5001,8720,27345,11128,27345,1567,572
4998,8720,27346,11128,27346,1567,572
4998,8720,27347,11128,27347,1567,572
4998,8720,27348,11128,27348,1567,572
4999,8720,27349,11128,27349,1567,572
4999,8720,27350,11128,27350,1567,572
5000,8720,27351,11128,27351,1567,572
5000,8720,27352,11128,27352,1567,572
5001,8720,27353,11128,27353,1567,572
5002,8720,27354,11128,27354,1567,572
5002,8720,27355,11128,27355,1567,572
5003,8720,27356,11128,27356,1567,572
5002,8720,27357,11128,27357,1567,572
5002,8720,27358,11128,27358,1567,572
5002,8720,27359,11128,27359,1567,572
5002,8720,27360,11128,27360,1567,572
5002,8720,27361,11128,27361,1567,572
5003,8720,27362,11128,27362,1567,572
5003,8720,27363,11128,27363,1567,572
5003,8720,27364,11128,27364,1567,572
5001,8720,27365,11128,27365,1567,572
5000,8720,27366,11128,27366,1567,572
5000,8720,27367,11128,27367,1567,572
4999,8720,27368,11128,27368,1567,572
4999,8720,27369,11128,27369,1567,572
4999,8720,27370,11128,27370,1567,572
4999,8720,27371,11128,27371,1567,572
4999,8720,27372,11128,27372,1567,572
4999,8720,27373,11128,27373,1567,572
5000,8720,27374,11128,27374,1567,572
5000,8720,27375,11128,27375,1567,572
5001,8720,27376,11128,27376,1567,572
5002,8720,27377,11128,27377,1567,572
5003,8720,27378,11128,27378,1567,572
5002,8720,27379,11128,27379,1567,572
5002,8720,27380,11128,27380,1567,572
5002,8720,27381,11128,27381,1567,572
5001,8720,27382,11128,27382,1567,572
4999,8720,27383,11128,27383,1567,571
4999,8720,27384,11128,27384,1567,571
4999,8720,27385,11128,27385,1567,571
5000,8720,27386,11128,27386,1567,571
4997,8720,27387,11128,27387,1567,570
4997,8720,27388,11128,27388,1567,570
4997,8720,27389,11128,27389,1567,570
4997,8720,27390,11128,27390,1567,570
4997,8720,27391,11128,27391,1567,570
4997,8720,27392,11128,27392,1567,570
4998,8720,27393,11128,27393,1567,570
4998,8720,27394,11128,27394,1567,570
4994,8720,27395,11128,27395,1567,569
4994,8720,27396,11128,27396,1567,569
4994,8720,27397,11128,27397,1567,569
4994,8720,27398,11128,27398,1567,569
4991,8720,27399,11128,27399,1567,568
4990,8720,27400,11128,27400,1567,568
4990,8720,27401,11128,27401,1567,568
4991,8720,27402,11128,27402,1567,568
4991,8720,27403,11128,27403,1567,568
4991,8720,27404,11128,27404,1567,568
4992,8720,27405,11128,27405,1567,568
4989,8720,27406,11128,27406,1567,567
4989,8720,27407,11128,27407,1567,567
4987,8720,27408,11128,27408,1567,567
4988,8720,27409,11128,27409,1567,567
4987,8720,27410,11128,27410,1567,567
4987,8720,27411,11128,27411,1567,567
4987,8720,27412,11128,27412,1567,567
4988,8720,27413,11128,27413,1567,567
4988,8720,27414,11128,27414,1567,567
4988,8720,27415,11128,27415,1567,567
4989,8720,27416,11128,27416,1567,567
4988,8720,27417,11128,27417,1567,567
4986,8720,27418,11128,27418,1567,567
4986,8720,27419,11128,27419,1567,567
4984,8720,27420,11128,27420,1567,567
4984,8720,27421,11128,27421,1567,567
4983,8720,27422,11128,27422,1567,567
4983,8720,27423,11128,27423,1567,567
4983,8720,27424,11128,27424,1567,567
4983,8720,27425,11128,27425,1567,567
4984,8720,27426,11128,27426,1567,567
4984,8720,27427,11128,27427,1567,567
4983,8720,27428,11128,27428,1567,567
4982,8720,27429,11128,27429,1567,567
4981,8720,27430,11128,27430,1567,567
4981,8720,27431,11128,27431,1567,567
4982,8720,27432,11128,27432,1567,567
4983,8720,27433,11128,27433,1567,567
4983,8720,27434,11128,27434,1567,567
4983,8720,27435,11128,27435,1567,567
4983,8720,27436,11128,27436,1567,567
4982,8720,27437,11128,27437,1567,567
4983,8720,27438,11128,27438,1567,567
4982,8720,27439,11128,27439,1567,567
4982,8720,27440,11128,27440,1567,567
4982,8720,27441,11128,27441,1567,567
4982,8720,27442,11128,27442,1567,567
4983,8720,27443,11128,27443,1567,567
4981,8720,27444,11128,27444,1567,567
4981,8720,27445,11128,27445,1567,567
4981,8720,27446,11128,27446,1567,567
4981,8720,27447,11128,27447,1567,567
4981,8720,27448,11128,27448,1567,567
4981,8720,27449,11128,27449,1567,567
4982,8720,27450,11128,27450,1567,567
4982,8720,27451,11128,27451,1567,567
4982,8720,27452,11128,27452,1567,567
4982,8720,27453,11128,27453,1567,567
4980,8720,27454,11128,27454,1567,567
4980,8720,27455,11128,27455,1567,567
4978,8720,27456,11128,27456,1567,567
4978,8720,27457,11128,27457,1567,567
4977,8720,27458,11128,27458,1567,567
4978,8720,27459,11128,27459,1567,567
4979,8720,27460,11128,27460,1567,567
4979,8720,27461,11128,27461,1567,567
4980,8720,27462,11128,27462,1567,567
4977,8720,27463,11128,27463,1567,567
4976,8720,27464,11128,27464,1567,567
4976,8720,27465,11128,27465,1567,567
4976,8720,27466,11128,27466,1567,567
4972,8720,27467,11128,27467,1567,565
4972,8720,27468,11128,27468,1567,565
4972,8720,27469,11128,27469,1567,565
4972,8720,27470,11128,27470,1567,565
4973,8720,27471,11128,27471,1567,565
4973,8720,27472,11128,27472,1567,565
4974,8720,27473,11128,27473,1567,565
4974,8720,27474,11128,27474,1567,565
4973,8720,27475,11128,27475,1567,565
4972,8720,27476,11128,27476,1567,565
4973,8720,27477,11128,27477,1567,565
4973,8720,27478,11128,27478,1567,565
4974,8720,27479,11128,27479,1567,565
4973,8720,27480,11128,27480,1567,565
4968,8720,27481,11128,27481,1567,563
4968,8720,27482,11128,27482,1567,563
4968,8720,27483,11128,27483,1567,563
4968,8720,27484,11128,27484,1567,563
4967,8720,27485,11128,27485,1567,563
4968,8720,27486,11128,27486,1567,563
4968,8720,27487,11128,27487,1567,563
4968,8720,27488,11128,27488,1567,563
4969,8720,27489,11128,27489,1567,563
4970,8720,27490,11128,27490,1567,563
4970,8720,27491,11128,27491,1567,563
4971,8720,27492,11128,27492,1567,563
4971,8720,27493,11128,27493,1567,563
4971,8720,27494,11128,27494,1567,563
4967,8720,27495,11128,27495,1567,562
4967,8720,27496,11128,27496,1567,562
4967,8720,27497,11128,27497,1567,562
4967,8720,27498,11128,27498,1567,562
4967,8720,27499,11128,27499,1567,562
4967,8720,27500,11128,27500,1567,562
4967,8720,27501,11128,27501,1567,562
4968,8720,27502,11128,27502,1567,562
4968,8720,27503,11128,27503,1567,562
4968,8720,27504,11128,27504,1567,562
4965,8720,27505,11128,27505,1567,562
4965,8720,27506,11128,27506,1567,562
4965,8720,27507,11128,27507,1567,562
4966,8720,27508,11128,27508,1567,562
4965,8720,27509,11128,27509,1567,562
4965,8720,27510,11128,27510,1567,562
4964,8720,27511,11128,27511,1567,562
4965,8720,27512,11128,27512,1567,562
4966,8720,27513,11128,27513,1567,562
4967,8720,27514,11128,27514,1567,562
4967,8720,27515,11128,27515,1567,562
4963,8720,27516,11128,27516,1567,562
4964,8720,27517,11128,27517,1567,562
4964,8720,27518,11128,27518,1567,562
4964,8720,27519,11128,27519,1567,562
4964,8720,27520,11128,27520,1567,562
4965,8720,27521,11128,27521,1567,562
4965,8720,27522,11128,27522,1567,562
4966,8720,27523,11128,27523,1567,562
4966,8720,27524,11128,27524,1567,562
4967,8720,27525,11128,27525,1567,562
4967,8720,27526,11128,27526,1567,562
4968,8720,27527,11128,27527,1567,562
4968,8720,27528,11128,27528,1567,562
4967,8720,27529,11128,27529,1567,562
4968,8720,27530,11128,27530,1567,562
4968,8720,27531,11128,27531,1567,562
4967,8720,27532,11128,27532,1567,562
4965,8720,27533,11128,27533,1567,562
4965,8720,27534,11128,27534,1567,562
4965,8720,27535,11128,27535,1567,562
4965,8720,27536,11128,27536,1567,562
4965,8720,27537,11128,27537,1567,562
4965,8720,27538,11128,27538,1567,562
4966,8720,27539,11128,27539,1567,562
4965,8720,27540,11128,27540,1567,562
4965,8720,27541,11128,27541,1567,562
4966,8720,27542,11128,27542,1567,562
4967,8720,27543,11128,27543,1567,562
4966,8720,27544,11128,27544,1567,562
4967,8720,27545,11128,27545,1567,562
4968,8720,27546,11128,27546,1567,562
4968,8720,27547,11128,27547,1567,562
4968,8720,27548,11128,27548,1567,562
4968,8720,27549,11128,27549,1567,562
4969,8720,27550,11128,27550,1567,562
4969,8720,27551,11128,27551,1567,562
4969,8720,27552,11128,27552,1567,562
4969,8720,27553,11128,27553,1567,562
4969,8720,27554,11128,27554,1567,562
4970,8720,27555,11128,27555,1567,562
4967,8720,27556,11128,27556,1567,560
4966,8720,27557,11128,27557,1567,560
4966,8720,27558,11128,27558,1567,560
4967,8720,27559,11128,27559,1567,560
4967,8720,27560,11128,27560,1567,560
4966,8720,27561,11128,27561,1567,560
4965,8720,27562,11128,27562,1567,560
4965,8720,27563,11128,27563,1567,560
4966,8720,27564,11128,27564,1567,560
4966,8720,27565,11128,27565,1567,560
4966,8720,27566,11128,27566,1567,560
4966,8720,27567,11128,27567,1567,560
4967,8720,27568,11128,27568,1567,560
4967,8720,27569,11128,27569,1567,560
4966,8720,27570,11128,27570,1567,560
4966,8720,27571,11128,27571,1567,560
4967,8720,27572,11128,27572,1567,560
4967,8720,27573,11128,27573,1567,560
4968,8720,27574,11128,27574,1567,560
4969,8720,27575,11128,27575,1567,560
4969,8720,27576,11128,27576,1567,560
4970,8720,27577,11128,27577,1567,560
4971,8720,27578,11128,27578,1567,560
4971,8720,27579,11128,27579,1567,560
4971,8720,27580,11128,27580,1567,560
4971,8720,27581,11128,27581,1567,560
4966,8720,27582,11128,27582,1567,559
4963,8720,27583,11128,27583,1567,558
4961,8720,27584,11128,27584,1567,558
4959,8720,27585,11128,27585,1567,558
4960,8720,27586,11128,27586,1567,558
4961,8720,27587,11128,27587,1567,558
4961,8720,27588,11128,27588,1567,558
4961,8720,27589,11128,27589,1567,558
4960,8720,27590,11128,27590,1567,558
4960,8720,27591,11128,27591,1567,558
4959,8720,27592,11128,27592,1567,558
4959,8720,27593,11128,27593,1567,558
4960,8720,27594,11128,27594,1567,558
4960,8720,27595,11128,27595,1567,558
4960,8720,27596,11128,27596,1567,558
4960,8720,27597,11128,27597,1567,558
4961,8720,27598,11128,27598,1567,558
4962,8720,27599,11128,27599,1567,558
4963,8720,27600,11128,27600,1567,558
4963,8720,27601,11128,27601,1567,558
4964,8720,27602,11128,27602,1567,558
4964,8720,27603,11128,27603,1567,558
4963,8720,27604,11128,27604,1567,558
4962,8720,27605,11128,27605,1567,558
4963,8720,27606,11128,27606,1567,558
4962,8720,27607,11128,27607,1567,558
4961,8720,27608,11128,27608,1567,558
4960,8720,27609,11128,27609,1567,558
4960,8720,27610,11128,27610,1567,558
4960,8720,27611,11128,27611,1567,558
4958,8720,27612,11128,27612,1567,558
4958,8720,27613,11128,27613,1567,558
4958,8720,27614,11128,27614,1567,558
4959,8720,27615,11128,27615,1567,558
4958,8720,27616,11128,27616,1567,558
4952,8720,27617,11128,27617,1567,555
4953,8720,27618,11128,27618,1567,555
4952,8720,27619,11128,27619,1567,555
4952,8720,27620,11128,27620,1567,555
4951,8720,27621,11128,27621,1567,555
4951,8720,27622,11128,27622,1567,555
4951,8720,27623,11128,27623,1567,555
4951,8720,27624,11128,27624,1567,555
4951,8720,27625,11128,27625,1567,555
4952,8720,27626,11128,27626,1567,555
4951,8720,27627,11128,27627,1567,555
4952,8720,27628,11128,27628,1567,555
4951,8720,27629,11128,27629,1567,555
4952,8720,27630,11128,27630,1567,555
4952,8720,27631,11128,27631,1567,555
4953,8720,27632,11128,27632,1567,555
4953,8720,27633,11128,27633,1567,555
4954,8720,27634,11128,27634,1567,555
4954,8720,27635,11128,27635,1567,555
4953,8720,27636,11128,27636,1567,555
4953,8720,27637,11128,27637,1567,555
4952,8720,27638,11128,27638,1567,555
4950,8720,27639,11128,27639,1567,555
4950,8720,27640,11128,27640,1567,555
4950,8720,27641,11128,27641,1567,555
4949,8720,27642,11128,27642,1567,555
4950,8720,27643,11128,27643,1567,555
4948,8720,27644,11128,27644,1567,554
4946,8720,27645,11128,27645,1567,554
4947,8720,27646,11128,27646,1567,554
4948,8720,27647,11128,27647,1567,554
4946,8720,27648,11128,27648,1567,553
4945,8720,27649,11128,27649,1567,553
4945,8720,27650,11128,27650,1567,553
4945,8720,27651,11128,27651,1567,553
4945,8720,27652,11128,27652,1567,553
4944,8720,27653,11128,27653,1567,553
4944,8720,27654,11128,27654,1567,553
4944,8720,27655,11128,27655,1567,553
4944,8720,27656,11128,27656,1567,553
4945,8720,27657,11128,27657,1567,553
4946,8720,27658,11128,27658,1567,553
4945,8720,27659,11128,27659,1567,553
4946,8720,27660,11128,27660,1567,553
4947,8720,27661,11128,27661,1567,553
4948,8720,27662,11128,27662,1567,553
4948,8720,27663,11128,27663,1567,553
4948,8720,27664,11128,27664,1567,553
4948,8720,27665,11128,27665,1567,553
4949,8720,27666,11128,27666,1567,553
4949,8720,27667,11128,27667,1567,553
4950,8720,27668,11128,27668,1567,553
4946,8720,27669,11128,27669,1567,550
4946,8720,27670,11128,27670,1567,550
4946,8720,27671,11128,27671,1567,550
4946,8720,27672,11128,27672,1567,550
4946,8720,27673,11128,27673,1567,550
4946,8720,27674,11128,27674,1567,550
4946,8720,27675,11128,27675,1567,550
4946,8720,27676,11128,27676,1567,550
4946,8720,27677,11128,27677,1567,550
4946,8720,27678,11128,27678,1567,550
4947,8720,27679,11128,27679,1567,550
4947,8720,27680,11128,27680,1567,550
4947,8720,27681,11128,27681,1567,550
4947,8720,27682,11128,27682,1567,550
4948,8720,27683,11128,27683,1567,550
4946,8720,27684,11128,27684,1567,550
4945,8720,27685,11128,27685,1567,550
4942,8720,27686,11128,27686,1567,549
4942,8720,27687,11128,27687,1567,549
4942,8720,27688,11128,27688,1567,549
4942,8720,27689,11128,27689,1567,549
4942,8720,27690,11128,27690,1567,549
4941,8720,27691,11128,27691,1567,549
4940,8720,27692,11128,27692,1567,549
4939,8720,27693,11128,27693,1567,549
4938,8720,27694,11128,27694,1567,549
4939,8720,27695,11128,27695,1567,549
4935,8720,27696,11128,27696,1567,545
4936,8720,27697,11128,27697,1567,545
4935,8720,27698,11128,27698,1567,545
4936,8720,27699,11128,27699,1567,545
4936,8720,27700,11128,27700,1567,545
4936,8720,27701,11128,27701,1567,545
4937,8720,27702,11128,27702,1567,545
4936,8720,27703,11128,27703,1567,544
4936,8720,27704,11128,27704,1567,544
4936,8720,27705,11128,27705,1567,544
4935,8720,27706,11128,27706,1567,544
4935,8720,27707,11128,27707,1567,544
4935,8720,27708,11128,27708,1567,544
4935,8720,27709,11128,27709,1567,544
4936,8720,27710,11128,27710,1567,544
4936,8720,27711,11128,27711,1567,544
4936,8720,27712,11128,27712,1567,544
4936,8720,27713,11128,27713,1567,544
4937,8720,27714,11128,27714,1567,544
4938,8720,27715,11128,27715,1567,544
4939,8720,27716,11128,27716,1567,544
4940,8720,27717,11128,27717,1567,544
4939,8720,27718,11128,27718,1567,544
4938,8720,27719,11128,27719,1567,544
4938,8720,27720,11128,27720,1567,544
4938,8720,27721,11128,27721,1567,544
4937,8720,27722,11128,27722,1567,544
4936,8720,27723,11128,27723,1567,544
4937,8720,27724,11128,27724,1567,544
4938,8720,27725,11128,27725,1567,544
4939,8720,27726,11128,27726,1567,544
4937,8720,27727,11128,27727,1567,544
4937,8720,27728,11128,27728,1567,544
4938,8720,27729,11128,27729,1567,544
4938,8720,27730,11128,27730,1567,544
4939,8720,27731,11128,27731,1567,544
4940,8720,27732,11128,27732,1567,544
4940,8720,27733,11128,27733,1567,544
4939,8720,27734,11128,27734,1567,544
4939,8720,27735,11128,27735,1567,544
4939,8720,27736,11128,27736,1567,544
4939,8720,27737,11128,27737,1567,544
4940,8720,27738,11128,27738,1567,544
4940,8720,27739,11128,27739,1567,544
4941,8720,27740,11128,27740,1567,544
4941,8720,27741,11128,27741,1567,544
4942,8720,27742,11128,27742,1567,544
4942,8720,27743,11128,27743,1567,544
4937,8720,27744,11128,27744,1567,544
4938,8720,27745,11128,27745,1567,544
4939,8720,27746,11128,27746,1567,544
4939,8720,27747,11128,27747,1567,544
4939,8720,27748,11128,27748,1567,544
4937,8720,27749,11128,27749,1567,544
4937,8720,27750,11128,27750,1567,544
4937,8720,27751,11128,27751,1567,544
4937,8720,27752,11128,27752,1567,544
4937,8720,27753,11128,27753,1567,544
4936,8720,27754,11128,27754,1567,544
4935,8720,27755,11128,27755,1567,544
4936,8720,27756,11128,27756,1567,544
4937,8720,27757,11128,27757,1567,544
4933,8720,27758,11128,27758,1567,544
4933,8720,27759,11128,27759,1567,544
4933,8720,27760,11128,27760,1567,544
4933,8720,27761,11128,27761,1567,544
4930,8720,27762,11128,27762,1567,544
4929,8720,27763,11128,27763,1567,544
4929,8720,27764,11128,27764,1567,544
4930,8720,27765,11128,27765,1567,544
4930,8720,27766,11128,27766,1567,544
4930,8720,27767,11128,27767,1567,544
4931,8720,27768,11128,27768,1567,544
4932,8720,27769,11128,27769,1567,544
4931,8720,27770,11128,27770,1567,544
4931,8720,27771,11128,27771,1567,544
4931,8720,27772,11128,27772,1567,544
4931,8720,27773,11128,27773,1567,544
4929,8720,27774,11128,27774,1567,544
4930,8720,27775,11128,27775,1567,544
4931,8720,27776,11128,27776,1567,544
4932,8720,27777,11128,27777,1567,544
4932,8720,27778,11128,27778,1567,544
4932,8720,27779,11128,27779,1567,544
4932,8720,27780,11128,27780,1567,544
4932,8720,27781,11128,27781,1567,544
4929,8720,27782,11128,27782,1567,544
4929,8720,27783,11128,27783,1567,544
4930,8720,27784,11128,27784,1567,544
4930,8720,27785,11128,27785,1567,544
4931,8720,27786,11128,27786,1567,544
4931,8720,27787,11128,27787,1567,544
4931,8720,27788,11128,27788,1567,544
4932,8720,27789,11128,27789,1567,544
4933,8720,27790,11128,27790,1567,544
4932,8720,27791,11128,27791,1567,544
4932,8720,27792,11128,27792,1567,544
4933,8720,27793,11128,27793,1567,544
4929,8720,27794,11128,27794,1567,544
4929,8720,27795,11128,27795,1567,544
4928,8720,27796,11128,27796,1567,544
4927,8720,27797,11128,27797,1567,544
4927,8720,27798,11128,27798,1567,544
4927,8720,27799,11128,27799,1567,544
4927,8720,27800,11128,27800,1567,544
4927,8720,27801,11128,27801,1567,544
4927,8720,27802,11128,27802,1567,544
4926,8720,27803,11128,27803,1567,544
4927,8720,27804,11128,27804,1567,544
4925,8720,27805,11128,27805,1567,544
4926,8720,27806,11128,27806,1567,544
4926,8720,27807,11128,27807,1567,544
4925,8720,27808,11128,27808,1567,544
4925,8720,27809,11128,27809,1567,544
4924,8720,27810,11128,27810,1567,544
4925,8720,27811,11128,27811,1567,544
4926,8720,27812,11128,27812,1567,544
4926,8720,27813,11128,27813,1567,544
4926,8720,27814,11128,27814,1567,544
4926,8720,27815,11128,27815,1567,544
4926,8720,27816,11128,27816,1567,544
4926,8720,27817,11128,27817,1567,544
4926,8720,27818,11128,27818,1567,544
4925,8720,27819,11128,27819,1567,544
4922,8720,27820,11128,27820,1567,544
4922,8720,27821,11128,27821,1567,544
4923,8720,27822,11128,27822,1567,544
4922,8720,27823,11128,27823,1567,544
4919,8720,27824,11128,27824,1567,542
4918,8720,27825,11128,27825,1567,542
4917,8720,27826,11128,27826,1567,542
4916,8720,27827,11128,27827,1567,542
4916,8720,27828,11128,27828,1567,542
4916,8720,27829,11128,27829,1567,542
4917,8720,27830,11128,27830,1567,542
4917,8720,27831,11128,27831,1567,542
4918,8720,27832,11128,27832,1567,542
4918,8720,27833,11128,27833,1567,542
4919,8720,27834,11128,27834,1567,542
4919,8720,27835,11128,27835,1567,542
4918,8720,27836,11128,27836,1567,542
4918,8720,27837,11128,27837,1567,542
4919,8720,27838,11128,27838,1567,542
4919,8720,27839,11128,27839,1567,542
4920,8720,27840,11128,27840,1567,542
4920,8720,27841,11128,27841,1567,542
4920,8720,27842,11128,27842,1567,542
4920,8720,27843,11128,27843,1567,542
4920,8720,27844,11128,27844,1567,542
4920,8720,27845,11128,27845,1567,542
4921,8720,27846,11128,27846,1567,542
4920,8720,27847,11128,27847,1567,542
4919,8720,27848,11128,27848,1567,542
4918,8720,27849,11128,27849,1567,542
4918,8720,27850,11128,27850,1567,542
4917,8720,27851,11128,27851,1567,542
4917,8720,27852,11128,27852,1567,542
4917,8720,27853,11128,27853,1567,542
4917,8720,27854,11128,27854,1567,542
4917,8720,27855,11128,27855,1567,542
4918,8720,27856,11128,27856,1567,542
4918,8720,27857,11128,27857,1567,542
4919,8720,27858,11128,27858,1567,542
4918,8720,27859,11128,27859,1567,542
4919,8720,27860,11128,27860,1567,542
4918,8720,27861,11128,27861,1567,542
4919,8720,27862,11128,27862,1567,542
4920,8720,27863,11128,27863,1567,542
4920,8720,27864,11128,27864,1567,542
4919,8720,27865,11128,27865,1567,542
4918,8720,27866,11128,27866,1567,542
4916,8720,27867,11128,27867,1567,542
4916,8720,27868,11128,27868,1567,542
4915,8720,27869,11128,27869,1567,542
4915,8720,27870,11128,27870,1567,542
4915,8720,27871,11128,27871,1567,542
4915,8720,27872,11128,27872,1567,542
4915,8720,27873,11128,27873,1567,542
4915,8720,27874,11128,27874,1567,542
4914,8720,27875,11128,27875,1567,542
4914,8720,27876,11128,27876,1567,542
4915,8720,27877,11128,27877,1567,542
4915,8720,27878,11128,27878,1567,542
4915,8720,27879,11128,27879,1567,542
4915,8720,27880,11128,27880,1567,542
4915,8720,27881,11128,27881,1567,542
4915,8720,27882,11128,27882,1567,542
4911,8720,27883,11128,27883,1567,539
4910,8720,27884,11128,27884,1567,539
4910,8720,27885,11128,27885,1567,539
4910,8720,27886,11128,27886,1567,539
4911,8720,27887,11128,27887,1567,539
4911,8720,27888,11128,27888,1567,539
4912,8720,27889,11128,27889,1567,539
4911,8720,27890,11128,27890,1567,539
4912,8720,27891,11128,27891,1567,539
4912,8720,27892,11128,27892,1567,539
4912,8720,27893,11128,27893,1567,539
4912,8720,27894,11128,27894,1567,539
4912,8720,27895,11128,27895,1567,539
4912,8720,27896,11128,27896,1567,539
4912,8720,27897,11128,27897,1567,539
4912,8720,27898,11128,27898,1567,539
4910,8720,27899,11128,27899,1567,539
4910,8720,27900,11128,27900,1567,539
4910,8720,27901,11128,27901,1567,539
4910,8720,27902,11128,27902,1567,539
4907,8720,27903,11128,27903,1567,539
4908,8720,27904,11128,27904,1567,539
4907,8720,27905,11128,27905,1567,539
4907,8720,27906,11128,27906,1567,539
4905,8720,27907,11128,27907,1567,539
4905,8720,27908,11128,27908,1567,539
4905,8720,27909,11128,27909,1567,539
4906,8720,27910,11128,27910,1567,539
4903,8720,27911,11128,27911,1567,539
4904,8720,27912,11128,27912,1567,539
4903,8720,27913,11128,27913,1567,539
4903,8720,27914,11128,27914,1567,539
4904,8720,27915,11128,27915,1567,539
4903,8720,27916,11128,27916,1567,539
4903,8720,27917,11128,27917,1567,539
4903,8720,27918,11128,27918,1567,539
4904,8720,27919,11128,27919,1567,539
4904,8720,27920,11128,27920,1567,539
4904,8720,27921,11128,27921,1567,539
4904,8720,27922,11128,27922,1567,539
4903,8720,27923,11128,27923,1567,539
4903,8720,27924,11128,27924,1567,539
4902,8720,27925,11128,27925,1567,539
4899,8720,27926,11128,27926,1567,537
4898,8720,27927,11128,27927,1567,537
4899,8720,27928,11128,27928,1567,537
4899,8720,27929,11128,27929,1567,537
4900,8720,27930,11128,27930,1567,537
4900,8720,27931,11128,27931,1567,537
4901,8720,27932,11128,27932,1567,537
4901,8720,27933,11128,27933,1567,537
4902,8720,27934,11128,27934,1567,537
4901,8720,27935,11128,27935,1567,537
4902,8720,27936,11128,27936,1567,537
4902,8720,27937,11128,27937,1567,537
4902,8720,27938,11128,27938,1567,537
4903,8720,27939,11128,27939,1567,537
4903,8720,27940,11128,27940,1567,537
4903,8720,27941,11128,27941,1567,537
4901,8720,27942,11128,27942,1567,537
4901,8720,27943,11128,27943,1567,537
4900,8720,27944,11128,27944,1567,537
4899,8720,27945,11128,27945,1567,537
4900,8720,27946,11128,27946,1567,537
4900,8720,27947,11128,27947,1567,537
4900,8720,27948,11128,27948,1567,537
4900,8720,27949,11128,27949,1567,537
4900,8720,27950,11128,27950,1567,537
4900,8720,27951,11128,27951,1567,537
4901,8720,27952,11128,27952,1567,537
4902,8720,27953,11128,27953,1567,537
4902,8720,27954,11128,27954,1567,537
4901,8720,27955,11128,27955,1567,537
4902,8720,27956,11128,27956,1567,537
4902,8720,27957,11128,27957,1567,537
4901,8720,27958,11128,27958,1567,537
4902,8720,27959,11128,27959,1567,537
4903,8720,27960,11128,27960,1567,537
4903,8720,27961,11128,27961,1567,537
4904,8720,27962,11128,27962,1567,537
4904,8720,27963,11128,27963,1567,537
4904,8720,27964,11128,27964,1567,537
4904,8720,27965,11128,27965,1567,537
4905,8720,27966,11128,27966,1567,537
4906,8720,27967,11128,27967,1567,537
4906,8720,27968,11128,27968,1567,537
4906,8720,27969,11128,27969,1567,537
4906,8720,27970,11128,27970,1567,537
4904,8720,27971,11128,27971,1567,537
4904,8720,27972,11128,27972,1567,537
4904,8720,27973,11128,27973,1567,537
4904,8720,27974,11128,27974,1567,537
4904,8720,27975,11128,27975,1567,537
4905,8720,27976,11128,27976,1567,537
4903,8720,27977,11128,27977,1567,537
4903,8720,27978,11128,27978,1567,537
4902,8720,27979,11128,27979,1567,537
4902,8720,27980,11128,27980,1567,537
4903,8720,27981,11128,27981,1567,537
4903,8720,27982,11128,27982,1567,537
4903,8720,27983,11128,27983,1567,537
4903,8720,27984,11128,27984,1567,537
4904,8720,27985,11128,27985,1567,537
4904,8720,27986,11128,27986,1567,537
4904,8720,27987,11128,27987,1567,537
4904,8720,27988,11128,27988,1567,537
4904,8720,27989,11128,27989,1567,537
4904,8720,27990,11128,27990,1567,537
4904,8720,27991,11128,27991,1567,537
4904,8720,27992,11128,27992,1567,537
4904,8720,27993,11128,27993,1567,537
4905,8720,27994,11128,27994,1567,537
4905,8720,27995,11128,27995,1567,537
4905,8720,27996,11128,27996,1567,537
4906,8720,27997,11128,27997,1567,537
4907,8720,27998,11128,27998,1567,537
4906,8720,27999,11128,27999,1567,537
4906,8720,28000,11128,28000,1567,537
4906,8720,28001,11128,28001,1567,537
4907,8720,28002,11128,28002,1567,537
4907,8720,28003,11128,28003,1567,537
4906,8720,28004,11128,28004,1567,537
4904,8720,28005,11128,28005,1567,537
4904,8720,28006,11128,28006,1567,537
4904,8720,28007,11128,28007,1567,537
4905,8720,28008,11128,28008,1567,537
4905,8720,28009,11128,28009,1567,537
4906,8720,28010,11128,28010,1567,537
4905,8720,28011,11128,28011,1567,537
4902,8720,28012,11128,28012,1567,537
4897,8720,28013,11128,28013,1567,535
4897,8720,28014,11128,28014,1567,535
4897,8720,28015,11128,28015,1567,535
4896,8720,28016,11128,28016,1567,535
4896,8720,28017,11128,28017,1567,535
4897,8720,28018,11128,28018,1567,535
4897,8720,28019,11128,28019,1567,535
4892,8720,28020,11128,28020,1567,532
4893,8720,28021,11128,28021,1567,532
4892,8720,28022,11128,28022,1567,532
4892,8720,28023,11128,28023,1567,532
4891,8720,28024,11128,28024,1567,532
4890,8720,28025,11128,28025,1567,532
4890,8720,28026,11128,28026,1567,532
4891,8720,28027,11128,28027,1567,532
4887,8720,28028,11128,28028,1567,530
4887,8720,28029,11128,28029,1567,530
4887,8720,28030,11128,28030,1567,530
4888,8720,28031,11128,28031,1567,530
4887,8720,28032,11128,28032,1567,530
4886,8720,28033,11128,28033,1567,530
4887,8720,28034,11128,28034,1567,530
4887,8720,28035,11128,28035,1567,530
4887,8720,28036,11128,28036,1567,530
4887,8720,28037,11128,28037,1567,530
4887,8720,28038,11128,28038,1567,530
4887,8720,28039,11128,28039,1567,530
4885,8720,28040,11128,28040,1567,530
4883,8720,28041,11128,28041,1567,530
4884,8720,28042,11128,28042,1567,530
4884,8720,28043,11128,28043,1567,530
4885,8720,28044,11128,28044,1567,530
4886,8720,28045,11128,28045,1567,530
4886,8720,28046,11128,28046,1567,530
4886,8720,28047,11128,28047,1567,530
4886,8720,28048,11128,28048,1567,530
4886,8720,28049,11128,28049,1567,530
4885,8720,28050,11128,28050,1567,530
4884,8720,28051,11128,28051,1567,530
4885,8720,28052,11128,28052,1567,530
4886,8720,28053,11128,28053,1567,530
4886,8720,28054,11128,28054,1567,530
4886,8720,28055,11128,28055,1567,530
4887,8720,28056,11128,28056,1567,530
4887,8720,28057,11128,28057,1567,530
4886,8720,28058,11128,28058,1567,530
4886,8720,28059,11128,28059,1567,530
4886,8720,28060,11128,28060,1567,530
4886,8720,28061,11128,28061,1567,530
4886,8720,28062,11128,28062,1567,530
4886,8720,28063,11128,28063,1567,530
4885,8720,28064,11128,28064,1567,530
4883,8720,28065,11128,28065,1567,530
4883,8720,28066,11128,28066,1567,530
4884,8720,28067,11128,28067,1567,530
4884,8720,28068,11128,28068,1567,530
4884,8720,28069,11128,28069,1567,530
4885,8720,28070,11128,28070,1567,530
4885,8720,28071,11128,28071,1567,530
4881,8720,28072,11128,28072,1567,527
4881,8720,28073,11128,28073,1567,527
4882,8720,28074,11128,28074,1567,527
4883,8720,28075,11128,28075,1567,527
4883,8720,28076,11128,28076,1567,527
4880,8720,28077,11128,28077,1567,525
4880,8720,28078,11128,28078,1567,525
4879,8720,28079,11128,28079,1567,525
4879,8720,28080,11128,28080,1567,525
4879,8720,28081,11128,28081,1567,525
4879,8720,28082,11128,28082,1567,525
4878,8720,28083,11128,28083,1567,525
4875,8720,28084,11128,28084,1567,524
4874,8720,28085,11128,28085,1567,524
4874,8720,28086,11128,28086,1567,524
4871,8720,28087,11128,28087,1567,521
4871,8720,28088,11128,28088,1567,521
4872,8720,28089,11128,28089,1567,521
4872,8720,28090,11128,28090,1567,521
4871,8720,28091,11128,28091,1567,521
4870,8720,28092,11128,28092,1567,521
4866,8720,28093,11128,28093,1567,521
4865,8720,28094,11128,28094,1567,521
4866,8720,28095,11128,28095,1567,521
4866,8720,28096,11128,28096,1567,521
4864,8720,28097,11128,28097,1567,521
4864,8720,28098,11128,28098,1567,521
4864,8720,28099,11128,28099,1567,521
4864,8720,28100,11128,28100,1567,521
4864,8720,28101,11128,28101,1567,521
4864,8720,28102,11128,28102,1567,521
4863,8720,28103,11128,28103,1567,521
4862,8720,28104,11128,28104,1567,521
4862,8720,28105,11128,28105,1567,521
4862,8720,28106,11128,28106,1567,521
4862,8720,28107,11128,28107,1567,521
4863,8720,28108,11128,28108,1567,521
4862,8720,28109,11128,28109,1567,521
4862,8720,28110,11128,28110,1567,521
4860,8720,28111,11128,28111,1567,521
4861,8720,28112,11128,28112,1567,521
4860,8720,28113,11128,28113,1567,521
4861,8720,28114,11128,28114,1567,521
4861,8720,28115,11128,28115,1567,521
4862,8720,28116,11128,28116,1567,521
4862,8720,28117,11128,28117,1567,521
4862,8720,28118,11128,28118,1567,521
4863,8720,28119,11128,28119,1567,521
4863,8720,28120,11128,28120,1567,521
4864,8720,28121,11128,28121,1567,521
4865,8720,28122,11128,28122,1567,521
4863,8720,28123,11128,28123,1567,521
4863,8720,28124,11128,28124,1567,521
4862,8720,28125,11128,28125,1567,521
4862,8720,28126,11128,28126,1567,521
4862,8720,28127,11128,28127,1567,521
4863,8720,28128,11128,28128,1567,521
4863,8720,28129,11128,28129,1567,521
4863,8720,28130,11128,28130,1567,521
4864,8720,28131,11128,28131,1567,521
4864,8720,28132,11128,28132,1567,521
4864,8720,28133,11128,28133,1567,521
4864,8720,28134,11128,28134,1567,521
4863,8720,28135,11128,28135,1567,521
4862,8720,28136,11128,28136,1567,521
4863,8720,28137,11128,28137,1567,521
4863,8720,28138,11128,28138,1567,521
4863,8720,28139,11128,28139,1567,521
4863,8720,28140,11128,28140,1567,521
4863,8720,28141,11128,28141,1567,521
4863,8720,28142,11128,28142,1567,521
4864,8720,28143,11128,28143,1567,521
4864,8720,28144,11128,28144,1567,521
4864,8720,28145,11128,28145,1567,521
4863,8720,28146,11128,28146,1567,521
4864,8720,28147,11128,28147,1567,521
4862,8720,28148,11128,28148,1567,521
4862,8720,28149,11128,28149,1567,521
4863,8720,28150,11128,28150,1567,521
4862,8720,28151,11128,28151,1567,520
4862,8720,28152,11128,28152,1567,520
4860,8720,28153,11128,28153,1567,518
4860,8720,28154,11128,28154,1567,518
4860,8720,28155,11128,28155,1567,518
4860,8720,28156,11128,28156,1567,518
4860,8720,28157,11128,28157,1567,518
4860,8720,28158,11128,28158,1567,518
4860,8720,28159,11128,28159,1567,518
4861,8720,28160,11128,28160,1567,518
4862,8720,28161,11128,28161,1567,518
4863,8720,28162,11128,28162,1567,518
4863,8720,28163,11128,28163,1567,518
4861,8720,28164,11128,28164,1567,518
4861,8720,28165,11128,28165,1567,518
4862,8720,28166,11128,28166,1567,518
4861,8720,28167,11128,28167,1567,518
4861,8720,28168,11128,28168,1567,518
4861,8720,28169,11128,28169,1567,518
4861,8720,28170,11128,28170,1567,518
4862,8720,28171,11128,28171,1567,518
4863,8720,28172,11128,28172,1567,518
4863,8720,28173,11128,28173,1567,518
4861,8720,28174,11128,28174,1567,518
4861,8720,28175,11128,28175,1567,518
4861,8720,28176,11128,28176,1567,518
4861,8720,28177,11128,28177,1567,518
4861,8720,28178,11128,28178,1567,518
4861,8720,28179,11128,28179,1567,518
4862,8720,28180,11128,28180,1567,518
4861,8720,28181,11128,28181,1567,518
4861,8720,28182,11128,28182,1567,518
4862,8720,28183,11128,28183,1567,518
4861,8720,28184,11128,28184,1567,518
4861,8720,28185,11128,28185,1567,518
4862,8720,28186,11128,28186,1567,518
4863,8720,28187,11128,28187,1567,518
4864,8720,28188,11128,28188,1567,518
4864,8720,28189,11128,28189,1567,518
4864,8720,28190,11128,28190,1567,518
4865,8720,28191,11128,28191,1567,518
4865,8720,28192,11128,28192,1567,518
4864,8720,28193,11128,28193,1567,518
4864,8720,28194,11128,28194,1567,518
4863,8720,28195,11128,28195,1567,518
4863,8720,28196,11128,28196,1567,518
4863,8720,28197,11128,28197,1567,518
4862,8720,28198,11128,28198,1567,518
4862,8720,28199,11128,28199,1567,518
4861,8720,28200,11128,28200,1567,518
4861,8720,28201,11128,28201,1567,518
4862,8720,28202,11128,28202,1567,518
4862,8720,28203,11128,28203,1567,518
4862,8720,28204,11128,28204,1567,518
4862,8720,28205,11128,28205,1567,518
4862,8720,28206,11128,28206,1567,518
4862,8720,28207,11128,28207,1567,518
4863,8720,28208,11128,28208,1567,518
4863,8720,28209,11128,28209,1567,518
4863,8720,28210,11128,28210,1567,518
4863,8720,28211,11128,28211,1567,518
4863,8720,28212,11128,28212,1567,518
4863,8720,28213,11128,28213,1567,518
4863,8720,28214,11128,28214,1567,518
4863,8720,28215,11128,28215,1567,518
4859,8720,28216,11128,28216,1567,518
4859,8720,28217,11128,28217,1567,518
4859,8720,28218,11128,28218,1567,518
4857,8720,28219,11128,28219,1567,518
4857,8720,28220,11128,28220,1567,518
4857,8720,28221,11128,28221,1567,518
4858,8720,28222,11128,28222,1567,518
4858,8720,28223,11128,28223,1567,518
4859,8720,28224,11128,28224,1567,518
4859,8720,28225,11128,28225,1567,518
4860,8720,28226,11128,28226,1567,518
4855,8720,28227,11128,28227,1567,518
4855,8720,28228,11128,28228,1567,518
4855,8720,28229,11128,28229,1567,518
4854,8720,28230,11128,28230,1567,518
4855,8720,28231,11128,28231,1567,518
4855,8720,28232,11128,28232,1567,518
4855,8720,28233,11128,28233,1567,518
4854,8720,28234,11128,28234,1567,518
4854,8720,28235,11128,28235,1567,518
4855,8720,28236,11128,28236,1567,518
4855,8720,28237,11128,28237,1567,518
4855,8720,28238,11128,28238,1567,518
4856,8720,28239,11128,28239,1567,518
4857,8720,28240,11128,28240,1567,518
4857,8720,28241,11128,28241,1567,518
4858,8720,28242,11128,28242,1567,518
4857,8720,28243,11128,28243,1567,518
4857,8720,28244,11128,28244,1567,518
4857,8720,28245,11128,28245,1567,518
4857,8720,28246,11128,28246,1567,518
4857,8720,28247,11128,28247,1567,518
4858,8720,28248,11128,28248,1567,518
4855,8720,28249,11128,28249,1567,518
4852,8720,28250,11128,28250,1567,517
4851,8720,28251,11128,28251,1567,517
4852,8720,28252,11128,28252,1567,517
4853,8720,28253,11128,28253,1567,517
4852,8720,28254,11128,28254,1567,517
4851,8720,28255,11128,28255,1567,517
4851,8720,28256,11128,28256,1567,517
4851,8720,28257,11128,28257,1567,517
4851,8720,28258,11128,28258,1567,517
4850,8720,28259,11128,28259,1567,517
4850,8720,28260,11128,28260,1567,517
4850,8720,28261,11128,28261,1567,517
4850,8720,28262,11128,28262,1567,517
4849,8720,28263,11128,28263,1567,517
4849,8720,28264,11128,28264,1567,517
4849,8720,28265,11128,28265,1567,517
4848,8720,28266,11128,28266,1567,517
4849,8720,28267,11128,28267,1567,517
4848,8720,28268,11128,28268,1567,517
4849,8720,28269,11128,28269,1567,517
4849,8720,28270,11128,28270,1567,517
4849,8720,28271,11128,28271,1567,517
4847,8720,28272,11128,28272,1567,517
4846,8720,28273,11128,28273,1567,517
4846,8720,28274,11128,28274,1567,517
4846,8720,28275,11128,28275,1567,517
4846,8720,28276,11128,28276,1567,517
4847,8720,28277,11128,28277,1567,517
4846,8720,28278,11128,28278,1567,517
4846,8720,28279,11128,28279,1567,517
4847,8720,28280,11128,28280,1567,517
4847,8720,28281,11128,28281,1567,517
4846,8720,28282,11128,28282,1567,517
4845,8720,28283,11128,28283,1567,517
4846,8720,28284,11128,28284,1567,517
4845,8720,28285,11128,28285,1567,517
4846,8720,28286,11128,28286,1567,517
4847,8720,28287,11128,28287,1567,517
4847,8720,28288,11128,28288,1567,517
4848,8720,28289,11128,28289,1567,517
4849,8720,28290,11128,28290,1567,517
4847,8720,28291,11128,28291,1567,517
4846,8720,28292,11128,28292,1567,517
4846,8720,28293,11128,28293,1567,517
4846,8720,28294,11128,28294,1567,517
4846,8720,28295,11128,28295,1567,517
4847,8720,28296,11128,28296,1567,517
4847,8720,28297,11128,28297,1567,517
4847,8720,28298,11128,28298,1567,517
4847,8720,28299,11128,28299,1567,517
4847,8720,28300,11128,28300,1567,517
4847,8720,28301,11128,28301,1567,517
4848,8720,28302,11128,28302,1567,517
4847,8720,28303,11128,28303,1567,517
4846,8720,28304,11128,28304,1567,516
4845,8720,28305,11128,28305,1567,516
4846,8720,28306,11128,28306,1567,516
4846,8720,28307,11128,28307,1567,516
4846,8720,28308,11128,28308,1567,516
4846,8720,28309,11128,28309,1567,516
4846,8720,28310,11128,28310,1567,516
4844,8720,28311,11128,28311,1567,516
4844,8720,28312,11128,28312,1567,516
4843,8720,28313,11128,28313,1567,516
4841,8720,28314,11128,28314,1567,516
4841,8720,28315,11128,28315,1567,516
4841,8720,28316,11128,28316,1567,516
4841,8720,28317,11128,28317,1567,516
4837,8720,28318,11128,28318,1567,514
4838,8720,28319,11128,28319,1567,514
4836,8720,28320,11128,28320,1567,514
4836,8720,28321,11128,28321,1567,514
4837,8720,28322,11128,28322,1567,514
4835,8720,28323,11128,28323,1567,514
4835,8720,28324,11128,28324,1567,514
4835,8720,28325,11128,28325,1567,514
4835,8720,28326,11128,28326,1567,514
4835,8720,28327,11128,28327,1567,514
4832,8720,28328,11128,28328,1567,514
4833,8720,28329,11128,28329,1567,514
4832,8720,28330,11128,28330,1567,514
4828,8720,28331,11128,28331,1567,513
4829,8720,28332,11128,28332,1567,513
4829,8720,28333,11128,28333,1567,513
4828,8720,28334,11128,28334,1567,513
4829,8720,28335,11128,28335,1567,513
4828,8720,28336,11128,28336,1567,513
4828,8720,28337,11128,28337,1567,513
4829,8720,28338,11128,28338,1567,513
4827,8720,28339,11128,28339,1567,512
4827,8720,28340,11128,28340,1567,512
4828,8720,28341,11128,28341,1567,512
4828,8720,28342,11128,28342,1567,512
4826,8720,28343,11128,28343,1567,512
4822,8720,28344,11128,28344,1567,512
4823,8720,28345,11128,28345,1567,512
4821,8720,28346,11128,28346,1567,512
4821,8720,28347,11128,28347,1567,512
4820,8720,28348,11128,28348,1567,512
4819,8720,28349,11128,28349,1567,512
4819,8720,28350,11128,28350,1567,512
4815,8720,28351,11128,28351,1567,511
4811,8720,28352,11128,28352,1567,510
4811,8720,28353,11128,28353,1567,510
4811,8720,28354,11128,28354,1567,510
4810,8720,28355,11128,28355,1567,510
4811,8720,28356,11128,28356,1567,510
4809,8720,28357,11128,28357,1567,510
4809,8720,28358,11128,28358,1567,510
4809,8720,28359,11128,28359,1567,510
4809,8720,28360,11128,28360,1567,510
4809,8720,28361,11128,28361,1567,510
4809,8720,28362,11128,28362,1567,510
4810,8720,28363,11128,28363,1567,510
4810,8720,28364,11128,28364,1567,510
4810,8720,28365,11128,28365,1567,510
4811,8720,28366,11128,28366,1567,510
4811,8720,28367,11128,28367,1567,510
4810,8720,28368,11128,28368,1567,510
4811,8720,28369,11128,28369,1567,510
4811,8720,28370,11128,28370,1567,510
4812,8720,28371,11128,28371,1567,510
4812,8720,28372,11128,28372,1567,510
4812,8720,28373,11128,28373,1567,510
4812,8720,28374,11128,28374,1567,510
4812,8720,28375,11128,28375,1567,510
4812,8720,28376,11128,28376,1567,510
4812,8720,28377,11128,28377,1567,510
4812,8720,28378,11128,28378,1567,510
4812,8720,28379,11128,28379,1567,510
4812,8720,28380,11128,28380,1567,510
4812,8720,28381,11128,28381,1567,510
4812,8720,28382,11128,28382,1567,510
4812,8720,28383,11128,28383,1567,510
4812,8720,28384,11128,28384,1567,510
4813,8720,28385,11128,28385,1567,510
4813,8720,28386,11128,28386,1567,510
4814,8720,28387,11128,28387,1567,510
4814,8720,28388,11128,28388,1567,510
4814,8720,28389,11128,28389,1567,510
4814,8720,28390,11128,28390,1567,510
4814,8720,28391,11128,28391,1567,510
4814,8720,28392,11128,28392,1567,510
4813,8720,28393,11128,28393,1567,510
4813,8720,28394,11128,28394,1567,510
4813,8720,28395,11128,28395,1567,510
4812,8720,28396,11128,28396,1567,510
4811,8720,28397,11128,28397,1567,510
4811,8720,28398,11128,28398,1567,510
4811,8720,28399,11128,28399,1567,510
4811,8720,28400,11128,28400,1567,510
4812,8720,28401,11128,28401,1567,510
4812,8720,28402,11128,28402,1567,510
4812,8720,28403,11128,28403,1567,510
4807,8720,28404,11128,28404,1567,508
4807,8720,28405,11128,28405,1567,508
4806,8720,28406,11128,28406,1567,508
4807,8720,28407,11128,28407,1567,508
4807,8720,28408,11128,28408,1567,508
4808,8720,28409,11128,28409,1567,508
4807,8720,28410,11128,28410,1567,508
4808,8720,28411,11128,28411,1567,508
4808,8720,28412,11128,28412,1567,508
4808,8720,28413,11128,28413,1567,508
4808,8720,28414,11128,28414,1567,508
4808,8720,28415,11128,28415,1567,508
4808,8720,28416,11128,28416,1567,508
4808,8720,28417,11128,28417,1567,508
4809,8720,28418,11128,28418,1567,508
4808,8720,28419,11128,28419,1567,508
4808,8720,28420,11128,28420,1567,508
4808,8720,28421,11128,28421,1567,508
4809,8720,28422,11128,28422,1567,508
4809,8720,28423,11128,28423,1567,508
4810,8720,28424,11128,28424,1567,508
4809,8720,28425,11128,28425,1567,508
4809,8720,28426,11128,28426,1567,508
4809,8720,28427,11128,28427,1567,508
4809,8720,28428,11128,28428,1567,508
4806,8720,28429,11128,28429,1567,508
4806,8720,28430,11128,28430,1567,508
4805,8720,28431,11128,28431,1567,508
4805,8720,28432,11128,28432,1567,508
4804,8720,28433,11128,28433,1567,508
4803,8720,28434,11128,28434,1567,508
4804,8720,28435,11128,28435,1567,508
4804,8720,28436,11128,28436,1567,508
4804,8720,28437,11128,28437,1567,508
4800,8720,28438,11128,28438,1567,506
4799,8720,28439,11128,28439,1567,506
4799,8720,28440,11128,28440,1567,506
4795,8720,28441,11128,28441,1567,506
4794,8720,28442,11128,28442,1567,506
4795,8720,28443,11128,28443,1567,506
4794,8720,28444,11128,28444,1567,506
4794,8720,28445,11128,28445,1567,506
4794,8720,28446,11128,28446,1567,506
4795,8720,28447,11128,28447,1567,506
4796,8720,28448,11128,28448,1567,506
4796,8720,28449,11128,28449,1567,506
4796,8720,28450,11128,28450,1567,506
4796,8720,28451,11128,28451,1567,506
4796,8720,28452,11128,28452,1567,506
4795,8720,28453,11128,28453,1567,506
4795,8720,28454,11128,28454,1567,506
4794,8720,28455,11128,28455,1567,506
4794,8720,28456,11128,28456,1567,506
4795,8720,28457,11128,28457,1567,506
4795,8720,28458,11128,28458,1567,506
4793,8720,28459,11128,28459,1567,506
4793,8720,28460,11128,28460,1567,506
4793,8720,28461,11128,28461,1567,506
4794,8720,28462,11128,28462,1567,506
4795,8720,28463,11128,28463,1567,506
4796,8720,28464,11128,28464,1567,506
4796,8720,28465,11128,28465,1567,506
4796,8720,28466,11128,28466,1567,506
4794,8720,28467,11128,28467,1567,506
4794,8720,28468,11128,28468,1567,506
4794,8720,28469,11128,28469,1567,506
4795,8720,28470,11128,28470,1567,506
4794,8720,28471,11128,28471,1567,506
4795,8720,28472,11128,28472,1567,506
4796,8720,28473,11128,28473,1567,506
4797,8720,28474,11128,28474,1567,506
4797,8720,28475,11128,28475,1567,506
4797,8720,28476,11128,28476,1567,506
4797,8720,28477,11128,28477,1567,506
4798,8720,28478,11128,28478,1567,506
4798,8720,28479,11128,28479,1567,506
4798,8720,28480,11128,28480,1567,506
4799,8720,28481,11128,28481,1567,506
4800,8720,28482,11128,28482,1567,506
4801,8720,28483,11128,28483,1567,506
4801,8720,28484,11128,28484,1567,506
4801,8720,28485,11128,28485,1567,506
4800,8720,28486,11128,28486,1567,506
4799,8720,28487,11128,28487,1567,506
4799,8720,28488,11128,28488,1567,506
4799,8720,28489,11128,28489,1567,506
4799,8720,28490,11128,28490,1567,506
4800,8720,28491,11128,28491,1567,506
4800,8720,28492,11128,28492,1567,506
4800,8720,28493,11128,28493,1567,506
4800,8720,28494,11128,28494,1567,506
4800,8720,28495,11128,28495,1567,506
4801,8720,28496,11128,28496,1567,506
4802,8720,28497,11128,28497,1567,506
4799,8720,28498,11128,28498,1567,506
4799,8720,28499,11128,28499,1567,506
4799,8720,28500,11128,28500,1567,506
4800,8720,28501,11128,28501,1567,506
4800,8720,28502,11128,28502,1567,506
4799,8720,28503,11128,28503,1567,506
4799,8720,28504,11128,28504,1567,506
4799,8720,28505,11128,28505,1567,506
4799,8720,28506,11128,28506,1567,506
4799,8720,28507,11128,28507,1567,506
4798,8720,28508,11128,28508,1567,506
4797,8720,28509,11128,28509,1567,506
4797,8720,28510,11128,28510,1567,506
4797,8720,28511,11128,28511,1567,506
4797,8720,28512,11128,28512,1567,506
4796,8720,28513,11128,28513,1567,506
4795,8720,28514,11128,28514,1567,506
4795,8720,28515,11128,28515,1567,506
4795,8720,28516,11128,28516,1567,506
4795,8720,28517,11128,28517,1567,506
4795,8720,28518,11128,28518,1567,506
4794,8720,28519,11128,28519,1567,506
4795,8720,28520,11128,28520,1567,506
4796,8720,28521,11128,28521,1567,506
4796,8720,28522,11128,28522,1567,506
4795,8720,28523,11128,28523,1567,506
4795,8720,28524,11128,28524,1567,506
4796,8720,28525,11128,28525,1567,506
4796,8720,28526,11128,28526,1567,506
4797,8720,28527,11128,28527,1567,506
4798,8720,28528,11128,28528,1567,506
4799,8720,28529,11128,28529,1567,506
4800,8720,28530,11128,28530,1567,506
4800,8720,28531,11128,28531,1567,506
4799,8720,28532,11128,28532,1567,506
4799,8720,28533,11128,28533,1567,506
4796,8720,28534,11128,28534,1567,505
4796,8720,28535,11128,28535,1567,505
4797,8720,28536,11128,28536,1567,505
4797,8720,28537,11128,28537,1567,505
4798,8720,28538,11128,28538,1567,505
4798,8720,28539,11128,28539,1567,505
4798,8720,28540,11128,28540,1567,505
4796,8720,28541,11128,28541,1567,505
4795,8720,28542,11128,28542,1567,505
4796,8720,28543,11128,28543,1567,505
4796,8720,28544,11128,28544,1567,505
4796,8720,28545,11128,28545,1567,505
4796,8720,28546,11128,28546,1567,505
4797,8720,28547,11128,28547,1567,505
4798,8720,28548,11128,28548,1567,505
4798,8720,28549,11128,28549,1567,505
4799,8720,28550,11128,28550,1567,505
4799,8720,28551,11128,28551,1567,505
4799,8720,28552,11128,28552,1567,505
4799,8720,28553,11128,28553,1567,505
4799,8720,28554,11128,28554,1567,505
4800,8720,28555,11128,28555,1567,505
4801,8720,28556,11128,28556,1567,505
4802,8720,28557,11128,28557,1567,505
4802,8720,28558,11128,28558,1567,505
4802,8720,28559,11128,28559,1567,505
4802,8720,28560,11128,28560,1567,505
4802,8720,28561,11128,28561,1567,505
4803,8720,28562,11128,28562,1567,505
4803,8720,28563,11128,28563,1567,505
4803,8720,28564,11128,28564,1567,505
4803,8720,28565,11128,28565,1567,505
4798,8720,28566,11128,28566,1567,505
4797,8720,28567,11128,28567,1567,505
4797,8720,28568,11128,28568,1567,505
4797,8720,28569,11128,28569,1567,505
4797,8720,28570,11128,28570,1567,505
4797,8720,28571,11128,28571,1567,505
4798,8720,28572,11128,28572,1567,505
4799,8720,28573,11128,28573,1567,505
4800,8720,28574,11128,28574,1567,505
4799,8720,28575,11128,28575,1567,505
4799,8720,28576,11128,28576,1567,505
4799,8720,28577,11128,28577,1567,505
4799,8720,28578,11128,28578,1567,505
4798,8720,28579,11128,28579,1567,505
4799,8720,28580,11128,28580,1567,505
4798,8720,28581,11128,28581,1567,505
4798,8720,28582,11128,28582,1567,505
4797,8720,28583,11128,28583,1567,505
4798,8720,28584,11128,28584,1567,505
4792,8720,28585,11128,28585,1567,502
4793,8720,28586,11128,28586,1567,502
4794,8720,28587,11128,28587,1567,502
4794,8720,28588,11128,28588,1567,502
4794,8720,28589,11128,28589,1567,502
4794,8720,28590,11128,28590,1567,502
4794,8720,28591,11128,28591,1567,502
4795,8720,28592,11128,28592,1567,502
4795,8720,28593,11128,28593,1567,502
4795,8720,28594,11128,28594,1567,502
4795,8720,28595,11128,28595,1567,502
4796,8720,28596,11128,28596,1567,502
4791,8720,28597,11128,28597,1567,498
4792,8720,28598,11128,28598,1567,498
4793,8720,28599,11128,28599,1567,498
4793,8720,28600,11128,28600,1567,498
4792,8720,28601,11128,28601,1567,498
4791,8720,28602,11128,28602,1567,498
4791,8720,28603,11128,28603,1567,498
4791,8720,28604,11128,28604,1567,498
4791,8720,28605,11128,28605,1567,498
4791,8720,28606,11128,28606,1567,498
4792,8720,28607,11128,28607,1567,498
4792,8720,28608,11128,28608,1567,498
4793,8720,28609,11128,28609,1567,498
4793,8720,28610,11128,28610,1567,498
4794,8720,28611,11128,28611,1567,498
4793,8720,28612,11128,28612,1567,498
4794,8720,28613,11128,28613,1567,498
4795,8720,28614,11128,28614,1567,498
4795,8720,28615,11128,28615,1567,498
4795,8720,28616,11128,28616,1567,498
4796,8720,28617,11128,28617,1567,498
4796,8720,28618,11128,28618,1567,498
4796,8720,28619,11128,28619,1567,498
4795,8720,28620,11128,28620,1567,498
4795,8720,28621,11128,28621,1567,498
4794,8720,28622,11128,28622,1567,498
4794,8720,28623,11128,28623,1567,498
4792,8720,28624,11128,28624,1567,498
4791,8720,28625,11128,28625,1567,498
4791,8720,28626,11128,28626,1567,498
4789,8720,28627,11128,28627,1567,498
4789,8720,28628,11128,28628,1567,498
4790,8720,28629,11128,28629,1567,498
4789,8720,28630,11128,28630,1567,498
4789,8720,28631,11128,28631,1567,498
4789,8720,28632,11128,28632,1567,498
4786,8720,28633,11128,28633,1567,497
4787,8720,28634,11128,28634,1567,497
4783,8720,28635,11128,28635,1567,496
4783,8720,28636,11128,28636,1567,496
4783,8720,28637,11128,28637,1567,496
4783,8720,28638,11128,28638,1567,496
4784,8720,28639,11128,28639,1567,496
4783,8720,28640,11128,28640,1567,496
4783,8720,28641,11128,28641,1567,496
4783,8720,28642,11128,28642,1567,496
4783,8720,28643,11128,28643,1567,496
4783,8720,28644,11128,28644,1567,496
4783,8720,28645,11128,28645,1567,496
4781,8720,28646,11128,28646,1567,496
4781,8720,28647,11128,28647,1567,496
4781,8720,28648,11128,28648,1567,496
4782,8720,28649,11128,28649,1567,496
4783,8720,28650,11128,28650,1567,496
4784,8720,28651,11128,28651,1567,496
4783,8720,28652,11128,28652,1567,496
4783,8720,28653,11128,28653,1567,496
4783,8720,28654,11128,28654,1567,496
4779,8720,28655,11128,28655,1567,495
4780,8720,28656,11128,28656,1567,495
4779,8720,28657,11128,28657,1567,495
4779,8720,28658,11128,28658,1567,495
4778,8720,28659,11128,28659,1567,495
4779,8720,28660,11128,28660,1567,495
4780,8720,28661,11128,28661,1567,495
4781,8720,28662,11128,28662,1567,495
4780,8720,28663,11128,28663,1567,495
4780,8720,28664,11128,28664,1567,495
4780,8720,28665,11128,28665,1567,495
4781,8720,28666,11128,28666,1567,495
4782,8720,28667,11128,28667,1567,495
4782,8720,28668,11128,28668,1567,495
4778,8720,28669,11128,28669,1567,494
4778,8720,28670,11128,28670,1567,494
4779,8720,28671,11128,28671,1567,494
4779,8720,28672,11128,28672,1567,494
4779,8720,28673,11128,28673,1567,494
4780,8720,28674,11128,28674,1567,494
4780,8720,28675,11128,28675,1567,494
4779,8720,28676,11128,28676,1567,494
4778,8720,28677,11128,28677,1567,494
4776,8720,28678,11128,28678,1567,494
4776,8720,28679,11128,28679,1567,494
4777,8720,28680,11128,28680,1567,494
4777,8720,28681,11128,28681,1567,494
4778,8720,28682,11128,28682,1567,494
4778,8720,28683,11128,28683,1567,494
4776,8720,28684,11128,28684,1567,494
4775,8720,28685,11128,28685,1567,494
4776,8720,28686,11128,28686,1567,494
4776,8720,28687,11128,28687,1567,494
4776,8720,28688,11128,28688,1567,494
4776,8720,28689,11128,28689,1567,494
4777,8720,28690,11128,28690,1567,494
4777,8720,28691,11128,28691,1567,494
4777,8720,28692,11128,28692,1567,494
4776,8720,28693,11128,28693,1567,494
4776,8720,28694,11128,28694,1567,494
4777,8720,28695,11128,28695,1567,494
4777,8720,28696,11128,28696,1567,494
4777,8720,28697,11128,28697,1567,494
4776,8720,28698,11128,28698,1567,494
4776,8720,28699,11128,28699,1567,494
4776,8720,28700,11128,28700,1567,494
4776,8720,28701,11128,28701,1567,494
4775,8720,28702,11128,28702,1567,494
4774,8720,28703,11128,28703,1567,493
4774,8720,28704,11128,28704,1567,493
4775,8720,28705,11128,28705,1567,493
4775,8720,28706,11128,28706,1567,493
4767,8720,28707,11128,28707,1567,492
4767,8720,28708,11128,28708,1567,492
4768,8720,28709,11128,28709,1567,492
4768,8720,28710,11128,28710,1567,492
4769,8720,28711,11128,28711,1567,492
4769,8720,28712,11128,28712,1567,492
4770,8720,28713,11128,28713,1567,492
4768,8720,28714,11128,28714,1567,492
4769,8720,28715,11128,28715,1567,492
4770,8720,28716,11128,28716,1567,492
4771,8720,28717,11128,28717,1567,492
4771,8720,28718,11128,28718,1567,492
4771,8720,28719,11128,28719,1567,492
4770,8720,28720,11128,28720,1567,492
4770,8720,28721,11128,28721,1567,492
4768,8720,28722,11128,28722,1567,492
4767,8720,28723,11128,28723,1567,491
4765,8720,28724,11128,28724,1567,490
4766,8720,28725,11128,28725,1567,490
4766,8720,28726,11128,28726,1567,490
4766,8720,28727,11128,28727,1567,490
4766,8720,28728,11128,28728,1567,490
4767,8720,28729,11128,28729,1567,490
4767,8720,28730,11128,28730,1567,490
4768,8720,28731,11128,28731,1567,490
4767,8720,28732,11128,28732,1567,490
4765,8720,28733,11128,28733,1567,490
4766,8720,28734,11128,28734,1567,490
4764,8720,28735,11128,28735,1567,490
4765,8720,28736,11128,28736,1567,490
4765,8720,28737,11128,28737,1567,490
4766,8720,28738,11128,28738,1567,490
4767,8720,28739,11128,28739,1567,490
4767,8720,28740,11128,28740,1567,490
4768,8720,28741,11128,28741,1567,490
4768,8720,28742,11128,28742,1567,490
4768,8720,28743,11128,28743,1567,490
4768,8720,28744,11128,28744,1567,490
4764,8720,28745,11128,28745,1567,490
4764,8720,28746,11128,28746,1567,490
4763,8720,28747,11128,28747,1567,490
4763,8720,28748,11128,28748,1567,490
4763,8720,28749,11128,28749,1567,490
4761,8720,28750,11128,28750,1567,490
4761,8720,28751,11128,28751,1567,490
4762,8720,28752,11128,28752,1567,490
4763,8720,28753,11128,28753,1567,490
4764,8720,28754,11128,28754,1567,490
4764,8720,28755,11128,28755,1567,490
4764,8720,28756,11128,28756,1567,490
4764,8720,28757,11128,28757,1567,490
4764,8720,28758,11128,28758,1567,490
4764,8720,28759,11128,28759,1567,490
4762,8720,28760,11128,28760,1567,490
4761,8720,28761,11128,28761,1567,490
4761,8720,28762,11128,28762,1567,490
4761,8720,28763,11128,28763,1567,490
4761,8720,28764,11128,28764,1567,490
4761,8720,28765,11128,28765,1567,490
4760,8720,28766,11128,28766,1567,490
4760,8720,28767,11128,28767,1567,490
4759,8720,28768,11128,28768,1567,490
4760,8720,28769,11128,28769,1567,490
4761,8720,28770,11128,28770,1567,490
4762,8720,28771,11128,28771,1567,490
4762,8720,28772,11128,28772,1567,490
4763,8720,28773,11128,28773,1567,490
4763,8720,28774,11128,28774,1567,490
4763,8720,28775,11128,28775,1567,490
4764,8720,28776,11128,28776,1567,490
4764,8720,28777,11128,28777,1567,490
4764,8720,28778,11128,28778,1567,490
4764,8720,28779,11128,28779,1567,490
4763,8720,28780,11128,28780,1567,490
4764,8720,28781,11128,28781,1567,490
4763,8720,28782,11128,28782,1567,490
4764,8720,28783,11128,28783,1567,490
4765,8720,28784,11128,28784,1567,490
4765,8720,28785,11128,28785,1567,490
4764,8720,28786,11128,28786,1567,490
4765,8720,28787,11128,28787,1567,490
4761,8720,28788,11128,28788,1567,488
4761,8720,28789,11128,28789,1567,488
4761,8720,28790,11128,28790,1567,488
4760,8720,28791,11128,28791,1567,488
4760,8720,28792,11128,28792,1567,488
4760,8720,28793,11128,28793,1567,488
4760,8720,28794,11128,28794,1567,488
4760,8720,28795,11128,28795,1567,488
4760,8720,28796,11128,28796,1567,488
4759,8720,28797,11128,28797,1567,488
4760,8720,28798,11128,28798,1567,488
4759,8720,28799,11128,28799,1567,488
4760,8720,28800,11128,28800,1567,488
4760,8720,28801,11128,28801,1567,488
4760,8720,28802,11128,28802,1567,488
4759,8720,28803,11128,28803,1567,488
4759,8720,28804,11128,28804,1567,488
4759,8720,28805,11128,28805,1567,488
4759,8720,28806,11128,28806,1567,488
4755,8720,28807,11128,28807,1567,486
4755,8720,28808,11128,28808,1567,486
4755,8720,28809,11128,28809,1567,486
4755,8720,28810,11128,28810,1567,486
4756,8720,28811,11128,28811,1567,486
4756,8720,28812,11128,28812,1567,486
4757,8720,28813,11128,28813,1567,486
4757,8720,28814,11128,28814,1567,486
4758,8720,28815,11128,28815,1567,486
4757,8720,28816,11128,28816,1567,486
4755,8720,28817,11128,28817,1567,486
4753,8720,28818,11128,28818,1567,486
4753,8720,28819,11128,28819,1567,486
4753,8720,28820,11128,28820,1567,486
4754,8720,28821,11128,28821,1567,486
4754,8720,28822,11128,28822,1567,486
4754,8720,28823,11128,28823,1567,486
4754,8720,28824,11128,28824,1567,486
4755,8720,28825,11128,28825,1567,486
4754,8720,28826,11128,28826,1567,486
4755,8720,28827,11128,28827,1567,486
4753,8720,28828,11128,28828,1567,486
4753,8720,28829,11128,28829,1567,486
4753,8720,28830,11128,28830,1567,486
4753,8720,28831,11128,28831,1567,486
4750,8720,28832,11128,28832,1567,486
4750,8720,28833,11128,28833,1567,486
4749,8720,28834,11128,28834,1567,486
4748,8720,28835,11128,28835,1567,486
4748,8720,28836,11128,28836,1567,486
4749,8720,28837,11128,28837,1567,486
4750,8720,28838,11128,28838,1567,486
4748,8720,28839,11128,28839,1567,486
4749,8720,28840,11128,28840,1567,486
4749,8720,28841,11128,28841,1567,486
4750,8720,28842,11128,28842,1567,486
4750,8720,28843,11128,28843,1567,486
4750,8720,28844,11128,28844,1567,486
4750,8720,28845,11128,28845,1567,486
4750,8720,28846,11128,28846,1567,486
4750,8720,28847,11128,28847,1567,486
4750,8720,28848,11128,28848,1567,486
4751,8720,28849,11128,28849,1567,486
4749,8720,28850,11128,28850,1567,485
4748,8720,28851,11128,28851,1567,485
4749,8720,28852,11128,28852,1567,485
4750,8720,28853,11128,28853,1567,485
4750,8720,28854,11128,28854,1567,485
4751,8720,28855,11128,28855,1567,485
4752,8720,28856,11128,28856,1567,485
4752,8720,28857,11128,28857,1567,485
4753,8720,28858,11128,28858,1567,485
4753,8720,28859,11128,28859,1567,485
4753,8720,28860,11128,28860,1567,485
4754,8720,28861,11128,28861,1567,485
4754,8720,28862,11128,28862,1567,485
4754,8720,28863,11128,28863,1567,485
4753,8720,28864,11128,28864,1567,485
4754,8720,28865,11128,28865,1567,485
4755,8720,28866,11128,28866,1567,485
4756,8720,28867,11128,28867,1567,485
4753,8720,28868,11128,28868,1567,485
4754,8720,28869,11128,28869,1567,485
4754,8720,28870,11128,28870,1567,485
4754,8720,28871,11128,28871,1567,485
4753,8720,28872,11128,28872,1567,485
4754,8720,28873,11128,28873,1567,485
4753,8720,28874,11128,28874,1567,485
4753,8720,28875,11128,28875,1567,485
4753,8720,28876,11128,28876,1567,485
4753,8720,28877,11128,28877,1567,485
4754,8720,28878,11128,28878,1567,485
4755,8720,28879,11128,28879,1567,485
4756,8720,28880,11128,28880,1567,485
4755,8720,28881,11128,28881,1567,485
4755,8720,28882,11128,28882,1567,485
4752,8720,28883,11128,28883,1567,484
4752,8720,28884,11128,28884,1567,484
4752,8720,28885,11128,28885,1567,484
4753,8720,28886,11128,28886,1567,484
4753,8720,28887,11128,28887,1567,484
4753,8720,28888,11128,28888,1567,484
4753,8720,28889,11128,28889,1567,484
4752,8720,28890,11128,28890,1567,484
4752,8720,28891,11128,28891,1567,484
4752,8720,28892,11128,28892,1567,484
4752,8720,28893,11128,28893,1567,484
4753,8720,28894,11128,28894,1567,484
4753,8720,28895,11128,28895,1567,484
4753,8720,28896,11128,28896,1567,484
4748,8720,28897,11128,28897,1567,483
4749,8720,28898,11128,28898,1567,483
4749,8720,28899,11128,28899,1567,483
4749,8720,28900,11128,28900,1567,483
4750,8720,28901,11128,28901,1567,483
4751,8720,28902,11128,28902,1567,483
4751,8720,28903,11128,28903,1567,483
4751,8720,28904,11128,28904,1567,483
4752,8720,28905,11128,28905,1567,483
4752,8720,28906,11128,28906,1567,483
4753,8720,28907,11128,28907,1567,483
4754,8720,28908,11128,28908,1567,483
4751,8720,28909,11128,28909,1567,481
4751,8720,28910,11128,28910,1567,481
4750,8720,28911,11128,28911,1567,481
4750,8720,28912,11128,28912,1567,481
4751,8720,28913,11128,28913,1567,481
4752,8720,28914,11128,28914,1567,481
4751,8720,28915,11128,28915,1567,481
4751,8720,28916,11128,28916,1567,481
4751,8720,28917,11128,28917,1567,481
4751,8720,28918,11128,28918,1567,481
4751,8720,28919,11128,28919,1567,481
4751,8720,28920,11128,28920,1567,481
4752,8720,28921,11128,28921,1567,481
4752,8720,28922,11128,28922,1567,481
4752,8720,28923,11128,28923,1567,481
4752,8720,28924,11128,28924,1567,481
4752,8720,28925,11128,28925,1567,481
4753,8720,28926,11128,28926,1567,481
4754,8720,28927,11128,28927,1567,481
4755,8720,28928,11128,28928,1567,481
4755,8720,28929,11128,28929,1567,481
4756,8720,28930,11128,28930,1567,481
4756,8720,28931,11128,28931,1567,481
4756,8720,28932,11128,28932,1567,481
4756,8720,28933,11128,28933,1567,481
4756,8720,28934,11128,28934,1567,481
4756,8720,28935,11128,28935,1567,481
4755,8720,28936,11128,28936,1567,481
4755,8720,28937,11128,28937,1567,481
4754,8720,28938,11128,28938,1567,481
4755,8720,28939,11128,28939,1567,481
4755,8720,28940,11128,28940,1567,481
4756,8720,28941,11128,28941,1567,481
4756,8720,28942,11128,28942,1567,481
4755,8720,28943,11128,28943,1567,481
4756,8720,28944,11128,28944,1567,481
4757,8720,28945,11128,28945,1567,481
4757,8720,28946,11128,28946,1567,481
4757,8720,28947,11128,28947,1567,481
4758,8720,28948,11128,28948,1567,481
4758,8720,28949,11128,28949,1567,481
4757,8720,28950,11128,28950,1567,481
4757,8720,28951,11128,28951,1567,481
4757,8720,28952,11128,28952,1567,481
4758,8720,28953,11128,28953,1567,481
4758,8720,28954,11128,28954,1567,481
4758,8720,28955,11128,28955,1567,481
4758,8720,28956,11128,28956,1567,481
4756,8720,28957,11128,28957,1567,481
4756,8720,28958,11128,28958,1567,481
4756,8720,28959,11128,28959,1567,481
4753,8720,28960,11128,28960,1567,481
4753,8720,28961,11128,28961,1567,481
4752,8720,28962,11128,28962,1567,481
4752,8720,28963,11128,28963,1567,481
4751,8720,28964,11128,28964,1567,481
4751,8720,28965,11128,28965,1567,481
4751,8720,28966,11128,28966,1567,481
4752,8720,28967,11128,28967,1567,481
4753,8720,28968,11128,28968,1567,481
4754,8720,28969,11128,28969,1567,481
4754,8720,28970,11128,28970,1567,481
4753,8720,28971,11128,28971,1567,481
4753,8720,28972,11128,28972,1567,481
4754,8720,28973,11128,28973,1567,481
4754,8720,28974,11128,28974,1567,481
4752,8720,28975,11128,28975,1567,480
4753,8720,28976,11128,28976,1567,480
4751,8720,28977,11128,28977,1567,480
4752,8720,28978,11128,28978,1567,480
4753,8720,28979,11128,28979,1567,480
4754,8720,28980,11128,28980,1567,480
4753,8720,28981,11128,28981,1567,480
4754,8720,28982,11128,28982,1567,480
4754,8720,28983,11128,28983,1567,480
4754,8720,28984,11128,28984,1567,480
4753,8720,28985,11128,28985,1567,480
4753,8720,28986,11128,28986,1567,480
4752,8720,28987,11128,28987,1567,480
4752,8720,28988,11128,28988,1567,480
4750,8720,28989,11128,28989,1567,480
4750,8720,28990,11128,28990,1567,480
4751,8720,28991,11128,28991,1567,480
4748,8720,28992,11128,28992,1567,480
4748,8720,28993,11128,28993,1567,480
4749,8720,28994,11128,28994,1567,480
4750,8720,28995,11128,28995,1567,480
4750,8720,28996,11128,28996,1567,480
4751,8720,28997,11128,28997,1567,480
4751,8720,28998,11128,28998,1567,480
4751,8720,28999,11128,28999,1567,480
4750,8720,29000,11128,29000,1567,479
4750,8720,29001,11128,29001,1567,479
4750,8720,29002,11128,29002,1567,479
4750,8720,29003,11128,29003,1567,479
4749,8720,29004,11128,29004,1567,479
4747,8720,29005,11128,29005,1567,479
4746,8720,29006,11128,29006,1567,479
4746,8720,29007,11128,29007,1567,479
4743,8720,29008,11128,29008,1567,479
4743,8720,29009,11128,29009,1567,479
4742,8720,29010,11128,29010,1567,479
4743,8720,29011,11128,29011,1567,479
4743,8720,29012,11128,29012,1567,479
4743,8720,29013,11128,29013,1567,479
4743,8720,29014,11128,29014,1567,479
4743,8720,29015,11128,29015,1567,479
4744,8720,29016,11128,29016,1567,479
4744,8720,29017,11128,29017,1567,479
4744,8720,29018,11128,29018,1567,479
4744,8720,29019,11128,29019,1567,479
4744,8720,29020,11128,29020,1567,479
4745,8720,29021,11128,29021,1567,479
4746,8720,29022,11128,29022,1567,479
4746,8720,29023,11128,29023,1567,479
4746,8720,29024,11128,29024,1567,479
4746,8720,29025,11128,29025,1567,479
4746,8720,29026,11128,29026,1567,479
4746,8720,29027,11128,29027,1567,479
4746,8720,29028,11128,29028,1567,479
4746,8720,29029,11128,29029,1567,479
4745,8720,29030,11128,29030,1567,479
4745,8720,29031,11128,29031,1567,479
4746,8720,29032,11128,29032,1567,479
4747,8720,29033,11128,29033,1567,479
4747,8720,29034,11128,29034,1567,479
4748,8720,29035,11128,29035,1567,479
4749,8720,29036,11128,29036,1567,479
4749,8720,29037,11128,29037,1567,479
4749,8720,29038,11128,29038,1567,479
4750,8720,29039,11128,29039,1567,479
4750,8720,29040,11128,29040,1567,479
4749,8720,29041,11128,29041,1567,479
4741,8720,29042,11128,29042,1567,478
4741,8720,29043,11128,29043,1567,478
4741,8720,29044,11128,29044,1567,478
4741,8720,29045,11128,29045,1567,478
4741,8720,29046,11128,29046,1567,478
4741,8720,29047,11128,29047,1567,478
4741,8720,29048,11128,29048,1567,478
4742,8720,29049,11128,29049,1567,478
4742,8720,29050,11128,29050,1567,478
4742,8720,29051,11128,29051,1567,478
4742,8720,29052,11128,29052,1567,478
4742,8720,29053,11128,29053,1567,478
4742,8720,29054,11128,29054,1567,478
4743,8720,29055,11128,29055,1567,478
4744,8720,29056,11128,29056,1567,478
4745,8720,29057,11128,29057,1567,478
4745,8720,29058,11128,29058,1567,478
4745,8720,29059,11128,29059,1567,478
4745,8720,29060,11128,29060,1567,478
4745,8720,29061,11128,29061,1567,478
4745,8720,29062,11128,29062,1567,478
4746,8720,29063,11128,29063,1567,478
4746,8720,29064,11128,29064,1567,478
4747,8720,29065,11128,29065,1567,478
4747,8720,29066,11128,29066,1567,478
4747,8720,29067,11128,29067,1567,478
4743,8720,29068,11128,29068,1567,478
4743,8720,29069,11128,29069,1567,478
4743,8720,29070,11128,29070,1567,478
4743,8720,29071,11128,29071,1567,478
4743,8720,29072,11128,29072,1567,478
4742,8720,29073,11128,29073,1567,478
4742,8720,29074,11128,29074,1567,478
4742,8720,29075,11128,29075,1567,478
4743,8720,29076,11128,29076,1567,478
4743,8720,29077,11128,29077,1567,478
4743,8720,29078,11128,29078,1567,478
4743,8720,29079,11128,29079,1567,478
4744,8720,29080,11128,29080,1567,478
4744,8720,29081,11128,29081,1567,478
4742,8720,29082,11128,29082,1567,478
4742,8720,29083,11128,29083,1567,478
4743,8720,29084,11128,29084,1567,478
4741,8720,29085,11128,29085,1567,478
4740,8720,29086,11128,29086,1567,478
4740,8720,29087,11128,29087,1567,478
4741,8720,29088,11128,29088,1567,478
4741,8720,29089,11128,29089,1567,478
4741,8720,29090,11128,29090,1567,478
4742,8720,29091,11128,29091,1567,478
4743,8720,29092,11128,29092,1567,478
4743,8720,29093,11128,29093,1567,478
4743,8720,29094,11128,29094,1567,478
4743,8720,29095,11128,29095,1567,478
4742,8720,29096,11128,29096,1567,478
4742,8720,29097,11128,29097,1567,478
4743,8720,29098,11128,29098,1567,478
4743,8720,29099,11128,29099,1567,478
4743,8720,29100,11128,29100,1567,478
4743,8720,29101,11128,29101,1567,478
4743,8720,29102,11128,29102,1567,478
4742,8720,29103,11128,29103,1567,478
4742,8720,29104,11128,29104,1567,478
4741,8720,29105,11128,29105,1567,478
4741,8720,29106,11128,29106,1567,478
4741,8720,29107,11128,29107,1567,478
4741,8720,29108,11128,29108,1567,478
4741,8720,29109,11128,29109,1567,478
4742,8720,29110,11128,29110,1567,478
4742,8720,29111,11128,29111,1567,478
4742,8720,29112,11128,29112,1567,478
4742,8720,29113,11128,29113,1567,478
4743,8720,29114,11128,29114,1567,478
4742,8720,29115,11128,29115,1567,478
4742,8720,29116,11128,29116,1567,478
4743,8720,29117,11128,29117,1567,478
4743,8720,29118,11128,29118,1567,478
4743,8720,29119,11128,29119,1567,478
4742,8720,29120,11128,29120,1567,478
4742,8720,29121,11128,29121,1567,478
4742,8720,29122,11128,29122,1567,478
4743,8720,29123,11128,29123,1567,478
4744,8720,29124,11128,29124,1567,478
4744,8720,29125,11128,29125,1567,478
4743,8720,29126,11128,29126,1567,478
4743,8720,29127,11128,29127,1567,478
4744,8720,29128,11128,29128,1567,478
4744,8720,29129,11128,29129,1567,478
4744,8720,29130,11128,29130,1567,478
4744,8720,29131,11128,29131,1567,478
4743,8720,29132,11128,29132,1567,478
4742,8720,29133,11128,29133,1567,478
4742,8720,29134,11128,29134,1567,478
4742,8720,29135,11128,29135,1567,478
4742,8720,29136,11128,29136,1567,478
4743,8720,29137,11128,29137,1567,478
4742,8720,29138,11128,29138,1567,478
4741,8720,29139,11128,29139,1567,478
4741,8720,29140,11128,29140,1567,478
4742,8720,29141,11128,29141,1567,478
4738,8720,29142,11128,29142,1567,476
4737,8720,29143,11128,29143,1567,476
4737,8720,29144,11128,29144,1567,476
4738,8720,29145,11128,29145,1567,476
4738,8720,29146,11128,29146,1567,476
4738,8720,29147,11128,29147,1567,476
4736,8720,29148,11128,29148,1567,476
4737,8720,29149,11128,29149,1567,476
4737,8720,29150,11128,29150,1567,476
4737,8720,29151,11128,29151,1567,476
4737,8720,29152,11128,29152,1567,476
4737,8720,29153,11128,29153,1567,476
4738,8720,29154,11128,29154,1567,476
4738,8720,29155,11128,29155,1567,476
4738,8720,29156,11128,29156,1567,476
4737,8720,29157,11128,29157,1567,476
4736,8720,29158,11128,29158,1567,476
4737,8720,29159,11128,29159,1567,476
4736,8720,29160,11128,29160,1567,476
4736,8720,29161,11128,29161,1567,476
4736,8720,29162,11128,29162,1567,476
4736,8720,29163,11128,29163,1567,476
4735,8720,29164,11128,29164,1567,476
4735,8720,29165,11128,29165,1567,476
4734,8720,29166,11128,29166,1567,476
4735,8720,29167,11128,29167,1567,476
4736,8720,29168,11128,29168,1567,476
4736,8720,29169,11128,29169,1567,476
4736,8720,29170,11128,29170,1567,476
4736,8720,29171,11128,29171,1567,476
4737,8720,29172,11128,29172,1567,476
4735,8720,29173,11128,29173,1567,476
4734,8720,29174,11128,29174,1567,476
4734,8720,29175,11128,29175,1567,476
4734,8720,29176,11128,29176,1567,476
4734,8720,29177,11128,29177,1567,476
4735,8720,29178,11128,29178,1567,476
4736,8720,29179,11128,29179,1567,476
4736,8720,29180,11128,29180,1567,476
4736,8720,29181,11128,29181,1567,476
4736,8720,29182,11128,29182,1567,476
4736,8720,29183,11128,29183,1567,476
4736,8720,29184,11128,29184,1567,476
4736,8720,29185,11128,29185,1567,476
4736,8720,29186,11128,29186,1567,476
4737,8720,29187,11128,29187,1567,476
4737,8720,29188,11128,29188,1567,476
4737,8720,29189,11128,29189,1567,476
4736,8720,29190,11128,29190,1567,476
4737,8720,29191,11128,29191,1567,476
4736,8720,29192,11128,29192,1567,476
4736,8720,29193,11128,29193,1567,476
4735,8720,29194,11128,29194,1567,476
4735,8720,29195,11128,29195,1567,476
4735,8720,29196,11128,29196,1567,476
4735,8720,29197,11128,29197,1567,476
4735,8720,29198,11128,29198,1567,476
4736,8720,29199,11128,29199,1567,476
4736,8720,29200,11128,29200,1567,476
4736,8720,29201,11128,29201,1567,476
4736,8720,29202,11128,29202,1567,476
4736,8720,29203,11128,29203,1567,476
4736,8720,29204,11128,29204,1567,476
4736,8720,29205,11128,29205,1567,476
4737,8720,29206,11128,29206,1567,476
4736,8720,29207,11128,29207,1567,476
4737,8720,29208,11128,29208,1567,476
4738,8720,29209,11128,29209,1567,476
4737,8720,29210,11128,29210,1567,476
4735,8720,29211,11128,29211,1567,476
4735,8720,29212,11128,29212,1567,476
4736,8720,29213,11128,29213,1567,476
4736,8720,29214,11128,29214,1567,476
4735,8720,29215,11128,29215,1567,476
4734,8720,29216,11128,29216,1567,476
4735,8720,29217,11128,29217,1567,476
4733,8720,29218,11128,29218,1567,476
4732,8720,29219,11128,29219,1567,476
4732,8720,29220,11128,29220,1567,476
4733,8720,29221,11128,29221,1567,476
4733,8720,29222,11128,29222,1567,476
4732,8720,29223,11128,29223,1567,476
4733,8720,29224,11128,29224,1567,476
4733,8720,29225,11128,29225,1567,476
4733,8720,29226,11128,29226,1567,476
4733,8720,29227,11128,29227,1567,476
4734,8720,29228,11128,29228,1567,476
4733,8720,29229,11128,29229,1567,476
4734,8720,29230,11128,29230,1567,476
4733,8720,29231,11128,29231,1567,476
4734,8720,29232,11128,29232,1567,476
4734,8720,29233,11128,29233,1567,476
4734,8720,29234,11128,29234,1567,476
4735,8720,29235,11128,29235,1567,476
4736,8720,29236,11128,29236,1567,476
4736,8720,29237,11128,29237,1567,476
4736,8720,29238,11128,29238,1567,476
4735,8720,29239,11128,29239,1567,476
4735,8720,29240,11128,29240,1567,476
4736,8720,29241,11128,29241,1567,476
4734,8720,29242,11128,29242,1567,476
4734,8720,29243,11128,29243,1567,476
4734,8720,29244,11128,29244,1567,476
4734,8720,29245,11128,29245,1567,476
4734,8720,29246,11128,29246,1567,476
4735,8720,29247,11128,29247,1567,476
4735,8720,29248,11128,29248,1567,476
4736,8720,29249,11128,29249,1567,476
4737,8720,29250,11128,29250,1567,476
4737,8720,29251,11128,29251,1567,476
4735,8720,29252,11128,29252,1567,476
4735,8720,29253,11128,29253,1567,476
4735,8720,29254,11128,29254,1567,476
4735,8720,29255,11128,29255,1567,476
4735,8720,29256,11128,29256,1567,476
4735,8720,29257,11128,29257,1567,476
4736,8720,29258,11128,29258,1567,476
4735,8720,29259,11128,29259,1567,476
4736,8720,29260,11128,29260,1567,476
4736,8720,29261,11128,29261,1567,476
4736,8720,29262,11128,29262,1567,476
4737,8720,29263,11128,29263,1567,476
4737,8720,29264,11128,29264,1567,476
4737,8720,29265,11128,29265,1567,476
4732,8720,29266,11128,29266,1567,475
4731,8720,29267,11128,29267,1567,475
4731,8720,29268,11128,29268,1567,475
4732,8720,29269,11128,29269,1567,475
4732,8720,29270,11128,29270,1567,475
4732,8720,29271,11128,29271,1567,475
4732,8720,29272,11128,29272,1567,475
4727,8720,29273,11128,29273,1567,474
4727,8720,29274,11128,29274,1567,474
4726,8720,29275,11128,29275,1567,474
4726,8720,29276,11128,29276,1567,474
4727,8720,29277,11128,29277,1567,474
4726,8720,29278,11128,29278,1567,474
4725,8720,29279,11128,29279,1567,474
4725,8720,29280,11128,29280,1567,474
4724,8720,29281,11128,29281,1567,474
4724,8720,29282,11128,29282,1567,474
4724,8720,29283,11128,29283,1567,474
4724,8720,29284,11128,29284,1567,474
4724,8720,29285,11128,29285,1567,474
4724,8720,29286,11128,29286,1567,474
4724,8720,29287,11128,29287,1567,474
4724,8720,29288,11128,29288,1567,474
4724,8720,29289,11128,29289,1567,474
4725,8720,29290,11128,29290,1567,474
4725,8720,29291,11128,29291,1567,474
4725,8720,29292,11128,29292,1567,474
4724,8720,29293,11128,29293,1567,474
4724,8720,29294,11128,29294,1567,474
4724,8720,29295,11128,29295,1567,474
4722,8720,29296,11128,29296,1567,474
4723,8720,29297,11128,29297,1567,474
4723,8720,29298,11128,29298,1567,474
4723,8720,29299,11128,29299,1567,474
4723,8720,29300,11128,29300,1567,474
4724,8720,29301,11128,29301,1567,474
4724,8720,29302,11128,29302,1567,474
4719,8720,29303,11128,29303,1567,471
4717,8720,29304,11128,29304,1567,471
4717,8720,29305,11128,29305,1567,471
4718,8720,29306,11128,29306,1567,471
4718,8720,29307,11128,29307,1567,471
4718,8720,29308,11128,29308,1567,471
4716,8720,29309,11128,29309,1567,470
4717,8720,29310,11128,29310,1567,470
4716,8720,29311,11128,29311,1567,470
4716,8720,29312,11128,29312,1567,470
4716,8720,29313,11128,29313,1567,470
4716,8720,29314,11128,29314,1567,470
4717,8720,29315,11128,29315,1567,470
4718,8720,29316,11128,29316,1567,470
4719,8720,29317,11128,29317,1567,470
4718,8720,29318,11128,29318,1567,470
4718,8720,29319,11128,29319,1567,470
4717,8720,29320,11128,29320,1567,470
4717,8720,29321,11128,29321,1567,470
4712,8720,29322,11128,29322,1567,468
4711,8720,29323,11128,29323,1567,468
4711,8720,29324,11128,29324,1567,468
4711,8720,29325,11128,29325,1567,468
4710,8720,29326,11128,29326,1567,468
4710,8720,29327,11128,29327,1567,468
4709,8720,29328,11128,29328,1567,468
4709,8720,29329,11128,29329,1567,468
4709,8720,29330,11128,29330,1567,468
4709,8720,29331,11128,29331,1567,468
4710,8720,29332,11128,29332,1567,468
4710,8720,29333,11128,29333,1567,468
4711,8720,29334,11128,29334,1567,468
4707,8720,29335,11128,29335,1567,468
4708,8720,29336,11128,29336,1567,468
4707,8720,29337,11128,29337,1567,468
4707,8720,29338,11128,29338,1567,468
4708,8720,29339,11128,29339,1567,468
4709,8720,29340,11128,29340,1567,468
4708,8720,29341,11128,29341,1567,468
4707,8720,29342,11128,29342,1567,468
4707,8720,29343,11128,29343,1567,468
4707,8720,29344,11128,29344,1567,468
4708,8720,29345,11128,29345,1567,468
4709,8720,29346,11128,29346,1567,468
4709,8720,29347,11128,29347,1567,468
4710,8720,29348,11128,29348,1567,468
4710,8720,29349,11128,29349,1567,468
4709,8720,29350,11128,29350,1567,468
4708,8720,29351,11128,29351,1567,468
4708,8720,29352,11128,29352,1567,468
4707,8720,29353,11128,29353,1567,468
4705,8720,29354,11128,29354,1567,468
4701,8720,29355,11128,29355,1567,468
4701,8720,29356,11128,29356,1567,468
4701,8720,29357,11128,29357,1567,468
4700,8720,29358,11128,29358,1567,468
4700,8720,29359,11128,29359,1567,468
4699,8720,29360,11128,29360,1567,468
4699,8720,29361,11128,29361,1567,468
4699,8720,29362,11128,29362,1567,468
4699,8720,29363,11128,29363,1567,468
4699,8720,29364,11128,29364,1567,468
4699,8720,29365,11128,29365,1567,468
4699,8720,29366,11128,29366,1567,468
4697,8720,29367,11128,29367,1567,468
4697,8720,29368,11128,29368,1567,468
4697,8720,29369,11128,29369,1567,468
4698,8720,29370,11128,29370,1567,468
4699,8720,29371,11128,29371,1567,468
4699,8720,29372,11128,29372,1567,468
4698,8720,29373,11128,29373,1567,468
4697,8720,29374,11128,29374,1567,468
4698,8720,29375,11128,29375,1567,468
4698,8720,29376,11128,29376,1567,468
4696,8720,29377,11128,29377,1567,468
4697,8720,29378,11128,29378,1567,468
4696,8720,29379,11128,29379,1567,468
4695,8720,29380,11128,29380,1567,468
4695,8720,29381,11128,29381,1567,468
4695,8720,29382,11128,29382,1567,468
4694,8720,29383,11128,29383,1567,468
4694,8720,29384,11128,29384,1567,468
4695,8720,29385,11128,29385,1567,468
4695,8720,29386,11128,29386,1567,468
4691,8720,29387,11128,29387,1567,466
4691,8720,29388,11128,29388,1567,466
4691,8720,29389,11128,29389,1567,466
4691,8720,29390,11128,29390,1567,466
4691,8720,29391,11128,29391,1567,466
4691,8720,29392,11128,29392,1567,466
4691,8720,29393,11128,29393,1567,466
4690,8720,29394,11128,29394,1567,466
4691,8720,29395,11128,29395,1567,466
4691,8720,29396,11128,29396,1567,466
4691,8720,29397,11128,29397,1567,466
4691,8720,29398,11128,29398,1567,466
4692,8720,29399,11128,29399,1567,466
4691,8720,29400,11128,29400,1567,466
4690,8720,29401,11128,29401,1567,466
4691,8720,29402,11128,29402,1567,466
4692,8720,29403,11128,29403,1567,466
4692,8720,29404,11128,29404,1567,466
4691,8720,29405,11128,29405,1567,466
4684,8720,29406,11128,29406,1567,466
4683,8720,29407,11128,29407,1567,466
4683,8720,29408,11128,29408,1567,466
4683,8720,29409,11128,29409,1567,466
4682,8720,29410,11128,29410,1567,466
4682,8720,29411,11128,29411,1567,466
4682,8720,29412,11128,29412,1567,466
4682,8720,29413,11128,29413,1567,466
4682,8720,29414,11128,29414,1567,466
4682,8720,29415,11128,29415,1567,466
4683,8720,29416,11128,29416,1567,466
4683,8720,29417,11128,29417,1567,466
4683,8720,29418,11128,29418,1567,466
4683,8720,29419,11128,29419,1567,466
4683,8720,29420,11128,29420,1567,466
4683,8720,29421,11128,29421,1567,466
4683,8720,29422,11128,29422,1567,466
4681,8720,29423,11128,29423,1567,466
4682,8720,29424,11128,29424,1567,466
4682,8720,29425,11128,29425,1567,466
4683,8720,29426,11128,29426,1567,466
4684,8720,29427,11128,29427,1567,466
4684,8720,29428,11128,29428,1567,466
4683,8720,29429,11128,29429,1567,466
4680,8720,29430,11128,29430,1567,466
4680,8720,29431,11128,29431,1567,466
4680,8720,29432,11128,29432,1567,466
4680,8720,29433,11128,29433,1567,466
4680,8720,29434,11128,29434,1567,466
4679,8720,29435,11128,29435,1567,466
4679,8720,29436,11128,29436,1567,466
4679,8720,29437,11128,29437,1567,466
4679,8720,29438,11128,29438,1567,466
4679,8720,29439,11128,29439,1567,466
4680,8720,29440,11128,29440,1567,466
4680,8720,29441,11128,29441,1567,466
4681,8720,29442,11128,29442,1567,466
4681,8720,29443,11128,29443,1567,466
4681,8720,29444,11128,29444,1567,466
4682,8720,29445,11128,29445,1567,466
4681,8720,29446,11128,29446,1567,466
4680,8720,29447,11128,29447,1567,466
4681,8720,29448,11128,29448,1567,466
4681,8720,29449,11128,29449,1567,466
4681,8720,29450,11128,29450,1567,466
4680,8720,29451,11128,29451,1567,466
4677,8720,29452,11128,29452,1567,466
4677,8720,29453,11128,29453,1567,466
4677,8720,29454,11128,29454,1567,466
4678,8720,29455,11128,29455,1567,466
4677,8720,29456,11128,29456,1567,466
4678,8720,29457,11128,29457,1567,466
4679,8720,29458,11128,29458,1567,466
4680,8720,29459,11128,29459,1567,466
4679,8720,29460,11128,29460,1567,465
4679,8720,29461,11128,29461,1567,465
4679,8720,29462,11128,29462,1567,465
4680,8720,29463,11128,29463,1567,465
4680,8720,29464,11128,29464,1567,465
4680,8720,29465,11128,29465,1567,465
4681,8720,29466,11128,29466,1567,465
4680,8720,29467,11128,29467,1567,465
4680,8720,29468,11128,29468,1567,465
4680,8720,29469,11128,29469,1567,465
4681,8720,29470,11128,29470,1567,465
4681,8720,29471,11128,29471,1567,465
4681,8720,29472,11128,29472,1567,465
4681,8720,29473,11128,29473,1567,465
4674,8720,29474,11128,29474,1567,461
4674,8720,29475,11128,29475,1567,461
4674,8720,29476,11128,29476,1567,461
4674,8720,29477,11128,29477,1567,461
4675,8720,29478,11128,29478,1567,461
4675,8720,29479,11128,29479,1567,461
4676,8720,29480,11128,29480,1567,461
4675,8720,29481,11128,29481,1567,461
4675,8720,29482,11128,29482,1567,461
4675,8720,29483,11128,29483,1567,461
4676,8720,29484,11128,29484,1567,461
4674,8720,29485,11128,29485,1567,461
4674,8720,29486,11128,29486,1567,461
4674,8720,29487,11128,29487,1567,461
4673,8720,29488,11128,29488,1567,461
4674,8720,29489,11128,29489,1567,461
4674,8720,29490,11128,29490,1567,461
4674,8720,29491,11128,29491,1567,461
4674,8720,29492,11128,29492,1567,461
4674,8720,29493,11128,29493,1567,461
4674,8720,29494,11128,29494,1567,461
4670,8720,29495,11128,29495,1567,461
4669,8720,29496,11128,29496,1567,461
4666,8720,29497,11128,29497,1567,461
4666,8720,29498,11128,29498,1567,461
4666,8720,29499,11128,29499,1567,461
4663,8720,29500,11128,29500,1567,461
4663,8720,29501,11128,29501,1567,461
4664,8720,29502,11128,29502,1567,461
4665,8720,29503,11128,29503,1567,461
4665,8720,29504,11128,29504,1567,461
4664,8720,29505,11128,29505,1567,461
4662,8720,29506,11128,29506,1567,461
4661,8720,29507,11128,29507,1567,461
4661,8720,29508,11128,29508,1567,461
4660,8720,29509,11128,29509,1567,461
4660,8720,29510,11128,29510,1567,461
4660,8720,29511,11128,29511,1567,461
4661,8720,29512,11128,29512,1567,461
4662,8720,29513,11128,29513,1567,461
4662,8720,29514,11128,29514,1567,461
4662,8720,29515,11128,29515,1567,461
4660,8720,29516,11128,29516,1567,461
4660,8720,29517,11128,29517,1567,461
4660,8720,29518,11128,29518,1567,461
4659,8720,29519,11128,29519,1567,461
4659,8720,29520,11128,29520,1567,461
4659,8720,29521,11128,29521,1567,461
4660,8720,29522,11128,29522,1567,461
4661,8720,29523,11128,29523,1567,461
4662,8720,29524,11128,29524,1567,461
4661,8720,29525,11128,29525,1567,461
4661,8720,29526,11128,29526,1567,461
4661,8720,29527,11128,29527,1567,461
4660,8720,29528,11128,29528,1567,461
4659,8720,29529,11128,29529,1567,461
4657,8720,29530,11128,29530,1567,461
4657,8720,29531,11128,29531,1567,461
4657,8720,29532,11128,29532,1567,461
4656,8720,29533,11128,29533,1567,461
4656,8720,29534,11128,29534,1567,461
4657,8720,29535,11128,29535,1567,461
4657,8720,29536,11128,29536,1567,461
4657,8720,29537,11128,29537,1567,461
4657,8720,29538,11128,29538,1567,461
4658,8720,29539,11128,29539,1567,461
4657,8720,29540,11128,29540,1567,461
4658,8720,29541,11128,29541,1567,461
4659,8720,29542,11128,29542,1567,461
4659,8720,29543,11128,29543,1567,461
4660,8720,29544,11128,29544,1567,461
4658,8720,29545,11128,29545,1567,461
4658,8720,29546,11128,29546,1567,461
4658,8720,29547,11128,29547,1567,461
4658,8720,29548,11128,29548,1567,461
4658,8720,29549,11128,29549,1567,461
4657,8720,29550,11128,29550,1567,461
4658,8720,29551,11128,29551,1567,461
4659,8720,29552,11128,29552,1567,461
4660,8720,29553,11128,29553,1567,461
4659,8720,29554,11128,29554,1567,461
4659,8720,29555,11128,29555,1567,461
4658,8720,29556,11128,29556,1567,461
4657,8720,29557,11128,29557,1567,461
4655,8720,29558,11128,29558,1567,461
4655,8720,29559,11128,29559,1567,461
4655,8720,29560,11128,29560,1567,461
4655,8720,29561,11128,29561,1567,461
4656,8720,29562,11128,29562,1567,461
4657,8720,29563,11128,29563,1567,461
4657,8720,29564,11128,29564,1567,461
4658,8720,29565,11128,29565,1567,461
4658,8720,29566,11128,29566,1567,461
4658,8720,29567,11128,29567,1567,461
4658,8720,29568,11128,29568,1567,461
4658,8720,29569,11128,29569,1567,461
4657,8720,29570,11128,29570,1567,461
4658,8720,29571,11128,29571,1567,461
4658,8720,29572,11128,29572,1567,461
4658,8720,29573,11128,29573,1567,461
4659,8720,29574,11128,29574,1567,461
4659,8720,29575,11128,29575,1567,461
4660,8720,29576,11128,29576,1567,461
4661,8720,29577,11128,29577,1567,461
4662,8720,29578,11128,29578,1567,461
4661,8720,29579,11128,29579,1567,461
4661,8720,29580,11128,29580,1567,461
4661,8720,29581,11128,29581,1567,461
4662,8720,29582,11128,29582,1567,461
4659,8720,29583,11128,29583,1567,460
4659,8720,29584,11128,29584,1567,460
4660,8720,29585,11128,29585,1567,460
4660,8720,29586,11128,29586,1567,460
4660,8720,29587,11128,29587,1567,460
4660,8720,29588,11128,29588,1567,460
4660,8720,29589,11128,29589,1567,460
4660,8720,29590,11128,29590,1567,460
4661,8720,29591,11128,29591,1567,460
4661,8720,29592,11128,29592,1567,460
4662,8720,29593,11128,29593,1567,460
4662,8720,29594,11128,29594,1567,460
4662,8720,29595,11128,29595,1567,460
4663,8720,29596,11128,29596,1567,460
4663,8720,29597,11128,29597,1567,460
4662,8720,29598,11128,29598,1567,460
4662,8720,29599,11128,29599,1567,460
4662,8720,29600,11128,29600,1567,460
4662,8720,29601,11128,29601,1567,460
4663,8720,29602,11128,29602,1567,460
4663,8720,29603,11128,29603,1567,460
4664,8720,29604,11128,29604,1567,460
4664,8720,29605,11128,29605,1567,460
4664,8720,29606,11128,29606,1567,460
4665,8720,29607,11128,29607,1567,460
4665,8720,29608,11128,29608,1567,460
4664,8720,29609,11128,29609,1567,460
4664,8720,29610,11128,29610,1567,460
4663,8720,29611,11128,29611,1567,460
4664,8720,29612,11128,29612,1567,460
4665,8720,29613,11128,29613,1567,460
4665,8720,29614,11128,29614,1567,460
4665,8720,29615,11128,29615,1567,460
4665,8720,29616,11128,29616,1567,460
4664,8720,29617,11128,29617,1567,460
4662,8720,29618,11128,29618,1567,460
4661,8720,29619,11128,29619,1567,460
4662,8720,29620,11128,29620,1567,460
4663,8720,29621,11128,29621,1567,460
4662,8720,29622,11128,29622,1567,460
4662,8720,29623,11128,29623,1567,460
4662,8720,29624,11128,29624,1567,460
4662,8720,29625,11128,29625,1567,460
4661,8720,29626,11128,29626,1567,460
4662,8720,29627,11128,29627,1567,460
4662,8720,29628,11128,29628,1567,460
4663,8720,29629,11128,29629,1567,460
4663,8720,29630,11128,29630,1567,460
4664,8720,29631,11128,29631,1567,460
4664,8720,29632,11128,29632,1567,460
4665,8720,29633,11128,29633,1567,460
4666,8720,29634,11128,29634,1567,460
4666,8720,29635,11128,29635,1567,460
4666,8720,29636,11128,29636,1567,460
4666,8720,29637,11128,29637,1567,460
4666,8720,29638,11128,29638,1567,460
4667,8720,29639,11128,29639,1567,460
4667,8720,29640,11128,29640,1567,460
4667,8720,29641,11128,29641,1567,460
4667,8720,29642,11128,29642,1567,460
4667,8720,29643,11128,29643,1567,460
4666,8720,29644,11128,29644,1567,460
4666,8720,29645,11128,29645,1567,460
4666,8720,29646,11128,29646,1567,460
4666,8720,29647,11128,29647,1567,460
4666,8720,29648,11128,29648,1567,460
4666,8720,29649,11128,29649,1567,460
4666,8720,29650,11128,29650,1567,460
4666,8720,29651,11128,29651,1567,460
4666,8720,29652,11128,29652,1567,460
4666,8720,29653,11128,29653,1567,460
4666,8720,29654,11128,29654,1567,460
4666,8720,29655,11128,29655,1567,460
4665,8720,29656,11128,29656,1567,460
4664,8720,29657,11128,29657,1567,460
4664,8720,29658,11128,29658,1567,460
4663,8720,29659,11128,29659,1567,460
4663,8720,29660,11128,29660,1567,460
4663,8720,29661,11128,29661,1567,460
4663,8720,29662,11128,29662,1567,460
4663,8720,29663,11128,29663,1567,460
4663,8720,29664,11128,29664,1567,460
4663,8720,29665,11128,29665,1567,460
4664,8720,29666,11128,29666,1567,460
4663,8720,29667,11128,29667,1567,460
4664,8720,29668,11128,29668,1567,460
4665,8720,29669,11128,29669,1567,460
4665,8720,29670,11128,29670,1567,460
4663,8720,29671,11128,29671,1567,459
4663,8720,29672,11128,29672,1567,459
4664,8720,29673,11128,29673,1567,459
4664,8720,29674,11128,29674,1567,459
4663,8720,29675,11128,29675,1567,459
4663,8720,29676,11128,29676,1567,459
4661,8720,29677,11128,29677,1567,459
4661,8720,29678,11128,29678,1567,459
4658,8720,29679,11128,29679,1567,459
4657,8720,29680,11128,29680,1567,459
4658,8720,29681,11128,29681,1567,459
4658,8720,29682,11128,29682,1567,459
4657,8720,29683,11128,29683,1567,459
4657,8720,29684,11128,29684,1567,459
4655,8720,29685,11128,29685,1567,459
4655,8720,29686,11128,29686,1567,459
4655,8720,29687,11128,29687,1567,459
4655,8720,29688,11128,29688,1567,459
4655,8720,29689,11128,29689,1567,459
4655,8720,29690,11128,29690,1567,459
4654,8720,29691,11128,29691,1567,459
4655,8720,29692,11128,29692,1567,459
4655,8720,29693,11128,29693,1567,459
4654,8720,29694,11128,29694,1567,459
4654,8720,29695,11128,29695,1567,459
4655,8720,29696,11128,29696,1567,459
4655,8720,29697,11128,29697,1567,459
4655,8720,29698,11128,29698,1567,459
4655,8720,29699,11128,29699,1567,459
4655,8720,29700,11128,29700,1567,459
4656,8720,29701,11128,29701,1567,459
4656,8720,29702,11128,29702,1567,459
4656,8720,29703,11128,29703,1567,459
4655,8720,29704,11128,29704,1567,459
4655,8720,29705,11128,29705,1567,459
4656,8720,29706,11128,29706,1567,459
4653,8720,29707,11128,29707,1567,459
4654,8720,29708,11128,29708,1567,459
4652,8720,29709,11128,29709,1567,459
4652,8720,29710,11128,29710,1567,459
4652,8720,29711,11128,29711,1567,459
4649,8720,29712,11128,29712,1567,459
4647,8720,29713,11128,29713,1567,459
4647,8720,29714,11128,29714,1567,459
4648,8720,29715,11128,29715,1567,459
4647,8720,29716,11128,29716,1567,459
4647,8720,29717,11128,29717,1567,459
4647,8720,29718,11128,29718,1567,459
4647,8720,29719,11128,29719,1567,459
4647,8720,29720,11128,29720,1567,459
4647,8720,29721,11128,29721,1567,459
4647,8720,29722,11128,29722,1567,459
4648,8720,29723,11128,29723,1567,459
4649,8720,29724,11128,29724,1567,459
4649,8720,29725,11128,29725,1567,459
4649,8720,29726,11128,29726,1567,459
4649,8720,29727,11128,29727,1567,459
4648,8720,29728,11128,29728,1567,459
4649,8720,29729,11128,29729,1567,459
4649,8720,29730,11128,29730,1567,459
4650,8720,29731,11128,29731,1567,459
4650,8720,29732,11128,29732,1567,459
4649,8720,29733,11128,29733,1567,459
4649,8720,29734,11128,29734,1567,459
4649,8720,29735,11128,29735,1567,459
4650,8720,29736,11128,29736,1567,459
4650,8720,29737,11128,29737,1567,459
4650,8720,29738,11128,29738,1567,459
4650,8720,29739,11128,29739,1567,459
4650,8720,29740,11128,29740,1567,459
4650,8720,29741,11128,29741,1567,459
4651,8720,29742,11128,29742,1567,459
4651,8720,29743,11128,29743,1567,459
4652,8720,29744,11128,29744,1567,459
4652,8720,29745,11128,29745,1567,459
4652,8720,29746,11128,29746,1567,459
4653,8720,29747,11128,29747,1567,459
4653,8720,29748,11128,29748,1567,459
4654,8720,29749,11128,29749,1567,459
4650,8720,29750,11128,29750,1567,458
4650,8720,29751,11128,29751,1567,458
4650,8720,29752,11128,29752,1567,458
4651,8720,29753,11128,29753,1567,458
4651,8720,29754,11128,29754,1567,458
4649,8720,29755,11128,29755,1567,458
4648,8720,29756,11128,29756,1567,458
4648,8720,29757,11128,29757,1567,458
4648,8720,29758,11128,29758,1567,458
4647,8720,29759,11128,29759,1567,458
4647,8720,29760,11128,29760,1567,458
4646,8720,29761,11128,29761,1567,458
4644,8720,29762,11128,29762,1567,458
4644,8720,29763,11128,29763,1567,458
4643,8720,29764,11128,29764,1567,458
4642,8720,29765,11128,29765,1567,458
4643,8720,29766,11128,29766,1567,458
4644,8720,29767,11128,29767,1567,458
4644,8720,29768,11128,29768,1567,458
4644,8720,29769,11128,29769,1567,458
4644,8720,29770,11128,29770,1567,458
4643,8720,29771,11128,29771,1567,458
4642,8720,29772,11128,29772,1567,458
4642,8720,29773,11128,29773,1567,458
4642,8720,29774,11128,29774,1567,458
4642,8720,29775,11128,29775,1567,458
4637,8720,29776,11128,29776,1567,453
4637,8720,29777,11128,29777,1567,453
4637,8720,29778,11128,29778,1567,453
4637,8720,29779,11128,29779,1567,453
4637,8720,29780,11128,29780,1567,453
4637,8720,29781,11128,29781,1567,453
4637,8720,29782,11128,29782,1567,453
4636,8720,29783,11128,29783,1567,453
4636,8720,29784,11128,29784,1567,453
4636,8720,29785,11128,29785,1567,453
4637,8720,29786,11128,29786,1567,453
4638,8720,29787,11128,29787,1567,453
4639,8720,29788,11128,29788,1567,453
4639,8720,29789,11128,29789,1567,453
4639,8720,29790,11128,29790,1567,453
4638,8720,29791,11128,29791,1567,453
4638,8720,29792,11128,29792,1567,453
4638,8720,29793,11128,29793,1567,453
4636,8720,29794,11128,29794,1567,453
4637,8720,29795,11128,29795,1567,453
4637,8720,29796,11128,29796,1567,453
4636,8720,29797,11128,29797,1567,453
4634,8720,29798,11128,29798,1567,453
4634,8720,29799,11128,29799,1567,453
4633,8720,29800,11128,29800,1567,452
4633,8720,29801,11128,29801,1567,452
4633,8720,29802,11128,29802,1567,452
4633,8720,29803,11128,29803,1567,452
4634,8720,29804,11128,29804,1567,452
4634,8720,29805,11128,29805,1567,452
4634,8720,29806,11128,29806,1567,452
4634,8720,29807,11128,29807,1567,452
4634,8720,29808,11128,29808,1567,452
4634,8720,29809,11128,29809,1567,452
4635,8720,29810,11128,29810,1567,452
4635,8720,29811,11128,29811,1567,452
4635,8720,29812,11128,29812,1567,452
4635,8720,29813,11128,29813,1567,452
4634,8720,29814,11128,29814,1567,452
4635,8720,29815,11128,29815,1567,452
4636,8720,29816,11128,29816,1567,452
4636,8720,29817,11128,29817,1567,452
4636,8720,29818,11128,29818,1567,452
4636,8720,29819,11128,29819,1567,452
4637,8720,29820,11128,29820,1567,452
4637,8720,29821,11128,29821,1567,452
4638,8720,29822,11128,29822,1567,452
4638,8720,29823,11128,29823,1567,452
4638,8720,29824,11128,29824,1567,452
4638,8720,29825,11128,29825,1567,452
4637,8720,29826,11128,29826,1567,452
4638,8720,29827,11128,29827,1567,452
4639,8720,29828,11128,29828,1567,452
4639,8720,29829,11128,29829,1567,452
4640,8720,29830,11128,29830,1567,452
4637,8720,29831,11128,29831,1567,451
4637,8720,29832,11128,29832,1567,451
4638,8720,29833,11128,29833,1567,451
4639,8720,29834,11128,29834,1567,451
4632,8720,29835,11128,29835,1567,450
4629,8720,29836,11128,29836,1567,450
4629,8720,29837,11128,29837,1567,450
4629,8720,29838,11128,29838,1567,450
4626,8720,29839,11128,29839,1567,449
4626,8720,29840,11128,29840,1567,449
4626,8720,29841,11128,29841,1567,449
4625,8720,29842,11128,29842,1567,449
4625,8720,29843,11128,29843,1567,449
4625,8720,29844,11128,29844,1567,449
4625,8720,29845,11128,29845,1567,449
4625,8720,29846,11128,29846,1567,449
4625,8720,29847,11128,29847,1567,449
4625,8720,29848,11128,29848,1567,449
4626,8720,29849,11128,29849,1567,449
4627,8720,29850,11128,29850,1567,449
4627,8720,29851,11128,29851,1567,449
4627,8720,29852,11128,29852,1567,449
4628,8720,29853,11128,29853,1567,449
4627,8720,29854,11128,29854,1567,449
4628,8720,29855,11128,29855,1567,449
4628,8720,29856,11128,29856,1567,449
4627,8720,29857,11128,29857,1567,449
4626,8720,29858,11128,29858,1567,449
4627,8720,29859,11128,29859,1567,449
4628,8720,29860,11128,29860,1567,449
4628,8720,29861,11128,29861,1567,449
4628,8720,29862,11128,29862,1567,449
4628,8720,29863,11128,29863,1567,449
4629,8720,29864,11128,29864,1567,449
4630,8720,29865,11128,29865,1567,449
4630,8720,29866,11128,29866,1567,449
4629,8720,29867,11128,29867,1567,449
4630,8720,29868,11128,29868,1567,449
4631,8720,29869,11128,29869,1567,449
4632,8720,29870,11128,29870,1567,449
4632,8720,29871,11128,29871,1567,449
4632,8720,29872,11128,29872,1567,449
4632,8720,29873,11128,29873,1567,449
4631,8720,29874,11128,29874,1567,449
4632,8720,29875,11128,29875,1567,449
4632,8720,29876,11128,29876,1567,449
4631,8720,29877,11128,29877,1567,448
4631,8720,29878,11128,29878,1567,448
4631,8720,29879,11128,29879,1567,448
4631,8720,29880,11128,29880,1567,448
4630,8720,29881,11128,29881,1567,448
4630,8720,29882,11128,29882,1567,448
4629,8720,29883,11128,29883,1567,448
4628,8720,29884,11128,29884,1567,448
4628,8720,29885,11128,29885,1567,448
4629,8720,29886,11128,29886,1567,448
4630,8720,29887,11128,29887,1567,448
4631,8720,29888,11128,29888,1567,448
4631,8720,29889,11128,29889,1567,448
4631,8720,29890,11128,29890,1567,448
4630,8720,29891,11128,29891,1567,448
4630,8720,29892,11128,29892,1567,448
4631,8720,29893,11128,29893,1567,448
4630,8720,29894,11128,29894,1567,448
4630,8720,29895,11128,29895,1567,448
4630,8720,29896,11128,29896,1567,448
4630,8720,29897,11128,29897,1567,448
4630,8720,29898,11128,29898,1567,448
4628,8720,29899,11128,29899,1567,448
4628,8720,29900,11128,29900,1567,448
4628,8720,29901,11128,29901,1567,448
4629,8720,29902,11128,29902,1567,448
4629,8720,29903,11128,29903,1567,448
4629,8720,29904,11128,29904,1567,448
4629,8720,29905,11128,29905,1567,448
4629,8720,29906,11128,29906,1567,448
4629,8720,29907,11128,29907,1567,448
4629,8720,29908,11128,29908,1567,448
4629,8720,29909,11128,29909,1567,448
4629,8720,29910,11128,29910,1567,448
4629,8720,29911,11128,29911,1567,448
4630,8720,29912,11128,29912,1567,448
4630,8720,29913,11128,29913,1567,448
4629,8720,29914,11128,29914,1567,448
4629,8720,29915,11128,29915,1567,448
4630,8720,29916,11128,29916,1567,448
4630,8720,29917,11128,29917,1567,448
4630,8720,29918,11128,29918,1567,448
4630,8720,29919,11128,29919,1567,448
4630,8720,29920,11128,29920,1567,448
4629,8720,29921,11128,29921,1567,448
4629,8720,29922,11128,29922,1567,448
4629,8720,29923,11128,29923,1567,448
4629,8720,29924,11128,29924,1567,448
4629,8720,29925,11128,29925,1567,448
4627,8720,29926,11128,29926,1567,448
4627,8720,29927,11128,29927,1567,448
4626,8720,29928,11128,29928,1567,448
4626,8720,29929,11128,29929,1567,448
4625,8720,29930,11128,29930,1567,448
4625,8720,29931,11128,29931,1567,448
4625,8720,29932,11128,29932,1567,448
4626,8720,29933,11128,29933,1567,448
4625,8720,29934,11128,29934,1567,448
4625,8720,29935,11128,29935,1567,448
4625,8720,29936,11128,29936,1567,448
4625,8720,29937,11128,29937,1567,448
4626,8720,29938,11128,29938,1567,448
4624,8720,29939,11128,29939,1567,448
4624,8720,29940,11128,29940,1567,448
4625,8720,29941,11128,29941,1567,448
4625,8720,29942,11128,29942,1567,448
4623,8720,29943,11128,29943,1567,448
4622,8720,29944,11128,29944,1567,448
4622,8720,29945,11128,29945,1567,448
4622,8720,29946,11128,29946,1567,448
4622,8720,29947,11128,29947,1567,448
4621,8720,29948,11128,29948,1567,448
4619,8720,29949,11128,29949,1567,447
4620,8720,29950,11128,29950,1567,447
4621,8720,29951,11128,29951,1567,447
4621,8720,29952,11128,29952,1567,447
4620,8720,29953,11128,29953,1567,447
4620,8720,29954,11128,29954,1567,447
4619,8720,29955,11128,29955,1567,447
4618,8720,29956,11128,29956,1567,447
4618,8720,29957,11128,29957,1567,447
4619,8720,29958,11128,29958,1567,447
4620,8720,29959,11128,29959,1567,447
4620,8720,29960,11128,29960,1567,447
4621,8720,29961,11128,29961,1567,447
4620,8720,29962,11128,29962,1567,447
4620,8720,29963,11128,29963,1567,447
4620,8720,29964,11128,29964,1567,447
4621,8720,29965,11128,29965,1567,447
4621,8720,29966,11128,29966,1567,447
4621,8720,29967,11128,29967,1567,447
4621,8720,29968,11128,29968,1567,447
4622,8720,29969,11128,29969,1567,447
4623,8720,29970,11128,29970,1567,447
4622,8720,29971,11128,29971,1567,447
4622,8720,29972,11128,29972,1567,447
4623,8720,29973,11128,29973,1567,447
4624,8720,29974,11128,29974,1567,447
4622,8720,29975,11128,29975,1567,447
4623,8720,29976,11128,29976,1567,447
4623,8720,29977,11128,29977,1567,447
4623,8720,29978,11128,29978,1567,447
4623,8720,29979,11128,29979,1567,447
4624,8720,29980,11128,29980,1567,447
4624,8720,29981,11128,29981,1567,447
4624,8720,29982,11128,29982,1567,447
4625,8720,29983,11128,29983,1567,447
4625,8720,29984,11128,29984,1567,447
4624,8720,29985,11128,29985,1567,447
4623,8720,29986,11128,29986,1567,447
4623,8720,29987,11128,29987,1567,447
4623,8720,29988,11128,29988,1567,447
4624,8720,29989,11128,29989,1567,447
4624,8720,29990,11128,29990,1567,447
4624,8720,29991,11128,29991,1567,447
4623,8720,29992,11128,29992,1567,447
4624,8720,29993,11128,29993,1567,447
4624,8720,29994,11128,29994,1567,447
4622,8720,29995,11128,29995,1567,447
4622,8720,29996,11128,29996,1567,447
4621,8720,29997,11128,29997,1567,447
4621,8720,29998,11128,29998,1567,447
4621,8720,29999,11128,29999,1567,447
4621,8720,30000,11128,30000,1567,447
4621,8720,30001,11128,30001,1567,447
4622,8720,30002,11128,30002,1567,447
4622,8720,30003,11128,30003,1567,447
4623,8720,30004,11128,30004,1567,447
4624,8720,30005,11128,30005,1567,447
4624,8720,30006,11128,30006,1567,447
4624,8720,30007,11128,30007,1567,447
4625,8720,30008,11128,30008,1567,447
4625,8720,30009,11128,30009,1567,447
4625,8720,30010,11128,30010,1567,447
4624,8720,30011,11128,30011,1567,447
4624,8720,30012,11128,30012,1567,447
4624,8720,30013,11128,30013,1567,447
4624,8720,30014,11128,30014,1567,447
4624,8720,30015,11128,30015,1567,447
4625,8720,30016,11128,30016,1567,447
4625,8720,30017,11128,30017,1567,447
4626,8720,30018,11128,30018,1567,447
4626,8720,30019,11128,30019,1567,447
4626,8720,30020,11128,30020,1567,447
4625,8720,30021,11128,30021,1567,447
4625,8720,30022,11128,30022,1567,447
4624,8720,30023,11128,30023,1567,447
4624,8720,30024,11128,30024,1567,447
4624,8720,30025,11128,30025,1567,447
4622,8720,30026,11128,30026,1567,446
4622,8720,30027,11128,30027,1567,446
4623,8720,30028,11128,30028,1567,446
4623,8720,30029,11128,30029,1567,446
4623,8720,30030,11128,30030,1567,446
4622,8720,30031,11128,30031,1567,446
4621,8720,30032,11128,30032,1567,446
4621,8720,30033,11128,30033,1567,446
4621,8720,30034,11128,30034,1567,446
4621,8720,30035,11128,30035,1567,446
4622,8720,30036,11128,30036,1567,446
4623,8720,30037,11128,30037,1567,446
4623,8720,30038,11128,30038,1567,446
4623,8720,30039,11128,30039,1567,446
4621,8720,30040,11128,30040,1567,446
4619,8720,30041,11128,30041,1567,446
4619,8720,30042,11128,30042,1567,446
4618,8720,30043,11128,30043,1567,446
4616,8720,30044,11128,30044,1567,446
4615,8720,30045,11128,30045,1567,446
4615,8720,30046,11128,30046,1567,446
4615,8720,30047,11128,30047,1567,446
4614,8720,30048,11128,30048,1567,446
4614,8720,30049,11128,30049,1567,446
4612,8720,30050,11128,30050,1567,446
4610,8720,30051,11128,30051,1567,446
4611,8720,30052,11128,30052,1567,446
4611,8720,30053,11128,30053,1567,446
4612,8720,30054,11128,30054,1567,446
4612,8720,30055,11128,30055,1567,446
4612,8720,30056,11128,30056,1567,446
4612,8720,30057,11128,30057,1567,446
4612,8720,30058,11128,30058,1567,446
4612,8720,30059,11128,30059,1567,446
4610,8720,30060,11128,30060,1567,446
4610,8720,30061,11128,30061,1567,446
4610,8720,30062,11128,30062,1567,446
4610,8720,30063,11128,30063,1567,446
4609,8720,30064,11128,30064,1567,446
4609,8720,30065,11128,30065,1567,446
4609,8720,30066,11128,30066,1567,446
4609,8720,30067,11128,30067,1567,446
4609,8720,30068,11128,30068,1567,446
4610,8720,30069,11128,30069,1567,446
4610,8720,30070,11128,30070,1567,446
4608,8720,30071,11128,30071,1567,446
4608,8720,30072,11128,30072,1567,446
4607,8720,30073,11128,30073,1567,446
4607,8720,30074,11128,30074,1567,446
4605,8720,30075,11128,30075,1567,446
4605,8720,30076,11128,30076,1567,446
4605,8720,30077,11128,30077,1567,446
4604,8720,30078,11128,30078,1567,446
4604,8720,30079,11128,30079,1567,446
4605,8720,30080,11128,30080,1567,446
4606,8720,30081,11128,30081,1567,446
4606,8720,30082,11128,30082,1567,446
4605,8720,30083,11128,30083,1567,446
4606,8720,30084,11128,30084,1567,446
4606,8720,30085,11128,30085,1567,446
4606,8720,30086,11128,30086,1567,446
4606,8720,30087,11128,30087,1567,446
4605,8720,30088,11128,30088,1567,446
4605,8720,30089,11128,30089,1567,446
4603,8720,30090,11128,30090,1567,446
4603,8720,30091,11128,30091,1567,446
4603,8720,30092,11128,30092,1567,446
4601,8720,30093,11128,30093,1567,446
4601,8720,30094,11128,30094,1567,446
4602,8720,30095,11128,30095,1567,446
4602,8720,30096,11128,30096,1567,446
4601,8720,30097,11128,30097,1567,446
4602,8720,30098,11128,30098,1567,446
4602,8720,30099,11128,30099,1567,446
4603,8720,30100,11128,30100,1567,446
4603,8720,30101,11128,30101,1567,446
4602,8720,30102,11128,30102,1567,446
4601,8720,30103,11128,30103,1567,446
4601,8720,30104,11128,30104,1567,446
4601,8720,30105,11128,30105,1567,446
4602,8720,30106,11128,30106,1567,446
4602,8720,30107,11128,30107,1567,446
4602,8720,30108,11128,30108,1567,446
4602,8720,30109,11128,30109,1567,446
4603,8720,30110,11128,30110,1567,446
4603,8720,30111,11128,30111,1567,446
4603,8720,30112,11128,30112,1567,446
4604,8720,30113,11128,30113,1567,446
4604,8720,30114,11128,30114,1567,446
4602,8720,30115,11128,30115,1567,446
4602,8720,30116,11128,30116,1567,446
4603,8720,30117,11128,30117,1567,446
4603,8720,30118,11128,30118,1567,446
4603,8720,30119,11128,30119,1567,446
4604,8720,30120,11128,30120,1567,446
4604,8720,30121,11128,30121,1567,446
4605,8720,30122,11128,30122,1567,446
4605,8720,30123,11128,30123,1567,446
4606,8720,30124,11128,30124,1567,446
4606,8720,30125,11128,30125,1567,446
4606,8720,30126,11128,30126,1567,446
4606,8720,30127,11128,30127,1567,446
4605,8720,30128,11128,30128,1567,446
4605,8720,30129,11128,30129,1567,446
4605,8720,30130,11128,30130,1567,446
4605,8720,30131,11128,30131,1567,446
4605,8720,30132,11128,30132,1567,446
4605,8720,30133,11128,30133,1567,446
4605,8720,30134,11128,30134,1567,446
4605,8720,30135,11128,30135,1567,446
4606,8720,30136,11128,30136,1567,446
4607,8720,30137,11128,30137,1567,446
4607,8720,30138,11128,30138,1567,446
4606,8720,30139,11128,30139,1567,446
4607,8720,30140,11128,30140,1567,446
4608,8720,30141,11128,30141,1567,446
4608,8720,30142,11128,30142,1567,446
4608,8720,30143,11128,30143,1567,446
4608,8720,30144,11128,30144,1567,446
4608,8720,30145,11128,30145,1567,446
4608,8720,30146,11128,30146,1567,446
4608,8720,30147,11128,30147,1567,446
4608,8720,30148,11128,30148,1567,446
4608,8720,30149,11128,30149,1567,446
4609,8720,30150,11128,30150,1567,446
4610,8720,30151,11128,30151,1567,446
4611,8720,30152,11128,30152,1567,446
4611,8720,30153,11128,30153,1567,446
4611,8720,30154,11128,30154,1567,446
4611,8720,30155,11128,30155,1567,446
4611,8720,30156,11128,30156,1567,446
4611,8720,30157,11128,30157,1567,446
4609,8720,30158,11128,30158,1567,444
4609,8720,30159,11128,30159,1567,444
4610,8720,30160,11128,30160,1567,444
4610,8720,30161,11128,30161,1567,444
4610,8720,30162,11128,30162,1567,444
4610,8720,30163,11128,30163,1567,444
4611,8720,30164,11128,30164,1567,444
4612,8720,30165,11128,30165,1567,444
4613,8720,30166,11128,30166,1567,444
4613,8720,30167,11128,30167,1567,444
4613,8720,30168,11128,30168,1567,444
4613,8720,30169,11128,30169,1567,444
4613,8720,30170,11128,30170,1567,444
4613,8720,30171,11128,30171,1567,444
4613,8720,30172,11128,30172,1567,444
4612,8720,30173,11128,30173,1567,444
4611,8720,30174,11128,30174,1567,444
4611,8720,30175,11128,30175,1567,444
4611,8720,30176,11128,30176,1567,444
4611,8720,30177,11128,30177,1567,444
4611,8720,30178,11128,30178,1567,444
4611,8720,30179,11128,30179,1567,444
4612,8720,30180,11128,30180,1567,444
4612,8720,30181,11128,30181,1567,444
4612,8720,30182,11128,30182,1567,444
4610,8720,30183,11128,30183,1567,444
4610,8720,30184,11128,30184,1567,444
4609,8720,30185,11128,30185,1567,443
4609,8720,30186,11128,30186,1567,443
4609,8720,30187,11128,30187,1567,443
4609,8720,30188,11128,30188,1567,443
4609,8720,30189,11128,30189,1567,443
4609,8720,30190,11128,30190,1567,443
4610,8720,30191,11128,30191,1567,443
4610,8720,30192,11128,30192,1567,443
4610,8720,30193,11128,30193,1567,443
4611,8720,30194,11128,30194,1567,443
4612,8720,30195,11128,30195,1567,443
4610,8720,30196,11128,30196,1567,443
4610,8720,30197,11128,30197,1567,443
4609,8720,30198,11128,30198,1567,443
4608,8720,30199,11128,30199,1567,443
4608,8720,30200,11128,30200,1567,443
4607,8720,30201,11128,30201,1567,443
4608,8720,30202,11128,30202,1567,443
4603,8720,30203,11128,30203,1567,443
4603,8720,30204,11128,30204,1567,443
4603,8720,30205,11128,30205,1567,443
4603,8720,30206,11128,30206,1567,443
4602,8720,30207,11128,30207,1567,442
4603,8720,30208,11128,30208,1567,442
4603,8720,30209,11128,30209,1567,442
4601,8720,30210,11128,30210,1567,442
4597,8720,30211,11128,30211,1567,441
4598,8720,30212,11128,30212,1567,441
4598,8720,30213,11128,30213,1567,441
4597,8720,30214,11128,30214,1567,441
4598,8720,30215,11128,30215,1567,441
4599,8720,30216,11128,30216,1567,441
4598,8720,30217,11128,30217,1567,441
4591,8720,30218,11128,30218,1567,438
4592,8720,30219,11128,30219,1567,438
4593,8720,30220,11128,30220,1567,438
4593,8720,30221,11128,30221,1567,438
4592,8720,30222,11128,30222,1567,438
4592,8720,30223,11128,30223,1567,438
4592,8720,30224,11128,30224,1567,438
4592,8720,30225,11128,30225,1567,438
4592,8720,30226,11128,30226,1567,438
4588,8720,30227,11128,30227,1567,438
4588,8720,30228,11128,30228,1567,438
4589,8720,30229,11128,30229,1567,438
4589,8720,30230,11128,30230,1567,438
4588,8720,30231,11128,30231,1567,438
4588,8720,30232,11128,30232,1567,438
4587,8720,30233,11128,30233,1567,438
4588,8720,30234,11128,30234,1567,438
4588,8720,30235,11128,30235,1567,438
4587,8720,30236,11128,30236,1567,438
4587,8720,30237,11128,30237,1567,438
4587,8720,30238,11128,30238,1567,438
4587,8720,30239,11128,30239,1567,438
4587,8720,30240,11128,30240,1567,438
4587,8720,30241,11128,30241,1567,438
4586,8720,30242,11128,30242,1567,438
4586,8720,30243,11128,30243,1567,438
4587,8720,30244,11128,30244,1567,438
4588,8720,30245,11128,30245,1567,438
4586,8720,30246,11128,30246,1567,438
4586,8720,30247,11128,30247,1567,438
4586,8720,30248,11128,30248,1567,438
4585,8720,30249,11128,30249,1567,438
4586,8720,30250,11128,30250,1567,438
4586,8720,30251,11128,30251,1567,438
4587,8720,30252,11128,30252,1567,438
4587,8720,30253,11128,30253,1567,438
4588,8720,30254,11128,30254,1567,438
4588,8720,30255,11128,30255,1567,438
4588,8720,30256,11128,30256,1567,438
4588,8720,30257,11128,30257,1567,438
4588,8720,30258,11128,30258,1567,438
4588,8720,30259,11128,30259,1567,438
4587,8720,30260,11128,30260,1567,438
4587,8720,30261,11128,30261,1567,438
4587,8720,30262,11128,30262,1567,438
4588,8720,30263,11128,30263,1567,438
4588,8720,30264,11128,30264,1567,438
4586,8720,30265,11128,30265,1567,438
4586,8720,30266,11128,30266,1567,438
4587,8720,30267,11128,30267,1567,438
4587,8720,30268,11128,30268,1567,438
4587,8720,30269,11128,30269,1567,438
4587,8720,30270,11128,30270,1567,438
4586,8720,30271,11128,30271,1567,438
4586,8720,30272,11128,30272,1567,438
4586,8720,30273,11128,30273,1567,438
4587,8720,30274,11128,30274,1567,438
4587,8720,30275,11128,30275,1567,438
4587,8720,30276,11128,30276,1567,438
4588,8720,30277,11128,30277,1567,438
4588,8720,30278,11128,30278,1567,438
4588,8720,30279,11128,30279,1567,438
4588,8720,30280,11128,30280,1567,438
4588,8720,30281,11128,30281,1567,438
4586,8720,30282,11128,30282,1567,438
4587,8720,30283,11128,30283,1567,438
4587,8720,30284,11128,30284,1567,438
4587,8720,30285,11128,30285,1567,438
4588,8720,30286,11128,30286,1567,438
4586,8720,30287,11128,30287,1567,438
4586,8720,30288,11128,30288,1567,438
4586,8720,30289,11128,30289,1567,438
4586,8720,30290,11128,30290,1567,438
4586,8720,30291,11128,30291,1567,438
4586,8720,30292,11128,30292,1567,438
4586,8720,30293,11128,30293,1567,438
4586,8720,30294,11128,30294,1567,438
4586,8720,30295,11128,30295,1567,438
4585,8720,30296,11128,30296,1567,438
4585,8720,30297,11128,30297,1567,438
4585,8720,30298,11128,30298,1567,438
4585,8720,30299,11128,30299,1567,438
4585,8720,30300,11128,30300,1567,438
4586,8720,30301,11128,30301,1567,438
4586,8720,30302,11128,30302,1567,438
4585,8720,30303,11128,30303,1567,438
4585,8720,30304,11128,30304,1567,438
4586,8720,30305,11128,30305,1567,438
4586,8720,30306,11128,30306,1567,438
4586,8720,30307,11128,30307,1567,438
4586,8720,30308,11128,30308,1567,438
4587,8720,30309,11128,30309,1567,438
4587,8720,30310,11128,30310,1567,438
4586,8720,30311,11128,30311,1567,438
4585,8720,30312,11128,30312,1567,438
4586,8720,30313,11128,30313,1567,438
4586,8720,30314,11128,30314,1567,438
4585,8720,30315,11128,30315,1567,438
4585,8720,30316,11128,30316,1567,438
4577,8720,30317,11128,30317,1567,437
4578,8720,30318,11128,30318,1567,437
4578,8720,30319,11128,30319,1567,437
4574,8720,30320,11128,30320,1567,437
4574,8720,30321,11128,30321,1567,437
4575,8720,30322,11128,30322,1567,437
4573,8720,30323,11128,30323,1567,437
4573,8720,30324,11128,30324,1567,437
4573,8720,30325,11128,30325,1567,437
4573,8720,30326,11128,30326,1567,437
4574,8720,30327,11128,30327,1567,437
4575,8720,30328,11128,30328,1567,437
4575,8720,30329,11128,30329,1567,437
4575,8720,30330,11128,30330,1567,437
4575,8720,30331,11128,30331,1567,437
4575,8720,30332,11128,30332,1567,437
4575,8720,30333,11128,30333,1567,437
4570,8720,30334,11128,30334,1567,436
4570,8720,30335,11128,30335,1567,436
4570,8720,30336,11128,30336,1567,436
4570,8720,30337,11128,30337,1567,436
4569,8720,30338,11128,30338,1567,436
4569,8720,30339,11128,30339,1567,436
4568,8720,30340,11128,30340,1567,436
4569,8720,30341,11128,30341,1567,436
4569,8720,30342,11128,30342,1567,436
4569,8720,30343,11128,30343,1567,436
4569,8720,30344,11128,30344,1567,436
4567,8720,30345,11128,30345,1567,435
4567,8720,30346,11128,30346,1567,435
4567,8720,30347,11128,30347,1567,435
4567,8720,30348,11128,30348,1567,435
4568,8720,30349,11128,30349,1567,435
4568,8720,30350,11128,30350,1567,435
4568,8720,30351,11128,30351,1567,435
4568,8720,30352,11128,30352,1567,435
4568,8720,30353,11128,30353,1567,435
4568,8720,30354,11128,30354,1567,435
4568,8720,30355,11128,30355,1567,435
4568,8720,30356,11128,30356,1567,435
4567,8720,30357,11128,30357,1567,435
4567,8720,30358,11128,30358,1567,435
4567,8720,30359,11128,30359,1567,435
4568,8720,30360,11128,30360,1567,435
4568,8720,30361,11128,30361,1567,435
4568,8720,30362,11128,30362,1567,435
4569,8720,30363,11128,30363,1567,435
4569,8720,30364,11128,30364,1567,435
4569,8720,30365,11128,30365,1567,435
4568,8720,30366,11128,30366,1567,435
4569,8720,30367,11128,30367,1567,435
4569,8720,30368,11128,30368,1567,435
4569,8720,30369,11128,30369,1567,435
4569,8720,30370,11128,30370,1567,435
4569,8720,30371,11128,30371,1567,435
4569,8720,30372,11128,30372,1567,435
4568,8720,30373,11128,30373,1567,435
4568,8720,30374,11128,30374,1567,435
4567,8720,30375,11128,30375,1567,435
4566,8720,30376,11128,30376,1567,435
4565,8720,30377,11128,30377,1567,435
4565,8720,30378,11128,30378,1567,435
4563,8720,30379,11128,30379,1567,435
4564,8720,30380,11128,30380,1567,435
4563,8720,30381,11128,30381,1567,435
4564,8720,30382,11128,30382,1567,435
4564,8720,30383,11128,30383,1567,435
4565,8720,30384,11128,30384,1567,435
4566,8720,30385,11128,30385,1567,435
4567,8720,30386,11128,30386,1567,435
4567,8720,30387,11128,30387,1567,435
4567,8720,30388,11128,30388,1567,435
4567,8720,30389,11128,30389,1567,435
4567,8720,30390,11128,30390,1567,435
4566,8720,30391,11128,30391,1567,435
4566,8720,30392,11128,30392,1567,435
4567,8720,30393,11128,30393,1567,435
4567,8720,30394,11128,30394,1567,435
4568,8720,30395,11128,30395,1567,435
4568,8720,30396,11128,30396,1567,435
4568,8720,30397,11128,30397,1567,435
4567,8720,30398,11128,30398,1567,435
4568,8720,30399,11128,30399,1567,435
4567,8720,30400,11128,30400,1567,435
4567,8720,30401,11128,30401,1567,435
4567,8720,30402,11128,30402,1567,435
4567,8720,30403,11128,30403,1567,435
4568,8720,30404,11128,30404,1567,435
4568,8720,30405,11128,30405,1567,435
4568,8720,30406,11128,30406,1567,435
4568,8720,30407,11128,30407,1567,435
4569,8720,30408,11128,30408,1567,435
4568,8720,30409,11128,30409,1567,435
4568,8720,30410,11128,30410,1567,435
4569,8720,30411,11128,30411,1567,435
4568,8720,30412,11128,30412,1567,434
4568,8720,30413,11128,30413,1567,434
4569,8720,30414,11128,30414,1567,434
4569,8720,30415,11128,30415,1567,434
4569,8720,30416,11128,30416,1567,434
4568,8720,30417,11128,30417,1567,434
4568,8720,30418,11128,30418,1567,434
4568,8720,30419,11128,30419,1567,434
4569,8720,30420,11128,30420,1567,434
4570,8720,30421,11128,30421,1567,434
4570,8720,30422,11128,30422,1567,434
4570,8720,30423,11128,30423,1567,434
4570,8720,30424,11128,30424,1567,434
4571,8720,30425,11128,30425,1567,434
4572,8720,30426,11128,30426,1567,434
4571,8720,30427,11128,30427,1567,434
4570,8720,30428,11128,30428,1567,434
4571,8720,30429,11128,30429,1567,434
4571,8720,30430,11128,30430,1567,434
4571,8720,30431,11128,30431,1567,434
4572,8720,30432,11128,30432,1567,434
4571,8720,30433,11128,30433,1567,434
4571,8720,30434,11128,30434,1567,434
4572,8720,30435,11128,30435,1567,434
4572,8720,30436,11128,30436,1567,434
4572,8720,30437,11128,30437,1567,434
4573,8720,30438,11128,30438,1567,434
4573,8720,30439,11128,30439,1567,434
4573,8720,30440,11128,30440,1567,434
4574,8720,30441,11128,30441,1567,434
4574,8720,30442,11128,30442,1567,434
4573,8720,30443,11128,30443,1567,434
4573,8720,30444,11128,30444,1567,434
4572,8720,30445,11128,30445,1567,434
4572,8720,30446,11128,30446,1567,434
4572,8720,30447,11128,30447,1567,434
4572,8720,30448,11128,30448,1567,434
4572,8720,30449,11128,30449,1567,434
4571,8720,30450,11128,30450,1567,434
4571,8720,30451,11128,30451,1567,434
4569,8720,30452,11128,30452,1567,434
4567,8720,30453,11128,30453,1567,434
4566,8720,30454,11128,30454,1567,434
4565,8720,30455,11128,30455,1567,434
4565,8720,30456,11128,30456,1567,434
4566,8720,30457,11128,30457,1567,434
4566,8720,30458,11128,30458,1567,434
4566,8720,30459,11128,30459,1567,434
4564,8720,30460,11128,30460,1567,434
4565,8720,30461,11128,30461,1567,434
4565,8720,30462,11128,30462,1567,434
4565,8720,30463,11128,30463,1567,434
4565,8720,30464,11128,30464,1567,434
4566,8720,30465,11128,30465,1567,434
4567,8720,30466,11128,30466,1567,434
4566,8720,30467,11128,30467,1567,434
4566,8720,30468,11128,30468,1567,434
4566,8720,30469,11128,30469,1567,434
4566,8720,30470,11128,30470,1567,434
4566,8720,30471,11128,30471,1567,434
4564,8720,30472,11128,30472,1567,432
4562,8720,30473,11128,30473,1567,432
4562,8720,30474,11128,30474,1567,432
4563,8720,30475,11128,30475,1567,432
4563,8720,30476,11128,30476,1567,432
4563,8720,30477,11128,30477,1567,432
4563,8720,30478,11128,30478,1567,432
4564,8720,30479,11128,30479,1567,432
4563,8720,30480,11128,30480,1567,432
4561,8720,30481,11128,30481,1567,431
4562,8720,30482,11128,30482,1567,431
4563,8720,30483,11128,30483,1567,431
4563,8720,30484,11128,30484,1567,431
4563,8720,30485,11128,30485,1567,431
4563,8720,30486,11128,30486,1567,431
4564,8720,30487,11128,30487,1567,431
4564,8720,30488,11128,30488,1567,431
4565,8720,30489,11128,30489,1567,431
4565,8720,30490,11128,30490,1567,431
4565,8720,30491,11128,30491,1567,431
4566,8720,30492,11128,30492,1567,431
4567,8720,30493,11128,30493,1567,431
4567,8720,30494,11128,30494,1567,431
4567,8720,30495,11128,30495,1567,431
4568,8720,30496,11128,30496,1567,431
4568,8720,30497,11128,30497,1567,431
4568,8720,30498,11128,30498,1567,431
4568,8720,30499,11128,30499,1567,431
4565,8720,30500,11128,30500,1567,428
4565,8720,30501,11128,30501,1567,428
4566,8720,30502,11128,30502,1567,428
4565,8720,30503,11128,30503,1567,428
4565,8720,30504,11128,30504,1567,428
4565,8720,30505,11128,30505,1567,428
4564,8720,30506,11128,30506,1567,428
4564,8720,30507,11128,30507,1567,428
4564,8720,30508,11128,30508,1567,428
4565,8720,30509,11128,30509,1567,428
4565,8720,30510,11128,30510,1567,428
4560,8720,30511,11128,30511,1567,424
4560,8720,30512,11128,30512,1567,424
4559,8720,30513,11128,30513,1567,424
4560,8720,30514,11128,30514,1567,424
4560,8720,30515,11128,30515,1567,424
4560,8720,30516,11128,30516,1567,424
4560,8720,30517,11128,30517,1567,424
4560,8720,30518,11128,30518,1567,424
4560,8720,30519,11128,30519,1567,424
4561,8720,30520,11128,30520,1567,424
4562,8720,30521,11128,30521,1567,424
4561,8720,30522,11128,30522,1567,424
4562,8720,30523,11128,30523,1567,424
4561,8720,30524,11128,30524,1567,424
4561,8720,30525,11128,30525,1567,424
4562,8720,30526,11128,30526,1567,424
4563,8720,30527,11128,30527,1567,424
4563,8720,30528,11128,30528,1567,424
4564,8720,30529,11128,30529,1567,424
4562,8720,30530,11128,30530,1567,424
4563,8720,30531,11128,30531,1567,424
4564,8720,30532,11128,30532,1567,424
4564,8720,30533,11128,30533,1567,424
4564,8720,30534,11128,30534,1567,424
4565,8720,30535,11128,30535,1567,424
4564,8720,30536,11128,30536,1567,424
4564,8720,30537,11128,30537,1567,424
4565,8720,30538,11128,30538,1567,424
4562,8720,30539,11128,30539,1567,422
4561,8720,30540,11128,30540,1567,422
4562,8720,30541,11128,30541,1567,422
4563,8720,30542,11128,30542,1567,422
4564,8720,30543,11128,30543,1567,422
4563,8720,30544,11128,30544,1567,422
4563,8720,30545,11128,30545,1567,422
4562,8720,30546,11128,30546,1567,422
4558,8720,30547,11128,30547,1567,421
4557,8720,30548,11128,30548,1567,421
4557,8720,30549,11128,30549,1567,421
4556,8720,30550,11128,30550,1567,421
4555,8720,30551,11128,30551,1567,421
4554,8720,30552,11128,30552,1567,421
4554,8720,30553,11128,30553,1567,421
4554,8720,30554,11128,30554,1567,421
4554,8720,30555,11128,30555,1567,421
4555,8720,30556,11128,30556,1567,421
4553,8720,30557,11128,30557,1567,421
4553,8720,30558,11128,30558,1567,421
4553,8720,30559,11128,30559,1567,421
4553,8720,30560,11128,30560,1567,421
4553,8720,30561,11128,30561,1567,421
4553,8720,30562,11128,30562,1567,421
4551,8720,30563,11128,30563,1567,421
4551,8720,30564,11128,30564,1567,421
4551,8720,30565,11128,30565,1567,421
4551,8720,30566,11128,30566,1567,421
4550,8720,30567,11128,30567,1567,421
4550,8720,30568,11128,30568,1567,421
4551,8720,30569,11128,30569,1567,421
4551,8720,30570,11128,30570,1567,421
4551,8720,30571,11128,30571,1567,421
4551,8720,30572,11128,30572,1567,421
4547,8720,30573,11128,30573,1567,421
4547,8720,30574,11128,30574,1567,421
4547,8720,30575,11128,30575,1567,421
4547,8720,30576,11128,30576,1567,421
4548,8720,30577,11128,30577,1567,421
4548,8720,30578,11128,30578,1567,421
4548,8720,30579,11128,30579,1567,421
4548,8720,30580,11128,30580,1567,421
4548,8720,30581,11128,30581,1567,421
4548,8720,30582,11128,30582,1567,421
4548,8720,30583,11128,30583,1567,421
4548,8720,30584,11128,30584,1567,421
4548,8720,30585,11128,30585,1567,421
4548,8720,30586,11128,30586,1567,421
4548,8720,30587,11128,30587,1567,421
4548,8720,30588,11128,30588,1567,421
4548,8720,30589,11128,30589,1567,421
4548,8720,30590,11128,30590,1567,421
4548,8720,30591,11128,30591,1567,421
4546,8720,30592,11128,30592,1567,421
4547,8720,30593,11128,30593,1567,421
4547,8720,30594,11128,30594,1567,421
4548,8720,30595,11128,30595,1567,421
4548,8720,30596,11128,30596,1567,421
4548,8720,30597,11128,30597,1567,421
4549,8720,30598,11128,30598,1567,421
4548,8720,30599,11128,30599,1567,421
4549,8720,30600,11128,30600,1567,421
4548,8720,30601,11128,30601,1567,421
4549,8720,30602,11128,30602,1567,421
4549,8720,30603,11128,30603,1567,421
4549,8720,30604,11128,30604,1567,421
4549,8720,30605,11128,30605,1567,421
4549,8720,30606,11128,30606,1567,421
4550,8720,30607,11128,30607,1567,421
4551,8720,30608,11128,30608,1567,421
4551,8720,30609,11128,30609,1567,421
4551,8720,30610,11128,30610,1567,421
4551,8720,30611,11128,30611,1567,421
4550,8720,30612,11128,30612,1567,421
4550,8720,30613,11128,30613,1567,421
4548,8720,30614,11128,30614,1567,421
4548,8720,30615,11128,30615,1567,421
4549,8720,30616,11128,30616,1567,421
4548,8720,30617,11128,30617,1567,421
4548,8720,30618,11128,30618,1567,421
4545,8720,30619,11128,30619,1567,420
4545,8720,30620,11128,30620,1567,420
4543,8720,30621,11128,30621,1567,420
4540,8720,30622,11128,30622,1567,420
4541,8720,30623,11128,30623,1567,420
4542,8720,30624,11128,30624,1567,420
4542,8720,30625,11128,30625,1567,420
4542,8720,30626,11128,30626,1567,420
4541,8720,30627,11128,30627,1567,420
4540,8720,30628,11128,30628,1567,420
4539,8720,30629,11128,30629,1567,420
4540,8720,30630,11128,30630,1567,420
4541,8720,30631,11128,30631,1567,420
4541,8720,30632,11128,30632,1567,420
4540,8720,30633,11128,30633,1567,420
4541,8720,30634,11128,30634,1567,420
4540,8720,30635,11128,30635,1567,420
4540,8720,30636,11128,30636,1567,420
4540,8720,30637,11128,30637,1567,420
4540,8720,30638,11128,30638,1567,420
4540,8720,30639,11128,30639,1567,420
4540,8720,30640,11128,30640,1567,420
4540,8720,30641,11128,30641,1567,420
4540,8720,30642,11128,30642,1567,420
4540,8720,30643,11128,30643,1567,420
4540,8720,30644,11128,30644,1567,420
4540,8720,30645,11128,30645,1567,420
4541,8720,30646,11128,30646,1567,420
4542,8720,30647,11128,30647,1567,420
4542,8720,30648,11128,30648,1567,420
4542,8720,30649,11128,30649,1567,420
4542,8720,30650,11128,30650,1567,420
4542,8720,30651,11128,30651,1567,420
4541,8720,30652,11128,30652,1567,420
4540,8720,30653,11128,30653,1567,420
4540,8720,30654,11128,30654,1567,420
4540,8720,30655,11128,30655,1567,420
4540,8720,30656,11128,30656,1567,420
4536,8720,30657,11128,30657,1567,420
4536,8720,30658,11128,30658,1567,420
4536,8720,30659,11128,30659,1567,420
4536,8720,30660,11128,30660,1567,420
4536,8720,30661,11128,30661,1567,420
4537,8720,30662,11128,30662,1567,420
4537,8720,30663,11128,30663,1567,420
4538,8720,30664,11128,30664,1567,420
4537,8720,30665,11128,30665,1567,420
4534,8720,30666,11128,30666,1567,418
4534,8720,30667,11128,30667,1567,418
4533,8720,30668,11128,30668,1567,418
4533,8720,30669,11128,30669,1567,418
4534,8720,30670,11128,30670,1567,418
4534,8720,30671,11128,30671,1567,418
4534,8720,30672,11128,30672,1567,418
4533,8720,30673,11128,30673,1567,418
4533,8720,30674,11128,30674,1567,418
4534,8720,30675,11128,30675,1567,418
4533,8720,30676,11128,30676,1567,418
4533,8720,30677,11128,30677,1567,418
4533,8720,30678,11128,30678,1567,418
4532,8720,30679,11128,30679,1567,418
4532,8720,30680,11128,30680,1567,418
4532,8720,30681,11128,30681,1567,418
4533,8720,30682,11128,30682,1567,418
4533,8720,30683,11128,30683,1567,418
4533,8720,30684,11128,30684,1567,418
4530,8720,30685,11128,30685,1567,418
4528,8720,30686,11128,30686,1567,418
4528,8720,30687,11128,30687,1567,418
4529,8720,30688,11128,30688,1567,418
4528,8720,30689,11128,30689,1567,418
4525,8720,30690,11128,30690,1567,418
4524,8720,30691,11128,30691,1567,418
4520,8720,30692,11128,30692,1567,416
4519,8720,30693,11128,30693,1567,416
4520,8720,30694,11128,30694,1567,416
4520,8720,30695,11128,30695,1567,416
4521,8720,30696,11128,30696,1567,416
4521,8720,30697,11128,30697,1567,416
4522,8720,30698,11128,30698,1567,416
4522,8720,30699,11128,30699,1567,416
4522,8720,30700,11128,30700,1567,416
4521,8720,30701,11128,30701,1567,416
4522,8720,30702,11128,30702,1567,416
4521,8720,30703,11128,30703,1567,416
4521,8720,30704,11128,30704,1567,416
4520,8720,30705,11128,30705,1567,416
4520,8720,30706,11128,30706,1567,416
4520,8720,30707,11128,30707,1567,416
4521,8720,30708,11128,30708,1567,416
4521,8720,30709,11128,30709,1567,416
4521,8720,30710,11128,30710,1567,416
4521,8720,30711,11128,30711,1567,416
4521,8720,30712,11128,30712,1567,416
4521,8720,30713,11128,30713,1567,416
4521,8720,30714,11128,30714,1567,416
4521,8720,30715,11128,30715,1567,416
4520,8720,30716,11128,30716,1567,416
4520,8720,30717,11128,30717,1567,416
4520,8720,30718,11128,30718,1567,416
4520,8720,30719,11128,30719,1567,416
4519,8720,30720,11128,30720,1567,416
4518,8720,30721,11128,30721,1567,416
4517,8720,30722,11128,30722,1567,416
4518,8720,30723,11128,30723,1567,416
4518,8720,30724,11128,30724,1567,416
4514,8720,30725,11128,30725,1567,415
4511,8720,30726,11128,30726,1567,415
4511,8720,30727,11128,30727,1567,415
4511,8720,30728,11128,30728,1567,415
4512,8720,30729,11128,30729,1567,415
4512,8720,30730,11128,30730,1567,415
4513,8720,30731,11128,30731,1567,415
4513,8720,30732,11128,30732,1567,415
4512,8720,30733,11128,30733,1567,415
4512,8720,30734,11128,30734,1567,415
4512,8720,30735,11128,30735,1567,415
4508,8720,30736,11128,30736,1567,414
4507,8720,30737,11128,30737,1567,414
4508,8720,30738,11128,30738,1567,414
4506,8720,30739,11128,30739,1567,414
4506,8720,30740,11128,30740,1567,414
4506,8720,30741,11128,30741,1567,414
4506,8720,30742,11128,30742,1567,414
4506,8720,30743,11128,30743,1567,414
4507,8720,30744,11128,30744,1567,414
4507,8720,30745,11128,30745,1567,414
4507,8720,30746,11128,30746,1567,414
4506,8720,30747,11128,30747,1567,414
4506,8720,30748,11128,30748,1567,414
4507,8720,30749,11128,30749,1567,414
4508,8720,30750,11128,30750,1567,414
4508,8720,30751,11128,30751,1567,414
4508,8720,30752,11128,30752,1567,414
4507,8720,30753,11128,30753,1567,414
4505,8720,30754,11128,30754,1567,414
4504,8720,30755,11128,30755,1567,414
4505,8720,30756,11128,30756,1567,414
4503,8720,30757,11128,30757,1567,414
4503,8720,30758,11128,30758,1567,414
4504,8720,30759,11128,30759,1567,414
4504,8720,30760,11128,30760,1567,414
4504,8720,30761,11128,30761,1567,414
4504,8720,30762,11128,30762,1567,414
4504,8720,30763,11128,30763,1567,414
4505,8720,30764,11128,30764,1567,414
4505,8720,30765,11128,30765,1567,414
4506,8720,30766,11128,30766,1567,414
4506,8720,30767,11128,30767,1567,414
4506,8720,30768,11128,30768,1567,414
4507,8720,30769,11128,30769,1567,414
4507,8720,30770,11128,30770,1567,414
4507,8720,30771,11128,30771,1567,414
4507,8720,30772,11128,30772,1567,414
4507,8720,30773,11128,30773,1567,414
4507,8720,30774,11128,30774,1567,414
4507,8720,30775,11128,30775,1567,414
4507,8720,30776,11128,30776,1567,414
4508,8720,30777,11128,30777,1567,414
4507,8720,30778,11128,30778,1567,414
4507,8720,30779,11128,30779,1567,414
4507,8720,30780,11128,30780,1567,414
4506,8720,30781,11128,30781,1567,414
4507,8720,30782,11128,30782,1567,414
4504,8720,30783,11128,30783,1567,413
4502,8720,30784,11128,30784,1567,413
4500,8720,30785,11128,30785,1567,413
4501,8720,30786,11128,30786,1567,413
4498,8720,30787,11128,30787,1567,413
4498,8720,30788,11128,30788,1567,413
4499,8720,30789,11128,30789,1567,413
4499,8720,30790,11128,30790,1567,413
4499,8720,30791,11128,30791,1567,413
4499,8720,30792,11128,30792,1567,413
4499,8720,30793,11128,30793,1567,413
4499,8720,30794,11128,30794,1567,413
4499,8720,30795,11128,30795,1567,413
4500,8720,30796,11128,30796,1567,413
4500,8720,30797,11128,30797,1567,413
4501,8720,30798,11128,30798,1567,413
4501,8720,30799,11128,30799,1567,413
4501,8720,30800,11128,30800,1567,413
4501,8720,30801,11128,30801,1567,413
4501,8720,30802,11128,30802,1567,413
4501,8720,30803,11128,30803,1567,413
4501,8720,30804,11128,30804,1567,413
4501,8720,30805,11128,30805,1567,413
4501,8720,30806,11128,30806,1567,413
4501,8720,30807,11128,30807,1567,413
4502,8720,30808,11128,30808,1567,413
4503,8720,30809,11128,30809,1567,413
4504,8720,30810,11128,30810,1567,413
4502,8720,30811,11128,30811,1567,413
4503,8720,30812,11128,30812,1567,413
4503,8720,30813,11128,30813,1567,413
4503,8720,30814,11128,30814,1567,413
4503,8720,30815,11128,30815,1567,413
4504,8720,30816,11128,30816,1567,413
4504,8720,30817,11128,30817,1567,413
4504,8720,30818,11128,30818,1567,413
4503,8720,30819,11128,30819,1567,413
4503,8720,30820,11128,30820,1567,413
4503,8720,30821,11128,30821,1567,413
4503,8720,30822,11128,30822,1567,413
4503,8720,30823,11128,30823,1567,413
4503,8720,30824,11128,30824,1567,413
4503,8720,30825,11128,30825,1567,413
4503,8720,30826,11128,30826,1567,413
4503,8720,30827,11128,30827,1567,413
4504,8720,30828,11128,30828,1567,413
4504,8720,30829,11128,30829,1567,413
4505,8720,30830,11128,30830,1567,413
4506,8720,30831,11128,30831,1567,413
4506,8720,30832,11128,30832,1567,413
4506,8720,30833,11128,30833,1567,413
4506,8720,30834,11128,30834,1567,413
4504,8720,30835,11128,30835,1567,413
4505,8720,30836,11128,30836,1567,413
4504,8720,30837,11128,30837,1567,413
4502,8720,30838,11128,30838,1567,412
4501,8720,30839,11128,30839,1567,412
4501,8720,30840,11128,30840,1567,412
4500,8720,30841,11128,30841,1567,412
4500,8720,30842,11128,30842,1567,412
4499,8720,30843,11128,30843,1567,411
4500,8720,30844,11128,30844,1567,411
4499,8720,30845,11128,30845,1567,411
4498,8720,30846,11128,30846,1567,411
4496,8720,30847,11128,30847,1567,411
4495,8720,30848,11128,30848,1567,411
4494,8720,30849,11128,30849,1567,411
4494,8720,30850,11128,30850,1567,411
4492,8720,30851,11128,30851,1567,411
4490,8720,30852,11128,30852,1567,411
4490,8720,30853,11128,30853,1567,411
4490,8720,30854,11128,30854,1567,411
4491,8720,30855,11128,30855,1567,411
4492,8720,30856,11128,30856,1567,411
4493,8720,30857,11128,30857,1567,411
4493,8720,30858,11128,30858,1567,411
4493,8720,30859,11128,30859,1567,411
4494,8720,30860,11128,30860,1567,411
4494,8720,30861,11128,30861,1567,411
4493,8720,30862,11128,30862,1567,410
4493,8720,30863,11128,30863,1567,410
4493,8720,30864,11128,30864,1567,410
4494,8720,30865,11128,30865,1567,410
4494,8720,30866,11128,30866,1567,410
4494,8720,30867,11128,30867,1567,410
4494,8720,30868,11128,30868,1567,410
4494,8720,30869,11128,30869,1567,410
4494,8720,30870,11128,30870,1567,410
4493,8720,30871,11128,30871,1567,410
4493,8720,30872,11128,30872,1567,410
4494,8720,30873,11128,30873,1567,410
4494,8720,30874,11128,30874,1567,410
4493,8720,30875,11128,30875,1567,410
4493,8720,30876,11128,30876,1567,410
4493,8720,30877,11128,30877,1567,410
4494,8720,30878,11128,30878,1567,410
4494,8720,30879,11128,30879,1567,410
4494,8720,30880,11128,30880,1567,410
4494,8720,30881,11128,30881,1567,410
4494,8720,30882,11128,30882,1567,410
4491,8720,30883,11128,30883,1567,410
4491,8720,30884,11128,30884,1567,410
4491,8720,30885,11128,30885,1567,410
4491,8720,30886,11128,30886,1567,410
4491,8720,30887,11128,30887,1567,410
4491,8720,30888,11128,30888,1567,410
4491,8720,30889,11128,30889,1567,410
4492,8720,30890,11128,30890,1567,410
4492,8720,30891,11128,30891,1567,410
4489,8720,30892,11128,30892,1567,410
4490,8720,30893,11128,30893,1567,410
4490,8720,30894,11128,30894,1567,410
4490,8720,30895,11128,30895,1567,410
4490,8720,30896,11128,30896,1567,410
4489,8720,30897,11128,30897,1567,410
4489,8720,30898,11128,30898,1567,410
4489,8720,30899,11128,30899,1567,410
4490,8720,30900,11128,30900,1567,410
4490,8720,30901,11128,30901,1567,410
4490,8720,30902,11128,30902,1567,410
4490,8720,30903,11128,30903,1567,410
4491,8720,30904,11128,30904,1567,410
4491,8720,30905,11128,30905,1567,410
4491,8720,30906,11128,30906,1567,410
4491,8720,30907,11128,30907,1567,410
4491,8720,30908,11128,30908,1567,410
4491,8720,30909,11128,30909,1567,410
4491,8720,30910,11128,30910,1567,410
4491,8720,30911,11128,30911,1567,410
4492,8720,30912,11128,30912,1567,410
4492,8720,30913,11128,30913,1567,410
4492,8720,30914,11128,30914,1567,410
4492,8720,30915,11128,30915,1567,410
4492,8720,30916,11128,30916,1567,410
4492,8720,30917,11128,30917,1567,410
4492,8720,30918,11128,30918,1567,410
4492,8720,30919,11128,30919,1567,410
4493,8720,30920,11128,30920,1567,410
4492,8720,30921,11128,30921,1567,410
4493,8720,30922,11128,30922,1567,410
4492,8720,30923,11128,30923,1567,410
4491,8720,30924,11128,30924,1567,410
4491,8720,30925,11128,30925,1567,410
4491,8720,30926,11128,30926,1567,410
4491,8720,30927,11128,30927,1567,410
4491,8720,30928,11128,30928,1567,410
4491,8720,30929,11128,30929,1567,410
4491,8720,30930,11128,30930,1567,410
4491,8720,30931,11128,30931,1567,410
4490,8720,30932,11128,30932,1567,410
4490,8720,30933,11128,30933,1567,410
4491,8720,30934,11128,30934,1567,410
4490,8720,30935,11128,30935,1567,410
4489,8720,30936,11128,30936,1567,410
4489,8720,30937,11128,30937,1567,410
4490,8720,30938,11128,30938,1567,410
4491,8720,30939,11128,30939,1567,410
4490,8720,30940,11128,30940,1567,410
4490,8720,30941,11128,30941,1567,410
4491,8720,30942,11128,30942,1567,410
4490,8720,30943,11128,30943,1567,410
4490,8720,30944,11128,30944,1567,410
4489,8720,30945,11128,30945,1567,410
4489,8720,30946,11128,30946,1567,410
4489,8720,30947,11128,30947,1567,410
4489,8720,30948,11128,30948,1567,410
4489,8720,30949,11128,30949,1567,410
4489,8720,30950,11128,30950,1567,410
4488,8720,30951,11128,30951,1567,410
4488,8720,30952,11128,30952,1567,410
4489,8720,30953,11128,30953,1567,410
4490,8720,30954,11128,30954,1567,410
4490,8720,30955,11128,30955,1567,410
4491,8720,30956,11128,30956,1567,410
4492,8720,30957,11128,30957,1567,410
4490,8720,30958,11128,30958,1567,410
4490,8720,30959,11128,30959,1567,410
4490,8720,30960,11128,30960,1567,410
4489,8720,30961,11128,30961,1567,410
4489,8720,30962,11128,30962,1567,410
4488,8720,30963,11128,30963,1567,410
4488,8720,30964,11128,30964,1567,410
4488,8720,30965,11128,30965,1567,410
4488,8720,30966,11128,30966,1567,410
4489,8720,30967,11128,30967,1567,410
4484,8720,30968,11128,30968,1567,409
4484,8720,30969,11128,30969,1567,409
4484,8720,30970,11128,30970,1567,409
4484,8720,30971,11128,30971,1567,409
4484,8720,30972,11128,30972,1567,409
4484,8720,30973,11128,30973,1567,409
4484,8720,30974,11128,30974,1567,409
4484,8720,30975,11128,30975,1567,409
4484,8720,30976,11128,30976,1567,409
4484,8720,30977,11128,30977,1567,409
4484,8720,30978,11128,30978,1567,409
4485,8720,30979,11128,30979,1567,409
4486,8720,30980,11128,30980,1567,409
4483,8720,30981,11128,30981,1567,409
4484,8720,30982,11128,30982,1567,409
4484,8720,30983,11128,30983,1567,409
4484,8720,30984,11128,30984,1567,409
4484,8720,30985,11128,30985,1567,409
4479,8720,30986,11128,30986,1567,408
4479,8720,30987,11128,30987,1567,408
4478,8720,30988,11128,30988,1567,408
4478,8720,30989,11128,30989,1567,408
4476,8720,30990,11128,30990,1567,408
4476,8720,30991,11128,30991,1567,408
4475,8720,30992,11128,30992,1567,408
4475,8720,30993,11128,30993,1567,408
4475,8720,30994,11128,30994,1567,408
4476,8720,30995,11128,30995,1567,408
4477,8720,30996,11128,30996,1567,408
4478,8720,30997,11128,30997,1567,408
4478,8720,30998,11128,30998,1567,408
4478,8720,30999,11128,30999,1567,408
4478,8720,31000,11128,31000,1567,408
4479,8720,31001,11128,31001,1567,408
4480,8720,31002,11128,31002,1567,408
4481,8720,31003,11128,31003,1567,408
4481,8720,31004,11128,31004,1567,408
4481,8720,31005,11128,31005,1567,408
4481,8720,31006,11128,31006,1567,408
4481,8720,31007,11128,31007,1567,408
4482,8720,31008,11128,31008,1567,408
4482,8720,31009,11128,31009,1567,408
4480,8720,31010,11128,31010,1567,408
4476,8720,31011,11128,31011,1567,406
4476,8720,31012,11128,31012,1567,406
4476,8720,31013,11128,31013,1567,406
4476,8720,31014,11128,31014,1567,406
4476,8720,31015,11128,31015,1567,406
4476,8720,31016,11128,31016,1567,406
4472,8720,31017,11128,31017,1567,403
4472,8720,31018,11128,31018,1567,403
4469,8720,31019,11128,31019,1567,403
4469,8720,31020,11128,31020,1567,403
4470,8720,31021,11128,31021,1567,403
4470,8720,31022,11128,31022,1567,403
4471,8720,31023,11128,31023,1567,403
4472,8720,31024,11128,31024,1567,403
4472,8720,31025,11128,31025,1567,403
4472,8720,31026,11128,31026,1567,403
4471,8720,31027,11128,31027,1567,403
4472,8720,31028,11128,31028,1567,403
4473,8720,31029,11128,31029,1567,403
4473,8720,31030,11128,31030,1567,403
4474,8720,31031,11128,31031,1567,403
4474,8720,31032,11128,31032,1567,403
4473,8720,31033,11128,31033,1567,403
4469,8720,31034,11128,31034,1567,402
4470,8720,31035,11128,31035,1567,402
4470,8720,31036,11128,31036,1567,402
4471,8720,31037,11128,31037,1567,402
4471,8720,31038,11128,31038,1567,402
4471,8720,31039,11128,31039,1567,402
4472,8720,31040,11128,31040,1567,402
4471,8720,31041,11128,31041,1567,402
4471,8720,31042,11128,31042,1567,402
4467,8720,31043,11128,31043,1567,401
4467,8720,31044,11128,31044,1567,401
4467,8720,31045,11128,31045,1567,401
4464,8720,31046,11128,31046,1567,401
4464,8720,31047,11128,31047,1567,401
4464,8720,31048,11128,31048,1567,401
4463,8720,31049,11128,31049,1567,401
4463,8720,31050,11128,31050,1567,401
4464,8720,31051,11128,31051,1567,401
4463,8720,31052,11128,31052,1567,401
4463,8720,31053,11128,31053,1567,401
4462,8720,31054,11128,31054,1567,401
4462,8720,31055,11128,31055,1567,401
4462,8720,31056,11128,31056,1567,401
4463,8720,31057,11128,31057,1567,401
4464,8720,31058,11128,31058,1567,401
4463,8720,31059,11128,31059,1567,401
4463,8720,31060,11128,31060,1567,401
4463,8720,31061,11128,31061,1567,401
4463,8720,31062,11128,31062,1567,401
4464,8720,31063,11128,31063,1567,401
4460,8720,31064,11128,31064,1567,400
4461,8720,31065,11128,31065,1567,400
4461,8720,31066,11128,31066,1567,400
4462,8720,31067,11128,31067,1567,400
4462,8720,31068,11128,31068,1567,400
4462,8720,31069,11128,31069,1567,400
4462,8720,31070,11128,31070,1567,400
4462,8720,31071,11128,31071,1567,400
4462,8720,31072,11128,31072,1567,400
4462,8720,31073,11128,31073,1567,400
4463,8720,31074,11128,31074,1567,400
4463,8720,31075,11128,31075,1567,400
4464,8720,31076,11128,31076,1567,400
4463,8720,31077,11128,31077,1567,400
4463,8720,31078,11128,31078,1567,400
4460,8720,31079,11128,31079,1567,400
4461,8720,31080,11128,31080,1567,400
4461,8720,31081,11128,31081,1567,400
4462,8720,31082,11128,31082,1567,400
4462,8720,31083,11128,31083,1567,400
4463,8720,31084,11128,31084,1567,400
4464,8720,31085,11128,31085,1567,400
4462,8720,31086,11128,31086,1567,400
4461,8720,31087,11128,31087,1567,400
4461,8720,31088,11128,31088,1567,400
4461,8720,31089,11128,31089,1567,400
4462,8720,31090,11128,31090,1567,400
4462,8720,31091,11128,31091,1567,400
4463,8720,31092,11128,31092,1567,400
4463,8720,31093,11128,31093,1567,400
4464,8720,31094,11128,31094,1567,400
4464,8720,31095,11128,31095,1567,400
4464,8720,31096,11128,31096,1567,400
4464,8720,31097,11128,31097,1567,400
4464,8720,31098,11128,31098,1567,400
4463,8720,31099,11128,31099,1567,400
4463,8720,31100,11128,31100,1567,400
4463,8720,31101,11128,31101,1567,400
4463,8720,31102,11128,31102,1567,400
4462,8720,31103,11128,31103,1567,400
4463,8720,31104,11128,31104,1567,400
4463,8720,31105,11128,31105,1567,400
4462,8720,31106,11128,31106,1567,400
4462,8720,31107,11128,31107,1567,400
4461,8720,31108,11128,31108,1567,400
4461,8720,31109,11128,31109,1567,400
4461,8720,31110,11128,31110,1567,400
4461,8720,31111,11128,31111,1567,400
4459,8720,31112,11128,31112,1567,399
4458,8720,31113,11128,31113,1567,399
4458,8720,31114,11128,31114,1567,399
4457,8720,31115,11128,31115,1567,399
4455,8720,31116,11128,31116,1567,399
4454,8720,31117,11128,31117,1567,399
4454,8720,31118,11128,31118,1567,399
4455,8720,31119,11128,31119,1567,399
4455,8720,31120,11128,31120,1567,399
4455,8720,31121,11128,31121,1567,399
4453,8720,31122,11128,31122,1567,399
4453,8720,31123,11128,31123,1567,399
4453,8720,31124,11128,31124,1567,399
4453,8720,31125,11128,31125,1567,399
4453,8720,31126,11128,31126,1567,399
4453,8720,31127,11128,31127,1567,399
4453,8720,31128,11128,31128,1567,399
4454,8720,31129,11128,31129,1567,399
4454,8720,31130,11128,31130,1567,399
4455,8720,31131,11128,31131,1567,399
4455,8720,31132,11128,31132,1567,399
4455,8720,31133,11128,31133,1567,399
4455,8720,31134,11128,31134,1567,399
4455,8720,31135,11128,31135,1567,399
4455,8720,31136,11128,31136,1567,399
4455,8720,31137,11128,31137,1567,399
4454,8720,31138,11128,31138,1567,398
4454,8720,31139,11128,31139,1567,398
4455,8720,31140,11128,31140,1567,398
4455,8720,31141,11128,31141,1567,398
4455,8720,31142,11128,31142,1567,398
4455,8720,31143,11128,31143,1567,398
4453,8720,31144,11128,31144,1567,396
4453,8720,31145,11128,31145,1567,396
4454,8720,31146,11128,31146,1567,396
4454,8720,31147,11128,31147,1567,396
4453,8720,31148,11128,31148,1567,396
4453,8720,31149,11128,31149,1567,396
4449,8720,31150,11128,31150,1567,394
4449,8720,31151,11128,31151,1567,394
4449,8720,31152,11128,31152,1567,394
4450,8720,31153,11128,31153,1567,394
4451,8720,31154,11128,31154,1567,394
4451,8720,31155,11128,31155,1567,394
4451,8720,31156,11128,31156,1567,394
4452,8720,31157,11128,31157,1567,394
4452,8720,31158,11128,31158,1567,394
4453,8720,31159,11128,31159,1567,394
4453,8720,31160,11128,31160,1567,394
4453,8720,31161,11128,31161,1567,394
4453,8720,31162,11128,31162,1567,394
4453,8720,31163,11128,31163,1567,394
4454,8720,31164,11128,31164,1567,394
4454,8720,31165,11128,31165,1567,394
4455,8720,31166,11128,31166,1567,394
4455,8720,31167,11128,31167,1567,394
4455,8720,31168,11128,31168,1567,394
4456,8720,31169,11128,31169,1567,394
4456,8720,31170,11128,31170,1567,394
4456,8720,31171,11128,31171,1567,394
4456,8720,31172,11128,31172,1567,394
4454,8720,31173,11128,31173,1567,393
4453,8720,31174,11128,31174,1567,393
4454,8720,31175,11128,31175,1567,393
4454,8720,31176,11128,31176,1567,393
4455,8720,31177,11128,31177,1567,393
4456,8720,31178,11128,31178,1567,393
4456,8720,31179,11128,31179,1567,393
4456,8720,31180,11128,31180,1567,393
4456,8720,31181,11128,31181,1567,393
4457,8720,31182,11128,31182,1567,393
4457,8720,31183,11128,31183,1567,393
4457,8720,31184,11128,31184,1567,393
4458,8720,31185,11128,31185,1567,393
4458,8720,31186,11128,31186,1567,393
4458,8720,31187,11128,31187,1567,393
4458,8720,31188,11128,31188,1567,393
4458,8720,31189,11128,31189,1567,393
4458,8720,31190,11128,31190,1567,393
4458,8720,31191,11128,31191,1567,393
4458,8720,31192,11128,31192,1567,393
4458,8720,31193,11128,31193,1567,393
4458,8720,31194,11128,31194,1567,393
4459,8720,31195,11128,31195,1567,393
4460,8720,31196,11128,31196,1567,393
4460,8720,31197,11128,31197,1567,393
4460,8720,31198,11128,31198,1567,393
4459,8720,31199,11128,31199,1567,393
4458,8720,31200,11128,31200,1567,393
4457,8720,31201,11128,31201,1567,393
4456,8720,31202,11128,31202,1567,393
4457,8720,31203,11128,31203,1567,393
4457,8720,31204,11128,31204,1567,393
4457,8720,31205,11128,31205,1567,393
4458,8720,31206,11128,31206,1567,393
4459,8720,31207,11128,31207,1567,393
4458,8720,31208,11128,31208,1567,393
4458,8720,31209,11128,31209,1567,393
4457,8720,31210,11128,31210,1567,393
4457,8720,31211,11128,31211,1567,393
4457,8720,31212,11128,31212,1567,393
4452,8720,31213,11128,31213,1567,391
4452,8720,31214,11128,31214,1567,391
4452,8720,31215,11128,31215,1567,391
4452,8720,31216,11128,31216,1567,391
4453,8720,31217,11128,31217,1567,391
4453,8720,31218,11128,31218,1567,391
4454,8720,31219,11128,31219,1567,391
4454,8720,31220,11128,31220,1567,391
4455,8720,31221,11128,31221,1567,391
4455,8720,31222,11128,31222,1567,391
4455,8720,31223,11128,31223,1567,391
4454,8720,31224,11128,31224,1567,391
4454,8720,31225,11128,31225,1567,391
4453,8720,31226,11128,31226,1567,391
4453,8720,31227,11128,31227,1567,391
4453,8720,31228,11128,31228,1567,391
4453,8720,31229,11128,31229,1567,391
4452,8720,31230,11128,31230,1567,391
4452,8720,31231,11128,31231,1567,391
4452,8720,31232,11128,31232,1567,391
4452,8720,31233,11128,31233,1567,391
4453,8720,31234,11128,31234,1567,391
4453,8720,31235,11128,31235,1567,391
4453,8720,31236,11128,31236,1567,391
4454,8720,31237,11128,31237,1567,391
4455,8720,31238,11128,31238,1567,391
4455,8720,31239,11128,31239,1567,391
4455,8720,31240,11128,31240,1567,391
4455,8720,31241,11128,31241,1567,391
4455,8720,31242,11128,31242,1567,391
4455,8720,31243,11128,31243,1567,391
4455,8720,31244,11128,31244,1567,391
4456,8720,31245,11128,31245,1567,391
4456,8720,31246,11128,31246,1567,391
4455,8720,31247,11128,31247,1567,391
4451,8720,31248,11128,31248,1567,390
4446,8720,31249,11128,31249,1567,390
4446,8720,31250,11128,31250,1567,390
4446,8720,31251,11128,31251,1567,390
4447,8720,31252,11128,31252,1567,390
4445,8720,31253,11128,31253,1567,390
4444,8720,31254,11128,31254,1567,390
4444,8720,31255,11128,31255,1567,390
4445,8720,31256,11128,31256,1567,390
4445,8720,31257,11128,31257,1567,390
4446,8720,31258,11128,31258,1567,390
4446,8720,31259,11128,31259,1567,390
4446,8720,31260,11128,31260,1567,390
4446,8720,31261,11128,31261,1567,390
4447,8720,31262,11128,31262,1567,390
4447,8720,31263,11128,31263,1567,390
4447,8720,31264,11128,31264,1567,390
4446,8720,31265,11128,31265,1567,390
4447,8720,31266,11128,31266,1567,390
4448,8720,31267,11128,31267,1567,390
4448,8720,31268,11128,31268,1567,390
4445,8720,31269,11128,31269,1567,390
4445,8720,31270,11128,31270,1567,390
4444,8720,31271,11128,31271,1567,390
4445,8720,31272,11128,31272,1567,390
4446,8720,31273,11128,31273,1567,390
4445,8720,31274,11128,31274,1567,390
4444,8720,31275,11128,31275,1567,390
4444,8720,31276,11128,31276,1567,390
4444,8720,31277,11128,31277,1567,390
4445,8720,31278,11128,31278,1567,390
4445,8720,31279,11128,31279,1567,390
4445,8720,31280,11128,31280,1567,390
4445,8720,31281,11128,31281,1567,390
4444,8720,31282,11128,31282,1567,390
4444,8720,31283,11128,31283,1567,390
4443,8720,31284,11128,31284,1567,390
4441,8720,31285,11128,31285,1567,390
4442,8720,31286,11128,31286,1567,390
4442,8720,31287,11128,31287,1567,390
4443,8720,31288,11128,31288,1567,390
4442,8720,31289,11128,31289,1567,390
4442,8720,31290,11128,31290,1567,390
4443,8720,31291,11128,31291,1567,390
4443,8720,31292,11128,31292,1567,390
4443,8720,31293,11128,31293,1567,390
4443,8720,31294,11128,31294,1567,390
4444,8720,31295,11128,31295,1567,390
4443,8720,31296,11128,31296,1567,390
4443,8720,31297,11128,31297,1567,390
4444,8720,31298,11128,31298,1567,390
4444,8720,31299,11128,31299,1567,390
4444,8720,31300,11128,31300,1567,390
4445,8720,31301,11128,31301,1567,390
4445,8720,31302,11128,31302,1567,390
4445,8720,31303,11128,31303,1567,390
4446,8720,31304,11128,31304,1567,390
4446,8720,31305,11128,31305,1567,390
4446,8720,31306,11128,31306,1567,390
4447,8720,31307,11128,31307,1567,390
4448,8720,31308,11128,31308,1567,390
4448,8720,31309,11128,31309,1567,390
4448,8720,31310,11128,31310,1567,390
4448,8720,31311,11128,31311,1567,390
4448,8720,31312,11128,31312,1567,390
4448,8720,31313,11128,31313,1567,390
4448,8720,31314,11128,31314,1567,390
4449,8720,31315,11128,31315,1567,390
4449,8720,31316,11128,31316,1567,390
4449,8720,31317,11128,31317,1567,390
4449,8720,31318,11128,31318,1567,390
4449,8720,31319,11128,31319,1567,390
4448,8720,31320,11128,31320,1567,390
4448,8720,31321,11128,31321,1567,390
4448,8720,31322,11128,31322,1567,390
4444,8720,31323,11128,31323,1567,389
4444,8720,31324,11128,31324,1567,389
4444,8720,31325,11128,31325,1567,389
4443,8720,31326,11128,31326,1567,389
4443,8720,31327,11128,31327,1567,389
4444,8720,31328,11128,31328,1567,389
4444,8720,31329,11128,31329,1567,389
4444,8720,31330,11128,31330,1567,389
4437,8720,31331,11128,31331,1567,387
4437,8720,31332,11128,31332,1567,387
4438,8720,31333,11128,31333,1567,387
4438,8720,31334,11128,31334,1567,387
4437,8720,31335,11128,31335,1567,387
4437,8720,31336,11128,31336,1567,387
4433,8720,31337,11128,31337,1567,387
4433,8720,31338,11128,31338,1567,387
4433,8720,31339,11128,31339,1567,387
4434,8720,31340,11128,31340,1567,387
4434,8720,31341,11128,31341,1567,387
4434,8720,31342,11128,31342,1567,387
4434,8720,31343,11128,31343,1567,387
4435,8720,31344,11128,31344,1567,387
4435,8720,31345,11128,31345,1567,387
4435,8720,31346,11128,31346,1567,387
4435,8720,31347,11128,31347,1567,387
4434,8720,31348,11128,31348,1567,387
4434,8720,31349,11128,31349,1567,387
4434,8720,31350,11128,31350,1567,387
4434,8720,31351,11128,31351,1567,387
4434,8720,31352,11128,31352,1567,387
4434,8720,31353,11128,31353,1567,387
4433,8720,31354,11128,31354,1567,387
4433,8720,31355,11128,31355,1567,387
4433,8720,31356,11128,31356,1567,387
4434,8720,31357,11128,31357,1567,387
4433,8720,31358,11128,31358,1567,387
4433,8720,31359,11128,31359,1567,387
4429,8720,31360,11128,31360,1567,386
4430,8720,31361,11128,31361,1567,386
4430,8720,31362,11128,31362,1567,386
4430,8720,31363,11128,31363,1567,386
4430,8720,31364,11128,31364,1567,386
4430,8720,31365,11128,31365,1567,386
4427,8720,31366,11128,31366,1567,386
4428,8720,31367,11128,31367,1567,386
4428,8720,31368,11128,31368,1567,386
4428,8720,31369,11128,31369,1567,386
4428,8720,31370,11128,31370,1567,386
4428,8720,31371,11128,31371,1567,386
4428,8720,31372,11128,31372,1567,386
4428,8720,31373,11128,31373,1567,386
4428,8720,31374,11128,31374,1567,386
4428,8720,31375,11128,31375,1567,386
4428,8720,31376,11128,31376,1567,386
4428,8720,31377,11128,31377,1567,386
4428,8720,31378,11128,31378,1567,386
4428,8720,31379,11128,31379,1567,386
4427,8720,31380,11128,31380,1567,386
4427,8720,31381,11128,31381,1567,386
4428,8720,31382,11128,31382,1567,386
4428,8720,31383,11128,31383,1567,386
4428,8720,31384,11128,31384,1567,386
4426,8720,31385,11128,31385,1567,386
4426,8720,31386,11128,31386,1567,386
4426,8720,31387,11128,31387,1567,386
4426,8720,31388,11128,31388,1567,386
4426,8720,31389,11128,31389,1567,386
4425,8720,31390,11128,31390,1567,386
4426,8720,31391,11128,31391,1567,386
4426,8720,31392,11128,31392,1567,386
4427,8720,31393,11128,31393,1567,386
4427,8720,31394,11128,31394,1567,386
4428,8720,31395,11128,31395,1567,386
4429,8720,31396,11128,31396,1567,386
4429,8720,31397,11128,31397,1567,386
4429,8720,31398,11128,31398,1567,386
4429,8720,31399,11128,31399,1567,386
4428,8720,31400,11128,31400,1567,386
4429,8720,31401,11128,31401,1567,386
4427,8720,31402,11128,31402,1567,385
4427,8720,31403,11128,31403,1567,385
4427,8720,31404,11128,31404,1567,385
4427,8720,31405,11128,31405,1567,385
4427,8720,31406,11128,31406,1567,385
4424,8720,31407,11128,31407,1567,385
4424,8720,31408,11128,31408,1567,385
4424,8720,31409,11128,31409,1567,385
4423,8720,31410,11128,31410,1567,385
4423,8720,31411,11128,31411,1567,385
4423,8720,31412,11128,31412,1567,385
4423,8720,31413,11128,31413,1567,385
4423,8720,31414,11128,31414,1567,385
4423,8720,31415,11128,31415,1567,385
4423,8720,31416,11128,31416,1567,385
4423,8720,31417,11128,31417,1567,385
4423,8720,31418,11128,31418,1567,385
4423,8720,31419,11128,31419,1567,385
4424,8720,31420,11128,31420,1567,385
4424,8720,31421,11128,31421,1567,385
4424,8720,31422,11128,31422,1567,385
4422,8720,31423,11128,31423,1567,385
4422,8720,31424,11128,31424,1567,385
4422,8720,31425,11128,31425,1567,385
4422,8720,31426,11128,31426,1567,385
4422,8720,31427,11128,31427,1567,385
4422,8720,31428,11128,31428,1567,385
4422,8720,31429,11128,31429,1567,385
4422,8720,31430,11128,31430,1567,385
4422,8720,31431,11128,31431,1567,385
4422,8720,31432,11128,31432,1567,385
4423,8720,31433,11128,31433,1567,385
4423,8720,31434,11128,31434,1567,385
4423,8720,31435,11128,31435,1567,385
4424,8720,31436,11128,31436,1567,385
4425,8720,31437,11128,31437,1567,385
4425,8720,31438,11128,31438,1567,385
4425,8720,31439,11128,31439,1567,385
4426,8720,31440,11128,31440,1567,385
4426,8720,31441,11128,31441,1567,385
4427,8720,31442,11128,31442,1567,385
4428,8720,31443,11128,31443,1567,385
4428,8720,31444,11128,31444,1567,385
4429,8720,31445,11128,31445,1567,385
4429,8720,31446,11128,31446,1567,385
4430,8720,31447,11128,31447,1567,385
4430,8720,31448,11128,31448,1567,385
4430,8720,31449,11128,31449,1567,385
4429,8720,31450,11128,31450,1567,385
4430,8720,31451,11128,31451,1567,385
4429,8720,31452,11128,31452,1567,385
4429,8720,31453,11128,31453,1567,385
4429,8720,31454,11128,31454,1567,385
4430,8720,31455,11128,31455,1567,385
4429,8720,31456,11128,31456,1567,385
4429,8720,31457,11128,31457,1567,385
4429,8720,31458,11128,31458,1567,385
4429,8720,31459,11128,31459,1567,385
4425,8720,31460,11128,31460,1567,382
4425,8720,31461,11128,31461,1567,382
4425,8720,31462,11128,31462,1567,382
4426,8720,31463,11128,31463,1567,382
4426,8720,31464,11128,31464,1567,382
4426,8720,31465,11128,31465,1567,382
4421,8720,31466,11128,31466,1567,379
4420,8720,31467,11128,31467,1567,379
4420,8720,31468,11128,31468,1567,379
4420,8720,31469,11128,31469,1567,379
4417,8720,31470,11128,31470,1567,379
4417,8720,31471,11128,31471,1567,379
4417,8720,31472,11128,31472,1567,379
4416,8720,31473,11128,31473,1567,379
4416,8720,31474,11128,31474,1567,379
4417,8720,31475,11128,31475,1567,379
4418,8720,31476,11128,31476,1567,379
4419,8720,31477,11128,31477,1567,379
4420,8720,31478,11128,31478,1567,379
4420,8720,31479,11128,31479,1567,379
4419,8720,31480,11128,31480,1567,379
4418,8720,31481,11128,31481,1567,379
4419,8720,31482,11128,31482,1567,379
4419,8720,31483,11128,31483,1567,379
4419,8720,31484,11128,31484,1567,379
4418,8720,31485,11128,31485,1567,379
4418,8720,31486,11128,31486,1567,379
4418,8720,31487,11128,31487,1567,379
4418,8720,31488,11128,31488,1567,379
4418,8720,31489,11128,31489,1567,379
4418,8720,31490,11128,31490,1567,379
4418,8720,31491,11128,31491,1567,379
4417,8720,31492,11128,31492,1567,379
4417,8720,31493,11128,31493,1567,379
4417,8720,31494,11128,31494,1567,379
4418,8720,31495,11128,31495,1567,379
4419,8720,31496,11128,31496,1567,379
4419,8720,31497,11128,31497,1567,379
4420,8720,31498,11128,31498,1567,379
4419,8720,31499,11128,31499,1567,379
4416,8720,31500,11128,31500,1567,379
4416,8720,31501,11128,31501,1567,379
4416,8720,31502,11128,31502,1567,379
4416,8720,31503,11128,31503,1567,379
4416,8720,31504,11128,31504,1567,379
4416,8720,31505,11128,31505,1567,379
4416,8720,31506,11128,31506,1567,379
4416,8720,31507,11128,31507,1567,379
4417,8720,31508,11128,31508,1567,379
4417,8720,31509,11128,31509,1567,379
4417,8720,31510,11128,31510,1567,379
4418,8720,31511,11128,31511,1567,379
4418,8720,31512,11128,31512,1567,379
4419,8720,31513,11128,31513,1567,379
4419,8720,31514,11128,31514,1567,379
4420,8720,31515,11128,31515,1567,379
4421,8720,31516,11128,31516,1567,379
4421,8720,31517,11128,31517,1567,379
4421,8720,31518,11128,31518,1567,379
4421,8720,31519,11128,31519,1567,379
4421,8720,31520,11128,31520,1567,379
4421,8720,31521,11128,31521,1567,379
4421,8720,31522,11128,31522,1567,379
4421,8720,31523,11128,31523,1567,379
4421,8720,31524,11128,31524,1567,379
4422,8720,31525,11128,31525,1567,379
4421,8720,31526,11128,31526,1567,379
4421,8720,31527,11128,31527,1567,379
4421,8720,31528,11128,31528,1567,379
4421,8720,31529,11128,31529,1567,379
4420,8720,31530,11128,31530,1567,379
4419,8720,31531,11128,31531,1567,379
4420,8720,31532,11128,31532,1567,379
4420,8720,31533,11128,31533,1567,379
4420,8720,31534,11128,31534,1567,379
4421,8720,31535,11128,31535,1567,379
4422,8720,31536,11128,31536,1567,379
4423,8720,31537,11128,31537,1567,379
4422,8720,31538,11128,31538,1567,379
4423,8720,31539,11128,31539,1567,379
4424,8720,31540,11128,31540,1567,379
4423,8720,31541,11128,31541,1567,379
4423,8720,31542,11128,31542,1567,379
4422,8720,31543,11128,31543,1567,379
4422,8720,31544,11128,31544,1567,379
4421,8720,31545,11128,31545,1567,379
4421,8720,31546,11128,31546,1567,379
4419,8720,31547,11128,31547,1567,379
4419,8720,31548,11128,31548,1567,379
4419,8720,31549,11128,31549,1567,379
4419,8720,31550,11128,31550,1567,379
4418,8720,31551,11128,31551,1567,379
4417,8720,31552,11128,31552,1567,379
4414,8720,31553,11128,31553,1567,379
4414,8720,31554,11128,31554,1567,379
4414,8720,31555,11128,31555,1567,379
4415,8720,31556,11128,31556,1567,379
4416,8720,31557,11128,31557,1567,379
4416,8720,31558,11128,31558,1567,379
4416,8720,31559,11128,31559,1567,379
4416,8720,31560,11128,31560,1567,379
4415,8720,31561,11128,31561,1567,379
4412,8720,31562,11128,31562,1567,379
4413,8720,31563,11128,31563,1567,379
4413,8720,31564,11128,31564,1567,379
4413,8720,31565,11128,31565,1567,379
4413,8720,31566,11128,31566,1567,379
4407,8720,31567,11128,31567,1567,377
4405,8720,31568,11128,31568,1567,377
4405,8720,31569,11128,31569,1567,377
4405,8720,31570,11128,31570,1567,377
4405,8720,31571,11128,31571,1567,377
4404,8720,31572,11128,31572,1567,377
4404,8720,31573,11128,31573,1567,377
4404,8720,31574,11128,31574,1567,377
4404,8720,31575,11128,31575,1567,377
4402,8720,31576,11128,31576,1567,377
4402,8720,31577,11128,31577,1567,377
4402,8720,31578,11128,31578,1567,377
4402,8720,31579,11128,31579,1567,377
4402,8720,31580,11128,31580,1567,377
4402,8720,31581,11128,31581,1567,377
4403,8720,31582,11128,31582,1567,377
4403,8720,31583,11128,31583,1567,377
4403,8720,31584,11128,31584,1567,377
4404,8720,31585,11128,31585,1567,377
4404,8720,31586,11128,31586,1567,377
4404,8720,31587,11128,31587,1567,377
4404,8720,31588,11128,31588,1567,377
4404,8720,31589,11128,31589,1567,377
4404,8720,31590,11128,31590,1567,377
4404,8720,31591,11128,31591,1567,377
4404,8720,31592,11128,31592,1567,377
4405,8720,31593,11128,31593,1567,377
4404,8720,31594,11128,31594,1567,377
4403,8720,31595,11128,31595,1567,376
4402,8720,31596,11128,31596,1567,376
4403,8720,31597,11128,31597,1567,376
4403,8720,31598,11128,31598,1567,376
4403,8720,31599,11128,31599,1567,376
4403,8720,31600,11128,31600,1567,376
4402,8720,31601,11128,31601,1567,376
4402,8720,31602,11128,31602,1567,376
4402,8720,31603,11128,31603,1567,376
4402,8720,31604,11128,31604,1567,376
4402,8720,31605,11128,31605,1567,376
4402,8720,31606,11128,31606,1567,376
4403,8720,31607,11128,31607,1567,376
4399,8720,31608,11128,31608,1567,374
4400,8720,31609,11128,31609,1567,374
4399,8720,31610,11128,31610,1567,374
4399,8720,31611,11128,31611,1567,374
4399,8720,31612,11128,31612,1567,374
4400,8720,31613,11128,31613,1567,374
4400,8720,31614,11128,31614,1567,374
4400,8720,31615,11128,31615,1567,374
4401,8720,31616,11128,31616,1567,374
4401,8720,31617,11128,31617,1567,374
4398,8720,31618,11128,31618,1567,373
4398,8720,31619,11128,31619,1567,373
4396,8720,31620,11128,31620,1567,373
4395,8720,31621,11128,31621,1567,373
4393,8720,31622,11128,31622,1567,373
4393,8720,31623,11128,31623,1567,373
4393,8720,31624,11128,31624,1567,373
4393,8720,31625,11128,31625,1567,373
4394,8720,31626,11128,31626,1567,373
4391,8720,31627,11128,31627,1567,373
4389,8720,31628,11128,31628,1567,373
4390,8720,31629,11128,31629,1567,373
4389,8720,31630,11128,31630,1567,373
4390,8720,31631,11128,31631,1567,373
4390,8720,31632,11128,31632,1567,373
4390,8720,31633,11128,31633,1567,373
4390,8720,31634,11128,31634,1567,373
4390,8720,31635,11128,31635,1567,373
4390,8720,31636,11128,31636,1567,373
4391,8720,31637,11128,31637,1567,373
4390,8720,31638,11128,31638,1567,373
4390,8720,31639,11128,31639,1567,373
4390,8720,31640,11128,31640,1567,373
4390,8720,31641,11128,31641,1567,373
4391,8720,31642,11128,31642,1567,373
4392,8720,31643,11128,31643,1567,373
4392,8720,31644,11128,31644,1567,373
4392,8720,31645,11128,31645,1567,373
4392,8720,31646,11128,31646,1567,373
4392,8720,31647,11128,31647,1567,373
4392,8720,31648,11128,31648,1567,373
4391,8720,31649,11128,31649,1567,373
4392,8720,31650,11128,31650,1567,373
4392,8720,31651,11128,31651,1567,373
4387,8720,31652,11128,31652,1567,371
4387,8720,31653,11128,31653,1567,371
4387,8720,31654,11128,31654,1567,371
4387,8720,31655,11128,31655,1567,371
4387,8720,31656,11128,31656,1567,371
4385,8720,31657,11128,31657,1567,371
4385,8720,31658,11128,31658,1567,371
4385,8720,31659,11128,31659,1567,371
4385,8720,31660,11128,31660,1567,371
4382,8720,31661,11128,31661,1567,371
4382,8720,31662,11128,31662,1567,371
4382,8720,31663,11128,31663,1567,371
4380,8720,31664,11128,31664,1567,371
4381,8720,31665,11128,31665,1567,371
4380,8720,31666,11128,31666,1567,371
4381,8720,31667,11128,31667,1567,371
4382,8720,31668,11128,31668,1567,371
4382,8720,31669,11128,31669,1567,371
4382,8720,31670,11128,31670,1567,371
4382,8720,31671,11128,31671,1567,371
4382,8720,31672,11128,31672,1567,371
4380,8720,31673,11128,31673,1567,371
4380,8720,31674,11128,31674,1567,371
4381,8720,31675,11128,31675,1567,371
4381,8720,31676,11128,31676,1567,371
4381,8720,31677,11128,31677,1567,371
4381,8720,31678,11128,31678,1567,371
4382,8720,31679,11128,31679,1567,371
4382,8720,31680,11128,31680,1567,371
4382,8720,31681,11128,31681,1567,371
4382,8720,31682,11128,31682,1567,371
4382,8720,31683,11128,31683,1567,371
4383,8720,31684,11128,31684,1567,371
4384,8720,31685,11128,31685,1567,371
4384,8720,31686,11128,31686,1567,371
4384,8720,31687,11128,31687,1567,371
4383,8720,31688,11128,31688,1567,371
4383,8720,31689,11128,31689,1567,371
4383,8720,31690,11128,31690,1567,371
4381,8720,31691,11128,31691,1567,371
4381,8720,31692,11128,31692,1567,371
4380,8720,31693,11128,31693,1567,371
4378,8720,31694,11128,31694,1567,371
4376,8720,31695,11128,31695,1567,371
4375,8720,31696,11128,31696,1567,371
4376,8720,31697,11128,31697,1567,371
4375,8720,31698,11128,31698,1567,371
4375,8720,31699,11128,31699,1567,371
4373,8720,31700,11128,31700,1567,371
4373,8720,31701,11128,31701,1567,371
4373,8720,31702,11128,31702,1567,371
4374,8720,31703,11128,31703,1567,371
4374,8720,31704,11128,31704,1567,371
4375,8720,31705,11128,31705,1567,371
4374,8720,31706,11128,31706,1567,371
4374,8720,31707,11128,31707,1567,371
4372,8720,31708,11128,31708,1567,371
4372,8720,31709,11128,31709,1567,371
4371,8720,31710,11128,31710,1567,371
4371,8720,31711,11128,31711,1567,371
4370,8720,31712,11128,31712,1567,371
4369,8720,31713,11128,31713,1567,371
4369,8720,31714,11128,31714,1567,371
4368,8720,31715,11128,31715,1567,371
4368,8720,31716,11128,31716,1567,371
4368,8720,31717,11128,31717,1567,371
4368,8720,31718,11128,31718,1567,371
4368,8720,31719,11128,31719,1567,371
4368,8720,31720,11128,31720,1567,371
4369,8720,31721,11128,31721,1567,371
4369,8720,31722,11128,31722,1567,371
4370,8720,31723,11128,31723,1567,371
4370,8720,31724,11128,31724,1567,371
4369,8720,31725,11128,31725,1567,371
4370,8720,31726,11128,31726,1567,371
4370,8720,31727,11128,31727,1567,371
4371,8720,31728,11128,31728,1567,371
4371,8720,31729,11128,31729,1567,371
4371,8720,31730,11128,31730,1567,371
4371,8720,31731,11128,31731,1567,371
4370,8720,31732,11128,31732,1567,371
4369,8720,31733,11128,31733,1567,371
4369,8720,31734,11128,31734,1567,371
4369,8720,31735,11128,31735,1567,371
4369,8720,31736,11128,31736,1567,371
4368,8720,31737,11128,31737,1567,371
4368,8720,31738,11128,31738,1567,371
4368,8720,31739,11128,31739,1567,371
4368,8720,31740,11128,31740,1567,371
4368,8720,31741,11128,31741,1567,371
4367,8720,31742,11128,31742,1567,371
4367,8720,31743,11128,31743,1567,371
4367,8720,31744,11128,31744,1567,371
4368,8720,31745,11128,31745,1567,371
4369,8720,31746,11128,31746,1567,371
4369,8720,31747,11128,31747,1567,371
4370,8720,31748,11128,31748,1567,371
4370,8720,31749,11128,31749,1567,371
4370,8720,31750,11128,31750,1567,371
4368,8720,31751,11128,31751,1567,371
4368,8720,31752,11128,31752,1567,371
4368,8720,31753,11128,31753,1567,371
4367,8720,31754,11128,31754,1567,371
4365,8720,31755,11128,31755,1567,371
4363,8720,31756,11128,31756,1567,371
4363,8720,31757,11128,31757,1567,371
4364,8720,31758,11128,31758,1567,371
4362,8720,31759,11128,31759,1567,371
4362,8720,31760,11128,31760,1567,371
4361,8720,31761,11128,31761,1567,371
4361,8720,31762,11128,31762,1567,371
4361,8720,31763,11128,31763,1567,371
4360,8720,31764,11128,31764,1567,371
4360,8720,31765,11128,31765,1567,371
4360,8720,31766,11128,31766,1567,371
4360,8720,31767,11128,31767,1567,371
4361,8720,31768,11128,31768,1567,371
4361,8720,31769,11128,31769,1567,371
4361,8720,31770,11128,31770,1567,371
4361,8720,31771,11128,31771,1567,371
4361,8720,31772,11128,31772,1567,371
4362,8720,31773,11128,31773,1567,371
4362,8720,31774,11128,31774,1567,371
4362,8720,31775,11128,31775,1567,371
4362,8720,31776,11128,31776,1567,371
4362,8720,31777,11128,31777,1567,371
4363,8720,31778,11128,31778,1567,371
4363,8720,31779,11128,31779,1567,371
4363,8720,31780,11128,31780,1567,371
4362,8720,31781,11128,31781,1567,371
4363,8720,31782,11128,31782,1567,371
4363,8720,31783,11128,31783,1567,371
4363,8720,31784,11128,31784,1567,371
4363,8720,31785,11128,31785,1567,371
4363,8720,31786,11128,31786,1567,371
4363,8720,31787,11128,31787,1567,371
4363,8720,31788,11128,31788,1567,371
4364,8720,31789,11128,31789,1567,371
4364,8720,31790,11128,31790,1567,371
4363,8720,31791,11128,31791,1567,371
4363,8720,31792,11128,31792,1567,371
4363,8720,31793,11128,31793,1567,371
4363,8720,31794,11128,31794,1567,371
4364,8720,31795,11128,31795,1567,371
4364,8720,31796,11128,31796,1567,371
4364,8720,31797,11128,31797,1567,371
4364,8720,31798,11128,31798,1567,371
4364,8720,31799,11128,31799,1567,371
4363,8720,31800,11128,31800,1567,371
4363,8720,31801,11128,31801,1567,371
4362,8720,31802,11128,31802,1567,371
4361,8720,31803,11128,31803,1567,371
4361,8720,31804,11128,31804,1567,371
4361,8720,31805,11128,31805,1567,371
4361,8720,31806,11128,31806,1567,371
4362,8720,31807,11128,31807,1567,371
4363,8720,31808,11128,31808,1567,371
4359,8720,31809,11128,31809,1567,371
4359,8720,31810,11128,31810,1567,371
4358,8720,31811,11128,31811,1567,371
4358,8720,31812,11128,31812,1567,371
4358,8720,31813,11128,31813,1567,371
4357,8720,31814,11128,31814,1567,371
4348,8720,31815,11128,31815,1567,367
4349,8720,31816,11128,31816,1567,367
4349,8720,31817,11128,31817,1567,367
4349,8720,31818,11128,31818,1567,367
4349,8720,31819,11128,31819,1567,367
4349,8720,31820,11128,31820,1567,367
4349,8720,31821,11128,31821,1567,367
4349,8720,31822,11128,31822,1567,367
4349,8720,31823,11128,31823,1567,367
4349,8720,31824,11128,31824,1567,367
4349,8720,31825,11128,31825,1567,367
4349,8720,31826,11128,31826,1567,367
4349,8720,31827,11128,31827,1567,367
4349,8720,31828,11128,31828,1567,367
4349,8720,31829,11128,31829,1567,367
4349,8720,31830,11128,31830,1567,367
4350,8720,31831,11128,31831,1567,367
4350,8720,31832,11128,31832,1567,367
4351,8720,31833,11128,31833,1567,367
4352,8720,31834,11128,31834,1567,367
4352,8720,31835,11128,31835,1567,367
4350,8720,31836,11128,31836,1567,367
4351,8720,31837,11128,31837,1567,367
4351,8720,31838,11128,31838,1567,367
4351,8720,31839,11128,31839,1567,367
4350,8720,31840,11128,31840,1567,367
4349,8720,31841,11128,31841,1567,367
4349,8720,31842,11128,31842,1567,367
4349,8720,31843,11128,31843,1567,367
4350,8720,31844,11128,31844,1567,367
4350,8720,31845,11128,31845,1567,367
4350,8720,31846,11128,31846,1567,367
4350,8720,31847,11128,31847,1567,367
4350,8720,31848,11128,31848,1567,367
4349,8720,31849,11128,31849,1567,367
4349,8720,31850,11128,31850,1567,367
4350,8720,31851,11128,31851,1567,367
4349,8720,31852,11128,31852,1567,367
4349,8720,31853,11128,31853,1567,367
4350,8720,31854,11128,31854,1567,367
4350,8720,31855,11128,31855,1567,367
4350,8720,31856,11128,31856,1567,367
4348,8720,31857,11128,31857,1567,367
4348,8720,31858,11128,31858,1567,367
4349,8720,31859,11128,31859,1567,367
4350,8720,31860,11128,31860,1567,367
4345,8720,31861,11128,31861,1567,363
4345,8720,31862,11128,31862,1567,363
4345,8720,31863,11128,31863,1567,363
4344,8720,31864,11128,31864,1567,363
4344,8720,31865,11128,31865,1567,363
4344,8720,31866,11128,31866,1567,363
4344,8720,31867,11128,31867,1567,363
4345,8720,31868,11128,31868,1567,363
4345,8720,31869,11128,31869,1567,363
4345,8720,31870,11128,31870,1567,363
4346,8720,31871,11128,31871,1567,363
4346,8720,31872,11128,31872,1567,363
4345,8720,31873,11128,31873,1567,363
4345,8720,31874,11128,31874,1567,363
4345,8720,31875,11128,31875,1567,363
4345,8720,31876,11128,31876,1567,363
4345,8720,31877,11128,31877,1567,363
4345,8720,31878,11128,31878,1567,363
4345,8720,31879,11128,31879,1567,363
4346,8720,31880,11128,31880,1567,363
4346,8720,31881,11128,31881,1567,363
4347,8720,31882,11128,31882,1567,363
4347,8720,31883,11128,31883,1567,363
4347,8720,31884,11128,31884,1567,363
4345,8720,31885,11128,31885,1567,363
4344,8720,31886,11128,31886,1567,363
4343,8720,31887,11128,31887,1567,363
4343,8720,31888,11128,31888,1567,363
4343,8720,31889,11128,31889,1567,363
4344,8720,31890,11128,31890,1567,363
4343,8720,31891,11128,31891,1567,363
4344,8720,31892,11128,31892,1567,363
4343,8720,31893,11128,31893,1567,363
4343,8720,31894,11128,31894,1567,363
4344,8720,31895,11128,31895,1567,363
4344,8720,31896,11128,31896,1567,363
4344,8720,31897,11128,31897,1567,363
4345,8720,31898,11128,31898,1567,363
4345,8720,31899,11128,31899,1567,363
4345,8720,31900,11128,31900,1567,363
4344,8720,31901,11128,31901,1567,363
4345,8720,31902,11128,31902,1567,363
4344,8720,31903,11128,31903,1567,363
4344,8720,31904,11128,31904,1567,363
4345,8720,31905,11128,31905,1567,363
4345,8720,31906,11128,31906,1567,363
4346,8720,31907,11128,31907,1567,363
4347,8720,31908,11128,31908,1567,363
4347,8720,31909,11128,31909,1567,363
4347,8720,31910,11128,31910,1567,363
4346,8720,31911,11128,31911,1567,363
4345,8720,31912,11128,31912,1567,363
4346,8720,31913,11128,31913,1567,363
4346,8720,31914,11128,31914,1567,363
4346,8720,31915,11128,31915,1567,363
4346,8720,31916,11128,31916,1567,363
4346,8720,31917,11128,31917,1567,363
4344,8720,31918,11128,31918,1567,363
4344,8720,31919,11128,31919,1567,363
4344,8720,31920,11128,31920,1567,363
4345,8720,31921,11128,31921,1567,363
4345,8720,31922,11128,31922,1567,363
4345,8720,31923,11128,31923,1567,363
4343,8720,31924,11128,31924,1567,363
4342,8720,31925,11128,31925,1567,363
4342,8720,31926,11128,31926,1567,363
4341,8720,31927,11128,31927,1567,362
4341,8720,31928,11128,31928,1567,362
4341,8720,31929,11128,31929,1567,362
4342,8720,31930,11128,31930,1567,362
4342,8720,31931,11128,31931,1567,362
4342,8720,31932,11128,31932,1567,362
4342,8720,31933,11128,31933,1567,362
4342,8720,31934,11128,31934,1567,362
4342,8720,31935,11128,31935,1567,362
4342,8720,31936,11128,31936,1567,362
4343,8720,31937,11128,31937,1567,362
4343,8720,31938,11128,31938,1567,362
4342,8720,31939,11128,31939,1567,362
4342,8720,31940,11128,31940,1567,362
4343,8720,31941,11128,31941,1567,362
4343,8720,31942,11128,31942,1567,362
4343,8720,31943,11128,31943,1567,362
4344,8720,31944,11128,31944,1567,362
4344,8720,31945,11128,31945,1567,362
4345,8720,31946,11128,31946,1567,362
4346,8720,31947,11128,31947,1567,362
4347,8720,31948,11128,31948,1567,362
4347,8720,31949,11128,31949,1567,362
4348,8720,31950,11128,31950,1567,362
4348,8720,31951,11128,31951,1567,362
4348,8720,31952,11128,31952,1567,362
4347,8720,31953,11128,31953,1567,362
4347,8720,31954,11128,31954,1567,362
4346,8720,31955,11128,31955,1567,362
4346,8720,31956,11128,31956,1567,362
4346,8720,31957,11128,31957,1567,362
4346,8720,31958,11128,31958,1567,362
4346,8720,31959,11128,31959,1567,362
4346,8720,31960,11128,31960,1567,362
4347,8720,31961,11128,31961,1567,362
4347,8720,31962,11128,31962,1567,362
4347,8720,31963,11128,31963,1567,362
4347,8720,31964,11128,31964,1567,362
4348,8720,31965,11128,31965,1567,362
4348,8720,31966,11128,31966,1567,362
4347,8720,31967,11128,31967,1567,362
4347,8720,31968,11128,31968,1567,362
4347,8720,31969,11128,31969,1567,362
4347,8720,31970,11128,31970,1567,362
4346,8720,31971,11128,31971,1567,362
4346,8720,31972,11128,31972,1567,362
4345,8720,31973,11128,31973,1567,362
4345,8720,31974,11128,31974,1567,362
4345,8720,31975,11128,31975,1567,362
4346,8720,31976,11128,31976,1567,362
4346,8720,31977,11128,31977,1567,362
4346,8720,31978,11128,31978,1567,362
4346,8720,31979,11128,31979,1567,362
4346,8720,31980,11128,31980,1567,362
4346,8720,31981,11128,31981,1567,362
4347,8720,31982,11128,31982,1567,362
4348,8720,31983,11128,31983,1567,362
4348,8720,31984,11128,31984,1567,362
4348,8720,31985,11128,31985,1567,362
4348,8720,31986,11128,31986,1567,362
4347,8720,31987,11128,31987,1567,362
4347,8720,31988,11128,31988,1567,362
4347,8720,31989,11128,31989,1567,362
4347,8720,31990,11128,31990,1567,362
4347,8720,31991,11128,31991,1567,362
4345,8720,31992,11128,31992,1567,362
4345,8720,31993,11128,31993,1567,362
4346,8720,31994,11128,31994,1567,362
4346,8720,31995,11128,31995,1567,362
4346,8720,31996,11128,31996,1567,362
4346,8720,31997,11128,31997,1567,362
4346,8720,31998,11128,31998,1567,362
4346,8720,31999,11128,31999,1567,362
4346,8720,32000,11128,32000,1567,362
4346,8720,32001,11128,32001,1567,362
4347,8720,32002,11128,32002,1567,362
4348,8720,32003,11128,32003,1567,362
4349,8720,32004,11128,32004,1567,362
4348,8720,32005,11128,32005,1567,362
4347,8720,32006,11128,32006,1567,362
4347,8720,32007,11128,32007,1567,362
4345,8720,32008,11128,32008,1567,362
4344,8720,32009,11128,32009,1567,362
4344,8720,32010,11128,32010,1567,362
4344,8720,32011,11128,32011,1567,362
4343,8720,32012,11128,32012,1567,362
4341,8720,32013,11128,32013,1567,361
4341,8720,32014,11128,32014,1567,361
4342,8720,32015,11128,32015,1567,361
4342,8720,32016,11128,32016,1567,361
4342,8720,32017,11128,32017,1567,361
4342,8720,32018,11128,32018,1567,361
4343,8720,32019,11128,32019,1567,361
4343,8720,32020,11128,32020,1567,361
4342,8720,32021,11128,32021,1567,361
4342,8720,32022,11128,32022,1567,361
4341,8720,32023,11128,32023,1567,361
4341,8720,32024,11128,32024,1567,361
4341,8720,32025,11128,32025,1567,361
4340,8720,32026,11128,32026,1567,361
4338,8720,32027,11128,32027,1567,361
4338,8720,32028,11128,32028,1567,361
4338,8720,32029,11128,32029,1567,361
4337,8720,32030,11128,32030,1567,361
4336,8720,32031,11128,32031,1567,361
4336,8720,32032,11128,32032,1567,361
4337,8720,32033,11128,32033,1567,361
4337,8720,32034,11128,32034,1567,361
4337,8720,32035,11128,32035,1567,361
4337,8720,32036,11128,32036,1567,361
4337,8720,32037,11128,32037,1567,361
4338,8720,32038,11128,32038,1567,361
4338,8720,32039,11128,32039,1567,361
4338,8720,32040,11128,32040,1567,361
4338,8720,32041,11128,32041,1567,361
4338,8720,32042,11128,32042,1567,361
4338,8720,32043,11128,32043,1567,361
4338,8720,32044,11128,32044,1567,361
4338,8720,32045,11128,32045,1567,361
4335,8720,32046,11128,32046,1567,361
4335,8720,32047,11128,32047,1567,361
4335,8720,32048,11128,32048,1567,361
4335,8720,32049,11128,32049,1567,361
4335,8720,32050,11128,32050,1567,361
4336,8720,32051,11128,32051,1567,361
4336,8720,32052,11128,32052,1567,361
4337,8720,32053,11128,32053,1567,361
4338,8720,32054,11128,32054,1567,361
4338,8720,32055,11128,32055,1567,361
4338,8720,32056,11128,32056,1567,361
4338,8720,32057,11128,32057,1567,361
4338,8720,32058,11128,32058,1567,361
4338,8720,32059,11128,32059,1567,361
4339,8720,32060,11128,32060,1567,361
4339,8720,32061,11128,32061,1567,361
4339,8720,32062,11128,32062,1567,361
4340,8720,32063,11128,32063,1567,361
4340,8720,32064,11128,32064,1567,361
4340,8720,32065,11128,32065,1567,361
4340,8720,32066,11128,32066,1567,361
4340,8720,32067,11128,32067,1567,361
4339,8720,32068,11128,32068,1567,361
4338,8720,32069,11128,32069,1567,361
4339,8720,32070,11128,32070,1567,361
4337,8720,32071,11128,32071,1567,361
4337,8720,32072,11128,32072,1567,361
4337,8720,32073,11128,32073,1567,361
4337,8720,32074,11128,32074,1567,361
4337,8720,32075,11128,32075,1567,361
4337,8720,32076,11128,32076,1567,361
4337,8720,32077,11128,32077,1567,361
4337,8720,32078,11128,32078,1567,361
4338,8720,32079,11128,32079,1567,361
4339,8720,32080,11128,32080,1567,361
4339,8720,32081,11128,32081,1567,361
4337,8720,32082,11128,32082,1567,361
4338,8720,32083,11128,32083,1567,361
4338,8720,32084,11128,32084,1567,361
4339,8720,32085,11128,32085,1567,361
4340,8720,32086,11128,32086,1567,361
4340,8720,32087,11128,32087,1567,361
4341,8720,32088,11128,32088,1567,361
4340,8720,32089,11128,32089,1567,361
4339,8720,32090,11128,32090,1567,361
4339,8720,32091,11128,32091,1567,361
4339,8720,32092,11128,32092,1567,361
4339,8720,32093,11128,32093,1567,361
4339,8720,32094,11128,32094,1567,361
4340,8720,32095,11128,32095,1567,361
4339,8720,32096,11128,32096,1567,361
4339,8720,32097,11128,32097,1567,361
4339,8720,32098,11128,32098,1567,361
4340,8720,32099,11128,32099,1567,361
4340,8720,32100,11128,32100,1567,361
4341,8720,32101,11128,32101,1567,361
4341,8720,32102,11128,32102,1567,361
4342,8720,32103,11128,32103,1567,361
4342,8720,32104,11128,32104,1567,361
4342,8720,32105,11128,32105,1567,361
4340,8720,32106,11128,32106,1567,361
4340,8720,32107,11128,32107,1567,361
4340,8720,32108,11128,32108,1567,361
4340,8720,32109,11128,32109,1567,361
4340,8720,32110,11128,32110,1567,361
4340,8720,32111,11128,32111,1567,361
4341,8720,32112,11128,32112,1567,361
4342,8720,32113,11128,32113,1567,361
4340,8720,32114,11128,32114,1567,361
4340,8720,32115,11128,32115,1567,361
4341,8720,32116,11128,32116,1567,361
4342,8720,32117,11128,32117,1567,361
4342,8720,32118,11128,32118,1567,361
4342,8720,32119,11128,32119,1567,361
4342,8720,32120,11128,32120,1567,361
4342,8720,32121,11128,32121,1567,361
4341,8720,32122,11128,32122,1567,361
4341,8720,32123,11128,32123,1567,361
4341,8720,32124,11128,32124,1567,361
4341,8720,32125,11128,32125,1567,361
4341,8720,32126,11128,32126,1567,361
4339,8720,32127,11128,32127,1567,361
4340,8720,32128,11128,32128,1567,361
4337,8720,32129,11128,32129,1567,360
4337,8720,32130,11128,32130,1567,360
4338,8720,32131,11128,32131,1567,360
4337,8720,32132,11128,32132,1567,360
4337,8720,32133,11128,32133,1567,360
4337,8720,32134,11128,32134,1567,360
4337,8720,32135,11128,32135,1567,360
4338,8720,32136,11128,32136,1567,360
4339,8720,32137,11128,32137,1567,360
4339,8720,32138,11128,32138,1567,360
4340,8720,32139,11128,32139,1567,360
4340,8720,32140,11128,32140,1567,360
4341,8720,32141,11128,32141,1567,360
4341,8720,32142,11128,32142,1567,360
4341,8720,32143,11128,32143,1567,360
4342,8720,32144,11128,32144,1567,360
4342,8720,32145,11128,32145,1567,360
4342,8720,32146,11128,32146,1567,360
4343,8720,32147,11128,32147,1567,360
4342,8720,32148,11128,32148,1567,360
4342,8720,32149,11128,32149,1567,360
4340,8720,32150,11128,32150,1567,360
4340,8720,32151,11128,32151,1567,360
4335,8720,32152,11128,32152,1567,357
4335,8720,32153,11128,32153,1567,357
4335,8720,32154,11128,32154,1567,357
4335,8720,32155,11128,32155,1567,357
4335,8720,32156,11128,32156,1567,357
4335,8720,32157,11128,32157,1567,357
4335,8720,32158,11128,32158,1567,357
4335,8720,32159,11128,32159,1567,357
4335,8720,32160,11128,32160,1567,357
4336,8720,32161,11128,32161,1567,357
4336,8720,32162,11128,32162,1567,357
4336,8720,32163,11128,32163,1567,357
4335,8720,32164,11128,32164,1567,357
4335,8720,32165,11128,32165,1567,357
4335,8720,32166,11128,32166,1567,357
4335,8720,32167,11128,32167,1567,357
4335,8720,32168,11128,32168,1567,357
4335,8720,32169,11128,32169,1567,357
4333,8720,32170,11128,32170,1567,357
4333,8720,32171,11128,32171,1567,357
4333,8720,32172,11128,32172,1567,357
4333,8720,32173,11128,32173,1567,357
4332,8720,32174,11128,32174,1567,357
4332,8720,32175,11128,32175,1567,357
4332,8720,32176,11128,32176,1567,357
4332,8720,32177,11128,32177,1567,357
4332,8720,32178,11128,32178,1567,357
4332,8720,32179,11128,32179,1567,357
4333,8720,32180,11128,32180,1567,357
4333,8720,32181,11128,32181,1567,357
4332,8720,32182,11128,32182,1567,357
4332,8720,32183,11128,32183,1567,357
4333,8720,32184,11128,32184,1567,357
4333,8720,32185,11128,32185,1567,357
4333,8720,32186,11128,32186,1567,357
4332,8720,32187,11128,32187,1567,357
4333,8720,32188,11128,32188,1567,357
4333,8720,32189,11128,32189,1567,357
4330,8720,32190,11128,32190,1567,356
4331,8720,32191,11128,32191,1567,356
4331,8720,32192,11128,32192,1567,356
4332,8720,32193,11128,32193,1567,356
4332,8720,32194,11128,32194,1567,356
4332,8720,32195,11128,32195,1567,356
4333,8720,32196,11128,32196,1567,356
4332,8720,32197,11128,32197,1567,356
4333,8720,32198,11128,32198,1567,356
4333,8720,32199,11128,32199,1567,356
4332,8720,32200,11128,32200,1567,356
4332,8720,32201,11128,32201,1567,356
4333,8720,32202,11128,32202,1567,356
4333,8720,32203,11128,32203,1567,356
4333,8720,32204,11128,32204,1567,356
4333,8720,32205,11128,32205,1567,356
4333,8720,32206,11128,32206,1567,356
4333,8720,32207,11128,32207,1567,356
4333,8720,32208,11128,32208,1567,356
4334,8720,32209,11128,32209,1567,356
4333,8720,32210,11128,32210,1567,356
4333,8720,32211,11128,32211,1567,356
4333,8720,32212,11128,32212,1567,356
4332,8720,32213,11128,32213,1567,356
4332,8720,32214,11128,32214,1567,356
4332,8720,32215,11128,32215,1567,356
4332,8720,32216,11128,32216,1567,356
4333,8720,32217,11128,32217,1567,356
4333,8720,32218,11128,32218,1567,356
4333,8720,32219,11128,32219,1567,356
4333,8720,32220,11128,32220,1567,356
4330,8720,32221,11128,32221,1567,355
4330,8720,32222,11128,32222,1567,355
4329,8720,32223,11128,32223,1567,355
4330,8720,32224,11128,32224,1567,355
4329,8720,32225,11128,32225,1567,355
4328,8720,32226,11128,32226,1567,355
4328,8720,32227,11128,32227,1567,355
4328,8720,32228,11128,32228,1567,355
4327,8720,32229,11128,32229,1567,355
4327,8720,32230,11128,32230,1567,355
4327,8720,32231,11128,32231,1567,355
4326,8720,32232,11128,32232,1567,355
4326,8720,32233,11128,32233,1567,355
4326,8720,32234,11128,32234,1567,355
4326,8720,32235,11128,32235,1567,355
4326,8720,32236,11128,32236,1567,355
4326,8720,32237,11128,32237,1567,355
4326,8720,32238,11128,32238,1567,355
4326,8720,32239,11128,32239,1567,355
4326,8720,32240,11128,32240,1567,355
4324,8720,32241,11128,32241,1567,355
4322,8720,32242,11128,32242,1567,354
4322,8720,32243,11128,32243,1567,354
4322,8720,32244,11128,32244,1567,354
4322,8720,32245,11128,32245,1567,354
4322,8720,32246,11128,32246,1567,354
4320,8720,32247,11128,32247,1567,354
4320,8720,32248,11128,32248,1567,354
4320,8720,32249,11128,32249,1567,354
4320,8720,32250,11128,32250,1567,354
4320,8720,32251,11128,32251,1567,354
4320,8720,32252,11128,32252,1567,354
4319,8720,32253,11128,32253,1567,354
4319,8720,32254,11128,32254,1567,354
4317,8720,32255,11128,32255,1567,354
4317,8720,32256,11128,32256,1567,354
4314,8720,32257,11128,32257,1567,354
4314,8720,32258,11128,32258,1567,354
4313,8720,32259,11128,32259,1567,354
4313,8720,32260,11128,32260,1567,354
4313,8720,32261,11128,32261,1567,354
4313,8720,32262,11128,32262,1567,354
4313,8720,32263,11128,32263,1567,354
4314,8720,32264,11128,32264,1567,354
4311,8720,32265,11128,32265,1567,354
4311,8720,32266,11128,32266,1567,354
4312,8720,32267,11128,32267,1567,354
4312,8720,32268,11128,32268,1567,354
4313,8720,32269,11128,32269,1567,354
4313,8720,32270,11128,32270,1567,354
4313,8720,32271,11128,32271,1567,354
4314,8720,32272,11128,32272,1567,354
4312,8720,32273,11128,32273,1567,354
4312,8720,32274,11128,32274,1567,354
4312,8720,32275,11128,32275,1567,354
4311,8720,32276,11128,32276,1567,354
4310,8720,32277,11128,32277,1567,354
4309,8720,32278,11128,32278,1567,354
4310,8720,32279,11128,32279,1567,354
4309,8720,32280,11128,32280,1567,354
4309,8720,32281,11128,32281,1567,354
4309,8720,32282,11128,32282,1567,354
4309,8720,32283,11128,32283,1567,354
4309,8720,32284,11128,32284,1567,354
4308,8720,32285,11128,32285,1567,354
4308,8720,32286,11128,32286,1567,354
4306,8720,32287,11128,32287,1567,354
4306,8720,32288,11128,32288,1567,354
4306,8720,32289,11128,32289,1567,354
4306,8720,32290,11128,32290,1567,354
4306,8720,32291,11128,32291,1567,354
4306,8720,32292,11128,32292,1567,354
4306,8720,32293,11128,32293,1567,354
4306,8720,32294,11128,32294,1567,354
4306,8720,32295,11128,32295,1567,354
4305,8720,32296,11128,32296,1567,354
4305,8720,32297,11128,32297,1567,354
4305,8720,32298,11128,32298,1567,354
4306,8720,32299,11128,32299,1567,354
4306,8720,32300,11128,32300,1567,354
4306,8720,32301,11128,32301,1567,354
4303,8720,32302,11128,32302,1567,352
4304,8720,32303,11128,32303,1567,352
4304,8720,32304,11128,32304,1567,352
4304,8720,32305,11128,32305,1567,352
4304,8720,32306,11128,32306,1567,352
4305,8720,32307,11128,32307,1567,352
4300,8720,32308,11128,32308,1567,348
4298,8720,32309,11128,32309,1567,347
4298,8720,32310,11128,32310,1567,347
4299,8720,32311,11128,32311,1567,347
4299,8720,32312,11128,32312,1567,347
4299,8720,32313,11128,32313,1567,347
4297,8720,32314,11128,32314,1567,347
4297,8720,32315,11128,32315,1567,347
4297,8720,32316,11128,32316,1567,347
4297,8720,32317,11128,32317,1567,347
4297,8720,32318,11128,32318,1567,347
4297,8720,32319,11128,32319,1567,347
4297,8720,32320,11128,32320,1567,347
4297,8720,32321,11128,32321,1567,347
4297,8720,32322,11128,32322,1567,347
4297,8720,32323,11128,32323,1567,347
4297,8720,32324,11128,32324,1567,347
4297,8720,32325,11128,32325,1567,347
4297,8720,32326,11128,32326,1567,347
4297,8720,32327,11128,32327,1567,347
4297,8720,32328,11128,32328,1567,347
4297,8720,32329,11128,32329,1567,347
4298,8720,32330,11128,32330,1567,347
4298,8720,32331,11128,32331,1567,347
4298,8720,32332,11128,32332,1567,347
4298,8720,32333,11128,32333,1567,347
4299,8720,32334,11128,32334,1567,347
4299,8720,32335,11128,32335,1567,347
4300,8720,32336,11128,32336,1567,347
4301,8720,32337,11128,32337,1567,347
4301,8720,32338,11128,32338,1567,347
4301,8720,32339,11128,32339,1567,347
4301,8720,32340,11128,32340,1567,347
4301,8720,32341,11128,32341,1567,347
4302,8720,32342,11128,32342,1567,347
4302,8720,32343,11128,32343,1567,347
4302,8720,32344,11128,32344,1567,347
4303,8720,32345,11128,32345,1567,347
4303,8720,32346,11128,32346,1567,347
4303,8720,32347,11128,32347,1567,347
4303,8720,32348,11128,32348,1567,347
4304,8720,32349,11128,32349,1567,347
4304,8720,32350,11128,32350,1567,347
4304,8720,32351,11128,32351,1567,347
4304,8720,32352,11128,32352,1567,347
4304,8720,32353,11128,32353,1567,347
4301,8720,32354,11128,32354,1567,347
4302,8720,32355,11128,32355,1567,347
4302,8720,32356,11128,32356,1567,347
4302,8720,32357,11128,32357,1567,347
4302,8720,32358,11128,32358,1567,347
4302,8720,32359,11128,32359,1567,347
4302,8720,32360,11128,32360,1567,347
4302,8720,32361,11128,32361,1567,347
4302,8720,32362,11128,32362,1567,347
4296,8720,32363,11128,32363,1567,346
4296,8720,32364,11128,32364,1567,346
4296,8720,32365,11128,32365,1567,346
4297,8720,32366,11128,32366,1567,346
4297,8720,32367,11128,32367,1567,346
4297,8720,32368,11128,32368,1567,346
4296,8720,32369,11128,32369,1567,346
4296,8720,32370,11128,32370,1567,346
4296,8720,32371,11128,32371,1567,346
4296,8720,32372,11128,32372,1567,346
4297,8720,32373,11128,32373,1567,346
4297,8720,32374,11128,32374,1567,346
4297,8720,32375,11128,32375,1567,346
4297,8720,32376,11128,32376,1567,346
4298,8720,32377,11128,32377,1567,346
4298,8720,32378,11128,32378,1567,346
4298,8720,32379,11128,32379,1567,346
4298,8720,32380,11128,32380,1567,346
4298,8720,32381,11128,32381,1567,346
4298,8720,32382,11128,32382,1567,346
4298,8720,32383,11128,32383,1567,346
4299,8720,32384,11128,32384,1567,346
4299,8720,32385,11128,32385,1567,346
4297,8720,32386,11128,32386,1567,346
4297,8720,32387,11128,32387,1567,346
4297,8720,32388,11128,32388,1567,346
4297,8720,32389,11128,32389,1567,346
4297,8720,32390,11128,32390,1567,346
4297,8720,32391,11128,32391,1567,346
4298,8720,32392,11128,32392,1567,346
4298,8720,32393,11128,32393,1567,346
4298,8720,32394,11128,32394,1567,346
4299,8720,32395,11128,32395,1567,346
4299,8720,32396,11128,32396,1567,346
4299,8720,32397,11128,32397,1567,346
4300,8720,32398,11128,32398,1567,346
4300,8720,32399,11128,32399,1567,346
4300,8720,32400,11128,32400,1567,346
4301,8720,32401,11128,32401,1567,346
4302,8720,32402,11128,32402,1567,346
4302,8720,32403,11128,32403,1567,346
4302,8720,32404,11128,32404,1567,346
4302,8720,32405,11128,32405,1567,346
4302,8720,32406,11128,32406,1567,346
4301,8720,32407,11128,32407,1567,346
4301,8720,32408,11128,32408,1567,346
4302,8720,32409,11128,32409,1567,346
4303,8720,32410,11128,32410,1567,346
4302,8720,32411,11128,32411,1567,346
4302,8720,32412,11128,32412,1567,346
4302,8720,32413,11128,32413,1567,346
4302,8720,32414,11128,32414,1567,346
4302,8720,32415,11128,32415,1567,346
4302,8720,32416,11128,32416,1567,346
4302,8720,32417,11128,32417,1567,346
4302,8720,32418,11128,32418,1567,346
4302,8720,32419,11128,32419,1567,346
4302,8720,32420,11128,32420,1567,346
4299,8720,32421,11128,32421,1567,345
4299,8720,32422,11128,32422,1567,345
4300,8720,32423,11128,32423,1567,345
4301,8720,32424,11128,32424,1567,345
4301,8720,32425,11128,32425,1567,345
4301,8720,32426,11128,32426,1567,345
4302,8720,32427,11128,32427,1567,345
4302,8720,32428,11128,32428,1567,345
4302,8720,32429,11128,32429,1567,345
4301,8720,32430,11128,32430,1567,345
4301,8720,32431,11128,32431,1567,345
4301,8720,32432,11128,32432,1567,345
4302,8720,32433,11128,32433,1567,345
4302,8720,32434,11128,32434,1567,345
4302,8720,32435,11128,32435,1567,345
4302,8720,32436,11128,32436,1567,345
4302,8720,32437,11128,32437,1567,345
4302,8720,32438,11128,32438,1567,345
4303,8720,32439,11128,32439,1567,345
4304,8720,32440,11128,32440,1567,345
4302,8720,32441,11128,32441,1567,344
4299,8720,32442,11128,32442,1567,344
4299,8720,32443,11128,32443,1567,344
4298,8720,32444,11128,32444,1567,344
4299,8720,32445,11128,32445,1567,344
4299,8720,32446,11128,32446,1567,344
4300,8720,32447,11128,32447,1567,344
4300,8720,32448,11128,32448,1567,344
4300,8720,32449,11128,32449,1567,344
4300,8720,32450,11128,32450,1567,344
4299,8720,32451,11128,32451,1567,344
4299,8720,32452,11128,32452,1567,344
4300,8720,32453,11128,32453,1567,344
4300,8720,32454,11128,32454,1567,344
4300,8720,32455,11128,32455,1567,344
4301,8720,32456,11128,32456,1567,344
4300,8720,32457,11128,32457,1567,344
4300,8720,32458,11128,32458,1567,344
4299,8720,32459,11128,32459,1567,344
4299,8720,32460,11128,32460,1567,344
4299,8720,32461,11128,32461,1567,344
4300,8720,32462,11128,32462,1567,344
4299,8720,32463,11128,32463,1567,344
4299,8720,32464,11128,32464,1567,344
4299,8720,32465,11128,32465,1567,344
4298,8720,32466,11128,32466,1567,344
4298,8720,32467,11128,32467,1567,344
4298,8720,32468,11128,32468,1567,344
4298,8720,32469,11128,32469,1567,344
4298,8720,32470,11128,32470,1567,344
4298,8720,32471,11128,32471,1567,344
4298,8720,32472,11128,32472,1567,344
4299,8720,32473,11128,32473,1567,344
4299,8720,32474,11128,32474,1567,344
4299,8720,32475,11128,32475,1567,344
4300,8720,32476,11128,32476,1567,344
4300,8720,32477,11128,32477,1567,344
4301,8720,32478,11128,32478,1567,344
4301,8720,32479,11128,32479,1567,344
4300,8720,32480,11128,32480,1567,344
4300,8720,32481,11128,32481,1567,344
4298,8720,32482,11128,32482,1567,344
4297,8720,32483,11128,32483,1567,344
4297,8720,32484,11128,32484,1567,344
4297,8720,32485,11128,32485,1567,344
4297,8720,32486,11128,32486,1567,344
4297,8720,32487,11128,32487,1567,344
4296,8720,32488,11128,32488,1567,344
4296,8720,32489,11128,32489,1567,344
4296,8720,32490,11128,32490,1567,344
4296,8720,32491,11128,32491,1567,344
4296,8720,32492,11128,32492,1567,344
4296,8720,32493,11128,32493,1567,344
4296,8720,32494,11128,32494,1567,344
4296,8720,32495,11128,32495,1567,344
4297,8720,32496,11128,32496,1567,344
4297,8720,32497,11128,32497,1567,344
4297,8720,32498,11128,32498,1567,344
4297,8720,32499,11128,32499,1567,344
4298,8720,32500,11128,32500,1567,344
4299,8720,32501,11128,32501,1567,344
4299,8720,32502,11128,32502,1567,344
4299,8720,32503,11128,32503,1567,344
4298,8720,32504,11128,32504,1567,344
4299,8720,32505,11128,32505,1567,344
4300,8720,32506,11128,32506,1567,344
4298,8720,32507,11128,32507,1567,344
4298,8720,32508,11128,32508,1567,344
4298,8720,32509,11128,32509,1567,344
4299,8720,32510,11128,32510,1567,344
4299,8720,32511,11128,32511,1567,344
4299,8720,32512,11128,32512,1567,344
4298,8720,32513,11128,32513,1567,344
4297,8720,32514,11128,32514,1567,344
4297,8720,32515,11128,32515,1567,344
4298,8720,32516,11128,32516,1567,344
4298,8720,32517,11128,32517,1567,344
4298,8720,32518,11128,32518,1567,344
4298,8720,32519,11128,32519,1567,344
4298,8720,32520,11128,32520,1567,344
4298,8720,32521,11128,32521,1567,344
4298,8720,32522,11128,32522,1567,344
4298,8720,32523,11128,32523,1567,344
4298,8720,32524,11128,32524,1567,344
4296,8720,32525,11128,32525,1567,344
4293,8720,32526,11128,32526,1567,344
4294,8720,32527,11128,32527,1567,344
4295,8720,32528,11128,32528,1567,344
4296,8720,32529,11128,32529,1567,344
4296,8720,32530,11128,32530,1567,344
4296,8720,32531,11128,32531,1567,344
4296,8720,32532,11128,32532,1567,344
4296,8720,32533,11128,32533,1567,344
4294,8720,32534,11128,32534,1567,344
4293,8720,32535,11128,32535,1567,344
4293,8720,32536,11128,32536,1567,344
4292,8720,32537,11128,32537,1567,344
4291,8720,32538,11128,32538,1567,344
4291,8720,32539,11128,32539,1567,344
4292,8720,32540,11128,32540,1567,344
4292,8720,32541,11128,32541,1567,344
4292,8720,32542,11128,32542,1567,344
4292,8720,32543,11128,32543,1567,344
4292,8720,32544,11128,32544,1567,344
4292,8720,32545,11128,32545,1567,344
4292,8720,32546,11128,32546,1567,344
4292,8720,32547,11128,32547,1567,344
4292,8720,32548,11128,32548,1567,344
4291,8720,32549,11128,32549,1567,344
4291,8720,32550,11128,32550,1567,344
4291,8720,32551,11128,32551,1567,344
4291,8720,32552,11128,32552,1567,344
4290,8720,32553,11128,32553,1567,344
4290,8720,32554,11128,32554,1567,344
4290,8720,32555,11128,32555,1567,344
4290,8720,32556,11128,32556,1567,344
4290,8720,32557,11128,32557,1567,344
4290,8720,32558,11128,32558,1567,344
4289,8720,32559,11128,32559,1567,344
4289,8720,32560,11128,32560,1567,344
4290,8720,32561,11128,32561,1567,344
4290,8720,32562,11128,32562,1567,344
4289,8720,32563,11128,32563,1567,344
4289,8720,32564,11128,32564,1567,344
4288,8720,32565,11128,32565,1567,344
4287,8720,32566,11128,32566,1567,344
4287,8720,32567,11128,32567,1567,344
4286,8720,32568,11128,32568,1567,344
4284,8720,32569,11128,32569,1567,344
4284,8720,32570,11128,32570,1567,344
4285,8720,32571,11128,32571,1567,344
4279,8720,32572,11128,32572,1567,343
4279,8720,32573,11128,32573,1567,343
4279,8720,32574,11128,32574,1567,343
4278,8720,32575,11128,32575,1567,343
4278,8720,32576,11128,32576,1567,343
4278,8720,32577,11128,32577,1567,343
4277,8720,32578,11128,32578,1567,343
4277,8720,32579,11128,32579,1567,343
4278,8720,32580,11128,32580,1567,343
4278,8720,32581,11128,32581,1567,343
4277,8720,32582,11128,32582,1567,343
4277,8720,32583,11128,32583,1567,343
4277,8720,32584,11128,32584,1567,343
4277,8720,32585,11128,32585,1567,343
4277,8720,32586,11128,32586,1567,343
4276,8720,32587,11128,32587,1567,343
4276,8720,32588,11128,32588,1567,343
4276,8720,32589,11128,32589,1567,343
4276,8720,32590,11128,32590,1567,343
4275,8720,32591,11128,32591,1567,343
4274,8720,32592,11128,32592,1567,343
4274,8720,32593,11128,32593,1567,343
4274,8720,32594,11128,32594,1567,343
4272,8720,32595,11128,32595,1567,343
4272,8720,32596,11128,32596,1567,343
4272,8720,32597,11128,32597,1567,343
4272,8720,32598,11128,32598,1567,343
4271,8720,32599,11128,32599,1567,343
4271,8720,32600,11128,32600,1567,343
4272,8720,32601,11128,32601,1567,343
4271,8720,32602,11128,32602,1567,343
4271,8720,32603,11128,32603,1567,343
4270,8720,32604,11128,32604,1567,343
4269,8720,32605,11128,32605,1567,343
4269,8720,32606,11128,32606,1567,343
4269,8720,32607,11128,32607,1567,343
4269,8720,32608,11128,32608,1567,343
4269,8720,32609,11128,32609,1567,343
4269,8720,32610,11128,32610,1567,343
4268,8720,32611,11128,32611,1567,343
4267,8720,32612,11128,32612,1567,343
4267,8720,32613,11128,32613,1567,343
4268,8720,32614,11128,32614,1567,343
4267,8720,32615,11128,32615,1567,343
4266,8720,32616,11128,32616,1567,343
4266,8720,32617,11128,32617,1567,343
4266,8720,32618,11128,32618,1567,343
4266,8720,32619,11128,32619,1567,343
4265,8720,32620,11128,32620,1567,343
4265,8720,32621,11128,32621,1567,343
4266,8720,32622,11128,32622,1567,343
4267,8720,32623,11128,32623,1567,343
4267,8720,32624,11128,32624,1567,343
4267,8720,32625,11128,32625,1567,343
4268,8720,32626,11128,32626,1567,343
4266,8720,32627,11128,32627,1567,342
4266,8720,32628,11128,32628,1567,342
4266,8720,32629,11128,32629,1567,342
4266,8720,32630,11128,32630,1567,342
4265,8720,32631,11128,32631,1567,341
4264,8720,32632,11128,32632,1567,341
4264,8720,32633,11128,32633,1567,341
4264,8720,32634,11128,32634,1567,341
4264,8720,32635,11128,32635,1567,341
4264,8720,32636,11128,32636,1567,341
4264,8720,32637,11128,32637,1567,341
4264,8720,32638,11128,32638,1567,341
4264,8720,32639,11128,32639,1567,341
4264,8720,32640,11128,32640,1567,341
4264,8720,32641,11128,32641,1567,341
4264,8720,32642,11128,32642,1567,341
4263,8720,32643,11128,32643,1567,341
4263,8720,32644,11128,32644,1567,341
4264,8720,32645,11128,32645,1567,341
4265,8720,32646,11128,32646,1567,341
4264,8720,32647,11128,32647,1567,341
4263,8720,32648,11128,32648,1567,341
4264,8720,32649,11128,32649,1567,341
4265,8720,32650,11128,32650,1567,341
4265,8720,32651,11128,32651,1567,341
4265,8720,32652,11128,32652,1567,341
4264,8720,32653,11128,32653,1567,341
4265,8720,32654,11128,32654,1567,341
4266,8720,32655,11128,32655,1567,341
4266,8720,32656,11128,32656,1567,341
4266,8720,32657,11128,32657,1567,341
4266,8720,32658,11128,32658,1567,341
4262,8720,32659,11128,32659,1567,340
4262,8720,32660,11128,32660,1567,340
4262,8720,32661,11128,32661,1567,340
4262,8720,32662,11128,32662,1567,340
4263,8720,32663,11128,32663,1567,340
4263,8720,32664,11128,32664,1567,340
4262,8720,32665,11128,32665,1567,340
4262,8720,32666,11128,32666,1567,340
4260,8720,32667,11128,32667,1567,340
4260,8720,32668,11128,32668,1567,340
4258,8720,32669,11128,32669,1567,340
4258,8720,32670,11128,32670,1567,340
4257,8720,32671,11128,32671,1567,340
4257,8720,32672,11128,32672,1567,340
4256,8720,32673,11128,32673,1567,340
4256,8720,32674,11128,32674,1567,340
4256,8720,32675,11128,32675,1567,340
4256,8720,32676,11128,32676,1567,340
4256,8720,32677,11128,32677,1567,340
4255,8720,32678,11128,32678,1567,340
4255,8720,32679,11128,32679,1567,340
4255,8720,32680,11128,32680,1567,340
4255,8720,32681,11128,32681,1567,340
4255,8720,32682,11128,32682,1567,340
4255,8720,32683,11128,32683,1567,340
4254,8720,32684,11128,32684,1567,340
4255,8720,32685,11128,32685,1567,340
4256,8720,32686,11128,32686,1567,340
4256,8720,32687,11128,32687,1567,340
4252,8720,32688,11128,32688,1567,340
4253,8720,32689,11128,32689,1567,340
4253,8720,32690,11128,32690,1567,340
4252,8720,32691,11128,32691,1567,340
4253,8720,32692,11128,32692,1567,340
4253,8720,32693,11128,32693,1567,340
4253,8720,32694,11128,32694,1567,340
4253,8720,32695,11128,32695,1567,340
4253,8720,32696,11128,32696,1567,340
4254,8720,32697,11128,32697,1567,340
4254,8720,32698,11128,32698,1567,340
4254,8720,32699,11128,32699,1567,340
4254,8720,32700,11128,32700,1567,340
4252,8720,32701,11128,32701,1567,339
4252,8720,32702,11128,32702,1567,339
4252,8720,32703,11128,32703,1567,339
4252,8720,32704,11128,32704,1567,339
4249,8720,32705,11128,32705,1567,338
4249,8720,32706,11128,32706,1567,338
4250,8720,32707,11128,32707,1567,338
4250,8720,32708,11128,32708,1567,338
4247,8720,32709,11128,32709,1567,338
4247,8720,32710,11128,32710,1567,338
4248,8720,32711,11128,32711,1567,338
4247,8720,32712,11128,32712,1567,338
4245,8720,32713,11128,32713,1567,338
4245,8720,32714,11128,32714,1567,338
4245,8720,32715,11128,32715,1567,338
4244,8720,32716,11128,32716,1567,338
4244,8720,32717,11128,32717,1567,338
4244,8720,32718,11128,32718,1567,338
4245,8720,32719,11128,32719,1567,338
4245,8720,32720,11128,32720,1567,338
4245,8720,32721,11128,32721,1567,338
4243,8720,32722,11128,32722,1567,338
4243,8720,32723,11128,32723,1567,338
4243,8720,32724,11128,32724,1567,338
4243,8720,32725,11128,32725,1567,338
4243,8720,32726,11128,32726,1567,338
4243,8720,32727,11128,32727,1567,338
4244,8720,32728,11128,32728,1567,338
4243,8720,32729,11128,32729,1567,337
4244,8720,32730,11128,32730,1567,337
4245,8720,32731,11128,32731,1567,337
4244,8720,32732,11128,32732,1567,337
4244,8720,32733,11128,32733,1567,337
4244,8720,32734,11128,32734,1567,337
4244,8720,32735,11128,32735,1567,337
4244,8720,32736,11128,32736,1567,337
4245,8720,32737,11128,32737,1567,337
4245,8720,32738,11128,32738,1567,337
4245,8720,32739,11128,32739,1567,337
4245,8720,32740,11128,32740,1567,337
4245,8720,32741,11128,32741,1567,337
4245,8720,32742,11128,32742,1567,337
4245,8720,32743,11128,32743,1567,337
4245,8720,32744,11128,32744,1567,337
4244,8720,32745,11128,32745,1567,337
4244,8720,32746,11128,32746,1567,337
4245,8720,32747,11128,32747,1567,337
4245,8720,32748,11128,32748,1567,337
4245,8720,32749,11128,32749,1567,337
4245,8720,32750,11128,32750,1567,337
4245,8720,32751,11128,32751,1567,337
4246,8720,32752,11128,32752,1567,337
4246,8720,32753,11128,32753,1567,337
4246,8720,32754,11128,32754,1567,337
4246,8720,32755,11128,32755,1567,337
4246,8720,32756,11128,32756,1567,337
4244,8720,32757,11128,32757,1567,337
4243,8720,32758,11128,32758,1567,337
4242,8720,32759,11128,32759,1567,337
4243,8720,32760,11128,32760,1567,337
4244,8720,32761,11128,32761,1567,337
4244,8720,32762,11128,32762,1567,337
4244,8720,32763,11128,32763,1567,337
4244,8720,32764,11128,32764,1567,337
4244,8720,32765,11128,32765,1567,337
4245,8720,32766,11128,32766,1567,337
4245,8720,32767,11128,32767,1567,337
4245,8720,32768,11128,32768,1567,337
4245,8720,32769,11128,32769,1567,337
4244,8720,32770,11128,32770,1567,337
4244,8720,32771,11128,32771,1567,337
4244,8720,32772,11128,32772,1567,337
4245,8720,32773,11128,32773,1567,337
4245,8720,32774,11128,32774,1567,337
4245,8720,32775,11128,32775,1567,337
4245,8720,32776,11128,32776,1567,337
4238,8720,32777,11128,32777,1567,333
4238,8720,32778,11128,32778,1567,333
4238,8720,32779,11128,32779,1567,333
4238,8720,32780,11128,32780,1567,333
4238,8720,32781,11128,32781,1567,333
4238,8720,32782,11128,32782,1567,333
4234,8720,32783,11128,32783,1567,332
4234,8720,32784,11128,32784,1567,332
4234,8720,32785,11128,32785,1567,332
4234,8720,32786,11128,32786,1567,332
4234,8720,32787,11128,32787,1567,332
4234,8720,32788,11128,32788,1567,332
4234,8720,32789,11128,32789,1567,332
4234,8720,32790,11128,32790,1567,332
4234,8720,32791,11128,32791,1567,332
4234,8720,32792,11128,32792,1567,332
4234,8720,32793,11128,32793,1567,332
4235,8720,32794,11128,32794,1567,332
4235,8720,32795,11128,32795,1567,332
4236,8720,32796,11128,32796,1567,332
4236,8720,32797,11128,32797,1567,332
4236,8720,32798,11128,32798,1567,332
4235,8720,32799,11128,32799,1567,332
4235,8720,32800,11128,32800,1567,332
4235,8720,32801,11128,32801,1567,332
4234,8720,32802,11128,32802,1567,332
4234,8720,32803,11128,32803,1567,332
4235,8720,32804,11128,32804,1567,332
4235,8720,32805,11128,32805,1567,332
4235,8720,32806,11128,32806,1567,332
4233,8720,32807,11128,32807,1567,332
4233,8720,32808,11128,32808,1567,332
4233,8720,32809,11128,32809,1567,332
4233,8720,32810,11128,32810,1567,332
4231,8720,32811,11128,32811,1567,332
4232,8720,32812,11128,32812,1567,332
4232,8720,32813,11128,32813,1567,332
4233,8720,32814,11128,32814,1567,332
4234,8720,32815,11128,32815,1567,332
4232,8720,32816,11128,32816,1567,332
4232,8720,32817,11128,32817,1567,332
4232,8720,32818,11128,32818,1567,332
4232,8720,32819,11128,32819,1567,332
4233,8720,32820,11128,32820,1567,332
4233,8720,32821,11128,32821,1567,332
4232,8720,32822,11128,32822,1567,332
4232,8720,32823,11128,32823,1567,332
4231,8720,32824,11128,32824,1567,332
4231,8720,32825,11128,32825,1567,332
4231,8720,32826,11128,32826,1567,332
4230,8720,32827,11128,32827,1567,332
4230,8720,32828,11128,32828,1567,332
4230,8720,32829,11128,32829,1567,332
4230,8720,32830,11128,32830,1567,332
4230,8720,32831,11128,32831,1567,332
4230,8720,32832,11128,32832,1567,332
4230,8720,32833,11128,32833,1567,332
4230,8720,32834,11128,32834,1567,332
4230,8720,32835,11128,32835,1567,332
4230,8720,32836,11128,32836,1567,332
4230,8720,32837,11128,32837,1567,332
4229,8720,32838,11128,32838,1567,332
4229,8720,32839,11128,32839,1567,332
4229,8720,32840,11128,32840,1567,332
4229,8720,32841,11128,32841,1567,332
4229,8720,32842,11128,32842,1567,332
4229,8720,32843,11128,32843,1567,332
4229,8720,32844,11128,32844,1567,332
4230,8720,32845,11128,32845,1567,332
4231,8720,32846,11128,32846,1567,332
4231,8720,32847,11128,32847,1567,332
4231,8720,32848,11128,32848,1567,332
4231,8720,32849,11128,32849,1567,332
4231,8720,32850,11128,32850,1567,332
4229,8720,32851,11128,32851,1567,332
4229,8720,32852,11128,32852,1567,332
4229,8720,32853,11128,32853,1567,332
4229,8720,32854,11128,32854,1567,332
4229,8720,32855,11128,32855,1567,332
4229,8720,32856,11128,32856,1567,332
4229,8720,32857,11128,32857,1567,332
4229,8720,32858,11128,32858,1567,332
4229,8720,32859,11128,32859,1567,332
4229,8720,32860,11128,32860,1567,332
4229,8720,32861,11128,32861,1567,332
4229,8720,32862,11128,32862,1567,332
4229,8720,32863,11128,32863,1567,332
4228,8720,32864,11128,32864,1567,332
4228,8720,32865,11128,32865,1567,332
4228,8720,32866,11128,32866,1567,332
4229,8720,32867,11128,32867,1567,332
4229,8720,32868,11128,32868,1567,332
4230,8720,32869,11128,32869,1567,332
4231,8720,32870,11128,32870,1567,332
4231,8720,32871,11128,32871,1567,332
4231,8720,32872,11128,32872,1567,332
4232,8720,32873,11128,32873,1567,332
4233,8720,32874,11128,32874,1567,332
4234,8720,32875,11128,32875,1567,332
4234,8720,32876,11128,32876,1567,332
4234,8720,32877,11128,32877,1567,332
4232,8720,32878,11128,32878,1567,331
4231,8720,32879,11128,32879,1567,331
4230,8720,32880,11128,32880,1567,331
4230,8720,32881,11128,32881,1567,331
4229,8720,32882,11128,32882,1567,331
4230,8720,32883,11128,32883,1567,331
4231,8720,32884,11128,32884,1567,331
4231,8720,32885,11128,32885,1567,331
4232,8720,32886,11128,32886,1567,331
4229,8720,32887,11128,32887,1567,331
4229,8720,32888,11128,32888,1567,331
4229,8720,32889,11128,32889,1567,331
4229,8720,32890,11128,32890,1567,331
4228,8720,32891,11128,32891,1567,331
4228,8720,32892,11128,32892,1567,331
4227,8720,32893,11128,32893,1567,331
4227,8720,32894,11128,32894,1567,331
4227,8720,32895,11128,32895,1567,331
4226,8720,32896,11128,32896,1567,331
4226,8720,32897,11128,32897,1567,331
4226,8720,32898,11128,32898,1567,331
4225,8720,32899,11128,32899,1567,331
4225,8720,32900,11128,32900,1567,331
4225,8720,32901,11128,32901,1567,331
4225,8720,32902,11128,32902,1567,331
4224,8720,32903,11128,32903,1567,331
4225,8720,32904,11128,32904,1567,331
4226,8720,32905,11128,32905,1567,331
4226,8720,32906,11128,32906,1567,331
4226,8720,32907,11128,32907,1567,331
4226,8720,32908,11128,32908,1567,331
4226,8720,32909,11128,32909,1567,331
4226,8720,32910,11128,32910,1567,331
4225,8720,32911,11128,32911,1567,331
4225,8720,32912,11128,32912,1567,331
4226,8720,32913,11128,32913,1567,331
4226,8720,32914,11128,32914,1567,331
4227,8720,32915,11128,32915,1567,331
4227,8720,32916,11128,32916,1567,331
4228,8720,32917,11128,32917,1567,331
4229,8720,32918,11128,32918,1567,331
4229,8720,32919,11128,32919,1567,331
4229,8720,32920,11128,32920,1567,331
4229,8720,32921,11128,32921,1567,331
4229,8720,32922,11128,32922,1567,331
4227,8720,32923,11128,32923,1567,331
4226,8720,32924,11128,32924,1567,331
4227,8720,32925,11128,32925,1567,331
4228,8720,32926,11128,32926,1567,331
4229,8720,32927,11128,32927,1567,331
4229,8720,32928,11128,32928,1567,331
4228,8720,32929,11128,32929,1567,331
4227,8720,32930,11128,32930,1567,331
4226,8720,32931,11128,32931,1567,331
4226,8720,32932,11128,32932,1567,331
4226,8720,32933,11128,32933,1567,331
4224,8720,32934,11128,32934,1567,330
4225,8720,32935,11128,32935,1567,330
4225,8720,32936,11128,32936,1567,330
4225,8720,32937,11128,32937,1567,330
4225,8720,32938,11128,32938,1567,330
4225,8720,32939,11128,32939,1567,330
4225,8720,32940,11128,32940,1567,330
4225,8720,32941,11128,32941,1567,330
4221,8720,32942,11128,32942,1567,330
4221,8720,32943,11128,32943,1567,330
4220,8720,32944,11128,32944,1567,330
4219,8720,32945,11128,32945,1567,330
4219,8720,32946,11128,32946,1567,330
4219,8720,32947,11128,32947,1567,330
4219,8720,32948,11128,32948,1567,330
4219,8720,32949,11128,32949,1567,330
4219,8720,32950,11128,32950,1567,330
4219,8720,32951,11128,32951,1567,330
4219,8720,32952,11128,32952,1567,330
4219,8720,32953,11128,32953,1567,330
4219,8720,32954,11128,32954,1567,330
4219,8720,32955,11128,32955,1567,330
4219,8720,32956,11128,32956,1567,330
4218,8720,32957,11128,32957,1567,330
4217,8720,32958,11128,32958,1567,330
4217,8720,32959,11128,32959,1567,330
4217,8720,32960,11128,32960,1567,330
4218,8720,32961,11128,32961,1567,330
4218,8720,32962,11128,32962,1567,330
4219,8720,32963,11128,32963,1567,330
4219,8720,32964,11128,32964,1567,330
4220,8720,32965,11128,32965,1567,330
4220,8720,32966,11128,32966,1567,330
4220,8720,32967,11128,32967,1567,330
4220,8720,32968,11128,32968,1567,330
4221,8720,32969,11128,32969,1567,330
4220,8720,32970,11128,32970,1567,330
4219,8720,32971,11128,32971,1567,330
4220,8720,32972,11128,32972,1567,330
4220,8720,32973,11128,32973,1567,330
4220,8720,32974,11128,32974,1567,330
4220,8720,32975,11128,32975,1567,330
4220,8720,32976,11128,32976,1567,330
4220,8720,32977,11128,32977,1567,330
4220,8720,32978,11128,32978,1567,330
4220,8720,32979,11128,32979,1567,330
4220,8720,32980,11128,32980,1567,330
4219,8720,32981,11128,32981,1567,330
4220,8720,32982,11128,32982,1567,330
4220,8720,32983,11128,32983,1567,330
4220,8720,32984,11128,32984,1567,330
4220,8720,32985,11128,32985,1567,330
4220,8720,32986,11128,32986,1567,330
4217,8720,32987,11128,32987,1567,328
4217,8720,32988,11128,32988,1567,328
4217,8720,32989,11128,32989,1567,328
4215,8720,32990,11128,32990,1567,328
4216,8720,32991,11128,32991,1567,328
4216,8720,32992,11128,32992,1567,328
4217,8720,32993,11128,32993,1567,328
4218,8720,32994,11128,32994,1567,328
4218,8720,32995,11128,32995,1567,328
4218,8720,32996,11128,32996,1567,328
4218,8720,32997,11128,32997,1567,328
4218,8720,32998,11128,32998,1567,328
4218,8720,32999,11128,32999,1567,328
4218,8720,33000,11128,33000,1567,328
4218,8720,33001,11128,33001,1567,328
4218,8720,33002,11128,33002,1567,328
4217,8720,33003,11128,33003,1567,328
4217,8720,33004,11128,33004,1567,328
4216,8720,33005,11128,33005,1567,328
4216,8720,33006,11128,33006,1567,328
4216,8720,33007,11128,33007,1567,328
4216,8720,33008,11128,33008,1567,328
4215,8720,33009,11128,33009,1567,328
4215,8720,33010,11128,33010,1567,328
4215,8720,33011,11128,33011,1567,328
4215,8720,33012,11128,33012,1567,328
4214,8720,33013,11128,33013,1567,328
4214,8720,33014,11128,33014,1567,328
4214,8720,33015,11128,33015,1567,328
4215,8720,33016,11128,33016,1567,328
4215,8720,33017,11128,33017,1567,328
4215,8720,33018,11128,33018,1567,328
4215,8720,33019,11128,33019,1567,328
4215,8720,33020,11128,33020,1567,328
4215,8720,33021,11128,33021,1567,328
4215,8720,33022,11128,33022,1567,328
4215,8720,33023,11128,33023,1567,328
4215,8720,33024,11128,33024,1567,328
4215,8720,33025,11128,33025,1567,328
4215,8720,33026,11128,33026,1567,328
4215,8720,33027,11128,33027,1567,328
4215,8720,33028,11128,33028,1567,328
4215,8720,33029,11128,33029,1567,328
4215,8720,33030,11128,33030,1567,328
4216,8720,33031,11128,33031,1567,328
4216,8720,33032,11128,33032,1567,328
4216,8720,33033,11128,33033,1567,328
4215,8720,33034,11128,33034,1567,328
4215,8720,33035,11128,33035,1567,328
4215,8720,33036,11128,33036,1567,328
4215,8720,33037,11128,33037,1567,328
4216,8720,33038,11128,33038,1567,328
4216,8720,33039,11128,33039,1567,328
4216,8720,33040,11128,33040,1567,328
4217,8720,33041,11128,33041,1567,328
4217,8720,33042,11128,33042,1567,328
4216,8720,33043,11128,33043,1567,328
4216,8720,33044,11128,33044,1567,328
4216,8720,33045,11128,33045,1567,328
4212,8720,33046,11128,33046,1567,328
4212,8720,33047,11128,33047,1567,328
4212,8720,33048,11128,33048,1567,328
4211,8720,33049,11128,33049,1567,328
4211,8720,33050,11128,33050,1567,328
4210,8720,33051,11128,33051,1567,328
4210,8720,33052,11128,33052,1567,328
4210,8720,33053,11128,33053,1567,328
4210,8720,33054,11128,33054,1567,328
4210,8720,33055,11128,33055,1567,328
4210,8720,33056,11128,33056,1567,328
4209,8720,33057,11128,33057,1567,327
4209,8720,33058,11128,33058,1567,327
4210,8720,33059,11128,33059,1567,327
4210,8720,33060,11128,33060,1567,327
4211,8720,33061,11128,33061,1567,327
4210,8720,33062,11128,33062,1567,327
4210,8720,33063,11128,33063,1567,327
4210,8720,33064,11128,33064,1567,327
4210,8720,33065,11128,33065,1567,327
4210,8720,33066,11128,33066,1567,327
4210,8720,33067,11128,33067,1567,327
4210,8720,33068,11128,33068,1567,327
4210,8720,33069,11128,33069,1567,327
4210,8720,33070,11128,33070,1567,327
4210,8720,33071,11128,33071,1567,327
4210,8720,33072,11128,33072,1567,327
4210,8720,33073,11128,33073,1567,327
4211,8720,33074,11128,33074,1567,327
4211,8720,33075,11128,33075,1567,327
4211,8720,33076,11128,33076,1567,327
4209,8720,33077,11128,33077,1567,327
4209,8720,33078,11128,33078,1567,327
4209,8720,33079,11128,33079,1567,327
4209,8720,33080,11128,33080,1567,327
4205,8720,33081,11128,33081,1567,325
4206,8720,33082,11128,33082,1567,325
4207,8720,33083,11128,33083,1567,325
4207,8720,33084,11128,33084,1567,325
4208,8720,33085,11128,33085,1567,325
4208,8720,33086,11128,33086,1567,325
4208,8720,33087,11128,33087,1567,325
4209,8720,33088,11128,33088,1567,325
4209,8720,33089,11128,33089,1567,325
4209,8720,33090,11128,33090,1567,325
4209,8720,33091,11128,33091,1567,325
4209,8720,33092,11128,33092,1567,325
4209,8720,33093,11128,33093,1567,325
4209,8720,33094,11128,33094,1567,325
4208,8720,33095,11128,33095,1567,325
4209,8720,33096,11128,33096,1567,325
4209,8720,33097,11128,33097,1567,325
4210,8720,33098,11128,33098,1567,325
4210,8720,33099,11128,33099,1567,325
4209,8720,33100,11128,33100,1567,325
4208,8720,33101,11128,33101,1567,325
4208,8720,33102,11128,33102,1567,325
4208,8720,33103,11128,33103,1567,325
4208,8720,33104,11128,33104,1567,325
4208,8720,33105,11128,33105,1567,325
4209,8720,33106,11128,33106,1567,325
4209,8720,33107,11128,33107,1567,325
4209,8720,33108,11128,33108,1567,325
4210,8720,33109,11128,33109,1567,325
4209,8720,33110,11128,33110,1567,325
4209,8720,33111,11128,33111,1567,325
4209,8720,33112,11128,33112,1567,325
4210,8720,33113,11128,33113,1567,325
4210,8720,33114,11128,33114,1567,325
4210,8720,33115,11128,33115,1567,325
4209,8720,33116,11128,33116,1567,325
4208,8720,33117,11128,33117,1567,325
4208,8720,33118,11128,33118,1567,325
4208,8720,33119,11128,33119,1567,325
4208,8720,33120,11128,33120,1567,325
4208,8720,33121,11128,33121,1567,325
4206,8720,33122,11128,33122,1567,325
4206,8720,33123,11128,33123,1567,325
4206,8720,33124,11128,33124,1567,325
4206,8720,33125,11128,33125,1567,325
4206,8720,33126,11128,33126,1567,325
4206,8720,33127,11128,33127,1567,325
4206,8720,33128,11128,33128,1567,325
4206,8720,33129,11128,33129,1567,325
4206,8720,33130,11128,33130,1567,325
4207,8720,33131,11128,33131,1567,325
4207,8720,33132,11128,33132,1567,325
4207,8720,33133,11128,33133,1567,325
4207,8720,33134,11128,33134,1567,325
4207,8720,33135,11128,33135,1567,325
4207,8720,33136,11128,33136,1567,325
4206,8720,33137,11128,33137,1567,325
4206,8720,33138,11128,33138,1567,325
4205,8720,33139,11128,33139,1567,325
4204,8720,33140,11128,33140,1567,325
4204,8720,33141,11128,33141,1567,325
4203,8720,33142,11128,33142,1567,325
4203,8720,33143,11128,33143,1567,325
4202,8720,33144,11128,33144,1567,325
4202,8720,33145,11128,33145,1567,325
4202,8720,33146,11128,33146,1567,325
4203,8720,33147,11128,33147,1567,325
4203,8720,33148,11128,33148,1567,325
4203,8720,33149,11128,33149,1567,325
4202,8720,33150,11128,33150,1567,325
4203,8720,33151,11128,33151,1567,325
4203,8720,33152,11128,33152,1567,325
4204,8720,33153,11128,33153,1567,325
4204,8720,33154,11128,33154,1567,325
4204,8720,33155,11128,33155,1567,325
4203,8720,33156,11128,33156,1567,325
4203,8720,33157,11128,33157,1567,325
4203,8720,33158,11128,33158,1567,325
4201,8720,33159,11128,33159,1567,325
4201,8720,33160,11128,33160,1567,325
4201,8720,33161,11128,33161,1567,325
4201,8720,33162,11128,33162,1567,325
4201,8720,33163,11128,33163,1567,325
4202,8720,33164,11128,33164,1567,325
4202,8720,33165,11128,33165,1567,325
4203,8720,33166,11128,33166,1567,325
4203,8720,33167,11128,33167,1567,325
4203,8720,33168,11128,33168,1567,325
4204,8720,33169,11128,33169,1567,325
4203,8720,33170,11128,33170,1567,325
4198,8720,33171,11128,33171,1567,325
4197,8720,33172,11128,33172,1567,325
4196,8720,33173,11128,33173,1567,325
4197,8720,33174,11128,33174,1567,325
4198,8720,33175,11128,33175,1567,325
4198,8720,33176,11128,33176,1567,325
4198,8720,33177,11128,33177,1567,325
4198,8720,33178,11128,33178,1567,325
4198,8720,33179,11128,33179,1567,325
4198,8720,33180,11128,33180,1567,325
4198,8720,33181,11128,33181,1567,325
4198,8720,33182,11128,33182,1567,325
4197,8720,33183,11128,33183,1567,325
4197,8720,33184,11128,33184,1567,325
4196,8720,33185,11128,33185,1567,325
4196,8720,33186,11128,33186,1567,325
4196,8720,33187,11128,33187,1567,325
4196,8720,33188,11128,33188,1567,325
4196,8720,33189,11128,33189,1567,325
4197,8720,33190,11128,33190,1567,325
4198,8720,33191,11128,33191,1567,325
4198,8720,33192,11128,33192,1567,325
4198,8720,33193,11128,33193,1567,325
4199,8720,33194,11128,33194,1567,325
4200,8720,33195,11128,33195,1567,325
4200,8720,33196,11128,33196,1567,325
4200,8720,33197,11128,33197,1567,325
4200,8720,33198,11128,33198,1567,325
4200,8720,33199,11128,33199,1567,325
4200,8720,33200,11128,33200,1567,325
4200,8720,33201,11128,33201,1567,325
4200,8720,33202,11128,33202,1567,325
4200,8720,33203,11128,33203,1567,325
4199,8720,33204,11128,33204,1567,325
4200,8720,33205,11128,33205,1567,325
4200,8720,33206,11128,33206,1567,325
4200,8720,33207,11128,33207,1567,325
4200,8720,33208,11128,33208,1567,325
4200,8720,33209,11128,33209,1567,325
4199,8720,33210,11128,33210,1567,325
4199,8720,33211,11128,33211,1567,325
4200,8720,33212,11128,33212,1567,325
4200,8720,33213,11128,33213,1567,325
4199,8720,33214,11128,33214,1567,325
4199,8720,33215,11128,33215,1567,325
4199,8720,33216,11128,33216,1567,325
4199,8720,33217,11128,33217,1567,325
4200,8720,33218,11128,33218,1567,325
4201,8720,33219,11128,33219,1567,325
4202,8720,33220,11128,33220,1567,325
4202,8720,33221,11128,33221,1567,325
4202,8720,33222,11128,33222,1567,325
4203,8720,33223,11128,33223,1567,325
4203,8720,33224,11128,33224,1567,325
4204,8720,33225,11128,33225,1567,325
4203,8720,33226,11128,33226,1567,325
4203,8720,33227,11128,33227,1567,325
4203,8720,33228,11128,33228,1567,325
4202,8720,33229,11128,33229,1567,325
4202,8720,33230,11128,33230,1567,325
4202,8720,33231,11128,33231,1567,325
4202,8720,33232,11128,33232,1567,325
4202,8720,33233,11128,33233,1567,325
4203,8720,33234,11128,33234,1567,325
4204,8720,33235,11128,33235,1567,325
4204,8720,33236,11128,33236,1567,325
4205,8720,33237,11128,33237,1567,325
4205,8720,33238,11128,33238,1567,325
4204,8720,33239,11128,33239,1567,325
4205,8720,33240,11128,33240,1567,325
4205,8720,33241,11128,33241,1567,325
4205,8720,33242,11128,33242,1567,325
4205,8720,33243,11128,33243,1567,325
4205,8720,33244,11128,33244,1567,325
4206,8720,33245,11128,33245,1567,325
4206,8720,33246,11128,33246,1567,325
4202,8720,33247,11128,33247,1567,322
4202,8720,33248,11128,33248,1567,322
4202,8720,33249,11128,33249,1567,322
4200,8720,33250,11128,33250,1567,322
4199,8720,33251,11128,33251,1567,322
4199,8720,33252,11128,33252,1567,322
4199,8720,33253,11128,33253,1567,322
4198,8720,33254,11128,33254,1567,322
4198,8720,33255,11128,33255,1567,322
4198,8720,33256,11128,33256,1567,322
4198,8720,33257,11128,33257,1567,322
4198,8720,33258,11128,33258,1567,322
4198,8720,33259,11128,33259,1567,322
4198,8720,33260,11128,33260,1567,322
4197,8720,33261,11128,33261,1567,322
4195,8720,33262,11128,33262,1567,322
4196,8720,33263,11128,33263,1567,322
4196,8720,33264,11128,33264,1567,322
4197,8720,33265,11128,33265,1567,322
4198,8720,33266,11128,33266,1567,322
4198,8720,33267,11128,33267,1567,322
4198,8720,33268,11128,33268,1567,322
4198,8720,33269,11128,33269,1567,322
4198,8720,33270,11128,33270,1567,322
4197,8720,33271,11128,33271,1567,322
4196,8720,33272,11128,33272,1567,322
4195,8720,33273,11128,33273,1567,322
4196,8720,33274,11128,33274,1567,322
4196,8720,33275,11128,33275,1567,322
4196,8720,33276,11128,33276,1567,322
4196,8720,33277,11128,33277,1567,322
4196,8720,33278,11128,33278,1567,322
4196,8720,33279,11128,33279,1567,322
4196,8720,33280,11128,33280,1567,322
4196,8720,33281,11128,33281,1567,322
4197,8720,33282,11128,33282,1567,322
4198,8720,33283,11128,33283,1567,322
4198,8720,33284,11128,33284,1567,322
4198,8720,33285,11128,33285,1567,322
4198,8720,33286,11128,33286,1567,322
4199,8720,33287,11128,33287,1567,322
4199,8720,33288,11128,33288,1567,322
4198,8720,33289,11128,33289,1567,322
4198,8720,33290,11128,33290,1567,322
4197,8720,33291,11128,33291,1567,322
4197,8720,33292,11128,33292,1567,322
4197,8720,33293,11128,33293,1567,322
4197,8720,33294,11128,33294,1567,322
4195,8720,33295,11128,33295,1567,322
4194,8720,33296,11128,33296,1567,322
4195,8720,33297,11128,33297,1567,322
4195,8720,33298,11128,33298,1567,322
4194,8720,33299,11128,33299,1567,322
4194,8720,33300,11128,33300,1567,322
4194,8720,33301,11128,33301,1567,322
4194,8720,33302,11128,33302,1567,322
4192,8720,33303,11128,33303,1567,322
4193,8720,33304,11128,33304,1567,322
4193,8720,33305,11128,33305,1567,322
4192,8720,33306,11128,33306,1567,322
4192,8720,33307,11128,33307,1567,322
4191,8720,33308,11128,33308,1567,322
4191,8720,33309,11128,33309,1567,322
4190,8720,33310,11128,33310,1567,322
4190,8720,33311,11128,33311,1567,322
4189,8720,33312,11128,33312,1567,322
4190,8720,33313,11128,33313,1567,322
4190,8720,33314,11128,33314,1567,322
4190,8720,33315,11128,33315,1567,322
4191,8720,33316,11128,33316,1567,322
4190,8720,33317,11128,33317,1567,321
4190,8720,33318,11128,33318,1567,321
4189,8720,33319,11128,33319,1567,321
4190,8720,33320,11128,33320,1567,321
4190,8720,33321,11128,33321,1567,321
4191,8720,33322,11128,33322,1567,321
4191,8720,33323,11128,33323,1567,321
4192,8720,33324,11128,33324,1567,321
4192,8720,33325,11128,33325,1567,321
4191,8720,33326,11128,33326,1567,321
4191,8720,33327,11128,33327,1567,321
4191,8720,33328,11128,33328,1567,321
4191,8720,33329,11128,33329,1567,321
4192,8720,33330,11128,33330,1567,321
4192,8720,33331,11128,33331,1567,321
4193,8720,33332,11128,33332,1567,321
4193,8720,33333,11128,33333,1567,321
4193,8720,33334,11128,33334,1567,321
4193,8720,33335,11128,33335,1567,321
4193,8720,33336,11128,33336,1567,321
4193,8720,33337,11128,33337,1567,321
4194,8720,33338,11128,33338,1567,321
4195,8720,33339,11128,33339,1567,321
4195,8720,33340,11128,33340,1567,321
4196,8720,33341,11128,33341,1567,321
4196,8720,33342,11128,33342,1567,321
4197,8720,33343,11128,33343,1567,321
4198,8720,33344,11128,33344,1567,321
4198,8720,33345,11128,33345,1567,321
4199,8720,33346,11128,33346,1567,321
4200,8720,33347,11128,33347,1567,321
4201,8720,33348,11128,33348,1567,321
4201,8720,33349,11128,33349,1567,321
4201,8720,33350,11128,33350,1567,321
4201,8720,33351,11128,33351,1567,321
4201,8720,33352,11128,33352,1567,321
4201,8720,33353,11128,33353,1567,321
4200,8720,33354,11128,33354,1567,321
4201,8720,33355,11128,33355,1567,321
4201,8720,33356,11128,33356,1567,321
4201,8720,33357,11128,33357,1567,321
4201,8720,33358,11128,33358,1567,321
4201,8720,33359,11128,33359,1567,321
4201,8720,33360,11128,33360,1567,321
4201,8720,33361,11128,33361,1567,321
4201,8720,33362,11128,33362,1567,321
4201,8720,33363,11128,33363,1567,321
4201,8720,33364,11128,33364,1567,321
4201,8720,33365,11128,33365,1567,321
4201,8720,33366,11128,33366,1567,321
4201,8720,33367,11128,33367,1567,321
4199,8720,33368,11128,33368,1567,320
4199,8720,33369,11128,33369,1567,320
4199,8720,33370,11128,33370,1567,320
4197,8720,33371,11128,33371,1567,320
4197,8720,33372,11128,33372,1567,320
4198,8720,33373,11128,33373,1567,320
4199,8720,33374,11128,33374,1567,320
4199,8720,33375,11128,33375,1567,320
4199,8720,33376,11128,33376,1567,320
4200,8720,33377,11128,33377,1567,320
4200,8720,33378,11128,33378,1567,320
4200,8720,33379,11128,33379,1567,320
4200,8720,33380,11128,33380,1567,320
4201,8720,33381,11128,33381,1567,320
4201,8720,33382,11128,33382,1567,320
4202,8720,33383,11128,33383,1567,320
4203,8720,33384,11128,33384,1567,320
4203,8720,33385,11128,33385,1567,320
4204,8720,33386,11128,33386,1567,320
4204,8720,33387,11128,33387,1567,320
4203,8720,33388,11128,33388,1567,320
4203,8720,33389,11128,33389,1567,320
4203,8720,33390,11128,33390,1567,320
4203,8720,33391,11128,33391,1567,320
4203,8720,33392,11128,33392,1567,320
4203,8720,33393,11128,33393,1567,320
4203,8720,33394,11128,33394,1567,320
4202,8720,33395,11128,33395,1567,320
4202,8720,33396,11128,33396,1567,320
4202,8720,33397,11128,33397,1567,320
4202,8720,33398,11128,33398,1567,320
4203,8720,33399,11128,33399,1567,320
4203,8720,33400,11128,33400,1567,320
4202,8720,33401,11128,33401,1567,320
4202,8720,33402,11128,33402,1567,320
4202,8720,33403,11128,33403,1567,320
4202,8720,33404,11128,33404,1567,320
4202,8720,33405,11128,33405,1567,320
4202,8720,33406,11128,33406,1567,320
4202,8720,33407,11128,33407,1567,320
4203,8720,33408,11128,33408,1567,320
4203,8720,33409,11128,33409,1567,320
4203,8720,33410,11128,33410,1567,320
4203,8720,33411,11128,33411,1567,320
4203,8720,33412,11128,33412,1567,320
4202,8720,33413,11128,33413,1567,320
4203,8720,33414,11128,33414,1567,320
4203,8720,33415,11128,33415,1567,320
4203,8720,33416,11128,33416,1567,320
4203,8720,33417,11128,33417,1567,320
4203,8720,33418,11128,33418,1567,320
4203,8720,33419,11128,33419,1567,320
4203,8720,33420,11128,33420,1567,320
4204,8720,33421,11128,33421,1567,320
4204,8720,33422,11128,33422,1567,320
4204,8720,33423,11128,33423,1567,320
4205,8720,33424,11128,33424,1567,320
4204,8720,33425,11128,33425,1567,320
4204,8720,33426,11128,33426,1567,320
4203,8720,33427,11128,33427,1567,320
4204,8720,33428,11128,33428,1567,320
4204,8720,33429,11128,33429,1567,320
4204,8720,33430,11128,33430,1567,320
4204,8720,33431,11128,33431,1567,320
4205,8720,33432,11128,33432,1567,320
4205,8720,33433,11128,33433,1567,320
4205,8720,33434,11128,33434,1567,320
4205,8720,33435,11128,33435,1567,320
4205,8720,33436,11128,33436,1567,320
4205,8720,33437,11128,33437,1567,320
4205,8720,33438,11128,33438,1567,320
4205,8720,33439,11128,33439,1567,320
4205,8720,33440,11128,33440,1567,320
4206,8720,33441,11128,33441,1567,320
4206,8720,33442,11128,33442,1567,320
4206,8720,33443,11128,33443,1567,320
4204,8720,33444,11128,33444,1567,320
4204,8720,33445,11128,33445,1567,320
4202,8720,33446,11128,33446,1567,320
4201,8720,33447,11128,33447,1567,320
4201,8720,33448,11128,33448,1567,320
4201,8720,33449,11128,33449,1567,320
4201,8720,33450,11128,33450,1567,320
4201,8720,33451,11128,33451,1567,320
4201,8720,33452,11128,33452,1567,320
4201,8720,33453,11128,33453,1567,320
4202,8720,33454,11128,33454,1567,320
4202,8720,33455,11128,33455,1567,320
4202,8720,33456,11128,33456,1567,320
4202,8720,33457,11128,33457,1567,320
4202,8720,33458,11128,33458,1567,320
4202,8720,33459,11128,33459,1567,320
4203,8720,33460,11128,33460,1567,320
4204,8720,33461,11128,33461,1567,320
4204,8720,33462,11128,33462,1567,320
4204,8720,33463,11128,33463,1567,320
4204,8720,33464,11128,33464,1567,320
4204,8720,33465,11128,33465,1567,320
4204,8720,33466,11128,33466,1567,320
4205,8720,33467,11128,33467,1567,320
4205,8720,33468,11128,33468,1567,320
4206,8720,33469,11128,33469,1567,320
4207,8720,33470,11128,33470,1567,320
4206,8720,33471,11128,33471,1567,320
4206,8720,33472,11128,33472,1567,320
4205,8720,33473,11128,33473,1567,320
4205,8720,33474,11128,33474,1567,320
4205,8720,33475,11128,33475,1567,320
4205,8720,33476,11128,33476,1567,320
4205,8720,33477,11128,33477,1567,320
4205,8720,33478,11128,33478,1567,320
4204,8720,33479,11128,33479,1567,320
4204,8720,33480,11128,33480,1567,320
4204,8720,33481,11128,33481,1567,320
4204,8720,33482,11128,33482,1567,320
4204,8720,33483,11128,33483,1567,320
4204,8720,33484,11128,33484,1567,320
4204,8720,33485,11128,33485,1567,320
4203,8720,33486,11128,33486,1567,320
4203,8720,33487,11128,33487,1567,320
4203,8720,33488,11128,33488,1567,320
4202,8720,33489,11128,33489,1567,320
4201,8720,33490,11128,33490,1567,320
4201,8720,33491,11128,33491,1567,320
4201,8720,33492,11128,33492,1567,320
4202,8720,33493,11128,33493,1567,320
4202,8720,33494,11128,33494,1567,320
4202,8720,33495,11128,33495,1567,320
4202,8720,33496,11128,33496,1567,320
4202,8720,33497,11128,33497,1567,320
4202,8720,33498,11128,33498,1567,320
4202,8720,33499,11128,33499,1567,320
4202,8720,33500,11128,33500,1567,320
4203,8720,33501,11128,33501,1567,320
4202,8720,33502,11128,33502,1567,320
4202,8720,33503,11128,33503,1567,320
4202,8720,33504,11128,33504,1567,320
4202,8720,33505,11128,33505,1567,320
4202,8720,33506,11128,33506,1567,320
4202,8720,33507,11128,33507,1567,320
4202,8720,33508,11128,33508,1567,320
4202,8720,33509,11128,33509,1567,320
4202,8720,33510,11128,33510,1567,320
4202,8720,33511,11128,33511,1567,320
4202,8720,33512,11128,33512,1567,320
4200,8720,33513,11128,33513,1567,319
4200,8720,33514,11128,33514,1567,319
4200,8720,33515,11128,33515,1567,319
4201,8720,33516,11128,33516,1567,319
4200,8720,33517,11128,33517,1567,319
4200,8720,33518,11128,33518,1567,319
4201,8720,33519,11128,33519,1567,319
4201,8720,33520,11128,33520,1567,319
4202,8720,33521,11128,33521,1567,319
4203,8720,33522,11128,33522,1567,319
4203,8720,33523,11128,33523,1567,319
4203,8720,33524,11128,33524,1567,319
4203,8720,33525,11128,33525,1567,319
4203,8720,33526,11128,33526,1567,319
4203,8720,33527,11128,33527,1567,319
4204,8720,33528,11128,33528,1567,319
4204,8720,33529,11128,33529,1567,319
4204,8720,33530,11128,33530,1567,319
4203,8720,33531,11128,33531,1567,319
4203,8720,33532,11128,33532,1567,319
4203,8720,33533,11128,33533,1567,319
4203,8720,33534,11128,33534,1567,319
4203,8720,33535,11128,33535,1567,319
4204,8720,33536,11128,33536,1567,319
4204,8720,33537,11128,33537,1567,319
4204,8720,33538,11128,33538,1567,319
4203,8720,33539,11128,33539,1567,319
4203,8720,33540,11128,33540,1567,319
4203,8720,33541,11128,33541,1567,319
4203,8720,33542,11128,33542,1567,319
4202,8720,33543,11128,33543,1567,319
4202,8720,33544,11128,33544,1567,319
4203,8720,33545,11128,33545,1567,319
4203,8720,33546,11128,33546,1567,319
4200,8720,33547,11128,33547,1567,319
4199,8720,33548,11128,33548,1567,319
4199,8720,33549,11128,33549,1567,319
4200,8720,33550,11128,33550,1567,319
4201,8720,33551,11128,33551,1567,319
4200,8720,33552,11128,33552,1567,319
4199,8720,33553,11128,33553,1567,319
4199,8720,33554,11128,33554,1567,319
4199,8720,33555,11128,33555,1567,319
4199,8720,33556,11128,33556,1567,319
4195,8720,33557,11128,33557,1567,318
4195,8720,33558,11128,33558,1567,318
4195,8720,33559,11128,33559,1567,318
4195,8720,33560,11128,33560,1567,318
4196,8720,33561,11128,33561,1567,318
4197,8720,33562,11128,33562,1567,318
4198,8720,33563,11128,33563,1567,318
4198,8720,33564,11128,33564,1567,318
4198,8720,33565,11128,33565,1567,318
4198,8720,33566,11128,33566,1567,318
4198,8720,33567,11128,33567,1567,318
4199,8720,33568,11128,33568,1567,318
4200,8720,33569,11128,33569,1567,318
4199,8720,33570,11128,33570,1567,318
4196,8720,33571,11128,33571,1567,318
4196,8720,33572,11128,33572,1567,318
4196,8720,33573,11128,33573,1567,318
4195,8720,33574,11128,33574,1567,318
4195,8720,33575,11128,33575,1567,318
4196,8720,33576,11128,33576,1567,318
4195,8720,33577,11128,33577,1567,318
4195,8720,33578,11128,33578,1567,318
4195,8720,33579,11128,33579,1567,318
4196,8720,33580,11128,33580,1567,318
4196,8720,33581,11128,33581,1567,318
4196,8720,33582,11128,33582,1567,318
4194,8720,33583,11128,33583,1567,318
4194,8720,33584,11128,33584,1567,318
4194,8720,33585,11128,33585,1567,318
4194,8720,33586,11128,33586,1567,318
4194,8720,33587,11128,33587,1567,318
4194,8720,33588,11128,33588,1567,318
4194,8720,33589,11128,33589,1567,318
4194,8720,33590,11128,33590,1567,318
4195,8720,33591,11128,33591,1567,318
4196,8720,33592,11128,33592,1567,318
4195,8720,33593,11128,33593,1567,318
4195,8720,33594,11128,33594,1567,318
4196,8720,33595,11128,33595,1567,318
4195,8720,33596,11128,33596,1567,318
4195,8720,33597,11128,33597,1567,318
4195,8720,33598,11128,33598,1567,318
4195,8720,33599,11128,33599,1567,318
4195,8720,33600,11128,33600,1567,318
4195,8720,33601,11128,33601,1567,318
4195,8720,33602,11128,33602,1567,318
4195,8720,33603,11128,33603,1567,318
4194,8720,33604,11128,33604,1567,318
4194,8720,33605,11128,33605,1567,318
4195,8720,33606,11128,33606,1567,318
4193,8720,33607,11128,33607,1567,318
4193,8720,33608,11128,33608,1567,318
4192,8720,33609,11128,33609,1567,318
4192,8720,33610,11128,33610,1567,318
4192,8720,33611,11128,33611,1567,318
4191,8720,33612,11128,33612,1567,318
4191,8720,33613,11128,33613,1567,318
4191,8720,33614,11128,33614,1567,318
4191,8720,33615,11128,33615,1567,318
4191,8720,33616,11128,33616,1567,318
4189,8720,33617,11128,33617,1567,318
4189,8720,33618,11128,33618,1567,318
4189,8720,33619,11128,33619,1567,318
4189,8720,33620,11128,33620,1567,318
4189,8720,33621,11128,33621,1567,318
4187,8720,33622,11128,33622,1567,318
4187,8720,33623,11128,33623,1567,318
4187,8720,33624,11128,33624,1567,318
4187,8720,33625,11128,33625,1567,318
4186,8720,33626,11128,33626,1567,318
4186,8720,33627,11128,33627,1567,318
4186,8720,33628,11128,33628,1567,318
4186,8720,33629,11128,33629,1567,318
4187,8720,33630,11128,33630,1567,318
4185,8720,33631,11128,33631,1567,318
4186,8720,33632,11128,33632,1567,318
4186,8720,33633,11128,33633,1567,318
4186,8720,33634,11128,33634,1567,318
4187,8720,33635,11128,33635,1567,318
4187,8720,33636,11128,33636,1567,318
4187,8720,33637,11128,33637,1567,318
4187,8720,33638,11128,33638,1567,318
4186,8720,33639,11128,33639,1567,318
4187,8720,33640,11128,33640,1567,318
4187,8720,33641,11128,33641,1567,318
4188,8720,33642,11128,33642,1567,318
4188,8720,33643,11128,33643,1567,318
4188,8720,33644,11128,33644,1567,318
4189,8720,33645,11128,33645,1567,318
4189,8720,33646,11128,33646,1567,318
4188,8720,33647,11128,33647,1567,318
4188,8720,33648,11128,33648,1567,318
4187,8720,33649,11128,33649,1567,318
4187,8720,33650,11128,33650,1567,318
4188,8720,33651,11128,33651,1567,318
4188,8720,33652,11128,33652,1567,318
4188,8720,33653,11128,33653,1567,318
4188,8720,33654,11128,33654,1567,318
4187,8720,33655,11128,33655,1567,318
4187,8720,33656,11128,33656,1567,318
4188,8720,33657,11128,33657,1567,318
4188,8720,33658,11128,33658,1567,318
4188,8720,33659,11128,33659,1567,318
4187,8720,33660,11128,33660,1567,318
4186,8720,33661,11128,33661,1567,318
4186,8720,33662,11128,33662,1567,318
4186,8720,33663,11128,33663,1567,318
4186,8720,33664,11128,33664,1567,318
4186,8720,33665,11128,33665,1567,318
4186,8720,33666,11128,33666,1567,318
4187,8720,33667,11128,33667,1567,318
4186,8720,33668,11128,33668,1567,318
4187,8720,33669,11128,33669,1567,318
4186,8720,33670,11128,33670,1567,318
4187,8720,33671,11128,33671,1567,318
4187,8720,33672,11128,33672,1567,318
4187,8720,33673,11128,33673,1567,318
4188,8720,33674,11128,33674,1567,318
4186,8720,33675,11128,33675,1567,318
4186,8720,33676,11128,33676,1567,318
4186,8720,33677,11128,33677,1567,318
4186,8720,33678,11128,33678,1567,318
4186,8720,33679,11128,33679,1567,318
4186,8720,33680,11128,33680,1567,318
4186,8720,33681,11128,33681,1567,318
4185,8720,33682,11128,33682,1567,318
4183,8720,33683,11128,33683,1567,318
4183,8720,33684,11128,33684,1567,318
4184,8720,33685,11128,33685,1567,318
4184,8720,33686,11128,33686,1567,318
4184,8720,33687,11128,33687,1567,318
4184,8720,33688,11128,33688,1567,318
4183,8720,33689,11128,33689,1567,318
4183,8720,33690,11128,33690,1567,318
4184,8720,33691,11128,33691,1567,318
4184,8720,33692,11128,33692,1567,318
4183,8720,33693,11128,33693,1567,318
4183,8720,33694,11128,33694,1567,318
4182,8720,33695,11128,33695,1567,318
4182,8720,33696,11128,33696,1567,318
4182,8720,33697,11128,33697,1567,318
4183,8720,33698,11128,33698,1567,318
4183,8720,33699,11128,33699,1567,318
4182,8720,33700,11128,33700,1567,318
4182,8720,33701,11128,33701,1567,318
4182,8720,33702,11128,33702,1567,318
4182,8720,33703,11128,33703,1567,318
4182,8720,33704,11128,33704,1567,318
4182,8720,33705,11128,33705,1567,318
4182,8720,33706,11128,33706,1567,318
4182,8720,33707,11128,33707,1567,318
4181,8720,33708,11128,33708,1567,318
4181,8720,33709,11128,33709,1567,318
4181,8720,33710,11128,33710,1567,318
4181,8720,33711,11128,33711,1567,318
4181,8720,33712,11128,33712,1567,318
4181,8720,33713,11128,33713,1567,318
4181,8720,33714,11128,33714,1567,318
4181,8720,33715,11128,33715,1567,318
4181,8720,33716,11128,33716,1567,318
4181,8720,33717,11128,33717,1567,318
4182,8720,33718,11128,33718,1567,318
4183,8720,33719,11128,33719,1567,318
4183,8720,33720,11128,33720,1567,318
4183,8720,33721,11128,33721,1567,318
4183,8720,33722,11128,33722,1567,318
4184,8720,33723,11128,33723,1567,318
4185,8720,33724,11128,33724,1567,318
4186,8720,33725,11128,33725,1567,318
4186,8720,33726,11128,33726,1567,318
4185,8720,33727,11128,33727,1567,318
4185,8720,33728,11128,33728,1567,318
4185,8720,33729,11128,33729,1567,318
4185,8720,33730,11128,33730,1567,318
4185,8720,33731,11128,33731,1567,318
4184,8720,33732,11128,33732,1567,318
4185,8720,33733,11128,33733,1567,318
4185,8720,33734,11128,33734,1567,318
4184,8720,33735,11128,33735,1567,318
4184,8720,33736,11128,33736,1567,318
4184,8720,33737,11128,33737,1567,318
4183,8720,33738,11128,33738,1567,318
4183,8720,33739,11128,33739,1567,318
4184,8720,33740,11128,33740,1567,318
4184,8720,33741,11128,33741,1567,318
4183,8720,33742,11128,33742,1567,318
4182,8720,33743,11128,33743,1567,318
4182,8720,33744,11128,33744,1567,318
4181,8720,33745,11128,33745,1567,318
4181,8720,33746,11128,33746,1567,318
4181,8720,33747,11128,33747,1567,318
4181,8720,33748,11128,33748,1567,318
4182,8720,33749,11128,33749,1567,318
4183,8720,33750,11128,33750,1567,318
4183,8720,33751,11128,33751,1567,318
4183,8720,33752,11128,33752,1567,318
4184,8720,33753,11128,33753,1567,318
4184,8720,33754,11128,33754,1567,318
4184,8720,33755,11128,33755,1567,318
4184,8720,33756,11128,33756,1567,318
4185,8720,33757,11128,33757,1567,318
4185,8720,33758,11128,33758,1567,318
4185,8720,33759,11128,33759,1567,318
4186,8720,33760,11128,33760,1567,318
4186,8720,33761,11128,33761,1567,318
4186,8720,33762,11128,33762,1567,318
4185,8720,33763,11128,33763,1567,318
4185,8720,33764,11128,33764,1567,318
4185,8720,33765,11128,33765,1567,318
4185,8720,33766,11128,33766,1567,318
4185,8720,33767,11128,33767,1567,318
4185,8720,33768,11128,33768,1567,318
4185,8720,33769,11128,33769,1567,318
4185,8720,33770,11128,33770,1567,318
4185,8720,33771,11128,33771,1567,318
4184,8720,33772,11128,33772,1567,318
4183,8720,33773,11128,33773,1567,318
4183,8720,33774,11128,33774,1567,318
4183,8720,33775,11128,33775,1567,318
4184,8720,33776,11128,33776,1567,318
4184,8720,33777,11128,33777,1567,318
4184,8720,33778,11128,33778,1567,318
4184,8720,33779,11128,33779,1567,318
4184,8720,33780,11128,33780,1567,318
4182,8720,33781,11128,33781,1567,318
4182,8720,33782,11128,33782,1567,318
4182,8720,33783,11128,33783,1567,318
4183,8720,33784,11128,33784,1567,318
4183,8720,33785,11128,33785,1567,318
4183,8720,33786,11128,33786,1567,318
4183,8720,33787,11128,33787,1567,318
4183,8720,33788,11128,33788,1567,318
4183,8720,33789,11128,33789,1567,318
4184,8720,33790,11128,33790,1567,318
4183,8720,33791,11128,33791,1567,318
4183,8720,33792,11128,33792,1567,318
4183,8720,33793,11128,33793,1567,318
4182,8720,33794,11128,33794,1567,318
4183,8720,33795,11128,33795,1567,318
4183,8720,33796,11128,33796,1567,318
4183,8720,33797,11128,33797,1567,318
4179,8720,33798,11128,33798,1567,316
4179,8720,33799,11128,33799,1567,316
4178,8720,33800,11128,33800,1567,316
4179,8720,33801,11128,33801,1567,316
4178,8720,33802,11128,33802,1567,316
4178,8720,33803,11128,33803,1567,316
4178,8720,33804,11128,33804,1567,316
4177,8720,33805,11128,33805,1567,316
4177,8720,33806,11128,33806,1567,316
4177,8720,33807,11128,33807,1567,316
4177,8720,33808,11128,33808,1567,316
4177,8720,33809,11128,33809,1567,316
4177,8720,33810,11128,33810,1567,316
4177,8720,33811,11128,33811,1567,316
4177,8720,33812,11128,33812,1567,316
4176,8720,33813,11128,33813,1567,316
4176,8720,33814,11128,33814,1567,316
4176,8720,33815,11128,33815,1567,316
4176,8720,33816,11128,33816,1567,316
4176,8720,33817,11128,33817,1567,316
4176,8720,33818,11128,33818,1567,316
4176,8720,33819,11128,33819,1567,316
4177,8720,33820,11128,33820,1567,316
4177,8720,33821,11128,33821,1567,316
4177,8720,33822,11128,33822,1567,316
4177,8720,33823,11128,33823,1567,316
4175,8720,33824,11128,33824,1567,316
4175,8720,33825,11128,33825,1567,316
4175,8720,33826,11128,33826,1567,316
4175,8720,33827,11128,33827,1567,316
4175,8720,33828,11128,33828,1567,316
4175,8720,33829,11128,33829,1567,316
4174,8720,33830,11128,33830,1567,316
4174,8720,33831,11128,33831,1567,316
4174,8720,33832,11128,33832,1567,316
4175,8720,33833,11128,33833,1567,316
4176,8720,33834,11128,33834,1567,316
4177,8720,33835,11128,33835,1567,316
4178,8720,33836,11128,33836,1567,316
4177,8720,33837,11128,33837,1567,316
4176,8720,33838,11128,33838,1567,316
4176,8720,33839,11128,33839,1567,316
4176,8720,33840,11128,33840,1567,316
4176,8720,33841,11128,33841,1567,316
4175,8720,33842,11128,33842,1567,316
4174,8720,33843,11128,33843,1567,316
4175,8720,33844,11128,33844,1567,316
4175,8720,33845,11128,33845,1567,316
4175,8720,33846,11128,33846,1567,316
4175,8720,33847,11128,33847,1567,316
4173,8720,33848,11128,33848,1567,315
4172,8720,33849,11128,33849,1567,315
4172,8720,33850,11128,33850,1567,315
4172,8720,33851,11128,33851,1567,315
4172,8720,33852,11128,33852,1567,315
4172,8720,33853,11128,33853,1567,315
4172,8720,33854,11128,33854,1567,315
4172,8720,33855,11128,33855,1567,315
4170,8720,33856,11128,33856,1567,314
4170,8720,33857,11128,33857,1567,314
4171,8720,33858,11128,33858,1567,314
4172,8720,33859,11128,33859,1567,314
4172,8720,33860,11128,33860,1567,314
4171,8720,33861,11128,33861,1567,314
4170,8720,33862,11128,33862,1567,314
4171,8720,33863,11128,33863,1567,314
4171,8720,33864,11128,33864,1567,314
4171,8720,33865,11128,33865,1567,314
4171,8720,33866,11128,33866,1567,314
4164,8720,33867,11128,33867,1567,310
4163,8720,33868,11128,33868,1567,310
4160,8720,33869,11128,33869,1567,310
4159,8720,33870,11128,33870,1567,310
4159,8720,33871,11128,33871,1567,310
4160,8720,33872,11128,33872,1567,310
4160,8720,33873,11128,33873,1567,310
4160,8720,33874,11128,33874,1567,310
4160,8720,33875,11128,33875,1567,310
4160,8720,33876,11128,33876,1567,310
4160,8720,33877,11128,33877,1567,310
4161,8720,33878,11128,33878,1567,310
4161,8720,33879,11128,33879,1567,310
4161,8720,33880,11128,33880,1567,310
4161,8720,33881,11128,33881,1567,310
4161,8720,33882,11128,33882,1567,310
4161,8720,33883,11128,33883,1567,310
4157,8720,33884,11128,33884,1567,310
4157,8720,33885,11128,33885,1567,310
4157,8720,33886,11128,33886,1567,310
4158,8720,33887,11128,33887,1567,310
4158,8720,33888,11128,33888,1567,310
4159,8720,33889,11128,33889,1567,310
4159,8720,33890,11128,33890,1567,310
4159,8720,33891,11128,33891,1567,310
4159,8720,33892,11128,33892,1567,310
4159,8720,33893,11128,33893,1567,310
4158,8720,33894,11128,33894,1567,310
4158,8720,33895,11128,33895,1567,310
4158,8720,33896,11128,33896,1567,310
4158,8720,33897,11128,33897,1567,310
4158,8720,33898,11128,33898,1567,310
4158,8720,33899,11128,33899,1567,310
4158,8720,33900,11128,33900,1567,310
4158,8720,33901,11128,33901,1567,310
4158,8720,33902,11128,33902,1567,310
4158,8720,33903,11128,33903,1567,310
4157,8720,33904,11128,33904,1567,310
4157,8720,33905,11128,33905,1567,310
4157,8720,33906,11128,33906,1567,310
4157,8720,33907,11128,33907,1567,310
4157,8720,33908,11128,33908,1567,310
4155,8720,33909,11128,33909,1567,310
4154,8720,33910,11128,33910,1567,310
4154,8720,33911,11128,33911,1567,310
4153,8720,33912,11128,33912,1567,310
4154,8720,33913,11128,33913,1567,310
4154,8720,33914,11128,33914,1567,310
4155,8720,33915,11128,33915,1567,310
4155,8720,33916,11128,33916,1567,310
4154,8720,33917,11128,33917,1567,310
4154,8720,33918,11128,33918,1567,310
4152,8720,33919,11128,33919,1567,310
4152,8720,33920,11128,33920,1567,310
4151,8720,33921,11128,33921,1567,310
4150,8720,33922,11128,33922,1567,310
4149,8720,33923,11128,33923,1567,310
4149,8720,33924,11128,33924,1567,310
4150,8720,33925,11128,33925,1567,310
4150,8720,33926,11128,33926,1567,310
4150,8720,33927,11128,33927,1567,310
4151,8720,33928,11128,33928,1567,310
4152,8720,33929,11128,33929,1567,310
4153,8720,33930,11128,33930,1567,310
4153,8720,33931,11128,33931,1567,310
4153,8720,33932,11128,33932,1567,310
4151,8720,33933,11128,33933,1567,310
4150,8720,33934,11128,33934,1567,310
4151,8720,33935,11128,33935,1567,310
4151,8720,33936,11128,33936,1567,310
4152,8720,33937,11128,33937,1567,310
4152,8720,33938,11128,33938,1567,310
4152,8720,33939,11128,33939,1567,310
4152,8720,33940,11128,33940,1567,310
4152,8720,33941,11128,33941,1567,310
4153,8720,33942,11128,33942,1567,310
4153,8720,33943,11128,33943,1567,310
4154,8720,33944,11128,33944,1567,310
4155,8720,33945,11128,33945,1567,310
4155,8720,33946,11128,33946,1567,310
4155,8720,33947,11128,33947,1567,310
4155,8720,33948,11128,33948,1567,310
4155,8720,33949,11128,33949,1567,310
4155,8720,33950,11128,33950,1567,310
4156,8720,33951,11128,33951,1567,310
4156,8720,33952,11128,33952,1567,310
4156,8720,33953,11128,33953,1567,310
4155,8720,33954,11128,33954,1567,310
4154,8720,33955,11128,33955,1567,310
4154,8720,33956,11128,33956,1567,310
4154,8720,33957,11128,33957,1567,310
4155,8720,33958,11128,33958,1567,310
4156,8720,33959,11128,33959,1567,310
4156,8720,33960,11128,33960,1567,310
4156,8720,33961,11128,33961,1567,310
4156,8720,33962,11128,33962,1567,310
4156,8720,33963,11128,33963,1567,310
4157,8720,33964,11128,33964,1567,310
4157,8720,33965,11128,33965,1567,310
4158,8720,33966,11128,33966,1567,310
4158,8720,33967,11128,33967,1567,310
4158,8720,33968,11128,33968,1567,310
4156,8720,33969,11128,33969,1567,310
4157,8720,33970,11128,33970,1567,310
4157,8720,33971,11128,33971,1567,310
4158,8720,33972,11128,33972,1567,310
4158,8720,33973,11128,33973,1567,310
4158,8720,33974,11128,33974,1567,310
4157,8720,33975,11128,33975,1567,310
4157,8720,33976,11128,33976,1567,310
4157,8720,33977,11128,33977,1567,310
4157,8720,33978,11128,33978,1567,310
4158,8720,33979,11128,33979,1567,310
4158,8720,33980,11128,33980,1567,310
4158,8720,33981,11128,33981,1567,310
4158,8720,33982,11128,33982,1567,310
4158,8720,33983,11128,33983,1567,310
4158,8720,33984,11128,33984,1567,310
4158,8720,33985,11128,33985,1567,310
4155,8720,33986,11128,33986,1567,308
4156,8720,33987,11128,33987,1567,308
4155,8720,33988,11128,33988,1567,308
4154,8720,33989,11128,33989,1567,308
4154,8720,33990,11128,33990,1567,308
4154,8720,33991,11128,33991,1567,308
4154,8720,33992,11128,33992,1567,308
4153,8720,33993,11128,33993,1567,308
4152,8720,33994,11128,33994,1567,308
4152,8720,33995,11128,33995,1567,308
4153,8720,33996,11128,33996,1567,308
4154,8720,33997,11128,33997,1567,308
4154,8720,33998,11128,33998,1567,308
4154,8720,33999,11128,33999,1567,308
4154,8720,34000,11128,34000,1567,308
4154,8720,34001,11128,34001,1567,308
4154,8720,34002,11128,34002,1567,308
4154,8720,34003,11128,34003,1567,308
4154,8720,34004,11128,34004,1567,308
4154,8720,34005,11128,34005,1567,308
4154,8720,34006,11128,34006,1567,308
4155,8720,34007,11128,34007,1567,308
4156,8720,34008,11128,34008,1567,308
4156,8720,34009,11128,34009,1567,308
4156,8720,34010,11128,34010,1567,308
4157,8720,34011,11128,34011,1567,308
4157,8720,34012,11128,34012,1567,308
4158,8720,34013,11128,34013,1567,308
4159,8720,34014,11128,34014,1567,308
4159,8720,34015,11128,34015,1567,308
4160,8720,34016,11128,34016,1567,308
4160,8720,34017,11128,34017,1567,308
4160,8720,34018,11128,34018,1567,308
4161,8720,34019,11128,34019,1567,308
4161,8720,34020,11128,34020,1567,308
4162,8720,34021,11128,34021,1567,308
4162,8720,34022,11128,34022,1567,308
4162,8720,34023,11128,34023,1567,308
4161,8720,34024,11128,34024,1567,308
4161,8720,34025,11128,34025,1567,308
4161,8720,34026,11128,34026,1567,308
4160,8720,34027,11128,34027,1567,308
4159,8720,34028,11128,34028,1567,308
4159,8720,34029,11128,34029,1567,308
4159,8720,34030,11128,34030,1567,308
4159,8720,34031,11128,34031,1567,308
4159,8720,34032,11128,34032,1567,308
4159,8720,34033,11128,34033,1567,308
4159,8720,34034,11128,34034,1567,308
4159,8720,34035,11128,34035,1567,308
4160,8720,34036,11128,34036,1567,308
4160,8720,34037,11128,34037,1567,308
4160,8720,34038,11128,34038,1567,308
4160,8720,34039,11128,34039,1567,308
4160,8720,34040,11128,34040,1567,308
4161,8720,34041,11128,34041,1567,308
4161,8720,34042,11128,34042,1567,308
4159,8720,34043,11128,34043,1567,308
4159,8720,34044,11128,34044,1567,308
4158,8720,34045,11128,34045,1567,308
4158,8720,34046,11128,34046,1567,308
4158,8720,34047,11128,34047,1567,308
4158,8720,34048,11128,34048,1567,308
4157,8720,34049,11128,34049,1567,308
4157,8720,34050,11128,34050,1567,308
4157,8720,34051,11128,34051,1567,308
4157,8720,34052,11128,34052,1567,308
4157,8720,34053,11128,34053,1567,308
4158,8720,34054,11128,34054,1567,308
4158,8720,34055,11128,34055,1567,308
4157,8720,34056,11128,34056,1567,308
4157,8720,34057,11128,34057,1567,308
4157,8720,34058,11128,34058,1567,308
4158,8720,34059,11128,34059,1567,308
4157,8720,34060,11128,34060,1567,308
4157,8720,34061,11128,34061,1567,308
4157,8720,34062,11128,34062,1567,308
4157,8720,34063,11128,34063,1567,308
4157,8720,34064,11128,34064,1567,308
4157,8720,34065,11128,34065,1567,308
4158,8720,34066,11128,34066,1567,308
4159,8720,34067,11128,34067,1567,308
4159,8720,34068,11128,34068,1567,308
4159,8720,34069,11128,34069,1567,308
4159,8720,34070,11128,34070,1567,308
4159,8720,34071,11128,34071,1567,308
4159,8720,34072,11128,34072,1567,308
4159,8720,34073,11128,34073,1567,308
4158,8720,34074,11128,34074,1567,308
4159,8720,34075,11128,34075,1567,308
4159,8720,34076,11128,34076,1567,308
4159,8720,34077,11128,34077,1567,308
4158,8720,34078,11128,34078,1567,308
4158,8720,34079,11128,34079,1567,308
4158,8720,34080,11128,34080,1567,308
4158,8720,34081,11128,34081,1567,308
4158,8720,34082,11128,34082,1567,308
4158,8720,34083,11128,34083,1567,308
4158,8720,34084,11128,34084,1567,308
4158,8720,34085,11128,34085,1567,308
4158,8720,34086,11128,34086,1567,308
4158,8720,34087,11128,34087,1567,308
4158,8720,34088,11128,34088,1567,308
4158,8720,34089,11128,34089,1567,308
4158,8720,34090,11128,34090,1567,308
4158,8720,34091,11128,34091,1567,308
4159,8720,34092,11128,34092,1567,308
4159,8720,34093,11128,34093,1567,308
4159,8720,34094,11128,34094,1567,308
4159,8720,34095,11128,34095,1567,308
4157,8720,34096,11128,34096,1567,308
4156,8720,34097,11128,34097,1567,308
4156,8720,34098,11128,34098,1567,308
4156,8720,34099,11128,34099,1567,308
4154,8720,34100,11128,34100,1567,308
4155,8720,34101,11128,34101,1567,308
4155,8720,34102,11128,34102,1567,308
4155,8720,34103,11128,34103,1567,308
4154,8720,34104,11128,34104,1567,308
4154,8720,34105,11128,34105,1567,308
4154,8720,34106,11128,34106,1567,308
4154,8720,34107,11128,34107,1567,308
4154,8720,34108,11128,34108,1567,308
4155,8720,34109,11128,34109,1567,308
4154,8720,34110,11128,34110,1567,308
4154,8720,34111,11128,34111,1567,308
4153,8720,34112,11128,34112,1567,308
4154,8720,34113,11128,34113,1567,308
4154,8720,34114,11128,34114,1567,308
4154,8720,34115,11128,34115,1567,308
4154,8720,34116,11128,34116,1567,308
4154,8720,34117,11128,34117,1567,308
4154,8720,34118,11128,34118,1567,308
4154,8720,34119,11128,34119,1567,308
4154,8720,34120,11128,34120,1567,308
4154,8720,34121,11128,34121,1567,308
4155,8720,34122,11128,34122,1567,308
4155,8720,34123,11128,34123,1567,308
4154,8720,34124,11128,34124,1567,308
4154,8720,34125,11128,34125,1567,308
4154,8720,34126,11128,34126,1567,308
4154,8720,34127,11128,34127,1567,308
4154,8720,34128,11128,34128,1567,308
4154,8720,34129,11128,34129,1567,308
4154,8720,34130,11128,34130,1567,308
4153,8720,34131,11128,34131,1567,308
4153,8720,34132,11128,34132,1567,308
4153,8720,34133,11128,34133,1567,308
4153,8720,34134,11128,34134,1567,308
4152,8720,34135,11128,34135,1567,308
4152,8720,34136,11128,34136,1567,308
4152,8720,34137,11128,34137,1567,308
4152,8720,34138,11128,34138,1567,308
4152,8720,34139,11128,34139,1567,308
4152,8720,34140,11128,34140,1567,308
4152,8720,34141,11128,34141,1567,308
4151,8720,34142,11128,34142,1567,308
4149,8720,34143,11128,34143,1567,308
4149,8720,34144,11128,34144,1567,308
4149,8720,34145,11128,34145,1567,308
4149,8720,34146,11128,34146,1567,308
4149,8720,34147,11128,34147,1567,308
4149,8720,34148,11128,34148,1567,308
4150,8720,34149,11128,34149,1567,308
4150,8720,34150,11128,34150,1567,308
4150,8720,34151,11128,34151,1567,308
4150,8720,34152,11128,34152,1567,308
4149,8720,34153,11128,34153,1567,308
4150,8720,34154,11128,34154,1567,308
4150,8720,34155,11128,34155,1567,308
4151,8720,34156,11128,34156,1567,308
4151,8720,34157,11128,34157,1567,308
4151,8720,34158,11128,34158,1567,308
4151,8720,34159,11128,34159,1567,308
4151,8720,34160,11128,34160,1567,308
4151,8720,34161,11128,34161,1567,308
4151,8720,34162,11128,34162,1567,308
4149,8720,34163,11128,34163,1567,308
4149,8720,34164,11128,34164,1567,308
4149,8720,34165,11128,34165,1567,308
4149,8720,34166,11128,34166,1567,308
4149,8720,34167,11128,34167,1567,308
4148,8720,34168,11128,34168,1567,308
4149,8720,34169,11128,34169,1567,308
4148,8720,34170,11128,34170,1567,308
4148,8720,34171,11128,34171,1567,308
4147,8720,34172,11128,34172,1567,308
4148,8720,34173,11128,34173,1567,308
4148,8720,34174,11128,34174,1567,308
4148,8720,34175,11128,34175,1567,308
4149,8720,34176,11128,34176,1567,308
4149,8720,34177,11128,34177,1567,308
4150,8720,34178,11128,34178,1567,308
4149,8720,34179,11128,34179,1567,308
4148,8720,34180,11128,34180,1567,307
4148,8720,34181,11128,34181,1567,307
4147,8720,34182,11128,34182,1567,307
4147,8720,34183,11128,34183,1567,307
4146,8720,34184,11128,34184,1567,307
4146,8720,34185,11128,34185,1567,307
4146,8720,34186,11128,34186,1567,307
4145,8720,34187,11128,34187,1567,307
4144,8720,34188,11128,34188,1567,307
4143,8720,34189,11128,34189,1567,307
4143,8720,34190,11128,34190,1567,307
4143,8720,34191,11128,34191,1567,307
4143,8720,34192,11128,34192,1567,307
4143,8720,34193,11128,34193,1567,307
4143,8720,34194,11128,34194,1567,307
4143,8720,34195,11128,34195,1567,307
4143,8720,34196,11128,34196,1567,307
4139,8720,34197,11128,34197,1567,303
4139,8720,34198,11128,34198,1567,303
4139,8720,34199,11128,34199,1567,303
4139,8720,34200,11128,34200,1567,303
4139,8720,34201,11128,34201,1567,303
4139,8720,34202,11128,34202,1567,303
4138,8720,34203,11128,34203,1567,303
4138,8720,34204,11128,34204,1567,303
4139,8720,34205,11128,34205,1567,303
4140,8720,34206,11128,34206,1567,303
4140,8720,34207,11128,34207,1567,303
4140,8720,34208,11128,34208,1567,303
4141,8720,34209,11128,34209,1567,303
4141,8720,34210,11128,34210,1567,303
4141,8720,34211,11128,34211,1567,303
4141,8720,34212,11128,34212,1567,303
4141,8720,34213,11128,34213,1567,303
4141,8720,34214,11128,34214,1567,303
4142,8720,34215,11128,34215,1567,303
4142,8720,34216,11128,34216,1567,303
4142,8720,34217,11128,34217,1567,303
4143,8720,34218,11128,34218,1567,303
4144,8720,34219,11128,34219,1567,303
4145,8720,34220,11128,34220,1567,303
4145,8720,34221,11128,34221,1567,303
4145,8720,34222,11128,34222,1567,303
4145,8720,34223,11128,34223,1567,303
4145,8720,34224,11128,34224,1567,303
4145,8720,34225,11128,34225,1567,303
4145,8720,34226,11128,34226,1567,303
4145,8720,34227,11128,34227,1567,303
4145,8720,34228,11128,34228,1567,303
4145,8720,34229,11128,34229,1567,303
4145,8720,34230,11128,34230,1567,303
4145,8720,34231,11128,34231,1567,303
4145,8720,34232,11128,34232,1567,303
4145,8720,34233,11128,34233,1567,303
4146,8720,34234,11128,34234,1567,303
4146,8720,34235,11128,34235,1567,303
4147,8720,34236,11128,34236,1567,303
4147,8720,34237,11128,34237,1567,303
4146,8720,34238,11128,34238,1567,303
4146,8720,34239,11128,34239,1567,303
4144,8720,34240,11128,34240,1567,303
4144,8720,34241,11128,34241,1567,303
4144,8720,34242,11128,34242,1567,303
4144,8720,34243,11128,34243,1567,303
4143,8720,34244,11128,34244,1567,303
4143,8720,34245,11128,34245,1567,303
4143,8720,34246,11128,34246,1567,303
4143,8720,34247,11128,34247,1567,303
4143,8720,34248,11128,34248,1567,303
4142,8720,34249,11128,34249,1567,303
4139,8720,34250,11128,34250,1567,303
4138,8720,34251,11128,34251,1567,303
4134,8720,34252,11128,34252,1567,303
4134,8720,34253,11128,34253,1567,303
4135,8720,34254,11128,34254,1567,303
4135,8720,34255,11128,34255,1567,303
4136,8720,34256,11128,34256,1567,303
4136,8720,34257,11128,34257,1567,303
4136,8720,34258,11128,34258,1567,303
4136,8720,34259,11128,34259,1567,303
4134,8720,34260,11128,34260,1567,303
4134,8720,34261,11128,34261,1567,303
4135,8720,34262,11128,34262,1567,303
4136,8720,34263,11128,34263,1567,303
4136,8720,34264,11128,34264,1567,303
4135,8720,34265,11128,34265,1567,303
4136,8720,34266,11128,34266,1567,303
4136,8720,34267,11128,34267,1567,303
4136,8720,34268,11128,34268,1567,303
4137,8720,34269,11128,34269,1567,303
4138,8720,34270,11128,34270,1567,303
4139,8720,34271,11128,34271,1567,303
4138,8720,34272,11128,34272,1567,303
4138,8720,34273,11128,34273,1567,303
4137,8720,34274,11128,34274,1567,303
4138,8720,34275,11128,34275,1567,303
4137,8720,34276,11128,34276,1567,303
4137,8720,34277,11128,34277,1567,303
4137,8720,34278,11128,34278,1567,303
4136,8720,34279,11128,34279,1567,303
4136,8720,34280,11128,34280,1567,303
4136,8720,34281,11128,34281,1567,303
4134,8720,34282,11128,34282,1567,303
4132,8720,34283,11128,34283,1567,302
4132,8720,34284,11128,34284,1567,302
4132,8720,34285,11128,34285,1567,302
4132,8720,34286,11128,34286,1567,302
4131,8720,34287,11128,34287,1567,301
4131,8720,34288,11128,34288,1567,301
4131,8720,34289,11128,34289,1567,301
4131,8720,34290,11128,34290,1567,301
4131,8720,34291,11128,34291,1567,301
4131,8720,34292,11128,34292,1567,301
4131,8720,34293,11128,34293,1567,301
4131,8720,34294,11128,34294,1567,301
4130,8720,34295,11128,34295,1567,300
4129,8720,34296,11128,34296,1567,300
4129,8720,34297,11128,34297,1567,300
4129,8720,34298,11128,34298,1567,300
4129,8720,34299,11128,34299,1567,300
4129,8720,34300,11128,34300,1567,300
4125,8720,34301,11128,34301,1567,300
4125,8720,34302,11128,34302,1567,300
4126,8720,34303,11128,34303,1567,300
4125,8720,34304,11128,34304,1567,300
4125,8720,34305,11128,34305,1567,300
4125,8720,34306,11128,34306,1567,300
4125,8720,34307,11128,34307,1567,300
4124,8720,34308,11128,34308,1567,300
4124,8720,34309,11128,34309,1567,300
4124,8720,34310,11128,34310,1567,300
4121,8720,34311,11128,34311,1567,300
4121,8720,34312,11128,34312,1567,300
4122,8720,34313,11128,34313,1567,300
4122,8720,34314,11128,34314,1567,300
4123,8720,34315,11128,34315,1567,300
4123,8720,34316,11128,34316,1567,300
4123,8720,34317,11128,34317,1567,300
4124,8720,34318,11128,34318,1567,300
4124,8720,34319,11128,34319,1567,300
4122,8720,34320,11128,34320,1567,300
4122,8720,34321,11128,34321,1567,300
4122,8720,34322,11128,34322,1567,300
4122,8720,34323,11128,34323,1567,300
4122,8720,34324,11128,34324,1567,300
4122,8720,34325,11128,34325,1567,300
4121,8720,34326,11128,34326,1567,300
4121,8720,34327,11128,34327,1567,300
4121,8720,34328,11128,34328,1567,300
4121,8720,34329,11128,34329,1567,300
4121,8720,34330,11128,34330,1567,300
4118,8720,34331,11128,34331,1567,300
4119,8720,34332,11128,34332,1567,300
4119,8720,34333,11128,34333,1567,300
4119,8720,34334,11128,34334,1567,300
4118,8720,34335,11128,34335,1567,299
4118,8720,34336,11128,34336,1567,299
4118,8720,34337,11128,34337,1567,299
4118,8720,34338,11128,34338,1567,299
4118,8720,34339,11128,34339,1567,299
4118,8720,34340,11128,34340,1567,299
4118,8720,34341,11128,34341,1567,299
4118,8720,34342,11128,34342,1567,299
4119,8720,34343,11128,34343,1567,299
4119,8720,34344,11128,34344,1567,299
4119,8720,34345,11128,34345,1567,299
4120,8720,34346,11128,34346,1567,299
4120,8720,34347,11128,34347,1567,299
4120,8720,34348,11128,34348,1567,299
4120,8720,34349,11128,34349,1567,299
4121,8720,34350,11128,34350,1567,299
4121,8720,34351,11128,34351,1567,299
4120,8720,34352,11128,34352,1567,299
4120,8720,34353,11128,34353,1567,299
4120,8720,34354,11128,34354,1567,299
4120,8720,34355,11128,34355,1567,299
4120,8720,34356,11128,34356,1567,299
4121,8720,34357,11128,34357,1567,299
4121,8720,34358,11128,34358,1567,299
4121,8720,34359,11128,34359,1567,299
4121,8720,34360,11128,34360,1567,299
4122,8720,34361,11128,34361,1567,299
4122,8720,34362,11128,34362,1567,299
4122,8720,34363,11128,34363,1567,299
4121,8720,34364,11128,34364,1567,299
4120,8720,34365,11128,34365,1567,299
4120,8720,34366,11128,34366,1567,299
4121,8720,34367,11128,34367,1567,299
4121,8720,34368,11128,34368,1567,299
4121,8720,34369,11128,34369,1567,299
4121,8720,34370,11128,34370,1567,299
4122,8720,34371,11128,34371,1567,299
4122,8720,34372,11128,34372,1567,299
4118,8720,34373,11128,34373,1567,298
4118,8720,34374,11128,34374,1567,298
4118,8720,34375,11128,34375,1567,298
4118,8720,34376,11128,34376,1567,298
4118,8720,34377,11128,34377,1567,298
4118,8720,34378,11128,34378,1567,298
4118,8720,34379,11128,34379,1567,298
4117,8720,34380,11128,34380,1567,298
4117,8720,34381,11128,34381,1567,298
4117,8720,34382,11128,34382,1567,298
4117,8720,34383,11128,34383,1567,298
4117,8720,34384,11128,34384,1567,298
4116,8720,34385,11128,34385,1567,298
4116,8720,34386,11128,34386,1567,298
4116,8720,34387,11128,34387,1567,298
4117,8720,34388,11128,34388,1567,298
4118,8720,34389,11128,34389,1567,298
4116,8720,34390,11128,34390,1567,298
4115,8720,34391,11128,34391,1567,298
4115,8720,34392,11128,34392,1567,298
4114,8720,34393,11128,34393,1567,298
4115,8720,34394,11128,34394,1567,298
4114,8720,34395,11128,34395,1567,298
4112,8720,34396,11128,34396,1567,298
4111,8720,34397,11128,34397,1567,298
4110,8720,34398,11128,34398,1567,298
4109,8720,34399,11128,34399,1567,298
4109,8720,34400,11128,34400,1567,298
4109,8720,34401,11128,34401,1567,298
4108,8720,34402,11128,34402,1567,298
4108,8720,34403,11128,34403,1567,298
4108,8720,34404,11128,34404,1567,298
4106,8720,34405,11128,34405,1567,298
4107,8720,34406,11128,34406,1567,298
4107,8720,34407,11128,34407,1567,298
4107,8720,34408,11128,34408,1567,298
4106,8720,34409,11128,34409,1567,298
4106,8720,34410,11128,34410,1567,298
4106,8720,34411,11128,34411,1567,298
4104,8720,34412,11128,34412,1567,298
4104,8720,34413,11128,34413,1567,298
4104,8720,34414,11128,34414,1567,298
4103,8720,34415,11128,34415,1567,298
4103,8720,34416,11128,34416,1567,298
4103,8720,34417,11128,34417,1567,298
4102,8720,34418,11128,34418,1567,298
4102,8720,34419,11128,34419,1567,298
4102,8720,34420,11128,34420,1567,298
4102,8720,34421,11128,34421,1567,298
4101,8720,34422,11128,34422,1567,298
4101,8720,34423,11128,34423,1567,298
4101,8720,34424,11128,34424,1567,298
4099,8720,34425,11128,34425,1567,298
4099,8720,34426,11128,34426,1567,298
4099,8720,34427,11128,34427,1567,298
4100,8720,34428,11128,34428,1567,298
4100,8720,34429,11128,34429,1567,298
4100,8720,34430,11128,34430,1567,298
4100,8720,34431,11128,34431,1567,298
4099,8720,34432,11128,34432,1567,298
4099,8720,34433,11128,34433,1567,298
4099,8720,34434,11128,34434,1567,298
4099,8720,34435,11128,34435,1567,298
4098,8720,34436,11128,34436,1567,297
4099,8720,34437,11128,34437,1567,297
4099,8720,34438,11128,34438,1567,297
4099,8720,34439,11128,34439,1567,297
4100,8720,34440,11128,34440,1567,297
4100,8720,34441,11128,34441,1567,297
4100,8720,34442,11128,34442,1567,297
4100,8720,34443,11128,34443,1567,297
4100,8720,34444,11128,34444,1567,297
4100,8720,34445,11128,34445,1567,297
4100,8720,34446,11128,34446,1567,297
4101,8720,34447,11128,34447,1567,297
4101,8720,34448,11128,34448,1567,297
4101,8720,34449,11128,34449,1567,297
4102,8720,34450,11128,34450,1567,297
4102,8720,34451,11128,34451,1567,297
4102,8720,34452,11128,34452,1567,297
4102,8720,34453,11128,34453,1567,297
4100,8720,34454,11128,34454,1567,297
4100,8720,34455,11128,34455,1567,297
4099,8720,34456,11128,34456,1567,297
4095,8720,34457,11128,34457,1567,295
4095,8720,34458,11128,34458,1567,295
4095,8720,34459,11128,34459,1567,295
4095,8720,34460,11128,34460,1567,295
4095,8720,34461,11128,34461,1567,295
4094,8720,34462,11128,34462,1567,295
4093,8720,34463,11128,34463,1567,295
4093,8720,34464,11128,34464,1567,295
4093,8720,34465,11128,34465,1567,295
4093,8720,34466,11128,34466,1567,295
4093,8720,34467,11128,34467,1567,295
4093,8720,34468,11128,34468,1567,295
4094,8720,34469,11128,34469,1567,295
4094,8720,34470,11128,34470,1567,295
4094,8720,34471,11128,34471,1567,295
4094,8720,34472,11128,34472,1567,295
4093,8720,34473,11128,34473,1567,295
4092,8720,34474,11128,34474,1567,295
4091,8720,34475,11128,34475,1567,295
4091,8720,34476,11128,34476,1567,295
4092,8720,34477,11128,34477,1567,295
4092,8720,34478,11128,34478,1567,295
4092,8720,34479,11128,34479,1567,295
4092,8720,34480,11128,34480,1567,295
4092,8720,34481,11128,34481,1567,295
4092,8720,34482,11128,34482,1567,295
4092,8720,34483,11128,34483,1567,295
4091,8720,34484,11128,34484,1567,295
4091,8720,34485,11128,34485,1567,295
4091,8720,34486,11128,34486,1567,295
4091,8720,34487,11128,34487,1567,295
4092,8720,34488,11128,34488,1567,295
4092,8720,34489,11128,34489,1567,295
4092,8720,34490,11128,34490,1567,295
4092,8720,34491,11128,34491,1567,295
4088,8720,34492,11128,34492,1567,293
4088,8720,34493,11128,34493,1567,293
4087,8720,34494,11128,34494,1567,293
4087,8720,34495,11128,34495,1567,293
4087,8720,34496,11128,34496,1567,293
4087,8720,34497,11128,34497,1567,293
4086,8720,34498,11128,34498,1567,293
4086,8720,34499,11128,34499,1567,293
4086,8720,34500,11128,34500,1567,293
4086,8720,34501,11128,34501,1567,293
4087,8720,34502,11128,34502,1567,293
4087,8720,34503,11128,34503,1567,293
4087,8720,34504,11128,34504,1567,293
4087,8720,34505,11128,34505,1567,293
4087,8720,34506,11128,34506,1567,293
4086,8720,34507,11128,34507,1567,293
4087,8720,34508,11128,34508,1567,293
4087,8720,34509,11128,34509,1567,293
4088,8720,34510,11128,34510,1567,293
4088,8720,34511,11128,34511,1567,293
4087,8720,34512,11128,34512,1567,293
4087,8720,34513,11128,34513,1567,293
4087,8720,34514,11128,34514,1567,293
4088,8720,34515,11128,34515,1567,293
4088,8720,34516,11128,34516,1567,293
4088,8720,34517,11128,34517,1567,293
4089,8720,34518,11128,34518,1567,293
4089,8720,34519,11128,34519,1567,293
4090,8720,34520,11128,34520,1567,293
4090,8720,34521,11128,34521,1567,293
4091,8720,34522,11128,34522,1567,293
4091,8720,34523,11128,34523,1567,293
4092,8720,34524,11128,34524,1567,293
4092,8720,34525,11128,34525,1567,293
4092,8720,34526,11128,34526,1567,293
4090,8720,34527,11128,34527,1567,293
4091,8720,34528,11128,34528,1567,293
4091,8720,34529,11128,34529,1567,293
4091,8720,34530,11128,34530,1567,293
4091,8720,34531,11128,34531,1567,293
4090,8720,34532,11128,34532,1567,293
4090,8720,34533,11128,34533,1567,293
4090,8720,34534,11128,34534,1567,293
4089,8720,34535,11128,34535,1567,293
4090,8720,34536,11128,34536,1567,293
4090,8720,34537,11128,34537,1567,293
4091,8720,34538,11128,34538,1567,293
4090,8720,34539,11128,34539,1567,293
4090,8720,34540,11128,34540,1567,293
4090,8720,34541,11128,34541,1567,293
4090,8720,34542,11128,34542,1567,293
4090,8720,34543,11128,34543,1567,293
4091,8720,34544,11128,34544,1567,293
4091,8720,34545,11128,34545,1567,293
4091,8720,34546,11128,34546,1567,293
4091,8720,34547,11128,34547,1567,293
4091,8720,34548,11128,34548,1567,293
4092,8720,34549,11128,34549,1567,293
4092,8720,34550,11128,34550,1567,293
4092,8720,34551,11128,34551,1567,293
4092,8720,34552,11128,34552,1567,293
4093,8720,34553,11128,34553,1567,293
4093,8720,34554,11128,34554,1567,293
4093,8720,34555,11128,34555,1567,293
4093,8720,34556,11128,34556,1567,293
4093,8720,34557,11128,34557,1567,293
4093,8720,34558,11128,34558,1567,293
4092,8720,34559,11128,34559,1567,293
4092,8720,34560,11128,34560,1567,293
4091,8720,34561,11128,34561,1567,293
4091,8720,34562,11128,34562,1567,293
4091,8720,34563,11128,34563,1567,293
4091,8720,34564,11128,34564,1567,293
4091,8720,34565,11128,34565,1567,293
4091,8720,34566,11128,34566,1567,293
4091,8720,34567,11128,34567,1567,293
4091,8720,34568,11128,34568,1567,293
4091,8720,34569,11128,34569,1567,293
4091,8720,34570,11128,34570,1567,293
4091,8720,34571,11128,34571,1567,293
4091,8720,34572,11128,34572,1567,293
4091,8720,34573,11128,34573,1567,293
4091,8720,34574,11128,34574,1567,293
4090,8720,34575,11128,34575,1567,293
4089,8720,34576,11128,34576,1567,293
4089,8720,34577,11128,34577,1567,293
4090,8720,34578,11128,34578,1567,293
4090,8720,34579,11128,34579,1567,293
4091,8720,34580,11128,34580,1567,293
4091,8720,34581,11128,34581,1567,293
4091,8720,34582,11128,34582,1567,293
4090,8720,34583,11128,34583,1567,293
4090,8720,34584,11128,34584,1567,293
4089,8720,34585,11128,34585,1567,293
4090,8720,34586,11128,34586,1567,293
4091,8720,34587,11128,34587,1567,293
4088,8720,34588,11128,34588,1567,293
4089,8720,34589,11128,34589,1567,293
4089,8720,34590,11128,34590,1567,293
4089,8720,34591,11128,34591,1567,293
4089,8720,34592,11128,34592,1567,293
4089,8720,34593,11128,34593,1567,293
4089,8720,34594,11128,34594,1567,293
4090,8720,34595,11128,34595,1567,293
4091,8720,34596,11128,34596,1567,293
4092,8720,34597,11128,34597,1567,293
4092,8720,34598,11128,34598,1567,293
4092,8720,34599,11128,34599,1567,293
4092,8720,34600,11128,34600,1567,293
4092,8720,34601,11128,34601,1567,293
4092,8720,34602,11128,34602,1567,293
4091,8720,34603,11128,34603,1567,293
4091,8720,34604,11128,34604,1567,293
4087,8720,34605,11128,34605,1567,291
4087,8720,34606,11128,34606,1567,291
4087,8720,34607,11128,34607,1567,291
4087,8720,34608,11128,34608,1567,291
4087,8720,34609,11128,34609,1567,291
4087,8720,34610,11128,34610,1567,291
4087,8720,34611,11128,34611,1567,291
4087,8720,34612,11128,34612,1567,291
4088,8720,34613,11128,34613,1567,291
4088,8720,34614,11128,34614,1567,291
4088,8720,34615,11128,34615,1567,291
4088,8720,34616,11128,34616,1567,291
4089,8720,34617,11128,34617,1567,291
4088,8720,34618,11128,34618,1567,291
4087,8720,34619,11128,34619,1567,291
4087,8720,34620,11128,34620,1567,291
4087,8720,34621,11128,34621,1567,291
4087,8720,34622,11128,34622,1567,291
4087,8720,34623,11128,34623,1567,291
4087,8720,34624,11128,34624,1567,291
4087,8720,34625,11128,34625,1567,291
4087,8720,34626,11128,34626,1567,291
4087,8720,34627,11128,34627,1567,291
4087,8720,34628,11128,34628,1567,291
4087,8720,34629,11128,34629,1567,291
4087,8720,34630,11128,34630,1567,291
4086,8720,34631,11128,34631,1567,291
4086,8720,34632,11128,34632,1567,291
4085,8720,34633,11128,34633,1567,291
4085,8720,34634,11128,34634,1567,291
4086,8720,34635,11128,34635,1567,291
4086,8720,34636,11128,34636,1567,291
4082,8720,34637,11128,34637,1567,289
4082,8720,34638,11128,34638,1567,289
4082,8720,34639,11128,34639,1567,289
4082,8720,34640,11128,34640,1567,289
4082,8720,34641,11128,34641,1567,289
4081,8720,34642,11128,34642,1567,289
4081,8720,34643,11128,34643,1567,289
4081,8720,34644,11128,34644,1567,289
4081,8720,34645,11128,34645,1567,289
4081,8720,34646,11128,34646,1567,289
4081,8720,34647,11128,34647,1567,289
4081,8720,34648,11128,34648,1567,289
4081,8720,34649,11128,34649,1567,289
4081,8720,34650,11128,34650,1567,289
4081,8720,34651,11128,34651,1567,289
4081,8720,34652,11128,34652,1567,289
4081,8720,34653,11128,34653,1567,289
4081,8720,34654,11128,34654,1567,289
4082,8720,34655,11128,34655,1567,289
4083,8720,34656,11128,34656,1567,289
4083,8720,34657,11128,34657,1567,289
4084,8720,34658,11128,34658,1567,289
4084,8720,34659,11128,34659,1567,289
4083,8720,34660,11128,34660,1567,289
4083,8720,34661,11128,34661,1567,289
4084,8720,34662,11128,34662,1567,289
4084,8720,34663,11128,34663,1567,289
4084,8720,34664,11128,34664,1567,289
4084,8720,34665,11128,34665,1567,289
4084,8720,34666,11128,34666,1567,289
4081,8720,34667,11128,34667,1567,288
4080,8720,34668,11128,34668,1567,288
4080,8720,34669,11128,34669,1567,288
4078,8720,34670,11128,34670,1567,288
4078,8720,34671,11128,34671,1567,288
4078,8720,34672,11128,34672,1567,288
4078,8720,34673,11128,34673,1567,288
4077,8720,34674,11128,34674,1567,288
4076,8720,34675,11128,34675,1567,288
4076,8720,34676,11128,34676,1567,288
4076,8720,34677,11128,34677,1567,288
4075,8720,34678,11128,34678,1567,288
4075,8720,34679,11128,34679,1567,288
4076,8720,34680,11128,34680,1567,288
4075,8720,34681,11128,34681,1567,288
4075,8720,34682,11128,34682,1567,288
4076,8720,34683,11128,34683,1567,288
4077,8720,34684,11128,34684,1567,288
4078,8720,34685,11128,34685,1567,288
4078,8720,34686,11128,34686,1567,288
4078,8720,34687,11128,34687,1567,288
4078,8720,34688,11128,34688,1567,288
4078,8720,34689,11128,34689,1567,288
4078,8720,34690,11128,34690,1567,288
4076,8720,34691,11128,34691,1567,288
4075,8720,34692,11128,34692,1567,288
4075,8720,34693,11128,34693,1567,288
4074,8720,34694,11128,34694,1567,288
4074,8720,34695,11128,34695,1567,288
4074,8720,34696,11128,34696,1567,288
4074,8720,34697,11128,34697,1567,288
4075,8720,34698,11128,34698,1567,288
4075,8720,34699,11128,34699,1567,288
4075,8720,34700,11128,34700,1567,288
4075,8720,34701,11128,34701,1567,288
4074,8720,34702,11128,34702,1567,288
4074,8720,34703,11128,34703,1567,288
4075,8720,34704,11128,34704,1567,288
4076,8720,34705,11128,34705,1567,288
4076,8720,34706,11128,34706,1567,288
4076,8720,34707,11128,34707,1567,288
4076,8720,34708,11128,34708,1567,288
4076,8720,34709,11128,34709,1567,288
4076,8720,34710,11128,34710,1567,288
4077,8720,34711,11128,34711,1567,288
4076,8720,34712,11128,34712,1567,288
4076,8720,34713,11128,34713,1567,288
4076,8720,34714,11128,34714,1567,288
4076,8720,34715,11128,34715,1567,288
4076,8720,34716,11128,34716,1567,288
4076,8720,34717,11128,34717,1567,288
4076,8720,34718,11128,34718,1567,288
4076,8720,34719,11128,34719,1567,288
4077,8720,34720,11128,34720,1567,288
4078,8720,34721,11128,34721,1567,288
4078,8720,34722,11128,34722,1567,288
4079,8720,34723,11128,34723,1567,288
4079,8720,34724,11128,34724,1567,288
4079,8720,34725,11128,34725,1567,288
4079,8720,34726,11128,34726,1567,288
4079,8720,34727,11128,34727,1567,288
4079,8720,34728,11128,34728,1567,288
4080,8720,34729,11128,34729,1567,288
4079,8720,34730,11128,34730,1567,288
4078,8720,34731,11128,34731,1567,288
4078,8720,34732,11128,34732,1567,288
4078,8720,34733,11128,34733,1567,288
4078,8720,34734,11128,34734,1567,288
4077,8720,34735,11128,34735,1567,288
4077,8720,34736,11128,34736,1567,288
4077,8720,34737,11128,34737,1567,288
4077,8720,34738,11128,34738,1567,288
4077,8720,34739,11128,34739,1567,288
4076,8720,34740,11128,34740,1567,288
4076,8720,34741,11128,34741,1567,288
4077,8720,34742,11128,34742,1567,288
4074,8720,34743,11128,34743,1567,287
4072,8720,34744,11128,34744,1567,287
4072,8720,34745,11128,34745,1567,287
4073,8720,34746,11128,34746,1567,287
4072,8720,34747,11128,34747,1567,287
4073,8720,34748,11128,34748,1567,287
4073,8720,34749,11128,34749,1567,287
4073,8720,34750,11128,34750,1567,287
4072,8720,34751,11128,34751,1567,287
4072,8720,34752,11128,34752,1567,287
4072,8720,34753,11128,34753,1567,287
4072,8720,34754,11128,34754,1567,287
4072,8720,34755,11128,34755,1567,287
4072,8720,34756,11128,34756,1567,287
4073,8720,34757,11128,34757,1567,287
4073,8720,34758,11128,34758,1567,287
4072,8720,34759,11128,34759,1567,287
4072,8720,34760,11128,34760,1567,287
4072,8720,34761,11128,34761,1567,287
4072,8720,34762,11128,34762,1567,287
4072,8720,34763,11128,34763,1567,287
4071,8720,34764,11128,34764,1567,287
4071,8720,34765,11128,34765,1567,287
4070,8720,34766,11128,34766,1567,287
4070,8720,34767,11128,34767,1567,287
4068,8720,34768,11128,34768,1567,287
4068,8720,34769,11128,34769,1567,287
4068,8720,34770,11128,34770,1567,287
4068,8720,34771,11128,34771,1567,287
4068,8720,34772,11128,34772,1567,287
4068,8720,34773,11128,34773,1567,287
4068,8720,34774,11128,34774,1567,287
4068,8720,34775,11128,34775,1567,287
4068,8720,34776,11128,34776,1567,287
4068,8720,34777,11128,34777,1567,287
4068,8720,34778,11128,34778,1567,287
4068,8720,34779,11128,34779,1567,287
4069,8720,34780,11128,34780,1567,287
4070,8720,34781,11128,34781,1567,287
4070,8720,34782,11128,34782,1567,287
4070,8720,34783,11128,34783,1567,287
4069,8720,34784,11128,34784,1567,287
4070,8720,34785,11128,34785,1567,287
4070,8720,34786,11128,34786,1567,287
4070,8720,34787,11128,34787,1567,287
4070,8720,34788,11128,34788,1567,287
4067,8720,34789,11128,34789,1567,287
4067,8720,34790,11128,34790,1567,287
4067,8720,34791,11128,34791,1567,287
4067,8720,34792,11128,34792,1567,287
4068,8720,34793,11128,34793,1567,287
4069,8720,34794,11128,34794,1567,287
4069,8720,34795,11128,34795,1567,287
4069,8720,34796,11128,34796,1567,287
4068,8720,34797,11128,34797,1567,287
4068,8720,34798,11128,34798,1567,287
4068,8720,34799,11128,34799,1567,287
4066,8720,34800,11128,34800,1567,287
4066,8720,34801,11128,34801,1567,287
4066,8720,34802,11128,34802,1567,287
4065,8720,34803,11128,34803,1567,287
4065,8720,34804,11128,34804,1567,287
4066,8720,34805,11128,34805,1567,287
4066,8720,34806,11128,34806,1567,287
4066,8720,34807,11128,34807,1567,287
4067,8720,34808,11128,34808,1567,287
4067,8720,34809,11128,34809,1567,287
4066,8720,34810,11128,34810,1567,287
4065,8720,34811,11128,34811,1567,287
4065,8720,34812,11128,34812,1567,287
4065,8720,34813,11128,34813,1567,287
4065,8720,34814,11128,34814,1567,287
4065,8720,34815,11128,34815,1567,287
4065,8720,34816,11128,34816,1567,287
4065,8720,34817,11128,34817,1567,287
4066,8720,34818,11128,34818,1567,287
4066,8720,34819,11128,34819,1567,287
4066,8720,34820,11128,34820,1567,287
4065,8720,34821,11128,34821,1567,287
4065,8720,34822,11128,34822,1567,287
4065,8720,34823,11128,34823,1567,287
4065,8720,34824,11128,34824,1567,287
4065,8720,34825,11128,34825,1567,287
4065,8720,34826,11128,34826,1567,287
4065,8720,34827,11128,34827,1567,287
4066,8720,34828,11128,34828,1567,287
4066,8720,34829,11128,34829,1567,287
4066,8720,34830,11128,34830,1567,287
4066,8720,34831,11128,34831,1567,287
4065,8720,34832,11128,34832,1567,287
4065,8720,34833,11128,34833,1567,287
4066,8720,34834,11128,34834,1567,287
4066,8720,34835,11128,34835,1567,287
4066,8720,34836,11128,34836,1567,287
4066,8720,34837,11128,34837,1567,287
4066,8720,34838,11128,34838,1567,287
4066,8720,34839,11128,34839,1567,287
4067,8720,34840,11128,34840,1567,287
4067,8720,34841,11128,34841,1567,287
4068,8720,34842,11128,34842,1567,287
4068,8720,34843,11128,34843,1567,287
4068,8720,34844,11128,34844,1567,287
4068,8720,34845,11128,34845,1567,287
4069,8720,34846,11128,34846,1567,287
4068,8720,34847,11128,34847,1567,287
4069,8720,34848,11128,34848,1567,287
4069,8720,34849,11128,34849,1567,287
4068,8720,34850,11128,34850,1567,287
4067,8720,34851,11128,34851,1567,286
4068,8720,34852,11128,34852,1567,286
4067,8720,34853,11128,34853,1567,286
4067,8720,34854,11128,34854,1567,286
4065,8720,34855,11128,34855,1567,286
4065,8720,34856,11128,34856,1567,286
4064,8720,34857,11128,34857,1567,286
4065,8720,34858,11128,34858,1567,286
4066,8720,34859,11128,34859,1567,286
4066,8720,34860,11128,34860,1567,286
4066,8720,34861,11128,34861,1567,286
4066,8720,34862,11128,34862,1567,286
4066,8720,34863,11128,34863,1567,286
4067,8720,34864,11128,34864,1567,286
4066,8720,34865,11128,34865,1567,286
4066,8720,34866,11128,34866,1567,286
4065,8720,34867,11128,34867,1567,286
4065,8720,34868,11128,34868,1567,286
4064,8720,34869,11128,34869,1567,286
4064,8720,34870,11128,34870,1567,286
4064,8720,34871,11128,34871,1567,286
4064,8720,34872,11128,34872,1567,286
4064,8720,34873,11128,34873,1567,286
4065,8720,34874,11128,34874,1567,286
4065,8720,34875,11128,34875,1567,286
4065,8720,34876,11128,34876,1567,286
4065,8720,34877,11128,34877,1567,286
4066,8720,34878,11128,34878,1567,286
4065,8720,34879,11128,34879,1567,286
4065,8720,34880,11128,34880,1567,286
4066,8720,34881,11128,34881,1567,286
4066,8720,34882,11128,34882,1567,286
4067,8720,34883,11128,34883,1567,286
4067,8720,34884,11128,34884,1567,286
4067,8720,34885,11128,34885,1567,286
4067,8720,34886,11128,34886,1567,286
4068,8720,34887,11128,34887,1567,286
4068,8720,34888,11128,34888,1567,286
4068,8720,34889,11128,34889,1567,286
4067,8720,34890,11128,34890,1567,286
4067,8720,34891,11128,34891,1567,286
4067,8720,34892,11128,34892,1567,286
4068,8720,34893,11128,34893,1567,286
4068,8720,34894,11128,34894,1567,286
4068,8720,34895,11128,34895,1567,286
4068,8720,34896,11128,34896,1567,286
4068,8720,34897,11128,34897,1567,286
4068,8720,34898,11128,34898,1567,286
4068,8720,34899,11128,34899,1567,286
4068,8720,34900,11128,34900,1567,286
4068,8720,34901,11128,34901,1567,286
4068,8720,34902,11128,34902,1567,286
4068,8720,34903,11128,34903,1567,286
4069,8720,34904,11128,34904,1567,286
4069,8720,34905,11128,34905,1567,286
4069,8720,34906,11128,34906,1567,286
4069,8720,34907,11128,34907,1567,286
4069,8720,34908,11128,34908,1567,286
4069,8720,34909,11128,34909,1567,286
4069,8720,34910,11128,34910,1567,286
4069,8720,34911,11128,34911,1567,286
4070,8720,34912,11128,34912,1567,286
4070,8720,34913,11128,34913,1567,286
4071,8720,34914,11128,34914,1567,286
4072,8720,34915,11128,34915,1567,286
4072,8720,34916,11128,34916,1567,286
4072,8720,34917,11128,34917,1567,286
4073,8720,34918,11128,34918,1567,286
4073,8720,34919,11128,34919,1567,286
4073,8720,34920,11128,34920,1567,286
4073,8720,34921,11128,34921,1567,286
4074,8720,34922,11128,34922,1567,286
4074,8720,34923,11128,34923,1567,286
4074,8720,34924,11128,34924,1567,286
4074,8720,34925,11128,34925,1567,286
4073,8720,34926,11128,34926,1567,286
4073,8720,34927,11128,34927,1567,286
4073,8720,34928,11128,34928,1567,286
4073,8720,34929,11128,34929,1567,286
4072,8720,34930,11128,34930,1567,286
4072,8720,34931,11128,34931,1567,286
4072,8720,34932,11128,34932,1567,286
4072,8720,34933,11128,34933,1567,286
4072,8720,34934,11128,34934,1567,286
4072,8720,34935,11128,34935,1567,286
4072,8720,34936,11128,34936,1567,286
4072,8720,34937,11128,34937,1567,286
4072,8720,34938,11128,34938,1567,286
4073,8720,34939,11128,34939,1567,286
4073,8720,34940,11128,34940,1567,286
4073,8720,34941,11128,34941,1567,286
4073,8720,34942,11128,34942,1567,286
4073,8720,34943,11128,34943,1567,286
4073,8720,34944,11128,34944,1567,286
4073,8720,34945,11128,34945,1567,286
4073,8720,34946,11128,34946,1567,286
4072,8720,34947,11128,34947,1567,286
4072,8720,34948,11128,34948,1567,286
4072,8720,34949,11128,34949,1567,286
4072,8720,34950,11128,34950,1567,286
4072,8720,34951,11128,34951,1567,286
4072,8720,34952,11128,34952,1567,286
4072,8720,34953,11128,34953,1567,286
4072,8720,34954,11128,34954,1567,286
4070,8720,34955,11128,34955,1567,286
4070,8720,34956,11128,34956,1567,286
4070,8720,34957,11128,34957,1567,286
4071,8720,34958,11128,34958,1567,286
4071,8720,34959,11128,34959,1567,286
4071,8720,34960,11128,34960,1567,286
4071,8720,34961,11128,34961,1567,286
4071,8720,34962,11128,34962,1567,286
4071,8720,34963,11128,34963,1567,286
4071,8720,34964,11128,34964,1567,286
4071,8720,34965,11128,34965,1567,286
4070,8720,34966,11128,34966,1567,286
4070,8720,34967,11128,34967,1567,286
4071,8720,34968,11128,34968,1567,286
4071,8720,34969,11128,34969,1567,286
4071,8720,34970,11128,34970,1567,286
4071,8720,34971,11128,34971,1567,286
4072,8720,34972,11128,34972,1567,286
4073,8720,34973,11128,34973,1567,286
4073,8720,34974,11128,34974,1567,286
4072,8720,34975,11128,34975,1567,286
4073,8720,34976,11128,34976,1567,286
4073,8720,34977,11128,34977,1567,286
4073,8720,34978,11128,34978,1567,286
4073,8720,34979,11128,34979,1567,286
4073,8720,34980,11128,34980,1567,286
4073,8720,34981,11128,34981,1567,286
4073,8720,34982,11128,34982,1567,286
4073,8720,34983,11128,34983,1567,286
4073,8720,34984,11128,34984,1567,286
4074,8720,34985,11128,34985,1567,286
4073,8720,34986,11128,34986,1567,286
4074,8720,34987,11128,34987,1567,286
4074,8720,34988,11128,34988,1567,286
4073,8720,34989,11128,34989,1567,286
4074,8720,34990,11128,34990,1567,286
4074,8720,34991,11128,34991,1567,286
4074,8720,34992,11128,34992,1567,286
4074,8720,34993,11128,34993,1567,286
4074,8720,34994,11128,34994,1567,286
4074,8720,34995,11128,34995,1567,286
4071,8720,34996,11128,34996,1567,286
4072,8720,34997,11128,34997,1567,286
4073,8720,34998,11128,34998,1567,286
4073,8720,34999,11128,34999,1567,286
4073,8720,35000,11128,35000,1567,286
4073,8720,35001,11128,35001,1567,286
4073,8720,35002,11128,35002,1567,286
4073,8720,35003,11128,35003,1567,286
4073,8720,35004,11128,35004,1567,286
4074,8720,35005,11128,35005,1567,286
4074,8720,35006,11128,35006,1567,286
4075,8720,35007,11128,35007,1567,286
4075,8720,35008,11128,35008,1567,286
4075,8720,35009,11128,35009,1567,286
4075,8720,35010,11128,35010,1567,286
4075,8720,35011,11128,35011,1567,286
4076,8720,35012,11128,35012,1567,286
4076,8720,35013,11128,35013,1567,286
4076,8720,35014,11128,35014,1567,286
4075,8720,35015,11128,35015,1567,286
4075,8720,35016,11128,35016,1567,286
4075,8720,35017,11128,35017,1567,286
4075,8720,35018,11128,35018,1567,286
4075,8720,35019,11128,35019,1567,286
4075,8720,35020,11128,35020,1567,286
4073,8720,35021,11128,35021,1567,286
4074,8720,35022,11128,35022,1567,286
4075,8720,35023,11128,35023,1567,286
4075,8720,35024,11128,35024,1567,286
4075,8720,35025,11128,35025,1567,286
4075,8720,35026,11128,35026,1567,286
4075,8720,35027,11128,35027,1567,286
4073,8720,35028,11128,35028,1567,285
4072,8720,35029,11128,35029,1567,285
4072,8720,35030,11128,35030,1567,285
4073,8720,35031,11128,35031,1567,285
4073,8720,35032,11128,35032,1567,285
4074,8720,35033,11128,35033,1567,285
4074,8720,35034,11128,35034,1567,285
4074,8720,35035,11128,35035,1567,285
4074,8720,35036,11128,35036,1567,285
4074,8720,35037,11128,35037,1567,285
4074,8720,35038,11128,35038,1567,285
4074,8720,35039,11128,35039,1567,285
4074,8720,35040,11128,35040,1567,285
4075,8720,35041,11128,35041,1567,285
4075,8720,35042,11128,35042,1567,285
4073,8720,35043,11128,35043,1567,285
4072,8720,35044,11128,35044,1567,285
4072,8720,35045,11128,35045,1567,285
4072,8720,35046,11128,35046,1567,285
4072,8720,35047,11128,35047,1567,285
4073,8720,35048,11128,35048,1567,285
4072,8720,35049,11128,35049,1567,285
4072,8720,35050,11128,35050,1567,285
4072,8720,35051,11128,35051,1567,285
4072,8720,35052,11128,35052,1567,285
4072,8720,35053,11128,35053,1567,285
4071,8720,35054,11128,35054,1567,285
4071,8720,35055,11128,35055,1567,285
4072,8720,35056,11128,35056,1567,285
4072,8720,35057,11128,35057,1567,285
4072,8720,35058,11128,35058,1567,285
4073,8720,35059,11128,35059,1567,285
4071,8720,35060,11128,35060,1567,285
4071,8720,35061,11128,35061,1567,285
4071,8720,35062,11128,35062,1567,285
4071,8720,35063,11128,35063,1567,285
4071,8720,35064,11128,35064,1567,285
4071,8720,35065,11128,35065,1567,285
4071,8720,35066,11128,35066,1567,285
4071,8720,35067,11128,35067,1567,285
4071,8720,35068,11128,35068,1567,285
4072,8720,35069,11128,35069,1567,285
4072,8720,35070,11128,35070,1567,285
4073,8720,35071,11128,35071,1567,285
4073,8720,35072,11128,35072,1567,285
4073,8720,35073,11128,35073,1567,285
4073,8720,35074,11128,35074,1567,285
4073,8720,35075,11128,35075,1567,285
4072,8720,35076,11128,35076,1567,285
4072,8720,35077,11128,35077,1567,285
4073,8720,35078,11128,35078,1567,285
4073,8720,35079,11128,35079,1567,285
4073,8720,35080,11128,35080,1567,285
4073,8720,35081,11128,35081,1567,285
4074,8720,35082,11128,35082,1567,285
4074,8720,35083,11128,35083,1567,285
4074,8720,35084,11128,35084,1567,285
4074,8720,35085,11128,35085,1567,285
4074,8720,35086,11128,35086,1567,285
4074,8720,35087,11128,35087,1567,285
4075,8720,35088,11128,35088,1567,285
4075,8720,35089,11128,35089,1567,285
4073,8720,35090,11128,35090,1567,285
4073,8720,35091,11128,35091,1567,285
4073,8720,35092,11128,35092,1567,285
4071,8720,35093,11128,35093,1567,284
4070,8720,35094,11128,35094,1567,284
4070,8720,35095,11128,35095,1567,284
4070,8720,35096,11128,35096,1567,284
4070,8720,35097,11128,35097,1567,284
4068,8720,35098,11128,35098,1567,284
4068,8720,35099,11128,35099,1567,284
4068,8720,35100,11128,35100,1567,284
4067,8720,35101,11128,35101,1567,284
4067,8720,35102,11128,35102,1567,284
4067,8720,35103,11128,35103,1567,284
4068,8720,35104,11128,35104,1567,284
4067,8720,35105,11128,35105,1567,284
4067,8720,35106,11128,35106,1567,284
4067,8720,35107,11128,35107,1567,284
4066,8720,35108,11128,35108,1567,284
4066,8720,35109,11128,35109,1567,284
4064,8720,35110,11128,35110,1567,284
4065,8720,35111,11128,35111,1567,284
4065,8720,35112,11128,35112,1567,284
4066,8720,35113,11128,35113,1567,284
4066,8720,35114,11128,35114,1567,284
4067,8720,35115,11128,35115,1567,284
4068,8720,35116,11128,35116,1567,284
4067,8720,35117,11128,35117,1567,284
4067,8720,35118,11128,35118,1567,284
4067,8720,35119,11128,35119,1567,284
4066,8720,35120,11128,35120,1567,284
4065,8720,35121,11128,35121,1567,283
4066,8720,35122,11128,35122,1567,283
4066,8720,35123,11128,35123,1567,283
4065,8720,35124,11128,35124,1567,283
4065,8720,35125,11128,35125,1567,283
4065,8720,35126,11128,35126,1567,283
4065,8720,35127,11128,35127,1567,283
4065,8720,35128,11128,35128,1567,283
4065,8720,35129,11128,35129,1567,283
4065,8720,35130,11128,35130,1567,283
4065,8720,35131,11128,35131,1567,283
4065,8720,35132,11128,35132,1567,283
4066,8720,35133,11128,35133,1567,283
4064,8720,35134,11128,35134,1567,283
4064,8720,35135,11128,35135,1567,283
4065,8720,35136,11128,35136,1567,283
4065,8720,35137,11128,35137,1567,283
4066,8720,35138,11128,35138,1567,283
4067,8720,35139,11128,35139,1567,283
4066,8720,35140,11128,35140,1567,283
4065,8720,35141,11128,35141,1567,283
4065,8720,35142,11128,35142,1567,283
4065,8720,35143,11128,35143,1567,283
4065,8720,35144,11128,35144,1567,283
4065,8720,35145,11128,35145,1567,283
4065,8720,35146,11128,35146,1567,283
4064,8720,35147,11128,35147,1567,283
4064,8720,35148,11128,35148,1567,283
4064,8720,35149,11128,35149,1567,283
4065,8720,35150,11128,35150,1567,283
4065,8720,35151,11128,35151,1567,283
4066,8720,35152,11128,35152,1567,283
4066,8720,35153,11128,35153,1567,283
4066,8720,35154,11128,35154,1567,283
4067,8720,35155,11128,35155,1567,283
4067,8720,35156,11128,35156,1567,283
4068,8720,35157,11128,35157,1567,283
4068,8720,35158,11128,35158,1567,283
4068,8720,35159,11128,35159,1567,283
4068,8720,35160,11128,35160,1567,283
4068,8720,35161,11128,35161,1567,283
4068,8720,35162,11128,35162,1567,283
4068,8720,35163,11128,35163,1567,283
4068,8720,35164,11128,35164,1567,283
4068,8720,35165,11128,35165,1567,283
4068,8720,35166,11128,35166,1567,283
4068,8720,35167,11128,35167,1567,283
4069,8720,35168,11128,35168,1567,283
4066,8720,35169,11128,35169,1567,283
4066,8720,35170,11128,35170,1567,283
4065,8720,35171,11128,35171,1567,282
4066,8720,35172,11128,35172,1567,282
4066,8720,35173,11128,35173,1567,282
4067,8720,35174,11128,35174,1567,282
4066,8720,35175,11128,35175,1567,282
4065,8720,35176,11128,35176,1567,282
4065,8720,35177,11128,35177,1567,282
4064,8720,35178,11128,35178,1567,282
4064,8720,35179,11128,35179,1567,282
4064,8720,35180,11128,35180,1567,282
4064,8720,35181,11128,35181,1567,282
4064,8720,35182,11128,35182,1567,282
4063,8720,35183,11128,35183,1567,282
4063,8720,35184,11128,35184,1567,282
4062,8720,35185,11128,35185,1567,282
4062,8720,35186,11128,35186,1567,282
4062,8720,35187,11128,35187,1567,282
4062,8720,35188,11128,35188,1567,282
4062,8720,35189,11128,35189,1567,282
4063,8720,35190,11128,35190,1567,282
4064,8720,35191,11128,35191,1567,282
4063,8720,35192,11128,35192,1567,282
4063,8720,35193,11128,35193,1567,282
4063,8720,35194,11128,35194,1567,282
4063,8720,35195,11128,35195,1567,282
4063,8720,35196,11128,35196,1567,282
4063,8720,35197,11128,35197,1567,282
4063,8720,35198,11128,35198,1567,282
4063,8720,35199,11128,35199,1567,282
4064,8720,35200,11128,35200,1567,282
4064,8720,35201,11128,35201,1567,282
4064,8720,35202,11128,35202,1567,282
4062,8720,35203,11128,35203,1567,282
4062,8720,35204,11128,35204,1567,282
4063,8720,35205,11128,35205,1567,282
4062,8720,35206,11128,35206,1567,282
4060,8720,35207,11128,35207,1567,282
4061,8720,35208,11128,35208,1567,282
4061,8720,35209,11128,35209,1567,282
4061,8720,35210,11128,35210,1567,282
4061,8720,35211,11128,35211,1567,282
4061,8720,35212,11128,35212,1567,282
4061,8720,35213,11128,35213,1567,282
4062,8720,35214,11128,35214,1567,282
4062,8720,35215,11128,35215,1567,282
4062,8720,35216,11128,35216,1567,282
4061,8720,35217,11128,35217,1567,282
4061,8720,35218,11128,35218,1567,282
4061,8720,35219,11128,35219,1567,282
4061,8720,35220,11128,35220,1567,282
4061,8720,35221,11128,35221,1567,282
4061,8720,35222,11128,35222,1567,282
4062,8720,35223,11128,35223,1567,282
4062,8720,35224,11128,35224,1567,282
4062,8720,35225,11128,35225,1567,282
4062,8720,35226,11128,35226,1567,282
4063,8720,35227,11128,35227,1567,282
4063,8720,35228,11128,35228,1567,282
4063,8720,35229,11128,35229,1567,282
4063,8720,35230,11128,35230,1567,282
4063,8720,35231,11128,35231,1567,282
4064,8720,35232,11128,35232,1567,282
4064,8720,35233,11128,35233,1567,282
4064,8720,35234,11128,35234,1567,282
4062,8720,35235,11128,35235,1567,282
4062,8720,35236,11128,35236,1567,282
4062,8720,35237,11128,35237,1567,282
4062,8720,35238,11128,35238,1567,282
4062,8720,35239,11128,35239,1567,282
4062,8720,35240,11128,35240,1567,282
4062,8720,35241,11128,35241,1567,282
4061,8720,35242,11128,35242,1567,282
4062,8720,35243,11128,35243,1567,282
4062,8720,35244,11128,35244,1567,282
4062,8720,35245,11128,35245,1567,282
4062,8720,35246,11128,35246,1567,282
4062,8720,35247,11128,35247,1567,282
4062,8720,35248,11128,35248,1567,282
4062,8720,35249,11128,35249,1567,282
4063,8720,35250,11128,35250,1567,282
4063,8720,35251,11128,35251,1567,282
4063,8720,35252,11128,35252,1567,282
4063,8720,35253,11128,35253,1567,282
4064,8720,35254,11128,35254,1567,282
4064,8720,35255,11128,35255,1567,282
4064,8720,35256,11128,35256,1567,282
4063,8720,35257,11128,35257,1567,282
4063,8720,35258,11128,35258,1567,282
4064,8720,35259,11128,35259,1567,282
4064,8720,35260,11128,35260,1567,282
4064,8720,35261,11128,35261,1567,282
4064,8720,35262,11128,35262,1567,282
4064,8720,35263,11128,35263,1567,282
4064,8720,35264,11128,35264,1567,282
4064,8720,35265,11128,35265,1567,282
4064,8720,35266,11128,35266,1567,282
4065,8720,35267,11128,35267,1567,282
4065,8720,35268,11128,35268,1567,282
4065,8720,35269,11128,35269,1567,282
4065,8720,35270,11128,35270,1567,282
4065,8720,35271,11128,35271,1567,282
4066,8720,35272,11128,35272,1567,282
4066,8720,35273,11128,35273,1567,282
4065,8720,35274,11128,35274,1567,282
4065,8720,35275,11128,35275,1567,282
4065,8720,35276,11128,35276,1567,282
4064,8720,35277,11128,35277,1567,282
4064,8720,35278,11128,35278,1567,282
4064,8720,35279,11128,35279,1567,282
4064,8720,35280,11128,35280,1567,282
4065,8720,35281,11128,35281,1567,282
4065,8720,35282,11128,35282,1567,282
4065,8720,35283,11128,35283,1567,282
4066,8720,35284,11128,35284,1567,282
4066,8720,35285,11128,35285,1567,282
4066,8720,35286,11128,35286,1567,282
4066,8720,35287,11128,35287,1567,282
4066,8720,35288,11128,35288,1567,282
4066,8720,35289,11128,35289,1567,282
4066,8720,35290,11128,35290,1567,282
4066,8720,35291,11128,35291,1567,282
4066,8720,35292,11128,35292,1567,282
4066,8720,35293,11128,35293,1567,282
4066,8720,35294,11128,35294,1567,282
4066,8720,35295,11128,35295,1567,282
4067,8720,35296,11128,35296,1567,282
4067,8720,35297,11128,35297,1567,282
4067,8720,35298,11128,35298,1567,282
4067,8720,35299,11128,35299,1567,282
4067,8720,35300,11128,35300,1567,282
4068,8720,35301,11128,35301,1567,282
4069,8720,35302,11128,35302,1567,282
4068,8720,35303,11128,35303,1567,282
4069,8720,35304,11128,35304,1567,282
4069,8720,35305,11128,35305,1567,282
4067,8720,35306,11128,35306,1567,282
4068,8720,35307,11128,35307,1567,282
4068,8720,35308,11128,35308,1567,282
4069,8720,35309,11128,35309,1567,282
4069,8720,35310,11128,35310,1567,282
4069,8720,35311,11128,35311,1567,282
4070,8720,35312,11128,35312,1567,282
4069,8720,35313,11128,35313,1567,282
4069,8720,35314,11128,35314,1567,282
4069,8720,35315,11128,35315,1567,282
4070,8720,35316,11128,35316,1567,282
4070,8720,35317,11128,35317,1567,282
4070,8720,35318,11128,35318,1567,282
4070,8720,35319,11128,35319,1567,282
4069,8720,35320,11128,35320,1567,282
4069,8720,35321,11128,35321,1567,282
4069,8720,35322,11128,35322,1567,282
4069,8720,35323,11128,35323,1567,282
4069,8720,35324,11128,35324,1567,282
4070,8720,35325,11128,35325,1567,282
4068,8720,35326,11128,35326,1567,282
4068,8720,35327,11128,35327,1567,282
4067,8720,35328,11128,35328,1567,282
4067,8720,35329,11128,35329,1567,282
4067,8720,35330,11128,35330,1567,282
4067,8720,35331,11128,35331,1567,282
4063,8720,35332,11128,35332,1567,282
4063,8720,35333,11128,35333,1567,282
4063,8720,35334,11128,35334,1567,282
4063,8720,35335,11128,35335,1567,282
4063,8720,35336,11128,35336,1567,282
4063,8720,35337,11128,35337,1567,282
4062,8720,35338,11128,35338,1567,282
4062,8720,35339,11128,35339,1567,282
4062,8720,35340,11128,35340,1567,282
4062,8720,35341,11128,35341,1567,282
4062,8720,35342,11128,35342,1567,282
4062,8720,35343,11128,35343,1567,282
4061,8720,35344,11128,35344,1567,282
4061,8720,35345,11128,35345,1567,282
4061,8720,35346,11128,35346,1567,282
4060,8720,35347,11128,35347,1567,282
4061,8720,35348,11128,35348,1567,282
4062,8720,35349,11128,35349,1567,282
4062,8720,35350,11128,35350,1567,282
4062,8720,35351,11128,35351,1567,282
4061,8720,35352,11128,35352,1567,282
4062,8720,35353,11128,35353,1567,282
4062,8720,35354,11128,35354,1567,282
4062,8720,35355,11128,35355,1567,282
4061,8720,35356,11128,35356,1567,282
4061,8720,35357,11128,35357,1567,282
4061,8720,35358,11128,35358,1567,282
4060,8720,35359,11128,35359,1567,282
4061,8720,35360,11128,35360,1567,282
4061,8720,35361,11128,35361,1567,282
4061,8720,35362,11128,35362,1567,282
4061,8720,35363,11128,35363,1567,282
4060,8720,35364,11128,35364,1567,282
4060,8720,35365,11128,35365,1567,282
4060,8720,35366,11128,35366,1567,282
4060,8720,35367,11128,35367,1567,282
4059,8720,35368,11128,35368,1567,282
4059,8720,35369,11128,35369,1567,282
4059,8720,35370,11128,35370,1567,282
4058,8720,35371,11128,35371,1567,282
4056,8720,35372,11128,35372,1567,282
4056,8720,35373,11128,35373,1567,282
4056,8720,35374,11128,35374,1567,282
4056,8720,35375,11128,35375,1567,282
4056,8720,35376,11128,35376,1567,282
4056,8720,35377,11128,35377,1567,282
4056,8720,35378,11128,35378,1567,282
4056,8720,35379,11128,35379,1567,282
4052,8720,35380,11128,35380,1567,282
4052,8720,35381,11128,35381,1567,282
4052,8720,35382,11128,35382,1567,282
4052,8720,35383,11128,35383,1567,282
4052,8720,35384,11128,35384,1567,282
4051,8720,35385,11128,35385,1567,282
4051,8720,35386,11128,35386,1567,282
4051,8720,35387,11128,35387,1567,282
4051,8720,35388,11128,35388,1567,282
4051,8720,35389,11128,35389,1567,282
4051,8720,35390,11128,35390,1567,282
4051,8720,35391,11128,35391,1567,282
4052,8720,35392,11128,35392,1567,282
4051,8720,35393,11128,35393,1567,282
4051,8720,35394,11128,35394,1567,282
4052,8720,35395,11128,35395,1567,282
4052,8720,35396,11128,35396,1567,282
4051,8720,35397,11128,35397,1567,282
4052,8720,35398,11128,35398,1567,282
4052,8720,35399,11128,35399,1567,282
4052,8720,35400,11128,35400,1567,282
4052,8720,35401,11128,35401,1567,282
4052,8720,35402,11128,35402,1567,282
4051,8720,35403,11128,35403,1567,282
4051,8720,35404,11128,35404,1567,282
4051,8720,35405,11128,35405,1567,282
4050,8720,35406,11128,35406,1567,282
4051,8720,35407,11128,35407,1567,282
4051,8720,35408,11128,35408,1567,282
4050,8720,35409,11128,35409,1567,282
4050,8720,35410,11128,35410,1567,282
4051,8720,35411,11128,35411,1567,282
4051,8720,35412,11128,35412,1567,282
4051,8720,35413,11128,35413,1567,282
4052,8720,35414,11128,35414,1567,282
4052,8720,35415,11128,35415,1567,282
4052,8720,35416,11128,35416,1567,282
4052,8720,35417,11128,35417,1567,282
4052,8720,35418,11128,35418,1567,282
4053,8720,35419,11128,35419,1567,282
4053,8720,35420,11128,35420,1567,282
4053,8720,35421,11128,35421,1567,282
4053,8720,35422,11128,35422,1567,282
4053,8720,35423,11128,35423,1567,282
4054,8720,35424,11128,35424,1567,282
4054,8720,35425,11128,35425,1567,282
4054,8720,35426,11128,35426,1567,282
4054,8720,35427,11128,35427,1567,282
4054,8720,35428,11128,35428,1567,282
4054,8720,35429,11128,35429,1567,282
4054,8720,35430,11128,35430,1567,282
4054,8720,35431,11128,35431,1567,282
4054,8720,35432,11128,35432,1567,282
4054,8720,35433,11128,35433,1567,282
4053,8720,35434,11128,35434,1567,282
4051,8720,35435,11128,35435,1567,282
4051,8720,35436,11128,35436,1567,282
4050,8720,35437,11128,35437,1567,282
4051,8720,35438,11128,35438,1567,282
4051,8720,35439,11128,35439,1567,282
4050,8720,35440,11128,35440,1567,282
4050,8720,35441,11128,35441,1567,282
4050,8720,35442,11128,35442,1567,282
4049,8720,35443,11128,35443,1567,282
4049,8720,35444,11128,35444,1567,282
4048,8720,35445,11128,35445,1567,282
4047,8720,35446,11128,35446,1567,282
4047,8720,35447,11128,35447,1567,282
4047,8720,35448,11128,35448,1567,282
4046,8720,35449,11128,35449,1567,282
4046,8720,35450,11128,35450,1567,282
4045,8720,35451,11128,35451,1567,282
4045,8720,35452,11128,35452,1567,282
4045,8720,35453,11128,35453,1567,282
4045,8720,35454,11128,35454,1567,282
4045,8720,35455,11128,35455,1567,282
4045,8720,35456,11128,35456,1567,282
4044,8720,35457,11128,35457,1567,282
4043,8720,35458,11128,35458,1567,282
4043,8720,35459,11128,35459,1567,282
4044,8720,35460,11128,35460,1567,282
4044,8720,35461,11128,35461,1567,282
4044,8720,35462,11128,35462,1567,282
4044,8720,35463,11128,35463,1567,282
4044,8720,35464,11128,35464,1567,282
4045,8720,35465,11128,35465,1567,282
4045,8720,35466,11128,35466,1567,282
4045,8720,35467,11128,35467,1567,282
4045,8720,35468,11128,35468,1567,282
4045,8720,35469,11128,35469,1567,282
4045,8720,35470,11128,35470,1567,282
4045,8720,35471,11128,35471,1567,282
4045,8720,35472,11128,35472,1567,282
4046,8720,35473,11128,35473,1567,282
4046,8720,35474,11128,35474,1567,282
4046,8720,35475,11128,35475,1567,282
4047,8720,35476,11128,35476,1567,282
4047,8720,35477,11128,35477,1567,282
4047,8720,35478,11128,35478,1567,282
4047,8720,35479,11128,35479,1567,282
4047,8720,35480,11128,35480,1567,282
4047,8720,35481,11128,35481,1567,282
4047,8720,35482,11128,35482,1567,282
4046,8720,35483,11128,35483,1567,282
4044,8720,35484,11128,35484,1567,282
4044,8720,35485,11128,35485,1567,282
4043,8720,35486,11128,35486,1567,282
4043,8720,35487,11128,35487,1567,282
4043,8720,35488,11128,35488,1567,282
4043,8720,35489,11128,35489,1567,282
4043,8720,35490,11128,35490,1567,282
4043,8720,35491,11128,35491,1567,282
4043,8720,35492,11128,35492,1567,282
4044,8720,35493,11128,35493,1567,282
4044,8720,35494,11128,35494,1567,282
4043,8720,35495,11128,35495,1567,282
4043,8720,35496,11128,35496,1567,282
4043,8720,35497,11128,35497,1567,282
4043,8720,35498,11128,35498,1567,282
4044,8720,35499,11128,35499,1567,282
4044,8720,35500,11128,35500,1567,282
4044,8720,35501,11128,35501,1567,282
4044,8720,35502,11128,35502,1567,282
4045,8720,35503,11128,35503,1567,282
4045,8720,35504,11128,35504,1567,282
4045,8720,35505,11128,35505,1567,282
4044,8720,35506,11128,35506,1567,282
4044,8720,35507,11128,35507,1567,282
4044,8720,35508,11128,35508,1567,282
4044,8720,35509,11128,35509,1567,282
4044,8720,35510,11128,35510,1567,282
4043,8720,35511,11128,35511,1567,282
4044,8720,35512,11128,35512,1567,282
4045,8720,35513,11128,35513,1567,282
4045,8720,35514,11128,35514,1567,282
4045,8720,35515,11128,35515,1567,282
4045,8720,35516,11128,35516,1567,282
4044,8720,35517,11128,35517,1567,282
4045,8720,35518,11128,35518,1567,282
4045,8720,35519,11128,35519,1567,282
4045,8720,35520,11128,35520,1567,282
4045,8720,35521,11128,35521,1567,282
4044,8720,35522,11128,35522,1567,282
4044,8720,35523,11128,35523,1567,282
4045,8720,35524,11128,35524,1567,282
4045,8720,35525,11128,35525,1567,282
4045,8720,35526,11128,35526,1567,282
4045,8720,35527,11128,35527,1567,282
4045,8720,35528,11128,35528,1567,282
4046,8720,35529,11128,35529,1567,282
4046,8720,35530,11128,35530,1567,282
4045,8720,35531,11128,35531,1567,282
4045,8720,35532,11128,35532,1567,282
4045,8720,35533,11128,35533,1567,282
4045,8720,35534,11128,35534,1567,282
4045,8720,35535,11128,35535,1567,282
4045,8720,35536,11128,35536,1567,282
4046,8720,35537,11128,35537,1567,282
4046,8720,35538,11128,35538,1567,282
4046,8720,35539,11128,35539,1567,282
4046,8720,35540,11128,35540,1567,282
4046,8720,35541,11128,35541,1567,282
4047,8720,35542,11128,35542,1567,282
4048,8720,35543,11128,35543,1567,282
4048,8720,35544,11128,35544,1567,282
4049,8720,35545,11128,35545,1567,282
4049,8720,35546,11128,35546,1567,282
4049,8720,35547,11128,35547,1567,282
4049,8720,35548,11128,35548,1567,282
4049,8720,35549,11128,35549,1567,282
4049,8720,35550,11128,35550,1567,282
4049,8720,35551,11128,35551,1567,282
4049,8720,35552,11128,35552,1567,282
4049,8720,35553,11128,35553,1567,282
4049,8720,35554,11128,35554,1567,282
4048,8720,35555,11128,35555,1567,282
4048,8720,35556,11128,35556,1567,282
4047,8720,35557,11128,35557,1567,282
4047,8720,35558,11128,35558,1567,282
4047,8720,35559,11128,35559,1567,282
4047,8720,35560,11128,35560,1567,282
4047,8720,35561,11128,35561,1567,282
4047,8720,35562,11128,35562,1567,282
4047,8720,35563,11128,35563,1567,282
4047,8720,35564,11128,35564,1567,282
4047,8720,35565,11128,35565,1567,282
4047,8720,35566,11128,35566,1567,282
4047,8720,35567,11128,35567,1567,282
4047,8720,35568,11128,35568,1567,282
4047,8720,35569,11128,35569,1567,282
4047,8720,35570,11128,35570,1567,282
4047,8720,35571,11128,35571,1567,282
4047,8720,35572,11128,35572,1567,282
4047,8720,35573,11128,35573,1567,282
4047,8720,35574,11128,35574,1567,282
4043,8720,35575,11128,35575,1567,279
4042,8720,35576,11128,35576,1567,279
4042,8720,35577,11128,35577,1567,279
4042,8720,35578,11128,35578,1567,279
4042,8720,35579,11128,35579,1567,279
4042,8720,35580,11128,35580,1567,279
4042,8720,35581,11128,35581,1567,279
4042,8720,35582,11128,35582,1567,279
4042,8720,35583,11128,35583,1567,279
4043,8720,35584,11128,35584,1567,279
4042,8720,35585,11128,35585,1567,279
4042,8720,35586,11128,35586,1567,279
4042,8720,35587,11128,35587,1567,279
4042,8720,35588,11128,35588,1567,279
4042,8720,35589,11128,35589,1567,279
4043,8720,35590,11128,35590,1567,279
4043,8720,35591,11128,35591,1567,279
4043,8720,35592,11128,35592,1567,279
4042,8720,35593,11128,35593,1567,279
4042,8720,35594,11128,35594,1567,279
4042,8720,35595,11128,35595,1567,279
4042,8720,35596,11128,35596,1567,279
4042,8720,35597,11128,35597,1567,279
4043,8720,35598,11128,35598,1567,279
4043,8720,35599,11128,35599,1567,279
4043,8720,35600,11128,35600,1567,279
4044,8720,35601,11128,35601,1567,279
4045,8720,35602,11128,35602,1567,279
4045,8720,35603,11128,35603,1567,279
4045,8720,35604,11128,35604,1567,279
4045,8720,35605,11128,35605,1567,279
4046,8720,35606,11128,35606,1567,279
4046,8720,35607,11128,35607,1567,279
4046,8720,35608,11128,35608,1567,279
4046,8720,35609,11128,35609,1567,279
4046,8720,35610,11128,35610,1567,279
4046,8720,35611,11128,35611,1567,279
4046,8720,35612,11128,35612,1567,279
4046,8720,35613,11128,35613,1567,279
4046,8720,35614,11128,35614,1567,279
4046,8720,35615,11128,35615,1567,279
4046,8720,35616,11128,35616,1567,279
4046,8720,35617,11128,35617,1567,279
4045,8720,35618,11128,35618,1567,279
4045,8720,35619,11128,35619,1567,279
4044,8720,35620,11128,35620,1567,279
4044,8720,35621,11128,35621,1567,279
4044,8720,35622,11128,35622,1567,279
4044,8720,35623,11128,35623,1567,279
4044,8720,35624,11128,35624,1567,279
4044,8720,35625,11128,35625,1567,279
4045,8720,35626,11128,35626,1567,279
4044,8720,35627,11128,35627,1567,279
4044,8720,35628,11128,35628,1567,279
4043,8720,35629,11128,35629,1567,279
4043,8720,35630,11128,35630,1567,279
4043,8720,35631,11128,35631,1567,279
4043,8720,35632,11128,35632,1567,279
4043,8720,35633,11128,35633,1567,279
4043,8720,35634,11128,35634,1567,279
4043,8720,35635,11128,35635,1567,279
4043,8720,35636,11128,35636,1567,279
4043,8720,35637,11128,35637,1567,279
4043,8720,35638,11128,35638,1567,279
4043,8720,35639,11128,35639,1567,279
4042,8720,35640,11128,35640,1567,279
4042,8720,35641,11128,35641,1567,279
4042,8720,35642,11128,35642,1567,279
4041,8720,35643,11128,35643,1567,279
4041,8720,35644,11128,35644,1567,279
4039,8720,35645,11128,35645,1567,279
4039,8720,35646,11128,35646,1567,279
4040,8720,35647,11128,35647,1567,279
4040,8720,35648,11128,35648,1567,279
4040,8720,35649,11128,35649,1567,279
4040,8720,35650,11128,35650,1567,279
4038,8720,35651,11128,35651,1567,279
4039,8720,35652,11128,35652,1567,279
4040,8720,35653,11128,35653,1567,279
4038,8720,35654,11128,35654,1567,279
4038,8720,35655,11128,35655,1567,279
4038,8720,35656,11128,35656,1567,279
4038,8720,35657,11128,35657,1567,279
4038,8720,35658,11128,35658,1567,279
4039,8720,35659,11128,35659,1567,279
4039,8720,35660,11128,35660,1567,279
4039,8720,35661,11128,35661,1567,279
4039,8720,35662,11128,35662,1567,279
4039,8720,35663,11128,35663,1567,279
4040,8720,35664,11128,35664,1567,279
4041,8720,35665,11128,35665,1567,279
4041,8720,35666,11128,35666,1567,279
4041,8720,35667,11128,35667,1567,279
4041,8720,35668,11128,35668,1567,279
4042,8720,35669,11128,35669,1567,279
4042,8720,35670,11128,35670,1567,279
4042,8720,35671,11128,35671,1567,279
4041,8720,35672,11128,35672,1567,279
4041,8720,35673,11128,35673,1567,279
4041,8720,35674,11128,35674,1567,279
4041,8720,35675,11128,35675,1567,279
4041,8720,35676,11128,35676,1567,279
4041,8720,35677,11128,35677,1567,279
4041,8720,35678,11128,35678,1567,279
4041,8720,35679,11128,35679,1567,279
4041,8720,35680,11128,35680,1567,279
4042,8720,35681,11128,35681,1567,279
4042,8720,35682,11128,35682,1567,279
4043,8720,35683,11128,35683,1567,279
4043,8720,35684,11128,35684,1567,279
4043,8720,35685,11128,35685,1567,279
4043,8720,35686,11128,35686,1567,279
4042,8720,35687,11128,35687,1567,279
4042,8720,35688,11128,35688,1567,279
4042,8720,35689,11128,35689,1567,279
4040,8720,35690,11128,35690,1567,279
4040,8720,35691,11128,35691,1567,279
4040,8720,35692,11128,35692,1567,279
4040,8720,35693,11128,35693,1567,279
4040,8720,35694,11128,35694,1567,279
4040,8720,35695,11128,35695,1567,279
4040,8720,35696,11128,35696,1567,279
4041,8720,35697,11128,35697,1567,279
4042,8720,35698,11128,35698,1567,279
4043,8720,35699,11128,35699,1567,279
4043,8720,35700,11128,35700,1567,279
4043,8720,35701,11128,35701,1567,279
4044,8720,35702,11128,35702,1567,279
4044,8720,35703,11128,35703,1567,279
4045,8720,35704,11128,35704,1567,279
4045,8720,35705,11128,35705,1567,279
4046,8720,35706,11128,35706,1567,279
4045,8720,35707,11128,35707,1567,279
4045,8720,35708,11128,35708,1567,279
4043,8720,35709,11128,35709,1567,279
4043,8720,35710,11128,35710,1567,279
4043,8720,35711,11128,35711,1567,279
4044,8720,35712,11128,35712,1567,279
4044,8720,35713,11128,35713,1567,279
4044,8720,35714,11128,35714,1567,279
4043,8720,35715,11128,35715,1567,279
4044,8720,35716,11128,35716,1567,279
4045,8720,35717,11128,35717,1567,279
4045,8720,35718,11128,35718,1567,279
4045,8720,35719,11128,35719,1567,279
4043,8720,35720,11128,35720,1567,278
4043,8720,35721,11128,35721,1567,278
4043,8720,35722,11128,35722,1567,278
4043,8720,35723,11128,35723,1567,278
4044,8720,35724,11128,35724,1567,278
4044,8720,35725,11128,35725,1567,278
4044,8720,35726,11128,35726,1567,278
4044,8720,35727,11128,35727,1567,278
4045,8720,35728,11128,35728,1567,278
4044,8720,35729,11128,35729,1567,278
4044,8720,35730,11128,35730,1567,278
4044,8720,35731,11128,35731,1567,278
4044,8720,35732,11128,35732,1567,278
4043,8720,35733,11128,35733,1567,278
4043,8720,35734,11128,35734,1567,278
4043,8720,35735,11128,35735,1567,278
4043,8720,35736,11128,35736,1567,278
4043,8720,35737,11128,35737,1567,278
4043,8720,35738,11128,35738,1567,278
4043,8720,35739,11128,35739,1567,278
4043,8720,35740,11128,35740,1567,278
4043,8720,35741,11128,35741,1567,278
4043,8720,35742,11128,35742,1567,278
4043,8720,35743,11128,35743,1567,278
4042,8720,35744,11128,35744,1567,277
4042,8720,35745,11128,35745,1567,277
4042,8720,35746,11128,35746,1567,277
4042,8720,35747,11128,35747,1567,277
4042,8720,35748,11128,35748,1567,277
4043,8720,35749,11128,35749,1567,277
4044,8720,35750,11128,35750,1567,277
4044,8720,35751,11128,35751,1567,277
4043,8720,35752,11128,35752,1567,277
4043,8720,35753,11128,35753,1567,277
4043,8720,35754,11128,35754,1567,277
4043,8720,35755,11128,35755,1567,277
4043,8720,35756,11128,35756,1567,277
4043,8720,35757,11128,35757,1567,277
4042,8720,35758,11128,35758,1567,277
4041,8720,35759,11128,35759,1567,277
4041,8720,35760,11128,35760,1567,277
4041,8720,35761,11128,35761,1567,277
4041,8720,35762,11128,35762,1567,277
4042,8720,35763,11128,35763,1567,277
4040,8720,35764,11128,35764,1567,277
4040,8720,35765,11128,35765,1567,277
4040,8720,35766,11128,35766,1567,277
4039,8720,35767,11128,35767,1567,277
4039,8720,35768,11128,35768,1567,277
4039,8720,35769,11128,35769,1567,277
4038,8720,35770,11128,35770,1567,277
4038,8720,35771,11128,35771,1567,277
4038,8720,35772,11128,35772,1567,277
4038,8720,35773,11128,35773,1567,277
4037,8720,35774,11128,35774,1567,277
4037,8720,35775,11128,35775,1567,277
4037,8720,35776,11128,35776,1567,277
4037,8720,35777,11128,35777,1567,277
4035,8720,35778,11128,35778,1567,276
4034,8720,35779,11128,35779,1567,276
4032,8720,35780,11128,35780,1567,276
4033,8720,35781,11128,35781,1567,276
4032,8720,35782,11128,35782,1567,276
4032,8720,35783,11128,35783,1567,276
4033,8720,35784,11128,35784,1567,276
4033,8720,35785,11128,35785,1567,276
4033,8720,35786,11128,35786,1567,276
4032,8720,35787,11128,35787,1567,276
4032,8720,35788,11128,35788,1567,276
4033,8720,35789,11128,35789,1567,276
4033,8720,35790,11128,35790,1567,276
4034,8720,35791,11128,35791,1567,276
4035,8720,35792,11128,35792,1567,276
4036,8720,35793,11128,35793,1567,276
4036,8720,35794,11128,35794,1567,276
4037,8720,35795,11128,35795,1567,276
4038,8720,35796,11128,35796,1567,276
4039,8720,35797,11128,35797,1567,276
4039,8720,35798,11128,35798,1567,276
4040,8720,35799,11128,35799,1567,276
4040,8720,35800,11128,35800,1567,276
4041,8720,35801,11128,35801,1567,276
4041,8720,35802,11128,35802,1567,276
4042,8720,35803,11128,35803,1567,276
4042,8720,35804,11128,35804,1567,276
4043,8720,35805,11128,35805,1567,276
4043,8720,35806,11128,35806,1567,276
4043,8720,35807,11128,35807,1567,276
4042,8720,35808,11128,35808,1567,276
4043,8720,35809,11128,35809,1567,276
4044,8720,35810,11128,35810,1567,276
4044,8720,35811,11128,35811,1567,276
4043,8720,35812,11128,35812,1567,276
4042,8720,35813,11128,35813,1567,276
4043,8720,35814,11128,35814,1567,276
4043,8720,35815,11128,35815,1567,276
4043,8720,35816,11128,35816,1567,276
4043,8720,35817,11128,35817,1567,276
4043,8720,35818,11128,35818,1567,276
4043,8720,35819,11128,35819,1567,276
4044,8720,35820,11128,35820,1567,276
4045,8720,35821,11128,35821,1567,276
4044,8720,35822,11128,35822,1567,276
4044,8720,35823,11128,35823,1567,276
4044,8720,35824,11128,35824,1567,276
4043,8720,35825,11128,35825,1567,276
4043,8720,35826,11128,35826,1567,276
4043,8720,35827,11128,35827,1567,276
4043,8720,35828,11128,35828,1567,276
4044,8720,35829,11128,35829,1567,276
4044,8720,35830,11128,35830,1567,276
4044,8720,35831,11128,35831,1567,276
4044,8720,35832,11128,35832,1567,276
4044,8720,35833,11128,35833,1567,276
4044,8720,35834,11128,35834,1567,276
4045,8720,35835,11128,35835,1567,276
4045,8720,35836,11128,35836,1567,276
4045,8720,35837,11128,35837,1567,276
4045,8720,35838,11128,35838,1567,276
4044,8720,35839,11128,35839,1567,276
4044,8720,35840,11128,35840,1567,276
4044,8720,35841,11128,35841,1567,276
4044,8720,35842,11128,35842,1567,276
4044,8720,35843,11128,35843,1567,276
4044,8720,35844,11128,35844,1567,276
4043,8720,35845,11128,35845,1567,276
4044,8720,35846,11128,35846,1567,276
4044,8720,35847,11128,35847,1567,276
4044,8720,35848,11128,35848,1567,276
4044,8720,35849,11128,35849,1567,276
4044,8720,35850,11128,35850,1567,276
4044,8720,35851,11128,35851,1567,276
4044,8720,35852,11128,35852,1567,276
4042,8720,35853,11128,35853,1567,276
4042,8720,35854,11128,35854,1567,276
4042,8720,35855,11128,35855,1567,276
4041,8720,35856,11128,35856,1567,276
4041,8720,35857,11128,35857,1567,276
4042,8720,35858,11128,35858,1567,276
4043,8720,35859,11128,35859,1567,276
4042,8720,35860,11128,35860,1567,276
4042,8720,35861,11128,35861,1567,276
4042,8720,35862,11128,35862,1567,276
4042,8720,35863,11128,35863,1567,276
4042,8720,35864,11128,35864,1567,276
4042,8720,35865,11128,35865,1567,276
4043,8720,35866,11128,35866,1567,276
4043,8720,35867,11128,35867,1567,276
4044,8720,35868,11128,35868,1567,276
4045,8720,35869,11128,35869,1567,276
4045,8720,35870,11128,35870,1567,276
4045,8720,35871,11128,35871,1567,276
4044,8720,35872,11128,35872,1567,276
4045,8720,35873,11128,35873,1567,276
4046,8720,35874,11128,35874,1567,276
4047,8720,35875,11128,35875,1567,276
4047,8720,35876,11128,35876,1567,276
4047,8720,35877,11128,35877,1567,276
4048,8720,35878,11128,35878,1567,276
4048,8720,35879,11128,35879,1567,276
4048,8720,35880,11128,35880,1567,276
4046,8720,35881,11128,35881,1567,276
4046,8720,35882,11128,35882,1567,276
4046,8720,35883,11128,35883,1567,276
4047,8720,35884,11128,35884,1567,276
4048,8720,35885,11128,35885,1567,276
4048,8720,35886,11128,35886,1567,276
4048,8720,35887,11128,35887,1567,276
4049,8720,35888,11128,35888,1567,276
4049,8720,35889,11128,35889,1567,276
4049,8720,35890,11128,35890,1567,276
4049,8720,35891,11128,35891,1567,276
4043,8720,35892,11128,35892,1567,275
4042,8720,35893,11128,35893,1567,275
4042,8720,35894,11128,35894,1567,275
4042,8720,35895,11128,35895,1567,275
4043,8720,35896,11128,35896,1567,275
4043,8720,35897,11128,35897,1567,275
4043,8720,35898,11128,35898,1567,275
4043,8720,35899,11128,35899,1567,275
4043,8720,35900,11128,35900,1567,275
4044,8720,35901,11128,35901,1567,275
4044,8720,35902,11128,35902,1567,275
4044,8720,35903,11128,35903,1567,275
4044,8720,35904,11128,35904,1567,275
4044,8720,35905,11128,35905,1567,275
4045,8720,35906,11128,35906,1567,275
4045,8720,35907,11128,35907,1567,275
4045,8720,35908,11128,35908,1567,275
4045,8720,35909,11128,35909,1567,275
4046,8720,35910,11128,35910,1567,275
4047,8720,35911,11128,35911,1567,275
4047,8720,35912,11128,35912,1567,275
4048,8720,35913,11128,35913,1567,275
4047,8720,35914,11128,35914,1567,274
4047,8720,35915,11128,35915,1567,274
4048,8720,35916,11128,35916,1567,274
4047,8720,35917,11128,35917,1567,274
4046,8720,35918,11128,35918,1567,274
4047,8720,35919,11128,35919,1567,274
4047,8720,35920,11128,35920,1567,274
4045,8720,35921,11128,35921,1567,274
4045,8720,35922,11128,35922,1567,274
4044,8720,35923,11128,35923,1567,274
4045,8720,35924,11128,35924,1567,274
4045,8720,35925,11128,35925,1567,274
4045,8720,35926,11128,35926,1567,274
4044,8720,35927,11128,35927,1567,274
4043,8720,35928,11128,35928,1567,274
4043,8720,35929,11128,35929,1567,274
4043,8720,35930,11128,35930,1567,274
4043,8720,35931,11128,35931,1567,274
4042,8720,35932,11128,35932,1567,274
4042,8720,35933,11128,35933,1567,274
4043,8720,35934,11128,35934,1567,274
4043,8720,35935,11128,35935,1567,274
4042,8720,35936,11128,35936,1567,274
4043,8720,35937,11128,35937,1567,274
4043,8720,35938,11128,35938,1567,274
4043,8720,35939,11128,35939,1567,274
4043,8720,35940,11128,35940,1567,274
4043,8720,35941,11128,35941,1567,274
4043,8720,35942,11128,35942,1567,274
4043,8720,35943,11128,35943,1567,274
4042,8720,35944,11128,35944,1567,274
4042,8720,35945,11128,35945,1567,274
4043,8720,35946,11128,35946,1567,274
4044,8720,35947,11128,35947,1567,274
4044,8720,35948,11128,35948,1567,274
4044,8720,35949,11128,35949,1567,274
4045,8720,35950,11128,35950,1567,274
4045,8720,35951,11128,35951,1567,274
4045,8720,35952,11128,35952,1567,274
4046,8720,35953,11128,35953,1567,274
4046,8720,35954,11128,35954,1567,274
4046,8720,35955,11128,35955,1567,274
4046,8720,35956,11128,35956,1567,274
4046,8720,35957,11128,35957,1567,274
4046,8720,35958,11128,35958,1567,274
4046,8720,35959,11128,35959,1567,274
4046,8720,35960,11128,35960,1567,274
4046,8720,35961,11128,35961,1567,274
4046,8720,35962,11128,35962,1567,274
4046,8720,35963,11128,35963,1567,274
4046,8720,35964,11128,35964,1567,274
4046,8720,35965,11128,35965,1567,274
4046,8720,35966,11128,35966,1567,274
4046,8720,35967,11128,35967,1567,274
4044,8720,35968,11128,35968,1567,274
4044,8720,35969,11128,35969,1567,274
4044,8720,35970,11128,35970,1567,274
4043,8720,35971,11128,35971,1567,274
4043,8720,35972,11128,35972,1567,274
4042,8720,35973,11128,35973,1567,274
4042,8720,35974,11128,35974,1567,274
4043,8720,35975,11128,35975,1567,274
4043,8720,35976,11128,35976,1567,274
4043,8720,35977,11128,35977,1567,274
4043,8720,35978,11128,35978,1567,274
4043,8720,35979,11128,35979,1567,274
4042,8720,35980,11128,35980,1567,274
4043,8720,35981,11128,35981,1567,274
4043,8720,35982,11128,35982,1567,274
4043,8720,35983,11128,35983,1567,274
4043,8720,35984,11128,35984,1567,274
4043,8720,35985,11128,35985,1567,274
4044,8720,35986,11128,35986,1567,274
4044,8720,35987,11128,35987,1567,274
4043,8720,35988,11128,35988,1567,274
4043,8720,35989,11128,35989,1567,274
4043,8720,35990,11128,35990,1567,274
4043,8720,35991,11128,35991,1567,274
4043,8720,35992,11128,35992,1567,274
4044,8720,35993,11128,35993,1567,274
4044,8720,35994,11128,35994,1567,274
4044,8720,35995,11128,35995,1567,274
4043,8720,35996,11128,35996,1567,274
4042,8720,35997,11128,35997,1567,274
4042,8720,35998,11128,35998,1567,274
4042,8720,35999,11128,35999,1567,274
4041,8720,36000,11128,36000,1567,274
4041,8720,36001,11128,36001,1567,274
4040,8720,36002,11128,36002,1567,274
4040,8720,36003,11128,36003,1567,274
4040,8720,36004,11128,36004,1567,274
4041,8720,36005,11128,36005,1567,274
4041,8720,36006,11128,36006,1567,274
4041,8720,36007,11128,36007,1567,274
4042,8720,36008,11128,36008,1567,274
4042,8720,36009,11128,36009,1567,274
4042,8720,36010,11128,36010,1567,274
4042,8720,36011,11128,36011,1567,274
4042,8720,36012,11128,36012,1567,274
4042,8720,36013,11128,36013,1567,274
4042,8720,36014,11128,36014,1567,274
4042,8720,36015,11128,36015,1567,274
4042,8720,36016,11128,36016,1567,274
4042,8720,36017,11128,36017,1567,274
4042,8720,36018,11128,36018,1567,274
4042,8720,36019,11128,36019,1567,274
4042,8720,36020,11128,36020,1567,274
4043,8720,36021,11128,36021,1567,274
4043,8720,36022,11128,36022,1567,274
4043,8720,36023,11128,36023,1567,274
4043,8720,36024,11128,36024,1567,274
4043,8720,36025,11128,36025,1567,274
4043,8720,36026,11128,36026,1567,274
4044,8720,36027,11128,36027,1567,274
4042,8720,36028,11128,36028,1567,273
4042,8720,36029,11128,36029,1567,273
4042,8720,36030,11128,36030,1567,273
4042,8720,36031,11128,36031,1567,273
4042,8720,36032,11128,36032,1567,273
4038,8720,36033,11128,36033,1567,272
4038,8720,36034,11128,36034,1567,272
4038,8720,36035,11128,36035,1567,272
4035,8720,36036,11128,36036,1567,271
4034,8720,36037,11128,36037,1567,271
4034,8720,36038,11128,36038,1567,271
4035,8720,36039,11128,36039,1567,271
4035,8720,36040,11128,36040,1567,271
4036,8720,36041,11128,36041,1567,271
4036,8720,36042,11128,36042,1567,271
4036,8720,36043,11128,36043,1567,271
4036,8720,36044,11128,36044,1567,271
4035,8720,36045,11128,36045,1567,271
4035,8720,36046,11128,36046,1567,271
4034,8720,36047,11128,36047,1567,271
4034,8720,36048,11128,36048,1567,271
4034,8720,36049,11128,36049,1567,271
4034,8720,36050,11128,36050,1567,271
4034,8720,36051,11128,36051,1567,271
4035,8720,36052,11128,36052,1567,271
4035,8720,36053,11128,36053,1567,271
4034,8720,36054,11128,36054,1567,271
4034,8720,36055,11128,36055,1567,271
4034,8720,36056,11128,36056,1567,271
4034,8720,36057,11128,36057,1567,271
4034,8720,36058,11128,36058,1567,271
4033,8720,36059,11128,36059,1567,271
4033,8720,36060,11128,36060,1567,271
4033,8720,36061,11128,36061,1567,271
4033,8720,36062,11128,36062,1567,271
4033,8720,36063,11128,36063,1567,271
4033,8720,36064,11128,36064,1567,271
4033,8720,36065,11128,36065,1567,271
4033,8720,36066,11128,36066,1567,271
4033,8720,36067,11128,36067,1567,271
4033,8720,36068,11128,36068,1567,271
4033,8720,36069,11128,36069,1567,271
4034,8720,36070,11128,36070,1567,271
4034,8720,36071,11128,36071,1567,271
4034,8720,36072,11128,36072,1567,271
4034,8720,36073,11128,36073,1567,271
4034,8720,36074,11128,36074,1567,271
4035,8720,36075,11128,36075,1567,271
4036,8720,36076,11128,36076,1567,271
4036,8720,36077,11128,36077,1567,271
4036,8720,36078,11128,36078,1567,271
4035,8720,36079,11128,36079,1567,271
4034,8720,36080,11128,36080,1567,271
4033,8720,36081,11128,36081,1567,271
4034,8720,36082,11128,36082,1567,271
4034,8720,36083,11128,36083,1567,271
4034,8720,36084,11128,36084,1567,271
4034,8720,36085,11128,36085,1567,271
4034,8720,36086,11128,36086,1567,271
4033,8720,36087,11128,36087,1567,271
4033,8720,36088,11128,36088,1567,271
4033,8720,36089,11128,36089,1567,271
4034,8720,36090,11128,36090,1567,271
4034,8720,36091,11128,36091,1567,271
4034,8720,36092,11128,36092,1567,271
4032,8720,36093,11128,36093,1567,271
4032,8720,36094,11128,36094,1567,271
4032,8720,36095,11128,36095,1567,271
4032,8720,36096,11128,36096,1567,271
4032,8720,36097,11128,36097,1567,271
4032,8720,36098,11128,36098,1567,271
4032,8720,36099,11128,36099,1567,271
4032,8720,36100,11128,36100,1567,271
4031,8720,36101,11128,36101,1567,271
4030,8720,36102,11128,36102,1567,271
4030,8720,36103,11128,36103,1567,271
4030,8720,36104,11128,36104,1567,271
4030,8720,36105,11128,36105,1567,271
4030,8720,36106,11128,36106,1567,271
4030,8720,36107,11128,36107,1567,271
4030,8720,36108,11128,36108,1567,271
4030,8720,36109,11128,36109,1567,271
4029,8720,36110,11128,36110,1567,271
4029,8720,36111,11128,36111,1567,271
4029,8720,36112,11128,36112,1567,271
4028,8720,36113,11128,36113,1567,271
4027,8720,36114,11128,36114,1567,271
4027,8720,36115,11128,36115,1567,271
4027,8720,36116,11128,36116,1567,271
4027,8720,36117,11128,36117,1567,271
4027,8720,36118,11128,36118,1567,271
4026,8720,36119,11128,36119,1567,271
4026,8720,36120,11128,36120,1567,271
4026,8720,36121,11128,36121,1567,271
4026,8720,36122,11128,36122,1567,271
4026,8720,36123,11128,36123,1567,271
4026,8720,36124,11128,36124,1567,271
4026,8720,36125,11128,36125,1567,271
4026,8720,36126,11128,36126,1567,271
4026,8720,36127,11128,36127,1567,271
4025,8720,36128,11128,36128,1567,271
4026,8720,36129,11128,36129,1567,271
4026,8720,36130,11128,36130,1567,271
4025,8720,36131,11128,36131,1567,271
4026,8720,36132,11128,36132,1567,271
4026,8720,36133,11128,36133,1567,271
4026,8720,36134,11128,36134,1567,271
4026,8720,36135,11128,36135,1567,271
4026,8720,36136,11128,36136,1567,271
4026,8720,36137,11128,36137,1567,271
4025,8720,36138,11128,36138,1567,271
4025,8720,36139,11128,36139,1567,271
4025,8720,36140,11128,36140,1567,271
4025,8720,36141,11128,36141,1567,271
4025,8720,36142,11128,36142,1567,271
4025,8720,36143,11128,36143,1567,271
4025,8720,36144,11128,36144,1567,271
4026,8720,36145,11128,36145,1567,271
4025,8720,36146,11128,36146,1567,271
4025,8720,36147,11128,36147,1567,271
4025,8720,36148,11128,36148,1567,271
4025,8720,36149,11128,36149,1567,271
4026,8720,36150,11128,36150,1567,271
4026,8720,36151,11128,36151,1567,271
4026,8720,36152,11128,36152,1567,271
4026,8720,36153,11128,36153,1567,271
4025,8720,36154,11128,36154,1567,271
4025,8720,36155,11128,36155,1567,271
4025,8720,36156,11128,36156,1567,271
4025,8720,36157,11128,36157,1567,271
4025,8720,36158,11128,36158,1567,271
4024,8720,36159,11128,36159,1567,271
4024,8720,36160,11128,36160,1567,271
4025,8720,36161,11128,36161,1567,271
4025,8720,36162,11128,36162,1567,271
4024,8720,36163,11128,36163,1567,271
4025,8720,36164,11128,36164,1567,271
4025,8720,36165,11128,36165,1567,271
4025,8720,36166,11128,36166,1567,271
4025,8720,36167,11128,36167,1567,271
4025,8720,36168,11128,36168,1567,271
4023,8720,36169,11128,36169,1567,271
4022,8720,36170,11128,36170,1567,271
4022,8720,36171,11128,36171,1567,271
4022,8720,36172,11128,36172,1567,271
4022,8720,36173,11128,36173,1567,271
4023,8720,36174,11128,36174,1567,271
4023,8720,36175,11128,36175,1567,271
4023,8720,36176,11128,36176,1567,271
4022,8720,36177,11128,36177,1567,271
4022,8720,36178,11128,36178,1567,271
4022,8720,36179,11128,36179,1567,271
4022,8720,36180,11128,36180,1567,271
4021,8720,36181,11128,36181,1567,271
4022,8720,36182,11128,36182,1567,271
4021,8720,36183,11128,36183,1567,271
4022,8720,36184,11128,36184,1567,271
4022,8720,36185,11128,36185,1567,271
4022,8720,36186,11128,36186,1567,271
4023,8720,36187,11128,36187,1567,271
4023,8720,36188,11128,36188,1567,271
4024,8720,36189,11128,36189,1567,271
4024,8720,36190,11128,36190,1567,271
4024,8720,36191,11128,36191,1567,271
4024,8720,36192,11128,36192,1567,271
4024,8720,36193,11128,36193,1567,271
4024,8720,36194,11128,36194,1567,271
4024,8720,36195,11128,36195,1567,271
4024,8720,36196,11128,36196,1567,271
4024,8720,36197,11128,36197,1567,271
4024,8720,36198,11128,36198,1567,271
4023,8720,36199,11128,36199,1567,271
4023,8720,36200,11128,36200,1567,271
4023,8720,36201,11128,36201,1567,271
4023,8720,36202,11128,36202,1567,271
4023,8720,36203,11128,36203,1567,271
4023,8720,36204,11128,36204,1567,271
4023,8720,36205,11128,36205,1567,271
4023,8720,36206,11128,36206,1567,271
4023,8720,36207,11128,36207,1567,271
4024,8720,36208,11128,36208,1567,271
4024,8720,36209,11128,36209,1567,271
4024,8720,36210,11128,36210,1567,271
4025,8720,36211,11128,36211,1567,271
4026,8720,36212,11128,36212,1567,271
4026,8720,36213,11128,36213,1567,271
4026,8720,36214,11128,36214,1567,271
4026,8720,36215,11128,36215,1567,271
4026,8720,36216,11128,36216,1567,271
4026,8720,36217,11128,36217,1567,271
4026,8720,36218,11128,36218,1567,271
4023,8720,36219,11128,36219,1567,271
4023,8720,36220,11128,36220,1567,271
4024,8720,36221,11128,36221,1567,271
4024,8720,36222,11128,36222,1567,271
4024,8720,36223,11128,36223,1567,271
4024,8720,36224,11128,36224,1567,271
4024,8720,36225,11128,36225,1567,271
4024,8720,36226,11128,36226,1567,271
4024,8720,36227,11128,36227,1567,271
4024,8720,36228,11128,36228,1567,271
4024,8720,36229,11128,36229,1567,271
4025,8720,36230,11128,36230,1567,271
4025,8720,36231,11128,36231,1567,271
4025,8720,36232,11128,36232,1567,271
4025,8720,36233,11128,36233,1567,271
4025,8720,36234,11128,36234,1567,271
4025,8720,36235,11128,36235,1567,271
4025,8720,36236,11128,36236,1567,271
4025,8720,36237,11128,36237,1567,271
4025,8720,36238,11128,36238,1567,271
4022,8720,36239,11128,36239,1567,271
4019,8720,36240,11128,36240,1567,271
4019,8720,36241,11128,36241,1567,271
4018,8720,36242,11128,36242,1567,270
4018,8720,36243,11128,36243,1567,270
4018,8720,36244,11128,36244,1567,270
4018,8720,36245,11128,36245,1567,270
4018,8720,36246,11128,36246,1567,270
4018,8720,36247,11128,36247,1567,270
4018,8720,36248,11128,36248,1567,270
4018,8720,36249,11128,36249,1567,270
4017,8720,36250,11128,36250,1567,270
4017,8720,36251,11128,36251,1567,270
4017,8720,36252,11128,36252,1567,270
4017,8720,36253,11128,36253,1567,270
4016,8720,36254,11128,36254,1567,270
4017,8720,36255,11128,36255,1567,270
4017,8720,36256,11128,36256,1567,270
4018,8720,36257,11128,36257,1567,270
4018,8720,36258,11128,36258,1567,270
4016,8720,36259,11128,36259,1567,270
4015,8720,36260,11128,36260,1567,270
4016,8720,36261,11128,36261,1567,270
4016,8720,36262,11128,36262,1567,270
4016,8720,36263,11128,36263,1567,270
4016,8720,36264,11128,36264,1567,270
4016,8720,36265,11128,36265,1567,270
4015,8720,36266,11128,36266,1567,270
4012,8720,36267,11128,36267,1567,268
4012,8720,36268,11128,36268,1567,268
4012,8720,36269,11128,36269,1567,268
4013,8720,36270,11128,36270,1567,268
4013,8720,36271,11128,36271,1567,268
4013,8720,36272,11128,36272,1567,268
4013,8720,36273,11128,36273,1567,268
4013,8720,36274,11128,36274,1567,268
4011,8720,36275,11128,36275,1567,268
4010,8720,36276,11128,36276,1567,268
4010,8720,36277,11128,36277,1567,268
4010,8720,36278,11128,36278,1567,268
4010,8720,36279,11128,36279,1567,268
4010,8720,36280,11128,36280,1567,268
4010,8720,36281,11128,36281,1567,268
4010,8720,36282,11128,36282,1567,268
4011,8720,36283,11128,36283,1567,268
4011,8720,36284,11128,36284,1567,268
4012,8720,36285,11128,36285,1567,268
4011,8720,36286,11128,36286,1567,267
4011,8720,36287,11128,36287,1567,267
4011,8720,36288,11128,36288,1567,267
4011,8720,36289,11128,36289,1567,267
4011,8720,36290,11128,36290,1567,267
4011,8720,36291,11128,36291,1567,267
4011,8720,36292,11128,36292,1567,267
4010,8720,36293,11128,36293,1567,267
4011,8720,36294,11128,36294,1567,267
4011,8720,36295,11128,36295,1567,267
4011,8720,36296,11128,36296,1567,267
4011,8720,36297,11128,36297,1567,267
4012,8720,36298,11128,36298,1567,267
4013,8720,36299,11128,36299,1567,267
4013,8720,36300,11128,36300,1567,267
4013,8720,36301,11128,36301,1567,267
4011,8720,36302,11128,36302,1567,267
4011,8720,36303,11128,36303,1567,267
4012,8720,36304,11128,36304,1567,267
4012,8720,36305,11128,36305,1567,267
4012,8720,36306,11128,36306,1567,267
4012,8720,36307,11128,36307,1567,267
4011,8720,36308,11128,36308,1567,267
4011,8720,36309,11128,36309,1567,267
4011,8720,36310,11128,36310,1567,267
4011,8720,36311,11128,36311,1567,267
4011,8720,36312,11128,36312,1567,267
4011,8720,36313,11128,36313,1567,267
4011,8720,36314,11128,36314,1567,267
4010,8720,36315,11128,36315,1567,267
4011,8720,36316,11128,36316,1567,267
4011,8720,36317,11128,36317,1567,267
4011,8720,36318,11128,36318,1567,267
4010,8720,36319,11128,36319,1567,267
4011,8720,36320,11128,36320,1567,267
4011,8720,36321,11128,36321,1567,267
4011,8720,36322,11128,36322,1567,267
4012,8720,36323,11128,36323,1567,267
4012,8720,36324,11128,36324,1567,267
4012,8720,36325,11128,36325,1567,267
4012,8720,36326,11128,36326,1567,267
4012,8720,36327,11128,36327,1567,267
4013,8720,36328,11128,36328,1567,267
4013,8720,36329,11128,36329,1567,267
4012,8720,36330,11128,36330,1567,267
4012,8720,36331,11128,36331,1567,267
4012,8720,36332,11128,36332,1567,267
4012,8720,36333,11128,36333,1567,267
4012,8720,36334,11128,36334,1567,267
4012,8720,36335,11128,36335,1567,267
4012,8720,36336,11128,36336,1567,267
4013,8720,36337,11128,36337,1567,267
4012,8720,36338,11128,36338,1567,267
4012,8720,36339,11128,36339,1567,267
4012,8720,36340,11128,36340,1567,267
4013,8720,36341,11128,36341,1567,267
4013,8720,36342,11128,36342,1567,267
4013,8720,36343,11128,36343,1567,267
4011,8720,36344,11128,36344,1567,267
4010,8720,36345,11128,36345,1567,267
4009,8720,36346,11128,36346,1567,267
4009,8720,36347,11128,36347,1567,267
4010,8720,36348,11128,36348,1567,267
4010,8720,36349,11128,36349,1567,267
4011,8720,36350,11128,36350,1567,267
4011,8720,36351,11128,36351,1567,267
4012,8720,36352,11128,36352,1567,267
4011,8720,36353,11128,36353,1567,267
4011,8720,36354,11128,36354,1567,267
4011,8720,36355,11128,36355,1567,267
4011,8720,36356,11128,36356,1567,267
4010,8720,36357,11128,36357,1567,267
4011,8720,36358,11128,36358,1567,267
4010,8720,36359,11128,36359,1567,267
4011,8720,36360,11128,36360,1567,267
4011,8720,36361,11128,36361,1567,267
4012,8720,36362,11128,36362,1567,267
4013,8720,36363,11128,36363,1567,267
4013,8720,36364,11128,36364,1567,267
4013,8720,36365,11128,36365,1567,267
4012,8720,36366,11128,36366,1567,267
4012,8720,36367,11128,36367,1567,267
4012,8720,36368,11128,36368,1567,267
4012,8720,36369,11128,36369,1567,267
4010,8720,36370,11128,36370,1567,267
4010,8720,36371,11128,36371,1567,267
4010,8720,36372,11128,36372,1567,267
4010,8720,36373,11128,36373,1567,267
4010,8720,36374,11128,36374,1567,267
4011,8720,36375,11128,36375,1567,267
4011,8720,36376,11128,36376,1567,267
4011,8720,36377,11128,36377,1567,267
4011,8720,36378,11128,36378,1567,267
4012,8720,36379,11128,36379,1567,267
4012,8720,36380,11128,36380,1567,267
4011,8720,36381,11128,36381,1567,267
4012,8720,36382,11128,36382,1567,267
4012,8720,36383,11128,36383,1567,267
4012,8720,36384,11128,36384,1567,267
4012,8720,36385,11128,36385,1567,267
4013,8720,36386,11128,36386,1567,267
4013,8720,36387,11128,36387,1567,267
4013,8720,36388,11128,36388,1567,267
4013,8720,36389,11128,36389,1567,267
4013,8720,36390,11128,36390,1567,267
4013,8720,36391,11128,36391,1567,267
4013,8720,36392,11128,36392,1567,267
4013,8720,36393,11128,36393,1567,267
4013,8720,36394,11128,36394,1567,267
4013,8720,36395,11128,36395,1567,267
4013,8720,36396,11128,36396,1567,267
4013,8720,36397,11128,36397,1567,267
4014,8720,36398,11128,36398,1567,267
4014,8720,36399,11128,36399,1567,267
4014,8720,36400,11128,36400,1567,267
4014,8720,36401,11128,36401,1567,267
4013,8720,36402,11128,36402,1567,267
4013,8720,36403,11128,36403,1567,267
4012,8720,36404,11128,36404,1567,267
4012,8720,36405,11128,36405,1567,267
4013,8720,36406,11128,36406,1567,267
4014,8720,36407,11128,36407,1567,267
4014,8720,36408,11128,36408,1567,267
4014,8720,36409,11128,36409,1567,267
4012,8720,36410,11128,36410,1567,267
4012,8720,36411,11128,36411,1567,267
4012,8720,36412,11128,36412,1567,267
4011,8720,36413,11128,36413,1567,267
4011,8720,36414,11128,36414,1567,267
4010,8720,36415,11128,36415,1567,267
4010,8720,36416,11128,36416,1567,267
4010,8720,36417,11128,36417,1567,267
4010,8720,36418,11128,36418,1567,267
4010,8720,36419,11128,36419,1567,267
4010,8720,36420,11128,36420,1567,267
4009,8720,36421,11128,36421,1567,267
4008,8720,36422,11128,36422,1567,267
4008,8720,36423,11128,36423,1567,267
4008,8720,36424,11128,36424,1567,267
4008,8720,36425,11128,36425,1567,267
4008,8720,36426,11128,36426,1567,267
4009,8720,36427,11128,36427,1567,267
4008,8720,36428,11128,36428,1567,267
4008,8720,36429,11128,36429,1567,267
4001,8720,36430,11128,36430,1567,261
4002,8720,36431,11128,36431,1567,261
4002,8720,36432,11128,36432,1567,261
4002,8720,36433,11128,36433,1567,261
4002,8720,36434,11128,36434,1567,261
4002,8720,36435,11128,36435,1567,261
4003,8720,36436,11128,36436,1567,261
4003,8720,36437,11128,36437,1567,261
4003,8720,36438,11128,36438,1567,261
4003,8720,36439,11128,36439,1567,261
4003,8720,36440,11128,36440,1567,261
4003,8720,36441,11128,36441,1567,261
4003,8720,36442,11128,36442,1567,261
4003,8720,36443,11128,36443,1567,261
4002,8720,36444,11128,36444,1567,261
4002,8720,36445,11128,36445,1567,261
4003,8720,36446,11128,36446,1567,261
4003,8720,36447,11128,36447,1567,261
4003,8720,36448,11128,36448,1567,261
4004,8720,36449,11128,36449,1567,261
4004,8720,36450,11128,36450,1567,261
4003,8720,36451,11128,36451,1567,261
4002,8720,36452,11128,36452,1567,261
4003,8720,36453,11128,36453,1567,261
4003,8720,36454,11128,36454,1567,261
4002,8720,36455,11128,36455,1567,261
4002,8720,36456,11128,36456,1567,261
4002,8720,36457,11128,36457,1567,261
4002,8720,36458,11128,36458,1567,261
3998,8720,36459,11128,36459,1567,261
3998,8720,36460,11128,36460,1567,261
3997,8720,36461,11128,36461,1567,260
3997,8720,36462,11128,36462,1567,260
3998,8720,36463,11128,36463,1567,260
3998,8720,36464,11128,36464,1567,260
3997,8720,36465,11128,36465,1567,260
3997,8720,36466,11128,36466,1567,260
3997,8720,36467,11128,36467,1567,260
3998,8720,36468,11128,36468,1567,260
3998,8720,36469,11128,36469,1567,260
3998,8720,36470,11128,36470,1567,260
3998,8720,36471,11128,36471,1567,260
3998,8720,36472,11128,36472,1567,260
3998,8720,36473,11128,36473,1567,260
3999,8720,36474,11128,36474,1567,260
3999,8720,36475,11128,36475,1567,260
3999,8720,36476,11128,36476,1567,260
3999,8720,36477,11128,36477,1567,260
3999,8720,36478,11128,36478,1567,260
3999,8720,36479,11128,36479,1567,260
3999,8720,36480,11128,36480,1567,260
3999,8720,36481,11128,36481,1567,260
3999,8720,36482,11128,36482,1567,260
3999,8720,36483,11128,36483,1567,260
4000,8720,36484,11128,36484,1567,260
3999,8720,36485,11128,36485,1567,260
3999,8720,36486,11128,36486,1567,260
3999,8720,36487,11128,36487,1567,260
3999,8720,36488,11128,36488,1567,260
3999,8720,36489,11128,36489,1567,260
3999,8720,36490,11128,36490,1567,260
3999,8720,36491,11128,36491,1567,260
3999,8720,36492,11128,36492,1567,260
3997,8720,36493,11128,36493,1567,260
3997,8720,36494,11128,36494,1567,260
3995,8720,36495,11128,36495,1567,260
3995,8720,36496,11128,36496,1567,260
3996,8720,36497,11128,36497,1567,260
3995,8720,36498,11128,36498,1567,260
3994,8720,36499,11128,36499,1567,260
3994,8720,36500,11128,36500,1567,260
3995,8720,36501,11128,36501,1567,260
3995,8720,36502,11128,36502,1567,260
3995,8720,36503,11128,36503,1567,260
3995,8720,36504,11128,36504,1567,260
3995,8720,36505,11128,36505,1567,260
3995,8720,36506,11128,36506,1567,260
3995,8720,36507,11128,36507,1567,260
3995,8720,36508,11128,36508,1567,260
3995,8720,36509,11128,36509,1567,260
3995,8720,36510,11128,36510,1567,260
3994,8720,36511,11128,36511,1567,260
3994,8720,36512,11128,36512,1567,260
3994,8720,36513,11128,36513,1567,260
3994,8720,36514,11128,36514,1567,260
3992,8720,36515,11128,36515,1567,260
3992,8720,36516,11128,36516,1567,260
3993,8720,36517,11128,36517,1567,260
3992,8720,36518,11128,36518,1567,260
3992,8720,36519,11128,36519,1567,260
3992,8720,36520,11128,36520,1567,260
3992,8720,36521,11128,36521,1567,260
3991,8720,36522,11128,36522,1567,260
3991,8720,36523,11128,36523,1567,260
3991,8720,36524,11128,36524,1567,260
3991,8720,36525,11128,36525,1567,260
3990,8720,36526,11128,36526,1567,259
3990,8720,36527,11128,36527,1567,259
3991,8720,36528,11128,36528,1567,259
3991,8720,36529,11128,36529,1567,259
3991,8720,36530,11128,36530,1567,259
3992,8720,36531,11128,36531,1567,259
3992,8720,36532,11128,36532,1567,259
3993,8720,36533,11128,36533,1567,259
3993,8720,36534,11128,36534,1567,259
3993,8720,36535,11128,36535,1567,259
3993,8720,36536,11128,36536,1567,259
3993,8720,36537,11128,36537,1567,259
3993,8720,36538,11128,36538,1567,259
3993,8720,36539,11128,36539,1567,259
3993,8720,36540,11128,36540,1567,259
3992,8720,36541,11128,36541,1567,259
3989,8720,36542,11128,36542,1567,259
3989,8720,36543,11128,36543,1567,259
3990,8720,36544,11128,36544,1567,259
3989,8720,36545,11128,36545,1567,259
3989,8720,36546,11128,36546,1567,259
3989,8720,36547,11128,36547,1567,259
3989,8720,36548,11128,36548,1567,259
3989,8720,36549,11128,36549,1567,259
3989,8720,36550,11128,36550,1567,259
3989,8720,36551,11128,36551,1567,259
3989,8720,36552,11128,36552,1567,259
3989,8720,36553,11128,36553,1567,259
3989,8720,36554,11128,36554,1567,259
3989,8720,36555,11128,36555,1567,259
3989,8720,36556,11128,36556,1567,259
3989,8720,36557,11128,36557,1567,259
3990,8720,36558,11128,36558,1567,259
3990,8720,36559,11128,36559,1567,259
3990,8720,36560,11128,36560,1567,259
3990,8720,36561,11128,36561,1567,259
3990,8720,36562,11128,36562,1567,259
3990,8720,36563,11128,36563,1567,259
3990,8720,36564,11128,36564,1567,259
3990,8720,36565,11128,36565,1567,259
3990,8720,36566,11128,36566,1567,259
3990,8720,36567,11128,36567,1567,259
3991,8720,36568,11128,36568,1567,259
3991,8720,36569,11128,36569,1567,259
3991,8720,36570,11128,36570,1567,259
3991,8720,36571,11128,36571,1567,259
3991,8720,36572,11128,36572,1567,259
3991,8720,36573,11128,36573,1567,259
3991,8720,36574,11128,36574,1567,259
3990,8720,36575,11128,36575,1567,259
3991,8720,36576,11128,36576,1567,259
3992,8720,36577,11128,36577,1567,259
3992,8720,36578,11128,36578,1567,259
3993,8720,36579,11128,36579,1567,259
3993,8720,36580,11128,36580,1567,259
3993,8720,36581,11128,36581,1567,259
3993,8720,36582,11128,36582,1567,259
3994,8720,36583,11128,36583,1567,259
3994,8720,36584,11128,36584,1567,259
3995,8720,36585,11128,36585,1567,259
3995,8720,36586,11128,36586,1567,259
3995,8720,36587,11128,36587,1567,259
3995,8720,36588,11128,36588,1567,259
3995,8720,36589,11128,36589,1567,259
3996,8720,36590,11128,36590,1567,259
3995,8720,36591,11128,36591,1567,259
3994,8720,36592,11128,36592,1567,259
3994,8720,36593,11128,36593,1567,259
3994,8720,36594,11128,36594,1567,259
3993,8720,36595,11128,36595,1567,259
3993,8720,36596,11128,36596,1567,259
3994,8720,36597,11128,36597,1567,259
3994,8720,36598,11128,36598,1567,259
3993,8720,36599,11128,36599,1567,259
3993,8720,36600,11128,36600,1567,259
3993,8720,36601,11128,36601,1567,259
3991,8720,36602,11128,36602,1567,259
3991,8720,36603,11128,36603,1567,259
3991,8720,36604,11128,36604,1567,259
3991,8720,36605,11128,36605,1567,259
3991,8720,36606,11128,36606,1567,259
3991,8720,36607,11128,36607,1567,259
3991,8720,36608,11128,36608,1567,259
3991,8720,36609,11128,36609,1567,259
3986,8720,36610,11128,36610,1567,258
3987,8720,36611,11128,36611,1567,258
3988,8720,36612,11128,36612,1567,258
3988,8720,36613,11128,36613,1567,258
3988,8720,36614,11128,36614,1567,258
3988,8720,36615,11128,36615,1567,258
3988,8720,36616,11128,36616,1567,258
3988,8720,36617,11128,36617,1567,258
3988,8720,36618,11128,36618,1567,258
3988,8720,36619,11128,36619,1567,258
3988,8720,36620,11128,36620,1567,258
3988,8720,36621,11128,36621,1567,258
3988,8720,36622,11128,36622,1567,258
3988,8720,36623,11128,36623,1567,258
3988,8720,36624,11128,36624,1567,258
3988,8720,36625,11128,36625,1567,258
3988,8720,36626,11128,36626,1567,258
3987,8720,36627,11128,36627,1567,258
3986,8720,36628,11128,36628,1567,258
3986,8720,36629,11128,36629,1567,258
3986,8720,36630,11128,36630,1567,258
3986,8720,36631,11128,36631,1567,258
3986,8720,36632,11128,36632,1567,258
3986,8720,36633,11128,36633,1567,258
3986,8720,36634,11128,36634,1567,258
3986,8720,36635,11128,36635,1567,258
3986,8720,36636,11128,36636,1567,258
3986,8720,36637,11128,36637,1567,258
3985,8720,36638,11128,36638,1567,258
3984,8720,36639,11128,36639,1567,258
3984,8720,36640,11128,36640,1567,258
3984,8720,36641,11128,36641,1567,258
3984,8720,36642,11128,36642,1567,258
3985,8720,36643,11128,36643,1567,258
3986,8720,36644,11128,36644,1567,258
3986,8720,36645,11128,36645,1567,258
3986,8720,36646,11128,36646,1567,258
3986,8720,36647,11128,36647,1567,258
3984,8720,36648,11128,36648,1567,258
3984,8720,36649,11128,36649,1567,258
3984,8720,36650,11128,36650,1567,258
3984,8720,36651,11128,36651,1567,258
3984,8720,36652,11128,36652,1567,258
3984,8720,36653,11128,36653,1567,258
3985,8720,36654,11128,36654,1567,258
3985,8720,36655,11128,36655,1567,258
3985,8720,36656,11128,36656,1567,258
3985,8720,36657,11128,36657,1567,258
3985,8720,36658,11128,36658,1567,258
3985,8720,36659,11128,36659,1567,258
3985,8720,36660,11128,36660,1567,258
3984,8720,36661,11128,36661,1567,258
3983,8720,36662,11128,36662,1567,258
3982,8720,36663,11128,36663,1567,258
3982,8720,36664,11128,36664,1567,258
3982,8720,36665,11128,36665,1567,258
3982,8720,36666,11128,36666,1567,258
3983,8720,36667,11128,36667,1567,258
3983,8720,36668,11128,36668,1567,258
3982,8720,36669,11128,36669,1567,258
3980,8720,36670,11128,36670,1567,258
3980,8720,36671,11128,36671,1567,258
3980,8720,36672,11128,36672,1567,258
3980,8720,36673,11128,36673,1567,258
3980,8720,36674,11128,36674,1567,258
3980,8720,36675,11128,36675,1567,258
3979,8720,36676,11128,36676,1567,258
3979,8720,36677,11128,36677,1567,258
3979,8720,36678,11128,36678,1567,258
3979,8720,36679,11128,36679,1567,258
3979,8720,36680,11128,36680,1567,258
3979,8720,36681,11128,36681,1567,258
3979,8720,36682,11128,36682,1567,258
3979,8720,36683,11128,36683,1567,258
3979,8720,36684,11128,36684,1567,258
3979,8720,36685,11128,36685,1567,258
3979,8720,36686,11128,36686,1567,258
3980,8720,36687,11128,36687,1567,258
3981,8720,36688,11128,36688,1567,258
3981,8720,36689,11128,36689,1567,258
3980,8720,36690,11128,36690,1567,258
3981,8720,36691,11128,36691,1567,258
3981,8720,36692,11128,36692,1567,258
3981,8720,36693,11128,36693,1567,258
3982,8720,36694,11128,36694,1567,258
3982,8720,36695,11128,36695,1567,258
3982,8720,36696,11128,36696,1567,258
3978,8720,36697,11128,36697,1567,254
3979,8720,36698,11128,36698,1567,254
3979,8720,36699,11128,36699,1567,254
3979,8720,36700,11128,36700,1567,254
3979,8720,36701,11128,36701,1567,254
3978,8720,36702,11128,36702,1567,254
3978,8720,36703,11128,36703,1567,254
3979,8720,36704,11128,36704,1567,254
3978,8720,36705,11128,36705,1567,254
3978,8720,36706,11128,36706,1567,254
3978,8720,36707,11128,36707,1567,254
3978,8720,36708,11128,36708,1567,254
3977,8720,36709,11128,36709,1567,254
3977,8720,36710,11128,36710,1567,254
3977,8720,36711,11128,36711,1567,254
3976,8720,36712,11128,36712,1567,254
3974,8720,36713,11128,36713,1567,254
3974,8720,36714,11128,36714,1567,254
3974,8720,36715,11128,36715,1567,254
3973,8720,36716,11128,36716,1567,254
3973,8720,36717,11128,36717,1567,254
3973,8720,36718,11128,36718,1567,254
3973,8720,36719,11128,36719,1567,254
3973,8720,36720,11128,36720,1567,254
3972,8720,36721,11128,36721,1567,254
3972,8720,36722,11128,36722,1567,254
3972,8720,36723,11128,36723,1567,254
3972,8720,36724,11128,36724,1567,254
3972,8720,36725,11128,36725,1567,254
3972,8720,36726,11128,36726,1567,254
3972,8720,36727,11128,36727,1567,254
3971,8720,36728,11128,36728,1567,254
3971,8720,36729,11128,36729,1567,254
3971,8720,36730,11128,36730,1567,254
3971,8720,36731,11128,36731,1567,254
3971,8720,36732,11128,36732,1567,254
3971,8720,36733,11128,36733,1567,254
3971,8720,36734,11128,36734,1567,254
3971,8720,36735,11128,36735,1567,254
3971,8720,36736,11128,36736,1567,254
3972,8720,36737,11128,36737,1567,254
3972,8720,36738,11128,36738,1567,254
3972,8720,36739,11128,36739,1567,254
3972,8720,36740,11128,36740,1567,254
3972,8720,36741,11128,36741,1567,254
3971,8720,36742,11128,36742,1567,254
3971,8720,36743,11128,36743,1567,254
3972,8720,36744,11128,36744,1567,254
3972,8720,36745,11128,36745,1567,254
3972,8720,36746,11128,36746,1567,254
3972,8720,36747,11128,36747,1567,254
3972,8720,36748,11128,36748,1567,254
3972,8720,36749,11128,36749,1567,254
3971,8720,36750,11128,36750,1567,254
3971,8720,36751,11128,36751,1567,254
3971,8720,36752,11128,36752,1567,254
3971,8720,36753,11128,36753,1567,254
3971,8720,36754,11128,36754,1567,254
3971,8720,36755,11128,36755,1567,254
3972,8720,36756,11128,36756,1567,254
3972,8720,36757,11128,36757,1567,254
3972,8720,36758,11128,36758,1567,254
3972,8720,36759,11128,36759,1567,254
3972,8720,36760,11128,36760,1567,254
3972,8720,36761,11128,36761,1567,254
3972,8720,36762,11128,36762,1567,254
3972,8720,36763,11128,36763,1567,254
3973,8720,36764,11128,36764,1567,254
3973,8720,36765,11128,36765,1567,254
3974,8720,36766,11128,36766,1567,254
3973,8720,36767,11128,36767,1567,254
3973,8720,36768,11128,36768,1567,254
3973,8720,36769,11128,36769,1567,254
3973,8720,36770,11128,36770,1567,254
3974,8720,36771,11128,36771,1567,254
3974,8720,36772,11128,36772,1567,254
3974,8720,36773,11128,36773,1567,254
3974,8720,36774,11128,36774,1567,254
3974,8720,36775,11128,36775,1567,254
3974,8720,36776,11128,36776,1567,254
3974,8720,36777,11128,36777,1567,254
3972,8720,36778,11128,36778,1567,254
3972,8720,36779,11128,36779,1567,254
3972,8720,36780,11128,36780,1567,254
3972,8720,36781,11128,36781,1567,254
3971,8720,36782,11128,36782,1567,254
3971,8720,36783,11128,36783,1567,254
3968,8720,36784,11128,36784,1567,254
3968,8720,36785,11128,36785,1567,254
3966,8720,36786,11128,36786,1567,254
3965,8720,36787,11128,36787,1567,254
3965,8720,36788,11128,36788,1567,254
3966,8720,36789,11128,36789,1567,254
3966,8720,36790,11128,36790,1567,254
3965,8720,36791,11128,36791,1567,254
3965,8720,36792,11128,36792,1567,254
3963,8720,36793,11128,36793,1567,254
3963,8720,36794,11128,36794,1567,254
3963,8720,36795,11128,36795,1567,254
3963,8720,36796,11128,36796,1567,254
3963,8720,36797,11128,36797,1567,254
3963,8720,36798,11128,36798,1567,254
3964,8720,36799,11128,36799,1567,254
3965,8720,36800,11128,36800,1567,254
3966,8720,36801,11128,36801,1567,254
3965,8720,36802,11128,36802,1567,254
3965,8720,36803,11128,36803,1567,254
3965,8720,36804,11128,36804,1567,254
3963,8720,36805,11128,36805,1567,254
3963,8720,36806,11128,36806,1567,254
3963,8720,36807,11128,36807,1567,254
3963,8720,36808,11128,36808,1567,254
3963,8720,36809,11128,36809,1567,254
3963,8720,36810,11128,36810,1567,254
3964,8720,36811,11128,36811,1567,254
3965,8720,36812,11128,36812,1567,254
3965,8720,36813,11128,36813,1567,254
3965,8720,36814,11128,36814,1567,254
3965,8720,36815,11128,36815,1567,254
3966,8720,36816,11128,36816,1567,254
3966,8720,36817,11128,36817,1567,254
3967,8720,36818,11128,36818,1567,254
3965,8720,36819,11128,36819,1567,254
3965,8720,36820,11128,36820,1567,254
3965,8720,36821,11128,36821,1567,254
3964,8720,36822,11128,36822,1567,254
3963,8720,36823,11128,36823,1567,254
3963,8720,36824,11128,36824,1567,254
3963,8720,36825,11128,36825,1567,254
3963,8720,36826,11128,36826,1567,254
3963,8720,36827,11128,36827,1567,254
3963,8720,36828,11128,36828,1567,254
3962,8720,36829,11128,36829,1567,254
3962,8720,36830,11128,36830,1567,254
3961,8720,36831,11128,36831,1567,254
3961,8720,36832,11128,36832,1567,254
3961,8720,36833,11128,36833,1567,254
3961,8720,36834,11128,36834,1567,254
3961,8720,36835,11128,36835,1567,254
3961,8720,36836,11128,36836,1567,254
3960,8720,36837,11128,36837,1567,254
3961,8720,36838,11128,36838,1567,254
3960,8720,36839,11128,36839,1567,254
3960,8720,36840,11128,36840,1567,254
3960,8720,36841,11128,36841,1567,254
3959,8720,36842,11128,36842,1567,254
3959,8720,36843,11128,36843,1567,254
3958,8720,36844,11128,36844,1567,254
3958,8720,36845,11128,36845,1567,254
3958,8720,36846,11128,36846,1567,254
3955,8720,36847,11128,36847,1567,253
3956,8720,36848,11128,36848,1567,253
3956,8720,36849,11128,36849,1567,253
3957,8720,36850,11128,36850,1567,253
3957,8720,36851,11128,36851,1567,253
3956,8720,36852,11128,36852,1567,253
3956,8720,36853,11128,36853,1567,253
3957,8720,36854,11128,36854,1567,253
3957,8720,36855,11128,36855,1567,253
3957,8720,36856,11128,36856,1567,253
3957,8720,36857,11128,36857,1567,253
3956,8720,36858,11128,36858,1567,253
3956,8720,36859,11128,36859,1567,253
3956,8720,36860,11128,36860,1567,253
3956,8720,36861,11128,36861,1567,253
3956,8720,36862,11128,36862,1567,253
3955,8720,36863,11128,36863,1567,253
3954,8720,36864,11128,36864,1567,253
3953,8720,36865,11128,36865,1567,253
3953,8720,36866,11128,36866,1567,253
3952,8720,36867,11128,36867,1567,253
3951,8720,36868,11128,36868,1567,253
3951,8720,36869,11128,36869,1567,253
3950,8720,36870,11128,36870,1567,253
3948,8720,36871,11128,36871,1567,253
3948,8720,36872,11128,36872,1567,253
3948,8720,36873,11128,36873,1567,253
3948,8720,36874,11128,36874,1567,253
3949,8720,36875,11128,36875,1567,253
3949,8720,36876,11128,36876,1567,253
3949,8720,36877,11128,36877,1567,253
3949,8720,36878,11128,36878,1567,253
3950,8720,36879,11128,36879,1567,253
3950,8720,36880,11128,36880,1567,253
3949,8720,36881,11128,36881,1567,253
3948,8720,36882,11128,36882,1567,253
3948,8720,36883,11128,36883,1567,253
3948,8720,36884,11128,36884,1567,253
3949,8720,36885,11128,36885,1567,253
3948,8720,36886,11128,36886,1567,253
3948,8720,36887,11128,36887,1567,253
3948,8720,36888,11128,36888,1567,253
3948,8720,36889,11128,36889,1567,253
3948,8720,36890,11128,36890,1567,253
3948,8720,36891,11128,36891,1567,253
3948,8720,36892,11128,36892,1567,253
3949,8720,36893,11128,36893,1567,253
3948,8720,36894,11128,36894,1567,253
3948,8720,36895,11128,36895,1567,253
3948,8720,36896,11128,36896,1567,253
3947,8720,36897,11128,36897,1567,253
3947,8720,36898,11128,36898,1567,253
3946,8720,36899,11128,36899,1567,253
3946,8720,36900,11128,36900,1567,253
3946,8720,36901,11128,36901,1567,253
3946,8720,36902,11128,36902,1567,253
3946,8720,36903,11128,36903,1567,253
3947,8720,36904,11128,36904,1567,253
3947,8720,36905,11128,36905,1567,253
3947,8720,36906,11128,36906,1567,253
3947,8720,36907,11128,36907,1567,253
3947,8720,36908,11128,36908,1567,253
3947,8720,36909,11128,36909,1567,253
3947,8720,36910,11128,36910,1567,253
3947,8720,36911,11128,36911,1567,253
3947,8720,36912,11128,36912,1567,253
3947,8720,36913,11128,36913,1567,253
3946,8720,36914,11128,36914,1567,253
3947,8720,36915,11128,36915,1567,253
3947,8720,36916,11128,36916,1567,253
3947,8720,36917,11128,36917,1567,253
3947,8720,36918,11128,36918,1567,253
3947,8720,36919,11128,36919,1567,253
3947,8720,36920,11128,36920,1567,253
3946,8720,36921,11128,36921,1567,253
3946,8720,36922,11128,36922,1567,253
3946,8720,36923,11128,36923,1567,253
3946,8720,36924,11128,36924,1567,253
3946,8720,36925,11128,36925,1567,253
3945,8720,36926,11128,36926,1567,253
3944,8720,36927,11128,36927,1567,253
3944,8720,36928,11128,36928,1567,253
3944,8720,36929,11128,36929,1567,253
3944,8720,36930,11128,36930,1567,253
3941,8720,36931,11128,36931,1567,253
3941,8720,36932,11128,36932,1567,253
3940,8720,36933,11128,36933,1567,253
3940,8720,36934,11128,36934,1567,253
3940,8720,36935,11128,36935,1567,253
3941,8720,36936,11128,36936,1567,253
3941,8720,36937,11128,36937,1567,253
3941,8720,36938,11128,36938,1567,253
3941,8720,36939,11128,36939,1567,253
3941,8720,36940,11128,36940,1567,253
3941,8720,36941,11128,36941,1567,253
3941,8720,36942,11128,36942,1567,253
3941,8720,36943,11128,36943,1567,253
3941,8720,36944,11128,36944,1567,253
3941,8720,36945,11128,36945,1567,253
3941,8720,36946,11128,36946,1567,253
3941,8720,36947,11128,36947,1567,253
3941,8720,36948,11128,36948,1567,253
3940,8720,36949,11128,36949,1567,253
3941,8720,36950,11128,36950,1567,253
3941,8720,36951,11128,36951,1567,253
3938,8720,36952,11128,36952,1567,252
3938,8720,36953,11128,36953,1567,252
3938,8720,36954,11128,36954,1567,252
3938,8720,36955,11128,36955,1567,252
3938,8720,36956,11128,36956,1567,252
3938,8720,36957,11128,36957,1567,252
3939,8720,36958,11128,36958,1567,252
3939,8720,36959,11128,36959,1567,252
3939,8720,36960,11128,36960,1567,252
3939,8720,36961,11128,36961,1567,252
3939,8720,36962,11128,36962,1567,252
3939,8720,36963,11128,36963,1567,252
3939,8720,36964,11128,36964,1567,252
3937,8720,36965,11128,36965,1567,252
3937,8720,36966,11128,36966,1567,252
3937,8720,36967,11128,36967,1567,252
3937,8720,36968,11128,36968,1567,252
3937,8720,36969,11128,36969,1567,252
3938,8720,36970,11128,36970,1567,252
3938,8720,36971,11128,36971,1567,252
3938,8720,36972,11128,36972,1567,252
3938,8720,36973,11128,36973,1567,252
3937,8720,36974,11128,36974,1567,252
3937,8720,36975,11128,36975,1567,252
3934,8720,36976,11128,36976,1567,252
3934,8720,36977,11128,36977,1567,252
3934,8720,36978,11128,36978,1567,252
3934,8720,36979,11128,36979,1567,252
3933,8720,36980,11128,36980,1567,252
3931,8720,36981,11128,36981,1567,252
3931,8720,36982,11128,36982,1567,252
3931,8720,36983,11128,36983,1567,252
3931,8720,36984,11128,36984,1567,252
3931,8720,36985,11128,36985,1567,252
3931,8720,36986,11128,36986,1567,252
3931,8720,36987,11128,36987,1567,252
3932,8720,36988,11128,36988,1567,252
3932,8720,36989,11128,36989,1567,252
3932,8720,36990,11128,36990,1567,252
3933,8720,36991,11128,36991,1567,252
3932,8720,36992,11128,36992,1567,252
3932,8720,36993,11128,36993,1567,252
3932,8720,36994,11128,36994,1567,252
3932,8720,36995,11128,36995,1567,252
3932,8720,36996,11128,36996,1567,252
3932,8720,36997,11128,36997,1567,252
3932,8720,36998,11128,36998,1567,252
3932,8720,36999,11128,36999,1567,252
3932,8720,37000,11128,37000,1567,252
3932,8720,37001,11128,37001,1567,252
3932,8720,37002,11128,37002,1567,252
3932,8720,37003,11128,37003,1567,252
3932,8720,37004,11128,37004,1567,252
3931,8720,37005,11128,37005,1567,252
3931,8720,37006,11128,37006,1567,252
3929,8720,37007,11128,37007,1567,252
3929,8720,37008,11128,37008,1567,252
3929,8720,37009,11128,37009,1567,252
3929,8720,37010,11128,37010,1567,252
3929,8720,37011,11128,37011,1567,252
3929,8720,37012,11128,37012,1567,252
3930,8720,37013,11128,37013,1567,252
3930,8720,37014,11128,37014,1567,252
3929,8720,37015,11128,37015,1567,252
3929,8720,37016,11128,37016,1567,252
3929,8720,37017,11128,37017,1567,252
3929,8720,37018,11128,37018,1567,252
3929,8720,37019,11128,37019,1567,252
3930,8720,37020,11128,37020,1567,252
3931,8720,37021,11128,37021,1567,252
3930,8720,37022,11128,37022,1567,252
3930,8720,37023,11128,37023,1567,252
3923,8720,37024,11128,37024,1567,247
3923,8720,37025,11128,37025,1567,247
3923,8720,37026,11128,37026,1567,247
3923,8720,37027,11128,37027,1567,247
3923,8720,37028,11128,37028,1567,247
3923,8720,37029,11128,37029,1567,247
3922,8720,37030,11128,37030,1567,247
3922,8720,37031,11128,37031,1567,247
3922,8720,37032,11128,37032,1567,247
3922,8720,37033,11128,37033,1567,247
3923,8720,37034,11128,37034,1567,247
3923,8720,37035,11128,37035,1567,247
3923,8720,37036,11128,37036,1567,247
3923,8720,37037,11128,37037,1567,247
3923,8720,37038,11128,37038,1567,247
3923,8720,37039,11128,37039,1567,247
3921,8720,37040,11128,37040,1567,247
3919,8720,37041,11128,37041,1567,247
3919,8720,37042,11128,37042,1567,247
3919,8720,37043,11128,37043,1567,247
3919,8720,37044,11128,37044,1567,247
3919,8720,37045,11128,37045,1567,247
3919,8720,37046,11128,37046,1567,247
3919,8720,37047,11128,37047,1567,247
3919,8720,37048,11128,37048,1567,247
3919,8720,37049,11128,37049,1567,247
3919,8720,37050,11128,37050,1567,247
3919,8720,37051,11128,37051,1567,247
3919,8720,37052,11128,37052,1567,247
3918,8720,37053,11128,37053,1567,247
3918,8720,37054,11128,37054,1567,247
3918,8720,37055,11128,37055,1567,247
3918,8720,37056,11128,37056,1567,247
3919,8720,37057,11128,37057,1567,247
3917,8720,37058,11128,37058,1567,246
3917,8720,37059,11128,37059,1567,246
3917,8720,37060,11128,37060,1567,246
3917,8720,37061,11128,37061,1567,246
3917,8720,37062,11128,37062,1567,246
3918,8720,37063,11128,37063,1567,246
3918,8720,37064,11128,37064,1567,246
3918,8720,37065,11128,37065,1567,246
3918,8720,37066,11128,37066,1567,246
3918,8720,37067,11128,37067,1567,246
3918,8720,37068,11128,37068,1567,246
3918,8720,37069,11128,37069,1567,246
3918,8720,37070,11128,37070,1567,246
3918,8720,37071,11128,37071,1567,246
3918,8720,37072,11128,37072,1567,246
3917,8720,37073,11128,37073,1567,246
3917,8720,37074,11128,37074,1567,246
3917,8720,37075,11128,37075,1567,246
3915,8720,37076,11128,37076,1567,246
3915,8720,37077,11128,37077,1567,246
3915,8720,37078,11128,37078,1567,246
3915,8720,37079,11128,37079,1567,246
3915,8720,37080,11128,37080,1567,246
3916,8720,37081,11128,37081,1567,246
3914,8720,37082,11128,37082,1567,245
3914,8720,37083,11128,37083,1567,245
3914,8720,37084,11128,37084,1567,245
3914,8720,37085,11128,37085,1567,245
3913,8720,37086,11128,37086,1567,245
3914,8720,37087,11128,37087,1567,245
3915,8720,37088,11128,37088,1567,245
3915,8720,37089,11128,37089,1567,245
3916,8720,37090,11128,37090,1567,245
3917,8720,37091,11128,37091,1567,245
3917,8720,37092,11128,37092,1567,245
3916,8720,37093,11128,37093,1567,245
3916,8720,37094,11128,37094,1567,245
3916,8720,37095,11128,37095,1567,245
3917,8720,37096,11128,37096,1567,245
3917,8720,37097,11128,37097,1567,245
3918,8720,37098,11128,37098,1567,245
3918,8720,37099,11128,37099,1567,245
3918,8720,37100,11128,37100,1567,245
3918,8720,37101,11128,37101,1567,245
3919,8720,37102,11128,37102,1567,245
3919,8720,37103,11128,37103,1567,245
3919,8720,37104,11128,37104,1567,245
3919,8720,37105,11128,37105,1567,245
3919,8720,37106,11128,37106,1567,245
3919,8720,37107,11128,37107,1567,245
3919,8720,37108,11128,37108,1567,245
3918,8720,37109,11128,37109,1567,245
3917,8720,37110,11128,37110,1567,245
3916,8720,37111,11128,37111,1567,245
3916,8720,37112,11128,37112,1567,245
3916,8720,37113,11128,37113,1567,245
3916,8720,37114,11128,37114,1567,245
3916,8720,37115,11128,37115,1567,245
3916,8720,37116,11128,37116,1567,245
3916,8720,37117,11128,37117,1567,245
3914,8720,37118,11128,37118,1567,244
3914,8720,37119,11128,37119,1567,244
3914,8720,37120,11128,37120,1567,244
3915,8720,37121,11128,37121,1567,244
3916,8720,37122,11128,37122,1567,244
3915,8720,37123,11128,37123,1567,244
3915,8720,37124,11128,37124,1567,244
3915,8720,37125,11128,37125,1567,244
3914,8720,37126,11128,37126,1567,244
3914,8720,37127,11128,37127,1567,244
3914,8720,37128,11128,37128,1567,244
3914,8720,37129,11128,37129,1567,244
3915,8720,37130,11128,37130,1567,244
3916,8720,37131,11128,37131,1567,244
3916,8720,37132,11128,37132,1567,244
3917,8720,37133,11128,37133,1567,244
3917,8720,37134,11128,37134,1567,244
3917,8720,37135,11128,37135,1567,244
3917,8720,37136,11128,37136,1567,244
3917,8720,37137,11128,37137,1567,244
3917,8720,37138,11128,37138,1567,244
3917,8720,37139,11128,37139,1567,244
3916,8720,37140,11128,37140,1567,244
3916,8720,37141,11128,37141,1567,244
3916,8720,37142,11128,37142,1567,244
3916,8720,37143,11128,37143,1567,244
3916,8720,37144,11128,37144,1567,244
3915,8720,37145,11128,37145,1567,244
3915,8720,37146,11128,37146,1567,244
3914,8720,37147,11128,37147,1567,244
3914,8720,37148,11128,37148,1567,244
3914,8720,37149,11128,37149,1567,244
3914,8720,37150,11128,37150,1567,244
3914,8720,37151,11128,37151,1567,244
3914,8720,37152,11128,37152,1567,244
3915,8720,37153,11128,37153,1567,244
3915,8720,37154,11128,37154,1567,244
3915,8720,37155,11128,37155,1567,244
3915,8720,37156,11128,37156,1567,244
3916,8720,37157,11128,37157,1567,244
3916,8720,37158,11128,37158,1567,244
3914,8720,37159,11128,37159,1567,244
3914,8720,37160,11128,37160,1567,244
3914,8720,37161,11128,37161,1567,244
3914,8720,37162,11128,37162,1567,244
3914,8720,37163,11128,37163,1567,244
3915,8720,37164,11128,37164,1567,244
3916,8720,37165,11128,37165,1567,244
3916,8720,37166,11128,37166,1567,244
3916,8720,37167,11128,37167,1567,244
3914,8720,37168,11128,37168,1567,244
3912,8720,37169,11128,37169,1567,243
3912,8720,37170,11128,37170,1567,243
3911,8720,37171,11128,37171,1567,243
3911,8720,37172,11128,37172,1567,243
3911,8720,37173,11128,37173,1567,243
3911,8720,37174,11128,37174,1567,243
3911,8720,37175,11128,37175,1567,243
3912,8720,37176,11128,37176,1567,243
3912,8720,37177,11128,37177,1567,243
3912,8720,37178,11128,37178,1567,243
3910,8720,37179,11128,37179,1567,243
3910,8720,37180,11128,37180,1567,243
3910,8720,37181,11128,37181,1567,243
3910,8720,37182,11128,37182,1567,243
3910,8720,37183,11128,37183,1567,243
3909,8720,37184,11128,37184,1567,243
3909,8720,37185,11128,37185,1567,243
3910,8720,37186,11128,37186,1567,243
3910,8720,37187,11128,37187,1567,243
3909,8720,37188,11128,37188,1567,243
3909,8720,37189,11128,37189,1567,243
3910,8720,37190,11128,37190,1567,243
3911,8720,37191,11128,37191,1567,243
3911,8720,37192,11128,37192,1567,243
3911,8720,37193,11128,37193,1567,243
3912,8720,37194,11128,37194,1567,243
3913,8720,37195,11128,37195,1567,243
3913,8720,37196,11128,37196,1567,243
3912,8720,37197,11128,37197,1567,243
3913,8720,37198,11128,37198,1567,243
3913,8720,37199,11128,37199,1567,243
3913,8720,37200,11128,37200,1567,243
3914,8720,37201,11128,37201,1567,243
3914,8720,37202,11128,37202,1567,243
3914,8720,37203,11128,37203,1567,243
3912,8720,37204,11128,37204,1567,243
3912,8720,37205,11128,37205,1567,243
3913,8720,37206,11128,37206,1567,243
3913,8720,37207,11128,37207,1567,243
3913,8720,37208,11128,37208,1567,243
3913,8720,37209,11128,37209,1567,243
3913,8720,37210,11128,37210,1567,243
3912,8720,37211,11128,37211,1567,243
3912,8720,37212,11128,37212,1567,243
3912,8720,37213,11128,37213,1567,243
3912,8720,37214,11128,37214,1567,243
3912,8720,37215,11128,37215,1567,243
3912,8720,37216,11128,37216,1567,243
3912,8720,37217,11128,37217,1567,243
3912,8720,37218,11128,37218,1567,243
3912,8720,37219,11128,37219,1567,243
3913,8720,37220,11128,37220,1567,243
3914,8720,37221,11128,37221,1567,243
3914,8720,37222,11128,37222,1567,243
3914,8720,37223,11128,37223,1567,243
3914,8720,37224,11128,37224,1567,243
3914,8720,37225,11128,37225,1567,243
3914,8720,37226,11128,37226,1567,243
3914,8720,37227,11128,37227,1567,243
3914,8720,37228,11128,37228,1567,243
3914,8720,37229,11128,37229,1567,243
3914,8720,37230,11128,37230,1567,243
3915,8720,37231,11128,37231,1567,243
3915,8720,37232,11128,37232,1567,243
3914,8720,37233,11128,37233,1567,243
3914,8720,37234,11128,37234,1567,243
3913,8720,37235,11128,37235,1567,243
3912,8720,37236,11128,37236,1567,243
3911,8720,37237,11128,37237,1567,243
3912,8720,37238,11128,37238,1567,243
3912,8720,37239,11128,37239,1567,243
3911,8720,37240,11128,37240,1567,243
3911,8720,37241,11128,37241,1567,243
3911,8720,37242,11128,37242,1567,243
3911,8720,37243,11128,37243,1567,243
3911,8720,37244,11128,37244,1567,243
3911,8720,37245,11128,37245,1567,243
3911,8720,37246,11128,37246,1567,243
3911,8720,37247,11128,37247,1567,243
3911,8720,37248,11128,37248,1567,243
3911,8720,37249,11128,37249,1567,243
3912,8720,37250,11128,37250,1567,243
3912,8720,37251,11128,37251,1567,243
3911,8720,37252,11128,37252,1567,243
3911,8720,37253,11128,37253,1567,243
3911,8720,37254,11128,37254,1567,243
3911,8720,37255,11128,37255,1567,243
3911,8720,37256,11128,37256,1567,243
3912,8720,37257,11128,37257,1567,243
3912,8720,37258,11128,37258,1567,243
3912,8720,37259,11128,37259,1567,243
3913,8720,37260,11128,37260,1567,243
3913,8720,37261,11128,37261,1567,243
3912,8720,37262,11128,37262,1567,243
3912,8720,37263,11128,37263,1567,243
3911,8720,37264,11128,37264,1567,243
3911,8720,37265,11128,37265,1567,243
3911,8720,37266,11128,37266,1567,243
3911,8720,37267,11128,37267,1567,243
3912,8720,37268,11128,37268,1567,243
3913,8720,37269,11128,37269,1567,243
3913,8720,37270,11128,37270,1567,243
3913,8720,37271,11128,37271,1567,243
3913,8720,37272,11128,37272,1567,243
3914,8720,37273,11128,37273,1567,243
3914,8720,37274,11128,37274,1567,243
3914,8720,37275,11128,37275,1567,243
3914,8720,37276,11128,37276,1567,243
3914,8720,37277,11128,37277,1567,243
3914,8720,37278,11128,37278,1567,243
3914,8720,37279,11128,37279,1567,243
3915,8720,37280,11128,37280,1567,243
3916,8720,37281,11128,37281,1567,243
3916,8720,37282,11128,37282,1567,243
3916,8720,37283,11128,37283,1567,243
3916,8720,37284,11128,37284,1567,243
3916,8720,37285,11128,37285,1567,243
3916,8720,37286,11128,37286,1567,243
3915,8720,37287,11128,37287,1567,243
3915,8720,37288,11128,37288,1567,243
3916,8720,37289,11128,37289,1567,243
3916,8720,37290,11128,37290,1567,243
3915,8720,37291,11128,37291,1567,243
3915,8720,37292,11128,37292,1567,243
3914,8720,37293,11128,37293,1567,243
3914,8720,37294,11128,37294,1567,243
3914,8720,37295,11128,37295,1567,243
3914,8720,37296,11128,37296,1567,243
3914,8720,37297,11128,37297,1567,243
3914,8720,37298,11128,37298,1567,243
3914,8720,37299,11128,37299,1567,243
3914,8720,37300,11128,37300,1567,243
3914,8720,37301,11128,37301,1567,243
3915,8720,37302,11128,37302,1567,243
3915,8720,37303,11128,37303,1567,243
3916,8720,37304,11128,37304,1567,243
3917,8720,37305,11128,37305,1567,243
3917,8720,37306,11128,37306,1567,243
3917,8720,37307,11128,37307,1567,243
3917,8720,37308,11128,37308,1567,243
3917,8720,37309,11128,37309,1567,243
3916,8720,37310,11128,37310,1567,243
3916,8720,37311,11128,37311,1567,243
3915,8720,37312,11128,37312,1567,243
3915,8720,37313,11128,37313,1567,243
3915,8720,37314,11128,37314,1567,243
3915,8720,37315,11128,37315,1567,243
3913,8720,37316,11128,37316,1567,242
3913,8720,37317,11128,37317,1567,242
3914,8720,37318,11128,37318,1567,242
3914,8720,37319,11128,37319,1567,242
3914,8720,37320,11128,37320,1567,242
3914,8720,37321,11128,37321,1567,242
3914,8720,37322,11128,37322,1567,242
3914,8720,37323,11128,37323,1567,242
3913,8720,37324,11128,37324,1567,242
3913,8720,37325,11128,37325,1567,242
3914,8720,37326,11128,37326,1567,242
3914,8720,37327,11128,37327,1567,242
3914,8720,37328,11128,37328,1567,242
3914,8720,37329,11128,37329,1567,242
3914,8720,37330,11128,37330,1567,242
3914,8720,37331,11128,37331,1567,242
3914,8720,37332,11128,37332,1567,242
3914,8720,37333,11128,37333,1567,242
3914,8720,37334,11128,37334,1567,242
3914,8720,37335,11128,37335,1567,242
3913,8720,37336,11128,37336,1567,242
3913,8720,37337,11128,37337,1567,242
3913,8720,37338,11128,37338,1567,242
3913,8720,37339,11128,37339,1567,242
3914,8720,37340,11128,37340,1567,242
3914,8720,37341,11128,37341,1567,242
3915,8720,37342,11128,37342,1567,242
3915,8720,37343,11128,37343,1567,242
3914,8720,37344,11128,37344,1567,242
3914,8720,37345,11128,37345,1567,242
3914,8720,37346,11128,37346,1567,242
3914,8720,37347,11128,37347,1567,242
3914,8720,37348,11128,37348,1567,242
3914,8720,37349,11128,37349,1567,242
3914,8720,37350,11128,37350,1567,242
3915,8720,37351,11128,37351,1567,242
3915,8720,37352,11128,37352,1567,242
3914,8720,37353,11128,37353,1567,242
3914,8720,37354,11128,37354,1567,242
3914,8720,37355,11128,37355,1567,242
3914,8720,37356,11128,37356,1567,242
3914,8720,37357,11128,37357,1567,242
3915,8720,37358,11128,37358,1567,242
3915,8720,37359,11128,37359,1567,242
3916,8720,37360,11128,37360,1567,242
3916,8720,37361,11128,37361,1567,242
3916,8720,37362,11128,37362,1567,242
3917,8720,37363,11128,37363,1567,242
3917,8720,37364,11128,37364,1567,242
3917,8720,37365,11128,37365,1567,242
3917,8720,37366,11128,37366,1567,242
3918,8720,37367,11128,37367,1567,242
3918,8720,37368,11128,37368,1567,242
3917,8720,37369,11128,37369,1567,242
3917,8720,37370,11128,37370,1567,242
3917,8720,37371,11128,37371,1567,242
3917,8720,37372,11128,37372,1567,242
3918,8720,37373,11128,37373,1567,242
3918,8720,37374,11128,37374,1567,242
3919,8720,37375,11128,37375,1567,242
3919,8720,37376,11128,37376,1567,242
3918,8720,37377,11128,37377,1567,242
3918,8720,37378,11128,37378,1567,242
3918,8720,37379,11128,37379,1567,242
3918,8720,37380,11128,37380,1567,242
3918,8720,37381,11128,37381,1567,242
3918,8720,37382,11128,37382,1567,242
3918,8720,37383,11128,37383,1567,242
3917,8720,37384,11128,37384,1567,242
3917,8720,37385,11128,37385,1567,242
3918,8720,37386,11128,37386,1567,242
3918,8720,37387,11128,37387,1567,242
3918,8720,37388,11128,37388,1567,242
3918,8720,37389,11128,37389,1567,242
3918,8720,37390,11128,37390,1567,242
3917,8720,37391,11128,37391,1567,242
3917,8720,37392,11128,37392,1567,242
3917,8720,37393,11128,37393,1567,242
3917,8720,37394,11128,37394,1567,242
3917,8720,37395,11128,37395,1567,242
3916,8720,37396,11128,37396,1567,242
3915,8720,37397,11128,37397,1567,242
3914,8720,37398,11128,37398,1567,242
3913,8720,37399,11128,37399,1567,242
3913,8720,37400,11128,37400,1567,242
3913,8720,37401,11128,37401,1567,242
3913,8720,37402,11128,37402,1567,242
3914,8720,37403,11128,37403,1567,242
3914,8720,37404,11128,37404,1567,242
3914,8720,37405,11128,37405,1567,242
3914,8720,37406,11128,37406,1567,242
3914,8720,37407,11128,37407,1567,242
3914,8720,37408,11128,37408,1567,242
3914,8720,37409,11128,37409,1567,242
3914,8720,37410,11128,37410,1567,242
3912,8720,37411,11128,37411,1567,242
3912,8720,37412,11128,37412,1567,242
3911,8720,37413,11128,37413,1567,242
3911,8720,37414,11128,37414,1567,242
3911,8720,37415,11128,37415,1567,242
3911,8720,37416,11128,37416,1567,242
3912,8720,37417,11128,37417,1567,242
3912,8720,37418,11128,37418,1567,242
3912,8720,37419,11128,37419,1567,242
3912,8720,37420,11128,37420,1567,242
3912,8720,37421,11128,37421,1567,242
3912,8720,37422,11128,37422,1567,242
3912,8720,37423,11128,37423,1567,242
3913,8720,37424,11128,37424,1567,242
3913,8720,37425,11128,37425,1567,242
3914,8720,37426,11128,37426,1567,242
3913,8720,37427,11128,37427,1567,242
3913,8720,37428,11128,37428,1567,242
3914,8720,37429,11128,37429,1567,242
3915,8720,37430,11128,37430,1567,242
3915,8720,37431,11128,37431,1567,242
3915,8720,37432,11128,37432,1567,242
3915,8720,37433,11128,37433,1567,242
3914,8720,37434,11128,37434,1567,242
3914,8720,37435,11128,37435,1567,242
3914,8720,37436,11128,37436,1567,242
3914,8720,37437,11128,37437,1567,242
3913,8720,37438,11128,37438,1567,242
3913,8720,37439,11128,37439,1567,242
3914,8720,37440,11128,37440,1567,242
3913,8720,37441,11128,37441,1567,242
3913,8720,37442,11128,37442,1567,242
3913,8720,37443,11128,37443,1567,242
3913,8720,37444,11128,37444,1567,242
3913,8720,37445,11128,37445,1567,242
3913,8720,37446,11128,37446,1567,242
3913,8720,37447,11128,37447,1567,242
3913,8720,37448,11128,37448,1567,242
3913,8720,37449,11128,37449,1567,242
3913,8720,37450,11128,37450,1567,242
3913,8720,37451,11128,37451,1567,242
3914,8720,37452,11128,37452,1567,242
3914,8720,37453,11128,37453,1567,242
3914,8720,37454,11128,37454,1567,242
3914,8720,37455,11128,37455,1567,242
3914,8720,37456,11128,37456,1567,242
3914,8720,37457,11128,37457,1567,242
3912,8720,37458,11128,37458,1567,242
3912,8720,37459,11128,37459,1567,242
3912,8720,37460,11128,37460,1567,242
3912,8720,37461,11128,37461,1567,242
3912,8720,37462,11128,37462,1567,242
3912,8720,37463,11128,37463,1567,242
3911,8720,37464,11128,37464,1567,242
3912,8720,37465,11128,37465,1567,242
3913,8720,37466,11128,37466,1567,242
3913,8720,37467,11128,37467,1567,242
3913,8720,37468,11128,37468,1567,242
3914,8720,37469,11128,37469,1567,242
3913,8720,37470,11128,37470,1567,242
3913,8720,37471,11128,37471,1567,242
3913,8720,37472,11128,37472,1567,242
3912,8720,37473,11128,37473,1567,242
3911,8720,37474,11128,37474,1567,242
3912,8720,37475,11128,37475,1567,242
3913,8720,37476,11128,37476,1567,242
3913,8720,37477,11128,37477,1567,242
3913,8720,37478,11128,37478,1567,242
3913,8720,37479,11128,37479,1567,242
3913,8720,37480,11128,37480,1567,242
3913,8720,37481,11128,37481,1567,242
3913,8720,37482,11128,37482,1567,242
3913,8720,37483,11128,37483,1567,242
3913,8720,37484,11128,37484,1567,242
3913,8720,37485,11128,37485,1567,242
3913,8720,37486,11128,37486,1567,242
3913,8720,37487,11128,37487,1567,242
3913,8720,37488,11128,37488,1567,242
3912,8720,37489,11128,37489,1567,242
3912,8720,37490,11128,37490,1567,242
3912,8720,37491,11128,37491,1567,242
3912,8720,37492,11128,37492,1567,242
3912,8720,37493,11128,37493,1567,242
3911,8720,37494,11128,37494,1567,242
3911,8720,37495,11128,37495,1567,242
3911,8720,37496,11128,37496,1567,242
3911,8720,37497,11128,37497,1567,242
3911,8720,37498,11128,37498,1567,242
3909,8720,37499,11128,37499,1567,241
3909,8720,37500,11128,37500,1567,241
3909,8720,37501,11128,37501,1567,241
3909,8720,37502,11128,37502,1567,241
3909,8720,37503,11128,37503,1567,241
3909,8720,37504,11128,37504,1567,241
3909,8720,37505,11128,37505,1567,241
3909,8720,37506,11128,37506,1567,241
3910,8720,37507,11128,37507,1567,241
3910,8720,37508,11128,37508,1567,241
3910,8720,37509,11128,37509,1567,241
3909,8720,37510,11128,37510,1567,241
3909,8720,37511,11128,37511,1567,241
3909,8720,37512,11128,37512,1567,241
3909,8720,37513,11128,37513,1567,241
3909,8720,37514,11128,37514,1567,241
3909,8720,37515,11128,37515,1567,241
3909,8720,37516,11128,37516,1567,241
3909,8720,37517,11128,37517,1567,241
3908,8720,37518,11128,37518,1567,241
3908,8720,37519,11128,37519,1567,241
3908,8720,37520,11128,37520,1567,241
3907,8720,37521,11128,37521,1567,241
3907,8720,37522,11128,37522,1567,241
3908,8720,37523,11128,37523,1567,241
3908,8720,37524,11128,37524,1567,241
3908,8720,37525,11128,37525,1567,241
3908,8720,37526,11128,37526,1567,241
3909,8720,37527,11128,37527,1567,241
3909,8720,37528,11128,37528,1567,241
3909,8720,37529,11128,37529,1567,241
3909,8720,37530,11128,37530,1567,241
3907,8720,37531,11128,37531,1567,241
3907,8720,37532,11128,37532,1567,241
3906,8720,37533,11128,37533,1567,241
3906,8720,37534,11128,37534,1567,241
3906,8720,37535,11128,37535,1567,241
3907,8720,37536,11128,37536,1567,241
3907,8720,37537,11128,37537,1567,241
3907,8720,37538,11128,37538,1567,241
3907,8720,37539,11128,37539,1567,241
3907,8720,37540,11128,37540,1567,241
3907,8720,37541,11128,37541,1567,241
3906,8720,37542,11128,37542,1567,241
3906,8720,37543,11128,37543,1567,241
3906,8720,37544,11128,37544,1567,241
3906,8720,37545,11128,37545,1567,241
3907,8720,37546,11128,37546,1567,241
3907,8720,37547,11128,37547,1567,241
3907,8720,37548,11128,37548,1567,241
3907,8720,37549,11128,37549,1567,241
3908,8720,37550,11128,37550,1567,241
3908,8720,37551,11128,37551,1567,241
3909,8720,37552,11128,37552,1567,241
3909,8720,37553,11128,37553,1567,241
3908,8720,37554,11128,37554,1567,241
3907,8720,37555,11128,37555,1567,241
3907,8720,37556,11128,37556,1567,241
3907,8720,37557,11128,37557,1567,241
3908,8720,37558,11128,37558,1567,241
3909,8720,37559,11128,37559,1567,241
3909,8720,37560,11128,37560,1567,241
3909,8720,37561,11128,37561,1567,241
3910,8720,37562,11128,37562,1567,241
3909,8720,37563,11128,37563,1567,241
3909,8720,37564,11128,37564,1567,241
3909,8720,37565,11128,37565,1567,241
3909,8720,37566,11128,37566,1567,241
3909,8720,37567,11128,37567,1567,241
3909,8720,37568,11128,37568,1567,241
3909,8720,37569,11128,37569,1567,241
3910,8720,37570,11128,37570,1567,241
3910,8720,37571,11128,37571,1567,241
3910,8720,37572,11128,37572,1567,241
3910,8720,37573,11128,37573,1567,241
3910,8720,37574,11128,37574,1567,241
3910,8720,37575,11128,37575,1567,241
3910,8720,37576,11128,37576,1567,241
3910,8720,37577,11128,37577,1567,241
3910,8720,37578,11128,37578,1567,241
3911,8720,37579,11128,37579,1567,241
3911,8720,37580,11128,37580,1567,241
3911,8720,37581,11128,37581,1567,241
3911,8720,37582,11128,37582,1567,241
3905,8720,37583,11128,37583,1567,240
3902,8720,37584,11128,37584,1567,237
3902,8720,37585,11128,37585,1567,237
3902,8720,37586,11128,37586,1567,237
3902,8720,37587,11128,37587,1567,237
3903,8720,37588,11128,37588,1567,237
3902,8720,37589,11128,37589,1567,237
3902,8720,37590,11128,37590,1567,237
3902,8720,37591,11128,37591,1567,237
3902,8720,37592,11128,37592,1567,237
3902,8720,37593,11128,37593,1567,237
3903,8720,37594,11128,37594,1567,237
3904,8720,37595,11128,37595,1567,237
3904,8720,37596,11128,37596,1567,237
3904,8720,37597,11128,37597,1567,237
3904,8720,37598,11128,37598,1567,237
3904,8720,37599,11128,37599,1567,237
3904,8720,37600,11128,37600,1567,237
3904,8720,37601,11128,37601,1567,237
3904,8720,37602,11128,37602,1567,237
3904,8720,37603,11128,37603,1567,237
3903,8720,37604,11128,37604,1567,237
3903,8720,37605,11128,37605,1567,237
3903,8720,37606,11128,37606,1567,237
3903,8720,37607,11128,37607,1567,237
3904,8720,37608,11128,37608,1567,237
3902,8720,37609,11128,37609,1567,236
3902,8720,37610,11128,37610,1567,236
3902,8720,37611,11128,37611,1567,236
3902,8720,37612,11128,37612,1567,236
3902,8720,37613,11128,37613,1567,236
3903,8720,37614,11128,37614,1567,236
3902,8720,37615,11128,37615,1567,236
3903,8720,37616,11128,37616,1567,236
3902,8720,37617,11128,37617,1567,236
3903,8720,37618,11128,37618,1567,236
3902,8720,37619,11128,37619,1567,236
3902,8720,37620,11128,37620,1567,236
3902,8720,37621,11128,37621,1567,236
3902,8720,37622,11128,37622,1567,236
3902,8720,37623,11128,37623,1567,236
3902,8720,37624,11128,37624,1567,236
3902,8720,37625,11128,37625,1567,236
3901,8720,37626,11128,37626,1567,236
3900,8720,37627,11128,37627,1567,236
3900,8720,37628,11128,37628,1567,236
3900,8720,37629,11128,37629,1567,236
3900,8720,37630,11128,37630,1567,236
3900,8720,37631,11128,37631,1567,236
3900,8720,37632,11128,37632,1567,236
3900,8720,37633,11128,37633,1567,236
3900,8720,37634,11128,37634,1567,236
3900,8720,37635,11128,37635,1567,236
3900,8720,37636,11128,37636,1567,236
3900,8720,37637,11128,37637,1567,236
3901,8720,37638,11128,37638,1567,236
3901,8720,37639,11128,37639,1567,236
3901,8720,37640,11128,37640,1567,236
3901,8720,37641,11128,37641,1567,236
3901,8720,37642,11128,37642,1567,236
3901,8720,37643,11128,37643,1567,236
3900,8720,37644,11128,37644,1567,236
3900,8720,37645,11128,37645,1567,236
3901,8720,37646,11128,37646,1567,236
3901,8720,37647,11128,37647,1567,236
3901,8720,37648,11128,37648,1567,236
3901,8720,37649,11128,37649,1567,236
3901,8720,37650,11128,37650,1567,236
3901,8720,37651,11128,37651,1567,236
3901,8720,37652,11128,37652,1567,236
3901,8720,37653,11128,37653,1567,236
3901,8720,37654,11128,37654,1567,236
3901,8720,37655,11128,37655,1567,236
3901,8720,37656,11128,37656,1567,236
3901,8720,37657,11128,37657,1567,236
3901,8720,37658,11128,37658,1567,236
3901,8720,37659,11128,37659,1567,236
3901,8720,37660,11128,37660,1567,236
3902,8720,37661,11128,37661,1567,236
3902,8720,37662,11128,37662,1567,236
3901,8720,37663,11128,37663,1567,236
3901,8720,37664,11128,37664,1567,236
3901,8720,37665,11128,37665,1567,236
3901,8720,37666,11128,37666,1567,236
3901,8720,37667,11128,37667,1567,236
3898,8720,37668,11128,37668,1567,235
3898,8720,37669,11128,37669,1567,235
3899,8720,37670,11128,37670,1567,235
3899,8720,37671,11128,37671,1567,235
3899,8720,37672,11128,37672,1567,235
3899,8720,37673,11128,37673,1567,235
3900,8720,37674,11128,37674,1567,235
3899,8720,37675,11128,37675,1567,235
3899,8720,37676,11128,37676,1567,235
3899,8720,37677,11128,37677,1567,235
3899,8720,37678,11128,37678,1567,235
3898,8720,37679,11128,37679,1567,235
3897,8720,37680,11128,37680,1567,235
3897,8720,37681,11128,37681,1567,235
3897,8720,37682,11128,37682,1567,235
3896,8720,37683,11128,37683,1567,235
3896,8720,37684,11128,37684,1567,235
3896,8720,37685,11128,37685,1567,235
3896,8720,37686,11128,37686,1567,235
3896,8720,37687,11128,37687,1567,235
3897,8720,37688,11128,37688,1567,235
3896,8720,37689,11128,37689,1567,235
3896,8720,37690,11128,37690,1567,235
3895,8720,37691,11128,37691,1567,235
3895,8720,37692,11128,37692,1567,235
3894,8720,37693,11128,37693,1567,235
3894,8720,37694,11128,37694,1567,235
3894,8720,37695,11128,37695,1567,235
3894,8720,37696,11128,37696,1567,235
3894,8720,37697,11128,37697,1567,235
3894,8720,37698,11128,37698,1567,235
3894,8720,37699,11128,37699,1567,235
3895,8720,37700,11128,37700,1567,235
3895,8720,37701,11128,37701,1567,235
3896,8720,37702,11128,37702,1567,235
3896,8720,37703,11128,37703,1567,235
3896,8720,37704,11128,37704,1567,235
3896,8720,37705,11128,37705,1567,235
3897,8720,37706,11128,37706,1567,235
3897,8720,37707,11128,37707,1567,235
3898,8720,37708,11128,37708,1567,235
3898,8720,37709,11128,37709,1567,235
3898,8720,37710,11128,37710,1567,235
3898,8720,37711,11128,37711,1567,235
3898,8720,37712,11128,37712,1567,235
3898,8720,37713,11128,37713,1567,235
3898,8720,37714,11128,37714,1567,235
3897,8720,37715,11128,37715,1567,235
3897,8720,37716,11128,37716,1567,235
3897,8720,37717,11128,37717,1567,235
3897,8720,37718,11128,37718,1567,235
3897,8720,37719,11128,37719,1567,235
3897,8720,37720,11128,37720,1567,235
3898,8720,37721,11128,37721,1567,235
3895,8720,37722,11128,37722,1567,235
3896,8720,37723,11128,37723,1567,235
3896,8720,37724,11128,37724,1567,235
3897,8720,37725,11128,37725,1567,235
3898,8720,37726,11128,37726,1567,235
3897,8720,37727,11128,37727,1567,235
3898,8720,37728,11128,37728,1567,235
3899,8720,37729,11128,37729,1567,235
3900,8720,37730,11128,37730,1567,235
3900,8720,37731,11128,37731,1567,235
3900,8720,37732,11128,37732,1567,235
3900,8720,37733,11128,37733,1567,235
3900,8720,37734,11128,37734,1567,235
3900,8720,37735,11128,37735,1567,235
3901,8720,37736,11128,37736,1567,235
3900,8720,37737,11128,37737,1567,235
3900,8720,37738,11128,37738,1567,235
3901,8720,37739,11128,37739,1567,235
3901,8720,37740,11128,37740,1567,235
3901,8720,37741,11128,37741,1567,235
3901,8720,37742,11128,37742,1567,235
3901,8720,37743,11128,37743,1567,235
3901,8720,37744,11128,37744,1567,235
3900,8720,37745,11128,37745,1567,235
3900,8720,37746,11128,37746,1567,235
3900,8720,37747,11128,37747,1567,235
3899,8720,37748,11128,37748,1567,235
3899,8720,37749,11128,37749,1567,235
3899,8720,37750,11128,37750,1567,235
3899,8720,37751,11128,37751,1567,235
3899,8720,37752,11128,37752,1567,235
3899,8720,37753,11128,37753,1567,235
3899,8720,37754,11128,37754,1567,235
3899,8720,37755,11128,37755,1567,235
3899,8720,37756,11128,37756,1567,235
3899,8720,37757,11128,37757,1567,235
3899,8720,37758,11128,37758,1567,235
3899,8720,37759,11128,37759,1567,235
3898,8720,37760,11128,37760,1567,235
3898,8720,37761,11128,37761,1567,235
3897,8720,37762,11128,37762,1567,235
3897,8720,37763,11128,37763,1567,235
3898,8720,37764,11128,37764,1567,235
3898,8720,37765,11128,37765,1567,235
3898,8720,37766,11128,37766,1567,235
3899,8720,37767,11128,37767,1567,235
3900,8720,37768,11128,37768,1567,235
3900,8720,37769,11128,37769,1567,235
3901,8720,37770,11128,37770,1567,235
3901,8720,37771,11128,37771,1567,235
3901,8720,37772,11128,37772,1567,235
3900,8720,37773,11128,37773,1567,235
3901,8720,37774,11128,37774,1567,235
3901,8720,37775,11128,37775,1567,235
3901,8720,37776,11128,37776,1567,235
3901,8720,37777,11128,37777,1567,235
3901,8720,37778,11128,37778,1567,235
3902,8720,37779,11128,37779,1567,235
3901,8720,37780,11128,37780,1567,235
3900,8720,37781,11128,37781,1567,235
3900,8720,37782,11128,37782,1567,235
3899,8720,37783,11128,37783,1567,235
3899,8720,37784,11128,37784,1567,235
3899,8720,37785,11128,37785,1567,235
3899,8720,37786,11128,37786,1567,235
3899,8720,37787,11128,37787,1567,235
3899,8720,37788,11128,37788,1567,235
3896,8720,37789,11128,37789,1567,234
3896,8720,37790,11128,37790,1567,234
3896,8720,37791,11128,37791,1567,234
3896,8720,37792,11128,37792,1567,234
3896,8720,37793,11128,37793,1567,234
3896,8720,37794,11128,37794,1567,234
3896,8720,37795,11128,37795,1567,234
3896,8720,37796,11128,37796,1567,234
3894,8720,37797,11128,37797,1567,234
3894,8720,37798,11128,37798,1567,234
3894,8720,37799,11128,37799,1567,234
3894,8720,37800,11128,37800,1567,234
3894,8720,37801,11128,37801,1567,234
3894,8720,37802,11128,37802,1567,234
3894,8720,37803,11128,37803,1567,234
3894,8720,37804,11128,37804,1567,234
3893,8720,37805,11128,37805,1567,234
3893,8720,37806,11128,37806,1567,234
3893,8720,37807,11128,37807,1567,234
3893,8720,37808,11128,37808,1567,234
3894,8720,37809,11128,37809,1567,234
3894,8720,37810,11128,37810,1567,234
3892,8720,37811,11128,37811,1567,234
3892,8720,37812,11128,37812,1567,234
3892,8720,37813,11128,37813,1567,234
3892,8720,37814,11128,37814,1567,234
3892,8720,37815,11128,37815,1567,234
3892,8720,37816,11128,37816,1567,234
3892,8720,37817,11128,37817,1567,234
3890,8720,37818,11128,37818,1567,234
3888,8720,37819,11128,37819,1567,234
3888,8720,37820,11128,37820,1567,234
3888,8720,37821,11128,37821,1567,234
3888,8720,37822,11128,37822,1567,234
3888,8720,37823,11128,37823,1567,234
3888,8720,37824,11128,37824,1567,234
3889,8720,37825,11128,37825,1567,234
3889,8720,37826,11128,37826,1567,234
3889,8720,37827,11128,37827,1567,234
3889,8720,37828,11128,37828,1567,234
3889,8720,37829,11128,37829,1567,234
3889,8720,37830,11128,37830,1567,234
3889,8720,37831,11128,37831,1567,234
3888,8720,37832,11128,37832,1567,234
3888,8720,37833,11128,37833,1567,234
3888,8720,37834,11128,37834,1567,234
3888,8720,37835,11128,37835,1567,234
3888,8720,37836,11128,37836,1567,234
3888,8720,37837,11128,37837,1567,234
3888,8720,37838,11128,37838,1567,234
3888,8720,37839,11128,37839,1567,234
3888,8720,37840,11128,37840,1567,234
3888,8720,37841,11128,37841,1567,234
3888,8720,37842,11128,37842,1567,234
3888,8720,37843,11128,37843,1567,234
3888,8720,37844,11128,37844,1567,234
3887,8720,37845,11128,37845,1567,234
3886,8720,37846,11128,37846,1567,234
3886,8720,37847,11128,37847,1567,234
3886,8720,37848,11128,37848,1567,234
3886,8720,37849,11128,37849,1567,234
3886,8720,37850,11128,37850,1567,234
3886,8720,37851,11128,37851,1567,234
3886,8720,37852,11128,37852,1567,234
3886,8720,37853,11128,37853,1567,234
3886,8720,37854,11128,37854,1567,234
3886,8720,37855,11128,37855,1567,234
3887,8720,37856,11128,37856,1567,234
3887,8720,37857,11128,37857,1567,234
3887,8720,37858,11128,37858,1567,234
3887,8720,37859,11128,37859,1567,234
3887,8720,37860,11128,37860,1567,234
3886,8720,37861,11128,37861,1567,234
3886,8720,37862,11128,37862,1567,234
3886,8720,37863,11128,37863,1567,234
3886,8720,37864,11128,37864,1567,234
3887,8720,37865,11128,37865,1567,234
3887,8720,37866,11128,37866,1567,234
3887,8720,37867,11128,37867,1567,234
3887,8720,37868,11128,37868,1567,234
3887,8720,37869,11128,37869,1567,234
3887,8720,37870,11128,37870,1567,234
3887,8720,37871,11128,37871,1567,234
3886,8720,37872,11128,37872,1567,234
3886,8720,37873,11128,37873,1567,234
3886,8720,37874,11128,37874,1567,234
3887,8720,37875,11128,37875,1567,234
3887,8720,37876,11128,37876,1567,234
3886,8720,37877,11128,37877,1567,234
3886,8720,37878,11128,37878,1567,234
3886,8720,37879,11128,37879,1567,234
3886,8720,37880,11128,37880,1567,234
3886,8720,37881,11128,37881,1567,234
3887,8720,37882,11128,37882,1567,234
3888,8720,37883,11128,37883,1567,234
3888,8720,37884,11128,37884,1567,234
3888,8720,37885,11128,37885,1567,234
3886,8720,37886,11128,37886,1567,234
3885,8720,37887,11128,37887,1567,233
3885,8720,37888,11128,37888,1567,233
3884,8720,37889,11128,37889,1567,233
3883,8720,37890,11128,37890,1567,233
3881,8720,37891,11128,37891,1567,233
3881,8720,37892,11128,37892,1567,233
3882,8720,37893,11128,37893,1567,233
3882,8720,37894,11128,37894,1567,233
3882,8720,37895,11128,37895,1567,233
3882,8720,37896,11128,37896,1567,233
3882,8720,37897,11128,37897,1567,233
3881,8720,37898,11128,37898,1567,233
3881,8720,37899,11128,37899,1567,233
3881,8720,37900,11128,37900,1567,233
3881,8720,37901,11128,37901,1567,233
3881,8720,37902,11128,37902,1567,233
3881,8720,37903,11128,37903,1567,233
3881,8720,37904,11128,37904,1567,233
3881,8720,37905,11128,37905,1567,233
3881,8720,37906,11128,37906,1567,233
3881,8720,37907,11128,37907,1567,233
3881,8720,37908,11128,37908,1567,233
3881,8720,37909,11128,37909,1567,233
3881,8720,37910,11128,37910,1567,233
3881,8720,37911,11128,37911,1567,233
3881,8720,37912,11128,37912,1567,233
3881,8720,37913,11128,37913,1567,233
3882,8720,37914,11128,37914,1567,233
3882,8720,37915,11128,37915,1567,233
3882,8720,37916,11128,37916,1567,233
3882,8720,37917,11128,37917,1567,233
3882,8720,37918,11128,37918,1567,233
3882,8720,37919,11128,37919,1567,233
3882,8720,37920,11128,37920,1567,233
3882,8720,37921,11128,37921,1567,233
3881,8720,37922,11128,37922,1567,233
3881,8720,37923,11128,37923,1567,233
3881,8720,37924,11128,37924,1567,233
3882,8720,37925,11128,37925,1567,233
3883,8720,37926,11128,37926,1567,233
3882,8720,37927,11128,37927,1567,233
3883,8720,37928,11128,37928,1567,233
3882,8720,37929,11128,37929,1567,233
3882,8720,37930,11128,37930,1567,233
3882,8720,37931,11128,37931,1567,233
3883,8720,37932,11128,37932,1567,233
3883,8720,37933,11128,37933,1567,233
3884,8720,37934,11128,37934,1567,233
3884,8720,37935,11128,37935,1567,233
3884,8720,37936,11128,37936,1567,233
3883,8720,37937,11128,37937,1567,233
3883,8720,37938,11128,37938,1567,233
3883,8720,37939,11128,37939,1567,233
3883,8720,37940,11128,37940,1567,233
3883,8720,37941,11128,37941,1567,233
3883,8720,37942,11128,37942,1567,233
3884,8720,37943,11128,37943,1567,233
3884,8720,37944,11128,37944,1567,233
3883,8720,37945,11128,37945,1567,233
3882,8720,37946,11128,37946,1567,233
3883,8720,37947,11128,37947,1567,233
3882,8720,37948,11128,37948,1567,233
3882,8720,37949,11128,37949,1567,233
3881,8720,37950,11128,37950,1567,233
3881,8720,37951,11128,37951,1567,233
3881,8720,37952,11128,37952,1567,233
3881,8720,37953,11128,37953,1567,233
3881,8720,37954,11128,37954,1567,233
3882,8720,37955,11128,37955,1567,233
3882,8720,37956,11128,37956,1567,233
3881,8720,37957,11128,37957,1567,233
3881,8720,37958,11128,37958,1567,233
3881,8720,37959,11128,37959,1567,233
3881,8720,37960,11128,37960,1567,233
3881,8720,37961,11128,37961,1567,233
3881,8720,37962,11128,37962,1567,233
3881,8720,37963,11128,37963,1567,233
3880,8720,37964,11128,37964,1567,233
3880,8720,37965,11128,37965,1567,233
3880,8720,37966,11128,37966,1567,233
3879,8720,37967,11128,37967,1567,233
3879,8720,37968,11128,37968,1567,233
3879,8720,37969,11128,37969,1567,233
3879,8720,37970,11128,37970,1567,233
3879,8720,37971,11128,37971,1567,233
3879,8720,37972,11128,37972,1567,233
3879,8720,37973,11128,37973,1567,233
3879,8720,37974,11128,37974,1567,233
3879,8720,37975,11128,37975,1567,233
3878,8720,37976,11128,37976,1567,233
3878,8720,37977,11128,37977,1567,233
3878,8720,37978,11128,37978,1567,233
3877,8720,37979,11128,37979,1567,233
3877,8720,37980,11128,37980,1567,233
3877,8720,37981,11128,37981,1567,233
3877,8720,37982,11128,37982,1567,233
3877,8720,37983,11128,37983,1567,233
3877,8720,37984,11128,37984,1567,233
3877,8720,37985,11128,37985,1567,233
3876,8720,37986,11128,37986,1567,233
3875,8720,37987,11128,37987,1567,233
3874,8720,37988,11128,37988,1567,233
3873,8720,37989,11128,37989,1567,233
3873,8720,37990,11128,37990,1567,233
3872,8720,37991,11128,37991,1567,233
3870,8720,37992,11128,37992,1567,233
3870,8720,37993,11128,37993,1567,233
3870,8720,37994,11128,37994,1567,233
3870,8720,37995,11128,37995,1567,233
3870,8720,37996,11128,37996,1567,233
3870,8720,37997,11128,37997,1567,233
3870,8720,37998,11128,37998,1567,233
3871,8720,37999,11128,37999,1567,233
3871,8720,38000,11128,38000,1567,233
3872,8720,38001,11128,38001,1567,233
3872,8720,38002,11128,38002,1567,233
3869,8720,38003,11128,38003,1567,233
3869,8720,38004,11128,38004,1567,233
3869,8720,38005,11128,38005,1567,233
3869,8720,38006,11128,38006,1567,233
3868,8720,38007,11128,38007,1567,233
3868,8720,38008,11128,38008,1567,233
3868,8720,38009,11128,38009,1567,233
3868,8720,38010,11128,38010,1567,233
3868,8720,38011,11128,38011,1567,233
3868,8720,38012,11128,38012,1567,233
3869,8720,38013,11128,38013,1567,233
3870,8720,38014,11128,38014,1567,233
3870,8720,38015,11128,38015,1567,233
3871,8720,38016,11128,38016,1567,233
3871,8720,38017,11128,38017,1567,233
3872,8720,38018,11128,38018,1567,233
3872,8720,38019,11128,38019,1567,233
3872,8720,38020,11128,38020,1567,233
3872,8720,38021,11128,38021,1567,233
3872,8720,38022,11128,38022,1567,233
3872,8720,38023,11128,38023,1567,233
3873,8720,38024,11128,38024,1567,233
3873,8720,38025,11128,38025,1567,233
3873,8720,38026,11128,38026,1567,233
3873,8720,38027,11128,38027,1567,233
3873,8720,38028,11128,38028,1567,233
3873,8720,38029,11128,38029,1567,233
3873,8720,38030,11128,38030,1567,233
3873,8720,38031,11128,38031,1567,233
3872,8720,38032,11128,38032,1567,233
3872,8720,38033,11128,38033,1567,233
3872,8720,38034,11128,38034,1567,233
3871,8720,38035,11128,38035,1567,233
3871,8720,38036,11128,38036,1567,233
3872,8720,38037,11128,38037,1567,233
3872,8720,38038,11128,38038,1567,233
3872,8720,38039,11128,38039,1567,233
3872,8720,38040,11128,38040,1567,233
3872,8720,38041,11128,38041,1567,233
3872,8720,38042,11128,38042,1567,233
3872,8720,38043,11128,38043,1567,233
3871,8720,38044,11128,38044,1567,233
3871,8720,38045,11128,38045,1567,233
3870,8720,38046,11128,38046,1567,233
3870,8720,38047,11128,38047,1567,233
3867,8720,38048,11128,38048,1567,232
3867,8720,38049,11128,38049,1567,232
3867,8720,38050,11128,38050,1567,232
3866,8720,38051,11128,38051,1567,232
3866,8720,38052,11128,38052,1567,232
3866,8720,38053,11128,38053,1567,232
3866,8720,38054,11128,38054,1567,232
3866,8720,38055,11128,38055,1567,232
3866,8720,38056,11128,38056,1567,232
3866,8720,38057,11128,38057,1567,232
3866,8720,38058,11128,38058,1567,232
3865,8720,38059,11128,38059,1567,232
3865,8720,38060,11128,38060,1567,232
3865,8720,38061,11128,38061,1567,232
3864,8720,38062,11128,38062,1567,232
3864,8720,38063,11128,38063,1567,232
3864,8720,38064,11128,38064,1567,232
3864,8720,38065,11128,38065,1567,232
3864,8720,38066,11128,38066,1567,232
3864,8720,38067,11128,38067,1567,232
3865,8720,38068,11128,38068,1567,232
3866,8720,38069,11128,38069,1567,232
3866,8720,38070,11128,38070,1567,232
3865,8720,38071,11128,38071,1567,232
3864,8720,38072,11128,38072,1567,232
3864,8720,38073,11128,38073,1567,232
3864,8720,38074,11128,38074,1567,232
3864,8720,38075,11128,38075,1567,232
3864,8720,38076,11128,38076,1567,232
3864,8720,38077,11128,38077,1567,232
3864,8720,38078,11128,38078,1567,232
3864,8720,38079,11128,38079,1567,232
3863,8720,38080,11128,38080,1567,232
3863,8720,38081,11128,38081,1567,232
3863,8720,38082,11128,38082,1567,232
3863,8720,38083,11128,38083,1567,232
3863,8720,38084,11128,38084,1567,232
3863,8720,38085,11128,38085,1567,232
3863,8720,38086,11128,38086,1567,232
3863,8720,38087,11128,38087,1567,232
3863,8720,38088,11128,38088,1567,232
3863,8720,38089,11128,38089,1567,232
3863,8720,38090,11128,38090,1567,232
3863,8720,38091,11128,38091,1567,232
3863,8720,38092,11128,38092,1567,232
3863,8720,38093,11128,38093,1567,232
3864,8720,38094,11128,38094,1567,232
3864,8720,38095,11128,38095,1567,232
3864,8720,38096,11128,38096,1567,232
3864,8720,38097,11128,38097,1567,232
3864,8720,38098,11128,38098,1567,232
3864,8720,38099,11128,38099,1567,232
3864,8720,38100,11128,38100,1567,232
3864,8720,38101,11128,38101,1567,232
3865,8720,38102,11128,38102,1567,232
3865,8720,38103,11128,38103,1567,232
3865,8720,38104,11128,38104,1567,232
3866,8720,38105,11128,38105,1567,232
3866,8720,38106,11128,38106,1567,232
3866,8720,38107,11128,38107,1567,232
3864,8720,38108,11128,38108,1567,232
3864,8720,38109,11128,38109,1567,232
3864,8720,38110,11128,38110,1567,232
3865,8720,38111,11128,38111,1567,232
3865,8720,38112,11128,38112,1567,232
3865,8720,38113,11128,38113,1567,232
3865,8720,38114,11128,38114,1567,232
3865,8720,38115,11128,38115,1567,232
3865,8720,38116,11128,38116,1567,232
3866,8720,38117,11128,38117,1567,232
3865,8720,38118,11128,38118,1567,232
3865,8720,38119,11128,38119,1567,232
3865,8720,38120,11128,38120,1567,232
3864,8720,38121,11128,38121,1567,232
3864,8720,38122,11128,38122,1567,232
3864,8720,38123,11128,38123,1567,232
3864,8720,38124,11128,38124,1567,232
3864,8720,38125,11128,38125,1567,232
3865,8720,38126,11128,38126,1567,232
3865,8720,38127,11128,38127,1567,232
3865,8720,38128,11128,38128,1567,232
3865,8720,38129,11128,38129,1567,232
3865,8720,38130,11128,38130,1567,232
3866,8720,38131,11128,38131,1567,232
3867,8720,38132,11128,38132,1567,232
3867,8720,38133,11128,38133,1567,232
3867,8720,38134,11128,38134,1567,232
3864,8720,38135,11128,38135,1567,231
3864,8720,38136,11128,38136,1567,231
3864,8720,38137,11128,38137,1567,231
3864,8720,38138,11128,38138,1567,231
3864,8720,38139,11128,38139,1567,231
3864,8720,38140,11128,38140,1567,231
3864,8720,38141,11128,38141,1567,231
3863,8720,38142,11128,38142,1567,231
3862,8720,38143,11128,38143,1567,231
3863,8720,38144,11128,38144,1567,231
3864,8720,38145,11128,38145,1567,231
3863,8720,38146,11128,38146,1567,231
3862,8720,38147,11128,38147,1567,231
3861,8720,38148,11128,38148,1567,231
3861,8720,38149,11128,38149,1567,231
3861,8720,38150,11128,38150,1567,231
3861,8720,38151,11128,38151,1567,231
3861,8720,38152,11128,38152,1567,231
3862,8720,38153,11128,38153,1567,231
3862,8720,38154,11128,38154,1567,231
3862,8720,38155,11128,38155,1567,231
3863,8720,38156,11128,38156,1567,231
3863,8720,38157,11128,38157,1567,231
3863,8720,38158,11128,38158,1567,231
3863,8720,38159,11128,38159,1567,231
3863,8720,38160,11128,38160,1567,231
3862,8720,38161,11128,38161,1567,231
3862,8720,38162,11128,38162,1567,231
3862,8720,38163,11128,38163,1567,231
3863,8720,38164,11128,38164,1567,231
3864,8720,38165,11128,38165,1567,231
3864,8720,38166,11128,38166,1567,231
3865,8720,38167,11128,38167,1567,231
3865,8720,38168,11128,38168,1567,231
3865,8720,38169,11128,38169,1567,231
3866,8720,38170,11128,38170,1567,231
3866,8720,38171,11128,38171,1567,231
3866,8720,38172,11128,38172,1567,231
3866,8720,38173,11128,38173,1567,231
3866,8720,38174,11128,38174,1567,231
3866,8720,38175,11128,38175,1567,231
3866,8720,38176,11128,38176,1567,231
3866,8720,38177,11128,38177,1567,231
3866,8720,38178,11128,38178,1567,231
3866,8720,38179,11128,38179,1567,231
3867,8720,38180,11128,38180,1567,231
3867,8720,38181,11128,38181,1567,231
3867,8720,38182,11128,38182,1567,231
3867,8720,38183,11128,38183,1567,231
3867,8720,38184,11128,38184,1567,231
3867,8720,38185,11128,38185,1567,231
3867,8720,38186,11128,38186,1567,231
3866,8720,38187,11128,38187,1567,231
3866,8720,38188,11128,38188,1567,231
3866,8720,38189,11128,38189,1567,231
3865,8720,38190,11128,38190,1567,231
3865,8720,38191,11128,38191,1567,231
3865,8720,38192,11128,38192,1567,231
3865,8720,38193,11128,38193,1567,231
3865,8720,38194,11128,38194,1567,231
3865,8720,38195,11128,38195,1567,231
3865,8720,38196,11128,38196,1567,231
3865,8720,38197,11128,38197,1567,231
3865,8720,38198,11128,38198,1567,231
3864,8720,38199,11128,38199,1567,231
3864,8720,38200,11128,38200,1567,231
3864,8720,38201,11128,38201,1567,231
3864,8720,38202,11128,38202,1567,231
3864,8720,38203,11128,38203,1567,231
3863,8720,38204,11128,38204,1567,231
3864,8720,38205,11128,38205,1567,231
3865,8720,38206,11128,38206,1567,231
3865,8720,38207,11128,38207,1567,231
3866,8720,38208,11128,38208,1567,231
3867,8720,38209,11128,38209,1567,231
3867,8720,38210,11128,38210,1567,231
3867,8720,38211,11128,38211,1567,231
3866,8720,38212,11128,38212,1567,231
3867,8720,38213,11128,38213,1567,231
3867,8720,38214,11128,38214,1567,231
3866,8720,38215,11128,38215,1567,231
3866,8720,38216,11128,38216,1567,231
3866,8720,38217,11128,38217,1567,231
3866,8720,38218,11128,38218,1567,231
3866,8720,38219,11128,38219,1567,231
3866,8720,38220,11128,38220,1567,231
3866,8720,38221,11128,38221,1567,231
3866,8720,38222,11128,38222,1567,231
3867,8720,38223,11128,38223,1567,231
3867,8720,38224,11128,38224,1567,231
3867,8720,38225,11128,38225,1567,231
3866,8720,38226,11128,38226,1567,231
3863,8720,38227,11128,38227,1567,230
3862,8720,38228,11128,38228,1567,229
3862,8720,38229,11128,38229,1567,229
3862,8720,38230,11128,38230,1567,229
3862,8720,38231,11128,38231,1567,229
3861,8720,38232,11128,38232,1567,229
3861,8720,38233,11128,38233,1567,229
3860,8720,38234,11128,38234,1567,229
3860,8720,38235,11128,38235,1567,229
3860,8720,38236,11128,38236,1567,229
3860,8720,38237,11128,38237,1567,229
3860,8720,38238,11128,38238,1567,229
3859,8720,38239,11128,38239,1567,229
3859,8720,38240,11128,38240,1567,229
3860,8720,38241,11128,38241,1567,229
3860,8720,38242,11128,38242,1567,229
3860,8720,38243,11128,38243,1567,229
3860,8720,38244,11128,38244,1567,229
3860,8720,38245,11128,38245,1567,229
3860,8720,38246,11128,38246,1567,229
3859,8720,38247,11128,38247,1567,229
3860,8720,38248,11128,38248,1567,229
3860,8720,38249,11128,38249,1567,229
3861,8720,38250,11128,38250,1567,229
3861,8720,38251,11128,38251,1567,229
3861,8720,38252,11128,38252,1567,229
3862,8720,38253,11128,38253,1567,229
3862,8720,38254,11128,38254,1567,229
3861,8720,38255,11128,38255,1567,229
3861,8720,38256,11128,38256,1567,229
3862,8720,38257,11128,38257,1567,229
3860,8720,38258,11128,38258,1567,229
3860,8720,38259,11128,38259,1567,229
3860,8720,38260,11128,38260,1567,229
3860,8720,38261,11128,38261,1567,229
3860,8720,38262,11128,38262,1567,229
3860,8720,38263,11128,38263,1567,229
3860,8720,38264,11128,38264,1567,229
3860,8720,38265,11128,38265,1567,229
3860,8720,38266,11128,38266,1567,229
3859,8720,38267,11128,38267,1567,229
3859,8720,38268,11128,38268,1567,229
3859,8720,38269,11128,38269,1567,229
3859,8720,38270,11128,38270,1567,229
3859,8720,38271,11128,38271,1567,229
3859,8720,38272,11128,38272,1567,229
3859,8720,38273,11128,38273,1567,229
3860,8720,38274,11128,38274,1567,229
3860,8720,38275,11128,38275,1567,229
3860,8720,38276,11128,38276,1567,229
3860,8720,38277,11128,38277,1567,229
3860,8720,38278,11128,38278,1567,229
3859,8720,38279,11128,38279,1567,229
3859,8720,38280,11128,38280,1567,229
3860,8720,38281,11128,38281,1567,229
3860,8720,38282,11128,38282,1567,229
3860,8720,38283,11128,38283,1567,229
3860,8720,38284,11128,38284,1567,229
3859,8720,38285,11128,38285,1567,229
3859,8720,38286,11128,38286,1567,229
3859,8720,38287,11128,38287,1567,229
3859,8720,38288,11128,38288,1567,229
3859,8720,38289,11128,38289,1567,229
3860,8720,38290,11128,38290,1567,229
3859,8720,38291,11128,38291,1567,229
3859,8720,38292,11128,38292,1567,229
3859,8720,38293,11128,38293,1567,229
3859,8720,38294,11128,38294,1567,229
3859,8720,38295,11128,38295,1567,229
3860,8720,38296,11128,38296,1567,229
3860,8720,38297,11128,38297,1567,229
3860,8720,38298,11128,38298,1567,229
3860,8720,38299,11128,38299,1567,229
3860,8720,38300,11128,38300,1567,229
3861,8720,38301,11128,38301,1567,229
3861,8720,38302,11128,38302,1567,229
3862,8720,38303,11128,38303,1567,229
3862,8720,38304,11128,38304,1567,229
3861,8720,38305,11128,38305,1567,229
3861,8720,38306,11128,38306,1567,229
3861,8720,38307,11128,38307,1567,229
3861,8720,38308,11128,38308,1567,229
3857,8720,38309,11128,38309,1567,226
3857,8720,38310,11128,38310,1567,226
3857,8720,38311,11128,38311,1567,226
3854,8720,38312,11128,38312,1567,225
3854,8720,38313,11128,38313,1567,225
3855,8720,38314,11128,38314,1567,225
3855,8720,38315,11128,38315,1567,225
3855,8720,38316,11128,38316,1567,225
3855,8720,38317,11128,38317,1567,225
3854,8720,38318,11128,38318,1567,225
3854,8720,38319,11128,38319,1567,225
3854,8720,38320,11128,38320,1567,225
3855,8720,38321,11128,38321,1567,225
3856,8720,38322,11128,38322,1567,225
3856,8720,38323,11128,38323,1567,225
3856,8720,38324,11128,38324,1567,225
3857,8720,38325,11128,38325,1567,225
3857,8720,38326,11128,38326,1567,225
3857,8720,38327,11128,38327,1567,225
3857,8720,38328,11128,38328,1567,225
3856,8720,38329,11128,38329,1567,225
3856,8720,38330,11128,38330,1567,225
3856,8720,38331,11128,38331,1567,225
3856,8720,38332,11128,38332,1567,225
3856,8720,38333,11128,38333,1567,225
3857,8720,38334,11128,38334,1567,225
3857,8720,38335,11128,38335,1567,225
3857,8720,38336,11128,38336,1567,225
3857,8720,38337,11128,38337,1567,225
3858,8720,38338,11128,38338,1567,225
3858,8720,38339,11128,38339,1567,225
3858,8720,38340,11128,38340,1567,225
3857,8720,38341,11128,38341,1567,225
3857,8720,38342,11128,38342,1567,225
3857,8720,38343,11128,38343,1567,225
3857,8720,38344,11128,38344,1567,225
3857,8720,38345,11128,38345,1567,225
3856,8720,38346,11128,38346,1567,225
3856,8720,38347,11128,38347,1567,225
3856,8720,38348,11128,38348,1567,225
3856,8720,38349,11128,38349,1567,225
3855,8720,38350,11128,38350,1567,225
3855,8720,38351,11128,38351,1567,225
3855,8720,38352,11128,38352,1567,225
3855,8720,38353,11128,38353,1567,225
3856,8720,38354,11128,38354,1567,225
3855,8720,38355,11128,38355,1567,225
3855,8720,38356,11128,38356,1567,225
3855,8720,38357,11128,38357,1567,225
3855,8720,38358,11128,38358,1567,225
3855,8720,38359,11128,38359,1567,225
3855,8720,38360,11128,38360,1567,225
3855,8720,38361,11128,38361,1567,225
3855,8720,38362,11128,38362,1567,225
3855,8720,38363,11128,38363,1567,225
3855,8720,38364,11128,38364,1567,225
3853,8720,38365,11128,38365,1567,224
3854,8720,38366,11128,38366,1567,224
3854,8720,38367,11128,38367,1567,224
3854,8720,38368,11128,38368,1567,224
3853,8720,38369,11128,38369,1567,224
3853,8720,38370,11128,38370,1567,224
3853,8720,38371,11128,38371,1567,224
3853,8720,38372,11128,38372,1567,224
3850,8720,38373,11128,38373,1567,224
3850,8720,38374,11128,38374,1567,224
3850,8720,38375,11128,38375,1567,224
3850,8720,38376,11128,38376,1567,224
3850,8720,38377,11128,38377,1567,224
3850,8720,38378,11128,38378,1567,224
3850,8720,38379,11128,38379,1567,224
3850,8720,38380,11128,38380,1567,224
3850,8720,38381,11128,38381,1567,224
3850,8720,38382,11128,38382,1567,224
3850,8720,38383,11128,38383,1567,224
3850,8720,38384,11128,38384,1567,224
3849,8720,38385,11128,38385,1567,224
3849,8720,38386,11128,38386,1567,224
3849,8720,38387,11128,38387,1567,224
3849,8720,38388,11128,38388,1567,224
3850,8720,38389,11128,38389,1567,224
3850,8720,38390,11128,38390,1567,224
3850,8720,38391,11128,38391,1567,224
3850,8720,38392,11128,38392,1567,224
3850,8720,38393,11128,38393,1567,224
3848,8720,38394,11128,38394,1567,224
3848,8720,38395,11128,38395,1567,224
3848,8720,38396,11128,38396,1567,224
3848,8720,38397,11128,38397,1567,224
3847,8720,38398,11128,38398,1567,224
3847,8720,38399,11128,38399,1567,224
3847,8720,38400,11128,38400,1567,224
3847,8720,38401,11128,38401,1567,224
3847,8720,38402,11128,38402,1567,224
3848,8720,38403,11128,38403,1567,224
3849,8720,38404,11128,38404,1567,224
3849,8720,38405,11128,38405,1567,224
3849,8720,38406,11128,38406,1567,224
3849,8720,38407,11128,38407,1567,224
3849,8720,38408,11128,38408,1567,224
3848,8720,38409,11128,38409,1567,224
3848,8720,38410,11128,38410,1567,224
3849,8720,38411,11128,38411,1567,224
3849,8720,38412,11128,38412,1567,224
3849,8720,38413,11128,38413,1567,224
3849,8720,38414,11128,38414,1567,224
3848,8720,38415,11128,38415,1567,224
3848,8720,38416,11128,38416,1567,224
3848,8720,38417,11128,38417,1567,224
3849,8720,38418,11128,38418,1567,224
3849,8720,38419,11128,38419,1567,224
3849,8720,38420,11128,38420,1567,224
3849,8720,38421,11128,38421,1567,224
3849,8720,38422,11128,38422,1567,224
3849,8720,38423,11128,38423,1567,224
3849,8720,38424,11128,38424,1567,224
3850,8720,38425,11128,38425,1567,224
3850,8720,38426,11128,38426,1567,224
3850,8720,38427,11128,38427,1567,224
3850,8720,38428,11128,38428,1567,224
3850,8720,38429,11128,38429,1567,224
3851,8720,38430,11128,38430,1567,224
3851,8720,38431,11128,38431,1567,224
3851,8720,38432,11128,38432,1567,224
3851,8720,38433,11128,38433,1567,224
3851,8720,38434,11128,38434,1567,224
3851,8720,38435,11128,38435,1567,224
3851,8720,38436,11128,38436,1567,224
3851,8720,38437,11128,38437,1567,224
3852,8720,38438,11128,38438,1567,224
3852,8720,38439,11128,38439,1567,224
3851,8720,38440,11128,38440,1567,224
3851,8720,38441,11128,38441,1567,224
3851,8720,38442,11128,38442,1567,224
3851,8720,38443,11128,38443,1567,224
3851,8720,38444,11128,38444,1567,224
3852,8720,38445,11128,38445,1567,224
3851,8720,38446,11128,38446,1567,224
3850,8720,38447,11128,38447,1567,224
3851,8720,38448,11128,38448,1567,224
3852,8720,38449,11128,38449,1567,224
3852,8720,38450,11128,38450,1567,224
3852,8720,38451,11128,38451,1567,224
3852,8720,38452,11128,38452,1567,224
3853,8720,38453,11128,38453,1567,224
3853,8720,38454,11128,38454,1567,224
3853,8720,38455,11128,38455,1567,224
3853,8720,38456,11128,38456,1567,224
3853,8720,38457,11128,38457,1567,224
3853,8720,38458,11128,38458,1567,224
3851,8720,38459,11128,38459,1567,224
3850,8720,38460,11128,38460,1567,223
3850,8720,38461,11128,38461,1567,223
3851,8720,38462,11128,38462,1567,223
3851,8720,38463,11128,38463,1567,223
3851,8720,38464,11128,38464,1567,223
3852,8720,38465,11128,38465,1567,223
3852,8720,38466,11128,38466,1567,223
3852,8720,38467,11128,38467,1567,223
3852,8720,38468,11128,38468,1567,223
3853,8720,38469,11128,38469,1567,223
3853,8720,38470,11128,38470,1567,223
3853,8720,38471,11128,38471,1567,223
3853,8720,38472,11128,38472,1567,223
3853,8720,38473,11128,38473,1567,223
3853,8720,38474,11128,38474,1567,223
3853,8720,38475,11128,38475,1567,223
3853,8720,38476,11128,38476,1567,223
3853,8720,38477,11128,38477,1567,223
3853,8720,38478,11128,38478,1567,223
3854,8720,38479,11128,38479,1567,223
3854,8720,38480,11128,38480,1567,223
3854,8720,38481,11128,38481,1567,223
3854,8720,38482,11128,38482,1567,223
3854,8720,38483,11128,38483,1567,223
3854,8720,38484,11128,38484,1567,223
3854,8720,38485,11128,38485,1567,223
3854,8720,38486,11128,38486,1567,223
3854,8720,38487,11128,38487,1567,223
3854,8720,38488,11128,38488,1567,223
3854,8720,38489,11128,38489,1567,223
3854,8720,38490,11128,38490,1567,223
3855,8720,38491,11128,38491,1567,223
3855,8720,38492,11128,38492,1567,223
3855,8720,38493,11128,38493,1567,223
3855,8720,38494,11128,38494,1567,223
3854,8720,38495,11128,38495,1567,223
3854,8720,38496,11128,38496,1567,223
3854,8720,38497,11128,38497,1567,223
3854,8720,38498,11128,38498,1567,223
3854,8720,38499,11128,38499,1567,223
3854,8720,38500,11128,38500,1567,223
3854,8720,38501,11128,38501,1567,223
3854,8720,38502,11128,38502,1567,223
3854,8720,38503,11128,38503,1567,223
3854,8720,38504,11128,38504,1567,223
3853,8720,38505,11128,38505,1567,223
3853,8720,38506,11128,38506,1567,223
3853,8720,38507,11128,38507,1567,223
3853,8720,38508,11128,38508,1567,223
3853,8720,38509,11128,38509,1567,223
3853,8720,38510,11128,38510,1567,223
3853,8720,38511,11128,38511,1567,223
3852,8720,38512,11128,38512,1567,223
3852,8720,38513,11128,38513,1567,223
3853,8720,38514,11128,38514,1567,223
3853,8720,38515,11128,38515,1567,223
3853,8720,38516,11128,38516,1567,223
3854,8720,38517,11128,38517,1567,223
3853,8720,38518,11128,38518,1567,223
3854,8720,38519,11128,38519,1567,223
3854,8720,38520,11128,38520,1567,223
3854,8720,38521,11128,38521,1567,223
3854,8720,38522,11128,38522,1567,223
3854,8720,38523,11128,38523,1567,223
3854,8720,38524,11128,38524,1567,223
3854,8720,38525,11128,38525,1567,223
3854,8720,38526,11128,38526,1567,223
3854,8720,38527,11128,38527,1567,223
3854,8720,38528,11128,38528,1567,223
3854,8720,38529,11128,38529,1567,223
3854,8720,38530,11128,38530,1567,223
3854,8720,38531,11128,38531,1567,223
3854,8720,38532,11128,38532,1567,223
3854,8720,38533,11128,38533,1567,223
3854,8720,38534,11128,38534,1567,223
3854,8720,38535,11128,38535,1567,223
3854,8720,38536,11128,38536,1567,223
3854,8720,38537,11128,38537,1567,223
3855,8720,38538,11128,38538,1567,223
3855,8720,38539,11128,38539,1567,223
3854,8720,38540,11128,38540,1567,223
3854,8720,38541,11128,38541,1567,223
3854,8720,38542,11128,38542,1567,223
3854,8720,38543,11128,38543,1567,223
3853,8720,38544,11128,38544,1567,223
3853,8720,38545,11128,38545,1567,223
3853,8720,38546,11128,38546,1567,223
3854,8720,38547,11128,38547,1567,223
3854,8720,38548,11128,38548,1567,223
3854,8720,38549,11128,38549,1567,223
3854,8720,38550,11128,38550,1567,223
3853,8720,38551,11128,38551,1567,223
3853,8720,38552,11128,38552,1567,223
3853,8720,38553,11128,38553,1567,223
3854,8720,38554,11128,38554,1567,223
3854,8720,38555,11128,38555,1567,223
3855,8720,38556,11128,38556,1567,223
3855,8720,38557,11128,38557,1567,223
3854,8720,38558,11128,38558,1567,223
3854,8720,38559,11128,38559,1567,223
3854,8720,38560,11128,38560,1567,223
3854,8720,38561,11128,38561,1567,223
3854,8720,38562,11128,38562,1567,223
3854,8720,38563,11128,38563,1567,223
3854,8720,38564,11128,38564,1567,223
3854,8720,38565,11128,38565,1567,223
3855,8720,38566,11128,38566,1567,223
3855,8720,38567,11128,38567,1567,223
3855,8720,38568,11128,38568,1567,223
3856,8720,38569,11128,38569,1567,223
3857,8720,38570,11128,38570,1567,223
3856,8720,38571,11128,38571,1567,223
3856,8720,38572,11128,38572,1567,223
3856,8720,38573,11128,38573,1567,223
3856,8720,38574,11128,38574,1567,223
3856,8720,38575,11128,38575,1567,223
3856,8720,38576,11128,38576,1567,223
3857,8720,38577,11128,38577,1567,223
3858,8720,38578,11128,38578,1567,223
3858,8720,38579,11128,38579,1567,223
3858,8720,38580,11128,38580,1567,223
3858,8720,38581,11128,38581,1567,223
3858,8720,38582,11128,38582,1567,223
3858,8720,38583,11128,38583,1567,223
3859,8720,38584,11128,38584,1567,223
3859,8720,38585,11128,38585,1567,223
3859,8720,38586,11128,38586,1567,223
3859,8720,38587,11128,38587,1567,223
3859,8720,38588,11128,38588,1567,223
3858,8720,38589,11128,38589,1567,222
3858,8720,38590,11128,38590,1567,222
3858,8720,38591,11128,38591,1567,222
3858,8720,38592,11128,38592,1567,222
3858,8720,38593,11128,38593,1567,222
3858,8720,38594,11128,38594,1567,222
3858,8720,38595,11128,38595,1567,222
3858,8720,38596,11128,38596,1567,222
3859,8720,38597,11128,38597,1567,222
3860,8720,38598,11128,38598,1567,222
3860,8720,38599,11128,38599,1567,222
3859,8720,38600,11128,38600,1567,222
3859,8720,38601,11128,38601,1567,222
3859,8720,38602,11128,38602,1567,222
3859,8720,38603,11128,38603,1567,222
3859,8720,38604,11128,38604,1567,222
3858,8720,38605,11128,38605,1567,222
3859,8720,38606,11128,38606,1567,222
3859,8720,38607,11128,38607,1567,222
3859,8720,38608,11128,38608,1567,222
3859,8720,38609,11128,38609,1567,222
3858,8720,38610,11128,38610,1567,221
3857,8720,38611,11128,38611,1567,221
3856,8720,38612,11128,38612,1567,221
3857,8720,38613,11128,38613,1567,221
3857,8720,38614,11128,38614,1567,221
3857,8720,38615,11128,38615,1567,221
3857,8720,38616,11128,38616,1567,221
3857,8720,38617,11128,38617,1567,221
3857,8720,38618,11128,38618,1567,221
3857,8720,38619,11128,38619,1567,221
3857,8720,38620,11128,38620,1567,221
3858,8720,38621,11128,38621,1567,221
3858,8720,38622,11128,38622,1567,221
3858,8720,38623,11128,38623,1567,221
3858,8720,38624,11128,38624,1567,221
3858,8720,38625,11128,38625,1567,221
3859,8720,38626,11128,38626,1567,221
3859,8720,38627,11128,38627,1567,221
3860,8720,38628,11128,38628,1567,221
3861,8720,38629,11128,38629,1567,221
3861,8720,38630,11128,38630,1567,221
3861,8720,38631,11128,38631,1567,221
3861,8720,38632,11128,38632,1567,221
3862,8720,38633,11128,38633,1567,221
3863,8720,38634,11128,38634,1567,221
3863,8720,38635,11128,38635,1567,221
3863,8720,38636,11128,38636,1567,221
3863,8720,38637,11128,38637,1567,221
3864,8720,38638,11128,38638,1567,221
3864,8720,38639,11128,38639,1567,221
3864,8720,38640,11128,38640,1567,221
3864,8720,38641,11128,38641,1567,221
3864,8720,38642,11128,38642,1567,221
3863,8720,38643,11128,38643,1567,221
3862,8720,38644,11128,38644,1567,221
3862,8720,38645,11128,38645,1567,221
3862,8720,38646,11128,38646,1567,221
3862,8720,38647,11128,38647,1567,221
3862,8720,38648,11128,38648,1567,221
3862,8720,38649,11128,38649,1567,221
3862,8720,38650,11128,38650,1567,221
3862,8720,38651,11128,38651,1567,221
3862,8720,38652,11128,38652,1567,221
3861,8720,38653,11128,38653,1567,221
3861,8720,38654,11128,38654,1567,221
3861,8720,38655,11128,38655,1567,221
3861,8720,38656,11128,38656,1567,221
3861,8720,38657,11128,38657,1567,221
3861,8720,38658,11128,38658,1567,221
3857,8720,38659,11128,38659,1567,221
3857,8720,38660,11128,38660,1567,221
3857,8720,38661,11128,38661,1567,221
3857,8720,38662,11128,38662,1567,221
3857,8720,38663,11128,38663,1567,221
3857,8720,38664,11128,38664,1567,221
3857,8720,38665,11128,38665,1567,221
3857,8720,38666,11128,38666,1567,221
3855,8720,38667,11128,38667,1567,221
3855,8720,38668,11128,38668,1567,221
3854,8720,38669,11128,38669,1567,221
3854,8720,38670,11128,38670,1567,221
3855,8720,38671,11128,38671,1567,221
3855,8720,38672,11128,38672,1567,221
3855,8720,38673,11128,38673,1567,221
3855,8720,38674,11128,38674,1567,221
3855,8720,38675,11128,38675,1567,221
3855,8720,38676,11128,38676,1567,221
3856,8720,38677,11128,38677,1567,221
3856,8720,38678,11128,38678,1567,221
3856,8720,38679,11128,38679,1567,221
3857,8720,38680,11128,38680,1567,221
3857,8720,38681,11128,38681,1567,221
3858,8720,38682,11128,38682,1567,221
3857,8720,38683,11128,38683,1567,221
3857,8720,38684,11128,38684,1567,221
3857,8720,38685,11128,38685,1567,221
3857,8720,38686,11128,38686,1567,221
3857,8720,38687,11128,38687,1567,221
3857,8720,38688,11128,38688,1567,221
3857,8720,38689,11128,38689,1567,221
3857,8720,38690,11128,38690,1567,221
3858,8720,38691,11128,38691,1567,221
3858,8720,38692,11128,38692,1567,221
3858,8720,38693,11128,38693,1567,221
3858,8720,38694,11128,38694,1567,221
3859,8720,38695,11128,38695,1567,221
3859,8720,38696,11128,38696,1567,221
3859,8720,38697,11128,38697,1567,221
3859,8720,38698,11128,38698,1567,221
3859,8720,38699,11128,38699,1567,221
3859,8720,38700,11128,38700,1567,221
3858,8720,38701,11128,38701,1567,221
3858,8720,38702,11128,38702,1567,221
3858,8720,38703,11128,38703,1567,221
3858,8720,38704,11128,38704,1567,221
3857,8720,38705,11128,38705,1567,221
3857,8720,38706,11128,38706,1567,221
3857,8720,38707,11128,38707,1567,221
3857,8720,38708,11128,38708,1567,221
3857,8720,38709,11128,38709,1567,221
3857,8720,38710,11128,38710,1567,221
3857,8720,38711,11128,38711,1567,221
3857,8720,38712,11128,38712,1567,221
3857,8720,38713,11128,38713,1567,221
3856,8720,38714,11128,38714,1567,221
3856,8720,38715,11128,38715,1567,221
3856,8720,38716,11128,38716,1567,221
3856,8720,38717,11128,38717,1567,221
3856,8720,38718,11128,38718,1567,221
3854,8720,38719,11128,38719,1567,221
3854,8720,38720,11128,38720,1567,221
3852,8720,38721,11128,38721,1567,219
3853,8720,38722,11128,38722,1567,219
3853,8720,38723,11128,38723,1567,219
3853,8720,38724,11128,38724,1567,219
3853,8720,38725,11128,38725,1567,219
3853,8720,38726,11128,38726,1567,219
3852,8720,38727,11128,38727,1567,219
3852,8720,38728,11128,38728,1567,219
3852,8720,38729,11128,38729,1567,219
3853,8720,38730,11128,38730,1567,219
3853,8720,38731,11128,38731,1567,219
3853,8720,38732,11128,38732,1567,219
3853,8720,38733,11128,38733,1567,219
3853,8720,38734,11128,38734,1567,219
3853,8720,38735,11128,38735,1567,219
3853,8720,38736,11128,38736,1567,219
3853,8720,38737,11128,38737,1567,219
3853,8720,38738,11128,38738,1567,219
3853,8720,38739,11128,38739,1567,219
3852,8720,38740,11128,38740,1567,219
3852,8720,38741,11128,38741,1567,219
3853,8720,38742,11128,38742,1567,219
3853,8720,38743,11128,38743,1567,219
3853,8720,38744,11128,38744,1567,219
3853,8720,38745,11128,38745,1567,219
3853,8720,38746,11128,38746,1567,219
3853,8720,38747,11128,38747,1567,219
3853,8720,38748,11128,38748,1567,219
3853,8720,38749,11128,38749,1567,219
3853,8720,38750,11128,38750,1567,219
3854,8720,38751,11128,38751,1567,219
3854,8720,38752,11128,38752,1567,219
3855,8720,38753,11128,38753,1567,219
3855,8720,38754,11128,38754,1567,219
3854,8720,38755,11128,38755,1567,219
3854,8720,38756,11128,38756,1567,219
3854,8720,38757,11128,38757,1567,219
3854,8720,38758,11128,38758,1567,219
3854,8720,38759,11128,38759,1567,219
3854,8720,38760,11128,38760,1567,219
3854,8720,38761,11128,38761,1567,219
3854,8720,38762,11128,38762,1567,219
3853,8720,38763,11128,38763,1567,219
3853,8720,38764,11128,38764,1567,219
3853,8720,38765,11128,38765,1567,219
3853,8720,38766,11128,38766,1567,219
3853,8720,38767,11128,38767,1567,219
3852,8720,38768,11128,38768,1567,219
3852,8720,38769,11128,38769,1567,219
3852,8720,38770,11128,38770,1567,219
3852,8720,38771,11128,38771,1567,219
3852,8720,38772,11128,38772,1567,219
3851,8720,38773,11128,38773,1567,219
3850,8720,38774,11128,38774,1567,219
3851,8720,38775,11128,38775,1567,219
3851,8720,38776,11128,38776,1567,219
3850,8720,38777,11128,38777,1567,219
3850,8720,38778,11128,38778,1567,219
3851,8720,38779,11128,38779,1567,219
3851,8720,38780,11128,38780,1567,219
3851,8720,38781,11128,38781,1567,219
3852,8720,38782,11128,38782,1567,219
3850,8720,38783,11128,38783,1567,219
3850,8720,38784,11128,38784,1567,219
3850,8720,38785,11128,38785,1567,219
3850,8720,38786,11128,38786,1567,219
3850,8720,38787,11128,38787,1567,219
3850,8720,38788,11128,38788,1567,219
3850,8720,38789,11128,38789,1567,219
3850,8720,38790,11128,38790,1567,219
3850,8720,38791,11128,38791,1567,219
3850,8720,38792,11128,38792,1567,219
3850,8720,38793,11128,38793,1567,219
3850,8720,38794,11128,38794,1567,219
3849,8720,38795,11128,38795,1567,219
3849,8720,38796,11128,38796,1567,219
3848,8720,38797,11128,38797,1567,219
3849,8720,38798,11128,38798,1567,219
3848,8720,38799,11128,38799,1567,219
3848,8720,38800,11128,38800,1567,219
3848,8720,38801,11128,38801,1567,219
3847,8720,38802,11128,38802,1567,219
3848,8720,38803,11128,38803,1567,219
3848,8720,38804,11128,38804,1567,219
3848,8720,38805,11128,38805,1567,219
3849,8720,38806,11128,38806,1567,219
3849,8720,38807,11128,38807,1567,219
3849,8720,38808,11128,38808,1567,219
3849,8720,38809,11128,38809,1567,219
3849,8720,38810,11128,38810,1567,219
3849,8720,38811,11128,38811,1567,219
3849,8720,38812,11128,38812,1567,219
3849,8720,38813,11128,38813,1567,219
3849,8720,38814,11128,38814,1567,219
3849,8720,38815,11128,38815,1567,219
3849,8720,38816,11128,38816,1567,219
3849,8720,38817,11128,38817,1567,219
3849,8720,38818,11128,38818,1567,219
3849,8720,38819,11128,38819,1567,219
3849,8720,38820,11128,38820,1567,219
3849,8720,38821,11128,38821,1567,219
3850,8720,38822,11128,38822,1567,219
3850,8720,38823,11128,38823,1567,219
3850,8720,38824,11128,38824,1567,219
3851,8720,38825,11128,38825,1567,219
3850,8720,38826,11128,38826,1567,219
3850,8720,38827,11128,38827,1567,219
3850,8720,38828,11128,38828,1567,219
3848,8720,38829,11128,38829,1567,218
3849,8720,38830,11128,38830,1567,218
3847,8720,38831,11128,38831,1567,218
3847,8720,38832,11128,38832,1567,218
3846,8720,38833,11128,38833,1567,218
3846,8720,38834,11128,38834,1567,218
3845,8720,38835,11128,38835,1567,218
3845,8720,38836,11128,38836,1567,218
3845,8720,38837,11128,38837,1567,218
3845,8720,38838,11128,38838,1567,218
3845,8720,38839,11128,38839,1567,218
3846,8720,38840,11128,38840,1567,218
3845,8720,38841,11128,38841,1567,218
3845,8720,38842,11128,38842,1567,218
3845,8720,38843,11128,38843,1567,218
3845,8720,38844,11128,38844,1567,218
3845,8720,38845,11128,38845,1567,218
3845,8720,38846,11128,38846,1567,218
3846,8720,38847,11128,38847,1567,218
3846,8720,38848,11128,38848,1567,218
3846,8720,38849,11128,38849,1567,218
3846,8720,38850,11128,38850,1567,218
3847,8720,38851,11128,38851,1567,218
3846,8720,38852,11128,38852,1567,218
3846,8720,38853,11128,38853,1567,218
3845,8720,38854,11128,38854,1567,218
3845,8720,38855,11128,38855,1567,218
3845,8720,38856,11128,38856,1567,218
3845,8720,38857,11128,38857,1567,218
3845,8720,38858,11128,38858,1567,218
3845,8720,38859,11128,38859,1567,218
3845,8720,38860,11128,38860,1567,218
3844,8720,38861,11128,38861,1567,218
3844,8720,38862,11128,38862,1567,218
3844,8720,38863,11128,38863,1567,218
3843,8720,38864,11128,38864,1567,217
3842,8720,38865,11128,38865,1567,217
3842,8720,38866,11128,38866,1567,217
3842,8720,38867,11128,38867,1567,217
3842,8720,38868,11128,38868,1567,217
3842,8720,38869,11128,38869,1567,217
3841,8720,38870,11128,38870,1567,217
3840,8720,38871,11128,38871,1567,217
3840,8720,38872,11128,38872,1567,217
3840,8720,38873,11128,38873,1567,217
3840,8720,38874,11128,38874,1567,217
3840,8720,38875,11128,38875,1567,217
3838,8720,38876,11128,38876,1567,217
3838,8720,38877,11128,38877,1567,217
3838,8720,38878,11128,38878,1567,217
3838,8720,38879,11128,38879,1567,217
3838,8720,38880,11128,38880,1567,217
3838,8720,38881,11128,38881,1567,217
3838,8720,38882,11128,38882,1567,217
3838,8720,38883,11128,38883,1567,217
3838,8720,38884,11128,38884,1567,217
3839,8720,38885,11128,38885,1567,217
3839,8720,38886,11128,38886,1567,217
3840,8720,38887,11128,38887,1567,217
3841,8720,38888,11128,38888,1567,217
3841,8720,38889,11128,38889,1567,217
3841,8720,38890,11128,38890,1567,217
3841,8720,38891,11128,38891,1567,217
3842,8720,38892,11128,38892,1567,217
3843,8720,38893,11128,38893,1567,217
3843,8720,38894,11128,38894,1567,217
3843,8720,38895,11128,38895,1567,217
3843,8720,38896,11128,38896,1567,217
3843,8720,38897,11128,38897,1567,217
3843,8720,38898,11128,38898,1567,217
3843,8720,38899,11128,38899,1567,217
3844,8720,38900,11128,38900,1567,217
3844,8720,38901,11128,38901,1567,217
3845,8720,38902,11128,38902,1567,217
3845,8720,38903,11128,38903,1567,217
3845,8720,38904,11128,38904,1567,217
3845,8720,38905,11128,38905,1567,217
3845,8720,38906,11128,38906,1567,217
3845,8720,38907,11128,38907,1567,217
3845,8720,38908,11128,38908,1567,217
3844,8720,38909,11128,38909,1567,217
3844,8720,38910,11128,38910,1567,217
3843,8720,38911,11128,38911,1567,217
3843,8720,38912,11128,38912,1567,217
3843,8720,38913,11128,38913,1567,217
3841,8720,38914,11128,38914,1567,217
3841,8720,38915,11128,38915,1567,217
3841,8720,38916,11128,38916,1567,217
3841,8720,38917,11128,38917,1567,217
3841,8720,38918,11128,38918,1567,217
3841,8720,38919,11128,38919,1567,217
3841,8720,38920,11128,38920,1567,217
3841,8720,38921,11128,38921,1567,217
3840,8720,38922,11128,38922,1567,217
3839,8720,38923,11128,38923,1567,217
3838,8720,38924,11128,38924,1567,217
3839,8720,38925,11128,38925,1567,217
3840,8720,38926,11128,38926,1567,217
3840,8720,38927,11128,38927,1567,217
3840,8720,38928,11128,38928,1567,217
3838,8720,38929,11128,38929,1567,216
3839,8720,38930,11128,38930,1567,216
3839,8720,38931,11128,38931,1567,216
3839,8720,38932,11128,38932,1567,216
3840,8720,38933,11128,38933,1567,216
3840,8720,38934,11128,38934,1567,216
3840,8720,38935,11128,38935,1567,216
3840,8720,38936,11128,38936,1567,216
3841,8720,38937,11128,38937,1567,216
3839,8720,38938,11128,38938,1567,215
3839,8720,38939,11128,38939,1567,215
3839,8720,38940,11128,38940,1567,215
3839,8720,38941,11128,38941,1567,215
3839,8720,38942,11128,38942,1567,215
3839,8720,38943,11128,38943,1567,215
3839,8720,38944,11128,38944,1567,215
3839,8720,38945,11128,38945,1567,215
3835,8720,38946,11128,38946,1567,214
3832,8720,38947,11128,38947,1567,213
3832,8720,38948,11128,38948,1567,213
3832,8720,38949,11128,38949,1567,213
3832,8720,38950,11128,38950,1567,213
3832,8720,38951,11128,38951,1567,213
3832,8720,38952,11128,38952,1567,213
3832,8720,38953,11128,38953,1567,213
3830,8720,38954,11128,38954,1567,213
3830,8720,38955,11128,38955,1567,213
3831,8720,38956,11128,38956,1567,213
3831,8720,38957,11128,38957,1567,213
3831,8720,38958,11128,38958,1567,213
3831,8720,38959,11128,38959,1567,213
3831,8720,38960,11128,38960,1567,213
3831,8720,38961,11128,38961,1567,213
3831,8720,38962,11128,38962,1567,213
3831,8720,38963,11128,38963,1567,213
3831,8720,38964,11128,38964,1567,213
3832,8720,38965,11128,38965,1567,213
3832,8720,38966,11128,38966,1567,213
3832,8720,38967,11128,38967,1567,213
3832,8720,38968,11128,38968,1567,213
3832,8720,38969,11128,38969,1567,213
3832,8720,38970,11128,38970,1567,213
3832,8720,38971,11128,38971,1567,213
3832,8720,38972,11128,38972,1567,213
3832,8720,38973,11128,38973,1567,213
3833,8720,38974,11128,38974,1567,213
3833,8720,38975,11128,38975,1567,213
3833,8720,38976,11128,38976,1567,213
3833,8720,38977,11128,38977,1567,213
3833,8720,38978,11128,38978,1567,213
3833,8720,38979,11128,38979,1567,213
3833,8720,38980,11128,38980,1567,213
3833,8720,38981,11128,38981,1567,213
3833,8720,38982,11128,38982,1567,213
3834,8720,38983,11128,38983,1567,213
3834,8720,38984,11128,38984,1567,213
3834,8720,38985,11128,38985,1567,213
3834,8720,38986,11128,38986,1567,213
3834,8720,38987,11128,38987,1567,213
3834,8720,38988,11128,38988,1567,213
3834,8720,38989,11128,38989,1567,213
3834,8720,38990,11128,38990,1567,213
3834,8720,38991,11128,38991,1567,213
3834,8720,38992,11128,38992,1567,213
3833,8720,38993,11128,38993,1567,213
3833,8720,38994,11128,38994,1567,213
3833,8720,38995,11128,38995,1567,213
3833,8720,38996,11128,38996,1567,213
3833,8720,38997,11128,38997,1567,213
3833,8720,38998,11128,38998,1567,213
3833,8720,38999,11128,38999,1567,213
3833,8720,39000,11128,39000,1567,213
3833,8720,39001,11128,39001,1567,213
3833,8720,39002,11128,39002,1567,213
3833,8720,39003,11128,39003,1567,213
3832,8720,39004,11128,39004,1567,213
3832,8720,39005,11128,39005,1567,213
3832,8720,39006,11128,39006,1567,213
3832,8720,39007,11128,39007,1567,213
3831,8720,39008,11128,39008,1567,213
3831,8720,39009,11128,39009,1567,213
3832,8720,39010,11128,39010,1567,213
3831,8720,39011,11128,39011,1567,213
3831,8720,39012,11128,39012,1567,213
3832,8720,39013,11128,39013,1567,213
3832,8720,39014,11128,39014,1567,213
3832,8720,39015,11128,39015,1567,213
3832,8720,39016,11128,39016,1567,213
3832,8720,39017,11128,39017,1567,213
3832,8720,39018,11128,39018,1567,213
3830,8720,39019,11128,39019,1567,213
3830,8720,39020,11128,39020,1567,213
3830,8720,39021,11128,39021,1567,213
3829,8720,39022,11128,39022,1567,213
3829,8720,39023,11128,39023,1567,213
3829,8720,39024,11128,39024,1567,213
3829,8720,39025,11128,39025,1567,213
3829,8720,39026,11128,39026,1567,213
3829,8720,39027,11128,39027,1567,213
3829,8720,39028,11128,39028,1567,213
3829,8720,39029,11128,39029,1567,213
3828,8720,39030,11128,39030,1567,212
3828,8720,39031,11128,39031,1567,212
3827,8720,39032,11128,39032,1567,212
3827,8720,39033,11128,39033,1567,212
3827,8720,39034,11128,39034,1567,212
3827,8720,39035,11128,39035,1567,212
3827,8720,39036,11128,39036,1567,212
3827,8720,39037,11128,39037,1567,212
3827,8720,39038,11128,39038,1567,212
3826,8720,39039,11128,39039,1567,212
3826,8720,39040,11128,39040,1567,212
3826,8720,39041,11128,39041,1567,212
3826,8720,39042,11128,39042,1567,212
3826,8720,39043,11128,39043,1567,212
3827,8720,39044,11128,39044,1567,212
3827,8720,39045,11128,39045,1567,212
3827,8720,39046,11128,39046,1567,212
3827,8720,39047,11128,39047,1567,212
3827,8720,39048,11128,39048,1567,212
3827,8720,39049,11128,39049,1567,212
3827,8720,39050,11128,39050,1567,212
3828,8720,39051,11128,39051,1567,212
3828,8720,39052,11128,39052,1567,212
3828,8720,39053,11128,39053,1567,212
3828,8720,39054,11128,39054,1567,212
3828,8720,39055,11128,39055,1567,212
3828,8720,39056,11128,39056,1567,212
3828,8720,39057,11128,39057,1567,212
3829,8720,39058,11128,39058,1567,212
3829,8720,39059,11128,39059,1567,212
3829,8720,39060,11128,39060,1567,212
3829,8720,39061,11128,39061,1567,212
3827,8720,39062,11128,39062,1567,212
3827,8720,39063,11128,39063,1567,212
3827,8720,39064,11128,39064,1567,212
3827,8720,39065,11128,39065,1567,212
3826,8720,39066,11128,39066,1567,212
3827,8720,39067,11128,39067,1567,212
3827,8720,39068,11128,39068,1567,212
3827,8720,39069,11128,39069,1567,212
3827,8720,39070,11128,39070,1567,212
3827,8720,39071,11128,39071,1567,212
3827,8720,39072,11128,39072,1567,212
3827,8720,39073,11128,39073,1567,212
3826,8720,39074,11128,39074,1567,212
3826,8720,39075,11128,39075,1567,212
3826,8720,39076,11128,39076,1567,212
3826,8720,39077,11128,39077,1567,212
3826,8720,39078,11128,39078,1567,212
3826,8720,39079,11128,39079,1567,212
3825,8720,39080,11128,39080,1567,212
3825,8720,39081,11128,39081,1567,212
3825,8720,39082,11128,39082,1567,212
3825,8720,39083,11128,39083,1567,212
3824,8720,39084,11128,39084,1567,212
3823,8720,39085,11128,39085,1567,212
3822,8720,39086,11128,39086,1567,212
3822,8720,39087,11128,39087,1567,212
3823,8720,39088,11128,39088,1567,212
3823,8720,39089,11128,39089,1567,212
3823,8720,39090,11128,39090,1567,212
3823,8720,39091,11128,39091,1567,212
3823,8720,39092,11128,39092,1567,212
3823,8720,39093,11128,39093,1567,212
3823,8720,39094,11128,39094,1567,212
3823,8720,39095,11128,39095,1567,212
3823,8720,39096,11128,39096,1567,212
3823,8720,39097,11128,39097,1567,212
3823,8720,39098,11128,39098,1567,212
3823,8720,39099,11128,39099,1567,212
3824,8720,39100,11128,39100,1567,212
3825,8720,39101,11128,39101,1567,212
3824,8720,39102,11128,39102,1567,211
3824,8720,39103,11128,39103,1567,211
3824,8720,39104,11128,39104,1567,211
3823,8720,39105,11128,39105,1567,211
3823,8720,39106,11128,39106,1567,211
3823,8720,39107,11128,39107,1567,211
3823,8720,39108,11128,39108,1567,211
3823,8720,39109,11128,39109,1567,211
3823,8720,39110,11128,39110,1567,211
3822,8720,39111,11128,39111,1567,211
3821,8720,39112,11128,39112,1567,211
3822,8720,39113,11128,39113,1567,211
3822,8720,39114,11128,39114,1567,211
3822,8720,39115,11128,39115,1567,211
3822,8720,39116,11128,39116,1567,211
3822,8720,39117,11128,39117,1567,211
3822,8720,39118,11128,39118,1567,211
3822,8720,39119,11128,39119,1567,211
3821,8720,39120,11128,39120,1567,211
3821,8720,39121,11128,39121,1567,211
3821,8720,39122,11128,39122,1567,211
3822,8720,39123,11128,39123,1567,211
3822,8720,39124,11128,39124,1567,211
3822,8720,39125,11128,39125,1567,211
3822,8720,39126,11128,39126,1567,211
3822,8720,39127,11128,39127,1567,211
3822,8720,39128,11128,39128,1567,211
3823,8720,39129,11128,39129,1567,211
3823,8720,39130,11128,39130,1567,211
3823,8720,39131,11128,39131,1567,211
3822,8720,39132,11128,39132,1567,211
3823,8720,39133,11128,39133,1567,211
3823,8720,39134,11128,39134,1567,211
3823,8720,39135,11128,39135,1567,211
3823,8720,39136,11128,39136,1567,211
3823,8720,39137,11128,39137,1567,211
3823,8720,39138,11128,39138,1567,211
3823,8720,39139,11128,39139,1567,211
3824,8720,39140,11128,39140,1567,211
3824,8720,39141,11128,39141,1567,211
3824,8720,39142,11128,39142,1567,211
3825,8720,39143,11128,39143,1567,211
3825,8720,39144,11128,39144,1567,211
3826,8720,39145,11128,39145,1567,211
3826,8720,39146,11128,39146,1567,211
3826,8720,39147,11128,39147,1567,211
3826,8720,39148,11128,39148,1567,211
3826,8720,39149,11128,39149,1567,211
3827,8720,39150,11128,39150,1567,211
3827,8720,39151,11128,39151,1567,211
3826,8720,39152,11128,39152,1567,211
3825,8720,39153,11128,39153,1567,211
3824,8720,39154,11128,39154,1567,211
3824,8720,39155,11128,39155,1567,211
3825,8720,39156,11128,39156,1567,211
3825,8720,39157,11128,39157,1567,211
3826,8720,39158,11128,39158,1567,211
3826,8720,39159,11128,39159,1567,211
3826,8720,39160,11128,39160,1567,211
3826,8720,39161,11128,39161,1567,211
3826,8720,39162,11128,39162,1567,211
3827,8720,39163,11128,39163,1567,211
3827,8720,39164,11128,39164,1567,211
3827,8720,39165,11128,39165,1567,211
3827,8720,39166,11128,39166,1567,211
3827,8720,39167,11128,39167,1567,211
3826,8720,39168,11128,39168,1567,211
3826,8720,39169,11128,39169,1567,211
3826,8720,39170,11128,39170,1567,211
3826,8720,39171,11128,39171,1567,211
3826,8720,39172,11128,39172,1567,211
3826,8720,39173,11128,39173,1567,211
3826,8720,39174,11128,39174,1567,211
3826,8720,39175,11128,39175,1567,211
3825,8720,39176,11128,39176,1567,211
3825,8720,39177,11128,39177,1567,211
3825,8720,39178,11128,39178,1567,211
3825,8720,39179,11128,39179,1567,211
3826,8720,39180,11128,39180,1567,211
3826,8720,39181,11128,39181,1567,211
3826,8720,39182,11128,39182,1567,211
3826,8720,39183,11128,39183,1567,211
3825,8720,39184,11128,39184,1567,211
3825,8720,39185,11128,39185,1567,211
3822,8720,39186,11128,39186,1567,211
3822,8720,39187,11128,39187,1567,211
3821,8720,39188,11128,39188,1567,211
3821,8720,39189,11128,39189,1567,211
3822,8720,39190,11128,39190,1567,211
3822,8720,39191,11128,39191,1567,211
3822,8720,39192,11128,39192,1567,211
3822,8720,39193,11128,39193,1567,211
3822,8720,39194,11128,39194,1567,211
3822,8720,39195,11128,39195,1567,211
3822,8720,39196,11128,39196,1567,211
3822,8720,39197,11128,39197,1567,211
3822,8720,39198,11128,39198,1567,211
3822,8720,39199,11128,39199,1567,211
3822,8720,39200,11128,39200,1567,211
3822,8720,39201,11128,39201,1567,211
3822,8720,39202,11128,39202,1567,211
3822,8720,39203,11128,39203,1567,211
3822,8720,39204,11128,39204,1567,211
3823,8720,39205,11128,39205,1567,211
3823,8720,39206,11128,39206,1567,211
3820,8720,39207,11128,39207,1567,211
3820,8720,39208,11128,39208,1567,211
3820,8720,39209,11128,39209,1567,211
3820,8720,39210,11128,39210,1567,211
3820,8720,39211,11128,39211,1567,211
3820,8720,39212,11128,39212,1567,211
3820,8720,39213,11128,39213,1567,211
3820,8720,39214,11128,39214,1567,211
3820,8720,39215,11128,39215,1567,211
3820,8720,39216,11128,39216,1567,211
3820,8720,39217,11128,39217,1567,211
3820,8720,39218,11128,39218,1567,211
3820,8720,39219,11128,39219,1567,211
3820,8720,39220,11128,39220,1567,211
3820,8720,39221,11128,39221,1567,211
3820,8720,39222,11128,39222,1567,211
3819,8720,39223,11128,39223,1567,211
3820,8720,39224,11128,39224,1567,211
3820,8720,39225,11128,39225,1567,211
3819,8720,39226,11128,39226,1567,211
3819,8720,39227,11128,39227,1567,211
3818,8720,39228,11128,39228,1567,211
3817,8720,39229,11128,39229,1567,211
3817,8720,39230,11128,39230,1567,211
3817,8720,39231,11128,39231,1567,211
3817,8720,39232,11128,39232,1567,211
3817,8720,39233,11128,39233,1567,211
3817,8720,39234,11128,39234,1567,211
3817,8720,39235,11128,39235,1567,211
3817,8720,39236,11128,39236,1567,211
3817,8720,39237,11128,39237,1567,211
3817,8720,39238,11128,39238,1567,211
3817,8720,39239,11128,39239,1567,211
3814,8720,39240,11128,39240,1567,211
3814,8720,39241,11128,39241,1567,211
3814,8720,39242,11128,39242,1567,211
3813,8720,39243,11128,39243,1567,211
3813,8720,39244,11128,39244,1567,211
3813,8720,39245,11128,39245,1567,211
3813,8720,39246,11128,39246,1567,211
3813,8720,39247,11128,39247,1567,211
3813,8720,39248,11128,39248,1567,211
3813,8720,39249,11128,39249,1567,211
3813,8720,39250,11128,39250,1567,211
3813,8720,39251,11128,39251,1567,211
3813,8720,39252,11128,39252,1567,211
3813,8720,39253,11128,39253,1567,211
3813,8720,39254,11128,39254,1567,211
3814,8720,39255,11128,39255,1567,211
3814,8720,39256,11128,39256,1567,211
3814,8720,39257,11128,39257,1567,211
3814,8720,39258,11128,39258,1567,211
3814,8720,39259,11128,39259,1567,211
3814,8720,39260,11128,39260,1567,211
3814,8720,39261,11128,39261,1567,211
3814,8720,39262,11128,39262,1567,211
3813,8720,39263,11128,39263,1567,211
3813,8720,39264,11128,39264,1567,211
3813,8720,39265,11128,39265,1567,211
3812,8720,39266,11128,39266,1567,211
3813,8720,39267,11128,39267,1567,211
3812,8720,39268,11128,39268,1567,211
3812,8720,39269,11128,39269,1567,211
3812,8720,39270,11128,39270,1567,211
3813,8720,39271,11128,39271,1567,211
3813,8720,39272,11128,39272,1567,211
3813,8720,39273,11128,39273,1567,211
3814,8720,39274,11128,39274,1567,211
3814,8720,39275,11128,39275,1567,211
3814,8720,39276,11128,39276,1567,211
3814,8720,39277,11128,39277,1567,211
3814,8720,39278,11128,39278,1567,211
3814,8720,39279,11128,39279,1567,211
3814,8720,39280,11128,39280,1567,211
3814,8720,39281,11128,39281,1567,211
3814,8720,39282,11128,39282,1567,211
3814,8720,39283,11128,39283,1567,211
3814,8720,39284,11128,39284,1567,211
3813,8720,39285,11128,39285,1567,211
3813,8720,39286,11128,39286,1567,211
3813,8720,39287,11128,39287,1567,211
3813,8720,39288,11128,39288,1567,211
3814,8720,39289,11128,39289,1567,211
3814,8720,39290,11128,39290,1567,211
3815,8720,39291,11128,39291,1567,211
3814,8720,39292,11128,39292,1567,211
3814,8720,39293,11128,39293,1567,211
3814,8720,39294,11128,39294,1567,211
3813,8720,39295,11128,39295,1567,211
3813,8720,39296,11128,39296,1567,211
3813,8720,39297,11128,39297,1567,211
3813,8720,39298,11128,39298,1567,211
3813,8720,39299,11128,39299,1567,211
3813,8720,39300,11128,39300,1567,211
3813,8720,39301,11128,39301,1567,211
3814,8720,39302,11128,39302,1567,211
3814,8720,39303,11128,39303,1567,211
3814,8720,39304,11128,39304,1567,211
3814,8720,39305,11128,39305,1567,211
3813,8720,39306,11128,39306,1567,211
3812,8720,39307,11128,39307,1567,211
3812,8720,39308,11128,39308,1567,211
3812,8720,39309,11128,39309,1567,211
3813,8720,39310,11128,39310,1567,211
3812,8720,39311,11128,39311,1567,211
3812,8720,39312,11128,39312,1567,211
3812,8720,39313,11128,39313,1567,211
3812,8720,39314,11128,39314,1567,211
3812,8720,39315,11128,39315,1567,211
3812,8720,39316,11128,39316,1567,211
3813,8720,39317,11128,39317,1567,211
3813,8720,39318,11128,39318,1567,211
3813,8720,39319,11128,39319,1567,211
3813,8720,39320,11128,39320,1567,211
3813,8720,39321,11128,39321,1567,211
3812,8720,39322,11128,39322,1567,211
3812,8720,39323,11128,39323,1567,211
3812,8720,39324,11128,39324,1567,211
3812,8720,39325,11128,39325,1567,211
3812,8720,39326,11128,39326,1567,211
3812,8720,39327,11128,39327,1567,211
3812,8720,39328,11128,39328,1567,211
3813,8720,39329,11128,39329,1567,211
3813,8720,39330,11128,39330,1567,211
3813,8720,39331,11128,39331,1567,211
3813,8720,39332,11128,39332,1567,211
3813,8720,39333,11128,39333,1567,211
3813,8720,39334,11128,39334,1567,211
3813,8720,39335,11128,39335,1567,211
3814,8720,39336,11128,39336,1567,211
3814,8720,39337,11128,39337,1567,211
3814,8720,39338,11128,39338,1567,211
3814,8720,39339,11128,39339,1567,211
3814,8720,39340,11128,39340,1567,211
3814,8720,39341,11128,39341,1567,211
3814,8720,39342,11128,39342,1567,211
3814,8720,39343,11128,39343,1567,211
3814,8720,39344,11128,39344,1567,211
3814,8720,39345,11128,39345,1567,211
3814,8720,39346,11128,39346,1567,211
3814,8720,39347,11128,39347,1567,211
3813,8720,39348,11128,39348,1567,211
3813,8720,39349,11128,39349,1567,211
3813,8720,39350,11128,39350,1567,211
3813,8720,39351,11128,39351,1567,211
3814,8720,39352,11128,39352,1567,211
3814,8720,39353,11128,39353,1567,211
3814,8720,39354,11128,39354,1567,211
3815,8720,39355,11128,39355,1567,211
3815,8720,39356,11128,39356,1567,211
3815,8720,39357,11128,39357,1567,211
3815,8720,39358,11128,39358,1567,211
3816,8720,39359,11128,39359,1567,211
3816,8720,39360,11128,39360,1567,211
3815,8720,39361,11128,39361,1567,211
3815,8720,39362,11128,39362,1567,211
3814,8720,39363,11128,39363,1567,211
3814,8720,39364,11128,39364,1567,211
3814,8720,39365,11128,39365,1567,211
3814,8720,39366,11128,39366,1567,211
3814,8720,39367,11128,39367,1567,211
3814,8720,39368,11128,39368,1567,211
3814,8720,39369,11128,39369,1567,211
3814,8720,39370,11128,39370,1567,211
3814,8720,39371,11128,39371,1567,211
3814,8720,39372,11128,39372,1567,211
3814,8720,39373,11128,39373,1567,211
3814,8720,39374,11128,39374,1567,211
3814,8720,39375,11128,39375,1567,211
3814,8720,39376,11128,39376,1567,211
3814,8720,39377,11128,39377,1567,211
3814,8720,39378,11128,39378,1567,211
3815,8720,39379,11128,39379,1567,211
3814,8720,39380,11128,39380,1567,211
3814,8720,39381,11128,39381,1567,211
3814,8720,39382,11128,39382,1567,211
3813,8720,39383,11128,39383,1567,211
3813,8720,39384,11128,39384,1567,211
3813,8720,39385,11128,39385,1567,211
3814,8720,39386,11128,39386,1567,211
3814,8720,39387,11128,39387,1567,211
3814,8720,39388,11128,39388,1567,211
3813,8720,39389,11128,39389,1567,211
3813,8720,39390,11128,39390,1567,211
3813,8720,39391,11128,39391,1567,211
3813,8720,39392,11128,39392,1567,211
3813,8720,39393,11128,39393,1567,211
3812,8720,39394,11128,39394,1567,211
3812,8720,39395,11128,39395,1567,211
3812,8720,39396,11128,39396,1567,211
3811,8720,39397,11128,39397,1567,211
3811,8720,39398,11128,39398,1567,211
3811,8720,39399,11128,39399,1567,211
3811,8720,39400,11128,39400,1567,211
3811,8720,39401,11128,39401,1567,211
3811,8720,39402,11128,39402,1567,211
3810,8720,39403,11128,39403,1567,211
3810,8720,39404,11128,39404,1567,211
3810,8720,39405,11128,39405,1567,211
3809,8720,39406,11128,39406,1567,211
3809,8720,39407,11128,39407,1567,211
3809,8720,39408,11128,39408,1567,211
3809,8720,39409,11128,39409,1567,211
3809,8720,39410,11128,39410,1567,211
3809,8720,39411,11128,39411,1567,211
3809,8720,39412,11128,39412,1567,211
3807,8720,39413,11128,39413,1567,211
3807,8720,39414,11128,39414,1567,211
3807,8720,39415,11128,39415,1567,211
3806,8720,39416,11128,39416,1567,211
3806,8720,39417,11128,39417,1567,211
3807,8720,39418,11128,39418,1567,211
3807,8720,39419,11128,39419,1567,211
3807,8720,39420,11128,39420,1567,211
3807,8720,39421,11128,39421,1567,211
3807,8720,39422,11128,39422,1567,211
3807,8720,39423,11128,39423,1567,211
3807,8720,39424,11128,39424,1567,211
3807,8720,39425,11128,39425,1567,211
3807,8720,39426,11128,39426,1567,211
3806,8720,39427,11128,39427,1567,211
3807,8720,39428,11128,39428,1567,211
3807,8720,39429,11128,39429,1567,211
3807,8720,39430,11128,39430,1567,211
3807,8720,39431,11128,39431,1567,211
3807,8720,39432,11128,39432,1567,211
3806,8720,39433,11128,39433,1567,211
3805,8720,39434,11128,39434,1567,211
3805,8720,39435,11128,39435,1567,211
3805,8720,39436,11128,39436,1567,211
3806,8720,39437,11128,39437,1567,211
3804,8720,39438,11128,39438,1567,211
3804,8720,39439,11128,39439,1567,211
3805,8720,39440,11128,39440,1567,211
3804,8720,39441,11128,39441,1567,211
3804,8720,39442,11128,39442,1567,211
3804,8720,39443,11128,39443,1567,211
3803,8720,39444,11128,39444,1567,210
3803,8720,39445,11128,39445,1567,210
3803,8720,39446,11128,39446,1567,210
3803,8720,39447,11128,39447,1567,210
3803,8720,39448,11128,39448,1567,210
3802,8720,39449,11128,39449,1567,210
3802,8720,39450,11128,39450,1567,210
3803,8720,39451,11128,39451,1567,210
3803,8720,39452,11128,39452,1567,210
3803,8720,39453,11128,39453,1567,210
3803,8720,39454,11128,39454,1567,210
3803,8720,39455,11128,39455,1567,210
3803,8720,39456,11128,39456,1567,210
3803,8720,39457,11128,39457,1567,210
3803,8720,39458,11128,39458,1567,210
3802,8720,39459,11128,39459,1567,210
3802,8720,39460,11128,39460,1567,210
3802,8720,39461,11128,39461,1567,210
3802,8720,39462,11128,39462,1567,210
3802,8720,39463,11128,39463,1567,210
3802,8720,39464,11128,39464,1567,210
3802,8720,39465,11128,39465,1567,210
3802,8720,39466,11128,39466,1567,210
3802,8720,39467,11128,39467,1567,210
3800,8720,39468,11128,39468,1567,210
3801,8720,39469,11128,39469,1567,210
3801,8720,39470,11128,39470,1567,210
3801,8720,39471,11128,39471,1567,210
3801,8720,39472,11128,39472,1567,210
3801,8720,39473,11128,39473,1567,210
3801,8720,39474,11128,39474,1567,210
3801,8720,39475,11128,39475,1567,210
3800,8720,39476,11128,39476,1567,210
3801,8720,39477,11128,39477,1567,210
3801,8720,39478,11128,39478,1567,210
3801,8720,39479,11128,39479,1567,210
3801,8720,39480,11128,39480,1567,210
3801,8720,39481,11128,39481,1567,210
3801,8720,39482,11128,39482,1567,210
3801,8720,39483,11128,39483,1567,210
3801,8720,39484,11128,39484,1567,210
3801,8720,39485,11128,39485,1567,210
3801,8720,39486,11128,39486,1567,210
3801,8720,39487,11128,39487,1567,210
3801,8720,39488,11128,39488,1567,210
3802,8720,39489,11128,39489,1567,210
3802,8720,39490,11128,39490,1567,210
3802,8720,39491,11128,39491,1567,210
3802,8720,39492,11128,39492,1567,210
3802,8720,39493,11128,39493,1567,210
3802,8720,39494,11128,39494,1567,210
3802,8720,39495,11128,39495,1567,210
3802,8720,39496,11128,39496,1567,210
3802,8720,39497,11128,39497,1567,210
3802,8720,39498,11128,39498,1567,210
3803,8720,39499,11128,39499,1567,210
3803,8720,39500,11128,39500,1567,210
3803,8720,39501,11128,39501,1567,210
3803,8720,39502,11128,39502,1567,210
3803,8720,39503,11128,39503,1567,210
3804,8720,39504,11128,39504,1567,210
3803,8720,39505,11128,39505,1567,210
3803,8720,39506,11128,39506,1567,210
3800,8720,39507,11128,39507,1567,210
3800,8720,39508,11128,39508,1567,210
3800,8720,39509,11128,39509,1567,210
3800,8720,39510,11128,39510,1567,210
3801,8720,39511,11128,39511,1567,210
3801,8720,39512,11128,39512,1567,210
3802,8720,39513,11128,39513,1567,210
3802,8720,39514,11128,39514,1567,210
3802,8720,39515,11128,39515,1567,210
3802,8720,39516,11128,39516,1567,210
3802,8720,39517,11128,39517,1567,210
3802,8720,39518,11128,39518,1567,210
3802,8720,39519,11128,39519,1567,210
3801,8720,39520,11128,39520,1567,210
3801,8720,39521,11128,39521,1567,210
3802,8720,39522,11128,39522,1567,210
3802,8720,39523,11128,39523,1567,210
3802,8720,39524,11128,39524,1567,210
3803,8720,39525,11128,39525,1567,210
3804,8720,39526,11128,39526,1567,210
3804,8720,39527,11128,39527,1567,210
3805,8720,39528,11128,39528,1567,210
3805,8720,39529,11128,39529,1567,210
3805,8720,39530,11128,39530,1567,210
3805,8720,39531,11128,39531,1567,210
3805,8720,39532,11128,39532,1567,210
3805,8720,39533,11128,39533,1567,210
3806,8720,39534,11128,39534,1567,210
3805,8720,39535,11128,39535,1567,210
3806,8720,39536,11128,39536,1567,210
3806,8720,39537,11128,39537,1567,210
3806,8720,39538,11128,39538,1567,210
3806,8720,39539,11128,39539,1567,210
3806,8720,39540,11128,39540,1567,210
3807,8720,39541,11128,39541,1567,210
3806,8720,39542,11128,39542,1567,210
3806,8720,39543,11128,39543,1567,210
3806,8720,39544,11128,39544,1567,210
3806,8720,39545,11128,39545,1567,210
3805,8720,39546,11128,39546,1567,210
3805,8720,39547,11128,39547,1567,210
3805,8720,39548,11128,39548,1567,210
3805,8720,39549,11128,39549,1567,210
3803,8720,39550,11128,39550,1567,210
3803,8720,39551,11128,39551,1567,210
3803,8720,39552,11128,39552,1567,210
3803,8720,39553,11128,39553,1567,210
3803,8720,39554,11128,39554,1567,210
3804,8720,39555,11128,39555,1567,210
3804,8720,39556,11128,39556,1567,210
3804,8720,39557,11128,39557,1567,210
3804,8720,39558,11128,39558,1567,210
3804,8720,39559,11128,39559,1567,210
3804,8720,39560,11128,39560,1567,210
3804,8720,39561,11128,39561,1567,210
3804,8720,39562,11128,39562,1567,210
3805,8720,39563,11128,39563,1567,210
3805,8720,39564,11128,39564,1567,210
3805,8720,39565,11128,39565,1567,210
3805,8720,39566,11128,39566,1567,210
3805,8720,39567,11128,39567,1567,210
3805,8720,39568,11128,39568,1567,210
3806,8720,39569,11128,39569,1567,210
3806,8720,39570,11128,39570,1567,210
3805,8720,39571,11128,39571,1567,210
3805,8720,39572,11128,39572,1567,210
3804,8720,39573,11128,39573,1567,210
3803,8720,39574,11128,39574,1567,210
3802,8720,39575,11128,39575,1567,210
3801,8720,39576,11128,39576,1567,210
3801,8720,39577,11128,39577,1567,210
3801,8720,39578,11128,39578,1567,210
3801,8720,39579,11128,39579,1567,210
3801,8720,39580,11128,39580,1567,210
3801,8720,39581,11128,39581,1567,210
3802,8720,39582,11128,39582,1567,210
3802,8720,39583,11128,39583,1567,210
3802,8720,39584,11128,39584,1567,210
3802,8720,39585,11128,39585,1567,210
3802,8720,39586,11128,39586,1567,210
3803,8720,39587,11128,39587,1567,210
3802,8720,39588,11128,39588,1567,210
3802,8720,39589,11128,39589,1567,210
3803,8720,39590,11128,39590,1567,210
3803,8720,39591,11128,39591,1567,210
3802,8720,39592,11128,39592,1567,210
3802,8720,39593,11128,39593,1567,210
3803,8720,39594,11128,39594,1567,210
3803,8720,39595,11128,39595,1567,210
3803,8720,39596,11128,39596,1567,210
3803,8720,39597,11128,39597,1567,210
3803,8720,39598,11128,39598,1567,210
3803,8720,39599,11128,39599,1567,210
3803,8720,39600,11128,39600,1567,210
3803,8720,39601,11128,39601,1567,210
3803,8720,39602,11128,39602,1567,210
3802,8720,39603,11128,39603,1567,210
3802,8720,39604,11128,39604,1567,210
3802,8720,39605,11128,39605,1567,210
3802,8720,39606,11128,39606,1567,210
3801,8720,39607,11128,39607,1567,210
3802,8720,39608,11128,39608,1567,210
3802,8720,39609,11128,39609,1567,210
3802,8720,39610,11128,39610,1567,210
3802,8720,39611,11128,39611,1567,210
3802,8720,39612,11128,39612,1567,210
3803,8720,39613,11128,39613,1567,210
3804,8720,39614,11128,39614,1567,210
3804,8720,39615,11128,39615,1567,210
3804,8720,39616,11128,39616,1567,210
3804,8720,39617,11128,39617,1567,210
3804,8720,39618,11128,39618,1567,210
3803,8720,39619,11128,39619,1567,210
3802,8720,39620,11128,39620,1567,210
3802,8720,39621,11128,39621,1567,210
3802,8720,39622,11128,39622,1567,210
3802,8720,39623,11128,39623,1567,210
3802,8720,39624,11128,39624,1567,210
3802,8720,39625,11128,39625,1567,210
3802,8720,39626,11128,39626,1567,210
3802,8720,39627,11128,39627,1567,210
3802,8720,39628,11128,39628,1567,210
3802,8720,39629,11128,39629,1567,210
3801,8720,39630,11128,39630,1567,210
3801,8720,39631,11128,39631,1567,210
3801,8720,39632,11128,39632,1567,210
3801,8720,39633,11128,39633,1567,210
3801,8720,39634,11128,39634,1567,210
3801,8720,39635,11128,39635,1567,210
3801,8720,39636,11128,39636,1567,210
3801,8720,39637,11128,39637,1567,210
3801,8720,39638,11128,39638,1567,210
3801,8720,39639,11128,39639,1567,210
3801,8720,39640,11128,39640,1567,210
3801,8720,39641,11128,39641,1567,210
3801,8720,39642,11128,39642,1567,210
3800,8720,39643,11128,39643,1567,210
3800,8720,39644,11128,39644,1567,210
3800,8720,39645,11128,39645,1567,210
3800,8720,39646,11128,39646,1567,210
3800,8720,39647,11128,39647,1567,210
3800,8720,39648,11128,39648,1567,210
3800,8720,39649,11128,39649,1567,210
3800,8720,39650,11128,39650,1567,210
3800,8720,39651,11128,39651,1567,210
3800,8720,39652,11128,39652,1567,210
3801,8720,39653,11128,39653,1567,210
3801,8720,39654,11128,39654,1567,210
3802,8720,39655,11128,39655,1567,210
3802,8720,39656,11128,39656,1567,210
3802,8720,39657,11128,39657,1567,210
3801,8720,39658,11128,39658,1567,210
3801,8720,39659,11128,39659,1567,210
3801,8720,39660,11128,39660,1567,210
3801,8720,39661,11128,39661,1567,210
3801,8720,39662,11128,39662,1567,210
3801,8720,39663,11128,39663,1567,210
3799,8720,39664,11128,39664,1567,210
3799,8720,39665,11128,39665,1567,210
3799,8720,39666,11128,39666,1567,210
3800,8720,39667,11128,39667,1567,210
3800,8720,39668,11128,39668,1567,210
3800,8720,39669,11128,39669,1567,210
3800,8720,39670,11128,39670,1567,210
3800,8720,39671,11128,39671,1567,210
3800,8720,39672,11128,39672,1567,210
3799,8720,39673,11128,39673,1567,210
3799,8720,39674,11128,39674,1567,210
3799,8720,39675,11128,39675,1567,210
3799,8720,39676,11128,39676,1567,210
3799,8720,39677,11128,39677,1567,210
3799,8720,39678,11128,39678,1567,210
3799,8720,39679,11128,39679,1567,210
3800,8720,39680,11128,39680,1567,210
3800,8720,39681,11128,39681,1567,210
3800,8720,39682,11128,39682,1567,210
3799,8720,39683,11128,39683,1567,210
3799,8720,39684,11128,39684,1567,210
3799,8720,39685,11128,39685,1567,210
3799,8720,39686,11128,39686,1567,210
3799,8720,39687,11128,39687,1567,210
3799,8720,39688,11128,39688,1567,210
3799,8720,39689,11128,39689,1567,210
3799,8720,39690,11128,39690,1567,210
3799,8720,39691,11128,39691,1567,210
3799,8720,39692,11128,39692,1567,210
3799,8720,39693,11128,39693,1567,210
3799,8720,39694,11128,39694,1567,210
3799,8720,39695,11128,39695,1567,210
3799,8720,39696,11128,39696,1567,210
3799,8720,39697,11128,39697,1567,210
3800,8720,39698,11128,39698,1567,210
3800,8720,39699,11128,39699,1567,210
3800,8720,39700,11128,39700,1567,210
3800,8720,39701,11128,39701,1567,210
3800,8720,39702,11128,39702,1567,210
3800,8720,39703,11128,39703,1567,210
3800,8720,39704,11128,39704,1567,210
3799,8720,39705,11128,39705,1567,210
3799,8720,39706,11128,39706,1567,210
3799,8720,39707,11128,39707,1567,210
3799,8720,39708,11128,39708,1567,210
3799,8720,39709,11128,39709,1567,210
3799,8720,39710,11128,39710,1567,210
3799,8720,39711,11128,39711,1567,210
3799,8720,39712,11128,39712,1567,210
3799,8720,39713,11128,39713,1567,210
3799,8720,39714,11128,39714,1567,210
3799,8720,39715,11128,39715,1567,210
3799,8720,39716,11128,39716,1567,210
3800,8720,39717,11128,39717,1567,210
3800,8720,39718,11128,39718,1567,210
3800,8720,39719,11128,39719,1567,210
3800,8720,39720,11128,39720,1567,210
3800,8720,39721,11128,39721,1567,210
3800,8720,39722,11128,39722,1567,210
3800,8720,39723,11128,39723,1567,210
3800,8720,39724,11128,39724,1567,210
3800,8720,39725,11128,39725,1567,210
3800,8720,39726,11128,39726,1567,210
3800,8720,39727,11128,39727,1567,210
3800,8720,39728,11128,39728,1567,210
3801,8720,39729,11128,39729,1567,210
3800,8720,39730,11128,39730,1567,210
3800,8720,39731,11128,39731,1567,210
3798,8720,39732,11128,39732,1567,208
3798,8720,39733,11128,39733,1567,208
3798,8720,39734,11128,39734,1567,208
3798,8720,39735,11128,39735,1567,208
3798,8720,39736,11128,39736,1567,208
3799,8720,39737,11128,39737,1567,208
3799,8720,39738,11128,39738,1567,208
3799,8720,39739,11128,39739,1567,208
3799,8720,39740,11128,39740,1567,208
3798,8720,39741,11128,39741,1567,208
3798,8720,39742,11128,39742,1567,208
3798,8720,39743,11128,39743,1567,208
3798,8720,39744,11128,39744,1567,208
3798,8720,39745,11128,39745,1567,208
3798,8720,39746,11128,39746,1567,208
3798,8720,39747,11128,39747,1567,208
3799,8720,39748,11128,39748,1567,208
3798,8720,39749,11128,39749,1567,208
3798,8720,39750,11128,39750,1567,208
3797,8720,39751,11128,39751,1567,208
3798,8720,39752,11128,39752,1567,208
3798,8720,39753,11128,39753,1567,208
3798,8720,39754,11128,39754,1567,208
3798,8720,39755,11128,39755,1567,208
3798,8720,39756,11128,39756,1567,208
3798,8720,39757,11128,39757,1567,208
3798,8720,39758,11128,39758,1567,208
3798,8720,39759,11128,39759,1567,208
3798,8720,39760,11128,39760,1567,208
3798,8720,39761,11128,39761,1567,208
3798,8720,39762,11128,39762,1567,208
3797,8720,39763,11128,39763,1567,208
3797,8720,39764,11128,39764,1567,208
3798,8720,39765,11128,39765,1567,208
3798,8720,39766,11128,39766,1567,208
3798,8720,39767,11128,39767,1567,208
3797,8720,39768,11128,39768,1567,208
3797,8720,39769,11128,39769,1567,208
3797,8720,39770,11128,39770,1567,208
3798,8720,39771,11128,39771,1567,208
3796,8720,39772,11128,39772,1567,208
3796,8720,39773,11128,39773,1567,208
3796,8720,39774,11128,39774,1567,208
3796,8720,39775,11128,39775,1567,208
3796,8720,39776,11128,39776,1567,208
3796,8720,39777,11128,39777,1567,208
3796,8720,39778,11128,39778,1567,208
3796,8720,39779,11128,39779,1567,208
3796,8720,39780,11128,39780,1567,208
3796,8720,39781,11128,39781,1567,208
3796,8720,39782,11128,39782,1567,208
3796,8720,39783,11128,39783,1567,208
3795,8720,39784,11128,39784,1567,208
3795,8720,39785,11128,39785,1567,208
3795,8720,39786,11128,39786,1567,208
3795,8720,39787,11128,39787,1567,208
3795,8720,39788,11128,39788,1567,208
3795,8720,39789,11128,39789,1567,208
3795,8720,39790,11128,39790,1567,208
3795,8720,39791,11128,39791,1567,208
3795,8720,39792,11128,39792,1567,208
3795,8720,39793,11128,39793,1567,208
3795,8720,39794,11128,39794,1567,208
3795,8720,39795,11128,39795,1567,208
3795,8720,39796,11128,39796,1567,208
3794,8720,39797,11128,39797,1567,208
3794,8720,39798,11128,39798,1567,208
3794,8720,39799,11128,39799,1567,208
3793,8720,39800,11128,39800,1567,208
3793,8720,39801,11128,39801,1567,208
3793,8720,39802,11128,39802,1567,208
3793,8720,39803,11128,39803,1567,208
3793,8720,39804,11128,39804,1567,208
3793,8720,39805,11128,39805,1567,208
3793,8720,39806,11128,39806,1567,208
3791,8720,39807,11128,39807,1567,208
3791,8720,39808,11128,39808,1567,208
3791,8720,39809,11128,39809,1567,208
3791,8720,39810,11128,39810,1567,208
3792,8720,39811,11128,39811,1567,208
3791,8720,39812,11128,39812,1567,208
3791,8720,39813,11128,39813,1567,208
3791,8720,39814,11128,39814,1567,208
3791,8720,39815,11128,39815,1567,208
3790,8720,39816,11128,39816,1567,208
3790,8720,39817,11128,39817,1567,208
3790,8720,39818,11128,39818,1567,208
3791,8720,39819,11128,39819,1567,208
3791,8720,39820,11128,39820,1567,208
3791,8720,39821,11128,39821,1567,208
3791,8720,39822,11128,39822,1567,208
3789,8720,39823,11128,39823,1567,208
3789,8720,39824,11128,39824,1567,208
3790,8720,39825,11128,39825,1567,208
3790,8720,39826,11128,39826,1567,208
3790,8720,39827,11128,39827,1567,208
3790,8720,39828,11128,39828,1567,208
3790,8720,39829,11128,39829,1567,208
3790,8720,39830,11128,39830,1567,208
3789,8720,39831,11128,39831,1567,208
3789,8720,39832,11128,39832,1567,208
3787,8720,39833,11128,39833,1567,208
3786,8720,39834,11128,39834,1567,208
3786,8720,39835,11128,39835,1567,208
3786,8720,39836,11128,39836,1567,208
3786,8720,39837,11128,39837,1567,208
3786,8720,39838,11128,39838,1567,208
3786,8720,39839,11128,39839,1567,208
3786,8720,39840,11128,39840,1567,208
3786,8720,39841,11128,39841,1567,208
3786,8720,39842,11128,39842,1567,208
3787,8720,39843,11128,39843,1567,208
3787,8720,39844,11128,39844,1567,208
3787,8720,39845,11128,39845,1567,208
3787,8720,39846,11128,39846,1567,208
3787,8720,39847,11128,39847,1567,208
3787,8720,39848,11128,39848,1567,208
3787,8720,39849,11128,39849,1567,208
3787,8720,39850,11128,39850,1567,208
3787,8720,39851,11128,39851,1567,208
3788,8720,39852,11128,39852,1567,208
3788,8720,39853,11128,39853,1567,208
3787,8720,39854,11128,39854,1567,208
3787,8720,39855,11128,39855,1567,208
3787,8720,39856,11128,39856,1567,208
3787,8720,39857,11128,39857,1567,208
3787,8720,39858,11128,39858,1567,208
3787,8720,39859,11128,39859,1567,208
3787,8720,39860,11128,39860,1567,208
3787,8720,39861,11128,39861,1567,208
3787,8720,39862,11128,39862,1567,208
3788,8720,39863,11128,39863,1567,208
3788,8720,39864,11128,39864,1567,208
3788,8720,39865,11128,39865,1567,208
3788,8720,39866,11128,39866,1567,208
3788,8720,39867,11128,39867,1567,208
3788,8720,39868,11128,39868,1567,208
3788,8720,39869,11128,39869,1567,208
3788,8720,39870,11128,39870,1567,208
3789,8720,39871,11128,39871,1567,208
3789,8720,39872,11128,39872,1567,208
3789,8720,39873,11128,39873,1567,208
3788,8720,39874,11128,39874,1567,208
3788,8720,39875,11128,39875,1567,208
3788,8720,39876,11128,39876,1567,208
3788,8720,39877,11128,39877,1567,208
3788,8720,39878,11128,39878,1567,208
3788,8720,39879,11128,39879,1567,208
3787,8720,39880,11128,39880,1567,208
3787,8720,39881,11128,39881,1567,208
3787,8720,39882,11128,39882,1567,208
3787,8720,39883,11128,39883,1567,208
3787,8720,39884,11128,39884,1567,208
3787,8720,39885,11128,39885,1567,208
3787,8720,39886,11128,39886,1567,208
3787,8720,39887,11128,39887,1567,208
3787,8720,39888,11128,39888,1567,208
3787,8720,39889,11128,39889,1567,208
3788,8720,39890,11128,39890,1567,208
3789,8720,39891,11128,39891,1567,208
3788,8720,39892,11128,39892,1567,208
3787,8720,39893,11128,39893,1567,208
3788,8720,39894,11128,39894,1567,208
3788,8720,39895,11128,39895,1567,208
3788,8720,39896,11128,39896,1567,208
3788,8720,39897,11128,39897,1567,208
3788,8720,39898,11128,39898,1567,208
3788,8720,39899,11128,39899,1567,208
3786,8720,39900,11128,39900,1567,208
3786,8720,39901,11128,39901,1567,208
3786,8720,39902,11128,39902,1567,208
3786,8720,39903,11128,39903,1567,208
3786,8720,39904,11128,39904,1567,208
3787,8720,39905,11128,39905,1567,208
3787,8720,39906,11128,39906,1567,208
3787,8720,39907,11128,39907,1567,208
3787,8720,39908,11128,39908,1567,208
3787,8720,39909,11128,39909,1567,208
3787,8720,39910,11128,39910,1567,208
3787,8720,39911,11128,39911,1567,208
3787,8720,39912,11128,39912,1567,208
3787,8720,39913,11128,39913,1567,208
3786,8720,39914,11128,39914,1567,208
3786,8720,39915,11128,39915,1567,208
3786,8720,39916,11128,39916,1567,208
3786,8720,39917,11128,39917,1567,208
3786,8720,39918,11128,39918,1567,208
3787,8720,39919,11128,39919,1567,208
3787,8720,39920,11128,39920,1567,208
3787,8720,39921,11128,39921,1567,208
3788,8720,39922,11128,39922,1567,208
3788,8720,39923,11128,39923,1567,208
3788,8720,39924,11128,39924,1567,208
3788,8720,39925,11128,39925,1567,208
3788,8720,39926,11128,39926,1567,208
3788,8720,39927,11128,39927,1567,208
3788,8720,39928,11128,39928,1567,208
3788,8720,39929,11128,39929,1567,208
3788,8720,39930,11128,39930,1567,208
3788,8720,39931,11128,39931,1567,208
3788,8720,39932,11128,39932,1567,208
3787,8720,39933,11128,39933,1567,208
3787,8720,39934,11128,39934,1567,208
3787,8720,39935,11128,39935,1567,208
3788,8720,39936,11128,39936,1567,208
3788,8720,39937,11128,39937,1567,208
3787,8720,39938,11128,39938,1567,208
3788,8720,39939,11128,39939,1567,208
3788,8720,39940,11128,39940,1567,208
3788,8720,39941,11128,39941,1567,208
3788,8720,39942,11128,39942,1567,208
3788,8720,39943,11128,39943,1567,208
3788,8720,39944,11128,39944,1567,208
3788,8720,39945,11128,39945,1567,208
3788,8720,39946,11128,39946,1567,208
3787,8720,39947,11128,39947,1567,208
3787,8720,39948,11128,39948,1567,208
3787,8720,39949,11128,39949,1567,208
3787,8720,39950,11128,39950,1567,208
3786,8720,39951,11128,39951,1567,208
3786,8720,39952,11128,39952,1567,208
3786,8720,39953,11128,39953,1567,208
3786,8720,39954,11128,39954,1567,208
3786,8720,39955,11128,39955,1567,208
3786,8720,39956,11128,39956,1567,208
3783,8720,39957,11128,39957,1567,208
3782,8720,39958,11128,39958,1567,208
3782,8720,39959,11128,39959,1567,208
3782,8720,39960,11128,39960,1567,208
3782,8720,39961,11128,39961,1567,208
3782,8720,39962,11128,39962,1567,208
3781,8720,39963,11128,39963,1567,208
3781,8720,39964,11128,39964,1567,208
3781,8720,39965,11128,39965,1567,208
3781,8720,39966,11128,39966,1567,208
3781,8720,39967,11128,39967,1567,208
3781,8720,39968,11128,39968,1567,208
3780,8720,39969,11128,39969,1567,208
3779,8720,39970,11128,39970,1567,208
3779,8720,39971,11128,39971,1567,208
3780,8720,39972,11128,39972,1567,208
3780,8720,39973,11128,39973,1567,208
3780,8720,39974,11128,39974,1567,208
3780,8720,39975,11128,39975,1567,208
3777,8720,39976,11128,39976,1567,206
3776,8720,39977,11128,39977,1567,206
3776,8720,39978,11128,39978,1567,206
3776,8720,39979,11128,39979,1567,206
3776,8720,39980,11128,39980,1567,206
3776,8720,39981,11128,39981,1567,206
3776,8720,39982,11128,39982,1567,206
3776,8720,39983,11128,39983,1567,206
3776,8720,39984,11128,39984,1567,206
3776,8720,39985,11128,39985,1567,206
3776,8720,39986,11128,39986,1567,206
3776,8720,39987,11128,39987,1567,206
3776,8720,39988,11128,39988,1567,206
3776,8720,39989,11128,39989,1567,206
3776,8720,39990,11128,39990,1567,206
3776,8720,39991,11128,39991,1567,206
3776,8720,39992,11128,39992,1567,206
3775,8720,39993,11128,39993,1567,206
3775,8720,39994,11128,39994,1567,206
3775,8720,39995,11128,39995,1567,206
3775,8720,39996,11128,39996,1567,206
3775,8720,39997,11128,39997,1567,206
3775,8720,39998,11128,39998,1567,206
3775,8720,39999,11128,39999,1567,206
3775,8720,40000,11128,40000,1567,206
3775,8720,40001,11128,40001,1567,206
3775,8720,40002,11128,40002,1567,206
3776,8720,40003,11128,40003,1567,206
3776,8720,40004,11128,40004,1567,206
3776,8720,40005,11128,40005,1567,206
3776,8720,40006,11128,40006,1567,206
3775,8720,40007,11128,40007,1567,206
3775,8720,40008,11128,40008,1567,206
3775,8720,40009,11128,40009,1567,206
3771,8720,40010,11128,40010,1567,202
3771,8720,40011,11128,40011,1567,202
3770,8720,40012,11128,40012,1567,202
3769,8720,40013,11128,40013,1567,202
3769,8720,40014,11128,40014,1567,202
3769,8720,40015,11128,40015,1567,202
3769,8720,40016,11128,40016,1567,202
3769,8720,40017,11128,40017,1567,202
3768,8720,40018,11128,40018,1567,202
3768,8720,40019,11128,40019,1567,202
3768,8720,40020,11128,40020,1567,202
3768,8720,40021,11128,40021,1567,202
3768,8720,40022,11128,40022,1567,202
3768,8720,40023,11128,40023,1567,202
3768,8720,40024,11128,40024,1567,202
3768,8720,40025,11128,40025,1567,202
3768,8720,40026,11128,40026,1567,202
3766,8720,40027,11128,40027,1567,202
3766,8720,40028,11128,40028,1567,202
3766,8720,40029,11128,40029,1567,202
3764,8720,40030,11128,40030,1567,202
3764,8720,40031,11128,40031,1567,202
3763,8720,40032,11128,40032,1567,202
3763,8720,40033,11128,40033,1567,202
3763,8720,40034,11128,40034,1567,202
3763,8720,40035,11128,40035,1567,202
3763,8720,40036,11128,40036,1567,202
3763,8720,40037,11128,40037,1567,202
3763,8720,40038,11128,40038,1567,202
3763,8720,40039,11128,40039,1567,202
3763,8720,40040,11128,40040,1567,202
3763,8720,40041,11128,40041,1567,202
3763,8720,40042,11128,40042,1567,202
3763,8720,40043,11128,40043,1567,202
3763,8720,40044,11128,40044,1567,202
3763,8720,40045,11128,40045,1567,202
3764,8720,40046,11128,40046,1567,202
3764,8720,40047,11128,40047,1567,202
3763,8720,40048,11128,40048,1567,202
3763,8720,40049,11128,40049,1567,202
3763,8720,40050,11128,40050,1567,202
3763,8720,40051,11128,40051,1567,202
3764,8720,40052,11128,40052,1567,202
3764,8720,40053,11128,40053,1567,202
3764,8720,40054,11128,40054,1567,202
3763,8720,40055,11128,40055,1567,202
3762,8720,40056,11128,40056,1567,202
3761,8720,40057,11128,40057,1567,202
3762,8720,40058,11128,40058,1567,202
3761,8720,40059,11128,40059,1567,202
3761,8720,40060,11128,40060,1567,202
3761,8720,40061,11128,40061,1567,202
3761,8720,40062,11128,40062,1567,202
3761,8720,40063,11128,40063,1567,202
3761,8720,40064,11128,40064,1567,202
3761,8720,40065,11128,40065,1567,202
3761,8720,40066,11128,40066,1567,202
3761,8720,40067,11128,40067,1567,202
3761,8720,40068,11128,40068,1567,202
3761,8720,40069,11128,40069,1567,202
3761,8720,40070,11128,40070,1567,202
3761,8720,40071,11128,40071,1567,202
3761,8720,40072,11128,40072,1567,202
3761,8720,40073,11128,40073,1567,202
3760,8720,40074,11128,40074,1567,202
3760,8720,40075,11128,40075,1567,202
3760,8720,40076,11128,40076,1567,202
3760,8720,40077,11128,40077,1567,202
3760,8720,40078,11128,40078,1567,202
3760,8720,40079,11128,40079,1567,202
3760,8720,40080,11128,40080,1567,202
3760,8720,40081,11128,40081,1567,202
3760,8720,40082,11128,40082,1567,202
3761,8720,40083,11128,40083,1567,202
3760,8720,40084,11128,40084,1567,202
3760,8720,40085,11128,40085,1567,202
3760,8720,40086,11128,40086,1567,202
3760,8720,40087,11128,40087,1567,202
3760,8720,40088,11128,40088,1567,202
3760,8720,40089,11128,40089,1567,202
3759,8720,40090,11128,40090,1567,202
3759,8720,40091,11128,40091,1567,202
3759,8720,40092,11128,40092,1567,202
3759,8720,40093,11128,40093,1567,202
3759,8720,40094,11128,40094,1567,202
3759,8720,40095,11128,40095,1567,202
3759,8720,40096,11128,40096,1567,202
3759,8720,40097,11128,40097,1567,202
3759,8720,40098,11128,40098,1567,202
3759,8720,40099,11128,40099,1567,202
3759,8720,40100,11128,40100,1567,202
3759,8720,40101,11128,40101,1567,202
3759,8720,40102,11128,40102,1567,202
3759,8720,40103,11128,40103,1567,202
3759,8720,40104,11128,40104,1567,202
3759,8720,40105,11128,40105,1567,202
3759,8720,40106,11128,40106,1567,202
3759,8720,40107,11128,40107,1567,202
3759,8720,40108,11128,40108,1567,202
3760,8720,40109,11128,40109,1567,202
3759,8720,40110,11128,40110,1567,202
3760,8720,40111,11128,40111,1567,202
3760,8720,40112,11128,40112,1567,202
3760,8720,40113,11128,40113,1567,202
3760,8720,40114,11128,40114,1567,202
3760,8720,40115,11128,40115,1567,202
3760,8720,40116,11128,40116,1567,202
3760,8720,40117,11128,40117,1567,202
3760,8720,40118,11128,40118,1567,202
3761,8720,40119,11128,40119,1567,202
3761,8720,40120,11128,40120,1567,202
3761,8720,40121,11128,40121,1567,202
3762,8720,40122,11128,40122,1567,202
3762,8720,40123,11128,40123,1567,202
3762,8720,40124,11128,40124,1567,202
3762,8720,40125,11128,40125,1567,202
3762,8720,40126,11128,40126,1567,202
3762,8720,40127,11128,40127,1567,202
3762,8720,40128,11128,40128,1567,202
3762,8720,40129,11128,40129,1567,202
3762,8720,40130,11128,40130,1567,202
3762,8720,40131,11128,40131,1567,202
3762,8720,40132,11128,40132,1567,202
3762,8720,40133,11128,40133,1567,202
3762,8720,40134,11128,40134,1567,202
3762,8720,40135,11128,40135,1567,202
3763,8720,40136,11128,40136,1567,202
3762,8720,40137,11128,40137,1567,202
3762,8720,40138,11128,40138,1567,202
3762,8720,40139,11128,40139,1567,202
3762,8720,40140,11128,40140,1567,202
3761,8720,40141,11128,40141,1567,202
3761,8720,40142,11128,40142,1567,202
3761,8720,40143,11128,40143,1567,202
3761,8720,40144,11128,40144,1567,202
3761,8720,40145,11128,40145,1567,202
3761,8720,40146,11128,40146,1567,202
3761,8720,40147,11128,40147,1567,202
3762,8720,40148,11128,40148,1567,202
3762,8720,40149,11128,40149,1567,202
3762,8720,40150,11128,40150,1567,202
3761,8720,40151,11128,40151,1567,202
3761,8720,40152,11128,40152,1567,202
3761,8720,40153,11128,40153,1567,202
3761,8720,40154,11128,40154,1567,202
3761,8720,40155,11128,40155,1567,202
3761,8720,40156,11128,40156,1567,202
3761,8720,40157,11128,40157,1567,202
3761,8720,40158,11128,40158,1567,202
3761,8720,40159,11128,40159,1567,202
3760,8720,40160,11128,40160,1567,202
3760,8720,40161,11128,40161,1567,202
3760,8720,40162,11128,40162,1567,202
3760,8720,40163,11128,40163,1567,202
3760,8720,40164,11128,40164,1567,202
3759,8720,40165,11128,40165,1567,202
3759,8720,40166,11128,40166,1567,202
3759,8720,40167,11128,40167,1567,202
3759,8720,40168,11128,40168,1567,202
3760,8720,40169,11128,40169,1567,202
3760,8720,40170,11128,40170,1567,202
3760,8720,40171,11128,40171,1567,202
3760,8720,40172,11128,40172,1567,202
3759,8720,40173,11128,40173,1567,202
3759,8720,40174,11128,40174,1567,202
3759,8720,40175,11128,40175,1567,202
3759,8720,40176,11128,40176,1567,202
3759,8720,40177,11128,40177,1567,202
3759,8720,40178,11128,40178,1567,202
3759,8720,40179,11128,40179,1567,202
3759,8720,40180,11128,40180,1567,202
3759,8720,40181,11128,40181,1567,202
3759,8720,40182,11128,40182,1567,202
3759,8720,40183,11128,40183,1567,202
3759,8720,40184,11128,40184,1567,202
3760,8720,40185,11128,40185,1567,202
3760,8720,40186,11128,40186,1567,202
3760,8720,40187,11128,40187,1567,202
3760,8720,40188,11128,40188,1567,202
3761,8720,40189,11128,40189,1567,202
3758,8720,40190,11128,40190,1567,200
3758,8720,40191,11128,40191,1567,200
3757,8720,40192,11128,40192,1567,200
3757,8720,40193,11128,40193,1567,200
3757,8720,40194,11128,40194,1567,200
3757,8720,40195,11128,40195,1567,200
3757,8720,40196,11128,40196,1567,200
3757,8720,40197,11128,40197,1567,200
3757,8720,40198,11128,40198,1567,200
3757,8720,40199,11128,40199,1567,200
3757,8720,40200,11128,40200,1567,200
3756,8720,40201,11128,40201,1567,200
3756,8720,40202,11128,40202,1567,200
3756,8720,40203,11128,40203,1567,200
3756,8720,40204,11128,40204,1567,200
3755,8720,40205,11128,40205,1567,200
3755,8720,40206,11128,40206,1567,200
3755,8720,40207,11128,40207,1567,200
3755,8720,40208,11128,40208,1567,200
3755,8720,40209,11128,40209,1567,200
3755,8720,40210,11128,40210,1567,200
3754,8720,40211,11128,40211,1567,200
3754,8720,40212,11128,40212,1567,200
3754,8720,40213,11128,40213,1567,200
3754,8720,40214,11128,40214,1567,200
3754,8720,40215,11128,40215,1567,200
3754,8720,40216,11128,40216,1567,200
3753,8720,40217,11128,40217,1567,200
3753,8720,40218,11128,40218,1567,200
3753,8720,40219,11128,40219,1567,200
3752,8720,40220,11128,40220,1567,200
3752,8720,40221,11128,40221,1567,200
3752,8720,40222,11128,40222,1567,200
3752,8720,40223,11128,40223,1567,200
3752,8720,40224,11128,40224,1567,200
3752,8720,40225,11128,40225,1567,200
3752,8720,40226,11128,40226,1567,200
3752,8720,40227,11128,40227,1567,200
3753,8720,40228,11128,40228,1567,200
3753,8720,40229,11128,40229,1567,200
3753,8720,40230,11128,40230,1567,200
3753,8720,40231,11128,40231,1567,200
3754,8720,40232,11128,40232,1567,200
3754,8720,40233,11128,40233,1567,200
3754,8720,40234,11128,40234,1567,200
3754,8720,40235,11128,40235,1567,200
3754,8720,40236,11128,40236,1567,200
3754,8720,40237,11128,40237,1567,200
3754,8720,40238,11128,40238,1567,200
3754,8720,40239,11128,40239,1567,200
3755,8720,40240,11128,40240,1567,200
3755,8720,40241,11128,40241,1567,200
3753,8720,40242,11128,40242,1567,200
3753,8720,40243,11128,40243,1567,200
3753,8720,40244,11128,40244,1567,200
3753,8720,40245,11128,40245,1567,200
3753,8720,40246,11128,40246,1567,200
3754,8720,40247,11128,40247,1567,200
3753,8720,40248,11128,40248,1567,200
3753,8720,40249,11128,40249,1567,200
3754,8720,40250,11128,40250,1567,200
3754,8720,40251,11128,40251,1567,200
3754,8720,40252,11128,40252,1567,200
3754,8720,40253,11128,40253,1567,200
3753,8720,40254,11128,40254,1567,200
3754,8720,40255,11128,40255,1567,200
3754,8720,40256,11128,40256,1567,200
3755,8720,40257,11128,40257,1567,200
3755,8720,40258,11128,40258,1567,200
3755,8720,40259,11128,40259,1567,200
3755,8720,40260,11128,40260,1567,200
3755,8720,40261,11128,40261,1567,200
3754,8720,40262,11128,40262,1567,200
3755,8720,40263,11128,40263,1567,200
3755,8720,40264,11128,40264,1567,200
3755,8720,40265,11128,40265,1567,200
3755,8720,40266,11128,40266,1567,200
3755,8720,40267,11128,40267,1567,200
3755,8720,40268,11128,40268,1567,200
3755,8720,40269,11128,40269,1567,200
3755,8720,40270,11128,40270,1567,200
3755,8720,40271,11128,40271,1567,200
3755,8720,40272,11128,40272,1567,200
3755,8720,40273,11128,40273,1567,200
3755,8720,40274,11128,40274,1567,200
3755,8720,40275,11128,40275,1567,200
3755,8720,40276,11128,40276,1567,200
3756,8720,40277,11128,40277,1567,200
3756,8720,40278,11128,40278,1567,200
3756,8720,40279,11128,40279,1567,200
3756,8720,40280,11128,40280,1567,200
3756,8720,40281,11128,40281,1567,200
3756,8720,40282,11128,40282,1567,200
3756,8720,40283,11128,40283,1567,200
3756,8720,40284,11128,40284,1567,200
3756,8720,40285,11128,40285,1567,200
3755,8720,40286,11128,40286,1567,200
3754,8720,40287,11128,40287,1567,200
3753,8720,40288,11128,40288,1567,200
3753,8720,40289,11128,40289,1567,200
3753,8720,40290,11128,40290,1567,200
3753,8720,40291,11128,40291,1567,200
3753,8720,40292,11128,40292,1567,200
3753,8720,40293,11128,40293,1567,200
3753,8720,40294,11128,40294,1567,200
3753,8720,40295,11128,40295,1567,200
3753,8720,40296,11128,40296,1567,200
3753,8720,40297,11128,40297,1567,200
3753,8720,40298,11128,40298,1567,200
3752,8720,40299,11128,40299,1567,200
3752,8720,40300,11128,40300,1567,200
3753,8720,40301,11128,40301,1567,200
3753,8720,40302,11128,40302,1567,200
3753,8720,40303,11128,40303,1567,200
3754,8720,40304,11128,40304,1567,200
3754,8720,40305,11128,40305,1567,200
3754,8720,40306,11128,40306,1567,200
3753,8720,40307,11128,40307,1567,200
3753,8720,40308,11128,40308,1567,200
3754,8720,40309,11128,40309,1567,200
3755,8720,40310,11128,40310,1567,200
3755,8720,40311,11128,40311,1567,200
3755,8720,40312,11128,40312,1567,200
3756,8720,40313,11128,40313,1567,200
3756,8720,40314,11128,40314,1567,200
3756,8720,40315,11128,40315,1567,200
3756,8720,40316,11128,40316,1567,200
3756,8720,40317,11128,40317,1567,200
3757,8720,40318,11128,40318,1567,200
3757,8720,40319,11128,40319,1567,200
3757,8720,40320,11128,40320,1567,200
3757,8720,40321,11128,40321,1567,200
3757,8720,40322,11128,40322,1567,200
3756,8720,40323,11128,40323,1567,200
3756,8720,40324,11128,40324,1567,200
3756,8720,40325,11128,40325,1567,200
3756,8720,40326,11128,40326,1567,200
3755,8720,40327,11128,40327,1567,200
3755,8720,40328,11128,40328,1567,200
3756,8720,40329,11128,40329,1567,200
3755,8720,40330,11128,40330,1567,200
3755,8720,40331,11128,40331,1567,200
3755,8720,40332,11128,40332,1567,200
3755,8720,40333,11128,40333,1567,200
3755,8720,40334,11128,40334,1567,200
3755,8720,40335,11128,40335,1567,200
3754,8720,40336,11128,40336,1567,200
3754,8720,40337,11128,40337,1567,200
3754,8720,40338,11128,40338,1567,200
3754,8720,40339,11128,40339,1567,200
3754,8720,40340,11128,40340,1567,200
3754,8720,40341,11128,40341,1567,200
3754,8720,40342,11128,40342,1567,200
3754,8720,40343,11128,40343,1567,200
3754,8720,40344,11128,40344,1567,200
3755,8720,40345,11128,40345,1567,200
3756,8720,40346,11128,40346,1567,200
3756,8720,40347,11128,40347,1567,200
3755,8720,40348,11128,40348,1567,200
3756,8720,40349,11128,40349,1567,200
3756,8720,40350,11128,40350,1567,200
3754,8720,40351,11128,40351,1567,200
3753,8720,40352,11128,40352,1567,200
3753,8720,40353,11128,40353,1567,200
3753,8720,40354,11128,40354,1567,200
3754,8720,40355,11128,40355,1567,200
3754,8720,40356,11128,40356,1567,200
3754,8720,40357,11128,40357,1567,200
3754,8720,40358,11128,40358,1567,200
3754,8720,40359,11128,40359,1567,200
3753,8720,40360,11128,40360,1567,200
3751,8720,40361,11128,40361,1567,200
3751,8720,40362,11128,40362,1567,200
3751,8720,40363,11128,40363,1567,200
3751,8720,40364,11128,40364,1567,200
3751,8720,40365,11128,40365,1567,200
3750,8720,40366,11128,40366,1567,200
3750,8720,40367,11128,40367,1567,200
3750,8720,40368,11128,40368,1567,200
3749,8720,40369,11128,40369,1567,200
3746,8720,40370,11128,40370,1567,200
3745,8720,40371,11128,40371,1567,200
3744,8720,40372,11128,40372,1567,199
3744,8720,40373,11128,40373,1567,199
3744,8720,40374,11128,40374,1567,199
3744,8720,40375,11128,40375,1567,199
3744,8720,40376,11128,40376,1567,199
3744,8720,40377,11128,40377,1567,199
3744,8720,40378,11128,40378,1567,199
3743,8720,40379,11128,40379,1567,199
3743,8720,40380,11128,40380,1567,199
3743,8720,40381,11128,40381,1567,199
3743,8720,40382,11128,40382,1567,199
3743,8720,40383,11128,40383,1567,199
3743,8720,40384,11128,40384,1567,199
3743,8720,40385,11128,40385,1567,199
3743,8720,40386,11128,40386,1567,199
3743,8720,40387,11128,40387,1567,199
3741,8720,40388,11128,40388,1567,199
3741,8720,40389,11128,40389,1567,199
3741,8720,40390,11128,40390,1567,199
3741,8720,40391,11128,40391,1567,199
3741,8720,40392,11128,40392,1567,199
3741,8720,40393,11128,40393,1567,199
3741,8720,40394,11128,40394,1567,199
3741,8720,40395,11128,40395,1567,199
3741,8720,40396,11128,40396,1567,199
3741,8720,40397,11128,40397,1567,199
3741,8720,40398,11128,40398,1567,199
3741,8720,40399,11128,40399,1567,199
3741,8720,40400,11128,40400,1567,199
3741,8720,40401,11128,40401,1567,199
3741,8720,40402,11128,40402,1567,199
3741,8720,40403,11128,40403,1567,199
3741,8720,40404,11128,40404,1567,199
3741,8720,40405,11128,40405,1567,199
3741,8720,40406,11128,40406,1567,199
3741,8720,40407,11128,40407,1567,199
3741,8720,40408,11128,40408,1567,199
3741,8720,40409,11128,40409,1567,199
3741,8720,40410,11128,40410,1567,199
3741,8720,40411,11128,40411,1567,199
3740,8720,40412,11128,40412,1567,199
3740,8720,40413,11128,40413,1567,199
3740,8720,40414,11128,40414,1567,199
3741,8720,40415,11128,40415,1567,199
3741,8720,40416,11128,40416,1567,199
3741,8720,40417,11128,40417,1567,199
3741,8720,40418,11128,40418,1567,199
3741,8720,40419,11128,40419,1567,199
3741,8720,40420,11128,40420,1567,199
3741,8720,40421,11128,40421,1567,199
3740,8720,40422,11128,40422,1567,199
3740,8720,40423,11128,40423,1567,199
3740,8720,40424,11128,40424,1567,199
3740,8720,40425,11128,40425,1567,199
3741,8720,40426,11128,40426,1567,199
3741,8720,40427,11128,40427,1567,199
3741,8720,40428,11128,40428,1567,199
3741,8720,40429,11128,40429,1567,199
3741,8720,40430,11128,40430,1567,199
3741,8720,40431,11128,40431,1567,199
3741,8720,40432,11128,40432,1567,199
3741,8720,40433,11128,40433,1567,199
3741,8720,40434,11128,40434,1567,199
3742,8720,40435,11128,40435,1567,199
3742,8720,40436,11128,40436,1567,199
3742,8720,40437,11128,40437,1567,199
3741,8720,40438,11128,40438,1567,199
3741,8720,40439,11128,40439,1567,199
3741,8720,40440,11128,40440,1567,199
3741,8720,40441,11128,40441,1567,199
3741,8720,40442,11128,40442,1567,199
3741,8720,40443,11128,40443,1567,199
3741,8720,40444,11128,40444,1567,199
3741,8720,40445,11128,40445,1567,199
3740,8720,40446,11128,40446,1567,199
3740,8720,40447,11128,40447,1567,199
3739,8720,40448,11128,40448,1567,199
3739,8720,40449,11128,40449,1567,199
3739,8720,40450,11128,40450,1567,199
3740,8720,40451,11128,40451,1567,199
3740,8720,40452,11128,40452,1567,199
3740,8720,40453,11128,40453,1567,199
3740,8720,40454,11128,40454,1567,199
3740,8720,40455,11128,40455,1567,199
3740,8720,40456,11128,40456,1567,199
3739,8720,40457,11128,40457,1567,199
3739,8720,40458,11128,40458,1567,199
3739,8720,40459,11128,40459,1567,199
3739,8720,40460,11128,40460,1567,199
3739,8720,40461,11128,40461,1567,199
3739,8720,40462,11128,40462,1567,199
3739,8720,40463,11128,40463,1567,199
3739,8720,40464,11128,40464,1567,199
3739,8720,40465,11128,40465,1567,199
3739,8720,40466,11128,40466,1567,199
3739,8720,40467,11128,40467,1567,199
3739,8720,40468,11128,40468,1567,199
3739,8720,40469,11128,40469,1567,199
3738,8720,40470,11128,40470,1567,199
3738,8720,40471,11128,40471,1567,199
3738,8720,40472,11128,40472,1567,199
3739,8720,40473,11128,40473,1567,199
3740,8720,40474,11128,40474,1567,199
3739,8720,40475,11128,40475,1567,199
3736,8720,40476,11128,40476,1567,199
3736,8720,40477,11128,40477,1567,199
3736,8720,40478,11128,40478,1567,199
3736,8720,40479,11128,40479,1567,199
3736,8720,40480,11128,40480,1567,199
3736,8720,40481,11128,40481,1567,199
3736,8720,40482,11128,40482,1567,199
3736,8720,40483,11128,40483,1567,199
3737,8720,40484,11128,40484,1567,199
3737,8720,40485,11128,40485,1567,199
3737,8720,40486,11128,40486,1567,199
3738,8720,40487,11128,40487,1567,199
3738,8720,40488,11128,40488,1567,199
3738,8720,40489,11128,40489,1567,199
3738,8720,40490,11128,40490,1567,199
3738,8720,40491,11128,40491,1567,199
3739,8720,40492,11128,40492,1567,199
3737,8720,40493,11128,40493,1567,199
3737,8720,40494,11128,40494,1567,199
3737,8720,40495,11128,40495,1567,199
3737,8720,40496,11128,40496,1567,199
3737,8720,40497,11128,40497,1567,199
3737,8720,40498,11128,40498,1567,199
3736,8720,40499,11128,40499,1567,199
3736,8720,40500,11128,40500,1567,199
3736,8720,40501,11128,40501,1567,199
3736,8720,40502,11128,40502,1567,199
3736,8720,40503,11128,40503,1567,199
3735,8720,40504,11128,40504,1567,199
3735,8720,40505,11128,40505,1567,199
3735,8720,40506,11128,40506,1567,199
3735,8720,40507,11128,40507,1567,199
3735,8720,40508,11128,40508,1567,199
3735,8720,40509,11128,40509,1567,199
3735,8720,40510,11128,40510,1567,199
3735,8720,40511,11128,40511,1567,199
3735,8720,40512,11128,40512,1567,199
3735,8720,40513,11128,40513,1567,199
3735,8720,40514,11128,40514,1567,199
3735,8720,40515,11128,40515,1567,199
3736,8720,40516,11128,40516,1567,199
3736,8720,40517,11128,40517,1567,199
3737,8720,40518,11128,40518,1567,199
3737,8720,40519,11128,40519,1567,199
3737,8720,40520,11128,40520,1567,199
3737,8720,40521,11128,40521,1567,199
3737,8720,40522,11128,40522,1567,199
3737,8720,40523,11128,40523,1567,199
3737,8720,40524,11128,40524,1567,199
3737,8720,40525,11128,40525,1567,199
3738,8720,40526,11128,40526,1567,199
3738,8720,40527,11128,40527,1567,199
3738,8720,40528,11128,40528,1567,199
3738,8720,40529,11128,40529,1567,199
3737,8720,40530,11128,40530,1567,198
3737,8720,40531,11128,40531,1567,198
3737,8720,40532,11128,40532,1567,198
3737,8720,40533,11128,40533,1567,198
3737,8720,40534,11128,40534,1567,198
3737,8720,40535,11128,40535,1567,198
3738,8720,40536,11128,40536,1567,198
3737,8720,40537,11128,40537,1567,198
3737,8720,40538,11128,40538,1567,198
3736,8720,40539,11128,40539,1567,198
3736,8720,40540,11128,40540,1567,198
3736,8720,40541,11128,40541,1567,198
3736,8720,40542,11128,40542,1567,198
3736,8720,40543,11128,40543,1567,198
3737,8720,40544,11128,40544,1567,198
3737,8720,40545,11128,40545,1567,198
3737,8720,40546,11128,40546,1567,198
3738,8720,40547,11128,40547,1567,198
3738,8720,40548,11128,40548,1567,198
3738,8720,40549,11128,40549,1567,198
3738,8720,40550,11128,40550,1567,198
3738,8720,40551,11128,40551,1567,198
3738,8720,40552,11128,40552,1567,198
3738,8720,40553,11128,40553,1567,198
3739,8720,40554,11128,40554,1567,198
3739,8720,40555,11128,40555,1567,198
3739,8720,40556,11128,40556,1567,198
3739,8720,40557,11128,40557,1567,198
3739,8720,40558,11128,40558,1567,198
3739,8720,40559,11128,40559,1567,198
3739,8720,40560,11128,40560,1567,198
3739,8720,40561,11128,40561,1567,198
3739,8720,40562,11128,40562,1567,198
3739,8720,40563,11128,40563,1567,198
3738,8720,40564,11128,40564,1567,198
3738,8720,40565,11128,40565,1567,198
3738,8720,40566,11128,40566,1567,198
3738,8720,40567,11128,40567,1567,198
3738,8720,40568,11128,40568,1567,198
3738,8720,40569,11128,40569,1567,198
3739,8720,40570,11128,40570,1567,198
3738,8720,40571,11128,40571,1567,198
3738,8720,40572,11128,40572,1567,198
3738,8720,40573,11128,40573,1567,198
3738,8720,40574,11128,40574,1567,198
3738,8720,40575,11128,40575,1567,198
3738,8720,40576,11128,40576,1567,198
3738,8720,40577,11128,40577,1567,198
3738,8720,40578,11128,40578,1567,198
3738,8720,40579,11128,40579,1567,198
3738,8720,40580,11128,40580,1567,198
3738,8720,40581,11128,40581,1567,198
3738,8720,40582,11128,40582,1567,198
3739,8720,40583,11128,40583,1567,198
3739,8720,40584,11128,40584,1567,198
3739,8720,40585,11128,40585,1567,198
3739,8720,40586,11128,40586,1567,198
3738,8720,40587,11128,40587,1567,198
3738,8720,40588,11128,40588,1567,198
3738,8720,40589,11128,40589,1567,198
3738,8720,40590,11128,40590,1567,198
3738,8720,40591,11128,40591,1567,198
3738,8720,40592,11128,40592,1567,198
3738,8720,40593,11128,40593,1567,198
3737,8720,40594,11128,40594,1567,198
3737,8720,40595,11128,40595,1567,198
3737,8720,40596,11128,40596,1567,198
3738,8720,40597,11128,40597,1567,198
3738,8720,40598,11128,40598,1567,198
3738,8720,40599,11128,40599,1567,198
3738,8720,40600,11128,40600,1567,198
3738,8720,40601,11128,40601,1567,198
3738,8720,40602,11128,40602,1567,198
3738,8720,40603,11128,40603,1567,198
3738,8720,40604,11128,40604,1567,198
3738,8720,40605,11128,40605,1567,198
3738,8720,40606,11128,40606,1567,198
3737,8720,40607,11128,40607,1567,198
3737,8720,40608,11128,40608,1567,198
3737,8720,40609,11128,40609,1567,198
3737,8720,40610,11128,40610,1567,198
3737,8720,40611,11128,40611,1567,198
3737,8720,40612,11128,40612,1567,198
3737,8720,40613,11128,40613,1567,198
3737,8720,40614,11128,40614,1567,198
3737,8720,40615,11128,40615,1567,198
3737,8720,40616,11128,40616,1567,198
3736,8720,40617,11128,40617,1567,198
3736,8720,40618,11128,40618,1567,198
3736,8720,40619,11128,40619,1567,198
3736,8720,40620,11128,40620,1567,198
3735,8720,40621,11128,40621,1567,198
3735,8720,40622,11128,40622,1567,198
3735,8720,40623,11128,40623,1567,198
3734,8720,40624,11128,40624,1567,198
3734,8720,40625,11128,40625,1567,198
3733,8720,40626,11128,40626,1567,198
3733,8720,40627,11128,40627,1567,198
3734,8720,40628,11128,40628,1567,198
3734,8720,40629,11128,40629,1567,198
3734,8720,40630,11128,40630,1567,198
3735,8720,40631,11128,40631,1567,198
3736,8720,40632,11128,40632,1567,198
3736,8720,40633,11128,40633,1567,198
3736,8720,40634,11128,40634,1567,198
3736,8720,40635,11128,40635,1567,198
3736,8720,40636,11128,40636,1567,198
3735,8720,40637,11128,40637,1567,198
3736,8720,40638,11128,40638,1567,198
3736,8720,40639,11128,40639,1567,198
3736,8720,40640,11128,40640,1567,198
3736,8720,40641,11128,40641,1567,198
3736,8720,40642,11128,40642,1567,198
3737,8720,40643,11128,40643,1567,198
3735,8720,40644,11128,40644,1567,198
3736,8720,40645,11128,40645,1567,198
3736,8720,40646,11128,40646,1567,198
3736,8720,40647,11128,40647,1567,198
3737,8720,40648,11128,40648,1567,198
3737,8720,40649,11128,40649,1567,198
3737,8720,40650,11128,40650,1567,198
3737,8720,40651,11128,40651,1567,198
3737,8720,40652,11128,40652,1567,198
3737,8720,40653,11128,40653,1567,198
3737,8720,40654,11128,40654,1567,198
3738,8720,40655,11128,40655,1567,198
3738,8720,40656,11128,40656,1567,198
3738,8720,40657,11128,40657,1567,198
3737,8720,40658,11128,40658,1567,198
3737,8720,40659,11128,40659,1567,198
3737,8720,40660,11128,40660,1567,198
3737,8720,40661,11128,40661,1567,198
3738,8720,40662,11128,40662,1567,198
3738,8720,40663,11128,40663,1567,198
3738,8720,40664,11128,40664,1567,198
3738,8720,40665,11128,40665,1567,198
3738,8720,40666,11128,40666,1567,198
3738,8720,40667,11128,40667,1567,198
3739,8720,40668,11128,40668,1567,198
3739,8720,40669,11128,40669,1567,198
3738,8720,40670,11128,40670,1567,198
3738,8720,40671,11128,40671,1567,198
3738,8720,40672,11128,40672,1567,198
3738,8720,40673,11128,40673,1567,198
3738,8720,40674,11128,40674,1567,198
3738,8720,40675,11128,40675,1567,198
3738,8720,40676,11128,40676,1567,198
3738,8720,40677,11128,40677,1567,198
3737,8720,40678,11128,40678,1567,198
3735,8720,40679,11128,40679,1567,197
3735,8720,40680,11128,40680,1567,197
3735,8720,40681,11128,40681,1567,197
3735,8720,40682,11128,40682,1567,197
3735,8720,40683,11128,40683,1567,197
3735,8720,40684,11128,40684,1567,197
3735,8720,40685,11128,40685,1567,197
3735,8720,40686,11128,40686,1567,197
3735,8720,40687,11128,40687,1567,197
3735,8720,40688,11128,40688,1567,197
3735,8720,40689,11128,40689,1567,197
3735,8720,40690,11128,40690,1567,197
3734,8720,40691,11128,40691,1567,197
3732,8720,40692,11128,40692,1567,197
3732,8720,40693,11128,40693,1567,197
3732,8720,40694,11128,40694,1567,197
3732,8720,40695,11128,40695,1567,197
3732,8720,40696,11128,40696,1567,197
3732,8720,40697,11128,40697,1567,197
3730,8720,40698,11128,40698,1567,197
3730,8720,40699,11128,40699,1567,197
3728,8720,40700,11128,40700,1567,197
3728,8720,40701,11128,40701,1567,197
3729,8720,40702,11128,40702,1567,197
3729,8720,40703,11128,40703,1567,197
3729,8720,40704,11128,40704,1567,197
3729,8720,40705,11128,40705,1567,197
3729,8720,40706,11128,40706,1567,197
3729,8720,40707,11128,40707,1567,197
3729,8720,40708,11128,40708,1567,197
3730,8720,40709,11128,40709,1567,197
3731,8720,40710,11128,40710,1567,197
3730,8720,40711,11128,40711,1567,197
3730,8720,40712,11128,40712,1567,197
3730,8720,40713,11128,40713,1567,197
3730,8720,40714,11128,40714,1567,197
3729,8720,40715,11128,40715,1567,197
3730,8720,40716,11128,40716,1567,197
3730,8720,40717,11128,40717,1567,197
3730,8720,40718,11128,40718,1567,197
3730,8720,40719,11128,40719,1567,197
3730,8720,40720,11128,40720,1567,197
3729,8720,40721,11128,40721,1567,197
3729,8720,40722,11128,40722,1567,197
3729,8720,40723,11128,40723,1567,197
3729,8720,40724,11128,40724,1567,197
3729,8720,40725,11128,40725,1567,197
3728,8720,40726,11128,40726,1567,197
3728,8720,40727,11128,40727,1567,197
3728,8720,40728,11128,40728,1567,197
3728,8720,40729,11128,40729,1567,197
3729,8720,40730,11128,40730,1567,197
3729,8720,40731,11128,40731,1567,197
3729,8720,40732,11128,40732,1567,197
3729,8720,40733,11128,40733,1567,197
3729,8720,40734,11128,40734,1567,197
3730,8720,40735,11128,40735,1567,197
3729,8720,40736,11128,40736,1567,197
3729,8720,40737,11128,40737,1567,197
3729,8720,40738,11128,40738,1567,197
3729,8720,40739,11128,40739,1567,197
3729,8720,40740,11128,40740,1567,197
3729,8720,40741,11128,40741,1567,197
3728,8720,40742,11128,40742,1567,197
3728,8720,40743,11128,40743,1567,197
3728,8720,40744,11128,40744,1567,197
3729,8720,40745,11128,40745,1567,197
3729,8720,40746,11128,40746,1567,197
3729,8720,40747,11128,40747,1567,197
3729,8720,40748,11128,40748,1567,197
3728,8720,40749,11128,40749,1567,197
3728,8720,40750,11128,40750,1567,197
3726,8720,40751,11128,40751,1567,197
3726,8720,40752,11128,40752,1567,197
3726,8720,40753,11128,40753,1567,197
3726,8720,40754,11128,40754,1567,197
3726,8720,40755,11128,40755,1567,197
3725,8720,40756,11128,40756,1567,197
3726,8720,40757,11128,40757,1567,197
3726,8720,40758,11128,40758,1567,197
3726,8720,40759,11128,40759,1567,197
3726,8720,40760,11128,40760,1567,197
3726,8720,40761,11128,40761,1567,197
3726,8720,40762,11128,40762,1567,197
3727,8720,40763,11128,40763,1567,197
3726,8720,40764,11128,40764,1567,196
3725,8720,40765,11128,40765,1567,196
3725,8720,40766,11128,40766,1567,196
3725,8720,40767,11128,40767,1567,196
3725,8720,40768,11128,40768,1567,196
3725,8720,40769,11128,40769,1567,196
3725,8720,40770,11128,40770,1567,196
3724,8720,40771,11128,40771,1567,196
3725,8720,40772,11128,40772,1567,196
3725,8720,40773,11128,40773,1567,196
3725,8720,40774,11128,40774,1567,196
3725,8720,40775,11128,40775,1567,196
3725,8720,40776,11128,40776,1567,196
3724,8720,40777,11128,40777,1567,196
3724,8720,40778,11128,40778,1567,196
3724,8720,40779,11128,40779,1567,196
3724,8720,40780,11128,40780,1567,196
3724,8720,40781,11128,40781,1567,196
3724,8720,40782,11128,40782,1567,196
3724,8720,40783,11128,40783,1567,196
3724,8720,40784,11128,40784,1567,196
3725,8720,40785,11128,40785,1567,196
3725,8720,40786,11128,40786,1567,196
3725,8720,40787,11128,40787,1567,196
3725,8720,40788,11128,40788,1567,196
3725,8720,40789,11128,40789,1567,196
3725,8720,40790,11128,40790,1567,196
3725,8720,40791,11128,40791,1567,196
3724,8720,40792,11128,40792,1567,196
3723,8720,40793,11128,40793,1567,196
3723,8720,40794,11128,40794,1567,196
3723,8720,40795,11128,40795,1567,196
3724,8720,40796,11128,40796,1567,196
3724,8720,40797,11128,40797,1567,196
3724,8720,40798,11128,40798,1567,196
3724,8720,40799,11128,40799,1567,196
3724,8720,40800,11128,40800,1567,196
3724,8720,40801,11128,40801,1567,196
3723,8720,40802,11128,40802,1567,196
3723,8720,40803,11128,40803,1567,196
3722,8720,40804,11128,40804,1567,196
3722,8720,40805,11128,40805,1567,196
3722,8720,40806,11128,40806,1567,196
3722,8720,40807,11128,40807,1567,196
3723,8720,40808,11128,40808,1567,196
3723,8720,40809,11128,40809,1567,196
3720,8720,40810,11128,40810,1567,195
3720,8720,40811,11128,40811,1567,195
3720,8720,40812,11128,40812,1567,195
3720,8720,40813,11128,40813,1567,195
3719,8720,40814,11128,40814,1567,194
3718,8720,40815,11128,40815,1567,194
3719,8720,40816,11128,40816,1567,194
3719,8720,40817,11128,40817,1567,194
3718,8720,40818,11128,40818,1567,194
3717,8720,40819,11128,40819,1567,194
3718,8720,40820,11128,40820,1567,194
3718,8720,40821,11128,40821,1567,194
3718,8720,40822,11128,40822,1567,194
3719,8720,40823,11128,40823,1567,194
3719,8720,40824,11128,40824,1567,194
3719,8720,40825,11128,40825,1567,194
3719,8720,40826,11128,40826,1567,194
3719,8720,40827,11128,40827,1567,194
3719,8720,40828,11128,40828,1567,194
3718,8720,40829,11128,40829,1567,194
3718,8720,40830,11128,40830,1567,194
3718,8720,40831,11128,40831,1567,194
3718,8720,40832,11128,40832,1567,194
3718,8720,40833,11128,40833,1567,194
3718,8720,40834,11128,40834,1567,194
3718,8720,40835,11128,40835,1567,194
3718,8720,40836,11128,40836,1567,194
3718,8720,40837,11128,40837,1567,194
3718,8720,40838,11128,40838,1567,194
3718,8720,40839,11128,40839,1567,194
3718,8720,40840,11128,40840,1567,194
3718,8720,40841,11128,40841,1567,194
3718,8720,40842,11128,40842,1567,194
3718,8720,40843,11128,40843,1567,194
3718,8720,40844,11128,40844,1567,194
3718,8720,40845,11128,40845,1567,194
3718,8720,40846,11128,40846,1567,194
3718,8720,40847,11128,40847,1567,194
3718,8720,40848,11128,40848,1567,194
3718,8720,40849,11128,40849,1567,194
3718,8720,40850,11128,40850,1567,194
3718,8720,40851,11128,40851,1567,194
3718,8720,40852,11128,40852,1567,194
3718,8720,40853,11128,40853,1567,194
3718,8720,40854,11128,40854,1567,194
3718,8720,40855,11128,40855,1567,194
3718,8720,40856,11128,40856,1567,194
3718,8720,40857,11128,40857,1567,194
3718,8720,40858,11128,40858,1567,194
3718,8720,40859,11128,40859,1567,194
3718,8720,40860,11128,40860,1567,194
3718,8720,40861,11128,40861,1567,194
3718,8720,40862,11128,40862,1567,194
3719,8720,40863,11128,40863,1567,194
3719,8720,40864,11128,40864,1567,194
3719,8720,40865,11128,40865,1567,194
3719,8720,40866,11128,40866,1567,194
3718,8720,40867,11128,40867,1567,194
3718,8720,40868,11128,40868,1567,194
3718,8720,40869,11128,40869,1567,194
3717,8720,40870,11128,40870,1567,193
3717,8720,40871,11128,40871,1567,193
3717,8720,40872,11128,40872,1567,193
3717,8720,40873,11128,40873,1567,193
3717,8720,40874,11128,40874,1567,193
3717,8720,40875,11128,40875,1567,193
3717,8720,40876,11128,40876,1567,193
3718,8720,40877,11128,40877,1567,193
3719,8720,40878,11128,40878,1567,193
3719,8720,40879,11128,40879,1567,193
3719,8720,40880,11128,40880,1567,193
3719,8720,40881,11128,40881,1567,193
3718,8720,40882,11128,40882,1567,193
3719,8720,40883,11128,40883,1567,193
3719,8720,40884,11128,40884,1567,193
3719,8720,40885,11128,40885,1567,193
3719,8720,40886,11128,40886,1567,193
3719,8720,40887,11128,40887,1567,193
3719,8720,40888,11128,40888,1567,193
3719,8720,40889,11128,40889,1567,193
3719,8720,40890,11128,40890,1567,193
3719,8720,40891,11128,40891,1567,193
3719,8720,40892,11128,40892,1567,193
3719,8720,40893,11128,40893,1567,193
3719,8720,40894,11128,40894,1567,193
3719,8720,40895,11128,40895,1567,193
3719,8720,40896,11128,40896,1567,193
3720,8720,40897,11128,40897,1567,193
3720,8720,40898,11128,40898,1567,193
3720,8720,40899,11128,40899,1567,193
3719,8720,40900,11128,40900,1567,193
3719,8720,40901,11128,40901,1567,193
3718,8720,40902,11128,40902,1567,193
3719,8720,40903,11128,40903,1567,193
3720,8720,40904,11128,40904,1567,193
3720,8720,40905,11128,40905,1567,193
3720,8720,40906,11128,40906,1567,193
3720,8720,40907,11128,40907,1567,193
3719,8720,40908,11128,40908,1567,193
3719,8720,40909,11128,40909,1567,193
3719,8720,40910,11128,40910,1567,193
3719,8720,40911,11128,40911,1567,193
3719,8720,40912,11128,40912,1567,193
3719,8720,40913,11128,40913,1567,193
3719,8720,40914,11128,40914,1567,193
3718,8720,40915,11128,40915,1567,193
3717,8720,40916,11128,40916,1567,193
3717,8720,40917,11128,40917,1567,193
3716,8720,40918,11128,40918,1567,193
3716,8720,40919,11128,40919,1567,193
3716,8720,40920,11128,40920,1567,193
3716,8720,40921,11128,40921,1567,193
3717,8720,40922,11128,40922,1567,193
3716,8720,40923,11128,40923,1567,193
3716,8720,40924,11128,40924,1567,193
3716,8720,40925,11128,40925,1567,193
3716,8720,40926,11128,40926,1567,193
3716,8720,40927,11128,40927,1567,193
3716,8720,40928,11128,40928,1567,193
3716,8720,40929,11128,40929,1567,193
3716,8720,40930,11128,40930,1567,193
3716,8720,40931,11128,40931,1567,193
3716,8720,40932,11128,40932,1567,193
3716,8720,40933,11128,40933,1567,193
3716,8720,40934,11128,40934,1567,193
3716,8720,40935,11128,40935,1567,193
3715,8720,40936,11128,40936,1567,193
3715,8720,40937,11128,40937,1567,193
3715,8720,40938,11128,40938,1567,193
3715,8720,40939,11128,40939,1567,193
3715,8720,40940,11128,40940,1567,193
3715,8720,40941,11128,40941,1567,193
3715,8720,40942,11128,40942,1567,193
3715,8720,40943,11128,40943,1567,193
3715,8720,40944,11128,40944,1567,193
3715,8720,40945,11128,40945,1567,193
3715,8720,40946,11128,40946,1567,193
3714,8720,40947,11128,40947,1567,193
3714,8720,40948,11128,40948,1567,193
3715,8720,40949,11128,40949,1567,193
3714,8720,40950,11128,40950,1567,193
3715,8720,40951,11128,40951,1567,193
3715,8720,40952,11128,40952,1567,193
3715,8720,40953,11128,40953,1567,193
3715,8720,40954,11128,40954,1567,193
3715,8720,40955,11128,40955,1567,193
3714,8720,40956,11128,40956,1567,193
3715,8720,40957,11128,40957,1567,193
3716,8720,40958,11128,40958,1567,193
3716,8720,40959,11128,40959,1567,193
3716,8720,40960,11128,40960,1567,193
3716,8720,40961,11128,40961,1567,193
3716,8720,40962,11128,40962,1567,193
3716,8720,40963,11128,40963,1567,193
3715,8720,40964,11128,40964,1567,193
3715,8720,40965,11128,40965,1567,193
3715,8720,40966,11128,40966,1567,193
3715,8720,40967,11128,40967,1567,193
3713,8720,40968,11128,40968,1567,193
3713,8720,40969,11128,40969,1567,193
3713,8720,40970,11128,40970,1567,193
3714,8720,40971,11128,40971,1567,193
3715,8720,40972,11128,40972,1567,193
3715,8720,40973,11128,40973,1567,193
3715,8720,40974,11128,40974,1567,193
3715,8720,40975,11128,40975,1567,193
3715,8720,40976,11128,40976,1567,193
3715,8720,40977,11128,40977,1567,193
3715,8720,40978,11128,40978,1567,193
3715,8720,40979,11128,40979,1567,193
3715,8720,40980,11128,40980,1567,193
3714,8720,40981,11128,40981,1567,193
3715,8720,40982,11128,40982,1567,193
3715,8720,40983,11128,40983,1567,193
3715,8720,40984,11128,40984,1567,193
3715,8720,40985,11128,40985,1567,193
3715,8720,40986,11128,40986,1567,193
3715,8720,40987,11128,40987,1567,193
3716,8720,40988,11128,40988,1567,193
3716,8720,40989,11128,40989,1567,193
3716,8720,40990,11128,40990,1567,193
3717,8720,40991,11128,40991,1567,193
3717,8720,40992,11128,40992,1567,193
3716,8720,40993,11128,40993,1567,193
3716,8720,40994,11128,40994,1567,193
3716,8720,40995,11128,40995,1567,193
3716,8720,40996,11128,40996,1567,193
3716,8720,40997,11128,40997,1567,193
3716,8720,40998,11128,40998,1567,193
3716,8720,40999,11128,40999,1567,193
3716,8720,41000,11128,41000,1567,193
3716,8720,41001,11128,41001,1567,193
3716,8720,41002,11128,41002,1567,193
3716,8720,41003,11128,41003,1567,193
3716,8720,41004,11128,41004,1567,193
3716,8720,41005,11128,41005,1567,193
3715,8720,41006,11128,41006,1567,193
3715,8720,41007,11128,41007,1567,193
3715,8720,41008,11128,41008,1567,193
3715,8720,41009,11128,41009,1567,193
3715,8720,41010,11128,41010,1567,193
3715,8720,41011,11128,41011,1567,193
3715,8720,41012,11128,41012,1567,193
3716,8720,41013,11128,41013,1567,193
3716,8720,41014,11128,41014,1567,193
3716,8720,41015,11128,41015,1567,193
3716,8720,41016,11128,41016,1567,193
3716,8720,41017,11128,41017,1567,193
3716,8720,41018,11128,41018,1567,193
3716,8720,41019,11128,41019,1567,193
3716,8720,41020,11128,41020,1567,193
3716,8720,41021,11128,41021,1567,193
3717,8720,41022,11128,41022,1567,193
3717,8720,41023,11128,41023,1567,193
3718,8720,41024,11128,41024,1567,193
3718,8720,41025,11128,41025,1567,193
3717,8720,41026,11128,41026,1567,193
3717,8720,41027,11128,41027,1567,193
3717,8720,41028,11128,41028,1567,193
3717,8720,41029,11128,41029,1567,193
3717,8720,41030,11128,41030,1567,193
3717,8720,41031,11128,41031,1567,193
3716,8720,41032,11128,41032,1567,193
3716,8720,41033,11128,41033,1567,193
3716,8720,41034,11128,41034,1567,193
3716,8720,41035,11128,41035,1567,193
3716,8720,41036,11128,41036,1567,193
3717,8720,41037,11128,41037,1567,193
3717,8720,41038,11128,41038,1567,193
3718,8720,41039,11128,41039,1567,193
3718,8720,41040,11128,41040,1567,193
3718,8720,41041,11128,41041,1567,193
3718,8720,41042,11128,41042,1567,193
3717,8720,41043,11128,41043,1567,193
3717,8720,41044,11128,41044,1567,193
3716,8720,41045,11128,41045,1567,193
3716,8720,41046,11128,41046,1567,193
3716,8720,41047,11128,41047,1567,193
3716,8720,41048,11128,41048,1567,193
3717,8720,41049,11128,41049,1567,193
3718,8720,41050,11128,41050,1567,193
3718,8720,41051,11128,41051,1567,193
3717,8720,41052,11128,41052,1567,193
3717,8720,41053,11128,41053,1567,193
3717,8720,41054,11128,41054,1567,193
3717,8720,41055,11128,41055,1567,193
3717,8720,41056,11128,41056,1567,193
3717,8720,41057,11128,41057,1567,193
3718,8720,41058,11128,41058,1567,193
3718,8720,41059,11128,41059,1567,193
3718,8720,41060,11128,41060,1567,193
3718,8720,41061,11128,41061,1567,193
3718,8720,41062,11128,41062,1567,193
3718,8720,41063,11128,41063,1567,193
3718,8720,41064,11128,41064,1567,193
3718,8720,41065,11128,41065,1567,193
3718,8720,41066,11128,41066,1567,193
3718,8720,41067,11128,41067,1567,193
3718,8720,41068,11128,41068,1567,193
3718,8720,41069,11128,41069,1567,193
3719,8720,41070,11128,41070,1567,193
3719,8720,41071,11128,41071,1567,193
3719,8720,41072,11128,41072,1567,193
3719,8720,41073,11128,41073,1567,193
3719,8720,41074,11128,41074,1567,193
3719,8720,41075,11128,41075,1567,193
3719,8720,41076,11128,41076,1567,193
3719,8720,41077,11128,41077,1567,193
3719,8720,41078,11128,41078,1567,193
3720,8720,41079,11128,41079,1567,193
3720,8720,41080,11128,41080,1567,193
3721,8720,41081,11128,41081,1567,193
3721,8720,41082,11128,41082,1567,193
3721,8720,41083,11128,41083,1567,193
3721,8720,41084,11128,41084,1567,193
3720,8720,41085,11128,41085,1567,193
3720,8720,41086,11128,41086,1567,193
3721,8720,41087,11128,41087,1567,193
3721,8720,41088,11128,41088,1567,193
3722,8720,41089,11128,41089,1567,193
3722,8720,41090,11128,41090,1567,193
3722,8720,41091,11128,41091,1567,193
3721,8720,41092,11128,41092,1567,193
3721,8720,41093,11128,41093,1567,193
3721,8720,41094,11128,41094,1567,193
3721,8720,41095,11128,41095,1567,193
3721,8720,41096,11128,41096,1567,193
3721,8720,41097,11128,41097,1567,193
3721,8720,41098,11128,41098,1567,193
3721,8720,41099,11128,41099,1567,193
3721,8720,41100,11128,41100,1567,193
3721,8720,41101,11128,41101,1567,193
3720,8720,41102,11128,41102,1567,193
3720,8720,41103,11128,41103,1567,193
3720,8720,41104,11128,41104,1567,193
3719,8720,41105,11128,41105,1567,193
3718,8720,41106,11128,41106,1567,193
3718,8720,41107,11128,41107,1567,193
3718,8720,41108,11128,41108,1567,193
3718,8720,41109,11128,41109,1567,193
3717,8720,41110,11128,41110,1567,193
3717,8720,41111,11128,41111,1567,193
3717,8720,41112,11128,41112,1567,193
3716,8720,41113,11128,41113,1567,192
3716,8720,41114,11128,41114,1567,192
3716,8720,41115,11128,41115,1567,192
3717,8720,41116,11128,41116,1567,192
3717,8720,41117,11128,41117,1567,192
3717,8720,41118,11128,41118,1567,192
3717,8720,41119,11128,41119,1567,192
3717,8720,41120,11128,41120,1567,192
3717,8720,41121,11128,41121,1567,192
3716,8720,41122,11128,41122,1567,192
3716,8720,41123,11128,41123,1567,192
3717,8720,41124,11128,41124,1567,192
3717,8720,41125,11128,41125,1567,192
3717,8720,41126,11128,41126,1567,192
3717,8720,41127,11128,41127,1567,192
3717,8720,41128,11128,41128,1567,192
3717,8720,41129,11128,41129,1567,192
3716,8720,41130,11128,41130,1567,192
3716,8720,41131,11128,41131,1567,192
3716,8720,41132,11128,41132,1567,192
3716,8720,41133,11128,41133,1567,192
3716,8720,41134,11128,41134,1567,192
3715,8720,41135,11128,41135,1567,192
3715,8720,41136,11128,41136,1567,192
3716,8720,41137,11128,41137,1567,192
3716,8720,41138,11128,41138,1567,192
3717,8720,41139,11128,41139,1567,192
3717,8720,41140,11128,41140,1567,192
3717,8720,41141,11128,41141,1567,192
3717,8720,41142,11128,41142,1567,192
3717,8720,41143,11128,41143,1567,192
3717,8720,41144,11128,41144,1567,192
3716,8720,41145,11128,41145,1567,192
3716,8720,41146,11128,41146,1567,192
3716,8720,41147,11128,41147,1567,192
3716,8720,41148,11128,41148,1567,192
3716,8720,41149,11128,41149,1567,192
3716,8720,41150,11128,41150,1567,192
3716,8720,41151,11128,41151,1567,192
3714,8720,41152,11128,41152,1567,192
3714,8720,41153,11128,41153,1567,192
3713,8720,41154,11128,41154,1567,192
3713,8720,41155,11128,41155,1567,192
3713,8720,41156,11128,41156,1567,192
3713,8720,41157,11128,41157,1567,192
3713,8720,41158,11128,41158,1567,192
3713,8720,41159,11128,41159,1567,192
3713,8720,41160,11128,41160,1567,192
3713,8720,41161,11128,41161,1567,192
3713,8720,41162,11128,41162,1567,192
3713,8720,41163,11128,41163,1567,192
3713,8720,41164,11128,41164,1567,192
3713,8720,41165,11128,41165,1567,192
3713,8720,41166,11128,41166,1567,192
3713,8720,41167,11128,41167,1567,192
3713,8720,41168,11128,41168,1567,192
3713,8720,41169,11128,41169,1567,192
3713,8720,41170,11128,41170,1567,192
3713,8720,41171,11128,41171,1567,192
3714,8720,41172,11128,41172,1567,192
3714,8720,41173,11128,41173,1567,192
3714,8720,41174,11128,41174,1567,192
3714,8720,41175,11128,41175,1567,192
3714,8720,41176,11128,41176,1567,192
3714,8720,41177,11128,41177,1567,192
3715,8720,41178,11128,41178,1567,192
3715,8720,41179,11128,41179,1567,192
3715,8720,41180,11128,41180,1567,192
3715,8720,41181,11128,41181,1567,192
3715,8720,41182,11128,41182,1567,192
3715,8720,41183,11128,41183,1567,192
3715,8720,41184,11128,41184,1567,192
3715,8720,41185,11128,41185,1567,192
3715,8720,41186,11128,41186,1567,192
3714,8720,41187,11128,41187,1567,191
3714,8720,41188,11128,41188,1567,191
3714,8720,41189,11128,41189,1567,191
3714,8720,41190,11128,41190,1567,191
3714,8720,41191,11128,41191,1567,191
3714,8720,41192,11128,41192,1567,191
3714,8720,41193,11128,41193,1567,191
3714,8720,41194,11128,41194,1567,191
3714,8720,41195,11128,41195,1567,191
3712,8720,41196,11128,41196,1567,191
3712,8720,41197,11128,41197,1567,191
3711,8720,41198,11128,41198,1567,191
3711,8720,41199,11128,41199,1567,191
3711,8720,41200,11128,41200,1567,191
3711,8720,41201,11128,41201,1567,191
3711,8720,41202,11128,41202,1567,191
3711,8720,41203,11128,41203,1567,191
3711,8720,41204,11128,41204,1567,191
3711,8720,41205,11128,41205,1567,191
3711,8720,41206,11128,41206,1567,191
3711,8720,41207,11128,41207,1567,191
3710,8720,41208,11128,41208,1567,191
3710,8720,41209,11128,41209,1567,191
3708,8720,41210,11128,41210,1567,191
3708,8720,41211,11128,41211,1567,191
3708,8720,41212,11128,41212,1567,191
3708,8720,41213,11128,41213,1567,191
3708,8720,41214,11128,41214,1567,191
3709,8720,41215,11128,41215,1567,191
3709,8720,41216,11128,41216,1567,191
3709,8720,41217,11128,41217,1567,191
3709,8720,41218,11128,41218,1567,191
3709,8720,41219,11128,41219,1567,191
3709,8720,41220,11128,41220,1567,191
3708,8720,41221,11128,41221,1567,191
3708,8720,41222,11128,41222,1567,191
3708,8720,41223,11128,41223,1567,191
3708,8720,41224,11128,41224,1567,191
3708,8720,41225,11128,41225,1567,191
3708,8720,41226,11128,41226,1567,191
3708,8720,41227,11128,41227,1567,191
3708,8720,41228,11128,41228,1567,191
3708,8720,41229,11128,41229,1567,191
3708,8720,41230,11128,41230,1567,191
3708,8720,41231,11128,41231,1567,191
3708,8720,41232,11128,41232,1567,191
3708,8720,41233,11128,41233,1567,191
3708,8720,41234,11128,41234,1567,191
3709,8720,41235,11128,41235,1567,191
3709,8720,41236,11128,41236,1567,191
3709,8720,41237,11128,41237,1567,191
3709,8720,41238,11128,41238,1567,191
3709,8720,41239,11128,41239,1567,191
3709,8720,41240,11128,41240,1567,191
3709,8720,41241,11128,41241,1567,191
3709,8720,41242,11128,41242,1567,191
3709,8720,41243,11128,41243,1567,191
3710,8720,41244,11128,41244,1567,191
3710,8720,41245,11128,41245,1567,191
3710,8720,41246,11128,41246,1567,191
3711,8720,41247,11128,41247,1567,191
3711,8720,41248,11128,41248,1567,191
3711,8720,41249,11128,41249,1567,191
3711,8720,41250,11128,41250,1567,191
3711,8720,41251,11128,41251,1567,191
3711,8720,41252,11128,41252,1567,191
3711,8720,41253,11128,41253,1567,191
3711,8720,41254,11128,41254,1567,191
3710,8720,41255,11128,41255,1567,191
3710,8720,41256,11128,41256,1567,191
3710,8720,41257,11128,41257,1567,191
3710,8720,41258,11128,41258,1567,191
3710,8720,41259,11128,41259,1567,191
3709,8720,41260,11128,41260,1567,191
3709,8720,41261,11128,41261,1567,191
3709,8720,41262,11128,41262,1567,191
3709,8720,41263,11128,41263,1567,191
3709,8720,41264,11128,41264,1567,191
3710,8720,41265,11128,41265,1567,191
3710,8720,41266,11128,41266,1567,191
3710,8720,41267,11128,41267,1567,191
3710,8720,41268,11128,41268,1567,191
3710,8720,41269,11128,41269,1567,191
3710,8720,41270,11128,41270,1567,191
3710,8720,41271,11128,41271,1567,191
3711,8720,41272,11128,41272,1567,191
3711,8720,41273,11128,41273,1567,191
3711,8720,41274,11128,41274,1567,191
3710,8720,41275,11128,41275,1567,191
3711,8720,41276,11128,41276,1567,191
3712,8720,41277,11128,41277,1567,191
3712,8720,41278,11128,41278,1567,191
3712,8720,41279,11128,41279,1567,191
3711,8720,41280,11128,41280,1567,191
3711,8720,41281,11128,41281,1567,191
3711,8720,41282,11128,41282,1567,191
3711,8720,41283,11128,41283,1567,191
3711,8720,41284,11128,41284,1567,191
3711,8720,41285,11128,41285,1567,191
3711,8720,41286,11128,41286,1567,191
3711,8720,41287,11128,41287,1567,191
3711,8720,41288,11128,41288,1567,191
3711,8720,41289,11128,41289,1567,191
3711,8720,41290,11128,41290,1567,191
3711,8720,41291,11128,41291,1567,191
3711,8720,41292,11128,41292,1567,191
3711,8720,41293,11128,41293,1567,191
3711,8720,41294,11128,41294,1567,191
3711,8720,41295,11128,41295,1567,191
3711,8720,41296,11128,41296,1567,191
3711,8720,41297,11128,41297,1567,191
3711,8720,41298,11128,41298,1567,191
3710,8720,41299,11128,41299,1567,191
3710,8720,41300,11128,41300,1567,191
3711,8720,41301,11128,41301,1567,191
3711,8720,41302,11128,41302,1567,191
3711,8720,41303,11128,41303,1567,191
3710,8720,41304,11128,41304,1567,191
3710,8720,41305,11128,41305,1567,191
3710,8720,41306,11128,41306,1567,191
3710,8720,41307,11128,41307,1567,191
3710,8720,41308,11128,41308,1567,191
3710,8720,41309,11128,41309,1567,191
3708,8720,41310,11128,41310,1567,191
3708,8720,41311,11128,41311,1567,191
3708,8720,41312,11128,41312,1567,191
3709,8720,41313,11128,41313,1567,191
3709,8720,41314,11128,41314,1567,191
3709,8720,41315,11128,41315,1567,191
3709,8720,41316,11128,41316,1567,191
3708,8720,41317,11128,41317,1567,191
3708,8720,41318,11128,41318,1567,191
3709,8720,41319,11128,41319,1567,191
3709,8720,41320,11128,41320,1567,191
3709,8720,41321,11128,41321,1567,191
3709,8720,41322,11128,41322,1567,191
3709,8720,41323,11128,41323,1567,191
3709,8720,41324,11128,41324,1567,191
3708,8720,41325,11128,41325,1567,191
3708,8720,41326,11128,41326,1567,191
3708,8720,41327,11128,41327,1567,191
3708,8720,41328,11128,41328,1567,191
3708,8720,41329,11128,41329,1567,191
3709,8720,41330,11128,41330,1567,191
3709,8720,41331,11128,41331,1567,191
3710,8720,41332,11128,41332,1567,191
3710,8720,41333,11128,41333,1567,191
3710,8720,41334,11128,41334,1567,191
3710,8720,41335,11128,41335,1567,191
3710,8720,41336,11128,41336,1567,191
3710,8720,41337,11128,41337,1567,191
3710,8720,41338,11128,41338,1567,191
3709,8720,41339,11128,41339,1567,190
3709,8720,41340,11128,41340,1567,190
3709,8720,41341,11128,41341,1567,190
3709,8720,41342,11128,41342,1567,190
3709,8720,41343,11128,41343,1567,190
3709,8720,41344,11128,41344,1567,190
3709,8720,41345,11128,41345,1567,190
3709,8720,41346,11128,41346,1567,190
3709,8720,41347,11128,41347,1567,190
3709,8720,41348,11128,41348,1567,190
3708,8720,41349,11128,41349,1567,189
3707,8720,41350,11128,41350,1567,189
3707,8720,41351,11128,41351,1567,189
3707,8720,41352,11128,41352,1567,189
3707,8720,41353,11128,41353,1567,189
3707,8720,41354,11128,41354,1567,189
3706,8720,41355,11128,41355,1567,189
3706,8720,41356,11128,41356,1567,189
3707,8720,41357,11128,41357,1567,189
3707,8720,41358,11128,41358,1567,189
3707,8720,41359,11128,41359,1567,189
3706,8720,41360,11128,41360,1567,189
3706,8720,41361,11128,41361,1567,189
3706,8720,41362,11128,41362,1567,189
3706,8720,41363,11128,41363,1567,189
3706,8720,41364,11128,41364,1567,189
3707,8720,41365,11128,41365,1567,189
3707,8720,41366,11128,41366,1567,189
3708,8720,41367,11128,41367,1567,189
3708,8720,41368,11128,41368,1567,189
3708,8720,41369,11128,41369,1567,189
3706,8720,41370,11128,41370,1567,189
3706,8720,41371,11128,41371,1567,189
3706,8720,41372,11128,41372,1567,189
3706,8720,41373,11128,41373,1567,189
3706,8720,41374,11128,41374,1567,189
3706,8720,41375,11128,41375,1567,189
3707,8720,41376,11128,41376,1567,189
3707,8720,41377,11128,41377,1567,189
3707,8720,41378,11128,41378,1567,189
3707,8720,41379,11128,41379,1567,189
3707,8720,41380,11128,41380,1567,189
3707,8720,41381,11128,41381,1567,189
3707,8720,41382,11128,41382,1567,189
3704,8720,41383,11128,41383,1567,189
3704,8720,41384,11128,41384,1567,189
3704,8720,41385,11128,41385,1567,189
3703,8720,41386,11128,41386,1567,189
3703,8720,41387,11128,41387,1567,189
3703,8720,41388,11128,41388,1567,189
3702,8720,41389,11128,41389,1567,189
3702,8720,41390,11128,41390,1567,189
3702,8720,41391,11128,41391,1567,189
3702,8720,41392,11128,41392,1567,189
3702,8720,41393,11128,41393,1567,189
3702,8720,41394,11128,41394,1567,189
3702,8720,41395,11128,41395,1567,189
3702,8720,41396,11128,41396,1567,189
3702,8720,41397,11128,41397,1567,189
3702,8720,41398,11128,41398,1567,189
3702,8720,41399,11128,41399,1567,189
3702,8720,41400,11128,41400,1567,189
3702,8720,41401,11128,41401,1567,189
3702,8720,41402,11128,41402,1567,189
3702,8720,41403,11128,41403,1567,189
3703,8720,41404,11128,41404,1567,189
3703,8720,41405,11128,41405,1567,189
3703,8720,41406,11128,41406,1567,189
3704,8720,41407,11128,41407,1567,189
3704,8720,41408,11128,41408,1567,189
3704,8720,41409,11128,41409,1567,189
3704,8720,41410,11128,41410,1567,189
3704,8720,41411,11128,41411,1567,189
3704,8720,41412,11128,41412,1567,189
3704,8720,41413,11128,41413,1567,189
3704,8720,41414,11128,41414,1567,189
3703,8720,41415,11128,41415,1567,189
3703,8720,41416,11128,41416,1567,189
3703,8720,41417,11128,41417,1567,189
3703,8720,41418,11128,41418,1567,189
3703,8720,41419,11128,41419,1567,189
3703,8720,41420,11128,41420,1567,189
3703,8720,41421,11128,41421,1567,189
3703,8720,41422,11128,41422,1567,189
3703,8720,41423,11128,41423,1567,189
3703,8720,41424,11128,41424,1567,189
3703,8720,41425,11128,41425,1567,189
3703,8720,41426,11128,41426,1567,189
3703,8720,41427,11128,41427,1567,189
3703,8720,41428,11128,41428,1567,189
3703,8720,41429,11128,41429,1567,189
3703,8720,41430,11128,41430,1567,189
3704,8720,41431,11128,41431,1567,189
3704,8720,41432,11128,41432,1567,189
3704,8720,41433,11128,41433,1567,189
3704,8720,41434,11128,41434,1567,189
3704,8720,41435,11128,41435,1567,189
3705,8720,41436,11128,41436,1567,189
3704,8720,41437,11128,41437,1567,189
3704,8720,41438,11128,41438,1567,189
3704,8720,41439,11128,41439,1567,189
3704,8720,41440,11128,41440,1567,189
3704,8720,41441,11128,41441,1567,189
3704,8720,41442,11128,41442,1567,189
3704,8720,41443,11128,41443,1567,189
3704,8720,41444,11128,41444,1567,189
3702,8720,41445,11128,41445,1567,189
3702,8720,41446,11128,41446,1567,189
3702,8720,41447,11128,41447,1567,189
3702,8720,41448,11128,41448,1567,189
3702,8720,41449,11128,41449,1567,189
3702,8720,41450,11128,41450,1567,189
3702,8720,41451,11128,41451,1567,189
3702,8720,41452,11128,41452,1567,189
3702,8720,41453,11128,41453,1567,189
3702,8720,41454,11128,41454,1567,189
3702,8720,41455,11128,41455,1567,189
3702,8720,41456,11128,41456,1567,189
3702,8720,41457,11128,41457,1567,189
3702,8720,41458,11128,41458,1567,189
3702,8720,41459,11128,41459,1567,189
3703,8720,41460,11128,41460,1567,189
3703,8720,41461,11128,41461,1567,189
3703,8720,41462,11128,41462,1567,189
3703,8720,41463,11128,41463,1567,189
3703,8720,41464,11128,41464,1567,189
3703,8720,41465,11128,41465,1567,189
3703,8720,41466,11128,41466,1567,189
3703,8720,41467,11128,41467,1567,189
3704,8720,41468,11128,41468,1567,189
3704,8720,41469,11128,41469,1567,189
3705,8720,41470,11128,41470,1567,189
3705,8720,41471,11128,41471,1567,189
3705,8720,41472,11128,41472,1567,189
3705,8720,41473,11128,41473,1567,189
3705,8720,41474,11128,41474,1567,189
3705,8720,41475,11128,41475,1567,189
3705,8720,41476,11128,41476,1567,189
3705,8720,41477,11128,41477,1567,189
3705,8720,41478,11128,41478,1567,189
3705,8720,41479,11128,41479,1567,189
3704,8720,41480,11128,41480,1567,189
3705,8720,41481,11128,41481,1567,189
3705,8720,41482,11128,41482,1567,189
3705,8720,41483,11128,41483,1567,189
3705,8720,41484,11128,41484,1567,189
3705,8720,41485,11128,41485,1567,189
3705,8720,41486,11128,41486,1567,189
3705,8720,41487,11128,41487,1567,189
3705,8720,41488,11128,41488,1567,189
3704,8720,41489,11128,41489,1567,189
3704,8720,41490,11128,41490,1567,189
3704,8720,41491,11128,41491,1567,189
3704,8720,41492,11128,41492,1567,189
3704,8720,41493,11128,41493,1567,189
3703,8720,41494,11128,41494,1567,189
3704,8720,41495,11128,41495,1567,189
3704,8720,41496,11128,41496,1567,189
3704,8720,41497,11128,41497,1567,189
3704,8720,41498,11128,41498,1567,189
3704,8720,41499,11128,41499,1567,189
3704,8720,41500,11128,41500,1567,189
3704,8720,41501,11128,41501,1567,189
3704,8720,41502,11128,41502,1567,189
3704,8720,41503,11128,41503,1567,189
3704,8720,41504,11128,41504,1567,189
3704,8720,41505,11128,41505,1567,189
3705,8720,41506,11128,41506,1567,189
3705,8720,41507,11128,41507,1567,189
3705,8720,41508,11128,41508,1567,189
3705,8720,41509,11128,41509,1567,189
3705,8720,41510,11128,41510,1567,189
3705,8720,41511,11128,41511,1567,189
3705,8720,41512,11128,41512,1567,189
3705,8720,41513,11128,41513,1567,189
3706,8720,41514,11128,41514,1567,189
3706,8720,41515,11128,41515,1567,189
3706,8720,41516,11128,41516,1567,189
3706,8720,41517,11128,41517,1567,189
3706,8720,41518,11128,41518,1567,189
3705,8720,41519,11128,41519,1567,189
3705,8720,41520,11128,41520,1567,189
3705,8720,41521,11128,41521,1567,189
3705,8720,41522,11128,41522,1567,189
3705,8720,41523,11128,41523,1567,189
3705,8720,41524,11128,41524,1567,189
3705,8720,41525,11128,41525,1567,189
3706,8720,41526,11128,41526,1567,189
3706,8720,41527,11128,41527,1567,189
3707,8720,41528,11128,41528,1567,189
3707,8720,41529,11128,41529,1567,189
3707,8720,41530,11128,41530,1567,189
3707,8720,41531,11128,41531,1567,189
3707,8720,41532,11128,41532,1567,189
3707,8720,41533,11128,41533,1567,189
3705,8720,41534,11128,41534,1567,189
3705,8720,41535,11128,41535,1567,189
3705,8720,41536,11128,41536,1567,189
3704,8720,41537,11128,41537,1567,189
3704,8720,41538,11128,41538,1567,189
3704,8720,41539,11128,41539,1567,189
3704,8720,41540,11128,41540,1567,189
3704,8720,41541,11128,41541,1567,189
3704,8720,41542,11128,41542,1567,189
3704,8720,41543,11128,41543,1567,189
3704,8720,41544,11128,41544,1567,189
3704,8720,41545,11128,41545,1567,189
3704,8720,41546,11128,41546,1567,189
3704,8720,41547,11128,41547,1567,189
3704,8720,41548,11128,41548,1567,189
3703,8720,41549,11128,41549,1567,189
3703,8720,41550,11128,41550,1567,189
3703,8720,41551,11128,41551,1567,189
3703,8720,41552,11128,41552,1567,189
3703,8720,41553,11128,41553,1567,189
3703,8720,41554,11128,41554,1567,189
3703,8720,41555,11128,41555,1567,189
3704,8720,41556,11128,41556,1567,189
3704,8720,41557,11128,41557,1567,189
3704,8720,41558,11128,41558,1567,189
3705,8720,41559,11128,41559,1567,189
3705,8720,41560,11128,41560,1567,189
3705,8720,41561,11128,41561,1567,189
3704,8720,41562,11128,41562,1567,189
3704,8720,41563,11128,41563,1567,189
3703,8720,41564,11128,41564,1567,189
3703,8720,41565,11128,41565,1567,189
3703,8720,41566,11128,41566,1567,189
3703,8720,41567,11128,41567,1567,189
3703,8720,41568,11128,41568,1567,189
3703,8720,41569,11128,41569,1567,189
3703,8720,41570,11128,41570,1567,189
3703,8720,41571,11128,41571,1567,189
3703,8720,41572,11128,41572,1567,189
3703,8720,41573,11128,41573,1567,189
3702,8720,41574,11128,41574,1567,189
3702,8720,41575,11128,41575,1567,189
3702,8720,41576,11128,41576,1567,189
3702,8720,41577,11128,41577,1567,189
3702,8720,41578,11128,41578,1567,189
3702,8720,41579,11128,41579,1567,189
3703,8720,41580,11128,41580,1567,189
3703,8720,41581,11128,41581,1567,189
3703,8720,41582,11128,41582,1567,189
3703,8720,41583,11128,41583,1567,189
3703,8720,41584,11128,41584,1567,189
3703,8720,41585,11128,41585,1567,189
3703,8720,41586,11128,41586,1567,189
3703,8720,41587,11128,41587,1567,189
3703,8720,41588,11128,41588,1567,189
3703,8720,41589,11128,41589,1567,189
3703,8720,41590,11128,41590,1567,189
3703,8720,41591,11128,41591,1567,189
3703,8720,41592,11128,41592,1567,189
3703,8720,41593,11128,41593,1567,189
3703,8720,41594,11128,41594,1567,189
3704,8720,41595,11128,41595,1567,189
3705,8720,41596,11128,41596,1567,189
3705,8720,41597,11128,41597,1567,189
3706,8720,41598,11128,41598,1567,189
3706,8720,41599,11128,41599,1567,189
3706,8720,41600,11128,41600,1567,189
3706,8720,41601,11128,41601,1567,189
3706,8720,41602,11128,41602,1567,189
3706,8720,41603,11128,41603,1567,189
3706,8720,41604,11128,41604,1567,189
3706,8720,41605,11128,41605,1567,189
3705,8720,41606,11128,41606,1567,189
3705,8720,41607,11128,41607,1567,189
3706,8720,41608,11128,41608,1567,189
3706,8720,41609,11128,41609,1567,189
3706,8720,41610,11128,41610,1567,189
3706,8720,41611,11128,41611,1567,189
3706,8720,41612,11128,41612,1567,189
3707,8720,41613,11128,41613,1567,189
3707,8720,41614,11128,41614,1567,189
3707,8720,41615,11128,41615,1567,189
3707,8720,41616,11128,41616,1567,189
3706,8720,41617,11128,41617,1567,189
3706,8720,41618,11128,41618,1567,189
3706,8720,41619,11128,41619,1567,189
3706,8720,41620,11128,41620,1567,189
3706,8720,41621,11128,41621,1567,189
3706,8720,41622,11128,41622,1567,189
3706,8720,41623,11128,41623,1567,189
3706,8720,41624,11128,41624,1567,189
3706,8720,41625,11128,41625,1567,189
3706,8720,41626,11128,41626,1567,189
3704,8720,41627,11128,41627,1567,189
3703,8720,41628,11128,41628,1567,189
3703,8720,41629,11128,41629,1567,189
3703,8720,41630,11128,41630,1567,189
3703,8720,41631,11128,41631,1567,189
3703,8720,41632,11128,41632,1567,189
3703,8720,41633,11128,41633,1567,189
3703,8720,41634,11128,41634,1567,189
3703,8720,41635,11128,41635,1567,189
3702,8720,41636,11128,41636,1567,189
3702,8720,41637,11128,41637,1567,189
3701,8720,41638,11128,41638,1567,189
3701,8720,41639,11128,41639,1567,189
3701,8720,41640,11128,41640,1567,189
3701,8720,41641,11128,41641,1567,189
3701,8720,41642,11128,41642,1567,189
3701,8720,41643,11128,41643,1567,189
3701,8720,41644,11128,41644,1567,189
3701,8720,41645,11128,41645,1567,189
3700,8720,41646,11128,41646,1567,189
3700,8720,41647,11128,41647,1567,189
3700,8720,41648,11128,41648,1567,189
3700,8720,41649,11128,41649,1567,189
3700,8720,41650,11128,41650,1567,189
3700,8720,41651,11128,41651,1567,189
3700,8720,41652,11128,41652,1567,189
3700,8720,41653,11128,41653,1567,189
3700,8720,41654,11128,41654,1567,189
3700,8720,41655,11128,41655,1567,189
3700,8720,41656,11128,41656,1567,189
3700,8720,41657,11128,41657,1567,189
3700,8720,41658,11128,41658,1567,189
3700,8720,41659,11128,41659,1567,189
3700,8720,41660,11128,41660,1567,189
3699,8720,41661,11128,41661,1567,189
3699,8720,41662,11128,41662,1567,189
3699,8720,41663,11128,41663,1567,189
3699,8720,41664,11128,41664,1567,189
3699,8720,41665,11128,41665,1567,189
3698,8720,41666,11128,41666,1567,189
3698,8720,41667,11128,41667,1567,189
3698,8720,41668,11128,41668,1567,189
3698,8720,41669,11128,41669,1567,189
3698,8720,41670,11128,41670,1567,189
3698,8720,41671,11128,41671,1567,189
3698,8720,41672,11128,41672,1567,189
3698,8720,41673,11128,41673,1567,189
3699,8720,41674,11128,41674,1567,189
3699,8720,41675,11128,41675,1567,189
3699,8720,41676,11128,41676,1567,189
3699,8720,41677,11128,41677,1567,189
3698,8720,41678,11128,41678,1567,189
3699,8720,41679,11128,41679,1567,189
3699,8720,41680,11128,41680,1567,189
3699,8720,41681,11128,41681,1567,189
3699,8720,41682,11128,41682,1567,189
3699,8720,41683,11128,41683,1567,189
3699,8720,41684,11128,41684,1567,189
3699,8720,41685,11128,41685,1567,189
3698,8720,41686,11128,41686,1567,189
3698,8720,41687,11128,41687,1567,189
3697,8720,41688,11128,41688,1567,188
3697,8720,41689,11128,41689,1567,188
3697,8720,41690,11128,41690,1567,188
3697,8720,41691,11128,41691,1567,188
3697,8720,41692,11128,41692,1567,188
3697,8720,41693,11128,41693,1567,188
3695,8720,41694,11128,41694,1567,188
3696,8720,41695,11128,41695,1567,188
3696,8720,41696,11128,41696,1567,188
3696,8720,41697,11128,41697,1567,188
3696,8720,41698,11128,41698,1567,188
3696,8720,41699,11128,41699,1567,188
3695,8720,41700,11128,41700,1567,188
3695,8720,41701,11128,41701,1567,188
3695,8720,41702,11128,41702,1567,188
3695,8720,41703,11128,41703,1567,188
3695,8720,41704,11128,41704,1567,188
3696,8720,41705,11128,41705,1567,188
3696,8720,41706,11128,41706,1567,188
3696,8720,41707,11128,41707,1567,188
3697,8720,41708,11128,41708,1567,188
3697,8720,41709,11128,41709,1567,188
3697,8720,41710,11128,41710,1567,188
3698,8720,41711,11128,41711,1567,188
3698,8720,41712,11128,41712,1567,188
3698,8720,41713,11128,41713,1567,188
3698,8720,41714,11128,41714,1567,188
3699,8720,41715,11128,41715,1567,188
3700,8720,41716,11128,41716,1567,188
3700,8720,41717,11128,41717,1567,188
3700,8720,41718,11128,41718,1567,188
3700,8720,41719,11128,41719,1567,188
3698,8720,41720,11128,41720,1567,188
3698,8720,41721,11128,41721,1567,188
3697,8720,41722,11128,41722,1567,188
3697,8720,41723,11128,41723,1567,188
3697,8720,41724,11128,41724,1567,188
3697,8720,41725,11128,41725,1567,188
3697,8720,41726,11128,41726,1567,188
3697,8720,41727,11128,41727,1567,188
3697,8720,41728,11128,41728,1567,188
3697,8720,41729,11128,41729,1567,188
3697,8720,41730,11128,41730,1567,188
3697,8720,41731,11128,41731,1567,188
3697,8720,41732,11128,41732,1567,188
3697,8720,41733,11128,41733,1567,188
3698,8720,41734,11128,41734,1567,188
3698,8720,41735,11128,41735,1567,188
3698,8720,41736,11128,41736,1567,188
3698,8720,41737,11128,41737,1567,188
3698,8720,41738,11128,41738,1567,188
3698,8720,41739,11128,41739,1567,188
3696,8720,41740,11128,41740,1567,188
3695,8720,41741,11128,41741,1567,188
3695,8720,41742,11128,41742,1567,188
3695,8720,41743,11128,41743,1567,188
3695,8720,41744,11128,41744,1567,188
3695,8720,41745,11128,41745,1567,188
3695,8720,41746,11128,41746,1567,188
3695,8720,41747,11128,41747,1567,188
3695,8720,41748,11128,41748,1567,188
3695,8720,41749,11128,41749,1567,188
3695,8720,41750,11128,41750,1567,188
3695,8720,41751,11128,41751,1567,188
3695,8720,41752,11128,41752,1567,188
3695,8720,41753,11128,41753,1567,188
3696,8720,41754,11128,41754,1567,188
3696,8720,41755,11128,41755,1567,188
3696,8720,41756,11128,41756,1567,188
3696,8720,41757,11128,41757,1567,188
3696,8720,41758,11128,41758,1567,188
3696,8720,41759,11128,41759,1567,188
3696,8720,41760,11128,41760,1567,188
3696,8720,41761,11128,41761,1567,188
3697,8720,41762,11128,41762,1567,188
3696,8720,41763,11128,41763,1567,188
3696,8720,41764,11128,41764,1567,188
3696,8720,41765,11128,41765,1567,188
3696,8720,41766,11128,41766,1567,188
3697,8720,41767,11128,41767,1567,188
3697,8720,41768,11128,41768,1567,188
3698,8720,41769,11128,41769,1567,188
3698,8720,41770,11128,41770,1567,188
3698,8720,41771,11128,41771,1567,188
3699,8720,41772,11128,41772,1567,188
3699,8720,41773,11128,41773,1567,188
3699,8720,41774,11128,41774,1567,188
3700,8720,41775,11128,41775,1567,188
3700,8720,41776,11128,41776,1567,188
3700,8720,41777,11128,41777,1567,188
3700,8720,41778,11128,41778,1567,188
3700,8720,41779,11128,41779,1567,188
3700,8720,41780,11128,41780,1567,188
3700,8720,41781,11128,41781,1567,188
3700,8720,41782,11128,41782,1567,188
3700,8720,41783,11128,41783,1567,188
3700,8720,41784,11128,41784,1567,188
3700,8720,41785,11128,41785,1567,188
3700,8720,41786,11128,41786,1567,188
3700,8720,41787,11128,41787,1567,188
3700,8720,41788,11128,41788,1567,188
3700,8720,41789,11128,41789,1567,188
3700,8720,41790,11128,41790,1567,188
3700,8720,41791,11128,41791,1567,188
3700,8720,41792,11128,41792,1567,188
3700,8720,41793,11128,41793,1567,188
3698,8720,41794,11128,41794,1567,188
3697,8720,41795,11128,41795,1567,188
3697,8720,41796,11128,41796,1567,188
3697,8720,41797,11128,41797,1567,188
3696,8720,41798,11128,41798,1567,188
3696,8720,41799,11128,41799,1567,188
3696,8720,41800,11128,41800,1567,188
3696,8720,41801,11128,41801,1567,188
3695,8720,41802,11128,41802,1567,188
3695,8720,41803,11128,41803,1567,188
3695,8720,41804,11128,41804,1567,188
3695,8720,41805,11128,41805,1567,188
3695,8720,41806,11128,41806,1567,188
3695,8720,41807,11128,41807,1567,188
3695,8720,41808,11128,41808,1567,188
3695,8720,41809,11128,41809,1567,188
3695,8720,41810,11128,41810,1567,188
3695,8720,41811,11128,41811,1567,188
3695,8720,41812,11128,41812,1567,188
3694,8720,41813,11128,41813,1567,188
3694,8720,41814,11128,41814,1567,188
3693,8720,41815,11128,41815,1567,188
3693,8720,41816,11128,41816,1567,188
3694,8720,41817,11128,41817,1567,188
3695,8720,41818,11128,41818,1567,188
3695,8720,41819,11128,41819,1567,188
3694,8720,41820,11128,41820,1567,188
3694,8720,41821,11128,41821,1567,188
3695,8720,41822,11128,41822,1567,188
3695,8720,41823,11128,41823,1567,188
3695,8720,41824,11128,41824,1567,188
3695,8720,41825,11128,41825,1567,188
3695,8720,41826,11128,41826,1567,188
3696,8720,41827,11128,41827,1567,188
3696,8720,41828,11128,41828,1567,188
3695,8720,41829,11128,41829,1567,188
3695,8720,41830,11128,41830,1567,188
3696,8720,41831,11128,41831,1567,188
3696,8720,41832,11128,41832,1567,188
3696,8720,41833,11128,41833,1567,188
3696,8720,41834,11128,41834,1567,188
3696,8720,41835,11128,41835,1567,188
3696,8720,41836,11128,41836,1567,188
3696,8720,41837,11128,41837,1567,188
3693,8720,41838,11128,41838,1567,188
3693,8720,41839,11128,41839,1567,188
3693,8720,41840,11128,41840,1567,188
3693,8720,41841,11128,41841,1567,188
3693,8720,41842,11128,41842,1567,188
3693,8720,41843,11128,41843,1567,188
3693,8720,41844,11128,41844,1567,188
3693,8720,41845,11128,41845,1567,188
3693,8720,41846,11128,41846,1567,188
3693,8720,41847,11128,41847,1567,188
3693,8720,41848,11128,41848,1567,188
3692,8720,41849,11128,41849,1567,188
3692,8720,41850,11128,41850,1567,188
3692,8720,41851,11128,41851,1567,188
3692,8720,41852,11128,41852,1567,188
3692,8720,41853,11128,41853,1567,188
3692,8720,41854,11128,41854,1567,188
3692,8720,41855,11128,41855,1567,188
3692,8720,41856,11128,41856,1567,188
3691,8720,41857,11128,41857,1567,188
3691,8720,41858,11128,41858,1567,188
3691,8720,41859,11128,41859,1567,188
3691,8720,41860,11128,41860,1567,188
3691,8720,41861,11128,41861,1567,188
3691,8720,41862,11128,41862,1567,188
3691,8720,41863,11128,41863,1567,188
3691,8720,41864,11128,41864,1567,188
3691,8720,41865,11128,41865,1567,188
3691,8720,41866,11128,41866,1567,188
3691,8720,41867,11128,41867,1567,188
3691,8720,41868,11128,41868,1567,188
3691,8720,41869,11128,41869,1567,188
3691,8720,41870,11128,41870,1567,188
3691,8720,41871,11128,41871,1567,188
3691,8720,41872,11128,41872,1567,188
3690,8720,41873,11128,41873,1567,188
3689,8720,41874,11128,41874,1567,188
3689,8720,41875,11128,41875,1567,188
3689,8720,41876,11128,41876,1567,188
3689,8720,41877,11128,41877,1567,188
3690,8720,41878,11128,41878,1567,188
3690,8720,41879,11128,41879,1567,188
3689,8720,41880,11128,41880,1567,188
3688,8720,41881,11128,41881,1567,188
3688,8720,41882,11128,41882,1567,188
3687,8720,41883,11128,41883,1567,188
3687,8720,41884,11128,41884,1567,188
3687,8720,41885,11128,41885,1567,188
3687,8720,41886,11128,41886,1567,188
3687,8720,41887,11128,41887,1567,188
3684,8720,41888,11128,41888,1567,187
3684,8720,41889,11128,41889,1567,187
3684,8720,41890,11128,41890,1567,187
3684,8720,41891,11128,41891,1567,187
3684,8720,41892,11128,41892,1567,187
3685,8720,41893,11128,41893,1567,187
3683,8720,41894,11128,41894,1567,187
3684,8720,41895,11128,41895,1567,187
3684,8720,41896,11128,41896,1567,187
3684,8720,41897,11128,41897,1567,187
3684,8720,41898,11128,41898,1567,187
3684,8720,41899,11128,41899,1567,187
3684,8720,41900,11128,41900,1567,187
3684,8720,41901,11128,41901,1567,187
3684,8720,41902,11128,41902,1567,187
3684,8720,41903,11128,41903,1567,187
3684,8720,41904,11128,41904,1567,187
3684,8720,41905,11128,41905,1567,187
3684,8720,41906,11128,41906,1567,187
3683,8720,41907,11128,41907,1567,187
3683,8720,41908,11128,41908,1567,187
3683,8720,41909,11128,41909,1567,187
3683,8720,41910,11128,41910,1567,187
3681,8720,41911,11128,41911,1567,187
3681,8720,41912,11128,41912,1567,187
3681,8720,41913,11128,41913,1567,187
3681,8720,41914,11128,41914,1567,187
3681,8720,41915,11128,41915,1567,187
3681,8720,41916,11128,41916,1567,187
3681,8720,41917,11128,41917,1567,187
3681,8720,41918,11128,41918,1567,187
3681,8720,41919,11128,41919,1567,187
3681,8720,41920,11128,41920,1567,187
3680,8720,41921,11128,41921,1567,187
3680,8720,41922,11128,41922,1567,187
3680,8720,41923,11128,41923,1567,187
3678,8720,41924,11128,41924,1567,187
3678,8720,41925,11128,41925,1567,187
3678,8720,41926,11128,41926,1567,187
3678,8720,41927,11128,41927,1567,187
3678,8720,41928,11128,41928,1567,187
3677,8720,41929,11128,41929,1567,187
3677,8720,41930,11128,41930,1567,187
3677,8720,41931,11128,41931,1567,187
3677,8720,41932,11128,41932,1567,187
3676,8720,41933,11128,41933,1567,187
3676,8720,41934,11128,41934,1567,187
3676,8720,41935,11128,41935,1567,187
3676,8720,41936,11128,41936,1567,187
3676,8720,41937,11128,41937,1567,187
3676,8720,41938,11128,41938,1567,187
3676,8720,41939,11128,41939,1567,187
3676,8720,41940,11128,41940,1567,187
3676,8720,41941,11128,41941,1567,187
3676,8720,41942,11128,41942,1567,187
3676,8720,41943,11128,41943,1567,187
3676,8720,41944,11128,41944,1567,187
3676,8720,41945,11128,41945,1567,187
3675,8720,41946,11128,41946,1567,187
3675,8720,41947,11128,41947,1567,187
3675,8720,41948,11128,41948,1567,187
3675,8720,41949,11128,41949,1567,187
3675,8720,41950,11128,41950,1567,187
3675,8720,41951,11128,41951,1567,187
3675,8720,41952,11128,41952,1567,187
3675,8720,41953,11128,41953,1567,187
3675,8720,41954,11128,41954,1567,187
3675,8720,41955,11128,41955,1567,187
3674,8720,41956,11128,41956,1567,187
3674,8720,41957,11128,41957,1567,187
3674,8720,41958,11128,41958,1567,187
3674,8720,41959,11128,41959,1567,187
3675,8720,41960,11128,41960,1567,187
3675,8720,41961,11128,41961,1567,187
3675,8720,41962,11128,41962,1567,187
3675,8720,41963,11128,41963,1567,187
3675,8720,41964,11128,41964,1567,187
3675,8720,41965,11128,41965,1567,187
3676,8720,41966,11128,41966,1567,187
3676,8720,41967,11128,41967,1567,187
3677,8720,41968,11128,41968,1567,187
3677,8720,41969,11128,41969,1567,187
3676,8720,41970,11128,41970,1567,187
3676,8720,41971,11128,41971,1567,187
3676,8720,41972,11128,41972,1567,187
3676,8720,41973,11128,41973,1567,187
3677,8720,41974,11128,41974,1567,187
3677,8720,41975,11128,41975,1567,187
3677,8720,41976,11128,41976,1567,187
3677,8720,41977,11128,41977,1567,187
3676,8720,41978,11128,41978,1567,187
3676,8720,41979,11128,41979,1567,187
3676,8720,41980,11128,41980,1567,187
3676,8720,41981,11128,41981,1567,187
3675,8720,41982,11128,41982,1567,187
3675,8720,41983,11128,41983,1567,187
3675,8720,41984,11128,41984,1567,187
3674,8720,41985,11128,41985,1567,187
3673,8720,41986,11128,41986,1567,187
3673,8720,41987,11128,41987,1567,187
3673,8720,41988,11128,41988,1567,187
3673,8720,41989,11128,41989,1567,187
3673,8720,41990,11128,41990,1567,187
3673,8720,41991,11128,41991,1567,187
3673,8720,41992,11128,41992,1567,187
3673,8720,41993,11128,41993,1567,187
3673,8720,41994,11128,41994,1567,187
3673,8720,41995,11128,41995,1567,187
3673,8720,41996,11128,41996,1567,187
3672,8720,41997,11128,41997,1567,187
3672,8720,41998,11128,41998,1567,187
3673,8720,41999,11128,41999,1567,187
3674,8720,42000,11128,42000,1567,187
3674,8720,42001,11128,42001,1567,187
3674,8720,42002,11128,42002,1567,187
3674,8720,42003,11128,42003,1567,187
3674,8720,42004,11128,42004,1567,187
3674,8720,42005,11128,42005,1567,187
3674,8720,42006,11128,42006,1567,187
3674,8720,42007,11128,42007,1567,187
3674,8720,42008,11128,42008,1567,187
3674,8720,42009,11128,42009,1567,187
3674,8720,42010,11128,42010,1567,187
3674,8720,42011,11128,42011,1567,187
3674,8720,42012,11128,42012,1567,187
3674,8720,42013,11128,42013,1567,187
3674,8720,42014,11128,42014,1567,187
3674,8720,42015,11128,42015,1567,187
3674,8720,42016,11128,42016,1567,187
3674,8720,42017,11128,42017,1567,187
3674,8720,42018,11128,42018,1567,187
3674,8720,42019,11128,42019,1567,187
3674,8720,42020,11128,42020,1567,187
3674,8720,42021,11128,42021,1567,187
3674,8720,42022,11128,42022,1567,187
3674,8720,42023,11128,42023,1567,187
3674,8720,42024,11128,42024,1567,187
3674,8720,42025,11128,42025,1567,187
3674,8720,42026,11128,42026,1567,187
3675,8720,42027,11128,42027,1567,187
3676,8720,42028,11128,42028,1567,187
3676,8720,42029,11128,42029,1567,187
3676,8720,42030,11128,42030,1567,187
3676,8720,42031,11128,42031,1567,187
3676,8720,42032,11128,42032,1567,187
3676,8720,42033,11128,42033,1567,187
3676,8720,42034,11128,42034,1567,187
3676,8720,42035,11128,42035,1567,187
3674,8720,42036,11128,42036,1567,187
3674,8720,42037,11128,42037,1567,187
3674,8720,42038,11128,42038,1567,187
3674,8720,42039,11128,42039,1567,187
3674,8720,42040,11128,42040,1567,187
3674,8720,42041,11128,42041,1567,187
3674,8720,42042,11128,42042,1567,187
3674,8720,42043,11128,42043,1567,187
3674,8720,42044,11128,42044,1567,187
3674,8720,42045,11128,42045,1567,187
3673,8720,42046,11128,42046,1567,187
3673,8720,42047,11128,42047,1567,187
3673,8720,42048,11128,42048,1567,187
3673,8720,42049,11128,42049,1567,187
3673,8720,42050,11128,42050,1567,187
3673,8720,42051,11128,42051,1567,187
3673,8720,42052,11128,42052,1567,187
3674,8720,42053,11128,42053,1567,187
3674,8720,42054,11128,42054,1567,187
3673,8720,42055,11128,42055,1567,187
3673,8720,42056,11128,42056,1567,187
3673,8720,42057,11128,42057,1567,187
3673,8720,42058,11128,42058,1567,187
3673,8720,42059,11128,42059,1567,187
3673,8720,42060,11128,42060,1567,187
3673,8720,42061,11128,42061,1567,187
3673,8720,42062,11128,42062,1567,187
3673,8720,42063,11128,42063,1567,187
3673,8720,42064,11128,42064,1567,187
3673,8720,42065,11128,42065,1567,187
3673,8720,42066,11128,42066,1567,187
3673,8720,42067,11128,42067,1567,187
3672,8720,42068,11128,42068,1567,186
3672,8720,42069,11128,42069,1567,186
3671,8720,42070,11128,42070,1567,186
3671,8720,42071,11128,42071,1567,186
3671,8720,42072,11128,42072,1567,186
3670,8720,42073,11128,42073,1567,186
3670,8720,42074,11128,42074,1567,186
3670,8720,42075,11128,42075,1567,186
3669,8720,42076,11128,42076,1567,186
3669,8720,42077,11128,42077,1567,186
3669,8720,42078,11128,42078,1567,186
3669,8720,42079,11128,42079,1567,186
3669,8720,42080,11128,42080,1567,186
3669,8720,42081,11128,42081,1567,186
3669,8720,42082,11128,42082,1567,186
3669,8720,42083,11128,42083,1567,186
3669,8720,42084,11128,42084,1567,186
3669,8720,42085,11128,42085,1567,186
3669,8720,42086,11128,42086,1567,186
3669,8720,42087,11128,42087,1567,186
3669,8720,42088,11128,42088,1567,186
3669,8720,42089,11128,42089,1567,186
3669,8720,42090,11128,42090,1567,186
3668,8720,42091,11128,42091,1567,186
3668,8720,42092,11128,42092,1567,186
3668,8720,42093,11128,42093,1567,186
3667,8720,42094,11128,42094,1567,186
3667,8720,42095,11128,42095,1567,186
3667,8720,42096,11128,42096,1567,186
3667,8720,42097,11128,42097,1567,186
3667,8720,42098,11128,42098,1567,186
3667,8720,42099,11128,42099,1567,186
3667,8720,42100,11128,42100,1567,186
3667,8720,42101,11128,42101,1567,186
3667,8720,42102,11128,42102,1567,186
3667,8720,42103,11128,42103,1567,186
3667,8720,42104,11128,42104,1567,186
3667,8720,42105,11128,42105,1567,186
3667,8720,42106,11128,42106,1567,186
3667,8720,42107,11128,42107,1567,186
3667,8720,42108,11128,42108,1567,186
3667,8720,42109,11128,42109,1567,186
3666,8720,42110,11128,42110,1567,186
3666,8720,42111,11128,42111,1567,186
3666,8720,42112,11128,42112,1567,186
3666,8720,42113,11128,42113,1567,186
3666,8720,42114,11128,42114,1567,186
3667,8720,42115,11128,42115,1567,186
3667,8720,42116,11128,42116,1567,186
3668,8720,42117,11128,42117,1567,186
3668,8720,42118,11128,42118,1567,186
3668,8720,42119,11128,42119,1567,186
3668,8720,42120,11128,42120,1567,186
3668,8720,42121,11128,42121,1567,186
3667,8720,42122,11128,42122,1567,185
3666,8720,42123,11128,42123,1567,185
3666,8720,42124,11128,42124,1567,185
3666,8720,42125,11128,42125,1567,185
3666,8720,42126,11128,42126,1567,185
3666,8720,42127,11128,42127,1567,185
3666,8720,42128,11128,42128,1567,185
3666,8720,42129,11128,42129,1567,185
3666,8720,42130,11128,42130,1567,185
3665,8720,42131,11128,42131,1567,185
3665,8720,42132,11128,42132,1567,185
3665,8720,42133,11128,42133,1567,185
3666,8720,42134,11128,42134,1567,185
3666,8720,42135,11128,42135,1567,185
3666,8720,42136,11128,42136,1567,185
3666,8720,42137,11128,42137,1567,185
3666,8720,42138,11128,42138,1567,185
3666,8720,42139,11128,42139,1567,185
3666,8720,42140,11128,42140,1567,185
3666,8720,42141,11128,42141,1567,185
3666,8720,42142,11128,42142,1567,185
3666,8720,42143,11128,42143,1567,185
3666,8720,42144,11128,42144,1567,185
3666,8720,42145,11128,42145,1567,185
3666,8720,42146,11128,42146,1567,185
3666,8720,42147,11128,42147,1567,185
3666,8720,42148,11128,42148,1567,185
3666,8720,42149,11128,42149,1567,185
3666,8720,42150,11128,42150,1567,185
3666,8720,42151,11128,42151,1567,185
3666,8720,42152,11128,42152,1567,185
3666,8720,42153,11128,42153,1567,185
3667,8720,42154,11128,42154,1567,185
3667,8720,42155,11128,42155,1567,185
3667,8720,42156,11128,42156,1567,185
3667,8720,42157,11128,42157,1567,185
3666,8720,42158,11128,42158,1567,185
3666,8720,42159,11128,42159,1567,185
3666,8720,42160,11128,42160,1567,185
3665,8720,42161,11128,42161,1567,185
3665,8720,42162,11128,42162,1567,185
3665,8720,42163,11128,42163,1567,185
3665,8720,42164,11128,42164,1567,185
3664,8720,42165,11128,42165,1567,185
3664,8720,42166,11128,42166,1567,185
3664,8720,42167,11128,42167,1567,185
3664,8720,42168,11128,42168,1567,185
3664,8720,42169,11128,42169,1567,185
3664,8720,42170,11128,42170,1567,185
3664,8720,42171,11128,42171,1567,185
3664,8720,42172,11128,42172,1567,185
3663,8720,42173,11128,42173,1567,185
3663,8720,42174,11128,42174,1567,185
3663,8720,42175,11128,42175,1567,185
3664,8720,42176,11128,42176,1567,185
3664,8720,42177,11128,42177,1567,185
3664,8720,42178,11128,42178,1567,185
3664,8720,42179,11128,42179,1567,185
3663,8720,42180,11128,42180,1567,185
3663,8720,42181,11128,42181,1567,185
3663,8720,42182,11128,42182,1567,185
3663,8720,42183,11128,42183,1567,185
3663,8720,42184,11128,42184,1567,185
3663,8720,42185,11128,42185,1567,185
3663,8720,42186,11128,42186,1567,185
3663,8720,42187,11128,42187,1567,185
3664,8720,42188,11128,42188,1567,185
3664,8720,42189,11128,42189,1567,185
3664,8720,42190,11128,42190,1567,185
3664,8720,42191,11128,42191,1567,185
3664,8720,42192,11128,42192,1567,185
3664,8720,42193,11128,42193,1567,185
3662,8720,42194,11128,42194,1567,184
3662,8720,42195,11128,42195,1567,184
3662,8720,42196,11128,42196,1567,184
3661,8720,42197,11128,42197,1567,184
3661,8720,42198,11128,42198,1567,184
3661,8720,42199,11128,42199,1567,184
3661,8720,42200,11128,42200,1567,184
3660,8720,42201,11128,42201,1567,184
3660,8720,42202,11128,42202,1567,184
3660,8720,42203,11128,42203,1567,184
3660,8720,42204,11128,42204,1567,184
3660,8720,42205,11128,42205,1567,184
3660,8720,42206,11128,42206,1567,184
3660,8720,42207,11128,42207,1567,184
3660,8720,42208,11128,42208,1567,184
3660,8720,42209,11128,42209,1567,184
3660,8720,42210,11128,42210,1567,184
3660,8720,42211,11128,42211,1567,184
3660,8720,42212,11128,42212,1567,184
3660,8720,42213,11128,42213,1567,184
3660,8720,42214,11128,42214,1567,184
3660,8720,42215,11128,42215,1567,184
3660,8720,42216,11128,42216,1567,184
3660,8720,42217,11128,42217,1567,184
3660,8720,42218,11128,42218,1567,184
3660,8720,42219,11128,42219,1567,184
3660,8720,42220,11128,42220,1567,184
3660,8720,42221,11128,42221,1567,184
3660,8720,42222,11128,42222,1567,184
3660,8720,42223,11128,42223,1567,184
3660,8720,42224,11128,42224,1567,184
3661,8720,42225,11128,42225,1567,184
3661,8720,42226,11128,42226,1567,184
3659,8720,42227,11128,42227,1567,184
3657,8720,42228,11128,42228,1567,183
3657,8720,42229,11128,42229,1567,183
3657,8720,42230,11128,42230,1567,183
3656,8720,42231,11128,42231,1567,183
3656,8720,42232,11128,42232,1567,183
3656,8720,42233,11128,42233,1567,183
3656,8720,42234,11128,42234,1567,183
3656,8720,42235,11128,42235,1567,183
3656,8720,42236,11128,42236,1567,183
3656,8720,42237,11128,42237,1567,183
3657,8720,42238,11128,42238,1567,183
3657,8720,42239,11128,42239,1567,183
3657,8720,42240,11128,42240,1567,183
3657,8720,42241,11128,42241,1567,183
3657,8720,42242,11128,42242,1567,183
3656,8720,42243,11128,42243,1567,183
3656,8720,42244,11128,42244,1567,183
3656,8720,42245,11128,42245,1567,183
3656,8720,42246,11128,42246,1567,183
3656,8720,42247,11128,42247,1567,183
3656,8720,42248,11128,42248,1567,183
3656,8720,42249,11128,42249,1567,183
3656,8720,42250,11128,42250,1567,183
3656,8720,42251,11128,42251,1567,183
3656,8720,42252,11128,42252,1567,183
3656,8720,42253,11128,42253,1567,183
3656,8720,42254,11128,42254,1567,183
3656,8720,42255,11128,42255,1567,183
3656,8720,42256,11128,42256,1567,183
3656,8720,42257,11128,42257,1567,183
3656,8720,42258,11128,42258,1567,183
3656,8720,42259,11128,42259,1567,183
3656,8720,42260,11128,42260,1567,183
3656,8720,42261,11128,42261,1567,183
3656,8720,42262,11128,42262,1567,183
3656,8720,42263,11128,42263,1567,183
3656,8720,42264,11128,42264,1567,183
3656,8720,42265,11128,42265,1567,183
3656,8720,42266,11128,42266,1567,183
3656,8720,42267,11128,42267,1567,183
3656,8720,42268,11128,42268,1567,183
3656,8720,42269,11128,42269,1567,183
3656,8720,42270,11128,42270,1567,183
3656,8720,42271,11128,42271,1567,183
3656,8720,42272,11128,42272,1567,183
3655,8720,42273,11128,42273,1567,183
3655,8720,42274,11128,42274,1567,183
3655,8720,42275,11128,42275,1567,183
3655,8720,42276,11128,42276,1567,183
3655,8720,42277,11128,42277,1567,183
3655,8720,42278,11128,42278,1567,183
3655,8720,42279,11128,42279,1567,183
3655,8720,42280,11128,42280,1567,183
3655,8720,42281,11128,42281,1567,183
3655,8720,42282,11128,42282,1567,183
3655,8720,42283,11128,42283,1567,183
3656,8720,42284,11128,42284,1567,183
3656,8720,42285,11128,42285,1567,183
3656,8720,42286,11128,42286,1567,183
3656,8720,42287,11128,42287,1567,183
3655,8720,42288,11128,42288,1567,183
3655,8720,42289,11128,42289,1567,183
3655,8720,42290,11128,42290,1567,183
3655,8720,42291,11128,42291,1567,183
3655,8720,42292,11128,42292,1567,183
3656,8720,42293,11128,42293,1567,183
3656,8720,42294,11128,42294,1567,183
3656,8720,42295,11128,42295,1567,183
3656,8720,42296,11128,42296,1567,183
3656,8720,42297,11128,42297,1567,183
3656,8720,42298,11128,42298,1567,183
3656,8720,42299,11128,42299,1567,183
3656,8720,42300,11128,42300,1567,183
3656,8720,42301,11128,42301,1567,183
3653,8720,42302,11128,42302,1567,182
3653,8720,42303,11128,42303,1567,182
3652,8720,42304,11128,42304,1567,182
3652,8720,42305,11128,42305,1567,182
3652,8720,42306,11128,42306,1567,182
3652,8720,42307,11128,42307,1567,182
3652,8720,42308,11128,42308,1567,182
3652,8720,42309,11128,42309,1567,182
3652,8720,42310,11128,42310,1567,182
3652,8720,42311,11128,42311,1567,182
3652,8720,42312,11128,42312,1567,182
3652,8720,42313,11128,42313,1567,182
3652,8720,42314,11128,42314,1567,182
3650,8720,42315,11128,42315,1567,182
3649,8720,42316,11128,42316,1567,182
3649,8720,42317,11128,42317,1567,182
3649,8720,42318,11128,42318,1567,182
3649,8720,42319,11128,42319,1567,182
3649,8720,42320,11128,42320,1567,182
3648,8720,42321,11128,42321,1567,182
3648,8720,42322,11128,42322,1567,182
3648,8720,42323,11128,42323,1567,182
3648,8720,42324,11128,42324,1567,182
3648,8720,42325,11128,42325,1567,182
3648,8720,42326,11128,42326,1567,182
3647,8720,42327,11128,42327,1567,182
3647,8720,42328,11128,42328,1567,182
3648,8720,42329,11128,42329,1567,182
3648,8720,42330,11128,42330,1567,182
3648,8720,42331,11128,42331,1567,182
3648,8720,42332,11128,42332,1567,182
3648,8720,42333,11128,42333,1567,182
3648,8720,42334,11128,42334,1567,182
3648,8720,42335,11128,42335,1567,182
3647,8720,42336,11128,42336,1567,182
3648,8720,42337,11128,42337,1567,182
3648,8720,42338,11128,42338,1567,182
3648,8720,42339,11128,42339,1567,182
3648,8720,42340,11128,42340,1567,182
3648,8720,42341,11128,42341,1567,182
3648,8720,42342,11128,42342,1567,182
3647,8720,42343,11128,42343,1567,182
3647,8720,42344,11128,42344,1567,182
3647,8720,42345,11128,42345,1567,182
3647,8720,42346,11128,42346,1567,182
3647,8720,42347,11128,42347,1567,182
3647,8720,42348,11128,42348,1567,182
3647,8720,42349,11128,42349,1567,182
3647,8720,42350,11128,42350,1567,182
3647,8720,42351,11128,42351,1567,182
3647,8720,42352,11128,42352,1567,182
3647,8720,42353,11128,42353,1567,182
3645,8720,42354,11128,42354,1567,181
3645,8720,42355,11128,42355,1567,181
3645,8720,42356,11128,42356,1567,181
3645,8720,42357,11128,42357,1567,181
3645,8720,42358,11128,42358,1567,181
3646,8720,42359,11128,42359,1567,181
3646,8720,42360,11128,42360,1567,181
3647,8720,42361,11128,42361,1567,181
3647,8720,42362,11128,42362,1567,181
3647,8720,42363,11128,42363,1567,181
3646,8720,42364,11128,42364,1567,181
3646,8720,42365,11128,42365,1567,181
3646,8720,42366,11128,42366,1567,181
3646,8720,42367,11128,42367,1567,181
3646,8720,42368,11128,42368,1567,181
3646,8720,42369,11128,42369,1567,181
3646,8720,42370,11128,42370,1567,181
3646,8720,42371,11128,42371,1567,181
3646,8720,42372,11128,42372,1567,181
3646,8720,42373,11128,42373,1567,181
3646,8720,42374,11128,42374,1567,181
3646,8720,42375,11128,42375,1567,181
3646,8720,42376,11128,42376,1567,181
3646,8720,42377,11128,42377,1567,181
3646,8720,42378,11128,42378,1567,181
3646,8720,42379,11128,42379,1567,181
3646,8720,42380,11128,42380,1567,181
3646,8720,42381,11128,42381,1567,181
3646,8720,42382,11128,42382,1567,181
3647,8720,42383,11128,42383,1567,181
3647,8720,42384,11128,42384,1567,181
3647,8720,42385,11128,42385,1567,181
3647,8720,42386,11128,42386,1567,181
3647,8720,42387,11128,42387,1567,181
3647,8720,42388,11128,42388,1567,181
3647,8720,42389,11128,42389,1567,181
3647,8720,42390,11128,42390,1567,181
3647,8720,42391,11128,42391,1567,181
3647,8720,42392,11128,42392,1567,181
3647,8720,42393,11128,42393,1567,181
3647,8720,42394,11128,42394,1567,181
3647,8720,42395,11128,42395,1567,181
3645,8720,42396,11128,42396,1567,181
3645,8720,42397,11128,42397,1567,181
3645,8720,42398,11128,42398,1567,181
3646,8720,42399,11128,42399,1567,181
3646,8720,42400,11128,42400,1567,181
3645,8720,42401,11128,42401,1567,181
3644,8720,42402,11128,42402,1567,181
3644,8720,42403,11128,42403,1567,181
3644,8720,42404,11128,42404,1567,181
3645,8720,42405,11128,42405,1567,181
3645,8720,42406,11128,42406,1567,181
3645,8720,42407,11128,42407,1567,181
3645,8720,42408,11128,42408,1567,181
3645,8720,42409,11128,42409,1567,181
3646,8720,42410,11128,42410,1567,181
3646,8720,42411,11128,42411,1567,181
3646,8720,42412,11128,42412,1567,181
3646,8720,42413,11128,42413,1567,181
3646,8720,42414,11128,42414,1567,181
3646,8720,42415,11128,42415,1567,181
3646,8720,42416,11128,42416,1567,181
3646,8720,42417,11128,42417,1567,181
3646,8720,42418,11128,42418,1567,181
3646,8720,42419,11128,42419,1567,181
3646,8720,42420,11128,42420,1567,181
3647,8720,42421,11128,42421,1567,181
3647,8720,42422,11128,42422,1567,181
3648,8720,42423,11128,42423,1567,181
3648,8720,42424,11128,42424,1567,181
3648,8720,42425,11128,42425,1567,181
3648,8720,42426,11128,42426,1567,181
3648,8720,42427,11128,42427,1567,181
3648,8720,42428,11128,42428,1567,181
3647,8720,42429,11128,42429,1567,180
3647,8720,42430,11128,42430,1567,180
3647,8720,42431,11128,42431,1567,180
3647,8720,42432,11128,42432,1567,180
3647,8720,42433,11128,42433,1567,180
3646,8720,42434,11128,42434,1567,180
3646,8720,42435,11128,42435,1567,180
3646,8720,42436,11128,42436,1567,180
3646,8720,42437,11128,42437,1567,180
3646,8720,42438,11128,42438,1567,180
3646,8720,42439,11128,42439,1567,180
3646,8720,42440,11128,42440,1567,180
3646,8720,42441,11128,42441,1567,180
3646,8720,42442,11128,42442,1567,180
3646,8720,42443,11128,42443,1567,180
3647,8720,42444,11128,42444,1567,180
3647,8720,42445,11128,42445,1567,180
3647,8720,42446,11128,42446,1567,180
3647,8720,42447,11128,42447,1567,180
3647,8720,42448,11128,42448,1567,180
3647,8720,42449,11128,42449,1567,180
3647,8720,42450,11128,42450,1567,180
3647,8720,42451,11128,42451,1567,180
3647,8720,42452,11128,42452,1567,180
3647,8720,42453,11128,42453,1567,180
3647,8720,42454,11128,42454,1567,180
3647,8720,42455,11128,42455,1567,180
3647,8720,42456,11128,42456,1567,180
3647,8720,42457,11128,42457,1567,180
3647,8720,42458,11128,42458,1567,180
3647,8720,42459,11128,42459,1567,180
3642,8720,42460,11128,42460,1567,176
3641,8720,42461,11128,42461,1567,176
3641,8720,42462,11128,42462,1567,176
3641,8720,42463,11128,42463,1567,176
3641,8720,42464,11128,42464,1567,176
3641,8720,42465,11128,42465,1567,176
3641,8720,42466,11128,42466,1567,176
3641,8720,42467,11128,42467,1567,176
3641,8720,42468,11128,42468,1567,176
3641,8720,42469,11128,42469,1567,176
3641,8720,42470,11128,42470,1567,176
3641,8720,42471,11128,42471,1567,176
3641,8720,42472,11128,42472,1567,176
3641,8720,42473,11128,42473,1567,176
3641,8720,42474,11128,42474,1567,176
3641,8720,42475,11128,42475,1567,176
3641,8720,42476,11128,42476,1567,176
3641,8720,42477,11128,42477,1567,176
3641,8720,42478,11128,42478,1567,176
3642,8720,42479,11128,42479,1567,176
3642,8720,42480,11128,42480,1567,176
3642,8720,42481,11128,42481,1567,176
3642,8720,42482,11128,42482,1567,176
3642,8720,42483,11128,42483,1567,176
3643,8720,42484,11128,42484,1567,176
3644,8720,42485,11128,42485,1567,176
3644,8720,42486,11128,42486,1567,176
3644,8720,42487,11128,42487,1567,176
3644,8720,42488,11128,42488,1567,176
3644,8720,42489,11128,42489,1567,176
3644,8720,42490,11128,42490,1567,176
3644,8720,42491,11128,42491,1567,176
3644,8720,42492,11128,42492,1567,176
3644,8720,42493,11128,42493,1567,176
3642,8720,42494,11128,42494,1567,176
3640,8720,42495,11128,42495,1567,176
3640,8720,42496,11128,42496,1567,176
3640,8720,42497,11128,42497,1567,176
3640,8720,42498,11128,42498,1567,176
3640,8720,42499,11128,42499,1567,176
3639,8720,42500,11128,42500,1567,176
3638,8720,42501,11128,42501,1567,176
3638,8720,42502,11128,42502,1567,176
3638,8720,42503,11128,42503,1567,176
3638,8720,42504,11128,42504,1567,176
3636,8720,42505,11128,42505,1567,176
3636,8720,42506,11128,42506,1567,176
3637,8720,42507,11128,42507,1567,176
3636,8720,42508,11128,42508,1567,176
3636,8720,42509,11128,42509,1567,176
3636,8720,42510,11128,42510,1567,176
3635,8720,42511,11128,42511,1567,176
3635,8720,42512,11128,42512,1567,176
3635,8720,42513,11128,42513,1567,176
3636,8720,42514,11128,42514,1567,176
3636,8720,42515,11128,42515,1567,176
3636,8720,42516,11128,42516,1567,176
3636,8720,42517,11128,42517,1567,176
3636,8720,42518,11128,42518,1567,176
3636,8720,42519,11128,42519,1567,176
3636,8720,42520,11128,42520,1567,176
3637,8720,42521,11128,42521,1567,176
3637,8720,42522,11128,42522,1567,176
3637,8720,42523,11128,42523,1567,176
3636,8720,42524,11128,42524,1567,176
3636,8720,42525,11128,42525,1567,176
3636,8720,42526,11128,42526,1567,176
3636,8720,42527,11128,42527,1567,176
3636,8720,42528,11128,42528,1567,176
3636,8720,42529,11128,42529,1567,176
3635,8720,42530,11128,42530,1567,176
3635,8720,42531,11128,42531,1567,176
3635,8720,42532,11128,42532,1567,176
3635,8720,42533,11128,42533,1567,176
3635,8720,42534,11128,42534,1567,176
3634,8720,42535,11128,42535,1567,176
3633,8720,42536,11128,42536,1567,176
3632,8720,42537,11128,42537,1567,176
3631,8720,42538,11128,42538,1567,176
3631,8720,42539,11128,42539,1567,176
3631,8720,42540,11128,42540,1567,176
3631,8720,42541,11128,42541,1567,176
3631,8720,42542,11128,42542,1567,176
3630,8720,42543,11128,42543,1567,176
3630,8720,42544,11128,42544,1567,176
3630,8720,42545,11128,42545,1567,176
3630,8720,42546,11128,42546,1567,176
3629,8720,42547,11128,42547,1567,176
3630,8720,42548,11128,42548,1567,176
3631,8720,42549,11128,42549,1567,176
3631,8720,42550,11128,42550,1567,176
3630,8720,42551,11128,42551,1567,176
3630,8720,42552,11128,42552,1567,176
3629,8720,42553,11128,42553,1567,176
3629,8720,42554,11128,42554,1567,176
3629,8720,42555,11128,42555,1567,176
3630,8720,42556,11128,42556,1567,176
3629,8720,42557,11128,42557,1567,176
3629,8720,42558,11128,42558,1567,176
3629,8720,42559,11128,42559,1567,176
3629,8720,42560,11128,42560,1567,176
3629,8720,42561,11128,42561,1567,176
3629,8720,42562,11128,42562,1567,176
3629,8720,42563,11128,42563,1567,176
3629,8720,42564,11128,42564,1567,176
3629,8720,42565,11128,42565,1567,176
3629,8720,42566,11128,42566,1567,176
3629,8720,42567,11128,42567,1567,176
3629,8720,42568,11128,42568,1567,176
3629,8720,42569,11128,42569,1567,176
3629,8720,42570,11128,42570,1567,176
3629,8720,42571,11128,42571,1567,176
3629,8720,42572,11128,42572,1567,176
3629,8720,42573,11128,42573,1567,176
3629,8720,42574,11128,42574,1567,176
3629,8720,42575,11128,42575,1567,176
3629,8720,42576,11128,42576,1567,176
3629,8720,42577,11128,42577,1567,176
3629,8720,42578,11128,42578,1567,176
3629,8720,42579,11128,42579,1567,176
3628,8720,42580,11128,42580,1567,176
3628,8720,42581,11128,42581,1567,176
3628,8720,42582,11128,42582,1567,176
3628,8720,42583,11128,42583,1567,176
3628,8720,42584,11128,42584,1567,176
3628,8720,42585,11128,42585,1567,176
3628,8720,42586,11128,42586,1567,176
3628,8720,42587,11128,42587,1567,176
3628,8720,42588,11128,42588,1567,176
3628,8720,42589,11128,42589,1567,176
3628,8720,42590,11128,42590,1567,176
3629,8720,42591,11128,42591,1567,176
3629,8720,42592,11128,42592,1567,176
3629,8720,42593,11128,42593,1567,176
3629,8720,42594,11128,42594,1567,176
3629,8720,42595,11128,42595,1567,176
3629,8720,42596,11128,42596,1567,176
3629,8720,42597,11128,42597,1567,176
3629,8720,42598,11128,42598,1567,176
3629,8720,42599,11128,42599,1567,176
3629,8720,42600,11128,42600,1567,176
3629,8720,42601,11128,42601,1567,176
3629,8720,42602,11128,42602,1567,176
3629,8720,42603,11128,42603,1567,176
3629,8720,42604,11128,42604,1567,176
3629,8720,42605,11128,42605,1567,176
3629,8720,42606,11128,42606,1567,176
3629,8720,42607,11128,42607,1567,176
3629,8720,42608,11128,42608,1567,176
3629,8720,42609,11128,42609,1567,176
3629,8720,42610,11128,42610,1567,176
3629,8720,42611,11128,42611,1567,176
3629,8720,42612,11128,42612,1567,176
3629,8720,42613,11128,42613,1567,176
3630,8720,42614,11128,42614,1567,176
3629,8720,42615,11128,42615,1567,176
3629,8720,42616,11128,42616,1567,176
3629,8720,42617,11128,42617,1567,176
3630,8720,42618,11128,42618,1567,176
3630,8720,42619,11128,42619,1567,176
3630,8720,42620,11128,42620,1567,176
3630,8720,42621,11128,42621,1567,176
3630,8720,42622,11128,42622,1567,176
3631,8720,42623,11128,42623,1567,176
3631,8720,42624,11128,42624,1567,176
3632,8720,42625,11128,42625,1567,176
3632,8720,42626,11128,42626,1567,176
3632,8720,42627,11128,42627,1567,176
3632,8720,42628,11128,42628,1567,176
3632,8720,42629,11128,42629,1567,176
3633,8720,42630,11128,42630,1567,176
3632,8720,42631,11128,42631,1567,176
3632,8720,42632,11128,42632,1567,176
3632,8720,42633,11128,42633,1567,176
3632,8720,42634,11128,42634,1567,176
3631,8720,42635,11128,42635,1567,176
3631,8720,42636,11128,42636,1567,176
3631,8720,42637,11128,42637,1567,176
3631,8720,42638,11128,42638,1567,176
3631,8720,42639,11128,42639,1567,176
3631,8720,42640,11128,42640,1567,176
3631,8720,42641,11128,42641,1567,176
3631,8720,42642,11128,42642,1567,176
3631,8720,42643,11128,42643,1567,176
3631,8720,42644,11128,42644,1567,176
3631,8720,42645,11128,42645,1567,176
3630,8720,42646,11128,42646,1567,176
3630,8720,42647,11128,42647,1567,176
3630,8720,42648,11128,42648,1567,176
3630,8720,42649,11128,42649,1567,176
3630,8720,42650,11128,42650,1567,176
3631,8720,42651,11128,42651,1567,176
3631,8720,42652,11128,42652,1567,176
3631,8720,42653,11128,42653,1567,176
3631,8720,42654,11128,42654,1567,176
3631,8720,42655,11128,42655,1567,176
3631,8720,42656,11128,42656,1567,176
3631,8720,42657,11128,42657,1567,176
3631,8720,42658,11128,42658,1567,176
3631,8720,42659,11128,42659,1567,176
3631,8720,42660,11128,42660,1567,176
3630,8720,42661,11128,42661,1567,176
3630,8720,42662,11128,42662,1567,176
3628,8720,42663,11128,42663,1567,176
3628,8720,42664,11128,42664,1567,176
3628,8720,42665,11128,42665,1567,176
3628,8720,42666,11128,42666,1567,176
3628,8720,42667,11128,42667,1567,176
3628,8720,42668,11128,42668,1567,176
3628,8720,42669,11128,42669,1567,176
3628,8720,42670,11128,42670,1567,176
3628,8720,42671,11128,42671,1567,176
3628,8720,42672,11128,42672,1567,176
3628,8720,42673,11128,42673,1567,176
3628,8720,42674,11128,42674,1567,176
3628,8720,42675,11128,42675,1567,176
3628,8720,42676,11128,42676,1567,176
3628,8720,42677,11128,42677,1567,176
3628,8720,42678,11128,42678,1567,176
3628,8720,42679,11128,42679,1567,176
3628,8720,42680,11128,42680,1567,176
3628,8720,42681,11128,42681,1567,176
3628,8720,42682,11128,42682,1567,176
3628,8720,42683,11128,42683,1567,176
3628,8720,42684,11128,42684,1567,176
3628,8720,42685,11128,42685,1567,176
3628,8720,42686,11128,42686,1567,176
3628,8720,42687,11128,42687,1567,176
3628,8720,42688,11128,42688,1567,176
3627,8720,42689,11128,42689,1567,176
3627,8720,42690,11128,42690,1567,176
3626,8720,42691,11128,42691,1567,176
3626,8720,42692,11128,42692,1567,176
3626,8720,42693,11128,42693,1567,176
3626,8720,42694,11128,42694,1567,176
3626,8720,42695,11128,42695,1567,176
3626,8720,42696,11128,42696,1567,176
3626,8720,42697,11128,42697,1567,176
3626,8720,42698,11128,42698,1567,176
3626,8720,42699,11128,42699,1567,176
3627,8720,42700,11128,42700,1567,176
3627,8720,42701,11128,42701,1567,176
3627,8720,42702,11128,42702,1567,176
3627,8720,42703,11128,42703,1567,176
3627,8720,42704,11128,42704,1567,176
3627,8720,42705,11128,42705,1567,176
3627,8720,42706,11128,42706,1567,176
3627,8720,42707,11128,42707,1567,176
3627,8720,42708,11128,42708,1567,176
3627,8720,42709,11128,42709,1567,176
3627,8720,42710,11128,42710,1567,176
3627,8720,42711,11128,42711,1567,176
3627,8720,42712,11128,42712,1567,176
3627,8720,42713,11128,42713,1567,176
3627,8720,42714,11128,42714,1567,176
3627,8720,42715,11128,42715,1567,176
3627,8720,42716,11128,42716,1567,176
3627,8720,42717,11128,42717,1567,176
3627,8720,42718,11128,42718,1567,176
3627,8720,42719,11128,42719,1567,176
3627,8720,42720,11128,42720,1567,176
3627,8720,42721,11128,42721,1567,176
3627,8720,42722,11128,42722,1567,176
3627,8720,42723,11128,42723,1567,176
3627,8720,42724,11128,42724,1567,176
3627,8720,42725,11128,42725,1567,176
3626,8720,42726,11128,42726,1567,176
3626,8720,42727,11128,42727,1567,176
3626,8720,42728,11128,42728,1567,176
3626,8720,42729,11128,42729,1567,176
3626,8720,42730,11128,42730,1567,176
3625,8720,42731,11128,42731,1567,176
3625,8720,42732,11128,42732,1567,176
3625,8720,42733,11128,42733,1567,176
3625,8720,42734,11128,42734,1567,176
3625,8720,42735,11128,42735,1567,176
3625,8720,42736,11128,42736,1567,176
3625,8720,42737,11128,42737,1567,176
3624,8720,42738,11128,42738,1567,176
3624,8720,42739,11128,42739,1567,176
3625,8720,42740,11128,42740,1567,176
3624,8720,42741,11128,42741,1567,176
3624,8720,42742,11128,42742,1567,176
3623,8720,42743,11128,42743,1567,176
3623,8720,42744,11128,42744,1567,176
3623,8720,42745,11128,42745,1567,176
3623,8720,42746,11128,42746,1567,176
3623,8720,42747,11128,42747,1567,176
3623,8720,42748,11128,42748,1567,176
3623,8720,42749,11128,42749,1567,176
3623,8720,42750,11128,42750,1567,176
3623,8720,42751,11128,42751,1567,176
3623,8720,42752,11128,42752,1567,176
3624,8720,42753,11128,42753,1567,176
3624,8720,42754,11128,42754,1567,176
3624,8720,42755,11128,42755,1567,176
3624,8720,42756,11128,42756,1567,176
3624,8720,42757,11128,42757,1567,176
3622,8720,42758,11128,42758,1567,175
3621,8720,42759,11128,42759,1567,175
3621,8720,42760,11128,42760,1567,175
3621,8720,42761,11128,42761,1567,175
3621,8720,42762,11128,42762,1567,175
3622,8720,42763,11128,42763,1567,175
3622,8720,42764,11128,42764,1567,175
3622,8720,42765,11128,42765,1567,175
3622,8720,42766,11128,42766,1567,175
3622,8720,42767,11128,42767,1567,175
3623,8720,42768,11128,42768,1567,175
3623,8720,42769,11128,42769,1567,175
3623,8720,42770,11128,42770,1567,175
3623,8720,42771,11128,42771,1567,175
3623,8720,42772,11128,42772,1567,175
3623,8720,42773,11128,42773,1567,175
3623,8720,42774,11128,42774,1567,175
3623,8720,42775,11128,42775,1567,175
3623,8720,42776,11128,42776,1567,175
3623,8720,42777,11128,42777,1567,175
3624,8720,42778,11128,42778,1567,175
3624,8720,42779,11128,42779,1567,175
3624,8720,42780,11128,42780,1567,175
3625,8720,42781,11128,42781,1567,175
3625,8720,42782,11128,42782,1567,175
3625,8720,42783,11128,42783,1567,175
3625,8720,42784,11128,42784,1567,175
3625,8720,42785,11128,42785,1567,175
3625,8720,42786,11128,42786,1567,175
3625,8720,42787,11128,42787,1567,175
3625,8720,42788,11128,42788,1567,175
3625,8720,42789,11128,42789,1567,175
3625,8720,42790,11128,42790,1567,175
3625,8720,42791,11128,42791,1567,175
3625,8720,42792,11128,42792,1567,175
3625,8720,42793,11128,42793,1567,175
3625,8720,42794,11128,42794,1567,175
3625,8720,42795,11128,42795,1567,175
3625,8720,42796,11128,42796,1567,175
3625,8720,42797,11128,42797,1567,175
3625,8720,42798,11128,42798,1567,175
3624,8720,42799,11128,42799,1567,175
3625,8720,42800,11128,42800,1567,175
3625,8720,42801,11128,42801,1567,175
3625,8720,42802,11128,42802,1567,175
3625,8720,42803,11128,42803,1567,175
3625,8720,42804,11128,42804,1567,175
3625,8720,42805,11128,42805,1567,175
3625,8720,42806,11128,42806,1567,175
3625,8720,42807,11128,42807,1567,175
3625,8720,42808,11128,42808,1567,175
3625,8720,42809,11128,42809,1567,175
3625,8720,42810,11128,42810,1567,175
3626,8720,42811,11128,42811,1567,175
3626,8720,42812,11128,42812,1567,175
3626,8720,42813,11128,42813,1567,175
3626,8720,42814,11128,42814,1567,175
3626,8720,42815,11128,42815,1567,175
3626,8720,42816,11128,42816,1567,175
3626,8720,42817,11128,42817,1567,175
3625,8720,42818,11128,42818,1567,175
3625,8720,42819,11128,42819,1567,175
3625,8720,42820,11128,42820,1567,175
3625,8720,42821,11128,42821,1567,175
3625,8720,42822,11128,42822,1567,175
3622,8720,42823,11128,42823,1567,175
3622,8720,42824,11128,42824,1567,175
3620,8720,42825,11128,42825,1567,175
3621,8720,42826,11128,42826,1567,175
3621,8720,42827,11128,42827,1567,175
3621,8720,42828,11128,42828,1567,175
3621,8720,42829,11128,42829,1567,175
3621,8720,42830,11128,42830,1567,175
3621,8720,42831,11128,42831,1567,175
3621,8720,42832,11128,42832,1567,175
3621,8720,42833,11128,42833,1567,175
3621,8720,42834,11128,42834,1567,175
3621,8720,42835,11128,42835,1567,175
3621,8720,42836,11128,42836,1567,175
3620,8720,42837,11128,42837,1567,175
3620,8720,42838,11128,42838,1567,175
3620,8720,42839,11128,42839,1567,175
3619,8720,42840,11128,42840,1567,174
3619,8720,42841,11128,42841,1567,174
3618,8720,42842,11128,42842,1567,174
3618,8720,42843,11128,42843,1567,174
3618,8720,42844,11128,42844,1567,174
3618,8720,42845,11128,42845,1567,174
3618,8720,42846,11128,42846,1567,174
3618,8720,42847,11128,42847,1567,174
3618,8720,42848,11128,42848,1567,174
3619,8720,42849,11128,42849,1567,174
3619,8720,42850,11128,42850,1567,174
3619,8720,42851,11128,42851,1567,174
3619,8720,42852,11128,42852,1567,174
3619,8720,42853,11128,42853,1567,174
3619,8720,42854,11128,42854,1567,174
3619,8720,42855,11128,42855,1567,174
3619,8720,42856,11128,42856,1567,174
3619,8720,42857,11128,42857,1567,174
3619,8720,42858,11128,42858,1567,174
3619,8720,42859,11128,42859,1567,174
3619,8720,42860,11128,42860,1567,174
3619,8720,42861,11128,42861,1567,174
3620,8720,42862,11128,42862,1567,174
3620,8720,42863,11128,42863,1567,174
3620,8720,42864,11128,42864,1567,174
3619,8720,42865,11128,42865,1567,174
3619,8720,42866,11128,42866,1567,174
3619,8720,42867,11128,42867,1567,174
3619,8720,42868,11128,42868,1567,174
3619,8720,42869,11128,42869,1567,174
3619,8720,42870,11128,42870,1567,174
3619,8720,42871,11128,42871,1567,174
3619,8720,42872,11128,42872,1567,174
3619,8720,42873,11128,42873,1567,174
3619,8720,42874,11128,42874,1567,174
3619,8720,42875,11128,42875,1567,174
3619,8720,42876,11128,42876,1567,174
3619,8720,42877,11128,42877,1567,174
3620,8720,42878,11128,42878,1567,174
3620,8720,42879,11128,42879,1567,174
3620,8720,42880,11128,42880,1567,174
3620,8720,42881,11128,42881,1567,174
3620,8720,42882,11128,42882,1567,174
3620,8720,42883,11128,42883,1567,174
3620,8720,42884,11128,42884,1567,174
3620,8720,42885,11128,42885,1567,174
3620,8720,42886,11128,42886,1567,174
3620,8720,42887,11128,42887,1567,174
3620,8720,42888,11128,42888,1567,174
3620,8720,42889,11128,42889,1567,174
3620,8720,42890,11128,42890,1567,174
3620,8720,42891,11128,42891,1567,174
3620,8720,42892,11128,42892,1567,174
3621,8720,42893,11128,42893,1567,174
3620,8720,42894,11128,42894,1567,174
3620,8720,42895,11128,42895,1567,174
3620,8720,42896,11128,42896,1567,174
3620,8720,42897,11128,42897,1567,174
3620,8720,42898,11128,42898,1567,174
3621,8720,42899,11128,42899,1567,174
3621,8720,42900,11128,42900,1567,174
3621,8720,42901,11128,42901,1567,174
3621,8720,42902,11128,42902,1567,174
3621,8720,42903,11128,42903,1567,174
3622,8720,42904,11128,42904,1567,174
3622,8720,42905,11128,42905,1567,174
3622,8720,42906,11128,42906,1567,174
3622,8720,42907,11128,42907,1567,174
3623,8720,42908,11128,42908,1567,174
3623,8720,42909,11128,42909,1567,174
3623,8720,42910,11128,42910,1567,174
3623,8720,42911,11128,42911,1567,174
3623,8720,42912,11128,42912,1567,174
3620,8720,42913,11128,42913,1567,174
3620,8720,42914,11128,42914,1567,174
3620,8720,42915,11128,42915,1567,174
3620,8720,42916,11128,42916,1567,174
3620,8720,42917,11128,42917,1567,174
3620,8720,42918,11128,42918,1567,174
3620,8720,42919,11128,42919,1567,174
3620,8720,42920,11128,42920,1567,174
3620,8720,42921,11128,42921,1567,174
3620,8720,42922,11128,42922,1567,174
3620,8720,42923,11128,42923,1567,174
3620,8720,42924,11128,42924,1567,174
3620,8720,42925,11128,42925,1567,174
3620,8720,42926,11128,42926,1567,174
3620,8720,42927,11128,42927,1567,174
3620,8720,42928,11128,42928,1567,174
3620,8720,42929,11128,42929,1567,174
3620,8720,42930,11128,42930,1567,174
3620,8720,42931,11128,42931,1567,174
3620,8720,42932,11128,42932,1567,174
3620,8720,42933,11128,42933,1567,174
3620,8720,42934,11128,42934,1567,174
3620,8720,42935,11128,42935,1567,174
3621,8720,42936,11128,42936,1567,174
3621,8720,42937,11128,42937,1567,174
3621,8720,42938,11128,42938,1567,174
3621,8720,42939,11128,42939,1567,174
3621,8720,42940,11128,42940,1567,174
3621,8720,42941,11128,42941,1567,174
3621,8720,42942,11128,42942,1567,174
3621,8720,42943,11128,42943,1567,174
3621,8720,42944,11128,42944,1567,174
3621,8720,42945,11128,42945,1567,174
3621,8720,42946,11128,42946,1567,174
3621,8720,42947,11128,42947,1567,174
3621,8720,42948,11128,42948,1567,174
3621,8720,42949,11128,42949,1567,174
3621,8720,42950,11128,42950,1567,174
3621,8720,42951,11128,42951,1567,174
3621,8720,42952,11128,42952,1567,174
3621,8720,42953,11128,42953,1567,174
3621,8720,42954,11128,42954,1567,174
3621,8720,42955,11128,42955,1567,174
3621,8720,42956,11128,42956,1567,174
3621,8720,42957,11128,42957,1567,174
3621,8720,42958,11128,42958,1567,174
3621,8720,42959,11128,42959,1567,174
3621,8720,42960,11128,42960,1567,174
3620,8720,42961,11128,42961,1567,174
3619,8720,42962,11128,42962,1567,174
3620,8720,42963,11128,42963,1567,174
3620,8720,42964,11128,42964,1567,174
3620,8720,42965,11128,42965,1567,174
3620,8720,42966,11128,42966,1567,174
3620,8720,42967,11128,42967,1567,174
3620,8720,42968,11128,42968,1567,174
3620,8720,42969,11128,42969,1567,174
3620,8720,42970,11128,42970,1567,174
3620,8720,42971,11128,42971,1567,174
3620,8720,42972,11128,42972,1567,174
3620,8720,42973,11128,42973,1567,174
3620,8720,42974,11128,42974,1567,174
3620,8720,42975,11128,42975,1567,174
3620,8720,42976,11128,42976,1567,174
3620,8720,42977,11128,42977,1567,174
3620,8720,42978,11128,42978,1567,174
3620,8720,42979,11128,42979,1567,174
3621,8720,42980,11128,42980,1567,174
3622,8720,42981,11128,42981,1567,174
3623,8720,42982,11128,42982,1567,174
3624,8720,42983,11128,42983,1567,174
3624,8720,42984,11128,42984,1567,174
3625,8720,42985,11128,42985,1567,174
3624,8720,42986,11128,42986,1567,174
3624,8720,42987,11128,42987,1567,174
3624,8720,42988,11128,42988,1567,174
3624,8720,42989,11128,42989,1567,174
3624,8720,42990,11128,42990,1567,174
3623,8720,42991,11128,42991,1567,174
3623,8720,42992,11128,42992,1567,174
3623,8720,42993,11128,42993,1567,174
3623,8720,42994,11128,42994,1567,174
3623,8720,42995,11128,42995,1567,174
3623,8720,42996,11128,42996,1567,174
3623,8720,42997,11128,42997,1567,174
3623,8720,42998,11128,42998,1567,174
3623,8720,42999,11128,42999,1567,174
3623,8720,43000,11128,43000,1567,174
3623,8720,43001,11128,43001,1567,174
3623,8720,43002,11128,43002,1567,174
3623,8720,43003,11128,43003,1567,174
3623,8720,43004,11128,43004,1567,174
3623,8720,43005,11128,43005,1567,174
3623,8720,43006,11128,43006,1567,174
3623,8720,43007,11128,43007,1567,174
3623,8720,43008,11128,43008,1567,174
3623,8720,43009,11128,43009,1567,174
3623,8720,43010,11128,43010,1567,174
3623,8720,43011,11128,43011,1567,174
3623,8720,43012,11128,43012,1567,174
3623,8720,43013,11128,43013,1567,174
3623,8720,43014,11128,43014,1567,174
3623,8720,43015,11128,43015,1567,174
3622,8720,43016,11128,43016,1567,174
3623,8720,43017,11128,43017,1567,174
3623,8720,43018,11128,43018,1567,174
3623,8720,43019,11128,43019,1567,174
3623,8720,43020,11128,43020,1567,174
3623,8720,43021,11128,43021,1567,174
3623,8720,43022,11128,43022,1567,174
3623,8720,43023,11128,43023,1567,174
3623,8720,43024,11128,43024,1567,174
3623,8720,43025,11128,43025,1567,174
3621,8720,43026,11128,43026,1567,174
3621,8720,43027,11128,43027,1567,174
3621,8720,43028,11128,43028,1567,174
3621,8720,43029,11128,43029,1567,174
3621,8720,43030,11128,43030,1567,174
3620,8720,43031,11128,43031,1567,174
3620,8720,43032,11128,43032,1567,174
3620,8720,43033,11128,43033,1567,174
3620,8720,43034,11128,43034,1567,174
3620,8720,43035,11128,43035,1567,174
3620,8720,43036,11128,43036,1567,174
3620,8720,43037,11128,43037,1567,174
3621,8720,43038,11128,43038,1567,174
3621,8720,43039,11128,43039,1567,174
3621,8720,43040,11128,43040,1567,174
3621,8720,43041,11128,43041,1567,174
3620,8720,43042,11128,43042,1567,174
3621,8720,43043,11128,43043,1567,174
3621,8720,43044,11128,43044,1567,174
3619,8720,43045,11128,43045,1567,174
3619,8720,43046,11128,43046,1567,174
3619,8720,43047,11128,43047,1567,174
3619,8720,43048,11128,43048,1567,174
3619,8720,43049,11128,43049,1567,174
3619,8720,43050,11128,43050,1567,174
3619,8720,43051,11128,43051,1567,174
3620,8720,43052,11128,43052,1567,174
3621,8720,43053,11128,43053,1567,174
3621,8720,43054,11128,43054,1567,174
3622,8720,43055,11128,43055,1567,174
3622,8720,43056,11128,43056,1567,174
3622,8720,43057,11128,43057,1567,174
3622,8720,43058,11128,43058,1567,174
3622,8720,43059,11128,43059,1567,174
3622,8720,43060,11128,43060,1567,174
3621,8720,43061,11128,43061,1567,174
3622,8720,43062,11128,43062,1567,174
3621,8720,43063,11128,43063,1567,174
3621,8720,43064,11128,43064,1567,174
3622,8720,43065,11128,43065,1567,174
3622,8720,43066,11128,43066,1567,174
3620,8720,43067,11128,43067,1567,174
3620,8720,43068,11128,43068,1567,174
3620,8720,43069,11128,43069,1567,174
3620,8720,43070,11128,43070,1567,174
3620,8720,43071,11128,43071,1567,174
3620,8720,43072,11128,43072,1567,174
3620,8720,43073,11128,43073,1567,174
3621,8720,43074,11128,43074,1567,174
3621,8720,43075,11128,43075,1567,174
3621,8720,43076,11128,43076,1567,174
3621,8720,43077,11128,43077,1567,174
3620,8720,43078,11128,43078,1567,174
3620,8720,43079,11128,43079,1567,174
3620,8720,43080,11128,43080,1567,174
3620,8720,43081,11128,43081,1567,174
3619,8720,43082,11128,43082,1567,174
3619,8720,43083,11128,43083,1567,174
3619,8720,43084,11128,43084,1567,174
3619,8720,43085,11128,43085,1567,174
3619,8720,43086,11128,43086,1567,174
3619,8720,43087,11128,43087,1567,174
3619,8720,43088,11128,43088,1567,174
3619,8720,43089,11128,43089,1567,174
3619,8720,43090,11128,43090,1567,174
3620,8720,43091,11128,43091,1567,174
3620,8720,43092,11128,43092,1567,174
3620,8720,43093,11128,43093,1567,174
3619,8720,43094,11128,43094,1567,174
3620,8720,43095,11128,43095,1567,174
3616,8720,43096,11128,43096,1567,171
3616,8720,43097,11128,43097,1567,171
3616,8720,43098,11128,43098,1567,171
3616,8720,43099,11128,43099,1567,171
3616,8720,43100,11128,43100,1567,171
3616,8720,43101,11128,43101,1567,171
3616,8720,43102,11128,43102,1567,171
3616,8720,43103,11128,43103,1567,171
3617,8720,43104,11128,43104,1567,171
3615,8720,43105,11128,43105,1567,171
3615,8720,43106,11128,43106,1567,171
3615,8720,43107,11128,43107,1567,171
3614,8720,43108,11128,43108,1567,171
3615,8720,43109,11128,43109,1567,171
3615,8720,43110,11128,43110,1567,171
3615,8720,43111,11128,43111,1567,171
3615,8720,43112,11128,43112,1567,171
3615,8720,43113,11128,43113,1567,171
3615,8720,43114,11128,43114,1567,171
3615,8720,43115,11128,43115,1567,171
3615,8720,43116,11128,43116,1567,171
3614,8720,43117,11128,43117,1567,171
3614,8720,43118,11128,43118,1567,171
3614,8720,43119,11128,43119,1567,171
3614,8720,43120,11128,43120,1567,171
3615,8720,43121,11128,43121,1567,171
3615,8720,43122,11128,43122,1567,171
3615,8720,43123,11128,43123,1567,171
3615,8720,43124,11128,43124,1567,171
3615,8720,43125,11128,43125,1567,171
3615,8720,43126,11128,43126,1567,171
3615,8720,43127,11128,43127,1567,171
3615,8720,43128,11128,43128,1567,171
3615,8720,43129,11128,43129,1567,171
3616,8720,43130,11128,43130,1567,171
3617,8720,43131,11128,43131,1567,171
3616,8720,43132,11128,43132,1567,171
3616,8720,43133,11128,43133,1567,171
3617,8720,43134,11128,43134,1567,171
3617,8720,43135,11128,43135,1567,171
3617,8720,43136,11128,43136,1567,171
3617,8720,43137,11128,43137,1567,171
3617,8720,43138,11128,43138,1567,171
3617,8720,43139,11128,43139,1567,171
3617,8720,43140,11128,43140,1567,171
3617,8720,43141,11128,43141,1567,171
3618,8720,43142,11128,43142,1567,171
3618,8720,43143,11128,43143,1567,171
3618,8720,43144,11128,43144,1567,171
3618,8720,43145,11128,43145,1567,171
3618,8720,43146,11128,43146,1567,171
3618,8720,43147,11128,43147,1567,171
3618,8720,43148,11128,43148,1567,171
3619,8720,43149,11128,43149,1567,171
3619,8720,43150,11128,43150,1567,171
3619,8720,43151,11128,43151,1567,171
3619,8720,43152,11128,43152,1567,171
3619,8720,43153,11128,43153,1567,171
3619,8720,43154,11128,43154,1567,171
3619,8720,43155,11128,43155,1567,171
3619,8720,43156,11128,43156,1567,171
3619,8720,43157,11128,43157,1567,171
3619,8720,43158,11128,43158,1567,171
3619,8720,43159,11128,43159,1567,171
3619,8720,43160,11128,43160,1567,171
3619,8720,43161,11128,43161,1567,171
3619,8720,43162,11128,43162,1567,171
3620,8720,43163,11128,43163,1567,171
3620,8720,43164,11128,43164,1567,171
3620,8720,43165,11128,43165,1567,171
3620,8720,43166,11128,43166,1567,171
3620,8720,43167,11128,43167,1567,171
3620,8720,43168,11128,43168,1567,171
3619,8720,43169,11128,43169,1567,171
3619,8720,43170,11128,43170,1567,171
3619,8720,43171,11128,43171,1567,171
3619,8720,43172,11128,43172,1567,171
3620,8720,43173,11128,43173,1567,171
3620,8720,43174,11128,43174,1567,171
3620,8720,43175,11128,43175,1567,171
3620,8720,43176,11128,43176,1567,171
3620,8720,43177,11128,43177,1567,171
3620,8720,43178,11128,43178,1567,171
3620,8720,43179,11128,43179,1567,171
3619,8720,43180,11128,43180,1567,171
3619,8720,43181,11128,43181,1567,171
3619,8720,43182,11128,43182,1567,171
3619,8720,43183,11128,43183,1567,171
3619,8720,43184,11128,43184,1567,171
3619,8720,43185,11128,43185,1567,171
3619,8720,43186,11128,43186,1567,171
3619,8720,43187,11128,43187,1567,171
3620,8720,43188,11128,43188,1567,171
3620,8720,43189,11128,43189,1567,171
3620,8720,43190,11128,43190,1567,171
3620,8720,43191,11128,43191,1567,171
3620,8720,43192,11128,43192,1567,171
3620,8720,43193,11128,43193,1567,171
3620,8720,43194,11128,43194,1567,171
3620,8720,43195,11128,43195,1567,171
3620,8720,43196,11128,43196,1567,171
3620,8720,43197,11128,43197,1567,171
3620,8720,43198,11128,43198,1567,171
3620,8720,43199,11128,43199,1567,171
3620,8720,43200,11128,43200,1567,171
3620,8720,43201,11128,43201,1567,171
3620,8720,43202,11128,43202,1567,171
3620,8720,43203,11128,43203,1567,171
3620,8720,43204,11128,43204,1567,171
3620,8720,43205,11128,43205,1567,171
3620,8720,43206,11128,43206,1567,171
3620,8720,43207,11128,43207,1567,171
3621,8720,43208,11128,43208,1567,171
3621,8720,43209,11128,43209,1567,171
3621,8720,43210,11128,43210,1567,171
3619,8720,43211,11128,43211,1567,170
3619,8720,43212,11128,43212,1567,170
3619,8720,43213,11128,43213,1567,170
3619,8720,43214,11128,43214,1567,170
3617,8720,43215,11128,43215,1567,170
3617,8720,43216,11128,43216,1567,170
3617,8720,43217,11128,43217,1567,170
3617,8720,43218,11128,43218,1567,170
3617,8720,43219,11128,43219,1567,170
3617,8720,43220,11128,43220,1567,170
3617,8720,43221,11128,43221,1567,170
3618,8720,43222,11128,43222,1567,170
3618,8720,43223,11128,43223,1567,170
3618,8720,43224,11128,43224,1567,170
3617,8720,43225,11128,43225,1567,170
3617,8720,43226,11128,43226,1567,170
3617,8720,43227,11128,43227,1567,170
3617,8720,43228,11128,43228,1567,170
3617,8720,43229,11128,43229,1567,170
3617,8720,43230,11128,43230,1567,170
3617,8720,43231,11128,43231,1567,170
3617,8720,43232,11128,43232,1567,170
3617,8720,43233,11128,43233,1567,170
3617,8720,43234,11128,43234,1567,170
3617,8720,43235,11128,43235,1567,170
3617,8720,43236,11128,43236,1567,170
3617,8720,43237,11128,43237,1567,170
3617,8720,43238,11128,43238,1567,170
3617,8720,43239,11128,43239,1567,170
3617,8720,43240,11128,43240,1567,170
3618,8720,43241,11128,43241,1567,170
3618,8720,43242,11128,43242,1567,170
3618,8720,43243,11128,43243,1567,170
3618,8720,43244,11128,43244,1567,170
3617,8720,43245,11128,43245,1567,170
3617,8720,43246,11128,43246,1567,170
3616,8720,43247,11128,43247,1567,170
3616,8720,43248,11128,43248,1567,170
3616,8720,43249,11128,43249,1567,170
3616,8720,43250,11128,43250,1567,170
3616,8720,43251,11128,43251,1567,170
3616,8720,43252,11128,43252,1567,170
3616,8720,43253,11128,43253,1567,170
3616,8720,43254,11128,43254,1567,170
3616,8720,43255,11128,43255,1567,170
3616,8720,43256,11128,43256,1567,170
3617,8720,43257,11128,43257,1567,170
3617,8720,43258,11128,43258,1567,170
3616,8720,43259,11128,43259,1567,170
3616,8720,43260,11128,43260,1567,170
3616,8720,43261,11128,43261,1567,170
3616,8720,43262,11128,43262,1567,170
3617,8720,43263,11128,43263,1567,170
3617,8720,43264,11128,43264,1567,170
3616,8720,43265,11128,43265,1567,170
3616,8720,43266,11128,43266,1567,170
3615,8720,43267,11128,43267,1567,170
3614,8720,43268,11128,43268,1567,170
3614,8720,43269,11128,43269,1567,170
3614,8720,43270,11128,43270,1567,170
3614,8720,43271,11128,43271,1567,170
3612,8720,43272,11128,43272,1567,170
3612,8720,43273,11128,43273,1567,170
3611,8720,43274,11128,43274,1567,170
3611,8720,43275,11128,43275,1567,170
3611,8720,43276,11128,43276,1567,170
3611,8720,43277,11128,43277,1567,170
3611,8720,43278,11128,43278,1567,170
3611,8720,43279,11128,43279,1567,170
3611,8720,43280,11128,43280,1567,170
3611,8720,43281,11128,43281,1567,170
3611,8720,43282,11128,43282,1567,170
3611,8720,43283,11128,43283,1567,170
3611,8720,43284,11128,43284,1567,170
3611,8720,43285,11128,43285,1567,170
3611,8720,43286,11128,43286,1567,170
3611,8720,43287,11128,43287,1567,170
3611,8720,43288,11128,43288,1567,170
3611,8720,43289,11128,43289,1567,170
3611,8720,43290,11128,43290,1567,170
3611,8720,43291,11128,43291,1567,170
3611,8720,43292,11128,43292,1567,170
3611,8720,43293,11128,43293,1567,170
3611,8720,43294,11128,43294,1567,170
3610,8720,43295,11128,43295,1567,170
3610,8720,43296,11128,43296,1567,170
3610,8720,43297,11128,43297,1567,170
3610,8720,43298,11128,43298,1567,170
3611,8720,43299,11128,43299,1567,170
3611,8720,43300,11128,43300,1567,170
3611,8720,43301,11128,43301,1567,170
3611,8720,43302,11128,43302,1567,170
3610,8720,43303,11128,43303,1567,170
3610,8720,43304,11128,43304,1567,170
3610,8720,43305,11128,43305,1567,170
3610,8720,43306,11128,43306,1567,170
3610,8720,43307,11128,43307,1567,170
3610,8720,43308,11128,43308,1567,170
3610,8720,43309,11128,43309,1567,170
3610,8720,43310,11128,43310,1567,170
3610,8720,43311,11128,43311,1567,170
3610,8720,43312,11128,43312,1567,170
3610,8720,43313,11128,43313,1567,170
3610,8720,43314,11128,43314,1567,170
3610,8720,43315,11128,43315,1567,170
3610,8720,43316,11128,43316,1567,170
3609,8720,43317,11128,43317,1567,170
3609,8720,43318,11128,43318,1567,170
3610,8720,43319,11128,43319,1567,170
3609,8720,43320,11128,43320,1567,170
3609,8720,43321,11128,43321,1567,170
3609,8720,43322,11128,43322,1567,170
3609,8720,43323,11128,43323,1567,170
3608,8720,43324,11128,43324,1567,170
3607,8720,43325,11128,43325,1567,170
3607,8720,43326,11128,43326,1567,170
3607,8720,43327,11128,43327,1567,170
3605,8720,43328,11128,43328,1567,170
3605,8720,43329,11128,43329,1567,170
3604,8720,43330,11128,43330,1567,170
3604,8720,43331,11128,43331,1567,170
3603,8720,43332,11128,43332,1567,170
3603,8720,43333,11128,43333,1567,170
3603,8720,43334,11128,43334,1567,170
3604,8720,43335,11128,43335,1567,170
3604,8720,43336,11128,43336,1567,170
3604,8720,43337,11128,43337,1567,170
3604,8720,43338,11128,43338,1567,170
3604,8720,43339,11128,43339,1567,170
3604,8720,43340,11128,43340,1567,170
3605,8720,43341,11128,43341,1567,170
3606,8720,43342,11128,43342,1567,170
3606,8720,43343,11128,43343,1567,170
3606,8720,43344,11128,43344,1567,170
3607,8720,43345,11128,43345,1567,170
3607,8720,43346,11128,43346,1567,170
3607,8720,43347,11128,43347,1567,170
3607,8720,43348,11128,43348,1567,170
3607,8720,43349,11128,43349,1567,170
3607,8720,43350,11128,43350,1567,170
3607,8720,43351,11128,43351,1567,170
3607,8720,43352,11128,43352,1567,170
3607,8720,43353,11128,43353,1567,170
3607,8720,43354,11128,43354,1567,170
3607,8720,43355,11128,43355,1567,170
3607,8720,43356,11128,43356,1567,170
3606,8720,43357,11128,43357,1567,170
3606,8720,43358,11128,43358,1567,170
3606,8720,43359,11128,43359,1567,170
3606,8720,43360,11128,43360,1567,170
3606,8720,43361,11128,43361,1567,170
3605,8720,43362,11128,43362,1567,170
3605,8720,43363,11128,43363,1567,170
3605,8720,43364,11128,43364,1567,170
3605,8720,43365,11128,43365,1567,170
3605,8720,43366,11128,43366,1567,170
3606,8720,43367,11128,43367,1567,170
3607,8720,43368,11128,43368,1567,170
3607,8720,43369,11128,43369,1567,170
3607,8720,43370,11128,43370,1567,170
3605,8720,43371,11128,43371,1567,170
3605,8720,43372,11128,43372,1567,170
3605,8720,43373,11128,43373,1567,170
3605,8720,43374,11128,43374,1567,170
3603,8720,43375,11128,43375,1567,170
3603,8720,43376,11128,43376,1567,170
3603,8720,43377,11128,43377,1567,170
3603,8720,43378,11128,43378,1567,170
3603,8720,43379,11128,43379,1567,170
3603,8720,43380,11128,43380,1567,170
3603,8720,43381,11128,43381,1567,170
3603,8720,43382,11128,43382,1567,170
3603,8720,43383,11128,43383,1567,170
3603,8720,43384,11128,43384,1567,170
3603,8720,43385,11128,43385,1567,170
3603,8720,43386,11128,43386,1567,170
3603,8720,43387,11128,43387,1567,170
3603,8720,43388,11128,43388,1567,170
3603,8720,43389,11128,43389,1567,170
3603,8720,43390,11128,43390,1567,170
3603,8720,43391,11128,43391,1567,170
3603,8720,43392,11128,43392,1567,170
3603,8720,43393,11128,43393,1567,170
3603,8720,43394,11128,43394,1567,170
3603,8720,43395,11128,43395,1567,170
3603,8720,43396,11128,43396,1567,170
3602,8720,43397,11128,43397,1567,170
3602,8720,43398,11128,43398,1567,170
3602,8720,43399,11128,43399,1567,170
3602,8720,43400,11128,43400,1567,170
3602,8720,43401,11128,43401,1567,170
3602,8720,43402,11128,43402,1567,170
3603,8720,43403,11128,43403,1567,170
3603,8720,43404,11128,43404,1567,170
3603,8720,43405,11128,43405,1567,170
3604,8720,43406,11128,43406,1567,170
3602,8720,43407,11128,43407,1567,169
3602,8720,43408,11128,43408,1567,169
3602,8720,43409,11128,43409,1567,169
3602,8720,43410,11128,43410,1567,169
3602,8720,43411,11128,43411,1567,169
3603,8720,43412,11128,43412,1567,169
3603,8720,43413,11128,43413,1567,169
3603,8720,43414,11128,43414,1567,169
3604,8720,43415,11128,43415,1567,169
3604,8720,43416,11128,43416,1567,169
3604,8720,43417,11128,43417,1567,169
3604,8720,43418,11128,43418,1567,169
3604,8720,43419,11128,43419,1567,169
3605,8720,43420,11128,43420,1567,169
3605,8720,43421,11128,43421,1567,169
3605,8720,43422,11128,43422,1567,169
3605,8720,43423,11128,43423,1567,169
3604,8720,43424,11128,43424,1567,169
3604,8720,43425,11128,43425,1567,169
3604,8720,43426,11128,43426,1567,169
3604,8720,43427,11128,43427,1567,169
3604,8720,43428,11128,43428,1567,169
3604,8720,43429,11128,43429,1567,169
3605,8720,43430,11128,43430,1567,169
3605,8720,43431,11128,43431,1567,169
3605,8720,43432,11128,43432,1567,169
3605,8720,43433,11128,43433,1567,169
3605,8720,43434,11128,43434,1567,169
3605,8720,43435,11128,43435,1567,169
3605,8720,43436,11128,43436,1567,169
3605,8720,43437,11128,43437,1567,169
3606,8720,43438,11128,43438,1567,169
3607,8720,43439,11128,43439,1567,169
3607,8720,43440,11128,43440,1567,169
3607,8720,43441,11128,43441,1567,169
3607,8720,43442,11128,43442,1567,169
3607,8720,43443,11128,43443,1567,169
3607,8720,43444,11128,43444,1567,169
3607,8720,43445,11128,43445,1567,169
3607,8720,43446,11128,43446,1567,169
3607,8720,43447,11128,43447,1567,169
3607,8720,43448,11128,43448,1567,169
3607,8720,43449,11128,43449,1567,169
3607,8720,43450,11128,43450,1567,169
3606,8720,43451,11128,43451,1567,169
3606,8720,43452,11128,43452,1567,169
3606,8720,43453,11128,43453,1567,169
3606,8720,43454,11128,43454,1567,169
3606,8720,43455,11128,43455,1567,169
3605,8720,43456,11128,43456,1567,169
3605,8720,43457,11128,43457,1567,169
3605,8720,43458,11128,43458,1567,169
3604,8720,43459,11128,43459,1567,169
3605,8720,43460,11128,43460,1567,169
3605,8720,43461,11128,43461,1567,169
3605,8720,43462,11128,43462,1567,169
3604,8720,43463,11128,43463,1567,169
3604,8720,43464,11128,43464,1567,169
3605,8720,43465,11128,43465,1567,169
3605,8720,43466,11128,43466,1567,169
3604,8720,43467,11128,43467,1567,169
3604,8720,43468,11128,43468,1567,169
3604,8720,43469,11128,43469,1567,169
3604,8720,43470,11128,43470,1567,169
3604,8720,43471,11128,43471,1567,169
3603,8720,43472,11128,43472,1567,169
3604,8720,43473,11128,43473,1567,169
3605,8720,43474,11128,43474,1567,169
3605,8720,43475,11128,43475,1567,169
3605,8720,43476,11128,43476,1567,169
3606,8720,43477,11128,43477,1567,169
3606,8720,43478,11128,43478,1567,169
3606,8720,43479,11128,43479,1567,169
3606,8720,43480,11128,43480,1567,169
3606,8720,43481,11128,43481,1567,169
3606,8720,43482,11128,43482,1567,169
3606,8720,43483,11128,43483,1567,169
3606,8720,43484,11128,43484,1567,169
3607,8720,43485,11128,43485,1567,169
3607,8720,43486,11128,43486,1567,169
3608,8720,43487,11128,43487,1567,169
3607,8720,43488,11128,43488,1567,169
3607,8720,43489,11128,43489,1567,169
3607,8720,43490,11128,43490,1567,169
3608,8720,43491,11128,43491,1567,169
3608,8720,43492,11128,43492,1567,169
3609,8720,43493,11128,43493,1567,169
3609,8720,43494,11128,43494,1567,169
3609,8720,43495,11128,43495,1567,169
3609,8720,43496,11128,43496,1567,169
3608,8720,43497,11128,43497,1567,169
3608,8720,43498,11128,43498,1567,169
3608,8720,43499,11128,43499,1567,169
3608,8720,43500,11128,43500,1567,169
3608,8720,43501,11128,43501,1567,169
3608,8720,43502,11128,43502,1567,169
3608,8720,43503,11128,43503,1567,169
3609,8720,43504,11128,43504,1567,169
3609,8720,43505,11128,43505,1567,169
3609,8720,43506,11128,43506,1567,169
3609,8720,43507,11128,43507,1567,169
3609,8720,43508,11128,43508,1567,169
3609,8720,43509,11128,43509,1567,169
3609,8720,43510,11128,43510,1567,169
3609,8720,43511,11128,43511,1567,169
3609,8720,43512,11128,43512,1567,169
3609,8720,43513,11128,43513,1567,169
3609,8720,43514,11128,43514,1567,169
3609,8720,43515,11128,43515,1567,169
3607,8720,43516,11128,43516,1567,168
3607,8720,43517,11128,43517,1567,168
3607,8720,43518,11128,43518,1567,168
3607,8720,43519,11128,43519,1567,168
3607,8720,43520,11128,43520,1567,168
3607,8720,43521,11128,43521,1567,168
3606,8720,43522,11128,43522,1567,168
3606,8720,43523,11128,43523,1567,168
3606,8720,43524,11128,43524,1567,168
3604,8720,43525,11128,43525,1567,168
3604,8720,43526,11128,43526,1567,168
3604,8720,43527,11128,43527,1567,168
3604,8720,43528,11128,43528,1567,168
3604,8720,43529,11128,43529,1567,168
3604,8720,43530,11128,43530,1567,168
3604,8720,43531,11128,43531,1567,168
3604,8720,43532,11128,43532,1567,168
3604,8720,43533,11128,43533,1567,168
3604,8720,43534,11128,43534,1567,168
3604,8720,43535,11128,43535,1567,168
3604,8720,43536,11128,43536,1567,168
3604,8720,43537,11128,43537,1567,168
3604,8720,43538,11128,43538,1567,168
3604,8720,43539,11128,43539,1567,168
3604,8720,43540,11128,43540,1567,168
3604,8720,43541,11128,43541,1567,168
3604,8720,43542,11128,43542,1567,168
3604,8720,43543,11128,43543,1567,168
3603,8720,43544,11128,43544,1567,168
3603,8720,43545,11128,43545,1567,168
3603,8720,43546,11128,43546,1567,168
3602,8720,43547,11128,43547,1567,168
3602,8720,43548,11128,43548,1567,168
3603,8720,43549,11128,43549,1567,168
3602,8720,43550,11128,43550,1567,168
3602,8720,43551,11128,43551,1567,168
3602,8720,43552,11128,43552,1567,168
3602,8720,43553,11128,43553,1567,168
3602,8720,43554,11128,43554,1567,168
3602,8720,43555,11128,43555,1567,168
3601,8720,43556,11128,43556,1567,168
3601,8720,43557,11128,43557,1567,168
3601,8720,43558,11128,43558,1567,168
3601,8720,43559,11128,43559,1567,168
3601,8720,43560,11128,43560,1567,168
3602,8720,43561,11128,43561,1567,168
3602,8720,43562,11128,43562,1567,168
3602,8720,43563,11128,43563,1567,168
3602,8720,43564,11128,43564,1567,168
3602,8720,43565,11128,43565,1567,168
3602,8720,43566,11128,43566,1567,168
3602,8720,43567,11128,43567,1567,168
3601,8720,43568,11128,43568,1567,168
3601,8720,43569,11128,43569,1567,168
3601,8720,43570,11128,43570,1567,168
3601,8720,43571,11128,43571,1567,168
3601,8720,43572,11128,43572,1567,168
3601,8720,43573,11128,43573,1567,168
3601,8720,43574,11128,43574,1567,168
3601,8720,43575,11128,43575,1567,168
3601,8720,43576,11128,43576,1567,168
3601,8720,43577,11128,43577,1567,168
3601,8720,43578,11128,43578,1567,168
3602,8720,43579,11128,43579,1567,168
3602,8720,43580,11128,43580,1567,168
3602,8720,43581,11128,43581,1567,168
3602,8720,43582,11128,43582,1567,168
3600,8720,43583,11128,43583,1567,168
3600,8720,43584,11128,43584,1567,168
3600,8720,43585,11128,43585,1567,168
3599,8720,43586,11128,43586,1567,168
3599,8720,43587,11128,43587,1567,168
3599,8720,43588,11128,43588,1567,168
3599,8720,43589,11128,43589,1567,168
3600,8720,43590,11128,43590,1567,168
3600,8720,43591,11128,43591,1567,168
3600,8720,43592,11128,43592,1567,168
3600,8720,43593,11128,43593,1567,168
3601,8720,43594,11128,43594,1567,168
3601,8720,43595,11128,43595,1567,168
3601,8720,43596,11128,43596,1567,168
3601,8720,43597,11128,43597,1567,168
3600,8720,43598,11128,43598,1567,168
3601,8720,43599,11128,43599,1567,168
3601,8720,43600,11128,43600,1567,168
3599,8720,43601,11128,43601,1567,168
3600,8720,43602,11128,43602,1567,168
3600,8720,43603,11128,43603,1567,168
3600,8720,43604,11128,43604,1567,168
3600,8720,43605,11128,43605,1567,168
3600,8720,43606,11128,43606,1567,168
3600,8720,43607,11128,43607,1567,168
3600,8720,43608,11128,43608,1567,168
3600,8720,43609,11128,43609,1567,168
3600,8720,43610,11128,43610,1567,168
3601,8720,43611,11128,43611,1567,168
3600,8720,43612,11128,43612,1567,168
3600,8720,43613,11128,43613,1567,168
3600,8720,43614,11128,43614,1567,168
3600,8720,43615,11128,43615,1567,168
3600,8720,43616,11128,43616,1567,168
3600,8720,43617,11128,43617,1567,168
3600,8720,43618,11128,43618,1567,168
3600,8720,43619,11128,43619,1567,168
3601,8720,43620,11128,43620,1567,168
3602,8720,43621,11128,43621,1567,168
3602,8720,43622,11128,43622,1567,168
3602,8720,43623,11128,43623,1567,168
3602,8720,43624,11128,43624,1567,168
3602,8720,43625,11128,43625,1567,168
3602,8720,43626,11128,43626,1567,168
3602,8720,43627,11128,43627,1567,168
3602,8720,43628,11128,43628,1567,168
3602,8720,43629,11128,43629,1567,168
3602,8720,43630,11128,43630,1567,168
3602,8720,43631,11128,43631,1567,168
3603,8720,43632,11128,43632,1567,168
3602,8720,43633,11128,43633,1567,168
3602,8720,43634,11128,43634,1567,168
3601,8720,43635,11128,43635,1567,168
3601,8720,43636,11128,43636,1567,168
3601,8720,43637,11128,43637,1567,168
3601,8720,43638,11128,43638,1567,168
3601,8720,43639,11128,43639,1567,168
3601,8720,43640,11128,43640,1567,168
3601,8720,43641,11128,43641,1567,168
3601,8720,43642,11128,43642,1567,168
3601,8720,43643,11128,43643,1567,168
3601,8720,43644,11128,43644,1567,168
3601,8720,43645,11128,43645,1567,168
3601,8720,43646,11128,43646,1567,168
3601,8720,43647,11128,43647,1567,168
3602,8720,43648,11128,43648,1567,168
3602,8720,43649,11128,43649,1567,168
3601,8720,43650,11128,43650,1567,168
3601,8720,43651,11128,43651,1567,168
3601,8720,43652,11128,43652,1567,168
3601,8720,43653,11128,43653,1567,168
3601,8720,43654,11128,43654,1567,168
3601,8720,43655,11128,43655,1567,168
3601,8720,43656,11128,43656,1567,168
3601,8720,43657,11128,43657,1567,168
3602,8720,43658,11128,43658,1567,168
3602,8720,43659,11128,43659,1567,168
3602,8720,43660,11128,43660,1567,168
3602,8720,43661,11128,43661,1567,168
3602,8720,43662,11128,43662,1567,168
3602,8720,43663,11128,43663,1567,168
3602,8720,43664,11128,43664,1567,168
3602,8720,43665,11128,43665,1567,168
3602,8720,43666,11128,43666,1567,168
3602,8720,43667,11128,43667,1567,168
3601,8720,43668,11128,43668,1567,168
3601,8720,43669,11128,43669,1567,168
3601,8720,43670,11128,43670,1567,168
3601,8720,43671,11128,43671,1567,168
3601,8720,43672,11128,43672,1567,168
3601,8720,43673,11128,43673,1567,168
3601,8720,43674,11128,43674,1567,168
3600,8720,43675,11128,43675,1567,168
3600,8720,43676,11128,43676,1567,168
3599,8720,43677,11128,43677,1567,168
3599,8720,43678,11128,43678,1567,168
3599,8720,43679,11128,43679,1567,168
3597,8720,43680,11128,43680,1567,168
3597,8720,43681,11128,43681,1567,168
3597,8720,43682,11128,43682,1567,168
3597,8720,43683,11128,43683,1567,168
3597,8720,43684,11128,43684,1567,168
3598,8720,43685,11128,43685,1567,168
3598,8720,43686,11128,43686,1567,168
3597,8720,43687,11128,43687,1567,168
3597,8720,43688,11128,43688,1567,168
3598,8720,43689,11128,43689,1567,168
3599,8720,43690,11128,43690,1567,168
3599,8720,43691,11128,43691,1567,168
3599,8720,43692,11128,43692,1567,168
3599,8720,43693,11128,43693,1567,168
3600,8720,43694,11128,43694,1567,168
3600,8720,43695,11128,43695,1567,168
3599,8720,43696,11128,43696,1567,168
3599,8720,43697,11128,43697,1567,168
3599,8720,43698,11128,43698,1567,168
3599,8720,43699,11128,43699,1567,168
3594,8720,43700,11128,43700,1567,163
3594,8720,43701,11128,43701,1567,163
3593,8720,43702,11128,43702,1567,163
3592,8720,43703,11128,43703,1567,163
3592,8720,43704,11128,43704,1567,163
3592,8720,43705,11128,43705,1567,163
3591,8720,43706,11128,43706,1567,163
3590,8720,43707,11128,43707,1567,163
3590,8720,43708,11128,43708,1567,163
3590,8720,43709,11128,43709,1567,163
3590,8720,43710,11128,43710,1567,163
3590,8720,43711,11128,43711,1567,163
3589,8720,43712,11128,43712,1567,163
3589,8720,43713,11128,43713,1567,163
3589,8720,43714,11128,43714,1567,163
3589,8720,43715,11128,43715,1567,163
3589,8720,43716,11128,43716,1567,163
3588,8720,43717,11128,43717,1567,163
3588,8720,43718,11128,43718,1567,163
3588,8720,43719,11128,43719,1567,163
3588,8720,43720,11128,43720,1567,163
3588,8720,43721,11128,43721,1567,163
3588,8720,43722,11128,43722,1567,163
3588,8720,43723,11128,43723,1567,163
3587,8720,43724,11128,43724,1567,163
3587,8720,43725,11128,43725,1567,163
3587,8720,43726,11128,43726,1567,163
3588,8720,43727,11128,43727,1567,163
3588,8720,43728,11128,43728,1567,163
3588,8720,43729,11128,43729,1567,163
3588,8720,43730,11128,43730,1567,163
3588,8720,43731,11128,43731,1567,163
3588,8720,43732,11128,43732,1567,163
3588,8720,43733,11128,43733,1567,163
3587,8720,43734,11128,43734,1567,163
3588,8720,43735,11128,43735,1567,163
3588,8720,43736,11128,43736,1567,163
3588,8720,43737,11128,43737,1567,163
3588,8720,43738,11128,43738,1567,163
3588,8720,43739,11128,43739,1567,163
3588,8720,43740,11128,43740,1567,163
3588,8720,43741,11128,43741,1567,163
3588,8720,43742,11128,43742,1567,163
3589,8720,43743,11128,43743,1567,163
3589,8720,43744,11128,43744,1567,163
3589,8720,43745,11128,43745,1567,163
3589,8720,43746,11128,43746,1567,163
3589,8720,43747,11128,43747,1567,163
3589,8720,43748,11128,43748,1567,163
3589,8720,43749,11128,43749,1567,163
3589,8720,43750,11128,43750,1567,163
3589,8720,43751,11128,43751,1567,163
3589,8720,43752,11128,43752,1567,163
3589,8720,43753,11128,43753,1567,163
3589,8720,43754,11128,43754,1567,163
3589,8720,43755,11128,43755,1567,163
3589,8720,43756,11128,43756,1567,163
3588,8720,43757,11128,43757,1567,163
3588,8720,43758,11128,43758,1567,163
3588,8720,43759,11128,43759,1567,163
3588,8720,43760,11128,43760,1567,163
3588,8720,43761,11128,43761,1567,163
3588,8720,43762,11128,43762,1567,163
3588,8720,43763,11128,43763,1567,163
3588,8720,43764,11128,43764,1567,163
3588,8720,43765,11128,43765,1567,163
3588,8720,43766,11128,43766,1567,163
3588,8720,43767,11128,43767,1567,163
3588,8720,43768,11128,43768,1567,163
3588,8720,43769,11128,43769,1567,163
3588,8720,43770,11128,43770,1567,163
3588,8720,43771,11128,43771,1567,163
3589,8720,43772,11128,43772,1567,163
3588,8720,43773,11128,43773,1567,163
3588,8720,43774,11128,43774,1567,163
3588,8720,43775,11128,43775,1567,163
3588,8720,43776,11128,43776,1567,163
3588,8720,43777,11128,43777,1567,163
3589,8720,43778,11128,43778,1567,163
3589,8720,43779,11128,43779,1567,163
3589,8720,43780,11128,43780,1567,163
3589,8720,43781,11128,43781,1567,163
3589,8720,43782,11128,43782,1567,163
3589,8720,43783,11128,43783,1567,163
3589,8720,43784,11128,43784,1567,163
3589,8720,43785,11128,43785,1567,163
3588,8720,43786,11128,43786,1567,163
3588,8720,43787,11128,43787,1567,163
3588,8720,43788,11128,43788,1567,163
3588,8720,43789,11128,43789,1567,163
3588,8720,43790,11128,43790,1567,163
3588,8720,43791,11128,43791,1567,163
3588,8720,43792,11128,43792,1567,163
3588,8720,43793,11128,43793,1567,163
3588,8720,43794,11128,43794,1567,163
3588,8720,43795,11128,43795,1567,163
3588,8720,43796,11128,43796,1567,163
3588,8720,43797,11128,43797,1567,163
3587,8720,43798,11128,43798,1567,163
3587,8720,43799,11128,43799,1567,163
3587,8720,43800,11128,43800,1567,163
3587,8720,43801,11128,43801,1567,163
3586,8720,43802,11128,43802,1567,162
3586,8720,43803,11128,43803,1567,162
3586,8720,43804,11128,43804,1567,162
3586,8720,43805,11128,43805,1567,162
3586,8720,43806,11128,43806,1567,162
3587,8720,43807,11128,43807,1567,162
3586,8720,43808,11128,43808,1567,162
3586,8720,43809,11128,43809,1567,162
3586,8720,43810,11128,43810,1567,162
3585,8720,43811,11128,43811,1567,162
3585,8720,43812,11128,43812,1567,162
3585,8720,43813,11128,43813,1567,162
3585,8720,43814,11128,43814,1567,162
3584,8720,43815,11128,43815,1567,162
3583,8720,43816,11128,43816,1567,162
3583,8720,43817,11128,43817,1567,162
3583,8720,43818,11128,43818,1567,162
3583,8720,43819,11128,43819,1567,162
3583,8720,43820,11128,43820,1567,162
3583,8720,43821,11128,43821,1567,162
3583,8720,43822,11128,43822,1567,162
3584,8720,43823,11128,43823,1567,162
3584,8720,43824,11128,43824,1567,162
3584,8720,43825,11128,43825,1567,162
3585,8720,43826,11128,43826,1567,162
3585,8720,43827,11128,43827,1567,162
3583,8720,43828,11128,43828,1567,162
3583,8720,43829,11128,43829,1567,162
3583,8720,43830,11128,43830,1567,162
3582,8720,43831,11128,43831,1567,162
3581,8720,43832,11128,43832,1567,162
3581,8720,43833,11128,43833,1567,162
3581,8720,43834,11128,43834,1567,162
3581,8720,43835,11128,43835,1567,162
3580,8720,43836,11128,43836,1567,162
3581,8720,43837,11128,43837,1567,162
3581,8720,43838,11128,43838,1567,162
3581,8720,43839,11128,43839,1567,162
3581,8720,43840,11128,43840,1567,162
3581,8720,43841,11128,43841,1567,162
3581,8720,43842,11128,43842,1567,162
3581,8720,43843,11128,43843,1567,162
3581,8720,43844,11128,43844,1567,162
3581,8720,43845,11128,43845,1567,162
3581,8720,43846,11128,43846,1567,162
3581,8720,43847,11128,43847,1567,162
3581,8720,43848,11128,43848,1567,162
3580,8720,43849,11128,43849,1567,162
3580,8720,43850,11128,43850,1567,162
3580,8720,43851,11128,43851,1567,162
3580,8720,43852,11128,43852,1567,162
3580,8720,43853,11128,43853,1567,162
3580,8720,43854,11128,43854,1567,162
3580,8720,43855,11128,43855,1567,162
3580,8720,43856,11128,43856,1567,162
3581,8720,43857,11128,43857,1567,162
3580,8720,43858,11128,43858,1567,162
3580,8720,43859,11128,43859,1567,162
3580,8720,43860,11128,43860,1567,162
3580,8720,43861,11128,43861,1567,162
3580,8720,43862,11128,43862,1567,162
3579,8720,43863,11128,43863,1567,162
3578,8720,43864,11128,43864,1567,162
3579,8720,43865,11128,43865,1567,162
3580,8720,43866,11128,43866,1567,162
3579,8720,43867,11128,43867,1567,162
3579,8720,43868,11128,43868,1567,162
3579,8720,43869,11128,43869,1567,162
3579,8720,43870,11128,43870,1567,162
3579,8720,43871,11128,43871,1567,162
3579,8720,43872,11128,43872,1567,162
3579,8720,43873,11128,43873,1567,162
3579,8720,43874,11128,43874,1567,162
3579,8720,43875,11128,43875,1567,162
3579,8720,43876,11128,43876,1567,162
3579,8720,43877,11128,43877,1567,162
3579,8720,43878,11128,43878,1567,162
3579,8720,43879,11128,43879,1567,162
3579,8720,43880,11128,43880,1567,162
3579,8720,43881,11128,43881,1567,162
3579,8720,43882,11128,43882,1567,162
3579,8720,43883,11128,43883,1567,162
3579,8720,43884,11128,43884,1567,162
3579,8720,43885,11128,43885,1567,162
3576,8720,43886,11128,43886,1567,161
3576,8720,43887,11128,43887,1567,161
3576,8720,43888,11128,43888,1567,161
3575,8720,43889,11128,43889,1567,161
3575,8720,43890,11128,43890,1567,161
3575,8720,43891,11128,43891,1567,161
3575,8720,43892,11128,43892,1567,161
3575,8720,43893,11128,43893,1567,161
3575,8720,43894,11128,43894,1567,161
3575,8720,43895,11128,43895,1567,161
3575,8720,43896,11128,43896,1567,161
3575,8720,43897,11128,43897,1567,161
3575,8720,43898,11128,43898,1567,161
3575,8720,43899,11128,43899,1567,161
3575,8720,43900,11128,43900,1567,161
3575,8720,43901,11128,43901,1567,161
3575,8720,43902,11128,43902,1567,161
3575,8720,43903,11128,43903,1567,161
3575,8720,43904,11128,43904,1567,161
3575,8720,43905,11128,43905,1567,161
3575,8720,43906,11128,43906,1567,161
3575,8720,43907,11128,43907,1567,161
3575,8720,43908,11128,43908,1567,161
3575,8720,43909,11128,43909,1567,161
3576,8720,43910,11128,43910,1567,161
3576,8720,43911,11128,43911,1567,161
3576,8720,43912,11128,43912,1567,161
3576,8720,43913,11128,43913,1567,161
3576,8720,43914,11128,43914,1567,161
3576,8720,43915,11128,43915,1567,161
3576,8720,43916,11128,43916,1567,161
3576,8720,43917,11128,43917,1567,161
3576,8720,43918,11128,43918,1567,161
3576,8720,43919,11128,43919,1567,161
3576,8720,43920,11128,43920,1567,161
3576,8720,43921,11128,43921,1567,161
3576,8720,43922,11128,43922,1567,161
3576,8720,43923,11128,43923,1567,161
3576,8720,43924,11128,43924,1567,161
3576,8720,43925,11128,43925,1567,161
3576,8720,43926,11128,43926,1567,161
3576,8720,43927,11128,43927,1567,161
3575,8720,43928,11128,43928,1567,161
3575,8720,43929,11128,43929,1567,161
3576,8720,43930,11128,43930,1567,161
3576,8720,43931,11128,43931,1567,161
3576,8720,43932,11128,43932,1567,161
3576,8720,43933,11128,43933,1567,161
3576,8720,43934,11128,43934,1567,161
3576,8720,43935,11128,43935,1567,161
3576,8720,43936,11128,43936,1567,161
3576,8720,43937,11128,43937,1567,161
3576,8720,43938,11128,43938,1567,161
3574,8720,43939,11128,43939,1567,161
3574,8720,43940,11128,43940,1567,161
3574,8720,43941,11128,43941,1567,161
3574,8720,43942,11128,43942,1567,161
3574,8720,43943,11128,43943,1567,161
3574,8720,43944,11128,43944,1567,161
3574,8720,43945,11128,43945,1567,161
3574,8720,43946,11128,43946,1567,161
3574,8720,43947,11128,43947,1567,161
3574,8720,43948,11128,43948,1567,161
3574,8720,43949,11128,43949,1567,161
3574,8720,43950,11128,43950,1567,161
3574,8720,43951,11128,43951,1567,161
3575,8720,43952,11128,43952,1567,161
3575,8720,43953,11128,43953,1567,161
3574,8720,43954,11128,43954,1567,161
3573,8720,43955,11128,43955,1567,161
3573,8720,43956,11128,43956,1567,161
3573,8720,43957,11128,43957,1567,161
3573,8720,43958,11128,43958,1567,161
3573,8720,43959,11128,43959,1567,161
3573,8720,43960,11128,43960,1567,161
3573,8720,43961,11128,43961,1567,161
3572,8720,43962,11128,43962,1567,161
3572,8720,43963,11128,43963,1567,161
3572,8720,43964,11128,43964,1567,161
3572,8720,43965,11128,43965,1567,161
3572,8720,43966,11128,43966,1567,161
3572,8720,43967,11128,43967,1567,161
3573,8720,43968,11128,43968,1567,161
3573,8720,43969,11128,43969,1567,161
3573,8720,43970,11128,43970,1567,161
3573,8720,43971,11128,43971,1567,161
3573,8720,43972,11128,43972,1567,161
3573,8720,43973,11128,43973,1567,161
3573,8720,43974,11128,43974,1567,161
3573,8720,43975,11128,43975,1567,161
3573,8720,43976,11128,43976,1567,161
3573,8720,43977,11128,43977,1567,161
3573,8720,43978,11128,43978,1567,161
3573,8720,43979,11128,43979,1567,161
3573,8720,43980,11128,43980,1567,161
3573,8720,43981,11128,43981,1567,161
3573,8720,43982,11128,43982,1567,161
3573,8720,43983,11128,43983,1567,161
3573,8720,43984,11128,43984,1567,161
3573,8720,43985,11128,43985,1567,161
3573,8720,43986,11128,43986,1567,161
3573,8720,43987,11128,43987,1567,161
3573,8720,43988,11128,43988,1567,161
3573,8720,43989,11128,43989,1567,161
3573,8720,43990,11128,43990,1567,161
3573,8720,43991,11128,43991,1567,161
3572,8720,43992,11128,43992,1567,161
3572,8720,43993,11128,43993,1567,161
3572,8720,43994,11128,43994,1567,161
3572,8720,43995,11128,43995,1567,161
3572,8720,43996,11128,43996,1567,161
3572,8720,43997,11128,43997,1567,161
3573,8720,43998,11128,43998,1567,161
3573,8720,43999,11128,43999,1567,161
3573,8720,44000,11128,44000,1567,161
3573,8720,44001,11128,44001,1567,161
3573,8720,44002,11128,44002,1567,161
3573,8720,44003,11128,44003,1567,161
3573,8720,44004,11128,44004,1567,161
3573,8720,44005,11128,44005,1567,161
3573,8720,44006,11128,44006,1567,161
3573,8720,44007,11128,44007,1567,161
3573,8720,44008,11128,44008,1567,161
3573,8720,44009,11128,44009,1567,161
3573,8720,44010,11128,44010,1567,161
3573,8720,44011,11128,44011,1567,161
3574,8720,44012,11128,44012,1567,161
3574,8720,44013,11128,44013,1567,161
3573,8720,44014,11128,44014,1567,161
3572,8720,44015,11128,44015,1567,161
3572,8720,44016,11128,44016,1567,161
3572,8720,44017,11128,44017,1567,161
3572,8720,44018,11128,44018,1567,161
3572,8720,44019,11128,44019,1567,161
3572,8720,44020,11128,44020,1567,161
3572,8720,44021,11128,44021,1567,161
3572,8720,44022,11128,44022,1567,161
3572,8720,44023,11128,44023,1567,161
3572,8720,44024,11128,44024,1567,161
3572,8720,44025,11128,44025,1567,161
3572,8720,44026,11128,44026,1567,161
3572,8720,44027,11128,44027,1567,161
3572,8720,44028,11128,44028,1567,161
3573,8720,44029,11128,44029,1567,161
3573,8720,44030,11128,44030,1567,161
3573,8720,44031,11128,44031,1567,161
3573,8720,44032,11128,44032,1567,161
3573,8720,44033,11128,44033,1567,161
3572,8720,44034,11128,44034,1567,161
3573,8720,44035,11128,44035,1567,161
3573,8720,44036,11128,44036,1567,161
3573,8720,44037,11128,44037,1567,161
3573,8720,44038,11128,44038,1567,161
3573,8720,44039,11128,44039,1567,161
3573,8720,44040,11128,44040,1567,161
3574,8720,44041,11128,44041,1567,161
3574,8720,44042,11128,44042,1567,161
3574,8720,44043,11128,44043,1567,161
3574,8720,44044,11128,44044,1567,161
3573,8720,44045,11128,44045,1567,161
3573,8720,44046,11128,44046,1567,161
3573,8720,44047,11128,44047,1567,161
3573,8720,44048,11128,44048,1567,161
3573,8720,44049,11128,44049,1567,161
3573,8720,44050,11128,44050,1567,161
3573,8720,44051,11128,44051,1567,161
3573,8720,44052,11128,44052,1567,161
3573,8720,44053,11128,44053,1567,161
3572,8720,44054,11128,44054,1567,161
3571,8720,44055,11128,44055,1567,160
3571,8720,44056,11128,44056,1567,160
3570,8720,44057,11128,44057,1567,160
3570,8720,44058,11128,44058,1567,160
3570,8720,44059,11128,44059,1567,160
3570,8720,44060,11128,44060,1567,160
3570,8720,44061,11128,44061,1567,160
3570,8720,44062,11128,44062,1567,160
3570,8720,44063,11128,44063,1567,160
3570,8720,44064,11128,44064,1567,160
3570,8720,44065,11128,44065,1567,160
3570,8720,44066,11128,44066,1567,160
3570,8720,44067,11128,44067,1567,160
3570,8720,44068,11128,44068,1567,160
3570,8720,44069,11128,44069,1567,160
3569,8720,44070,11128,44070,1567,160
3569,8720,44071,11128,44071,1567,160
3569,8720,44072,11128,44072,1567,160
3569,8720,44073,11128,44073,1567,160
3569,8720,44074,11128,44074,1567,160
3569,8720,44075,11128,44075,1567,160
3569,8720,44076,11128,44076,1567,160
3570,8720,44077,11128,44077,1567,160
3570,8720,44078,11128,44078,1567,160
3570,8720,44079,11128,44079,1567,160
3570,8720,44080,11128,44080,1567,160
3570,8720,44081,11128,44081,1567,160
3570,8720,44082,11128,44082,1567,160
3570,8720,44083,11128,44083,1567,160
3571,8720,44084,11128,44084,1567,160
3571,8720,44085,11128,44085,1567,160
3572,8720,44086,11128,44086,1567,160
3572,8720,44087,11128,44087,1567,160
3572,8720,44088,11128,44088,1567,160
3572,8720,44089,11128,44089,1567,160
3572,8720,44090,11128,44090,1567,160
3572,8720,44091,11128,44091,1567,160
3572,8720,44092,11128,44092,1567,160
3572,8720,44093,11128,44093,1567,160
3572,8720,44094,11128,44094,1567,160
3572,8720,44095,11128,44095,1567,160
3572,8720,44096,11128,44096,1567,160
3573,8720,44097,11128,44097,1567,160
3573,8720,44098,11128,44098,1567,160
3573,8720,44099,11128,44099,1567,160
3573,8720,44100,11128,44100,1567,160
3573,8720,44101,11128,44101,1567,160
3573,8720,44102,11128,44102,1567,160
3573,8720,44103,11128,44103,1567,160
3573,8720,44104,11128,44104,1567,160
3573,8720,44105,11128,44105,1567,160
3573,8720,44106,11128,44106,1567,160
3572,8720,44107,11128,44107,1567,160
3572,8720,44108,11128,44108,1567,160
3571,8720,44109,11128,44109,1567,160
3571,8720,44110,11128,44110,1567,160
3570,8720,44111,11128,44111,1567,160
3570,8720,44112,11128,44112,1567,160
3570,8720,44113,11128,44113,1567,160
3571,8720,44114,11128,44114,1567,160
3571,8720,44115,11128,44115,1567,160
3571,8720,44116,11128,44116,1567,160
3571,8720,44117,11128,44117,1567,160
3571,8720,44118,11128,44118,1567,160
3571,8720,44119,11128,44119,1567,160
3571,8720,44120,11128,44120,1567,160
3571,8720,44121,11128,44121,1567,160
3571,8720,44122,11128,44122,1567,160
3571,8720,44123,11128,44123,1567,160
3571,8720,44124,11128,44124,1567,160
3570,8720,44125,11128,44125,1567,160
3570,8720,44126,11128,44126,1567,160
3570,8720,44127,11128,44127,1567,160
3570,8720,44128,11128,44128,1567,160
3570,8720,44129,11128,44129,1567,160
3570,8720,44130,11128,44130,1567,160
3570,8720,44131,11128,44131,1567,160
3570,8720,44132,11128,44132,1567,160
3570,8720,44133,11128,44133,1567,160
3570,8720,44134,11128,44134,1567,160
3570,8720,44135,11128,44135,1567,160
3570,8720,44136,11128,44136,1567,160
3570,8720,44137,11128,44137,1567,160
3570,8720,44138,11128,44138,1567,160
3570,8720,44139,11128,44139,1567,160
3570,8720,44140,11128,44140,1567,160
3570,8720,44141,11128,44141,1567,160
3570,8720,44142,11128,44142,1567,160
3570,8720,44143,11128,44143,1567,160
3570,8720,44144,11128,44144,1567,160
3570,8720,44145,11128,44145,1567,160
3570,8720,44146,11128,44146,1567,160
3570,8720,44147,11128,44147,1567,160
3570,8720,44148,11128,44148,1567,160
3570,8720,44149,11128,44149,1567,160
3570,8720,44150,11128,44150,1567,160
3570,8720,44151,11128,44151,1567,160
3570,8720,44152,11128,44152,1567,160
3570,8720,44153,11128,44153,1567,160
3570,8720,44154,11128,44154,1567,160
3570,8720,44155,11128,44155,1567,160
3570,8720,44156,11128,44156,1567,160
3569,8720,44157,11128,44157,1567,160
3569,8720,44158,11128,44158,1567,160
3570,8720,44159,11128,44159,1567,160
3570,8720,44160,11128,44160,1567,160
3569,8720,44161,11128,44161,1567,160
3569,8720,44162,11128,44162,1567,160
3569,8720,44163,11128,44163,1567,160
3569,8720,44164,11128,44164,1567,160
3569,8720,44165,11128,44165,1567,160
3569,8720,44166,11128,44166,1567,160
3566,8720,44167,11128,44167,1567,159
3566,8720,44168,11128,44168,1567,159
3564,8720,44169,11128,44169,1567,159
3564,8720,44170,11128,44170,1567,159
3564,8720,44171,11128,44171,1567,159
3564,8720,44172,11128,44172,1567,159
3564,8720,44173,11128,44173,1567,159
3564,8720,44174,11128,44174,1567,159
3564,8720,44175,11128,44175,1567,159
3565,8720,44176,11128,44176,1567,159
3563,8720,44177,11128,44177,1567,159
3563,8720,44178,11128,44178,1567,159
3563,8720,44179,11128,44179,1567,159
3563,8720,44180,11128,44180,1567,159
3563,8720,44181,11128,44181,1567,159
3563,8720,44182,11128,44182,1567,159
3564,8720,44183,11128,44183,1567,159
3564,8720,44184,11128,44184,1567,159
3565,8720,44185,11128,44185,1567,159
3565,8720,44186,11128,44186,1567,159
3565,8720,44187,11128,44187,1567,159
3564,8720,44188,11128,44188,1567,159
3564,8720,44189,11128,44189,1567,159
3564,8720,44190,11128,44190,1567,159
3564,8720,44191,11128,44191,1567,159
3564,8720,44192,11128,44192,1567,159
3564,8720,44193,11128,44193,1567,159
3564,8720,44194,11128,44194,1567,159
3564,8720,44195,11128,44195,1567,159
3564,8720,44196,11128,44196,1567,159
3564,8720,44197,11128,44197,1567,159
3564,8720,44198,11128,44198,1567,159
3564,8720,44199,11128,44199,1567,159
3564,8720,44200,11128,44200,1567,159
3564,8720,44201,11128,44201,1567,159
3564,8720,44202,11128,44202,1567,159
3564,8720,44203,11128,44203,1567,159
3564,8720,44204,11128,44204,1567,159
3563,8720,44205,11128,44205,1567,159
3563,8720,44206,11128,44206,1567,159
3562,8720,44207,11128,44207,1567,159
3562,8720,44208,11128,44208,1567,159
3562,8720,44209,11128,44209,1567,159
3562,8720,44210,11128,44210,1567,159
3562,8720,44211,11128,44211,1567,159
3562,8720,44212,11128,44212,1567,159
3562,8720,44213,11128,44213,1567,159
3562,8720,44214,11128,44214,1567,159
3562,8720,44215,11128,44215,1567,159
3561,8720,44216,11128,44216,1567,159
3561,8720,44217,11128,44217,1567,159
3561,8720,44218,11128,44218,1567,159
3561,8720,44219,11128,44219,1567,159
3561,8720,44220,11128,44220,1567,159
3561,8720,44221,11128,44221,1567,159
3561,8720,44222,11128,44222,1567,159
3561,8720,44223,11128,44223,1567,159
3561,8720,44224,11128,44224,1567,159
3561,8720,44225,11128,44225,1567,159
3561,8720,44226,11128,44226,1567,159
3561,8720,44227,11128,44227,1567,159
3560,8720,44228,11128,44228,1567,159
3560,8720,44229,11128,44229,1567,159
3560,8720,44230,11128,44230,1567,159
3560,8720,44231,11128,44231,1567,159
3560,8720,44232,11128,44232,1567,159
3561,8720,44233,11128,44233,1567,159
3561,8720,44234,11128,44234,1567,159
3561,8720,44235,11128,44235,1567,159
3561,8720,44236,11128,44236,1567,159
3561,8720,44237,11128,44237,1567,159
3561,8720,44238,11128,44238,1567,159
3561,8720,44239,11128,44239,1567,159
3561,8720,44240,11128,44240,1567,159
3561,8720,44241,11128,44241,1567,159
3561,8720,44242,11128,44242,1567,159
3561,8720,44243,11128,44243,1567,159
3561,8720,44244,11128,44244,1567,159
3562,8720,44245,11128,44245,1567,159
3562,8720,44246,11128,44246,1567,159
3562,8720,44247,11128,44247,1567,159
3562,8720,44248,11128,44248,1567,159
3562,8720,44249,11128,44249,1567,159
3561,8720,44250,11128,44250,1567,159
3561,8720,44251,11128,44251,1567,159
3561,8720,44252,11128,44252,1567,159
3561,8720,44253,11128,44253,1567,159
3561,8720,44254,11128,44254,1567,159
3561,8720,44255,11128,44255,1567,159
3561,8720,44256,11128,44256,1567,159
3562,8720,44257,11128,44257,1567,159
3562,8720,44258,11128,44258,1567,159
3562,8720,44259,11128,44259,1567,159
3562,8720,44260,11128,44260,1567,159
3562,8720,44261,11128,44261,1567,159
3562,8720,44262,11128,44262,1567,159
3562,8720,44263,11128,44263,1567,159
3562,8720,44264,11128,44264,1567,159
3562,8720,44265,11128,44265,1567,159
3562,8720,44266,11128,44266,1567,159
3562,8720,44267,11128,44267,1567,159
3563,8720,44268,11128,44268,1567,159
3563,8720,44269,11128,44269,1567,159
3563,8720,44270,11128,44270,1567,159
3563,8720,44271,11128,44271,1567,159
3563,8720,44272,11128,44272,1567,159
3564,8720,44273,11128,44273,1567,159
3563,8720,44274,11128,44274,1567,159
3563,8720,44275,11128,44275,1567,159
3563,8720,44276,11128,44276,1567,159
3563,8720,44277,11128,44277,1567,159
3563,8720,44278,11128,44278,1567,159
3563,8720,44279,11128,44279,1567,159
3563,8720,44280,11128,44280,1567,159
3563,8720,44281,11128,44281,1567,159
3563,8720,44282,11128,44282,1567,159
3563,8720,44283,11128,44283,1567,159
3563,8720,44284,11128,44284,1567,159
3564,8720,44285,11128,44285,1567,159
3564,8720,44286,11128,44286,1567,159
3564,8720,44287,11128,44287,1567,159
3564,8720,44288,11128,44288,1567,159
3563,8720,44289,11128,44289,1567,159
3563,8720,44290,11128,44290,1567,159
3563,8720,44291,11128,44291,1567,159
3563,8720,44292,11128,44292,1567,159
3562,8720,44293,11128,44293,1567,159
3562,8720,44294,11128,44294,1567,159
3562,8720,44295,11128,44295,1567,159
3562,8720,44296,11128,44296,1567,159
3561,8720,44297,11128,44297,1567,159
3561,8720,44298,11128,44298,1567,159
3561,8720,44299,11128,44299,1567,159
3561,8720,44300,11128,44300,1567,159
3561,8720,44301,11128,44301,1567,159
3562,8720,44302,11128,44302,1567,159
3563,8720,44303,11128,44303,1567,159
3563,8720,44304,11128,44304,1567,159
3563,8720,44305,11128,44305,1567,159
3563,8720,44306,11128,44306,1567,159
3563,8720,44307,11128,44307,1567,159
3561,8720,44308,11128,44308,1567,158
3561,8720,44309,11128,44309,1567,158
3561,8720,44310,11128,44310,1567,158
3561,8720,44311,11128,44311,1567,158
3561,8720,44312,11128,44312,1567,158
3561,8720,44313,11128,44313,1567,158
3562,8720,44314,11128,44314,1567,158
3561,8720,44315,11128,44315,1567,158
3561,8720,44316,11128,44316,1567,158
3561,8720,44317,11128,44317,1567,158
3561,8720,44318,11128,44318,1567,158
3561,8720,44319,11128,44319,1567,158
3560,8720,44320,11128,44320,1567,158
3560,8720,44321,11128,44321,1567,158
3560,8720,44322,11128,44322,1567,158
3560,8720,44323,11128,44323,1567,158
3560,8720,44324,11128,44324,1567,158
3560,8720,44325,11128,44325,1567,158
3560,8720,44326,11128,44326,1567,158
3560,8720,44327,11128,44327,1567,158
3560,8720,44328,11128,44328,1567,158
3560,8720,44329,11128,44329,1567,158
3560,8720,44330,11128,44330,1567,158
3560,8720,44331,11128,44331,1567,158
3560,8720,44332,11128,44332,1567,158
3560,8720,44333,11128,44333,1567,158
3560,8720,44334,11128,44334,1567,158
3560,8720,44335,11128,44335,1567,158
3560,8720,44336,11128,44336,1567,158
3560,8720,44337,11128,44337,1567,158
3560,8720,44338,11128,44338,1567,158
3560,8720,44339,11128,44339,1567,158
3561,8720,44340,11128,44340,1567,158
3562,8720,44341,11128,44341,1567,158
3562,8720,44342,11128,44342,1567,158
3561,8720,44343,11128,44343,1567,158
3561,8720,44344,11128,44344,1567,158
3561,8720,44345,11128,44345,1567,158
3561,8720,44346,11128,44346,1567,158
3561,8720,44347,11128,44347,1567,158
3561,8720,44348,11128,44348,1567,158
3561,8720,44349,11128,44349,1567,158
3561,8720,44350,11128,44350,1567,158
3561,8720,44351,11128,44351,1567,158
3561,8720,44352,11128,44352,1567,158
3561,8720,44353,11128,44353,1567,158
3561,8720,44354,11128,44354,1567,158
3561,8720,44355,11128,44355,1567,158
3561,8720,44356,11128,44356,1567,158
3561,8720,44357,11128,44357,1567,158
3561,8720,44358,11128,44358,1567,158
3561,8720,44359,11128,44359,1567,158
3561,8720,44360,11128,44360,1567,158
3561,8720,44361,11128,44361,1567,158
3561,8720,44362,11128,44362,1567,158
3562,8720,44363,11128,44363,1567,158
3562,8720,44364,11128,44364,1567,158
3562,8720,44365,11128,44365,1567,158
3562,8720,44366,11128,44366,1567,158
3562,8720,44367,11128,44367,1567,158
3562,8720,44368,11128,44368,1567,158
3562,8720,44369,11128,44369,1567,158
3563,8720,44370,11128,44370,1567,158
3562,8720,44371,11128,44371,1567,158
3563,8720,44372,11128,44372,1567,158
3562,8720,44373,11128,44373,1567,158
3562,8720,44374,11128,44374,1567,158
3562,8720,44375,11128,44375,1567,158
3562,8720,44376,11128,44376,1567,158
3562,8720,44377,11128,44377,1567,158
3561,8720,44378,11128,44378,1567,158
3561,8720,44379,11128,44379,1567,158
3561,8720,44380,11128,44380,1567,158
3561,8720,44381,11128,44381,1567,158
3561,8720,44382,11128,44382,1567,158
3561,8720,44383,11128,44383,1567,158
3560,8720,44384,11128,44384,1567,158
3560,8720,44385,11128,44385,1567,158
3560,8720,44386,11128,44386,1567,158
3560,8720,44387,11128,44387,1567,158
3560,8720,44388,11128,44388,1567,158
3560,8720,44389,11128,44389,1567,158
3560,8720,44390,11128,44390,1567,158
3560,8720,44391,11128,44391,1567,158
3560,8720,44392,11128,44392,1567,158
3560,8720,44393,11128,44393,1567,158
3560,8720,44394,11128,44394,1567,158
3559,8720,44395,11128,44395,1567,158
3559,8720,44396,11128,44396,1567,158
3559,8720,44397,11128,44397,1567,158
3559,8720,44398,11128,44398,1567,158
3559,8720,44399,11128,44399,1567,158
3560,8720,44400,11128,44400,1567,158
3560,8720,44401,11128,44401,1567,158
3560,8720,44402,11128,44402,1567,158
3560,8720,44403,11128,44403,1567,158
3560,8720,44404,11128,44404,1567,158
3560,8720,44405,11128,44405,1567,158
3560,8720,44406,11128,44406,1567,158
3560,8720,44407,11128,44407,1567,158
3560,8720,44408,11128,44408,1567,158
3560,8720,44409,11128,44409,1567,158
3560,8720,44410,11128,44410,1567,158
3560,8720,44411,11128,44411,1567,158
3560,8720,44412,11128,44412,1567,158
3560,8720,44413,11128,44413,1567,158
3560,8720,44414,11128,44414,1567,158
3560,8720,44415,11128,44415,1567,158
3560,8720,44416,11128,44416,1567,158
3560,8720,44417,11128,44417,1567,158
3560,8720,44418,11128,44418,1567,158
3560,8720,44419,11128,44419,1567,158
3560,8720,44420,11128,44420,1567,158
3560,8720,44421,11128,44421,1567,158
3560,8720,44422,11128,44422,1567,158
3560,8720,44423,11128,44423,1567,158
3560,8720,44424,11128,44424,1567,158
3560,8720,44425,11128,44425,1567,158
3561,8720,44426,11128,44426,1567,158
3561,8720,44427,11128,44427,1567,158
3561,8720,44428,11128,44428,1567,158
3561,8720,44429,11128,44429,1567,158
3561,8720,44430,11128,44430,1567,158
3561,8720,44431,11128,44431,1567,158
3561,8720,44432,11128,44432,1567,158
3561,8720,44433,11128,44433,1567,158
3561,8720,44434,11128,44434,1567,158
3561,8720,44435,11128,44435,1567,158
3561,8720,44436,11128,44436,1567,158
3561,8720,44437,11128,44437,1567,158
3561,8720,44438,11128,44438,1567,158
3561,8720,44439,11128,44439,1567,158
3562,8720,44440,11128,44440,1567,158
3562,8720,44441,11128,44441,1567,158
3562,8720,44442,11128,44442,1567,158
3562,8720,44443,11128,44443,1567,158
3562,8720,44444,11128,44444,1567,158
3562,8720,44445,11128,44445,1567,158
3562,8720,44446,11128,44446,1567,158
3561,8720,44447,11128,44447,1567,158
3562,8720,44448,11128,44448,1567,158
3563,8720,44449,11128,44449,1567,158
3562,8720,44450,11128,44450,1567,158
3562,8720,44451,11128,44451,1567,158
3562,8720,44452,11128,44452,1567,158
3560,8720,44453,11128,44453,1567,158
3560,8720,44454,11128,44454,1567,158
3560,8720,44455,11128,44455,1567,158
3560,8720,44456,11128,44456,1567,158
3560,8720,44457,11128,44457,1567,158
3560,8720,44458,11128,44458,1567,158
3560,8720,44459,11128,44459,1567,158
3560,8720,44460,11128,44460,1567,158
3560,8720,44461,11128,44461,1567,158
3560,8720,44462,11128,44462,1567,158
3560,8720,44463,11128,44463,1567,158
3560,8720,44464,11128,44464,1567,158
3561,8720,44465,11128,44465,1567,158
3561,8720,44466,11128,44466,1567,158
3561,8720,44467,11128,44467,1567,158
3561,8720,44468,11128,44468,1567,158
3562,8720,44469,11128,44469,1567,158
3562,8720,44470,11128,44470,1567,158
3562,8720,44471,11128,44471,1567,158
3562,8720,44472,11128,44472,1567,158
3562,8720,44473,11128,44473,1567,158
3562,8720,44474,11128,44474,1567,158
3562,8720,44475,11128,44475,1567,158
3562,8720,44476,11128,44476,1567,158
3562,8720,44477,11128,44477,1567,158
3560,8720,44478,11128,44478,1567,158
3560,8720,44479,11128,44479,1567,158
3560,8720,44480,11128,44480,1567,158
3560,8720,44481,11128,44481,1567,158
3560,8720,44482,11128,44482,1567,158
3561,8720,44483,11128,44483,1567,158
3561,8720,44484,11128,44484,1567,158
3561,8720,44485,11128,44485,1567,158
3561,8720,44486,11128,44486,1567,158
3561,8720,44487,11128,44487,1567,158
3561,8720,44488,11128,44488,1567,158
3560,8720,44489,11128,44489,1567,158
3559,8720,44490,11128,44490,1567,158
3559,8720,44491,11128,44491,1567,158
3559,8720,44492,11128,44492,1567,158
3559,8720,44493,11128,44493,1567,158
3559,8720,44494,11128,44494,1567,158
3559,8720,44495,11128,44495,1567,158
3559,8720,44496,11128,44496,1567,158
3559,8720,44497,11128,44497,1567,158
3560,8720,44498,11128,44498,1567,158
3560,8720,44499,11128,44499,1567,158
3560,8720,44500,11128,44500,1567,158
3560,8720,44501,11128,44501,1567,158
3560,8720,44502,11128,44502,1567,158
3560,8720,44503,11128,44503,1567,158
3560,8720,44504,11128,44504,1567,158
3560,8720,44505,11128,44505,1567,158
3560,8720,44506,11128,44506,1567,158
3560,8720,44507,11128,44507,1567,158
3560,8720,44508,11128,44508,1567,158
3560,8720,44509,11128,44509,1567,158
3560,8720,44510,11128,44510,1567,158
3560,8720,44511,11128,44511,1567,158
3560,8720,44512,11128,44512,1567,158
3560,8720,44513,11128,44513,1567,158
3560,8720,44514,11128,44514,1567,158
3560,8720,44515,11128,44515,1567,158
3559,8720,44516,11128,44516,1567,158
3559,8720,44517,11128,44517,1567,158
3559,8720,44518,11128,44518,1567,158
3559,8720,44519,11128,44519,1567,158
3559,8720,44520,11128,44520,1567,158
3559,8720,44521,11128,44521,1567,158
3559,8720,44522,11128,44522,1567,158
3559,8720,44523,11128,44523,1567,158
3558,8720,44524,11128,44524,1567,158
3558,8720,44525,11128,44525,1567,158
3558,8720,44526,11128,44526,1567,158
3558,8720,44527,11128,44527,1567,158
3558,8720,44528,11128,44528,1567,158
3558,8720,44529,11128,44529,1567,158
3558,8720,44530,11128,44530,1567,158
3558,8720,44531,11128,44531,1567,158
3558,8720,44532,11128,44532,1567,158
3558,8720,44533,11128,44533,1567,158
3558,8720,44534,11128,44534,1567,158
3558,8720,44535,11128,44535,1567,158
3558,8720,44536,11128,44536,1567,158
3558,8720,44537,11128,44537,1567,158
3558,8720,44538,11128,44538,1567,158
3558,8720,44539,11128,44539,1567,158
3558,8720,44540,11128,44540,1567,158
3558,8720,44541,11128,44541,1567,158
3558,8720,44542,11128,44542,1567,158
3558,8720,44543,11128,44543,1567,158
3558,8720,44544,11128,44544,1567,158
3558,8720,44545,11128,44545,1567,158
3558,8720,44546,11128,44546,1567,158
3557,8720,44547,11128,44547,1567,158
3557,8720,44548,11128,44548,1567,158
3557,8720,44549,11128,44549,1567,158
3557,8720,44550,11128,44550,1567,158
3557,8720,44551,11128,44551,1567,158
3557,8720,44552,11128,44552,1567,158
3556,8720,44553,11128,44553,1567,158
3556,8720,44554,11128,44554,1567,158
3556,8720,44555,11128,44555,1567,158
3556,8720,44556,11128,44556,1567,158
3556,8720,44557,11128,44557,1567,158
3556,8720,44558,11128,44558,1567,158
3556,8720,44559,11128,44559,1567,158
3556,8720,44560,11128,44560,1567,158
3556,8720,44561,11128,44561,1567,158
3556,8720,44562,11128,44562,1567,158
3556,8720,44563,11128,44563,1567,158
3556,8720,44564,11128,44564,1567,158
3556,8720,44565,11128,44565,1567,158
3556,8720,44566,11128,44566,1567,158
3555,8720,44567,11128,44567,1567,158
3555,8720,44568,11128,44568,1567,158
3555,8720,44569,11128,44569,1567,158
3556,8720,44570,11128,44570,1567,158
3556,8720,44571,11128,44571,1567,158
3556,8720,44572,11128,44572,1567,158
3556,8720,44573,11128,44573,1567,158
3556,8720,44574,11128,44574,1567,158
3556,8720,44575,11128,44575,1567,158
3556,8720,44576,11128,44576,1567,158
3556,8720,44577,11128,44577,1567,158
3557,8720,44578,11128,44578,1567,158
3557,8720,44579,11128,44579,1567,158
3557,8720,44580,11128,44580,1567,158
3557,8720,44581,11128,44581,1567,158
3557,8720,44582,11128,44582,1567,158
3557,8720,44583,11128,44583,1567,158
3557,8720,44584,11128,44584,1567,158
3557,8720,44585,11128,44585,1567,158
3556,8720,44586,11128,44586,1567,158
3556,8720,44587,11128,44587,1567,158
3556,8720,44588,11128,44588,1567,158
3556,8720,44589,11128,44589,1567,158
3556,8720,44590,11128,44590,1567,158
3557,8720,44591,11128,44591,1567,158
3557,8720,44592,11128,44592,1567,158
3557,8720,44593,11128,44593,1567,158
3557,8720,44594,11128,44594,1567,158
3558,8720,44595,11128,44595,1567,158
3558,8720,44596,11128,44596,1567,158
3558,8720,44597,11128,44597,1567,158
3558,8720,44598,11128,44598,1567,158
3558,8720,44599,11128,44599,1567,158
3558,8720,44600,11128,44600,1567,158
3558,8720,44601,11128,44601,1567,158
3558,8720,44602,11128,44602,1567,158
3558,8720,44603,11128,44603,1567,158
3558,8720,44604,11128,44604,1567,158
3558,8720,44605,11128,44605,1567,158
3558,8720,44606,11128,44606,1567,158
3558,8720,44607,11128,44607,1567,158
3558,8720,44608,11128,44608,1567,158
3558,8720,44609,11128,44609,1567,158
3558,8720,44610,11128,44610,1567,158
3557,8720,44611,11128,44611,1567,157
3557,8720,44612,11128,44612,1567,157
3557,8720,44613,11128,44613,1567,157
3557,8720,44614,11128,44614,1567,157
3557,8720,44615,11128,44615,1567,157
3557,8720,44616,11128,44616,1567,157
3557,8720,44617,11128,44617,1567,157
3557,8720,44618,11128,44618,1567,157
3557,8720,44619,11128,44619,1567,157
3558,8720,44620,11128,44620,1567,157
3558,8720,44621,11128,44621,1567,157
3558,8720,44622,11128,44622,1567,157
3558,8720,44623,11128,44623,1567,157
3558,8720,44624,11128,44624,1567,157
3558,8720,44625,11128,44625,1567,157
3558,8720,44626,11128,44626,1567,157
3558,8720,44627,11128,44627,1567,157
3558,8720,44628,11128,44628,1567,157
3558,8720,44629,11128,44629,1567,157
3559,8720,44630,11128,44630,1567,157
3559,8720,44631,11128,44631,1567,157
3559,8720,44632,11128,44632,1567,157
3559,8720,44633,11128,44633,1567,157
3560,8720,44634,11128,44634,1567,157
3560,8720,44635,11128,44635,1567,157
3560,8720,44636,11128,44636,1567,157
3560,8720,44637,11128,44637,1567,157
3560,8720,44638,11128,44638,1567,157
3561,8720,44639,11128,44639,1567,157
3560,8720,44640,11128,44640,1567,157
3560,8720,44641,11128,44641,1567,157
3560,8720,44642,11128,44642,1567,157
3560,8720,44643,11128,44643,1567,157
3560,8720,44644,11128,44644,1567,157
3560,8720,44645,11128,44645,1567,157
3560,8720,44646,11128,44646,1567,157
3560,8720,44647,11128,44647,1567,157
3560,8720,44648,11128,44648,1567,157
3560,8720,44649,11128,44649,1567,157
3560,8720,44650,11128,44650,1567,157
3560,8720,44651,11128,44651,1567,157
3560,8720,44652,11128,44652,1567,157
3560,8720,44653,11128,44653,1567,157
3560,8720,44654,11128,44654,1567,157
3560,8720,44655,11128,44655,1567,157
3560,8720,44656,11128,44656,1567,157
3557,8720,44657,11128,44657,1567,156
3558,8720,44658,11128,44658,1567,156
3558,8720,44659,11128,44659,1567,156
3558,8720,44660,11128,44660,1567,156
3558,8720,44661,11128,44661,1567,156
3558,8720,44662,11128,44662,1567,156
3557,8720,44663,11128,44663,1567,156
3557,8720,44664,11128,44664,1567,156
3557,8720,44665,11128,44665,1567,156
3557,8720,44666,11128,44666,1567,156
3557,8720,44667,11128,44667,1567,156
3557,8720,44668,11128,44668,1567,156
3557,8720,44669,11128,44669,1567,156
3558,8720,44670,11128,44670,1567,156
3558,8720,44671,11128,44671,1567,156
3558,8720,44672,11128,44672,1567,156
3558,8720,44673,11128,44673,1567,156
3558,8720,44674,11128,44674,1567,156
3558,8720,44675,11128,44675,1567,156
3558,8720,44676,11128,44676,1567,156
3557,8720,44677,11128,44677,1567,156
3557,8720,44678,11128,44678,1567,156
3557,8720,44679,11128,44679,1567,156
3557,8720,44680,11128,44680,1567,156
3557,8720,44681,11128,44681,1567,156
3556,8720,44682,11128,44682,1567,156
3556,8720,44683,11128,44683,1567,156
3556,8720,44684,11128,44684,1567,156
3556,8720,44685,11128,44685,1567,156
3556,8720,44686,11128,44686,1567,156
3556,8720,44687,11128,44687,1567,156
3556,8720,44688,11128,44688,1567,156
3556,8720,44689,11128,44689,1567,156
3556,8720,44690,11128,44690,1567,156
3557,8720,44691,11128,44691,1567,156
3557,8720,44692,11128,44692,1567,156
3557,8720,44693,11128,44693,1567,156
3557,8720,44694,11128,44694,1567,156
3557,8720,44695,11128,44695,1567,156
3556,8720,44696,11128,44696,1567,156
3556,8720,44697,11128,44697,1567,156
3556,8720,44698,11128,44698,1567,156
3556,8720,44699,11128,44699,1567,156
3555,8720,44700,11128,44700,1567,156
3555,8720,44701,11128,44701,1567,156
3555,8720,44702,11128,44702,1567,156
3555,8720,44703,11128,44703,1567,156
3555,8720,44704,11128,44704,1567,156
3555,8720,44705,11128,44705,1567,156
3555,8720,44706,11128,44706,1567,156
3555,8720,44707,11128,44707,1567,156
3555,8720,44708,11128,44708,1567,156
3554,8720,44709,11128,44709,1567,156
3554,8720,44710,11128,44710,1567,156
3553,8720,44711,11128,44711,1567,156
3553,8720,44712,11128,44712,1567,156
3553,8720,44713,11128,44713,1567,156
3554,8720,44714,11128,44714,1567,156
3554,8720,44715,11128,44715,1567,156
3554,8720,44716,11128,44716,1567,156
3554,8720,44717,11128,44717,1567,156
3554,8720,44718,11128,44718,1567,156
3554,8720,44719,11128,44719,1567,156
3554,8720,44720,11128,44720,1567,156
3554,8720,44721,11128,44721,1567,156
3553,8720,44722,11128,44722,1567,156
3552,8720,44723,11128,44723,1567,156
3552,8720,44724,11128,44724,1567,156
3552,8720,44725,11128,44725,1567,156
3552,8720,44726,11128,44726,1567,156
3552,8720,44727,11128,44727,1567,156
3552,8720,44728,11128,44728,1567,156
3552,8720,44729,11128,44729,1567,156
3552,8720,44730,11128,44730,1567,156
3552,8720,44731,11128,44731,1567,156
3553,8720,44732,11128,44732,1567,156
3553,8720,44733,11128,44733,1567,156
3552,8720,44734,11128,44734,1567,155
3552,8720,44735,11128,44735,1567,155
3551,8720,44736,11128,44736,1567,155
3551,8720,44737,11128,44737,1567,155
3551,8720,44738,11128,44738,1567,155
3551,8720,44739,11128,44739,1567,155
3551,8720,44740,11128,44740,1567,155
3551,8720,44741,11128,44741,1567,155
3551,8720,44742,11128,44742,1567,155
3551,8720,44743,11128,44743,1567,155
3551,8720,44744,11128,44744,1567,155
3551,8720,44745,11128,44745,1567,155
3551,8720,44746,11128,44746,1567,155
3551,8720,44747,11128,44747,1567,155
3551,8720,44748,11128,44748,1567,155
3551,8720,44749,11128,44749,1567,155
3551,8720,44750,11128,44750,1567,155
3551,8720,44751,11128,44751,1567,155
3551,8720,44752,11128,44752,1567,155
3551,8720,44753,11128,44753,1567,155
3551,8720,44754,11128,44754,1567,155
3549,8720,44755,11128,44755,1567,155
3549,8720,44756,11128,44756,1567,155
3549,8720,44757,11128,44757,1567,155
3549,8720,44758,11128,44758,1567,155
3549,8720,44759,11128,44759,1567,155
3549,8720,44760,11128,44760,1567,155
3549,8720,44761,11128,44761,1567,155
3549,8720,44762,11128,44762,1567,155
3550,8720,44763,11128,44763,1567,155
3550,8720,44764,11128,44764,1567,155
3550,8720,44765,11128,44765,1567,155
3549,8720,44766,11128,44766,1567,155
3550,8720,44767,11128,44767,1567,155
3550,8720,44768,11128,44768,1567,155
3550,8720,44769,11128,44769,1567,155
3549,8720,44770,11128,44770,1567,155
3549,8720,44771,11128,44771,1567,155
3549,8720,44772,11128,44772,1567,155
3549,8720,44773,11128,44773,1567,155
3549,8720,44774,11128,44774,1567,155
3549,8720,44775,11128,44775,1567,155
3549,8720,44776,11128,44776,1567,155
3550,8720,44777,11128,44777,1567,155
3550,8720,44778,11128,44778,1567,155
3550,8720,44779,11128,44779,1567,155
3550,8720,44780,11128,44780,1567,155
3550,8720,44781,11128,44781,1567,155
3550,8720,44782,11128,44782,1567,155
3550,8720,44783,11128,44783,1567,155
3550,8720,44784,11128,44784,1567,155
3550,8720,44785,11128,44785,1567,155
3550,8720,44786,11128,44786,1567,155
3550,8720,44787,11128,44787,1567,155
3550,8720,44788,11128,44788,1567,155
3550,8720,44789,11128,44789,1567,155
3550,8720,44790,11128,44790,1567,155
3550,8720,44791,11128,44791,1567,155
3550,8720,44792,11128,44792,1567,155
3550,8720,44793,11128,44793,1567,155
3550,8720,44794,11128,44794,1567,155
3550,8720,44795,11128,44795,1567,155
3550,8720,44796,11128,44796,1567,155
3550,8720,44797,11128,44797,1567,155
3550,8720,44798,11128,44798,1567,155
3550,8720,44799,11128,44799,1567,155
3550,8720,44800,11128,44800,1567,155
3550,8720,44801,11128,44801,1567,155
3550,8720,44802,11128,44802,1567,155
3550,8720,44803,11128,44803,1567,155
3551,8720,44804,11128,44804,1567,155
3551,8720,44805,11128,44805,1567,155
3551,8720,44806,11128,44806,1567,155
3551,8720,44807,11128,44807,1567,155
3552,8720,44808,11128,44808,1567,155
3552,8720,44809,11128,44809,1567,155
3552,8720,44810,11128,44810,1567,155
3552,8720,44811,11128,44811,1567,155
3553,8720,44812,11128,44812,1567,155
3553,8720,44813,11128,44813,1567,155
3553,8720,44814,11128,44814,1567,155
3553,8720,44815,11128,44815,1567,155
3553,8720,44816,11128,44816,1567,155
3553,8720,44817,11128,44817,1567,155
3553,8720,44818,11128,44818,1567,155
3552,8720,44819,11128,44819,1567,155
3552,8720,44820,11128,44820,1567,155
3553,8720,44821,11128,44821,1567,155
3553,8720,44822,11128,44822,1567,155
3553,8720,44823,11128,44823,1567,155
3553,8720,44824,11128,44824,1567,155
3553,8720,44825,11128,44825,1567,155
3553,8720,44826,11128,44826,1567,155
3553,8720,44827,11128,44827,1567,155
3553,8720,44828,11128,44828,1567,155
3553,8720,44829,11128,44829,1567,155
3553,8720,44830,11128,44830,1567,155
3553,8720,44831,11128,44831,1567,155
3553,8720,44832,11128,44832,1567,155
3553,8720,44833,11128,44833,1567,155
3553,8720,44834,11128,44834,1567,155
3553,8720,44835,11128,44835,1567,155
3552,8720,44836,11128,44836,1567,155
3552,8720,44837,11128,44837,1567,155
3552,8720,44838,11128,44838,1567,155
3552,8720,44839,11128,44839,1567,155
3551,8720,44840,11128,44840,1567,155
3551,8720,44841,11128,44841,1567,155
3551,8720,44842,11128,44842,1567,155
3551,8720,44843,11128,44843,1567,155
3551,8720,44844,11128,44844,1567,155
3550,8720,44845,11128,44845,1567,155
3550,8720,44846,11128,44846,1567,155
3550,8720,44847,11128,44847,1567,155
3550,8720,44848,11128,44848,1567,155
3550,8720,44849,11128,44849,1567,155
3550,8720,44850,11128,44850,1567,155
3550,8720,44851,11128,44851,1567,155
3550,8720,44852,11128,44852,1567,155
3550,8720,44853,11128,44853,1567,155
3550,8720,44854,11128,44854,1567,155
3550,8720,44855,11128,44855,1567,155
3550,8720,44856,11128,44856,1567,155
3550,8720,44857,11128,44857,1567,155
3551,8720,44858,11128,44858,1567,155
3551,8720,44859,11128,44859,1567,155
3551,8720,44860,11128,44860,1567,155
3551,8720,44861,11128,44861,1567,155
3551,8720,44862,11128,44862,1567,155
3551,8720,44863,11128,44863,1567,155
3550,8720,44864,11128,44864,1567,155
3550,8720,44865,11128,44865,1567,155
3550,8720,44866,11128,44866,1567,155
3550,8720,44867,11128,44867,1567,155
3550,8720,44868,11128,44868,1567,155
3549,8720,44869,11128,44869,1567,155
3549,8720,44870,11128,44870,1567,155
3549,8720,44871,11128,44871,1567,155
3549,8720,44872,11128,44872,1567,155
3549,8720,44873,11128,44873,1567,155
3549,8720,44874,11128,44874,1567,155
3547,8720,44875,11128,44875,1567,155
3547,8720,44876,11128,44876,1567,155
3547,8720,44877,11128,44877,1567,155
3547,8720,44878,11128,44878,1567,155
3547,8720,44879,11128,44879,1567,155
3548,8720,44880,11128,44880,1567,155
3546,8720,44881,11128,44881,1567,155
3547,8720,44882,11128,44882,1567,155
3547,8720,44883,11128,44883,1567,155
3547,8720,44884,11128,44884,1567,155
3547,8720,44885,11128,44885,1567,155
3547,8720,44886,11128,44886,1567,155
3547,8720,44887,11128,44887,1567,155
3547,8720,44888,11128,44888,1567,155
3547,8720,44889,11128,44889,1567,155
3547,8720,44890,11128,44890,1567,155
3546,8720,44891,11128,44891,1567,155
3547,8720,44892,11128,44892,1567,155
3548,8720,44893,11128,44893,1567,155
3548,8720,44894,11128,44894,1567,155
3548,8720,44895,11128,44895,1567,155
3548,8720,44896,11128,44896,1567,155
3548,8720,44897,11128,44897,1567,155
3548,8720,44898,11128,44898,1567,155
3548,8720,44899,11128,44899,1567,155
3548,8720,44900,11128,44900,1567,155
3548,8720,44901,11128,44901,1567,155
3548,8720,44902,11128,44902,1567,155
3548,8720,44903,11128,44903,1567,155
3548,8720,44904,11128,44904,1567,155
3548,8720,44905,11128,44905,1567,155
3548,8720,44906,11128,44906,1567,155
3548,8720,44907,11128,44907,1567,155
3548,8720,44908,11128,44908,1567,155
3548,8720,44909,11128,44909,1567,155
3547,8720,44910,11128,44910,1567,155
3547,8720,44911,11128,44911,1567,155
3547,8720,44912,11128,44912,1567,155
3547,8720,44913,11128,44913,1567,155
3547,8720,44914,11128,44914,1567,155
3547,8720,44915,11128,44915,1567,155
3545,8720,44916,11128,44916,1567,155
3546,8720,44917,11128,44917,1567,155
3546,8720,44918,11128,44918,1567,155
3546,8720,44919,11128,44919,1567,155
3546,8720,44920,11128,44920,1567,155
3546,8720,44921,11128,44921,1567,155
3546,8720,44922,11128,44922,1567,155
3546,8720,44923,11128,44923,1567,155
3546,8720,44924,11128,44924,1567,155
3546,8720,44925,11128,44925,1567,155
3546,8720,44926,11128,44926,1567,155
3546,8720,44927,11128,44927,1567,155
3546,8720,44928,11128,44928,1567,155
3546,8720,44929,11128,44929,1567,155
3546,8720,44930,11128,44930,1567,155
3546,8720,44931,11128,44931,1567,155
3546,8720,44932,11128,44932,1567,155
3546,8720,44933,11128,44933,1567,155
3546,8720,44934,11128,44934,1567,155
3546,8720,44935,11128,44935,1567,155
3546,8720,44936,11128,44936,1567,155
3547,8720,44937,11128,44937,1567,155
3547,8720,44938,11128,44938,1567,155
3547,8720,44939,11128,44939,1567,155
3546,8720,44940,11128,44940,1567,155
3546,8720,44941,11128,44941,1567,155
3546,8720,44942,11128,44942,1567,155
3546,8720,44943,11128,44943,1567,155
3546,8720,44944,11128,44944,1567,155
3546,8720,44945,11128,44945,1567,155
3546,8720,44946,11128,44946,1567,155
3546,8720,44947,11128,44947,1567,155
3546,8720,44948,11128,44948,1567,155
3546,8720,44949,11128,44949,1567,155
3545,8720,44950,11128,44950,1567,155
3545,8720,44951,11128,44951,1567,155
3545,8720,44952,11128,44952,1567,155
3544,8720,44953,11128,44953,1567,154
3544,8720,44954,11128,44954,1567,154
3544,8720,44955,11128,44955,1567,154
3544,8720,44956,11128,44956,1567,154
3544,8720,44957,11128,44957,1567,154
3544,8720,44958,11128,44958,1567,154
3544,8720,44959,11128,44959,1567,154
3544,8720,44960,11128,44960,1567,154
3544,8720,44961,11128,44961,1567,154
3544,8720,44962,11128,44962,1567,154
3544,8720,44963,11128,44963,1567,154
3544,8720,44964,11128,44964,1567,154
3544,8720,44965,11128,44965,1567,154
3544,8720,44966,11128,44966,1567,154
3544,8720,44967,11128,44967,1567,154
3544,8720,44968,11128,44968,1567,154
3544,8720,44969,11128,44969,1567,154
3544,8720,44970,11128,44970,1567,154
3544,8720,44971,11128,44971,1567,154
3544,8720,44972,11128,44972,1567,154
3544,8720,44973,11128,44973,1567,154
3544,8720,44974,11128,44974,1567,154
3544,8720,44975,11128,44975,1567,154
3544,8720,44976,11128,44976,1567,154
3544,8720,44977,11128,44977,1567,154
3544,8720,44978,11128,44978,1567,154
3544,8720,44979,11128,44979,1567,154
3544,8720,44980,11128,44980,1567,154
3544,8720,44981,11128,44981,1567,154
3544,8720,44982,11128,44982,1567,154
3544,8720,44983,11128,44983,1567,154
3544,8720,44984,11128,44984,1567,154
3544,8720,44985,11128,44985,1567,154
3544,8720,44986,11128,44986,1567,154
3544,8720,44987,11128,44987,1567,154
3544,8720,44988,11128,44988,1567,154
3544,8720,44989,11128,44989,1567,154
3544,8720,44990,11128,44990,1567,154
3543,8720,44991,11128,44991,1567,153
3543,8720,44992,11128,44992,1567,153
3543,8720,44993,11128,44993,1567,153
3541,8720,44994,11128,44994,1567,153
3541,8720,44995,11128,44995,1567,153
3541,8720,44996,11128,44996,1567,153
3541,8720,44997,11128,44997,1567,153
3541,8720,44998,11128,44998,1567,153
3541,8720,44999,11128,44999,1567,153
3540,8720,45000,11128,45000,1567,153
3540,8720,45001,11128,45001,1567,153
3540,8720,45002,11128,45002,1567,153
3541,8720,45003,11128,45003,1567,153
3541,8720,45004,11128,45004,1567,153
3541,8720,45005,11128,45005,1567,153
3541,8720,45006,11128,45006,1567,153
3541,8720,45007,11128,45007,1567,153
3541,8720,45008,11128,45008,1567,153
3541,8720,45009,11128,45009,1567,153
3541,8720,45010,11128,45010,1567,153
3541,8720,45011,11128,45011,1567,153
3541,8720,45012,11128,45012,1567,153
3541,8720,45013,11128,45013,1567,153
3541,8720,45014,11128,45014,1567,153
3541,8720,45015,11128,45015,1567,153
3541,8720,45016,11128,45016,1567,153
3541,8720,45017,11128,45017,1567,153
3541,8720,45018,11128,45018,1567,153
3541,8720,45019,11128,45019,1567,153
3541,8720,45020,11128,45020,1567,153
3541,8720,45021,11128,45021,1567,153
3541,8720,45022,11128,45022,1567,153
3541,8720,45023,11128,45023,1567,153
3541,8720,45024,11128,45024,1567,153
3541,8720,45025,11128,45025,1567,153
3540,8720,45026,11128,45026,1567,153
3540,8720,45027,11128,45027,1567,153
3540,8720,45028,11128,45028,1567,153
3540,8720,45029,11128,45029,1567,153
3540,8720,45030,11128,45030,1567,153
3540,8720,45031,11128,45031,1567,153
3540,8720,45032,11128,45032,1567,153
3540,8720,45033,11128,45033,1567,153
3540,8720,45034,11128,45034,1567,153
3540,8720,45035,11128,45035,1567,153
3539,8720,45036,11128,45036,1567,153
3539,8720,45037,11128,45037,1567,153
3538,8720,45038,11128,45038,1567,153
3538,8720,45039,11128,45039,1567,153
3538,8720,45040,11128,45040,1567,153
3538,8720,45041,11128,45041,1567,153
3539,8720,45042,11128,45042,1567,153
3539,8720,45043,11128,45043,1567,153
3539,8720,45044,11128,45044,1567,153
3539,8720,45045,11128,45045,1567,153
3539,8720,45046,11128,45046,1567,153
3539,8720,45047,11128,45047,1567,153
3539,8720,45048,11128,45048,1567,153
3539,8720,45049,11128,45049,1567,153
3539,8720,45050,11128,45050,1567,153
3539,8720,45051,11128,45051,1567,153
3535,8720,45052,11128,45052,1567,152
3536,8720,45053,11128,45053,1567,152
3536,8720,45054,11128,45054,1567,152
3536,8720,45055,11128,45055,1567,152
3536,8720,45056,11128,45056,1567,152
3536,8720,45057,11128,45057,1567,152
3536,8720,45058,11128,45058,1567,152
3536,8720,45059,11128,45059,1567,152
3536,8720,45060,11128,45060,1567,152
3536,8720,45061,11128,45061,1567,152
3536,8720,45062,11128,45062,1567,152
3536,8720,45063,11128,45063,1567,152
3536,8720,45064,11128,45064,1567,152
3536,8720,45065,11128,45065,1567,152
3536,8720,45066,11128,45066,1567,152
3537,8720,45067,11128,45067,1567,152
3537,8720,45068,11128,45068,1567,152
3536,8720,45069,11128,45069,1567,152
3536,8720,45070,11128,45070,1567,152
3536,8720,45071,11128,45071,1567,152
3535,8720,45072,11128,45072,1567,152
3535,8720,45073,11128,45073,1567,152
3536,8720,45074,11128,45074,1567,152
3537,8720,45075,11128,45075,1567,152
3536,8720,45076,11128,45076,1567,152
3536,8720,45077,11128,45077,1567,152
3536,8720,45078,11128,45078,1567,152
3535,8720,45079,11128,45079,1567,152
3535,8720,45080,11128,45080,1567,152
3535,8720,45081,11128,45081,1567,152
3535,8720,45082,11128,45082,1567,152
3534,8720,45083,11128,45083,1567,152
3534,8720,45084,11128,45084,1567,152
3534,8720,45085,11128,45085,1567,152
3534,8720,45086,11128,45086,1567,152
3534,8720,45087,11128,45087,1567,152
3534,8720,45088,11128,45088,1567,152
3534,8720,45089,11128,45089,1567,152
3534,8720,45090,11128,45090,1567,152
3534,8720,45091,11128,45091,1567,152
3534,8720,45092,11128,45092,1567,152
3534,8720,45093,11128,45093,1567,152
3534,8720,45094,11128,45094,1567,152
3535,8720,45095,11128,45095,1567,152
3535,8720,45096,11128,45096,1567,152
3535,8720,45097,11128,45097,1567,152
3535,8720,45098,11128,45098,1567,152
3535,8720,45099,11128,45099,1567,152
3535,8720,45100,11128,45100,1567,152
3535,8720,45101,11128,45101,1567,152
3535,8720,45102,11128,45102,1567,152
3535,8720,45103,11128,45103,1567,152
3535,8720,45104,11128,45104,1567,152
3535,8720,45105,11128,45105,1567,152
3535,8720,45106,11128,45106,1567,152
3535,8720,45107,11128,45107,1567,152
3535,8720,45108,11128,45108,1567,152
3535,8720,45109,11128,45109,1567,152
3535,8720,45110,11128,45110,1567,152
3535,8720,45111,11128,45111,1567,152
3535,8720,45112,11128,45112,1567,152
3535,8720,45113,11128,45113,1567,152
3535,8720,45114,11128,45114,1567,152
3535,8720,45115,11128,45115,1567,152
3535,8720,45116,11128,45116,1567,152
3535,8720,45117,11128,45117,1567,152
3535,8720,45118,11128,45118,1567,152
3536,8720,45119,11128,45119,1567,152
3536,8720,45120,11128,45120,1567,152
3536,8720,45121,11128,45121,1567,152
3536,8720,45122,11128,45122,1567,152
3536,8720,45123,11128,45123,1567,152
3536,8720,45124,11128,45124,1567,152
3536,8720,45125,11128,45125,1567,152
3536,8720,45126,11128,45126,1567,152
3536,8720,45127,11128,45127,1567,152
3536,8720,45128,11128,45128,1567,152
3537,8720,45129,11128,45129,1567,152
3537,8720,45130,11128,45130,1567,152
3537,8720,45131,11128,45131,1567,152
3537,8720,45132,11128,45132,1567,152
3537,8720,45133,11128,45133,1567,152
3536,8720,45134,11128,45134,1567,152
3536,8720,45135,11128,45135,1567,152
3536,8720,45136,11128,45136,1567,152
3536,8720,45137,11128,45137,1567,152
3536,8720,45138,11128,45138,1567,152
3536,8720,45139,11128,45139,1567,152
3536,8720,45140,11128,45140,1567,152
3536,8720,45141,11128,45141,1567,152
3536,8720,45142,11128,45142,1567,152
3535,8720,45143,11128,45143,1567,152
3535,8720,45144,11128,45144,1567,152
3535,8720,45145,11128,45145,1567,152
3534,8720,45146,11128,45146,1567,151
3534,8720,45147,11128,45147,1567,151
3534,8720,45148,11128,45148,1567,151
3534,8720,45149,11128,45149,1567,151
3534,8720,45150,11128,45150,1567,151
3534,8720,45151,11128,45151,1567,151
3534,8720,45152,11128,45152,1567,151
3534,8720,45153,11128,45153,1567,151
3534,8720,45154,11128,45154,1567,151
3534,8720,45155,11128,45155,1567,151
3533,8720,45156,11128,45156,1567,151
3534,8720,45157,11128,45157,1567,151
3534,8720,45158,11128,45158,1567,151
3534,8720,45159,11128,45159,1567,151
3534,8720,45160,11128,45160,1567,151
3534,8720,45161,11128,45161,1567,151
3534,8720,45162,11128,45162,1567,151
3534,8720,45163,11128,45163,1567,151
3534,8720,45164,11128,45164,1567,151
3534,8720,45165,11128,45165,1567,151
3534,8720,45166,11128,45166,1567,151
3534,8720,45167,11128,45167,1567,151
3534,8720,45168,11128,45168,1567,151
3534,8720,45169,11128,45169,1567,151
3534,8720,45170,11128,45170,1567,151
3534,8720,45171,11128,45171,1567,151
3534,8720,45172,11128,45172,1567,151
3534,8720,45173,11128,45173,1567,151
3534,8720,45174,11128,45174,1567,151
3534,8720,45175,11128,45175,1567,151
3534,8720,45176,11128,45176,1567,151
3533,8720,45177,11128,45177,1567,151
3532,8720,45178,11128,45178,1567,151
3533,8720,45179,11128,45179,1567,151
3533,8720,45180,11128,45180,1567,151
3533,8720,45181,11128,45181,1567,151
3534,8720,45182,11128,45182,1567,151
3534,8720,45183,11128,45183,1567,151
3534,8720,45184,11128,45184,1567,151
3534,8720,45185,11128,45185,1567,151
3534,8720,45186,11128,45186,1567,151
3534,8720,45187,11128,45187,1567,151
3534,8720,45188,11128,45188,1567,151
3534,8720,45189,11128,45189,1567,151
3534,8720,45190,11128,45190,1567,151
3534,8720,45191,11128,45191,1567,151
3534,8720,45192,11128,45192,1567,151
3534,8720,45193,11128,45193,1567,151
3534,8720,45194,11128,45194,1567,151
3534,8720,45195,11128,45195,1567,151
3534,8720,45196,11128,45196,1567,151
3534,8720,45197,11128,45197,1567,151
3534,8720,45198,11128,45198,1567,151
3533,8720,45199,11128,45199,1567,151
3533,8720,45200,11128,45200,1567,151
3533,8720,45201,11128,45201,1567,151
3533,8720,45202,11128,45202,1567,151
3534,8720,45203,11128,45203,1567,151
3534,8720,45204,11128,45204,1567,151
3534,8720,45205,11128,45205,1567,151
3534,8720,45206,11128,45206,1567,151
3533,8720,45207,11128,45207,1567,151
3533,8720,45208,11128,45208,1567,151
3533,8720,45209,11128,45209,1567,151
3533,8720,45210,11128,45210,1567,151
3533,8720,45211,11128,45211,1567,151
3533,8720,45212,11128,45212,1567,151
3533,8720,45213,11128,45213,1567,151
3533,8720,45214,11128,45214,1567,151
3533,8720,45215,11128,45215,1567,151
3533,8720,45216,11128,45216,1567,151
3533,8720,45217,11128,45217,1567,151
3533,8720,45218,11128,45218,1567,151
3533,8720,45219,11128,45219,1567,151
3533,8720,45220,11128,45220,1567,151
3533,8720,45221,11128,45221,1567,151
3533,8720,45222,11128,45222,1567,151
3533,8720,45223,11128,45223,1567,151
3533,8720,45224,11128,45224,1567,151
3533,8720,45225,11128,45225,1567,151
3533,8720,45226,11128,45226,1567,151
3533,8720,45227,11128,45227,1567,151
3533,8720,45228,11128,45228,1567,151
3533,8720,45229,11128,45229,1567,151
3533,8720,45230,11128,45230,1567,151
3533,8720,45231,11128,45231,1567,151
3533,8720,45232,11128,45232,1567,151
3533,8720,45233,11128,45233,1567,151
3534,8720,45234,11128,45234,1567,151
3534,8720,45235,11128,45235,1567,151
3534,8720,45236,11128,45236,1567,151
3533,8720,45237,11128,45237,1567,150
3533,8720,45238,11128,45238,1567,150
3533,8720,45239,11128,45239,1567,150
3533,8720,45240,11128,45240,1567,150
3533,8720,45241,11128,45241,1567,150
3533,8720,45242,11128,45242,1567,150
3533,8720,45243,11128,45243,1567,150
3533,8720,45244,11128,45244,1567,150
3533,8720,45245,11128,45245,1567,150
3533,8720,45246,11128,45246,1567,150
3533,8720,45247,11128,45247,1567,150
3534,8720,45248,11128,45248,1567,150
3534,8720,45249,11128,45249,1567,150
3534,8720,45250,11128,45250,1567,150
3534,8720,45251,11128,45251,1567,150
3534,8720,45252,11128,45252,1567,150
3534,8720,45253,11128,45253,1567,150
3534,8720,45254,11128,45254,1567,150
3534,8720,45255,11128,45255,1567,150
3534,8720,45256,11128,45256,1567,150
3534,8720,45257,11128,45257,1567,150
3534,8720,45258,11128,45258,1567,150
3534,8720,45259,11128,45259,1567,150
3534,8720,45260,11128,45260,1567,150
3534,8720,45261,11128,45261,1567,150
3534,8720,45262,11128,45262,1567,150
3534,8720,45263,11128,45263,1567,150
3534,8720,45264,11128,45264,1567,150
3534,8720,45265,11128,45265,1567,150
3534,8720,45266,11128,45266,1567,150
3534,8720,45267,11128,45267,1567,150
3534,8720,45268,11128,45268,1567,150
3533,8720,45269,11128,45269,1567,150
3533,8720,45270,11128,45270,1567,150
3533,8720,45271,11128,45271,1567,150
3533,8720,45272,11128,45272,1567,150
3533,8720,45273,11128,45273,1567,150
3532,8720,45274,11128,45274,1567,150
3532,8720,45275,11128,45275,1567,150
3532,8720,45276,11128,45276,1567,150
3532,8720,45277,11128,45277,1567,150
3533,8720,45278,11128,45278,1567,150
3533,8720,45279,11128,45279,1567,150
3533,8720,45280,11128,45280,1567,150
3533,8720,45281,11128,45281,1567,150
3533,8720,45282,11128,45282,1567,150
3533,8720,45283,11128,45283,1567,150
3533,8720,45284,11128,45284,1567,150
3533,8720,45285,11128,45285,1567,150
3533,8720,45286,11128,45286,1567,150
3533,8720,45287,11128,45287,1567,150
3533,8720,45288,11128,45288,1567,150
3533,8720,45289,11128,45289,1567,150
3533,8720,45290,11128,45290,1567,150
3533,8720,45291,11128,45291,1567,150
3533,8720,45292,11128,45292,1567,150
3533,8720,45293,11128,45293,1567,150
3534,8720,45294,11128,45294,1567,150
3534,8720,45295,11128,45295,1567,150
3534,8720,45296,11128,45296,1567,150
3534,8720,45297,11128,45297,1567,150
3534,8720,45298,11128,45298,1567,150
3534,8720,45299,11128,45299,1567,150
3534,8720,45300,11128,45300,1567,150
3534,8720,45301,11128,45301,1567,150
3534,8720,45302,11128,45302,1567,150
3534,8720,45303,11128,45303,1567,150
3534,8720,45304,11128,45304,1567,150
3534,8720,45305,11128,45305,1567,150
3534,8720,45306,11128,45306,1567,150
3534,8720,45307,11128,45307,1567,150
3534,8720,45308,11128,45308,1567,150
3534,8720,45309,11128,45309,1567,150
3535,8720,45310,11128,45310,1567,150
3535,8720,45311,11128,45311,1567,150
3535,8720,45312,11128,45312,1567,150
3535,8720,45313,11128,45313,1567,150
3535,8720,45314,11128,45314,1567,150
3536,8720,45315,11128,45315,1567,150
3535,8720,45316,11128,45316,1567,150
3535,8720,45317,11128,45317,1567,150
3535,8720,45318,11128,45318,1567,150
3535,8720,45319,11128,45319,1567,150
3535,8720,45320,11128,45320,1567,150
3535,8720,45321,11128,45321,1567,150
3535,8720,45322,11128,45322,1567,150
3535,8720,45323,11128,45323,1567,150
3535,8720,45324,11128,45324,1567,150
3535,8720,45325,11128,45325,1567,150
3535,8720,45326,11128,45326,1567,150
3535,8720,45327,11128,45327,1567,150
3535,8720,45328,11128,45328,1567,150
3535,8720,45329,11128,45329,1567,150
3535,8720,45330,11128,45330,1567,150
3535,8720,45331,11128,45331,1567,150
3535,8720,45332,11128,45332,1567,150
3535,8720,45333,11128,45333,1567,150
3535,8720,45334,11128,45334,1567,150
3535,8720,45335,11128,45335,1567,150
3535,8720,45336,11128,45336,1567,150
3536,8720,45337,11128,45337,1567,150
3536,8720,45338,11128,45338,1567,150
3536,8720,45339,11128,45339,1567,150
3536,8720,45340,11128,45340,1567,150
3536,8720,45341,11128,45341,1567,150
3536,8720,45342,11128,45342,1567,150
3536,8720,45343,11128,45343,1567,150
3536,8720,45344,11128,45344,1567,150
3536,8720,45345,11128,45345,1567,150
3536,8720,45346,11128,45346,1567,150
3536,8720,45347,11128,45347,1567,150
3536,8720,45348,11128,45348,1567,150
3537,8720,45349,11128,45349,1567,150
3537,8720,45350,11128,45350,1567,150
3538,8720,45351,11128,45351,1567,150
3538,8720,45352,11128,45352,1567,150
3538,8720,45353,11128,45353,1567,150
3538,8720,45354,11128,45354,1567,150
3538,8720,45355,11128,45355,1567,150
3538,8720,45356,11128,45356,1567,150
3538,8720,45357,11128,45357,1567,150
3538,8720,45358,11128,45358,1567,150
3538,8720,45359,11128,45359,1567,150
3538,8720,45360,11128,45360,1567,150
3538,8720,45361,11128,45361,1567,150
3538,8720,45362,11128,45362,1567,150
3538,8720,45363,11128,45363,1567,150
3538,8720,45364,11128,45364,1567,150
3538,8720,45365,11128,45365,1567,150
3538,8720,45366,11128,45366,1567,150
3538,8720,45367,11128,45367,1567,150
3538,8720,45368,11128,45368,1567,150
3538,8720,45369,11128,45369,1567,150
3538,8720,45370,11128,45370,1567,150
3538,8720,45371,11128,45371,1567,150
3538,8720,45372,11128,45372,1567,150
3538,8720,45373,11128,45373,1567,150
3538,8720,45374,11128,45374,1567,150
3537,8720,45375,11128,45375,1567,150
3537,8720,45376,11128,45376,1567,150
3538,8720,45377,11128,45377,1567,150
3538,8720,45378,11128,45378,1567,150
3537,8720,45379,11128,45379,1567,150
3537,8720,45380,11128,45380,1567,150
3537,8720,45381,11128,45381,1567,150
3536,8720,45382,11128,45382,1567,150
3536,8720,45383,11128,45383,1567,150
3536,8720,45384,11128,45384,1567,150
3536,8720,45385,11128,45385,1567,150
3535,8720,45386,11128,45386,1567,150
3535,8720,45387,11128,45387,1567,150
3535,8720,45388,11128,45388,1567,150
3535,8720,45389,11128,45389,1567,150
3535,8720,45390,11128,45390,1567,150
3535,8720,45391,11128,45391,1567,150
3535,8720,45392,11128,45392,1567,150
3535,8720,45393,11128,45393,1567,150
3535,8720,45394,11128,45394,1567,150
3535,8720,45395,11128,45395,1567,150
3535,8720,45396,11128,45396,1567,150
3536,8720,45397,11128,45397,1567,150
3537,8720,45398,11128,45398,1567,150
3537,8720,45399,11128,45399,1567,150
3537,8720,45400,11128,45400,1567,150
3537,8720,45401,11128,45401,1567,150
3537,8720,45402,11128,45402,1567,150
3537,8720,45403,11128,45403,1567,150
3537,8720,45404,11128,45404,1567,150
3537,8720,45405,11128,45405,1567,150
3537,8720,45406,11128,45406,1567,150
3537,8720,45407,11128,45407,1567,150
3537,8720,45408,11128,45408,1567,150
3537,8720,45409,11128,45409,1567,150
3537,8720,45410,11128,45410,1567,150
3536,8720,45411,11128,45411,1567,150
3536,8720,45412,11128,45412,1567,150
3536,8720,45413,11128,45413,1567,150
3536,8720,45414,11128,45414,1567,150
3536,8720,45415,11128,45415,1567,150
3536,8720,45416,11128,45416,1567,150
3536,8720,45417,11128,45417,1567,150
3536,8720,45418,11128,45418,1567,150
3535,8720,45419,11128,45419,1567,150
3535,8720,45420,11128,45420,1567,150
3535,8720,45421,11128,45421,1567,150
3536,8720,45422,11128,45422,1567,150
3536,8720,45423,11128,45423,1567,150
3536,8720,45424,11128,45424,1567,150
3536,8720,45425,11128,45425,1567,150
3536,8720,45426,11128,45426,1567,150
3536,8720,45427,11128,45427,1567,150
3536,8720,45428,11128,45428,1567,150
3534,8720,45429,11128,45429,1567,150
3535,8720,45430,11128,45430,1567,150
3535,8720,45431,11128,45431,1567,150
3535,8720,45432,11128,45432,1567,150
3535,8720,45433,11128,45433,1567,150
3535,8720,45434,11128,45434,1567,150
3535,8720,45435,11128,45435,1567,150
3535,8720,45436,11128,45436,1567,150
3534,8720,45437,11128,45437,1567,150
3534,8720,45438,11128,45438,1567,150
3534,8720,45439,11128,45439,1567,150
3534,8720,45440,11128,45440,1567,150
3533,8720,45441,11128,45441,1567,150
3533,8720,45442,11128,45442,1567,150
3533,8720,45443,11128,45443,1567,150
3533,8720,45444,11128,45444,1567,150
3533,8720,45445,11128,45445,1567,150
3533,8720,45446,11128,45446,1567,150
3533,8720,45447,11128,45447,1567,150
3533,8720,45448,11128,45448,1567,150
3533,8720,45449,11128,45449,1567,150
3533,8720,45450,11128,45450,1567,150
3533,8720,45451,11128,45451,1567,150
3533,8720,45452,11128,45452,1567,150
3533,8720,45453,11128,45453,1567,150
3533,8720,45454,11128,45454,1567,150
3532,8720,45455,11128,45455,1567,150
3532,8720,45456,11128,45456,1567,150
3532,8720,45457,11128,45457,1567,150
3533,8720,45458,11128,45458,1567,150
3533,8720,45459,11128,45459,1567,150
3533,8720,45460,11128,45460,1567,150
3533,8720,45461,11128,45461,1567,150
3533,8720,45462,11128,45462,1567,150
3533,8720,45463,11128,45463,1567,150
3533,8720,45464,11128,45464,1567,150
3533,8720,45465,11128,45465,1567,150
3533,8720,45466,11128,45466,1567,150
3533,8720,45467,11128,45467,1567,150
3533,8720,45468,11128,45468,1567,150
3533,8720,45469,11128,45469,1567,150
3533,8720,45470,11128,45470,1567,150
3533,8720,45471,11128,45471,1567,150
3530,8720,45472,11128,45472,1567,150
3530,8720,45473,11128,45473,1567,150
3530,8720,45474,11128,45474,1567,150
3530,8720,45475,11128,45475,1567,150
3530,8720,45476,11128,45476,1567,150
3529,8720,45477,11128,45477,1567,150
3529,8720,45478,11128,45478,1567,150
3529,8720,45479,11128,45479,1567,150
3529,8720,45480,11128,45480,1567,150
3529,8720,45481,11128,45481,1567,150
3529,8720,45482,11128,45482,1567,150
3529,8720,45483,11128,45483,1567,150
3529,8720,45484,11128,45484,1567,150
3529,8720,45485,11128,45485,1567,150
3529,8720,45486,11128,45486,1567,150
3529,8720,45487,11128,45487,1567,150
3529,8720,45488,11128,45488,1567,150
3529,8720,45489,11128,45489,1567,150
3529,8720,45490,11128,45490,1567,150
3529,8720,45491,11128,45491,1567,150
3529,8720,45492,11128,45492,1567,150
3529,8720,45493,11128,45493,1567,150
3530,8720,45494,11128,45494,1567,150
3530,8720,45495,11128,45495,1567,150
3529,8720,45496,11128,45496,1567,150
3528,8720,45497,11128,45497,1567,150
3528,8720,45498,11128,45498,1567,150
3528,8720,45499,11128,45499,1567,150
3526,8720,45500,11128,45500,1567,150
3526,8720,45501,11128,45501,1567,150
3526,8720,45502,11128,45502,1567,150
3527,8720,45503,11128,45503,1567,150
3527,8720,45504,11128,45504,1567,150
3527,8720,45505,11128,45505,1567,150
3527,8720,45506,11128,45506,1567,150
3526,8720,45507,11128,45507,1567,150
3526,8720,45508,11128,45508,1567,150
3526,8720,45509,11128,45509,1567,150
3527,8720,45510,11128,45510,1567,150
3527,8720,45511,11128,45511,1567,150
3527,8720,45512,11128,45512,1567,150
3527,8720,45513,11128,45513,1567,150
3527,8720,45514,11128,45514,1567,150
3527,8720,45515,11128,45515,1567,150
3527,8720,45516,11128,45516,1567,150
3527,8720,45517,11128,45517,1567,150
3527,8720,45518,11128,45518,1567,150
3527,8720,45519,11128,45519,1567,150
3527,8720,45520,11128,45520,1567,150
3527,8720,45521,11128,45521,1567,150
3527,8720,45522,11128,45522,1567,150
3527,8720,45523,11128,45523,1567,150
3527,8720,45524,11128,45524,1567,150
3528,8720,45525,11128,45525,1567,150
3528,8720,45526,11128,45526,1567,150
3529,8720,45527,11128,45527,1567,150
3529,8720,45528,11128,45528,1567,150
3529,8720,45529,11128,45529,1567,150
3529,8720,45530,11128,45530,1567,150
3529,8720,45531,11128,45531,1567,150
3529,8720,45532,11128,45532,1567,150
3529,8720,45533,11128,45533,1567,150
3529,8720,45534,11128,45534,1567,150
3529,8720,45535,11128,45535,1567,150
3529,8720,45536,11128,45536,1567,150
3529,8720,45537,11128,45537,1567,150
3529,8720,45538,11128,45538,1567,150
3529,8720,45539,11128,45539,1567,150
3529,8720,45540,11128,45540,1567,150
3528,8720,45541,11128,45541,1567,149
3528,8720,45542,11128,45542,1567,149
3528,8720,45543,11128,45543,1567,149
3528,8720,45544,11128,45544,1567,149
3528,8720,45545,11128,45545,1567,149
3528,8720,45546,11128,45546,1567,149
3528,8720,45547,11128,45547,1567,149
3528,8720,45548,11128,45548,1567,149
3528,8720,45549,11128,45549,1567,149
3529,8720,45550,11128,45550,1567,149
3529,8720,45551,11128,45551,1567,149
3529,8720,45552,11128,45552,1567,149
3530,8720,45553,11128,45553,1567,149
3530,8720,45554,11128,45554,1567,149
3530,8720,45555,11128,45555,1567,149
3530,8720,45556,11128,45556,1567,149
3530,8720,45557,11128,45557,1567,149
3528,8720,45558,11128,45558,1567,149
3528,8720,45559,11128,45559,1567,149
3528,8720,45560,11128,45560,1567,149
3528,8720,45561,11128,45561,1567,149
3528,8720,45562,11128,45562,1567,149
3528,8720,45563,11128,45563,1567,149
3528,8720,45564,11128,45564,1567,149
3528,8720,45565,11128,45565,1567,149
3528,8720,45566,11128,45566,1567,149
3529,8720,45567,11128,45567,1567,149
3529,8720,45568,11128,45568,1567,149
3529,8720,45569,11128,45569,1567,149
3529,8720,45570,11128,45570,1567,149
3529,8720,45571,11128,45571,1567,149
3529,8720,45572,11128,45572,1567,149
3530,8720,45573,11128,45573,1567,149
3530,8720,45574,11128,45574,1567,149
3530,8720,45575,11128,45575,1567,149
3531,8720,45576,11128,45576,1567,149
3531,8720,45577,11128,45577,1567,149
3530,8720,45578,11128,45578,1567,149
3529,8720,45579,11128,45579,1567,149
3529,8720,45580,11128,45580,1567,149
3529,8720,45581,11128,45581,1567,149
3529,8720,45582,11128,45582,1567,149
3529,8720,45583,11128,45583,1567,149
3529,8720,45584,11128,45584,1567,149
3529,8720,45585,11128,45585,1567,149
3529,8720,45586,11128,45586,1567,149
3529,8720,45587,11128,45587,1567,149
3529,8720,45588,11128,45588,1567,149
3529,8720,45589,11128,45589,1567,149
3529,8720,45590,11128,45590,1567,149
3529,8720,45591,11128,45591,1567,149
3529,8720,45592,11128,45592,1567,149
3529,8720,45593,11128,45593,1567,149
3529,8720,45594,11128,45594,1567,149
3529,8720,45595,11128,45595,1567,149
3529,8720,45596,11128,45596,1567,149
3529,8720,45597,11128,45597,1567,149
3528,8720,45598,11128,45598,1567,149
3528,8720,45599,11128,45599,1567,149
3526,8720,45600,11128,45600,1567,149
3526,8720,45601,11128,45601,1567,149
3526,8720,45602,11128,45602,1567,149
3526,8720,45603,11128,45603,1567,149
3526,8720,45604,11128,45604,1567,149
3526,8720,45605,11128,45605,1567,149
3524,8720,45606,11128,45606,1567,147
3524,8720,45607,11128,45607,1567,147
3523,8720,45608,11128,45608,1567,147
3523,8720,45609,11128,45609,1567,147
3523,8720,45610,11128,45610,1567,147
3522,8720,45611,11128,45611,1567,147
3522,8720,45612,11128,45612,1567,147
3522,8720,45613,11128,45613,1567,147
3522,8720,45614,11128,45614,1567,147
3521,8720,45615,11128,45615,1567,147
3521,8720,45616,11128,45616,1567,147
3521,8720,45617,11128,45617,1567,147
3521,8720,45618,11128,45618,1567,147
3521,8720,45619,11128,45619,1567,147
3521,8720,45620,11128,45620,1567,147
3521,8720,45621,11128,45621,1567,147
3521,8720,45622,11128,45622,1567,147
3520,8720,45623,11128,45623,1567,147
3520,8720,45624,11128,45624,1567,147
3520,8720,45625,11128,45625,1567,147
3520,8720,45626,11128,45626,1567,147
3520,8720,45627,11128,45627,1567,147
3520,8720,45628,11128,45628,1567,147
3520,8720,45629,11128,45629,1567,147
3519,8720,45630,11128,45630,1567,147
3519,8720,45631,11128,45631,1567,147
3519,8720,45632,11128,45632,1567,147
3519,8720,45633,11128,45633,1567,147
3519,8720,45634,11128,45634,1567,147
3519,8720,45635,11128,45635,1567,147
3519,8720,45636,11128,45636,1567,147
3519,8720,45637,11128,45637,1567,147
3519,8720,45638,11128,45638,1567,147
3519,8720,45639,11128,45639,1567,147
3519,8720,45640,11128,45640,1567,147
3517,8720,45641,11128,45641,1567,147
3516,8720,45642,11128,45642,1567,147
3516,8720,45643,11128,45643,1567,147
3516,8720,45644,11128,45644,1567,147
3515,8720,45645,11128,45645,1567,147
3515,8720,45646,11128,45646,1567,147
3515,8720,45647,11128,45647,1567,147
3515,8720,45648,11128,45648,1567,147
3515,8720,45649,11128,45649,1567,147
3515,8720,45650,11128,45650,1567,147
3515,8720,45651,11128,45651,1567,147
3515,8720,45652,11128,45652,1567,147
3515,8720,45653,11128,45653,1567,147
3515,8720,45654,11128,45654,1567,147
3515,8720,45655,11128,45655,1567,147
3514,8720,45656,11128,45656,1567,147
3514,8720,45657,11128,45657,1567,147
3514,8720,45658,11128,45658,1567,147
3514,8720,45659,11128,45659,1567,147
3514,8720,45660,11128,45660,1567,147
3513,8720,45661,11128,45661,1567,147
3513,8720,45662,11128,45662,1567,147
3513,8720,45663,11128,45663,1567,147
3513,8720,45664,11128,45664,1567,147
3513,8720,45665,11128,45665,1567,147
3513,8720,45666,11128,45666,1567,147
3513,8720,45667,11128,45667,1567,147
3513,8720,45668,11128,45668,1567,147
3513,8720,45669,11128,45669,1567,147
3513,8720,45670,11128,45670,1567,147
3513,8720,45671,11128,45671,1567,147
3513,8720,45672,11128,45672,1567,147
3513,8720,45673,11128,45673,1567,147
3513,8720,45674,11128,45674,1567,147
3513,8720,45675,11128,45675,1567,147
3513,8720,45676,11128,45676,1567,147
3513,8720,45677,11128,45677,1567,147
3513,8720,45678,11128,45678,1567,147
3513,8720,45679,11128,45679,1567,147
3513,8720,45680,11128,45680,1567,147
3512,8720,45681,11128,45681,1567,147
3512,8720,45682,11128,45682,1567,147
3513,8720,45683,11128,45683,1567,147
3513,8720,45684,11128,45684,1567,147
3513,8720,45685,11128,45685,1567,147
3513,8720,45686,11128,45686,1567,147
3513,8720,45687,11128,45687,1567,147
3513,8720,45688,11128,45688,1567,147
3513,8720,45689,11128,45689,1567,147
3513,8720,45690,11128,45690,1567,147
3513,8720,45691,11128,45691,1567,147
3514,8720,45692,11128,45692,1567,147
3514,8720,45693,11128,45693,1567,147
3514,8720,45694,11128,45694,1567,147
3515,8720,45695,11128,45695,1567,147
3515,8720,45696,11128,45696,1567,147
3515,8720,45697,11128,45697,1567,147
3515,8720,45698,11128,45698,1567,147
3515,8720,45699,11128,45699,1567,147
3515,8720,45700,11128,45700,1567,147
3516,8720,45701,11128,45701,1567,147
3516,8720,45702,11128,45702,1567,147
3516,8720,45703,11128,45703,1567,147
3516,8720,45704,11128,45704,1567,147
3516,8720,45705,11128,45705,1567,147
3516,8720,45706,11128,45706,1567,147
3516,8720,45707,11128,45707,1567,147
3516,8720,45708,11128,45708,1567,147
3516,8720,45709,11128,45709,1567,147
3516,8720,45710,11128,45710,1567,147
3516,8720,45711,11128,45711,1567,147
3516,8720,45712,11128,45712,1567,147
3515,8720,45713,11128,45713,1567,147
3515,8720,45714,11128,45714,1567,147
3515,8720,45715,11128,45715,1567,147
3515,8720,45716,11128,45716,1567,147
3515,8720,45717,11128,45717,1567,147
3515,8720,45718,11128,45718,1567,147
3515,8720,45719,11128,45719,1567,147
3515,8720,45720,11128,45720,1567,147
3515,8720,45721,11128,45721,1567,147
3515,8720,45722,11128,45722,1567,147
3515,8720,45723,11128,45723,1567,147
3516,8720,45724,11128,45724,1567,147
3516,8720,45725,11128,45725,1567,147
3516,8720,45726,11128,45726,1567,147
3517,8720,45727,11128,45727,1567,147
3517,8720,45728,11128,45728,1567,147
3517,8720,45729,11128,45729,1567,147
3517,8720,45730,11128,45730,1567,147
3517,8720,45731,11128,45731,1567,147
3517,8720,45732,11128,45732,1567,147
3516,8720,45733,11128,45733,1567,147
3516,8720,45734,11128,45734,1567,147
3516,8720,45735,11128,45735,1567,147
3516,8720,45736,11128,45736,1567,147
3516,8720,45737,11128,45737,1567,147
3516,8720,45738,11128,45738,1567,147
3516,8720,45739,11128,45739,1567,147
3516,8720,45740,11128,45740,1567,147
3517,8720,45741,11128,45741,1567,147
3517,8720,45742,11128,45742,1567,147
3517,8720,45743,11128,45743,1567,147
3517,8720,45744,11128,45744,1567,147
3517,8720,45745,11128,45745,1567,147
3517,8720,45746,11128,45746,1567,147
3517,8720,45747,11128,45747,1567,147
3517,8720,45748,11128,45748,1567,147
3517,8720,45749,11128,45749,1567,147
3516,8720,45750,11128,45750,1567,147
3516,8720,45751,11128,45751,1567,147
3516,8720,45752,11128,45752,1567,147
3515,8720,45753,11128,45753,1567,147
3515,8720,45754,11128,45754,1567,147
3515,8720,45755,11128,45755,1567,147
3515,8720,45756,11128,45756,1567,147
3515,8720,45757,11128,45757,1567,147
3515,8720,45758,11128,45758,1567,147
3515,8720,45759,11128,45759,1567,147
3515,8720,45760,11128,45760,1567,147
3515,8720,45761,11128,45761,1567,147
3515,8720,45762,11128,45762,1567,147
3515,8720,45763,11128,45763,1567,147
3515,8720,45764,11128,45764,1567,147
3515,8720,45765,11128,45765,1567,147
3515,8720,45766,11128,45766,1567,147
3516,8720,45767,11128,45767,1567,147
3516,8720,45768,11128,45768,1567,147
3516,8720,45769,11128,45769,1567,147
3516,8720,45770,11128,45770,1567,147
3516,8720,45771,11128,45771,1567,147
3516,8720,45772,11128,45772,1567,147
3516,8720,45773,11128,45773,1567,147
3516,8720,45774,11128,45774,1567,147
3511,8720,45775,11128,45775,1567,142
3511,8720,45776,11128,45776,1567,142
3511,8720,45777,11128,45777,1567,142
3511,8720,45778,11128,45778,1567,142
3511,8720,45779,11128,45779,1567,142
3511,8720,45780,11128,45780,1567,142
3511,8720,45781,11128,45781,1567,142
3511,8720,45782,11128,45782,1567,142
3511,8720,45783,11128,45783,1567,142
3511,8720,45784,11128,45784,1567,142
3511,8720,45785,11128,45785,1567,142
3511,8720,45786,11128,45786,1567,142
3511,8720,45787,11128,45787,1567,142
3511,8720,45788,11128,45788,1567,142
3511,8720,45789,11128,45789,1567,142
3511,8720,45790,11128,45790,1567,142
3511,8720,45791,11128,45791,1567,142
3511,8720,45792,11128,45792,1567,142
3511,8720,45793,11128,45793,1567,142
3511,8720,45794,11128,45794,1567,142
3511,8720,45795,11128,45795,1567,142
3509,8720,45796,11128,45796,1567,142
3509,8720,45797,11128,45797,1567,142
3510,8720,45798,11128,45798,1567,142
3510,8720,45799,11128,45799,1567,142
3510,8720,45800,11128,45800,1567,142
3510,8720,45801,11128,45801,1567,142
3510,8720,45802,11128,45802,1567,142
3510,8720,45803,11128,45803,1567,142
3510,8720,45804,11128,45804,1567,142
3510,8720,45805,11128,45805,1567,142
3511,8720,45806,11128,45806,1567,142
3511,8720,45807,11128,45807,1567,142
3511,8720,45808,11128,45808,1567,142
3511,8720,45809,11128,45809,1567,142
3511,8720,45810,11128,45810,1567,142
3511,8720,45811,11128,45811,1567,142
3511,8720,45812,11128,45812,1567,142
3511,8720,45813,11128,45813,1567,142
3511,8720,45814,11128,45814,1567,142
3511,8720,45815,11128,45815,1567,142
3512,8720,45816,11128,45816,1567,142
3512,8720,45817,11128,45817,1567,142
3512,8720,45818,11128,45818,1567,142
3511,8720,45819,11128,45819,1567,142
3510,8720,45820,11128,45820,1567,142
3510,8720,45821,11128,45821,1567,142
3510,8720,45822,11128,45822,1567,142
3510,8720,45823,11128,45823,1567,142
3510,8720,45824,11128,45824,1567,142
3510,8720,45825,11128,45825,1567,142
3510,8720,45826,11128,45826,1567,142
3510,8720,45827,11128,45827,1567,142
3509,8720,45828,11128,45828,1567,142
3510,8720,45829,11128,45829,1567,142
3510,8720,45830,11128,45830,1567,142
3510,8720,45831,11128,45831,1567,142
3510,8720,45832,11128,45832,1567,142
3510,8720,45833,11128,45833,1567,142
3510,8720,45834,11128,45834,1567,142
3510,8720,45835,11128,45835,1567,142
3510,8720,45836,11128,45836,1567,142
3510,8720,45837,11128,45837,1567,142
3510,8720,45838,11128,45838,1567,142
3510,8720,45839,11128,45839,1567,142
3510,8720,45840,11128,45840,1567,142
3510,8720,45841,11128,45841,1567,142
3511,8720,45842,11128,45842,1567,142
3511,8720,45843,11128,45843,1567,142
3511,8720,45844,11128,45844,1567,142
3511,8720,45845,11128,45845,1567,142
3511,8720,45846,11128,45846,1567,142
3511,8720,45847,11128,45847,1567,142
3511,8720,45848,11128,45848,1567,142
3511,8720,45849,11128,45849,1567,142
3511,8720,45850,11128,45850,1567,142
3511,8720,45851,11128,45851,1567,142
3511,8720,45852,11128,45852,1567,142
3511,8720,45853,11128,45853,1567,142
3511,8720,45854,11128,45854,1567,142
3511,8720,45855,11128,45855,1567,142
3511,8720,45856,11128,45856,1567,142
3511,8720,45857,11128,45857,1567,142
3511,8720,45858,11128,45858,1567,142
3510,8720,45859,11128,45859,1567,142
3510,8720,45860,11128,45860,1567,142
3510,8720,45861,11128,45861,1567,142
3510,8720,45862,11128,45862,1567,142
3510,8720,45863,11128,45863,1567,142
3510,8720,45864,11128,45864,1567,142
3510,8720,45865,11128,45865,1567,142
3510,8720,45866,11128,45866,1567,142
3510,8720,45867,11128,45867,1567,142
3510,8720,45868,11128,45868,1567,142
3510,8720,45869,11128,45869,1567,142
3509,8720,45870,11128,45870,1567,142
3509,8720,45871,11128,45871,1567,142
3509,8720,45872,11128,45872,1567,142
3509,8720,45873,11128,45873,1567,142
3509,8720,45874,11128,45874,1567,142
3509,8720,45875,11128,45875,1567,142
3509,8720,45876,11128,45876,1567,142
3509,8720,45877,11128,45877,1567,142
3509,8720,45878,11128,45878,1567,142
3509,8720,45879,11128,45879,1567,142
3509,8720,45880,11128,45880,1567,142
3509,8720,45881,11128,45881,1567,142
3509,8720,45882,11128,45882,1567,142
3509,8720,45883,11128,45883,1567,142
3509,8720,45884,11128,45884,1567,142
3509,8720,45885,11128,45885,1567,142
3509,8720,45886,11128,45886,1567,142
3509,8720,45887,11128,45887,1567,142
3509,8720,45888,11128,45888,1567,142
3509,8720,45889,11128,45889,1567,142
3509,8720,45890,11128,45890,1567,142
3509,8720,45891,11128,45891,1567,142
3510,8720,45892,11128,45892,1567,142
3509,8720,45893,11128,45893,1567,142
3509,8720,45894,11128,45894,1567,142
3509,8720,45895,11128,45895,1567,142
3509,8720,45896,11128,45896,1567,142
3509,8720,45897,11128,45897,1567,142
3509,8720,45898,11128,45898,1567,142
3510,8720,45899,11128,45899,1567,142
3510,8720,45900,11128,45900,1567,142
3510,8720,45901,11128,45901,1567,142
3510,8720,45902,11128,45902,1567,142
3510,8720,45903,11128,45903,1567,142
3510,8720,45904,11128,45904,1567,142
3510,8720,45905,11128,45905,1567,142
3510,8720,45906,11128,45906,1567,142
3511,8720,45907,11128,45907,1567,142
3511,8720,45908,11128,45908,1567,142
3511,8720,45909,11128,45909,1567,142
3512,8720,45910,11128,45910,1567,142
3512,8720,45911,11128,45911,1567,142
3512,8720,45912,11128,45912,1567,142
3512,8720,45913,11128,45913,1567,142
3512,8720,45914,11128,45914,1567,142
3511,8720,45915,11128,45915,1567,142
3511,8720,45916,11128,45916,1567,142
3511,8720,45917,11128,45917,1567,142
3511,8720,45918,11128,45918,1567,142
3511,8720,45919,11128,45919,1567,142
3511,8720,45920,11128,45920,1567,142
3511,8720,45921,11128,45921,1567,142
3512,8720,45922,11128,45922,1567,142
3512,8720,45923,11128,45923,1567,142
3512,8720,45924,11128,45924,1567,142
3512,8720,45925,11128,45925,1567,142
3513,8720,45926,11128,45926,1567,142
3513,8720,45927,11128,45927,1567,142
3513,8720,45928,11128,45928,1567,142
3513,8720,45929,11128,45929,1567,142
3513,8720,45930,11128,45930,1567,142
3513,8720,45931,11128,45931,1567,142
3513,8720,45932,11128,45932,1567,142
3513,8720,45933,11128,45933,1567,142
3513,8720,45934,11128,45934,1567,142
3513,8720,45935,11128,45935,1567,142
3513,8720,45936,11128,45936,1567,142
3513,8720,45937,11128,45937,1567,142
3513,8720,45938,11128,45938,1567,142
3513,8720,45939,11128,45939,1567,142
3513,8720,45940,11128,45940,1567,142
3513,8720,45941,11128,45941,1567,142
3512,8720,45942,11128,45942,1567,142
3512,8720,45943,11128,45943,1567,142
3512,8720,45944,11128,45944,1567,142
3512,8720,45945,11128,45945,1567,142
3512,8720,45946,11128,45946,1567,142
3511,8720,45947,11128,45947,1567,142
3511,8720,45948,11128,45948,1567,142
3511,8720,45949,11128,45949,1567,142
3511,8720,45950,11128,45950,1567,142
3511,8720,45951,11128,45951,1567,142
3511,8720,45952,11128,45952,1567,142
3511,8720,45953,11128,45953,1567,142
3511,8720,45954,11128,45954,1567,142
3511,8720,45955,11128,45955,1567,142
3511,8720,45956,11128,45956,1567,142
3509,8720,45957,11128,45957,1567,142
3509,8720,45958,11128,45958,1567,142
3509,8720,45959,11128,45959,1567,142
3509,8720,45960,11128,45960,1567,142
3509,8720,45961,11128,45961,1567,142
3509,8720,45962,11128,45962,1567,142
3509,8720,45963,11128,45963,1567,142
3509,8720,45964,11128,45964,1567,142
3509,8720,45965,11128,45965,1567,142
3509,8720,45966,11128,45966,1567,142
3509,8720,45967,11128,45967,1567,142
3509,8720,45968,11128,45968,1567,142
3509,8720,45969,11128,45969,1567,142
3510,8720,45970,11128,45970,1567,142
3510,8720,45971,11128,45971,1567,142
3510,8720,45972,11128,45972,1567,142
3510,8720,45973,11128,45973,1567,142
3510,8720,45974,11128,45974,1567,142
3510,8720,45975,11128,45975,1567,142
3510,8720,45976,11128,45976,1567,142
3510,8720,45977,11128,45977,1567,142
3510,8720,45978,11128,45978,1567,142
3510,8720,45979,11128,45979,1567,142
3510,8720,45980,11128,45980,1567,142
3510,8720,45981,11128,45981,1567,142
3510,8720,45982,11128,45982,1567,142
3510,8720,45983,11128,45983,1567,142
3510,8720,45984,11128,45984,1567,142
3509,8720,45985,11128,45985,1567,141
3509,8720,45986,11128,45986,1567,141
3509,8720,45987,11128,45987,1567,141
3509,8720,45988,11128,45988,1567,141
3509,8720,45989,11128,45989,1567,141
3510,8720,45990,11128,45990,1567,141
3510,8720,45991,11128,45991,1567,141
3510,8720,45992,11128,45992,1567,141
3510,8720,45993,11128,45993,1567,141
3510,8720,45994,11128,45994,1567,141
3510,8720,45995,11128,45995,1567,141
3511,8720,45996,11128,45996,1567,141
3510,8720,45997,11128,45997,1567,141
3510,8720,45998,11128,45998,1567,141
3510,8720,45999,11128,45999,1567,141
3510,8720,46000,11128,46000,1567,141
3510,8720,46001,11128,46001,1567,141
3510,8720,46002,11128,46002,1567,141
3509,8720,46003,11128,46003,1567,141
3509,8720,46004,11128,46004,1567,141
3509,8720,46005,11128,46005,1567,141
3509,8720,46006,11128,46006,1567,141
3510,8720,46007,11128,46007,1567,141
3509,8720,46008,11128,46008,1567,141
3509,8720,46009,11128,46009,1567,141
3509,8720,46010,11128,46010,1567,141
3509,8720,46011,11128,46011,1567,141
3510,8720,46012,11128,46012,1567,141
3510,8720,46013,11128,46013,1567,141
3510,8720,46014,11128,46014,1567,141
3510,8720,46015,11128,46015,1567,141
3511,8720,46016,11128,46016,1567,141
3510,8720,46017,11128,46017,1567,141
3510,8720,46018,11128,46018,1567,141
3510,8720,46019,11128,46019,1567,141
3510,8720,46020,11128,46020,1567,141
3510,8720,46021,11128,46021,1567,141
3510,8720,46022,11128,46022,1567,141
3510,8720,46023,11128,46023,1567,141
3510,8720,46024,11128,46024,1567,141
3510,8720,46025,11128,46025,1567,141
3510,8720,46026,11128,46026,1567,141
3510,8720,46027,11128,46027,1567,141
3510,8720,46028,11128,46028,1567,141
3510,8720,46029,11128,46029,1567,141
3510,8720,46030,11128,46030,1567,141
3510,8720,46031,11128,46031,1567,141
3510,8720,46032,11128,46032,1567,141
3510,8720,46033,11128,46033,1567,141
3510,8720,46034,11128,46034,1567,141
3510,8720,46035,11128,46035,1567,141
3510,8720,46036,11128,46036,1567,141
3509,8720,46037,11128,46037,1567,141
3509,8720,46038,11128,46038,1567,141
3509,8720,46039,11128,46039,1567,141
3509,8720,46040,11128,46040,1567,141
3509,8720,46041,11128,46041,1567,141
3509,8720,46042,11128,46042,1567,141
3508,8720,46043,11128,46043,1567,141
3507,8720,46044,11128,46044,1567,141
3507,8720,46045,11128,46045,1567,141
3507,8720,46046,11128,46046,1567,141
3507,8720,46047,11128,46047,1567,141
3507,8720,46048,11128,46048,1567,141
3507,8720,46049,11128,46049,1567,141
3507,8720,46050,11128,46050,1567,141
3507,8720,46051,11128,46051,1567,141
3508,8720,46052,11128,46052,1567,141
3508,8720,46053,11128,46053,1567,141
3509,8720,46054,11128,46054,1567,141
3509,8720,46055,11128,46055,1567,141
3509,8720,46056,11128,46056,1567,141
3509,8720,46057,11128,46057,1567,141
3509,8720,46058,11128,46058,1567,141
3509,8720,46059,11128,46059,1567,141
3509,8720,46060,11128,46060,1567,141
3509,8720,46061,11128,46061,1567,141
3509,8720,46062,11128,46062,1567,141
3509,8720,46063,11128,46063,1567,141
3509,8720,46064,11128,46064,1567,141
3509,8720,46065,11128,46065,1567,141
3509,8720,46066,11128,46066,1567,141
3509,8720,46067,11128,46067,1567,141
3509,8720,46068,11128,46068,1567,141
3509,8720,46069,11128,46069,1567,141
3509,8720,46070,11128,46070,1567,141
3508,8720,46071,11128,46071,1567,141
3508,8720,46072,11128,46072,1567,141
3508,8720,46073,11128,46073,1567,141
3508,8720,46074,11128,46074,1567,141
3508,8720,46075,11128,46075,1567,141
3508,8720,46076,11128,46076,1567,141
3508,8720,46077,11128,46077,1567,141
3508,8720,46078,11128,46078,1567,141
3508,8720,46079,11128,46079,1567,141
3508,8720,46080,11128,46080,1567,141
3508,8720,46081,11128,46081,1567,141
3508,8720,46082,11128,46082,1567,141
3508,8720,46083,11128,46083,1567,141
3508,8720,46084,11128,46084,1567,141
3508,8720,46085,11128,46085,1567,141
3508,8720,46086,11128,46086,1567,141
3509,8720,46087,11128,46087,1567,141
3509,8720,46088,11128,46088,1567,141
3509,8720,46089,11128,46089,1567,141
3509,8720,46090,11128,46090,1567,141
3508,8720,46091,11128,46091,1567,141
3508,8720,46092,11128,46092,1567,141
3508,8720,46093,11128,46093,1567,141
3508,8720,46094,11128,46094,1567,141
3508,8720,46095,11128,46095,1567,141
3509,8720,46096,11128,46096,1567,141
3509,8720,46097,11128,46097,1567,141
3509,8720,46098,11128,46098,1567,141
3509,8720,46099,11128,46099,1567,141
3509,8720,46100,11128,46100,1567,141
3509,8720,46101,11128,46101,1567,141
3509,8720,46102,11128,46102,1567,141
3509,8720,46103,11128,46103,1567,141
3508,8720,46104,11128,46104,1567,141
3508,8720,46105,11128,46105,1567,141
3508,8720,46106,11128,46106,1567,141
3508,8720,46107,11128,46107,1567,141
3508,8720,46108,11128,46108,1567,141
3508,8720,46109,11128,46109,1567,141
3508,8720,46110,11128,46110,1567,141
3508,8720,46111,11128,46111,1567,141
3508,8720,46112,11128,46112,1567,141
3509,8720,46113,11128,46113,1567,141
3509,8720,46114,11128,46114,1567,141
3509,8720,46115,11128,46115,1567,141
3509,8720,46116,11128,46116,1567,141
3509,8720,46117,11128,46117,1567,141
3509,8720,46118,11128,46118,1567,141
3509,8720,46119,11128,46119,1567,141
3509,8720,46120,11128,46120,1567,141
3509,8720,46121,11128,46121,1567,141
3509,8720,46122,11128,46122,1567,141
3509,8720,46123,11128,46123,1567,141
3509,8720,46124,11128,46124,1567,141
3509,8720,46125,11128,46125,1567,141
3509,8720,46126,11128,46126,1567,141
3509,8720,46127,11128,46127,1567,141
3509,8720,46128,11128,46128,1567,141
3509,8720,46129,11128,46129,1567,141
3509,8720,46130,11128,46130,1567,141
3509,8720,46131,11128,46131,1567,141
3509,8720,46132,11128,46132,1567,141
3509,8720,46133,11128,46133,1567,141
3508,8720,46134,11128,46134,1567,141
3508,8720,46135,11128,46135,1567,141
3508,8720,46136,11128,46136,1567,141
3508,8720,46137,11128,46137,1567,141
3507,8720,46138,11128,46138,1567,141
3507,8720,46139,11128,46139,1567,141
3507,8720,46140,11128,46140,1567,141
3507,8720,46141,11128,46141,1567,141
3507,8720,46142,11128,46142,1567,141
3507,8720,46143,11128,46143,1567,141
3507,8720,46144,11128,46144,1567,141
3507,8720,46145,11128,46145,1567,141
3506,8720,46146,11128,46146,1567,141
3506,8720,46147,11128,46147,1567,141
3506,8720,46148,11128,46148,1567,141
3506,8720,46149,11128,46149,1567,141
3506,8720,46150,11128,46150,1567,141
3506,8720,46151,11128,46151,1567,141
3506,8720,46152,11128,46152,1567,141
3506,8720,46153,11128,46153,1567,141
3506,8720,46154,11128,46154,1567,141
3506,8720,46155,11128,46155,1567,141
3506,8720,46156,11128,46156,1567,141
3506,8720,46157,11128,46157,1567,141
3506,8720,46158,11128,46158,1567,141
3506,8720,46159,11128,46159,1567,141
3506,8720,46160,11128,46160,1567,141
3506,8720,46161,11128,46161,1567,141
3506,8720,46162,11128,46162,1567,141
3506,8720,46163,11128,46163,1567,141
3506,8720,46164,11128,46164,1567,141
3506,8720,46165,11128,46165,1567,141
3506,8720,46166,11128,46166,1567,141
3506,8720,46167,11128,46167,1567,141
3506,8720,46168,11128,46168,1567,141
3506,8720,46169,11128,46169,1567,141
3506,8720,46170,11128,46170,1567,141
3506,8720,46171,11128,46171,1567,141
3505,8720,46172,11128,46172,1567,141
3505,8720,46173,11128,46173,1567,141
3505,8720,46174,11128,46174,1567,141
3505,8720,46175,11128,46175,1567,141
3505,8720,46176,11128,46176,1567,141
3505,8720,46177,11128,46177,1567,141
3505,8720,46178,11128,46178,1567,141
3506,8720,46179,11128,46179,1567,141
3506,8720,46180,11128,46180,1567,141
3506,8720,46181,11128,46181,1567,141
3506,8720,46182,11128,46182,1567,141
3506,8720,46183,11128,46183,1567,141
3506,8720,46184,11128,46184,1567,141
3506,8720,46185,11128,46185,1567,141
3506,8720,46186,11128,46186,1567,141
3506,8720,46187,11128,46187,1567,141
3506,8720,46188,11128,46188,1567,141
3507,8720,46189,11128,46189,1567,141
3507,8720,46190,11128,46190,1567,141
3507,8720,46191,11128,46191,1567,141
3507,8720,46192,11128,46192,1567,141
3507,8720,46193,11128,46193,1567,141
3507,8720,46194,11128,46194,1567,141
3507,8720,46195,11128,46195,1567,141
3507,8720,46196,11128,46196,1567,141
3507,8720,46197,11128,46197,1567,141
3507,8720,46198,11128,46198,1567,141
3507,8720,46199,11128,46199,1567,141
3508,8720,46200,11128,46200,1567,141
3508,8720,46201,11128,46201,1567,141
3508,8720,46202,11128,46202,1567,141
3508,8720,46203,11128,46203,1567,141
3508,8720,46204,11128,46204,1567,141
3508,8720,46205,11128,46205,1567,141
3508,8720,46206,11128,46206,1567,141
3508,8720,46207,11128,46207,1567,141
3508,8720,46208,11128,46208,1567,141
3509,8720,46209,11128,46209,1567,141
3509,8720,46210,11128,46210,1567,141
3509,8720,46211,11128,46211,1567,141
3509,8720,46212,11128,46212,1567,141
3509,8720,46213,11128,46213,1567,141
3509,8720,46214,11128,46214,1567,141
3509,8720,46215,11128,46215,1567,141
3509,8720,46216,11128,46216,1567,141
3509,8720,46217,11128,46217,1567,141
3509,8720,46218,11128,46218,1567,141
3509,8720,46219,11128,46219,1567,141
3509,8720,46220,11128,46220,1567,141
3509,8720,46221,11128,46221,1567,141
3509,8720,46222,11128,46222,1567,141
3509,8720,46223,11128,46223,1567,141
3509,8720,46224,11128,46224,1567,141
3509,8720,46225,11128,46225,1567,141
3509,8720,46226,11128,46226,1567,141
3509,8720,46227,11128,46227,1567,141
3509,8720,46228,11128,46228,1567,141
3509,8720,46229,11128,46229,1567,141
3509,8720,46230,11128,46230,1567,141
3509,8720,46231,11128,46231,1567,141
3509,8720,46232,11128,46232,1567,141
3508,8720,46233,11128,46233,1567,141
3508,8720,46234,11128,46234,1567,141
3508,8720,46235,11128,46235,1567,141
3509,8720,46236,11128,46236,1567,141
3509,8720,46237,11128,46237,1567,141
3509,8720,46238,11128,46238,1567,141
3509,8720,46239,11128,46239,1567,141
3509,8720,46240,11128,46240,1567,141
3509,8720,46241,11128,46241,1567,141
3509,8720,46242,11128,46242,1567,141
3509,8720,46243,11128,46243,1567,141
3509,8720,46244,11128,46244,1567,141
3509,8720,46245,11128,46245,1567,141
3509,8720,46246,11128,46246,1567,141
3509,8720,46247,11128,46247,1567,141
3509,8720,46248,11128,46248,1567,141
3509,8720,46249,11128,46249,1567,141
3509,8720,46250,11128,46250,1567,141
3509,8720,46251,11128,46251,1567,141
3509,8720,46252,11128,46252,1567,141
3509,8720,46253,11128,46253,1567,141
3509,8720,46254,11128,46254,1567,141
3509,8720,46255,11128,46255,1567,141
3509,8720,46256,11128,46256,1567,141
3510,8720,46257,11128,46257,1567,141
3510,8720,46258,11128,46258,1567,141
3511,8720,46259,11128,46259,1567,141
3511,8720,46260,11128,46260,1567,141
3511,8720,46261,11128,46261,1567,141
3511,8720,46262,11128,46262,1567,141
3512,8720,46263,11128,46263,1567,141
3512,8720,46264,11128,46264,1567,141
3511,8720,46265,11128,46265,1567,141
3512,8720,46266,11128,46266,1567,141
3512,8720,46267,11128,46267,1567,141
3513,8720,46268,11128,46268,1567,141
3513,8720,46269,11128,46269,1567,141
3513,8720,46270,11128,46270,1567,141
3512,8720,46271,11128,46271,1567,141
3512,8720,46272,11128,46272,1567,141
3512,8720,46273,11128,46273,1567,141
3512,8720,46274,11128,46274,1567,141
3512,8720,46275,11128,46275,1567,141
3512,8720,46276,11128,46276,1567,141
3512,8720,46277,11128,46277,1567,141
3512,8720,46278,11128,46278,1567,141
3512,8720,46279,11128,46279,1567,141
3511,8720,46280,11128,46280,1567,141
3509,8720,46281,11128,46281,1567,140
3509,8720,46282,11128,46282,1567,140
3509,8720,46283,11128,46283,1567,140
3510,8720,46284,11128,46284,1567,140
3510,8720,46285,11128,46285,1567,140
3510,8720,46286,11128,46286,1567,140
3509,8720,46287,11128,46287,1567,140
3509,8720,46288,11128,46288,1567,140
3509,8720,46289,11128,46289,1567,140
3509,8720,46290,11128,46290,1567,140
3509,8720,46291,11128,46291,1567,140
3509,8720,46292,11128,46292,1567,140
3509,8720,46293,11128,46293,1567,140
3509,8720,46294,11128,46294,1567,140
3509,8720,46295,11128,46295,1567,140
3510,8720,46296,11128,46296,1567,140
3510,8720,46297,11128,46297,1567,140
3510,8720,46298,11128,46298,1567,140
3510,8720,46299,11128,46299,1567,140
3510,8720,46300,11128,46300,1567,140
3510,8720,46301,11128,46301,1567,140
3510,8720,46302,11128,46302,1567,140
3510,8720,46303,11128,46303,1567,140
3510,8720,46304,11128,46304,1567,140
3510,8720,46305,11128,46305,1567,140
3510,8720,46306,11128,46306,1567,140
3511,8720,46307,11128,46307,1567,140
3511,8720,46308,11128,46308,1567,140
3511,8720,46309,11128,46309,1567,140
3510,8720,46310,11128,46310,1567,140
3510,8720,46311,11128,46311,1567,140
3510,8720,46312,11128,46312,1567,140
3509,8720,46313,11128,46313,1567,140
3509,8720,46314,11128,46314,1567,140
3509,8720,46315,11128,46315,1567,140
3509,8720,46316,11128,46316,1567,140
3507,8720,46317,11128,46317,1567,140
3507,8720,46318,11128,46318,1567,140
3507,8720,46319,11128,46319,1567,140
3507,8720,46320,11128,46320,1567,140
3507,8720,46321,11128,46321,1567,140
3507,8720,46322,11128,46322,1567,140
3507,8720,46323,11128,46323,1567,140
3507,8720,46324,11128,46324,1567,140
3507,8720,46325,11128,46325,1567,140
3507,8720,46326,11128,46326,1567,140
3507,8720,46327,11128,46327,1567,140
3507,8720,46328,11128,46328,1567,140
3507,8720,46329,11128,46329,1567,140
3507,8720,46330,11128,46330,1567,140
3506,8720,46331,11128,46331,1567,140
3506,8720,46332,11128,46332,1567,140
3507,8720,46333,11128,46333,1567,140
3507,8720,46334,11128,46334,1567,140
3507,8720,46335,11128,46335,1567,140
3507,8720,46336,11128,46336,1567,140
3507,8720,46337,11128,46337,1567,140
3507,8720,46338,11128,46338,1567,140
3507,8720,46339,11128,46339,1567,140
3507,8720,46340,11128,46340,1567,140
3507,8720,46341,11128,46341,1567,140
3507,8720,46342,11128,46342,1567,140
3507,8720,46343,11128,46343,1567,140
3507,8720,46344,11128,46344,1567,140
3507,8720,46345,11128,46345,1567,140
3507,8720,46346,11128,46346,1567,140
3507,8720,46347,11128,46347,1567,140
3504,8720,46348,11128,46348,1567,140
3505,8720,46349,11128,46349,1567,140
3505,8720,46350,11128,46350,1567,140
3505,8720,46351,11128,46351,1567,140
3505,8720,46352,11128,46352,1567,140
3505,8720,46353,11128,46353,1567,140
3505,8720,46354,11128,46354,1567,140
3505,8720,46355,11128,46355,1567,140
3505,8720,46356,11128,46356,1567,140
3505,8720,46357,11128,46357,1567,140
3505,8720,46358,11128,46358,1567,140
3505,8720,46359,11128,46359,1567,140
3505,8720,46360,11128,46360,1567,140
3505,8720,46361,11128,46361,1567,140
3505,8720,46362,11128,46362,1567,140
3505,8720,46363,11128,46363,1567,140
3505,8720,46364,11128,46364,1567,140
3505,8720,46365,11128,46365,1567,140
3505,8720,46366,11128,46366,1567,140
3505,8720,46367,11128,46367,1567,140
3505,8720,46368,11128,46368,1567,140
3505,8720,46369,11128,46369,1567,140
3505,8720,46370,11128,46370,1567,140
3505,8720,46371,11128,46371,1567,140
3505,8720,46372,11128,46372,1567,140
3505,8720,46373,11128,46373,1567,140
3505,8720,46374,11128,46374,1567,140
3505,8720,46375,11128,46375,1567,140
3505,8720,46376,11128,46376,1567,140
3505,8720,46377,11128,46377,1567,140
3505,8720,46378,11128,46378,1567,140
3505,8720,46379,11128,46379,1567,140
3505,8720,46380,11128,46380,1567,140
3505,8720,46381,11128,46381,1567,140
3505,8720,46382,11128,46382,1567,140
3505,8720,46383,11128,46383,1567,140
3504,8720,46384,11128,46384,1567,140
3504,8720,46385,11128,46385,1567,140
3504,8720,46386,11128,46386,1567,140
3504,8720,46387,11128,46387,1567,140
3504,8720,46388,11128,46388,1567,140
3504,8720,46389,11128,46389,1567,140
3504,8720,46390,11128,46390,1567,140
3504,8720,46391,11128,46391,1567,140
3504,8720,46392,11128,46392,1567,140
3504,8720,46393,11128,46393,1567,140
3504,8720,46394,11128,46394,1567,140
3504,8720,46395,11128,46395,1567,140
3504,8720,46396,11128,46396,1567,140
3504,8720,46397,11128,46397,1567,140
3503,8720,46398,11128,46398,1567,140
3503,8720,46399,11128,46399,1567,140
3503,8720,46400,11128,46400,1567,140
3503,8720,46401,11128,46401,1567,140
3503,8720,46402,11128,46402,1567,140
3502,8720,46403,11128,46403,1567,140
3502,8720,46404,11128,46404,1567,140
3502,8720,46405,11128,46405,1567,140
3502,8720,46406,11128,46406,1567,140
3502,8720,46407,11128,46407,1567,140
3502,8720,46408,11128,46408,1567,140
3502,8720,46409,11128,46409,1567,140
3502,8720,46410,11128,46410,1567,140
3502,8720,46411,11128,46411,1567,140
3502,8720,46412,11128,46412,1567,140
3502,8720,46413,11128,46413,1567,140
3502,8720,46414,11128,46414,1567,140
3502,8720,46415,11128,46415,1567,140
3502,8720,46416,11128,46416,1567,140
3503,8720,46417,11128,46417,1567,140
3503,8720,46418,11128,46418,1567,140
3503,8720,46419,11128,46419,1567,140
3503,8720,46420,11128,46420,1567,140
3503,8720,46421,11128,46421,1567,140
3504,8720,46422,11128,46422,1567,140
3504,8720,46423,11128,46423,1567,140
3504,8720,46424,11128,46424,1567,140
3504,8720,46425,11128,46425,1567,140
3504,8720,46426,11128,46426,1567,140
3504,8720,46427,11128,46427,1567,140
3504,8720,46428,11128,46428,1567,140
3504,8720,46429,11128,46429,1567,140
3504,8720,46430,11128,46430,1567,140
3504,8720,46431,11128,46431,1567,140
3504,8720,46432,11128,46432,1567,140
3504,8720,46433,11128,46433,1567,140
3504,8720,46434,11128,46434,1567,140
3504,8720,46435,11128,46435,1567,140
3504,8720,46436,11128,46436,1567,140
3504,8720,46437,11128,46437,1567,140
3503,8720,46438,11128,46438,1567,140
3503,8720,46439,11128,46439,1567,140
3503,8720,46440,11128,46440,1567,140
3502,8720,46441,11128,46441,1567,140
3502,8720,46442,11128,46442,1567,140
3502,8720,46443,11128,46443,1567,140
3503,8720,46444,11128,46444,1567,140
3503,8720,46445,11128,46445,1567,140
3503,8720,46446,11128,46446,1567,140
3503,8720,46447,11128,46447,1567,140
3504,8720,46448,11128,46448,1567,140
3504,8720,46449,11128,46449,1567,140
3504,8720,46450,11128,46450,1567,140
3504,8720,46451,11128,46451,1567,140
3504,8720,46452,11128,46452,1567,140
3504,8720,46453,11128,46453,1567,140
3504,8720,46454,11128,46454,1567,140
3504,8720,46455,11128,46455,1567,140
3504,8720,46456,11128,46456,1567,140
3504,8720,46457,11128,46457,1567,140
3504,8720,46458,11128,46458,1567,140
3505,8720,46459,11128,46459,1567,140
3505,8720,46460,11128,46460,1567,140
3505,8720,46461,11128,46461,1567,140
3505,8720,46462,11128,46462,1567,140
3505,8720,46463,11128,46463,1567,140
3505,8720,46464,11128,46464,1567,140
3505,8720,46465,11128,46465,1567,140
3505,8720,46466,11128,46466,1567,140
3505,8720,46467,11128,46467,1567,140
3505,8720,46468,11128,46468,1567,140
3505,8720,46469,11128,46469,1567,140
3505,8720,46470,11128,46470,1567,140
3505,8720,46471,11128,46471,1567,140
3505,8720,46472,11128,46472,1567,140
3505,8720,46473,11128,46473,1567,140
3505,8720,46474,11128,46474,1567,140
3505,8720,46475,11128,46475,1567,140
3505,8720,46476,11128,46476,1567,140
3505,8720,46477,11128,46477,1567,140
3505,8720,46478,11128,46478,1567,140
3505,8720,46479,11128,46479,1567,140
3505,8720,46480,11128,46480,1567,140
3505,8720,46481,11128,46481,1567,140
3505,8720,46482,11128,46482,1567,140
3505,8720,46483,11128,46483,1567,140
3505,8720,46484,11128,46484,1567,140
3505,8720,46485,11128,46485,1567,140
3505,8720,46486,11128,46486,1567,140
3505,8720,46487,11128,46487,1567,140
3505,8720,46488,11128,46488,1567,140
3505,8720,46489,11128,46489,1567,140
3505,8720,46490,11128,46490,1567,140
3505,8720,46491,11128,46491,1567,140
3505,8720,46492,11128,46492,1567,140
3505,8720,46493,11128,46493,1567,140
3505,8720,46494,11128,46494,1567,140
3505,8720,46495,11128,46495,1567,140
3506,8720,46496,11128,46496,1567,140
3506,8720,46497,11128,46497,1567,140
3506,8720,46498,11128,46498,1567,140
3504,8720,46499,11128,46499,1567,140
3505,8720,46500,11128,46500,1567,140
3505,8720,46501,11128,46501,1567,140
3505,8720,46502,11128,46502,1567,140
3505,8720,46503,11128,46503,1567,140
3505,8720,46504,11128,46504,1567,140
3506,8720,46505,11128,46505,1567,140
3506,8720,46506,11128,46506,1567,140
3506,8720,46507,11128,46507,1567,140
3506,8720,46508,11128,46508,1567,140
3506,8720,46509,11128,46509,1567,140
3505,8720,46510,11128,46510,1567,140
3505,8720,46511,11128,46511,1567,140
3505,8720,46512,11128,46512,1567,140
3505,8720,46513,11128,46513,1567,140
3505,8720,46514,11128,46514,1567,140
3505,8720,46515,11128,46515,1567,140
3505,8720,46516,11128,46516,1567,140
3505,8720,46517,11128,46517,1567,140
3505,8720,46518,11128,46518,1567,140
3506,8720,46519,11128,46519,1567,140
3505,8720,46520,11128,46520,1567,140
3505,8720,46521,11128,46521,1567,140
3505,8720,46522,11128,46522,1567,140
3505,8720,46523,11128,46523,1567,140
3505,8720,46524,11128,46524,1567,140
3505,8720,46525,11128,46525,1567,140
3505,8720,46526,11128,46526,1567,140
3506,8720,46527,11128,46527,1567,140
3506,8720,46528,11128,46528,1567,140
3505,8720,46529,11128,46529,1567,140
3506,8720,46530,11128,46530,1567,140
3506,8720,46531,11128,46531,1567,140
3506,8720,46532,11128,46532,1567,140
3506,8720,46533,11128,46533,1567,140
3506,8720,46534,11128,46534,1567,140
3506,8720,46535,11128,46535,1567,140
3506,8720,46536,11128,46536,1567,140
3506,8720,46537,11128,46537,1567,140
3506,8720,46538,11128,46538,1567,140
3506,8720,46539,11128,46539,1567,140
3506,8720,46540,11128,46540,1567,140
3506,8720,46541,11128,46541,1567,140
3506,8720,46542,11128,46542,1567,140
3506,8720,46543,11128,46543,1567,140
3506,8720,46544,11128,46544,1567,140
3506,8720,46545,11128,46545,1567,140
3506,8720,46546,11128,46546,1567,140
3506,8720,46547,11128,46547,1567,140
3506,8720,46548,11128,46548,1567,140
3506,8720,46549,11128,46549,1567,140
3506,8720,46550,11128,46550,1567,140
3506,8720,46551,11128,46551,1567,140
3506,8720,46552,11128,46552,1567,140
3506,8720,46553,11128,46553,1567,140
3506,8720,46554,11128,46554,1567,140
3506,8720,46555,11128,46555,1567,140
3506,8720,46556,11128,46556,1567,140
3506,8720,46557,11128,46557,1567,140
3506,8720,46558,11128,46558,1567,140
3506,8720,46559,11128,46559,1567,140
3506,8720,46560,11128,46560,1567,140
3506,8720,46561,11128,46561,1567,140
3506,8720,46562,11128,46562,1567,140
3506,8720,46563,11128,46563,1567,140
3506,8720,46564,11128,46564,1567,140
3506,8720,46565,11128,46565,1567,140
3505,8720,46566,11128,46566,1567,140
3505,8720,46567,11128,46567,1567,140
3505,8720,46568,11128,46568,1567,140
3504,8720,46569,11128,46569,1567,140
3504,8720,46570,11128,46570,1567,140
3504,8720,46571,11128,46571,1567,140
3504,8720,46572,11128,46572,1567,140
3504,8720,46573,11128,46573,1567,140
3504,8720,46574,11128,46574,1567,140
3504,8720,46575,11128,46575,1567,140
3503,8720,46576,11128,46576,1567,140
3503,8720,46577,11128,46577,1567,140
3503,8720,46578,11128,46578,1567,140
3504,8720,46579,11128,46579,1567,140
3504,8720,46580,11128,46580,1567,140
3504,8720,46581,11128,46581,1567,140
3504,8720,46582,11128,46582,1567,140
3504,8720,46583,11128,46583,1567,140
3504,8720,46584,11128,46584,1567,140
3504,8720,46585,11128,46585,1567,140
3504,8720,46586,11128,46586,1567,140
3503,8720,46587,11128,46587,1567,140
3503,8720,46588,11128,46588,1567,140
3503,8720,46589,11128,46589,1567,140
3503,8720,46590,11128,46590,1567,140
3503,8720,46591,11128,46591,1567,140
3503,8720,46592,11128,46592,1567,140
3503,8720,46593,11128,46593,1567,140
3502,8720,46594,11128,46594,1567,140
3502,8720,46595,11128,46595,1567,140
3502,8720,46596,11128,46596,1567,140
3502,8720,46597,11128,46597,1567,140
3502,8720,46598,11128,46598,1567,140
3502,8720,46599,11128,46599,1567,140
3501,8720,46600,11128,46600,1567,140
3501,8720,46601,11128,46601,1567,140
3501,8720,46602,11128,46602,1567,140
3501,8720,46603,11128,46603,1567,140
3501,8720,46604,11128,46604,1567,140
3501,8720,46605,11128,46605,1567,140
3502,8720,46606,11128,46606,1567,140
3502,8720,46607,11128,46607,1567,140
3502,8720,46608,11128,46608,1567,140
3502,8720,46609,11128,46609,1567,140
3502,8720,46610,11128,46610,1567,140
3502,8720,46611,11128,46611,1567,140
3502,8720,46612,11128,46612,1567,140
3502,8720,46613,11128,46613,1567,140
3502,8720,46614,11128,46614,1567,140
3502,8720,46615,11128,46615,1567,140
3502,8720,46616,11128,46616,1567,140
3502,8720,46617,11128,46617,1567,140
3502,8720,46618,11128,46618,1567,140
3501,8720,46619,11128,46619,1567,140
3501,8720,46620,11128,46620,1567,140
3501,8720,46621,11128,46621,1567,140
3501,8720,46622,11128,46622,1567,140
3501,8720,46623,11128,46623,1567,140
3500,8720,46624,11128,46624,1567,140
3500,8720,46625,11128,46625,1567,140
3500,8720,46626,11128,46626,1567,140
3500,8720,46627,11128,46627,1567,140
3499,8720,46628,11128,46628,1567,140
3499,8720,46629,11128,46629,1567,140
3499,8720,46630,11128,46630,1567,140
3499,8720,46631,11128,46631,1567,140
3499,8720,46632,11128,46632,1567,140
3499,8720,46633,11128,46633,1567,140
3499,8720,46634,11128,46634,1567,140
3499,8720,46635,11128,46635,1567,140
3499,8720,46636,11128,46636,1567,140
3498,8720,46637,11128,46637,1567,140
3498,8720,46638,11128,46638,1567,140
3498,8720,46639,11128,46639,1567,140
3498,8720,46640,11128,46640,1567,140
3498,8720,46641,11128,46641,1567,140
3498,8720,46642,11128,46642,1567,140
3498,8720,46643,11128,46643,1567,140
3498,8720,46644,11128,46644,1567,140
3498,8720,46645,11128,46645,1567,140
3499,8720,46646,11128,46646,1567,140
3499,8720,46647,11128,46647,1567,140
3499,8720,46648,11128,46648,1567,140
3499,8720,46649,11128,46649,1567,140
3499,8720,46650,11128,46650,1567,140
3499,8720,46651,11128,46651,1567,140
3499,8720,46652,11128,46652,1567,140
3499,8720,46653,11128,46653,1567,140
3499,8720,46654,11128,46654,1567,140
3499,8720,46655,11128,46655,1567,140
3498,8720,46656,11128,46656,1567,140
3498,8720,46657,11128,46657,1567,140
3498,8720,46658,11128,46658,1567,140
3498,8720,46659,11128,46659,1567,140
3497,8720,46660,11128,46660,1567,140
3497,8720,46661,11128,46661,1567,140
3497,8720,46662,11128,46662,1567,140
3498,8720,46663,11128,46663,1567,140
3498,8720,46664,11128,46664,1567,140
3498,8720,46665,11128,46665,1567,140
3498,8720,46666,11128,46666,1567,140
3498,8720,46667,11128,46667,1567,140
3498,8720,46668,11128,46668,1567,140
3498,8720,46669,11128,46669,1567,140
3498,8720,46670,11128,46670,1567,140
3498,8720,46671,11128,46671,1567,140
3498,8720,46672,11128,46672,1567,140
3497,8720,46673,11128,46673,1567,140
3497,8720,46674,11128,46674,1567,140
3497,8720,46675,11128,46675,1567,140
3497,8720,46676,11128,46676,1567,140
3497,8720,46677,11128,46677,1567,140
3497,8720,46678,11128,46678,1567,140
3497,8720,46679,11128,46679,1567,140
3497,8720,46680,11128,46680,1567,140
3497,8720,46681,11128,46681,1567,140
3497,8720,46682,11128,46682,1567,140
3497,8720,46683,11128,46683,1567,140
3497,8720,46684,11128,46684,1567,140
3498,8720,46685,11128,46685,1567,140
3498,8720,46686,11128,46686,1567,140
3498,8720,46687,11128,46687,1567,140
3498,8720,46688,11128,46688,1567,140
3498,8720,46689,11128,46689,1567,140
3498,8720,46690,11128,46690,1567,140
3498,8720,46691,11128,46691,1567,140
3498,8720,46692,11128,46692,1567,140
3498,8720,46693,11128,46693,1567,140
3498,8720,46694,11128,46694,1567,140
3497,8720,46695,11128,46695,1567,140
3497,8720,46696,11128,46696,1567,140
3497,8720,46697,11128,46697,1567,140
3497,8720,46698,11128,46698,1567,140
3497,8720,46699,11128,46699,1567,140
3497,8720,46700,11128,46700,1567,140
3497,8720,46701,11128,46701,1567,140
3497,8720,46702,11128,46702,1567,140
3497,8720,46703,11128,46703,1567,140
3498,8720,46704,11128,46704,1567,140
3498,8720,46705,11128,46705,1567,140
3498,8720,46706,11128,46706,1567,140
3498,8720,46707,11128,46707,1567,140
3498,8720,46708,11128,46708,1567,140
3499,8720,46709,11128,46709,1567,140
3499,8720,46710,11128,46710,1567,140
3499,8720,46711,11128,46711,1567,140
3499,8720,46712,11128,46712,1567,140
3499,8720,46713,11128,46713,1567,140
3499,8720,46714,11128,46714,1567,140
3499,8720,46715,11128,46715,1567,140
3499,8720,46716,11128,46716,1567,140
3499,8720,46717,11128,46717,1567,140
3499,8720,46718,11128,46718,1567,140
3499,8720,46719,11128,46719,1567,140
3499,8720,46720,11128,46720,1567,140
3499,8720,46721,11128,46721,1567,140
3499,8720,46722,11128,46722,1567,140
3498,8720,46723,11128,46723,1567,140
3498,8720,46724,11128,46724,1567,140
3498,8720,46725,11128,46725,1567,140
3498,8720,46726,11128,46726,1567,140
3498,8720,46727,11128,46727,1567,140
3498,8720,46728,11128,46728,1567,140
3498,8720,46729,11128,46729,1567,140
3499,8720,46730,11128,46730,1567,140
3499,8720,46731,11128,46731,1567,140
3499,8720,46732,11128,46732,1567,140
3499,8720,46733,11128,46733,1567,140
3499,8720,46734,11128,46734,1567,140
3499,8720,46735,11128,46735,1567,140
3499,8720,46736,11128,46736,1567,140
3499,8720,46737,11128,46737,1567,140
3498,8720,46738,11128,46738,1567,140
3498,8720,46739,11128,46739,1567,140
3498,8720,46740,11128,46740,1567,140
3498,8720,46741,11128,46741,1567,140
3498,8720,46742,11128,46742,1567,140
3498,8720,46743,11128,46743,1567,140
3498,8720,46744,11128,46744,1567,140
3498,8720,46745,11128,46745,1567,140
3498,8720,46746,11128,46746,1567,140
3498,8720,46747,11128,46747,1567,140
3498,8720,46748,11128,46748,1567,140
3498,8720,46749,11128,46749,1567,140
3499,8720,46750,11128,46750,1567,140
3499,8720,46751,11128,46751,1567,140
3499,8720,46752,11128,46752,1567,140
3499,8720,46753,11128,46753,1567,140
3499,8720,46754,11128,46754,1567,140
3499,8720,46755,11128,46755,1567,140
3499,8720,46756,11128,46756,1567,140
3499,8720,46757,11128,46757,1567,140
3499,8720,46758,11128,46758,1567,140
3499,8720,46759,11128,46759,1567,140
3499,8720,46760,11128,46760,1567,140
3499,8720,46761,11128,46761,1567,140
3499,8720,46762,11128,46762,1567,140
3499,8720,46763,11128,46763,1567,140
3498,8720,46764,11128,46764,1567,140
3498,8720,46765,11128,46765,1567,140
3498,8720,46766,11128,46766,1567,140
3498,8720,46767,11128,46767,1567,140
3498,8720,46768,11128,46768,1567,140
3498,8720,46769,11128,46769,1567,140
3498,8720,46770,11128,46770,1567,140
3498,8720,46771,11128,46771,1567,140
3498,8720,46772,11128,46772,1567,140
3498,8720,46773,11128,46773,1567,140
3498,8720,46774,11128,46774,1567,140
3498,8720,46775,11128,46775,1567,140
3498,8720,46776,11128,46776,1567,140
3498,8720,46777,11128,46777,1567,140
3499,8720,46778,11128,46778,1567,140
3499,8720,46779,11128,46779,1567,140
3499,8720,46780,11128,46780,1567,140
3499,8720,46781,11128,46781,1567,140
3499,8720,46782,11128,46782,1567,140
3499,8720,46783,11128,46783,1567,140
3499,8720,46784,11128,46784,1567,140
3499,8720,46785,11128,46785,1567,140
3499,8720,46786,11128,46786,1567,140
3499,8720,46787,11128,46787,1567,140
3499,8720,46788,11128,46788,1567,140
3498,8720,46789,11128,46789,1567,140
3498,8720,46790,11128,46790,1567,140
3498,8720,46791,11128,46791,1567,140
3497,8720,46792,11128,46792,1567,140
3497,8720,46793,11128,46793,1567,140
3497,8720,46794,11128,46794,1567,140
3497,8720,46795,11128,46795,1567,140
3497,8720,46796,11128,46796,1567,140
3497,8720,46797,11128,46797,1567,140
3497,8720,46798,11128,46798,1567,140
3496,8720,46799,11128,46799,1567,140
3496,8720,46800,11128,46800,1567,140
3495,8720,46801,11128,46801,1567,140
3495,8720,46802,11128,46802,1567,140
3494,8720,46803,11128,46803,1567,140
3494,8720,46804,11128,46804,1567,140
3494,8720,46805,11128,46805,1567,140
3494,8720,46806,11128,46806,1567,140
3494,8720,46807,11128,46807,1567,140
3493,8720,46808,11128,46808,1567,140
3493,8720,46809,11128,46809,1567,140
3493,8720,46810,11128,46810,1567,140
3493,8720,46811,11128,46811,1567,140
3493,8720,46812,11128,46812,1567,140
3493,8720,46813,11128,46813,1567,140
3494,8720,46814,11128,46814,1567,140
3494,8720,46815,11128,46815,1567,140
3494,8720,46816,11128,46816,1567,140
3494,8720,46817,11128,46817,1567,140
3494,8720,46818,11128,46818,1567,140
3494,8720,46819,11128,46819,1567,140
3494,8720,46820,11128,46820,1567,140
3494,8720,46821,11128,46821,1567,140
3494,8720,46822,11128,46822,1567,140
3494,8720,46823,11128,46823,1567,140
3494,8720,46824,11128,46824,1567,140
3494,8720,46825,11128,46825,1567,140
3494,8720,46826,11128,46826,1567,140
3493,8720,46827,11128,46827,1567,140
3493,8720,46828,11128,46828,1567,140
3493,8720,46829,11128,46829,1567,140
3493,8720,46830,11128,46830,1567,140
3493,8720,46831,11128,46831,1567,140
3493,8720,46832,11128,46832,1567,140
3493,8720,46833,11128,46833,1567,140
3493,8720,46834,11128,46834,1567,140
3493,8720,46835,11128,46835,1567,140
3493,8720,46836,11128,46836,1567,140
3493,8720,46837,11128,46837,1567,140
3493,8720,46838,11128,46838,1567,140
3493,8720,46839,11128,46839,1567,140
3493,8720,46840,11128,46840,1567,140
3493,8720,46841,11128,46841,1567,140
3493,8720,46842,11128,46842,1567,140
3493,8720,46843,11128,46843,1567,140
3493,8720,46844,11128,46844,1567,140
3493,8720,46845,11128,46845,1567,140
3493,8720,46846,11128,46846,1567,140
3492,8720,46847,11128,46847,1567,139
3492,8720,46848,11128,46848,1567,139
3492,8720,46849,11128,46849,1567,139
3492,8720,46850,11128,46850,1567,139
3492,8720,46851,11128,46851,1567,139
3492,8720,46852,11128,46852,1567,139
3491,8720,46853,11128,46853,1567,139
3491,8720,46854,11128,46854,1567,139
3491,8720,46855,11128,46855,1567,139
3489,8720,46856,11128,46856,1567,139
3490,8720,46857,11128,46857,1567,139
3490,8720,46858,11128,46858,1567,139
3490,8720,46859,11128,46859,1567,139
3490,8720,46860,11128,46860,1567,139
3491,8720,46861,11128,46861,1567,139
3491,8720,46862,11128,46862,1567,139
3491,8720,46863,11128,46863,1567,139
3491,8720,46864,11128,46864,1567,139
3491,8720,46865,11128,46865,1567,139
3491,8720,46866,11128,46866,1567,139
3491,8720,46867,11128,46867,1567,139
3491,8720,46868,11128,46868,1567,139
3491,8720,46869,11128,46869,1567,139
3492,8720,46870,11128,46870,1567,139
3492,8720,46871,11128,46871,1567,139
3492,8720,46872,11128,46872,1567,139
3492,8720,46873,11128,46873,1567,139
3492,8720,46874,11128,46874,1567,139
3492,8720,46875,11128,46875,1567,139
3492,8720,46876,11128,46876,1567,139
3492,8720,46877,11128,46877,1567,139
3492,8720,46878,11128,46878,1567,139
3492,8720,46879,11128,46879,1567,139
3492,8720,46880,11128,46880,1567,139
3492,8720,46881,11128,46881,1567,139
3492,8720,46882,11128,46882,1567,139
3492,8720,46883,11128,46883,1567,139
3491,8720,46884,11128,46884,1567,139
3491,8720,46885,11128,46885,1567,139
3491,8720,46886,11128,46886,1567,139
3491,8720,46887,11128,46887,1567,139
3490,8720,46888,11128,46888,1567,139
3490,8720,46889,11128,46889,1567,139
3490,8720,46890,11128,46890,1567,139
3490,8720,46891,11128,46891,1567,139
3490,8720,46892,11128,46892,1567,139
3490,8720,46893,11128,46893,1567,139
3490,8720,46894,11128,46894,1567,139
3490,8720,46895,11128,46895,1567,139
3490,8720,46896,11128,46896,1567,139
3490,8720,46897,11128,46897,1567,139
3490,8720,46898,11128,46898,1567,139
3490,8720,46899,11128,46899,1567,139
3490,8720,46900,11128,46900,1567,139
3490,8720,46901,11128,46901,1567,139
3490,8720,46902,11128,46902,1567,139
3490,8720,46903,11128,46903,1567,139
3489,8720,46904,11128,46904,1567,139
3489,8720,46905,11128,46905,1567,139
3487,8720,46906,11128,46906,1567,139
3487,8720,46907,11128,46907,1567,139
3487,8720,46908,11128,46908,1567,139
3487,8720,46909,11128,46909,1567,139
3487,8720,46910,11128,46910,1567,139
3487,8720,46911,11128,46911,1567,139
3487,8720,46912,11128,46912,1567,139
3487,8720,46913,11128,46913,1567,139
3487,8720,46914,11128,46914,1567,139
3487,8720,46915,11128,46915,1567,139
3486,8720,46916,11128,46916,1567,138
3485,8720,46917,11128,46917,1567,138
3485,8720,46918,11128,46918,1567,138
3485,8720,46919,11128,46919,1567,138
3485,8720,46920,11128,46920,1567,138
3485,8720,46921,11128,46921,1567,138
3485,8720,46922,11128,46922,1567,138
3485,8720,46923,11128,46923,1567,138
3485,8720,46924,11128,46924,1567,138
3485,8720,46925,11128,46925,1567,138
3485,8720,46926,11128,46926,1567,138
3485,8720,46927,11128,46927,1567,138
3485,8720,46928,11128,46928,1567,138
3485,8720,46929,11128,46929,1567,138
3485,8720,46930,11128,46930,1567,138
3485,8720,46931,11128,46931,1567,138
3485,8720,46932,11128,46932,1567,138
3485,8720,46933,11128,46933,1567,138
3485,8720,46934,11128,46934,1567,138
3485,8720,46935,11128,46935,1567,138
3485,8720,46936,11128,46936,1567,138
3485,8720,46937,11128,46937,1567,138
3486,8720,46938,11128,46938,1567,138
3486,8720,46939,11128,46939,1567,138
3486,8720,46940,11128,46940,1567,138
3486,8720,46941,11128,46941,1567,138
3486,8720,46942,11128,46942,1567,138
3486,8720,46943,11128,46943,1567,138
3487,8720,46944,11128,46944,1567,138
3486,8720,46945,11128,46945,1567,138
3486,8720,46946,11128,46946,1567,138
3486,8720,46947,11128,46947,1567,138
3486,8720,46948,11128,46948,1567,138
3486,8720,46949,11128,46949,1567,138
3486,8720,46950,11128,46950,1567,138
3486,8720,46951,11128,46951,1567,138
3486,8720,46952,11128,46952,1567,138
3486,8720,46953,11128,46953,1567,138
3486,8720,46954,11128,46954,1567,138
3486,8720,46955,11128,46955,1567,138
3486,8720,46956,11128,46956,1567,138
3486,8720,46957,11128,46957,1567,138
3486,8720,46958,11128,46958,1567,138
3486,8720,46959,11128,46959,1567,138
3486,8720,46960,11128,46960,1567,138
3485,8720,46961,11128,46961,1567,138
3485,8720,46962,11128,46962,1567,138
3484,8720,46963,11128,46963,1567,138
3484,8720,46964,11128,46964,1567,138
3484,8720,46965,11128,46965,1567,138
3483,8720,46966,11128,46966,1567,138
3483,8720,46967,11128,46967,1567,138
3483,8720,46968,11128,46968,1567,138
3483,8720,46969,11128,46969,1567,138
3483,8720,46970,11128,46970,1567,138
3483,8720,46971,11128,46971,1567,138
3483,8720,46972,11128,46972,1567,138
3482,8720,46973,11128,46973,1567,138
3482,8720,46974,11128,46974,1567,138
3482,8720,46975,11128,46975,1567,138
3482,8720,46976,11128,46976,1567,138
3482,8720,46977,11128,46977,1567,138
3482,8720,46978,11128,46978,1567,138
3482,8720,46979,11128,46979,1567,138
3482,8720,46980,11128,46980,1567,138
3483,8720,46981,11128,46981,1567,138
3483,8720,46982,11128,46982,1567,138
3483,8720,46983,11128,46983,1567,138
3483,8720,46984,11128,46984,1567,138
3483,8720,46985,11128,46985,1567,138
3483,8720,46986,11128,46986,1567,138
3483,8720,46987,11128,46987,1567,138
3483,8720,46988,11128,46988,1567,138
3483,8720,46989,11128,46989,1567,138
3483,8720,46990,11128,46990,1567,138
3483,8720,46991,11128,46991,1567,138
3483,8720,46992,11128,46992,1567,138
3483,8720,46993,11128,46993,1567,138
3482,8720,46994,11128,46994,1567,138
3482,8720,46995,11128,46995,1567,138
3482,8720,46996,11128,46996,1567,138
3482,8720,46997,11128,46997,1567,138
3482,8720,46998,11128,46998,1567,138
3482,8720,46999,11128,46999,1567,138
3482,8720,47000,11128,47000,1567,138
3482,8720,47001,11128,47001,1567,138
3482,8720,47002,11128,47002,1567,138
3482,8720,47003,11128,47003,1567,138
3482,8720,47004,11128,47004,1567,138
3482,8720,47005,11128,47005,1567,138
3482,8720,47006,11128,47006,1567,138
3482,8720,47007,11128,47007,1567,138
3482,8720,47008,11128,47008,1567,138
3482,8720,47009,11128,47009,1567,138
3482,8720,47010,11128,47010,1567,138
3483,8720,47011,11128,47011,1567,138
3483,8720,47012,11128,47012,1567,138
3483,8720,47013,11128,47013,1567,138
3482,8720,47014,11128,47014,1567,137
3482,8720,47015,11128,47015,1567,137
3482,8720,47016,11128,47016,1567,137
3482,8720,47017,11128,47017,1567,137
3482,8720,47018,11128,47018,1567,137
3482,8720,47019,11128,47019,1567,137
3482,8720,47020,11128,47020,1567,137
3482,8720,47021,11128,47021,1567,137
3482,8720,47022,11128,47022,1567,137
3482,8720,47023,11128,47023,1567,137
3481,8720,47024,11128,47024,1567,137
3481,8720,47025,11128,47025,1567,137
3481,8720,47026,11128,47026,1567,137
3481,8720,47027,11128,47027,1567,137
3481,8720,47028,11128,47028,1567,137
3481,8720,47029,11128,47029,1567,137
3480,8720,47030,11128,47030,1567,137
3480,8720,47031,11128,47031,1567,137
3480,8720,47032,11128,47032,1567,137
3480,8720,47033,11128,47033,1567,137
3479,8720,47034,11128,47034,1567,137
3478,8720,47035,11128,47035,1567,137
3478,8720,47036,11128,47036,1567,137
3478,8720,47037,11128,47037,1567,137
3478,8720,47038,11128,47038,1567,137
3478,8720,47039,11128,47039,1567,137
3477,8720,47040,11128,47040,1567,137
3477,8720,47041,11128,47041,1567,137
3477,8720,47042,11128,47042,1567,137
3477,8720,47043,11128,47043,1567,137
3477,8720,47044,11128,47044,1567,137
3477,8720,47045,11128,47045,1567,137
3477,8720,47046,11128,47046,1567,137
3477,8720,47047,11128,47047,1567,137
3477,8720,47048,11128,47048,1567,137
3477,8720,47049,11128,47049,1567,137
3477,8720,47050,11128,47050,1567,137
3477,8720,47051,11128,47051,1567,137
3476,8720,47052,11128,47052,1567,137
3476,8720,47053,11128,47053,1567,137
3476,8720,47054,11128,47054,1567,137
3476,8720,47055,11128,47055,1567,137
3476,8720,47056,11128,47056,1567,137
3476,8720,47057,11128,47057,1567,137
3476,8720,47058,11128,47058,1567,137
3475,8720,47059,11128,47059,1567,137
3475,8720,47060,11128,47060,1567,137
3475,8720,47061,11128,47061,1567,137
3475,8720,47062,11128,47062,1567,137
3475,8720,47063,11128,47063,1567,137
3475,8720,47064,11128,47064,1567,137
3475,8720,47065,11128,47065,1567,137
3475,8720,47066,11128,47066,1567,137
3476,8720,47067,11128,47067,1567,137
3476,8720,47068,11128,47068,1567,137
3475,8720,47069,11128,47069,1567,137
3475,8720,47070,11128,47070,1567,137
3476,8720,47071,11128,47071,1567,137
3476,8720,47072,11128,47072,1567,137
3476,8720,47073,11128,47073,1567,137
3476,8720,47074,11128,47074,1567,137
3476,8720,47075,11128,47075,1567,137
3476,8720,47076,11128,47076,1567,137
3476,8720,47077,11128,47077,1567,137
3476,8720,47078,11128,47078,1567,137
3476,8720,47079,11128,47079,1567,137
3476,8720,47080,11128,47080,1567,137
3476,8720,47081,11128,47081,1567,137
3476,8720,47082,11128,47082,1567,137
3476,8720,47083,11128,47083,1567,137
3476,8720,47084,11128,47084,1567,137
3476,8720,47085,11128,47085,1567,137
3477,8720,47086,11128,47086,1567,137
3477,8720,47087,11128,47087,1567,137
3477,8720,47088,11128,47088,1567,137
3475,8720,47089,11128,47089,1567,137
3475,8720,47090,11128,47090,1567,137
3475,8720,47091,11128,47091,1567,137
3475,8720,47092,11128,47092,1567,137
3475,8720,47093,11128,47093,1567,137
3475,8720,47094,11128,47094,1567,137
3475,8720,47095,11128,47095,1567,137
3475,8720,47096,11128,47096,1567,137
3475,8720,47097,11128,47097,1567,137
3475,8720,47098,11128,47098,1567,137
3475,8720,47099,11128,47099,1567,137
3475,8720,47100,11128,47100,1567,137
3475,8720,47101,11128,47101,1567,137
3475,8720,47102,11128,47102,1567,137
3475,8720,47103,11128,47103,1567,137
3475,8720,47104,11128,47104,1567,137
3474,8720,47105,11128,47105,1567,137
3474,8720,47106,11128,47106,1567,137
3474,8720,47107,11128,47107,1567,137
3473,8720,47108,11128,47108,1567,137
3473,8720,47109,11128,47109,1567,137
3473,8720,47110,11128,47110,1567,137
3473,8720,47111,11128,47111,1567,137
3472,8720,47112,11128,47112,1567,137
3472,8720,47113,11128,47113,1567,137
3472,8720,47114,11128,47114,1567,137
3472,8720,47115,11128,47115,1567,137
3473,8720,47116,11128,47116,1567,137
3473,8720,47117,11128,47117,1567,137
3473,8720,47118,11128,47118,1567,137
3473,8720,47119,11128,47119,1567,137
3473,8720,47120,11128,47120,1567,137
3473,8720,47121,11128,47121,1567,137
3473,8720,47122,11128,47122,1567,137
3473,8720,47123,11128,47123,1567,137
3473,8720,47124,11128,47124,1567,137
3473,8720,47125,11128,47125,1567,137
3473,8720,47126,11128,47126,1567,137
3473,8720,47127,11128,47127,1567,137
3473,8720,47128,11128,47128,1567,137
3473,8720,47129,11128,47129,1567,137
3473,8720,47130,11128,47130,1567,137
3473,8720,47131,11128,47131,1567,137
3473,8720,47132,11128,47132,1567,137
3473,8720,47133,11128,47133,1567,137
3473,8720,47134,11128,47134,1567,137
3473,8720,47135,11128,47135,1567,137
3473,8720,47136,11128,47136,1567,137
3473,8720,47137,11128,47137,1567,137
3473,8720,47138,11128,47138,1567,137
3473,8720,47139,11128,47139,1567,137
3473,8720,47140,11128,47140,1567,137
3473,8720,47141,11128,47141,1567,137
3473,8720,47142,11128,47142,1567,137
3472,8720,47143,11128,47143,1567,137
3472,8720,47144,11128,47144,1567,137
3472,8720,47145,11128,47145,1567,137
3472,8720,47146,11128,47146,1567,137
3472,8720,47147,11128,47147,1567,137
3472,8720,47148,11128,47148,1567,137
3472,8720,47149,11128,47149,1567,137
3472,8720,47150,11128,47150,1567,137
3473,8720,47151,11128,47151,1567,137
3473,8720,47152,11128,47152,1567,137
3473,8720,47153,11128,47153,1567,137
3473,8720,47154,11128,47154,1567,137
3473,8720,47155,11128,47155,1567,137
3473,8720,47156,11128,47156,1567,137
3473,8720,47157,11128,47157,1567,137
3473,8720,47158,11128,47158,1567,137
3472,8720,47159,11128,47159,1567,137
3472,8720,47160,11128,47160,1567,137
3472,8720,47161,11128,47161,1567,137
3472,8720,47162,11128,47162,1567,137
3472,8720,47163,11128,47163,1567,137
3472,8720,47164,11128,47164,1567,137
3472,8720,47165,11128,47165,1567,137
3473,8720,47166,11128,47166,1567,137
3473,8720,47167,11128,47167,1567,137
3473,8720,47168,11128,47168,1567,137
3474,8720,47169,11128,47169,1567,137
3474,8720,47170,11128,47170,1567,137
3473,8720,47171,11128,47171,1567,137
3474,8720,47172,11128,47172,1567,137
3474,8720,47173,11128,47173,1567,137
3474,8720,47174,11128,47174,1567,137
3474,8720,47175,11128,47175,1567,137
3475,8720,47176,11128,47176,1567,137
3475,8720,47177,11128,47177,1567,137
3475,8720,47178,11128,47178,1567,137
3475,8720,47179,11128,47179,1567,137
3474,8720,47180,11128,47180,1567,137
3474,8720,47181,11128,47181,1567,137
3474,8720,47182,11128,47182,1567,137
3474,8720,47183,11128,47183,1567,137
3474,8720,47184,11128,47184,1567,137
3474,8720,47185,11128,47185,1567,137
3474,8720,47186,11128,47186,1567,137
3474,8720,47187,11128,47187,1567,137
3474,8720,47188,11128,47188,1567,137
3474,8720,47189,11128,47189,1567,137
3474,8720,47190,11128,47190,1567,137
3474,8720,47191,11128,47191,1567,137
3474,8720,47192,11128,47192,1567,137
3474,8720,47193,11128,47193,1567,137
3475,8720,47194,11128,47194,1567,137
3475,8720,47195,11128,47195,1567,137
3475,8720,47196,11128,47196,1567,137
3475,8720,47197,11128,47197,1567,137
3475,8720,47198,11128,47198,1567,137
3475,8720,47199,11128,47199,1567,137
3475,8720,47200,11128,47200,1567,137
3475,8720,47201,11128,47201,1567,137
3476,8720,47202,11128,47202,1567,137
3476,8720,47203,11128,47203,1567,137
3475,8720,47204,11128,47204,1567,137
3475,8720,47205,11128,47205,1567,137
3475,8720,47206,11128,47206,1567,137
3475,8720,47207,11128,47207,1567,137
3475,8720,47208,11128,47208,1567,137
3475,8720,47209,11128,47209,1567,137
3475,8720,47210,11128,47210,1567,137
3475,8720,47211,11128,47211,1567,137
3475,8720,47212,11128,47212,1567,137
3475,8720,47213,11128,47213,1567,137
3475,8720,47214,11128,47214,1567,137
3474,8720,47215,11128,47215,1567,137
3474,8720,47216,11128,47216,1567,137
3474,8720,47217,11128,47217,1567,137
3474,8720,47218,11128,47218,1567,137
3474,8720,47219,11128,47219,1567,137
3474,8720,47220,11128,47220,1567,137
3474,8720,47221,11128,47221,1567,137
3474,8720,47222,11128,47222,1567,137
3474,8720,47223,11128,47223,1567,137
3474,8720,47224,11128,47224,1567,137
3474,8720,47225,11128,47225,1567,137
3474,8720,47226,11128,47226,1567,137
3474,8720,47227,11128,47227,1567,137
3474,8720,47228,11128,47228,1567,137
3474,8720,47229,11128,47229,1567,137
3474,8720,47230,11128,47230,1567,137
3474,8720,47231,11128,47231,1567,137
3474,8720,47232,11128,47232,1567,137
3474,8720,47233,11128,47233,1567,137
3474,8720,47234,11128,47234,1567,137
3474,8720,47235,11128,47235,1567,137
3473,8720,47236,11128,47236,1567,137
3473,8720,47237,11128,47237,1567,137
3473,8720,47238,11128,47238,1567,137
3473,8720,47239,11128,47239,1567,137
3473,8720,47240,11128,47240,1567,137
3473,8720,47241,11128,47241,1567,137
3473,8720,47242,11128,47242,1567,137
3474,8720,47243,11128,47243,1567,137
3474,8720,47244,11128,47244,1567,137
3474,8720,47245,11128,47245,1567,137
3474,8720,47246,11128,47246,1567,137
3474,8720,47247,11128,47247,1567,137
3474,8720,47248,11128,47248,1567,137
3474,8720,47249,11128,47249,1567,137
3474,8720,47250,11128,47250,1567,137
3474,8720,47251,11128,47251,1567,137
3474,8720,47252,11128,47252,1567,137
3473,8720,47253,11128,47253,1567,137
3473,8720,47254,11128,47254,1567,137
3473,8720,47255,11128,47255,1567,137
3472,8720,47256,11128,47256,1567,136
3472,8720,47257,11128,47257,1567,136
3472,8720,47258,11128,47258,1567,136
3472,8720,47259,11128,47259,1567,136
3473,8720,47260,11128,47260,1567,136
3473,8720,47261,11128,47261,1567,136
3473,8720,47262,11128,47262,1567,136
3473,8720,47263,11128,47263,1567,136
3473,8720,47264,11128,47264,1567,136
3473,8720,47265,11128,47265,1567,136
3473,8720,47266,11128,47266,1567,136
3473,8720,47267,11128,47267,1567,136
3473,8720,47268,11128,47268,1567,136
3473,8720,47269,11128,47269,1567,136
3473,8720,47270,11128,47270,1567,136
3474,8720,47271,11128,47271,1567,136
3474,8720,47272,11128,47272,1567,136
3474,8720,47273,11128,47273,1567,136
3474,8720,47274,11128,47274,1567,136
3474,8720,47275,11128,47275,1567,136
3474,8720,47276,11128,47276,1567,136
3474,8720,47277,11128,47277,1567,136
3475,8720,47278,11128,47278,1567,136
3475,8720,47279,11128,47279,1567,136
3475,8720,47280,11128,47280,1567,136
3475,8720,47281,11128,47281,1567,136
3476,8720,47282,11128,47282,1567,136
3475,8720,47283,11128,47283,1567,136
3475,8720,47284,11128,47284,1567,136
3475,8720,47285,11128,47285,1567,136
3476,8720,47286,11128,47286,1567,136
3476,8720,47287,11128,47287,1567,136
3476,8720,47288,11128,47288,1567,136
3476,8720,47289,11128,47289,1567,136
3476,8720,47290,11128,47290,1567,136
3476,8720,47291,11128,47291,1567,136
3475,8720,47292,11128,47292,1567,136
3475,8720,47293,11128,47293,1567,136
3475,8720,47294,11128,47294,1567,136
3475,8720,47295,11128,47295,1567,136
3474,8720,47296,11128,47296,1567,136
3474,8720,47297,11128,47297,1567,136
3474,8720,47298,11128,47298,1567,136
3474,8720,47299,11128,47299,1567,136
3473,8720,47300,11128,47300,1567,136
3473,8720,47301,11128,47301,1567,136
3473,8720,47302,11128,47302,1567,136
3474,8720,47303,11128,47303,1567,136
3474,8720,47304,11128,47304,1567,136
3474,8720,47305,11128,47305,1567,136
3474,8720,47306,11128,47306,1567,136
3474,8720,47307,11128,47307,1567,136
3474,8720,47308,11128,47308,1567,136
3474,8720,47309,11128,47309,1567,136
3474,8720,47310,11128,47310,1567,136
3474,8720,47311,11128,47311,1567,136
3474,8720,47312,11128,47312,1567,136
3474,8720,47313,11128,47313,1567,136
3474,8720,47314,11128,47314,1567,136
3474,8720,47315,11128,47315,1567,136
3474,8720,47316,11128,47316,1567,136
3474,8720,47317,11128,47317,1567,136
3474,8720,47318,11128,47318,1567,136
3474,8720,47319,11128,47319,1567,136
3474,8720,47320,11128,47320,1567,136
3474,8720,47321,11128,47321,1567,136
3474,8720,47322,11128,47322,1567,136
3473,8720,47323,11128,47323,1567,136
3473,8720,47324,11128,47324,1567,136
3473,8720,47325,11128,47325,1567,136
3473,8720,47326,11128,47326,1567,136
3473,8720,47327,11128,47327,1567,136
3472,8720,47328,11128,47328,1567,136
3472,8720,47329,11128,47329,1567,136
3472,8720,47330,11128,47330,1567,136
3472,8720,47331,11128,47331,1567,136
3471,8720,47332,11128,47332,1567,136
3471,8720,47333,11128,47333,1567,136
3471,8720,47334,11128,47334,1567,136
3471,8720,47335,11128,47335,1567,136
3471,8720,47336,11128,47336,1567,136
3471,8720,47337,11128,47337,1567,136
3471,8720,47338,11128,47338,1567,136
3471,8720,47339,11128,47339,1567,136
3471,8720,47340,11128,47340,1567,136
3471,8720,47341,11128,47341,1567,136
3471,8720,47342,11128,47342,1567,136
3470,8720,47343,11128,47343,1567,136
3470,8720,47344,11128,47344,1567,136
3470,8720,47345,11128,47345,1567,136
3470,8720,47346,11128,47346,1567,136
3470,8720,47347,11128,47347,1567,136
3471,8720,47348,11128,47348,1567,136
3471,8720,47349,11128,47349,1567,136
3471,8720,47350,11128,47350,1567,136
3470,8720,47351,11128,47351,1567,136
3470,8720,47352,11128,47352,1567,136
3470,8720,47353,11128,47353,1567,136
3470,8720,47354,11128,47354,1567,136
3470,8720,47355,11128,47355,1567,136
3470,8720,47356,11128,47356,1567,136
3470,8720,47357,11128,47357,1567,136
3470,8720,47358,11128,47358,1567,136
3470,8720,47359,11128,47359,1567,136
3469,8720,47360,11128,47360,1567,136
3469,8720,47361,11128,47361,1567,136
3469,8720,47362,11128,47362,1567,136
3469,8720,47363,11128,47363,1567,136
3469,8720,47364,11128,47364,1567,136
3469,8720,47365,11128,47365,1567,136
3469,8720,47366,11128,47366,1567,136
3470,8720,47367,11128,47367,1567,136
3469,8720,47368,11128,47368,1567,136
3468,8720,47369,11128,47369,1567,136
3466,8720,47370,11128,47370,1567,134
3466,8720,47371,11128,47371,1567,134
3466,8720,47372,11128,47372,1567,134
3466,8720,47373,11128,47373,1567,134
3466,8720,47374,11128,47374,1567,134
3466,8720,47375,11128,47375,1567,134
3467,8720,47376,11128,47376,1567,134
3467,8720,47377,11128,47377,1567,134
3467,8720,47378,11128,47378,1567,134
3467,8720,47379,11128,47379,1567,134
3467,8720,47380,11128,47380,1567,134
3467,8720,47381,11128,47381,1567,134
3467,8720,47382,11128,47382,1567,134
3467,8720,47383,11128,47383,1567,134
3467,8720,47384,11128,47384,1567,134
3467,8720,47385,11128,47385,1567,134
3467,8720,47386,11128,47386,1567,134
3467,8720,47387,11128,47387,1567,134
3467,8720,47388,11128,47388,1567,134
3467,8720,47389,11128,47389,1567,134
3467,8720,47390,11128,47390,1567,134
3467,8720,47391,11128,47391,1567,134
3467,8720,47392,11128,47392,1567,134
3467,8720,47393,11128,47393,1567,134
3467,8720,47394,11128,47394,1567,134
3467,8720,47395,11128,47395,1567,134
3467,8720,47396,11128,47396,1567,134
3467,8720,47397,11128,47397,1567,134
3467,8720,47398,11128,47398,1567,134
3467,8720,47399,11128,47399,1567,134
3467,8720,47400,11128,47400,1567,134
3468,8720,47401,11128,47401,1567,134
3468,8720,47402,11128,47402,1567,134
3468,8720,47403,11128,47403,1567,134
3467,8720,47404,11128,47404,1567,134
3467,8720,47405,11128,47405,1567,134
3467,8720,47406,11128,47406,1567,134
3467,8720,47407,11128,47407,1567,134
3466,8720,47408,11128,47408,1567,134
3466,8720,47409,11128,47409,1567,134
3466,8720,47410,11128,47410,1567,134
3466,8720,47411,11128,47411,1567,134
3466,8720,47412,11128,47412,1567,134
3466,8720,47413,11128,47413,1567,134
3466,8720,47414,11128,47414,1567,134
3466,8720,47415,11128,47415,1567,134
3466,8720,47416,11128,47416,1567,134
3466,8720,47417,11128,47417,1567,134
3466,8720,47418,11128,47418,1567,134
3466,8720,47419,11128,47419,1567,134
3466,8720,47420,11128,47420,1567,134
3466,8720,47421,11128,47421,1567,134
3466,8720,47422,11128,47422,1567,134
3466,8720,47423,11128,47423,1567,134
3467,8720,47424,11128,47424,1567,134
3467,8720,47425,11128,47425,1567,134
3467,8720,47426,11128,47426,1567,134
3467,8720,47427,11128,47427,1567,134
3467,8720,47428,11128,47428,1567,134
3467,8720,47429,11128,47429,1567,134
3467,8720,47430,11128,47430,1567,134
3467,8720,47431,11128,47431,1567,134
3467,8720,47432,11128,47432,1567,134
3467,8720,47433,11128,47433,1567,134
3467,8720,47434,11128,47434,1567,134
3467,8720,47435,11128,47435,1567,134
3467,8720,47436,11128,47436,1567,134
3467,8720,47437,11128,47437,1567,134
3467,8720,47438,11128,47438,1567,134
3467,8720,47439,11128,47439,1567,134
3467,8720,47440,11128,47440,1567,134
3467,8720,47441,11128,47441,1567,134
3467,8720,47442,11128,47442,1567,134
3467,8720,47443,11128,47443,1567,134
3467,8720,47444,11128,47444,1567,134
3467,8720,47445,11128,47445,1567,134
3467,8720,47446,11128,47446,1567,134
3466,8720,47447,11128,47447,1567,134
3466,8720,47448,11128,47448,1567,134
3466,8720,47449,11128,47449,1567,134
3466,8720,47450,11128,47450,1567,134
3466,8720,47451,11128,47451,1567,134
3466,8720,47452,11128,47452,1567,134
3466,8720,47453,11128,47453,1567,134
3465,8720,47454,11128,47454,1567,134
3465,8720,47455,11128,47455,1567,134
3465,8720,47456,11128,47456,1567,134
3465,8720,47457,11128,47457,1567,134
3465,8720,47458,11128,47458,1567,134
3464,8720,47459,11128,47459,1567,134
3464,8720,47460,11128,47460,1567,134
3464,8720,47461,11128,47461,1567,134
3464,8720,47462,11128,47462,1567,134
3464,8720,47463,11128,47463,1567,134
3463,8720,47464,11128,47464,1567,134
3463,8720,47465,11128,47465,1567,134
3463,8720,47466,11128,47466,1567,134
3463,8720,47467,11128,47467,1567,134
3463,8720,47468,11128,47468,1567,134
3463,8720,47469,11128,47469,1567,134
3463,8720,47470,11128,47470,1567,134
3463,8720,47471,11128,47471,1567,134
3463,8720,47472,11128,47472,1567,134
3463,8720,47473,11128,47473,1567,134
3463,8720,47474,11128,47474,1567,134
3463,8720,47475,11128,47475,1567,134
3463,8720,47476,11128,47476,1567,134
3463,8720,47477,11128,47477,1567,134
3463,8720,47478,11128,47478,1567,134
3463,8720,47479,11128,47479,1567,134
3462,8720,47480,11128,47480,1567,134
3462,8720,47481,11128,47481,1567,134
3462,8720,47482,11128,47482,1567,134
3462,8720,47483,11128,47483,1567,134
3462,8720,47484,11128,47484,1567,134
3462,8720,47485,11128,47485,1567,134
3462,8720,47486,11128,47486,1567,134
3462,8720,47487,11128,47487,1567,134
3462,8720,47488,11128,47488,1567,134
3462,8720,47489,11128,47489,1567,134
3462,8720,47490,11128,47490,1567,134
3462,8720,47491,11128,47491,1567,134
3462,8720,47492,11128,47492,1567,134
3462,8720,47493,11128,47493,1567,134
3462,8720,47494,11128,47494,1567,134
3461,8720,47495,11128,47495,1567,134
3461,8720,47496,11128,47496,1567,134
3461,8720,47497,11128,47497,1567,134
3461,8720,47498,11128,47498,1567,134
3461,8720,47499,11128,47499,1567,134
3461,8720,47500,11128,47500,1567,134
3461,8720,47501,11128,47501,1567,134
3461,8720,47502,11128,47502,1567,134
3461,8720,47503,11128,47503,1567,134
3461,8720,47504,11128,47504,1567,134
3461,8720,47505,11128,47505,1567,134
3460,8720,47506,11128,47506,1567,134
3460,8720,47507,11128,47507,1567,134
3460,8720,47508,11128,47508,1567,134
3460,8720,47509,11128,47509,1567,134
3459,8720,47510,11128,47510,1567,134
3459,8720,47511,11128,47511,1567,134
3459,8720,47512,11128,47512,1567,134
3459,8720,47513,11128,47513,1567,134
3459,8720,47514,11128,47514,1567,134
3458,8720,47515,11128,47515,1567,134
3458,8720,47516,11128,47516,1567,134
3458,8720,47517,11128,47517,1567,134
3458,8720,47518,11128,47518,1567,134
3458,8720,47519,11128,47519,1567,134
3458,8720,47520,11128,47520,1567,134
3458,8720,47521,11128,47521,1567,134
3458,8720,47522,11128,47522,1567,134
3458,8720,47523,11128,47523,1567,134
3458,8720,47524,11128,47524,1567,134
3458,8720,47525,11128,47525,1567,134
3458,8720,47526,11128,47526,1567,134
3458,8720,47527,11128,47527,1567,134
3458,8720,47528,11128,47528,1567,134
3458,8720,47529,11128,47529,1567,134
3458,8720,47530,11128,47530,1567,134
3458,8720,47531,11128,47531,1567,134
3458,8720,47532,11128,47532,1567,134
3458,8720,47533,11128,47533,1567,134
3458,8720,47534,11128,47534,1567,134
3458,8720,47535,11128,47535,1567,134
3458,8720,47536,11128,47536,1567,134
3458,8720,47537,11128,47537,1567,134
3459,8720,47538,11128,47538,1567,134
3459,8720,47539,11128,47539,1567,134
3460,8720,47540,11128,47540,1567,134
3459,8720,47541,11128,47541,1567,134
3459,8720,47542,11128,47542,1567,134
3459,8720,47543,11128,47543,1567,134
3459,8720,47544,11128,47544,1567,134
3459,8720,47545,11128,47545,1567,134
3459,8720,47546,11128,47546,1567,134
3459,8720,47547,11128,47547,1567,134
3459,8720,47548,11128,47548,1567,134
3459,8720,47549,11128,47549,1567,134
3459,8720,47550,11128,47550,1567,134
3459,8720,47551,11128,47551,1567,134
3459,8720,47552,11128,47552,1567,134
3459,8720,47553,11128,47553,1567,134
3459,8720,47554,11128,47554,1567,134
3459,8720,47555,11128,47555,1567,134
3459,8720,47556,11128,47556,1567,134
3459,8720,47557,11128,47557,1567,134
3459,8720,47558,11128,47558,1567,134
3459,8720,47559,11128,47559,1567,134
3456,8720,47560,11128,47560,1567,134
3456,8720,47561,11128,47561,1567,134
3456,8720,47562,11128,47562,1567,134
3456,8720,47563,11128,47563,1567,134
3456,8720,47564,11128,47564,1567,134
3456,8720,47565,11128,47565,1567,134
3456,8720,47566,11128,47566,1567,134
3455,8720,47567,11128,47567,1567,134
3454,8720,47568,11128,47568,1567,134
3453,8720,47569,11128,47569,1567,134
3453,8720,47570,11128,47570,1567,134
3453,8720,47571,11128,47571,1567,134
3453,8720,47572,11128,47572,1567,134
3453,8720,47573,11128,47573,1567,134
3454,8720,47574,11128,47574,1567,134
3454,8720,47575,11128,47575,1567,134
3454,8720,47576,11128,47576,1567,134
3454,8720,47577,11128,47577,1567,134
3454,8720,47578,11128,47578,1567,134
3454,8720,47579,11128,47579,1567,134
3454,8720,47580,11128,47580,1567,134
3454,8720,47581,11128,47581,1567,134
3453,8720,47582,11128,47582,1567,133
3453,8720,47583,11128,47583,1567,133
3453,8720,47584,11128,47584,1567,133
3453,8720,47585,11128,47585,1567,133
3453,8720,47586,11128,47586,1567,133
3453,8720,47587,11128,47587,1567,133
3453,8720,47588,11128,47588,1567,133
3453,8720,47589,11128,47589,1567,133
3452,8720,47590,11128,47590,1567,133
3452,8720,47591,11128,47591,1567,133
3452,8720,47592,11128,47592,1567,133
3452,8720,47593,11128,47593,1567,133
3452,8720,47594,11128,47594,1567,133
3452,8720,47595,11128,47595,1567,133
3452,8720,47596,11128,47596,1567,133
3452,8720,47597,11128,47597,1567,133
3453,8720,47598,11128,47598,1567,133
3453,8720,47599,11128,47599,1567,133
3452,8720,47600,11128,47600,1567,133
3452,8720,47601,11128,47601,1567,133
3453,8720,47602,11128,47602,1567,133
3453,8720,47603,11128,47603,1567,133
3453,8720,47604,11128,47604,1567,133
3453,8720,47605,11128,47605,1567,133
3453,8720,47606,11128,47606,1567,133
3453,8720,47607,11128,47607,1567,133
3453,8720,47608,11128,47608,1567,133
3453,8720,47609,11128,47609,1567,133
3453,8720,47610,11128,47610,1567,133
3453,8720,47611,11128,47611,1567,133
3453,8720,47612,11128,47612,1567,133
3453,8720,47613,11128,47613,1567,133
3453,8720,47614,11128,47614,1567,133
3453,8720,47615,11128,47615,1567,133
3453,8720,47616,11128,47616,1567,133
3453,8720,47617,11128,47617,1567,133
3453,8720,47618,11128,47618,1567,133
3453,8720,47619,11128,47619,1567,133
3453,8720,47620,11128,47620,1567,133
3452,8720,47621,11128,47621,1567,133
3452,8720,47622,11128,47622,1567,133
3452,8720,47623,11128,47623,1567,133
3452,8720,47624,11128,47624,1567,133
3452,8720,47625,11128,47625,1567,133
3452,8720,47626,11128,47626,1567,133
3451,8720,47627,11128,47627,1567,133
3451,8720,47628,11128,47628,1567,133
3451,8720,47629,11128,47629,1567,133
3451,8720,47630,11128,47630,1567,133
3451,8720,47631,11128,47631,1567,133
3451,8720,47632,11128,47632,1567,133
3451,8720,47633,11128,47633,1567,133
3451,8720,47634,11128,47634,1567,133
3451,8720,47635,11128,47635,1567,133
3451,8720,47636,11128,47636,1567,133
3451,8720,47637,11128,47637,1567,133
3451,8720,47638,11128,47638,1567,133
3451,8720,47639,11128,47639,1567,133
3451,8720,47640,11128,47640,1567,133
3451,8720,47641,11128,47641,1567,133
3451,8720,47642,11128,47642,1567,133
3451,8720,47643,11128,47643,1567,133
3451,8720,47644,11128,47644,1567,133
3451,8720,47645,11128,47645,1567,133
3451,8720,47646,11128,47646,1567,133
3451,8720,47647,11128,47647,1567,133
3451,8720,47648,11128,47648,1567,133
3451,8720,47649,11128,47649,1567,133
3451,8720,47650,11128,47650,1567,133
3451,8720,47651,11128,47651,1567,133
3451,8720,47652,11128,47652,1567,133
3451,8720,47653,11128,47653,1567,133
3452,8720,47654,11128,47654,1567,133
3452,8720,47655,11128,47655,1567,133
3451,8720,47656,11128,47656,1567,133
3451,8720,47657,11128,47657,1567,133
3451,8720,47658,11128,47658,1567,133
3451,8720,47659,11128,47659,1567,133
3450,8720,47660,11128,47660,1567,133
3449,8720,47661,11128,47661,1567,133
3449,8720,47662,11128,47662,1567,133
3449,8720,47663,11128,47663,1567,133
3449,8720,47664,11128,47664,1567,133
3449,8720,47665,11128,47665,1567,133
3449,8720,47666,11128,47666,1567,133
3449,8720,47667,11128,47667,1567,133
3449,8720,47668,11128,47668,1567,133
3449,8720,47669,11128,47669,1567,133
3449,8720,47670,11128,47670,1567,133
3449,8720,47671,11128,47671,1567,133
3449,8720,47672,11128,47672,1567,133
3449,8720,47673,11128,47673,1567,133
3450,8720,47674,11128,47674,1567,133
3450,8720,47675,11128,47675,1567,133
3449,8720,47676,11128,47676,1567,133
3449,8720,47677,11128,47677,1567,133
3449,8720,47678,11128,47678,1567,133
3449,8720,47679,11128,47679,1567,133
3450,8720,47680,11128,47680,1567,133
3450,8720,47681,11128,47681,1567,133
3451,8720,47682,11128,47682,1567,133
3452,8720,47683,11128,47683,1567,133
3452,8720,47684,11128,47684,1567,133
3452,8720,47685,11128,47685,1567,133
3452,8720,47686,11128,47686,1567,133
3452,8720,47687,11128,47687,1567,133
3452,8720,47688,11128,47688,1567,133
3452,8720,47689,11128,47689,1567,133
3453,8720,47690,11128,47690,1567,133
3454,8720,47691,11128,47691,1567,133
3453,8720,47692,11128,47692,1567,133
3450,8720,47693,11128,47693,1567,132
3450,8720,47694,11128,47694,1567,132
3450,8720,47695,11128,47695,1567,132
3449,8720,47696,11128,47696,1567,132
3449,8720,47697,11128,47697,1567,132
3449,8720,47698,11128,47698,1567,132
3450,8720,47699,11128,47699,1567,132
3450,8720,47700,11128,47700,1567,132
3450,8720,47701,11128,47701,1567,132
3450,8720,47702,11128,47702,1567,132
3450,8720,47703,11128,47703,1567,132
3450,8720,47704,11128,47704,1567,132
3450,8720,47705,11128,47705,1567,132
3451,8720,47706,11128,47706,1567,132
3451,8720,47707,11128,47707,1567,132
3451,8720,47708,11128,47708,1567,132
3451,8720,47709,11128,47709,1567,132
3451,8720,47710,11128,47710,1567,132
3451,8720,47711,11128,47711,1567,132
3451,8720,47712,11128,47712,1567,132
3451,8720,47713,11128,47713,1567,132
3451,8720,47714,11128,47714,1567,132
3451,8720,47715,11128,47715,1567,132
3451,8720,47716,11128,47716,1567,132
3450,8720,47717,11128,47717,1567,132
3450,8720,47718,11128,47718,1567,132
3450,8720,47719,11128,47719,1567,132
3450,8720,47720,11128,47720,1567,132
3450,8720,47721,11128,47721,1567,132
3450,8720,47722,11128,47722,1567,132
3450,8720,47723,11128,47723,1567,132
3450,8720,47724,11128,47724,1567,132
3450,8720,47725,11128,47725,1567,132
3450,8720,47726,11128,47726,1567,132
3450,8720,47727,11128,47727,1567,132
3450,8720,47728,11128,47728,1567,132
3450,8720,47729,11128,47729,1567,132
3450,8720,47730,11128,47730,1567,132
3450,8720,47731,11128,47731,1567,132
3450,8720,47732,11128,47732,1567,132
3450,8720,47733,11128,47733,1567,132
3450,8720,47734,11128,47734,1567,132
3450,8720,47735,11128,47735,1567,132
3450,8720,47736,11128,47736,1567,132
3450,8720,47737,11128,47737,1567,132
3450,8720,47738,11128,47738,1567,132
3449,8720,47739,11128,47739,1567,132
3449,8720,47740,11128,47740,1567,132
3449,8720,47741,11128,47741,1567,132
3449,8720,47742,11128,47742,1567,132
3449,8720,47743,11128,47743,1567,132
3449,8720,47744,11128,47744,1567,132
3449,8720,47745,11128,47745,1567,132
3449,8720,47746,11128,47746,1567,132
3448,8720,47747,11128,47747,1567,132
3448,8720,47748,11128,47748,1567,132
3449,8720,47749,11128,47749,1567,132
3449,8720,47750,11128,47750,1567,132
3449,8720,47751,11128,47751,1567,132
3449,8720,47752,11128,47752,1567,132
3449,8720,47753,11128,47753,1567,132
3449,8720,47754,11128,47754,1567,132
3449,8720,47755,11128,47755,1567,132
3449,8720,47756,11128,47756,1567,132
3449,8720,47757,11128,47757,1567,132
3450,8720,47758,11128,47758,1567,132
3450,8720,47759,11128,47759,1567,132
3450,8720,47760,11128,47760,1567,132
3450,8720,47761,11128,47761,1567,132
3450,8720,47762,11128,47762,1567,132
3450,8720,47763,11128,47763,1567,132
3450,8720,47764,11128,47764,1567,132
3450,8720,47765,11128,47765,1567,132
3450,8720,47766,11128,47766,1567,132
3450,8720,47767,11128,47767,1567,132
3450,8720,47768,11128,47768,1567,132
3450,8720,47769,11128,47769,1567,132
3450,8720,47770,11128,47770,1567,132
3450,8720,47771,11128,47771,1567,132
3449,8720,47772,11128,47772,1567,132
3449,8720,47773,11128,47773,1567,132
3449,8720,47774,11128,47774,1567,132
3449,8720,47775,11128,47775,1567,132
3449,8720,47776,11128,47776,1567,132
3449,8720,47777,11128,47777,1567,132
3449,8720,47778,11128,47778,1567,132
3449,8720,47779,11128,47779,1567,132
3449,8720,47780,11128,47780,1567,132
3449,8720,47781,11128,47781,1567,132
3449,8720,47782,11128,47782,1567,132
3449,8720,47783,11128,47783,1567,132
3449,8720,47784,11128,47784,1567,132
3449,8720,47785,11128,47785,1567,132
3449,8720,47786,11128,47786,1567,132
3449,8720,47787,11128,47787,1567,132
3449,8720,47788,11128,47788,1567,132
3449,8720,47789,11128,47789,1567,132
3449,8720,47790,11128,47790,1567,132
3449,8720,47791,11128,47791,1567,132
3449,8720,47792,11128,47792,1567,132
3449,8720,47793,11128,47793,1567,132
3449,8720,47794,11128,47794,1567,132
3450,8720,47795,11128,47795,1567,132
3450,8720,47796,11128,47796,1567,132
3450,8720,47797,11128,47797,1567,132
3450,8720,47798,11128,47798,1567,132
3450,8720,47799,11128,47799,1567,132
3450,8720,47800,11128,47800,1567,132
3450,8720,47801,11128,47801,1567,132
3450,8720,47802,11128,47802,1567,132
3450,8720,47803,11128,47803,1567,132
3450,8720,47804,11128,47804,1567,132
3450,8720,47805,11128,47805,1567,132
3450,8720,47806,11128,47806,1567,132
3450,8720,47807,11128,47807,1567,132
3449,8720,47808,11128,47808,1567,132
3449,8720,47809,11128,47809,1567,132
3449,8720,47810,11128,47810,1567,132
3449,8720,47811,11128,47811,1567,132
3449,8720,47812,11128,47812,1567,132
3449,8720,47813,11128,47813,1567,132
3449,8720,47814,11128,47814,1567,132
3449,8720,47815,11128,47815,1567,132
3449,8720,47816,11128,47816,1567,132
3448,8720,47817,11128,47817,1567,132
3446,8720,47818,11128,47818,1567,132
3446,8720,47819,11128,47819,1567,132
3446,8720,47820,11128,47820,1567,132
3446,8720,47821,11128,47821,1567,132
3447,8720,47822,11128,47822,1567,132
3447,8720,47823,11128,47823,1567,132
3447,8720,47824,11128,47824,1567,132
3446,8720,47825,11128,47825,1567,132
3446,8720,47826,11128,47826,1567,132
3446,8720,47827,11128,47827,1567,132
3446,8720,47828,11128,47828,1567,132
3446,8720,47829,11128,47829,1567,132
3446,8720,47830,11128,47830,1567,132
3446,8720,47831,11128,47831,1567,132
3446,8720,47832,11128,47832,1567,132
3446,8720,47833,11128,47833,1567,132
3445,8720,47834,11128,47834,1567,132
3445,8720,47835,11128,47835,1567,132
3445,8720,47836,11128,47836,1567,132
3445,8720,47837,11128,47837,1567,132
3445,8720,47838,11128,47838,1567,132
3445,8720,47839,11128,47839,1567,132
3445,8720,47840,11128,47840,1567,132
3445,8720,47841,11128,47841,1567,132
3445,8720,47842,11128,47842,1567,132
3445,8720,47843,11128,47843,1567,132
3445,8720,47844,11128,47844,1567,132
3446,8720,47845,11128,47845,1567,132
3446,8720,47846,11128,47846,1567,132
3446,8720,47847,11128,47847,1567,132
3446,8720,47848,11128,47848,1567,132
3446,8720,47849,11128,47849,1567,132
3446,8720,47850,11128,47850,1567,132
3446,8720,47851,11128,47851,1567,132
3446,8720,47852,11128,47852,1567,132
3446,8720,47853,11128,47853,1567,132
3446,8720,47854,11128,47854,1567,132
3446,8720,47855,11128,47855,1567,132
3446,8720,47856,11128,47856,1567,132
3446,8720,47857,11128,47857,1567,132
3446,8720,47858,11128,47858,1567,132
3446,8720,47859,11128,47859,1567,132
3446,8720,47860,11128,47860,1567,132
3446,8720,47861,11128,47861,1567,132
3446,8720,47862,11128,47862,1567,132
3446,8720,47863,11128,47863,1567,132
3446,8720,47864,11128,47864,1567,132
3446,8720,47865,11128,47865,1567,132
3446,8720,47866,11128,47866,1567,132
3446,8720,47867,11128,47867,1567,132
3446,8720,47868,11128,47868,1567,132
3446,8720,47869,11128,47869,1567,132
3446,8720,47870,11128,47870,1567,132
3446,8720,47871,11128,47871,1567,132
3446,8720,47872,11128,47872,1567,132
3446,8720,47873,11128,47873,1567,132
3446,8720,47874,11128,47874,1567,132
3446,8720,47875,11128,47875,1567,132
3446,8720,47876,11128,47876,1567,132
3446,8720,47877,11128,47877,1567,132
3446,8720,47878,11128,47878,1567,132
3446,8720,47879,11128,47879,1567,132
3446,8720,47880,11128,47880,1567,132
3446,8720,47881,11128,47881,1567,132
3446,8720,47882,11128,47882,1567,132
3446,8720,47883,11128,47883,1567,132
3445,8720,47884,11128,47884,1567,132
3445,8720,47885,11128,47885,1567,132
3445,8720,47886,11128,47886,1567,132
3445,8720,47887,11128,47887,1567,132
3445,8720,47888,11128,47888,1567,132
3445,8720,47889,11128,47889,1567,132
3445,8720,47890,11128,47890,1567,132
3445,8720,47891,11128,47891,1567,132
3445,8720,47892,11128,47892,1567,132
3445,8720,47893,11128,47893,1567,132
3445,8720,47894,11128,47894,1567,132
3445,8720,47895,11128,47895,1567,132
3444,8720,47896,11128,47896,1567,131
3444,8720,47897,11128,47897,1567,131
3444,8720,47898,11128,47898,1567,131
3444,8720,47899,11128,47899,1567,131
3444,8720,47900,11128,47900,1567,131
3444,8720,47901,11128,47901,1567,131
3444,8720,47902,11128,47902,1567,131
3444,8720,47903,11128,47903,1567,131
3444,8720,47904,11128,47904,1567,131
3443,8720,47905,11128,47905,1567,131
3443,8720,47906,11128,47906,1567,131
3443,8720,47907,11128,47907,1567,131
3443,8720,47908,11128,47908,1567,131
3443,8720,47909,11128,47909,1567,131
3443,8720,47910,11128,47910,1567,131
3443,8720,47911,11128,47911,1567,131
3443,8720,47912,11128,47912,1567,131
3443,8720,47913,11128,47913,1567,131
3443,8720,47914,11128,47914,1567,131
3444,8720,47915,11128,47915,1567,131
3444,8720,47916,11128,47916,1567,131
3445,8720,47917,11128,47917,1567,131
3445,8720,47918,11128,47918,1567,131
3445,8720,47919,11128,47919,1567,131
3445,8720,47920,11128,47920,1567,131
3445,8720,47921,11128,47921,1567,131
3445,8720,47922,11128,47922,1567,131
3445,8720,47923,11128,47923,1567,131
3445,8720,47924,11128,47924,1567,131
3445,8720,47925,11128,47925,1567,131
3445,8720,47926,11128,47926,1567,131
3445,8720,47927,11128,47927,1567,131
3444,8720,47928,11128,47928,1567,131
3444,8720,47929,11128,47929,1567,131
3444,8720,47930,11128,47930,1567,131
3444,8720,47931,11128,47931,1567,131
3444,8720,47932,11128,47932,1567,131
3444,8720,47933,11128,47933,1567,131
3444,8720,47934,11128,47934,1567,131
3444,8720,47935,11128,47935,1567,131
3444,8720,47936,11128,47936,1567,131
3444,8720,47937,11128,47937,1567,131
3444,8720,47938,11128,47938,1567,131
3444,8720,47939,11128,47939,1567,131
3444,8720,47940,11128,47940,1567,131
3444,8720,47941,11128,47941,1567,131
3444,8720,47942,11128,47942,1567,131
3444,8720,47943,11128,47943,1567,131
3444,8720,47944,11128,47944,1567,131
3444,8720,47945,11128,47945,1567,131
3444,8720,47946,11128,47946,1567,131
3444,8720,47947,11128,47947,1567,131
3444,8720,47948,11128,47948,1567,131
3444,8720,47949,11128,47949,1567,131
3444,8720,47950,11128,47950,1567,131
3444,8720,47951,11128,47951,1567,131
3444,8720,47952,11128,47952,1567,131
3444,8720,47953,11128,47953,1567,131
3444,8720,47954,11128,47954,1567,131
3445,8720,47955,11128,47955,1567,131
3445,8720,47956,11128,47956,1567,131
3445,8720,47957,11128,47957,1567,131
3445,8720,47958,11128,47958,1567,131
3445,8720,47959,11128,47959,1567,131
3445,8720,47960,11128,47960,1567,131
3445,8720,47961,11128,47961,1567,131
3444,8720,47962,11128,47962,1567,131
3444,8720,47963,11128,47963,1567,131
3444,8720,47964,11128,47964,1567,131
3444,8720,47965,11128,47965,1567,131
3444,8720,47966,11128,47966,1567,131
3444,8720,47967,11128,47967,1567,131
3444,8720,47968,11128,47968,1567,131
3443,8720,47969,11128,47969,1567,131
3443,8720,47970,11128,47970,1567,131
3443,8720,47971,11128,47971,1567,131
3443,8720,47972,11128,47972,1567,131
3443,8720,47973,11128,47973,1567,131
3443,8720,47974,11128,47974,1567,131
3443,8720,47975,11128,47975,1567,131
3443,8720,47976,11128,47976,1567,131
3443,8720,47977,11128,47977,1567,131
3443,8720,47978,11128,47978,1567,131
3443,8720,47979,11128,47979,1567,131
3443,8720,47980,11128,47980,1567,131
3443,8720,47981,11128,47981,1567,131
3443,8720,47982,11128,47982,1567,131
3443,8720,47983,11128,47983,1567,131
3443,8720,47984,11128,47984,1567,131
3443,8720,47985,11128,47985,1567,131
3443,8720,47986,11128,47986,1567,131
3443,8720,47987,11128,47987,1567,131
3443,8720,47988,11128,47988,1567,131
3443,8720,47989,11128,47989,1567,131
3443,8720,47990,11128,47990,1567,131
3443,8720,47991,11128,47991,1567,131
3443,8720,47992,11128,47992,1567,131
3443,8720,47993,11128,47993,1567,131
3443,8720,47994,11128,47994,1567,131
3443,8720,47995,11128,47995,1567,131
3443,8720,47996,11128,47996,1567,131
3443,8720,47997,11128,47997,1567,131
3443,8720,47998,11128,47998,1567,131
3443,8720,47999,11128,47999,1567,131
3443,8720,48000,11128,48000,1567,131
3443,8720,48001,11128,48001,1567,131
3443,8720,48002,11128,48002,1567,131
3443,8720,48003,11128,48003,1567,131
3443,8720,48004,11128,48004,1567,131
3443,8720,48005,11128,48005,1567,131
3443,8720,48006,11128,48006,1567,131
3442,8720,48007,11128,48007,1567,131
3442,8720,48008,11128,48008,1567,131
3442,8720,48009,11128,48009,1567,131
3442,8720,48010,11128,48010,1567,131
3442,8720,48011,11128,48011,1567,131
3442,8720,48012,11128,48012,1567,131
3442,8720,48013,11128,48013,1567,131
3442,8720,48014,11128,48014,1567,131
3441,8720,48015,11128,48015,1567,131
3441,8720,48016,11128,48016,1567,131
3441,8720,48017,11128,48017,1567,131
3441,8720,48018,11128,48018,1567,131
3441,8720,48019,11128,48019,1567,131
3441,8720,48020,11128,48020,1567,131
3441,8720,48021,11128,48021,1567,131
3441,8720,48022,11128,48022,1567,131
3441,8720,48023,11128,48023,1567,131
3441,8720,48024,11128,48024,1567,131
3441,8720,48025,11128,48025,1567,131
3441,8720,48026,11128,48026,1567,131
3441,8720,48027,11128,48027,1567,131
3441,8720,48028,11128,48028,1567,131
3441,8720,48029,11128,48029,1567,131
3441,8720,48030,11128,48030,1567,131
3441,8720,48031,11128,48031,1567,131
3441,8720,48032,11128,48032,1567,131
3441,8720,48033,11128,48033,1567,131
3441,8720,48034,11128,48034,1567,131
3441,8720,48035,11128,48035,1567,131
3441,8720,48036,11128,48036,1567,131
3441,8720,48037,11128,48037,1567,131
3442,8720,48038,11128,48038,1567,131
3442,8720,48039,11128,48039,1567,131
3441,8720,48040,11128,48040,1567,131
3441,8720,48041,11128,48041,1567,131
3441,8720,48042,11128,48042,1567,131
3441,8720,48043,11128,48043,1567,131
3441,8720,48044,11128,48044,1567,131
3441,8720,48045,11128,48045,1567,131
3441,8720,48046,11128,48046,1567,131
3441,8720,48047,11128,48047,1567,131
3441,8720,48048,11128,48048,1567,131
3441,8720,48049,11128,48049,1567,131
3441,8720,48050,11128,48050,1567,131
3441,8720,48051,11128,48051,1567,131
3441,8720,48052,11128,48052,1567,131
3441,8720,48053,11128,48053,1567,131
3441,8720,48054,11128,48054,1567,131
3441,8720,48055,11128,48055,1567,131
3441,8720,48056,11128,48056,1567,131
3441,8720,48057,11128,48057,1567,131
3441,8720,48058,11128,48058,1567,131
3441,8720,48059,11128,48059,1567,131
3441,8720,48060,11128,48060,1567,131
3441,8720,48061,11128,48061,1567,131
3440,8720,48062,11128,48062,1567,131
3440,8720,48063,11128,48063,1567,131
3440,8720,48064,11128,48064,1567,131
3440,8720,48065,11128,48065,1567,131
3440,8720,48066,11128,48066,1567,131
3440,8720,48067,11128,48067,1567,131
3440,8720,48068,11128,48068,1567,131
3440,8720,48069,11128,48069,1567,131
3440,8720,48070,11128,48070,1567,131
3441,8720,48071,11128,48071,1567,131
3441,8720,48072,11128,48072,1567,131
3441,8720,48073,11128,48073,1567,131
3441,8720,48074,11128,48074,1567,131
3441,8720,48075,11128,48075,1567,131
3441,8720,48076,11128,48076,1567,131
3441,8720,48077,11128,48077,1567,131
3441,8720,48078,11128,48078,1567,131
3441,8720,48079,11128,48079,1567,131
3441,8720,48080,11128,48080,1567,131
3441,8720,48081,11128,48081,1567,131
3441,8720,48082,11128,48082,1567,131
3440,8720,48083,11128,48083,1567,131
3440,8720,48084,11128,48084,1567,131
3440,8720,48085,11128,48085,1567,131
3440,8720,48086,11128,48086,1567,131
3440,8720,48087,11128,48087,1567,131
3440,8720,48088,11128,48088,1567,131
3440,8720,48089,11128,48089,1567,131
3440,8720,48090,11128,48090,1567,131
3440,8720,48091,11128,48091,1567,131
3440,8720,48092,11128,48092,1567,131
3440,8720,48093,11128,48093,1567,131
3440,8720,48094,11128,48094,1567,131
3440,8720,48095,11128,48095,1567,131
3440,8720,48096,11128,48096,1567,131
3440,8720,48097,11128,48097,1567,131
3440,8720,48098,11128,48098,1567,131
3439,8720,48099,11128,48099,1567,131
3439,8720,48100,11128,48100,1567,131
3439,8720,48101,11128,48101,1567,131
3439,8720,48102,11128,48102,1567,131
3438,8720,48103,11128,48103,1567,131
3438,8720,48104,11128,48104,1567,131
3438,8720,48105,11128,48105,1567,131
3438,8720,48106,11128,48106,1567,131
3438,8720,48107,11128,48107,1567,131
3438,8720,48108,11128,48108,1567,131
3438,8720,48109,11128,48109,1567,131
3438,8720,48110,11128,48110,1567,131
3438,8720,48111,11128,48111,1567,131
3439,8720,48112,11128,48112,1567,131
3439,8720,48113,11128,48113,1567,131
3439,8720,48114,11128,48114,1567,131
3439,8720,48115,11128,48115,1567,131
3439,8720,48116,11128,48116,1567,131
3439,8720,48117,11128,48117,1567,131
3439,8720,48118,11128,48118,1567,131
3439,8720,48119,11128,48119,1567,131
3439,8720,48120,11128,48120,1567,131
3439,8720,48121,11128,48121,1567,131
3439,8720,48122,11128,48122,1567,131
3439,8720,48123,11128,48123,1567,131
3440,8720,48124,11128,48124,1567,131
3440,8720,48125,11128,48125,1567,131
3440,8720,48126,11128,48126,1567,131
3440,8720,48127,11128,48127,1567,131
3440,8720,48128,11128,48128,1567,131
3440,8720,48129,11128,48129,1567,131
3439,8720,48130,11128,48130,1567,131
3439,8720,48131,11128,48131,1567,131
3439,8720,48132,11128,48132,1567,131
3439,8720,48133,11128,48133,1567,131
3439,8720,48134,11128,48134,1567,131
3439,8720,48135,11128,48135,1567,131
3439,8720,48136,11128,48136,1567,131
3439,8720,48137,11128,48137,1567,131
3439,8720,48138,11128,48138,1567,131
3439,8720,48139,11128,48139,1567,131
3439,8720,48140,11128,48140,1567,131
3439,8720,48141,11128,48141,1567,131
3439,8720,48142,11128,48142,1567,131
3439,8720,48143,11128,48143,1567,131
3439,8720,48144,11128,48144,1567,131
3439,8720,48145,11128,48145,1567,131
3439,8720,48146,11128,48146,1567,131
3439,8720,48147,11128,48147,1567,131
3439,8720,48148,11128,48148,1567,131
3439,8720,48149,11128,48149,1567,131
3439,8720,48150,11128,48150,1567,131
3439,8720,48151,11128,48151,1567,131
3439,8720,48152,11128,48152,1567,131
3439,8720,48153,11128,48153,1567,131
3439,8720,48154,11128,48154,1567,131
3439,8720,48155,11128,48155,1567,131
3439,8720,48156,11128,48156,1567,131
3439,8720,48157,11128,48157,1567,131
3439,8720,48158,11128,48158,1567,131
3438,8720,48159,11128,48159,1567,131
3438,8720,48160,11128,48160,1567,131
3437,8720,48161,11128,48161,1567,130
3437,8720,48162,11128,48162,1567,130
3437,8720,48163,11128,48163,1567,130
3437,8720,48164,11128,48164,1567,130
3438,8720,48165,11128,48165,1567,130
3439,8720,48166,11128,48166,1567,130
3439,8720,48167,11128,48167,1567,130
3439,8720,48168,11128,48168,1567,130
3439,8720,48169,11128,48169,1567,130
3439,8720,48170,11128,48170,1567,130
3439,8720,48171,11128,48171,1567,130
3440,8720,48172,11128,48172,1567,130
3440,8720,48173,11128,48173,1567,130
3440,8720,48174,11128,48174,1567,130
3439,8720,48175,11128,48175,1567,130
3439,8720,48176,11128,48176,1567,130
3439,8720,48177,11128,48177,1567,130
3439,8720,48178,11128,48178,1567,130
3440,8720,48179,11128,48179,1567,130
3440,8720,48180,11128,48180,1567,130
3440,8720,48181,11128,48181,1567,130
3440,8720,48182,11128,48182,1567,130
3440,8720,48183,11128,48183,1567,130
3440,8720,48184,11128,48184,1567,130
3440,8720,48185,11128,48185,1567,130
3440,8720,48186,11128,48186,1567,130
3440,8720,48187,11128,48187,1567,130
3440,8720,48188,11128,48188,1567,130
3441,8720,48189,11128,48189,1567,130
3441,8720,48190,11128,48190,1567,130
3440,8720,48191,11128,48191,1567,130
3440,8720,48192,11128,48192,1567,130
3440,8720,48193,11128,48193,1567,130
3441,8720,48194,11128,48194,1567,130
3441,8720,48195,11128,48195,1567,130
3441,8720,48196,11128,48196,1567,130
3441,8720,48197,11128,48197,1567,130
3441,8720,48198,11128,48198,1567,130
3441,8720,48199,11128,48199,1567,130
3441,8720,48200,11128,48200,1567,130
3441,8720,48201,11128,48201,1567,130
3441,8720,48202,11128,48202,1567,130
3441,8720,48203,11128,48203,1567,130
3441,8720,48204,11128,48204,1567,130
3441,8720,48205,11128,48205,1567,130
3441,8720,48206,11128,48206,1567,130
3441,8720,48207,11128,48207,1567,130
3441,8720,48208,11128,48208,1567,130
3441,8720,48209,11128,48209,1567,130
3441,8720,48210,11128,48210,1567,130
3441,8720,48211,11128,48211,1567,130
3441,8720,48212,11128,48212,1567,130
3441,8720,48213,11128,48213,1567,130
3441,8720,48214,11128,48214,1567,130
3441,8720,48215,11128,48215,1567,130
3441,8720,48216,11128,48216,1567,130
3441,8720,48217,11128,48217,1567,130
3442,8720,48218,11128,48218,1567,130
3442,8720,48219,11128,48219,1567,130
3442,8720,48220,11128,48220,1567,130
3441,8720,48221,11128,48221,1567,130
3441,8720,48222,11128,48222,1567,130
3441,8720,48223,11128,48223,1567,130
3441,8720,48224,11128,48224,1567,130
3441,8720,48225,11128,48225,1567,130
3441,8720,48226,11128,48226,1567,130
3441,8720,48227,11128,48227,1567,130
3441,8720,48228,11128,48228,1567,130
3441,8720,48229,11128,48229,1567,130
3441,8720,48230,11128,48230,1567,130
3440,8720,48231,11128,48231,1567,130
3440,8720,48232,11128,48232,1567,130
3440,8720,48233,11128,48233,1567,130
3440,8720,48234,11128,48234,1567,130
3440,8720,48235,11128,48235,1567,130
3440,8720,48236,11128,48236,1567,130
3440,8720,48237,11128,48237,1567,130
3440,8720,48238,11128,48238,1567,130
3440,8720,48239,11128,48239,1567,130
3440,8720,48240,11128,48240,1567,130
3441,8720,48241,11128,48241,1567,130
3441,8720,48242,11128,48242,1567,130
3441,8720,48243,11128,48243,1567,130
3441,8720,48244,11128,48244,1567,130
3441,8720,48245,11128,48245,1567,130
3441,8720,48246,11128,48246,1567,130
3441,8720,48247,11128,48247,1567,130
3441,8720,48248,11128,48248,1567,130
3441,8720,48249,11128,48249,1567,130
3441,8720,48250,11128,48250,1567,130
3441,8720,48251,11128,48251,1567,130
3441,8720,48252,11128,48252,1567,130
3441,8720,48253,11128,48253,1567,130
3441,8720,48254,11128,48254,1567,130
3441,8720,48255,11128,48255,1567,130
3441,8720,48256,11128,48256,1567,130
3441,8720,48257,11128,48257,1567,130
3441,8720,48258,11128,48258,1567,130
3441,8720,48259,11128,48259,1567,130
3441,8720,48260,11128,48260,1567,130
3441,8720,48261,11128,48261,1567,130
3441,8720,48262,11128,48262,1567,130
3441,8720,48263,11128,48263,1567,130
3441,8720,48264,11128,48264,1567,130
3441,8720,48265,11128,48265,1567,130
3441,8720,48266,11128,48266,1567,130
3441,8720,48267,11128,48267,1567,130
3441,8720,48268,11128,48268,1567,130
3442,8720,48269,11128,48269,1567,130
3442,8720,48270,11128,48270,1567,130
3441,8720,48271,11128,48271,1567,130
3441,8720,48272,11128,48272,1567,130
3441,8720,48273,11128,48273,1567,130
3440,8720,48274,11128,48274,1567,130
3440,8720,48275,11128,48275,1567,130
3439,8720,48276,11128,48276,1567,130
3439,8720,48277,11128,48277,1567,130
3438,8720,48278,11128,48278,1567,129
3438,8720,48279,11128,48279,1567,129
3438,8720,48280,11128,48280,1567,129
3438,8720,48281,11128,48281,1567,129
3438,8720,48282,11128,48282,1567,129
3437,8720,48283,11128,48283,1567,129
3438,8720,48284,11128,48284,1567,129
3438,8720,48285,11128,48285,1567,129
3438,8720,48286,11128,48286,1567,129
3438,8720,48287,11128,48287,1567,129
3438,8720,48288,11128,48288,1567,129
3438,8720,48289,11128,48289,1567,129
3438,8720,48290,11128,48290,1567,129
3438,8720,48291,11128,48291,1567,129
3438,8720,48292,11128,48292,1567,129
3438,8720,48293,11128,48293,1567,129
3438,8720,48294,11128,48294,1567,129
3437,8720,48295,11128,48295,1567,129
3437,8720,48296,11128,48296,1567,129
3437,8720,48297,11128,48297,1567,129
3437,8720,48298,11128,48298,1567,129
3437,8720,48299,11128,48299,1567,129
3438,8720,48300,11128,48300,1567,129
3438,8720,48301,11128,48301,1567,129
3438,8720,48302,11128,48302,1567,129
3438,8720,48303,11128,48303,1567,129
3438,8720,48304,11128,48304,1567,129
3438,8720,48305,11128,48305,1567,129
3439,8720,48306,11128,48306,1567,129
3439,8720,48307,11128,48307,1567,129
3439,8720,48308,11128,48308,1567,129
3439,8720,48309,11128,48309,1567,129
3439,8720,48310,11128,48310,1567,129
3439,8720,48311,11128,48311,1567,129
3439,8720,48312,11128,48312,1567,129
3439,8720,48313,11128,48313,1567,129
3439,8720,48314,11128,48314,1567,129
3439,8720,48315,11128,48315,1567,129
3440,8720,48316,11128,48316,1567,129
3440,8720,48317,11128,48317,1567,129
3440,8720,48318,11128,48318,1567,129
3441,8720,48319,11128,48319,1567,129
3441,8720,48320,11128,48320,1567,129
3441,8720,48321,11128,48321,1567,129
3441,8720,48322,11128,48322,1567,129
3441,8720,48323,11128,48323,1567,129
3441,8720,48324,11128,48324,1567,129
3441,8720,48325,11128,48325,1567,129
3441,8720,48326,11128,48326,1567,129
3441,8720,48327,11128,48327,1567,129
3442,8720,48328,11128,48328,1567,129
3443,8720,48329,11128,48329,1567,129
3443,8720,48330,11128,48330,1567,129
3443,8720,48331,11128,48331,1567,129
3443,8720,48332,11128,48332,1567,129
3443,8720,48333,11128,48333,1567,129
3443,8720,48334,11128,48334,1567,129
3443,8720,48335,11128,48335,1567,129
3443,8720,48336,11128,48336,1567,129
3444,8720,48337,11128,48337,1567,129
3444,8720,48338,11128,48338,1567,129
3444,8720,48339,11128,48339,1567,129
3444,8720,48340,11128,48340,1567,129
3444,8720,48341,11128,48341,1567,129
3444,8720,48342,11128,48342,1567,129
3444,8720,48343,11128,48343,1567,129
3444,8720,48344,11128,48344,1567,129
3445,8720,48345,11128,48345,1567,129
3444,8720,48346,11128,48346,1567,129
3444,8720,48347,11128,48347,1567,129
3444,8720,48348,11128,48348,1567,129
3444,8720,48349,11128,48349,1567,129
3444,8720,48350,11128,48350,1567,129
3444,8720,48351,11128,48351,1567,129
3444,8720,48352,11128,48352,1567,129
3444,8720,48353,11128,48353,1567,129
3444,8720,48354,11128,48354,1567,129
3444,8720,48355,11128,48355,1567,129
3444,8720,48356,11128,48356,1567,129
3444,8720,48357,11128,48357,1567,129
3444,8720,48358,11128,48358,1567,129
3444,8720,48359,11128,48359,1567,129
3444,8720,48360,11128,48360,1567,129
3444,8720,48361,11128,48361,1567,129
3444,8720,48362,11128,48362,1567,129
3444,8720,48363,11128,48363,1567,129
3443,8720,48364,11128,48364,1567,129
3443,8720,48365,11128,48365,1567,129
3443,8720,48366,11128,48366,1567,129
3443,8720,48367,11128,48367,1567,129
3442,8720,48368,11128,48368,1567,129
3442,8720,48369,11128,48369,1567,129
3442,8720,48370,11128,48370,1567,129
3442,8720,48371,11128,48371,1567,129
3442,8720,48372,11128,48372,1567,129
3442,8720,48373,11128,48373,1567,129
3442,8720,48374,11128,48374,1567,129
3442,8720,48375,11128,48375,1567,129
3442,8720,48376,11128,48376,1567,129
3442,8720,48377,11128,48377,1567,129
3442,8720,48378,11128,48378,1567,129
3442,8720,48379,11128,48379,1567,129
3442,8720,48380,11128,48380,1567,129
3442,8720,48381,11128,48381,1567,129
3442,8720,48382,11128,48382,1567,129
3441,8720,48383,11128,48383,1567,129
3441,8720,48384,11128,48384,1567,129
3441,8720,48385,11128,48385,1567,129
3441,8720,48386,11128,48386,1567,129
3441,8720,48387,11128,48387,1567,129
3441,8720,48388,11128,48388,1567,129
3441,8720,48389,11128,48389,1567,129
3441,8720,48390,11128,48390,1567,129
3441,8720,48391,11128,48391,1567,129
3441,8720,48392,11128,48392,1567,129
3442,8720,48393,11128,48393,1567,129
3442,8720,48394,11128,48394,1567,129
3442,8720,48395,11128,48395,1567,129
3442,8720,48396,11128,48396,1567,129
3442,8720,48397,11128,48397,1567,129
3442,8720,48398,11128,48398,1567,129
3442,8720,48399,11128,48399,1567,129
3442,8720,48400,11128,48400,1567,129
3442,8720,48401,11128,48401,1567,129
3442,8720,48402,11128,48402,1567,129
3443,8720,48403,11128,48403,1567,129
3443,8720,48404,11128,48404,1567,129
3443,8720,48405,11128,48405,1567,129
3443,8720,48406,11128,48406,1567,129
3443,8720,48407,11128,48407,1567,129
3443,8720,48408,11128,48408,1567,129
3443,8720,48409,11128,48409,1567,129
3443,8720,48410,11128,48410,1567,129
3443,8720,48411,11128,48411,1567,129
3442,8720,48412,11128,48412,1567,129
3442,8720,48413,11128,48413,1567,129
3440,8720,48414,11128,48414,1567,129
3440,8720,48415,11128,48415,1567,129
3440,8720,48416,11128,48416,1567,129
3440,8720,48417,11128,48417,1567,129
3440,8720,48418,11128,48418,1567,129
3440,8720,48419,11128,48419,1567,129
3440,8720,48420,11128,48420,1567,129
3440,8720,48421,11128,48421,1567,129
3441,8720,48422,11128,48422,1567,129
3441,8720,48423,11128,48423,1567,129
3441,8720,48424,11128,48424,1567,129
3441,8720,48425,11128,48425,1567,129
3442,8720,48426,11128,48426,1567,129
3442,8720,48427,11128,48427,1567,129
3443,8720,48428,11128,48428,1567,129
3443,8720,48429,11128,48429,1567,129
3443,8720,48430,11128,48430,1567,129
3443,8720,48431,11128,48431,1567,129
3444,8720,48432,11128,48432,1567,129
3444,8720,48433,11128,48433,1567,129
3445,8720,48434,11128,48434,1567,129
3445,8720,48435,11128,48435,1567,129
3445,8720,48436,11128,48436,1567,129
3445,8720,48437,11128,48437,1567,129
3445,8720,48438,11128,48438,1567,129
3445,8720,48439,11128,48439,1567,129
3445,8720,48440,11128,48440,1567,129
3445,8720,48441,11128,48441,1567,129
3445,8720,48442,11128,48442,1567,129
3445,8720,48443,11128,48443,1567,129
3445,8720,48444,11128,48444,1567,129
3445,8720,48445,11128,48445,1567,129
3445,8720,48446,11128,48446,1567,129
3445,8720,48447,11128,48447,1567,129
3445,8720,48448,11128,48448,1567,129
3445,8720,48449,11128,48449,1567,129
3445,8720,48450,11128,48450,1567,129
3445,8720,48451,11128,48451,1567,129
3445,8720,48452,11128,48452,1567,129
3445,8720,48453,11128,48453,1567,129
3444,8720,48454,11128,48454,1567,129
3444,8720,48455,11128,48455,1567,129
3444,8720,48456,11128,48456,1567,129
3444,8720,48457,11128,48457,1567,129
3444,8720,48458,11128,48458,1567,129
3444,8720,48459,11128,48459,1567,129
3444,8720,48460,11128,48460,1567,129
3444,8720,48461,11128,48461,1567,129
3444,8720,48462,11128,48462,1567,129
3444,8720,48463,11128,48463,1567,129
3444,8720,48464,11128,48464,1567,129
3444,8720,48465,11128,48465,1567,129
3444,8720,48466,11128,48466,1567,129
3444,8720,48467,11128,48467,1567,129
3443,8720,48468,11128,48468,1567,129
3442,8720,48469,11128,48469,1567,129
3442,8720,48470,11128,48470,1567,129
3442,8720,48471,11128,48471,1567,129
3443,8720,48472,11128,48472,1567,129
3443,8720,48473,11128,48473,1567,129
3443,8720,48474,11128,48474,1567,129
3443,8720,48475,11128,48475,1567,129
3443,8720,48476,11128,48476,1567,129
3443,8720,48477,11128,48477,1567,129
3442,8720,48478,11128,48478,1567,129
3442,8720,48479,11128,48479,1567,129
3441,8720,48480,11128,48480,1567,129
3441,8720,48481,11128,48481,1567,129
3441,8720,48482,11128,48482,1567,129
3441,8720,48483,11128,48483,1567,129
3441,8720,48484,11128,48484,1567,129
3441,8720,48485,11128,48485,1567,129
3441,8720,48486,11128,48486,1567,129
3440,8720,48487,11128,48487,1567,129
3439,8720,48488,11128,48488,1567,129
3439,8720,48489,11128,48489,1567,129
3439,8720,48490,11128,48490,1567,129
3439,8720,48491,11128,48491,1567,129
3439,8720,48492,11128,48492,1567,129
3439,8720,48493,11128,48493,1567,129
3439,8720,48494,11128,48494,1567,129
3439,8720,48495,11128,48495,1567,129
3439,8720,48496,11128,48496,1567,129
3439,8720,48497,11128,48497,1567,129
3440,8720,48498,11128,48498,1567,129
3440,8720,48499,11128,48499,1567,129
3440,8720,48500,11128,48500,1567,129
3440,8720,48501,11128,48501,1567,129
3440,8720,48502,11128,48502,1567,129
3440,8720,48503,11128,48503,1567,129
3440,8720,48504,11128,48504,1567,129
3440,8720,48505,11128,48505,1567,129
3440,8720,48506,11128,48506,1567,129
3439,8720,48507,11128,48507,1567,129
3438,8720,48508,11128,48508,1567,129
3438,8720,48509,11128,48509,1567,129
3438,8720,48510,11128,48510,1567,129
3438,8720,48511,11128,48511,1567,129
3438,8720,48512,11128,48512,1567,129
3438,8720,48513,11128,48513,1567,129
3438,8720,48514,11128,48514,1567,129
3438,8720,48515,11128,48515,1567,129
3438,8720,48516,11128,48516,1567,129
3438,8720,48517,11128,48517,1567,129
3439,8720,48518,11128,48518,1567,129
3439,8720,48519,11128,48519,1567,129
3439,8720,48520,11128,48520,1567,129
3439,8720,48521,11128,48521,1567,129
3438,8720,48522,11128,48522,1567,129
3438,8720,48523,11128,48523,1567,129
3438,8720,48524,11128,48524,1567,129
3438,8720,48525,11128,48525,1567,129
3438,8720,48526,11128,48526,1567,129
3438,8720,48527,11128,48527,1567,129
3438,8720,48528,11128,48528,1567,129
3438,8720,48529,11128,48529,1567,129
3439,8720,48530,11128,48530,1567,129
3439,8720,48531,11128,48531,1567,129
3439,8720,48532,11128,48532,1567,129
3439,8720,48533,11128,48533,1567,129
3439,8720,48534,11128,48534,1567,129
3439,8720,48535,11128,48535,1567,129
3439,8720,48536,11128,48536,1567,129
3439,8720,48537,11128,48537,1567,129
3439,8720,48538,11128,48538,1567,129
3438,8720,48539,11128,48539,1567,129
3438,8720,48540,11128,48540,1567,129
3438,8720,48541,11128,48541,1567,129
3438,8720,48542,11128,48542,1567,129
3438,8720,48543,11128,48543,1567,129
3438,8720,48544,11128,48544,1567,129
3438,8720,48545,11128,48545,1567,129
3439,8720,48546,11128,48546,1567,129
3439,8720,48547,11128,48547,1567,129
3439,8720,48548,11128,48548,1567,129
3439,8720,48549,11128,48549,1567,129
3439,8720,48550,11128,48550,1567,129
3439,8720,48551,11128,48551,1567,129
3440,8720,48552,11128,48552,1567,129
3440,8720,48553,11128,48553,1567,129
3439,8720,48554,11128,48554,1567,129
3439,8720,48555,11128,48555,1567,129
3439,8720,48556,11128,48556,1567,129
3440,8720,48557,11128,48557,1567,129
3440,8720,48558,11128,48558,1567,129
3440,8720,48559,11128,48559,1567,129
3440,8720,48560,11128,48560,1567,129
3440,8720,48561,11128,48561,1567,129
3440,8720,48562,11128,48562,1567,129
3440,8720,48563,11128,48563,1567,129
3440,8720,48564,11128,48564,1567,129
3440,8720,48565,11128,48565,1567,129
3440,8720,48566,11128,48566,1567,129
3440,8720,48567,11128,48567,1567,129
3440,8720,48568,11128,48568,1567,129
3440,8720,48569,11128,48569,1567,129
3440,8720,48570,11128,48570,1567,129
3441,8720,48571,11128,48571,1567,129
3441,8720,48572,11128,48572,1567,129
3442,8720,48573,11128,48573,1567,129
3442,8720,48574,11128,48574,1567,129
3442,8720,48575,11128,48575,1567,129
3442,8720,48576,11128,48576,1567,129
3442,8720,48577,11128,48577,1567,129
3442,8720,48578,11128,48578,1567,129
3442,8720,48579,11128,48579,1567,129
3442,8720,48580,11128,48580,1567,129
3443,8720,48581,11128,48581,1567,129
3443,8720,48582,11128,48582,1567,129
3443,8720,48583,11128,48583,1567,129
3443,8720,48584,11128,48584,1567,129
3443,8720,48585,11128,48585,1567,129
3443,8720,48586,11128,48586,1567,129
3443,8720,48587,11128,48587,1567,129
3443,8720,48588,11128,48588,1567,129
3443,8720,48589,11128,48589,1567,129
3443,8720,48590,11128,48590,1567,129
3443,8720,48591,11128,48591,1567,129
3443,8720,48592,11128,48592,1567,129
3443,8720,48593,11128,48593,1567,129
3443,8720,48594,11128,48594,1567,129
3443,8720,48595,11128,48595,1567,129
3443,8720,48596,11128,48596,1567,129
3443,8720,48597,11128,48597,1567,129
3443,8720,48598,11128,48598,1567,129
3443,8720,48599,11128,48599,1567,129
3443,8720,48600,11128,48600,1567,129
3443,8720,48601,11128,48601,1567,129
3443,8720,48602,11128,48602,1567,129
3443,8720,48603,11128,48603,1567,129
3443,8720,48604,11128,48604,1567,129
3443,8720,48605,11128,48605,1567,129
3443,8720,48606,11128,48606,1567,129
3443,8720,48607,11128,48607,1567,129
3442,8720,48608,11128,48608,1567,129
3443,8720,48609,11128,48609,1567,129
3444,8720,48610,11128,48610,1567,129
3444,8720,48611,11128,48611,1567,129
3444,8720,48612,11128,48612,1567,129
3444,8720,48613,11128,48613,1567,129
3444,8720,48614,11128,48614,1567,129
3445,8720,48615,11128,48615,1567,129
3446,8720,48616,11128,48616,1567,129
3446,8720,48617,11128,48617,1567,129
3446,8720,48618,11128,48618,1567,129
3446,8720,48619,11128,48619,1567,129
3444,8720,48620,11128,48620,1567,128
3444,8720,48621,11128,48621,1567,128
3445,8720,48622,11128,48622,1567,128
3445,8720,48623,11128,48623,1567,128
3445,8720,48624,11128,48624,1567,128
3445,8720,48625,11128,48625,1567,128
3445,8720,48626,11128,48626,1567,128
3445,8720,48627,11128,48627,1567,128
3445,8720,48628,11128,48628,1567,128
3446,8720,48629,11128,48629,1567,128
3445,8720,48630,11128,48630,1567,128
3445,8720,48631,11128,48631,1567,128
3445,8720,48632,11128,48632,1567,128
3445,8720,48633,11128,48633,1567,128
3445,8720,48634,11128,48634,1567,128
3445,8720,48635,11128,48635,1567,128
3445,8720,48636,11128,48636,1567,128
3445,8720,48637,11128,48637,1567,128
3445,8720,48638,11128,48638,1567,128
3445,8720,48639,11128,48639,1567,128
3446,8720,48640,11128,48640,1567,128
3446,8720,48641,11128,48641,1567,128
3446,8720,48642,11128,48642,1567,128
3446,8720,48643,11128,48643,1567,128
3446,8720,48644,11128,48644,1567,128
3447,8720,48645,11128,48645,1567,128
3447,8720,48646,11128,48646,1567,128
3446,8720,48647,11128,48647,1567,128
3446,8720,48648,11128,48648,1567,128
3446,8720,48649,11128,48649,1567,128
3445,8720,48650,11128,48650,1567,128
3445,8720,48651,11128,48651,1567,128
3445,8720,48652,11128,48652,1567,128
3444,8720,48653,11128,48653,1567,128
3444,8720,48654,11128,48654,1567,128
3444,8720,48655,11128,48655,1567,128
3444,8720,48656,11128,48656,1567,128
3444,8720,48657,11128,48657,1567,128
3444,8720,48658,11128,48658,1567,128
3444,8720,48659,11128,48659,1567,128
3444,8720,48660,11128,48660,1567,128
3444,8720,48661,11128,48661,1567,128
3444,8720,48662,11128,48662,1567,128
3444,8720,48663,11128,48663,1567,128
3444,8720,48664,11128,48664,1567,128
3444,8720,48665,11128,48665,1567,128
3444,8720,48666,11128,48666,1567,128
3444,8720,48667,11128,48667,1567,128
3444,8720,48668,11128,48668,1567,128
3444,8720,48669,11128,48669,1567,128
3444,8720,48670,11128,48670,1567,128
3445,8720,48671,11128,48671,1567,128
3445,8720,48672,11128,48672,1567,128
3445,8720,48673,11128,48673,1567,128
3445,8720,48674,11128,48674,1567,128
3445,8720,48675,11128,48675,1567,128
3444,8720,48676,11128,48676,1567,128
3444,8720,48677,11128,48677,1567,128
3444,8720,48678,11128,48678,1567,128
3444,8720,48679,11128,48679,1567,128
3444,8720,48680,11128,48680,1567,128
3444,8720,48681,11128,48681,1567,128
3444,8720,48682,11128,48682,1567,128
3444,8720,48683,11128,48683,1567,128
3444,8720,48684,11128,48684,1567,128
3444,8720,48685,11128,48685,1567,128
3443,8720,48686,11128,48686,1567,128
3443,8720,48687,11128,48687,1567,128
3443,8720,48688,11128,48688,1567,128
3442,8720,48689,11128,48689,1567,128
3442,8720,48690,11128,48690,1567,128
3442,8720,48691,11128,48691,1567,128
3442,8720,48692,11128,48692,1567,128
3442,8720,48693,11128,48693,1567,128
3442,8720,48694,11128,48694,1567,128
3442,8720,48695,11128,48695,1567,128
3442,8720,48696,11128,48696,1567,128
3442,8720,48697,11128,48697,1567,128
3442,8720,48698,11128,48698,1567,128
3442,8720,48699,11128,48699,1567,128
3442,8720,48700,11128,48700,1567,128
3442,8720,48701,11128,48701,1567,128
3442,8720,48702,11128,48702,1567,128
3442,8720,48703,11128,48703,1567,128
3442,8720,48704,11128,48704,1567,128
3442,8720,48705,11128,48705,1567,128
3442,8720,48706,11128,48706,1567,128
3442,8720,48707,11128,48707,1567,128
3442,8720,48708,11128,48708,1567,128
3442,8720,48709,11128,48709,1567,128
3442,8720,48710,11128,48710,1567,128
3442,8720,48711,11128,48711,1567,128
3442,8720,48712,11128,48712,1567,128
3442,8720,48713,11128,48713,1567,128
3442,8720,48714,11128,48714,1567,128
3442,8720,48715,11128,48715,1567,128
3442,8720,48716,11128,48716,1567,128
3442,8720,48717,11128,48717,1567,128
3442,8720,48718,11128,48718,1567,128
3442,8720,48719,11128,48719,1567,128
3442,8720,48720,11128,48720,1567,128
3442,8720,48721,11128,48721,1567,128
3442,8720,48722,11128,48722,1567,128
3442,8720,48723,11128,48723,1567,128
3442,8720,48724,11128,48724,1567,128
3442,8720,48725,11128,48725,1567,128
3442,8720,48726,11128,48726,1567,128
3442,8720,48727,11128,48727,1567,128
3442,8720,48728,11128,48728,1567,128
3442,8720,48729,11128,48729,1567,128
3442,8720,48730,11128,48730,1567,128
3442,8720,48731,11128,48731,1567,128
3442,8720,48732,11128,48732,1567,128
3442,8720,48733,11128,48733,1567,128
3441,8720,48734,11128,48734,1567,128
3441,8720,48735,11128,48735,1567,128
3441,8720,48736,11128,48736,1567,128
3441,8720,48737,11128,48737,1567,128
3441,8720,48738,11128,48738,1567,128
3441,8720,48739,11128,48739,1567,128
3441,8720,48740,11128,48740,1567,128
3441,8720,48741,11128,48741,1567,128
3441,8720,48742,11128,48742,1567,128
3441,8720,48743,11128,48743,1567,128
3441,8720,48744,11128,48744,1567,128
3441,8720,48745,11128,48745,1567,128
3441,8720,48746,11128,48746,1567,128
3441,8720,48747,11128,48747,1567,128
3441,8720,48748,11128,48748,1567,128
3441,8720,48749,11128,48749,1567,128
3441,8720,48750,11128,48750,1567,128
3441,8720,48751,11128,48751,1567,128
3441,8720,48752,11128,48752,1567,128
3441,8720,48753,11128,48753,1567,128
3441,8720,48754,11128,48754,1567,128
3441,8720,48755,11128,48755,1567,128
3441,8720,48756,11128,48756,1567,128
3441,8720,48757,11128,48757,1567,128
3441,8720,48758,11128,48758,1567,128
3441,8720,48759,11128,48759,1567,128
3441,8720,48760,11128,48760,1567,128
3441,8720,48761,11128,48761,1567,128
3442,8720,48762,11128,48762,1567,128
3442,8720,48763,11128,48763,1567,128
3442,8720,48764,11128,48764,1567,128
3442,8720,48765,11128,48765,1567,128
3442,8720,48766,11128,48766,1567,128
3442,8720,48767,11128,48767,1567,128
3442,8720,48768,11128,48768,1567,128
3442,8720,48769,11128,48769,1567,128
3438,8720,48770,11128,48770,1567,124
3438,8720,48771,11128,48771,1567,124
3438,8720,48772,11128,48772,1567,124
3438,8720,48773,11128,48773,1567,124
3438,8720,48774,11128,48774,1567,124
3439,8720,48775,11128,48775,1567,124
3439,8720,48776,11128,48776,1567,124
3439,8720,48777,11128,48777,1567,124
3439,8720,48778,11128,48778,1567,124
3439,8720,48779,11128,48779,1567,124
3439,8720,48780,11128,48780,1567,124
3439,8720,48781,11128,48781,1567,124
3439,8720,48782,11128,48782,1567,124
3439,8720,48783,11128,48783,1567,124
3439,8720,48784,11128,48784,1567,124
3439,8720,48785,11128,48785,1567,124
3438,8720,48786,11128,48786,1567,124
3438,8720,48787,11128,48787,1567,124
3438,8720,48788,11128,48788,1567,124
3438,8720,48789,11128,48789,1567,124
3438,8720,48790,11128,48790,1567,124
3438,8720,48791,11128,48791,1567,124
3438,8720,48792,11128,48792,1567,124
3438,8720,48793,11128,48793,1567,124
3438,8720,48794,11128,48794,1567,124
3438,8720,48795,11128,48795,1567,124
3438,8720,48796,11128,48796,1567,124
3438,8720,48797,11128,48797,1567,124
3438,8720,48798,11128,48798,1567,124
3438,8720,48799,11128,48799,1567,124
3437,8720,48800,11128,48800,1567,124
3437,8720,48801,11128,48801,1567,124
3437,8720,48802,11128,48802,1567,124
3437,8720,48803,11128,48803,1567,124
3437,8720,48804,11128,48804,1567,124
3437,8720,48805,11128,48805,1567,124
3437,8720,48806,11128,48806,1567,124
3437,8720,48807,11128,48807,1567,124
3436,8720,48808,11128,48808,1567,124
3436,8720,48809,11128,48809,1567,124
3436,8720,48810,11128,48810,1567,124
3436,8720,48811,11128,48811,1567,124
3436,8720,48812,11128,48812,1567,124
3436,8720,48813,11128,48813,1567,124
3436,8720,48814,11128,48814,1567,124
3436,8720,48815,11128,48815,1567,124
3436,8720,48816,11128,48816,1567,124
3436,8720,48817,11128,48817,1567,124
3436,8720,48818,11128,48818,1567,124
3436,8720,48819,11128,48819,1567,124
3436,8720,48820,11128,48820,1567,124
3436,8720,48821,11128,48821,1567,124
3435,8720,48822,11128,48822,1567,124
3435,8720,48823,11128,48823,1567,124
3435,8720,48824,11128,48824,1567,124
3435,8720,48825,11128,48825,1567,124
3436,8720,48826,11128,48826,1567,124
3436,8720,48827,11128,48827,1567,124
3436,8720,48828,11128,48828,1567,124
3436,8720,48829,11128,48829,1567,124
3436,8720,48830,11128,48830,1567,124
3436,8720,48831,11128,48831,1567,124
3436,8720,48832,11128,48832,1567,124
3436,8720,48833,11128,48833,1567,124
3436,8720,48834,11128,48834,1567,124
3436,8720,48835,11128,48835,1567,124
3436,8720,48836,11128,48836,1567,124
3436,8720,48837,11128,48837,1567,124
3436,8720,48838,11128,48838,1567,124
3436,8720,48839,11128,48839,1567,124
3436,8720,48840,11128,48840,1567,124
3436,8720,48841,11128,48841,1567,124
3437,8720,48842,11128,48842,1567,124
3438,8720,48843,11128,48843,1567,124
3438,8720,48844,11128,48844,1567,124
3437,8720,48845,11128,48845,1567,124
3437,8720,48846,11128,48846,1567,124
3437,8720,48847,11128,48847,1567,124
3437,8720,48848,11128,48848,1567,124
3436,8720,48849,11128,48849,1567,124
3436,8720,48850,11128,48850,1567,124
3436,8720,48851,11128,48851,1567,124
3436,8720,48852,11128,48852,1567,124
3436,8720,48853,11128,48853,1567,124
3436,8720,48854,11128,48854,1567,124
3435,8720,48855,11128,48855,1567,124
3435,8720,48856,11128,48856,1567,124
3435,8720,48857,11128,48857,1567,124
3435,8720,48858,11128,48858,1567,124
3436,8720,48859,11128,48859,1567,124
3436,8720,48860,11128,48860,1567,124
3436,8720,48861,11128,48861,1567,124
3436,8720,48862,11128,48862,1567,124
3436,8720,48863,11128,48863,1567,124
3436,8720,48864,11128,48864,1567,124
3436,8720,48865,11128,48865,1567,124
3436,8720,48866,11128,48866,1567,124
3436,8720,48867,11128,48867,1567,124
3436,8720,48868,11128,48868,1567,124
3436,8720,48869,11128,48869,1567,124
3436,8720,48870,11128,48870,1567,124
3436,8720,48871,11128,48871,1567,124
3436,8720,48872,11128,48872,1567,124
3436,8720,48873,11128,48873,1567,124
3436,8720,48874,11128,48874,1567,124
3436,8720,48875,11128,48875,1567,124
3436,8720,48876,11128,48876,1567,124
3436,8720,48877,11128,48877,1567,124
3436,8720,48878,11128,48878,1567,124
3436,8720,48879,11128,48879,1567,124
3434,8720,48880,11128,48880,1567,124
3434,8720,48881,11128,48881,1567,124
3434,8720,48882,11128,48882,1567,124
3433,8720,48883,11128,48883,1567,124
3433,8720,48884,11128,48884,1567,124
3433,8720,48885,11128,48885,1567,124
3433,8720,48886,11128,48886,1567,124
3433,8720,48887,11128,48887,1567,124
3434,8720,48888,11128,48888,1567,124
3434,8720,48889,11128,48889,1567,124
3434,8720,48890,11128,48890,1567,124
3434,8720,48891,11128,48891,1567,124
3434,8720,48892,11128,48892,1567,124
3434,8720,48893,11128,48893,1567,124
3434,8720,48894,11128,48894,1567,124
3433,8720,48895,11128,48895,1567,124
3433,8720,48896,11128,48896,1567,124
3433,8720,48897,11128,48897,1567,124
3433,8720,48898,11128,48898,1567,124
3433,8720,48899,11128,48899,1567,124
3433,8720,48900,11128,48900,1567,124
3433,8720,48901,11128,48901,1567,124
3433,8720,48902,11128,48902,1567,124
3432,8720,48903,11128,48903,1567,124
3433,8720,48904,11128,48904,1567,124
3433,8720,48905,11128,48905,1567,124
3433,8720,48906,11128,48906,1567,124
3432,8720,48907,11128,48907,1567,124
3432,8720,48908,11128,48908,1567,124
3432,8720,48909,11128,48909,1567,124
3432,8720,48910,11128,48910,1567,124
3432,8720,48911,11128,48911,1567,124
3432,8720,48912,11128,48912,1567,124
3432,8720,48913,11128,48913,1567,124
3433,8720,48914,11128,48914,1567,124
3433,8720,48915,11128,48915,1567,124
3433,8720,48916,11128,48916,1567,124
3433,8720,48917,11128,48917,1567,124
3433,8720,48918,11128,48918,1567,124
3433,8720,48919,11128,48919,1567,124
3433,8720,48920,11128,48920,1567,124
3433,8720,48921,11128,48921,1567,124
3434,8720,48922,11128,48922,1567,124
3434,8720,48923,11128,48923,1567,124
3435,8720,48924,11128,48924,1567,124
3435,8720,48925,11128,48925,1567,124
3436,8720,48926,11128,48926,1567,124
3436,8720,48927,11128,48927,1567,124
3436,8720,48928,11128,48928,1567,124
3436,8720,48929,11128,48929,1567,124
3436,8720,48930,11128,48930,1567,124
3436,8720,48931,11128,48931,1567,124
3436,8720,48932,11128,48932,1567,124
3436,8720,48933,11128,48933,1567,124
3436,8720,48934,11128,48934,1567,124
3436,8720,48935,11128,48935,1567,124
3436,8720,48936,11128,48936,1567,124
3436,8720,48937,11128,48937,1567,124
3436,8720,48938,11128,48938,1567,124
3436,8720,48939,11128,48939,1567,124
3436,8720,48940,11128,48940,1567,124
3435,8720,48941,11128,48941,1567,124
3435,8720,48942,11128,48942,1567,124
3435,8720,48943,11128,48943,1567,124
3435,8720,48944,11128,48944,1567,124
3435,8720,48945,11128,48945,1567,124
3435,8720,48946,11128,48946,1567,124
3435,8720,48947,11128,48947,1567,124
3435,8720,48948,11128,48948,1567,124
3435,8720,48949,11128,48949,1567,124
3436,8720,48950,11128,48950,1567,124
3436,8720,48951,11128,48951,1567,124
3436,8720,48952,11128,48952,1567,124
3436,8720,48953,11128,48953,1567,124
3436,8720,48954,11128,48954,1567,124
3436,8720,48955,11128,48955,1567,124
3436,8720,48956,11128,48956,1567,124
3436,8720,48957,11128,48957,1567,124
3436,8720,48958,11128,48958,1567,124
3435,8720,48959,11128,48959,1567,124
3435,8720,48960,11128,48960,1567,124
3436,8720,48961,11128,48961,1567,124
3436,8720,48962,11128,48962,1567,124
3436,8720,48963,11128,48963,1567,124
3436,8720,48964,11128,48964,1567,124
3436,8720,48965,11128,48965,1567,124
3436,8720,48966,11128,48966,1567,124
3435,8720,48967,11128,48967,1567,124
3435,8720,48968,11128,48968,1567,124
3435,8720,48969,11128,48969,1567,124
3435,8720,48970,11128,48970,1567,124
3435,8720,48971,11128,48971,1567,124
3435,8720,48972,11128,48972,1567,124
3435,8720,48973,11128,48973,1567,124
3435,8720,48974,11128,48974,1567,124
3435,8720,48975,11128,48975,1567,124
3435,8720,48976,11128,48976,1567,124
3435,8720,48977,11128,48977,1567,124
3435,8720,48978,11128,48978,1567,124
3435,8720,48979,11128,48979,1567,124
3435,8720,48980,11128,48980,1567,124
3435,8720,48981,11128,48981,1567,124
3435,8720,48982,11128,48982,1567,124
3435,8720,48983,11128,48983,1567,124
3435,8720,48984,11128,48984,1567,124
3435,8720,48985,11128,48985,1567,124
3435,8720,48986,11128,48986,1567,124
3435,8720,48987,11128,48987,1567,124
3435,8720,48988,11128,48988,1567,124
3435,8720,48989,11128,48989,1567,124
3433,8720,48990,11128,48990,1567,124
3433,8720,48991,11128,48991,1567,124
3433,8720,48992,11128,48992,1567,124
3433,8720,48993,11128,48993,1567,124
3433,8720,48994,11128,48994,1567,124
3433,8720,48995,11128,48995,1567,124
3433,8720,48996,11128,48996,1567,124
3433,8720,48997,11128,48997,1567,124
3433,8720,48998,11128,48998,1567,124
3434,8720,48999,11128,48999,1567,124
3434,8720,49000,11128,49000,1567,124
3434,8720,49001,11128,49001,1567,124
3434,8720,49002,11128,49002,1567,124
3434,8720,49003,11128,49003,1567,124
3434,8720,49004,11128,49004,1567,124
3434,8720,49005,11128,49005,1567,124
3434,8720,49006,11128,49006,1567,124
3434,8720,49007,11128,49007,1567,124
3434,8720,49008,11128,49008,1567,124
3434,8720,49009,11128,49009,1567,124
3434,8720,49010,11128,49010,1567,124
3434,8720,49011,11128,49011,1567,124
3434,8720,49012,11128,49012,1567,124
3434,8720,49013,11128,49013,1567,124
3434,8720,49014,11128,49014,1567,124
3433,8720,49015,11128,49015,1567,124
3433,8720,49016,11128,49016,1567,124
3433,8720,49017,11128,49017,1567,124
3433,8720,49018,11128,49018,1567,124
3433,8720,49019,11128,49019,1567,124
3433,8720,49020,11128,49020,1567,124
3433,8720,49021,11128,49021,1567,124
3433,8720,49022,11128,49022,1567,124
3433,8720,49023,11128,49023,1567,124
3433,8720,49024,11128,49024,1567,124
3434,8720,49025,11128,49025,1567,124
3433,8720,49026,11128,49026,1567,124
3433,8720,49027,11128,49027,1567,124
3433,8720,49028,11128,49028,1567,124
3433,8720,49029,11128,49029,1567,124
3433,8720,49030,11128,49030,1567,124
3433,8720,49031,11128,49031,1567,124
3433,8720,49032,11128,49032,1567,124
3433,8720,49033,11128,49033,1567,124
3433,8720,49034,11128,49034,1567,124
3433,8720,49035,11128,49035,1567,124
3433,8720,49036,11128,49036,1567,124
3433,8720,49037,11128,49037,1567,124
3433,8720,49038,11128,49038,1567,124
3433,8720,49039,11128,49039,1567,124
3433,8720,49040,11128,49040,1567,124
3433,8720,49041,11128,49041,1567,124
3433,8720,49042,11128,49042,1567,124
3433,8720,49043,11128,49043,1567,124
3433,8720,49044,11128,49044,1567,124
3433,8720,49045,11128,49045,1567,124
3433,8720,49046,11128,49046,1567,124
3433,8720,49047,11128,49047,1567,124
3433,8720,49048,11128,49048,1567,124
3433,8720,49049,11128,49049,1567,124
3432,8720,49050,11128,49050,1567,124
3432,8720,49051,11128,49051,1567,124
3432,8720,49052,11128,49052,1567,124
3432,8720,49053,11128,49053,1567,124
3432,8720,49054,11128,49054,1567,124
3432,8720,49055,11128,49055,1567,124
3432,8720,49056,11128,49056,1567,124
3433,8720,49057,11128,49057,1567,124
3433,8720,49058,11128,49058,1567,124
3433,8720,49059,11128,49059,1567,124
3433,8720,49060,11128,49060,1567,124
3432,8720,49061,11128,49061,1567,124
3432,8720,49062,11128,49062,1567,124
3431,8720,49063,11128,49063,1567,124
3431,8720,49064,11128,49064,1567,124
3431,8720,49065,11128,49065,1567,124
3432,8720,49066,11128,49066,1567,124
3432,8720,49067,11128,49067,1567,124
3432,8720,49068,11128,49068,1567,124
3432,8720,49069,11128,49069,1567,124
3432,8720,49070,11128,49070,1567,124
3432,8720,49071,11128,49071,1567,124
3432,8720,49072,11128,49072,1567,124
3432,8720,49073,11128,49073,1567,124
3432,8720,49074,11128,49074,1567,124
3432,8720,49075,11128,49075,1567,124
3432,8720,49076,11128,49076,1567,124
3432,8720,49077,11128,49077,1567,124
3432,8720,49078,11128,49078,1567,124
3431,8720,49079,11128,49079,1567,124
3431,8720,49080,11128,49080,1567,124
3431,8720,49081,11128,49081,1567,124
3431,8720,49082,11128,49082,1567,124
3431,8720,49083,11128,49083,1567,124
3432,8720,49084,11128,49084,1567,124
3432,8720,49085,11128,49085,1567,124
3432,8720,49086,11128,49086,1567,124
3433,8720,49087,11128,49087,1567,124
3432,8720,49088,11128,49088,1567,124
3432,8720,49089,11128,49089,1567,124
3432,8720,49090,11128,49090,1567,124
3431,8720,49091,11128,49091,1567,124
3431,8720,49092,11128,49092,1567,124
3431,8720,49093,11128,49093,1567,124
3431,8720,49094,11128,49094,1567,124
3431,8720,49095,11128,49095,1567,124
3431,8720,49096,11128,49096,1567,124
3431,8720,49097,11128,49097,1567,124
3431,8720,49098,11128,49098,1567,124
3431,8720,49099,11128,49099,1567,124
3431,8720,49100,11128,49100,1567,124
3431,8720,49101,11128,49101,1567,124
3430,8720,49102,11128,49102,1567,124
3429,8720,49103,11128,49103,1567,124
3429,8720,49104,11128,49104,1567,124
3429,8720,49105,11128,49105,1567,124
3429,8720,49106,11128,49106,1567,124
3429,8720,49107,11128,49107,1567,124
3429,8720,49108,11128,49108,1567,124
3429,8720,49109,11128,49109,1567,124
3429,8720,49110,11128,49110,1567,124
3429,8720,49111,11128,49111,1567,124
3429,8720,49112,11128,49112,1567,124
3429,8720,49113,11128,49113,1567,124
3430,8720,49114,11128,49114,1567,124
3430,8720,49115,11128,49115,1567,124
3431,8720,49116,11128,49116,1567,124
3431,8720,49117,11128,49117,1567,124
3431,8720,49118,11128,49118,1567,124
3431,8720,49119,11128,49119,1567,124
3431,8720,49120,11128,49120,1567,124
3431,8720,49121,11128,49121,1567,124
3431,8720,49122,11128,49122,1567,124
3431,8720,49123,11128,49123,1567,124
3431,8720,49124,11128,49124,1567,124
3431,8720,49125,11128,49125,1567,124
3431,8720,49126,11128,49126,1567,124
3431,8720,49127,11128,49127,1567,124
3431,8720,49128,11128,49128,1567,124
3431,8720,49129,11128,49129,1567,124
3431,8720,49130,11128,49130,1567,124
3431,8720,49131,11128,49131,1567,124
3431,8720,49132,11128,49132,1567,124
3431,8720,49133,11128,49133,1567,124
3431,8720,49134,11128,49134,1567,124
3431,8720,49135,11128,49135,1567,124
3431,8720,49136,11128,49136,1567,124
3430,8720,49137,11128,49137,1567,124
3430,8720,49138,11128,49138,1567,124
3430,8720,49139,11128,49139,1567,124
3430,8720,49140,11128,49140,1567,124
3430,8720,49141,11128,49141,1567,124
3430,8720,49142,11128,49142,1567,124
3430,8720,49143,11128,49143,1567,124
3430,8720,49144,11128,49144,1567,124
3430,8720,49145,11128,49145,1567,124
3430,8720,49146,11128,49146,1567,124
3430,8720,49147,11128,49147,1567,124
3430,8720,49148,11128,49148,1567,124
3430,8720,49149,11128,49149,1567,124
3430,8720,49150,11128,49150,1567,124
3430,8720,49151,11128,49151,1567,124
3430,8720,49152,11128,49152,1567,124
3430,8720,49153,11128,49153,1567,124
3430,8720,49154,11128,49154,1567,124
3430,8720,49155,11128,49155,1567,124
3430,8720,49156,11128,49156,1567,124
3430,8720,49157,11128,49157,1567,124
3430,8720,49158,11128,49158,1567,124
3430,8720,49159,11128,49159,1567,124
3430,8720,49160,11128,49160,1567,124
3430,8720,49161,11128,49161,1567,124
3430,8720,49162,11128,49162,1567,124
3429,8720,49163,11128,49163,1567,124
3429,8720,49164,11128,49164,1567,124
3429,8720,49165,11128,49165,1567,124
3429,8720,49166,11128,49166,1567,124
3429,8720,49167,11128,49167,1567,124
3429,8720,49168,11128,49168,1567,124
3429,8720,49169,11128,49169,1567,124
3429,8720,49170,11128,49170,1567,124
3429,8720,49171,11128,49171,1567,124
3429,8720,49172,11128,49172,1567,124
3429,8720,49173,11128,49173,1567,124
3430,8720,49174,11128,49174,1567,124
3430,8720,49175,11128,49175,1567,124
3430,8720,49176,11128,49176,1567,124
3430,8720,49177,11128,49177,1567,124
3430,8720,49178,11128,49178,1567,124
3430,8720,49179,11128,49179,1567,124
3430,8720,49180,11128,49180,1567,124
3430,8720,49181,11128,49181,1567,124
3430,8720,49182,11128,49182,1567,124
3430,8720,49183,11128,49183,1567,124
3430,8720,49184,11128,49184,1567,124
3431,8720,49185,11128,49185,1567,124
3431,8720,49186,11128,49186,1567,124
3431,8720,49187,11128,49187,1567,124
3430,8720,49188,11128,49188,1567,124
3430,8720,49189,11128,49189,1567,124
3430,8720,49190,11128,49190,1567,124
3430,8720,49191,11128,49191,1567,124
3430,8720,49192,11128,49192,1567,124
3430,8720,49193,11128,49193,1567,124
3430,8720,49194,11128,49194,1567,124
3430,8720,49195,11128,49195,1567,124
3430,8720,49196,11128,49196,1567,124
3430,8720,49197,11128,49197,1567,124
3430,8720,49198,11128,49198,1567,124
3430,8720,49199,11128,49199,1567,124
3430,8720,49200,11128,49200,1567,124
3430,8720,49201,11128,49201,1567,124
3430,8720,49202,11128,49202,1567,124
3430,8720,49203,11128,49203,1567,124
3430,8720,49204,11128,49204,1567,124
3430,8720,49205,11128,49205,1567,124
3430,8720,49206,11128,49206,1567,124
3430,8720,49207,11128,49207,1567,124
3430,8720,49208,11128,49208,1567,124
3430,8720,49209,11128,49209,1567,124
3430,8720,49210,11128,49210,1567,124
3429,8720,49211,11128,49211,1567,124
3429,8720,49212,11128,49212,1567,124
3429,8720,49213,11128,49213,1567,124
3430,8720,49214,11128,49214,1567,124
3430,8720,49215,11128,49215,1567,124
3430,8720,49216,11128,49216,1567,124
3430,8720,49217,11128,49217,1567,124
3430,8720,49218,11128,49218,1567,124
3430,8720,49219,11128,49219,1567,124
3430,8720,49220,11128,49220,1567,124
3430,8720,49221,11128,49221,1567,124
3430,8720,49222,11128,49222,1567,124
3430,8720,49223,11128,49223,1567,124
3430,8720,49224,11128,49224,1567,124
3430,8720,49225,11128,49225,1567,124
3430,8720,49226,11128,49226,1567,124
3430,8720,49227,11128,49227,1567,124
3430,8720,49228,11128,49228,1567,124
3430,8720,49229,11128,49229,1567,124
3430,8720,49230,11128,49230,1567,124
3430,8720,49231,11128,49231,1567,124
3430,8720,49232,11128,49232,1567,124
3430,8720,49233,11128,49233,1567,124
3430,8720,49234,11128,49234,1567,124
3430,8720,49235,11128,49235,1567,124
3430,8720,49236,11128,49236,1567,124
3430,8720,49237,11128,49237,1567,124
3430,8720,49238,11128,49238,1567,124
3430,8720,49239,11128,49239,1567,124
3430,8720,49240,11128,49240,1567,124
3430,8720,49241,11128,49241,1567,124
3430,8720,49242,11128,49242,1567,124
3430,8720,49243,11128,49243,1567,124
3430,8720,49244,11128,49244,1567,124
3429,8720,49245,11128,49245,1567,124
3429,8720,49246,11128,49246,1567,124
3429,8720,49247,11128,49247,1567,124
3429,8720,49248,11128,49248,1567,124
3429,8720,49249,11128,49249,1567,124
3429,8720,49250,11128,49250,1567,124
3429,8720,49251,11128,49251,1567,124
3429,8720,49252,11128,49252,1567,124
3429,8720,49253,11128,49253,1567,124
3429,8720,49254,11128,49254,1567,124
3429,8720,49255,11128,49255,1567,124
3430,8720,49256,11128,49256,1567,124
3430,8720,49257,11128,49257,1567,124
3430,8720,49258,11128,49258,1567,124
3430,8720,49259,11128,49259,1567,124
3430,8720,49260,11128,49260,1567,124
3430,8720,49261,11128,49261,1567,124
3430,8720,49262,11128,49262,1567,124
3430,8720,49263,11128,49263,1567,124
3431,8720,49264,11128,49264,1567,124
3431,8720,49265,11128,49265,1567,124
3431,8720,49266,11128,49266,1567,124
3431,8720,49267,11128,49267,1567,124
3431,8720,49268,11128,49268,1567,124
3431,8720,49269,11128,49269,1567,124
3431,8720,49270,11128,49270,1567,124
3431,8720,49271,11128,49271,1567,124
3431,8720,49272,11128,49272,1567,124
3431,8720,49273,11128,49273,1567,124
3431,8720,49274,11128,49274,1567,124
3431,8720,49275,11128,49275,1567,124
3431,8720,49276,11128,49276,1567,124
3431,8720,49277,11128,49277,1567,124
3431,8720,49278,11128,49278,1567,124
3431,8720,49279,11128,49279,1567,124
3431,8720,49280,11128,49280,1567,124
3431,8720,49281,11128,49281,1567,124
3431,8720,49282,11128,49282,1567,124
3431,8720,49283,11128,49283,1567,124
3431,8720,49284,11128,49284,1567,124
3431,8720,49285,11128,49285,1567,124
3431,8720,49286,11128,49286,1567,124
3431,8720,49287,11128,49287,1567,124
3431,8720,49288,11128,49288,1567,124
3431,8720,49289,11128,49289,1567,124
3431,8720,49290,11128,49290,1567,124
3431,8720,49291,11128,49291,1567,124
3431,8720,49292,11128,49292,1567,124
3431,8720,49293,11128,49293,1567,124
3431,8720,49294,11128,49294,1567,124
3431,8720,49295,11128,49295,1567,124
3431,8720,49296,11128,49296,1567,124
3431,8720,49297,11128,49297,1567,124
3431,8720,49298,11128,49298,1567,124
3431,8720,49299,11128,49299,1567,124
3431,8720,49300,11128,49300,1567,124
3431,8720,49301,11128,49301,1567,124
3431,8720,49302,11128,49302,1567,124
3431,8720,49303,11128,49303,1567,124
3431,8720,49304,11128,49304,1567,124
3431,8720,49305,11128,49305,1567,124
3431,8720,49306,11128,49306,1567,124
3431,8720,49307,11128,49307,1567,124
3430,8720,49308,11128,49308,1567,124
3430,8720,49309,11128,49309,1567,124
3430,8720,49310,11128,49310,1567,124
3430,8720,49311,11128,49311,1567,124
3430,8720,49312,11128,49312,1567,124
3430,8720,49313,11128,49313,1567,124
3430,8720,49314,11128,49314,1567,124
3430,8720,49315,11128,49315,1567,124
3430,8720,49316,11128,49316,1567,124
3429,8720,49317,11128,49317,1567,124
3429,8720,49318,11128,49318,1567,124
3429,8720,49319,11128,49319,1567,124
3429,8720,49320,11128,49320,1567,124
3429,8720,49321,11128,49321,1567,124
3429,8720,49322,11128,49322,1567,124
3429,8720,49323,11128,49323,1567,124
3429,8720,49324,11128,49324,1567,124
3429,8720,49325,11128,49325,1567,124
3429,8720,49326,11128,49326,1567,124
3429,8720,49327,11128,49327,1567,124
3429,8720,49328,11128,49328,1567,124
3429,8720,49329,11128,49329,1567,124
3428,8720,49330,11128,49330,1567,124
3428,8720,49331,11128,49331,1567,124
3428,8720,49332,11128,49332,1567,124
3427,8720,49333,11128,49333,1567,124
3427,8720,49334,11128,49334,1567,124
3427,8720,49335,11128,49335,1567,124
3427,8720,49336,11128,49336,1567,124
3427,8720,49337,11128,49337,1567,124
3427,8720,49338,11128,49338,1567,124
3428,8720,49339,11128,49339,1567,124
3428,8720,49340,11128,49340,1567,124
3428,8720,49341,11128,49341,1567,124
3428,8720,49342,11128,49342,1567,124
3426,8720,49343,11128,49343,1567,124
3426,8720,49344,11128,49344,1567,124
3426,8720,49345,11128,49345,1567,124
3426,8720,49346,11128,49346,1567,124
3426,8720,49347,11128,49347,1567,124
3426,8720,49348,11128,49348,1567,124
3426,8720,49349,11128,49349,1567,124
3426,8720,49350,11128,49350,1567,124
3426,8720,49351,11128,49351,1567,124
3426,8720,49352,11128,49352,1567,124
3426,8720,49353,11128,49353,1567,124
3426,8720,49354,11128,49354,1567,124
3426,8720,49355,11128,49355,1567,124
3426,8720,49356,11128,49356,1567,124
3426,8720,49357,11128,49357,1567,124
3426,8720,49358,11128,49358,1567,124
3426,8720,49359,11128,49359,1567,124
3426,8720,49360,11128,49360,1567,124
3426,8720,49361,11128,49361,1567,124
3426,8720,49362,11128,49362,1567,124
3426,8720,49363,11128,49363,1567,124
3426,8720,49364,11128,49364,1567,124
3426,8720,49365,11128,49365,1567,124
3426,8720,49366,11128,49366,1567,124
3426,8720,49367,11128,49367,1567,124
3426,8720,49368,11128,49368,1567,124
3426,8720,49369,11128,49369,1567,124
3426,8720,49370,11128,49370,1567,124
3427,8720,49371,11128,49371,1567,124
3427,8720,49372,11128,49372,1567,124
3427,8720,49373,11128,49373,1567,124
3427,8720,49374,11128,49374,1567,124
3427,8720,49375,11128,49375,1567,124
3427,8720,49376,11128,49376,1567,124
3427,8720,49377,11128,49377,1567,124
3427,8720,49378,11128,49378,1567,124
3427,8720,49379,11128,49379,1567,124
3427,8720,49380,11128,49380,1567,124
3427,8720,49381,11128,49381,1567,124
3427,8720,49382,11128,49382,1567,124
3428,8720,49383,11128,49383,1567,124
3428,8720,49384,11128,49384,1567,124
3428,8720,49385,11128,49385,1567,124
3428,8720,49386,11128,49386,1567,124
3428,8720,49387,11128,49387,1567,124
3428,8720,49388,11128,49388,1567,124
3427,8720,49389,11128,49389,1567,124
3426,8720,49390,11128,49390,1567,124
3426,8720,49391,11128,49391,1567,124
3425,8720,49392,11128,49392,1567,124
3425,8720,49393,11128,49393,1567,124
3425,8720,49394,11128,49394,1567,124
3425,8720,49395,11128,49395,1567,124
3425,8720,49396,11128,49396,1567,124
3425,8720,49397,11128,49397,1567,124
3425,8720,49398,11128,49398,1567,124
3425,8720,49399,11128,49399,1567,124
3426,8720,49400,11128,49400,1567,124
3426,8720,49401,11128,49401,1567,124
3426,8720,49402,11128,49402,1567,124
3426,8720,49403,11128,49403,1567,124
3426,8720,49404,11128,49404,1567,124
3426,8720,49405,11128,49405,1567,124
3426,8720,49406,11128,49406,1567,124
3425,8720,49407,11128,49407,1567,124
3425,8720,49408,11128,49408,1567,124
3425,8720,49409,11128,49409,1567,124
3425,8720,49410,11128,49410,1567,124
3425,8720,49411,11128,49411,1567,124
3425,8720,49412,11128,49412,1567,124
3425,8720,49413,11128,49413,1567,124
3424,8720,49414,11128,49414,1567,124
3424,8720,49415,11128,49415,1567,124
3424,8720,49416,11128,49416,1567,124
3424,8720,49417,11128,49417,1567,124
3424,8720,49418,11128,49418,1567,124
3424,8720,49419,11128,49419,1567,124
3424,8720,49420,11128,49420,1567,124
3424,8720,49421,11128,49421,1567,124
3424,8720,49422,11128,49422,1567,124
3424,8720,49423,11128,49423,1567,124
3424,8720,49424,11128,49424,1567,124
3424,8720,49425,11128,49425,1567,124
3424,8720,49426,11128,49426,1567,124
3424,8720,49427,11128,49427,1567,124
3424,8720,49428,11128,49428,1567,124
3424,8720,49429,11128,49429,1567,124
3424,8720,49430,11128,49430,1567,124
3424,8720,49431,11128,49431,1567,124
3424,8720,49432,11128,49432,1567,124
3424,8720,49433,11128,49433,1567,124
3424,8720,49434,11128,49434,1567,124
3424,8720,49435,11128,49435,1567,124
3424,8720,49436,11128,49436,1567,124
3424,8720,49437,11128,49437,1567,124
3424,8720,49438,11128,49438,1567,124
3424,8720,49439,11128,49439,1567,124
3424,8720,49440,11128,49440,1567,124
3425,8720,49441,11128,49441,1567,124
3425,8720,49442,11128,49442,1567,124
3425,8720,49443,11128,49443,1567,124
3425,8720,49444,11128,49444,1567,124
3425,8720,49445,11128,49445,1567,124
3425,8720,49446,11128,49446,1567,124
3425,8720,49447,11128,49447,1567,124
3425,8720,49448,11128,49448,1567,124
3425,8720,49449,11128,49449,1567,124
3425,8720,49450,11128,49450,1567,124
3425,8720,49451,11128,49451,1567,124
3425,8720,49452,11128,49452,1567,124
3425,8720,49453,11128,49453,1567,124
3425,8720,49454,11128,49454,1567,124
3425,8720,49455,11128,49455,1567,124
3425,8720,49456,11128,49456,1567,124
3425,8720,49457,11128,49457,1567,124
3425,8720,49458,11128,49458,1567,124
3425,8720,49459,11128,49459,1567,124
3425,8720,49460,11128,49460,1567,124
3425,8720,49461,11128,49461,1567,124
3425,8720,49462,11128,49462,1567,124
3425,8720,49463,11128,49463,1567,124
3425,8720,49464,11128,49464,1567,124
3425,8720,49465,11128,49465,1567,124
3425,8720,49466,11128,49466,1567,124
3425,8720,49467,11128,49467,1567,124
3425,8720,49468,11128,49468,1567,124
3425,8720,49469,11128,49469,1567,124
3425,8720,49470,11128,49470,1567,124
3425,8720,49471,11128,49471,1567,124
3425,8720,49472,11128,49472,1567,124
3425,8720,49473,11128,49473,1567,124
3425,8720,49474,11128,49474,1567,124
3422,8720,49475,11128,49475,1567,123
3422,8720,49476,11128,49476,1567,123
3422,8720,49477,11128,49477,1567,123
3422,8720,49478,11128,49478,1567,123
3421,8720,49479,11128,49479,1567,123
3421,8720,49480,11128,49480,1567,123
3421,8720,49481,11128,49481,1567,123
3421,8720,49482,11128,49482,1567,123
3421,8720,49483,11128,49483,1567,123
3421,8720,49484,11128,49484,1567,123
3421,8720,49485,11128,49485,1567,123
3421,8720,49486,11128,49486,1567,123
3421,8720,49487,11128,49487,1567,123
3421,8720,49488,11128,49488,1567,123
3422,8720,49489,11128,49489,1567,123
3422,8720,49490,11128,49490,1567,123
3422,8720,49491,11128,49491,1567,123
3422,8720,49492,11128,49492,1567,123
3422,8720,49493,11128,49493,1567,123
3422,8720,49494,11128,49494,1567,123
3421,8720,49495,11128,49495,1567,123
3421,8720,49496,11128,49496,1567,123
3421,8720,49497,11128,49497,1567,123
3421,8720,49498,11128,49498,1567,123
3421,8720,49499,11128,49499,1567,123
3421,8720,49500,11128,49500,1567,123
3421,8720,49501,11128,49501,1567,123
3421,8720,49502,11128,49502,1567,123
3421,8720,49503,11128,49503,1567,123
3421,8720,49504,11128,49504,1567,123
3421,8720,49505,11128,49505,1567,123
3421,8720,49506,11128,49506,1567,123
3421,8720,49507,11128,49507,1567,123
3421,8720,49508,11128,49508,1567,123
3421,8720,49509,11128,49509,1567,123
3421,8720,49510,11128,49510,1567,123
3421,8720,49511,11128,49511,1567,123
3421,8720,49512,11128,49512,1567,123
3421,8720,49513,11128,49513,1567,123
3421,8720,49514,11128,49514,1567,123
3421,8720,49515,11128,49515,1567,123
3421,8720,49516,11128,49516,1567,123
3421,8720,49517,11128,49517,1567,123
3421,8720,49518,11128,49518,1567,123
3422,8720,49519,11128,49519,1567,123
3422,8720,49520,11128,49520,1567,123
3422,8720,49521,11128,49521,1567,123
3422,8720,49522,11128,49522,1567,123
3422,8720,49523,11128,49523,1567,123
3422,8720,49524,11128,49524,1567,123
3421,8720,49525,11128,49525,1567,123
3421,8720,49526,11128,49526,1567,123
3421,8720,49527,11128,49527,1567,123
3421,8720,49528,11128,49528,1567,123
3421,8720,49529,11128,49529,1567,123
3421,8720,49530,11128,49530,1567,123
3421,8720,49531,11128,49531,1567,123
3421,8720,49532,11128,49532,1567,123
3421,8720,49533,11128,49533,1567,123
3421,8720,49534,11128,49534,1567,123
3421,8720,49535,11128,49535,1567,123
3421,8720,49536,11128,49536,1567,123
3422,8720,49537,11128,49537,1567,123
3422,8720,49538,11128,49538,1567,123
3422,8720,49539,11128,49539,1567,123
3422,8720,49540,11128,49540,1567,123
3422,8720,49541,11128,49541,1567,123
3422,8720,49542,11128,49542,1567,123
3422,8720,49543,11128,49543,1567,123
3422,8720,49544,11128,49544,1567,123
3422,8720,49545,11128,49545,1567,123
3422,8720,49546,11128,49546,1567,123
3422,8720,49547,11128,49547,1567,123
3422,8720,49548,11128,49548,1567,123
3422,8720,49549,11128,49549,1567,123
3421,8720,49550,11128,49550,1567,123
3421,8720,49551,11128,49551,1567,123
3421,8720,49552,11128,49552,1567,123
3422,8720,49553,11128,49553,1567,123
3422,8720,49554,11128,49554,1567,123
3422,8720,49555,11128,49555,1567,123
3422,8720,49556,11128,49556,1567,123
3422,8720,49557,11128,49557,1567,123
3422,8720,49558,11128,49558,1567,123
3422,8720,49559,11128,49559,1567,123
3422,8720,49560,11128,49560,1567,123
3422,8720,49561,11128,49561,1567,123
3422,8720,49562,11128,49562,1567,123
3422,8720,49563,11128,49563,1567,123
3422,8720,49564,11128,49564,1567,123
3422,8720,49565,11128,49565,1567,123
3422,8720,49566,11128,49566,1567,123
3421,8720,49567,11128,49567,1567,123
3421,8720,49568,11128,49568,1567,123
3421,8720,49569,11128,49569,1567,123
3421,8720,49570,11128,49570,1567,123
3421,8720,49571,11128,49571,1567,123
3421,8720,49572,11128,49572,1567,123
3421,8720,49573,11128,49573,1567,123
3421,8720,49574,11128,49574,1567,123
3421,8720,49575,11128,49575,1567,123
3421,8720,49576,11128,49576,1567,123
3421,8720,49577,11128,49577,1567,123
3421,8720,49578,11128,49578,1567,123
3421,8720,49579,11128,49579,1567,123
3421,8720,49580,11128,49580,1567,123
3421,8720,49581,11128,49581,1567,123
3420,8720,49582,11128,49582,1567,123
3420,8720,49583,11128,49583,1567,123
3420,8720,49584,11128,49584,1567,123
3420,8720,49585,11128,49585,1567,123
3420,8720,49586,11128,49586,1567,123
3419,8720,49587,11128,49587,1567,123
3419,8720,49588,11128,49588,1567,123
3419,8720,49589,11128,49589,1567,123
3419,8720,49590,11128,49590,1567,123
3419,8720,49591,11128,49591,1567,123
3419,8720,49592,11128,49592,1567,123
3419,8720,49593,11128,49593,1567,123
3419,8720,49594,11128,49594,1567,123
3419,8720,49595,11128,49595,1567,123
3419,8720,49596,11128,49596,1567,123
3419,8720,49597,11128,49597,1567,123
3419,8720,49598,11128,49598,1567,123
3419,8720,49599,11128,49599,1567,123
3420,8720,49600,11128,49600,1567,123
3420,8720,49601,11128,49601,1567,123
3420,8720,49602,11128,49602,1567,123
3420,8720,49603,11128,49603,1567,123
3420,8720,49604,11128,49604,1567,123
3420,8720,49605,11128,49605,1567,123
3420,8720,49606,11128,49606,1567,123
3420,8720,49607,11128,49607,1567,123
3420,8720,49608,11128,49608,1567,123
3420,8720,49609,11128,49609,1567,123
3420,8720,49610,11128,49610,1567,123
3420,8720,49611,11128,49611,1567,123
3420,8720,49612,11128,49612,1567,123
3419,8720,49613,11128,49613,1567,123
3419,8720,49614,11128,49614,1567,123
3419,8720,49615,11128,49615,1567,123
3419,8720,49616,11128,49616,1567,123
3419,8720,49617,11128,49617,1567,123
3419,8720,49618,11128,49618,1567,123
3419,8720,49619,11128,49619,1567,123
3419,8720,49620,11128,49620,1567,123
3419,8720,49621,11128,49621,1567,123
3418,8720,49622,11128,49622,1567,123
3418,8720,49623,11128,49623,1567,123
3418,8720,49624,11128,49624,1567,123
3418,8720,49625,11128,49625,1567,123
3419,8720,49626,11128,49626,1567,123
3419,8720,49627,11128,49627,1567,123
3419,8720,49628,11128,49628,1567,123
3419,8720,49629,11128,49629,1567,123
3419,8720,49630,11128,49630,1567,123
3420,8720,49631,11128,49631,1567,123
3420,8720,49632,11128,49632,1567,123
3420,8720,49633,11128,49633,1567,123
3420,8720,49634,11128,49634,1567,123
3420,8720,49635,11128,49635,1567,123
3420,8720,49636,11128,49636,1567,123
3420,8720,49637,11128,49637,1567,123
3420,8720,49638,11128,49638,1567,123
3420,8720,49639,11128,49639,1567,123
3420,8720,49640,11128,49640,1567,123
3420,8720,49641,11128,49641,1567,123
3420,8720,49642,11128,49642,1567,123
3420,8720,49643,11128,49643,1567,123
3420,8720,49644,11128,49644,1567,123
3420,8720,49645,11128,49645,1567,123
3420,8720,49646,11128,49646,1567,123
3420,8720,49647,11128,49647,1567,123
3420,8720,49648,11128,49648,1567,123
3420,8720,49649,11128,49649,1567,123
3420,8720,49650,11128,49650,1567,123
3419,8720,49651,11128,49651,1567,123
3419,8720,49652,11128,49652,1567,123
3419,8720,49653,11128,49653,1567,123
3419,8720,49654,11128,49654,1567,123
3419,8720,49655,11128,49655,1567,123
3419,8720,49656,11128,49656,1567,123
3419,8720,49657,11128,49657,1567,123
3419,8720,49658,11128,49658,1567,123
3418,8720,49659,11128,49659,1567,123
3418,8720,49660,11128,49660,1567,123
3418,8720,49661,11128,49661,1567,123
3418,8720,49662,11128,49662,1567,123
3418,8720,49663,11128,49663,1567,123
3418,8720,49664,11128,49664,1567,123
3418,8720,49665,11128,49665,1567,123
3418,8720,49666,11128,49666,1567,123
3418,8720,49667,11128,49667,1567,123
3418,8720,49668,11128,49668,1567,123
3418,8720,49669,11128,49669,1567,123
3418,8720,49670,11128,49670,1567,123
3418,8720,49671,11128,49671,1567,123
3418,8720,49672,11128,49672,1567,123
3418,8720,49673,11128,49673,1567,123
3418,8720,49674,11128,49674,1567,123
3415,8720,49675,11128,49675,1567,123
3415,8720,49676,11128,49676,1567,123
3415,8720,49677,11128,49677,1567,123
3415,8720,49678,11128,49678,1567,123
3415,8720,49679,11128,49679,1567,123
3415,8720,49680,11128,49680,1567,123
3415,8720,49681,11128,49681,1567,123
3415,8720,49682,11128,49682,1567,123
3415,8720,49683,11128,49683,1567,123
3415,8720,49684,11128,49684,1567,123
3415,8720,49685,11128,49685,1567,123
3414,8720,49686,11128,49686,1567,123
3414,8720,49687,11128,49687,1567,123
3414,8720,49688,11128,49688,1567,123
3414,8720,49689,11128,49689,1567,123
3414,8720,49690,11128,49690,1567,123
3414,8720,49691,11128,49691,1567,123
3414,8720,49692,11128,49692,1567,123
3414,8720,49693,11128,49693,1567,123
3414,8720,49694,11128,49694,1567,123
3414,8720,49695,11128,49695,1567,123
3415,8720,49696,11128,49696,1567,123
3415,8720,49697,11128,49697,1567,123
3415,8720,49698,11128,49698,1567,123
3415,8720,49699,11128,49699,1567,123
3415,8720,49700,11128,49700,1567,123
3415,8720,49701,11128,49701,1567,123
3415,8720,49702,11128,49702,1567,123
3416,8720,49703,11128,49703,1567,123
3416,8720,49704,11128,49704,1567,123
3416,8720,49705,11128,49705,1567,123
3416,8720,49706,11128,49706,1567,123
3416,8720,49707,11128,49707,1567,123
3416,8720,49708,11128,49708,1567,123
3416,8720,49709,11128,49709,1567,123
3416,8720,49710,11128,49710,1567,123
3416,8720,49711,11128,49711,1567,123
3416,8720,49712,11128,49712,1567,123
3416,8720,49713,11128,49713,1567,123
3416,8720,49714,11128,49714,1567,123
3416,8720,49715,11128,49715,1567,123
3416,8720,49716,11128,49716,1567,123
3416,8720,49717,11128,49717,1567,123
3416,8720,49718,11128,49718,1567,123
3415,8720,49719,11128,49719,1567,123
3415,8720,49720,11128,49720,1567,123
3415,8720,49721,11128,49721,1567,123
3415,8720,49722,11128,49722,1567,123
3415,8720,49723,11128,49723,1567,123
3415,8720,49724,11128,49724,1567,123
3415,8720,49725,11128,49725,1567,123
3415,8720,49726,11128,49726,1567,123
3415,8720,49727,11128,49727,1567,123
3415,8720,49728,11128,49728,1567,123
3415,8720,49729,11128,49729,1567,123
3415,8720,49730,11128,49730,1567,123
3415,8720,49731,11128,49731,1567,123
3415,8720,49732,11128,49732,1567,123
3415,8720,49733,11128,49733,1567,123
3415,8720,49734,11128,49734,1567,123
3415,8720,49735,11128,49735,1567,123
3414,8720,49736,11128,49736,1567,123
3414,8720,49737,11128,49737,1567,123
3414,8720,49738,11128,49738,1567,123
3414,8720,49739,11128,49739,1567,123
3414,8720,49740,11128,49740,1567,123
3414,8720,49741,11128,49741,1567,123
3414,8720,49742,11128,49742,1567,123
3414,8720,49743,11128,49743,1567,123
3414,8720,49744,11128,49744,1567,123
3414,8720,49745,11128,49745,1567,123
3414,8720,49746,11128,49746,1567,123
3414,8720,49747,11128,49747,1567,123
3414,8720,49748,11128,49748,1567,123
3414,8720,49749,11128,49749,1567,123
3414,8720,49750,11128,49750,1567,123
3414,8720,49751,11128,49751,1567,123
3414,8720,49752,11128,49752,1567,123
3414,8720,49753,11128,49753,1567,123
3415,8720,49754,11128,49754,1567,123
3415,8720,49755,11128,49755,1567,123
3415,8720,49756,11128,49756,1567,123
3415,8720,49757,11128,49757,1567,123
3415,8720,49758,11128,49758,1567,123
3415,8720,49759,11128,49759,1567,123
3415,8720,49760,11128,49760,1567,123
3415,8720,49761,11128,49761,1567,123
3415,8720,49762,11128,49762,1567,123
3414,8720,49763,11128,49763,1567,123
3414,8720,49764,11128,49764,1567,123
3414,8720,49765,11128,49765,1567,123
3414,8720,49766,11128,49766,1567,123
3414,8720,49767,11128,49767,1567,123
3414,8720,49768,11128,49768,1567,123
3414,8720,49769,11128,49769,1567,123
3414,8720,49770,11128,49770,1567,123
3414,8720,49771,11128,49771,1567,123
3413,8720,49772,11128,49772,1567,123
3413,8720,49773,11128,49773,1567,123
3413,8720,49774,11128,49774,1567,123
3413,8720,49775,11128,49775,1567,123
3413,8720,49776,11128,49776,1567,123
3413,8720,49777,11128,49777,1567,123
3413,8720,49778,11128,49778,1567,123
3413,8720,49779,11128,49779,1567,123
3412,8720,49780,11128,49780,1567,123
3412,8720,49781,11128,49781,1567,123
3412,8720,49782,11128,49782,1567,123
3412,8720,49783,11128,49783,1567,123
3412,8720,49784,11128,49784,1567,123
3412,8720,49785,11128,49785,1567,123
3412,8720,49786,11128,49786,1567,123
3412,8720,49787,11128,49787,1567,123
3412,8720,49788,11128,49788,1567,123
3412,8720,49789,11128,49789,1567,123
3412,8720,49790,11128,49790,1567,123
3412,8720,49791,11128,49791,1567,123
3412,8720,49792,11128,49792,1567,123
3412,8720,49793,11128,49793,1567,123
3412,8720,49794,11128,49794,1567,123
3412,8720,49795,11128,49795,1567,123
3412,8720,49796,11128,49796,1567,123
3412,8720,49797,11128,49797,1567,123
3412,8720,49798,11128,49798,1567,123
3412,8720,49799,11128,49799,1567,123
3412,8720,49800,11128,49800,1567,123
3412,8720,49801,11128,49801,1567,123
3412,8720,49802,11128,49802,1567,123
3412,8720,49803,11128,49803,1567,123
3412,8720,49804,11128,49804,1567,123
3412,8720,49805,11128,49805,1567,123
3412,8720,49806,11128,49806,1567,123
3412,8720,49807,11128,49807,1567,123
3412,8720,49808,11128,49808,1567,123
3412,8720,49809,11128,49809,1567,123
3412,8720,49810,11128,49810,1567,123
3412,8720,49811,11128,49811,1567,123
3412,8720,49812,11128,49812,1567,123
3409,8720,49813,11128,49813,1567,123
3409,8720,49814,11128,49814,1567,123
3409,8720,49815,11128,49815,1567,123
3409,8720,49816,11128,49816,1567,123
3409,8720,49817,11128,49817,1567,123
3408,8720,49818,11128,49818,1567,123
3408,8720,49819,11128,49819,1567,123
3408,8720,49820,11128,49820,1567,123
3408,8720,49821,11128,49821,1567,123
3408,8720,49822,11128,49822,1567,123
3407,8720,49823,11128,49823,1567,123
3407,8720,49824,11128,49824,1567,123
3407,8720,49825,11128,49825,1567,123
3407,8720,49826,11128,49826,1567,123
3407,8720,49827,11128,49827,1567,123
3407,8720,49828,11128,49828,1567,123
3407,8720,49829,11128,49829,1567,123
3407,8720,49830,11128,49830,1567,123
3407,8720,49831,11128,49831,1567,123
3407,8720,49832,11128,49832,1567,123
3407,8720,49833,11128,49833,1567,123
3407,8720,49834,11128,49834,1567,123
3407,8720,49835,11128,49835,1567,123
3407,8720,49836,11128,49836,1567,123
3407,8720,49837,11128,49837,1567,123
3407,8720,49838,11128,49838,1567,123
3407,8720,49839,11128,49839,1567,123
3407,8720,49840,11128,49840,1567,123
3407,8720,49841,11128,49841,1567,123
3407,8720,49842,11128,49842,1567,123
3407,8720,49843,11128,49843,1567,123
3407,8720,49844,11128,49844,1567,123
3406,8720,49845,11128,49845,1567,122
3406,8720,49846,11128,49846,1567,122
3405,8720,49847,11128,49847,1567,122
3405,8720,49848,11128,49848,1567,122
3405,8720,49849,11128,49849,1567,122
3405,8720,49850,11128,49850,1567,122
3405,8720,49851,11128,49851,1567,122
3405,8720,49852,11128,49852,1567,122
3405,8720,49853,11128,49853,1567,122
3405,8720,49854,11128,49854,1567,122
3405,8720,49855,11128,49855,1567,122
3405,8720,49856,11128,49856,1567,122
3405,8720,49857,11128,49857,1567,122
3405,8720,49858,11128,49858,1567,122
3405,8720,49859,11128,49859,1567,122
3405,8720,49860,11128,49860,1567,122
3405,8720,49861,11128,49861,1567,122
3405,8720,49862,11128,49862,1567,122
3405,8720,49863,11128,49863,1567,122
3405,8720,49864,11128,49864,1567,122
3404,8720,49865,11128,49865,1567,122
3404,8720,49866,11128,49866,1567,122
3403,8720,49867,11128,49867,1567,122
3402,8720,49868,11128,49868,1567,122
3402,8720,49869,11128,49869,1567,122
3402,8720,49870,11128,49870,1567,122
3402,8720,49871,11128,49871,1567,122
3402,8720,49872,11128,49872,1567,122
3402,8720,49873,11128,49873,1567,122
3402,8720,49874,11128,49874,1567,122
3402,8720,49875,11128,49875,1567,122
3402,8720,49876,11128,49876,1567,122
3402,8720,49877,11128,49877,1567,122
3402,8720,49878,11128,49878,1567,122
3402,8720,49879,11128,49879,1567,122
3402,8720,49880,11128,49880,1567,122
3402,8720,49881,11128,49881,1567,122
3402,8720,49882,11128,49882,1567,122
3402,8720,49883,11128,49883,1567,122
3402,8720,49884,11128,49884,1567,122
3402,8720,49885,11128,49885,1567,122
3402,8720,49886,11128,49886,1567,122
3402,8720,49887,11128,49887,1567,122
3402,8720,49888,11128,49888,1567,122
3401,8720,49889,11128,49889,1567,122
3401,8720,49890,11128,49890,1567,122
3401,8720,49891,11128,49891,1567,122
3401,8720,49892,11128,49892,1567,122
3401,8720,49893,11128,49893,1567,122
3402,8720,49894,11128,49894,1567,122
3401,8720,49895,11128,49895,1567,122
3401,8720,49896,11128,49896,1567,122
3401,8720,49897,11128,49897,1567,122
3401,8720,49898,11128,49898,1567,122
3401,8720,49899,11128,49899,1567,122
3401,8720,49900,11128,49900,1567,122
3401,8720,49901,11128,49901,1567,122
3402,8720,49902,11128,49902,1567,122
3402,8720,49903,11128,49903,1567,122
3402,8720,49904,11128,49904,1567,122
3402,8720,49905,11128,49905,1567,122
3402,8720,49906,11128,49906,1567,122
3402,8720,49907,11128,49907,1567,122
3402,8720,49908,11128,49908,1567,122
3402,8720,49909,11128,49909,1567,122
3402,8720,49910,11128,49910,1567,122
3402,8720,49911,11128,49911,1567,122
3402,8720,49912,11128,49912,1567,122
3401,8720,49913,11128,49913,1567,122
3401,8720,49914,11128,49914,1567,122
3401,8720,49915,11128,49915,1567,122
3401,8720,49916,11128,49916,1567,122
3401,8720,49917,11128,49917,1567,122
3401,8720,49918,11128,49918,1567,122
3401,8720,49919,11128,49919,1567,122
3401,8720,49920,11128,49920,1567,122
3401,8720,49921,11128,49921,1567,122
3401,8720,49922,11128,49922,1567,122
3401,8720,49923,11128,49923,1567,122
3401,8720,49924,11128,49924,1567,122
3401,8720,49925,11128,49925,1567,122
3400,8720,49926,11128,49926,1567,122
3400,8720,49927,11128,49927,1567,122
3399,8720,49928,11128,49928,1567,122
3396,8720,49929,11128,49929,1567,122
3396,8720,49930,11128,49930,1567,122
3396,8720,49931,11128,49931,1567,122
3396,8720,49932,11128,49932,1567,122
3396,8720,49933,11128,49933,1567,122
3396,8720,49934,11128,49934,1567,122
3396,8720,49935,11128,49935,1567,122
3396,8720,49936,11128,49936,1567,122
3396,8720,49937,11128,49937,1567,122
3396,8720,49938,11128,49938,1567,122
3396,8720,49939,11128,49939,1567,122
3396,8720,49940,11128,49940,1567,122
3396,8720,49941,11128,49941,1567,122
3396,8720,49942,11128,49942,1567,122
3396,8720,49943,11128,49943,1567,122
3396,8720,49944,11128,49944,1567,122
3397,8720,49945,11128,49945,1567,122
3397,8720,49946,11128,49946,1567,122
3397,8720,49947,11128,49947,1567,122
3397,8720,49948,11128,49948,1567,122
3397,8720,49949,11128,49949,1567,122
3397,8720,49950,11128,49950,1567,122
3397,8720,49951,11128,49951,1567,122
3396,8720,49952,11128,49952,1567,122
3396,8720,49953,11128,49953,1567,122
3396,8720,49954,11128,49954,1567,122
3396,8720,49955,11128,49955,1567,122
3396,8720,49956,11128,49956,1567,122
3397,8720,49957,11128,49957,1567,122
3397,8720,49958,11128,49958,1567,122
3397,8720,49959,11128,49959,1567,122
3397,8720,49960,11128,49960,1567,122
3397,8720,49961,11128,49961,1567,122
3397,8720,49962,11128,49962,1567,122
3397,8720,49963,11128,49963,1567,122
3397,8720,49964,11128,49964,1567,122
3397,8720,49965,11128,49965,1567,122
3397,8720,49966,11128,49966,1567,122
3397,8720,49967,11128,49967,1567,122
3397,8720,49968,11128,49968,1567,122
3397,8720,49969,11128,49969,1567,122
3397,8720,49970,11128,49970,1567,122
3397,8720,49971,11128,49971,1567,122
3397,8720,49972,11128,49972,1567,122
3397,8720,49973,11128,49973,1567,122
3397,8720,49974,11128,49974,1567,122
3397,8720,49975,11128,49975,1567,122
3397,8720,49976,11128,49976,1567,122
3397,8720,49977,11128,49977,1567,122
3397,8720,49978,11128,49978,1567,122
3397,8720,49979,11128,49979,1567,122
3397,8720,49980,11128,49980,1567,122
3397,8720,49981,11128,49981,1567,122
3397,8720,49982,11128,49982,1567,122
3397,8720,49983,11128,49983,1567,122
3397,8720,49984,11128,49984,1567,122
3397,8720,49985,11128,49985,1567,122
3397,8720,49986,11128,49986,1567,122
3397,8720,49987,11128,49987,1567,122
3397,8720,49988,11128,49988,1567,122
3397,8720,49989,11128,49989,1567,122
3397,8720,49990,11128,49990,1567,122
3397,8720,49991,11128,49991,1567,122
3397,8720,49992,11128,49992,1567,122
3398,8720,49993,11128,49993,1567,122
3398,8720,49994,11128,49994,1567,122
3398,8720,49995,11128,49995,1567,122
3398,8720,49996,11128,49996,1567,122
3398,8720,49997,11128,49997,1567,122
3398,8720,49998,11128,49998,1567,122
3397,8720,49999,11128,49999,1567,122
3398,8720,50000,11128,50000,1567,122
3398,8720,50001,11128,50001,1567,122
3398,8720,50002,11128,50002,1567,122
3398,8720,50003,11128,50003,1567,122
3398,8720,50004,11128,50004,1567,122
3398,8720,50005,11128,50005,1567,122
3398,8720,50006,11128,50006,1567,122
3398,8720,50007,11128,50007,1567,122
3398,8720,50008,11128,50008,1567,122
3398,8720,50009,11128,50009,1567,122
3398,8720,50010,11128,50010,1567,122
3398,8720,50011,11128,50011,1567,122
3398,8720,50012,11128,50012,1567,122
3398,8720,50013,11128,50013,1567,122
3398,8720,50014,11128,50014,1567,122
3398,8720,50015,11128,50015,1567,122
3398,8720,50016,11128,50016,1567,122
3398,8720,50017,11128,50017,1567,122
3397,8720,50018,11128,50018,1567,122
3398,8720,50019,11128,50019,1567,122
3398,8720,50020,11128,50020,1567,122
3396,8720,50021,11128,50021,1567,121
3396,8720,50022,11128,50022,1567,121
3396,8720,50023,11128,50023,1567,121
3396,8720,50024,11128,50024,1567,121
3396,8720,50025,11128,50025,1567,121
3396,8720,50026,11128,50026,1567,121
3396,8720,50027,11128,50027,1567,121
3395,8720,50028,11128,50028,1567,121
3395,8720,50029,11128,50029,1567,121
3395,8720,50030,11128,50030,1567,121
3395,8720,50031,11128,50031,1567,121
3395,8720,50032,11128,50032,1567,121
3395,8720,50033,11128,50033,1567,121
3395,8720,50034,11128,50034,1567,121
3395,8720,50035,11128,50035,1567,121
3395,8720,50036,11128,50036,1567,121
3395,8720,50037,11128,50037,1567,121
3395,8720,50038,11128,50038,1567,121
3395,8720,50039,11128,50039,1567,121
3395,8720,50040,11128,50040,1567,121
3394,8720,50041,11128,50041,1567,121
3394,8720,50042,11128,50042,1567,121
3394,8720,50043,11128,50043,1567,121
3394,8720,50044,11128,50044,1567,121
3394,8720,50045,11128,50045,1567,121
3394,8720,50046,11128,50046,1567,121
3393,8720,50047,11128,50047,1567,121
3393,8720,50048,11128,50048,1567,121
3393,8720,50049,11128,50049,1567,121
3393,8720,50050,11128,50050,1567,121
3393,8720,50051,11128,50051,1567,121
3393,8720,50052,11128,50052,1567,121
3393,8720,50053,11128,50053,1567,121
3393,8720,50054,11128,50054,1567,121
3393,8720,50055,11128,50055,1567,121
3393,8720,50056,11128,50056,1567,121
3393,8720,50057,11128,50057,1567,121
3393,8720,50058,11128,50058,1567,121
3393,8720,50059,11128,50059,1567,121
3393,8720,50060,11128,50060,1567,121
3393,8720,50061,11128,50061,1567,121
3393,8720,50062,11128,50062,1567,121
3393,8720,50063,11128,50063,1567,121
3393,8720,50064,11128,50064,1567,121
3393,8720,50065,11128,50065,1567,121
3393,8720,50066,11128,50066,1567,121
3392,8720,50067,11128,50067,1567,120
3392,8720,50068,11128,50068,1567,120
3392,8720,50069,11128,50069,1567,120
3392,8720,50070,11128,50070,1567,120
3392,8720,50071,11128,50071,1567,120
3392,8720,50072,11128,50072,1567,120
3392,8720,50073,11128,50073,1567,120
3392,8720,50074,11128,50074,1567,120
3390,8720,50075,11128,50075,1567,120
3390,8720,50076,11128,50076,1567,120
3390,8720,50077,11128,50077,1567,120
3390,8720,50078,11128,50078,1567,120
3390,8720,50079,11128,50079,1567,120
3390,8720,50080,11128,50080,1567,120
3390,8720,50081,11128,50081,1567,120
3390,8720,50082,11128,50082,1567,120
3390,8720,50083,11128,50083,1567,120
3390,8720,50084,11128,50084,1567,120
3390,8720,50085,11128,50085,1567,120
3390,8720,50086,11128,50086,1567,120
3390,8720,50087,11128,50087,1567,120
3390,8720,50088,11128,50088,1567,120
3390,8720,50089,11128,50089,1567,120
3390,8720,50090,11128,50090,1567,120
3390,8720,50091,11128,50091,1567,120
3390,8720,50092,11128,50092,1567,120
3390,8720,50093,11128,50093,1567,120
3390,8720,50094,11128,50094,1567,120
3390,8720,50095,11128,50095,1567,120
3390,8720,50096,11128,50096,1567,120
3390,8720,50097,11128,50097,1567,120
3390,8720,50098,11128,50098,1567,120
3390,8720,50099,11128,50099,1567,120
3390,8720,50100,11128,50100,1567,120
3390,8720,50101,11128,50101,1567,120
3390,8720,50102,11128,50102,1567,120
3389,8720,50103,11128,50103,1567,120
3389,8720,50104,11128,50104,1567,120
3389,8720,50105,11128,50105,1567,120
3389,8720,50106,11128,50106,1567,120
3389,8720,50107,11128,50107,1567,120
3389,8720,50108,11128,50108,1567,120
3389,8720,50109,11128,50109,1567,120
3389,8720,50110,11128,50110,1567,120
3389,8720,50111,11128,50111,1567,120
3389,8720,50112,11128,50112,1567,120
3389,8720,50113,11128,50113,1567,120
3389,8720,50114,11128,50114,1567,120
3389,8720,50115,11128,50115,1567,120
3389,8720,50116,11128,50116,1567,120
3389,8720,50117,11128,50117,1567,120
3389,8720,50118,11128,50118,1567,120
3389,8720,50119,11128,50119,1567,120
3389,8720,50120,11128,50120,1567,120
3389,8720,50121,11128,50121,1567,120
3389,8720,50122,11128,50122,1567,120
3389,8720,50123,11128,50123,1567,120
3389,8720,50124,11128,50124,1567,120
3389,8720,50125,11128,50125,1567,120
3389,8720,50126,11128,50126,1567,120
3389,8720,50127,11128,50127,1567,120
3389,8720,50128,11128,50128,1567,120
3389,8720,50129,11128,50129,1567,120
3389,8720,50130,11128,50130,1567,120
3389,8720,50131,11128,50131,1567,120
3389,8720,50132,11128,50132,1567,120
3389,8720,50133,11128,50133,1567,120
3388,8720,50134,11128,50134,1567,119
3388,8720,50135,11128,50135,1567,119
3388,8720,50136,11128,50136,1567,119
3388,8720,50137,11128,50137,1567,119
3388,8720,50138,11128,50138,1567,119
3388,8720,50139,11128,50139,1567,119
3388,8720,50140,11128,50140,1567,119
3387,8720,50141,11128,50141,1567,119
3387,8720,50142,11128,50142,1567,119
3387,8720,50143,11128,50143,1567,119
3387,8720,50144,11128,50144,1567,119
3387,8720,50145,11128,50145,1567,119
3387,8720,50146,11128,50146,1567,119
3387,8720,50147,11128,50147,1567,119
3387,8720,50148,11128,50148,1567,119
3387,8720,50149,11128,50149,1567,119
3387,8720,50150,11128,50150,1567,119
3387,8720,50151,11128,50151,1567,119
3387,8720,50152,11128,50152,1567,119
3387,8720,50153,11128,50153,1567,119
3387,8720,50154,11128,50154,1567,119
3387,8720,50155,11128,50155,1567,119
3388,8720,50156,11128,50156,1567,119
3388,8720,50157,11128,50157,1567,119
3388,8720,50158,11128,50158,1567,119
3388,8720,50159,11128,50159,1567,119
3388,8720,50160,11128,50160,1567,119
3388,8720,50161,11128,50161,1567,119
3388,8720,50162,11128,50162,1567,119
3388,8720,50163,11128,50163,1567,119
3388,8720,50164,11128,50164,1567,119
3388,8720,50165,11128,50165,1567,119
3388,8720,50166,11128,50166,1567,119
3388,8720,50167,11128,50167,1567,119
3388,8720,50168,11128,50168,1567,119
3388,8720,50169,11128,50169,1567,119
3388,8720,50170,11128,50170,1567,119
3388,8720,50171,11128,50171,1567,119
3388,8720,50172,11128,50172,1567,119
3387,8720,50173,11128,50173,1567,119
3387,8720,50174,11128,50174,1567,119
3387,8720,50175,11128,50175,1567,119
3387,8720,50176,11128,50176,1567,119
3387,8720,50177,11128,50177,1567,119
3387,8720,50178,11128,50178,1567,119
3387,8720,50179,11128,50179,1567,119
3387,8720,50180,11128,50180,1567,119
3387,8720,50181,11128,50181,1567,119
3387,8720,50182,11128,50182,1567,119
3387,8720,50183,11128,50183,1567,119
3387,8720,50184,11128,50184,1567,119
3387,8720,50185,11128,50185,1567,119
3388,8720,50186,11128,50186,1567,119
3387,8720,50187,11128,50187,1567,119
3387,8720,50188,11128,50188,1567,119
3387,8720,50189,11128,50189,1567,119
3387,8720,50190,11128,50190,1567,119
3387,8720,50191,11128,50191,1567,119
3387,8720,50192,11128,50192,1567,119
3387,8720,50193,11128,50193,1567,119
3387,8720,50194,11128,50194,1567,119
3387,8720,50195,11128,50195,1567,119
3387,8720,50196,11128,50196,1567,119
3387,8720,50197,11128,50197,1567,119
3387,8720,50198,11128,50198,1567,119
3386,8720,50199,11128,50199,1567,119
3386,8720,50200,11128,50200,1567,119
3386,8720,50201,11128,50201,1567,119
3386,8720,50202,11128,50202,1567,119
3386,8720,50203,11128,50203,1567,119
3386,8720,50204,11128,50204,1567,119
3386,8720,50205,11128,50205,1567,119
3386,8720,50206,11128,50206,1567,119
3386,8720,50207,11128,50207,1567,119
3386,8720,50208,11128,50208,1567,119
3386,8720,50209,11128,50209,1567,119
3386,8720,50210,11128,50210,1567,119
3386,8720,50211,11128,50211,1567,119
3386,8720,50212,11128,50212,1567,119
3386,8720,50213,11128,50213,1567,119
3386,8720,50214,11128,50214,1567,119
3386,8720,50215,11128,50215,1567,119
3386,8720,50216,11128,50216,1567,119
3386,8720,50217,11128,50217,1567,119
3386,8720,50218,11128,50218,1567,119
3387,8720,50219,11128,50219,1567,119
3387,8720,50220,11128,50220,1567,119
3387,8720,50221,11128,50221,1567,119
3387,8720,50222,11128,50222,1567,119
3387,8720,50223,11128,50223,1567,119
3387,8720,50224,11128,50224,1567,119
3387,8720,50225,11128,50225,1567,119
3387,8720,50226,11128,50226,1567,119
3387,8720,50227,11128,50227,1567,119
3387,8720,50228,11128,50228,1567,119
3387,8720,50229,11128,50229,1567,119
3387,8720,50230,11128,50230,1567,119
3387,8720,50231,11128,50231,1567,119
3388,8720,50232,11128,50232,1567,119
3387,8720,50233,11128,50233,1567,119
3387,8720,50234,11128,50234,1567,119
3386,8720,50235,11128,50235,1567,119
3386,8720,50236,11128,50236,1567,119
3386,8720,50237,11128,50237,1567,119
3385,8720,50238,11128,50238,1567,118
3385,8720,50239,11128,50239,1567,118
3385,8720,50240,11128,50240,1567,118
3385,8720,50241,11128,50241,1567,118
3385,8720,50242,11128,50242,1567,118
3386,8720,50243,11128,50243,1567,118
3386,8720,50244,11128,50244,1567,118
3386,8720,50245,11128,50245,1567,118
3386,8720,50246,11128,50246,1567,118
3386,8720,50247,11128,50247,1567,118
3386,8720,50248,11128,50248,1567,118
3386,8720,50249,11128,50249,1567,118
3385,8720,50250,11128,50250,1567,118
3385,8720,50251,11128,50251,1567,118
3385,8720,50252,11128,50252,1567,118
3385,8720,50253,11128,50253,1567,118
3385,8720,50254,11128,50254,1567,118
3385,8720,50255,11128,50255,1567,118
3385,8720,50256,11128,50256,1567,118
3385,8720,50257,11128,50257,1567,118
3385,8720,50258,11128,50258,1567,118
3385,8720,50259,11128,50259,1567,118
3385,8720,50260,11128,50260,1567,118
3385,8720,50261,11128,50261,1567,118
3385,8720,50262,11128,50262,1567,118
3385,8720,50263,11128,50263,1567,118
3385,8720,50264,11128,50264,1567,118
3385,8720,50265,11128,50265,1567,118
3385,8720,50266,11128,50266,1567,118
3385,8720,50267,11128,50267,1567,118
3386,8720,50268,11128,50268,1567,118
3386,8720,50269,11128,50269,1567,118
3386,8720,50270,11128,50270,1567,118
3386,8720,50271,11128,50271,1567,118
3386,8720,50272,11128,50272,1567,118
3386,8720,50273,11128,50273,1567,118
3386,8720,50274,11128,50274,1567,118
3386,8720,50275,11128,50275,1567,118
3386,8720,50276,11128,50276,1567,118
3385,8720,50277,11128,50277,1567,118
3385,8720,50278,11128,50278,1567,118
3385,8720,50279,11128,50279,1567,118
3385,8720,50280,11128,50280,1567,118
3385,8720,50281,11128,50281,1567,118
3385,8720,50282,11128,50282,1567,118
3385,8720,50283,11128,50283,1567,118
3385,8720,50284,11128,50284,1567,118
3385,8720,50285,11128,50285,1567,118
3385,8720,50286,11128,50286,1567,118
3385,8720,50287,11128,50287,1567,118
3385,8720,50288,11128,50288,1567,118
3385,8720,50289,11128,50289,1567,118
3385,8720,50290,11128,50290,1567,118
3385,8720,50291,11128,50291,1567,118
3385,8720,50292,11128,50292,1567,118
3385,8720,50293,11128,50293,1567,118
3385,8720,50294,11128,50294,1567,118
3385,8720,50295,11128,50295,1567,118
3385,8720,50296,11128,50296,1567,118
3385,8720,50297,11128,50297,1567,118
3385,8720,50298,11128,50298,1567,118
3385,8720,50299,11128,50299,1567,118
3385,8720,50300,11128,50300,1567,118
3385,8720,50301,11128,50301,1567,118
3385,8720,50302,11128,50302,1567,118
3384,8720,50303,11128,50303,1567,118
3384,8720,50304,11128,50304,1567,118
3384,8720,50305,11128,50305,1567,118
3384,8720,50306,11128,50306,1567,118
3384,8720,50307,11128,50307,1567,118
3384,8720,50308,11128,50308,1567,118
3384,8720,50309,11128,50309,1567,118
3384,8720,50310,11128,50310,1567,118
3384,8720,50311,11128,50311,1567,118
3384,8720,50312,11128,50312,1567,118
3384,8720,50313,11128,50313,1567,118
3384,8720,50314,11128,50314,1567,118
3384,8720,50315,11128,50315,1567,118
3384,8720,50316,11128,50316,1567,118
3384,8720,50317,11128,50317,1567,118
3384,8720,50318,11128,50318,1567,118
3384,8720,50319,11128,50319,1567,118
3383,8720,50320,11128,50320,1567,118
3383,8720,50321,11128,50321,1567,118
3383,8720,50322,11128,50322,1567,118
3383,8720,50323,11128,50323,1567,118
3383,8720,50324,11128,50324,1567,118
3383,8720,50325,11128,50325,1567,118
3383,8720,50326,11128,50326,1567,118
3383,8720,50327,11128,50327,1567,118
3383,8720,50328,11128,50328,1567,118
3383,8720,50329,11128,50329,1567,118
3383,8720,50330,11128,50330,1567,118
3382,8720,50331,11128,50331,1567,118
3382,8720,50332,11128,50332,1567,118
3382,8720,50333,11128,50333,1567,118
3382,8720,50334,11128,50334,1567,118
3382,8720,50335,11128,50335,1567,118
3382,8720,50336,11128,50336,1567,118
3382,8720,50337,11128,50337,1567,118
3382,8720,50338,11128,50338,1567,118
3382,8720,50339,11128,50339,1567,118
3382,8720,50340,11128,50340,1567,118
3382,8720,50341,11128,50341,1567,118
3382,8720,50342,11128,50342,1567,118
3382,8720,50343,11128,50343,1567,118
3382,8720,50344,11128,50344,1567,118
3382,8720,50345,11128,50345,1567,118
3382,8720,50346,11128,50346,1567,118
3382,8720,50347,11128,50347,1567,118
3382,8720,50348,11128,50348,1567,118
3382,8720,50349,11128,50349,1567,118
3382,8720,50350,11128,50350,1567,118
3382,8720,50351,11128,50351,1567,118
3382,8720,50352,11128,50352,1567,118
3382,8720,50353,11128,50353,1567,118
3382,8720,50354,11128,50354,1567,118
3382,8720,50355,11128,50355,1567,118
3382,8720,50356,11128,50356,1567,118
3382,8720,50357,11128,50357,1567,118
3382,8720,50358,11128,50358,1567,118
3382,8720,50359,11128,50359,1567,118
3382,8720,50360,11128,50360,1567,118
3382,8720,50361,11128,50361,1567,118
3382,8720,50362,11128,50362,1567,118
3381,8720,50363,11128,50363,1567,118
3381,8720,50364,11128,50364,1567,118
3381,8720,50365,11128,50365,1567,118
3380,8720,50366,11128,50366,1567,117
3380,8720,50367,11128,50367,1567,117
3380,8720,50368,11128,50368,1567,117
3380,8720,50369,11128,50369,1567,117
3380,8720,50370,11128,50370,1567,117
3381,8720,50371,11128,50371,1567,117
3380,8720,50372,11128,50372,1567,117
3380,8720,50373,11128,50373,1567,117
3381,8720,50374,11128,50374,1567,117
3381,8720,50375,11128,50375,1567,117
3381,8720,50376,11128,50376,1567,117
3381,8720,50377,11128,50377,1567,117
3381,8720,50378,11128,50378,1567,117
3381,8720,50379,11128,50379,1567,117
3381,8720,50380,11128,50380,1567,117
3381,8720,50381,11128,50381,1567,117
3381,8720,50382,11128,50382,1567,117
3381,8720,50383,11128,50383,1567,117
3381,8720,50384,11128,50384,1567,117
3382,8720,50385,11128,50385,1567,117
3382,8720,50386,11128,50386,1567,117
3383,8720,50387,11128,50387,1567,117
3383,8720,50388,11128,50388,1567,117
3383,8720,50389,11128,50389,1567,117
3383,8720,50390,11128,50390,1567,117
3383,8720,50391,11128,50391,1567,117
3383,8720,50392,11128,50392,1567,117
3383,8720,50393,11128,50393,1567,117
3383,8720,50394,11128,50394,1567,117
3383,8720,50395,11128,50395,1567,117
3383,8720,50396,11128,50396,1567,117
3383,8720,50397,11128,50397,1567,117
3383,8720,50398,11128,50398,1567,117
3383,8720,50399,11128,50399,1567,117
3383,8720,50400,11128,50400,1567,117
3383,8720,50401,11128,50401,1567,117
3383,8720,50402,11128,50402,1567,117
3383,8720,50403,11128,50403,1567,117
3383,8720,50404,11128,50404,1567,117
3383,8720,50405,11128,50405,1567,117
3383,8720,50406,11128,50406,1567,117
3383,8720,50407,11128,50407,1567,117
3383,8720,50408,11128,50408,1567,117
3383,8720,50409,11128,50409,1567,117
3383,8720,50410,11128,50410,1567,117
3383,8720,50411,11128,50411,1567,117
3383,8720,50412,11128,50412,1567,117
3383,8720,50413,11128,50413,1567,117
3383,8720,50414,11128,50414,1567,117
3383,8720,50415,11128,50415,1567,117
3383,8720,50416,11128,50416,1567,117
3383,8720,50417,11128,50417,1567,117
3382,8720,50418,11128,50418,1567,116
3382,8720,50419,11128,50419,1567,116
3382,8720,50420,11128,50420,1567,116
3382,8720,50421,11128,50421,1567,116
3382,8720,50422,11128,50422,1567,116
3382,8720,50423,11128,50423,1567,116
3382,8720,50424,11128,50424,1567,116
3382,8720,50425,11128,50425,1567,116
3381,8720,50426,11128,50426,1567,116
3381,8720,50427,11128,50427,1567,116
3381,8720,50428,11128,50428,1567,116
3381,8720,50429,11128,50429,1567,116
3381,8720,50430,11128,50430,1567,116
3381,8720,50431,11128,50431,1567,116
3381,8720,50432,11128,50432,1567,116
3381,8720,50433,11128,50433,1567,116
3381,8720,50434,11128,50434,1567,116
3381,8720,50435,11128,50435,1567,116
3381,8720,50436,11128,50436,1567,116
3381,8720,50437,11128,50437,1567,116
3381,8720,50438,11128,50438,1567,116
3380,8720,50439,11128,50439,1567,116
3380,8720,50440,11128,50440,1567,116
3379,8720,50441,11128,50441,1567,116
3379,8720,50442,11128,50442,1567,116
3379,8720,50443,11128,50443,1567,116
3378,8720,50444,11128,50444,1567,116
3378,8720,50445,11128,50445,1567,116
3378,8720,50446,11128,50446,1567,116
3378,8720,50447,11128,50447,1567,116
3378,8720,50448,11128,50448,1567,116
3378,8720,50449,11128,50449,1567,116
3378,8720,50450,11128,50450,1567,116
3378,8720,50451,11128,50451,1567,116
3378,8720,50452,11128,50452,1567,116
3378,8720,50453,11128,50453,1567,116
3378,8720,50454,11128,50454,1567,116
3378,8720,50455,11128,50455,1567,116
3378,8720,50456,11128,50456,1567,116
3378,8720,50457,11128,50457,1567,116
3378,8720,50458,11128,50458,1567,116
3378,8720,50459,11128,50459,1567,116
3378,8720,50460,11128,50460,1567,116
3378,8720,50461,11128,50461,1567,116
3378,8720,50462,11128,50462,1567,116
3378,8720,50463,11128,50463,1567,116
3378,8720,50464,11128,50464,1567,116
3378,8720,50465,11128,50465,1567,116
3378,8720,50466,11128,50466,1567,116
3378,8720,50467,11128,50467,1567,116
3378,8720,50468,11128,50468,1567,116
3377,8720,50469,11128,50469,1567,116
3377,8720,50470,11128,50470,1567,116
3377,8720,50471,11128,50471,1567,116
3377,8720,50472,11128,50472,1567,116
3377,8720,50473,11128,50473,1567,116
3377,8720,50474,11128,50474,1567,116
3377,8720,50475,11128,50475,1567,116
3378,8720,50476,11128,50476,1567,116
3378,8720,50477,11128,50477,1567,116
3378,8720,50478,11128,50478,1567,116
3378,8720,50479,11128,50479,1567,116
3378,8720,50480,11128,50480,1567,116
3378,8720,50481,11128,50481,1567,116
3378,8720,50482,11128,50482,1567,116
3378,8720,50483,11128,50483,1567,116
3378,8720,50484,11128,50484,1567,116
3378,8720,50485,11128,50485,1567,116
3378,8720,50486,11128,50486,1567,116
3379,8720,50487,11128,50487,1567,116
3379,8720,50488,11128,50488,1567,116
3379,8720,50489,11128,50489,1567,116
3379,8720,50490,11128,50490,1567,116
3379,8720,50491,11128,50491,1567,116
3379,8720,50492,11128,50492,1567,116
3379,8720,50493,11128,50493,1567,116
3379,8720,50494,11128,50494,1567,116
3379,8720,50495,11128,50495,1567,116
3379,8720,50496,11128,50496,1567,116
3379,8720,50497,11128,50497,1567,116
3379,8720,50498,11128,50498,1567,116
3379,8720,50499,11128,50499,1567,116
3379,8720,50500,11128,50500,1567,116
3379,8720,50501,11128,50501,1567,116
3379,8720,50502,11128,50502,1567,116
3379,8720,50503,11128,50503,1567,116
3379,8720,50504,11128,50504,1567,116
3379,8720,50505,11128,50505,1567,116
3379,8720,50506,11128,50506,1567,116
3379,8720,50507,11128,50507,1567,116
3379,8720,50508,11128,50508,1567,116
3379,8720,50509,11128,50509,1567,116
3379,8720,50510,11128,50510,1567,116
3379,8720,50511,11128,50511,1567,116
3379,8720,50512,11128,50512,1567,116
3379,8720,50513,11128,50513,1567,116
3380,8720,50514,11128,50514,1567,116
3380,8720,50515,11128,50515,1567,116
3380,8720,50516,11128,50516,1567,116
3380,8720,50517,11128,50517,1567,116
3380,8720,50518,11128,50518,1567,116
3380,8720,50519,11128,50519,1567,116
3380,8720,50520,11128,50520,1567,116
3380,8720,50521,11128,50521,1567,116
3380,8720,50522,11128,50522,1567,116
3380,8720,50523,11128,50523,1567,116
3380,8720,50524,11128,50524,1567,116
3380,8720,50525,11128,50525,1567,116
3380,8720,50526,11128,50526,1567,116
3380,8720,50527,11128,50527,1567,116
3380,8720,50528,11128,50528,1567,116
3380,8720,50529,11128,50529,1567,116
3380,8720,50530,11128,50530,1567,116
3380,8720,50531,11128,50531,1567,116
3380,8720,50532,11128,50532,1567,116
3380,8720,50533,11128,50533,1567,116
3380,8720,50534,11128,50534,1567,116
3380,8720,50535,11128,50535,1567,116
3380,8720,50536,11128,50536,1567,116
3379,8720,50537,11128,50537,1567,116
3379,8720,50538,11128,50538,1567,116
3379,8720,50539,11128,50539,1567,116
3379,8720,50540,11128,50540,1567,116
3379,8720,50541,11128,50541,1567,116
3379,8720,50542,11128,50542,1567,116
3380,8720,50543,11128,50543,1567,116
3380,8720,50544,11128,50544,1567,116
3380,8720,50545,11128,50545,1567,116
3380,8720,50546,11128,50546,1567,116
3380,8720,50547,11128,50547,1567,116
3380,8720,50548,11128,50548,1567,116
3379,8720,50549,11128,50549,1567,116
3379,8720,50550,11128,50550,1567,116
3379,8720,50551,11128,50551,1567,116
3379,8720,50552,11128,50552,1567,116
3379,8720,50553,11128,50553,1567,116
3379,8720,50554,11128,50554,1567,116
3379,8720,50555,11128,50555,1567,116
3379,8720,50556,11128,50556,1567,116
3379,8720,50557,11128,50557,1567,116
3379,8720,50558,11128,50558,1567,116
3379,8720,50559,11128,50559,1567,116
3379,8720,50560,11128,50560,1567,116
3379,8720,50561,11128,50561,1567,116
3379,8720,50562,11128,50562,1567,116
3379,8720,50563,11128,50563,1567,116
3379,8720,50564,11128,50564,1567,116
3379,8720,50565,11128,50565,1567,116
3379,8720,50566,11128,50566,1567,116
3379,8720,50567,11128,50567,1567,116
3379,8720,50568,11128,50568,1567,116
3379,8720,50569,11128,50569,1567,116
3379,8720,50570,11128,50570,1567,116
3379,8720,50571,11128,50571,1567,116
3379,8720,50572,11128,50572,1567,116
3380,8720,50573,11128,50573,1567,116
3380,8720,50574,11128,50574,1567,116
3380,8720,50575,11128,50575,1567,116
3380,8720,50576,11128,50576,1567,116
3380,8720,50577,11128,50577,1567,116
3381,8720,50578,11128,50578,1567,116
3381,8720,50579,11128,50579,1567,116
3381,8720,50580,11128,50580,1567,116
3381,8720,50581,11128,50581,1567,116
3381,8720,50582,11128,50582,1567,116
3380,8720,50583,11128,50583,1567,116
3380,8720,50584,11128,50584,1567,116
3380,8720,50585,11128,50585,1567,116
3380,8720,50586,11128,50586,1567,116
3380,8720,50587,11128,50587,1567,116
3380,8720,50588,11128,50588,1567,116
3380,8720,50589,11128,50589,1567,116
3380,8720,50590,11128,50590,1567,116
3380,8720,50591,11128,50591,1567,116
3380,8720,50592,11128,50592,1567,116
3380,8720,50593,11128,50593,1567,116
3380,8720,50594,11128,50594,1567,116
3380,8720,50595,11128,50595,1567,116
3380,8720,50596,11128,50596,1567,116
3379,8720,50597,11128,50597,1567,116
3379,8720,50598,11128,50598,1567,116
3379,8720,50599,11128,50599,1567,116
3379,8720,50600,11128,50600,1567,116
3379,8720,50601,11128,50601,1567,116
3379,8720,50602,11128,50602,1567,116
3379,8720,50603,11128,50603,1567,116
3379,8720,50604,11128,50604,1567,116
3379,8720,50605,11128,50605,1567,116
3378,8720,50606,11128,50606,1567,116
3378,8720,50607,11128,50607,1567,116
3379,8720,50608,11128,50608,1567,116
3379,8720,50609,11128,50609,1567,116
3379,8720,50610,11128,50610,1567,116
3379,8720,50611,11128,50611,1567,116
3379,8720,50612,11128,50612,1567,116
3380,8720,50613,11128,50613,1567,116
3380,8720,50614,11128,50614,1567,116
3380,8720,50615,11128,50615,1567,116
3380,8720,50616,11128,50616,1567,116
3380,8720,50617,11128,50617,1567,116
3380,8720,50618,11128,50618,1567,116
3380,8720,50619,11128,50619,1567,116
3380,8720,50620,11128,50620,1567,116
3380,8720,50621,11128,50621,1567,116
3380,8720,50622,11128,50622,1567,116
3380,8720,50623,11128,50623,1567,116
3380,8720,50624,11128,50624,1567,116
3380,8720,50625,11128,50625,1567,116
3380,8720,50626,11128,50626,1567,116
3380,8720,50627,11128,50627,1567,116
3380,8720,50628,11128,50628,1567,116
3380,8720,50629,11128,50629,1567,116
3380,8720,50630,11128,50630,1567,116
3381,8720,50631,11128,50631,1567,116
3381,8720,50632,11128,50632,1567,116
3381,8720,50633,11128,50633,1567,116
3381,8720,50634,11128,50634,1567,116
3381,8720,50635,11128,50635,1567,116
3381,8720,50636,11128,50636,1567,116
3381,8720,50637,11128,50637,1567,116
3381,8720,50638,11128,50638,1567,116
3381,8720,50639,11128,50639,1567,116
3381,8720,50640,11128,50640,1567,116
3381,8720,50641,11128,50641,1567,116
3381,8720,50642,11128,50642,1567,116
3381,8720,50643,11128,50643,1567,116
3382,8720,50644,11128,50644,1567,116
3382,8720,50645,11128,50645,1567,116
3382,8720,50646,11128,50646,1567,116
3382,8720,50647,11128,50647,1567,116
3382,8720,50648,11128,50648,1567,116
3382,8720,50649,11128,50649,1567,116
3382,8720,50650,11128,50650,1567,116
3382,8720,50651,11128,50651,1567,116
3382,8720,50652,11128,50652,1567,116
3382,8720,50653,11128,50653,1567,116
3382,8720,50654,11128,50654,1567,116
3382,8720,50655,11128,50655,1567,116
3382,8720,50656,11128,50656,1567,116
3382,8720,50657,11128,50657,1567,116
3382,8720,50658,11128,50658,1567,116
3382,8720,50659,11128,50659,1567,116
3383,8720,50660,11128,50660,1567,116
3383,8720,50661,11128,50661,1567,116
3383,8720,50662,11128,50662,1567,116
3383,8720,50663,11128,50663,1567,116
3383,8720,50664,11128,50664,1567,116
3383,8720,50665,11128,50665,1567,116
3383,8720,50666,11128,50666,1567,116
3383,8720,50667,11128,50667,1567,116
3383,8720,50668,11128,50668,1567,116
3383,8720,50669,11128,50669,1567,116
3383,8720,50670,11128,50670,1567,116
3383,8720,50671,11128,50671,1567,116
3383,8720,50672,11128,50672,1567,116
3383,8720,50673,11128,50673,1567,116
3383,8720,50674,11128,50674,1567,116
3383,8720,50675,11128,50675,1567,116
3383,8720,50676,11128,50676,1567,116
3383,8720,50677,11128,50677,1567,116
3383,8720,50678,11128,50678,1567,116
3383,8720,50679,11128,50679,1567,116
3383,8720,50680,11128,50680,1567,116
3383,8720,50681,11128,50681,1567,116
3383,8720,50682,11128,50682,1567,116
3383,8720,50683,11128,50683,1567,116
3383,8720,50684,11128,50684,1567,116
3383,8720,50685,11128,50685,1567,116
3382,8720,50686,11128,50686,1567,116
3382,8720,50687,11128,50687,1567,116
3382,8720,50688,11128,50688,1567,116
3382,8720,50689,11128,50689,1567,116
3382,8720,50690,11128,50690,1567,116
3382,8720,50691,11128,50691,1567,116
3382,8720,50692,11128,50692,1567,116
3382,8720,50693,11128,50693,1567,116
3382,8720,50694,11128,50694,1567,116
3382,8720,50695,11128,50695,1567,116
3382,8720,50696,11128,50696,1567,116
3382,8720,50697,11128,50697,1567,116
3382,8720,50698,11128,50698,1567,116
3382,8720,50699,11128,50699,1567,116
3383,8720,50700,11128,50700,1567,116
3383,8720,50701,11128,50701,1567,116
3383,8720,50702,11128,50702,1567,116
3383,8720,50703,11128,50703,1567,116
3383,8720,50704,11128,50704,1567,116
3382,8720,50705,11128,50705,1567,116
3382,8720,50706,11128,50706,1567,116
3383,8720,50707,11128,50707,1567,116
3383,8720,50708,11128,50708,1567,116
3383,8720,50709,11128,50709,1567,116
3383,8720,50710,11128,50710,1567,116
3383,8720,50711,11128,50711,1567,116
3383,8720,50712,11128,50712,1567,116
3383,8720,50713,11128,50713,1567,116
3383,8720,50714,11128,50714,1567,116
3383,8720,50715,11128,50715,1567,116
3383,8720,50716,11128,50716,1567,116
3383,8720,50717,11128,50717,1567,116
3383,8720,50718,11128,50718,1567,116
3383,8720,50719,11128,50719,1567,116
3383,8720,50720,11128,50720,1567,116
3383,8720,50721,11128,50721,1567,116
3383,8720,50722,11128,50722,1567,116
3383,8720,50723,11128,50723,1567,116
3383,8720,50724,11128,50724,1567,116
3383,8720,50725,11128,50725,1567,116
3383,8720,50726,11128,50726,1567,116
3383,8720,50727,11128,50727,1567,116
3383,8720,50728,11128,50728,1567,116
3383,8720,50729,11128,50729,1567,116
3383,8720,50730,11128,50730,1567,116
3383,8720,50731,11128,50731,1567,116
3383,8720,50732,11128,50732,1567,116
3383,8720,50733,11128,50733,1567,116
3383,8720,50734,11128,50734,1567,116
3383,8720,50735,11128,50735,1567,116
3383,8720,50736,11128,50736,1567,116
3383,8720,50737,11128,50737,1567,116
3382,8720,50738,11128,50738,1567,116
3382,8720,50739,11128,50739,1567,116
3382,8720,50740,11128,50740,1567,116
3382,8720,50741,11128,50741,1567,116
3382,8720,50742,11128,50742,1567,116
3382,8720,50743,11128,50743,1567,116
3381,8720,50744,11128,50744,1567,115
3381,8720,50745,11128,50745,1567,115
3381,8720,50746,11128,50746,1567,115
3381,8720,50747,11128,50747,1567,115
3381,8720,50748,11128,50748,1567,115
3381,8720,50749,11128,50749,1567,115
3381,8720,50750,11128,50750,1567,115
3381,8720,50751,11128,50751,1567,115
3382,8720,50752,11128,50752,1567,115
3382,8720,50753,11128,50753,1567,115
3382,8720,50754,11128,50754,1567,115
3382,8720,50755,11128,50755,1567,115
3383,8720,50756,11128,50756,1567,115
3383,8720,50757,11128,50757,1567,115
3383,8720,50758,11128,50758,1567,115
3383,8720,50759,11128,50759,1567,115
3383,8720,50760,11128,50760,1567,115
3383,8720,50761,11128,50761,1567,115
3383,8720,50762,11128,50762,1567,115
3383,8720,50763,11128,50763,1567,115
3383,8720,50764,11128,50764,1567,115
3383,8720,50765,11128,50765,1567,115
3383,8720,50766,11128,50766,1567,115
3383,8720,50767,11128,50767,1567,115
3383,8720,50768,11128,50768,1567,115
3383,8720,50769,11128,50769,1567,115
3383,8720,50770,11128,50770,1567,115
3383,8720,50771,11128,50771,1567,115
3383,8720,50772,11128,50772,1567,115
3383,8720,50773,11128,50773,1567,115
3382,8720,50774,11128,50774,1567,115
3382,8720,50775,11128,50775,1567,115
3382,8720,50776,11128,50776,1567,115
3382,8720,50777,11128,50777,1567,115
3382,8720,50778,11128,50778,1567,115
3382,8720,50779,11128,50779,1567,115
3382,8720,50780,11128,50780,1567,115
3382,8720,50781,11128,50781,1567,115
3382,8720,50782,11128,50782,1567,115
3382,8720,50783,11128,50783,1567,115
3382,8720,50784,11128,50784,1567,115
3382,8720,50785,11128,50785,1567,115
3382,8720,50786,11128,50786,1567,115
3382,8720,50787,11128,50787,1567,115
3382,8720,50788,11128,50788,1567,115
3382,8720,50789,11128,50789,1567,115
3382,8720,50790,11128,50790,1567,115
3382,8720,50791,11128,50791,1567,115
3382,8720,50792,11128,50792,1567,115
3382,8720,50793,11128,50793,1567,115
3382,8720,50794,11128,50794,1567,115
3382,8720,50795,11128,50795,1567,115
3382,8720,50796,11128,50796,1567,115
3382,8720,50797,11128,50797,1567,115
3382,8720,50798,11128,50798,1567,115
3382,8720,50799,11128,50799,1567,115
3382,8720,50800,11128,50800,1567,115
3382,8720,50801,11128,50801,1567,115
3382,8720,50802,11128,50802,1567,115
3382,8720,50803,11128,50803,1567,115
3382,8720,50804,11128,50804,1567,115
3383,8720,50805,11128,50805,1567,115
3383,8720,50806,11128,50806,1567,115
3383,8720,50807,11128,50807,1567,115
3383,8720,50808,11128,50808,1567,115
3383,8720,50809,11128,50809,1567,115
3383,8720,50810,11128,50810,1567,115
3383,8720,50811,11128,50811,1567,115
3383,8720,50812,11128,50812,1567,115
3383,8720,50813,11128,50813,1567,115
3383,8720,50814,11128,50814,1567,115
3383,8720,50815,11128,50815,1567,115
3383,8720,50816,11128,50816,1567,115
3383,8720,50817,11128,50817,1567,115
3383,8720,50818,11128,50818,1567,115
3383,8720,50819,11128,50819,1567,115
3383,8720,50820,11128,50820,1567,115
3383,8720,50821,11128,50821,1567,115
3383,8720,50822,11128,50822,1567,115
3383,8720,50823,11128,50823,1567,115
3383,8720,50824,11128,50824,1567,115
3383,8720,50825,11128,50825,1567,115
3383,8720,50826,11128,50826,1567,115
3382,8720,50827,11128,50827,1567,115
3382,8720,50828,11128,50828,1567,115
3382,8720,50829,11128,50829,1567,115
3382,8720,50830,11128,50830,1567,115
3382,8720,50831,11128,50831,1567,115
3382,8720,50832,11128,50832,1567,115
3382,8720,50833,11128,50833,1567,115
3382,8720,50834,11128,50834,1567,115
3382,8720,50835,11128,50835,1567,115
3382,8720,50836,11128,50836,1567,115
3382,8720,50837,11128,50837,1567,115
3382,8720,50838,11128,50838,1567,115
3382,8720,50839,11128,50839,1567,115
3382,8720,50840,11128,50840,1567,115
3382,8720,50841,11128,50841,1567,115
3382,8720,50842,11128,50842,1567,115
3382,8720,50843,11128,50843,1567,115
3382,8720,50844,11128,50844,1567,115
3382,8720,50845,11128,50845,1567,115
3382,8720,50846,11128,50846,1567,115
3382,8720,50847,11128,50847,1567,115
3382,8720,50848,11128,50848,1567,115
3382,8720,50849,11128,50849,1567,115
3382,8720,50850,11128,50850,1567,115
3382,8720,50851,11128,50851,1567,115
3382,8720,50852,11128,50852,1567,115
3382,8720,50853,11128,50853,1567,115
3382,8720,50854,11128,50854,1567,115
3382,8720,50855,11128,50855,1567,115
3382,8720,50856,11128,50856,1567,115
3382,8720,50857,11128,50857,1567,115
3382,8720,50858,11128,50858,1567,115
3382,8720,50859,11128,50859,1567,115
3382,8720,50860,11128,50860,1567,115
3382,8720,50861,11128,50861,1567,115
3382,8720,50862,11128,50862,1567,115
3382,8720,50863,11128,50863,1567,115
3381,8720,50864,11128,50864,1567,115
3381,8720,50865,11128,50865,1567,115
3381,8720,50866,11128,50866,1567,115
3381,8720,50867,11128,50867,1567,115
3381,8720,50868,11128,50868,1567,115
3381,8720,50869,11128,50869,1567,115
3381,8720,50870,11128,50870,1567,115
3380,8720,50871,11128,50871,1567,115
3379,8720,50872,11128,50872,1567,115
3378,8720,50873,11128,50873,1567,115
3378,8720,50874,11128,50874,1567,115
3378,8720,50875,11128,50875,1567,115
3378,8720,50876,11128,50876,1567,115
3378,8720,50877,11128,50877,1567,115
3378,8720,50878,11128,50878,1567,115
3378,8720,50879,11128,50879,1567,115
3378,8720,50880,11128,50880,1567,115
3378,8720,50881,11128,50881,1567,115
3379,8720,50882,11128,50882,1567,115
3379,8720,50883,11128,50883,1567,115
3379,8720,50884,11128,50884,1567,115
3379,8720,50885,11128,50885,1567,115
3379,8720,50886,11128,50886,1567,115
3379,8720,50887,11128,50887,1567,115
3379,8720,50888,11128,50888,1567,115
3379,8720,50889,11128,50889,1567,115
3379,8720,50890,11128,50890,1567,115
3379,8720,50891,11128,50891,1567,115
3379,8720,50892,11128,50892,1567,115
3378,8720,50893,11128,50893,1567,115
3378,8720,50894,11128,50894,1567,115
3379,8720,50895,11128,50895,1567,115
3379,8720,50896,11128,50896,1567,115
3379,8720,50897,11128,50897,1567,115
3379,8720,50898,11128,50898,1567,115
3379,8720,50899,11128,50899,1567,115
3379,8720,50900,11128,50900,1567,115
3379,8720,50901,11128,50901,1567,115
3379,8720,50902,11128,50902,1567,115
3379,8720,50903,11128,50903,1567,115
3378,8720,50904,11128,50904,1567,115
3378,8720,50905,11128,50905,1567,115
3378,8720,50906,11128,50906,1567,115
3378,8720,50907,11128,50907,1567,115
3378,8720,50908,11128,50908,1567,115
3379,8720,50909,11128,50909,1567,115
3379,8720,50910,11128,50910,1567,115
3379,8720,50911,11128,50911,1567,115
3380,8720,50912,11128,50912,1567,115
3380,8720,50913,11128,50913,1567,115
3380,8720,50914,11128,50914,1567,115
3380,8720,50915,11128,50915,1567,115
3380,8720,50916,11128,50916,1567,115
3380,8720,50917,11128,50917,1567,115
3381,8720,50918,11128,50918,1567,115
3381,8720,50919,11128,50919,1567,115
3381,8720,50920,11128,50920,1567,115
3381,8720,50921,11128,50921,1567,115
3381,8720,50922,11128,50922,1567,115
3381,8720,50923,11128,50923,1567,115
3381,8720,50924,11128,50924,1567,115
3381,8720,50925,11128,50925,1567,115
3381,8720,50926,11128,50926,1567,115
3381,8720,50927,11128,50927,1567,115
3381,8720,50928,11128,50928,1567,115
3381,8720,50929,11128,50929,1567,115
3381,8720,50930,11128,50930,1567,115
3381,8720,50931,11128,50931,1567,115
3381,8720,50932,11128,50932,1567,115
3381,8720,50933,11128,50933,1567,115
3381,8720,50934,11128,50934,1567,115
3381,8720,50935,11128,50935,1567,115
3381,8720,50936,11128,50936,1567,115
3381,8720,50937,11128,50937,1567,115
3381,8720,50938,11128,50938,1567,115
3381,8720,50939,11128,50939,1567,115
3381,8720,50940,11128,50940,1567,115
3381,8720,50941,11128,50941,1567,115
3381,8720,50942,11128,50942,1567,115
3381,8720,50943,11128,50943,1567,115
3381,8720,50944,11128,50944,1567,115
3381,8720,50945,11128,50945,1567,115
3381,8720,50946,11128,50946,1567,115
3381,8720,50947,11128,50947,1567,115
3381,8720,50948,11128,50948,1567,115
3381,8720,50949,11128,50949,1567,115
3381,8720,50950,11128,50950,1567,115
3381,8720,50951,11128,50951,1567,115
3381,8720,50952,11128,50952,1567,115
3381,8720,50953,11128,50953,1567,115
3381,8720,50954,11128,50954,1567,115
3381,8720,50955,11128,50955,1567,115
3381,8720,50956,11128,50956,1567,115
3381,8720,50957,11128,50957,1567,115
3381,8720,50958,11128,50958,1567,115
3381,8720,50959,11128,50959,1567,115
3381,8720,50960,11128,50960,1567,115
3381,8720,50961,11128,50961,1567,115
3381,8720,50962,11128,50962,1567,115
3381,8720,50963,11128,50963,1567,115
3381,8720,50964,11128,50964,1567,115
3381,8720,50965,11128,50965,1567,115
3382,8720,50966,11128,50966,1567,115
3382,8720,50967,11128,50967,1567,115
3382,8720,50968,11128,50968,1567,115
3382,8720,50969,11128,50969,1567,115
3382,8720,50970,11128,50970,1567,115
3382,8720,50971,11128,50971,1567,115
3382,8720,50972,11128,50972,1567,115
3382,8720,50973,11128,50973,1567,115
3382,8720,50974,11128,50974,1567,115
3382,8720,50975,11128,50975,1567,115
3382,8720,50976,11128,50976,1567,115
3382,8720,50977,11128,50977,1567,115
3382,8720,50978,11128,50978,1567,115
3382,8720,50979,11128,50979,1567,115
3382,8720,50980,11128,50980,1567,115
3382,8720,50981,11128,50981,1567,115
3382,8720,50982,11128,50982,1567,115
3382,8720,50983,11128,50983,1567,115
3382,8720,50984,11128,50984,1567,115
3381,8720,50985,11128,50985,1567,115
3381,8720,50986,11128,50986,1567,115
3381,8720,50987,11128,50987,1567,115
3381,8720,50988,11128,50988,1567,115
3381,8720,50989,11128,50989,1567,115
3381,8720,50990,11128,50990,1567,115
3381,8720,50991,11128,50991,1567,115
3381,8720,50992,11128,50992,1567,115
3381,8720,50993,11128,50993,1567,115
3381,8720,50994,11128,50994,1567,115
3380,8720,50995,11128,50995,1567,115
3381,8720,50996,11128,50996,1567,115
3381,8720,50997,11128,50997,1567,115
3381,8720,50998,11128,50998,1567,115
3381,8720,50999,11128,50999,1567,115
3381,8720,51000,11128,51000,1567,115
3381,8720,51001,11128,51001,1567,115
3381,8720,51002,11128,51002,1567,115
3381,8720,51003,11128,51003,1567,115
3381,8720,51004,11128,51004,1567,115
3381,8720,51005,11128,51005,1567,115
3381,8720,51006,11128,51006,1567,115
3381,8720,51007,11128,51007,1567,115
3381,8720,51008,11128,51008,1567,115
3381,8720,51009,11128,51009,1567,115
3382,8720,51010,11128,51010,1567,115
3382,8720,51011,11128,51011,1567,115
3382,8720,51012,11128,51012,1567,115
3382,8720,51013,11128,51013,1567,115
3382,8720,51014,11128,51014,1567,115
3382,8720,51015,11128,51015,1567,115
3382,8720,51016,11128,51016,1567,115
3382,8720,51017,11128,51017,1567,115
3382,8720,51018,11128,51018,1567,115
3382,8720,51019,11128,51019,1567,115
3382,8720,51020,11128,51020,1567,115
3382,8720,51021,11128,51021,1567,115
3382,8720,51022,11128,51022,1567,115
3382,8720,51023,11128,51023,1567,115
3382,8720,51024,11128,51024,1567,115
3382,8720,51025,11128,51025,1567,115
3382,8720,51026,11128,51026,1567,115
3382,8720,51027,11128,51027,1567,115
3382,8720,51028,11128,51028,1567,115
3382,8720,51029,11128,51029,1567,115
3382,8720,51030,11128,51030,1567,115
3382,8720,51031,11128,51031,1567,115
3382,8720,51032,11128,51032,1567,115
3382,8720,51033,11128,51033,1567,115
3382,8720,51034,11128,51034,1567,115
3381,8720,51035,11128,51035,1567,114
3381,8720,51036,11128,51036,1567,114
3381,8720,51037,11128,51037,1567,114
3381,8720,51038,11128,51038,1567,114
3381,8720,51039,11128,51039,1567,114
3381,8720,51040,11128,51040,1567,114
3381,8720,51041,11128,51041,1567,114
3381,8720,51042,11128,51042,1567,114
3381,8720,51043,11128,51043,1567,114
3381,8720,51044,11128,51044,1567,114
3381,8720,51045,11128,51045,1567,114
3381,8720,51046,11128,51046,1567,114
3380,8720,51047,11128,51047,1567,114
3380,8720,51048,11128,51048,1567,114
3380,8720,51049,11128,51049,1567,114
3380,8720,51050,11128,51050,1567,114
3380,8720,51051,11128,51051,1567,114
3380,8720,51052,11128,51052,1567,114
3380,8720,51053,11128,51053,1567,114
3380,8720,51054,11128,51054,1567,114
3380,8720,51055,11128,51055,1567,114
3380,8720,51056,11128,51056,1567,114
3380,8720,51057,11128,51057,1567,114
3380,8720,51058,11128,51058,1567,114
3378,8720,51059,11128,51059,1567,114
3378,8720,51060,11128,51060,1567,114
3378,8720,51061,11128,51061,1567,114
3378,8720,51062,11128,51062,1567,114
3378,8720,51063,11128,51063,1567,114
3378,8720,51064,11128,51064,1567,114
3378,8720,51065,11128,51065,1567,114
3377,8720,51066,11128,51066,1567,114
3377,8720,51067,11128,51067,1567,114
3377,8720,51068,11128,51068,1567,114
3377,8720,51069,11128,51069,1567,114
3377,8720,51070,11128,51070,1567,114
3377,8720,51071,11128,51071,1567,114
3377,8720,51072,11128,51072,1567,114
3377,8720,51073,11128,51073,1567,114
3377,8720,51074,11128,51074,1567,114
3378,8720,51075,11128,51075,1567,114
3378,8720,51076,11128,51076,1567,114
3378,8720,51077,11128,51077,1567,114
3378,8720,51078,11128,51078,1567,114
3378,8720,51079,11128,51079,1567,114
3378,8720,51080,11128,51080,1567,114
3378,8720,51081,11128,51081,1567,114
3378,8720,51082,11128,51082,1567,114
3378,8720,51083,11128,51083,1567,114
3378,8720,51084,11128,51084,1567,114
3378,8720,51085,11128,51085,1567,114
3378,8720,51086,11128,51086,1567,114
3378,8720,51087,11128,51087,1567,114
3378,8720,51088,11128,51088,1567,114
3378,8720,51089,11128,51089,1567,114
3378,8720,51090,11128,51090,1567,114
3378,8720,51091,11128,51091,1567,114
3378,8720,51092,11128,51092,1567,114
3378,8720,51093,11128,51093,1567,114
3378,8720,51094,11128,51094,1567,114
3378,8720,51095,11128,51095,1567,114
3378,8720,51096,11128,51096,1567,114
3378,8720,51097,11128,51097,1567,114
3377,8720,51098,11128,51098,1567,113
3377,8720,51099,11128,51099,1567,113
3377,8720,51100,11128,51100,1567,113
3377,8720,51101,11128,51101,1567,113
3377,8720,51102,11128,51102,1567,113
3377,8720,51103,11128,51103,1567,113
3377,8720,51104,11128,51104,1567,113
3377,8720,51105,11128,51105,1567,113
3377,8720,51106,11128,51106,1567,113
3377,8720,51107,11128,51107,1567,113
3377,8720,51108,11128,51108,1567,113
3377,8720,51109,11128,51109,1567,113
3377,8720,51110,11128,51110,1567,113
3377,8720,51111,11128,51111,1567,113
3377,8720,51112,11128,51112,1567,113
3376,8720,51113,11128,51113,1567,113
3376,8720,51114,11128,51114,1567,113
3376,8720,51115,11128,51115,1567,113
3376,8720,51116,11128,51116,1567,113
3376,8720,51117,11128,51117,1567,113
3376,8720,51118,11128,51118,1567,113
3376,8720,51119,11128,51119,1567,113
3376,8720,51120,11128,51120,1567,113
3375,8720,51121,11128,51121,1567,113
3375,8720,51122,11128,51122,1567,113
3375,8720,51123,11128,51123,1567,113
3375,8720,51124,11128,51124,1567,113
3375,8720,51125,11128,51125,1567,113
3375,8720,51126,11128,51126,1567,113
3375,8720,51127,11128,51127,1567,113
3375,8720,51128,11128,51128,1567,113
3375,8720,51129,11128,51129,1567,113
3375,8720,51130,11128,51130,1567,113
3375,8720,51131,11128,51131,1567,113
3375,8720,51132,11128,51132,1567,113
3375,8720,51133,11128,51133,1567,113
3375,8720,51134,11128,51134,1567,113
3375,8720,51135,11128,51135,1567,113
3375,8720,51136,11128,51136,1567,113
3375,8720,51137,11128,51137,1567,113
3375,8720,51138,11128,51138,1567,113
3375,8720,51139,11128,51139,1567,113
3375,8720,51140,11128,51140,1567,113
3375,8720,51141,11128,51141,1567,113
3375,8720,51142,11128,51142,1567,113
3375,8720,51143,11128,51143,1567,113
3374,8720,51144,11128,51144,1567,113
3374,8720,51145,11128,51145,1567,113
3374,8720,51146,11128,51146,1567,113
3374,8720,51147,11128,51147,1567,113
3374,8720,51148,11128,51148,1567,113
3375,8720,51149,11128,51149,1567,113
3375,8720,51150,11128,51150,1567,113
3375,8720,51151,11128,51151,1567,113
3375,8720,51152,11128,51152,1567,113
3375,8720,51153,11128,51153,1567,113
3375,8720,51154,11128,51154,1567,113
3375,8720,51155,11128,51155,1567,113
3375,8720,51156,11128,51156,1567,113
3375,8720,51157,11128,51157,1567,113
3376,8720,51158,11128,51158,1567,113
3376,8720,51159,11128,51159,1567,113
3374,8720,51160,11128,51160,1567,112
3374,8720,51161,11128,51161,1567,112
3374,8720,51162,11128,51162,1567,112
3374,8720,51163,11128,51163,1567,112
3374,8720,51164,11128,51164,1567,112
3374,8720,51165,11128,51165,1567,112
3374,8720,51166,11128,51166,1567,112
3374,8720,51167,11128,51167,1567,112
3375,8720,51168,11128,51168,1567,112
3375,8720,51169,11128,51169,1567,112
3375,8720,51170,11128,51170,1567,112
3375,8720,51171,11128,51171,1567,112
3374,8720,51172,11128,51172,1567,112
3374,8720,51173,11128,51173,1567,112
3374,8720,51174,11128,51174,1567,112
3374,8720,51175,11128,51175,1567,112
3374,8720,51176,11128,51176,1567,112
3374,8720,51177,11128,51177,1567,112
3374,8720,51178,11128,51178,1567,112
3374,8720,51179,11128,51179,1567,112
3374,8720,51180,11128,51180,1567,112
3374,8720,51181,11128,51181,1567,112
3374,8720,51182,11128,51182,1567,112
3374,8720,51183,11128,51183,1567,112
3374,8720,51184,11128,51184,1567,112
3374,8720,51185,11128,51185,1567,112
3374,8720,51186,11128,51186,1567,112
3374,8720,51187,11128,51187,1567,112
3374,8720,51188,11128,51188,1567,112
3374,8720,51189,11128,51189,1567,112
3374,8720,51190,11128,51190,1567,112
3374,8720,51191,11128,51191,1567,112
3374,8720,51192,11128,51192,1567,112
3374,8720,51193,11128,51193,1567,112
3374,8720,51194,11128,51194,1567,112
3374,8720,51195,11128,51195,1567,112
3375,8720,51196,11128,51196,1567,112
3375,8720,51197,11128,51197,1567,112
3375,8720,51198,11128,51198,1567,112
3375,8720,51199,11128,51199,1567,112
3375,8720,51200,11128,51200,1567,112
3375,8720,51201,11128,51201,1567,112
3375,8720,51202,11128,51202,1567,112
3375,8720,51203,11128,51203,1567,112
3375,8720,51204,11128,51204,1567,112
3375,8720,51205,11128,51205,1567,112
3375,8720,51206,11128,51206,1567,112
3375,8720,51207,11128,51207,1567,112
3375,8720,51208,11128,51208,1567,112
3375,8720,51209,11128,51209,1567,112
3376,8720,51210,11128,51210,1567,112
3376,8720,51211,11128,51211,1567,112
3376,8720,51212,11128,51212,1567,112
3376,8720,51213,11128,51213,1567,112
3376,8720,51214,11128,51214,1567,112
3376,8720,51215,11128,51215,1567,112
3376,8720,51216,11128,51216,1567,112
3376,8720,51217,11128,51217,1567,112
3376,8720,51218,11128,51218,1567,112
3376,8720,51219,11128,51219,1567,112
3376,8720,51220,11128,51220,1567,112
3376,8720,51221,11128,51221,1567,112
3376,8720,51222,11128,51222,1567,112
3376,8720,51223,11128,51223,1567,112
3376,8720,51224,11128,51224,1567,112
3376,8720,51225,11128,51225,1567,112
3376,8720,51226,11128,51226,1567,112
3376,8720,51227,11128,51227,1567,112
3376,8720,51228,11128,51228,1567,112
3376,8720,51229,11128,51229,1567,112
3376,8720,51230,11128,51230,1567,112
3376,8720,51231,11128,51231,1567,112
3376,8720,51232,11128,51232,1567,112
3376,8720,51233,11128,51233,1567,112
3376,8720,51234,11128,51234,1567,112
3376,8720,51235,11128,51235,1567,112
3376,8720,51236,11128,51236,1567,112
3377,8720,51237,11128,51237,1567,112
3376,8720,51238,11128,51238,1567,112
3376,8720,51239,11128,51239,1567,112
3376,8720,51240,11128,51240,1567,112
3376,8720,51241,11128,51241,1567,112
3376,8720,51242,11128,51242,1567,112
3374,8720,51243,11128,51243,1567,112
3374,8720,51244,11128,51244,1567,112
3374,8720,51245,11128,51245,1567,112
3374,8720,51246,11128,51246,1567,112
3374,8720,51247,11128,51247,1567,112
3374,8720,51248,11128,51248,1567,112
3374,8720,51249,11128,51249,1567,112
3373,8720,51250,11128,51250,1567,111
3373,8720,51251,11128,51251,1567,111
3373,8720,51252,11128,51252,1567,111
3373,8720,51253,11128,51253,1567,111
3373,8720,51254,11128,51254,1567,111
3373,8720,51255,11128,51255,1567,111
3373,8720,51256,11128,51256,1567,111
3373,8720,51257,11128,51257,1567,111
3373,8720,51258,11128,51258,1567,111
3373,8720,51259,11128,51259,1567,111
3373,8720,51260,11128,51260,1567,111
3373,8720,51261,11128,51261,1567,111
3373,8720,51262,11128,51262,1567,111
3373,8720,51263,11128,51263,1567,111
3373,8720,51264,11128,51264,1567,111
3373,8720,51265,11128,51265,1567,111
3373,8720,51266,11128,51266,1567,111
3373,8720,51267,11128,51267,1567,111
3373,8720,51268,11128,51268,1567,111
3373,8720,51269,11128,51269,1567,111
3373,8720,51270,11128,51270,1567,111
3373,8720,51271,11128,51271,1567,111
3373,8720,51272,11128,51272,1567,111
3373,8720,51273,11128,51273,1567,111
3373,8720,51274,11128,51274,1567,111
3373,8720,51275,11128,51275,1567,111
3373,8720,51276,11128,51276,1567,111
3373,8720,51277,11128,51277,1567,111
3373,8720,51278,11128,51278,1567,111
3373,8720,51279,11128,51279,1567,111
3373,8720,51280,11128,51280,1567,111
3372,8720,51281,11128,51281,1567,111
3372,8720,51282,11128,51282,1567,111
3372,8720,51283,11128,51283,1567,111
3372,8720,51284,11128,51284,1567,111
3372,8720,51285,11128,51285,1567,111
3372,8720,51286,11128,51286,1567,111
3372,8720,51287,11128,51287,1567,111
3371,8720,51288,11128,51288,1567,111
3371,8720,51289,11128,51289,1567,111
3371,8720,51290,11128,51290,1567,111
3371,8720,51291,11128,51291,1567,111
3371,8720,51292,11128,51292,1567,111
3372,8720,51293,11128,51293,1567,111
3372,8720,51294,11128,51294,1567,111
3372,8720,51295,11128,51295,1567,111
3371,8720,51296,11128,51296,1567,111
3371,8720,51297,11128,51297,1567,111
3371,8720,51298,11128,51298,1567,111
3371,8720,51299,11128,51299,1567,111
3371,8720,51300,11128,51300,1567,111
3371,8720,51301,11128,51301,1567,111
3371,8720,51302,11128,51302,1567,111
3371,8720,51303,11128,51303,1567,111
3371,8720,51304,11128,51304,1567,111
3372,8720,51305,11128,51305,1567,111
3372,8720,51306,11128,51306,1567,111
3372,8720,51307,11128,51307,1567,111
3372,8720,51308,11128,51308,1567,111
3372,8720,51309,11128,51309,1567,111
3372,8720,51310,11128,51310,1567,111
3372,8720,51311,11128,51311,1567,111
3373,8720,51312,11128,51312,1567,111
3373,8720,51313,11128,51313,1567,111
3373,8720,51314,11128,51314,1567,111
3373,8720,51315,11128,51315,1567,111
3373,8720,51316,11128,51316,1567,111
3373,8720,51317,11128,51317,1567,111
3373,8720,51318,11128,51318,1567,111
3373,8720,51319,11128,51319,1567,111
3373,8720,51320,11128,51320,1567,111
3373,8720,51321,11128,51321,1567,111
3373,8720,51322,11128,51322,1567,111
3373,8720,51323,11128,51323,1567,111
3373,8720,51324,11128,51324,1567,111
3373,8720,51325,11128,51325,1567,111
3373,8720,51326,11128,51326,1567,111
3373,8720,51327,11128,51327,1567,111
3373,8720,51328,11128,51328,1567,111
3374,8720,51329,11128,51329,1567,111
3374,8720,51330,11128,51330,1567,111
3374,8720,51331,11128,51331,1567,111
3373,8720,51332,11128,51332,1567,111
3373,8720,51333,11128,51333,1567,111
3373,8720,51334,11128,51334,1567,111
3373,8720,51335,11128,51335,1567,111
3373,8720,51336,11128,51336,1567,111
3373,8720,51337,11128,51337,1567,111
3374,8720,51338,11128,51338,1567,111
3374,8720,51339,11128,51339,1567,111
3373,8720,51340,11128,51340,1567,111
3373,8720,51341,11128,51341,1567,111
3373,8720,51342,11128,51342,1567,111
3373,8720,51343,11128,51343,1567,111
3373,8720,51344,11128,51344,1567,111
3373,8720,51345,11128,51345,1567,111
3373,8720,51346,11128,51346,1567,111
3373,8720,51347,11128,51347,1567,111
3373,8720,51348,11128,51348,1567,111
3373,8720,51349,11128,51349,1567,111
3374,8720,51350,11128,51350,1567,111
3374,8720,51351,11128,51351,1567,111
3374,8720,51352,11128,51352,1567,111
3374,8720,51353,11128,51353,1567,111
3374,8720,51354,11128,51354,1567,111
3374,8720,51355,11128,51355,1567,111
3374,8720,51356,11128,51356,1567,111
3374,8720,51357,11128,51357,1567,111
3374,8720,51358,11128,51358,1567,111
3374,8720,51359,11128,51359,1567,111
3374,8720,51360,11128,51360,1567,111
3374,8720,51361,11128,51361,1567,111
3374,8720,51362,11128,51362,1567,111
3374,8720,51363,11128,51363,1567,111
3374,8720,51364,11128,51364,1567,111
3374,8720,51365,11128,51365,1567,111
3374,8720,51366,11128,51366,1567,111
3374,8720,51367,11128,51367,1567,111
3374,8720,51368,11128,51368,1567,111
3374,8720,51369,11128,51369,1567,111
3374,8720,51370,11128,51370,1567,111
3373,8720,51371,11128,51371,1567,110
3373,8720,51372,11128,51372,1567,110
3373,8720,51373,11128,51373,1567,110
3373,8720,51374,11128,51374,1567,110
3373,8720,51375,11128,51375,1567,110
3373,8720,51376,11128,51376,1567,110
3373,8720,51377,11128,51377,1567,110
3373,8720,51378,11128,51378,1567,110
3373,8720,51379,11128,51379,1567,110
3373,8720,51380,11128,51380,1567,110
3373,8720,51381,11128,51381,1567,110
3373,8720,51382,11128,51382,1567,110
3373,8720,51383,11128,51383,1567,110
3373,8720,51384,11128,51384,1567,110
3373,8720,51385,11128,51385,1567,110
3373,8720,51386,11128,51386,1567,110
3373,8720,51387,11128,51387,1567,110
3373,8720,51388,11128,51388,1567,110
3373,8720,51389,11128,51389,1567,110
3373,8720,51390,11128,51390,1567,110
3373,8720,51391,11128,51391,1567,110
3373,8720,51392,11128,51392,1567,110
3374,8720,51393,11128,51393,1567,110
3374,8720,51394,11128,51394,1567,110
3374,8720,51395,11128,51395,1567,110
3374,8720,51396,11128,51396,1567,110
3374,8720,51397,11128,51397,1567,110
3374,8720,51398,11128,51398,1567,110
3374,8720,51399,11128,51399,1567,110
3374,8720,51400,11128,51400,1567,110
3374,8720,51401,11128,51401,1567,110
3374,8720,51402,11128,51402,1567,110
3374,8720,51403,11128,51403,1567,110
3374,8720,51404,11128,51404,1567,110
3374,8720,51405,11128,51405,1567,110
3374,8720,51406,11128,51406,1567,110
3374,8720,51407,11128,51407,1567,110
3374,8720,51408,11128,51408,1567,110
3374,8720,51409,11128,51409,1567,110
3374,8720,51410,11128,51410,1567,110
3374,8720,51411,11128,51411,1567,110
3374,8720,51412,11128,51412,1567,110
3374,8720,51413,11128,51413,1567,110
3374,8720,51414,11128,51414,1567,110
3374,8720,51415,11128,51415,1567,110
3374,8720,51416,11128,51416,1567,110
3374,8720,51417,11128,51417,1567,110
3374,8720,51418,11128,51418,1567,110
3374,8720,51419,11128,51419,1567,110
3374,8720,51420,11128,51420,1567,110
3374,8720,51421,11128,51421,1567,110
3375,8720,51422,11128,51422,1567,110
3376,8720,51423,11128,51423,1567,110
3376,8720,51424,11128,51424,1567,110
3376,8720,51425,11128,51425,1567,110
3376,8720,51426,11128,51426,1567,110
3376,8720,51427,11128,51427,1567,110
3376,8720,51428,11128,51428,1567,110
3376,8720,51429,11128,51429,1567,110
3376,8720,51430,11128,51430,1567,110
3376,8720,51431,11128,51431,1567,110
3376,8720,51432,11128,51432,1567,110
3376,8720,51433,11128,51433,1567,110
3375,8720,51434,11128,51434,1567,110
3375,8720,51435,11128,51435,1567,110
3375,8720,51436,11128,51436,1567,110
3375,8720,51437,11128,51437,1567,110
3375,8720,51438,11128,51438,1567,110
3375,8720,51439,11128,51439,1567,110
3375,8720,51440,11128,51440,1567,110
3374,8720,51441,11128,51441,1567,110
3374,8720,51442,11128,51442,1567,110
3374,8720,51443,11128,51443,1567,110
3374,8720,51444,11128,51444,1567,110
3374,8720,51445,11128,51445,1567,110
3374,8720,51446,11128,51446,1567,110
3374,8720,51447,11128,51447,1567,110
3374,8720,51448,11128,51448,1567,110
3374,8720,51449,11128,51449,1567,110
3374,8720,51450,11128,51450,1567,110
3374,8720,51451,11128,51451,1567,110
3374,8720,51452,11128,51452,1567,110
3374,8720,51453,11128,51453,1567,110
3374,8720,51454,11128,51454,1567,110
3374,8720,51455,11128,51455,1567,110
3374,8720,51456,11128,51456,1567,110
3374,8720,51457,11128,51457,1567,110
3374,8720,51458,11128,51458,1567,110
3374,8720,51459,11128,51459,1567,110
3374,8720,51460,11128,51460,1567,110
3374,8720,51461,11128,51461,1567,110
3374,8720,51462,11128,51462,1567,110
3374,8720,51463,11128,51463,1567,110
3374,8720,51464,11128,51464,1567,110
3374,8720,51465,11128,51465,1567,110
3374,8720,51466,11128,51466,1567,110
3374,8720,51467,11128,51467,1567,110
3374,8720,51468,11128,51468,1567,110
3375,8720,51469,11128,51469,1567,110
3375,8720,51470,11128,51470,1567,110
3375,8720,51471,11128,51471,1567,110
3375,8720,51472,11128,51472,1567,110
3375,8720,51473,11128,51473,1567,110
3375,8720,51474,11128,51474,1567,110
3375,8720,51475,11128,51475,1567,110
3374,8720,51476,11128,51476,1567,110
3374,8720,51477,11128,51477,1567,110
3374,8720,51478,11128,51478,1567,110
3374,8720,51479,11128,51479,1567,110
3374,8720,51480,11128,51480,1567,110
3374,8720,51481,11128,51481,1567,110
3374,8720,51482,11128,51482,1567,110
3374,8720,51483,11128,51483,1567,110
3374,8720,51484,11128,51484,1567,110
3373,8720,51485,11128,51485,1567,110
3373,8720,51486,11128,51486,1567,110
3373,8720,51487,11128,51487,1567,110
3373,8720,51488,11128,51488,1567,110
3373,8720,51489,11128,51489,1567,110
3373,8720,51490,11128,51490,1567,110
3373,8720,51491,11128,51491,1567,110
3373,8720,51492,11128,51492,1567,110
3373,8720,51493,11128,51493,1567,110
3373,8720,51494,11128,51494,1567,110
3373,8720,51495,11128,51495,1567,110
3373,8720,51496,11128,51496,1567,110
3373,8720,51497,11128,51497,1567,110
3373,8720,51498,11128,51498,1567,110
3372,8720,51499,11128,51499,1567,110
3372,8720,51500,11128,51500,1567,110
3372,8720,51501,11128,51501,1567,110
3372,8720,51502,11128,51502,1567,110
3373,8720,51503,11128,51503,1567,110
3373,8720,51504,11128,51504,1567,110
3373,8720,51505,11128,51505,1567,110
3374,8720,51506,11128,51506,1567,110
3374,8720,51507,11128,51507,1567,110
3374,8720,51508,11128,51508,1567,110
3374,8720,51509,11128,51509,1567,110
3373,8720,51510,11128,51510,1567,110
3373,8720,51511,11128,51511,1567,110
3373,8720,51512,11128,51512,1567,110
3373,8720,51513,11128,51513,1567,110
3373,8720,51514,11128,51514,1567,110
3373,8720,51515,11128,51515,1567,110
3373,8720,51516,11128,51516,1567,110
3373,8720,51517,11128,51517,1567,110
3373,8720,51518,11128,51518,1567,110
3373,8720,51519,11128,51519,1567,110
3373,8720,51520,11128,51520,1567,110
3373,8720,51521,11128,51521,1567,110
3373,8720,51522,11128,51522,1567,110
3373,8720,51523,11128,51523,1567,110
3373,8720,51524,11128,51524,1567,110
3373,8720,51525,11128,51525,1567,110
3372,8720,51526,11128,51526,1567,110
3373,8720,51527,11128,51527,1567,110
3373,8720,51528,11128,51528,1567,110
3373,8720,51529,11128,51529,1567,110
3373,8720,51530,11128,51530,1567,110
3373,8720,51531,11128,51531,1567,110
3373,8720,51532,11128,51532,1567,110
3373,8720,51533,11128,51533,1567,110
3373,8720,51534,11128,51534,1567,110
3373,8720,51535,11128,51535,1567,110
3373,8720,51536,11128,51536,1567,110
3373,8720,51537,11128,51537,1567,110
3373,8720,51538,11128,51538,1567,110
3373,8720,51539,11128,51539,1567,110
3373,8720,51540,11128,51540,1567,110
3373,8720,51541,11128,51541,1567,110
3373,8720,51542,11128,51542,1567,110
3373,8720,51543,11128,51543,1567,110
3373,8720,51544,11128,51544,1567,110
3373,8720,51545,11128,51545,1567,110
3373,8720,51546,11128,51546,1567,110
3373,8720,51547,11128,51547,1567,110
3373,8720,51548,11128,51548,1567,110
3373,8720,51549,11128,51549,1567,110
3373,8720,51550,11128,51550,1567,110
3373,8720,51551,11128,51551,1567,110
3373,8720,51552,11128,51552,1567,110
3373,8720,51553,11128,51553,1567,110
3373,8720,51554,11128,51554,1567,110
3373,8720,51555,11128,51555,1567,110
3373,8720,51556,11128,51556,1567,110
3373,8720,51557,11128,51557,1567,110
3373,8720,51558,11128,51558,1567,110
3373,8720,51559,11128,51559,1567,110
3372,8720,51560,11128,51560,1567,110
3372,8720,51561,11128,51561,1567,110
3372,8720,51562,11128,51562,1567,110
3372,8720,51563,11128,51563,1567,110
3372,8720,51564,11128,51564,1567,110
3372,8720,51565,11128,51565,1567,110
3372,8720,51566,11128,51566,1567,110
3372,8720,51567,11128,51567,1567,110
3372,8720,51568,11128,51568,1567,110
3372,8720,51569,11128,51569,1567,110
3372,8720,51570,11128,51570,1567,110
3372,8720,51571,11128,51571,1567,110
3372,8720,51572,11128,51572,1567,110
3372,8720,51573,11128,51573,1567,110
3372,8720,51574,11128,51574,1567,110
3372,8720,51575,11128,51575,1567,110
3372,8720,51576,11128,51576,1567,110
3372,8720,51577,11128,51577,1567,110
3372,8720,51578,11128,51578,1567,110
3372,8720,51579,11128,51579,1567,110
3372,8720,51580,11128,51580,1567,110
3372,8720,51581,11128,51581,1567,110
3372,8720,51582,11128,51582,1567,110
3372,8720,51583,11128,51583,1567,110
3372,8720,51584,11128,51584,1567,110
3372,8720,51585,11128,51585,1567,110
3372,8720,51586,11128,51586,1567,110
3372,8720,51587,11128,51587,1567,110
3372,8720,51588,11128,51588,1567,110
3372,8720,51589,11128,51589,1567,110
3372,8720,51590,11128,51590,1567,110
3372,8720,51591,11128,51591,1567,110
3372,8720,51592,11128,51592,1567,110
3372,8720,51593,11128,51593,1567,110
3371,8720,51594,11128,51594,1567,110
3371,8720,51595,11128,51595,1567,110
3371,8720,51596,11128,51596,1567,110
3371,8720,51597,11128,51597,1567,110
3371,8720,51598,11128,51598,1567,110
3370,8720,51599,11128,51599,1567,110
3370,8720,51600,11128,51600,1567,110
3370,8720,51601,11128,51601,1567,110
3370,8720,51602,11128,51602,1567,110
3370,8720,51603,11128,51603,1567,110
3370,8720,51604,11128,51604,1567,110
3370,8720,51605,11128,51605,1567,110
3370,8720,51606,11128,51606,1567,110
3370,8720,51607,11128,51607,1567,110
3370,8720,51608,11128,51608,1567,110
3370,8720,51609,11128,51609,1567,110
3370,8720,51610,11128,51610,1567,110
3370,8720,51611,11128,51611,1567,110
3370,8720,51612,11128,51612,1567,110
3370,8720,51613,11128,51613,1567,110
3370,8720,51614,11128,51614,1567,110
3370,8720,51615,11128,51615,1567,110
3370,8720,51616,11128,51616,1567,110
3370,8720,51617,11128,51617,1567,110
3370,8720,51618,11128,51618,1567,110
3370,8720,51619,11128,51619,1567,110
3370,8720,51620,11128,51620,1567,110
3370,8720,51621,11128,51621,1567,110
3370,8720,51622,11128,51622,1567,110
3370,8720,51623,11128,51623,1567,110
3370,8720,51624,11128,51624,1567,110
3370,8720,51625,11128,51625,1567,110
3370,8720,51626,11128,51626,1567,110
3370,8720,51627,11128,51627,1567,110
3370,8720,51628,11128,51628,1567,110
3370,8720,51629,11128,51629,1567,110
3370,8720,51630,11128,51630,1567,110
3370,8720,51631,11128,51631,1567,110
3370,8720,51632,11128,51632,1567,110
3370,8720,51633,11128,51633,1567,110
3369,8720,51634,11128,51634,1567,110
3369,8720,51635,11128,51635,1567,110
3369,8720,51636,11128,51636,1567,110
3369,8720,51637,11128,51637,1567,110
3369,8720,51638,11128,51638,1567,110
3369,8720,51639,11128,51639,1567,110
3368,8720,51640,11128,51640,1567,110
3369,8720,51641,11128,51641,1567,110
3370,8720,51642,11128,51642,1567,110
3370,8720,51643,11128,51643,1567,110
3369,8720,51644,11128,51644,1567,110
3369,8720,51645,11128,51645,1567,110
3369,8720,51646,11128,51646,1567,110
3369,8720,51647,11128,51647,1567,110
3369,8720,51648,11128,51648,1567,110
3369,8720,51649,11128,51649,1567,110
3369,8720,51650,11128,51650,1567,110
3369,8720,51651,11128,51651,1567,110
3369,8720,51652,11128,51652,1567,110
3369,8720,51653,11128,51653,1567,110
3369,8720,51654,11128,51654,1567,110
3369,8720,51655,11128,51655,1567,110
3368,8720,51656,11128,51656,1567,110
3368,8720,51657,11128,51657,1567,110
3368,8720,51658,11128,51658,1567,110
3368,8720,51659,11128,51659,1567,110
3368,8720,51660,11128,51660,1567,110
3368,8720,51661,11128,51661,1567,110
3368,8720,51662,11128,51662,1567,110
3368,8720,51663,11128,51663,1567,110
3368,8720,51664,11128,51664,1567,110
3368,8720,51665,11128,51665,1567,110
3368,8720,51666,11128,51666,1567,110
3368,8720,51667,11128,51667,1567,110
3368,8720,51668,11128,51668,1567,110
3368,8720,51669,11128,51669,1567,110
3368,8720,51670,11128,51670,1567,110
3368,8720,51671,11128,51671,1567,110
3368,8720,51672,11128,51672,1567,110
3368,8720,51673,11128,51673,1567,110
3368,8720,51674,11128,51674,1567,110
3368,8720,51675,11128,51675,1567,110
3368,8720,51676,11128,51676,1567,110
3368,8720,51677,11128,51677,1567,110
3368,8720,51678,11128,51678,1567,110
3368,8720,51679,11128,51679,1567,110
3368,8720,51680,11128,51680,1567,110
3368,8720,51681,11128,51681,1567,110
3368,8720,51682,11128,51682,1567,110
3368,8720,51683,11128,51683,1567,110
3368,8720,51684,11128,51684,1567,110
3368,8720,51685,11128,51685,1567,110
3368,8720,51686,11128,51686,1567,110
3368,8720,51687,11128,51687,1567,110
3368,8720,51688,11128,51688,1567,110
3368,8720,51689,11128,51689,1567,110
3368,8720,51690,11128,51690,1567,110
3368,8720,51691,11128,51691,1567,110
3368,8720,51692,11128,51692,1567,110
3368,8720,51693,11128,51693,1567,110
3367,8720,51694,11128,51694,1567,110
3367,8720,51695,11128,51695,1567,110
3367,8720,51696,11128,51696,1567,110
3367,8720,51697,11128,51697,1567,110
3367,8720,51698,11128,51698,1567,110
3367,8720,51699,11128,51699,1567,110
3367,8720,51700,11128,51700,1567,110
3367,8720,51701,11128,51701,1567,110
3367,8720,51702,11128,51702,1567,110
3367,8720,51703,11128,51703,1567,110
3368,8720,51704,11128,51704,1567,110
3368,8720,51705,11128,51705,1567,110
3368,8720,51706,11128,51706,1567,110
3368,8720,51707,11128,51707,1567,110
3368,8720,51708,11128,51708,1567,110
3368,8720,51709,11128,51709,1567,110
3368,8720,51710,11128,51710,1567,110
3368,8720,51711,11128,51711,1567,110
3368,8720,51712,11128,51712,1567,110
3368,8720,51713,11128,51713,1567,110
3368,8720,51714,11128,51714,1567,110
3368,8720,51715,11128,51715,1567,110
3368,8720,51716,11128,51716,1567,110
3367,8720,51717,11128,51717,1567,110
3367,8720,51718,11128,51718,1567,110
3368,8720,51719,11128,51719,1567,110
3368,8720,51720,11128,51720,1567,110
3369,8720,51721,11128,51721,1567,110
3369,8720,51722,11128,51722,1567,110
3369,8720,51723,11128,51723,1567,110
3369,8720,51724,11128,51724,1567,110
3369,8720,51725,11128,51725,1567,110
3369,8720,51726,11128,51726,1567,110
3369,8720,51727,11128,51727,1567,110
3369,8720,51728,11128,51728,1567,110
3369,8720,51729,11128,51729,1567,110
3369,8720,51730,11128,51730,1567,110
3369,8720,51731,11128,51731,1567,110
3369,8720,51732,11128,51732,1567,110
3369,8720,51733,11128,51733,1567,110
3369,8720,51734,11128,51734,1567,110
3369,8720,51735,11128,51735,1567,110
3369,8720,51736,11128,51736,1567,110
3369,8720,51737,11128,51737,1567,110
3369,8720,51738,11128,51738,1567,110
3369,8720,51739,11128,51739,1567,110
3369,8720,51740,11128,51740,1567,110
3369,8720,51741,11128,51741,1567,110
3369,8720,51742,11128,51742,1567,110
3369,8720,51743,11128,51743,1567,110
3369,8720,51744,11128,51744,1567,110
3369,8720,51745,11128,51745,1567,110
3369,8720,51746,11128,51746,1567,110
3369,8720,51747,11128,51747,1567,110
3368,8720,51748,11128,51748,1567,109
3368,8720,51749,11128,51749,1567,109
3368,8720,51750,11128,51750,1567,109
3368,8720,51751,11128,51751,1567,109
3368,8720,51752,11128,51752,1567,109
3368,8720,51753,11128,51753,1567,109
3368,8720,51754,11128,51754,1567,109
3368,8720,51755,11128,51755,1567,109
3368,8720,51756,11128,51756,1567,109
3368,8720,51757,11128,51757,1567,109
3368,8720,51758,11128,51758,1567,109
3368,8720,51759,11128,51759,1567,109
3368,8720,51760,11128,51760,1567,109
3368,8720,51761,11128,51761,1567,109
3367,8720,51762,11128,51762,1567,108
3367,8720,51763,11128,51763,1567,108
3367,8720,51764,11128,51764,1567,108
3367,8720,51765,11128,51765,1567,108
3367,8720,51766,11128,51766,1567,108
3367,8720,51767,11128,51767,1567,108
3367,8720,51768,11128,51768,1567,108
3367,8720,51769,11128,51769,1567,108
3367,8720,51770,11128,51770,1567,108
3366,8720,51771,11128,51771,1567,108
3366,8720,51772,11128,51772,1567,108
3366,8720,51773,11128,51773,1567,108
3366,8720,51774,11128,51774,1567,108
3366,8720,51775,11128,51775,1567,108
3366,8720,51776,11128,51776,1567,108
3366,8720,51777,11128,51777,1567,108
3366,8720,51778,11128,51778,1567,108
3366,8720,51779,11128,51779,1567,108
3366,8720,51780,11128,51780,1567,108
3366,8720,51781,11128,51781,1567,108
3366,8720,51782,11128,51782,1567,108
3366,8720,51783,11128,51783,1567,108
3366,8720,51784,11128,51784,1567,108
3366,8720,51785,11128,51785,1567,108
3366,8720,51786,11128,51786,1567,108
3366,8720,51787,11128,51787,1567,108
3366,8720,51788,11128,51788,1567,108
3366,8720,51789,11128,51789,1567,108
3366,8720,51790,11128,51790,1567,108
3366,8720,51791,11128,51791,1567,108
3366,8720,51792,11128,51792,1567,108
3365,8720,51793,11128,51793,1567,108
3365,8720,51794,11128,51794,1567,108
3365,8720,51795,11128,51795,1567,108
3364,8720,51796,11128,51796,1567,108
3364,8720,51797,11128,51797,1567,108
3364,8720,51798,11128,51798,1567,108
3364,8720,51799,11128,51799,1567,108
3365,8720,51800,11128,51800,1567,108
3365,8720,51801,11128,51801,1567,108
3365,8720,51802,11128,51802,1567,108
3365,8720,51803,11128,51803,1567,108
3365,8720,51804,11128,51804,1567,108
3365,8720,51805,11128,51805,1567,108
3365,8720,51806,11128,51806,1567,108
3365,8720,51807,11128,51807,1567,108
3365,8720,51808,11128,51808,1567,108
3365,8720,51809,11128,51809,1567,108
3365,8720,51810,11128,51810,1567,108
3365,8720,51811,11128,51811,1567,108
3365,8720,51812,11128,51812,1567,108
3365,8720,51813,11128,51813,1567,108
3365,8720,51814,11128,51814,1567,108
3365,8720,51815,11128,51815,1567,108
3365,8720,51816,11128,51816,1567,108
3365,8720,51817,11128,51817,1567,108
3365,8720,51818,11128,51818,1567,108
3365,8720,51819,11128,51819,1567,108
3365,8720,51820,11128,51820,1567,108
3365,8720,51821,11128,51821,1567,108
3365,8720,51822,11128,51822,1567,108
3365,8720,51823,11128,51823,1567,108
3365,8720,51824,11128,51824,1567,108
3365,8720,51825,11128,51825,1567,108
3365,8720,51826,11128,51826,1567,108
3365,8720,51827,11128,51827,1567,108
3365,8720,51828,11128,51828,1567,108
3365,8720,51829,11128,51829,1567,108
3365,8720,51830,11128,51830,1567,108
3365,8720,51831,11128,51831,1567,108
3365,8720,51832,11128,51832,1567,108
3365,8720,51833,11128,51833,1567,108
3365,8720,51834,11128,51834,1567,108
3365,8720,51835,11128,51835,1567,108
3365,8720,51836,11128,51836,1567,108
3366,8720,51837,11128,51837,1567,108
3367,8720,51838,11128,51838,1567,108
3368,8720,51839,11128,51839,1567,108
3368,8720,51840,11128,51840,1567,108
3368,8720,51841,11128,51841,1567,108
3367,8720,51842,11128,51842,1567,108
3367,8720,51843,11128,51843,1567,108
3367,8720,51844,11128,51844,1567,108
3367,8720,51845,11128,51845,1567,108
3367,8720,51846,11128,51846,1567,108
3367,8720,51847,11128,51847,1567,108
3367,8720,51848,11128,51848,1567,108
3367,8720,51849,11128,51849,1567,108
3367,8720,51850,11128,51850,1567,108
3367,8720,51851,11128,51851,1567,108
3367,8720,51852,11128,51852,1567,108
3367,8720,51853,11128,51853,1567,108
3367,8720,51854,11128,51854,1567,108
3367,8720,51855,11128,51855,1567,108
3367,8720,51856,11128,51856,1567,108
3367,8720,51857,11128,51857,1567,108
3367,8720,51858,11128,51858,1567,108
3367,8720,51859,11128,51859,1567,108
3367,8720,51860,11128,51860,1567,108
3367,8720,51861,11128,51861,1567,108
3367,8720,51862,11128,51862,1567,108
3367,8720,51863,11128,51863,1567,108
3367,8720,51864,11128,51864,1567,108
3367,8720,51865,11128,51865,1567,108
3367,8720,51866,11128,51866,1567,108
3367,8720,51867,11128,51867,1567,108
3368,8720,51868,11128,51868,1567,108
3368,8720,51869,11128,51869,1567,108
3368,8720,51870,11128,51870,1567,108
3369,8720,51871,11128,51871,1567,108
3369,8720,51872,11128,51872,1567,108
3369,8720,51873,11128,51873,1567,108
3369,8720,51874,11128,51874,1567,108
3369,8720,51875,11128,51875,1567,108
3369,8720,51876,11128,51876,1567,108
3369,8720,51877,11128,51877,1567,108
3369,8720,51878,11128,51878,1567,108
3369,8720,51879,11128,51879,1567,108
3369,8720,51880,11128,51880,1567,108
3369,8720,51881,11128,51881,1567,108
3369,8720,51882,11128,51882,1567,108
3369,8720,51883,11128,51883,1567,108
3369,8720,51884,11128,51884,1567,108
3369,8720,51885,11128,51885,1567,108
3369,8720,51886,11128,51886,1567,108
3368,8720,51887,11128,51887,1567,108
3368,8720,51888,11128,51888,1567,108
3368,8720,51889,11128,51889,1567,108
3368,8720,51890,11128,51890,1567,108
3368,8720,51891,11128,51891,1567,108
3368,8720,51892,11128,51892,1567,108
3368,8720,51893,11128,51893,1567,108
3368,8720,51894,11128,51894,1567,108
3368,8720,51895,11128,51895,1567,108
3368,8720,51896,11128,51896,1567,108
3368,8720,51897,11128,51897,1567,108
3368,8720,51898,11128,51898,1567,108
3368,8720,51899,11128,51899,1567,108
3368,8720,51900,11128,51900,1567,108
3368,8720,51901,11128,51901,1567,108
3368,8720,51902,11128,51902,1567,108
3368,8720,51903,11128,51903,1567,108
3368,8720,51904,11128,51904,1567,108
3368,8720,51905,11128,51905,1567,108
3368,8720,51906,11128,51906,1567,108
3368,8720,51907,11128,51907,1567,108
3368,8720,51908,11128,51908,1567,108
3368,8720,51909,11128,51909,1567,108
3368,8720,51910,11128,51910,1567,108
3368,8720,51911,11128,51911,1567,108
3368,8720,51912,11128,51912,1567,108
3368,8720,51913,11128,51913,1567,108
3368,8720,51914,11128,51914,1567,108
3368,8720,51915,11128,51915,1567,108
3369,8720,51916,11128,51916,1567,108
3369,8720,51917,11128,51917,1567,108
3369,8720,51918,11128,51918,1567,108
3369,8720,51919,11128,51919,1567,108
3369,8720,51920,11128,51920,1567,108
3369,8720,51921,11128,51921,1567,108
3369,8720,51922,11128,51922,1567,108
3370,8720,51923,11128,51923,1567,108
3370,8720,51924,11128,51924,1567,108
3370,8720,51925,11128,51925,1567,108
3370,8720,51926,11128,51926,1567,108
3370,8720,51927,11128,51927,1567,108
3370,8720,51928,11128,51928,1567,108
3370,8720,51929,11128,51929,1567,108
3369,8720,51930,11128,51930,1567,108
3369,8720,51931,11128,51931,1567,108
3369,8720,51932,11128,51932,1567,108
3369,8720,51933,11128,51933,1567,108
3369,8720,51934,11128,51934,1567,108
3369,8720,51935,11128,51935,1567,108
3369,8720,51936,11128,51936,1567,108
3369,8720,51937,11128,51937,1567,108
3369,8720,51938,11128,51938,1567,108
3369,8720,51939,11128,51939,1567,108
3369,8720,51940,11128,51940,1567,108
3369,8720,51941,11128,51941,1567,108
3369,8720,51942,11128,51942,1567,108
3369,8720,51943,11128,51943,1567,108
3369,8720,51944,11128,51944,1567,108
3369,8720,51945,11128,51945,1567,108
3369,8720,51946,11128,51946,1567,108
3369,8720,51947,11128,51947,1567,108
3369,8720,51948,11128,51948,1567,108
3369,8720,51949,11128,51949,1567,108
3369,8720,51950,11128,51950,1567,108
3369,8720,51951,11128,51951,1567,108
3369,8720,51952,11128,51952,1567,108
3369,8720,51953,11128,51953,1567,108
3369,8720,51954,11128,51954,1567,108
3369,8720,51955,11128,51955,1567,108
3369,8720,51956,11128,51956,1567,108
3369,8720,51957,11128,51957,1567,108
3370,8720,51958,11128,51958,1567,108
3369,8720,51959,11128,51959,1567,108
3369,8720,51960,11128,51960,1567,108
3369,8720,51961,11128,51961,1567,108
3369,8720,51962,11128,51962,1567,108
3369,8720,51963,11128,51963,1567,108
3369,8720,51964,11128,51964,1567,108
3369,8720,51965,11128,51965,1567,108
3369,8720,51966,11128,51966,1567,108
3369,8720,51967,11128,51967,1567,108
3369,8720,51968,11128,51968,1567,108
3369,8720,51969,11128,51969,1567,108
3369,8720,51970,11128,51970,1567,108
3369,8720,51971,11128,51971,1567,108
3369,8720,51972,11128,51972,1567,108
3369,8720,51973,11128,51973,1567,108
3369,8720,51974,11128,51974,1567,108
3369,8720,51975,11128,51975,1567,108
3369,8720,51976,11128,51976,1567,108
3369,8720,51977,11128,51977,1567,108
3369,8720,51978,11128,51978,1567,108
3368,8720,51979,11128,51979,1567,108
3368,8720,51980,11128,51980,1567,108
3368,8720,51981,11128,51981,1567,108
3368,8720,51982,11128,51982,1567,108
3368,8720,51983,11128,51983,1567,108
3368,8720,51984,11128,51984,1567,108
3368,8720,51985,11128,51985,1567,108
3368,8720,51986,11128,51986,1567,108
3367,8720,51987,11128,51987,1567,108
3367,8720,51988,11128,51988,1567,108
3367,8720,51989,11128,51989,1567,108
3367,8720,51990,11128,51990,1567,108
3367,8720,51991,11128,51991,1567,108
3367,8720,51992,11128,51992,1567,108
3367,8720,51993,11128,51993,1567,108
3367,8720,51994,11128,51994,1567,108
3367,8720,51995,11128,51995,1567,108
3367,8720,51996,11128,51996,1567,108
3367,8720,51997,11128,51997,1567,108
3367,8720,51998,11128,51998,1567,108
3367,8720,51999,11128,51999,1567,108
3367,8720,52000,11128,52000,1567,108
3367,8720,52001,11128,52001,1567,108
3367,8720,52002,11128,52002,1567,108
3367,8720,52003,11128,52003,1567,108
3366,8720,52004,11128,52004,1567,108
3366,8720,52005,11128,52005,1567,108
3366,8720,52006,11128,52006,1567,108
3366,8720,52007,11128,52007,1567,108
3366,8720,52008,11128,52008,1567,108
3367,8720,52009,11128,52009,1567,108
3367,8720,52010,11128,52010,1567,108
3367,8720,52011,11128,52011,1567,108
3367,8720,52012,11128,52012,1567,108
3367,8720,52013,11128,52013,1567,108
3367,8720,52014,11128,52014,1567,108
3367,8720,52015,11128,52015,1567,108
3367,8720,52016,11128,52016,1567,108
3367,8720,52017,11128,52017,1567,108
3367,8720,52018,11128,52018,1567,108
3367,8720,52019,11128,52019,1567,108
3367,8720,52020,11128,52020,1567,108
3367,8720,52021,11128,52021,1567,108
3367,8720,52022,11128,52022,1567,108
3367,8720,52023,11128,52023,1567,108
3367,8720,52024,11128,52024,1567,108
3367,8720,52025,11128,52025,1567,108
3367,8720,52026,11128,52026,1567,108
3367,8720,52027,11128,52027,1567,108
3367,8720,52028,11128,52028,1567,108
3367,8720,52029,11128,52029,1567,108
3367,8720,52030,11128,52030,1567,108
3367,8720,52031,11128,52031,1567,108
3367,8720,52032,11128,52032,1567,108
3367,8720,52033,11128,52033,1567,108
3366,8720,52034,11128,52034,1567,108
3367,8720,52035,11128,52035,1567,108
3367,8720,52036,11128,52036,1567,108
3366,8720,52037,11128,52037,1567,108
3366,8720,52038,11128,52038,1567,108
3366,8720,52039,11128,52039,1567,108
3366,8720,52040,11128,52040,1567,108
3366,8720,52041,11128,52041,1567,108
3366,8720,52042,11128,52042,1567,108
3366,8720,52043,11128,52043,1567,108
3366,8720,52044,11128,52044,1567,108
3366,8720,52045,11128,52045,1567,108
3366,8720,52046,11128,52046,1567,108
3366,8720,52047,11128,52047,1567,108
3365,8720,52048,11128,52048,1567,108
3365,8720,52049,11128,52049,1567,108
3365,8720,52050,11128,52050,1567,108
3365,8720,52051,11128,52051,1567,108
3365,8720,52052,11128,52052,1567,108
3365,8720,52053,11128,52053,1567,108
3365,8720,52054,11128,52054,1567,108
3365,8720,52055,11128,52055,1567,108
3365,8720,52056,11128,52056,1567,108
3365,8720,52057,11128,52057,1567,108
3365,8720,52058,11128,52058,1567,108
3365,8720,52059,11128,52059,1567,108
3365,8720,52060,11128,52060,1567,108
3365,8720,52061,11128,52061,1567,108
3365,8720,52062,11128,52062,1567,108
3365,8720,52063,11128,52063,1567,108
3365,8720,52064,11128,52064,1567,108
3365,8720,52065,11128,52065,1567,108
3366,8720,52066,11128,52066,1567,108
3366,8720,52067,11128,52067,1567,108
3365,8720,52068,11128,52068,1567,108
3365,8720,52069,11128,52069,1567,108
3365,8720,52070,11128,52070,1567,108
3365,8720,52071,11128,52071,1567,108
3365,8720,52072,11128,52072,1567,108
3365,8720,52073,11128,52073,1567,108
3365,8720,52074,11128,52074,1567,108
3366,8720,52075,11128,52075,1567,108
3366,8720,52076,11128,52076,1567,108
3366,8720,52077,11128,52077,1567,108
3366,8720,52078,11128,52078,1567,108
3366,8720,52079,11128,52079,1567,108
3366,8720,52080,11128,52080,1567,108
3365,8720,52081,11128,52081,1567,108
3365,8720,52082,11128,52082,1567,108
3365,8720,52083,11128,52083,1567,108
3365,8720,52084,11128,52084,1567,108
3365,8720,52085,11128,52085,1567,108
3365,8720,52086,11128,52086,1567,108
3365,8720,52087,11128,52087,1567,108
3365,8720,52088,11128,52088,1567,108
3365,8720,52089,11128,52089,1567,108
3365,8720,52090,11128,52090,1567,108
3365,8720,52091,11128,52091,1567,108
3365,8720,52092,11128,52092,1567,108
3365,8720,52093,11128,52093,1567,108
3365,8720,52094,11128,52094,1567,108
3365,8720,52095,11128,52095,1567,108
3365,8720,52096,11128,52096,1567,108
3365,8720,52097,11128,52097,1567,108
3364,8720,52098,11128,52098,1567,108
3364,8720,52099,11128,52099,1567,108
3364,8720,52100,11128,52100,1567,108
3364,8720,52101,11128,52101,1567,108
3364,8720,52102,11128,52102,1567,108
3364,8720,52103,11128,52103,1567,108
3364,8720,52104,11128,52104,1567,108
3364,8720,52105,11128,52105,1567,108
3364,8720,52106,11128,52106,1567,108
3364,8720,52107,11128,52107,1567,108
3364,8720,52108,11128,52108,1567,108
3364,8720,52109,11128,52109,1567,108
3364,8720,52110,11128,52110,1567,108
3363,8720,52111,11128,52111,1567,108
3363,8720,52112,11128,52112,1567,108
3363,8720,52113,11128,52113,1567,108
3364,8720,52114,11128,52114,1567,108
3364,8720,52115,11128,52115,1567,108
3363,8720,52116,11128,52116,1567,108
3363,8720,52117,11128,52117,1567,108
3363,8720,52118,11128,52118,1567,108
3363,8720,52119,11128,52119,1567,108
3363,8720,52120,11128,52120,1567,108
3363,8720,52121,11128,52121,1567,108
3363,8720,52122,11128,52122,1567,108
3363,8720,52123,11128,52123,1567,108
3363,8720,52124,11128,52124,1567,108
3363,8720,52125,11128,52125,1567,108
3363,8720,52126,11128,52126,1567,108
3362,8720,52127,11128,52127,1567,108
3362,8720,52128,11128,52128,1567,108
3362,8720,52129,11128,52129,1567,108
3361,8720,52130,11128,52130,1567,108
3361,8720,52131,11128,52131,1567,108
3361,8720,52132,11128,52132,1567,108
3361,8720,52133,11128,52133,1567,108
3361,8720,52134,11128,52134,1567,108
3361,8720,52135,11128,52135,1567,108
3361,8720,52136,11128,52136,1567,108
3361,8720,52137,11128,52137,1567,108
3361,8720,52138,11128,52138,1567,108
3361,8720,52139,11128,52139,1567,108
3361,8720,52140,11128,52140,1567,108
3361,8720,52141,11128,52141,1567,108
3361,8720,52142,11128,52142,1567,108
3361,8720,52143,11128,52143,1567,108
3361,8720,52144,11128,52144,1567,108
3361,8720,52145,11128,52145,1567,108
3361,8720,52146,11128,52146,1567,108
3361,8720,52147,11128,52147,1567,108
3360,8720,52148,11128,52148,1567,108
3360,8720,52149,11128,52149,1567,108
3360,8720,52150,11128,52150,1567,108
3360,8720,52151,11128,52151,1567,108
3360,8720,52152,11128,52152,1567,108
3360,8720,52153,11128,52153,1567,108
3360,8720,52154,11128,52154,1567,108
3360,8720,52155,11128,52155,1567,108
3360,8720,52156,11128,52156,1567,108
3360,8720,52157,11128,52157,1567,108
3360,8720,52158,11128,52158,1567,108
3360,8720,52159,11128,52159,1567,108
3360,8720,52160,11128,52160,1567,108
3360,8720,52161,11128,52161,1567,108
3360,8720,52162,11128,52162,1567,108
3360,8720,52163,11128,52163,1567,108
3360,8720,52164,11128,52164,1567,108
3360,8720,52165,11128,52165,1567,108
3360,8720,52166,11128,52166,1567,108
3360,8720,52167,11128,52167,1567,108
3360,8720,52168,11128,52168,1567,108
3360,8720,52169,11128,52169,1567,108
3360,8720,52170,11128,52170,1567,108
3360,8720,52171,11128,52171,1567,108
3360,8720,52172,11128,52172,1567,108
3360,8720,52173,11128,52173,1567,108
3360,8720,52174,11128,52174,1567,108
3360,8720,52175,11128,52175,1567,108
3360,8720,52176,11128,52176,1567,108
3360,8720,52177,11128,52177,1567,108
3360,8720,52178,11128,52178,1567,108
3360,8720,52179,11128,52179,1567,108
3360,8720,52180,11128,52180,1567,108
3360,8720,52181,11128,52181,1567,108
3360,8720,52182,11128,52182,1567,108
3360,8720,52183,11128,52183,1567,108
3360,8720,52184,11128,52184,1567,108
3360,8720,52185,11128,52185,1567,108
3360,8720,52186,11128,52186,1567,108
3360,8720,52187,11128,52187,1567,108
3360,8720,52188,11128,52188,1567,108
3360,8720,52189,11128,52189,1567,108
3360,8720,52190,11128,52190,1567,108
3360,8720,52191,11128,52191,1567,108
3360,8720,52192,11128,52192,1567,108
3360,8720,52193,11128,52193,1567,108
3360,8720,52194,11128,52194,1567,108
3360,8720,52195,11128,52195,1567,108
3360,8720,52196,11128,52196,1567,108
3359,8720,52197,11128,52197,1567,108
3359,8720,52198,11128,52198,1567,108
3359,8720,52199,11128,52199,1567,108
3359,8720,52200,11128,52200,1567,108
3359,8720,52201,11128,52201,1567,108
3359,8720,52202,11128,52202,1567,108
3359,8720,52203,11128,52203,1567,108
3358,8720,52204,11128,52204,1567,108
3358,8720,52205,11128,52205,1567,108
3358,8720,52206,11128,52206,1567,108
3358,8720,52207,11128,52207,1567,108
3358,8720,52208,11128,52208,1567,108
3358,8720,52209,11128,52209,1567,108
3358,8720,52210,11128,52210,1567,108
3358,8720,52211,11128,52211,1567,108
3358,8720,52212,11128,52212,1567,108
3358,8720,52213,11128,52213,1567,108
3358,8720,52214,11128,52214,1567,108
3358,8720,52215,11128,52215,1567,108
3358,8720,52216,11128,52216,1567,108
3358,8720,52217,11128,52217,1567,108
3358,8720,52218,11128,52218,1567,108
3358,8720,52219,11128,52219,1567,108
3358,8720,52220,11128,52220,1567,108
3358,8720,52221,11128,52221,1567,108
3358,8720,52222,11128,52222,1567,108
3358,8720,52223,11128,52223,1567,108
3358,8720,52224,11128,52224,1567,108
3358,8720,52225,11128,52225,1567,108
3358,8720,52226,11128,52226,1567,108
3358,8720,52227,11128,52227,1567,108
3358,8720,52228,11128,52228,1567,108
3358,8720,52229,11128,52229,1567,108
3358,8720,52230,11128,52230,1567,108
3358,8720,52231,11128,52231,1567,108
3358,8720,52232,11128,52232,1567,108
3358,8720,52233,11128,52233,1567,108
3358,8720,52234,11128,52234,1567,108
3358,8720,52235,11128,52235,1567,108
3358,8720,52236,11128,52236,1567,108
3358,8720,52237,11128,52237,1567,108
3358,8720,52238,11128,52238,1567,108
3358,8720,52239,11128,52239,1567,108
3358,8720,52240,11128,52240,1567,108
3358,8720,52241,11128,52241,1567,108
3358,8720,52242,11128,52242,1567,108
3358,8720,52243,11128,52243,1567,108
3358,8720,52244,11128,52244,1567,108
3358,8720,52245,11128,52245,1567,108
3358,8720,52246,11128,52246,1567,108
3358,8720,52247,11128,52247,1567,108
3358,8720,52248,11128,52248,1567,108
3358,8720,52249,11128,52249,1567,108
3358,8720,52250,11128,52250,1567,108
3358,8720,52251,11128,52251,1567,108
3358,8720,52252,11128,52252,1567,108
3358,8720,52253,11128,52253,1567,108
3358,8720,52254,11128,52254,1567,108
3358,8720,52255,11128,52255,1567,108
3358,8720,52256,11128,52256,1567,108
3358,8720,52257,11128,52257,1567,108
3358,8720,52258,11128,52258,1567,108
3358,8720,52259,11128,52259,1567,108
3357,8720,52260,11128,52260,1567,108
3357,8720,52261,11128,52261,1567,108
3357,8720,52262,11128,52262,1567,108
3357,8720,52263,11128,52263,1567,108
3357,8720,52264,11128,52264,1567,108
3356,8720,52265,11128,52265,1567,108
3356,8720,52266,11128,52266,1567,108
3356,8720,52267,11128,52267,1567,108
3356,8720,52268,11128,52268,1567,108
3356,8720,52269,11128,52269,1567,108
3356,8720,52270,11128,52270,1567,108
3355,8720,52271,11128,52271,1567,108
3355,8720,52272,11128,52272,1567,108
3355,8720,52273,11128,52273,1567,108
3355,8720,52274,11128,52274,1567,108
3355,8720,52275,11128,52275,1567,108
3355,8720,52276,11128,52276,1567,108
3355,8720,52277,11128,52277,1567,108
3355,8720,52278,11128,52278,1567,108
3355,8720,52279,11128,52279,1567,108
3355,8720,52280,11128,52280,1567,108
3355,8720,52281,11128,52281,1567,108
3355,8720,52282,11128,52282,1567,108
3355,8720,52283,11128,52283,1567,108
3354,8720,52284,11128,52284,1567,108
3353,8720,52285,11128,52285,1567,108
3353,8720,52286,11128,52286,1567,108
3354,8720,52287,11128,52287,1567,108
3353,8720,52288,11128,52288,1567,108
3353,8720,52289,11128,52289,1567,108
3353,8720,52290,11128,52290,1567,108
3353,8720,52291,11128,52291,1567,108
3353,8720,52292,11128,52292,1567,108
3353,8720,52293,11128,52293,1567,108
3353,8720,52294,11128,52294,1567,108
3352,8720,52295,11128,52295,1567,108
3352,8720,52296,11128,52296,1567,108
3352,8720,52297,11128,52297,1567,108
3352,8720,52298,11128,52298,1567,108
3352,8720,52299,11128,52299,1567,108
3352,8720,52300,11128,52300,1567,108
3352,8720,52301,11128,52301,1567,108
3352,8720,52302,11128,52302,1567,108
3352,8720,52303,11128,52303,1567,108
3352,8720,52304,11128,52304,1567,108
3352,8720,52305,11128,52305,1567,108
3352,8720,52306,11128,52306,1567,108
3352,8720,52307,11128,52307,1567,108
3352,8720,52308,11128,52308,1567,108
3352,8720,52309,11128,52309,1567,108
3352,8720,52310,11128,52310,1567,108
3352,8720,52311,11128,52311,1567,108
3352,8720,52312,11128,52312,1567,108
3352,8720,52313,11128,52313,1567,108
3352,8720,52314,11128,52314,1567,108
3352,8720,52315,11128,52315,1567,108
3352,8720,52316,11128,52316,1567,108
3352,8720,52317,11128,52317,1567,108
3352,8720,52318,11128,52318,1567,108
3351,8720,52319,11128,52319,1567,108
3351,8720,52320,11128,52320,1567,108
3351,8720,52321,11128,52321,1567,108
3351,8720,52322,11128,52322,1567,108
3351,8720,52323,11128,52323,1567,108
3351,8720,52324,11128,52324,1567,108
3351,8720,52325,11128,52325,1567,108
3351,8720,52326,11128,52326,1567,108
3351,8720,52327,11128,52327,1567,108
3351,8720,52328,11128,52328,1567,108
3351,8720,52329,11128,52329,1567,108
3351,8720,52330,11128,52330,1567,108
3350,8720,52331,11128,52331,1567,108
3350,8720,52332,11128,52332,1567,108
3350,8720,52333,11128,52333,1567,108
3350,8720,52334,11128,52334,1567,108
3350,8720,52335,11128,52335,1567,108
3350,8720,52336,11128,52336,1567,108
3350,8720,52337,11128,52337,1567,108
3350,8720,52338,11128,52338,1567,108
3349,8720,52339,11128,52339,1567,108
3349,8720,52340,11128,52340,1567,108
3349,8720,52341,11128,52341,1567,108
3349,8720,52342,11128,52342,1567,108
3349,8720,52343,11128,52343,1567,108
3349,8720,52344,11128,52344,1567,108
3349,8720,52345,11128,52345,1567,108
3349,8720,52346,11128,52346,1567,108
3349,8720,52347,11128,52347,1567,108
3349,8720,52348,11128,52348,1567,108
3349,8720,52349,11128,52349,1567,108
3350,8720,52350,11128,52350,1567,108
3350,8720,52351,11128,52351,1567,108
3350,8720,52352,11128,52352,1567,108
3350,8720,52353,11128,52353,1567,108
3350,8720,52354,11128,52354,1567,108
3350,8720,52355,11128,52355,1567,108
3351,8720,52356,11128,52356,1567,108
3351,8720,52357,11128,52357,1567,108
3351,8720,52358,11128,52358,1567,108
3351,8720,52359,11128,52359,1567,108
3351,8720,52360,11128,52360,1567,108
3351,8720,52361,11128,52361,1567,108
3351,8720,52362,11128,52362,1567,108
3351,8720,52363,11128,52363,1567,108
3350,8720,52364,11128,52364,1567,108
3350,8720,52365,11128,52365,1567,108
3350,8720,52366,11128,52366,1567,108
3350,8720,52367,11128,52367,1567,108
3350,8720,52368,11128,52368,1567,108
3350,8720,52369,11128,52369,1567,108
3350,8720,52370,11128,52370,1567,108
3350,8720,52371,11128,52371,1567,108
3350,8720,52372,11128,52372,1567,108
3350,8720,52373,11128,52373,1567,108
3350,8720,52374,11128,52374,1567,108
3350,8720,52375,11128,52375,1567,108
3350,8720,52376,11128,52376,1567,108
3349,8720,52377,11128,52377,1567,108
3349,8720,52378,11128,52378,1567,108
3350,8720,52379,11128,52379,1567,108
3350,8720,52380,11128,52380,1567,108
3350,8720,52381,11128,52381,1567,108
3350,8720,52382,11128,52382,1567,108
3350,8720,52383,11128,52383,1567,108
3350,8720,52384,11128,52384,1567,108
3350,8720,52385,11128,52385,1567,108
3350,8720,52386,11128,52386,1567,108
3350,8720,52387,11128,52387,1567,108
3350,8720,52388,11128,52388,1567,108
3350,8720,52389,11128,52389,1567,108
3350,8720,52390,11128,52390,1567,108
3350,8720,52391,11128,52391,1567,108
3350,8720,52392,11128,52392,1567,108
3350,8720,52393,11128,52393,1567,108
3350,8720,52394,11128,52394,1567,108
3350,8720,52395,11128,52395,1567,108
3350,8720,52396,11128,52396,1567,108
3350,8720,52397,11128,52397,1567,108
3350,8720,52398,11128,52398,1567,108
3350,8720,52399,11128,52399,1567,108
3350,8720,52400,11128,52400,1567,108
3350,8720,52401,11128,52401,1567,108
3350,8720,52402,11128,52402,1567,108
3350,8720,52403,11128,52403,1567,108
3350,8720,52404,11128,52404,1567,108
3350,8720,52405,11128,52405,1567,108
3350,8720,52406,11128,52406,1567,108
3350,8720,52407,11128,52407,1567,108
3350,8720,52408,11128,52408,1567,108
3350,8720,52409,11128,52409,1567,108
3350,8720,52410,11128,52410,1567,108
3350,8720,52411,11128,52411,1567,108
3350,8720,52412,11128,52412,1567,108
3350,8720,52413,11128,52413,1567,108
3350,8720,52414,11128,52414,1567,108
3350,8720,52415,11128,52415,1567,108
3350,8720,52416,11128,52416,1567,108
3350,8720,52417,11128,52417,1567,108
3350,8720,52418,11128,52418,1567,108
3351,8720,52419,11128,52419,1567,108
3351,8720,52420,11128,52420,1567,108
3351,8720,52421,11128,52421,1567,108
3351,8720,52422,11128,52422,1567,108
3351,8720,52423,11128,52423,1567,108
3350,8720,52424,11128,52424,1567,107
3350,8720,52425,11128,52425,1567,107
3350,8720,52426,11128,52426,1567,107
3350,8720,52427,11128,52427,1567,107
3350,8720,52428,11128,52428,1567,107
3350,8720,52429,11128,52429,1567,107
3350,8720,52430,11128,52430,1567,107
3350,8720,52431,11128,52431,1567,107
3350,8720,52432,11128,52432,1567,107
3350,8720,52433,11128,52433,1567,107
3351,8720,52434,11128,52434,1567,107
3351,8720,52435,11128,52435,1567,107
3351,8720,52436,11128,52436,1567,107
3351,8720,52437,11128,52437,1567,107
3351,8720,52438,11128,52438,1567,107
3351,8720,52439,11128,52439,1567,107
3351,8720,52440,11128,52440,1567,107
3351,8720,52441,11128,52441,1567,107
3351,8720,52442,11128,52442,1567,107
3350,8720,52443,11128,52443,1567,107
3350,8720,52444,11128,52444,1567,107
3350,8720,52445,11128,52445,1567,107
3350,8720,52446,11128,52446,1567,107
3350,8720,52447,11128,52447,1567,107
3350,8720,52448,11128,52448,1567,107
3350,8720,52449,11128,52449,1567,107
3350,8720,52450,11128,52450,1567,107
3350,8720,52451,11128,52451,1567,107
3350,8720,52452,11128,52452,1567,107
3350,8720,52453,11128,52453,1567,107
3350,8720,52454,11128,52454,1567,107
3350,8720,52455,11128,52455,1567,107
3350,8720,52456,11128,52456,1567,107
3350,8720,52457,11128,52457,1567,107
3350,8720,52458,11128,52458,1567,107
3350,8720,52459,11128,52459,1567,107
3350,8720,52460,11128,52460,1567,107
3350,8720,52461,11128,52461,1567,107
3350,8720,52462,11128,52462,1567,107
3350,8720,52463,11128,52463,1567,107
3350,8720,52464,11128,52464,1567,107
3350,8720,52465,11128,52465,1567,107
3350,8720,52466,11128,52466,1567,107
3350,8720,52467,11128,52467,1567,107
3350,8720,52468,11128,52468,1567,107
3350,8720,52469,11128,52469,1567,107
3350,8720,52470,11128,52470,1567,107
3350,8720,52471,11128,52471,1567,107
3350,8720,52472,11128,52472,1567,107
3350,8720,52473,11128,52473,1567,107
3350,8720,52474,11128,52474,1567,107
3350,8720,52475,11128,52475,1567,107
3350,8720,52476,11128,52476,1567,107
3351,8720,52477,11128,52477,1567,107
3351,8720,52478,11128,52478,1567,107
3351,8720,52479,11128,52479,1567,107
3351,8720,52480,11128,52480,1567,107
3351,8720,52481,11128,52481,1567,107
3351,8720,52482,11128,52482,1567,107
3351,8720,52483,11128,52483,1567,107
3351,8720,52484,11128,52484,1567,107
3351,8720,52485,11128,52485,1567,107
3351,8720,52486,11128,52486,1567,107
3351,8720,52487,11128,52487,1567,107
3351,8720,52488,11128,52488,1567,107
3351,8720,52489,11128,52489,1567,107
3351,8720,52490,11128,52490,1567,107
3351,8720,52491,11128,52491,1567,107
3351,8720,52492,11128,52492,1567,107
3351,8720,52493,11128,52493,1567,107
3351,8720,52494,11128,52494,1567,107
3351,8720,52495,11128,52495,1567,107
3351,8720,52496,11128,52496,1567,107
3351,8720,52497,11128,52497,1567,107
3351,8720,52498,11128,52498,1567,107
3351,8720,52499,11128,52499,1567,107
3351,8720,52500,11128,52500,1567,107
3351,8720,52501,11128,52501,1567,107
3351,8720,52502,11128,52502,1567,107
3351,8720,52503,11128,52503,1567,107
3351,8720,52504,11128,52504,1567,107
3351,8720,52505,11128,52505,1567,107
3351,8720,52506,11128,52506,1567,107
3351,8720,52507,11128,52507,1567,107
3351,8720,52508,11128,52508,1567,107
3352,8720,52509,11128,52509,1567,107
3352,8720,52510,11128,52510,1567,107
3352,8720,52511,11128,52511,1567,107
3349,8720,52512,11128,52512,1567,106
3349,8720,52513,11128,52513,1567,106
3349,8720,52514,11128,52514,1567,106
3349,8720,52515,11128,52515,1567,106
3349,8720,52516,11128,52516,1567,106
3349,8720,52517,11128,52517,1567,106
3349,8720,52518,11128,52518,1567,106
3349,8720,52519,11128,52519,1567,106
3349,8720,52520,11128,52520,1567,106
3348,8720,52521,11128,52521,1567,106
3348,8720,52522,11128,52522,1567,106
3348,8720,52523,11128,52523,1567,106
3347,8720,52524,11128,52524,1567,106
3347,8720,52525,11128,52525,1567,106
3347,8720,52526,11128,52526,1567,106
3347,8720,52527,11128,52527,1567,106
3347,8720,52528,11128,52528,1567,106
3347,8720,52529,11128,52529,1567,106
3347,8720,52530,11128,52530,1567,106
3347,8720,52531,11128,52531,1567,106
3347,8720,52532,11128,52532,1567,106
3347,8720,52533,11128,52533,1567,106
3347,8720,52534,11128,52534,1567,106
3347,8720,52535,11128,52535,1567,106
3347,8720,52536,11128,52536,1567,106
3348,8720,52537,11128,52537,1567,106
3348,8720,52538,11128,52538,1567,106
3348,8720,52539,11128,52539,1567,106
3348,8720,52540,11128,52540,1567,106
3348,8720,52541,11128,52541,1567,106
3348,8720,52542,11128,52542,1567,106
3348,8720,52543,11128,52543,1567,106
3348,8720,52544,11128,52544,1567,106
3348,8720,52545,11128,52545,1567,106
3348,8720,52546,11128,52546,1567,106
3348,8720,52547,11128,52547,1567,106
3348,8720,52548,11128,52548,1567,106
3348,8720,52549,11128,52549,1567,106
3348,8720,52550,11128,52550,1567,106
3348,8720,52551,11128,52551,1567,106
3348,8720,52552,11128,52552,1567,106
3348,8720,52553,11128,52553,1567,106
3347,8720,52554,11128,52554,1567,106
3347,8720,52555,11128,52555,1567,106
3346,8720,52556,11128,52556,1567,106
3346,8720,52557,11128,52557,1567,106
3346,8720,52558,11128,52558,1567,106
3346,8720,52559,11128,52559,1567,106
3346,8720,52560,11128,52560,1567,106
3346,8720,52561,11128,52561,1567,106
3346,8720,52562,11128,52562,1567,106
3346,8720,52563,11128,52563,1567,106
3346,8720,52564,11128,52564,1567,106
3345,8720,52565,11128,52565,1567,106
3345,8720,52566,11128,52566,1567,106
3345,8720,52567,11128,52567,1567,106
3345,8720,52568,11128,52568,1567,106
3345,8720,52569,11128,52569,1567,106
3345,8720,52570,11128,52570,1567,106
3345,8720,52571,11128,52571,1567,106
3345,8720,52572,11128,52572,1567,106
3345,8720,52573,11128,52573,1567,106
3345,8720,52574,11128,52574,1567,106
3345,8720,52575,11128,52575,1567,106
3345,8720,52576,11128,52576,1567,106
3345,8720,52577,11128,52577,1567,106
3345,8720,52578,11128,52578,1567,106
3345,8720,52579,11128,52579,1567,106
3345,8720,52580,11128,52580,1567,106
3345,8720,52581,11128,52581,1567,106
3345,8720,52582,11128,52582,1567,106
3345,8720,52583,11128,52583,1567,106
3344,8720,52584,11128,52584,1567,106
3344,8720,52585,11128,52585,1567,106
3344,8720,52586,11128,52586,1567,106
3344,8720,52587,11128,52587,1567,106
3344,8720,52588,11128,52588,1567,106
3344,8720,52589,11128,52589,1567,106
3344,8720,52590,11128,52590,1567,106
3344,8720,52591,11128,52591,1567,106
3344,8720,52592,11128,52592,1567,106
3344,8720,52593,11128,52593,1567,106
3344,8720,52594,11128,52594,1567,106
3344,8720,52595,11128,52595,1567,106
3344,8720,52596,11128,52596,1567,106
3344,8720,52597,11128,52597,1567,106
3344,8720,52598,11128,52598,1567,106
3344,8720,52599,11128,52599,1567,106
3344,8720,52600,11128,52600,1567,106
3344,8720,52601,11128,52601,1567,106
3344,8720,52602,11128,52602,1567,106
3344,8720,52603,11128,52603,1567,106
3344,8720,52604,11128,52604,1567,106
3344,8720,52605,11128,52605,1567,106
3344,8720,52606,11128,52606,1567,106
3344,8720,52607,11128,52607,1567,106
3344,8720,52608,11128,52608,1567,106
3344,8720,52609,11128,52609,1567,106
3344,8720,52610,11128,52610,1567,106
3344,8720,52611,11128,52611,1567,106
3344,8720,52612,11128,52612,1567,106
3344,8720,52613,11128,52613,1567,106
3344,8720,52614,11128,52614,1567,106
3344,8720,52615,11128,52615,1567,106
3344,8720,52616,11128,52616,1567,106
3344,8720,52617,11128,52617,1567,106
3344,8720,52618,11128,52618,1567,106
3344,8720,52619,11128,52619,1567,106
3344,8720,52620,11128,52620,1567,106
3344,8720,52621,11128,52621,1567,106
3344,8720,52622,11128,52622,1567,106
3343,8720,52623,11128,52623,1567,106
3343,8720,52624,11128,52624,1567,106
3343,8720,52625,11128,52625,1567,106
3343,8720,52626,11128,52626,1567,106
3343,8720,52627,11128,52627,1567,106
3343,8720,52628,11128,52628,1567,106
3343,8720,52629,11128,52629,1567,106
3341,8720,52630,11128,52630,1567,106
3341,8720,52631,11128,52631,1567,106
3341,8720,52632,11128,52632,1567,106
3341,8720,52633,11128,52633,1567,106
3341,8720,52634,11128,52634,1567,106
3340,8720,52635,11128,52635,1567,106
3340,8720,52636,11128,52636,1567,106
3340,8720,52637,11128,52637,1567,106
3340,8720,52638,11128,52638,1567,106
3340,8720,52639,11128,52639,1567,106
3340,8720,52640,11128,52640,1567,106
3340,8720,52641,11128,52641,1567,106
3340,8720,52642,11128,52642,1567,106
3340,8720,52643,11128,52643,1567,106
3340,8720,52644,11128,52644,1567,106
3340,8720,52645,11128,52645,1567,106
3340,8720,52646,11128,52646,1567,106
3340,8720,52647,11128,52647,1567,106
3340,8720,52648,11128,52648,1567,106
3340,8720,52649,11128,52649,1567,106
3340,8720,52650,11128,52650,1567,106
3340,8720,52651,11128,52651,1567,106
3340,8720,52652,11128,52652,1567,106
3340,8720,52653,11128,52653,1567,106
3340,8720,52654,11128,52654,1567,106
3337,8720,52655,11128,52655,1567,104
3337,8720,52656,11128,52656,1567,104
3337,8720,52657,11128,52657,1567,104
3337,8720,52658,11128,52658,1567,104
3337,8720,52659,11128,52659,1567,104
3337,8720,52660,11128,52660,1567,104
3337,8720,52661,11128,52661,1567,104
3337,8720,52662,11128,52662,1567,104
3337,8720,52663,11128,52663,1567,104
3337,8720,52664,11128,52664,1567,104
3337,8720,52665,11128,52665,1567,104
3337,8720,52666,11128,52666,1567,104
3337,8720,52667,11128,52667,1567,104
3337,8720,52668,11128,52668,1567,104
3337,8720,52669,11128,52669,1567,104
3337,8720,52670,11128,52670,1567,104
3336,8720,52671,11128,52671,1567,103
3336,8720,52672,11128,52672,1567,103
3336,8720,52673,11128,52673,1567,103
3336,8720,52674,11128,52674,1567,103
3336,8720,52675,11128,52675,1567,103
3336,8720,52676,11128,52676,1567,103
3336,8720,52677,11128,52677,1567,103
3336,8720,52678,11128,52678,1567,103
3336,8720,52679,11128,52679,1567,103
3336,8720,52680,11128,52680,1567,103
3336,8720,52681,11128,52681,1567,103
3336,8720,52682,11128,52682,1567,103
3336,8720,52683,11128,52683,1567,103
3335,8720,52684,11128,52684,1567,103
3335,8720,52685,11128,52685,1567,103
3335,8720,52686,11128,52686,1567,103
3335,8720,52687,11128,52687,1567,103
3335,8720,52688,11128,52688,1567,103
3335,8720,52689,11128,52689,1567,103
3335,8720,52690,11128,52690,1567,103
3335,8720,52691,11128,52691,1567,103
3335,8720,52692,11128,52692,1567,103
3335,8720,52693,11128,52693,1567,103
3335,8720,52694,11128,52694,1567,103
3335,8720,52695,11128,52695,1567,103
3335,8720,52696,11128,52696,1567,103
3335,8720,52697,11128,52697,1567,103
3335,8720,52698,11128,52698,1567,103
3335,8720,52699,11128,52699,1567,103
3335,8720,52700,11128,52700,1567,103
3335,8720,52701,11128,52701,1567,103
3335,8720,52702,11128,52702,1567,103
3335,8720,52703,11128,52703,1567,103
3335,8720,52704,11128,52704,1567,103
3335,8720,52705,11128,52705,1567,103
3335,8720,52706,11128,52706,1567,103
3335,8720,52707,11128,52707,1567,103
3334,8720,52708,11128,52708,1567,103
3334,8720,52709,11128,52709,1567,103
3334,8720,52710,11128,52710,1567,103
3334,8720,52711,11128,52711,1567,103
3334,8720,52712,11128,52712,1567,103
3334,8720,52713,11128,52713,1567,103
3334,8720,52714,11128,52714,1567,103
3334,8720,52715,11128,52715,1567,103
3334,8720,52716,11128,52716,1567,103
3334,8720,52717,11128,52717,1567,103
3334,8720,52718,11128,52718,1567,103
3334,8720,52719,11128,52719,1567,103
3334,8720,52720,11128,52720,1567,103
3334,8720,52721,11128,52721,1567,103
3335,8720,52722,11128,52722,1567,103
3335,8720,52723,11128,52723,1567,103
3335,8720,52724,11128,52724,1567,103
3335,8720,52725,11128,52725,1567,103
3335,8720,52726,11128,52726,1567,103
3335,8720,52727,11128,52727,1567,103
3335,8720,52728,11128,52728,1567,103
3335,8720,52729,11128,52729,1567,103
3335,8720,52730,11128,52730,1567,103
3335,8720,52731,11128,52731,1567,103
3335,8720,52732,11128,52732,1567,103
3335,8720,52733,11128,52733,1567,103
3334,8720,52734,11128,52734,1567,103
3334,8720,52735,11128,52735,1567,103
3334,8720,52736,11128,52736,1567,103
3334,8720,52737,11128,52737,1567,103
3334,8720,52738,11128,52738,1567,103
3334,8720,52739,11128,52739,1567,103
3333,8720,52740,11128,52740,1567,103
3333,8720,52741,11128,52741,1567,103
3333,8720,52742,11128,52742,1567,103
3333,8720,52743,11128,52743,1567,103
3333,8720,52744,11128,52744,1567,103
3333,8720,52745,11128,52745,1567,103
3333,8720,52746,11128,52746,1567,103
3333,8720,52747,11128,52747,1567,103
3333,8720,52748,11128,52748,1567,103
3333,8720,52749,11128,52749,1567,103
3333,8720,52750,11128,52750,1567,103
3333,8720,52751,11128,52751,1567,103
3333,8720,52752,11128,52752,1567,103
3333,8720,52753,11128,52753,1567,103
3333,8720,52754,11128,52754,1567,103
3333,8720,52755,11128,52755,1567,103
3333,8720,52756,11128,52756,1567,103
3333,8720,52757,11128,52757,1567,103
3333,8720,52758,11128,52758,1567,103
3333,8720,52759,11128,52759,1567,103
3332,8720,52760,11128,52760,1567,103
3331,8720,52761,11128,52761,1567,103
3331,8720,52762,11128,52762,1567,103
3331,8720,52763,11128,52763,1567,103
3331,8720,52764,11128,52764,1567,103
3331,8720,52765,11128,52765,1567,103
3331,8720,52766,11128,52766,1567,103
3331,8720,52767,11128,52767,1567,103
3331,8720,52768,11128,52768,1567,103
3332,8720,52769,11128,52769,1567,103
3332,8720,52770,11128,52770,1567,103
3332,8720,52771,11128,52771,1567,103
3332,8720,52772,11128,52772,1567,103
3332,8720,52773,11128,52773,1567,103
3332,8720,52774,11128,52774,1567,103
3332,8720,52775,11128,52775,1567,103
3332,8720,52776,11128,52776,1567,103
3332,8720,52777,11128,52777,1567,103
3333,8720,52778,11128,52778,1567,103
3333,8720,52779,11128,52779,1567,103
3333,8720,52780,11128,52780,1567,103
3333,8720,52781,11128,52781,1567,103
3333,8720,52782,11128,52782,1567,103
3334,8720,52783,11128,52783,1567,103
3334,8720,52784,11128,52784,1567,103
3334,8720,52785,11128,52785,1567,103
3334,8720,52786,11128,52786,1567,103
3334,8720,52787,11128,52787,1567,103
3334,8720,52788,11128,52788,1567,103
3334,8720,52789,11128,52789,1567,103
3334,8720,52790,11128,52790,1567,103
3334,8720,52791,11128,52791,1567,103
3334,8720,52792,11128,52792,1567,103
3334,8720,52793,11128,52793,1567,103
3334,8720,52794,11128,52794,1567,103
3334,8720,52795,11128,52795,1567,103
3334,8720,52796,11128,52796,1567,103
3334,8720,52797,11128,52797,1567,103
3334,8720,52798,11128,52798,1567,103
3334,8720,52799,11128,52799,1567,103
3334,8720,52800,11128,52800,1567,103
3334,8720,52801,11128,52801,1567,103
3334,8720,52802,11128,52802,1567,103
3334,8720,52803,11128,52803,1567,103
3334,8720,52804,11128,52804,1567,103
3334,8720,52805,11128,52805,1567,103
3334,8720,52806,11128,52806,1567,103
3334,8720,52807,11128,52807,1567,103
3334,8720,52808,11128,52808,1567,103
3334,8720,52809,11128,52809,1567,103
3334,8720,52810,11128,52810,1567,103
3334,8720,52811,11128,52811,1567,103
3334,8720,52812,11128,52812,1567,103
3334,8720,52813,11128,52813,1567,103
3334,8720,52814,11128,52814,1567,103
3334,8720,52815,11128,52815,1567,103
3334,8720,52816,11128,52816,1567,103
3334,8720,52817,11128,52817,1567,103
3334,8720,52818,11128,52818,1567,103
3334,8720,52819,11128,52819,1567,103
3334,8720,52820,11128,52820,1567,103
3334,8720,52821,11128,52821,1567,103
3334,8720,52822,11128,52822,1567,103
3334,8720,52823,11128,52823,1567,103
3334,8720,52824,11128,52824,1567,103
3334,8720,52825,11128,52825,1567,103
3334,8720,52826,11128,52826,1567,103
3334,8720,52827,11128,52827,1567,103
3334,8720,52828,11128,52828,1567,103
3334,8720,52829,11128,52829,1567,103
3334,8720,52830,11128,52830,1567,103
3334,8720,52831,11128,52831,1567,103
3334,8720,52832,11128,52832,1567,103
3334,8720,52833,11128,52833,1567,103
3334,8720,52834,11128,52834,1567,103
3334,8720,52835,11128,52835,1567,103
3334,8720,52836,11128,52836,1567,103
3334,8720,52837,11128,52837,1567,103
3335,8720,52838,11128,52838,1567,103
3335,8720,52839,11128,52839,1567,103
3335,8720,52840,11128,52840,1567,103
3335,8720,52841,11128,52841,1567,103
3335,8720,52842,11128,52842,1567,103
3335,8720,52843,11128,52843,1567,103
3335,8720,52844,11128,52844,1567,103
3335,8720,52845,11128,52845,1567,103
3335,8720,52846,11128,52846,1567,103
3335,8720,52847,11128,52847,1567,103
3335,8720,52848,11128,52848,1567,103
3335,8720,52849,11128,52849,1567,103
3335,8720,52850,11128,52850,1567,103
3335,8720,52851,11128,52851,1567,103
3335,8720,52852,11128,52852,1567,103
3336,8720,52853,11128,52853,1567,103
3335,8720,52854,11128,52854,1567,103
3335,8720,52855,11128,52855,1567,103
3335,8720,52856,11128,52856,1567,103
3334,8720,52857,11128,52857,1567,102
3334,8720,52858,11128,52858,1567,102
3334,8720,52859,11128,52859,1567,102
3334,8720,52860,11128,52860,1567,102
3334,8720,52861,11128,52861,1567,102
3334,8720,52862,11128,52862,1567,102
3334,8720,52863,11128,52863,1567,102
3334,8720,52864,11128,52864,1567,102
3334,8720,52865,11128,52865,1567,102
3334,8720,52866,11128,52866,1567,102
3334,8720,52867,11128,52867,1567,102
3334,8720,52868,11128,52868,1567,102
3334,8720,52869,11128,52869,1567,102
3333,8720,52870,11128,52870,1567,102
3333,8720,52871,11128,52871,1567,102
3333,8720,52872,11128,52872,1567,102
3333,8720,52873,11128,52873,1567,102
3333,8720,52874,11128,52874,1567,102
3334,8720,52875,11128,52875,1567,102
3334,8720,52876,11128,52876,1567,102
3334,8720,52877,11128,52877,1567,102
3334,8720,52878,11128,52878,1567,102
3334,8720,52879,11128,52879,1567,102
3334,8720,52880,11128,52880,1567,102
3334,8720,52881,11128,52881,1567,102
3334,8720,52882,11128,52882,1567,102
3334,8720,52883,11128,52883,1567,102
3334,8720,52884,11128,52884,1567,102
3334,8720,52885,11128,52885,1567,102
3334,8720,52886,11128,52886,1567,102
3334,8720,52887,11128,52887,1567,102
3334,8720,52888,11128,52888,1567,102
3334,8720,52889,11128,52889,1567,102
3334,8720,52890,11128,52890,1567,102
3334,8720,52891,11128,52891,1567,102
3334,8720,52892,11128,52892,1567,102
3334,8720,52893,11128,52893,1567,102
3334,8720,52894,11128,52894,1567,102
3334,8720,52895,11128,52895,1567,102
3334,8720,52896,11128,52896,1567,102
3334,8720,52897,11128,52897,1567,102
3334,8720,52898,11128,52898,1567,102
3334,8720,52899,11128,52899,1567,102
3334,8720,52900,11128,52900,1567,102
3334,8720,52901,11128,52901,1567,102
3334,8720,52902,11128,52902,1567,102
3333,8720,52903,11128,52903,1567,102
3333,8720,52904,11128,52904,1567,102
3333,8720,52905,11128,52905,1567,102
3333,8720,52906,11128,52906,1567,102
3333,8720,52907,11128,52907,1567,102
3333,8720,52908,11128,52908,1567,102
3333,8720,52909,11128,52909,1567,102
3333,8720,52910,11128,52910,1567,102
3333,8720,52911,11128,52911,1567,102
3333,8720,52912,11128,52912,1567,102
3333,8720,52913,11128,52913,1567,102
3333,8720,52914,11128,52914,1567,102
3333,8720,52915,11128,52915,1567,102
3333,8720,52916,11128,52916,1567,102
3333,8720,52917,11128,52917,1567,102
3333,8720,52918,11128,52918,1567,102
3333,8720,52919,11128,52919,1567,102
3333,8720,52920,11128,52920,1567,102
3333,8720,52921,11128,52921,1567,102
3333,8720,52922,11128,52922,1567,102
3333,8720,52923,11128,52923,1567,102
3333,8720,52924,11128,52924,1567,102
3333,8720,52925,11128,52925,1567,102
3333,8720,52926,11128,52926,1567,102
3333,8720,52927,11128,52927,1567,102
3331,8720,52928,11128,52928,1567,102
3331,8720,52929,11128,52929,1567,102
3330,8720,52930,11128,52930,1567,102
3330,8720,52931,11128,52931,1567,102
3330,8720,52932,11128,52932,1567,102
3331,8720,52933,11128,52933,1567,102
3331,8720,52934,11128,52934,1567,102
3331,8720,52935,11128,52935,1567,102
3331,8720,52936,11128,52936,1567,102
3331,8720,52937,11128,52937,1567,102
3331,8720,52938,11128,52938,1567,102
3331,8720,52939,11128,52939,1567,102
3331,8720,52940,11128,52940,1567,102
3331,8720,52941,11128,52941,1567,102
3330,8720,52942,11128,52942,1567,102
3330,8720,52943,11128,52943,1567,102
3330,8720,52944,11128,52944,1567,102
3330,8720,52945,11128,52945,1567,102
3330,8720,52946,11128,52946,1567,102
3330,8720,52947,11128,52947,1567,102
3330,8720,52948,11128,52948,1567,102
3330,8720,52949,11128,52949,1567,102
3330,8720,52950,11128,52950,1567,102
3330,8720,52951,11128,52951,1567,102
3330,8720,52952,11128,52952,1567,102
3330,8720,52953,11128,52953,1567,102
3330,8720,52954,11128,52954,1567,102
3330,8720,52955,11128,52955,1567,102
3330,8720,52956,11128,52956,1567,102
3330,8720,52957,11128,52957,1567,102
3330,8720,52958,11128,52958,1567,102
3330,8720,52959,11128,52959,1567,102
3330,8720,52960,11128,52960,1567,102
3330,8720,52961,11128,52961,1567,102
3330,8720,52962,11128,52962,1567,102
3330,8720,52963,11128,52963,1567,102
3330,8720,52964,11128,52964,1567,102
3330,8720,52965,11128,52965,1567,102
3330,8720,52966,11128,52966,1567,102
3331,8720,52967,11128,52967,1567,102
3331,8720,52968,11128,52968,1567,102
3331,8720,52969,11128,52969,1567,102
3331,8720,52970,11128,52970,1567,102
3330,8720,52971,11128,52971,1567,102
3330,8720,52972,11128,52972,1567,102
3330,8720,52973,11128,52973,1567,102
3330,8720,52974,11128,52974,1567,102
3330,8720,52975,11128,52975,1567,102
3330,8720,52976,11128,52976,1567,102
3330,8720,52977,11128,52977,1567,102
3330,8720,52978,11128,52978,1567,102
3330,8720,52979,11128,52979,1567,102
3330,8720,52980,11128,52980,1567,102
3330,8720,52981,11128,52981,1567,102
3330,8720,52982,11128,52982,1567,102
3330,8720,52983,11128,52983,1567,102
3331,8720,52984,11128,52984,1567,102
3331,8720,52985,11128,52985,1567,102
3331,8720,52986,11128,52986,1567,102
3331,8720,52987,11128,52987,1567,102
3330,8720,52988,11128,52988,1567,102
3330,8720,52989,11128,52989,1567,102
3330,8720,52990,11128,52990,1567,102
3330,8720,52991,11128,52991,1567,102
3328,8720,52992,11128,52992,1567,102
3328,8720,52993,11128,52993,1567,102
3328,8720,52994,11128,52994,1567,102
3328,8720,52995,11128,52995,1567,102
3328,8720,52996,11128,52996,1567,102
3328,8720,52997,11128,52997,1567,102
3328,8720,52998,11128,52998,1567,102
3327,8720,52999,11128,52999,1567,102
3327,8720,53000,11128,53000,1567,102
3328,8720,53001,11128,53001,1567,102
3328,8720,53002,11128,53002,1567,102
3328,8720,53003,11128,53003,1567,102
3328,8720,53004,11128,53004,1567,102
3328,8720,53005,11128,53005,1567,102
3328,8720,53006,11128,53006,1567,102
3328,8720,53007,11128,53007,1567,102
3328,8720,53008,11128,53008,1567,102
3328,8720,53009,11128,53009,1567,102
3328,8720,53010,11128,53010,1567,102
3328,8720,53011,11128,53011,1567,102
3328,8720,53012,11128,53012,1567,102
3328,8720,53013,11128,53013,1567,102
3328,8720,53014,11128,53014,1567,102
3329,8720,53015,11128,53015,1567,102
3329,8720,53016,11128,53016,1567,102
3329,8720,53017,11128,53017,1567,102
3329,8720,53018,11128,53018,1567,102
3329,8720,53019,11128,53019,1567,102
3329,8720,53020,11128,53020,1567,102
3329,8720,53021,11128,53021,1567,102
3329,8720,53022,11128,53022,1567,102
3329,8720,53023,11128,53023,1567,102
3329,8720,53024,11128,53024,1567,102
3329,8720,53025,11128,53025,1567,102
3329,8720,53026,11128,53026,1567,102
3329,8720,53027,11128,53027,1567,102
3329,8720,53028,11128,53028,1567,102
3329,8720,53029,11128,53029,1567,102
3329,8720,53030,11128,53030,1567,102
3329,8720,53031,11128,53031,1567,102
3329,8720,53032,11128,53032,1567,102
3329,8720,53033,11128,53033,1567,102
3329,8720,53034,11128,53034,1567,102
3329,8720,53035,11128,53035,1567,102
3329,8720,53036,11128,53036,1567,102
3329,8720,53037,11128,53037,1567,102
3329,8720,53038,11128,53038,1567,102
3329,8720,53039,11128,53039,1567,102
3329,8720,53040,11128,53040,1567,102
3329,8720,53041,11128,53041,1567,102
3329,8720,53042,11128,53042,1567,102
3329,8720,53043,11128,53043,1567,102
3329,8720,53044,11128,53044,1567,102
3329,8720,53045,11128,53045,1567,102
3329,8720,53046,11128,53046,1567,102
3329,8720,53047,11128,53047,1567,102
3329,8720,53048,11128,53048,1567,102
3329,8720,53049,11128,53049,1567,102
3329,8720,53050,11128,53050,1567,102
3329,8720,53051,11128,53051,1567,102
3329,8720,53052,11128,53052,1567,102
3329,8720,53053,11128,53053,1567,102
3329,8720,53054,11128,53054,1567,102
3329,8720,53055,11128,53055,1567,102
3329,8720,53056,11128,53056,1567,102
3329,8720,53057,11128,53057,1567,102
3329,8720,53058,11128,53058,1567,102
3329,8720,53059,11128,53059,1567,102
3329,8720,53060,11128,53060,1567,102
3329,8720,53061,11128,53061,1567,102
3329,8720,53062,11128,53062,1567,102
3329,8720,53063,11128,53063,1567,102
3328,8720,53064,11128,53064,1567,102
3328,8720,53065,11128,53065,1567,102
3328,8720,53066,11128,53066,1567,102
3328,8720,53067,11128,53067,1567,102
3328,8720,53068,11128,53068,1567,102
3328,8720,53069,11128,53069,1567,102
3328,8720,53070,11128,53070,1567,102
3328,8720,53071,11128,53071,1567,102
3328,8720,53072,11128,53072,1567,102
3327,8720,53073,11128,53073,1567,102
3327,8720,53074,11128,53074,1567,102
3327,8720,53075,11128,53075,1567,102
3327,8720,53076,11128,53076,1567,102
3327,8720,53077,11128,53077,1567,102
3327,8720,53078,11128,53078,1567,102
3327,8720,53079,11128,53079,1567,102
3327,8720,53080,11128,53080,1567,102
3327,8720,53081,11128,53081,1567,102
3327,8720,53082,11128,53082,1567,102
3327,8720,53083,11128,53083,1567,102
3327,8720,53084,11128,53084,1567,102
3327,8720,53085,11128,53085,1567,102
3327,8720,53086,11128,53086,1567,102
3327,8720,53087,11128,53087,1567,102
3327,8720,53088,11128,53088,1567,102
3327,8720,53089,11128,53089,1567,102
3327,8720,53090,11128,53090,1567,102
3327,8720,53091,11128,53091,1567,102
3327,8720,53092,11128,53092,1567,102
3327,8720,53093,11128,53093,1567,102
3327,8720,53094,11128,53094,1567,102
3327,8720,53095,11128,53095,1567,102
3327,8720,53096,11128,53096,1567,102
3328,8720,53097,11128,53097,1567,102
3328,8720,53098,11128,53098,1567,102
3328,8720,53099,11128,53099,1567,102
3328,8720,53100,11128,53100,1567,102
3328,8720,53101,11128,53101,1567,102
3328,8720,53102,11128,53102,1567,102
3328,8720,53103,11128,53103,1567,102
3328,8720,53104,11128,53104,1567,102
3328,8720,53105,11128,53105,1567,102
3328,8720,53106,11128,53106,1567,102
3328,8720,53107,11128,53107,1567,102
3328,8720,53108,11128,53108,1567,102
3328,8720,53109,11128,53109,1567,102
3328,8720,53110,11128,53110,1567,102
3328,8720,53111,11128,53111,1567,102
3328,8720,53112,11128,53112,1567,102
3328,8720,53113,11128,53113,1567,102
3328,8720,53114,11128,53114,1567,102
3328,8720,53115,11128,53115,1567,102
3328,8720,53116,11128,53116,1567,102
3328,8720,53117,11128,53117,1567,102
3328,8720,53118,11128,53118,1567,102
3328,8720,53119,11128,53119,1567,102
3328,8720,53120,11128,53120,1567,102
3328,8720,53121,11128,53121,1567,102
3328,8720,53122,11128,53122,1567,102
3328,8720,53123,11128,53123,1567,102
3328,8720,53124,11128,53124,1567,102
3328,8720,53125,11128,53125,1567,102
3328,8720,53126,11128,53126,1567,102
3328,8720,53127,11128,53127,1567,102
3328,8720,53128,11128,53128,1567,102
3328,8720,53129,11128,53129,1567,102
3328,8720,53130,11128,53130,1567,102
3328,8720,53131,11128,53131,1567,102
3328,8720,53132,11128,53132,1567,102
3327,8720,53133,11128,53133,1567,102
3327,8720,53134,11128,53134,1567,102
3327,8720,53135,11128,53135,1567,102
3327,8720,53136,11128,53136,1567,102
3327,8720,53137,11128,53137,1567,102
3327,8720,53138,11128,53138,1567,102
3327,8720,53139,11128,53139,1567,102
3327,8720,53140,11128,53140,1567,102
3327,8720,53141,11128,53141,1567,102
3327,8720,53142,11128,53142,1567,102
3328,8720,53143,11128,53143,1567,102
3328,8720,53144,11128,53144,1567,102
3328,8720,53145,11128,53145,1567,102
3328,8720,53146,11128,53146,1567,102
3328,8720,53147,11128,53147,1567,102
3328,8720,53148,11128,53148,1567,102
3328,8720,53149,11128,53149,1567,102
3328,8720,53150,11128,53150,1567,102
3328,8720,53151,11128,53151,1567,102
3328,8720,53152,11128,53152,1567,102
3328,8720,53153,11128,53153,1567,102
3328,8720,53154,11128,53154,1567,102
3328,8720,53155,11128,53155,1567,102
3328,8720,53156,11128,53156,1567,102
3328,8720,53157,11128,53157,1567,102
3328,8720,53158,11128,53158,1567,102
3328,8720,53159,11128,53159,1567,102
3328,8720,53160,11128,53160,1567,102
3328,8720,53161,11128,53161,1567,102
3328,8720,53162,11128,53162,1567,102
3328,8720,53163,11128,53163,1567,102
3328,8720,53164,11128,53164,1567,102
3328,8720,53165,11128,53165,1567,102
3328,8720,53166,11128,53166,1567,102
3328,8720,53167,11128,53167,1567,102
3327,8720,53168,11128,53168,1567,102
3327,8720,53169,11128,53169,1567,102
3327,8720,53170,11128,53170,1567,102
3327,8720,53171,11128,53171,1567,102
3327,8720,53172,11128,53172,1567,102
3327,8720,53173,11128,53173,1567,102
3327,8720,53174,11128,53174,1567,102
3327,8720,53175,11128,53175,1567,102
3327,8720,53176,11128,53176,1567,102
3326,8720,53177,11128,53177,1567,102
3326,8720,53178,11128,53178,1567,102
3326,8720,53179,11128,53179,1567,102
3326,8720,53180,11128,53180,1567,102
3326,8720,53181,11128,53181,1567,102
3326,8720,53182,11128,53182,1567,102
3326,8720,53183,11128,53183,1567,102
3326,8720,53184,11128,53184,1567,102
3326,8720,53185,11128,53185,1567,102
3326,8720,53186,11128,53186,1567,102
3326,8720,53187,11128,53187,1567,102
3326,8720,53188,11128,53188,1567,102
3326,8720,53189,11128,53189,1567,102
3326,8720,53190,11128,53190,1567,102
3326,8720,53191,11128,53191,1567,102
3326,8720,53192,11128,53192,1567,102
3326,8720,53193,11128,53193,1567,102
3326,8720,53194,11128,53194,1567,102
3326,8720,53195,11128,53195,1567,102
3326,8720,53196,11128,53196,1567,102
3326,8720,53197,11128,53197,1567,102
3326,8720,53198,11128,53198,1567,102
3326,8720,53199,11128,53199,1567,102
3326,8720,53200,11128,53200,1567,102
3326,8720,53201,11128,53201,1567,102
3326,8720,53202,11128,53202,1567,102
3326,8720,53203,11128,53203,1567,102
3326,8720,53204,11128,53204,1567,102
3326,8720,53205,11128,53205,1567,102
3326,8720,53206,11128,53206,1567,102
3326,8720,53207,11128,53207,1567,102
3326,8720,53208,11128,53208,1567,102
3325,8720,53209,11128,53209,1567,102
3325,8720,53210,11128,53210,1567,102
3325,8720,53211,11128,53211,1567,102
3325,8720,53212,11128,53212,1567,102
3325,8720,53213,11128,53213,1567,102
3325,8720,53214,11128,53214,1567,102
3325,8720,53215,11128,53215,1567,102
3325,8720,53216,11128,53216,1567,102
3325,8720,53217,11128,53217,1567,102
3325,8720,53218,11128,53218,1567,102
3325,8720,53219,11128,53219,1567,102
3325,8720,53220,11128,53220,1567,102
3325,8720,53221,11128,53221,1567,102
3324,8720,53222,11128,53222,1567,102
3324,8720,53223,11128,53223,1567,102
3324,8720,53224,11128,53224,1567,102
3324,8720,53225,11128,53225,1567,102
3324,8720,53226,11128,53226,1567,102
3324,8720,53227,11128,53227,1567,102
3324,8720,53228,11128,53228,1567,102
3324,8720,53229,11128,53229,1567,102
3324,8720,53230,11128,53230,1567,102
3324,8720,53231,11128,53231,1567,102
3324,8720,53232,11128,53232,1567,102
3324,8720,53233,11128,53233,1567,102
3324,8720,53234,11128,53234,1567,102
3324,8720,53235,11128,53235,1567,102
3324,8720,53236,11128,53236,1567,102
3324,8720,53237,11128,53237,1567,102
3324,8720,53238,11128,53238,1567,102
3324,8720,53239,11128,53239,1567,102
3324,8720,53240,11128,53240,1567,102
3324,8720,53241,11128,53241,1567,102
3324,8720,53242,11128,53242,1567,102
3324,8720,53243,11128,53243,1567,102
3324,8720,53244,11128,53244,1567,102
3324,8720,53245,11128,53245,1567,102
3325,8720,53246,11128,53246,1567,102
3325,8720,53247,11128,53247,1567,102
3325,8720,53248,11128,53248,1567,102
3325,8720,53249,11128,53249,1567,102
3325,8720,53250,11128,53250,1567,102
3325,8720,53251,11128,53251,1567,102
3325,8720,53252,11128,53252,1567,102
3325,8720,53253,11128,53253,1567,102
3325,8720,53254,11128,53254,1567,102
3325,8720,53255,11128,53255,1567,102
3325,8720,53256,11128,53256,1567,102
3325,8720,53257,11128,53257,1567,102
3325,8720,53258,11128,53258,1567,102
3325,8720,53259,11128,53259,1567,102
3325,8720,53260,11128,53260,1567,102
3325,8720,53261,11128,53261,1567,102
3325,8720,53262,11128,53262,1567,102
3325,8720,53263,11128,53263,1567,102
3325,8720,53264,11128,53264,1567,102
3325,8720,53265,11128,53265,1567,102
3324,8720,53266,11128,53266,1567,102
3324,8720,53267,11128,53267,1567,102
3324,8720,53268,11128,53268,1567,102
3324,8720,53269,11128,53269,1567,102
3324,8720,53270,11128,53270,1567,102
3324,8720,53271,11128,53271,1567,102
3324,8720,53272,11128,53272,1567,102
3323,8720,53273,11128,53273,1567,102
3323,8720,53274,11128,53274,1567,102
3323,8720,53275,11128,53275,1567,102
3323,8720,53276,11128,53276,1567,102
3323,8720,53277,11128,53277,1567,102
3323,8720,53278,11128,53278,1567,102
3323,8720,53279,11128,53279,1567,102
3323,8720,53280,11128,53280,1567,102
3323,8720,53281,11128,53281,1567,102
3323,8720,53282,11128,53282,1567,102
3323,8720,53283,11128,53283,1567,102
3323,8720,53284,11128,53284,1567,102
3323,8720,53285,11128,53285,1567,102
3323,8720,53286,11128,53286,1567,102
3323,8720,53287,11128,53287,1567,102
3323,8720,53288,11128,53288,1567,102
3323,8720,53289,11128,53289,1567,102
3323,8720,53290,11128,53290,1567,102
3323,8720,53291,11128,53291,1567,102
3323,8720,53292,11128,53292,1567,102
3323,8720,53293,11128,53293,1567,102
3323,8720,53294,11128,53294,1567,102
3323,8720,53295,11128,53295,1567,102
3323,8720,53296,11128,53296,1567,102
3323,8720,53297,11128,53297,1567,102
3323,8720,53298,11128,53298,1567,102
3323,8720,53299,11128,53299,1567,102
3323,8720,53300,11128,53300,1567,102
3323,8720,53301,11128,53301,1567,102
3323,8720,53302,11128,53302,1567,102
3323,8720,53303,11128,53303,1567,102
3323,8720,53304,11128,53304,1567,102
3323,8720,53305,11128,53305,1567,102
3323,8720,53306,11128,53306,1567,102
3323,8720,53307,11128,53307,1567,102
3323,8720,53308,11128,53308,1567,102
3323,8720,53309,11128,53309,1567,102
3323,8720,53310,11128,53310,1567,102
3323,8720,53311,11128,53311,1567,102
3323,8720,53312,11128,53312,1567,102
3323,8720,53313,11128,53313,1567,102
3322,8720,53314,11128,53314,1567,102
3322,8720,53315,11128,53315,1567,102
3322,8720,53316,11128,53316,1567,102
3322,8720,53317,11128,53317,1567,102
3322,8720,53318,11128,53318,1567,102
3322,8720,53319,11128,53319,1567,102
3322,8720,53320,11128,53320,1567,102
3322,8720,53321,11128,53321,1567,102
3322,8720,53322,11128,53322,1567,102
3322,8720,53323,11128,53323,1567,102
3322,8720,53324,11128,53324,1567,102
3322,8720,53325,11128,53325,1567,102
3322,8720,53326,11128,53326,1567,102
3322,8720,53327,11128,53327,1567,102
3322,8720,53328,11128,53328,1567,102
3322,8720,53329,11128,53329,1567,102
3322,8720,53330,11128,53330,1567,102
3322,8720,53331,11128,53331,1567,102
3322,8720,53332,11128,53332,1567,102
3322,8720,53333,11128,53333,1567,102
3322,8720,53334,11128,53334,1567,102
3322,8720,53335,11128,53335,1567,102
3322,8720,53336,11128,53336,1567,102
3322,8720,53337,11128,53337,1567,102
3322,8720,53338,11128,53338,1567,102
3323,8720,53339,11128,53339,1567,102
3323,8720,53340,11128,53340,1567,102
3323,8720,53341,11128,53341,1567,102
3323,8720,53342,11128,53342,1567,102
3323,8720,53343,11128,53343,1567,102
3323,8720,53344,11128,53344,1567,102
3323,8720,53345,11128,53345,1567,102
3323,8720,53346,11128,53346,1567,102
3323,8720,53347,11128,53347,1567,102
3324,8720,53348,11128,53348,1567,102
3324,8720,53349,11128,53349,1567,102
3324,8720,53350,11128,53350,1567,102
3324,8720,53351,11128,53351,1567,102
3324,8720,53352,11128,53352,1567,102
3324,8720,53353,11128,53353,1567,102
3324,8720,53354,11128,53354,1567,102
3324,8720,53355,11128,53355,1567,102
3324,8720,53356,11128,53356,1567,102
3324,8720,53357,11128,53357,1567,102
3324,8720,53358,11128,53358,1567,102
3324,8720,53359,11128,53359,1567,102
3324,8720,53360,11128,53360,1567,102
3324,8720,53361,11128,53361,1567,102
3325,8720,53362,11128,53362,1567,102
3325,8720,53363,11128,53363,1567,102
3325,8720,53364,11128,53364,1567,102
3325,8720,53365,11128,53365,1567,102
3325,8720,53366,11128,53366,1567,102
3325,8720,53367,11128,53367,1567,102
3325,8720,53368,11128,53368,1567,102
3324,8720,53369,11128,53369,1567,102
3324,8720,53370,11128,53370,1567,102
3324,8720,53371,11128,53371,1567,102
3324,8720,53372,11128,53372,1567,102
3324,8720,53373,11128,53373,1567,102
3324,8720,53374,11128,53374,1567,102
3324,8720,53375,11128,53375,1567,102
3324,8720,53376,11128,53376,1567,102
3324,8720,53377,11128,53377,1567,102
3324,8720,53378,11128,53378,1567,102
3324,8720,53379,11128,53379,1567,102
3324,8720,53380,11128,53380,1567,102
3324,8720,53381,11128,53381,1567,102
3324,8720,53382,11128,53382,1567,102
3324,8720,53383,11128,53383,1567,102
3324,8720,53384,11128,53384,1567,102
3324,8720,53385,11128,53385,1567,102
3324,8720,53386,11128,53386,1567,102
3324,8720,53387,11128,53387,1567,102
3324,8720,53388,11128,53388,1567,102
3324,8720,53389,11128,53389,1567,102
3324,8720,53390,11128,53390,1567,102
3324,8720,53391,11128,53391,1567,102
3324,8720,53392,11128,53392,1567,102
3324,8720,53393,11128,53393,1567,102
3324,8720,53394,11128,53394,1567,102
3324,8720,53395,11128,53395,1567,102
3324,8720,53396,11128,53396,1567,102
3324,8720,53397,11128,53397,1567,102
3324,8720,53398,11128,53398,1567,102
3324,8720,53399,11128,53399,1567,102
3324,8720,53400,11128,53400,1567,102
3323,8720,53401,11128,53401,1567,102
3323,8720,53402,11128,53402,1567,102
3323,8720,53403,11128,53403,1567,102
3323,8720,53404,11128,53404,1567,102
3323,8720,53405,11128,53405,1567,102
3323,8720,53406,11128,53406,1567,102
3323,8720,53407,11128,53407,1567,102
3323,8720,53408,11128,53408,1567,102
3323,8720,53409,11128,53409,1567,102
3323,8720,53410,11128,53410,1567,102
3323,8720,53411,11128,53411,1567,102
3323,8720,53412,11128,53412,1567,102
3323,8720,53413,11128,53413,1567,102
3323,8720,53414,11128,53414,1567,102
3323,8720,53415,11128,53415,1567,102
3323,8720,53416,11128,53416,1567,102
3323,8720,53417,11128,53417,1567,102
3323,8720,53418,11128,53418,1567,102
3323,8720,53419,11128,53419,1567,102
3324,8720,53420,11128,53420,1567,102
3324,8720,53421,11128,53421,1567,102
3324,8720,53422,11128,53422,1567,102
3324,8720,53423,11128,53423,1567,102
3325,8720,53424,11128,53424,1567,102
3325,8720,53425,11128,53425,1567,102
3325,8720,53426,11128,53426,1567,102
3326,8720,53427,11128,53427,1567,102
3326,8720,53428,11128,53428,1567,102
3326,8720,53429,11128,53429,1567,102
3326,8720,53430,11128,53430,1567,102
3326,8720,53431,11128,53431,1567,102
3326,8720,53432,11128,53432,1567,102
3326,8720,53433,11128,53433,1567,102
3326,8720,53434,11128,53434,1567,102
3326,8720,53435,11128,53435,1567,102
3326,8720,53436,11128,53436,1567,102
3326,8720,53437,11128,53437,1567,102
3326,8720,53438,11128,53438,1567,102
3326,8720,53439,11128,53439,1567,102
3326,8720,53440,11128,53440,1567,102
3326,8720,53441,11128,53441,1567,102
3326,8720,53442,11128,53442,1567,102
3326,8720,53443,11128,53443,1567,102
3326,8720,53444,11128,53444,1567,102
3326,8720,53445,11128,53445,1567,102
3326,8720,53446,11128,53446,1567,102
3326,8720,53447,11128,53447,1567,102
3326,8720,53448,11128,53448,1567,102
3326,8720,53449,11128,53449,1567,102
3326,8720,53450,11128,53450,1567,102
3326,8720,53451,11128,53451,1567,102
3326,8720,53452,11128,53452,1567,102
3326,8720,53453,11128,53453,1567,102
3326,8720,53454,11128,53454,1567,102
3326,8720,53455,11128,53455,1567,102
3326,8720,53456,11128,53456,1567,102
3326,8720,53457,11128,53457,1567,102
3326,8720,53458,11128,53458,1567,102
3326,8720,53459,11128,53459,1567,102
3325,8720,53460,11128,53460,1567,102
3325,8720,53461,11128,53461,1567,102
3325,8720,53462,11128,53462,1567,102
3325,8720,53463,11128,53463,1567,102
3325,8720,53464,11128,53464,1567,102
3325,8720,53465,11128,53465,1567,102
3325,8720,53466,11128,53466,1567,102
3325,8720,53467,11128,53467,1567,102
3325,8720,53468,11128,53468,1567,102
3325,8720,53469,11128,53469,1567,102
3325,8720,53470,11128,53470,1567,102
3325,8720,53471,11128,53471,1567,102
3325,8720,53472,11128,53472,1567,102
3325,8720,53473,11128,53473,1567,102
3325,8720,53474,11128,53474,1567,102
3325,8720,53475,11128,53475,1567,102
3325,8720,53476,11128,53476,1567,102
3325,8720,53477,11128,53477,1567,102
3325,8720,53478,11128,53478,1567,102
3325,8720,53479,11128,53479,1567,102
3325,8720,53480,11128,53480,1567,102
3325,8720,53481,11128,53481,1567,102
3325,8720,53482,11128,53482,1567,102
3325,8720,53483,11128,53483,1567,102
3325,8720,53484,11128,53484,1567,102
3325,8720,53485,11128,53485,1567,102
3325,8720,53486,11128,53486,1567,102
3325,8720,53487,11128,53487,1567,102
3325,8720,53488,11128,53488,1567,102
3325,8720,53489,11128,53489,1567,102
3325,8720,53490,11128,53490,1567,102
3324,8720,53491,11128,53491,1567,102
3324,8720,53492,11128,53492,1567,102
3324,8720,53493,11128,53493,1567,102
3324,8720,53494,11128,53494,1567,102
3324,8720,53495,11128,53495,1567,102
3324,8720,53496,11128,53496,1567,102
3325,8720,53497,11128,53497,1567,102
3325,8720,53498,11128,53498,1567,102
3324,8720,53499,11128,53499,1567,102
3324,8720,53500,11128,53500,1567,102
3324,8720,53501,11128,53501,1567,102
3324,8720,53502,11128,53502,1567,102
3324,8720,53503,11128,53503,1567,102
3324,8720,53504,11128,53504,1567,102
3324,8720,53505,11128,53505,1567,102
3324,8720,53506,11128,53506,1567,102
3324,8720,53507,11128,53507,1567,102
3324,8720,53508,11128,53508,1567,102
3324,8720,53509,11128,53509,1567,102
3324,8720,53510,11128,53510,1567,102
3324,8720,53511,11128,53511,1567,102
3323,8720,53512,11128,53512,1567,102
3323,8720,53513,11128,53513,1567,102
3323,8720,53514,11128,53514,1567,102
3323,8720,53515,11128,53515,1567,102
3323,8720,53516,11128,53516,1567,102
3323,8720,53517,11128,53517,1567,102
3323,8720,53518,11128,53518,1567,102
3323,8720,53519,11128,53519,1567,102
3323,8720,53520,11128,53520,1567,102
3323,8720,53521,11128,53521,1567,102
3323,8720,53522,11128,53522,1567,102
3323,8720,53523,11128,53523,1567,102
3323,8720,53524,11128,53524,1567,102
3323,8720,53525,11128,53525,1567,102
3323,8720,53526,11128,53526,1567,102
3323,8720,53527,11128,53527,1567,102
3323,8720,53528,11128,53528,1567,102
3323,8720,53529,11128,53529,1567,102
3323,8720,53530,11128,53530,1567,102
3323,8720,53531,11128,53531,1567,102
3323,8720,53532,11128,53532,1567,102
3323,8720,53533,11128,53533,1567,102
3323,8720,53534,11128,53534,1567,102
3323,8720,53535,11128,53535,1567,102
3323,8720,53536,11128,53536,1567,102
3323,8720,53537,11128,53537,1567,102
3323,8720,53538,11128,53538,1567,102
3323,8720,53539,11128,53539,1567,102
3323,8720,53540,11128,53540,1567,102
3323,8720,53541,11128,53541,1567,102
3323,8720,53542,11128,53542,1567,102
3323,8720,53543,11128,53543,1567,102
3323,8720,53544,11128,53544,1567,102
3323,8720,53545,11128,53545,1567,102
3323,8720,53546,11128,53546,1567,102
3322,8720,53547,11128,53547,1567,102
3322,8720,53548,11128,53548,1567,102
3322,8720,53549,11128,53549,1567,102
3322,8720,53550,11128,53550,1567,102
3322,8720,53551,11128,53551,1567,102
3322,8720,53552,11128,53552,1567,102
3322,8720,53553,11128,53553,1567,102
3322,8720,53554,11128,53554,1567,102
3322,8720,53555,11128,53555,1567,102
3322,8720,53556,11128,53556,1567,102
3322,8720,53557,11128,53557,1567,102
3322,8720,53558,11128,53558,1567,102
3322,8720,53559,11128,53559,1567,102
3322,8720,53560,11128,53560,1567,102
3322,8720,53561,11128,53561,1567,102
3321,8720,53562,11128,53562,1567,102
3321,8720,53563,11128,53563,1567,102
3321,8720,53564,11128,53564,1567,102
3321,8720,53565,11128,53565,1567,102
3321,8720,53566,11128,53566,1567,102
3321,8720,53567,11128,53567,1567,102
3321,8720,53568,11128,53568,1567,102
3321,8720,53569,11128,53569,1567,102
3322,8720,53570,11128,53570,1567,102
3322,8720,53571,11128,53571,1567,102
3322,8720,53572,11128,53572,1567,102
3322,8720,53573,11128,53573,1567,102
3322,8720,53574,11128,53574,1567,102
3322,8720,53575,11128,53575,1567,102
3322,8720,53576,11128,53576,1567,102
3322,8720,53577,11128,53577,1567,102
3322,8720,53578,11128,53578,1567,102
3322,8720,53579,11128,53579,1567,102
3322,8720,53580,11128,53580,1567,102
3322,8720,53581,11128,53581,1567,102
3322,8720,53582,11128,53582,1567,102
3322,8720,53583,11128,53583,1567,102
3322,8720,53584,11128,53584,1567,102
3322,8720,53585,11128,53585,1567,102
3322,8720,53586,11128,53586,1567,102
3322,8720,53587,11128,53587,1567,102
3322,8720,53588,11128,53588,1567,102
3322,8720,53589,11128,53589,1567,102
3322,8720,53590,11128,53590,1567,102
3321,8720,53591,11128,53591,1567,102
3321,8720,53592,11128,53592,1567,102
3321,8720,53593,11128,53593,1567,102
3321,8720,53594,11128,53594,1567,102
3321,8720,53595,11128,53595,1567,102
3321,8720,53596,11128,53596,1567,102
3321,8720,53597,11128,53597,1567,102
3321,8720,53598,11128,53598,1567,102
3322,8720,53599,11128,53599,1567,102
3322,8720,53600,11128,53600,1567,102
3321,8720,53601,11128,53601,1567,102
3321,8720,53602,11128,53602,1567,102
3321,8720,53603,11128,53603,1567,102
3321,8720,53604,11128,53604,1567,102
3321,8720,53605,11128,53605,1567,102
3321,8720,53606,11128,53606,1567,102
3321,8720,53607,11128,53607,1567,102
3321,8720,53608,11128,53608,1567,102
3321,8720,53609,11128,53609,1567,102
3321,8720,53610,11128,53610,1567,102
3321,8720,53611,11128,53611,1567,102
3321,8720,53612,11128,53612,1567,102
3321,8720,53613,11128,53613,1567,102
3321,8720,53614,11128,53614,1567,102
3321,8720,53615,11128,53615,1567,102
3321,8720,53616,11128,53616,1567,102
3321,8720,53617,11128,53617,1567,102
3321,8720,53618,11128,53618,1567,102
3321,8720,53619,11128,53619,1567,102
3321,8720,53620,11128,53620,1567,102
3321,8720,53621,11128,53621,1567,102
3321,8720,53622,11128,53622,1567,102
3321,8720,53623,11128,53623,1567,102
3321,8720,53624,11128,53624,1567,102
3321,8720,53625,11128,53625,1567,102
3321,8720,53626,11128,53626,1567,102
3321,8720,53627,11128,53627,1567,102
3321,8720,53628,11128,53628,1567,102
3321,8720,53629,11128,53629,1567,102
3321,8720,53630,11128,53630,1567,102
3321,8720,53631,11128,53631,1567,102
3321,8720,53632,11128,53632,1567,102
3321,8720,53633,11128,53633,1567,102
3321,8720,53634,11128,53634,1567,102
3321,8720,53635,11128,53635,1567,102
3321,8720,53636,11128,53636,1567,102
3321,8720,53637,11128,53637,1567,102
3321,8720,53638,11128,53638,1567,102
3321,8720,53639,11128,53639,1567,102
3321,8720,53640,11128,53640,1567,102
3321,8720,53641,11128,53641,1567,102
3321,8720,53642,11128,53642,1567,102
3321,8720,53643,11128,53643,1567,102
3321,8720,53644,11128,53644,1567,102
3321,8720,53645,11128,53645,1567,102
3321,8720,53646,11128,53646,1567,102
3321,8720,53647,11128,53647,1567,102
3321,8720,53648,11128,53648,1567,102
3321,8720,53649,11128,53649,1567,102
3321,8720,53650,11128,53650,1567,102
3321,8720,53651,11128,53651,1567,102
3321,8720,53652,11128,53652,1567,102
3321,8720,53653,11128,53653,1567,102
3321,8720,53654,11128,53654,1567,102
3321,8720,53655,11128,53655,1567,102
3321,8720,53656,11128,53656,1567,102
3321,8720,53657,11128,53657,1567,102
3321,8720,53658,11128,53658,1567,102
3321,8720,53659,11128,53659,1567,102
3321,8720,53660,11128,53660,1567,102
3321,8720,53661,11128,53661,1567,102
3321,8720,53662,11128,53662,1567,102
3321,8720,53663,11128,53663,1567,102
3321,8720,53664,11128,53664,1567,102
3321,8720,53665,11128,53665,1567,102
3321,8720,53666,11128,53666,1567,102
3321,8720,53667,11128,53667,1567,102
3321,8720,53668,11128,53668,1567,102
3321,8720,53669,11128,53669,1567,102
3321,8720,53670,11128,53670,1567,102
3319,8720,53671,11128,53671,1567,102
3320,8720,53672,11128,53672,1567,102
3320,8720,53673,11128,53673,1567,102
3320,8720,53674,11128,53674,1567,102
3320,8720,53675,11128,53675,1567,102
3320,8720,53676,11128,53676,1567,102
3320,8720,53677,11128,53677,1567,102
3320,8720,53678,11128,53678,1567,102
3320,8720,53679,11128,53679,1567,102
3320,8720,53680,11128,53680,1567,102
3320,8720,53681,11128,53681,1567,102
3320,8720,53682,11128,53682,1567,102
3320,8720,53683,11128,53683,1567,102
3320,8720,53684,11128,53684,1567,102
3320,8720,53685,11128,53685,1567,102
3320,8720,53686,11128,53686,1567,102
3320,8720,53687,11128,53687,1567,102
3320,8720,53688,11128,53688,1567,102
3320,8720,53689,11128,53689,1567,102
3320,8720,53690,11128,53690,1567,102
3320,8720,53691,11128,53691,1567,102
3320,8720,53692,11128,53692,1567,102
3320,8720,53693,11128,53693,1567,102
3320,8720,53694,11128,53694,1567,102
3320,8720,53695,11128,53695,1567,102
3320,8720,53696,11128,53696,1567,102
3320,8720,53697,11128,53697,1567,102
3320,8720,53698,11128,53698,1567,102
3320,8720,53699,11128,53699,1567,102
3320,8720,53700,11128,53700,1567,102
3320,8720,53701,11128,53701,1567,102
3320,8720,53702,11128,53702,1567,102
3320,8720,53703,11128,53703,1567,102
3320,8720,53704,11128,53704,1567,102
3320,8720,53705,11128,53705,1567,102
3320,8720,53706,11128,53706,1567,102
3320,8720,53707,11128,53707,1567,102
3320,8720,53708,11128,53708,1567,102
3320,8720,53709,11128,53709,1567,102
3320,8720,53710,11128,53710,1567,102
3320,8720,53711,11128,53711,1567,102
3320,8720,53712,11128,53712,1567,102
3320,8720,53713,11128,53713,1567,102
3320,8720,53714,11128,53714,1567,102
3320,8720,53715,11128,53715,1567,102
3320,8720,53716,11128,53716,1567,102
3320,8720,53717,11128,53717,1567,102
3320,8720,53718,11128,53718,1567,102
3320,8720,53719,11128,53719,1567,102
3320,8720,53720,11128,53720,1567,102
3320,8720,53721,11128,53721,1567,102
3320,8720,53722,11128,53722,1567,102
3320,8720,53723,11128,53723,1567,102
3320,8720,53724,11128,53724,1567,102
3320,8720,53725,11128,53725,1567,102
3320,8720,53726,11128,53726,1567,102
3320,8720,53727,11128,53727,1567,102
3320,8720,53728,11128,53728,1567,102
3320,8720,53729,11128,53729,1567,102
3320,8720,53730,11128,53730,1567,102
3320,8720,53731,11128,53731,1567,102
3320,8720,53732,11128,53732,1567,102
3320,8720,53733,11128,53733,1567,102
3321,8720,53734,11128,53734,1567,102
3321,8720,53735,11128,53735,1567,102
3321,8720,53736,11128,53736,1567,102
3320,8720,53737,11128,53737,1567,102
3320,8720,53738,11128,53738,1567,102
3319,8720,53739,11128,53739,1567,102
3319,8720,53740,11128,53740,1567,102
3319,8720,53741,11128,53741,1567,102
3319,8720,53742,11128,53742,1567,102
3319,8720,53743,11128,53743,1567,102
3319,8720,53744,11128,53744,1567,102
3319,8720,53745,11128,53745,1567,102
3319,8720,53746,11128,53746,1567,102
3319,8720,53747,11128,53747,1567,102
3319,8720,53748,11128,53748,1567,102
3318,8720,53749,11128,53749,1567,102
3318,8720,53750,11128,53750,1567,102
3318,8720,53751,11128,53751,1567,102
3317,8720,53752,11128,53752,1567,102
3317,8720,53753,11128,53753,1567,102
3317,8720,53754,11128,53754,1567,102
3317,8720,53755,11128,53755,1567,102
3318,8720,53756,11128,53756,1567,102
3318,8720,53757,11128,53757,1567,102
3318,8720,53758,11128,53758,1567,102
3318,8720,53759,11128,53759,1567,102
3318,8720,53760,11128,53760,1567,102
3318,8720,53761,11128,53761,1567,102
3318,8720,53762,11128,53762,1567,102
3318,8720,53763,11128,53763,1567,102
3318,8720,53764,11128,53764,1567,102
3318,8720,53765,11128,53765,1567,102
3318,8720,53766,11128,53766,1567,102
3317,8720,53767,11128,53767,1567,102
3317,8720,53768,11128,53768,1567,102
3318,8720,53769,11128,53769,1567,102
3318,8720,53770,11128,53770,1567,102
3318,8720,53771,11128,53771,1567,102
3318,8720,53772,11128,53772,1567,102
3318,8720,53773,11128,53773,1567,102
3318,8720,53774,11128,53774,1567,102
3318,8720,53775,11128,53775,1567,102
3318,8720,53776,11128,53776,1567,102
3318,8720,53777,11128,53777,1567,102
3318,8720,53778,11128,53778,1567,102
3318,8720,53779,11128,53779,1567,102
3318,8720,53780,11128,53780,1567,102
3318,8720,53781,11128,53781,1567,102
3318,8720,53782,11128,53782,1567,102
3318,8720,53783,11128,53783,1567,102
3318,8720,53784,11128,53784,1567,102
3318,8720,53785,11128,53785,1567,102
3318,8720,53786,11128,53786,1567,102
3318,8720,53787,11128,53787,1567,102
3318,8720,53788,11128,53788,1567,102
3318,8720,53789,11128,53789,1567,102
3318,8720,53790,11128,53790,1567,102
3318,8720,53791,11128,53791,1567,102
3318,8720,53792,11128,53792,1567,102
3318,8720,53793,11128,53793,1567,102
3318,8720,53794,11128,53794,1567,102
3318,8720,53795,11128,53795,1567,102
3318,8720,53796,11128,53796,1567,102
3318,8720,53797,11128,53797,1567,102
3318,8720,53798,11128,53798,1567,102
3318,8720,53799,11128,53799,1567,102
3318,8720,53800,11128,53800,1567,102
3318,8720,53801,11128,53801,1567,102
3318,8720,53802,11128,53802,1567,102
3318,8720,53803,11128,53803,1567,102
3318,8720,53804,11128,53804,1567,102
3318,8720,53805,11128,53805,1567,102
3318,8720,53806,11128,53806,1567,102
3318,8720,53807,11128,53807,1567,102
3318,8720,53808,11128,53808,1567,102
3318,8720,53809,11128,53809,1567,102
3318,8720,53810,11128,53810,1567,102
3318,8720,53811,11128,53811,1567,102
3318,8720,53812,11128,53812,1567,102
3318,8720,53813,11128,53813,1567,102
3318,8720,53814,11128,53814,1567,102
3318,8720,53815,11128,53815,1567,102
3318,8720,53816,11128,53816,1567,102
3318,8720,53817,11128,53817,1567,102
3318,8720,53818,11128,53818,1567,102
3318,8720,53819,11128,53819,1567,102
3318,8720,53820,11128,53820,1567,102
3318,8720,53821,11128,53821,1567,102
3318,8720,53822,11128,53822,1567,102
3319,8720,53823,11128,53823,1567,102
3319,8720,53824,11128,53824,1567,102
3319,8720,53825,11128,53825,1567,102
3319,8720,53826,11128,53826,1567,102
3319,8720,53827,11128,53827,1567,102
3319,8720,53828,11128,53828,1567,102
3319,8720,53829,11128,53829,1567,102
3319,8720,53830,11128,53830,1567,102
3318,8720,53831,11128,53831,1567,102
3318,8720,53832,11128,53832,1567,102
3318,8720,53833,11128,53833,1567,102
3318,8720,53834,11128,53834,1567,102
3318,8720,53835,11128,53835,1567,102
3318,8720,53836,11128,53836,1567,102
3318,8720,53837,11128,53837,1567,102
3318,8720,53838,11128,53838,1567,102
3318,8720,53839,11128,53839,1567,102
3318,8720,53840,11128,53840,1567,102
3318,8720,53841,11128,53841,1567,102
3318,8720,53842,11128,53842,1567,102
3318,8720,53843,11128,53843,1567,102
3318,8720,53844,11128,53844,1567,102
3318,8720,53845,11128,53845,1567,102
3318,8720,53846,11128,53846,1567,102
3318,8720,53847,11128,53847,1567,102
3318,8720,53848,11128,53848,1567,102
3318,8720,53849,11128,53849,1567,102
3318,8720,53850,11128,53850,1567,102
3318,8720,53851,11128,53851,1567,102
3318,8720,53852,11128,53852,1567,102
3318,8720,53853,11128,53853,1567,102
3318,8720,53854,11128,53854,1567,102
3318,8720,53855,11128,53855,1567,102
3318,8720,53856,11128,53856,1567,102
3318,8720,53857,11128,53857,1567,102
3318,8720,53858,11128,53858,1567,102
3318,8720,53859,11128,53859,1567,102
3318,8720,53860,11128,53860,1567,102
3318,8720,53861,11128,53861,1567,102
3318,8720,53862,11128,53862,1567,102
3318,8720,53863,11128,53863,1567,102
3319,8720,53864,11128,53864,1567,102
3319,8720,53865,11128,53865,1567,102
3319,8720,53866,11128,53866,1567,102
3319,8720,53867,11128,53867,1567,102
3319,8720,53868,11128,53868,1567,102
3319,8720,53869,11128,53869,1567,102
3319,8720,53870,11128,53870,1567,102
3319,8720,53871,11128,53871,1567,102
3319,8720,53872,11128,53872,1567,102
3319,8720,53873,11128,53873,1567,102
3320,8720,53874,11128,53874,1567,102
3319,8720,53875,11128,53875,1567,102
3319,8720,53876,11128,53876,1567,102
3319,8720,53877,11128,53877,1567,102
3319,8720,53878,11128,53878,1567,102
3319,8720,53879,11128,53879,1567,102
3319,8720,53880,11128,53880,1567,102
3319,8720,53881,11128,53881,1567,102
3319,8720,53882,11128,53882,1567,102
3319,8720,53883,11128,53883,1567,102
3319,8720,53884,11128,53884,1567,102
3319,8720,53885,11128,53885,1567,102
3319,8720,53886,11128,53886,1567,102
3319,8720,53887,11128,53887,1567,102
3319,8720,53888,11128,53888,1567,102
3319,8720,53889,11128,53889,1567,102
3319,8720,53890,11128,53890,1567,102
3319,8720,53891,11128,53891,1567,102
3319,8720,53892,11128,53892,1567,102
3319,8720,53893,11128,53893,1567,102
3319,8720,53894,11128,53894,1567,102
3319,8720,53895,11128,53895,1567,102
3319,8720,53896,11128,53896,1567,102
3319,8720,53897,11128,53897,1567,102
3319,8720,53898,11128,53898,1567,102
3319,8720,53899,11128,53899,1567,102
3319,8720,53900,11128,53900,1567,102
3319,8720,53901,11128,53901,1567,102
3318,8720,53902,11128,53902,1567,102
3318,8720,53903,11128,53903,1567,102
3318,8720,53904,11128,53904,1567,102
3318,8720,53905,11128,53905,1567,102
3318,8720,53906,11128,53906,1567,102
3318,8720,53907,11128,53907,1567,102
3318,8720,53908,11128,53908,1567,102
3318,8720,53909,11128,53909,1567,102
3318,8720,53910,11128,53910,1567,102
3318,8720,53911,11128,53911,1567,102
3318,8720,53912,11128,53912,1567,102
3318,8720,53913,11128,53913,1567,102
3318,8720,53914,11128,53914,1567,102
3318,8720,53915,11128,53915,1567,102
3318,8720,53916,11128,53916,1567,102
3318,8720,53917,11128,53917,1567,102
3318,8720,53918,11128,53918,1567,102
3318,8720,53919,11128,53919,1567,102
3318,8720,53920,11128,53920,1567,102
3318,8720,53921,11128,53921,1567,102
3318,8720,53922,11128,53922,1567,102
3318,8720,53923,11128,53923,1567,102
3317,8720,53924,11128,53924,1567,102
3317,8720,53925,11128,53925,1567,102
3317,8720,53926,11128,53926,1567,102
3317,8720,53927,11128,53927,1567,102
3317,8720,53928,11128,53928,1567,102
3317,8720,53929,11128,53929,1567,102
3317,8720,53930,11128,53930,1567,102
3317,8720,53931,11128,53931,1567,102
3317,8720,53932,11128,53932,1567,102
3317,8720,53933,11128,53933,1567,102
3318,8720,53934,11128,53934,1567,102
3318,8720,53935,11128,53935,1567,102
3318,8720,53936,11128,53936,1567,102
3318,8720,53937,11128,53937,1567,102
3319,8720,53938,11128,53938,1567,102
3319,8720,53939,11128,53939,1567,102
3319,8720,53940,11128,53940,1567,102
3319,8720,53941,11128,53941,1567,102
3319,8720,53942,11128,53942,1567,102
3319,8720,53943,11128,53943,1567,102
3319,8720,53944,11128,53944,1567,102
3319,8720,53945,11128,53945,1567,102
3319,8720,53946,11128,53946,1567,102
3319,8720,53947,11128,53947,1567,102
3319,8720,53948,11128,53948,1567,102
3319,8720,53949,11128,53949,1567,102
3319,8720,53950,11128,53950,1567,102
3319,8720,53951,11128,53951,1567,102
3319,8720,53952,11128,53952,1567,102
3319,8720,53953,11128,53953,1567,102
3319,8720,53954,11128,53954,1567,102
3319,8720,53955,11128,53955,1567,102
3319,8720,53956,11128,53956,1567,102
3319,8720,53957,11128,53957,1567,102
3319,8720,53958,11128,53958,1567,102
3319,8720,53959,11128,53959,1567,102
3319,8720,53960,11128,53960,1567,102
3319,8720,53961,11128,53961,1567,102
3319,8720,53962,11128,53962,1567,102
3319,8720,53963,11128,53963,1567,102
3319,8720,53964,11128,53964,1567,102
3319,8720,53965,11128,53965,1567,102
3319,8720,53966,11128,53966,1567,102
3318,8720,53967,11128,53967,1567,102
3318,8720,53968,11128,53968,1567,102
3318,8720,53969,11128,53969,1567,102
3318,8720,53970,11128,53970,1567,102
3318,8720,53971,11128,53971,1567,102
3318,8720,53972,11128,53972,1567,102
3318,8720,53973,11128,53973,1567,102
3318,8720,53974,11128,53974,1567,102
3318,8720,53975,11128,53975,1567,102
3318,8720,53976,11128,53976,1567,102
3318,8720,53977,11128,53977,1567,102
3318,8720,53978,11128,53978,1567,102
3318,8720,53979,11128,53979,1567,102
3318,8720,53980,11128,53980,1567,102
3318,8720,53981,11128,53981,1567,102
3318,8720,53982,11128,53982,1567,102
3318,8720,53983,11128,53983,1567,102
3318,8720,53984,11128,53984,1567,102
3318,8720,53985,11128,53985,1567,102
3318,8720,53986,11128,53986,1567,102
3318,8720,53987,11128,53987,1567,102
3318,8720,53988,11128,53988,1567,102
3318,8720,53989,11128,53989,1567,102
3318,8720,53990,11128,53990,1567,102
3318,8720,53991,11128,53991,1567,102
3318,8720,53992,11128,53992,1567,102
3318,8720,53993,11128,53993,1567,102
3318,8720,53994,11128,53994,1567,102
3318,8720,53995,11128,53995,1567,102
3318,8720,53996,11128,53996,1567,102
3318,8720,53997,11128,53997,1567,102
3318,8720,53998,11128,53998,1567,102
3318,8720,53999,11128,53999,1567,102
3318,8720,54000,11128,54000,1567,102
3318,8720,54001,11128,54001,1567,102
3318,8720,54002,11128,54002,1567,102
3318,8720,54003,11128,54003,1567,102
3318,8720,54004,11128,54004,1567,102
3318,8720,54005,11128,54005,1567,102
3318,8720,54006,11128,54006,1567,102
3318,8720,54007,11128,54007,1567,102
3318,8720,54008,11128,54008,1567,102
3318,8720,54009,11128,54009,1567,102
3318,8720,54010,11128,54010,1567,102
3318,8720,54011,11128,54011,1567,102
3318,8720,54012,11128,54012,1567,102
3318,8720,54013,11128,54013,1567,102
3318,8720,54014,11128,54014,1567,102
3318,8720,54015,11128,54015,1567,102
3318,8720,54016,11128,54016,1567,102
3318,8720,54017,11128,54017,1567,102
3318,8720,54018,11128,54018,1567,102
3318,8720,54019,11128,54019,1567,102
3318,8720,54020,11128,54020,1567,102
3318,8720,54021,11128,54021,1567,102
3318,8720,54022,11128,54022,1567,102
3318,8720,54023,11128,54023,1567,102
3317,8720,54024,11128,54024,1567,102
3317,8720,54025,11128,54025,1567,102
3317,8720,54026,11128,54026,1567,102
3317,8720,54027,11128,54027,1567,102
3317,8720,54028,11128,54028,1567,102
3317,8720,54029,11128,54029,1567,102
3317,8720,54030,11128,54030,1567,102
3317,8720,54031,11128,54031,1567,102
3317,8720,54032,11128,54032,1567,102
3317,8720,54033,11128,54033,1567,102
3317,8720,54034,11128,54034,1567,102
3317,8720,54035,11128,54035,1567,102
3317,8720,54036,11128,54036,1567,102
3317,8720,54037,11128,54037,1567,102
3318,8720,54038,11128,54038,1567,102
3318,8720,54039,11128,54039,1567,102
3318,8720,54040,11128,54040,1567,102
3318,8720,54041,11128,54041,1567,102
3318,8720,54042,11128,54042,1567,102
3319,8720,54043,11128,54043,1567,102
3319,8720,54044,11128,54044,1567,102
3319,8720,54045,11128,54045,1567,102
3319,8720,54046,11128,54046,1567,102
3319,8720,54047,11128,54047,1567,102
3319,8720,54048,11128,54048,1567,102
3319,8720,54049,11128,54049,1567,102
3319,8720,54050,11128,54050,1567,102
3319,8720,54051,11128,54051,1567,102
3319,8720,54052,11128,54052,1567,102
3319,8720,54053,11128,54053,1567,102
3319,8720,54054,11128,54054,1567,102
3319,8720,54055,11128,54055,1567,102
3319,8720,54056,11128,54056,1567,102
3319,8720,54057,11128,54057,1567,102
3319,8720,54058,11128,54058,1567,102
3318,8720,54059,11128,54059,1567,101
3318,8720,54060,11128,54060,1567,101
3318,8720,54061,11128,54061,1567,101
3318,8720,54062,11128,54062,1567,101
3318,8720,54063,11128,54063,1567,101
3318,8720,54064,11128,54064,1567,101
3318,8720,54065,11128,54065,1567,101
3318,8720,54066,11128,54066,1567,101
3318,8720,54067,11128,54067,1567,101
3318,8720,54068,11128,54068,1567,101
3318,8720,54069,11128,54069,1567,101
3318,8720,54070,11128,54070,1567,101
3318,8720,54071,11128,54071,1567,101
3318,8720,54072,11128,54072,1567,101
3318,8720,54073,11128,54073,1567,101
3318,8720,54074,11128,54074,1567,101
3318,8720,54075,11128,54075,1567,101
3318,8720,54076,11128,54076,1567,101
3318,8720,54077,11128,54077,1567,101
3318,8720,54078,11128,54078,1567,101
3318,8720,54079,11128,54079,1567,101
3318,8720,54080,11128,54080,1567,101
3318,8720,54081,11128,54081,1567,101
3318,8720,54082,11128,54082,1567,101
3318,8720,54083,11128,54083,1567,101
3318,8720,54084,11128,54084,1567,101
3318,8720,54085,11128,54085,1567,101
3318,8720,54086,11128,54086,1567,101
3318,8720,54087,11128,54087,1567,101
3318,8720,54088,11128,54088,1567,101
3318,8720,54089,11128,54089,1567,101
3318,8720,54090,11128,54090,1567,101
3318,8720,54091,11128,54091,1567,101
3318,8720,54092,11128,54092,1567,101
3318,8720,54093,11128,54093,1567,101
3317,8720,54094,11128,54094,1567,101
3317,8720,54095,11128,54095,1567,101
3317,8720,54096,11128,54096,1567,101
3317,8720,54097,11128,54097,1567,101
3318,8720,54098,11128,54098,1567,101
3319,8720,54099,11128,54099,1567,101
3319,8720,54100,11128,54100,1567,101
3319,8720,54101,11128,54101,1567,101
3319,8720,54102,11128,54102,1567,101
3319,8720,54103,11128,54103,1567,101
3319,8720,54104,11128,54104,1567,101
3319,8720,54105,11128,54105,1567,101
3319,8720,54106,11128,54106,1567,101
3319,8720,54107,11128,54107,1567,101
3319,8720,54108,11128,54108,1567,101
3319,8720,54109,11128,54109,1567,101
3319,8720,54110,11128,54110,1567,101
3319,8720,54111,11128,54111,1567,101
3319,8720,54112,11128,54112,1567,101
3319,8720,54113,11128,54113,1567,101
3319,8720,54114,11128,54114,1567,101
3319,8720,54115,11128,54115,1567,101
3319,8720,54116,11128,54116,1567,101
3319,8720,54117,11128,54117,1567,101
3319,8720,54118,11128,54118,1567,101
3319,8720,54119,11128,54119,1567,101
3319,8720,54120,11128,54120,1567,101
3319,8720,54121,11128,54121,1567,101
3319,8720,54122,11128,54122,1567,101
3319,8720,54123,11128,54123,1567,101
3319,8720,54124,11128,54124,1567,101
3319,8720,54125,11128,54125,1567,101
3319,8720,54126,11128,54126,1567,101
3319,8720,54127,11128,54127,1567,101
3319,8720,54128,11128,54128,1567,101
3319,8720,54129,11128,54129,1567,101
3319,8720,54130,11128,54130,1567,101
3319,8720,54131,11128,54131,1567,101
3319,8720,54132,11128,54132,1567,101
3319,8720,54133,11128,54133,1567,101
3319,8720,54134,11128,54134,1567,101
3319,8720,54135,11128,54135,1567,101
3319,8720,54136,11128,54136,1567,101
3319,8720,54137,11128,54137,1567,101
3319,8720,54138,11128,54138,1567,101
3319,8720,54139,11128,54139,1567,101
3319,8720,54140,11128,54140,1567,101
3319,8720,54141,11128,54141,1567,101
3319,8720,54142,11128,54142,1567,101
3319,8720,54143,11128,54143,1567,101
3319,8720,54144,11128,54144,1567,101
3319,8720,54145,11128,54145,1567,101
3319,8720,54146,11128,54146,1567,101
3319,8720,54147,11128,54147,1567,101
3319,8720,54148,11128,54148,1567,101
3319,8720,54149,11128,54149,1567,101
3319,8720,54150,11128,54150,1567,101
3319,8720,54151,11128,54151,1567,101
3319,8720,54152,11128,54152,1567,101
3318,8720,54153,11128,54153,1567,100
3318,8720,54154,11128,54154,1567,100
3318,8720,54155,11128,54155,1567,100
3318,8720,54156,11128,54156,1567,100
3318,8720,54157,11128,54157,1567,100
3318,8720,54158,11128,54158,1567,100
3318,8720,54159,11128,54159,1567,100
3318,8720,54160,11128,54160,1567,100
3318,8720,54161,11128,54161,1567,100
3318,8720,54162,11128,54162,1567,100
3318,8720,54163,11128,54163,1567,100
3318,8720,54164,11128,54164,1567,100
3318,8720,54165,11128,54165,1567,100
3318,8720,54166,11128,54166,1567,100
3318,8720,54167,11128,54167,1567,100
3318,8720,54168,11128,54168,1567,100
3318,8720,54169,11128,54169,1567,100
3318,8720,54170,11128,54170,1567,100
3318,8720,54171,11128,54171,1567,100
3318,8720,54172,11128,54172,1567,100
3318,8720,54173,11128,54173,1567,100
3318,8720,54174,11128,54174,1567,100
3318,8720,54175,11128,54175,1567,100
3318,8720,54176,11128,54176,1567,100
3318,8720,54177,11128,54177,1567,100
3318,8720,54178,11128,54178,1567,100
3318,8720,54179,11128,54179,1567,100
3318,8720,54180,11128,54180,1567,100
3318,8720,54181,11128,54181,1567,100
3318,8720,54182,11128,54182,1567,100
3318,8720,54183,11128,54183,1567,100
3318,8720,54184,11128,54184,1567,100
3318,8720,54185,11128,54185,1567,100
3318,8720,54186,11128,54186,1567,100
3318,8720,54187,11128,54187,1567,100
3318,8720,54188,11128,54188,1567,100
3318,8720,54189,11128,54189,1567,100
3318,8720,54190,11128,54190,1567,100
3318,8720,54191,11128,54191,1567,100
3318,8720,54192,11128,54192,1567,100
3318,8720,54193,11128,54193,1567,100
3317,8720,54194,11128,54194,1567,100
3317,8720,54195,11128,54195,1567,100
3317,8720,54196,11128,54196,1567,100
3317,8720,54197,11128,54197,1567,100
3317,8720,54198,11128,54198,1567,100
3317,8720,54199,11128,54199,1567,100
3317,8720,54200,11128,54200,1567,100
3317,8720,54201,11128,54201,1567,100
3317,8720,54202,11128,54202,1567,100
3317,8720,54203,11128,54203,1567,100
3317,8720,54204,11128,54204,1567,100
3317,8720,54205,11128,54205,1567,100
3317,8720,54206,11128,54206,1567,100
3317,8720,54207,11128,54207,1567,100
3317,8720,54208,11128,54208,1567,100
3317,8720,54209,11128,54209,1567,100
3317,8720,54210,11128,54210,1567,100
3317,8720,54211,11128,54211,1567,100
3317,8720,54212,11128,54212,1567,100
3317,8720,54213,11128,54213,1567,100
3316,8720,54214,11128,54214,1567,100
3316,8720,54215,11128,54215,1567,100
3316,8720,54216,11128,54216,1567,100
3316,8720,54217,11128,54217,1567,100
3316,8720,54218,11128,54218,1567,100
3316,8720,54219,11128,54219,1567,100
3316,8720,54220,11128,54220,1567,100
3316,8720,54221,11128,54221,1567,100
3316,8720,54222,11128,54222,1567,100
3315,8720,54223,11128,54223,1567,100
3315,8720,54224,11128,54224,1567,100
3315,8720,54225,11128,54225,1567,100
3314,8720,54226,11128,54226,1567,100
3314,8720,54227,11128,54227,1567,100
3314,8720,54228,11128,54228,1567,100
3314,8720,54229,11128,54229,1567,100
3314,8720,54230,11128,54230,1567,100
3314,8720,54231,11128,54231,1567,100
3314,8720,54232,11128,54232,1567,100
3314,8720,54233,11128,54233,1567,100
3314,8720,54234,11128,54234,1567,100
3314,8720,54235,11128,54235,1567,100
3314,8720,54236,11128,54236,1567,100
3314,8720,54237,11128,54237,1567,100
3314,8720,54238,11128,54238,1567,100
3314,8720,54239,11128,54239,1567,100
3314,8720,54240,11128,54240,1567,100
3314,8720,54241,11128,54241,1567,100
3314,8720,54242,11128,54242,1567,100
3314,8720,54243,11128,54243,1567,100
3314,8720,54244,11128,54244,1567,100
3314,8720,54245,11128,54245,1567,100
3314,8720,54246,11128,54246,1567,100
3314,8720,54247,11128,54247,1567,100
3314,8720,54248,11128,54248,1567,100
3314,8720,54249,11128,54249,1567,100
3315,8720,54250,11128,54250,1567,100
3315,8720,54251,11128,54251,1567,100
3315,8720,54252,11128,54252,1567,100
3315,8720,54253,11128,54253,1567,100
3315,8720,54254,11128,54254,1567,100
3315,8720,54255,11128,54255,1567,100
3315,8720,54256,11128,54256,1567,100
3315,8720,54257,11128,54257,1567,100
3315,8720,54258,11128,54258,1567,100
3315,8720,54259,11128,54259,1567,100
3315,8720,54260,11128,54260,1567,100
3315,8720,54261,11128,54261,1567,100
3315,8720,54262,11128,54262,1567,100
3315,8720,54263,11128,54263,1567,100
3315,8720,54264,11128,54264,1567,100
3315,8720,54265,11128,54265,1567,100
3315,8720,54266,11128,54266,1567,100
3315,8720,54267,11128,54267,1567,100
3315,8720,54268,11128,54268,1567,100
3315,8720,54269,11128,54269,1567,100
3315,8720,54270,11128,54270,1567,100
3315,8720,54271,11128,54271,1567,100
3315,8720,54272,11128,54272,1567,100
3315,8720,54273,11128,54273,1567,100
3315,8720,54274,11128,54274,1567,100
3315,8720,54275,11128,54275,1567,100
3314,8720,54276,11128,54276,1567,100
3314,8720,54277,11128,54277,1567,100
3314,8720,54278,11128,54278,1567,100
3314,8720,54279,11128,54279,1567,100
3314,8720,54280,11128,54280,1567,100
3314,8720,54281,11128,54281,1567,100
3314,8720,54282,11128,54282,1567,100
3313,8720,54283,11128,54283,1567,100
3313,8720,54284,11128,54284,1567,100
3313,8720,54285,11128,54285,1567,100
3314,8720,54286,11128,54286,1567,100
3314,8720,54287,11128,54287,1567,100
3314,8720,54288,11128,54288,1567,100
3313,8720,54289,11128,54289,1567,100
3313,8720,54290,11128,54290,1567,100
3313,8720,54291,11128,54291,1567,100
3313,8720,54292,11128,54292,1567,100
3313,8720,54293,11128,54293,1567,100
3313,8720,54294,11128,54294,1567,100
3313,8720,54295,11128,54295,1567,100
3313,8720,54296,11128,54296,1567,100
3313,8720,54297,11128,54297,1567,100
3313,8720,54298,11128,54298,1567,100
3313,8720,54299,11128,54299,1567,100
3313,8720,54300,11128,54300,1567,100
3313,8720,54301,11128,54301,1567,100
3313,8720,54302,11128,54302,1567,100
3313,8720,54303,11128,54303,1567,100
3313,8720,54304,11128,54304,1567,100
3313,8720,54305,11128,54305,1567,100
3313,8720,54306,11128,54306,1567,100
3313,8720,54307,11128,54307,1567,100
3313,8720,54308,11128,54308,1567,100
3313,8720,54309,11128,54309,1567,100
3313,8720,54310,11128,54310,1567,100
3313,8720,54311,11128,54311,1567,100
3313,8720,54312,11128,54312,1567,100
3313,8720,54313,11128,54313,1567,100
3313,8720,54314,11128,54314,1567,100
3313,8720,54315,11128,54315,1567,100
3313,8720,54316,11128,54316,1567,100
3313,8720,54317,11128,54317,1567,100
3313,8720,54318,11128,54318,1567,100
3312,8720,54319,11128,54319,1567,99
3312,8720,54320,11128,54320,1567,99
3312,8720,54321,11128,54321,1567,99
3312,8720,54322,11128,54322,1567,99
3313,8720,54323,11128,54323,1567,99
3313,8720,54324,11128,54324,1567,99
3313,8720,54325,11128,54325,1567,99
3312,8720,54326,11128,54326,1567,99
3312,8720,54327,11128,54327,1567,99
3313,8720,54328,11128,54328,1567,99
3313,8720,54329,11128,54329,1567,99
3313,8720,54330,11128,54330,1567,99
3313,8720,54331,11128,54331,1567,99
3313,8720,54332,11128,54332,1567,99
3313,8720,54333,11128,54333,1567,99
3313,8720,54334,11128,54334,1567,99
3313,8720,54335,11128,54335,1567,99
3313,8720,54336,11128,54336,1567,99
3313,8720,54337,11128,54337,1567,99
3313,8720,54338,11128,54338,1567,99
3313,8720,54339,11128,54339,1567,99
3313,8720,54340,11128,54340,1567,99
3313,8720,54341,11128,54341,1567,99
3313,8720,54342,11128,54342,1567,99
3313,8720,54343,11128,54343,1567,99
3314,8720,54344,11128,54344,1567,99
3314,8720,54345,11128,54345,1567,99
3314,8720,54346,11128,54346,1567,99
3314,8720,54347,11128,54347,1567,99
3314,8720,54348,11128,54348,1567,99
3314,8720,54349,11128,54349,1567,99
3314,8720,54350,11128,54350,1567,99
3314,8720,54351,11128,54351,1567,99
3314,8720,54352,11128,54352,1567,99
3314,8720,54353,11128,54353,1567,99
3314,8720,54354,11128,54354,1567,99
3314,8720,54355,11128,54355,1567,99
3314,8720,54356,11128,54356,1567,99
3314,8720,54357,11128,54357,1567,99
3314,8720,54358,11128,54358,1567,99
3314,8720,54359,11128,54359,1567,99
3314,8720,54360,11128,54360,1567,99
3314,8720,54361,11128,54361,1567,99
3314,8720,54362,11128,54362,1567,99
3314,8720,54363,11128,54363,1567,99
3314,8720,54364,11128,54364,1567,99
3314,8720,54365,11128,54365,1567,99
3314,8720,54366,11128,54366,1567,99
3314,8720,54367,11128,54367,1567,99
3314,8720,54368,11128,54368,1567,99
3314,8720,54369,11128,54369,1567,99
3314,8720,54370,11128,54370,1567,99
3314,8720,54371,11128,54371,1567,99
3314,8720,54372,11128,54372,1567,99
3314,8720,54373,11128,54373,1567,99
3314,8720,54374,11128,54374,1567,99
3314,8720,54375,11128,54375,1567,99
3314,8720,54376,11128,54376,1567,99
3314,8720,54377,11128,54377,1567,99
3314,8720,54378,11128,54378,1567,99
3314,8720,54379,11128,54379,1567,99
3314,8720,54380,11128,54380,1567,99
3314,8720,54381,11128,54381,1567,99
3314,8720,54382,11128,54382,1567,99
3314,8720,54383,11128,54383,1567,99
3314,8720,54384,11128,54384,1567,99
3314,8720,54385,11128,54385,1567,99
3314,8720,54386,11128,54386,1567,99
3314,8720,54387,11128,54387,1567,99
3314,8720,54388,11128,54388,1567,99
3314,8720,54389,11128,54389,1567,99
3314,8720,54390,11128,54390,1567,99
3314,8720,54391,11128,54391,1567,99
3314,8720,54392,11128,54392,1567,99
3314,8720,54393,11128,54393,1567,99
3314,8720,54394,11128,54394,1567,99
3314,8720,54395,11128,54395,1567,99
3314,8720,54396,11128,54396,1567,99
3314,8720,54397,11128,54397,1567,99
3314,8720,54398,11128,54398,1567,99
3315,8720,54399,11128,54399,1567,99
3315,8720,54400,11128,54400,1567,99
3315,8720,54401,11128,54401,1567,99
3315,8720,54402,11128,54402,1567,99
3315,8720,54403,11128,54403,1567,99
3315,8720,54404,11128,54404,1567,99
3315,8720,54405,11128,54405,1567,99
3315,8720,54406,11128,54406,1567,99
3315,8720,54407,11128,54407,1567,99
3315,8720,54408,11128,54408,1567,99
3315,8720,54409,11128,54409,1567,99
3315,8720,54410,11128,54410,1567,99
3315,8720,54411,11128,54411,1567,99
3315,8720,54412,11128,54412,1567,99
3315,8720,54413,11128,54413,1567,99
3315,8720,54414,11128,54414,1567,99
3315,8720,54415,11128,54415,1567,99
3315,8720,54416,11128,54416,1567,99
3315,8720,54417,11128,54417,1567,99
3315,8720,54418,11128,54418,1567,99
3315,8720,54419,11128,54419,1567,99
3315,8720,54420,11128,54420,1567,99
3315,8720,54421,11128,54421,1567,99
3315,8720,54422,11128,54422,1567,99
3315,8720,54423,11128,54423,1567,99
3315,8720,54424,11128,54424,1567,99
3315,8720,54425,11128,54425,1567,99
3316,8720,54426,11128,54426,1567,99
3316,8720,54427,11128,54427,1567,99
3316,8720,54428,11128,54428,1567,99
3316,8720,54429,11128,54429,1567,99
3314,8720,54430,11128,54430,1567,98
3314,8720,54431,11128,54431,1567,98
3314,8720,54432,11128,54432,1567,98
3314,8720,54433,11128,54433,1567,98
3314,8720,54434,11128,54434,1567,98
3314,8720,54435,11128,54435,1567,98
3314,8720,54436,11128,54436,1567,98
3314,8720,54437,11128,54437,1567,98
3314,8720,54438,11128,54438,1567,98
3314,8720,54439,11128,54439,1567,98
3314,8720,54440,11128,54440,1567,98
3314,8720,54441,11128,54441,1567,98
3314,8720,54442,11128,54442,1567,98
3314,8720,54443,11128,54443,1567,98
3314,8720,54444,11128,54444,1567,98
3314,8720,54445,11128,54445,1567,98
3314,8720,54446,11128,54446,1567,98
3314,8720,54447,11128,54447,1567,98
3314,8720,54448,11128,54448,1567,98
3314,8720,54449,11128,54449,1567,98
3314,8720,54450,11128,54450,1567,98
3314,8720,54451,11128,54451,1567,98
3314,8720,54452,11128,54452,1567,98
3314,8720,54453,11128,54453,1567,98
3314,8720,54454,11128,54454,1567,98
3314,8720,54455,11128,54455,1567,98
3314,8720,54456,11128,54456,1567,98
3314,8720,54457,11128,54457,1567,98
3314,8720,54458,11128,54458,1567,98
3314,8720,54459,11128,54459,1567,98
3314,8720,54460,11128,54460,1567,98
3314,8720,54461,11128,54461,1567,98
3314,8720,54462,11128,54462,1567,98
3313,8720,54463,11128,54463,1567,98
3313,8720,54464,11128,54464,1567,98
3313,8720,54465,11128,54465,1567,98
3313,8720,54466,11128,54466,1567,98
3313,8720,54467,11128,54467,1567,98
3313,8720,54468,11128,54468,1567,98
3313,8720,54469,11128,54469,1567,98
3313,8720,54470,11128,54470,1567,98
3313,8720,54471,11128,54471,1567,98
3313,8720,54472,11128,54472,1567,98
3313,8720,54473,11128,54473,1567,98
3313,8720,54474,11128,54474,1567,98
3313,8720,54475,11128,54475,1567,98
3313,8720,54476,11128,54476,1567,98
3313,8720,54477,11128,54477,1567,98
3314,8720,54478,11128,54478,1567,98
3314,8720,54479,11128,54479,1567,98
3314,8720,54480,11128,54480,1567,98
3314,8720,54481,11128,54481,1567,98
3314,8720,54482,11128,54482,1567,98
3314,8720,54483,11128,54483,1567,98
3314,8720,54484,11128,54484,1567,98
3314,8720,54485,11128,54485,1567,98
3314,8720,54486,11128,54486,1567,98
3314,8720,54487,11128,54487,1567,98
3314,8720,54488,11128,54488,1567,98
3314,8720,54489,11128,54489,1567,98
3314,8720,54490,11128,54490,1567,98
3315,8720,54491,11128,54491,1567,98
3315,8720,54492,11128,54492,1567,98
3315,8720,54493,11128,54493,1567,98
3315,8720,54494,11128,54494,1567,98
3315,8720,54495,11128,54495,1567,98
3315,8720,54496,11128,54496,1567,98
3315,8720,54497,11128,54497,1567,98
3315,8720,54498,11128,54498,1567,98
3315,8720,54499,11128,54499,1567,98
3315,8720,54500,11128,54500,1567,98
3315,8720,54501,11128,54501,1567,98
3315,8720,54502,11128,54502,1567,98
3315,8720,54503,11128,54503,1567,98
3315,8720,54504,11128,54504,1567,98
3315,8720,54505,11128,54505,1567,98
3315,8720,54506,11128,54506,1567,98
3315,8720,54507,11128,54507,1567,98
3315,8720,54508,11128,54508,1567,98
3315,8720,54509,11128,54509,1567,98
3315,8720,54510,11128,54510,1567,98
3315,8720,54511,11128,54511,1567,98
3315,8720,54512,11128,54512,1567,98
3315,8720,54513,11128,54513,1567,98
3315,8720,54514,11128,54514,1567,98
3315,8720,54515,11128,54515,1567,98
3315,8720,54516,11128,54516,1567,98
3314,8720,54517,11128,54517,1567,98
3314,8720,54518,11128,54518,1567,98
3314,8720,54519,11128,54519,1567,98
3314,8720,54520,11128,54520,1567,98
3314,8720,54521,11128,54521,1567,98
3314,8720,54522,11128,54522,1567,98
3314,8720,54523,11128,54523,1567,98
3314,8720,54524,11128,54524,1567,98
3314,8720,54525,11128,54525,1567,98
3314,8720,54526,11128,54526,1567,98
3314,8720,54527,11128,54527,1567,98
3314,8720,54528,11128,54528,1567,98
3314,8720,54529,11128,54529,1567,98
3314,8720,54530,11128,54530,1567,98
3314,8720,54531,11128,54531,1567,98
3314,8720,54532,11128,54532,1567,98
3314,8720,54533,11128,54533,1567,98
3314,8720,54534,11128,54534,1567,98
3314,8720,54535,11128,54535,1567,98
3314,8720,54536,11128,54536,1567,98
3314,8720,54537,11128,54537,1567,98
3314,8720,54538,11128,54538,1567,98
3314,8720,54539,11128,54539,1567,98
3314,8720,54540,11128,54540,1567,98
3314,8720,54541,11128,54541,1567,98
3314,8720,54542,11128,54542,1567,98
3314,8720,54543,11128,54543,1567,98
3313,8720,54544,11128,54544,1567,98
3312,8720,54545,11128,54545,1567,97
3312,8720,54546,11128,54546,1567,97
3312,8720,54547,11128,54547,1567,97
3312,8720,54548,11128,54548,1567,97
3311,8720,54549,11128,54549,1567,96
3311,8720,54550,11128,54550,1567,96
3311,8720,54551,11128,54551,1567,96
3311,8720,54552,11128,54552,1567,96
3311,8720,54553,11128,54553,1567,96
3311,8720,54554,11128,54554,1567,96
3311,8720,54555,11128,54555,1567,96
3311,8720,54556,11128,54556,1567,96
3311,8720,54557,11128,54557,1567,96
3311,8720,54558,11128,54558,1567,96
3311,8720,54559,11128,54559,1567,96
3311,8720,54560,11128,54560,1567,96
3311,8720,54561,11128,54561,1567,96
3311,8720,54562,11128,54562,1567,96
3310,8720,54563,11128,54563,1567,96
3310,8720,54564,11128,54564,1567,96
3310,8720,54565,11128,54565,1567,96
3310,8720,54566,11128,54566,1567,96
3311,8720,54567,11128,54567,1567,96
3310,8720,54568,11128,54568,1567,96
3310,8720,54569,11128,54569,1567,96
3310,8720,54570,11128,54570,1567,96
3310,8720,54571,11128,54571,1567,96
3310,8720,54572,11128,54572,1567,96
3310,8720,54573,11128,54573,1567,96
3310,8720,54574,11128,54574,1567,96
3310,8720,54575,11128,54575,1567,96
3310,8720,54576,11128,54576,1567,96
3310,8720,54577,11128,54577,1567,96
3310,8720,54578,11128,54578,1567,96
3310,8720,54579,11128,54579,1567,96
3310,8720,54580,11128,54580,1567,96
3310,8720,54581,11128,54581,1567,96
3310,8720,54582,11128,54582,1567,96
3310,8720,54583,11128,54583,1567,96
3310,8720,54584,11128,54584,1567,96
3310,8720,54585,11128,54585,1567,96
3310,8720,54586,11128,54586,1567,96
3310,8720,54587,11128,54587,1567,96
3310,8720,54588,11128,54588,1567,96
3310,8720,54589,11128,54589,1567,96
3310,8720,54590,11128,54590,1567,96
3310,8720,54591,11128,54591,1567,96
3310,8720,54592,11128,54592,1567,96
3310,8720,54593,11128,54593,1567,96
3310,8720,54594,11128,54594,1567,96
3310,8720,54595,11128,54595,1567,96
3310,8720,54596,11128,54596,1567,96
3310,8720,54597,11128,54597,1567,96
3310,8720,54598,11128,54598,1567,96
3310,8720,54599,11128,54599,1567,96
3310,8720,54600,11128,54600,1567,96
3310,8720,54601,11128,54601,1567,96
3310,8720,54602,11128,54602,1567,96
3309,8720,54603,11128,54603,1567,96
3309,8720,54604,11128,54604,1567,96
3309,8720,54605,11128,54605,1567,96
3309,8720,54606,11128,54606,1567,96
3309,8720,54607,11128,54607,1567,96
3309,8720,54608,11128,54608,1567,96
3309,8720,54609,11128,54609,1567,96
3309,8720,54610,11128,54610,1567,96
3309,8720,54611,11128,54611,1567,96
3309,8720,54612,11128,54612,1567,96
3309,8720,54613,11128,54613,1567,96
3309,8720,54614,11128,54614,1567,96
3309,8720,54615,11128,54615,1567,96
3309,8720,54616,11128,54616,1567,96
3309,8720,54617,11128,54617,1567,96
3309,8720,54618,11128,54618,1567,96
3309,8720,54619,11128,54619,1567,96
3309,8720,54620,11128,54620,1567,96
3309,8720,54621,11128,54621,1567,96
3309,8720,54622,11128,54622,1567,96
3309,8720,54623,11128,54623,1567,96
3309,8720,54624,11128,54624,1567,96
3308,8720,54625,11128,54625,1567,96
3308,8720,54626,11128,54626,1567,96
3308,8720,54627,11128,54627,1567,96
3308,8720,54628,11128,54628,1567,96
3308,8720,54629,11128,54629,1567,96
3308,8720,54630,11128,54630,1567,96
3308,8720,54631,11128,54631,1567,96
3308,8720,54632,11128,54632,1567,96
3308,8720,54633,11128,54633,1567,96
3308,8720,54634,11128,54634,1567,96
3308,8720,54635,11128,54635,1567,96
3308,8720,54636,11128,54636,1567,96
3308,8720,54637,11128,54637,1567,96
3308,8720,54638,11128,54638,1567,96
3308,8720,54639,11128,54639,1567,96
3308,8720,54640,11128,54640,1567,96
3308,8720,54641,11128,54641,1567,96
3308,8720,54642,11128,54642,1567,96
3308,8720,54643,11128,54643,1567,96
3308,8720,54644,11128,54644,1567,96
3308,8720,54645,11128,54645,1567,96
3308,8720,54646,11128,54646,1567,96
3308,8720,54647,11128,54647,1567,96
3308,8720,54648,11128,54648,1567,96
3308,8720,54649,11128,54649,1567,96
3308,8720,54650,11128,54650,1567,96
3308,8720,54651,11128,54651,1567,96
3308,8720,54652,11128,54652,1567,96
3308,8720,54653,11128,54653,1567,96
3308,8720,54654,11128,54654,1567,96
3308,8720,54655,11128,54655,1567,96
3308,8720,54656,11128,54656,1567,96
3308,8720,54657,11128,54657,1567,96
3308,8720,54658,11128,54658,1567,96
3308,8720,54659,11128,54659,1567,96
3308,8720,54660,11128,54660,1567,96
3308,8720,54661,11128,54661,1567,96
3308,8720,54662,11128,54662,1567,96
3308,8720,54663,11128,54663,1567,96
3308,8720,54664,11128,54664,1567,96
3308,8720,54665,11128,54665,1567,96
3308,8720,54666,11128,54666,1567,96
3308,8720,54667,11128,54667,1567,96
3308,8720,54668,11128,54668,1567,96
3308,8720,54669,11128,54669,1567,96
3308,8720,54670,11128,54670,1567,96
3308,8720,54671,11128,54671,1567,96
3308,8720,54672,11128,54672,1567,96
3308,8720,54673,11128,54673,1567,96
3308,8720,54674,11128,54674,1567,96
3308,8720,54675,11128,54675,1567,96
3308,8720,54676,11128,54676,1567,96
3308,8720,54677,11128,54677,1567,96
3308,8720,54678,11128,54678,1567,96
3308,8720,54679,11128,54679,1567,96
3308,8720,54680,11128,54680,1567,96
3308,8720,54681,11128,54681,1567,96
3308,8720,54682,11128,54682,1567,96
3308,8720,54683,11128,54683,1567,96
3308,8720,54684,11128,54684,1567,96
3308,8720,54685,11128,54685,1567,96
3308,8720,54686,11128,54686,1567,96
3307,8720,54687,11128,54687,1567,96
3307,8720,54688,11128,54688,1567,96
3307,8720,54689,11128,54689,1567,96
3307,8720,54690,11128,54690,1567,96
3307,8720,54691,11128,54691,1567,96
3307,8720,54692,11128,54692,1567,96
3307,8720,54693,11128,54693,1567,96
3307,8720,54694,11128,54694,1567,96
3307,8720,54695,11128,54695,1567,96
3307,8720,54696,11128,54696,1567,96
3307,8720,54697,11128,54697,1567,96
3307,8720,54698,11128,54698,1567,96
3307,8720,54699,11128,54699,1567,96
3307,8720,54700,11128,54700,1567,96
3307,8720,54701,11128,54701,1567,96
3307,8720,54702,11128,54702,1567,96
3307,8720,54703,11128,54703,1567,96
3307,8720,54704,11128,54704,1567,96
3307,8720,54705,11128,54705,1567,96
3307,8720,54706,11128,54706,1567,96
3307,8720,54707,11128,54707,1567,96
3307,8720,54708,11128,54708,1567,96
3307,8720,54709,11128,54709,1567,96
3307,8720,54710,11128,54710,1567,96
3307,8720,54711,11128,54711,1567,96
3307,8720,54712,11128,54712,1567,96
3307,8720,54713,11128,54713,1567,96
3308,8720,54714,11128,54714,1567,96
3308,8720,54715,11128,54715,1567,96
3308,8720,54716,11128,54716,1567,96
3308,8720,54717,11128,54717,1567,96
3308,8720,54718,11128,54718,1567,96
3308,8720,54719,11128,54719,1567,96
3308,8720,54720,11128,54720,1567,96
3308,8720,54721,11128,54721,1567,96
3308,8720,54722,11128,54722,1567,96
3308,8720,54723,11128,54723,1567,96
3308,8720,54724,11128,54724,1567,96
3308,8720,54725,11128,54725,1567,96
3308,8720,54726,11128,54726,1567,96
3308,8720,54727,11128,54727,1567,96
3308,8720,54728,11128,54728,1567,96
3308,8720,54729,11128,54729,1567,96
3308,8720,54730,11128,54730,1567,96
3307,8720,54731,11128,54731,1567,96
3307,8720,54732,11128,54732,1567,96
3307,8720,54733,11128,54733,1567,96
3307,8720,54734,11128,54734,1567,96
3307,8720,54735,11128,54735,1567,96
3307,8720,54736,11128,54736,1567,96
3307,8720,54737,11128,54737,1567,96
3307,8720,54738,11128,54738,1567,96
3307,8720,54739,11128,54739,1567,96
3307,8720,54740,11128,54740,1567,96
3307,8720,54741,11128,54741,1567,96
3307,8720,54742,11128,54742,1567,96
3307,8720,54743,11128,54743,1567,96
3307,8720,54744,11128,54744,1567,96
3307,8720,54745,11128,54745,1567,96
3307,8720,54746,11128,54746,1567,96
3307,8720,54747,11128,54747,1567,96
3307,8720,54748,11128,54748,1567,96
3307,8720,54749,11128,54749,1567,96
3307,8720,54750,11128,54750,1567,96
3307,8720,54751,11128,54751,1567,96
3307,8720,54752,11128,54752,1567,96
3307,8720,54753,11128,54753,1567,96
3308,8720,54754,11128,54754,1567,96
3309,8720,54755,11128,54755,1567,96
3309,8720,54756,11128,54756,1567,96
3309,8720,54757,11128,54757,1567,96
3310,8720,54758,11128,54758,1567,96
3310,8720,54759,11128,54759,1567,96
3310,8720,54760,11128,54760,1567,96
3310,8720,54761,11128,54761,1567,96
3310,8720,54762,11128,54762,1567,96
3310,8720,54763,11128,54763,1567,96
3310,8720,54764,11128,54764,1567,96
3310,8720,54765,11128,54765,1567,96
3310,8720,54766,11128,54766,1567,96
3310,8720,54767,11128,54767,1567,96
3310,8720,54768,11128,54768,1567,96
3310,8720,54769,11128,54769,1567,96
3310,8720,54770,11128,54770,1567,96
3310,8720,54771,11128,54771,1567,96
3310,8720,54772,11128,54772,1567,96
3310,8720,54773,11128,54773,1567,96
3310,8720,54774,11128,54774,1567,96
3310,8720,54775,11128,54775,1567,96
3310,8720,54776,11128,54776,1567,96
3310,8720,54777,11128,54777,1567,96
3310,8720,54778,11128,54778,1567,96
3310,8720,54779,11128,54779,1567,96
3310,8720,54780,11128,54780,1567,96
3310,8720,54781,11128,54781,1567,96
3310,8720,54782,11128,54782,1567,96
3310,8720,54783,11128,54783,1567,96
3310,8720,54784,11128,54784,1567,96
3310,8720,54785,11128,54785,1567,96
3310,8720,54786,11128,54786,1567,96
3310,8720,54787,11128,54787,1567,96
3310,8720,54788,11128,54788,1567,96
3310,8720,54789,11128,54789,1567,96
3310,8720,54790,11128,54790,1567,96
3310,8720,54791,11128,54791,1567,96
3310,8720,54792,11128,54792,1567,96
3310,8720,54793,11128,54793,1567,96
3310,8720,54794,11128,54794,1567,96
3310,8720,54795,11128,54795,1567,96
3310,8720,54796,11128,54796,1567,96
3309,8720,54797,11128,54797,1567,96
3309,8720,54798,11128,54798,1567,96
3309,8720,54799,11128,54799,1567,96
3309,8720,54800,11128,54800,1567,96
3309,8720,54801,11128,54801,1567,96
3309,8720,54802,11128,54802,1567,96
3309,8720,54803,11128,54803,1567,96
3309,8720,54804,11128,54804,1567,96
3309,8720,54805,11128,54805,1567,96
3309,8720,54806,11128,54806,1567,96
3309,8720,54807,11128,54807,1567,96
3309,8720,54808,11128,54808,1567,96
3309,8720,54809,11128,54809,1567,96
3309,8720,54810,11128,54810,1567,96
3309,8720,54811,11128,54811,1567,96
3308,8720,54812,11128,54812,1567,96
3308,8720,54813,11128,54813,1567,96
3304,8720,54814,11128,54814,1567,92
3304,8720,54815,11128,54815,1567,92
3304,8720,54816,11128,54816,1567,92
3304,8720,54817,11128,54817,1567,92
3304,8720,54818,11128,54818,1567,92
3304,8720,54819,11128,54819,1567,92
3304,8720,54820,11128,54820,1567,92
3304,8720,54821,11128,54821,1567,92
3304,8720,54822,11128,54822,1567,92
3304,8720,54823,11128,54823,1567,92
3304,8720,54824,11128,54824,1567,92
3304,8720,54825,11128,54825,1567,92
3304,8720,54826,11128,54826,1567,92
3304,8720,54827,11128,54827,1567,92
3304,8720,54828,11128,54828,1567,92
3304,8720,54829,11128,54829,1567,92
3304,8720,54830,11128,54830,1567,92
3303,8720,54831,11128,54831,1567,92
3303,8720,54832,11128,54832,1567,92
3303,8720,54833,11128,54833,1567,92
3303,8720,54834,11128,54834,1567,92
3303,8720,54835,11128,54835,1567,92
3303,8720,54836,11128,54836,1567,92
3303,8720,54837,11128,54837,1567,92
3303,8720,54838,11128,54838,1567,92
3303,8720,54839,11128,54839,1567,92
3303,8720,54840,11128,54840,1567,92
3303,8720,54841,11128,54841,1567,92
3303,8720,54842,11128,54842,1567,92
3303,8720,54843,11128,54843,1567,92
3302,8720,54844,11128,54844,1567,91
3302,8720,54845,11128,54845,1567,91
3302,8720,54846,11128,54846,1567,91
3302,8720,54847,11128,54847,1567,91
3303,8720,54848,11128,54848,1567,91
3303,8720,54849,11128,54849,1567,91
3303,8720,54850,11128,54850,1567,91
3303,8720,54851,11128,54851,1567,91
3303,8720,54852,11128,54852,1567,91
3303,8720,54853,11128,54853,1567,91
3303,8720,54854,11128,54854,1567,91
3303,8720,54855,11128,54855,1567,91
3303,8720,54856,11128,54856,1567,91
3303,8720,54857,11128,54857,1567,91
3303,8720,54858,11128,54858,1567,91
3303,8720,54859,11128,54859,1567,91
3303,8720,54860,11128,54860,1567,91
3303,8720,54861,11128,54861,1567,91
3303,8720,54862,11128,54862,1567,91
3303,8720,54863,11128,54863,1567,91
3303,8720,54864,11128,54864,1567,91
3304,8720,54865,11128,54865,1567,91
3304,8720,54866,11128,54866,1567,91
3304,8720,54867,11128,54867,1567,91
3304,8720,54868,11128,54868,1567,91
3304,8720,54869,11128,54869,1567,91
3304,8720,54870,11128,54870,1567,91
3304,8720,54871,11128,54871,1567,91
3304,8720,54872,11128,54872,1567,91
3304,8720,54873,11128,54873,1567,91
3304,8720,54874,11128,54874,1567,91
3304,8720,54875,11128,54875,1567,91
3304,8720,54876,11128,54876,1567,91
3304,8720,54877,11128,54877,1567,91
3304,8720,54878,11128,54878,1567,91
3304,8720,54879,11128,54879,1567,91
3304,8720,54880,11128,54880,1567,91
3304,8720,54881,11128,54881,1567,91
3304,8720,54882,11128,54882,1567,91
3304,8720,54883,11128,54883,1567,91
3304,8720,54884,11128,54884,1567,91
3304,8720,54885,11128,54885,1567,91
3304,8720,54886,11128,54886,1567,91
3304,8720,54887,11128,54887,1567,91
3304,8720,54888,11128,54888,1567,91
3304,8720,54889,11128,54889,1567,91
3304,8720,54890,11128,54890,1567,91
3304,8720,54891,11128,54891,1567,91
3304,8720,54892,11128,54892,1567,91
3304,8720,54893,11128,54893,1567,91
3304,8720,54894,11128,54894,1567,91
3304,8720,54895,11128,54895,1567,91
3304,8720,54896,11128,54896,1567,91
3304,8720,54897,11128,54897,1567,91
3304,8720,54898,11128,54898,1567,91
3304,8720,54899,11128,54899,1567,91
3304,8720,54900,11128,54900,1567,91
3304,8720,54901,11128,54901,1567,91
3304,8720,54902,11128,54902,1567,91
3304,8720,54903,11128,54903,1567,91
3304,8720,54904,11128,54904,1567,91
3305,8720,54905,11128,54905,1567,91
3305,8720,54906,11128,54906,1567,91
3305,8720,54907,11128,54907,1567,91
3305,8720,54908,11128,54908,1567,91
3305,8720,54909,11128,54909,1567,91
3305,8720,54910,11128,54910,1567,91
3304,8720,54911,11128,54911,1567,91
3304,8720,54912,11128,54912,1567,91
3304,8720,54913,11128,54913,1567,91
3304,8720,54914,11128,54914,1567,91
3304,8720,54915,11128,54915,1567,91
3304,8720,54916,11128,54916,1567,91
3304,8720,54917,11128,54917,1567,91
3304,8720,54918,11128,54918,1567,91
3304,8720,54919,11128,54919,1567,91
3304,8720,54920,11128,54920,1567,91
3304,8720,54921,11128,54921,1567,91
3304,8720,54922,11128,54922,1567,91
3304,8720,54923,11128,54923,1567,91
3304,8720,54924,11128,54924,1567,91
3304,8720,54925,11128,54925,1567,91
3304,8720,54926,11128,54926,1567,91
3304,8720,54927,11128,54927,1567,91
3304,8720,54928,11128,54928,1567,91
3304,8720,54929,11128,54929,1567,91
3304,8720,54930,11128,54930,1567,91
3304,8720,54931,11128,54931,1567,91
3304,8720,54932,11128,54932,1567,91
3304,8720,54933,11128,54933,1567,91
3304,8720,54934,11128,54934,1567,91
3304,8720,54935,11128,54935,1567,91
3304,8720,54936,11128,54936,1567,91
3304,8720,54937,11128,54937,1567,91
3304,8720,54938,11128,54938,1567,91
3304,8720,54939,11128,54939,1567,91
3305,8720,54940,11128,54940,1567,91
3305,8720,54941,11128,54941,1567,91
3305,8720,54942,11128,54942,1567,91
3305,8720,54943,11128,54943,1567,91
3305,8720,54944,11128,54944,1567,91
3305,8720,54945,11128,54945,1567,91
3305,8720,54946,11128,54946,1567,91
3305,8720,54947,11128,54947,1567,91
3305,8720,54948,11128,54948,1567,91
3305,8720,54949,11128,54949,1567,91
3305,8720,54950,11128,54950,1567,91
3305,8720,54951,11128,54951,1567,91
3305,8720,54952,11128,54952,1567,91
3305,8720,54953,11128,54953,1567,91
3305,8720,54954,11128,54954,1567,91
3306,8720,54955,11128,54955,1567,91
3306,8720,54956,11128,54956,1567,91
3306,8720,54957,11128,54957,1567,91
3305,8720,54958,11128,54958,1567,91
3305,8720,54959,11128,54959,1567,91
3305,8720,54960,11128,54960,1567,91
3305,8720,54961,11128,54961,1567,91
3305,8720,54962,11128,54962,1567,91
3305,8720,54963,11128,54963,1567,91
3305,8720,54964,11128,54964,1567,91
3305,8720,54965,11128,54965,1567,91
3305,8720,54966,11128,54966,1567,91
3305,8720,54967,11128,54967,1567,91
3305,8720,54968,11128,54968,1567,91
3305,8720,54969,11128,54969,1567,91
3305,8720,54970,11128,54970,1567,91
3305,8720,54971,11128,54971,1567,91
3305,8720,54972,11128,54972,1567,91
3305,8720,54973,11128,54973,1567,91
3305,8720,54974,11128,54974,1567,91
3305,8720,54975,11128,54975,1567,91
3305,8720,54976,11128,54976,1567,91
3305,8720,54977,11128,54977,1567,91
3305,8720,54978,11128,54978,1567,91
3305,8720,54979,11128,54979,1567,91
3305,8720,54980,11128,54980,1567,91
3305,8720,54981,11128,54981,1567,91
3305,8720,54982,11128,54982,1567,91
3305,8720,54983,11128,54983,1567,91
3305,8720,54984,11128,54984,1567,91
3305,8720,54985,11128,54985,1567,91
3305,8720,54986,11128,54986,1567,91
3305,8720,54987,11128,54987,1567,91
3305,8720,54988,11128,54988,1567,91
3305,8720,54989,11128,54989,1567,91
3305,8720,54990,11128,54990,1567,91
3305,8720,54991,11128,54991,1567,91
3305,8720,54992,11128,54992,1567,91
3305,8720,54993,11128,54993,1567,91
3305,8720,54994,11128,54994,1567,91
3305,8720,54995,11128,54995,1567,91
3305,8720,54996,11128,54996,1567,91
3305,8720,54997,11128,54997,1567,91
3305,8720,54998,11128,54998,1567,91
3305,8720,54999,11128,54999,1567,91
3305,8720,55000,11128,55000,1567,91
3305,8720,55001,11128,55001,1567,91
3305,8720,55002,11128,55002,1567,91
3305,8720,55003,11128,55003,1567,91
3305,8720,55004,11128,55004,1567,91
3305,8720,55005,11128,55005,1567,91
3305,8720,55006,11128,55006,1567,91
3305,8720,55007,11128,55007,1567,91
3305,8720,55008,11128,55008,1567,91
3305,8720,55009,11128,55009,1567,91
3305,8720,55010,11128,55010,1567,91
3305,8720,55011,11128,55011,1567,91
3305,8720,55012,11128,55012,1567,91
3305,8720,55013,11128,55013,1567,91
3305,8720,55014,11128,55014,1567,91
3305,8720,55015,11128,55015,1567,91
3305,8720,55016,11128,55016,1567,91
3305,8720,55017,11128,55017,1567,91
3305,8720,55018,11128,55018,1567,91
3305,8720,55019,11128,55019,1567,91
3305,8720,55020,11128,55020,1567,91
3305,8720,55021,11128,55021,1567,91
3305,8720,55022,11128,55022,1567,91
3305,8720,55023,11128,55023,1567,91
3305,8720,55024,11128,55024,1567,91
3305,8720,55025,11128,55025,1567,91
3305,8720,55026,11128,55026,1567,91
3305,8720,55027,11128,55027,1567,91
3305,8720,55028,11128,55028,1567,91
3305,8720,55029,11128,55029,1567,91
3304,8720,55030,11128,55030,1567,91
3304,8720,55031,11128,55031,1567,91
3304,8720,55032,11128,55032,1567,91
3304,8720,55033,11128,55033,1567,91
3304,8720,55034,11128,55034,1567,91
3304,8720,55035,11128,55035,1567,91
3304,8720,55036,11128,55036,1567,91
3304,8720,55037,11128,55037,1567,91
3304,8720,55038,11128,55038,1567,91
3304,8720,55039,11128,55039,1567,91
3304,8720,55040,11128,55040,1567,91
3304,8720,55041,11128,55041,1567,91
3304,8720,55042,11128,55042,1567,91
3304,8720,55043,11128,55043,1567,91
3304,8720,55044,11128,55044,1567,91
3304,8720,55045,11128,55045,1567,91
3304,8720,55046,11128,55046,1567,91
3304,8720,55047,11128,55047,1567,91
3304,8720,55048,11128,55048,1567,91
3304,8720,55049,11128,55049,1567,91
3304,8720,55050,11128,55050,1567,91
3304,8720,55051,11128,55051,1567,91
3304,8720,55052,11128,55052,1567,91
3304,8720,55053,11128,55053,1567,91
3304,8720,55054,11128,55054,1567,91
3304,8720,55055,11128,55055,1567,91
3304,8720,55056,11128,55056,1567,91
3304,8720,55057,11128,55057,1567,91
3304,8720,55058,11128,55058,1567,91
3304,8720,55059,11128,55059,1567,91
3304,8720,55060,11128,55060,1567,91
3304,8720,55061,11128,55061,1567,91
3304,8720,55062,11128,55062,1567,91
3304,8720,55063,11128,55063,1567,91
3304,8720,55064,11128,55064,1567,91
3304,8720,55065,11128,55065,1567,91
3304,8720,55066,11128,55066,1567,91
3304,8720,55067,11128,55067,1567,91
3304,8720,55068,11128,55068,1567,91
3304,8720,55069,11128,55069,1567,91
3304,8720,55070,11128,55070,1567,91
3304,8720,55071,11128,55071,1567,91
3304,8720,55072,11128,55072,1567,91
3304,8720,55073,11128,55073,1567,91
3304,8720,55074,11128,55074,1567,91
3304,8720,55075,11128,55075,1567,91
3304,8720,55076,11128,55076,1567,91
3304,8720,55077,11128,55077,1567,91
3304,8720,55078,11128,55078,1567,91
3304,8720,55079,11128,55079,1567,91
3304,8720,55080,11128,55080,1567,91
3304,8720,55081,11128,55081,1567,91
3304,8720,55082,11128,55082,1567,91
3304,8720,55083,11128,55083,1567,91
3304,8720,55084,11128,55084,1567,91
3304,8720,55085,11128,55085,1567,91
3304,8720,55086,11128,55086,1567,91
3304,8720,55087,11128,55087,1567,91
3304,8720,55088,11128,55088,1567,91
3304,8720,55089,11128,55089,1567,91
3304,8720,55090,11128,55090,1567,91
3304,8720,55091,11128,55091,1567,91
3304,8720,55092,11128,55092,1567,91
3304,8720,55093,11128,55093,1567,91
3304,8720,55094,11128,55094,1567,91
3304,8720,55095,11128,55095,1567,91
3304,8720,55096,11128,55096,1567,91
3304,8720,55097,11128,55097,1567,91
3304,8720,55098,11128,55098,1567,91
3304,8720,55099,11128,55099,1567,91
3304,8720,55100,11128,55100,1567,91
3304,8720,55101,11128,55101,1567,91
3304,8720,55102,11128,55102,1567,91
3304,8720,55103,11128,55103,1567,91
3304,8720,55104,11128,55104,1567,91
3304,8720,55105,11128,55105,1567,91
3304,8720,55106,11128,55106,1567,91
3304,8720,55107,11128,55107,1567,91
3304,8720,55108,11128,55108,1567,91
3304,8720,55109,11128,55109,1567,91
3303,8720,55110,11128,55110,1567,91
3303,8720,55111,11128,55111,1567,91
3303,8720,55112,11128,55112,1567,91
3303,8720,55113,11128,55113,1567,91
3303,8720,55114,11128,55114,1567,91
3303,8720,55115,11128,55115,1567,91
3303,8720,55116,11128,55116,1567,91
3303,8720,55117,11128,55117,1567,91
3303,8720,55118,11128,55118,1567,91
3303,8720,55119,11128,55119,1567,91
3303,8720,55120,11128,55120,1567,91
3303,8720,55121,11128,55121,1567,91
3304,8720,55122,11128,55122,1567,91
3304,8720,55123,11128,55123,1567,91
3304,8720,55124,11128,55124,1567,91
3304,8720,55125,11128,55125,1567,91
3304,8720,55126,11128,55126,1567,91
3304,8720,55127,11128,55127,1567,91
3304,8720,55128,11128,55128,1567,91
3304,8720,55129,11128,55129,1567,91
3304,8720,55130,11128,55130,1567,91
3304,8720,55131,11128,55131,1567,91
3305,8720,55132,11128,55132,1567,91
3305,8720,55133,11128,55133,1567,91
3306,8720,55134,11128,55134,1567,91
3306,8720,55135,11128,55135,1567,91
3306,8720,55136,11128,55136,1567,91
3306,8720,55137,11128,55137,1567,91
3306,8720,55138,11128,55138,1567,91
3306,8720,55139,11128,55139,1567,91
3306,8720,55140,11128,55140,1567,91
3306,8720,55141,11128,55141,1567,91
3306,8720,55142,11128,55142,1567,91
3306,8720,55143,11128,55143,1567,91
3306,8720,55144,11128,55144,1567,91
3306,8720,55145,11128,55145,1567,91
3306,8720,55146,11128,55146,1567,91
3306,8720,55147,11128,55147,1567,91
3305,8720,55148,11128,55148,1567,91
3305,8720,55149,11128,55149,1567,91
3305,8720,55150,11128,55150,1567,91
3305,8720,55151,11128,55151,1567,91
3305,8720,55152,11128,55152,1567,91
3305,8720,55153,11128,55153,1567,91
3305,8720,55154,11128,55154,1567,91
3305,8720,55155,11128,55155,1567,91
3305,8720,55156,11128,55156,1567,91
3305,8720,55157,11128,55157,1567,91
3305,8720,55158,11128,55158,1567,91
3305,8720,55159,11128,55159,1567,91
3305,8720,55160,11128,55160,1567,91
3305,8720,55161,11128,55161,1567,91
3305,8720,55162,11128,55162,1567,91
3305,8720,55163,11128,55163,1567,91
3305,8720,55164,11128,55164,1567,91
3305,8720,55165,11128,55165,1567,91
3305,8720,55166,11128,55166,1567,91
3305,8720,55167,11128,55167,1567,91
3305,8720,55168,11128,55168,1567,91
3305,8720,55169,11128,55169,1567,91
3305,8720,55170,11128,55170,1567,91
3305,8720,55171,11128,55171,1567,91
3305,8720,55172,11128,55172,1567,91
3305,8720,55173,11128,55173,1567,91
3304,8720,55174,11128,55174,1567,91
3304,8720,55175,11128,55175,1567,91
3304,8720,55176,11128,55176,1567,91
3304,8720,55177,11128,55177,1567,91
3304,8720,55178,11128,55178,1567,91
3304,8720,55179,11128,55179,1567,91
3303,8720,55180,11128,55180,1567,91
3303,8720,55181,11128,55181,1567,91
3303,8720,55182,11128,55182,1567,91
3303,8720,55183,11128,55183,1567,91
3303,8720,55184,11128,55184,1567,91
3303,8720,55185,11128,55185,1567,91
3303,8720,55186,11128,55186,1567,91
3303,8720,55187,11128,55187,1567,91
3303,8720,55188,11128,55188,1567,91
3303,8720,55189,11128,55189,1567,91
3303,8720,55190,11128,55190,1567,91
3303,8720,55191,11128,55191,1567,91
3302,8720,55192,11128,55192,1567,91
3302,8720,55193,11128,55193,1567,91
3302,8720,55194,11128,55194,1567,91
3302,8720,55195,11128,55195,1567,91
3302,8720,55196,11128,55196,1567,91
3302,8720,55197,11128,55197,1567,91
3302,8720,55198,11128,55198,1567,91
3302,8720,55199,11128,55199,1567,91
3302,8720,55200,11128,55200,1567,91
3302,8720,55201,11128,55201,1567,91
3302,8720,55202,11128,55202,1567,91
3302,8720,55203,11128,55203,1567,91
3302,8720,55204,11128,55204,1567,91
3302,8720,55205,11128,55205,1567,91
3302,8720,55206,11128,55206,1567,91
3302,8720,55207,11128,55207,1567,91
3302,8720,55208,11128,55208,1567,91
3302,8720,55209,11128,55209,1567,91
3302,8720,55210,11128,55210,1567,91
3302,8720,55211,11128,55211,1567,91
3302,8720,55212,11128,55212,1567,91
3302,8720,55213,11128,55213,1567,91
3302,8720,55214,11128,55214,1567,91
3303,8720,55215,11128,55215,1567,91
3303,8720,55216,11128,55216,1567,91
3303,8720,55217,11128,55217,1567,91
3304,8720,55218,11128,55218,1567,91
3304,8720,55219,11128,55219,1567,91
3304,8720,55220,11128,55220,1567,91
3304,8720,55221,11128,55221,1567,91
3304,8720,55222,11128,55222,1567,91
3304,8720,55223,11128,55223,1567,91
3304,8720,55224,11128,55224,1567,91
3304,8720,55225,11128,55225,1567,91
3304,8720,55226,11128,55226,1567,91
3304,8720,55227,11128,55227,1567,91
3304,8720,55228,11128,55228,1567,91
3304,8720,55229,11128,55229,1567,91
3304,8720,55230,11128,55230,1567,91
3304,8720,55231,11128,55231,1567,91
3304,8720,55232,11128,55232,1567,91
3304,8720,55233,11128,55233,1567,91
3304,8720,55234,11128,55234,1567,91
3304,8720,55235,11128,55235,1567,91
3304,8720,55236,11128,55236,1567,91
3304,8720,55237,11128,55237,1567,91
3303,8720,55238,11128,55238,1567,91
3303,8720,55239,11128,55239,1567,91
3303,8720,55240,11128,55240,1567,91
3303,8720,55241,11128,55241,1567,91
3303,8720,55242,11128,55242,1567,91
3303,8720,55243,11128,55243,1567,91
3303,8720,55244,11128,55244,1567,91
3303,8720,55245,11128,55245,1567,91
3304,8720,55246,11128,55246,1567,91
3304,8720,55247,11128,55247,1567,91
3304,8720,55248,11128,55248,1567,91
3304,8720,55249,11128,55249,1567,91
3304,8720,55250,11128,55250,1567,91
3304,8720,55251,11128,55251,1567,91
3304,8720,55252,11128,55252,1567,91
3304,8720,55253,11128,55253,1567,91
3304,8720,55254,11128,55254,1567,91
3304,8720,55255,11128,55255,1567,91
3304,8720,55256,11128,55256,1567,91
3304,8720,55257,11128,55257,1567,91
3304,8720,55258,11128,55258,1567,91
3304,8720,55259,11128,55259,1567,91
3304,8720,55260,11128,55260,1567,91
3304,8720,55261,11128,55261,1567,91
3304,8720,55262,11128,55262,1567,91
3304,8720,55263,11128,55263,1567,91
3304,8720,55264,11128,55264,1567,91
3304,8720,55265,11128,55265,1567,91
3304,8720,55266,11128,55266,1567,91
3304,8720,55267,11128,55267,1567,91
3304,8720,55268,11128,55268,1567,91
3304,8720,55269,11128,55269,1567,91
3304,8720,55270,11128,55270,1567,91
3304,8720,55271,11128,55271,1567,91
3304,8720,55272,11128,55272,1567,91
3304,8720,55273,11128,55273,1567,91
3304,8720,55274,11128,55274,1567,91
3304,8720,55275,11128,55275,1567,91
3304,8720,55276,11128,55276,1567,91
3304,8720,55277,11128,55277,1567,91
3304,8720,55278,11128,55278,1567,91
3304,8720,55279,11128,55279,1567,91
3305,8720,55280,11128,55280,1567,91
3305,8720,55281,11128,55281,1567,91
3305,8720,55282,11128,55282,1567,91
3305,8720,55283,11128,55283,1567,91
3306,8720,55284,11128,55284,1567,91
3306,8720,55285,11128,55285,1567,91
3306,8720,55286,11128,55286,1567,91
3306,8720,55287,11128,55287,1567,91
3306,8720,55288,11128,55288,1567,91
3306,8720,55289,11128,55289,1567,91
3306,8720,55290,11128,55290,1567,91
3306,8720,55291,11128,55291,1567,91
3306,8720,55292,11128,55292,1567,91
3306,8720,55293,11128,55293,1567,91
3306,8720,55294,11128,55294,1567,91
3306,8720,55295,11128,55295,1567,91
3306,8720,55296,11128,55296,1567,91
3306,8720,55297,11128,55297,1567,91
3306,8720,55298,11128,55298,1567,91
3306,8720,55299,11128,55299,1567,91
3306,8720,55300,11128,55300,1567,91
3306,8720,55301,11128,55301,1567,91
3306,8720,55302,11128,55302,1567,91
3306,8720,55303,11128,55303,1567,91
3306,8720,55304,11128,55304,1567,91
3306,8720,55305,11128,55305,1567,91
3306,8720,55306,11128,55306,1567,91
3305,8720,55307,11128,55307,1567,91
3305,8720,55308,11128,55308,1567,91
3305,8720,55309,11128,55309,1567,91
3305,8720,55310,11128,55310,1567,91
3305,8720,55311,11128,55311,1567,91
3305,8720,55312,11128,55312,1567,91
3305,8720,55313,11128,55313,1567,91
3305,8720,55314,11128,55314,1567,91
3305,8720,55315,11128,55315,1567,91
3305,8720,55316,11128,55316,1567,91
3305,8720,55317,11128,55317,1567,91
3305,8720,55318,11128,55318,1567,91
3304,8720,55319,11128,55319,1567,91
3304,8720,55320,11128,55320,1567,91
3304,8720,55321,11128,55321,1567,91
3304,8720,55322,11128,55322,1567,91
3304,8720,55323,11128,55323,1567,91
3304,8720,55324,11128,55324,1567,91
3304,8720,55325,11128,55325,1567,91
3305,8720,55326,11128,55326,1567,91
3305,8720,55327,11128,55327,1567,91
3305,8720,55328,11128,55328,1567,91
3305,8720,55329,11128,55329,1567,91
3305,8720,55330,11128,55330,1567,91
3305,8720,55331,11128,55331,1567,91
3305,8720,55332,11128,55332,1567,91
3305,8720,55333,11128,55333,1567,91
3305,8720,55334,11128,55334,1567,91
3305,8720,55335,11128,55335,1567,91
3305,8720,55336,11128,55336,1567,91
3305,8720,55337,11128,55337,1567,91
3305,8720,55338,11128,55338,1567,91
3305,8720,55339,11128,55339,1567,91
3305,8720,55340,11128,55340,1567,91
3304,8720,55341,11128,55341,1567,91
3304,8720,55342,11128,55342,1567,91
3304,8720,55343,11128,55343,1567,91
3304,8720,55344,11128,55344,1567,91
3304,8720,55345,11128,55345,1567,91
3304,8720,55346,11128,55346,1567,91
3304,8720,55347,11128,55347,1567,91
3304,8720,55348,11128,55348,1567,91
3304,8720,55349,11128,55349,1567,91
3304,8720,55350,11128,55350,1567,91
3304,8720,55351,11128,55351,1567,91
3304,8720,55352,11128,55352,1567,91
3304,8720,55353,11128,55353,1567,91
3304,8720,55354,11128,55354,1567,91
3304,8720,55355,11128,55355,1567,91
3304,8720,55356,11128,55356,1567,91
3304,8720,55357,11128,55357,1567,91
3304,8720,55358,11128,55358,1567,91
3303,8720,55359,11128,55359,1567,91
3303,8720,55360,11128,55360,1567,91
3303,8720,55361,11128,55361,1567,91
3303,8720,55362,11128,55362,1567,91
3303,8720,55363,11128,55363,1567,91
3303,8720,55364,11128,55364,1567,91
3303,8720,55365,11128,55365,1567,91
3303,8720,55366,11128,55366,1567,91
3303,8720,55367,11128,55367,1567,91
3303,8720,55368,11128,55368,1567,91
3303,8720,55369,11128,55369,1567,91
3303,8720,55370,11128,55370,1567,91
3303,8720,55371,11128,55371,1567,91
3303,8720,55372,11128,55372,1567,91
3302,8720,55373,11128,55373,1567,91
3302,8720,55374,11128,55374,1567,91
3302,8720,55375,11128,55375,1567,91
3302,8720,55376,11128,55376,1567,91
3302,8720,55377,11128,55377,1567,91
3302,8720,55378,11128,55378,1567,91
3302,8720,55379,11128,55379,1567,91
3302,8720,55380,11128,55380,1567,91
3302,8720,55381,11128,55381,1567,91
3302,8720,55382,11128,55382,1567,91
3302,8720,55383,11128,55383,1567,91
3302,8720,55384,11128,55384,1567,91
3302,8720,55385,11128,55385,1567,91
3302,8720,55386,11128,55386,1567,91
3302,8720,55387,11128,55387,1567,91
3302,8720,55388,11128,55388,1567,91
3302,8720,55389,11128,55389,1567,91
3302,8720,55390,11128,55390,1567,91
3302,8720,55391,11128,55391,1567,91
3302,8720,55392,11128,55392,1567,91
3302,8720,55393,11128,55393,1567,91
3302,8720,55394,11128,55394,1567,91
3302,8720,55395,11128,55395,1567,91
3302,8720,55396,11128,55396,1567,91
3302,8720,55397,11128,55397,1567,91
3302,8720,55398,11128,55398,1567,91
3302,8720,55399,11128,55399,1567,91
3302,8720,55400,11128,55400,1567,91
3302,8720,55401,11128,55401,1567,91
3302,8720,55402,11128,55402,1567,91
3302,8720,55403,11128,55403,1567,91
3302,8720,55404,11128,55404,1567,91
3302,8720,55405,11128,55405,1567,91
3302,8720,55406,11128,55406,1567,91
3302,8720,55407,11128,55407,1567,91
3302,8720,55408,11128,55408,1567,91
3300,8720,55409,11128,55409,1567,90
3300,8720,55410,11128,55410,1567,90
3300,8720,55411,11128,55411,1567,90
3300,8720,55412,11128,55412,1567,90
3300,8720,55413,11128,55413,1567,90
3300,8720,55414,11128,55414,1567,90
3300,8720,55415,11128,55415,1567,90
3300,8720,55416,11128,55416,1567,90
3300,8720,55417,11128,55417,1567,90
3300,8720,55418,11128,55418,1567,90
3300,8720,55419,11128,55419,1567,90
3300,8720,55420,11128,55420,1567,90
3300,8720,55421,11128,55421,1567,90
3300,8720,55422,11128,55422,1567,90
3300,8720,55423,11128,55423,1567,90
3300,8720,55424,11128,55424,1567,90
3300,8720,55425,11128,55425,1567,90
3300,8720,55426,11128,55426,1567,90
3300,8720,55427,11128,55427,1567,90
3300,8720,55428,11128,55428,1567,90
3300,8720,55429,11128,55429,1567,90
3300,8720,55430,11128,55430,1567,90
3300,8720,55431,11128,55431,1567,90
3300,8720,55432,11128,55432,1567,90
3300,8720,55433,11128,55433,1567,90
3300,8720,55434,11128,55434,1567,90
3300,8720,55435,11128,55435,1567,90
3299,8720,55436,11128,55436,1567,90
3299,8720,55437,11128,55437,1567,90
3299,8720,55438,11128,55438,1567,90
3300,8720,55439,11128,55439,1567,90
3300,8720,55440,11128,55440,1567,90
3300,8720,55441,11128,55441,1567,90
3300,8720,55442,11128,55442,1567,90
3300,8720,55443,11128,55443,1567,90
3300,8720,55444,11128,55444,1567,90
3300,8720,55445,11128,55445,1567,90
3299,8720,55446,11128,55446,1567,90
3299,8720,55447,11128,55447,1567,90
3299,8720,55448,11128,55448,1567,90
3299,8720,55449,11128,55449,1567,90
3299,8720,55450,11128,55450,1567,90
3299,8720,55451,11128,55451,1567,90
3299,8720,55452,11128,55452,1567,90
3299,8720,55453,11128,55453,1567,90
3299,8720,55454,11128,55454,1567,90
3299,8720,55455,11128,55455,1567,90
3299,8720,55456,11128,55456,1567,90
3299,8720,55457,11128,55457,1567,90
3299,8720,55458,11128,55458,1567,90
3299,8720,55459,11128,55459,1567,90
3299,8720,55460,11128,55460,1567,90
3299,8720,55461,11128,55461,1567,90
3299,8720,55462,11128,55462,1567,90
3299,8720,55463,11128,55463,1567,90
3299,8720,55464,11128,55464,1567,90
3299,8720,55465,11128,55465,1567,90
3299,8720,55466,11128,55466,1567,90
3299,8720,55467,11128,55467,1567,90
3299,8720,55468,11128,55468,1567,90
3299,8720,55469,11128,55469,1567,90
3299,8720,55470,11128,55470,1567,90
3299,8720,55471,11128,55471,1567,90
3299,8720,55472,11128,55472,1567,90
3299,8720,55473,11128,55473,1567,90
3299,8720,55474,11128,55474,1567,90
3298,8720,55475,11128,55475,1567,90
3298,8720,55476,11128,55476,1567,90
3298,8720,55477,11128,55477,1567,90
3298,8720,55478,11128,55478,1567,90
3298,8720,55479,11128,55479,1567,90
3298,8720,55480,11128,55480,1567,90
3298,8720,55481,11128,55481,1567,90
3298,8720,55482,11128,55482,1567,90
3298,8720,55483,11128,55483,1567,90
3298,8720,55484,11128,55484,1567,90
3298,8720,55485,11128,55485,1567,90
3298,8720,55486,11128,55486,1567,90
3298,8720,55487,11128,55487,1567,90
3298,8720,55488,11128,55488,1567,90
3298,8720,55489,11128,55489,1567,90
3298,8720,55490,11128,55490,1567,90
3298,8720,55491,11128,55491,1567,90
3298,8720,55492,11128,55492,1567,90
3298,8720,55493,11128,55493,1567,90
3298,8720,55494,11128,55494,1567,90
3298,8720,55495,11128,55495,1567,90
3298,8720,55496,11128,55496,1567,90
3298,8720,55497,11128,55497,1567,90
3298,8720,55498,11128,55498,1567,90
3298,8720,55499,11128,55499,1567,90
3297,8720,55500,11128,55500,1567,90
3296,8720,55501,11128,55501,1567,90
3296,8720,55502,11128,55502,1567,90
3296,8720,55503,11128,55503,1567,90
3296,8720,55504,11128,55504,1567,90
3296,8720,55505,11128,55505,1567,90
3296,8720,55506,11128,55506,1567,90
3296,8720,55507,11128,55507,1567,90
3296,8720,55508,11128,55508,1567,90
3296,8720,55509,11128,55509,1567,90
3296,8720,55510,11128,55510,1567,90
3296,8720,55511,11128,55511,1567,90
3296,8720,55512,11128,55512,1567,90
3295,8720,55513,11128,55513,1567,90
3295,8720,55514,11128,55514,1567,90
3295,8720,55515,11128,55515,1567,90
3296,8720,55516,11128,55516,1567,90
3296,8720,55517,11128,55517,1567,90
3296,8720,55518,11128,55518,1567,90
3296,8720,55519,11128,55519,1567,90
3296,8720,55520,11128,55520,1567,90
3296,8720,55521,11128,55521,1567,90
3296,8720,55522,11128,55522,1567,90
3296,8720,55523,11128,55523,1567,90
3296,8720,55524,11128,55524,1567,90
3296,8720,55525,11128,55525,1567,90
3296,8720,55526,11128,55526,1567,90
3296,8720,55527,11128,55527,1567,90
3296,8720,55528,11128,55528,1567,90
3296,8720,55529,11128,55529,1567,90
3296,8720,55530,11128,55530,1567,90
3296,8720,55531,11128,55531,1567,90
3296,8720,55532,11128,55532,1567,90
3296,8720,55533,11128,55533,1567,90
3296,8720,55534,11128,55534,1567,90
3296,8720,55535,11128,55535,1567,90
3296,8720,55536,11128,55536,1567,90
3295,8720,55537,11128,55537,1567,90
3295,8720,55538,11128,55538,1567,90
3295,8720,55539,11128,55539,1567,90
3295,8720,55540,11128,55540,1567,90
3295,8720,55541,11128,55541,1567,90
3295,8720,55542,11128,55542,1567,90
3295,8720,55543,11128,55543,1567,90
3296,8720,55544,11128,55544,1567,90
3296,8720,55545,11128,55545,1567,90
3296,8720,55546,11128,55546,1567,90
3296,8720,55547,11128,55547,1567,90
3296,8720,55548,11128,55548,1567,90
3296,8720,55549,11128,55549,1567,90
3296,8720,55550,11128,55550,1567,90
3296,8720,55551,11128,55551,1567,90
3296,8720,55552,11128,55552,1567,90
3296,8720,55553,11128,55553,1567,90
3296,8720,55554,11128,55554,1567,90
3296,8720,55555,11128,55555,1567,90
3296,8720,55556,11128,55556,1567,90
3296,8720,55557,11128,55557,1567,90
3296,8720,55558,11128,55558,1567,90
3296,8720,55559,11128,55559,1567,90
3296,8720,55560,11128,55560,1567,90
3296,8720,55561,11128,55561,1567,90
3296,8720,55562,11128,55562,1567,90
3296,8720,55563,11128,55563,1567,90
3296,8720,55564,11128,55564,1567,90
3296,8720,55565,11128,55565,1567,90
3295,8720,55566,11128,55566,1567,90
3295,8720,55567,11128,55567,1567,90
3295,8720,55568,11128,55568,1567,90
3295,8720,55569,11128,55569,1567,90
3295,8720,55570,11128,55570,1567,90
3295,8720,55571,11128,55571,1567,90
3295,8720,55572,11128,55572,1567,90
3295,8720,55573,11128,55573,1567,90
3295,8720,55574,11128,55574,1567,90
3295,8720,55575,11128,55575,1567,90
3295,8720,55576,11128,55576,1567,90
3295,8720,55577,11128,55577,1567,90
3295,8720,55578,11128,55578,1567,90
3295,8720,55579,11128,55579,1567,90
3295,8720,55580,11128,55580,1567,90
3295,8720,55581,11128,55581,1567,90
3295,8720,55582,11128,55582,1567,90
3295,8720,55583,11128,55583,1567,90
3295,8720,55584,11128,55584,1567,90
3295,8720,55585,11128,55585,1567,90
3295,8720,55586,11128,55586,1567,90
3296,8720,55587,11128,55587,1567,90
3296,8720,55588,11128,55588,1567,90
3296,8720,55589,11128,55589,1567,90
3296,8720,55590,11128,55590,1567,90
3296,8720,55591,11128,55591,1567,90
3296,8720,55592,11128,55592,1567,90
3296,8720,55593,11128,55593,1567,90
3296,8720,55594,11128,55594,1567,90
3296,8720,55595,11128,55595,1567,90
3296,8720,55596,11128,55596,1567,90
3296,8720,55597,11128,55597,1567,90
3296,8720,55598,11128,55598,1567,90
3296,8720,55599,11128,55599,1567,90
3296,8720,55600,11128,55600,1567,90
3296,8720,55601,11128,55601,1567,90
3296,8720,55602,11128,55602,1567,90
3296,8720,55603,11128,55603,1567,90
3296,8720,55604,11128,55604,1567,90
3296,8720,55605,11128,55605,1567,90
3296,8720,55606,11128,55606,1567,90
3296,8720,55607,11128,55607,1567,90
3296,8720,55608,11128,55608,1567,90
3296,8720,55609,11128,55609,1567,90
3296,8720,55610,11128,55610,1567,90
3296,8720,55611,11128,55611,1567,90
3296,8720,55612,11128,55612,1567,90
3296,8720,55613,11128,55613,1567,90
3296,8720,55614,11128,55614,1567,90
3296,8720,55615,11128,55615,1567,90
3296,8720,55616,11128,55616,1567,90
3296,8720,55617,11128,55617,1567,90
3296,8720,55618,11128,55618,1567,90
3296,8720,55619,11128,55619,1567,90
3296,8720,55620,11128,55620,1567,90
3296,8720,55621,11128,55621,1567,90
3296,8720,55622,11128,55622,1567,90
3296,8720,55623,11128,55623,1567,90
3296,8720,55624,11128,55624,1567,90
3296,8720,55625,11128,55625,1567,90
3296,8720,55626,11128,55626,1567,90
3296,8720,55627,11128,55627,1567,90
3296,8720,55628,11128,55628,1567,90
3296,8720,55629,11128,55629,1567,90
3296,8720,55630,11128,55630,1567,90
3296,8720,55631,11128,55631,1567,90
3296,8720,55632,11128,55632,1567,90
3296,8720,55633,11128,55633,1567,90
3296,8720,55634,11128,55634,1567,90
3296,8720,55635,11128,55635,1567,90
3296,8720,55636,11128,55636,1567,90
3296,8720,55637,11128,55637,1567,90
3296,8720,55638,11128,55638,1567,90
3296,8720,55639,11128,55639,1567,90
3296,8720,55640,11128,55640,1567,90
3296,8720,55641,11128,55641,1567,90
3296,8720,55642,11128,55642,1567,90
3296,8720,55643,11128,55643,1567,90
3296,8720,55644,11128,55644,1567,90
3296,8720,55645,11128,55645,1567,90
3296,8720,55646,11128,55646,1567,90
3296,8720,55647,11128,55647,1567,90
3296,8720,55648,11128,55648,1567,90
3296,8720,55649,11128,55649,1567,90
3296,8720,55650,11128,55650,1567,90
3296,8720,55651,11128,55651,1567,90
3296,8720,55652,11128,55652,1567,90
3296,8720,55653,11128,55653,1567,90
3296,8720,55654,11128,55654,1567,90
3296,8720,55655,11128,55655,1567,90
3296,8720,55656,11128,55656,1567,90
3296,8720,55657,11128,55657,1567,90
3296,8720,55658,11128,55658,1567,90
3296,8720,55659,11128,55659,1567,90
3296,8720,55660,11128,55660,1567,90
3296,8720,55661,11128,55661,1567,90
3296,8720,55662,11128,55662,1567,90
3296,8720,55663,11128,55663,1567,90
3296,8720,55664,11128,55664,1567,90
3296,8720,55665,11128,55665,1567,90
3296,8720,55666,11128,55666,1567,90
3296,8720,55667,11128,55667,1567,90
3296,8720,55668,11128,55668,1567,90
3297,8720,55669,11128,55669,1567,90
3297,8720,55670,11128,55670,1567,90
3297,8720,55671,11128,55671,1567,90
3297,8720,55672,11128,55672,1567,90
3297,8720,55673,11128,55673,1567,90
3297,8720,55674,11128,55674,1567,90
3297,8720,55675,11128,55675,1567,90
3297,8720,55676,11128,55676,1567,90
3297,8720,55677,11128,55677,1567,90
3297,8720,55678,11128,55678,1567,90
3297,8720,55679,11128,55679,1567,90
3297,8720,55680,11128,55680,1567,90
3297,8720,55681,11128,55681,1567,90
3297,8720,55682,11128,55682,1567,90
3297,8720,55683,11128,55683,1567,90
3297,8720,55684,11128,55684,1567,90
3297,8720,55685,11128,55685,1567,90
3297,8720,55686,11128,55686,1567,90
3297,8720,55687,11128,55687,1567,90
3297,8720,55688,11128,55688,1567,90
3297,8720,55689,11128,55689,1567,90
3297,8720,55690,11128,55690,1567,90
3297,8720,55691,11128,55691,1567,90
3297,8720,55692,11128,55692,1567,90
3297,8720,55693,11128,55693,1567,90
3297,8720,55694,11128,55694,1567,90
3297,8720,55695,11128,55695,1567,90
3297,8720,55696,11128,55696,1567,90
3297,8720,55697,11128,55697,1567,90
3297,8720,55698,11128,55698,1567,90
3297,8720,55699,11128,55699,1567,90
3297,8720,55700,11128,55700,1567,90
3297,8720,55701,11128,55701,1567,90
3297,8720,55702,11128,55702,1567,90
3297,8720,55703,11128,55703,1567,90
3297,8720,55704,11128,55704,1567,90
3297,8720,55705,11128,55705,1567,90
3297,8720,55706,11128,55706,1567,90
3296,8720,55707,11128,55707,1567,90
3296,8720,55708,11128,55708,1567,90
3296,8720,55709,11128,55709,1567,90
3296,8720,55710,11128,55710,1567,90
3296,8720,55711,11128,55711,1567,90
3296,8720,55712,11128,55712,1567,90
3296,8720,55713,11128,55713,1567,90
3296,8720,55714,11128,55714,1567,90
3296,8720,55715,11128,55715,1567,90
3296,8720,55716,11128,55716,1567,90
3296,8720,55717,11128,55717,1567,90
3296,8720,55718,11128,55718,1567,90
3296,8720,55719,11128,55719,1567,90
3296,8720,55720,11128,55720,1567,90
3296,8720,55721,11128,55721,1567,90
3296,8720,55722,11128,55722,1567,90
3296,8720,55723,11128,55723,1567,90
3296,8720,55724,11128,55724,1567,90
3296,8720,55725,11128,55725,1567,90
3296,8720,55726,11128,55726,1567,90
3296,8720,55727,11128,55727,1567,90
3297,8720,55728,11128,55728,1567,90
3297,8720,55729,11128,55729,1567,90
3297,8720,55730,11128,55730,1567,90
3297,8720,55731,11128,55731,1567,90
3297,8720,55732,11128,55732,1567,90
3297,8720,55733,11128,55733,1567,90
3297,8720,55734,11128,55734,1567,90
3297,8720,55735,11128,55735,1567,90
3297,8720,55736,11128,55736,1567,90
3297,8720,55737,11128,55737,1567,90
3297,8720,55738,11128,55738,1567,90
3297,8720,55739,11128,55739,1567,90
3297,8720,55740,11128,55740,1567,90
3297,8720,55741,11128,55741,1567,90
3297,8720,55742,11128,55742,1567,90
3297,8720,55743,11128,55743,1567,90
3297,8720,55744,11128,55744,1567,90
3296,8720,55745,11128,55745,1567,90
3296,8720,55746,11128,55746,1567,90
3296,8720,55747,11128,55747,1567,90
3296,8720,55748,11128,55748,1567,90
3296,8720,55749,11128,55749,1567,90
3296,8720,55750,11128,55750,1567,90
3296,8720,55751,11128,55751,1567,90
3296,8720,55752,11128,55752,1567,90
3296,8720,55753,11128,55753,1567,90
3296,8720,55754,11128,55754,1567,90
3296,8720,55755,11128,55755,1567,90
3296,8720,55756,11128,55756,1567,90
3296,8720,55757,11128,55757,1567,90
3296,8720,55758,11128,55758,1567,90
3296,8720,55759,11128,55759,1567,90
3296,8720,55760,11128,55760,1567,90
3296,8720,55761,11128,55761,1567,90
3296,8720,55762,11128,55762,1567,90
3296,8720,55763,11128,55763,1567,90
3296,8720,55764,11128,55764,1567,90
3296,8720,55765,11128,55765,1567,90
3295,8720,55766,11128,55766,1567,90
3295,8720,55767,11128,55767,1567,90
3295,8720,55768,11128,55768,1567,90
3295,8720,55769,11128,55769,1567,90
3295,8720,55770,11128,55770,1567,90
3295,8720,55771,11128,55771,1567,90
3295,8720,55772,11128,55772,1567,90
3295,8720,55773,11128,55773,1567,90
3295,8720,55774,11128,55774,1567,90
3295,8720,55775,11128,55775,1567,90
3295,8720,55776,11128,55776,1567,90
3295,8720,55777,11128,55777,1567,90
3295,8720,55778,11128,55778,1567,90
3295,8720,55779,11128,55779,1567,90
3295,8720,55780,11128,55780,1567,90
3295,8720,55781,11128,55781,1567,90
3295,8720,55782,11128,55782,1567,90
3295,8720,55783,11128,55783,1567,90
3295,8720,55784,11128,55784,1567,90
3295,8720,55785,11128,55785,1567,90
3295,8720,55786,11128,55786,1567,90
3295,8720,55787,11128,55787,1567,90
3295,8720,55788,11128,55788,1567,90
3296,8720,55789,11128,55789,1567,90
3297,8720,55790,11128,55790,1567,90
3296,8720,55791,11128,55791,1567,89
3296,8720,55792,11128,55792,1567,89
3296,8720,55793,11128,55793,1567,89
3296,8720,55794,11128,55794,1567,89
3296,8720,55795,11128,55795,1567,89
3296,8720,55796,11128,55796,1567,89
3296,8720,55797,11128,55797,1567,89
3296,8720,55798,11128,55798,1567,89
3296,8720,55799,11128,55799,1567,89
3296,8720,55800,11128,55800,1567,89
3296,8720,55801,11128,55801,1567,89
3296,8720,55802,11128,55802,1567,89
3296,8720,55803,11128,55803,1567,89
3296,8720,55804,11128,55804,1567,89
3296,8720,55805,11128,55805,1567,89
3296,8720,55806,11128,55806,1567,89
3296,8720,55807,11128,55807,1567,89
3296,8720,55808,11128,55808,1567,89
3296,8720,55809,11128,55809,1567,89
3296,8720,55810,11128,55810,1567,89
3296,8720,55811,11128,55811,1567,89
3296,8720,55812,11128,55812,1567,89
3295,8720,55813,11128,55813,1567,89
3295,8720,55814,11128,55814,1567,89
3295,8720,55815,11128,55815,1567,89
3295,8720,55816,11128,55816,1567,89
3295,8720,55817,11128,55817,1567,89
3295,8720,55818,11128,55818,1567,89
3295,8720,55819,11128,55819,1567,89
3295,8720,55820,11128,55820,1567,89
3294,8720,55821,11128,55821,1567,89
3294,8720,55822,11128,55822,1567,89
3294,8720,55823,11128,55823,1567,89
3294,8720,55824,11128,55824,1567,89
3294,8720,55825,11128,55825,1567,89
3294,8720,55826,11128,55826,1567,89
3294,8720,55827,11128,55827,1567,89
3294,8720,55828,11128,55828,1567,89
3294,8720,55829,11128,55829,1567,89
3294,8720,55830,11128,55830,1567,89
3294,8720,55831,11128,55831,1567,89
3294,8720,55832,11128,55832,1567,89
3294,8720,55833,11128,55833,1567,89
3294,8720,55834,11128,55834,1567,89
3294,8720,55835,11128,55835,1567,89
3294,8720,55836,11128,55836,1567,89
3294,8720,55837,11128,55837,1567,89
3294,8720,55838,11128,55838,1567,89
3294,8720,55839,11128,55839,1567,89
3294,8720,55840,11128,55840,1567,89
3294,8720,55841,11128,55841,1567,89
3294,8720,55842,11128,55842,1567,89
3294,8720,55843,11128,55843,1567,89
3294,8720,55844,11128,55844,1567,89
3294,8720,55845,11128,55845,1567,89
3294,8720,55846,11128,55846,1567,89
3294,8720,55847,11128,55847,1567,89
3293,8720,55848,11128,55848,1567,89
3293,8720,55849,11128,55849,1567,89
3293,8720,55850,11128,55850,1567,89
3293,8720,55851,11128,55851,1567,89
3293,8720,55852,11128,55852,1567,89
3293,8720,55853,11128,55853,1567,89
3293,8720,55854,11128,55854,1567,89
3293,8720,55855,11128,55855,1567,89
3293,8720,55856,11128,55856,1567,89
3293,8720,55857,11128,55857,1567,89
3293,8720,55858,11128,55858,1567,89
3293,8720,55859,11128,55859,1567,89
3293,8720,55860,11128,55860,1567,89
3293,8720,55861,11128,55861,1567,89
3293,8720,55862,11128,55862,1567,89
3293,8720,55863,11128,55863,1567,89
3293,8720,55864,11128,55864,1567,89
3293,8720,55865,11128,55865,1567,89
3294,8720,55866,11128,55866,1567,89
3294,8720,55867,11128,55867,1567,89
3294,8720,55868,11128,55868,1567,89
3294,8720,55869,11128,55869,1567,89
3294,8720,55870,11128,55870,1567,89
3294,8720,55871,11128,55871,1567,89
3294,8720,55872,11128,55872,1567,89
3294,8720,55873,11128,55873,1567,89
3294,8720,55874,11128,55874,1567,89
3294,8720,55875,11128,55875,1567,89
3293,8720,55876,11128,55876,1567,89
3293,8720,55877,11128,55877,1567,89
3293,8720,55878,11128,55878,1567,89
3293,8720,55879,11128,55879,1567,89
3293,8720,55880,11128,55880,1567,89
3293,8720,55881,11128,55881,1567,89
3293,8720,55882,11128,55882,1567,89
3293,8720,55883,11128,55883,1567,89
3293,8720,55884,11128,55884,1567,89
3293,8720,55885,11128,55885,1567,89
3294,8720,55886,11128,55886,1567,89
3294,8720,55887,11128,55887,1567,89
3294,8720,55888,11128,55888,1567,89
3294,8720,55889,11128,55889,1567,89
3294,8720,55890,11128,55890,1567,89
3294,8720,55891,11128,55891,1567,89
3294,8720,55892,11128,55892,1567,89
3294,8720,55893,11128,55893,1567,89
3294,8720,55894,11128,55894,1567,89
3294,8720,55895,11128,55895,1567,89
3294,8720,55896,11128,55896,1567,89
3294,8720,55897,11128,55897,1567,89
3294,8720,55898,11128,55898,1567,89
3294,8720,55899,11128,55899,1567,89
3294,8720,55900,11128,55900,1567,89
3294,8720,55901,11128,55901,1567,89
3294,8720,55902,11128,55902,1567,89
3294,8720,55903,11128,55903,1567,89
3294,8720,55904,11128,55904,1567,89
3294,8720,55905,11128,55905,1567,89
3294,8720,55906,11128,55906,1567,89
3294,8720,55907,11128,55907,1567,89
3294,8720,55908,11128,55908,1567,89
3294,8720,55909,11128,55909,1567,89
3294,8720,55910,11128,55910,1567,89
3294,8720,55911,11128,55911,1567,89
3294,8720,55912,11128,55912,1567,89
3294,8720,55913,11128,55913,1567,89
3294,8720,55914,11128,55914,1567,89
3294,8720,55915,11128,55915,1567,89
3294,8720,55916,11128,55916,1567,89
3294,8720,55917,11128,55917,1567,89
3294,8720,55918,11128,55918,1567,89
3294,8720,55919,11128,55919,1567,89
3294,8720,55920,11128,55920,1567,89
3294,8720,55921,11128,55921,1567,89
3294,8720,55922,11128,55922,1567,89
3294,8720,55923,11128,55923,1567,89
3294,8720,55924,11128,55924,1567,89
3294,8720,55925,11128,55925,1567,89
3294,8720,55926,11128,55926,1567,89
3294,8720,55927,11128,55927,1567,89
3294,8720,55928,11128,55928,1567,89
3294,8720,55929,11128,55929,1567,89
3294,8720,55930,11128,55930,1567,89
3294,8720,55931,11128,55931,1567,89
3294,8720,55932,11128,55932,1567,89
3294,8720,55933,11128,55933,1567,89
3294,8720,55934,11128,55934,1567,89
3294,8720,55935,11128,55935,1567,89
3294,8720,55936,11128,55936,1567,89
3294,8720,55937,11128,55937,1567,89
3294,8720,55938,11128,55938,1567,89
3294,8720,55939,11128,55939,1567,89
3294,8720,55940,11128,55940,1567,89
3294,8720,55941,11128,55941,1567,89
3294,8720,55942,11128,55942,1567,89
3294,8720,55943,11128,55943,1567,89
3294,8720,55944,11128,55944,1567,89
3294,8720,55945,11128,55945,1567,89
3294,8720,55946,11128,55946,1567,89
3293,8720,55947,11128,55947,1567,89
3293,8720,55948,11128,55948,1567,89
3293,8720,55949,11128,55949,1567,89
3292,8720,55950,11128,55950,1567,89
3292,8720,55951,11128,55951,1567,89
3292,8720,55952,11128,55952,1567,89
3292,8720,55953,11128,55953,1567,89
3292,8720,55954,11128,55954,1567,89
3292,8720,55955,11128,55955,1567,89
3292,8720,55956,11128,55956,1567,89
3292,8720,55957,11128,55957,1567,89
3292,8720,55958,11128,55958,1567,89
3292,8720,55959,11128,55959,1567,89
3292,8720,55960,11128,55960,1567,89
3292,8720,55961,11128,55961,1567,89
3292,8720,55962,11128,55962,1567,89
3292,8720,55963,11128,55963,1567,89
3292,8720,55964,11128,55964,1567,89
3292,8720,55965,11128,55965,1567,89
3292,8720,55966,11128,55966,1567,89
3292,8720,55967,11128,55967,1567,89
3292,8720,55968,11128,55968,1567,89
3292,8720,55969,11128,55969,1567,89
3292,8720,55970,11128,55970,1567,89
3292,8720,55971,11128,55971,1567,89
3292,8720,55972,11128,55972,1567,89
3292,8720,55973,11128,55973,1567,89
3292,8720,55974,11128,55974,1567,89
3292,8720,55975,11128,55975,1567,89
3292,8720,55976,11128,55976,1567,89
3292,8720,55977,11128,55977,1567,89
3292,8720,55978,11128,55978,1567,89
3292,8720,55979,11128,55979,1567,89
3292,8720,55980,11128,55980,1567,89
3292,8720,55981,11128,55981,1567,89
3292,8720,55982,11128,55982,1567,89
3292,8720,55983,11128,55983,1567,89
3292,8720,55984,11128,55984,1567,89
3292,8720,55985,11128,55985,1567,89
3292,8720,55986,11128,55986,1567,89
3292,8720,55987,11128,55987,1567,89
3292,8720,55988,11128,55988,1567,89
3292,8720,55989,11128,55989,1567,89
3291,8720,55990,11128,55990,1567,89
3291,8720,55991,11128,55991,1567,89
3291,8720,55992,11128,55992,1567,89
3291,8720,55993,11128,55993,1567,89
3291,8720,55994,11128,55994,1567,89
3291,8720,55995,11128,55995,1567,89
3292,8720,55996,11128,55996,1567,89
3292,8720,55997,11128,55997,1567,89
3292,8720,55998,11128,55998,1567,89
3292,8720,55999,11128,55999,1567,89
3292,8720,56000,11128,56000,1567,89
3292,8720,56001,11128,56001,1567,89
3292,8720,56002,11128,56002,1567,89
3292,8720,56003,11128,56003,1567,89
3292,8720,56004,11128,56004,1567,89
3292,8720,56005,11128,56005,1567,89
3292,8720,56006,11128,56006,1567,89
3292,8720,56007,11128,56007,1567,89
3292,8720,56008,11128,56008,1567,89
3292,8720,56009,11128,56009,1567,89
3292,8720,56010,11128,56010,1567,89
3292,8720,56011,11128,56011,1567,89
3292,8720,56012,11128,56012,1567,89
3292,8720,56013,11128,56013,1567,89
3292,8720,56014,11128,56014,1567,89
3292,8720,56015,11128,56015,1567,89
3292,8720,56016,11128,56016,1567,89
3292,8720,56017,11128,56017,1567,89
3292,8720,56018,11128,56018,1567,89
3292,8720,56019,11128,56019,1567,89
3292,8720,56020,11128,56020,1567,89
3292,8720,56021,11128,56021,1567,89
3292,8720,56022,11128,56022,1567,89
3292,8720,56023,11128,56023,1567,89
3292,8720,56024,11128,56024,1567,89
3292,8720,56025,11128,56025,1567,89
3292,8720,56026,11128,56026,1567,89
3292,8720,56027,11128,56027,1567,89
3292,8720,56028,11128,56028,1567,89
3292,8720,56029,11128,56029,1567,89
3292,8720,56030,11128,56030,1567,89
3292,8720,56031,11128,56031,1567,89
3292,8720,56032,11128,56032,1567,89
3292,8720,56033,11128,56033,1567,89
3292,8720,56034,11128,56034,1567,89
3292,8720,56035,11128,56035,1567,89
3292,8720,56036,11128,56036,1567,89
3292,8720,56037,11128,56037,1567,89
3292,8720,56038,11128,56038,1567,89
3292,8720,56039,11128,56039,1567,89
3292,8720,56040,11128,56040,1567,89
3292,8720,56041,11128,56041,1567,89
3292,8720,56042,11128,56042,1567,89
3292,8720,56043,11128,56043,1567,89
3292,8720,56044,11128,56044,1567,89
3292,8720,56045,11128,56045,1567,89
3292,8720,56046,11128,56046,1567,89
3292,8720,56047,11128,56047,1567,89
3292,8720,56048,11128,56048,1567,89
3292,8720,56049,11128,56049,1567,89
3292,8720,56050,11128,56050,1567,89
3292,8720,56051,11128,56051,1567,89
3292,8720,56052,11128,56052,1567,89
3292,8720,56053,11128,56053,1567,89
3292,8720,56054,11128,56054,1567,89
3292,8720,56055,11128,56055,1567,89
3292,8720,56056,11128,56056,1567,89
3292,8720,56057,11128,56057,1567,89
3292,8720,56058,11128,56058,1567,89
3292,8720,56059,11128,56059,1567,89
3292,8720,56060,11128,56060,1567,89
3292,8720,56061,11128,56061,1567,89
3292,8720,56062,11128,56062,1567,89
3292,8720,56063,11128,56063,1567,89
3292,8720,56064,11128,56064,1567,89
3292,8720,56065,11128,56065,1567,89
3292,8720,56066,11128,56066,1567,89
3292,8720,56067,11128,56067,1567,89
3292,8720,56068,11128,56068,1567,89
3292,8720,56069,11128,56069,1567,89
3292,8720,56070,11128,56070,1567,89
3292,8720,56071,11128,56071,1567,89
3292,8720,56072,11128,56072,1567,89
3292,8720,56073,11128,56073,1567,89
3292,8720,56074,11128,56074,1567,89
3292,8720,56075,11128,56075,1567,89
3292,8720,56076,11128,56076,1567,89
3292,8720,56077,11128,56077,1567,89
3292,8720,56078,11128,56078,1567,89
3292,8720,56079,11128,56079,1567,89
3292,8720,56080,11128,56080,1567,89
3292,8720,56081,11128,56081,1567,89
3292,8720,56082,11128,56082,1567,89
3292,8720,56083,11128,56083,1567,89
3292,8720,56084,11128,56084,1567,89
3292,8720,56085,11128,56085,1567,89
3292,8720,56086,11128,56086,1567,89
3292,8720,56087,11128,56087,1567,89
3292,8720,56088,11128,56088,1567,89
3292,8720,56089,11128,56089,1567,89
3292,8720,56090,11128,56090,1567,89
3292,8720,56091,11128,56091,1567,89
3292,8720,56092,11128,56092,1567,89
3292,8720,56093,11128,56093,1567,89
3292,8720,56094,11128,56094,1567,89
3292,8720,56095,11128,56095,1567,89
3292,8720,56096,11128,56096,1567,89
3292,8720,56097,11128,56097,1567,89
3292,8720,56098,11128,56098,1567,89
3292,8720,56099,11128,56099,1567,89
3292,8720,56100,11128,56100,1567,89
3292,8720,56101,11128,56101,1567,89
3292,8720,56102,11128,56102,1567,89
3292,8720,56103,11128,56103,1567,89
3292,8720,56104,11128,56104,1567,89
3292,8720,56105,11128,56105,1567,89
3293,8720,56106,11128,56106,1567,89
3293,8720,56107,11128,56107,1567,89
3293,8720,56108,11128,56108,1567,89
3293,8720,56109,11128,56109,1567,89
3293,8720,56110,11128,56110,1567,89
3293,8720,56111,11128,56111,1567,89
3293,8720,56112,11128,56112,1567,89
3293,8720,56113,11128,56113,1567,89
3293,8720,56114,11128,56114,1567,89
3293,8720,56115,11128,56115,1567,89
3293,8720,56116,11128,56116,1567,89
3293,8720,56117,11128,56117,1567,89
3292,8720,56118,11128,56118,1567,89
3292,8720,56119,11128,56119,1567,89
3292,8720,56120,11128,56120,1567,89
3292,8720,56121,11128,56121,1567,89
3292,8720,56122,11128,56122,1567,89
3292,8720,56123,11128,56123,1567,89
3292,8720,56124,11128,56124,1567,89
3292,8720,56125,11128,56125,1567,89
3292,8720,56126,11128,56126,1567,89
3292,8720,56127,11128,56127,1567,89
3292,8720,56128,11128,56128,1567,89
3292,8720,56129,11128,56129,1567,89
3292,8720,56130,11128,56130,1567,89
3292,8720,56131,11128,56131,1567,89
3292,8720,56132,11128,56132,1567,89
3292,8720,56133,11128,56133,1567,89
3292,8720,56134,11128,56134,1567,89
3292,8720,56135,11128,56135,1567,89
3292,8720,56136,11128,56136,1567,89
3292,8720,56137,11128,56137,1567,89
3293,8720,56138,11128,56138,1567,89
3293,8720,56139,11128,56139,1567,89
3293,8720,56140,11128,56140,1567,89
3293,8720,56141,11128,56141,1567,89
3293,8720,56142,11128,56142,1567,89
3293,8720,56143,11128,56143,1567,89
3293,8720,56144,11128,56144,1567,89
3293,8720,56145,11128,56145,1567,89
3293,8720,56146,11128,56146,1567,89
3293,8720,56147,11128,56147,1567,89
3293,8720,56148,11128,56148,1567,89
3293,8720,56149,11128,56149,1567,89
3293,8720,56150,11128,56150,1567,89
3293,8720,56151,11128,56151,1567,89
3293,8720,56152,11128,56152,1567,89
3293,8720,56153,11128,56153,1567,89
3293,8720,56154,11128,56154,1567,89
3293,8720,56155,11128,56155,1567,89
3293,8720,56156,11128,56156,1567,89
3293,8720,56157,11128,56157,1567,89
3293,8720,56158,11128,56158,1567,89
3293,8720,56159,11128,56159,1567,89
3293,8720,56160,11128,56160,1567,89
3293,8720,56161,11128,56161,1567,89
3293,8720,56162,11128,56162,1567,89
3294,8720,56163,11128,56163,1567,89
3295,8720,56164,11128,56164,1567,89
3295,8720,56165,11128,56165,1567,89
3295,8720,56166,11128,56166,1567,89
3295,8720,56167,11128,56167,1567,89
3295,8720,56168,11128,56168,1567,89
3295,8720,56169,11128,56169,1567,89
3295,8720,56170,11128,56170,1567,89
3295,8720,56171,11128,56171,1567,89
3295,8720,56172,11128,56172,1567,89
3295,8720,56173,11128,56173,1567,89
3295,8720,56174,11128,56174,1567,89
3295,8720,56175,11128,56175,1567,89
3295,8720,56176,11128,56176,1567,89
3296,8720,56177,11128,56177,1567,89
3296,8720,56178,11128,56178,1567,89
3296,8720,56179,11128,56179,1567,89
3296,8720,56180,11128,56180,1567,89
3296,8720,56181,11128,56181,1567,89
3296,8720,56182,11128,56182,1567,89
3296,8720,56183,11128,56183,1567,89
3296,8720,56184,11128,56184,1567,89
3296,8720,56185,11128,56185,1567,89
3296,8720,56186,11128,56186,1567,89
3296,8720,56187,11128,56187,1567,89
3296,8720,56188,11128,56188,1567,89
3296,8720,56189,11128,56189,1567,89
3296,8720,56190,11128,56190,1567,89
3296,8720,56191,11128,56191,1567,89
3296,8720,56192,11128,56192,1567,89
3296,8720,56193,11128,56193,1567,89
3296,8720,56194,11128,56194,1567,89
3296,8720,56195,11128,56195,1567,89
3296,8720,56196,11128,56196,1567,89
3296,8720,56197,11128,56197,1567,89
3296,8720,56198,11128,56198,1567,89
3296,8720,56199,11128,56199,1567,89
3296,8720,56200,11128,56200,1567,89
3296,8720,56201,11128,56201,1567,89
3296,8720,56202,11128,56202,1567,89
3295,8720,56203,11128,56203,1567,89
3295,8720,56204,11128,56204,1567,89
3295,8720,56205,11128,56205,1567,89
3295,8720,56206,11128,56206,1567,89
3295,8720,56207,11128,56207,1567,89
3295,8720,56208,11128,56208,1567,89
3295,8720,56209,11128,56209,1567,89
3295,8720,56210,11128,56210,1567,89
3295,8720,56211,11128,56211,1567,89
3295,8720,56212,11128,56212,1567,89
3295,8720,56213,11128,56213,1567,89
3295,8720,56214,11128,56214,1567,89
3295,8720,56215,11128,56215,1567,89
3295,8720,56216,11128,56216,1567,89
3295,8720,56217,11128,56217,1567,89
3295,8720,56218,11128,56218,1567,89
3295,8720,56219,11128,56219,1567,89
3295,8720,56220,11128,56220,1567,89
3295,8720,56221,11128,56221,1567,89
3295,8720,56222,11128,56222,1567,89
3295,8720,56223,11128,56223,1567,89
3295,8720,56224,11128,56224,1567,89
3295,8720,56225,11128,56225,1567,89
3295,8720,56226,11128,56226,1567,89
3295,8720,56227,11128,56227,1567,89
3295,8720,56228,11128,56228,1567,89
3295,8720,56229,11128,56229,1567,89
3295,8720,56230,11128,56230,1567,89
3295,8720,56231,11128,56231,1567,89
3295,8720,56232,11128,56232,1567,89
3294,8720,56233,11128,56233,1567,89
3294,8720,56234,11128,56234,1567,89
3294,8720,56235,11128,56235,1567,89
3294,8720,56236,11128,56236,1567,89
3294,8720,56237,11128,56237,1567,89
3294,8720,56238,11128,56238,1567,89
3294,8720,56239,11128,56239,1567,89
3294,8720,56240,11128,56240,1567,89
3294,8720,56241,11128,56241,1567,89
3294,8720,56242,11128,56242,1567,89
3294,8720,56243,11128,56243,1567,89
3294,8720,56244,11128,56244,1567,89
3295,8720,56245,11128,56245,1567,89
3295,8720,56246,11128,56246,1567,89
3295,8720,56247,11128,56247,1567,89
3295,8720,56248,11128,56248,1567,89
3295,8720,56249,11128,56249,1567,89
3295,8720,56250,11128,56250,1567,89
3295,8720,56251,11128,56251,1567,89
3295,8720,56252,11128,56252,1567,89
3295,8720,56253,11128,56253,1567,89
3295,8720,56254,11128,56254,1567,89
3295,8720,56255,11128,56255,1567,89
3295,8720,56256,11128,56256,1567,89
3295,8720,56257,11128,56257,1567,89
3295,8720,56258,11128,56258,1567,89
3295,8720,56259,11128,56259,1567,89
3295,8720,56260,11128,56260,1567,89
3295,8720,56261,11128,56261,1567,89
3295,8720,56262,11128,56262,1567,89
3295,8720,56263,11128,56263,1567,89
3295,8720,56264,11128,56264,1567,89
3295,8720,56265,11128,56265,1567,89
3295,8720,56266,11128,56266,1567,89
3295,8720,56267,11128,56267,1567,89
3295,8720,56268,11128,56268,1567,89
3295,8720,56269,11128,56269,1567,89
3295,8720,56270,11128,56270,1567,89
3295,8720,56271,11128,56271,1567,89
3295,8720,56272,11128,56272,1567,89
3295,8720,56273,11128,56273,1567,89
3295,8720,56274,11128,56274,1567,89
3295,8720,56275,11128,56275,1567,89
3295,8720,56276,11128,56276,1567,89
3295,8720,56277,11128,56277,1567,89
3295,8720,56278,11128,56278,1567,89
3295,8720,56279,11128,56279,1567,89
3295,8720,56280,11128,56280,1567,89
3295,8720,56281,11128,56281,1567,89
3295,8720,56282,11128,56282,1567,89
3295,8720,56283,11128,56283,1567,89
3295,8720,56284,11128,56284,1567,89
3295,8720,56285,11128,56285,1567,89
3295,8720,56286,11128,56286,1567,89
3295,8720,56287,11128,56287,1567,89
3295,8720,56288,11128,56288,1567,89
3295,8720,56289,11128,56289,1567,89
3295,8720,56290,11128,56290,1567,89
3295,8720,56291,11128,56291,1567,89
3295,8720,56292,11128,56292,1567,89
3295,8720,56293,11128,56293,1567,89
3295,8720,56294,11128,56294,1567,89
3296,8720,56295,11128,56295,1567,89
3296,8720,56296,11128,56296,1567,89
3296,8720,56297,11128,56297,1567,89
3296,8720,56298,11128,56298,1567,89
3296,8720,56299,11128,56299,1567,89
3296,8720,56300,11128,56300,1567,89
3296,8720,56301,11128,56301,1567,89
3296,8720,56302,11128,56302,1567,89
3296,8720,56303,11128,56303,1567,89
3296,8720,56304,11128,56304,1567,89
3296,8720,56305,11128,56305,1567,89
3296,8720,56306,11128,56306,1567,89
3296,8720,56307,11128,56307,1567,89
3296,8720,56308,11128,56308,1567,89
3296,8720,56309,11128,56309,1567,89
3296,8720,56310,11128,56310,1567,89
3296,8720,56311,11128,56311,1567,89
3295,8720,56312,11128,56312,1567,89
3295,8720,56313,11128,56313,1567,89
3295,8720,56314,11128,56314,1567,89
3295,8720,56315,11128,56315,1567,89
3294,8720,56316,11128,56316,1567,89
3294,8720,56317,11128,56317,1567,89
3294,8720,56318,11128,56318,1567,89
3294,8720,56319,11128,56319,1567,89
3294,8720,56320,11128,56320,1567,89
3294,8720,56321,11128,56321,1567,89
3294,8720,56322,11128,56322,1567,89
3294,8720,56323,11128,56323,1567,89
3294,8720,56324,11128,56324,1567,89
3294,8720,56325,11128,56325,1567,89
3294,8720,56326,11128,56326,1567,89
3294,8720,56327,11128,56327,1567,89
3294,8720,56328,11128,56328,1567,89
3294,8720,56329,11128,56329,1567,89
3294,8720,56330,11128,56330,1567,89
3294,8720,56331,11128,56331,1567,89
3294,8720,56332,11128,56332,1567,89
3294,8720,56333,11128,56333,1567,89
3294,8720,56334,11128,56334,1567,89
3294,8720,56335,11128,56335,1567,89
3294,8720,56336,11128,56336,1567,89
3294,8720,56337,11128,56337,1567,89
3294,8720,56338,11128,56338,1567,89
3294,8720,56339,11128,56339,1567,89
3294,8720,56340,11128,56340,1567,89
3294,8720,56341,11128,56341,1567,89
3294,8720,56342,11128,56342,1567,89
3294,8720,56343,11128,56343,1567,89
3294,8720,56344,11128,56344,1567,89
3294,8720,56345,11128,56345,1567,89
3294,8720,56346,11128,56346,1567,89
3294,8720,56347,11128,56347,1567,89
3294,8720,56348,11128,56348,1567,89
3294,8720,56349,11128,56349,1567,89
3294,8720,56350,11128,56350,1567,89
3294,8720,56351,11128,56351,1567,89
3294,8720,56352,11128,56352,1567,89
3294,8720,56353,11128,56353,1567,89
3294,8720,56354,11128,56354,1567,89
3294,8720,56355,11128,56355,1567,89
3294,8720,56356,11128,56356,1567,89
3294,8720,56357,11128,56357,1567,89
3294,8720,56358,11128,56358,1567,89
3294,8720,56359,11128,56359,1567,89
3294,8720,56360,11128,56360,1567,89
3294,8720,56361,11128,56361,1567,89
3294,8720,56362,11128,56362,1567,89
3294,8720,56363,11128,56363,1567,89
3294,8720,56364,11128,56364,1567,89
3294,8720,56365,11128,56365,1567,89
3294,8720,56366,11128,56366,1567,89
3294,8720,56367,11128,56367,1567,89
3294,8720,56368,11128,56368,1567,89
3294,8720,56369,11128,56369,1567,89
3294,8720,56370,11128,56370,1567,89
3294,8720,56371,11128,56371,1567,89
3294,8720,56372,11128,56372,1567,89
3294,8720,56373,11128,56373,1567,89
3294,8720,56374,11128,56374,1567,89
3294,8720,56375,11128,56375,1567,89
3294,8720,56376,11128,56376,1567,89
3294,8720,56377,11128,56377,1567,89
3294,8720,56378,11128,56378,1567,89
3294,8720,56379,11128,56379,1567,89
3294,8720,56380,11128,56380,1567,89
3294,8720,56381,11128,56381,1567,89
3294,8720,56382,11128,56382,1567,89
3294,8720,56383,11128,56383,1567,89
3294,8720,56384,11128,56384,1567,89
3294,8720,56385,11128,56385,1567,89
3294,8720,56386,11128,56386,1567,89
3294,8720,56387,11128,56387,1567,89
3294,8720,56388,11128,56388,1567,89
3294,8720,56389,11128,56389,1567,89
3294,8720,56390,11128,56390,1567,89
3294,8720,56391,11128,56391,1567,89
3294,8720,56392,11128,56392,1567,89
3294,8720,56393,11128,56393,1567,89
3294,8720,56394,11128,56394,1567,89
3294,8720,56395,11128,56395,1567,89
3294,8720,56396,11128,56396,1567,89
3294,8720,56397,11128,56397,1567,89
3294,8720,56398,11128,56398,1567,89
3294,8720,56399,11128,56399,1567,89
3294,8720,56400,11128,56400,1567,89
3294,8720,56401,11128,56401,1567,89
3294,8720,56402,11128,56402,1567,89
3294,8720,56403,11128,56403,1567,89
3294,8720,56404,11128,56404,1567,89
3294,8720,56405,11128,56405,1567,89
3294,8720,56406,11128,56406,1567,89
3294,8720,56407,11128,56407,1567,89
3294,8720,56408,11128,56408,1567,89
3294,8720,56409,11128,56409,1567,89
3294,8720,56410,11128,56410,1567,89
3294,8720,56411,11128,56411,1567,89
3294,8720,56412,11128,56412,1567,89
3294,8720,56413,11128,56413,1567,89
3294,8720,56414,11128,56414,1567,89
3294,8720,56415,11128,56415,1567,89
3293,8720,56416,11128,56416,1567,89
3293,8720,56417,11128,56417,1567,89
3293,8720,56418,11128,56418,1567,89
3293,8720,56419,11128,56419,1567,89
3293,8720,56420,11128,56420,1567,89
3293,8720,56421,11128,56421,1567,89
3293,8720,56422,11128,56422,1567,89
3293,8720,56423,11128,56423,1567,89
3293,8720,56424,11128,56424,1567,89
3293,8720,56425,11128,56425,1567,89
3293,8720,56426,11128,56426,1567,89
3293,8720,56427,11128,56427,1567,89
3293,8720,56428,11128,56428,1567,89
3293,8720,56429,11128,56429,1567,89
3293,8720,56430,11128,56430,1567,89
3293,8720,56431,11128,56431,1567,89
3293,8720,56432,11128,56432,1567,89
3293,8720,56433,11128,56433,1567,89
3293,8720,56434,11128,56434,1567,89
3293,8720,56435,11128,56435,1567,89
3293,8720,56436,11128,56436,1567,89
3293,8720,56437,11128,56437,1567,89
3293,8720,56438,11128,56438,1567,89
3293,8720,56439,11128,56439,1567,89
3293,8720,56440,11128,56440,1567,89
3293,8720,56441,11128,56441,1567,89
3294,8720,56442,11128,56442,1567,89
3294,8720,56443,11128,56443,1567,89
3293,8720,56444,11128,56444,1567,89
3293,8720,56445,11128,56445,1567,89
3294,8720,56446,11128,56446,1567,89
3294,8720,56447,11128,56447,1567,89
3294,8720,56448,11128,56448,1567,89
3294,8720,56449,11128,56449,1567,89
3294,8720,56450,11128,56450,1567,89
3294,8720,56451,11128,56451,1567,89
3294,8720,56452,11128,56452,1567,89
3295,8720,56453,11128,56453,1567,89
3295,8720,56454,11128,56454,1567,89
3294,8720,56455,11128,56455,1567,89
3294,8720,56456,11128,56456,1567,89
3293,8720,56457,11128,56457,1567,89
3293,8720,56458,11128,56458,1567,89
3293,8720,56459,11128,56459,1567,89
3293,8720,56460,11128,56460,1567,89
3293,8720,56461,11128,56461,1567,89
3293,8720,56462,11128,56462,1567,89
3293,8720,56463,11128,56463,1567,89
3293,8720,56464,11128,56464,1567,89
3293,8720,56465,11128,56465,1567,89
3293,8720,56466,11128,56466,1567,89
3293,8720,56467,11128,56467,1567,89
3293,8720,56468,11128,56468,1567,89
3293,8720,56469,11128,56469,1567,89
3293,8720,56470,11128,56470,1567,89
3293,8720,56471,11128,56471,1567,89
3293,8720,56472,11128,56472,1567,89
3293,8720,56473,11128,56473,1567,89
3293,8720,56474,11128,56474,1567,89
3293,8720,56475,11128,56475,1567,89
3293,8720,56476,11128,56476,1567,89
3293,8720,56477,11128,56477,1567,89
3293,8720,56478,11128,56478,1567,89
3293,8720,56479,11128,56479,1567,89
3293,8720,56480,11128,56480,1567,89
3293,8720,56481,11128,56481,1567,89
3293,8720,56482,11128,56482,1567,89
3293,8720,56483,11128,56483,1567,89
3293,8720,56484,11128,56484,1567,89
3293,8720,56485,11128,56485,1567,89
3293,8720,56486,11128,56486,1567,89
3293,8720,56487,11128,56487,1567,89
3293,8720,56488,11128,56488,1567,89
3293,8720,56489,11128,56489,1567,89
3293,8720,56490,11128,56490,1567,89
3293,8720,56491,11128,56491,1567,89
3293,8720,56492,11128,56492,1567,89
3293,8720,56493,11128,56493,1567,89
3293,8720,56494,11128,56494,1567,89
3293,8720,56495,11128,56495,1567,89
3293,8720,56496,11128,56496,1567,89
3293,8720,56497,11128,56497,1567,89
3293,8720,56498,11128,56498,1567,89
3293,8720,56499,11128,56499,1567,89
3293,8720,56500,11128,56500,1567,89
3293,8720,56501,11128,56501,1567,89
3293,8720,56502,11128,56502,1567,89
3293,8720,56503,11128,56503,1567,89
3293,8720,56504,11128,56504,1567,89
3293,8720,56505,11128,56505,1567,89
3293,8720,56506,11128,56506,1567,89
3293,8720,56507,11128,56507,1567,89
3293,8720,56508,11128,56508,1567,89
3293,8720,56509,11128,56509,1567,89
3293,8720,56510,11128,56510,1567,89
3293,8720,56511,11128,56511,1567,89
3293,8720,56512,11128,56512,1567,89
3293,8720,56513,11128,56513,1567,89
3293,8720,56514,11128,56514,1567,89
3293,8720,56515,11128,56515,1567,89
3293,8720,56516,11128,56516,1567,89
3293,8720,56517,11128,56517,1567,89
3293,8720,56518,11128,56518,1567,89
3293,8720,56519,11128,56519,1567,89
3293,8720,56520,11128,56520,1567,89
3293,8720,56521,11128,56521,1567,89
3293,8720,56522,11128,56522,1567,89
3293,8720,56523,11128,56523,1567,89
3293,8720,56524,11128,56524,1567,89
3293,8720,56525,11128,56525,1567,89
3292,8720,56526,11128,56526,1567,89
3292,8720,56527,11128,56527,1567,89
3292,8720,56528,11128,56528,1567,89
3292,8720,56529,11128,56529,1567,89
3292,8720,56530,11128,56530,1567,89
3292,8720,56531,11128,56531,1567,89
3292,8720,56532,11128,56532,1567,89
3292,8720,56533,11128,56533,1567,89
3292,8720,56534,11128,56534,1567,89
3292,8720,56535,11128,56535,1567,89
3292,8720,56536,11128,56536,1567,89
3292,8720,56537,11128,56537,1567,89
3292,8720,56538,11128,56538,1567,89
3292,8720,56539,11128,56539,1567,89
3292,8720,56540,11128,56540,1567,89
3292,8720,56541,11128,56541,1567,89
3292,8720,56542,11128,56542,1567,89
3292,8720,56543,11128,56543,1567,89
3292,8720,56544,11128,56544,1567,89
3292,8720,56545,11128,56545,1567,89
3292,8720,56546,11128,56546,1567,89
3292,8720,56547,11128,56547,1567,89
3292,8720,56548,11128,56548,1567,89
3292,8720,56549,11128,56549,1567,89
3292,8720,56550,11128,56550,1567,89
3292,8720,56551,11128,56551,1567,89
3292,8720,56552,11128,56552,1567,89
3292,8720,56553,11128,56553,1567,89
3292,8720,56554,11128,56554,1567,89
3292,8720,56555,11128,56555,1567,89
3292,8720,56556,11128,56556,1567,89
3292,8720,56557,11128,56557,1567,89
3292,8720,56558,11128,56558,1567,89
3292,8720,56559,11128,56559,1567,89
3292,8720,56560,11128,56560,1567,89
3292,8720,56561,11128,56561,1567,89
3292,8720,56562,11128,56562,1567,89
3292,8720,56563,11128,56563,1567,89
3292,8720,56564,11128,56564,1567,89
3292,8720,56565,11128,56565,1567,89
3292,8720,56566,11128,56566,1567,89
3292,8720,56567,11128,56567,1567,89
3292,8720,56568,11128,56568,1567,89
3292,8720,56569,11128,56569,1567,89
3292,8720,56570,11128,56570,1567,89
3292,8720,56571,11128,56571,1567,89
3292,8720,56572,11128,56572,1567,89
3292,8720,56573,11128,56573,1567,89
3292,8720,56574,11128,56574,1567,89
3292,8720,56575,11128,56575,1567,89
3292,8720,56576,11128,56576,1567,89
3292,8720,56577,11128,56577,1567,89
3292,8720,56578,11128,56578,1567,89
3292,8720,56579,11128,56579,1567,89
3292,8720,56580,11128,56580,1567,89
3292,8720,56581,11128,56581,1567,89
3292,8720,56582,11128,56582,1567,89
3292,8720,56583,11128,56583,1567,89
3292,8720,56584,11128,56584,1567,89
3292,8720,56585,11128,56585,1567,89
3292,8720,56586,11128,56586,1567,89
3292,8720,56587,11128,56587,1567,89
3292,8720,56588,11128,56588,1567,89
3292,8720,56589,11128,56589,1567,89
3292,8720,56590,11128,56590,1567,89
3292,8720,56591,11128,56591,1567,89
3292,8720,56592,11128,56592,1567,89
3292,8720,56593,11128,56593,1567,89
3292,8720,56594,11128,56594,1567,89
3292,8720,56595,11128,56595,1567,89
3292,8720,56596,11128,56596,1567,89
3292,8720,56597,11128,56597,1567,89
3292,8720,56598,11128,56598,1567,89
3292,8720,56599,11128,56599,1567,89
3292,8720,56600,11128,56600,1567,89
3292,8720,56601,11128,56601,1567,89
3292,8720,56602,11128,56602,1567,89
3292,8720,56603,11128,56603,1567,89
3292,8720,56604,11128,56604,1567,89
3292,8720,56605,11128,56605,1567,89
3292,8720,56606,11128,56606,1567,89
3292,8720,56607,11128,56607,1567,89
3292,8720,56608,11128,56608,1567,89
3292,8720,56609,11128,56609,1567,89
3292,8720,56610,11128,56610,1567,89
3292,8720,56611,11128,56611,1567,89
3292,8720,56612,11128,56612,1567,89
3292,8720,56613,11128,56613,1567,89
3292,8720,56614,11128,56614,1567,89
3292,8720,56615,11128,56615,1567,89
3292,8720,56616,11128,56616,1567,89
3292,8720,56617,11128,56617,1567,89
3292,8720,56618,11128,56618,1567,89
3292,8720,56619,11128,56619,1567,89
3292,8720,56620,11128,56620,1567,89
3292,8720,56621,11128,56621,1567,89
3292,8720,56622,11128,56622,1567,89
3292,8720,56623,11128,56623,1567,89
3292,8720,56624,11128,56624,1567,89
3291,8720,56625,11128,56625,1567,89
3291,8720,56626,11128,56626,1567,89
3291,8720,56627,11128,56627,1567,89
3291,8720,56628,11128,56628,1567,89
3291,8720,56629,11128,56629,1567,89
3291,8720,56630,11128,56630,1567,89
3291,8720,56631,11128,56631,1567,89
3291,8720,56632,11128,56632,1567,89
3291,8720,56633,11128,56633,1567,89
3291,8720,56634,11128,56634,1567,89
3291,8720,56635,11128,56635,1567,89
3291,8720,56636,11128,56636,1567,89
3292,8720,56637,11128,56637,1567,89
3292,8720,56638,11128,56638,1567,89
3292,8720,56639,11128,56639,1567,89
3292,8720,56640,11128,56640,1567,89
3292,8720,56641,11128,56641,1567,89
3292,8720,56642,11128,56642,1567,89
3292,8720,56643,11128,56643,1567,89
3292,8720,56644,11128,56644,1567,89
3292,8720,56645,11128,56645,1567,89
3292,8720,56646,11128,56646,1567,89
3292,8720,56647,11128,56647,1567,89
3292,8720,56648,11128,56648,1567,89
3292,8720,56649,11128,56649,1567,89
3292,8720,56650,11128,56650,1567,89
3292,8720,56651,11128,56651,1567,89
3292,8720,56652,11128,56652,1567,89
3292,8720,56653,11128,56653,1567,89
3292,8720,56654,11128,56654,1567,89
3292,8720,56655,11128,56655,1567,89
3292,8720,56656,11128,56656,1567,89
3292,8720,56657,11128,56657,1567,89
3292,8720,56658,11128,56658,1567,89
3292,8720,56659,11128,56659,1567,89
3292,8720,56660,11128,56660,1567,89
3292,8720,56661,11128,56661,1567,89
3292,8720,56662,11128,56662,1567,89
3292,8720,56663,11128,56663,1567,89
3292,8720,56664,11128,56664,1567,89
3292,8720,56665,11128,56665,1567,89
3292,8720,56666,11128,56666,1567,89
3292,8720,56667,11128,56667,1567,89
3291,8720,56668,11128,56668,1567,89
3291,8720,56669,11128,56669,1567,89
3291,8720,56670,11128,56670,1567,89
3291,8720,56671,11128,56671,1567,89
3291,8720,56672,11128,56672,1567,89
3291,8720,56673,11128,56673,1567,89
3291,8720,56674,11128,56674,1567,89
3291,8720,56675,11128,56675,1567,89
3291,8720,56676,11128,56676,1567,89
3291,8720,56677,11128,56677,1567,89
3291,8720,56678,11128,56678,1567,89
3291,8720,56679,11128,56679,1567,89
3291,8720,56680,11128,56680,1567,89
3291,8720,56681,11128,56681,1567,89
3291,8720,56682,11128,56682,1567,89
3291,8720,56683,11128,56683,1567,89
3291,8720,56684,11128,56684,1567,89
3291,8720,56685,11128,56685,1567,89
3291,8720,56686,11128,56686,1567,89
3291,8720,56687,11128,56687,1567,89
3291,8720,56688,11128,56688,1567,89
3291,8720,56689,11128,56689,1567,89
3291,8720,56690,11128,56690,1567,89
3291,8720,56691,11128,56691,1567,89
3291,8720,56692,11128,56692,1567,89
3291,8720,56693,11128,56693,1567,89
3291,8720,56694,11128,56694,1567,89
3291,8720,56695,11128,56695,1567,89
3291,8720,56696,11128,56696,1567,89
3291,8720,56697,11128,56697,1567,89
3291,8720,56698,11128,56698,1567,89
3291,8720,56699,11128,56699,1567,89
3291,8720,56700,11128,56700,1567,89
3291,8720,56701,11128,56701,1567,89
3291,8720,56702,11128,56702,1567,89
3291,8720,56703,11128,56703,1567,89
3291,8720,56704,11128,56704,1567,89
3291,8720,56705,11128,56705,1567,89
3291,8720,56706,11128,56706,1567,89
3291,8720,56707,11128,56707,1567,89
3291,8720,56708,11128,56708,1567,89
3291,8720,56709,11128,56709,1567,89
3291,8720,56710,11128,56710,1567,89
3291,8720,56711,11128,56711,1567,89
3291,8720,56712,11128,56712,1567,89
3291,8720,56713,11128,56713,1567,89
3291,8720,56714,11128,56714,1567,89
3291,8720,56715,11128,56715,1567,89
3291,8720,56716,11128,56716,1567,89
3291,8720,56717,11128,56717,1567,89
3291,8720,56718,11128,56718,1567,89
3291,8720,56719,11128,56719,1567,89
3291,8720,56720,11128,56720,1567,89
3291,8720,56721,11128,56721,1567,89
3291,8720,56722,11128,56722,1567,89
3291,8720,56723,11128,56723,1567,89
3291,8720,56724,11128,56724,1567,89
3291,8720,56725,11128,56725,1567,89
3291,8720,56726,11128,56726,1567,89
3291,8720,56727,11128,56727,1567,89
3291,8720,56728,11128,56728,1567,89
3291,8720,56729,11128,56729,1567,89
3291,8720,56730,11128,56730,1567,89
3291,8720,56731,11128,56731,1567,89
3291,8720,56732,11128,56732,1567,89
3291,8720,56733,11128,56733,1567,89
3291,8720,56734,11128,56734,1567,89
3291,8720,56735,11128,56735,1567,89
3291,8720,56736,11128,56736,1567,89
3291,8720,56737,11128,56737,1567,89
3291,8720,56738,11128,56738,1567,89
3291,8720,56739,11128,56739,1567,89
3291,8720,56740,11128,56740,1567,89
3291,8720,56741,11128,56741,1567,89
3291,8720,56742,11128,56742,1567,89
3292,8720,56743,11128,56743,1567,89
3292,8720,56744,11128,56744,1567,89
3292,8720,56745,11128,56745,1567,89
3292,8720,56746,11128,56746,1567,89
3292,8720,56747,11128,56747,1567,89
3292,8720,56748,11128,56748,1567,89
3292,8720,56749,11128,56749,1567,89
3292,8720,56750,11128,56750,1567,89
3292,8720,56751,11128,56751,1567,89
3292,8720,56752,11128,56752,1567,89
3292,8720,56753,11128,56753,1567,89
3292,8720,56754,11128,56754,1567,89
3292,8720,56755,11128,56755,1567,89
3292,8720,56756,11128,56756,1567,89
3291,8720,56757,11128,56757,1567,89
3291,8720,56758,11128,56758,1567,89
3291,8720,56759,11128,56759,1567,89
3291,8720,56760,11128,56760,1567,89
3291,8720,56761,11128,56761,1567,89
3291,8720,56762,11128,56762,1567,89
3291,8720,56763,11128,56763,1567,89
3291,8720,56764,11128,56764,1567,89
3291,8720,56765,11128,56765,1567,89
3291,8720,56766,11128,56766,1567,89
3291,8720,56767,11128,56767,1567,89
3291,8720,56768,11128,56768,1567,89
3291,8720,56769,11128,56769,1567,89
3291,8720,56770,11128,56770,1567,89
3291,8720,56771,11128,56771,1567,89
3291,8720,56772,11128,56772,1567,89
3291,8720,56773,11128,56773,1567,89
3291,8720,56774,11128,56774,1567,89
3291,8720,56775,11128,56775,1567,89
3291,8720,56776,11128,56776,1567,89
3291,8720,56777,11128,56777,1567,89
3291,8720,56778,11128,56778,1567,89
3291,8720,56779,11128,56779,1567,89
3291,8720,56780,11128,56780,1567,89
3291,8720,56781,11128,56781,1567,89
3291,8720,56782,11128,56782,1567,89
3291,8720,56783,11128,56783,1567,89
3291,8720,56784,11128,56784,1567,89
3291,8720,56785,11128,56785,1567,89
3291,8720,56786,11128,56786,1567,89
3291,8720,56787,11128,56787,1567,89
3291,8720,56788,11128,56788,1567,89
3291,8720,56789,11128,56789,1567,89
3291,8720,56790,11128,56790,1567,89
3291,8720,56791,11128,56791,1567,89
3291,8720,56792,11128,56792,1567,89
3291,8720,56793,11128,56793,1567,89
3291,8720,56794,11128,56794,1567,89
3291,8720,56795,11128,56795,1567,89
3291,8720,56796,11128,56796,1567,89
3291,8720,56797,11128,56797,1567,89
3291,8720,56798,11128,56798,1567,89
3291,8720,56799,11128,56799,1567,89
3291,8720,56800,11128,56800,1567,89
3291,8720,56801,11128,56801,1567,89
3291,8720,56802,11128,56802,1567,89
3291,8720,56803,11128,56803,1567,89
3291,8720,56804,11128,56804,1567,89
3292,8720,56805,11128,56805,1567,89
3292,8720,56806,11128,56806,1567,89
3292,8720,56807,11128,56807,1567,89
3292,8720,56808,11128,56808,1567,89
3292,8720,56809,11128,56809,1567,89
3292,8720,56810,11128,56810,1567,89
3292,8720,56811,11128,56811,1567,89
3292,8720,56812,11128,56812,1567,89
3292,8720,56813,11128,56813,1567,89
3292,8720,56814,11128,56814,1567,89
3292,8720,56815,11128,56815,1567,89
3292,8720,56816,11128,56816,1567,89
3292,8720,56817,11128,56817,1567,89
3292,8720,56818,11128,56818,1567,89
3292,8720,56819,11128,56819,1567,89
3292,8720,56820,11128,56820,1567,89
3292,8720,56821,11128,56821,1567,89
3292,8720,56822,11128,56822,1567,89
3292,8720,56823,11128,56823,1567,89
3292,8720,56824,11128,56824,1567,89
3292,8720,56825,11128,56825,1567,89
3292,8720,56826,11128,56826,1567,89
3292,8720,56827,11128,56827,1567,89
3292,8720,56828,11128,56828,1567,89
3292,8720,56829,11128,56829,1567,89
3292,8720,56830,11128,56830,1567,89
3292,8720,56831,11128,56831,1567,89
3292,8720,56832,11128,56832,1567,89
3292,8720,56833,11128,56833,1567,89
3292,8720,56834,11128,56834,1567,89
3292,8720,56835,11128,56835,1567,89
3292,8720,56836,11128,56836,1567,89
3292,8720,56837,11128,56837,1567,89
3292,8720,56838,11128,56838,1567,89
3293,8720,56839,11128,56839,1567,89
3293,8720,56840,11128,56840,1567,89
3293,8720,56841,11128,56841,1567,89
3293,8720,56842,11128,56842,1567,89
3293,8720,56843,11128,56843,1567,89
3293,8720,56844,11128,56844,1567,89
3293,8720,56845,11128,56845,1567,89
3292,8720,56846,11128,56846,1567,89
3292,8720,56847,11128,56847,1567,89
3292,8720,56848,11128,56848,1567,89
3292,8720,56849,11128,56849,1567,89
3292,8720,56850,11128,56850,1567,89
3292,8720,56851,11128,56851,1567,89
3292,8720,56852,11128,56852,1567,89
3292,8720,56853,11128,56853,1567,89
3292,8720,56854,11128,56854,1567,89
3292,8720,56855,11128,56855,1567,89
3292,8720,56856,11128,56856,1567,89
3292,8720,56857,11128,56857,1567,89
3292,8720,56858,11128,56858,1567,89
3292,8720,56859,11128,56859,1567,89
3292,8720,56860,11128,56860,1567,89
3292,8720,56861,11128,56861,1567,89
3292,8720,56862,11128,56862,1567,89
3292,8720,56863,11128,56863,1567,89
3292,8720,56864,11128,56864,1567,89
3292,8720,56865,11128,56865,1567,89
3292,8720,56866,11128,56866,1567,89
3292,8720,56867,11128,56867,1567,89
3292,8720,56868,11128,56868,1567,89
3292,8720,56869,11128,56869,1567,89
3292,8720,56870,11128,56870,1567,89
3292,8720,56871,11128,56871,1567,89
3292,8720,56872,11128,56872,1567,89
3292,8720,56873,11128,56873,1567,89
3292,8720,56874,11128,56874,1567,89
3292,8720,56875,11128,56875,1567,89
3292,8720,56876,11128,56876,1567,89
3292,8720,56877,11128,56877,1567,89
3292,8720,56878,11128,56878,1567,89
3292,8720,56879,11128,56879,1567,89
3292,8720,56880,11128,56880,1567,89
3292,8720,56881,11128,56881,1567,89
3292,8720,56882,11128,56882,1567,89
3292,8720,56883,11128,56883,1567,89
3293,8720,56884,11128,56884,1567,89
3293,8720,56885,11128,56885,1567,89
3293,8720,56886,11128,56886,1567,89
3293,8720,56887,11128,56887,1567,89
3293,8720,56888,11128,56888,1567,89
3293,8720,56889,11128,56889,1567,89
3293,8720,56890,11128,56890,1567,89
3293,8720,56891,11128,56891,1567,89
3293,8720,56892,11128,56892,1567,89
3293,8720,56893,11128,56893,1567,89
3293,8720,56894,11128,56894,1567,89
3293,8720,56895,11128,56895,1567,89
3293,8720,56896,11128,56896,1567,89
3293,8720,56897,11128,56897,1567,89
3293,8720,56898,11128,56898,1567,89
3293,8720,56899,11128,56899,1567,89
3293,8720,56900,11128,56900,1567,89
3293,8720,56901,11128,56901,1567,89
3293,8720,56902,11128,56902,1567,89
3293,8720,56903,11128,56903,1567,89
3293,8720,56904,11128,56904,1567,89
3293,8720,56905,11128,56905,1567,89
3293,8720,56906,11128,56906,1567,89
3293,8720,56907,11128,56907,1567,89
3292,8720,56908,11128,56908,1567,89
3292,8720,56909,11128,56909,1567,89
3292,8720,56910,11128,56910,1567,89
3292,8720,56911,11128,56911,1567,89
3292,8720,56912,11128,56912,1567,89
3292,8720,56913,11128,56913,1567,89
3292,8720,56914,11128,56914,1567,89
3292,8720,56915,11128,56915,1567,89
3292,8720,56916,11128,56916,1567,89
3292,8720,56917,11128,56917,1567,89
3292,8720,56918,11128,56918,1567,89
3292,8720,56919,11128,56919,1567,89
3292,8720,56920,11128,56920,1567,89
3292,8720,56921,11128,56921,1567,89
3292,8720,56922,11128,56922,1567,89
3292,8720,56923,11128,56923,1567,89
3292,8720,56924,11128,56924,1567,89
3292,8720,56925,11128,56925,1567,89
3292,8720,56926,11128,56926,1567,89
3292,8720,56927,11128,56927,1567,89
3292,8720,56928,11128,56928,1567,89
3292,8720,56929,11128,56929,1567,89
3292,8720,56930,11128,56930,1567,89
3292,8720,56931,11128,56931,1567,89
3292,8720,56932,11128,56932,1567,89
3292,8720,56933,11128,56933,1567,89
3292,8720,56934,11128,56934,1567,89
3292,8720,56935,11128,56935,1567,89
3292,8720,56936,11128,56936,1567,89
3292,8720,56937,11128,56937,1567,89
3292,8720,56938,11128,56938,1567,89
3292,8720,56939,11128,56939,1567,89
3292,8720,56940,11128,56940,1567,89
3292,8720,56941,11128,56941,1567,89
3292,8720,56942,11128,56942,1567,89
3292,8720,56943,11128,56943,1567,89
3292,8720,56944,11128,56944,1567,89
3292,8720,56945,11128,56945,1567,89
3292,8720,56946,11128,56946,1567,89
3292,8720,56947,11128,56947,1567,89
3292,8720,56948,11128,56948,1567,89
3292,8720,56949,11128,56949,1567,89
3292,8720,56950,11128,56950,1567,89
3291,8720,56951,11128,56951,1567,89
3290,8720,56952,11128,56952,1567,89
3290,8720,56953,11128,56953,1567,89
3290,8720,56954,11128,56954,1567,89
3290,8720,56955,11128,56955,1567,89
3290,8720,56956,11128,56956,1567,89
3290,8720,56957,11128,56957,1567,89
3290,8720,56958,11128,56958,1567,89
3290,8720,56959,11128,56959,1567,89
3290,8720,56960,11128,56960,1567,89
3290,8720,56961,11128,56961,1567,89
3290,8720,56962,11128,56962,1567,89
3290,8720,56963,11128,56963,1567,89
3290,8720,56964,11128,56964,1567,89
3290,8720,56965,11128,56965,1567,89
3290,8720,56966,11128,56966,1567,89
3290,8720,56967,11128,56967,1567,89
3290,8720,56968,11128,56968,1567,89
3290,8720,56969,11128,56969,1567,89
3290,8720,56970,11128,56970,1567,89
3290,8720,56971,11128,56971,1567,89
3290,8720,56972,11128,56972,1567,89
3290,8720,56973,11128,56973,1567,89
3290,8720,56974,11128,56974,1567,89
3290,8720,56975,11128,56975,1567,89
3290,8720,56976,11128,56976,1567,89
3290,8720,56977,11128,56977,1567,89
3290,8720,56978,11128,56978,1567,89
3290,8720,56979,11128,56979,1567,89
3289,8720,56980,11128,56980,1567,89
3289,8720,56981,11128,56981,1567,89
3289,8720,56982,11128,56982,1567,89
3289,8720,56983,11128,56983,1567,89
3289,8720,56984,11128,56984,1567,89
3289,8720,56985,11128,56985,1567,89
3289,8720,56986,11128,56986,1567,89
3289,8720,56987,11128,56987,1567,89
3289,8720,56988,11128,56988,1567,89
3289,8720,56989,11128,56989,1567,89
3289,8720,56990,11128,56990,1567,89
3289,8720,56991,11128,56991,1567,89
3289,8720,56992,11128,56992,1567,89
3289,8720,56993,11128,56993,1567,89
3289,8720,56994,11128,56994,1567,89
3289,8720,56995,11128,56995,1567,89
3289,8720,56996,11128,56996,1567,89
3289,8720,56997,11128,56997,1567,89
3289,8720,56998,11128,56998,1567,89
3289,8720,56999,11128,56999,1567,89
3289,8720,57000,11128,57000,1567,89
3288,8720,57001,11128,57001,1567,89
3288,8720,57002,11128,57002,1567,89
3288,8720,57003,11128,57003,1567,89
3288,8720,57004,11128,57004,1567,89
3288,8720,57005,11128,57005,1567,89
3288,8720,57006,11128,57006,1567,89
3288,8720,57007,11128,57007,1567,89
3288,8720,57008,11128,57008,1567,89
3288,8720,57009,11128,57009,1567,89
3288,8720,57010,11128,57010,1567,89
3288,8720,57011,11128,57011,1567,89
3288,8720,57012,11128,57012,1567,89
3288,8720,57013,11128,57013,1567,89
3288,8720,57014,11128,57014,1567,89
3288,8720,57015,11128,57015,1567,89
3288,8720,57016,11128,57016,1567,89
3288,8720,57017,11128,57017,1567,89
3288,8720,57018,11128,57018,1567,89
3288,8720,57019,11128,57019,1567,89
3288,8720,57020,11128,57020,1567,89
3288,8720,57021,11128,57021,1567,89
3288,8720,57022,11128,57022,1567,89
3288,8720,57023,11128,57023,1567,89
3288,8720,57024,11128,57024,1567,89
3288,8720,57025,11128,57025,1567,89
3288,8720,57026,11128,57026,1567,89
3288,8720,57027,11128,57027,1567,89
3288,8720,57028,11128,57028,1567,89
3288,8720,57029,11128,57029,1567,89
3288,8720,57030,11128,57030,1567,89
3288,8720,57031,11128,57031,1567,89
3288,8720,57032,11128,57032,1567,89
3288,8720,57033,11128,57033,1567,89
3288,8720,57034,11128,57034,1567,89
3288,8720,57035,11128,57035,1567,89
3288,8720,57036,11128,57036,1567,89
3288,8720,57037,11128,57037,1567,89
3288,8720,57038,11128,57038,1567,89
3288,8720,57039,11128,57039,1567,89
3288,8720,57040,11128,57040,1567,89
3288,8720,57041,11128,57041,1567,89
3288,8720,57042,11128,57042,1567,89
3288,8720,57043,11128,57043,1567,89
3288,8720,57044,11128,57044,1567,89
3288,8720,57045,11128,57045,1567,89
3288,8720,57046,11128,57046,1567,89
3288,8720,57047,11128,57047,1567,89
3288,8720,57048,11128,57048,1567,89
3288,8720,57049,11128,57049,1567,89
3288,8720,57050,11128,57050,1567,89
3288,8720,57051,11128,57051,1567,89
3288,8720,57052,11128,57052,1567,89
3288,8720,57053,11128,57053,1567,89
3288,8720,57054,11128,57054,1567,89
3288,8720,57055,11128,57055,1567,89
3288,8720,57056,11128,57056,1567,89
3288,8720,57057,11128,57057,1567,89
3288,8720,57058,11128,57058,1567,89
3287,8720,57059,11128,57059,1567,89
3287,8720,57060,11128,57060,1567,89
3287,8720,57061,11128,57061,1567,89
3287,8720,57062,11128,57062,1567,89
3287,8720,57063,11128,57063,1567,89
3287,8720,57064,11128,57064,1567,89
3287,8720,57065,11128,57065,1567,89
3287,8720,57066,11128,57066,1567,89
3287,8720,57067,11128,57067,1567,89
3287,8720,57068,11128,57068,1567,89
3287,8720,57069,11128,57069,1567,89
3287,8720,57070,11128,57070,1567,89
3287,8720,57071,11128,57071,1567,89
3287,8720,57072,11128,57072,1567,89
3288,8720,57073,11128,57073,1567,89
3288,8720,57074,11128,57074,1567,89
3288,8720,57075,11128,57075,1567,89
3288,8720,57076,11128,57076,1567,89
3288,8720,57077,11128,57077,1567,89
3288,8720,57078,11128,57078,1567,89
3288,8720,57079,11128,57079,1567,89
3288,8720,57080,11128,57080,1567,89
3288,8720,57081,11128,57081,1567,89
3288,8720,57082,11128,57082,1567,89
3288,8720,57083,11128,57083,1567,89
3288,8720,57084,11128,57084,1567,89
3288,8720,57085,11128,57085,1567,89
3288,8720,57086,11128,57086,1567,89
3288,8720,57087,11128,57087,1567,89
3288,8720,57088,11128,57088,1567,89
3288,8720,57089,11128,57089,1567,89
3288,8720,57090,11128,57090,1567,89
3288,8720,57091,11128,57091,1567,89
3285,8720,57092,11128,57092,1567,88
3285,8720,57093,11128,57093,1567,88
3285,8720,57094,11128,57094,1567,88
3285,8720,57095,11128,57095,1567,88
3285,8720,57096,11128,57096,1567,88
3285,8720,57097,11128,57097,1567,88
3285,8720,57098,11128,57098,1567,88
3285,8720,57099,11128,57099,1567,88
3285,8720,57100,11128,57100,1567,88
3285,8720,57101,11128,57101,1567,88
3285,8720,57102,11128,57102,1567,88
3285,8720,57103,11128,57103,1567,88
3285,8720,57104,11128,57104,1567,88
3284,8720,57105,11128,57105,1567,88
3284,8720,57106,11128,57106,1567,88
3284,8720,57107,11128,57107,1567,88
3284,8720,57108,11128,57108,1567,88
3284,8720,57109,11128,57109,1567,88
3284,8720,57110,11128,57110,1567,88
3284,8720,57111,11128,57111,1567,88
3284,8720,57112,11128,57112,1567,88
3284,8720,57113,11128,57113,1567,88
3284,8720,57114,11128,57114,1567,88
3284,8720,57115,11128,57115,1567,88
3284,8720,57116,11128,57116,1567,88
3284,8720,57117,11128,57117,1567,88
3284,8720,57118,11128,57118,1567,88
3284,8720,57119,11128,57119,1567,88
3284,8720,57120,11128,57120,1567,88
3284,8720,57121,11128,57121,1567,88
3284,8720,57122,11128,57122,1567,88
3284,8720,57123,11128,57123,1567,88
3284,8720,57124,11128,57124,1567,88
3284,8720,57125,11128,57125,1567,88
3284,8720,57126,11128,57126,1567,88
3284,8720,57127,11128,57127,1567,88
3284,8720,57128,11128,57128,1567,88
3284,8720,57129,11128,57129,1567,88
3284,8720,57130,11128,57130,1567,88
3284,8720,57131,11128,57131,1567,88
3284,8720,57132,11128,57132,1567,88
3284,8720,57133,11128,57133,1567,88
3284,8720,57134,11128,57134,1567,88
3284,8720,57135,11128,57135,1567,88
3284,8720,57136,11128,57136,1567,88
3284,8720,57137,11128,57137,1567,88
3284,8720,57138,11128,57138,1567,88
3284,8720,57139,11128,57139,1567,88
3284,8720,57140,11128,57140,1567,88
3284,8720,57141,11128,57141,1567,88
3284,8720,57142,11128,57142,1567,88
3284,8720,57143,11128,57143,1567,88
3284,8720,57144,11128,57144,1567,88
3284,8720,57145,11128,57145,1567,88
3284,8720,57146,11128,57146,1567,88
3284,8720,57147,11128,57147,1567,88
3284,8720,57148,11128,57148,1567,88
3284,8720,57149,11128,57149,1567,88
3284,8720,57150,11128,57150,1567,88
3284,8720,57151,11128,57151,1567,88
3284,8720,57152,11128,57152,1567,88
3284,8720,57153,11128,57153,1567,88
3284,8720,57154,11128,57154,1567,88
3284,8720,57155,11128,57155,1567,88
3284,8720,57156,11128,57156,1567,88
3284,8720,57157,11128,57157,1567,88
3284,8720,57158,11128,57158,1567,88
3284,8720,57159,11128,57159,1567,88
3284,8720,57160,11128,57160,1567,88
3284,8720,57161,11128,57161,1567,88
3284,8720,57162,11128,57162,1567,88
3284,8720,57163,11128,57163,1567,88
3283,8720,57164,11128,57164,1567,87
3283,8720,57165,11128,57165,1567,87
3283,8720,57166,11128,57166,1567,87
3283,8720,57167,11128,57167,1567,87
3283,8720,57168,11128,57168,1567,87
3283,8720,57169,11128,57169,1567,87
3283,8720,57170,11128,57170,1567,87
3283,8720,57171,11128,57171,1567,87
3283,8720,57172,11128,57172,1567,87
3283,8720,57173,11128,57173,1567,87
3283,8720,57174,11128,57174,1567,87
3283,8720,57175,11128,57175,1567,87
3283,8720,57176,11128,57176,1567,87
3283,8720,57177,11128,57177,1567,87
3283,8720,57178,11128,57178,1567,87
3283,8720,57179,11128,57179,1567,87
3283,8720,57180,11128,57180,1567,87
3283,8720,57181,11128,57181,1567,87
3283,8720,57182,11128,57182,1567,87
3283,8720,57183,11128,57183,1567,87
3283,8720,57184,11128,57184,1567,87
3283,8720,57185,11128,57185,1567,87
3283,8720,57186,11128,57186,1567,87
3283,8720,57187,11128,57187,1567,87
3283,8720,57188,11128,57188,1567,87
3283,8720,57189,11128,57189,1567,87
3283,8720,57190,11128,57190,1567,87
3283,8720,57191,11128,57191,1567,87
3283,8720,57192,11128,57192,1567,87
3283,8720,57193,11128,57193,1567,87
3283,8720,57194,11128,57194,1567,87
3283,8720,57195,11128,57195,1567,87
3283,8720,57196,11128,57196,1567,87
3283,8720,57197,11128,57197,1567,87
3283,8720,57198,11128,57198,1567,87
3283,8720,57199,11128,57199,1567,87
3283,8720,57200,11128,57200,1567,87
3283,8720,57201,11128,57201,1567,87
3283,8720,57202,11128,57202,1567,87
3283,8720,57203,11128,57203,1567,87
3283,8720,57204,11128,57204,1567,87
3283,8720,57205,11128,57205,1567,87
3283,8720,57206,11128,57206,1567,87
3283,8720,57207,11128,57207,1567,87
3283,8720,57208,11128,57208,1567,87
3283,8720,57209,11128,57209,1567,87
3283,8720,57210,11128,57210,1567,87
3283,8720,57211,11128,57211,1567,87
3283,8720,57212,11128,57212,1567,87
3283,8720,57213,11128,57213,1567,87
3283,8720,57214,11128,57214,1567,87
3283,8720,57215,11128,57215,1567,87
3283,8720,57216,11128,57216,1567,87
3283,8720,57217,11128,57217,1567,87
3283,8720,57218,11128,57218,1567,87
3283,8720,57219,11128,57219,1567,87
3283,8720,57220,11128,57220,1567,87
3282,8720,57221,11128,57221,1567,87
3282,8720,57222,11128,57222,1567,87
3282,8720,57223,11128,57223,1567,87
3283,8720,57224,11128,57224,1567,87
3283,8720,57225,11128,57225,1567,87
3283,8720,57226,11128,57226,1567,87
3283,8720,57227,11128,57227,1567,87
3283,8720,57228,11128,57228,1567,87
3283,8720,57229,11128,57229,1567,87
3282,8720,57230,11128,57230,1567,87
3281,8720,57231,11128,57231,1567,87
3281,8720,57232,11128,57232,1567,87
3281,8720,57233,11128,57233,1567,87
3282,8720,57234,11128,57234,1567,87
3282,8720,57235,11128,57235,1567,87
3281,8720,57236,11128,57236,1567,87
3281,8720,57237,11128,57237,1567,87
3281,8720,57238,11128,57238,1567,87
3281,8720,57239,11128,57239,1567,87
3281,8720,57240,11128,57240,1567,87
3281,8720,57241,11128,57241,1567,87
3281,8720,57242,11128,57242,1567,87
3281,8720,57243,11128,57243,1567,87
3281,8720,57244,11128,57244,1567,87
3282,8720,57245,11128,57245,1567,87
3282,8720,57246,11128,57246,1567,87
3282,8720,57247,11128,57247,1567,87
3282,8720,57248,11128,57248,1567,87
3282,8720,57249,11128,57249,1567,87
3282,8720,57250,11128,57250,1567,87
3282,8720,57251,11128,57251,1567,87
3282,8720,57252,11128,57252,1567,87
3282,8720,57253,11128,57253,1567,87
3282,8720,57254,11128,57254,1567,87
3282,8720,57255,11128,57255,1567,87
3282,8720,57256,11128,57256,1567,87
3282,8720,57257,11128,57257,1567,87
3282,8720,57258,11128,57258,1567,87
3282,8720,57259,11128,57259,1567,87
3282,8720,57260,11128,57260,1567,87
3282,8720,57261,11128,57261,1567,87
3282,8720,57262,11128,57262,1567,87
3282,8720,57263,11128,57263,1567,87
3282,8720,57264,11128,57264,1567,87
3282,8720,57265,11128,57265,1567,87
3282,8720,57266,11128,57266,1567,87
3282,8720,57267,11128,57267,1567,87
3282,8720,57268,11128,57268,1567,87
3282,8720,57269,11128,57269,1567,87
3282,8720,57270,11128,57270,1567,87
3282,8720,57271,11128,57271,1567,87
3282,8720,57272,11128,57272,1567,87
3282,8720,57273,11128,57273,1567,87
3282,8720,57274,11128,57274,1567,87
3282,8720,57275,11128,57275,1567,87
3282,8720,57276,11128,57276,1567,87
3282,8720,57277,11128,57277,1567,87
3282,8720,57278,11128,57278,1567,87
3282,8720,57279,11128,57279,1567,87
3282,8720,57280,11128,57280,1567,87
3282,8720,57281,11128,57281,1567,87
3282,8720,57282,11128,57282,1567,87
3282,8720,57283,11128,57283,1567,87
3282,8720,57284,11128,57284,1567,87
3282,8720,57285,11128,57285,1567,87
3282,8720,57286,11128,57286,1567,87
3282,8720,57287,11128,57287,1567,87
3282,8720,57288,11128,57288,1567,87
3282,8720,57289,11128,57289,1567,87
3282,8720,57290,11128,57290,1567,87
3282,8720,57291,11128,57291,1567,87
3282,8720,57292,11128,57292,1567,87
3282,8720,57293,11128,57293,1567,87
3282,8720,57294,11128,57294,1567,87
3282,8720,57295,11128,57295,1567,87
3282,8720,57296,11128,57296,1567,87
3282,8720,57297,11128,57297,1567,87
3282,8720,57298,11128,57298,1567,87
3282,8720,57299,11128,57299,1567,87
3282,8720,57300,11128,57300,1567,87
3282,8720,57301,11128,57301,1567,87
3282,8720,57302,11128,57302,1567,87
3282,8720,57303,11128,57303,1567,87
3282,8720,57304,11128,57304,1567,87
3282,8720,57305,11128,57305,1567,87
3282,8720,57306,11128,57306,1567,87
3282,8720,57307,11128,57307,1567,87
3282,8720,57308,11128,57308,1567,87
3282,8720,57309,11128,57309,1567,87
3282,8720,57310,11128,57310,1567,87
3282,8720,57311,11128,57311,1567,87
3282,8720,57312,11128,57312,1567,87
3282,8720,57313,11128,57313,1567,87
3282,8720,57314,11128,57314,1567,87
3282,8720,57315,11128,57315,1567,87
3282,8720,57316,11128,57316,1567,87
3282,8720,57317,11128,57317,1567,87
3282,8720,57318,11128,57318,1567,87
3282,8720,57319,11128,57319,1567,87
3282,8720,57320,11128,57320,1567,87
3282,8720,57321,11128,57321,1567,87
3282,8720,57322,11128,57322,1567,87
3282,8720,57323,11128,57323,1567,87
3283,8720,57324,11128,57324,1567,87
3283,8720,57325,11128,57325,1567,87
3283,8720,57326,11128,57326,1567,87
3283,8720,57327,11128,57327,1567,87
3283,8720,57328,11128,57328,1567,87
3283,8720,57329,11128,57329,1567,87
3284,8720,57330,11128,57330,1567,87
3284,8720,57331,11128,57331,1567,87
3284,8720,57332,11128,57332,1567,87
3284,8720,57333,11128,57333,1567,87
3284,8720,57334,11128,57334,1567,87
3284,8720,57335,11128,57335,1567,87
3284,8720,57336,11128,57336,1567,87
3284,8720,57337,11128,57337,1567,87
3284,8720,57338,11128,57338,1567,87
3284,8720,57339,11128,57339,1567,87
3284,8720,57340,11128,57340,1567,87
3284,8720,57341,11128,57341,1567,87
3284,8720,57342,11128,57342,1567,87
3284,8720,57343,11128,57343,1567,87
3284,8720,57344,11128,57344,1567,87
3284,8720,57345,11128,57345,1567,87
3284,8720,57346,11128,57346,1567,87
3284,8720,57347,11128,57347,1567,87
3284,8720,57348,11128,57348,1567,87
3284,8720,57349,11128,57349,1567,87
3284,8720,57350,11128,57350,1567,87
3284,8720,57351,11128,57351,1567,87
3284,8720,57352,11128,57352,1567,87
3284,8720,57353,11128,57353,1567,87
3284,8720,57354,11128,57354,1567,87
3284,8720,57355,11128,57355,1567,87
3284,8720,57356,11128,57356,1567,87
3284,8720,57357,11128,57357,1567,87
3284,8720,57358,11128,57358,1567,87
3284,8720,57359,11128,57359,1567,87
3284,8720,57360,11128,57360,1567,87
3284,8720,57361,11128,57361,1567,87
3284,8720,57362,11128,57362,1567,87
3284,8720,57363,11128,57363,1567,87
3284,8720,57364,11128,57364,1567,87
3284,8720,57365,11128,57365,1567,87
3284,8720,57366,11128,57366,1567,87
3284,8720,57367,11128,57367,1567,87
3284,8720,57368,11128,57368,1567,87
3284,8720,57369,11128,57369,1567,87
3283,8720,57370,11128,57370,1567,87
3283,8720,57371,11128,57371,1567,87
3283,8720,57372,11128,57372,1567,87
3283,8720,57373,11128,57373,1567,87
3283,8720,57374,11128,57374,1567,87
3283,8720,57375,11128,57375,1567,87
3283,8720,57376,11128,57376,1567,87
3283,8720,57377,11128,57377,1567,87
3283,8720,57378,11128,57378,1567,87
3283,8720,57379,11128,57379,1567,87
3283,8720,57380,11128,57380,1567,87
3283,8720,57381,11128,57381,1567,87
3283,8720,57382,11128,57382,1567,87
3283,8720,57383,11128,57383,1567,87
3283,8720,57384,11128,57384,1567,87
3283,8720,57385,11128,57385,1567,87
3283,8720,57386,11128,57386,1567,87
3283,8720,57387,11128,57387,1567,87
3283,8720,57388,11128,57388,1567,87
3283,8720,57389,11128,57389,1567,87
3283,8720,57390,11128,57390,1567,87
3283,8720,57391,11128,57391,1567,87
3283,8720,57392,11128,57392,1567,87
3283,8720,57393,11128,57393,1567,87
3283,8720,57394,11128,57394,1567,87
3283,8720,57395,11128,57395,1567,87
3283,8720,57396,11128,57396,1567,87
3283,8720,57397,11128,57397,1567,87
3283,8720,57398,11128,57398,1567,87
3282,8720,57399,11128,57399,1567,87
3282,8720,57400,11128,57400,1567,87
3282,8720,57401,11128,57401,1567,87
3283,8720,57402,11128,57402,1567,87
3283,8720,57403,11128,57403,1567,87
3283,8720,57404,11128,57404,1567,87
3283,8720,57405,11128,57405,1567,87
3283,8720,57406,11128,57406,1567,87
3283,8720,57407,11128,57407,1567,87
3283,8720,57408,11128,57408,1567,87
3283,8720,57409,11128,57409,1567,87
3283,8720,57410,11128,57410,1567,87
3283,8720,57411,11128,57411,1567,87
3283,8720,57412,11128,57412,1567,87
3283,8720,57413,11128,57413,1567,87
3283,8720,57414,11128,57414,1567,87
3283,8720,57415,11128,57415,1567,87
3283,8720,57416,11128,57416,1567,87
3283,8720,57417,11128,57417,1567,87
3283,8720,57418,11128,57418,1567,87
3283,8720,57419,11128,57419,1567,87
3283,8720,57420,11128,57420,1567,87
3283,8720,57421,11128,57421,1567,87
3283,8720,57422,11128,57422,1567,87
3283,8720,57423,11128,57423,1567,87
3283,8720,57424,11128,57424,1567,87
3283,8720,57425,11128,57425,1567,87
3283,8720,57426,11128,57426,1567,87
3283,8720,57427,11128,57427,1567,87
3283,8720,57428,11128,57428,1567,87
3283,8720,57429,11128,57429,1567,87
3283,8720,57430,11128,57430,1567,87
3283,8720,57431,11128,57431,1567,87
3283,8720,57432,11128,57432,1567,87
3283,8720,57433,11128,57433,1567,87
3283,8720,57434,11128,57434,1567,87
3283,8720,57435,11128,57435,1567,87
3283,8720,57436,11128,57436,1567,87
3283,8720,57437,11128,57437,1567,87
3283,8720,57438,11128,57438,1567,87
3283,8720,57439,11128,57439,1567,87
3283,8720,57440,11128,57440,1567,87
3283,8720,57441,11128,57441,1567,87
3283,8720,57442,11128,57442,1567,87
3283,8720,57443,11128,57443,1567,87
3283,8720,57444,11128,57444,1567,87
3283,8720,57445,11128,57445,1567,87
3282,8720,57446,11128,57446,1567,87
3282,8720,57447,11128,57447,1567,87
3282,8720,57448,11128,57448,1567,87
3282,8720,57449,11128,57449,1567,87
3282,8720,57450,11128,57450,1567,87
3282,8720,57451,11128,57451,1567,87
3282,8720,57452,11128,57452,1567,87
3282,8720,57453,11128,57453,1567,87
3282,8720,57454,11128,57454,1567,87
3282,8720,57455,11128,57455,1567,87
3282,8720,57456,11128,57456,1567,87
3282,8720,57457,11128,57457,1567,87
3282,8720,57458,11128,57458,1567,87
3282,8720,57459,11128,57459,1567,87
3282,8720,57460,11128,57460,1567,87
3282,8720,57461,11128,57461,1567,87
3282,8720,57462,11128,57462,1567,87
3282,8720,57463,11128,57463,1567,87
3282,8720,57464,11128,57464,1567,87
3282,8720,57465,11128,57465,1567,87
3282,8720,57466,11128,57466,1567,87
3282,8720,57467,11128,57467,1567,87
3282,8720,57468,11128,57468,1567,87
3283,8720,57469,11128,57469,1567,87
3283,8720,57470,11128,57470,1567,87
3283,8720,57471,11128,57471,1567,87
3283,8720,57472,11128,57472,1567,87
3283,8720,57473,11128,57473,1567,87
3283,8720,57474,11128,57474,1567,87
3283,8720,57475,11128,57475,1567,87
3283,8720,57476,11128,57476,1567,87
3283,8720,57477,11128,57477,1567,87
3282,8720,57478,11128,57478,1567,87
3282,8720,57479,11128,57479,1567,87
3282,8720,57480,11128,57480,1567,87
3282,8720,57481,11128,57481,1567,87
3282,8720,57482,11128,57482,1567,87
3282,8720,57483,11128,57483,1567,87
3282,8720,57484,11128,57484,1567,87
3282,8720,57485,11128,57485,1567,87
3282,8720,57486,11128,57486,1567,87
3282,8720,57487,11128,57487,1567,87
3282,8720,57488,11128,57488,1567,87
3282,8720,57489,11128,57489,1567,87
3282,8720,57490,11128,57490,1567,87
3282,8720,57491,11128,57491,1567,87
3282,8720,57492,11128,57492,1567,87
3282,8720,57493,11128,57493,1567,87
3282,8720,57494,11128,57494,1567,87
3282,8720,57495,11128,57495,1567,87
3282,8720,57496,11128,57496,1567,87
3282,8720,57497,11128,57497,1567,87
3282,8720,57498,11128,57498,1567,87
3282,8720,57499,11128,57499,1567,87
3282,8720,57500,11128,57500,1567,87
3282,8720,57501,11128,57501,1567,87
3282,8720,57502,11128,57502,1567,87
3282,8720,57503,11128,57503,1567,87
3282,8720,57504,11128,57504,1567,87
3282,8720,57505,11128,57505,1567,87
3282,8720,57506,11128,57506,1567,87
3282,8720,57507,11128,57507,1567,87
3282,8720,57508,11128,57508,1567,87
3282,8720,57509,11128,57509,1567,87
3282,8720,57510,11128,57510,1567,87
3282,8720,57511,11128,57511,1567,87
3282,8720,57512,11128,57512,1567,87
3282,8720,57513,11128,57513,1567,87
3282,8720,57514,11128,57514,1567,87
3282,8720,57515,11128,57515,1567,87
3282,8720,57516,11128,57516,1567,87
3282,8720,57517,11128,57517,1567,87
3282,8720,57518,11128,57518,1567,87
3282,8720,57519,11128,57519,1567,87
3282,8720,57520,11128,57520,1567,87
3282,8720,57521,11128,57521,1567,87
3282,8720,57522,11128,57522,1567,87
3282,8720,57523,11128,57523,1567,87
3282,8720,57524,11128,57524,1567,87
3282,8720,57525,11128,57525,1567,87
3282,8720,57526,11128,57526,1567,87
3282,8720,57527,11128,57527,1567,87
3282,8720,57528,11128,57528,1567,87
3282,8720,57529,11128,57529,1567,87
3282,8720,57530,11128,57530,1567,87
3282,8720,57531,11128,57531,1567,87
3282,8720,57532,11128,57532,1567,87
3282,8720,57533,11128,57533,1567,87
3282,8720,57534,11128,57534,1567,87
3282,8720,57535,11128,57535,1567,87
3282,8720,57536,11128,57536,1567,87
3282,8720,57537,11128,57537,1567,87
3282,8720,57538,11128,57538,1567,87
3282,8720,57539,11128,57539,1567,87
3282,8720,57540,11128,57540,1567,87
3282,8720,57541,11128,57541,1567,87
3282,8720,57542,11128,57542,1567,87
3282,8720,57543,11128,57543,1567,87
3282,8720,57544,11128,57544,1567,87
3282,8720,57545,11128,57545,1567,87
3282,8720,57546,11128,57546,1567,87
3282,8720,57547,11128,57547,1567,87
3282,8720,57548,11128,57548,1567,87
3282,8720,57549,11128,57549,1567,87
3282,8720,57550,11128,57550,1567,87
3282,8720,57551,11128,57551,1567,87
3282,8720,57552,11128,57552,1567,87
3282,8720,57553,11128,57553,1567,87
3282,8720,57554,11128,57554,1567,87
3282,8720,57555,11128,57555,1567,87
3282,8720,57556,11128,57556,1567,87
3282,8720,57557,11128,57557,1567,87
3282,8720,57558,11128,57558,1567,87
3282,8720,57559,11128,57559,1567,87
3282,8720,57560,11128,57560,1567,87
3282,8720,57561,11128,57561,1567,87
3282,8720,57562,11128,57562,1567,87
3282,8720,57563,11128,57563,1567,87
3282,8720,57564,11128,57564,1567,87
3282,8720,57565,11128,57565,1567,87
3282,8720,57566,11128,57566,1567,87
3282,8720,57567,11128,57567,1567,87
3282,8720,57568,11128,57568,1567,87
3282,8720,57569,11128,57569,1567,87
3282,8720,57570,11128,57570,1567,87
3282,8720,57571,11128,57571,1567,87
3282,8720,57572,11128,57572,1567,87
3282,8720,57573,11128,57573,1567,87
3282,8720,57574,11128,57574,1567,87
3282,8720,57575,11128,57575,1567,87
3282,8720,57576,11128,57576,1567,87
3282,8720,57577,11128,57577,1567,87
3282,8720,57578,11128,57578,1567,87
3282,8720,57579,11128,57579,1567,87
3282,8720,57580,11128,57580,1567,87
3282,8720,57581,11128,57581,1567,87
3282,8720,57582,11128,57582,1567,87
3282,8720,57583,11128,57583,1567,87
3282,8720,57584,11128,57584,1567,87
3282,8720,57585,11128,57585,1567,87
3282,8720,57586,11128,57586,1567,87
3282,8720,57587,11128,57587,1567,87
3282,8720,57588,11128,57588,1567,87
3282,8720,57589,11128,57589,1567,87
3282,8720,57590,11128,57590,1567,87
3282,8720,57591,11128,57591,1567,87
3282,8720,57592,11128,57592,1567,87
3282,8720,57593,11128,57593,1567,87
3282,8720,57594,11128,57594,1567,87
3282,8720,57595,11128,57595,1567,87
3282,8720,57596,11128,57596,1567,87
3282,8720,57597,11128,57597,1567,87
3282,8720,57598,11128,57598,1567,87
3282,8720,57599,11128,57599,1567,87
3282,8720,57600,11128,57600,1567,87
3282,8720,57601,11128,57601,1567,87
3282,8720,57602,11128,57602,1567,87
3282,8720,57603,11128,57603,1567,87
3282,8720,57604,11128,57604,1567,87
3282,8720,57605,11128,57605,1567,87
3282,8720,57606,11128,57606,1567,87
3282,8720,57607,11128,57607,1567,87
3282,8720,57608,11128,57608,1567,87
3282,8720,57609,11128,57609,1567,87
3282,8720,57610,11128,57610,1567,87
3282,8720,57611,11128,57611,1567,87
3282,8720,57612,11128,57612,1567,87
3282,8720,57613,11128,57613,1567,87
3282,8720,57614,11128,57614,1567,87
3282,8720,57615,11128,57615,1567,87
3282,8720,57616,11128,57616,1567,87
3282,8720,57617,11128,57617,1567,87
3282,8720,57618,11128,57618,1567,87
3282,8720,57619,11128,57619,1567,87
3282,8720,57620,11128,57620,1567,87
3282,8720,57621,11128,57621,1567,87
3282,8720,57622,11128,57622,1567,87
3282,8720,57623,11128,57623,1567,87
3282,8720,57624,11128,57624,1567,87
3282,8720,57625,11128,57625,1567,87
3282,8720,57626,11128,57626,1567,87
3282,8720,57627,11128,57627,1567,87
3282,8720,57628,11128,57628,1567,87
3282,8720,57629,11128,57629,1567,87
3281,8720,57630,11128,57630,1567,86
3281,8720,57631,11128,57631,1567,86
3281,8720,57632,11128,57632,1567,86
3281,8720,57633,11128,57633,1567,86
3281,8720,57634,11128,57634,1567,86
3281,8720,57635,11128,57635,1567,86
3281,8720,57636,11128,57636,1567,86
3281,8720,57637,11128,57637,1567,86
3281,8720,57638,11128,57638,1567,86
3281,8720,57639,11128,57639,1567,86
3281,8720,57640,11128,57640,1567,86
3281,8720,57641,11128,57641,1567,86
3281,8720,57642,11128,57642,1567,86
3281,8720,57643,11128,57643,1567,86
3281,8720,57644,11128,57644,1567,86
3281,8720,57645,11128,57645,1567,86
3281,8720,57646,11128,57646,1567,86
3281,8720,57647,11128,57647,1567,86
3281,8720,57648,11128,57648,1567,86
3281,8720,57649,11128,57649,1567,86
3281,8720,57650,11128,57650,1567,86
3281,8720,57651,11128,57651,1567,86
3281,8720,57652,11128,57652,1567,86
3281,8720,57653,11128,57653,1567,86
3281,8720,57654,11128,57654,1567,86
3281,8720,57655,11128,57655,1567,86
3281,8720,57656,11128,57656,1567,86
3281,8720,57657,11128,57657,1567,86
3281,8720,57658,11128,57658,1567,86
3281,8720,57659,11128,57659,1567,86
3281,8720,57660,11128,57660,1567,86
3281,8720,57661,11128,57661,1567,86
3281,8720,57662,11128,57662,1567,86
3281,8720,57663,11128,57663,1567,86
3281,8720,57664,11128,57664,1567,86
3281,8720,57665,11128,57665,1567,86
3281,8720,57666,11128,57666,1567,86
3281,8720,57667,11128,57667,1567,86
3281,8720,57668,11128,57668,1567,86
3281,8720,57669,11128,57669,1567,86
3281,8720,57670,11128,57670,1567,86
3281,8720,57671,11128,57671,1567,86
3281,8720,57672,11128,57672,1567,86
3281,8720,57673,11128,57673,1567,86
3281,8720,57674,11128,57674,1567,86
3281,8720,57675,11128,57675,1567,86
3281,8720,57676,11128,57676,1567,86
3281,8720,57677,11128,57677,1567,86
3281,8720,57678,11128,57678,1567,86
3281,8720,57679,11128,57679,1567,86
3281,8720,57680,11128,57680,1567,86
3281,8720,57681,11128,57681,1567,86
3281,8720,57682,11128,57682,1567,86
3281,8720,57683,11128,57683,1567,86
3281,8720,57684,11128,57684,1567,86
3281,8720,57685,11128,57685,1567,86
3281,8720,57686,11128,57686,1567,86
3281,8720,57687,11128,57687,1567,86
3281,8720,57688,11128,57688,1567,86
3281,8720,57689,11128,57689,1567,86
3281,8720,57690,11128,57690,1567,86
3282,8720,57691,11128,57691,1567,86
3282,8720,57692,11128,57692,1567,86
3282,8720,57693,11128,57693,1567,86
3282,8720,57694,11128,57694,1567,86
3283,8720,57695,11128,57695,1567,86
3283,8720,57696,11128,57696,1567,86
3283,8720,57697,11128,57697,1567,86
3283,8720,57698,11128,57698,1567,86
3283,8720,57699,11128,57699,1567,86
3283,8720,57700,11128,57700,1567,86
3283,8720,57701,11128,57701,1567,86
3283,8720,57702,11128,57702,1567,86
3283,8720,57703,11128,57703,1567,86
3283,8720,57704,11128,57704,1567,86
3283,8720,57705,11128,57705,1567,86
3283,8720,57706,11128,57706,1567,86
3283,8720,57707,11128,57707,1567,86
3283,8720,57708,11128,57708,1567,86
3283,8720,57709,11128,57709,1567,86
3283,8720,57710,11128,57710,1567,86
3283,8720,57711,11128,57711,1567,86
3283,8720,57712,11128,57712,1567,86
3283,8720,57713,11128,57713,1567,86
3283,8720,57714,11128,57714,1567,86
3282,8720,57715,11128,57715,1567,86
3282,8720,57716,11128,57716,1567,86
3282,8720,57717,11128,57717,1567,86
3282,8720,57718,11128,57718,1567,86
3282,8720,57719,11128,57719,1567,86
3282,8720,57720,11128,57720,1567,86
3282,8720,57721,11128,57721,1567,86
3282,8720,57722,11128,57722,1567,86
3282,8720,57723,11128,57723,1567,86
3282,8720,57724,11128,57724,1567,86
3282,8720,57725,11128,57725,1567,86
3282,8720,57726,11128,57726,1567,86
3282,8720,57727,11128,57727,1567,86
3282,8720,57728,11128,57728,1567,86
3282,8720,57729,11128,57729,1567,86
3282,8720,57730,11128,57730,1567,86
3282,8720,57731,11128,57731,1567,86
3282,8720,57732,11128,57732,1567,86
3282,8720,57733,11128,57733,1567,86
3282,8720,57734,11128,57734,1567,86
3282,8720,57735,11128,57735,1567,86
3282,8720,57736,11128,57736,1567,86
3282,8720,57737,11128,57737,1567,86
3282,8720,57738,11128,57738,1567,86
3282,8720,57739,11128,57739,1567,86
3282,8720,57740,11128,57740,1567,86
3282,8720,57741,11128,57741,1567,86
3282,8720,57742,11128,57742,1567,86
3282,8720,57743,11128,57743,1567,86
3282,8720,57744,11128,57744,1567,86
3282,8720,57745,11128,57745,1567,86
3282,8720,57746,11128,57746,1567,86
3282,8720,57747,11128,57747,1567,86
3282,8720,57748,11128,57748,1567,86
3282,8720,57749,11128,57749,1567,86
3282,8720,57750,11128,57750,1567,86
3282,8720,57751,11128,57751,1567,86
3280,8720,57752,11128,57752,1567,86
3280,8720,57753,11128,57753,1567,86
3280,8720,57754,11128,57754,1567,86
3280,8720,57755,11128,57755,1567,86
3280,8720,57756,11128,57756,1567,86
3279,8720,57757,11128,57757,1567,86
3279,8720,57758,11128,57758,1567,86
3279,8720,57759,11128,57759,1567,86
3279,8720,57760,11128,57760,1567,86
3279,8720,57761,11128,57761,1567,86
3279,8720,57762,11128,57762,1567,86
3279,8720,57763,11128,57763,1567,86
3279,8720,57764,11128,57764,1567,86
3279,8720,57765,11128,57765,1567,86
3279,8720,57766,11128,57766,1567,86
3279,8720,57767,11128,57767,1567,86
3279,8720,57768,11128,57768,1567,86
3279,8720,57769,11128,57769,1567,86
3279,8720,57770,11128,57770,1567,86
3279,8720,57771,11128,57771,1567,86
3279,8720,57772,11128,57772,1567,86
3279,8720,57773,11128,57773,1567,86
3279,8720,57774,11128,57774,1567,86
3279,8720,57775,11128,57775,1567,86
3279,8720,57776,11128,57776,1567,86
3279,8720,57777,11128,57777,1567,86
3279,8720,57778,11128,57778,1567,86
3279,8720,57779,11128,57779,1567,86
3279,8720,57780,11128,57780,1567,86
3279,8720,57781,11128,57781,1567,86
3279,8720,57782,11128,57782,1567,86
3279,8720,57783,11128,57783,1567,86
3279,8720,57784,11128,57784,1567,86
3279,8720,57785,11128,57785,1567,86
3279,8720,57786,11128,57786,1567,86
3279,8720,57787,11128,57787,1567,86
3279,8720,57788,11128,57788,1567,86
3279,8720,57789,11128,57789,1567,86
3279,8720,57790,11128,57790,1567,86
3279,8720,57791,11128,57791,1567,86
3279,8720,57792,11128,57792,1567,86
3279,8720,57793,11128,57793,1567,86
3279,8720,57794,11128,57794,1567,86
3279,8720,57795,11128,57795,1567,86
3279,8720,57796,11128,57796,1567,86
3279,8720,57797,11128,57797,1567,86
3279,8720,57798,11128,57798,1567,86
3279,8720,57799,11128,57799,1567,86
3279,8720,57800,11128,57800,1567,86
3279,8720,57801,11128,57801,1567,86
3279,8720,57802,11128,57802,1567,86
3279,8720,57803,11128,57803,1567,86
3279,8720,57804,11128,57804,1567,86
3279,8720,57805,11128,57805,1567,86
3279,8720,57806,11128,57806,1567,86
3279,8720,57807,11128,57807,1567,86
3279,8720,57808,11128,57808,1567,86
3279,8720,57809,11128,57809,1567,86
3279,8720,57810,11128,57810,1567,86
3279,8720,57811,11128,57811,1567,86
3279,8720,57812,11128,57812,1567,86
3279,8720,57813,11128,57813,1567,86
3279,8720,57814,11128,57814,1567,86
3279,8720,57815,11128,57815,1567,86
3279,8720,57816,11128,57816,1567,86
3279,8720,57817,11128,57817,1567,86
3279,8720,57818,11128,57818,1567,86
3279,8720,57819,11128,57819,1567,86
3279,8720,57820,11128,57820,1567,86
3279,8720,57821,11128,57821,1567,86
3279,8720,57822,11128,57822,1567,86
3279,8720,57823,11128,57823,1567,86
3278,8720,57824,11128,57824,1567,86
3278,8720,57825,11128,57825,1567,86
3278,8720,57826,11128,57826,1567,86
3278,8720,57827,11128,57827,1567,86
3277,8720,57828,11128,57828,1567,86
3276,8720,57829,11128,57829,1567,86
3276,8720,57830,11128,57830,1567,86
3276,8720,57831,11128,57831,1567,86
3276,8720,57832,11128,57832,1567,86
3276,8720,57833,11128,57833,1567,86
3276,8720,57834,11128,57834,1567,86
3276,8720,57835,11128,57835,1567,86
3276,8720,57836,11128,57836,1567,86
3276,8720,57837,11128,57837,1567,86
3276,8720,57838,11128,57838,1567,86
3276,8720,57839,11128,57839,1567,86
3276,8720,57840,11128,57840,1567,86
3276,8720,57841,11128,57841,1567,86
3276,8720,57842,11128,57842,1567,86
3276,8720,57843,11128,57843,1567,86
3276,8720,57844,11128,57844,1567,86
3276,8720,57845,11128,57845,1567,86
3276,8720,57846,11128,57846,1567,86
3276,8720,57847,11128,57847,1567,86
3276,8720,57848,11128,57848,1567,86
3276,8720,57849,11128,57849,1567,86
3276,8720,57850,11128,57850,1567,86
3276,8720,57851,11128,57851,1567,86
3276,8720,57852,11128,57852,1567,86
3276,8720,57853,11128,57853,1567,86
3276,8720,57854,11128,57854,1567,86
3276,8720,57855,11128,57855,1567,86
3276,8720,57856,11128,57856,1567,86
3276,8720,57857,11128,57857,1567,86
3276,8720,57858,11128,57858,1567,86
3276,8720,57859,11128,57859,1567,86
3276,8720,57860,11128,57860,1567,86
3276,8720,57861,11128,57861,1567,86
3276,8720,57862,11128,57862,1567,86
3276,8720,57863,11128,57863,1567,86
3276,8720,57864,11128,57864,1567,86
3276,8720,57865,11128,57865,1567,86
3276,8720,57866,11128,57866,1567,86
3276,8720,57867,11128,57867,1567,86
3276,8720,57868,11128,57868,1567,86
3276,8720,57869,11128,57869,1567,86
3276,8720,57870,11128,57870,1567,86
3276,8720,57871,11128,57871,1567,86
3276,8720,57872,11128,57872,1567,86
3276,8720,57873,11128,57873,1567,86
3276,8720,57874,11128,57874,1567,86
3276,8720,57875,11128,57875,1567,86
3276,8720,57876,11128,57876,1567,86
3276,8720,57877,11128,57877,1567,86
3276,8720,57878,11128,57878,1567,86
3276,8720,57879,11128,57879,1567,86
3276,8720,57880,11128,57880,1567,86
3276,8720,57881,11128,57881,1567,86
3276,8720,57882,11128,57882,1567,86
3276,8720,57883,11128,57883,1567,86
3276,8720,57884,11128,57884,1567,86
3276,8720,57885,11128,57885,1567,86
3276,8720,57886,11128,57886,1567,86
3276,8720,57887,11128,57887,1567,86
3276,8720,57888,11128,57888,1567,86
3276,8720,57889,11128,57889,1567,86
3276,8720,57890,11128,57890,1567,86
3276,8720,57891,11128,57891,1567,86
3276,8720,57892,11128,57892,1567,86
3276,8720,57893,11128,57893,1567,86
3276,8720,57894,11128,57894,1567,86
3276,8720,57895,11128,57895,1567,86
3276,8720,57896,11128,57896,1567,86
3276,8720,57897,11128,57897,1567,86
3276,8720,57898,11128,57898,1567,86
3276,8720,57899,11128,57899,1567,86
3276,8720,57900,11128,57900,1567,86
3276,8720,57901,11128,57901,1567,86
3276,8720,57902,11128,57902,1567,86
3276,8720,57903,11128,57903,1567,86
3276,8720,57904,11128,57904,1567,86
3276,8720,57905,11128,57905,1567,86
3276,8720,57906,11128,57906,1567,86
3276,8720,57907,11128,57907,1567,86
3276,8720,57908,11128,57908,1567,86
3276,8720,57909,11128,57909,1567,86
3276,8720,57910,11128,57910,1567,86
3275,8720,57911,11128,57911,1567,86
3275,8720,57912,11128,57912,1567,86
3275,8720,57913,11128,57913,1567,86
3275,8720,57914,11128,57914,1567,86
3275,8720,57915,11128,57915,1567,86
3275,8720,57916,11128,57916,1567,86
3275,8720,57917,11128,57917,1567,86
3275,8720,57918,11128,57918,1567,86
3275,8720,57919,11128,57919,1567,86
3275,8720,57920,11128,57920,1567,86
3275,8720,57921,11128,57921,1567,86
3275,8720,57922,11128,57922,1567,86
3275,8720,57923,11128,57923,1567,86
3275,8720,57924,11128,57924,1567,86
3275,8720,57925,11128,57925,1567,86
3275,8720,57926,11128,57926,1567,86
3275,8720,57927,11128,57927,1567,86
3275,8720,57928,11128,57928,1567,86
3275,8720,57929,11128,57929,1567,86
3275,8720,57930,11128,57930,1567,86
3275,8720,57931,11128,57931,1567,86
3275,8720,57932,11128,57932,1567,86
3275,8720,57933,11128,57933,1567,86
3276,8720,57934,11128,57934,1567,86
3276,8720,57935,11128,57935,1567,86
3276,8720,57936,11128,57936,1567,86
3276,8720,57937,11128,57937,1567,86
3276,8720,57938,11128,57938,1567,86
3276,8720,57939,11128,57939,1567,86
3276,8720,57940,11128,57940,1567,86
3276,8720,57941,11128,57941,1567,86
3276,8720,57942,11128,57942,1567,86
3276,8720,57943,11128,57943,1567,86
3276,8720,57944,11128,57944,1567,86
3276,8720,57945,11128,57945,1567,86
3277,8720,57946,11128,57946,1567,86
3277,8720,57947,11128,57947,1567,86
3277,8720,57948,11128,57948,1567,86
3277,8720,57949,11128,57949,1567,86
3276,8720,57950,11128,57950,1567,86
3276,8720,57951,11128,57951,1567,86
3276,8720,57952,11128,57952,1567,86
3276,8720,57953,11128,57953,1567,86
3276,8720,57954,11128,57954,1567,86
3276,8720,57955,11128,57955,1567,86
3276,8720,57956,11128,57956,1567,86
3276,8720,57957,11128,57957,1567,86
3276,8720,57958,11128,57958,1567,86
3276,8720,57959,11128,57959,1567,86
3276,8720,57960,11128,57960,1567,86
3276,8720,57961,11128,57961,1567,86
3276,8720,57962,11128,57962,1567,86
3276,8720,57963,11128,57963,1567,86
3276,8720,57964,11128,57964,1567,86
3275,8720,57965,11128,57965,1567,86
3276,8720,57966,11128,57966,1567,86
3276,8720,57967,11128,57967,1567,86
3276,8720,57968,11128,57968,1567,86
3275,8720,57969,11128,57969,1567,85
3275,8720,57970,11128,57970,1567,85
3275,8720,57971,11128,57971,1567,85
3275,8720,57972,11128,57972,1567,85
3275,8720,57973,11128,57973,1567,85
3275,8720,57974,11128,57974,1567,85
3275,8720,57975,11128,57975,1567,85
3275,8720,57976,11128,57976,1567,85
3275,8720,57977,11128,57977,1567,85
3275,8720,57978,11128,57978,1567,85
3275,8720,57979,11128,57979,1567,85
3275,8720,57980,11128,57980,1567,85
3275,8720,57981,11128,57981,1567,85
3275,8720,57982,11128,57982,1567,85
3275,8720,57983,11128,57983,1567,85
3275,8720,57984,11128,57984,1567,85
3275,8720,57985,11128,57985,1567,85
3276,8720,57986,11128,57986,1567,85
3276,8720,57987,11128,57987,1567,85
3276,8720,57988,11128,57988,1567,85
3276,8720,57989,11128,57989,1567,85
3276,8720,57990,11128,57990,1567,85
3276,8720,57991,11128,57991,1567,85
3276,8720,57992,11128,57992,1567,85
3276,8720,57993,11128,57993,1567,85
3276,8720,57994,11128,57994,1567,85
3276,8720,57995,11128,57995,1567,85
3276,8720,57996,11128,57996,1567,85
3276,8720,57997,11128,57997,1567,85
3276,8720,57998,11128,57998,1567,85
3276,8720,57999,11128,57999,1567,85
3276,8720,58000,11128,58000,1567,85
3276,8720,58001,11128,58001,1567,85
3276,8720,58002,11128,58002,1567,85
3276,8720,58003,11128,58003,1567,85
3276,8720,58004,11128,58004,1567,85
3276,8720,58005,11128,58005,1567,85
3276,8720,58006,11128,58006,1567,85
3276,8720,58007,11128,58007,1567,85
3276,8720,58008,11128,58008,1567,85
3276,8720,58009,11128,58009,1567,85
3276,8720,58010,11128,58010,1567,85
3276,8720,58011,11128,58011,1567,85
3276,8720,58012,11128,58012,1567,85
3276,8720,58013,11128,58013,1567,85
3276,8720,58014,11128,58014,1567,85
3276,8720,58015,11128,58015,1567,85
3276,8720,58016,11128,58016,1567,85
3276,8720,58017,11128,58017,1567,85
3276,8720,58018,11128,58018,1567,85
3276,8720,58019,11128,58019,1567,85
3276,8720,58020,11128,58020,1567,85
3276,8720,58021,11128,58021,1567,85
3276,8720,58022,11128,58022,1567,85
3276,8720,58023,11128,58023,1567,85
3276,8720,58024,11128,58024,1567,85
3276,8720,58025,11128,58025,1567,85
3276,8720,58026,11128,58026,1567,85
3276,8720,58027,11128,58027,1567,85
3276,8720,58028,11128,58028,1567,85
3275,8720,58029,11128,58029,1567,85
3275,8720,58030,11128,58030,1567,85
3275,8720,58031,11128,58031,1567,85
3275,8720,58032,11128,58032,1567,85
3275,8720,58033,11128,58033,1567,85
3275,8720,58034,11128,58034,1567,85
3275,8720,58035,11128,58035,1567,85
3275,8720,58036,11128,58036,1567,85
3275,8720,58037,11128,58037,1567,85
3275,8720,58038,11128,58038,1567,85
3275,8720,58039,11128,58039,1567,85
3275,8720,58040,11128,58040,1567,85
3275,8720,58041,11128,58041,1567,85
3275,8720,58042,11128,58042,1567,85
3275,8720,58043,11128,58043,1567,85
3275,8720,58044,11128,58044,1567,85
3275,8720,58045,11128,58045,1567,85
3275,8720,58046,11128,58046,1567,85
3274,8720,58047,11128,58047,1567,85
3274,8720,58048,11128,58048,1567,85
3274,8720,58049,11128,58049,1567,85
3274,8720,58050,11128,58050,1567,85
3274,8720,58051,11128,58051,1567,85
3274,8720,58052,11128,58052,1567,85
3274,8720,58053,11128,58053,1567,85
3274,8720,58054,11128,58054,1567,85
3274,8720,58055,11128,58055,1567,85
3274,8720,58056,11128,58056,1567,85
3274,8720,58057,11128,58057,1567,85
3274,8720,58058,11128,58058,1567,85
3274,8720,58059,11128,58059,1567,85
3274,8720,58060,11128,58060,1567,85
3274,8720,58061,11128,58061,1567,85
3274,8720,58062,11128,58062,1567,85
3274,8720,58063,11128,58063,1567,85
3274,8720,58064,11128,58064,1567,85
3274,8720,58065,11128,58065,1567,85
3274,8720,58066,11128,58066,1567,85
3274,8720,58067,11128,58067,1567,85
3274,8720,58068,11128,58068,1567,85
3274,8720,58069,11128,58069,1567,85
3274,8720,58070,11128,58070,1567,85
3274,8720,58071,11128,58071,1567,85
3274,8720,58072,11128,58072,1567,85
3274,8720,58073,11128,58073,1567,85
3274,8720,58074,11128,58074,1567,85
3274,8720,58075,11128,58075,1567,85
3274,8720,58076,11128,58076,1567,85
3274,8720,58077,11128,58077,1567,85
3274,8720,58078,11128,58078,1567,85
3274,8720,58079,11128,58079,1567,85
3274,8720,58080,11128,58080,1567,85
3274,8720,58081,11128,58081,1567,85
3274,8720,58082,11128,58082,1567,85
3274,8720,58083,11128,58083,1567,85
3274,8720,58084,11128,58084,1567,85
3274,8720,58085,11128,58085,1567,85
3274,8720,58086,11128,58086,1567,85
3274,8720,58087,11128,58087,1567,85
3274,8720,58088,11128,58088,1567,85
3274,8720,58089,11128,58089,1567,85
3274,8720,58090,11128,58090,1567,85
3274,8720,58091,11128,58091,1567,85
3274,8720,58092,11128,58092,1567,85
3274,8720,58093,11128,58093,1567,85
3274,8720,58094,11128,58094,1567,85
3274,8720,58095,11128,58095,1567,85
3274,8720,58096,11128,58096,1567,85
3274,8720,58097,11128,58097,1567,85
3274,8720,58098,11128,58098,1567,85
3272,8720,58099,11128,58099,1567,85
3272,8720,58100,11128,58100,1567,85
3272,8720,58101,11128,58101,1567,85
3272,8720,58102,11128,58102,1567,85
3272,8720,58103,11128,58103,1567,85
3272,8720,58104,11128,58104,1567,85
3272,8720,58105,11128,58105,1567,85
3272,8720,58106,11128,58106,1567,85
3272,8720,58107,11128,58107,1567,85
3272,8720,58108,11128,58108,1567,85
3272,8720,58109,11128,58109,1567,85
3272,8720,58110,11128,58110,1567,85
3272,8720,58111,11128,58111,1567,85
3272,8720,58112,11128,58112,1567,85
3272,8720,58113,11128,58113,1567,85
3272,8720,58114,11128,58114,1567,85
3272,8720,58115,11128,58115,1567,85
3272,8720,58116,11128,58116,1567,85
3272,8720,58117,11128,58117,1567,85
3272,8720,58118,11128,58118,1567,85
3272,8720,58119,11128,58119,1567,85
3272,8720,58120,11128,58120,1567,85
3272,8720,58121,11128,58121,1567,85
3272,8720,58122,11128,58122,1567,85
3272,8720,58123,11128,58123,1567,85
3272,8720,58124,11128,58124,1567,85
3272,8720,58125,11128,58125,1567,85
3272,8720,58126,11128,58126,1567,85
3272,8720,58127,11128,58127,1567,85
3272,8720,58128,11128,58128,1567,85
3272,8720,58129,11128,58129,1567,85
3272,8720,58130,11128,58130,1567,85
3272,8720,58131,11128,58131,1567,85
3272,8720,58132,11128,58132,1567,85
3272,8720,58133,11128,58133,1567,85
3272,8720,58134,11128,58134,1567,85
3272,8720,58135,11128,58135,1567,85
3272,8720,58136,11128,58136,1567,85
3272,8720,58137,11128,58137,1567,85
3272,8720,58138,11128,58138,1567,85
3272,8720,58139,11128,58139,1567,85
3272,8720,58140,11128,58140,1567,85
3272,8720,58141,11128,58141,1567,85
3271,8720,58142,11128,58142,1567,85
3270,8720,58143,11128,58143,1567,85
3270,8720,58144,11128,58144,1567,85
3270,8720,58145,11128,58145,1567,85
3270,8720,58146,11128,58146,1567,85
3270,8720,58147,11128,58147,1567,85
3270,8720,58148,11128,58148,1567,85
3270,8720,58149,11128,58149,1567,85
3270,8720,58150,11128,58150,1567,85
3270,8720,58151,11128,58151,1567,85
3270,8720,58152,11128,58152,1567,85
3270,8720,58153,11128,58153,1567,85
3270,8720,58154,11128,58154,1567,85
3270,8720,58155,11128,58155,1567,85
3270,8720,58156,11128,58156,1567,85
3270,8720,58157,11128,58157,1567,85
3269,8720,58158,11128,58158,1567,85
3269,8720,58159,11128,58159,1567,85
3269,8720,58160,11128,58160,1567,85
3269,8720,58161,11128,58161,1567,85
3269,8720,58162,11128,58162,1567,85
3269,8720,58163,11128,58163,1567,85
3269,8720,58164,11128,58164,1567,85
3269,8720,58165,11128,58165,1567,85
3269,8720,58166,11128,58166,1567,85
3269,8720,58167,11128,58167,1567,85
3269,8720,58168,11128,58168,1567,85
3269,8720,58169,11128,58169,1567,85
3269,8720,58170,11128,58170,1567,85
3269,8720,58171,11128,58171,1567,85
3269,8720,58172,11128,58172,1567,85
3269,8720,58173,11128,58173,1567,85
3269,8720,58174,11128,58174,1567,85
3269,8720,58175,11128,58175,1567,85
3269,8720,58176,11128,58176,1567,85
3269,8720,58177,11128,58177,1567,85
3269,8720,58178,11128,58178,1567,85
3268,8720,58179,11128,58179,1567,85
3268,8720,58180,11128,58180,1567,85
3268,8720,58181,11128,58181,1567,85
3268,8720,58182,11128,58182,1567,85
3268,8720,58183,11128,58183,1567,85
3268,8720,58184,11128,58184,1567,85
3268,8720,58185,11128,58185,1567,85
3268,8720,58186,11128,58186,1567,85
3268,8720,58187,11128,58187,1567,85
3268,8720,58188,11128,58188,1567,85
3268,8720,58189,11128,58189,1567,85
3268,8720,58190,11128,58190,1567,85
3269,8720,58191,11128,58191,1567,85
3269,8720,58192,11128,58192,1567,85
3269,8720,58193,11128,58193,1567,85
3269,8720,58194,11128,58194,1567,85
3269,8720,58195,11128,58195,1567,85
3269,8720,58196,11128,58196,1567,85
3269,8720,58197,11128,58197,1567,85
3269,8720,58198,11128,58198,1567,85
3269,8720,58199,11128,58199,1567,85
3269,8720,58200,11128,58200,1567,85
3269,8720,58201,11128,58201,1567,85
3269,8720,58202,11128,58202,1567,85
3269,8720,58203,11128,58203,1567,85
3269,8720,58204,11128,58204,1567,85
3268,8720,58205,11128,58205,1567,85
3268,8720,58206,11128,58206,1567,85
3268,8720,58207,11128,58207,1567,85
3268,8720,58208,11128,58208,1567,85
3268,8720,58209,11128,58209,1567,85
3268,8720,58210,11128,58210,1567,85
3268,8720,58211,11128,58211,1567,85
3268,8720,58212,11128,58212,1567,85
3268,8720,58213,11128,58213,1567,85
3268,8720,58214,11128,58214,1567,85
3268,8720,58215,11128,58215,1567,85
3268,8720,58216,11128,58216,1567,85
3268,8720,58217,11128,58217,1567,85
3268,8720,58218,11128,58218,1567,85
3268,8720,58219,11128,58219,1567,85
3268,8720,58220,11128,58220,1567,85
3268,8720,58221,11128,58221,1567,85
3268,8720,58222,11128,58222,1567,85
3268,8720,58223,11128,58223,1567,85
3268,8720,58224,11128,58224,1567,85
3268,8720,58225,11128,58225,1567,85
3268,8720,58226,11128,58226,1567,85
3268,8720,58227,11128,58227,1567,85
3268,8720,58228,11128,58228,1567,85
3268,8720,58229,11128,58229,1567,85
3268,8720,58230,11128,58230,1567,85
3268,8720,58231,11128,58231,1567,85
3268,8720,58232,11128,58232,1567,85
3268,8720,58233,11128,58233,1567,85
3268,8720,58234,11128,58234,1567,85
3268,8720,58235,11128,58235,1567,85
3268,8720,58236,11128,58236,1567,85
3268,8720,58237,11128,58237,1567,85
3268,8720,58238,11128,58238,1567,85
3268,8720,58239,11128,58239,1567,85
3268,8720,58240,11128,58240,1567,85
3268,8720,58241,11128,58241,1567,85
3268,8720,58242,11128,58242,1567,85
3268,8720,58243,11128,58243,1567,85
3268,8720,58244,11128,58244,1567,85
3268,8720,58245,11128,58245,1567,85
3268,8720,58246,11128,58246,1567,85
3268,8720,58247,11128,58247,1567,85
3267,8720,58248,11128,58248,1567,85
3266,8720,58249,11128,58249,1567,85
3266,8720,58250,11128,58250,1567,85
3266,8720,58251,11128,58251,1567,85
3266,8720,58252,11128,58252,1567,85
3266,8720,58253,11128,58253,1567,85
3266,8720,58254,11128,58254,1567,85
3266,8720,58255,11128,58255,1567,85
3266,8720,58256,11128,58256,1567,85
3266,8720,58257,11128,58257,1567,85
3266,8720,58258,11128,58258,1567,85
3266,8720,58259,11128,58259,1567,85
3266,8720,58260,11128,58260,1567,85
3266,8720,58261,11128,58261,1567,85
3266,8720,58262,11128,58262,1567,85
3266,8720,58263,11128,58263,1567,85
3266,8720,58264,11128,58264,1567,85
3266,8720,58265,11128,58265,1567,85
3266,8720,58266,11128,58266,1567,85
3266,8720,58267,11128,58267,1567,85
3266,8720,58268,11128,58268,1567,85
3266,8720,58269,11128,58269,1567,85
3266,8720,58270,11128,58270,1567,85
3266,8720,58271,11128,58271,1567,85
3266,8720,58272,11128,58272,1567,85
3266,8720,58273,11128,58273,1567,85
3266,8720,58274,11128,58274,1567,85
3266,8720,58275,11128,58275,1567,85
3266,8720,58276,11128,58276,1567,85
3266,8720,58277,11128,58277,1567,85
3266,8720,58278,11128,58278,1567,85
3266,8720,58279,11128,58279,1567,85
3266,8720,58280,11128,58280,1567,85
3266,8720,58281,11128,58281,1567,85
3266,8720,58282,11128,58282,1567,85
3266,8720,58283,11128,58283,1567,85
3266,8720,58284,11128,58284,1567,85
3266,8720,58285,11128,58285,1567,85
3266,8720,58286,11128,58286,1567,85
3266,8720,58287,11128,58287,1567,85
3266,8720,58288,11128,58288,1567,85
3266,8720,58289,11128,58289,1567,85
3266,8720,58290,11128,58290,1567,85
3266,8720,58291,11128,58291,1567,85
3266,8720,58292,11128,58292,1567,85
3266,8720,58293,11128,58293,1567,85
3266,8720,58294,11128,58294,1567,85
3266,8720,58295,11128,58295,1567,85
3266,8720,58296,11128,58296,1567,85
3266,8720,58297,11128,58297,1567,85
3266,8720,58298,11128,58298,1567,85
3266,8720,58299,11128,58299,1567,85
3266,8720,58300,11128,58300,1567,85
3266,8720,58301,11128,58301,1567,85
3266,8720,58302,11128,58302,1567,85
3266,8720,58303,11128,58303,1567,85
3266,8720,58304,11128,58304,1567,85
3266,8720,58305,11128,58305,1567,85
3266,8720,58306,11128,58306,1567,85
3266,8720,58307,11128,58307,1567,85
3266,8720,58308,11128,58308,1567,85
3266,8720,58309,11128,58309,1567,85
3266,8720,58310,11128,58310,1567,85
3266,8720,58311,11128,58311,1567,85
3266,8720,58312,11128,58312,1567,85
3266,8720,58313,11128,58313,1567,85
3266,8720,58314,11128,58314,1567,85
3266,8720,58315,11128,58315,1567,85
3266,8720,58316,11128,58316,1567,85
3266,8720,58317,11128,58317,1567,85
3266,8720,58318,11128,58318,1567,85
3266,8720,58319,11128,58319,1567,85
3266,8720,58320,11128,58320,1567,85
3266,8720,58321,11128,58321,1567,85
3266,8720,58322,11128,58322,1567,85
3266,8720,58323,11128,58323,1567,85
3266,8720,58324,11128,58324,1567,85
3266,8720,58325,11128,58325,1567,85
3266,8720,58326,11128,58326,1567,85
3266,8720,58327,11128,58327,1567,85
3266,8720,58328,11128,58328,1567,85
3266,8720,58329,11128,58329,1567,85
3266,8720,58330,11128,58330,1567,85
3266,8720,58331,11128,58331,1567,85
3266,8720,58332,11128,58332,1567,85
3266,8720,58333,11128,58333,1567,85
3266,8720,58334,11128,58334,1567,85
3266,8720,58335,11128,58335,1567,85
3266,8720,58336,11128,58336,1567,85
3266,8720,58337,11128,58337,1567,85
3266,8720,58338,11128,58338,1567,85
3266,8720,58339,11128,58339,1567,85
3266,8720,58340,11128,58340,1567,85
3266,8720,58341,11128,58341,1567,85
3266,8720,58342,11128,58342,1567,85
3266,8720,58343,11128,58343,1567,85
3266,8720,58344,11128,58344,1567,85
3266,8720,58345,11128,58345,1567,85
3266,8720,58346,11128,58346,1567,85
3262,8720,58347,11128,58347,1567,81
3262,8720,58348,11128,58348,1567,81
3262,8720,58349,11128,58349,1567,81
3263,8720,58350,11128,58350,1567,81
3263,8720,58351,11128,58351,1567,81
3263,8720,58352,11128,58352,1567,81
3263,8720,58353,11128,58353,1567,81
3263,8720,58354,11128,58354,1567,81
3263,8720,58355,11128,58355,1567,81
3263,8720,58356,11128,58356,1567,81
3263,8720,58357,11128,58357,1567,81
3263,8720,58358,11128,58358,1567,81
3263,8720,58359,11128,58359,1567,81
3263,8720,58360,11128,58360,1567,81
3262,8720,58361,11128,58361,1567,81
3262,8720,58362,11128,58362,1567,81
3262,8720,58363,11128,58363,1567,81
3262,8720,58364,11128,58364,1567,81
3262,8720,58365,11128,58365,1567,81
3262,8720,58366,11128,58366,1567,81
3263,8720,58367,11128,58367,1567,81
3263,8720,58368,11128,58368,1567,81
3263,8720,58369,11128,58369,1567,81
3263,8720,58370,11128,58370,1567,81
3263,8720,58371,11128,58371,1567,81
3263,8720,58372,11128,58372,1567,81
3263,8720,58373,11128,58373,1567,81
3263,8720,58374,11128,58374,1567,81
3263,8720,58375,11128,58375,1567,81
3263,8720,58376,11128,58376,1567,81
3263,8720,58377,11128,58377,1567,81
3263,8720,58378,11128,58378,1567,81
3263,8720,58379,11128,58379,1567,81
3263,8720,58380,11128,58380,1567,81
3263,8720,58381,11128,58381,1567,81
3263,8720,58382,11128,58382,1567,81
3263,8720,58383,11128,58383,1567,81
3263,8720,58384,11128,58384,1567,81
3263,8720,58385,11128,58385,1567,81
3263,8720,58386,11128,58386,1567,81
3263,8720,58387,11128,58387,1567,81
3263,8720,58388,11128,58388,1567,81
3263,8720,58389,11128,58389,1567,81
3263,8720,58390,11128,58390,1567,81
3263,8720,58391,11128,58391,1567,81
3263,8720,58392,11128,58392,1567,81
3263,8720,58393,11128,58393,1567,81
3263,8720,58394,11128,58394,1567,81
3263,8720,58395,11128,58395,1567,81
3263,8720,58396,11128,58396,1567,81
3263,8720,58397,11128,58397,1567,81
3263,8720,58398,11128,58398,1567,81
3263,8720,58399,11128,58399,1567,81
3263,8720,58400,11128,58400,1567,81
3263,8720,58401,11128,58401,1567,81
3263,8720,58402,11128,58402,1567,81
3263,8720,58403,11128,58403,1567,81
3263,8720,58404,11128,58404,1567,81
3262,8720,58405,11128,58405,1567,81
3262,8720,58406,11128,58406,1567,81
3262,8720,58407,11128,58407,1567,81
3262,8720,58408,11128,58408,1567,81
3262,8720,58409,11128,58409,1567,81
3262,8720,58410,11128,58410,1567,81
3262,8720,58411,11128,58411,1567,81
3262,8720,58412,11128,58412,1567,81
3262,8720,58413,11128,58413,1567,81
3262,8720,58414,11128,58414,1567,81
3262,8720,58415,11128,58415,1567,81
3262,8720,58416,11128,58416,1567,81
3262,8720,58417,11128,58417,1567,81
3262,8720,58418,11128,58418,1567,81
3262,8720,58419,11128,58419,1567,81
3262,8720,58420,11128,58420,1567,81
3262,8720,58421,11128,58421,1567,81
3262,8720,58422,11128,58422,1567,81
3262,8720,58423,11128,58423,1567,81
3262,8720,58424,11128,58424,1567,81
3262,8720,58425,11128,58425,1567,81
3262,8720,58426,11128,58426,1567,81
3262,8720,58427,11128,58427,1567,81
3262,8720,58428,11128,58428,1567,81
3262,8720,58429,11128,58429,1567,81
3262,8720,58430,11128,58430,1567,81
3262,8720,58431,11128,58431,1567,81
3262,8720,58432,11128,58432,1567,81
3262,8720,58433,11128,58433,1567,81
3262,8720,58434,11128,58434,1567,81
3262,8720,58435,11128,58435,1567,81
3263,8720,58436,11128,58436,1567,81
3263,8720,58437,11128,58437,1567,81
3263,8720,58438,11128,58438,1567,81
3263,8720,58439,11128,58439,1567,81
3263,8720,58440,11128,58440,1567,81
3263,8720,58441,11128,58441,1567,81
3263,8720,58442,11128,58442,1567,81
3263,8720,58443,11128,58443,1567,81
3263,8720,58444,11128,58444,1567,81
3263,8720,58445,11128,58445,1567,81
3263,8720,58446,11128,58446,1567,81
3263,8720,58447,11128,58447,1567,81
3263,8720,58448,11128,58448,1567,81
3263,8720,58449,11128,58449,1567,81
3263,8720,58450,11128,58450,1567,81
3263,8720,58451,11128,58451,1567,81
3263,8720,58452,11128,58452,1567,81
3263,8720,58453,11128,58453,1567,81
3263,8720,58454,11128,58454,1567,81
3263,8720,58455,11128,58455,1567,81
3263,8720,58456,11128,58456,1567,81
3263,8720,58457,11128,58457,1567,81
3263,8720,58458,11128,58458,1567,81
3263,8720,58459,11128,58459,1567,81
3263,8720,58460,11128,58460,1567,81
3263,8720,58461,11128,58461,1567,81
3263,8720,58462,11128,58462,1567,81
3263,8720,58463,11128,58463,1567,81
3263,8720,58464,11128,58464,1567,81
3263,8720,58465,11128,58465,1567,81
3263,8720,58466,11128,58466,1567,81
3263,8720,58467,11128,58467,1567,81
3263,8720,58468,11128,58468,1567,81
3263,8720,58469,11128,58469,1567,81
3263,8720,58470,11128,58470,1567,81
3263,8720,58471,11128,58471,1567,81
3263,8720,58472,11128,58472,1567,81
3263,8720,58473,11128,58473,1567,81
3263,8720,58474,11128,58474,1567,81
3263,8720,58475,11128,58475,1567,81
3263,8720,58476,11128,58476,1567,81
3263,8720,58477,11128,58477,1567,81
3263,8720,58478,11128,58478,1567,81
3263,8720,58479,11128,58479,1567,81
3263,8720,58480,11128,58480,1567,81
3263,8720,58481,11128,58481,1567,81
3263,8720,58482,11128,58482,1567,81
3263,8720,58483,11128,58483,1567,81
3263,8720,58484,11128,58484,1567,81
3263,8720,58485,11128,58485,1567,81
3263,8720,58486,11128,58486,1567,81
3264,8720,58487,11128,58487,1567,81
3264,8720,58488,11128,58488,1567,81
3264,8720,58489,11128,58489,1567,81
3264,8720,58490,11128,58490,1567,81
3264,8720,58491,11128,58491,1567,81
3264,8720,58492,11128,58492,1567,81
3264,8720,58493,11128,58493,1567,81
3264,8720,58494,11128,58494,1567,81
3264,8720,58495,11128,58495,1567,81
3264,8720,58496,11128,58496,1567,81
3264,8720,58497,11128,58497,1567,81
3264,8720,58498,11128,58498,1567,81
3264,8720,58499,11128,58499,1567,81
3264,8720,58500,11128,58500,1567,81
3264,8720,58501,11128,58501,1567,81
3264,8720,58502,11128,58502,1567,81
3264,8720,58503,11128,58503,1567,81
3263,8720,58504,11128,58504,1567,81
3263,8720,58505,11128,58505,1567,81
3263,8720,58506,11128,58506,1567,81
3263,8720,58507,11128,58507,1567,81
3263,8720,58508,11128,58508,1567,81
3263,8720,58509,11128,58509,1567,81
3263,8720,58510,11128,58510,1567,81
3263,8720,58511,11128,58511,1567,81
3263,8720,58512,11128,58512,1567,81
3263,8720,58513,11128,58513,1567,81
3263,8720,58514,11128,58514,1567,81
3264,8720,58515,11128,58515,1567,81
3264,8720,58516,11128,58516,1567,81
3264,8720,58517,11128,58517,1567,81
3264,8720,58518,11128,58518,1567,81
3264,8720,58519,11128,58519,1567,81
3264,8720,58520,11128,58520,1567,81
3264,8720,58521,11128,58521,1567,81
3264,8720,58522,11128,58522,1567,81
3264,8720,58523,11128,58523,1567,81
3264,8720,58524,11128,58524,1567,81
3264,8720,58525,11128,58525,1567,81
3264,8720,58526,11128,58526,1567,81
3264,8720,58527,11128,58527,1567,81
3264,8720,58528,11128,58528,1567,81
3264,8720,58529,11128,58529,1567,81
3264,8720,58530,11128,58530,1567,81
3264,8720,58531,11128,58531,1567,81
3264,8720,58532,11128,58532,1567,81
3264,8720,58533,11128,58533,1567,81
3264,8720,58534,11128,58534,1567,81
3264,8720,58535,11128,58535,1567,81
3264,8720,58536,11128,58536,1567,81
3264,8720,58537,11128,58537,1567,81
3264,8720,58538,11128,58538,1567,81
3264,8720,58539,11128,58539,1567,81
3264,8720,58540,11128,58540,1567,81
3264,8720,58541,11128,58541,1567,81
3264,8720,58542,11128,58542,1567,81
3264,8720,58543,11128,58543,1567,81
3264,8720,58544,11128,58544,1567,81
3264,8720,58545,11128,58545,1567,81
3264,8720,58546,11128,58546,1567,81
3264,8720,58547,11128,58547,1567,81
3264,8720,58548,11128,58548,1567,81
3264,8720,58549,11128,58549,1567,81
3264,8720,58550,11128,58550,1567,81
3264,8720,58551,11128,58551,1567,81
3264,8720,58552,11128,58552,1567,81
3264,8720,58553,11128,58553,1567,81
3264,8720,58554,11128,58554,1567,81
3264,8720,58555,11128,58555,1567,81
3264,8720,58556,11128,58556,1567,81
3264,8720,58557,11128,58557,1567,81
3263,8720,58558,11128,58558,1567,81
3263,8720,58559,11128,58559,1567,81
3263,8720,58560,11128,58560,1567,81
3263,8720,58561,11128,58561,1567,81
3263,8720,58562,11128,58562,1567,81
3263,8720,58563,11128,58563,1567,81
3263,8720,58564,11128,58564,1567,81
3263,8720,58565,11128,58565,1567,81
3263,8720,58566,11128,58566,1567,81
3263,8720,58567,11128,58567,1567,81
3263,8720,58568,11128,58568,1567,81
3263,8720,58569,11128,58569,1567,81
3263,8720,58570,11128,58570,1567,81
3263,8720,58571,11128,58571,1567,81
3263,8720,58572,11128,58572,1567,81
3263,8720,58573,11128,58573,1567,81
3263,8720,58574,11128,58574,1567,81
3263,8720,58575,11128,58575,1567,81
3263,8720,58576,11128,58576,1567,81
3263,8720,58577,11128,58577,1567,81
3263,8720,58578,11128,58578,1567,81
3263,8720,58579,11128,58579,1567,81
3263,8720,58580,11128,58580,1567,81
3263,8720,58581,11128,58581,1567,81
3263,8720,58582,11128,58582,1567,81
3263,8720,58583,11128,58583,1567,81
3263,8720,58584,11128,58584,1567,81
3263,8720,58585,11128,58585,1567,81
3263,8720,58586,11128,58586,1567,81
3263,8720,58587,11128,58587,1567,81
3263,8720,58588,11128,58588,1567,81
3263,8720,58589,11128,58589,1567,81
3263,8720,58590,11128,58590,1567,81
3263,8720,58591,11128,58591,1567,81
3263,8720,58592,11128,58592,1567,81
3263,8720,58593,11128,58593,1567,81
3263,8720,58594,11128,58594,1567,81
3263,8720,58595,11128,58595,1567,81
3263,8720,58596,11128,58596,1567,81
3263,8720,58597,11128,58597,1567,81
3263,8720,58598,11128,58598,1567,81
3263,8720,58599,11128,58599,1567,81
3263,8720,58600,11128,58600,1567,81
3263,8720,58601,11128,58601,1567,81
3263,8720,58602,11128,58602,1567,81
3263,8720,58603,11128,58603,1567,81
3263,8720,58604,11128,58604,1567,81
3263,8720,58605,11128,58605,1567,81
3262,8720,58606,11128,58606,1567,81
3262,8720,58607,11128,58607,1567,81
3262,8720,58608,11128,58608,1567,81
3262,8720,58609,11128,58609,1567,81
3263,8720,58610,11128,58610,1567,81
3263,8720,58611,11128,58611,1567,81
3263,8720,58612,11128,58612,1567,81
3263,8720,58613,11128,58613,1567,81
3263,8720,58614,11128,58614,1567,81
3263,8720,58615,11128,58615,1567,81
3263,8720,58616,11128,58616,1567,81
3263,8720,58617,11128,58617,1567,81
3263,8720,58618,11128,58618,1567,81
3263,8720,58619,11128,58619,1567,81
3263,8720,58620,11128,58620,1567,81
3263,8720,58621,11128,58621,1567,81
3263,8720,58622,11128,58622,1567,81
3263,8720,58623,11128,58623,1567,81
3264,8720,58624,11128,58624,1567,81
3264,8720,58625,11128,58625,1567,81
3264,8720,58626,11128,58626,1567,81
3264,8720,58627,11128,58627,1567,81
3264,8720,58628,11128,58628,1567,81
3264,8720,58629,11128,58629,1567,81
3264,8720,58630,11128,58630,1567,81
3264,8720,58631,11128,58631,1567,81
3264,8720,58632,11128,58632,1567,81
3264,8720,58633,11128,58633,1567,81
3264,8720,58634,11128,58634,1567,81
3264,8720,58635,11128,58635,1567,81
3264,8720,58636,11128,58636,1567,81
3264,8720,58637,11128,58637,1567,81
3264,8720,58638,11128,58638,1567,81
3264,8720,58639,11128,58639,1567,81
3264,8720,58640,11128,58640,1567,81
3264,8720,58641,11128,58641,1567,81
3264,8720,58642,11128,58642,1567,81
3264,8720,58643,11128,58643,1567,81
3264,8720,58644,11128,58644,1567,81
3264,8720,58645,11128,58645,1567,81
3264,8720,58646,11128,58646,1567,81
3264,8720,58647,11128,58647,1567,81
3264,8720,58648,11128,58648,1567,81
3264,8720,58649,11128,58649,1567,81
3264,8720,58650,11128,58650,1567,81
3264,8720,58651,11128,58651,1567,81
3264,8720,58652,11128,58652,1567,81
3264,8720,58653,11128,58653,1567,81
3264,8720,58654,11128,58654,1567,81
3264,8720,58655,11128,58655,1567,81
3264,8720,58656,11128,58656,1567,81
3263,8720,58657,11128,58657,1567,81
3263,8720,58658,11128,58658,1567,81
3263,8720,58659,11128,58659,1567,81
3263,8720,58660,11128,58660,1567,81
3263,8720,58661,11128,58661,1567,81
3263,8720,58662,11128,58662,1567,81
3263,8720,58663,11128,58663,1567,81
3263,8720,58664,11128,58664,1567,81
3263,8720,58665,11128,58665,1567,81
3263,8720,58666,11128,58666,1567,81
3263,8720,58667,11128,58667,1567,81
3263,8720,58668,11128,58668,1567,81
3263,8720,58669,11128,58669,1567,81
3263,8720,58670,11128,58670,1567,81
3263,8720,58671,11128,58671,1567,81
3263,8720,58672,11128,58672,1567,81
3263,8720,58673,11128,58673,1567,81
3263,8720,58674,11128,58674,1567,81
3263,8720,58675,11128,58675,1567,81
3263,8720,58676,11128,58676,1567,81
3263,8720,58677,11128,58677,1567,81
3263,8720,58678,11128,58678,1567,81
3262,8720,58679,11128,58679,1567,81
3262,8720,58680,11128,58680,1567,81
3262,8720,58681,11128,58681,1567,81
3262,8720,58682,11128,58682,1567,81
3261,8720,58683,11128,58683,1567,81
3261,8720,58684,11128,58684,1567,81
3261,8720,58685,11128,58685,1567,81
3261,8720,58686,11128,58686,1567,81
3261,8720,58687,11128,58687,1567,81
3261,8720,58688,11128,58688,1567,81
3261,8720,58689,11128,58689,1567,81
3261,8720,58690,11128,58690,1567,81
3261,8720,58691,11128,58691,1567,81
3261,8720,58692,11128,58692,1567,81
3261,8720,58693,11128,58693,1567,81
3261,8720,58694,11128,58694,1567,81
3261,8720,58695,11128,58695,1567,81
3261,8720,58696,11128,58696,1567,81
3261,8720,58697,11128,58697,1567,81
3261,8720,58698,11128,58698,1567,81
3262,8720,58699,11128,58699,1567,81
3262,8720,58700,11128,58700,1567,81
3262,8720,58701,11128,58701,1567,81
3262,8720,58702,11128,58702,1567,81
3262,8720,58703,11128,58703,1567,81
3262,8720,58704,11128,58704,1567,81
3262,8720,58705,11128,58705,1567,81
3262,8720,58706,11128,58706,1567,81
3262,8720,58707,11128,58707,1567,81
3262,8720,58708,11128,58708,1567,81
3262,8720,58709,11128,58709,1567,81
3263,8720,58710,11128,58710,1567,81
3263,8720,58711,11128,58711,1567,81
3263,8720,58712,11128,58712,1567,81
3263,8720,58713,11128,58713,1567,81
3263,8720,58714,11128,58714,1567,81
3263,8720,58715,11128,58715,1567,81
3263,8720,58716,11128,58716,1567,81
3263,8720,58717,11128,58717,1567,81
3263,8720,58718,11128,58718,1567,81
3263,8720,58719,11128,58719,1567,81
3263,8720,58720,11128,58720,1567,81
3263,8720,58721,11128,58721,1567,81
3263,8720,58722,11128,58722,1567,81
3263,8720,58723,11128,58723,1567,81
3263,8720,58724,11128,58724,1567,81
3263,8720,58725,11128,58725,1567,81
3263,8720,58726,11128,58726,1567,81
3263,8720,58727,11128,58727,1567,81
3263,8720,58728,11128,58728,1567,81
3263,8720,58729,11128,58729,1567,81
3263,8720,58730,11128,58730,1567,81
3263,8720,58731,11128,58731,1567,81
3263,8720,58732,11128,58732,1567,81
3263,8720,58733,11128,58733,1567,81
3263,8720,58734,11128,58734,1567,81
3263,8720,58735,11128,58735,1567,81
3263,8720,58736,11128,58736,1567,81
3263,8720,58737,11128,58737,1567,81
3263,8720,58738,11128,58738,1567,81
3263,8720,58739,11128,58739,1567,81
3263,8720,58740,11128,58740,1567,81
3263,8720,58741,11128,58741,1567,81
3263,8720,58742,11128,58742,1567,81
3263,8720,58743,11128,58743,1567,81
3263,8720,58744,11128,58744,1567,81
3263,8720,58745,11128,58745,1567,81
3263,8720,58746,11128,58746,1567,81
3263,8720,58747,11128,58747,1567,81
3263,8720,58748,11128,58748,1567,81
3263,8720,58749,11128,58749,1567,81
3263,8720,58750,11128,58750,1567,81
3263,8720,58751,11128,58751,1567,81
3262,8720,58752,11128,58752,1567,81
3262,8720,58753,11128,58753,1567,81
3262,8720,58754,11128,58754,1567,81
3262,8720,58755,11128,58755,1567,81
3261,8720,58756,11128,58756,1567,81
3261,8720,58757,11128,58757,1567,81
3261,8720,58758,11128,58758,1567,81
3261,8720,58759,11128,58759,1567,81
3261,8720,58760,11128,58760,1567,81
3261,8720,58761,11128,58761,1567,81
3261,8720,58762,11128,58762,1567,81
3261,8720,58763,11128,58763,1567,81
3261,8720,58764,11128,58764,1567,81
3261,8720,58765,11128,58765,1567,81
3261,8720,58766,11128,58766,1567,81
3261,8720,58767,11128,58767,1567,81
3261,8720,58768,11128,58768,1567,81
3260,8720,58769,11128,58769,1567,81
3260,8720,58770,11128,58770,1567,81
3260,8720,58771,11128,58771,1567,81
3260,8720,58772,11128,58772,1567,81
3260,8720,58773,11128,58773,1567,81
3260,8720,58774,11128,58774,1567,81
3260,8720,58775,11128,58775,1567,81
3260,8720,58776,11128,58776,1567,81
3259,8720,58777,11128,58777,1567,81
3259,8720,58778,11128,58778,1567,81
3259,8720,58779,11128,58779,1567,81
3259,8720,58780,11128,58780,1567,81
3259,8720,58781,11128,58781,1567,81
3259,8720,58782,11128,58782,1567,81
3258,8720,58783,11128,58783,1567,81
3258,8720,58784,11128,58784,1567,81
3258,8720,58785,11128,58785,1567,81
3258,8720,58786,11128,58786,1567,81
3258,8720,58787,11128,58787,1567,81
3258,8720,58788,11128,58788,1567,81
3258,8720,58789,11128,58789,1567,81
3258,8720,58790,11128,58790,1567,81
3258,8720,58791,11128,58791,1567,81
3258,8720,58792,11128,58792,1567,81
3258,8720,58793,11128,58793,1567,81
3258,8720,58794,11128,58794,1567,81
3258,8720,58795,11128,58795,1567,81
3258,8720,58796,11128,58796,1567,81
3258,8720,58797,11128,58797,1567,81
3258,8720,58798,11128,58798,1567,81
3258,8720,58799,11128,58799,1567,81
3258,8720,58800,11128,58800,1567,81
3258,8720,58801,11128,58801,1567,81
3258,8720,58802,11128,58802,1567,81
3258,8720,58803,11128,58803,1567,81
3258,8720,58804,11128,58804,1567,81
3258,8720,58805,11128,58805,1567,81
3258,8720,58806,11128,58806,1567,81
3258,8720,58807,11128,58807,1567,81
3258,8720,58808,11128,58808,1567,81
3258,8720,58809,11128,58809,1567,81
3258,8720,58810,11128,58810,1567,81
3258,8720,58811,11128,58811,1567,81
3258,8720,58812,11128,58812,1567,81
3258,8720,58813,11128,58813,1567,81
3258,8720,58814,11128,58814,1567,81
3258,8720,58815,11128,58815,1567,81
3258,8720,58816,11128,58816,1567,81
3258,8720,58817,11128,58817,1567,81
3258,8720,58818,11128,58818,1567,81
3258,8720,58819,11128,58819,1567,81
3258,8720,58820,11128,58820,1567,81
3258,8720,58821,11128,58821,1567,81
3258,8720,58822,11128,58822,1567,81
3258,8720,58823,11128,58823,1567,81
3258,8720,58824,11128,58824,1567,81
3258,8720,58825,11128,58825,1567,81
3258,8720,58826,11128,58826,1567,81
3258,8720,58827,11128,58827,1567,81
3258,8720,58828,11128,58828,1567,81
3258,8720,58829,11128,58829,1567,81
3258,8720,58830,11128,58830,1567,81
3258,8720,58831,11128,58831,1567,81
3258,8720,58832,11128,58832,1567,81
3258,8720,58833,11128,58833,1567,81
3258,8720,58834,11128,58834,1567,81
3258,8720,58835,11128,58835,1567,81
3258,8720,58836,11128,58836,1567,81
3258,8720,58837,11128,58837,1567,81
3258,8720,58838,11128,58838,1567,81
3257,8720,58839,11128,58839,1567,81
3257,8720,58840,11128,58840,1567,81
3257,8720,58841,11128,58841,1567,81
3256,8720,58842,11128,58842,1567,81
3256,8720,58843,11128,58843,1567,81
3256,8720,58844,11128,58844,1567,81
3256,8720,58845,11128,58845,1567,81
3256,8720,58846,11128,58846,1567,81
3256,8720,58847,11128,58847,1567,81
3256,8720,58848,11128,58848,1567,81
3256,8720,58849,11128,58849,1567,81
3256,8720,58850,11128,58850,1567,81
3256,8720,58851,11128,58851,1567,81
3256,8720,58852,11128,58852,1567,81
3256,8720,58853,11128,58853,1567,81
3256,8720,58854,11128,58854,1567,81
3256,8720,58855,11128,58855,1567,81
3256,8720,58856,11128,58856,1567,81
3256,8720,58857,11128,58857,1567,81
3256,8720,58858,11128,58858,1567,81
3256,8720,58859,11128,58859,1567,81
3256,8720,58860,11128,58860,1567,81
3256,8720,58861,11128,58861,1567,81
3256,8720,58862,11128,58862,1567,81
3256,8720,58863,11128,58863,1567,81
3256,8720,58864,11128,58864,1567,81
3256,8720,58865,11128,58865,1567,81
3256,8720,58866,11128,58866,1567,81
3256,8720,58867,11128,58867,1567,81
3256,8720,58868,11128,58868,1567,81
3256,8720,58869,11128,58869,1567,81
3256,8720,58870,11128,58870,1567,81
3256,8720,58871,11128,58871,1567,81
3256,8720,58872,11128,58872,1567,81
3256,8720,58873,11128,58873,1567,81
3256,8720,58874,11128,58874,1567,81
3256,8720,58875,11128,58875,1567,81
3256,8720,58876,11128,58876,1567,81
3256,8720,58877,11128,58877,1567,81
3256,8720,58878,11128,58878,1567,81
3256,8720,58879,11128,58879,1567,81
3256,8720,58880,11128,58880,1567,81
3256,8720,58881,11128,58881,1567,81
3256,8720,58882,11128,58882,1567,81
3256,8720,58883,11128,58883,1567,81
3256,8720,58884,11128,58884,1567,81
3256,8720,58885,11128,58885,1567,81
3256,8720,58886,11128,58886,1567,81
3256,8720,58887,11128,58887,1567,81
3255,8720,58888,11128,58888,1567,81
3255,8720,58889,11128,58889,1567,81
3255,8720,58890,11128,58890,1567,81
3255,8720,58891,11128,58891,1567,81
3255,8720,58892,11128,58892,1567,81
3255,8720,58893,11128,58893,1567,81
3255,8720,58894,11128,58894,1567,81
3255,8720,58895,11128,58895,1567,81
3255,8720,58896,11128,58896,1567,81
3255,8720,58897,11128,58897,1567,81
3255,8720,58898,11128,58898,1567,81
3255,8720,58899,11128,58899,1567,81
3255,8720,58900,11128,58900,1567,81
3255,8720,58901,11128,58901,1567,81
3255,8720,58902,11128,58902,1567,81
3255,8720,58903,11128,58903,1567,81
3255,8720,58904,11128,58904,1567,81
3255,8720,58905,11128,58905,1567,81
3255,8720,58906,11128,58906,1567,81
3255,8720,58907,11128,58907,1567,81
3255,8720,58908,11128,58908,1567,81
3255,8720,58909,11128,58909,1567,81
3254,8720,58910,11128,58910,1567,81
3254,8720,58911,11128,58911,1567,81
3254,8720,58912,11128,58912,1567,81
3254,8720,58913,11128,58913,1567,81
3254,8720,58914,11128,58914,1567,81
3254,8720,58915,11128,58915,1567,81
3253,8720,58916,11128,58916,1567,81
3253,8720,58917,11128,58917,1567,81
3253,8720,58918,11128,58918,1567,81
3253,8720,58919,11128,58919,1567,81
3253,8720,58920,11128,58920,1567,81
3253,8720,58921,11128,58921,1567,81
3253,8720,58922,11128,58922,1567,81
3253,8720,58923,11128,58923,1567,81
3253,8720,58924,11128,58924,1567,81
3253,8720,58925,11128,58925,1567,81
3253,8720,58926,11128,58926,1567,81
3253,8720,58927,11128,58927,1567,81
3253,8720,58928,11128,58928,1567,81
3253,8720,58929,11128,58929,1567,81
3253,8720,58930,11128,58930,1567,81
3253,8720,58931,11128,58931,1567,81
3253,8720,58932,11128,58932,1567,81
3253,8720,58933,11128,58933,1567,81
3253,8720,58934,11128,58934,1567,81
3253,8720,58935,11128,58935,1567,81
3253,8720,58936,11128,58936,1567,81
3253,8720,58937,11128,58937,1567,81
3254,8720,58938,11128,58938,1567,81
3254,8720,58939,11128,58939,1567,81
3254,8720,58940,11128,58940,1567,81
3254,8720,58941,11128,58941,1567,81
3254,8720,58942,11128,58942,1567,81
3254,8720,58943,11128,58943,1567,81
3254,8720,58944,11128,58944,1567,81
3254,8720,58945,11128,58945,1567,81
3254,8720,58946,11128,58946,1567,81
3254,8720,58947,11128,58947,1567,81
3254,8720,58948,11128,58948,1567,81
3254,8720,58949,11128,58949,1567,81
3254,8720,58950,11128,58950,1567,81
3254,8720,58951,11128,58951,1567,81
3254,8720,58952,11128,58952,1567,81
3254,8720,58953,11128,58953,1567,81
3254,8720,58954,11128,58954,1567,81
3254,8720,58955,11128,58955,1567,81
3254,8720,58956,11128,58956,1567,81
3254,8720,58957,11128,58957,1567,81
3254,8720,58958,11128,58958,1567,81
3254,8720,58959,11128,58959,1567,81
3254,8720,58960,11128,58960,1567,81
3254,8720,58961,11128,58961,1567,81
3254,8720,58962,11128,58962,1567,81
3254,8720,58963,11128,58963,1567,81
3254,8720,58964,11128,58964,1567,81
3254,8720,58965,11128,58965,1567,81
3254,8720,58966,11128,58966,1567,81
3254,8720,58967,11128,58967,1567,81
3254,8720,58968,11128,58968,1567,81
3254,8720,58969,11128,58969,1567,81
3254,8720,58970,11128,58970,1567,81
3254,8720,58971,11128,58971,1567,81
3254,8720,58972,11128,58972,1567,81
3254,8720,58973,11128,58973,1567,81
3254,8720,58974,11128,58974,1567,81
3254,8720,58975,11128,58975,1567,81
3254,8720,58976,11128,58976,1567,81
3254,8720,58977,11128,58977,1567,81
3254,8720,58978,11128,58978,1567,81
3254,8720,58979,11128,58979,1567,81
3254,8720,58980,11128,58980,1567,81
3254,8720,58981,11128,58981,1567,81
3254,8720,58982,11128,58982,1567,81
3254,8720,58983,11128,58983,1567,81
3254,8720,58984,11128,58984,1567,81
3254,8720,58985,11128,58985,1567,81
3254,8720,58986,11128,58986,1567,81
3254,8720,58987,11128,58987,1567,81
3254,8720,58988,11128,58988,1567,81
3254,8720,58989,11128,58989,1567,81
3254,8720,58990,11128,58990,1567,81
3254,8720,58991,11128,58991,1567,81
3254,8720,58992,11128,58992,1567,81
3254,8720,58993,11128,58993,1567,81
3254,8720,58994,11128,58994,1567,81
3254,8720,58995,11128,58995,1567,81
3254,8720,58996,11128,58996,1567,81
3254,8720,58997,11128,58997,1567,81
3254,8720,58998,11128,58998,1567,81
3254,8720,58999,11128,58999,1567,81
3254,8720,59000,11128,59000,1567,81
3254,8720,59001,11128,59001,1567,81
3254,8720,59002,11128,59002,1567,81
3254,8720,59003,11128,59003,1567,81
3254,8720,59004,11128,59004,1567,81
3254,8720,59005,11128,59005,1567,81
3254,8720,59006,11128,59006,1567,81
3254,8720,59007,11128,59007,1567,81
3254,8720,59008,11128,59008,1567,81
3254,8720,59009,11128,59009,1567,81
3254,8720,59010,11128,59010,1567,81
3254,8720,59011,11128,59011,1567,81
3254,8720,59012,11128,59012,1567,81
3254,8720,59013,11128,59013,1567,81
3254,8720,59014,11128,59014,1567,81
3254,8720,59015,11128,59015,1567,81
3254,8720,59016,11128,59016,1567,81
3254,8720,59017,11128,59017,1567,81
3254,8720,59018,11128,59018,1567,81
3254,8720,59019,11128,59019,1567,81
3254,8720,59020,11128,59020,1567,81
3254,8720,59021,11128,59021,1567,81
3254,8720,59022,11128,59022,1567,81
3254,8720,59023,11128,59023,1567,81
3254,8720,59024,11128,59024,1567,81
3254,8720,59025,11128,59025,1567,81
3254,8720,59026,11128,59026,1567,81
3254,8720,59027,11128,59027,1567,81
3254,8720,59028,11128,59028,1567,81
3254,8720,59029,11128,59029,1567,81
3254,8720,59030,11128,59030,1567,81
3254,8720,59031,11128,59031,1567,81
3254,8720,59032,11128,59032,1567,81
3254,8720,59033,11128,59033,1567,81
3254,8720,59034,11128,59034,1567,81
3254,8720,59035,11128,59035,1567,81
3254,8720,59036,11128,59036,1567,81
3254,8720,59037,11128,59037,1567,81
3254,8720,59038,11128,59038,1567,81
3254,8720,59039,11128,59039,1567,81
3254,8720,59040,11128,59040,1567,81
3255,8720,59041,11128,59041,1567,81
3255,8720,59042,11128,59042,1567,81
3255,8720,59043,11128,59043,1567,81
3255,8720,59044,11128,59044,1567,81
3255,8720,59045,11128,59045,1567,81
3255,8720,59046,11128,59046,1567,81
3255,8720,59047,11128,59047,1567,81
3255,8720,59048,11128,59048,1567,81
3255,8720,59049,11128,59049,1567,81
3255,8720,59050,11128,59050,1567,81
3255,8720,59051,11128,59051,1567,81
3255,8720,59052,11128,59052,1567,81
3255,8720,59053,11128,59053,1567,81
3255,8720,59054,11128,59054,1567,81
3255,8720,59055,11128,59055,1567,81
3255,8720,59056,11128,59056,1567,81
3255,8720,59057,11128,59057,1567,81
3255,8720,59058,11128,59058,1567,81
3255,8720,59059,11128,59059,1567,81
3255,8720,59060,11128,59060,1567,81
3255,8720,59061,11128,59061,1567,81
3255,8720,59062,11128,59062,1567,81
3255,8720,59063,11128,59063,1567,81
3255,8720,59064,11128,59064,1567,81
3255,8720,59065,11128,59065,1567,81
3255,8720,59066,11128,59066,1567,81
3255,8720,59067,11128,59067,1567,81
3255,8720,59068,11128,59068,1567,81
3255,8720,59069,11128,59069,1567,81
3255,8720,59070,11128,59070,1567,81
3254,8720,59071,11128,59071,1567,81
3254,8720,59072,11128,59072,1567,81
3254,8720,59073,11128,59073,1567,81
3254,8720,59074,11128,59074,1567,81
3254,8720,59075,11128,59075,1567,81
3254,8720,59076,11128,59076,1567,81
3254,8720,59077,11128,59077,1567,81
3254,8720,59078,11128,59078,1567,81
3254,8720,59079,11128,59079,1567,81
3254,8720,59080,11128,59080,1567,81
3254,8720,59081,11128,59081,1567,81
3254,8720,59082,11128,59082,1567,81
3254,8720,59083,11128,59083,1567,81
3254,8720,59084,11128,59084,1567,81
3254,8720,59085,11128,59085,1567,81
3254,8720,59086,11128,59086,1567,81
3254,8720,59087,11128,59087,1567,81
3254,8720,59088,11128,59088,1567,81
3254,8720,59089,11128,59089,1567,81
3254,8720,59090,11128,59090,1567,81
3255,8720,59091,11128,59091,1567,81
3255,8720,59092,11128,59092,1567,81
3255,8720,59093,11128,59093,1567,81
3255,8720,59094,11128,59094,1567,81
3255,8720,59095,11128,59095,1567,81
3255,8720,59096,11128,59096,1567,81
3255,8720,59097,11128,59097,1567,81
3255,8720,59098,11128,59098,1567,81
3255,8720,59099,11128,59099,1567,81
3255,8720,59100,11128,59100,1567,81
3255,8720,59101,11128,59101,1567,81
3256,8720,59102,11128,59102,1567,81
3256,8720,59103,11128,59103,1567,81
3257,8720,59104,11128,59104,1567,81
3257,8720,59105,11128,59105,1567,81
3257,8720,59106,11128,59106,1567,81
3257,8720,59107,11128,59107,1567,81
3257,8720,59108,11128,59108,1567,81
3257,8720,59109,11128,59109,1567,81
3257,8720,59110,11128,59110,1567,81
3257,8720,59111,11128,59111,1567,81
3257,8720,59112,11128,59112,1567,81
3257,8720,59113,11128,59113,1567,81
3257,8720,59114,11128,59114,1567,81
3257,8720,59115,11128,59115,1567,81
3257,8720,59116,11128,59116,1567,81
3257,8720,59117,11128,59117,1567,81
3257,8720,59118,11128,59118,1567,81
3257,8720,59119,11128,59119,1567,81
3257,8720,59120,11128,59120,1567,81
3257,8720,59121,11128,59121,1567,81
3257,8720,59122,11128,59122,1567,81
3257,8720,59123,11128,59123,1567,81
3257,8720,59124,11128,59124,1567,81
3256,8720,59125,11128,59125,1567,81
3256,8720,59126,11128,59126,1567,81
3256,8720,59127,11128,59127,1567,81
3256,8720,59128,11128,59128,1567,81
3256,8720,59129,11128,59129,1567,81
3256,8720,59130,11128,59130,1567,81
3256,8720,59131,11128,59131,1567,81
3256,8720,59132,11128,59132,1567,81
3256,8720,59133,11128,59133,1567,81
3256,8720,59134,11128,59134,1567,81
3256,8720,59135,11128,59135,1567,81
3256,8720,59136,11128,59136,1567,81
3256,8720,59137,11128,59137,1567,81
3256,8720,59138,11128,59138,1567,81
3256,8720,59139,11128,59139,1567,81
3256,8720,59140,11128,59140,1567,81
3256,8720,59141,11128,59141,1567,81
3256,8720,59142,11128,59142,1567,81
3256,8720,59143,11128,59143,1567,81
3256,8720,59144,11128,59144,1567,81
3256,8720,59145,11128,59145,1567,81
3256,8720,59146,11128,59146,1567,81
3256,8720,59147,11128,59147,1567,81
3256,8720,59148,11128,59148,1567,81
3256,8720,59149,11128,59149,1567,81
3256,8720,59150,11128,59150,1567,81
3256,8720,59151,11128,59151,1567,81
3256,8720,59152,11128,59152,1567,81
3256,8720,59153,11128,59153,1567,81
3256,8720,59154,11128,59154,1567,81
3256,8720,59155,11128,59155,1567,81
3256,8720,59156,11128,59156,1567,81
3256,8720,59157,11128,59157,1567,81
3256,8720,59158,11128,59158,1567,81
3256,8720,59159,11128,59159,1567,81
3257,8720,59160,11128,59160,1567,81
3257,8720,59161,11128,59161,1567,81
3257,8720,59162,11128,59162,1567,81
3257,8720,59163,11128,59163,1567,81
3257,8720,59164,11128,59164,1567,81
3257,8720,59165,11128,59165,1567,81
3257,8720,59166,11128,59166,1567,81
3257,8720,59167,11128,59167,1567,81
3257,8720,59168,11128,59168,1567,81
3255,8720,59169,11128,59169,1567,81
3255,8720,59170,11128,59170,1567,81
3255,8720,59171,11128,59171,1567,81
3255,8720,59172,11128,59172,1567,81
3255,8720,59173,11128,59173,1567,81
3255,8720,59174,11128,59174,1567,81
3255,8720,59175,11128,59175,1567,81
3255,8720,59176,11128,59176,1567,81
3254,8720,59177,11128,59177,1567,81
3254,8720,59178,11128,59178,1567,81
3254,8720,59179,11128,59179,1567,81
3254,8720,59180,11128,59180,1567,81
3254,8720,59181,11128,59181,1567,81
3254,8720,59182,11128,59182,1567,81
3254,8720,59183,11128,59183,1567,81
3254,8720,59184,11128,59184,1567,81
3254,8720,59185,11128,59185,1567,81
3254,8720,59186,11128,59186,1567,81
3254,8720,59187,11128,59187,1567,81
3254,8720,59188,11128,59188,1567,81
3254,8720,59189,11128,59189,1567,81
3254,8720,59190,11128,59190,1567,81
3254,8720,59191,11128,59191,1567,81
3254,8720,59192,11128,59192,1567,81
3255,8720,59193,11128,59193,1567,81
3255,8720,59194,11128,59194,1567,81
3255,8720,59195,11128,59195,1567,81
3255,8720,59196,11128,59196,1567,81
3255,8720,59197,11128,59197,1567,81
3255,8720,59198,11128,59198,1567,81
3255,8720,59199,11128,59199,1567,81
3255,8720,59200,11128,59200,1567,81
3255,8720,59201,11128,59201,1567,81
3255,8720,59202,11128,59202,1567,81
3255,8720,59203,11128,59203,1567,81
3255,8720,59204,11128,59204,1567,81
3255,8720,59205,11128,59205,1567,81
3255,8720,59206,11128,59206,1567,81
3255,8720,59207,11128,59207,1567,81
3255,8720,59208,11128,59208,1567,81
3255,8720,59209,11128,59209,1567,81
3256,8720,59210,11128,59210,1567,81
3256,8720,59211,11128,59211,1567,81
3256,8720,59212,11128,59212,1567,81
3256,8720,59213,11128,59213,1567,81
3256,8720,59214,11128,59214,1567,81
3256,8720,59215,11128,59215,1567,81
3256,8720,59216,11128,59216,1567,81
3256,8720,59217,11128,59217,1567,81
3256,8720,59218,11128,59218,1567,81
3256,8720,59219,11128,59219,1567,81
3256,8720,59220,11128,59220,1567,81
3256,8720,59221,11128,59221,1567,81
3256,8720,59222,11128,59222,1567,81
3256,8720,59223,11128,59223,1567,81
3256,8720,59224,11128,59224,1567,81
3256,8720,59225,11128,59225,1567,81
3256,8720,59226,11128,59226,1567,81
3256,8720,59227,11128,59227,1567,81
3256,8720,59228,11128,59228,1567,81
3256,8720,59229,11128,59229,1567,81
3256,8720,59230,11128,59230,1567,81
3256,8720,59231,11128,59231,1567,81
3256,8720,59232,11128,59232,1567,81
3256,8720,59233,11128,59233,1567,81
3256,8720,59234,11128,59234,1567,81
3256,8720,59235,11128,59235,1567,81
3256,8720,59236,11128,59236,1567,81
3256,8720,59237,11128,59237,1567,81
3256,8720,59238,11128,59238,1567,81
3256,8720,59239,11128,59239,1567,81
3256,8720,59240,11128,59240,1567,81
3256,8720,59241,11128,59241,1567,81
3256,8720,59242,11128,59242,1567,81
3256,8720,59243,11128,59243,1567,81
3256,8720,59244,11128,59244,1567,81
3256,8720,59245,11128,59245,1567,81
3256,8720,59246,11128,59246,1567,81
3256,8720,59247,11128,59247,1567,81
3256,8720,59248,11128,59248,1567,81
3256,8720,59249,11128,59249,1567,81
3256,8720,59250,11128,59250,1567,81
3255,8720,59251,11128,59251,1567,81
3255,8720,59252,11128,59252,1567,81
3255,8720,59253,11128,59253,1567,81
3255,8720,59254,11128,59254,1567,81
3255,8720,59255,11128,59255,1567,81
3255,8720,59256,11128,59256,1567,81
3255,8720,59257,11128,59257,1567,81
3255,8720,59258,11128,59258,1567,81
3255,8720,59259,11128,59259,1567,81
3255,8720,59260,11128,59260,1567,81
3255,8720,59261,11128,59261,1567,81
3255,8720,59262,11128,59262,1567,81
3255,8720,59263,11128,59263,1567,81
3255,8720,59264,11128,59264,1567,81
3255,8720,59265,11128,59265,1567,81
3255,8720,59266,11128,59266,1567,81
3255,8720,59267,11128,59267,1567,81
3255,8720,59268,11128,59268,1567,81
3255,8720,59269,11128,59269,1567,81
3255,8720,59270,11128,59270,1567,81
3254,8720,59271,11128,59271,1567,81
3254,8720,59272,11128,59272,1567,81
3254,8720,59273,11128,59273,1567,81
3254,8720,59274,11128,59274,1567,81
3254,8720,59275,11128,59275,1567,81
3254,8720,59276,11128,59276,1567,81
3254,8720,59277,11128,59277,1567,81
3254,8720,59278,11128,59278,1567,81
3254,8720,59279,11128,59279,1567,81
3254,8720,59280,11128,59280,1567,81
3253,8720,59281,11128,59281,1567,81
3253,8720,59282,11128,59282,1567,81
3253,8720,59283,11128,59283,1567,81
3253,8720,59284,11128,59284,1567,81
3254,8720,59285,11128,59285,1567,81
3254,8720,59286,11128,59286,1567,81
3254,8720,59287,11128,59287,1567,81
3254,8720,59288,11128,59288,1567,81
3254,8720,59289,11128,59289,1567,81
3254,8720,59290,11128,59290,1567,81
3254,8720,59291,11128,59291,1567,81
3254,8720,59292,11128,59292,1567,81
3254,8720,59293,11128,59293,1567,81
3254,8720,59294,11128,59294,1567,81
3254,8720,59295,11128,59295,1567,81
3254,8720,59296,11128,59296,1567,81
3254,8720,59297,11128,59297,1567,81
3254,8720,59298,11128,59298,1567,81
3254,8720,59299,11128,59299,1567,81
3254,8720,59300,11128,59300,1567,81
3254,8720,59301,11128,59301,1567,81
3254,8720,59302,11128,59302,1567,81
3254,8720,59303,11128,59303,1567,81
3254,8720,59304,11128,59304,1567,81
3253,8720,59305,11128,59305,1567,81
3253,8720,59306,11128,59306,1567,81
3253,8720,59307,11128,59307,1567,81
3253,8720,59308,11128,59308,1567,81
3253,8720,59309,11128,59309,1567,81
3253,8720,59310,11128,59310,1567,81
3253,8720,59311,11128,59311,1567,81
3253,8720,59312,11128,59312,1567,81
3253,8720,59313,11128,59313,1567,81
3253,8720,59314,11128,59314,1567,81
3253,8720,59315,11128,59315,1567,81
3253,8720,59316,11128,59316,1567,81
3253,8720,59317,11128,59317,1567,81
3252,8720,59318,11128,59318,1567,81
3252,8720,59319,11128,59319,1567,81
3252,8720,59320,11128,59320,1567,81
3252,8720,59321,11128,59321,1567,81
3252,8720,59322,11128,59322,1567,81
3252,8720,59323,11128,59323,1567,81
3252,8720,59324,11128,59324,1567,81
3252,8720,59325,11128,59325,1567,81
3252,8720,59326,11128,59326,1567,81
3252,8720,59327,11128,59327,1567,81
3252,8720,59328,11128,59328,1567,81
3252,8720,59329,11128,59329,1567,81
3252,8720,59330,11128,59330,1567,81
3252,8720,59331,11128,59331,1567,81
3252,8720,59332,11128,59332,1567,81
3252,8720,59333,11128,59333,1567,81
3252,8720,59334,11128,59334,1567,81
3252,8720,59335,11128,59335,1567,81
3252,8720,59336,11128,59336,1567,81
3252,8720,59337,11128,59337,1567,81
3252,8720,59338,11128,59338,1567,81
3252,8720,59339,11128,59339,1567,81
3252,8720,59340,11128,59340,1567,81
3252,8720,59341,11128,59341,1567,81
3252,8720,59342,11128,59342,1567,81
3252,8720,59343,11128,59343,1567,81
3252,8720,59344,11128,59344,1567,81
3252,8720,59345,11128,59345,1567,81
3252,8720,59346,11128,59346,1567,81
3252,8720,59347,11128,59347,1567,81
3252,8720,59348,11128,59348,1567,81
3252,8720,59349,11128,59349,1567,81
3252,8720,59350,11128,59350,1567,81
3252,8720,59351,11128,59351,1567,81
3252,8720,59352,11128,59352,1567,81
3252,8720,59353,11128,59353,1567,81
3252,8720,59354,11128,59354,1567,81
3252,8720,59355,11128,59355,1567,81
3252,8720,59356,11128,59356,1567,81
3252,8720,59357,11128,59357,1567,81
3252,8720,59358,11128,59358,1567,81
3252,8720,59359,11128,59359,1567,81
3252,8720,59360,11128,59360,1567,81
3252,8720,59361,11128,59361,1567,81
3252,8720,59362,11128,59362,1567,81
3252,8720,59363,11128,59363,1567,81
3252,8720,59364,11128,59364,1567,81
3252,8720,59365,11128,59365,1567,81
3252,8720,59366,11128,59366,1567,81
3252,8720,59367,11128,59367,1567,81
3252,8720,59368,11128,59368,1567,81
3252,8720,59369,11128,59369,1567,81
3252,8720,59370,11128,59370,1567,81
3252,8720,59371,11128,59371,1567,81
3253,8720,59372,11128,59372,1567,81
3253,8720,59373,11128,59373,1567,81
3253,8720,59374,11128,59374,1567,81
3253,8720,59375,11128,59375,1567,81
3253,8720,59376,11128,59376,1567,81
3253,8720,59377,11128,59377,1567,81
3253,8720,59378,11128,59378,1567,81
3253,8720,59379,11128,59379,1567,81
3253,8720,59380,11128,59380,1567,81
3253,8720,59381,11128,59381,1567,81
3253,8720,59382,11128,59382,1567,81
3253,8720,59383,11128,59383,1567,81
3253,8720,59384,11128,59384,1567,81
3253,8720,59385,11128,59385,1567,81
3252,8720,59386,11128,59386,1567,81
3252,8720,59387,11128,59387,1567,81
3252,8720,59388,11128,59388,1567,81
3252,8720,59389,11128,59389,1567,81
3252,8720,59390,11128,59390,1567,81
3252,8720,59391,11128,59391,1567,81
3252,8720,59392,11128,59392,1567,81
3252,8720,59393,11128,59393,1567,81
3252,8720,59394,11128,59394,1567,81
3252,8720,59395,11128,59395,1567,81
3252,8720,59396,11128,59396,1567,81
3252,8720,59397,11128,59397,1567,81
3252,8720,59398,11128,59398,1567,81
3252,8720,59399,11128,59399,1567,81
3252,8720,59400,11128,59400,1567,81
3252,8720,59401,11128,59401,1567,81
3252,8720,59402,11128,59402,1567,81
3252,8720,59403,11128,59403,1567,81
3252,8720,59404,11128,59404,1567,81
3252,8720,59405,11128,59405,1567,81
3252,8720,59406,11128,59406,1567,81
3252,8720,59407,11128,59407,1567,81
3252,8720,59408,11128,59408,1567,81
3252,8720,59409,11128,59409,1567,81
3252,8720,59410,11128,59410,1567,81
3252,8720,59411,11128,59411,1567,81
3252,8720,59412,11128,59412,1567,81
3252,8720,59413,11128,59413,1567,81
3252,8720,59414,11128,59414,1567,81
3252,8720,59415,11128,59415,1567,81
3252,8720,59416,11128,59416,1567,81
3252,8720,59417,11128,59417,1567,81
3252,8720,59418,11128,59418,1567,81
3252,8720,59419,11128,59419,1567,81
3252,8720,59420,11128,59420,1567,81
3252,8720,59421,11128,59421,1567,81
3252,8720,59422,11128,59422,1567,81
3252,8720,59423,11128,59423,1567,81
3252,8720,59424,11128,59424,1567,81
3252,8720,59425,11128,59425,1567,81
3252,8720,59426,11128,59426,1567,81
3252,8720,59427,11128,59427,1567,81
3252,8720,59428,11128,59428,1567,81
3252,8720,59429,11128,59429,1567,81
3252,8720,59430,11128,59430,1567,81
3252,8720,59431,11128,59431,1567,81
3252,8720,59432,11128,59432,1567,81
3252,8720,59433,11128,59433,1567,81
3252,8720,59434,11128,59434,1567,81
3252,8720,59435,11128,59435,1567,81
3252,8720,59436,11128,59436,1567,81
3252,8720,59437,11128,59437,1567,81
3252,8720,59438,11128,59438,1567,81
3252,8720,59439,11128,59439,1567,81
3252,8720,59440,11128,59440,1567,81
3252,8720,59441,11128,59441,1567,81
3252,8720,59442,11128,59442,1567,81
3252,8720,59443,11128,59443,1567,81
3252,8720,59444,11128,59444,1567,81
3252,8720,59445,11128,59445,1567,81
3252,8720,59446,11128,59446,1567,81
3252,8720,59447,11128,59447,1567,81
3252,8720,59448,11128,59448,1567,81
3252,8720,59449,11128,59449,1567,81
3252,8720,59450,11128,59450,1567,81
3252,8720,59451,11128,59451,1567,81
3252,8720,59452,11128,59452,1567,81
3252,8720,59453,11128,59453,1567,81
3252,8720,59454,11128,59454,1567,81
3252,8720,59455,11128,59455,1567,81
3252,8720,59456,11128,59456,1567,81
3252,8720,59457,11128,59457,1567,81
3252,8720,59458,11128,59458,1567,81
3252,8720,59459,11128,59459,1567,81
3252,8720,59460,11128,59460,1567,81
3251,8720,59461,11128,59461,1567,81
3251,8720,59462,11128,59462,1567,81
3251,8720,59463,11128,59463,1567,81
3251,8720,59464,11128,59464,1567,81
3251,8720,59465,11128,59465,1567,81
3251,8720,59466,11128,59466,1567,81
3251,8720,59467,11128,59467,1567,81
3251,8720,59468,11128,59468,1567,81
3251,8720,59469,11128,59469,1567,81
3251,8720,59470,11128,59470,1567,81
3251,8720,59471,11128,59471,1567,81
3251,8720,59472,11128,59472,1567,81
3251,8720,59473,11128,59473,1567,81
3251,8720,59474,11128,59474,1567,81
3251,8720,59475,11128,59475,1567,81
3251,8720,59476,11128,59476,1567,81
3251,8720,59477,11128,59477,1567,81
3251,8720,59478,11128,59478,1567,81
3251,8720,59479,11128,59479,1567,81
3251,8720,59480,11128,59480,1567,81
3251,8720,59481,11128,59481,1567,81
3251,8720,59482,11128,59482,1567,81
3251,8720,59483,11128,59483,1567,81
3251,8720,59484,11128,59484,1567,81
3252,8720,59485,11128,59485,1567,81
3252,8720,59486,11128,59486,1567,81
3252,8720,59487,11128,59487,1567,81
3252,8720,59488,11128,59488,1567,81
3252,8720,59489,11128,59489,1567,81
3252,8720,59490,11128,59490,1567,81
3252,8720,59491,11128,59491,1567,81
3252,8720,59492,11128,59492,1567,81
3252,8720,59493,11128,59493,1567,81
3252,8720,59494,11128,59494,1567,81
3252,8720,59495,11128,59495,1567,81
3252,8720,59496,11128,59496,1567,81
3252,8720,59497,11128,59497,1567,81
3252,8720,59498,11128,59498,1567,81
3252,8720,59499,11128,59499,1567,81
3253,8720,59500,11128,59500,1567,81
3253,8720,59501,11128,59501,1567,81
3253,8720,59502,11128,59502,1567,81
3253,8720,59503,11128,59503,1567,81
3253,8720,59504,11128,59504,1567,81
3253,8720,59505,11128,59505,1567,81
3253,8720,59506,11128,59506,1567,81
3253,8720,59507,11128,59507,1567,81
3253,8720,59508,11128,59508,1567,81
3254,8720,59509,11128,59509,1567,81
3254,8720,59510,11128,59510,1567,81
3254,8720,59511,11128,59511,1567,81
3254,8720,59512,11128,59512,1567,81
3254,8720,59513,11128,59513,1567,81
3254,8720,59514,11128,59514,1567,81
3254,8720,59515,11128,59515,1567,81
3254,8720,59516,11128,59516,1567,81
3254,8720,59517,11128,59517,1567,81
3254,8720,59518,11128,59518,1567,81
3254,8720,59519,11128,59519,1567,81
3254,8720,59520,11128,59520,1567,81
3254,8720,59521,11128,59521,1567,81
3254,8720,59522,11128,59522,1567,81
3254,8720,59523,11128,59523,1567,81
3254,8720,59524,11128,59524,1567,81
3254,8720,59525,11128,59525,1567,81
3253,8720,59526,11128,59526,1567,81
3253,8720,59527,11128,59527,1567,81
3253,8720,59528,11128,59528,1567,81
3253,8720,59529,11128,59529,1567,81
3253,8720,59530,11128,59530,1567,81
3253,8720,59531,11128,59531,1567,81
3253,8720,59532,11128,59532,1567,81
3252,8720,59533,11128,59533,1567,81
3252,8720,59534,11128,59534,1567,81
3251,8720,59535,11128,59535,1567,81
3251,8720,59536,11128,59536,1567,81
3251,8720,59537,11128,59537,1567,81
3251,8720,59538,11128,59538,1567,81
3251,8720,59539,11128,59539,1567,81
3251,8720,59540,11128,59540,1567,81
3251,8720,59541,11128,59541,1567,81
3251,8720,59542,11128,59542,1567,81
3251,8720,59543,11128,59543,1567,81
3251,8720,59544,11128,59544,1567,81
3251,8720,59545,11128,59545,1567,81
3251,8720,59546,11128,59546,1567,81
3251,8720,59547,11128,59547,1567,81
3251,8720,59548,11128,59548,1567,81
3251,8720,59549,11128,59549,1567,81
3251,8720,59550,11128,59550,1567,81
3251,8720,59551,11128,59551,1567,81
3251,8720,59552,11128,59552,1567,81
3251,8720,59553,11128,59553,1567,81
3251,8720,59554,11128,59554,1567,81
3251,8720,59555,11128,59555,1567,81
3251,8720,59556,11128,59556,1567,81
3251,8720,59557,11128,59557,1567,81
3251,8720,59558,11128,59558,1567,81
3251,8720,59559,11128,59559,1567,81
3251,8720,59560,11128,59560,1567,81
3251,8720,59561,11128,59561,1567,81
3251,8720,59562,11128,59562,1567,81
3251,8720,59563,11128,59563,1567,81
3251,8720,59564,11128,59564,1567,81
3251,8720,59565,11128,59565,1567,81
3251,8720,59566,11128,59566,1567,81
3251,8720,59567,11128,59567,1567,81
3251,8720,59568,11128,59568,1567,81
3251,8720,59569,11128,59569,1567,81
3251,8720,59570,11128,59570,1567,81
3251,8720,59571,11128,59571,1567,81
3251,8720,59572,11128,59572,1567,81
3251,8720,59573,11128,59573,1567,81
3251,8720,59574,11128,59574,1567,81
3251,8720,59575,11128,59575,1567,81
3251,8720,59576,11128,59576,1567,81
3251,8720,59577,11128,59577,1567,81
3251,8720,59578,11128,59578,1567,81
3251,8720,59579,11128,59579,1567,81
3251,8720,59580,11128,59580,1567,81
3251,8720,59581,11128,59581,1567,81
3251,8720,59582,11128,59582,1567,81
3251,8720,59583,11128,59583,1567,81
3251,8720,59584,11128,59584,1567,81
3251,8720,59585,11128,59585,1567,81
3251,8720,59586,11128,59586,1567,81
3251,8720,59587,11128,59587,1567,81
3251,8720,59588,11128,59588,1567,81
3251,8720,59589,11128,59589,1567,81
3251,8720,59590,11128,59590,1567,81
3251,8720,59591,11128,59591,1567,81
3251,8720,59592,11128,59592,1567,81
3250,8720,59593,11128,59593,1567,81
3250,8720,59594,11128,59594,1567,81
3250,8720,59595,11128,59595,1567,81
3250,8720,59596,11128,59596,1567,81
3249,8720,59597,11128,59597,1567,81
3249,8720,59598,11128,59598,1567,81
3249,8720,59599,11128,59599,1567,81
3249,8720,59600,11128,59600,1567,81
3249,8720,59601,11128,59601,1567,81
3249,8720,59602,11128,59602,1567,81
3249,8720,59603,11128,59603,1567,81
3249,8720,59604,11128,59604,1567,81
3249,8720,59605,11128,59605,1567,81
3249,8720,59606,11128,59606,1567,81
3249,8720,59607,11128,59607,1567,81
3249,8720,59608,11128,59608,1567,81
3249,8720,59609,11128,59609,1567,81
3249,8720,59610,11128,59610,1567,81
3249,8720,59611,11128,59611,1567,81
3249,8720,59612,11128,59612,1567,81
3249,8720,59613,11128,59613,1567,81
3249,8720,59614,11128,59614,1567,81
3249,8720,59615,11128,59615,1567,81
3249,8720,59616,11128,59616,1567,81
3249,8720,59617,11128,59617,1567,81
3248,8720,59618,11128,59618,1567,81
3248,8720,59619,11128,59619,1567,81
3248,8720,59620,11128,59620,1567,81
3248,8720,59621,11128,59621,1567,81
3248,8720,59622,11128,59622,1567,81
3248,8720,59623,11128,59623,1567,81
3248,8720,59624,11128,59624,1567,81
3248,8720,59625,11128,59625,1567,81
3248,8720,59626,11128,59626,1567,81
3248,8720,59627,11128,59627,1567,81
3248,8720,59628,11128,59628,1567,81
3248,8720,59629,11128,59629,1567,81
3248,8720,59630,11128,59630,1567,81
3248,8720,59631,11128,59631,1567,81
3248,8720,59632,11128,59632,1567,81
3248,8720,59633,11128,59633,1567,81
3247,8720,59634,11128,59634,1567,81
3247,8720,59635,11128,59635,1567,81
3247,8720,59636,11128,59636,1567,81
3247,8720,59637,11128,59637,1567,81
3247,8720,59638,11128,59638,1567,81
3247,8720,59639,11128,59639,1567,81
3248,8720,59640,11128,59640,1567,81
3248,8720,59641,11128,59641,1567,81
3248,8720,59642,11128,59642,1567,81
3248,8720,59643,11128,59643,1567,81
3248,8720,59644,11128,59644,1567,81
3248,8720,59645,11128,59645,1567,81
3248,8720,59646,11128,59646,1567,81
3248,8720,59647,11128,59647,1567,81
3248,8720,59648,11128,59648,1567,81
3248,8720,59649,11128,59649,1567,81
3248,8720,59650,11128,59650,1567,81
3248,8720,59651,11128,59651,1567,81
3248,8720,59652,11128,59652,1567,81
3248,8720,59653,11128,59653,1567,81
3248,8720,59654,11128,59654,1567,81
3248,8720,59655,11128,59655,1567,81
3248,8720,59656,11128,59656,1567,81
3248,8720,59657,11128,59657,1567,81
3248,8720,59658,11128,59658,1567,81
3248,8720,59659,11128,59659,1567,81
3248,8720,59660,11128,59660,1567,81
3248,8720,59661,11128,59661,1567,81
3248,8720,59662,11128,59662,1567,81
3248,8720,59663,11128,59663,1567,81
3248,8720,59664,11128,59664,1567,81
3248,8720,59665,11128,59665,1567,81
3248,8720,59666,11128,59666,1567,81
3248,8720,59667,11128,59667,1567,81
3248,8720,59668,11128,59668,1567,81
3248,8720,59669,11128,59669,1567,81
3248,8720,59670,11128,59670,1567,81
3248,8720,59671,11128,59671,1567,81
3248,8720,59672,11128,59672,1567,81
3248,8720,59673,11128,59673,1567,81
3248,8720,59674,11128,59674,1567,81
3248,8720,59675,11128,59675,1567,81
3248,8720,59676,11128,59676,1567,81
3248,8720,59677,11128,59677,1567,81
3248,8720,59678,11128,59678,1567,81
3248,8720,59679,11128,59679,1567,81
3248,8720,59680,11128,59680,1567,81
3248,8720,59681,11128,59681,1567,81
3248,8720,59682,11128,59682,1567,81
3248,8720,59683,11128,59683,1567,81
3248,8720,59684,11128,59684,1567,81
3248,8720,59685,11128,59685,1567,81
3248,8720,59686,11128,59686,1567,81
3248,8720,59687,11128,59687,1567,81
3248,8720,59688,11128,59688,1567,81
3248,8720,59689,11128,59689,1567,81
3248,8720,59690,11128,59690,1567,81
3248,8720,59691,11128,59691,1567,81
3248,8720,59692,11128,59692,1567,81
3248,8720,59693,11128,59693,1567,81
3248,8720,59694,11128,59694,1567,81
3248,8720,59695,11128,59695,1567,81
3248,8720,59696,11128,59696,1567,81
3248,8720,59697,11128,59697,1567,81
3248,8720,59698,11128,59698,1567,81
3248,8720,59699,11128,59699,1567,81
3248,8720,59700,11128,59700,1567,81
3248,8720,59701,11128,59701,1567,81
3248,8720,59702,11128,59702,1567,81
3248,8720,59703,11128,59703,1567,81
3248,8720,59704,11128,59704,1567,81
3248,8720,59705,11128,59705,1567,81
3248,8720,59706,11128,59706,1567,81
3248,8720,59707,11128,59707,1567,81
3248,8720,59708,11128,59708,1567,81
3248,8720,59709,11128,59709,1567,81
3248,8720,59710,11128,59710,1567,81
3248,8720,59711,11128,59711,1567,81
3248,8720,59712,11128,59712,1567,81
3248,8720,59713,11128,59713,1567,81
3248,8720,59714,11128,59714,1567,81
3248,8720,59715,11128,59715,1567,81
3248,8720,59716,11128,59716,1567,81
3248,8720,59717,11128,59717,1567,81
3248,8720,59718,11128,59718,1567,81
3248,8720,59719,11128,59719,1567,81
3248,8720,59720,11128,59720,1567,81
3248,8720,59721,11128,59721,1567,81
3248,8720,59722,11128,59722,1567,81
3248,8720,59723,11128,59723,1567,81
3248,8720,59724,11128,59724,1567,81
3248,8720,59725,11128,59725,1567,81
3248,8720,59726,11128,59726,1567,81
3248,8720,59727,11128,59727,1567,81
3248,8720,59728,11128,59728,1567,81
3248,8720,59729,11128,59729,1567,81
3248,8720,59730,11128,59730,1567,81
3248,8720,59731,11128,59731,1567,81
3248,8720,59732,11128,59732,1567,81
3248,8720,59733,11128,59733,1567,81
3248,8720,59734,11128,59734,1567,81
3248,8720,59735,11128,59735,1567,81
3248,8720,59736,11128,59736,1567,81
3248,8720,59737,11128,59737,1567,81
3248,8720,59738,11128,59738,1567,81
3248,8720,59739,11128,59739,1567,81
3248,8720,59740,11128,59740,1567,81
3248,8720,59741,11128,59741,1567,81
3248,8720,59742,11128,59742,1567,81
3248,8720,59743,11128,59743,1567,81
3248,8720,59744,11128,59744,1567,81
3248,8720,59745,11128,59745,1567,81
3248,8720,59746,11128,59746,1567,81
3248,8720,59747,11128,59747,1567,81
3248,8720,59748,11128,59748,1567,81
3248,8720,59749,11128,59749,1567,81
3248,8720,59750,11128,59750,1567,81
3248,8720,59751,11128,59751,1567,81
3248,8720,59752,11128,59752,1567,81
3249,8720,59753,11128,59753,1567,81
3249,8720,59754,11128,59754,1567,81
3249,8720,59755,11128,59755,1567,81
3249,8720,59756,11128,59756,1567,81
3249,8720,59757,11128,59757,1567,81
3249,8720,59758,11128,59758,1567,81
3249,8720,59759,11128,59759,1567,81
3249,8720,59760,11128,59760,1567,81
3249,8720,59761,11128,59761,1567,81
3249,8720,59762,11128,59762,1567,81
3249,8720,59763,11128,59763,1567,81
3249,8720,59764,11128,59764,1567,81
3249,8720,59765,11128,59765,1567,81
3249,8720,59766,11128,59766,1567,81
3249,8720,59767,11128,59767,1567,81
3249,8720,59768,11128,59768,1567,81
3249,8720,59769,11128,59769,1567,81
3249,8720,59770,11128,59770,1567,81
3249,8720,59771,11128,59771,1567,81
3249,8720,59772,11128,59772,1567,81
3249,8720,59773,11128,59773,1567,81
3249,8720,59774,11128,59774,1567,81
3249,8720,59775,11128,59775,1567,81
3249,8720,59776,11128,59776,1567,81
3249,8720,59777,11128,59777,1567,81
3249,8720,59778,11128,59778,1567,81
3249,8720,59779,11128,59779,1567,81
3249,8720,59780,11128,59780,1567,81
3249,8720,59781,11128,59781,1567,81
3249,8720,59782,11128,59782,1567,81
3249,8720,59783,11128,59783,1567,81
3249,8720,59784,11128,59784,1567,81
3249,8720,59785,11128,59785,1567,81
3249,8720,59786,11128,59786,1567,81
3249,8720,59787,11128,59787,1567,81
3249,8720,59788,11128,59788,1567,81
3249,8720,59789,11128,59789,1567,81
3249,8720,59790,11128,59790,1567,81
3249,8720,59791,11128,59791,1567,81
3249,8720,59792,11128,59792,1567,81
3249,8720,59793,11128,59793,1567,81
3249,8720,59794,11128,59794,1567,81
3249,8720,59795,11128,59795,1567,81
3249,8720,59796,11128,59796,1567,81
3249,8720,59797,11128,59797,1567,81
3249,8720,59798,11128,59798,1567,81
3249,8720,59799,11128,59799,1567,81
3249,8720,59800,11128,59800,1567,81
3249,8720,59801,11128,59801,1567,81
3249,8720,59802,11128,59802,1567,81
3249,8720,59803,11128,59803,1567,81
3249,8720,59804,11128,59804,1567,81
3249,8720,59805,11128,59805,1567,81
3249,8720,59806,11128,59806,1567,81
3249,8720,59807,11128,59807,1567,81
3249,8720,59808,11128,59808,1567,81
3249,8720,59809,11128,59809,1567,81
3249,8720,59810,11128,59810,1567,81
3249,8720,59811,11128,59811,1567,81
3249,8720,59812,11128,59812,1567,81
3249,8720,59813,11128,59813,1567,81
3249,8720,59814,11128,59814,1567,81
3249,8720,59815,11128,59815,1567,81
3249,8720,59816,11128,59816,1567,81
3249,8720,59817,11128,59817,1567,81
3249,8720,59818,11128,59818,1567,81
3249,8720,59819,11128,59819,1567,81
3249,8720,59820,11128,59820,1567,81
3249,8720,59821,11128,59821,1567,81
3249,8720,59822,11128,59822,1567,81
3249,8720,59823,11128,59823,1567,81
3249,8720,59824,11128,59824,1567,81
3249,8720,59825,11128,59825,1567,81
3249,8720,59826,11128,59826,1567,81
3249,8720,59827,11128,59827,1567,81
3249,8720,59828,11128,59828,1567,81
3249,8720,59829,11128,59829,1567,81
3249,8720,59830,11128,59830,1567,81
3249,8720,59831,11128,59831,1567,81
3249,8720,59832,11128,59832,1567,81
3249,8720,59833,11128,59833,1567,81
3249,8720,59834,11128,59834,1567,81
3249,8720,59835,11128,59835,1567,81
3249,8720,59836,11128,59836,1567,81
3249,8720,59837,11128,59837,1567,81
3249,8720,59838,11128,59838,1567,81
3249,8720,59839,11128,59839,1567,81
3249,8720,59840,11128,59840,1567,81
3249,8720,59841,11128,59841,1567,81
3249,8720,59842,11128,59842,1567,81
3249,8720,59843,11128,59843,1567,81
3249,8720,59844,11128,59844,1567,81
3249,8720,59845,11128,59845,1567,81
3249,8720,59846,11128,59846,1567,81
3249,8720,59847,11128,59847,1567,81
3249,8720,59848,11128,59848,1567,81
3249,8720,59849,11128,59849,1567,81
3249,8720,59850,11128,59850,1567,81
3249,8720,59851,11128,59851,1567,81
3249,8720,59852,11128,59852,1567,81
3249,8720,59853,11128,59853,1567,81
3249,8720,59854,11128,59854,1567,81
3248,8720,59855,11128,59855,1567,80
3248,8720,59856,11128,59856,1567,80
3248,8720,59857,11128,59857,1567,80
3248,8720,59858,11128,59858,1567,80
3248,8720,59859,11128,59859,1567,80
3248,8720,59860,11128,59860,1567,80
3248,8720,59861,11128,59861,1567,80
3248,8720,59862,11128,59862,1567,80
3248,8720,59863,11128,59863,1567,80
3249,8720,59864,11128,59864,1567,80
3249,8720,59865,11128,59865,1567,80
3249,8720,59866,11128,59866,1567,80
3249,8720,59867,11128,59867,1567,80
3249,8720,59868,11128,59868,1567,80
3249,8720,59869,11128,59869,1567,80
3249,8720,59870,11128,59870,1567,80
3249,8720,59871,11128,59871,1567,80
3249,8720,59872,11128,59872,1567,80
3249,8720,59873,11128,59873,1567,80
3249,8720,59874,11128,59874,1567,80
3249,8720,59875,11128,59875,1567,80
3249,8720,59876,11128,59876,1567,80
3249,8720,59877,11128,59877,1567,80
3249,8720,59878,11128,59878,1567,80
3249,8720,59879,11128,59879,1567,80
3249,8720,59880,11128,59880,1567,80
3249,8720,59881,11128,59881,1567,80
3249,8720,59882,11128,59882,1567,80
3249,8720,59883,11128,59883,1567,80
3249,8720,59884,11128,59884,1567,80
3249,8720,59885,11128,59885,1567,80
3249,8720,59886,11128,59886,1567,80
3249,8720,59887,11128,59887,1567,80
3249,8720,59888,11128,59888,1567,80
3249,8720,59889,11128,59889,1567,80
3249,8720,59890,11128,59890,1567,80
3249,8720,59891,11128,59891,1567,80
3249,8720,59892,11128,59892,1567,80
3249,8720,59893,11128,59893,1567,80
3249,8720,59894,11128,59894,1567,80
3249,8720,59895,11128,59895,1567,80
3249,8720,59896,11128,59896,1567,80
3249,8720,59897,11128,59897,1567,80
3249,8720,59898,11128,59898,1567,80
3249,8720,59899,11128,59899,1567,80
3249,8720,59900,11128,59900,1567,80
3249,8720,59901,11128,59901,1567,80
3249,8720,59902,11128,59902,1567,80
3249,8720,59903,11128,59903,1567,80
3249,8720,59904,11128,59904,1567,80
3249,8720,59905,11128,59905,1567,80
3249,8720,59906,11128,59906,1567,80
3249,8720,59907,11128,59907,1567,80
3249,8720,59908,11128,59908,1567,80
3249,8720,59909,11128,59909,1567,80
3249,8720,59910,11128,59910,1567,80
3249,8720,59911,11128,59911,1567,80
3249,8720,59912,11128,59912,1567,80
3249,8720,59913,11128,59913,1567,80
3249,8720,59914,11128,59914,1567,80
3250,8720,59915,11128,59915,1567,80
3250,8720,59916,11128,59916,1567,80
3250,8720,59917,11128,59917,1567,80
3250,8720,59918,11128,59918,1567,80
3250,8720,59919,11128,59919,1567,80
3250,8720,59920,11128,59920,1567,80
3250,8720,59921,11128,59921,1567,80
3250,8720,59922,11128,59922,1567,80
3250,8720,59923,11128,59923,1567,80
3250,8720,59924,11128,59924,1567,80
3250,8720,59925,11128,59925,1567,80
3250,8720,59926,11128,59926,1567,80
3250,8720,59927,11128,59927,1567,80
3250,8720,59928,11128,59928,1567,80
3250,8720,59929,11128,59929,1567,80
3250,8720,59930,11128,59930,1567,80
3250,8720,59931,11128,59931,1567,80
3250,8720,59932,11128,59932,1567,80
3250,8720,59933,11128,59933,1567,80
3250,8720,59934,11128,59934,1567,80
3250,8720,59935,11128,59935,1567,80
3250,8720,59936,11128,59936,1567,80
3250,8720,59937,11128,59937,1567,80
3250,8720,59938,11128,59938,1567,80
3250,8720,59939,11128,59939,1567,80
3250,8720,59940,11128,59940,1567,80
3250,8720,59941,11128,59941,1567,80
3250,8720,59942,11128,59942,1567,80
3249,8720,59943,11128,59943,1567,79
3249,8720,59944,11128,59944,1567,79
3249,8720,59945,11128,59945,1567,79
3249,8720,59946,11128,59946,1567,79
3249,8720,59947,11128,59947,1567,79
3249,8720,59948,11128,59948,1567,79
3249,8720,59949,11128,59949,1567,79
3249,8720,59950,11128,59950,1567,79
3249,8720,59951,11128,59951,1567,79
3249,8720,59952,11128,59952,1567,79
3249,8720,59953,11128,59953,1567,79
3249,8720,59954,11128,59954,1567,79
3249,8720,59955,11128,59955,1567,79
3249,8720,59956,11128,59956,1567,79
3249,8720,59957,11128,59957,1567,79
3249,8720,59958,11128,59958,1567,79
3249,8720,59959,11128,59959,1567,79
3249,8720,59960,11128,59960,1567,79
3249,8720,59961,11128,59961,1567,79
3249,8720,59962,11128,59962,1567,79
3249,8720,59963,11128,59963,1567,79
3249,8720,59964,11128,59964,1567,79
3249,8720,59965,11128,59965,1567,79
3250,8720,59966,11128,59966,1567,79
3250,8720,59967,11128,59967,1567,79
3250,8720,59968,11128,59968,1567,79
3250,8720,59969,11128,59969,1567,79
3250,8720,59970,11128,59970,1567,79
3250,8720,59971,11128,59971,1567,79
3250,8720,59972,11128,59972,1567,79
3250,8720,59973,11128,59973,1567,79
3250,8720,59974,11128,59974,1567,79
3250,8720,59975,11128,59975,1567,79
3250,8720,59976,11128,59976,1567,79
3250,8720,59977,11128,59977,1567,79
3250,8720,59978,11128,59978,1567,79
3250,8720,59979,11128,59979,1567,79
3250,8720,59980,11128,59980,1567,79
3250,8720,59981,11128,59981,1567,79
3250,8720,59982,11128,59982,1567,79
3250,8720,59983,11128,59983,1567,79
3250,8720,59984,11128,59984,1567,79
3250,8720,59985,11128,59985,1567,79
3250,8720,59986,11128,59986,1567,79
3250,8720,59987,11128,59987,1567,79
3250,8720,59988,11128,59988,1567,79
3250,8720,59989,11128,59989,1567,79
3250,8720,59990,11128,59990,1567,79
3250,8720,59991,11128,59991,1567,79
3250,8720,59992,11128,59992,1567,79
3250,8720,59993,11128,59993,1567,79
3250,8720,59994,11128,59994,1567,79
3250,8720,59995,11128,59995,1567,79
3250,8720,59996,11128,59996,1567,79
3250,8720,59997,11128,59997,1567,79
3250,8720,59998,11128,59998,1567,79
3250,8720,59999,11128,59999,1567,79
3250,8720,60000,11128,60000,1567,79
3250,8720,60001,11128,60001,1567,79
3250,8720,60002,11128,60002,1567,79
3250,8720,60003,11128,60003,1567,79
3250,8720,60004,11128,60004,1567,79
3250,8720,60005,11128,60005,1567,79
3250,8720,60006,11128,60006,1567,79
3250,8720,60007,11128,60007,1567,79
3250,8720,60008,11128,60008,1567,79
3250,8720,60009,11128,60009,1567,79
3250,8720,60010,11128,60010,1567,79
3250,8720,60011,11128,60011,1567,79
3250,8720,60012,11128,60012,1567,79
3250,8720,60013,11128,60013,1567,79
3250,8720,60014,11128,60014,1567,79
3250,8720,60015,11128,60015,1567,79
3250,8720,60016,11128,60016,1567,79
3250,8720,60017,11128,60017,1567,79
3250,8720,60018,11128,60018,1567,79
3250,8720,60019,11128,60019,1567,79
3250,8720,60020,11128,60020,1567,79
3250,8720,60021,11128,60021,1567,79
3249,8720,60022,11128,60022,1567,79
3249,8720,60023,11128,60023,1567,79
3249,8720,60024,11128,60024,1567,79
3249,8720,60025,11128,60025,1567,79
3249,8720,60026,11128,60026,1567,79
3249,8720,60027,11128,60027,1567,79
3249,8720,60028,11128,60028,1567,79
3249,8720,60029,11128,60029,1567,79
3249,8720,60030,11128,60030,1567,79
3249,8720,60031,11128,60031,1567,79
3249,8720,60032,11128,60032,1567,79
3249,8720,60033,11128,60033,1567,79
3249,8720,60034,11128,60034,1567,79
3249,8720,60035,11128,60035,1567,79
3249,8720,60036,11128,60036,1567,79
3249,8720,60037,11128,60037,1567,79
3249,8720,60038,11128,60038,1567,79
3249,8720,60039,11128,60039,1567,79
3249,8720,60040,11128,60040,1567,79
3249,8720,60041,11128,60041,1567,79
3248,8720,60042,11128,60042,1567,79
3248,8720,60043,11128,60043,1567,79
3248,8720,60044,11128,60044,1567,79
3248,8720,60045,11128,60045,1567,79
3248,8720,60046,11128,60046,1567,79
3248,8720,60047,11128,60047,1567,79
3248,8720,60048,11128,60048,1567,79
3248,8720,60049,11128,60049,1567,79
3248,8720,60050,11128,60050,1567,79
3248,8720,60051,11128,60051,1567,79
3248,8720,60052,11128,60052,1567,79
3248,8720,60053,11128,60053,1567,79
3248,8720,60054,11128,60054,1567,79
3248,8720,60055,11128,60055,1567,79
3248,8720,60056,11128,60056,1567,79
3247,8720,60057,11128,60057,1567,79
3247,8720,60058,11128,60058,1567,79
3247,8720,60059,11128,60059,1567,79
3247,8720,60060,11128,60060,1567,79
3247,8720,60061,11128,60061,1567,79
3247,8720,60062,11128,60062,1567,79
3247,8720,60063,11128,60063,1567,79
3247,8720,60064,11128,60064,1567,79
3247,8720,60065,11128,60065,1567,79
3247,8720,60066,11128,60066,1567,79
3247,8720,60067,11128,60067,1567,79
3247,8720,60068,11128,60068,1567,79
3247,8720,60069,11128,60069,1567,79
3248,8720,60070,11128,60070,1567,79
3248,8720,60071,11128,60071,1567,79
3248,8720,60072,11128,60072,1567,79
3248,8720,60073,11128,60073,1567,79
3248,8720,60074,11128,60074,1567,79
3248,8720,60075,11128,60075,1567,79
3248,8720,60076,11128,60076,1567,79
3248,8720,60077,11128,60077,1567,79
3248,8720,60078,11128,60078,1567,79
3248,8720,60079,11128,60079,1567,79
3248,8720,60080,11128,60080,1567,79
3248,8720,60081,11128,60081,1567,79
3248,8720,60082,11128,60082,1567,79
3248,8720,60083,11128,60083,1567,79
3248,8720,60084,11128,60084,1567,79
3248,8720,60085,11128,60085,1567,79
3248,8720,60086,11128,60086,1567,79
3248,8720,60087,11128,60087,1567,79
3248,8720,60088,11128,60088,1567,79
3248,8720,60089,11128,60089,1567,79
3248,8720,60090,11128,60090,1567,79
3248,8720,60091,11128,60091,1567,79
3248,8720,60092,11128,60092,1567,79
3247,8720,60093,11128,60093,1567,79
3247,8720,60094,11128,60094,1567,79
3247,8720,60095,11128,60095,1567,79
3247,8720,60096,11128,60096,1567,79
3247,8720,60097,11128,60097,1567,79
3247,8720,60098,11128,60098,1567,79
3247,8720,60099,11128,60099,1567,79
3247,8720,60100,11128,60100,1567,79
3247,8720,60101,11128,60101,1567,79
3247,8720,60102,11128,60102,1567,79
3247,8720,60103,11128,60103,1567,79
3247,8720,60104,11128,60104,1567,79
3247,8720,60105,11128,60105,1567,79
3247,8720,60106,11128,60106,1567,79
3247,8720,60107,11128,60107,1567,79
3247,8720,60108,11128,60108,1567,79
3247,8720,60109,11128,60109,1567,79
3247,8720,60110,11128,60110,1567,79
3247,8720,60111,11128,60111,1567,79
3247,8720,60112,11128,60112,1567,79
3247,8720,60113,11128,60113,1567,79
3247,8720,60114,11128,60114,1567,79
3247,8720,60115,11128,60115,1567,79
3246,8720,60116,11128,60116,1567,79
3246,8720,60117,11128,60117,1567,79
3246,8720,60118,11128,60118,1567,79
3246,8720,60119,11128,60119,1567,79
3246,8720,60120,11128,60120,1567,79
3246,8720,60121,11128,60121,1567,79
3246,8720,60122,11128,60122,1567,79
3246,8720,60123,11128,60123,1567,79
3246,8720,60124,11128,60124,1567,79
3246,8720,60125,11128,60125,1567,79
3246,8720,60126,11128,60126,1567,79
3246,8720,60127,11128,60127,1567,79
3246,8720,60128,11128,60128,1567,79
3246,8720,60129,11128,60129,1567,79
3246,8720,60130,11128,60130,1567,79
3246,8720,60131,11128,60131,1567,79
3246,8720,60132,11128,60132,1567,79
3246,8720,60133,11128,60133,1567,79
3246,8720,60134,11128,60134,1567,79
3246,8720,60135,11128,60135,1567,79
3246,8720,60136,11128,60136,1567,79
3246,8720,60137,11128,60137,1567,79
3246,8720,60138,11128,60138,1567,79
3246,8720,60139,11128,60139,1567,79
3246,8720,60140,11128,60140,1567,79
3246,8720,60141,11128,60141,1567,79
3246,8720,60142,11128,60142,1567,79
3246,8720,60143,11128,60143,1567,79
3246,8720,60144,11128,60144,1567,79
3246,8720,60145,11128,60145,1567,79
3246,8720,60146,11128,60146,1567,79
3246,8720,60147,11128,60147,1567,79
3246,8720,60148,11128,60148,1567,79
3246,8720,60149,11128,60149,1567,79
3246,8720,60150,11128,60150,1567,79
3246,8720,60151,11128,60151,1567,79
3246,8720,60152,11128,60152,1567,79
3246,8720,60153,11128,60153,1567,79
3246,8720,60154,11128,60154,1567,79
3246,8720,60155,11128,60155,1567,79
3246,8720,60156,11128,60156,1567,79
3246,8720,60157,11128,60157,1567,79
3246,8720,60158,11128,60158,1567,79
3246,8720,60159,11128,60159,1567,79
3246,8720,60160,11128,60160,1567,79
3246,8720,60161,11128,60161,1567,79
3247,8720,60162,11128,60162,1567,79
3247,8720,60163,11128,60163,1567,79
3247,8720,60164,11128,60164,1567,79
3247,8720,60165,11128,60165,1567,79
3247,8720,60166,11128,60166,1567,79
3247,8720,60167,11128,60167,1567,79
3247,8720,60168,11128,60168,1567,79
3247,8720,60169,11128,60169,1567,79
3247,8720,60170,11128,60170,1567,79
3247,8720,60171,11128,60171,1567,79
3247,8720,60172,11128,60172,1567,79
3247,8720,60173,11128,60173,1567,79
3247,8720,60174,11128,60174,1567,79
3247,8720,60175,11128,60175,1567,79
3247,8720,60176,11128,60176,1567,79
3247,8720,60177,11128,60177,1567,79
3247,8720,60178,11128,60178,1567,79
3247,8720,60179,11128,60179,1567,79
3247,8720,60180,11128,60180,1567,79
3247,8720,60181,11128,60181,1567,79
3247,8720,60182,11128,60182,1567,79
3247,8720,60183,11128,60183,1567,79
3247,8720,60184,11128,60184,1567,79
3247,8720,60185,11128,60185,1567,79
3247,8720,60186,11128,60186,1567,79
3247,8720,60187,11128,60187,1567,79
3247,8720,60188,11128,60188,1567,79
3247,8720,60189,11128,60189,1567,79
3247,8720,60190,11128,60190,1567,79
3247,8720,60191,11128,60191,1567,79
3247,8720,60192,11128,60192,1567,79
3247,8720,60193,11128,60193,1567,79
3247,8720,60194,11128,60194,1567,79
3247,8720,60195,11128,60195,1567,79
3247,8720,60196,11128,60196,1567,79
3247,8720,60197,11128,60197,1567,79
3247,8720,60198,11128,60198,1567,79
3247,8720,60199,11128,60199,1567,79
3248,8720,60200,11128,60200,1567,79
3248,8720,60201,11128,60201,1567,79
3248,8720,60202,11128,60202,1567,79
3248,8720,60203,11128,60203,1567,79
3248,8720,60204,11128,60204,1567,79
3248,8720,60205,11128,60205,1567,79
3248,8720,60206,11128,60206,1567,79
3248,8720,60207,11128,60207,1567,79
3248,8720,60208,11128,60208,1567,79
3248,8720,60209,11128,60209,1567,79
3248,8720,60210,11128,60210,1567,79
3248,8720,60211,11128,60211,1567,79
3248,8720,60212,11128,60212,1567,79
3248,8720,60213,11128,60213,1567,79
3248,8720,60214,11128,60214,1567,79
3248,8720,60215,11128,60215,1567,79
3248,8720,60216,11128,60216,1567,79
3247,8720,60217,11128,60217,1567,79
3247,8720,60218,11128,60218,1567,79
3247,8720,60219,11128,60219,1567,79
3247,8720,60220,11128,60220,1567,79
3247,8720,60221,11128,60221,1567,79
3247,8720,60222,11128,60222,1567,79
3247,8720,60223,11128,60223,1567,79
3247,8720,60224,11128,60224,1567,79
3247,8720,60225,11128,60225,1567,79
3247,8720,60226,11128,60226,1567,79
3247,8720,60227,11128,60227,1567,79
3247,8720,60228,11128,60228,1567,79
3247,8720,60229,11128,60229,1567,79
3247,8720,60230,11128,60230,1567,79
3247,8720,60231,11128,60231,1567,79
3246,8720,60232,11128,60232,1567,79
3246,8720,60233,11128,60233,1567,79
3246,8720,60234,11128,60234,1567,79
3246,8720,60235,11128,60235,1567,79
3246,8720,60236,11128,60236,1567,79
3246,8720,60237,11128,60237,1567,79
3246,8720,60238,11128,60238,1567,79
3246,8720,60239,11128,60239,1567,79
3246,8720,60240,11128,60240,1567,79
3246,8720,60241,11128,60241,1567,79
3246,8720,60242,11128,60242,1567,79
3246,8720,60243,11128,60243,1567,79
3246,8720,60244,11128,60244,1567,79
3246,8720,60245,11128,60245,1567,79
3246,8720,60246,11128,60246,1567,79
3245,8720,60247,11128,60247,1567,79
3245,8720,60248,11128,60248,1567,79
3245,8720,60249,11128,60249,1567,79
3245,8720,60250,11128,60250,1567,79
3245,8720,60251,11128,60251,1567,79
3245,8720,60252,11128,60252,1567,79
3245,8720,60253,11128,60253,1567,79
3245,8720,60254,11128,60254,1567,79
3245,8720,60255,11128,60255,1567,79
3245,8720,60256,11128,60256,1567,79
3245,8720,60257,11128,60257,1567,79
3245,8720,60258,11128,60258,1567,79
3245,8720,60259,11128,60259,1567,79
3245,8720,60260,11128,60260,1567,79
3246,8720,60261,11128,60261,1567,79
3246,8720,60262,11128,60262,1567,79
3246,8720,60263,11128,60263,1567,79
3245,8720,60264,11128,60264,1567,78
3245,8720,60265,11128,60265,1567,78
3245,8720,60266,11128,60266,1567,78
3245,8720,60267,11128,60267,1567,78
3245,8720,60268,11128,60268,1567,78
3245,8720,60269,11128,60269,1567,78
3245,8720,60270,11128,60270,1567,78
3245,8720,60271,11128,60271,1567,78
3245,8720,60272,11128,60272,1567,78
3245,8720,60273,11128,60273,1567,78
3245,8720,60274,11128,60274,1567,78
3245,8720,60275,11128,60275,1567,78
3245,8720,60276,11128,60276,1567,78
3245,8720,60277,11128,60277,1567,78
3245,8720,60278,11128,60278,1567,78
3245,8720,60279,11128,60279,1567,78
3245,8720,60280,11128,60280,1567,78
3245,8720,60281,11128,60281,1567,78
3245,8720,60282,11128,60282,1567,78
3245,8720,60283,11128,60283,1567,78
3245,8720,60284,11128,60284,1567,78
3245,8720,60285,11128,60285,1567,78
3245,8720,60286,11128,60286,1567,78
3245,8720,60287,11128,60287,1567,78
3245,8720,60288,11128,60288,1567,78
3245,8720,60289,11128,60289,1567,78
3245,8720,60290,11128,60290,1567,78
3245,8720,60291,11128,60291,1567,78
3245,8720,60292,11128,60292,1567,78
3245,8720,60293,11128,60293,1567,78
3244,8720,60294,11128,60294,1567,78
3244,8720,60295,11128,60295,1567,78
3244,8720,60296,11128,60296,1567,78
3244,8720,60297,11128,60297,1567,78
3244,8720,60298,11128,60298,1567,78
3244,8720,60299,11128,60299,1567,78
3244,8720,60300,11128,60300,1567,78
3244,8720,60301,11128,60301,1567,78
3244,8720,60302,11128,60302,1567,78
3244,8720,60303,11128,60303,1567,78
3244,8720,60304,11128,60304,1567,78
3244,8720,60305,11128,60305,1567,78
3244,8720,60306,11128,60306,1567,78
3244,8720,60307,11128,60307,1567,78
3244,8720,60308,11128,60308,1567,78
3244,8720,60309,11128,60309,1567,78
3244,8720,60310,11128,60310,1567,78
3244,8720,60311,11128,60311,1567,78
3244,8720,60312,11128,60312,1567,78
3244,8720,60313,11128,60313,1567,78
3244,8720,60314,11128,60314,1567,78
3243,8720,60315,11128,60315,1567,78
3243,8720,60316,11128,60316,1567,78
3243,8720,60317,11128,60317,1567,78
3243,8720,60318,11128,60318,1567,78
3243,8720,60319,11128,60319,1567,78
3243,8720,60320,11128,60320,1567,78
3243,8720,60321,11128,60321,1567,78
3243,8720,60322,11128,60322,1567,78
3243,8720,60323,11128,60323,1567,78
3243,8720,60324,11128,60324,1567,78
3243,8720,60325,11128,60325,1567,78
3243,8720,60326,11128,60326,1567,78
3243,8720,60327,11128,60327,1567,78
3243,8720,60328,11128,60328,1567,78
3243,8720,60329,11128,60329,1567,78
3243,8720,60330,11128,60330,1567,78
3243,8720,60331,11128,60331,1567,78
3243,8720,60332,11128,60332,1567,78
3243,8720,60333,11128,60333,1567,78
3243,8720,60334,11128,60334,1567,78
3243,8720,60335,11128,60335,1567,78
3243,8720,60336,11128,60336,1567,78
3243,8720,60337,11128,60337,1567,78
3243,8720,60338,11128,60338,1567,78
3243,8720,60339,11128,60339,1567,78
3243,8720,60340,11128,60340,1567,78
3243,8720,60341,11128,60341,1567,78
3243,8720,60342,11128,60342,1567,78
3243,8720,60343,11128,60343,1567,78
3243,8720,60344,11128,60344,1567,78
3243,8720,60345,11128,60345,1567,78
3243,8720,60346,11128,60346,1567,78
3243,8720,60347,11128,60347,1567,78
3243,8720,60348,11128,60348,1567,78
3243,8720,60349,11128,60349,1567,78
3243,8720,60350,11128,60350,1567,78
3243,8720,60351,11128,60351,1567,78
3243,8720,60352,11128,60352,1567,78
3243,8720,60353,11128,60353,1567,78
3243,8720,60354,11128,60354,1567,78
3243,8720,60355,11128,60355,1567,78
3244,8720,60356,11128,60356,1567,78
3244,8720,60357,11128,60357,1567,78
3244,8720,60358,11128,60358,1567,78
3244,8720,60359,11128,60359,1567,78
3244,8720,60360,11128,60360,1567,78
3244,8720,60361,11128,60361,1567,78
3244,8720,60362,11128,60362,1567,78
3244,8720,60363,11128,60363,1567,78
3244,8720,60364,11128,60364,1567,78
3244,8720,60365,11128,60365,1567,78
3244,8720,60366,11128,60366,1567,78
3244,8720,60367,11128,60367,1567,78
3244,8720,60368,11128,60368,1567,78
3244,8720,60369,11128,60369,1567,78
3244,8720,60370,11128,60370,1567,78
3244,8720,60371,11128,60371,1567,78
3244,8720,60372,11128,60372,1567,78
3244,8720,60373,11128,60373,1567,78
3244,8720,60374,11128,60374,1567,78
3244,8720,60375,11128,60375,1567,78
3244,8720,60376,11128,60376,1567,78
3244,8720,60377,11128,60377,1567,78
3244,8720,60378,11128,60378,1567,78
3244,8720,60379,11128,60379,1567,78
3244,8720,60380,11128,60380,1567,78
3244,8720,60381,11128,60381,1567,78
3244,8720,60382,11128,60382,1567,78
3244,8720,60383,11128,60383,1567,78
3244,8720,60384,11128,60384,1567,78
3244,8720,60385,11128,60385,1567,78
3244,8720,60386,11128,60386,1567,78
3244,8720,60387,11128,60387,1567,78
3244,8720,60388,11128,60388,1567,78
3244,8720,60389,11128,60389,1567,78
3244,8720,60390,11128,60390,1567,78
3244,8720,60391,11128,60391,1567,78
3244,8720,60392,11128,60392,1567,78
3244,8720,60393,11128,60393,1567,78
3244,8720,60394,11128,60394,1567,78
3244,8720,60395,11128,60395,1567,78
3244,8720,60396,11128,60396,1567,78
3244,8720,60397,11128,60397,1567,78
3244,8720,60398,11128,60398,1567,78
3244,8720,60399,11128,60399,1567,78
3244,8720,60400,11128,60400,1567,78
3244,8720,60401,11128,60401,1567,78
3244,8720,60402,11128,60402,1567,78
3244,8720,60403,11128,60403,1567,78
3244,8720,60404,11128,60404,1567,78
3244,8720,60405,11128,60405,1567,78
3244,8720,60406,11128,60406,1567,78
3244,8720,60407,11128,60407,1567,78
3244,8720,60408,11128,60408,1567,78
3244,8720,60409,11128,60409,1567,78
3244,8720,60410,11128,60410,1567,78
3244,8720,60411,11128,60411,1567,78
3244,8720,60412,11128,60412,1567,78
3244,8720,60413,11128,60413,1567,78
3244,8720,60414,11128,60414,1567,78
3244,8720,60415,11128,60415,1567,78
3244,8720,60416,11128,60416,1567,78
3244,8720,60417,11128,60417,1567,78
3244,8720,60418,11128,60418,1567,78
3244,8720,60419,11128,60419,1567,78
3244,8720,60420,11128,60420,1567,78
3244,8720,60421,11128,60421,1567,78
3244,8720,60422,11128,60422,1567,78
3244,8720,60423,11128,60423,1567,78
3244,8720,60424,11128,60424,1567,78
3244,8720,60425,11128,60425,1567,78
3244,8720,60426,11128,60426,1567,78
3244,8720,60427,11128,60427,1567,78
3243,8720,60428,11128,60428,1567,78
3243,8720,60429,11128,60429,1567,78
3243,8720,60430,11128,60430,1567,78
3243,8720,60431,11128,60431,1567,78
3243,8720,60432,11128,60432,1567,78
3243,8720,60433,11128,60433,1567,78
3243,8720,60434,11128,60434,1567,78
3243,8720,60435,11128,60435,1567,78
3243,8720,60436,11128,60436,1567,78
3243,8720,60437,11128,60437,1567,78
3243,8720,60438,11128,60438,1567,78
3243,8720,60439,11128,60439,1567,78
3243,8720,60440,11128,60440,1567,78
3243,8720,60441,11128,60441,1567,78
3243,8720,60442,11128,60442,1567,78
3243,8720,60443,11128,60443,1567,78
3242,8720,60444,11128,60444,1567,77
3242,8720,60445,11128,60445,1567,77
3242,8720,60446,11128,60446,1567,77
3242,8720,60447,11128,60447,1567,77
3242,8720,60448,11128,60448,1567,77
3242,8720,60449,11128,60449,1567,77
3242,8720,60450,11128,60450,1567,77
3242,8720,60451,11128,60451,1567,77
3242,8720,60452,11128,60452,1567,77
3242,8720,60453,11128,60453,1567,77
3241,8720,60454,11128,60454,1567,77
3241,8720,60455,11128,60455,1567,77
3242,8720,60456,11128,60456,1567,77
3242,8720,60457,11128,60457,1567,77
3242,8720,60458,11128,60458,1567,77
3242,8720,60459,11128,60459,1567,77
3242,8720,60460,11128,60460,1567,77
3242,8720,60461,11128,60461,1567,77
3242,8720,60462,11128,60462,1567,77
3242,8720,60463,11128,60463,1567,77
3242,8720,60464,11128,60464,1567,77
3242,8720,60465,11128,60465,1567,77
3242,8720,60466,11128,60466,1567,77
3242,8720,60467,11128,60467,1567,77
3242,8720,60468,11128,60468,1567,77
3242,8720,60469,11128,60469,1567,77
3243,8720,60470,11128,60470,1567,77
3243,8720,60471,11128,60471,1567,77
3243,8720,60472,11128,60472,1567,77
3243,8720,60473,11128,60473,1567,77
3243,8720,60474,11128,60474,1567,77
3243,8720,60475,11128,60475,1567,77
3243,8720,60476,11128,60476,1567,77
3243,8720,60477,11128,60477,1567,77
3243,8720,60478,11128,60478,1567,77
3243,8720,60479,11128,60479,1567,77
3243,8720,60480,11128,60480,1567,77
3243,8720,60481,11128,60481,1567,77
3243,8720,60482,11128,60482,1567,77
3243,8720,60483,11128,60483,1567,77
3243,8720,60484,11128,60484,1567,77
3243,8720,60485,11128,60485,1567,77
3243,8720,60486,11128,60486,1567,77
3243,8720,60487,11128,60487,1567,77
3243,8720,60488,11128,60488,1567,77
3243,8720,60489,11128,60489,1567,77
3243,8720,60490,11128,60490,1567,77
3243,8720,60491,11128,60491,1567,77
3243,8720,60492,11128,60492,1567,77
3243,8720,60493,11128,60493,1567,77
3243,8720,60494,11128,60494,1567,77
3243,8720,60495,11128,60495,1567,77
3243,8720,60496,11128,60496,1567,77
3243,8720,60497,11128,60497,1567,77
3243,8720,60498,11128,60498,1567,77
3243,8720,60499,11128,60499,1567,77
3243,8720,60500,11128,60500,1567,77
3243,8720,60501,11128,60501,1567,77
3243,8720,60502,11128,60502,1567,77
3243,8720,60503,11128,60503,1567,77
3243,8720,60504,11128,60504,1567,77
3243,8720,60505,11128,60505,1567,77
3243,8720,60506,11128,60506,1567,77
3243,8720,60507,11128,60507,1567,77
3243,8720,60508,11128,60508,1567,77
3243,8720,60509,11128,60509,1567,77
3243,8720,60510,11128,60510,1567,77
3243,8720,60511,11128,60511,1567,77
3243,8720,60512,11128,60512,1567,77
3243,8720,60513,11128,60513,1567,77
3243,8720,60514,11128,60514,1567,77
3243,8720,60515,11128,60515,1567,77
3243,8720,60516,11128,60516,1567,77
3243,8720,60517,11128,60517,1567,77
3243,8720,60518,11128,60518,1567,77
3243,8720,60519,11128,60519,1567,77
3243,8720,60520,11128,60520,1567,77
3243,8720,60521,11128,60521,1567,77
3243,8720,60522,11128,60522,1567,77
3243,8720,60523,11128,60523,1567,77
3243,8720,60524,11128,60524,1567,77
3243,8720,60525,11128,60525,1567,77
3243,8720,60526,11128,60526,1567,77
3243,8720,60527,11128,60527,1567,77
3243,8720,60528,11128,60528,1567,77
3243,8720,60529,11128,60529,1567,77
3243,8720,60530,11128,60530,1567,77
3243,8720,60531,11128,60531,1567,77
3243,8720,60532,11128,60532,1567,77
3242,8720,60533,11128,60533,1567,77
3242,8720,60534,11128,60534,1567,77
3242,8720,60535,11128,60535,1567,77
3242,8720,60536,11128,60536,1567,77
3242,8720,60537,11128,60537,1567,77
3242,8720,60538,11128,60538,1567,77
3242,8720,60539,11128,60539,1567,77
3242,8720,60540,11128,60540,1567,77
3242,8720,60541,11128,60541,1567,77
3242,8720,60542,11128,60542,1567,77
3242,8720,60543,11128,60543,1567,77
3242,8720,60544,11128,60544,1567,77
3242,8720,60545,11128,60545,1567,77
3242,8720,60546,11128,60546,1567,77
3242,8720,60547,11128,60547,1567,77
3242,8720,60548,11128,60548,1567,77
3242,8720,60549,11128,60549,1567,77
3242,8720,60550,11128,60550,1567,77
3242,8720,60551,11128,60551,1567,77
3242,8720,60552,11128,60552,1567,77
3242,8720,60553,11128,60553,1567,77
3242,8720,60554,11128,60554,1567,77
3242,8720,60555,11128,60555,1567,77
3242,8720,60556,11128,60556,1567,77
3242,8720,60557,11128,60557,1567,77
3242,8720,60558,11128,60558,1567,77
3242,8720,60559,11128,60559,1567,77
3242,8720,60560,11128,60560,1567,77
3242,8720,60561,11128,60561,1567,77
3242,8720,60562,11128,60562,1567,77
3242,8720,60563,11128,60563,1567,77
3242,8720,60564,11128,60564,1567,77
3242,8720,60565,11128,60565,1567,77
3242,8720,60566,11128,60566,1567,77
3241,8720,60567,11128,60567,1567,77
3241,8720,60568,11128,60568,1567,77
3241,8720,60569,11128,60569,1567,77
3241,8720,60570,11128,60570,1567,77
3241,8720,60571,11128,60571,1567,77
3241,8720,60572,11128,60572,1567,77
3240,8720,60573,11128,60573,1567,77
3240,8720,60574,11128,60574,1567,77
3240,8720,60575,11128,60575,1567,77
3240,8720,60576,11128,60576,1567,77
3240,8720,60577,11128,60577,1567,77
3240,8720,60578,11128,60578,1567,77
3240,8720,60579,11128,60579,1567,77
3240,8720,60580,11128,60580,1567,77
3240,8720,60581,11128,60581,1567,77
3240,8720,60582,11128,60582,1567,77
3240,8720,60583,11128,60583,1567,77
3240,8720,60584,11128,60584,1567,77
3240,8720,60585,11128,60585,1567,77
3240,8720,60586,11128,60586,1567,77
3240,8720,60587,11128,60587,1567,77
3240,8720,60588,11128,60588,1567,77
3239,8720,60589,11128,60589,1567,77
3239,8720,60590,11128,60590,1567,77
3239,8720,60591,11128,60591,1567,77
3239,8720,60592,11128,60592,1567,77
3239,8720,60593,11128,60593,1567,77
3239,8720,60594,11128,60594,1567,77
3239,8720,60595,11128,60595,1567,77
3239,8720,60596,11128,60596,1567,77
3239,8720,60597,11128,60597,1567,77
3239,8720,60598,11128,60598,1567,77
3239,8720,60599,11128,60599,1567,77
3239,8720,60600,11128,60600,1567,77
3239,8720,60601,11128,60601,1567,77
3239,8720,60602,11128,60602,1567,77
3239,8720,60603,11128,60603,1567,77
3239,8720,60604,11128,60604,1567,77
3239,8720,60605,11128,60605,1567,77
3239,8720,60606,11128,60606,1567,77
3239,8720,60607,11128,60607,1567,77
3239,8720,60608,11128,60608,1567,77
3239,8720,60609,11128,60609,1567,77
3239,8720,60610,11128,60610,1567,77
3237,8720,60611,11128,60611,1567,76
3237,8720,60612,11128,60612,1567,76
3237,8720,60613,11128,60613,1567,76
3237,8720,60614,11128,60614,1567,76
3237,8720,60615,11128,60615,1567,76
3237,8720,60616,11128,60616,1567,76
3237,8720,60617,11128,60617,1567,76
3237,8720,60618,11128,60618,1567,76
3237,8720,60619,11128,60619,1567,76
3237,8720,60620,11128,60620,1567,76
3237,8720,60621,11128,60621,1567,76
3237,8720,60622,11128,60622,1567,76
3237,8720,60623,11128,60623,1567,76
3237,8720,60624,11128,60624,1567,76
3237,8720,60625,11128,60625,1567,76
3237,8720,60626,11128,60626,1567,76
3237,8720,60627,11128,60627,1567,76
3237,8720,60628,11128,60628,1567,76
3237,8720,60629,11128,60629,1567,76
3237,8720,60630,11128,60630,1567,76
3237,8720,60631,11128,60631,1567,76
3237,8720,60632,11128,60632,1567,76
3237,8720,60633,11128,60633,1567,76
3237,8720,60634,11128,60634,1567,76
3237,8720,60635,11128,60635,1567,76
3237,8720,60636,11128,60636,1567,76
3237,8720,60637,11128,60637,1567,76
3237,8720,60638,11128,60638,1567,76
3237,8720,60639,11128,60639,1567,76
3237,8720,60640,11128,60640,1567,76
3237,8720,60641,11128,60641,1567,76
3237,8720,60642,11128,60642,1567,76
3237,8720,60643,11128,60643,1567,76
3237,8720,60644,11128,60644,1567,76
3237,8720,60645,11128,60645,1567,76
3237,8720,60646,11128,60646,1567,76
3237,8720,60647,11128,60647,1567,76
3237,8720,60648,11128,60648,1567,76
3237,8720,60649,11128,60649,1567,76
3237,8720,60650,11128,60650,1567,76
3237,8720,60651,11128,60651,1567,76
3237,8720,60652,11128,60652,1567,76
3237,8720,60653,11128,60653,1567,76
3237,8720,60654,11128,60654,1567,76
3237,8720,60655,11128,60655,1567,76
3237,8720,60656,11128,60656,1567,76
3237,8720,60657,11128,60657,1567,76
3237,8720,60658,11128,60658,1567,76
3237,8720,60659,11128,60659,1567,76
3237,8720,60660,11128,60660,1567,76
3237,8720,60661,11128,60661,1567,76
3237,8720,60662,11128,60662,1567,76
3237,8720,60663,11128,60663,1567,76
3237,8720,60664,11128,60664,1567,76
3237,8720,60665,11128,60665,1567,76
3237,8720,60666,11128,60666,1567,76
3237,8720,60667,11128,60667,1567,76
3237,8720,60668,11128,60668,1567,76
3237,8720,60669,11128,60669,1567,76
3237,8720,60670,11128,60670,1567,76
3237,8720,60671,11128,60671,1567,76
3237,8720,60672,11128,60672,1567,76
3237,8720,60673,11128,60673,1567,76
3237,8720,60674,11128,60674,1567,76
3237,8720,60675,11128,60675,1567,76
3237,8720,60676,11128,60676,1567,76
3237,8720,60677,11128,60677,1567,76
3237,8720,60678,11128,60678,1567,76
3237,8720,60679,11128,60679,1567,76
3235,8720,60680,11128,60680,1567,75
3235,8720,60681,11128,60681,1567,75
3235,8720,60682,11128,60682,1567,75
3235,8720,60683,11128,60683,1567,75
3235,8720,60684,11128,60684,1567,75
3235,8720,60685,11128,60685,1567,75
3235,8720,60686,11128,60686,1567,75
3235,8720,60687,11128,60687,1567,75
3235,8720,60688,11128,60688,1567,75
3235,8720,60689,11128,60689,1567,75
3235,8720,60690,11128,60690,1567,75
3235,8720,60691,11128,60691,1567,75
3235,8720,60692,11128,60692,1567,75
3235,8720,60693,11128,60693,1567,75
3235,8720,60694,11128,60694,1567,75
3235,8720,60695,11128,60695,1567,75
3235,8720,60696,11128,60696,1567,75
3235,8720,60697,11128,60697,1567,75
3235,8720,60698,11128,60698,1567,75
3235,8720,60699,11128,60699,1567,75
3235,8720,60700,11128,60700,1567,75
3235,8720,60701,11128,60701,1567,75
3235,8720,60702,11128,60702,1567,75
3235,8720,60703,11128,60703,1567,75
3235,8720,60704,11128,60704,1567,75
3235,8720,60705,11128,60705,1567,75
3235,8720,60706,11128,60706,1567,75
3235,8720,60707,11128,60707,1567,75
3235,8720,60708,11128,60708,1567,75
3235,8720,60709,11128,60709,1567,75
3235,8720,60710,11128,60710,1567,75
3235,8720,60711,11128,60711,1567,75
3235,8720,60712,11128,60712,1567,75
3235,8720,60713,11128,60713,1567,75
3235,8720,60714,11128,60714,1567,75
3235,8720,60715,11128,60715,1567,75
3235,8720,60716,11128,60716,1567,75
3235,8720,60717,11128,60717,1567,75
3235,8720,60718,11128,60718,1567,75
3235,8720,60719,11128,60719,1567,75
3235,8720,60720,11128,60720,1567,75
3235,8720,60721,11128,60721,1567,75
3235,8720,60722,11128,60722,1567,75
3235,8720,60723,11128,60723,1567,75
3235,8720,60724,11128,60724,1567,75
3235,8720,60725,11128,60725,1567,75
3235,8720,60726,11128,60726,1567,75
3235,8720,60727,11128,60727,1567,75
3235,8720,60728,11128,60728,1567,75
3234,8720,60729,11128,60729,1567,75
3234,8720,60730,11128,60730,1567,75
3234,8720,60731,11128,60731,1567,75
3234,8720,60732,11128,60732,1567,75
3234,8720,60733,11128,60733,1567,75
3234,8720,60734,11128,60734,1567,75
3234,8720,60735,11128,60735,1567,75
3234,8720,60736,11128,60736,1567,75
3234,8720,60737,11128,60737,1567,75
3234,8720,60738,11128,60738,1567,75
3234,8720,60739,11128,60739,1567,75
3234,8720,60740,11128,60740,1567,75
3234,8720,60741,11128,60741,1567,75
3234,8720,60742,11128,60742,1567,75
3234,8720,60743,11128,60743,1567,75
3234,8720,60744,11128,60744,1567,75
3234,8720,60745,11128,60745,1567,75
3234,8720,60746,11128,60746,1567,75
3234,8720,60747,11128,60747,1567,75
3234,8720,60748,11128,60748,1567,75
3234,8720,60749,11128,60749,1567,75
3234,8720,60750,11128,60750,1567,75
3234,8720,60751,11128,60751,1567,75
3234,8720,60752,11128,60752,1567,75
3234,8720,60753,11128,60753,1567,75
3234,8720,60754,11128,60754,1567,75
3234,8720,60755,11128,60755,1567,75
3234,8720,60756,11128,60756,1567,75
3234,8720,60757,11128,60757,1567,75
3234,8720,60758,11128,60758,1567,75
3234,8720,60759,11128,60759,1567,75
3234,8720,60760,11128,60760,1567,75
3234,8720,60761,11128,60761,1567,75
3234,8720,60762,11128,60762,1567,75
3234,8720,60763,11128,60763,1567,75
3234,8720,60764,11128,60764,1567,75
3234,8720,60765,11128,60765,1567,75
3234,8720,60766,11128,60766,1567,75
3234,8720,60767,11128,60767,1567,75
3234,8720,60768,11128,60768,1567,75
3234,8720,60769,11128,60769,1567,75
3234,8720,60770,11128,60770,1567,75
3234,8720,60771,11128,60771,1567,75
3234,8720,60772,11128,60772,1567,75
3234,8720,60773,11128,60773,1567,75
3234,8720,60774,11128,60774,1567,75
3234,8720,60775,11128,60775,1567,75
3234,8720,60776,11128,60776,1567,75
3234,8720,60777,11128,60777,1567,75
3234,8720,60778,11128,60778,1567,75
3234,8720,60779,11128,60779,1567,75
3234,8720,60780,11128,60780,1567,75
3234,8720,60781,11128,60781,1567,75
3234,8720,60782,11128,60782,1567,75
3234,8720,60783,11128,60783,1567,75
3234,8720,60784,11128,60784,1567,75
3234,8720,60785,11128,60785,1567,75
3234,8720,60786,11128,60786,1567,75
3234,8720,60787,11128,60787,1567,75
3234,8720,60788,11128,60788,1567,75
3234,8720,60789,11128,60789,1567,75
3234,8720,60790,11128,60790,1567,75
3234,8720,60791,11128,60791,1567,75
3234,8720,60792,11128,60792,1567,75
3234,8720,60793,11128,60793,1567,75
3234,8720,60794,11128,60794,1567,75
3234,8720,60795,11128,60795,1567,75
3234,8720,60796,11128,60796,1567,75
3234,8720,60797,11128,60797,1567,75
3234,8720,60798,11128,60798,1567,75
3234,8720,60799,11128,60799,1567,75
3234,8720,60800,11128,60800,1567,75
3234,8720,60801,11128,60801,1567,75
3234,8720,60802,11128,60802,1567,75
3234,8720,60803,11128,60803,1567,75
3234,8720,60804,11128,60804,1567,75
3234,8720,60805,11128,60805,1567,75
3234,8720,60806,11128,60806,1567,75
3234,8720,60807,11128,60807,1567,75
3234,8720,60808,11128,60808,1567,75
3234,8720,60809,11128,60809,1567,75
3234,8720,60810,11128,60810,1567,75
3234,8720,60811,11128,60811,1567,75
3234,8720,60812,11128,60812,1567,75
3234,8720,60813,11128,60813,1567,75
3234,8720,60814,11128,60814,1567,75
3234,8720,60815,11128,60815,1567,75
3234,8720,60816,11128,60816,1567,75
3234,8720,60817,11128,60817,1567,75
3234,8720,60818,11128,60818,1567,75
3234,8720,60819,11128,60819,1567,75
3234,8720,60820,11128,60820,1567,75
3234,8720,60821,11128,60821,1567,75
3234,8720,60822,11128,60822,1567,75
3234,8720,60823,11128,60823,1567,75
3234,8720,60824,11128,60824,1567,75
3234,8720,60825,11128,60825,1567,75
3233,8720,60826,11128,60826,1567,75
3233,8720,60827,11128,60827,1567,75
3233,8720,60828,11128,60828,1567,75
3233,8720,60829,11128,60829,1567,75
3233,8720,60830,11128,60830,1567,75
3233,8720,60831,11128,60831,1567,75
3233,8720,60832,11128,60832,1567,75
3233,8720,60833,11128,60833,1567,75
3233,8720,60834,11128,60834,1567,75
3233,8720,60835,11128,60835,1567,75
3233,8720,60836,11128,60836,1567,75
3233,8720,60837,11128,60837,1567,75
3233,8720,60838,11128,60838,1567,75
3233,8720,60839,11128,60839,1567,75
3233,8720,60840,11128,60840,1567,75
3233,8720,60841,11128,60841,1567,75
3233,8720,60842,11128,60842,1567,75
3233,8720,60843,11128,60843,1567,75
3233,8720,60844,11128,60844,1567,75
3233,8720,60845,11128,60845,1567,75
3233,8720,60846,11128,60846,1567,75
3233,8720,60847,11128,60847,1567,75
3233,8720,60848,11128,60848,1567,75
3233,8720,60849,11128,60849,1567,75
3233,8720,60850,11128,60850,1567,75
3233,8720,60851,11128,60851,1567,75
3233,8720,60852,11128,60852,1567,75
3233,8720,60853,11128,60853,1567,75
3233,8720,60854,11128,60854,1567,75
3233,8720,60855,11128,60855,1567,75
3233,8720,60856,11128,60856,1567,75
3233,8720,60857,11128,60857,1567,75
3233,8720,60858,11128,60858,1567,75
3233,8720,60859,11128,60859,1567,75
3233,8720,60860,11128,60860,1567,75
3233,8720,60861,11128,60861,1567,75
3233,8720,60862,11128,60862,1567,75
3233,8720,60863,11128,60863,1567,75
3233,8720,60864,11128,60864,1567,75
3233,8720,60865,11128,60865,1567,75
3233,8720,60866,11128,60866,1567,75
3233,8720,60867,11128,60867,1567,75
3233,8720,60868,11128,60868,1567,75
3233,8720,60869,11128,60869,1567,75
3233,8720,60870,11128,60870,1567,75
3233,8720,60871,11128,60871,1567,75
3233,8720,60872,11128,60872,1567,75
3233,8720,60873,11128,60873,1567,75
3233,8720,60874,11128,60874,1567,75
3233,8720,60875,11128,60875,1567,75
3233,8720,60876,11128,60876,1567,75
3233,8720,60877,11128,60877,1567,75
3233,8720,60878,11128,60878,1567,75
3233,8720,60879,11128,60879,1567,75
3233,8720,60880,11128,60880,1567,75
3233,8720,60881,11128,60881,1567,75
3233,8720,60882,11128,60882,1567,75
3233,8720,60883,11128,60883,1567,75
3233,8720,60884,11128,60884,1567,75
3233,8720,60885,11128,60885,1567,75
3233,8720,60886,11128,60886,1567,75
3233,8720,60887,11128,60887,1567,75
3233,8720,60888,11128,60888,1567,75
3233,8720,60889,11128,60889,1567,75
3233,8720,60890,11128,60890,1567,75
3233,8720,60891,11128,60891,1567,75
3233,8720,60892,11128,60892,1567,75
3233,8720,60893,11128,60893,1567,75
3233,8720,60894,11128,60894,1567,75
3233,8720,60895,11128,60895,1567,75
3233,8720,60896,11128,60896,1567,75
3233,8720,60897,11128,60897,1567,75
3233,8720,60898,11128,60898,1567,75
3233,8720,60899,11128,60899,1567,75
3233,8720,60900,11128,60900,1567,75
3233,8720,60901,11128,60901,1567,75
3233,8720,60902,11128,60902,1567,75
3233,8720,60903,11128,60903,1567,75
3233,8720,60904,11128,60904,1567,75
3233,8720,60905,11128,60905,1567,75
3233,8720,60906,11128,60906,1567,75
3233,8720,60907,11128,60907,1567,75
3233,8720,60908,11128,60908,1567,75
3233,8720,60909,11128,60909,1567,75
3233,8720,60910,11128,60910,1567,75
3233,8720,60911,11128,60911,1567,75
3233,8720,60912,11128,60912,1567,75
3233,8720,60913,11128,60913,1567,75
3233,8720,60914,11128,60914,1567,75
3233,8720,60915,11128,60915,1567,75
3233,8720,60916,11128,60916,1567,75
3233,8720,60917,11128,60917,1567,75
3233,8720,60918,11128,60918,1567,75
3233,8720,60919,11128,60919,1567,75
3233,8720,60920,11128,60920,1567,75
3233,8720,60921,11128,60921,1567,75
3233,8720,60922,11128,60922,1567,75
3233,8720,60923,11128,60923,1567,75
3233,8720,60924,11128,60924,1567,75
3233,8720,60925,11128,60925,1567,75
3233,8720,60926,11128,60926,1567,75
3233,8720,60927,11128,60927,1567,75
3233,8720,60928,11128,60928,1567,75
3233,8720,60929,11128,60929,1567,75
3233,8720,60930,11128,60930,1567,75
3233,8720,60931,11128,60931,1567,75
3233,8720,60932,11128,60932,1567,75
3233,8720,60933,11128,60933,1567,75
3233,8720,60934,11128,60934,1567,75
3233,8720,60935,11128,60935,1567,75
3233,8720,60936,11128,60936,1567,75
3233,8720,60937,11128,60937,1567,75
3233,8720,60938,11128,60938,1567,75
3233,8720,60939,11128,60939,1567,75
3233,8720,60940,11128,60940,1567,75
3233,8720,60941,11128,60941,1567,75
3233,8720,60942,11128,60942,1567,75
3233,8720,60943,11128,60943,1567,75
3233,8720,60944,11128,60944,1567,75
3233,8720,60945,11128,60945,1567,75
3233,8720,60946,11128,60946,1567,75
3233,8720,60947,11128,60947,1567,75
3233,8720,60948,11128,60948,1567,75
3233,8720,60949,11128,60949,1567,75
3233,8720,60950,11128,60950,1567,75
3233,8720,60951,11128,60951,1567,75
3233,8720,60952,11128,60952,1567,75
3233,8720,60953,11128,60953,1567,75
3233,8720,60954,11128,60954,1567,75
3233,8720,60955,11128,60955,1567,75
3233,8720,60956,11128,60956,1567,75
3233,8720,60957,11128,60957,1567,75
3233,8720,60958,11128,60958,1567,75
3233,8720,60959,11128,60959,1567,75
3233,8720,60960,11128,60960,1567,75
3233,8720,60961,11128,60961,1567,75
3233,8720,60962,11128,60962,1567,75
3233,8720,60963,11128,60963,1567,75
3233,8720,60964,11128,60964,1567,75
3233,8720,60965,11128,60965,1567,75
3233,8720,60966,11128,60966,1567,75
3233,8720,60967,11128,60967,1567,75
3232,8720,60968,11128,60968,1567,74
3232,8720,60969,11128,60969,1567,74
3232,8720,60970,11128,60970,1567,74
3232,8720,60971,11128,60971,1567,74
3232,8720,60972,11128,60972,1567,74
3232,8720,60973,11128,60973,1567,74
3232,8720,60974,11128,60974,1567,74
3232,8720,60975,11128,60975,1567,74
3232,8720,60976,11128,60976,1567,74
3232,8720,60977,11128,60977,1567,74
3232,8720,60978,11128,60978,1567,74
3232,8720,60979,11128,60979,1567,74
3232,8720,60980,11128,60980,1567,74
3232,8720,60981,11128,60981,1567,74
3232,8720,60982,11128,60982,1567,74
3232,8720,60983,11128,60983,1567,74
3232,8720,60984,11128,60984,1567,74
3232,8720,60985,11128,60985,1567,74
3232,8720,60986,11128,60986,1567,74
3232,8720,60987,11128,60987,1567,74
3232,8720,60988,11128,60988,1567,74
3232,8720,60989,11128,60989,1567,74
3232,8720,60990,11128,60990,1567,74
3232,8720,60991,11128,60991,1567,74
3232,8720,60992,11128,60992,1567,74
3232,8720,60993,11128,60993,1567,74
3232,8720,60994,11128,60994,1567,74
3232,8720,60995,11128,60995,1567,74
3232,8720,60996,11128,60996,1567,74
3232,8720,60997,11128,60997,1567,74
3232,8720,60998,11128,60998,1567,74
3232,8720,60999,11128,60999,1567,74
3232,8720,61000,11128,61000,1567,74
3232,8720,61001,11128,61001,1567,74
3232,8720,61002,11128,61002,1567,74
3232,8720,61003,11128,61003,1567,74
3232,8720,61004,11128,61004,1567,74
3232,8720,61005,11128,61005,1567,74
3232,8720,61006,11128,61006,1567,74
3232,8720,61007,11128,61007,1567,74
3232,8720,61008,11128,61008,1567,74
3232,8720,61009,11128,61009,1567,74
3232,8720,61010,11128,61010,1567,74
3233,8720,61011,11128,61011,1567,74
3233,8720,61012,11128,61012,1567,74
3233,8720,61013,11128,61013,1567,74
3233,8720,61014,11128,61014,1567,74
3233,8720,61015,11128,61015,1567,74
3233,8720,61016,11128,61016,1567,74
3233,8720,61017,11128,61017,1567,74
3233,8720,61018,11128,61018,1567,74
3233,8720,61019,11128,61019,1567,74
3233,8720,61020,11128,61020,1567,74
3233,8720,61021,11128,61021,1567,74
3233,8720,61022,11128,61022,1567,74
3233,8720,61023,11128,61023,1567,74
3233,8720,61024,11128,61024,1567,74
3233,8720,61025,11128,61025,1567,74
3233,8720,61026,11128,61026,1567,74
3233,8720,61027,11128,61027,1567,74
3233,8720,61028,11128,61028,1567,74
3233,8720,61029,11128,61029,1567,74
3233,8720,61030,11128,61030,1567,74
3233,8720,61031,11128,61031,1567,74
3233,8720,61032,11128,61032,1567,74
3233,8720,61033,11128,61033,1567,74
3233,8720,61034,11128,61034,1567,74
3233,8720,61035,11128,61035,1567,74
3233,8720,61036,11128,61036,1567,74
3233,8720,61037,11128,61037,1567,74
3233,8720,61038,11128,61038,1567,74
3233,8720,61039,11128,61039,1567,74
3233,8720,61040,11128,61040,1567,74
3233,8720,61041,11128,61041,1567,74
3233,8720,61042,11128,61042,1567,74
3233,8720,61043,11128,61043,1567,74
3233,8720,61044,11128,61044,1567,74
3233,8720,61045,11128,61045,1567,74
3233,8720,61046,11128,61046,1567,74
3233,8720,61047,11128,61047,1567,74
3233,8720,61048,11128,61048,1567,74
3233,8720,61049,11128,61049,1567,74
3233,8720,61050,11128,61050,1567,74
3233,8720,61051,11128,61051,1567,74
3233,8720,61052,11128,61052,1567,74
3233,8720,61053,11128,61053,1567,74
3233,8720,61054,11128,61054,1567,74
3233,8720,61055,11128,61055,1567,74
3233,8720,61056,11128,61056,1567,74
3233,8720,61057,11128,61057,1567,74
3233,8720,61058,11128,61058,1567,74
3233,8720,61059,11128,61059,1567,74
3233,8720,61060,11128,61060,1567,74
3233,8720,61061,11128,61061,1567,74
3233,8720,61062,11128,61062,1567,74
3233,8720,61063,11128,61063,1567,74
3233,8720,61064,11128,61064,1567,74
3233,8720,61065,11128,61065,1567,74
3233,8720,61066,11128,61066,1567,74
3233,8720,61067,11128,61067,1567,74
3233,8720,61068,11128,61068,1567,74
3233,8720,61069,11128,61069,1567,74
3233,8720,61070,11128,61070,1567,74
3233,8720,61071,11128,61071,1567,74
3233,8720,61072,11128,61072,1567,74
3233,8720,61073,11128,61073,1567,74
3233,8720,61074,11128,61074,1567,74
3233,8720,61075,11128,61075,1567,74
3233,8720,61076,11128,61076,1567,74
3233,8720,61077,11128,61077,1567,74
3233,8720,61078,11128,61078,1567,74
3233,8720,61079,11128,61079,1567,74
3233,8720,61080,11128,61080,1567,74
3233,8720,61081,11128,61081,1567,74
3233,8720,61082,11128,61082,1567,74
3233,8720,61083,11128,61083,1567,74
3233,8720,61084,11128,61084,1567,74
3233,8720,61085,11128,61085,1567,74
3233,8720,61086,11128,61086,1567,74
3233,8720,61087,11128,61087,1567,74
3233,8720,61088,11128,61088,1567,74
3233,8720,61089,11128,61089,1567,74
3233,8720,61090,11128,61090,1567,74
3233,8720,61091,11128,61091,1567,74
3233,8720,61092,11128,61092,1567,74
3233,8720,61093,11128,61093,1567,74
3233,8720,61094,11128,61094,1567,74
3233,8720,61095,11128,61095,1567,74
3233,8720,61096,11128,61096,1567,74
3233,8720,61097,11128,61097,1567,74
3233,8720,61098,11128,61098,1567,74
3233,8720,61099,11128,61099,1567,74
3233,8720,61100,11128,61100,1567,74
3233,8720,61101,11128,61101,1567,74
3233,8720,61102,11128,61102,1567,74
3233,8720,61103,11128,61103,1567,74
3233,8720,61104,11128,61104,1567,74
3233,8720,61105,11128,61105,1567,74
3233,8720,61106,11128,61106,1567,74
3233,8720,61107,11128,61107,1567,74
3233,8720,61108,11128,61108,1567,74
3233,8720,61109,11128,61109,1567,74
3233,8720,61110,11128,61110,1567,74
3233,8720,61111,11128,61111,1567,74
3233,8720,61112,11128,61112,1567,74
3233,8720,61113,11128,61113,1567,74
3233,8720,61114,11128,61114,1567,74
3233,8720,61115,11128,61115,1567,74
3233,8720,61116,11128,61116,1567,74
3233,8720,61117,11128,61117,1567,74
3233,8720,61118,11128,61118,1567,74
3233,8720,61119,11128,61119,1567,74
3233,8720,61120,11128,61120,1567,74
3233,8720,61121,11128,61121,1567,74
3233,8720,61122,11128,61122,1567,74
3233,8720,61123,11128,61123,1567,74
3233,8720,61124,11128,61124,1567,74
3233,8720,61125,11128,61125,1567,74
3233,8720,61126,11128,61126,1567,74
3233,8720,61127,11128,61127,1567,74
3233,8720,61128,11128,61128,1567,74
3233,8720,61129,11128,61129,1567,74
3233,8720,61130,11128,61130,1567,74
3233,8720,61131,11128,61131,1567,74
3233,8720,61132,11128,61132,1567,74
3233,8720,61133,11128,61133,1567,74
3233,8720,61134,11128,61134,1567,74
3233,8720,61135,11128,61135,1567,74
3233,8720,61136,11128,61136,1567,74
3233,8720,61137,11128,61137,1567,74
3233,8720,61138,11128,61138,1567,74
3233,8720,61139,11128,61139,1567,74
3233,8720,61140,11128,61140,1567,74
3233,8720,61141,11128,61141,1567,74
3233,8720,61142,11128,61142,1567,74
3233,8720,61143,11128,61143,1567,74
3233,8720,61144,11128,61144,1567,74
3233,8720,61145,11128,61145,1567,74
3233,8720,61146,11128,61146,1567,74
3233,8720,61147,11128,61147,1567,74
3233,8720,61148,11128,61148,1567,74
3233,8720,61149,11128,61149,1567,74
3233,8720,61150,11128,61150,1567,74
3234,8720,61151,11128,61151,1567,74
3234,8720,61152,11128,61152,1567,74
3234,8720,61153,11128,61153,1567,74
3234,8720,61154,11128,61154,1567,74
3234,8720,61155,11128,61155,1567,74
3234,8720,61156,11128,61156,1567,74
3234,8720,61157,11128,61157,1567,74
3234,8720,61158,11128,61158,1567,74
3234,8720,61159,11128,61159,1567,74
3234,8720,61160,11128,61160,1567,74
3234,8720,61161,11128,61161,1567,74
3234,8720,61162,11128,61162,1567,74
3234,8720,61163,11128,61163,1567,74
3234,8720,61164,11128,61164,1567,74
3234,8720,61165,11128,61165,1567,74
3234,8720,61166,11128,61166,1567,74
3234,8720,61167,11128,61167,1567,74
3234,8720,61168,11128,61168,1567,74
3234,8720,61169,11128,61169,1567,74
3234,8720,61170,11128,61170,1567,74
3234,8720,61171,11128,61171,1567,74
3234,8720,61172,11128,61172,1567,74
3234,8720,61173,11128,61173,1567,74
3234,8720,61174,11128,61174,1567,74
3234,8720,61175,11128,61175,1567,74
3234,8720,61176,11128,61176,1567,74
3234,8720,61177,11128,61177,1567,74
3234,8720,61178,11128,61178,1567,74
3234,8720,61179,11128,61179,1567,74
3234,8720,61180,11128,61180,1567,74
3234,8720,61181,11128,61181,1567,74
3234,8720,61182,11128,61182,1567,74
3234,8720,61183,11128,61183,1567,74
3234,8720,61184,11128,61184,1567,74
3234,8720,61185,11128,61185,1567,74
3234,8720,61186,11128,61186,1567,74
3234,8720,61187,11128,61187,1567,74
3234,8720,61188,11128,61188,1567,74
3234,8720,61189,11128,61189,1567,74
3234,8720,61190,11128,61190,1567,74
3234,8720,61191,11128,61191,1567,74
3234,8720,61192,11128,61192,1567,74
3234,8720,61193,11128,61193,1567,74
3234,8720,61194,11128,61194,1567,74
3234,8720,61195,11128,61195,1567,74
3234,8720,61196,11128,61196,1567,74
3234,8720,61197,11128,61197,1567,74
3234,8720,61198,11128,61198,1567,74
3234,8720,61199,11128,61199,1567,74
3234,8720,61200,11128,61200,1567,74
3234,8720,61201,11128,61201,1567,74
3234,8720,61202,11128,61202,1567,74
3234,8720,61203,11128,61203,1567,74
3234,8720,61204,11128,61204,1567,74
3234,8720,61205,11128,61205,1567,74
3234,8720,61206,11128,61206,1567,74
3234,8720,61207,11128,61207,1567,74
3234,8720,61208,11128,61208,1567,74
3234,8720,61209,11128,61209,1567,74
3234,8720,61210,11128,61210,1567,74
3234,8720,61211,11128,61211,1567,74
3234,8720,61212,11128,61212,1567,74
3234,8720,61213,11128,61213,1567,74
3234,8720,61214,11128,61214,1567,74
3234,8720,61215,11128,61215,1567,74
3234,8720,61216,11128,61216,1567,74
3234,8720,61217,11128,61217,1567,74
3234,8720,61218,11128,61218,1567,74
3234,8720,61219,11128,61219,1567,74
3234,8720,61220,11128,61220,1567,74
3234,8720,61221,11128,61221,1567,74
3234,8720,61222,11128,61222,1567,74
3234,8720,61223,11128,61223,1567,74
3234,8720,61224,11128,61224,1567,74
3234,8720,61225,11128,61225,1567,74
3234,8720,61226,11128,61226,1567,74
3234,8720,61227,11128,61227,1567,74
3234,8720,61228,11128,61228,1567,74
3234,8720,61229,11128,61229,1567,74
3234,8720,61230,11128,61230,1567,74
3234,8720,61231,11128,61231,1567,74
3234,8720,61232,11128,61232,1567,74
3234,8720,61233,11128,61233,1567,74
3234,8720,61234,11128,61234,1567,74
3234,8720,61235,11128,61235,1567,74
3234,8720,61236,11128,61236,1567,74
3234,8720,61237,11128,61237,1567,74
3234,8720,61238,11128,61238,1567,74
3235,8720,61239,11128,61239,1567,74
3235,8720,61240,11128,61240,1567,74
3235,8720,61241,11128,61241,1567,74
3235,8720,61242,11128,61242,1567,74
3235,8720,61243,11128,61243,1567,74
3236,8720,61244,11128,61244,1567,74
3236,8720,61245,11128,61245,1567,74
3236,8720,61246,11128,61246,1567,74
3236,8720,61247,11128,61247,1567,74
3236,8720,61248,11128,61248,1567,74
3236,8720,61249,11128,61249,1567,74
3236,8720,61250,11128,61250,1567,74
3236,8720,61251,11128,61251,1567,74
3236,8720,61252,11128,61252,1567,74
3236,8720,61253,11128,61253,1567,74
3236,8720,61254,11128,61254,1567,74
3236,8720,61255,11128,61255,1567,74
3236,8720,61256,11128,61256,1567,74
3236,8720,61257,11128,61257,1567,74
3236,8720,61258,11128,61258,1567,74
3236,8720,61259,11128,61259,1567,74
3236,8720,61260,11128,61260,1567,74
3236,8720,61261,11128,61261,1567,74
3236,8720,61262,11128,61262,1567,74
3236,8720,61263,11128,61263,1567,74
3236,8720,61264,11128,61264,1567,74
3236,8720,61265,11128,61265,1567,74
3236,8720,61266,11128,61266,1567,74
3236,8720,61267,11128,61267,1567,74
3236,8720,61268,11128,61268,1567,74
3236,8720,61269,11128,61269,1567,74
3236,8720,61270,11128,61270,1567,74
3236,8720,61271,11128,61271,1567,74
3236,8720,61272,11128,61272,1567,74
3236,8720,61273,11128,61273,1567,74
3236,8720,61274,11128,61274,1567,74
3236,8720,61275,11128,61275,1567,74
3236,8720,61276,11128,61276,1567,74
3236,8720,61277,11128,61277,1567,74
3235,8720,61278,11128,61278,1567,74
3235,8720,61279,11128,61279,1567,74
3235,8720,61280,11128,61280,1567,74
3235,8720,61281,11128,61281,1567,74
3235,8720,61282,11128,61282,1567,74
3235,8720,61283,11128,61283,1567,74
3235,8720,61284,11128,61284,1567,74
3235,8720,61285,11128,61285,1567,74
3235,8720,61286,11128,61286,1567,74
3235,8720,61287,11128,61287,1567,74
3235,8720,61288,11128,61288,1567,74
3235,8720,61289,11128,61289,1567,74
3235,8720,61290,11128,61290,1567,74
3235,8720,61291,11128,61291,1567,74
3235,8720,61292,11128,61292,1567,74
3235,8720,61293,11128,61293,1567,74
3235,8720,61294,11128,61294,1567,74
3235,8720,61295,11128,61295,1567,74
3235,8720,61296,11128,61296,1567,74
3235,8720,61297,11128,61297,1567,74
3235,8720,61298,11128,61298,1567,74
3235,8720,61299,11128,61299,1567,74
3235,8720,61300,11128,61300,1567,74
3235,8720,61301,11128,61301,1567,74
3235,8720,61302,11128,61302,1567,74
3235,8720,61303,11128,61303,1567,74
3235,8720,61304,11128,61304,1567,74
3235,8720,61305,11128,61305,1567,74
3235,8720,61306,11128,61306,1567,74
3235,8720,61307,11128,61307,1567,74
3235,8720,61308,11128,61308,1567,74
3235,8720,61309,11128,61309,1567,74
3235,8720,61310,11128,61310,1567,74
3235,8720,61311,11128,61311,1567,74
3235,8720,61312,11128,61312,1567,74
3235,8720,61313,11128,61313,1567,74
3235,8720,61314,11128,61314,1567,74
3235,8720,61315,11128,61315,1567,74
3235,8720,61316,11128,61316,1567,74
3235,8720,61317,11128,61317,1567,74
3235,8720,61318,11128,61318,1567,74
3235,8720,61319,11128,61319,1567,74
3235,8720,61320,11128,61320,1567,74
3235,8720,61321,11128,61321,1567,74
3235,8720,61322,11128,61322,1567,74
3235,8720,61323,11128,61323,1567,74
3235,8720,61324,11128,61324,1567,74
3235,8720,61325,11128,61325,1567,74
3235,8720,61326,11128,61326,1567,74
3235,8720,61327,11128,61327,1567,74
3235,8720,61328,11128,61328,1567,74
3235,8720,61329,11128,61329,1567,74
3235,8720,61330,11128,61330,1567,74
3235,8720,61331,11128,61331,1567,74
3235,8720,61332,11128,61332,1567,74
3235,8720,61333,11128,61333,1567,74
3235,8720,61334,11128,61334,1567,74
3235,8720,61335,11128,61335,1567,74
3235,8720,61336,11128,61336,1567,74
3235,8720,61337,11128,61337,1567,74
3235,8720,61338,11128,61338,1567,74
3235,8720,61339,11128,61339,1567,74
3235,8720,61340,11128,61340,1567,74
3235,8720,61341,11128,61341,1567,74
3235,8720,61342,11128,61342,1567,74
3235,8720,61343,11128,61343,1567,74
3235,8720,61344,11128,61344,1567,74
3235,8720,61345,11128,61345,1567,74
3235,8720,61346,11128,61346,1567,74
3235,8720,61347,11128,61347,1567,74
3235,8720,61348,11128,61348,1567,74
3235,8720,61349,11128,61349,1567,74
3235,8720,61350,11128,61350,1567,74
3235,8720,61351,11128,61351,1567,74
3235,8720,61352,11128,61352,1567,74
3235,8720,61353,11128,61353,1567,74
3235,8720,61354,11128,61354,1567,74
3235,8720,61355,11128,61355,1567,74
3235,8720,61356,11128,61356,1567,74
3235,8720,61357,11128,61357,1567,74
3234,8720,61358,11128,61358,1567,74
3234,8720,61359,11128,61359,1567,74
3234,8720,61360,11128,61360,1567,74
3234,8720,61361,11128,61361,1567,74
3234,8720,61362,11128,61362,1567,74
3235,8720,61363,11128,61363,1567,74
3235,8720,61364,11128,61364,1567,74
3235,8720,61365,11128,61365,1567,74
3235,8720,61366,11128,61366,1567,74
3235,8720,61367,11128,61367,1567,74
3235,8720,61368,11128,61368,1567,74
3235,8720,61369,11128,61369,1567,74
3235,8720,61370,11128,61370,1567,74
3235,8720,61371,11128,61371,1567,74
3234,8720,61372,11128,61372,1567,74
3234,8720,61373,11128,61373,1567,74
3234,8720,61374,11128,61374,1567,74
3234,8720,61375,11128,61375,1567,74
3234,8720,61376,11128,61376,1567,74
3234,8720,61377,11128,61377,1567,74
3234,8720,61378,11128,61378,1567,74
3234,8720,61379,11128,61379,1567,74
3234,8720,61380,11128,61380,1567,74
3234,8720,61381,11128,61381,1567,74
3234,8720,61382,11128,61382,1567,74
3234,8720,61383,11128,61383,1567,74
3234,8720,61384,11128,61384,1567,74
3234,8720,61385,11128,61385,1567,74
3234,8720,61386,11128,61386,1567,74
3234,8720,61387,11128,61387,1567,74
3234,8720,61388,11128,61388,1567,74
3234,8720,61389,11128,61389,1567,74
3234,8720,61390,11128,61390,1567,74
3234,8720,61391,11128,61391,1567,74
3234,8720,61392,11128,61392,1567,74
3234,8720,61393,11128,61393,1567,74
3234,8720,61394,11128,61394,1567,74
3234,8720,61395,11128,61395,1567,74
3234,8720,61396,11128,61396,1567,74
3234,8720,61397,11128,61397,1567,74
3234,8720,61398,11128,61398,1567,74
3234,8720,61399,11128,61399,1567,74
3234,8720,61400,11128,61400,1567,74
3234,8720,61401,11128,61401,1567,74
3234,8720,61402,11128,61402,1567,74
3234,8720,61403,11128,61403,1567,74
3234,8720,61404,11128,61404,1567,74
3234,8720,61405,11128,61405,1567,74
3234,8720,61406,11128,61406,1567,74
3234,8720,61407,11128,61407,1567,74
3234,8720,61408,11128,61408,1567,74
3234,8720,61409,11128,61409,1567,74
3234,8720,61410,11128,61410,1567,74
3234,8720,61411,11128,61411,1567,74
3234,8720,61412,11128,61412,1567,74
3234,8720,61413,11128,61413,1567,74
3234,8720,61414,11128,61414,1567,74
3234,8720,61415,11128,61415,1567,74
3234,8720,61416,11128,61416,1567,74
3234,8720,61417,11128,61417,1567,74
3234,8720,61418,11128,61418,1567,74
3235,8720,61419,11128,61419,1567,74
3235,8720,61420,11128,61420,1567,74
3235,8720,61421,11128,61421,1567,74
3235,8720,61422,11128,61422,1567,74
3235,8720,61423,11128,61423,1567,74
3235,8720,61424,11128,61424,1567,74
3235,8720,61425,11128,61425,1567,74
3235,8720,61426,11128,61426,1567,74
3235,8720,61427,11128,61427,1567,74
3235,8720,61428,11128,61428,1567,74
3235,8720,61429,11128,61429,1567,74
3235,8720,61430,11128,61430,1567,74
3235,8720,61431,11128,61431,1567,74
3235,8720,61432,11128,61432,1567,74
3235,8720,61433,11128,61433,1567,74
3235,8720,61434,11128,61434,1567,74
3235,8720,61435,11128,61435,1567,74
3235,8720,61436,11128,61436,1567,74
3235,8720,61437,11128,61437,1567,74
3235,8720,61438,11128,61438,1567,74
3235,8720,61439,11128,61439,1567,74
3235,8720,61440,11128,61440,1567,74
3235,8720,61441,11128,61441,1567,74
3235,8720,61442,11128,61442,1567,74
3235,8720,61443,11128,61443,1567,74
3235,8720,61444,11128,61444,1567,74
3235,8720,61445,11128,61445,1567,74
3235,8720,61446,11128,61446,1567,74
3235,8720,61447,11128,61447,1567,74
3235,8720,61448,11128,61448,1567,74
3235,8720,61449,11128,61449,1567,74
3235,8720,61450,11128,61450,1567,74
3235,8720,61451,11128,61451,1567,74
3235,8720,61452,11128,61452,1567,74
3235,8720,61453,11128,61453,1567,74
3235,8720,61454,11128,61454,1567,74
3235,8720,61455,11128,61455,1567,74
3235,8720,61456,11128,61456,1567,74
3235,8720,61457,11128,61457,1567,74
3235,8720,61458,11128,61458,1567,74
3235,8720,61459,11128,61459,1567,74
3235,8720,61460,11128,61460,1567,74
3235,8720,61461,11128,61461,1567,74
3235,8720,61462,11128,61462,1567,74
3235,8720,61463,11128,61463,1567,74
3235,8720,61464,11128,61464,1567,74
3235,8720,61465,11128,61465,1567,74
3235,8720,61466,11128,61466,1567,74
3235,8720,61467,11128,61467,1567,74
3235,8720,61468,11128,61468,1567,74
3235,8720,61469,11128,61469,1567,74
3235,8720,61470,11128,61470,1567,74
3235,8720,61471,11128,61471,1567,74
3235,8720,61472,11128,61472,1567,74
3235,8720,61473,11128,61473,1567,74
3235,8720,61474,11128,61474,1567,74
3235,8720,61475,11128,61475,1567,74
3235,8720,61476,11128,61476,1567,74
3235,8720,61477,11128,61477,1567,74
3236,8720,61478,11128,61478,1567,74
3236,8720,61479,11128,61479,1567,74
3236,8720,61480,11128,61480,1567,74
3236,8720,61481,11128,61481,1567,74
3236,8720,61482,11128,61482,1567,74
3236,8720,61483,11128,61483,1567,74
3236,8720,61484,11128,61484,1567,74
3236,8720,61485,11128,61485,1567,74
3236,8720,61486,11128,61486,1567,74
3236,8720,61487,11128,61487,1567,74
3236,8720,61488,11128,61488,1567,74
3236,8720,61489,11128,61489,1567,74
3236,8720,61490,11128,61490,1567,74
3236,8720,61491,11128,61491,1567,74
3236,8720,61492,11128,61492,1567,74
3236,8720,61493,11128,61493,1567,74
3236,8720,61494,11128,61494,1567,74
3236,8720,61495,11128,61495,1567,74
3235,8720,61496,11128,61496,1567,74
3235,8720,61497,11128,61497,1567,74
3235,8720,61498,11128,61498,1567,74
3235,8720,61499,11128,61499,1567,74
3235,8720,61500,11128,61500,1567,74
3235,8720,61501,11128,61501,1567,74
3235,8720,61502,11128,61502,1567,74
3235,8720,61503,11128,61503,1567,74
3235,8720,61504,11128,61504,1567,74
3235,8720,61505,11128,61505,1567,74
3235,8720,61506,11128,61506,1567,74
3235,8720,61507,11128,61507,1567,74
3235,8720,61508,11128,61508,1567,74
3235,8720,61509,11128,61509,1567,74
3235,8720,61510,11128,61510,1567,74
3235,8720,61511,11128,61511,1567,74
3235,8720,61512,11128,61512,1567,74
3235,8720,61513,11128,61513,1567,74
3235,8720,61514,11128,61514,1567,74
3235,8720,61515,11128,61515,1567,74
3235,8720,61516,11128,61516,1567,74
3235,8720,61517,11128,61517,1567,74
3235,8720,61518,11128,61518,1567,74
3235,8720,61519,11128,61519,1567,74
3235,8720,61520,11128,61520,1567,74
3235,8720,61521,11128,61521,1567,74
3235,8720,61522,11128,61522,1567,74
3235,8720,61523,11128,61523,1567,74
3235,8720,61524,11128,61524,1567,74
3235,8720,61525,11128,61525,1567,74
3235,8720,61526,11128,61526,1567,74
3235,8720,61527,11128,61527,1567,74
3235,8720,61528,11128,61528,1567,74
3235,8720,61529,11128,61529,1567,74
3235,8720,61530,11128,61530,1567,74
3235,8720,61531,11128,61531,1567,74
3235,8720,61532,11128,61532,1567,74
3235,8720,61533,11128,61533,1567,74
3235,8720,61534,11128,61534,1567,74
3235,8720,61535,11128,61535,1567,74
3235,8720,61536,11128,61536,1567,74
3235,8720,61537,11128,61537,1567,74
3235,8720,61538,11128,61538,1567,74
3235,8720,61539,11128,61539,1567,74
3235,8720,61540,11128,61540,1567,74
3235,8720,61541,11128,61541,1567,74
3235,8720,61542,11128,61542,1567,74
3235,8720,61543,11128,61543,1567,74
3235,8720,61544,11128,61544,1567,74
3235,8720,61545,11128,61545,1567,74
3235,8720,61546,11128,61546,1567,74
3235,8720,61547,11128,61547,1567,74
3235,8720,61548,11128,61548,1567,74
3235,8720,61549,11128,61549,1567,74
3235,8720,61550,11128,61550,1567,74
3235,8720,61551,11128,61551,1567,74
3235,8720,61552,11128,61552,1567,74
3235,8720,61553,11128,61553,1567,74
3235,8720,61554,11128,61554,1567,74
3235,8720,61555,11128,61555,1567,74
3235,8720,61556,11128,61556,1567,74
3235,8720,61557,11128,61557,1567,74
3235,8720,61558,11128,61558,1567,74
3235,8720,61559,11128,61559,1567,74
3235,8720,61560,11128,61560,1567,74
3235,8720,61561,11128,61561,1567,74
3235,8720,61562,11128,61562,1567,74
3235,8720,61563,11128,61563,1567,74
3235,8720,61564,11128,61564,1567,74
3235,8720,61565,11128,61565,1567,74
3235,8720,61566,11128,61566,1567,74
3235,8720,61567,11128,61567,1567,74
3235,8720,61568,11128,61568,1567,74
3235,8720,61569,11128,61569,1567,74
3235,8720,61570,11128,61570,1567,74
3235,8720,61571,11128,61571,1567,74
3235,8720,61572,11128,61572,1567,74
3235,8720,61573,11128,61573,1567,74
3235,8720,61574,11128,61574,1567,74
3235,8720,61575,11128,61575,1567,74
3235,8720,61576,11128,61576,1567,74
3235,8720,61577,11128,61577,1567,74
3235,8720,61578,11128,61578,1567,74
3235,8720,61579,11128,61579,1567,74
3235,8720,61580,11128,61580,1567,74
3235,8720,61581,11128,61581,1567,74
3235,8720,61582,11128,61582,1567,74
3235,8720,61583,11128,61583,1567,74
3235,8720,61584,11128,61584,1567,74
3235,8720,61585,11128,61585,1567,74
3235,8720,61586,11128,61586,1567,74
3235,8720,61587,11128,61587,1567,74
3235,8720,61588,11128,61588,1567,74
3235,8720,61589,11128,61589,1567,74
3235,8720,61590,11128,61590,1567,74
3235,8720,61591,11128,61591,1567,74
3235,8720,61592,11128,61592,1567,74
3235,8720,61593,11128,61593,1567,74
3235,8720,61594,11128,61594,1567,74
3235,8720,61595,11128,61595,1567,74
3235,8720,61596,11128,61596,1567,74
3235,8720,61597,11128,61597,1567,74
3235,8720,61598,11128,61598,1567,74
3235,8720,61599,11128,61599,1567,74
3235,8720,61600,11128,61600,1567,74
3235,8720,61601,11128,61601,1567,74
3235,8720,61602,11128,61602,1567,74
3235,8720,61603,11128,61603,1567,74
3235,8720,61604,11128,61604,1567,74
3235,8720,61605,11128,61605,1567,74
3235,8720,61606,11128,61606,1567,74
3235,8720,61607,11128,61607,1567,74
3235,8720,61608,11128,61608,1567,74
3235,8720,61609,11128,61609,1567,74
3235,8720,61610,11128,61610,1567,74
3235,8720,61611,11128,61611,1567,74
3235,8720,61612,11128,61612,1567,74
3235,8720,61613,11128,61613,1567,74
3235,8720,61614,11128,61614,1567,74
3235,8720,61615,11128,61615,1567,74
3235,8720,61616,11128,61616,1567,74
3235,8720,61617,11128,61617,1567,74
3235,8720,61618,11128,61618,1567,74
3235,8720,61619,11128,61619,1567,74
3235,8720,61620,11128,61620,1567,74
3235,8720,61621,11128,61621,1567,74
3235,8720,61622,11128,61622,1567,74
3235,8720,61623,11128,61623,1567,74
3235,8720,61624,11128,61624,1567,74
3235,8720,61625,11128,61625,1567,74
3235,8720,61626,11128,61626,1567,74
3235,8720,61627,11128,61627,1567,74
3235,8720,61628,11128,61628,1567,74
3235,8720,61629,11128,61629,1567,74
3235,8720,61630,11128,61630,1567,74
3235,8720,61631,11128,61631,1567,74
3235,8720,61632,11128,61632,1567,74
3235,8720,61633,11128,61633,1567,74
3235,8720,61634,11128,61634,1567,74
3235,8720,61635,11128,61635,1567,74
3235,8720,61636,11128,61636,1567,74
3235,8720,61637,11128,61637,1567,74
3235,8720,61638,11128,61638,1567,74
3236,8720,61639,11128,61639,1567,74
3236,8720,61640,11128,61640,1567,74
3236,8720,61641,11128,61641,1567,74
3236,8720,61642,11128,61642,1567,74
3236,8720,61643,11128,61643,1567,74
3236,8720,61644,11128,61644,1567,74
3236,8720,61645,11128,61645,1567,74
3236,8720,61646,11128,61646,1567,74
3236,8720,61647,11128,61647,1567,74
3236,8720,61648,11128,61648,1567,74
3236,8720,61649,11128,61649,1567,74
3236,8720,61650,11128,61650,1567,74
3236,8720,61651,11128,61651,1567,74
3236,8720,61652,11128,61652,1567,74
3236,8720,61653,11128,61653,1567,74
3236,8720,61654,11128,61654,1567,74
3236,8720,61655,11128,61655,1567,74
3236,8720,61656,11128,61656,1567,74
3236,8720,61657,11128,61657,1567,74
3236,8720,61658,11128,61658,1567,74
3236,8720,61659,11128,61659,1567,74
3236,8720,61660,11128,61660,1567,74
3236,8720,61661,11128,61661,1567,74
3236,8720,61662,11128,61662,1567,74
3236,8720,61663,11128,61663,1567,74
3236,8720,61664,11128,61664,1567,74
3236,8720,61665,11128,61665,1567,74
3236,8720,61666,11128,61666,1567,74
3236,8720,61667,11128,61667,1567,74
3236,8720,61668,11128,61668,1567,74
3236,8720,61669,11128,61669,1567,74
3236,8720,61670,11128,61670,1567,74
3236,8720,61671,11128,61671,1567,74
3236,8720,61672,11128,61672,1567,74
3236,8720,61673,11128,61673,1567,74
3236,8720,61674,11128,61674,1567,74
3236,8720,61675,11128,61675,1567,74
3235,8720,61676,11128,61676,1567,73
3235,8720,61677,11128,61677,1567,73
3235,8720,61678,11128,61678,1567,73
3235,8720,61679,11128,61679,1567,73
3235,8720,61680,11128,61680,1567,73
3235,8720,61681,11128,61681,1567,73
3235,8720,61682,11128,61682,1567,73
3235,8720,61683,11128,61683,1567,73
3235,8720,61684,11128,61684,1567,73
3235,8720,61685,11128,61685,1567,73
3235,8720,61686,11128,61686,1567,73
3235,8720,61687,11128,61687,1567,73
3235,8720,61688,11128,61688,1567,73
3235,8720,61689,11128,61689,1567,73
3235,8720,61690,11128,61690,1567,73
3235,8720,61691,11128,61691,1567,73
3235,8720,61692,11128,61692,1567,73
3235,8720,61693,11128,61693,1567,73
3235,8720,61694,11128,61694,1567,73
3235,8720,61695,11128,61695,1567,73
3235,8720,61696,11128,61696,1567,73
3235,8720,61697,11128,61697,1567,73
3235,8720,61698,11128,61698,1567,73
3235,8720,61699,11128,61699,1567,73
3235,8720,61700,11128,61700,1567,73
3235,8720,61701,11128,61701,1567,73
3235,8720,61702,11128,61702,1567,73
3235,8720,61703,11128,61703,1567,73
3235,8720,61704,11128,61704,1567,73
3235,8720,61705,11128,61705,1567,73
3235,8720,61706,11128,61706,1567,73
3235,8720,61707,11128,61707,1567,73
3235,8720,61708,11128,61708,1567,73
3235,8720,61709,11128,61709,1567,73
3235,8720,61710,11128,61710,1567,73
3235,8720,61711,11128,61711,1567,73
3235,8720,61712,11128,61712,1567,73
3235,8720,61713,11128,61713,1567,73
3235,8720,61714,11128,61714,1567,73
3235,8720,61715,11128,61715,1567,73
3235,8720,61716,11128,61716,1567,73
3235,8720,61717,11128,61717,1567,73
3235,8720,61718,11128,61718,1567,73
3235,8720,61719,11128,61719,1567,73
3235,8720,61720,11128,61720,1567,73
3235,8720,61721,11128,61721,1567,73
3235,8720,61722,11128,61722,1567,73
3235,8720,61723,11128,61723,1567,73
3235,8720,61724,11128,61724,1567,73
3235,8720,61725,11128,61725,1567,73
3235,8720,61726,11128,61726,1567,73
3235,8720,61727,11128,61727,1567,73
3235,8720,61728,11128,61728,1567,73
3235,8720,61729,11128,61729,1567,73
3235,8720,61730,11128,61730,1567,73
3235,8720,61731,11128,61731,1567,73
3235,8720,61732,11128,61732,1567,73
3235,8720,61733,11128,61733,1567,73
3235,8720,61734,11128,61734,1567,73
3235,8720,61735,11128,61735,1567,73
3235,8720,61736,11128,61736,1567,73
3234,8720,61737,11128,61737,1567,73
3234,8720,61738,11128,61738,1567,73
3234,8720,61739,11128,61739,1567,73
3234,8720,61740,11128,61740,1567,73
3234,8720,61741,11128,61741,1567,73
3234,8720,61742,11128,61742,1567,73
3234,8720,61743,11128,61743,1567,73
3234,8720,61744,11128,61744,1567,73
3234,8720,61745,11128,61745,1567,73
3234,8720,61746,11128,61746,1567,73
3234,8720,61747,11128,61747,1567,73
3234,8720,61748,11128,61748,1567,73
3234,8720,61749,11128,61749,1567,73
3234,8720,61750,11128,61750,1567,73
3234,8720,61751,11128,61751,1567,73
3234,8720,61752,11128,61752,1567,73
3234,8720,61753,11128,61753,1567,73
3234,8720,61754,11128,61754,1567,73
3234,8720,61755,11128,61755,1567,73
3234,8720,61756,11128,61756,1567,73
3234,8720,61757,11128,61757,1567,73
3234,8720,61758,11128,61758,1567,73
3234,8720,61759,11128,61759,1567,73
3234,8720,61760,11128,61760,1567,73
3234,8720,61761,11128,61761,1567,73
3234,8720,61762,11128,61762,1567,73
3234,8720,61763,11128,61763,1567,73
3234,8720,61764,11128,61764,1567,73
3234,8720,61765,11128,61765,1567,73
3234,8720,61766,11128,61766,1567,73
3234,8720,61767,11128,61767,1567,73
3234,8720,61768,11128,61768,1567,73
3234,8720,61769,11128,61769,1567,73
3234,8720,61770,11128,61770,1567,73
3234,8720,61771,11128,61771,1567,73
3234,8720,61772,11128,61772,1567,73
3234,8720,61773,11128,61773,1567,73
3234,8720,61774,11128,61774,1567,73
3234,8720,61775,11128,61775,1567,73
3234,8720,61776,11128,61776,1567,73
3234,8720,61777,11128,61777,1567,73
3234,8720,61778,11128,61778,1567,73
3234,8720,61779,11128,61779,1567,73
3234,8720,61780,11128,61780,1567,73
3234,8720,61781,11128,61781,1567,73
3234,8720,61782,11128,61782,1567,73
3234,8720,61783,11128,61783,1567,73
3234,8720,61784,11128,61784,1567,73
3234,8720,61785,11128,61785,1567,73
3234,8720,61786,11128,61786,1567,73
3234,8720,61787,11128,61787,1567,73
3234,8720,61788,11128,61788,1567,73
3234,8720,61789,11128,61789,1567,73
3234,8720,61790,11128,61790,1567,73
3234,8720,61791,11128,61791,1567,73
3234,8720,61792,11128,61792,1567,73
3234,8720,61793,11128,61793,1567,73
3234,8720,61794,11128,61794,1567,73
3234,8720,61795,11128,61795,1567,73
3234,8720,61796,11128,61796,1567,73
3234,8720,61797,11128,61797,1567,73
3234,8720,61798,11128,61798,1567,73
3234,8720,61799,11128,61799,1567,73
3234,8720,61800,11128,61800,1567,73
3234,8720,61801,11128,61801,1567,73
3234,8720,61802,11128,61802,1567,73
3234,8720,61803,11128,61803,1567,73
3234,8720,61804,11128,61804,1567,73
3234,8720,61805,11128,61805,1567,73
3234,8720,61806,11128,61806,1567,73
3234,8720,61807,11128,61807,1567,73
3234,8720,61808,11128,61808,1567,73
3234,8720,61809,11128,61809,1567,73
3234,8720,61810,11128,61810,1567,73
3234,8720,61811,11128,61811,1567,73
3234,8720,61812,11128,61812,1567,73
3234,8720,61813,11128,61813,1567,73
3234,8720,61814,11128,61814,1567,73
3233,8720,61815,11128,61815,1567,73
3233,8720,61816,11128,61816,1567,73
3233,8720,61817,11128,61817,1567,73
3233,8720,61818,11128,61818,1567,73
3233,8720,61819,11128,61819,1567,73
3233,8720,61820,11128,61820,1567,73
3233,8720,61821,11128,61821,1567,73
3233,8720,61822,11128,61822,1567,73
3233,8720,61823,11128,61823,1567,73
3233,8720,61824,11128,61824,1567,73
3233,8720,61825,11128,61825,1567,73
3233,8720,61826,11128,61826,1567,73
3233,8720,61827,11128,61827,1567,73
3233,8720,61828,11128,61828,1567,73
3233,8720,61829,11128,61829,1567,73
3233,8720,61830,11128,61830,1567,73
3233,8720,61831,11128,61831,1567,73
3233,8720,61832,11128,61832,1567,73
3233,8720,61833,11128,61833,1567,73
3233,8720,61834,11128,61834,1567,73
3233,8720,61835,11128,61835,1567,73
3233,8720,61836,11128,61836,1567,73
3233,8720,61837,11128,61837,1567,73
3233,8720,61838,11128,61838,1567,73
3233,8720,61839,11128,61839,1567,73
3233,8720,61840,11128,61840,1567,73
3233,8720,61841,11128,61841,1567,73
3233,8720,61842,11128,61842,1567,73
3233,8720,61843,11128,61843,1567,73
3233,8720,61844,11128,61844,1567,73
3233,8720,61845,11128,61845,1567,73
3233,8720,61846,11128,61846,1567,73
3233,8720,61847,11128,61847,1567,73
3233,8720,61848,11128,61848,1567,73
3233,8720,61849,11128,61849,1567,73
3233,8720,61850,11128,61850,1567,73
3233,8720,61851,11128,61851,1567,73
3233,8720,61852,11128,61852,1567,73
3233,8720,61853,11128,61853,1567,73
3233,8720,61854,11128,61854,1567,73
3233,8720,61855,11128,61855,1567,73
3233,8720,61856,11128,61856,1567,73
3233,8720,61857,11128,61857,1567,73
3233,8720,61858,11128,61858,1567,73
3233,8720,61859,11128,61859,1567,73
3233,8720,61860,11128,61860,1567,73
3233,8720,61861,11128,61861,1567,73
3233,8720,61862,11128,61862,1567,73
3233,8720,61863,11128,61863,1567,73
3233,8720,61864,11128,61864,1567,73
3233,8720,61865,11128,61865,1567,73
3233,8720,61866,11128,61866,1567,73
3233,8720,61867,11128,61867,1567,73
3233,8720,61868,11128,61868,1567,73
3232,8720,61869,11128,61869,1567,73
3232,8720,61870,11128,61870,1567,73
3233,8720,61871,11128,61871,1567,73
3233,8720,61872,11128,61872,1567,73
3233,8720,61873,11128,61873,1567,73
3233,8720,61874,11128,61874,1567,73
3233,8720,61875,11128,61875,1567,73
3233,8720,61876,11128,61876,1567,73
3233,8720,61877,11128,61877,1567,73
3233,8720,61878,11128,61878,1567,73
3233,8720,61879,11128,61879,1567,73
3233,8720,61880,11128,61880,1567,73
3233,8720,61881,11128,61881,1567,73
3233,8720,61882,11128,61882,1567,73
3233,8720,61883,11128,61883,1567,73
3233,8720,61884,11128,61884,1567,73
3233,8720,61885,11128,61885,1567,73
3233,8720,61886,11128,61886,1567,73
3233,8720,61887,11128,61887,1567,73
3233,8720,61888,11128,61888,1567,73
3233,8720,61889,11128,61889,1567,73
3233,8720,61890,11128,61890,1567,73
3233,8720,61891,11128,61891,1567,73
3233,8720,61892,11128,61892,1567,73
3233,8720,61893,11128,61893,1567,73
3233,8720,61894,11128,61894,1567,73
3233,8720,61895,11128,61895,1567,73
3233,8720,61896,11128,61896,1567,73
3233,8720,61897,11128,61897,1567,73
3233,8720,61898,11128,61898,1567,73
3233,8720,61899,11128,61899,1567,73
3233,8720,61900,11128,61900,1567,73
3233,8720,61901,11128,61901,1567,73
3233,8720,61902,11128,61902,1567,73
3233,8720,61903,11128,61903,1567,73
3233,8720,61904,11128,61904,1567,73
3233,8720,61905,11128,61905,1567,73
3233,8720,61906,11128,61906,1567,73
3233,8720,61907,11128,61907,1567,73
3233,8720,61908,11128,61908,1567,73
3233,8720,61909,11128,61909,1567,73
3233,8720,61910,11128,61910,1567,73
3233,8720,61911,11128,61911,1567,73
3233,8720,61912,11128,61912,1567,73
3233,8720,61913,11128,61913,1567,73
3233,8720,61914,11128,61914,1567,73
3233,8720,61915,11128,61915,1567,73
3233,8720,61916,11128,61916,1567,73
3233,8720,61917,11128,61917,1567,73
3233,8720,61918,11128,61918,1567,73
3233,8720,61919,11128,61919,1567,73
3233,8720,61920,11128,61920,1567,73
3233,8720,61921,11128,61921,1567,73
3233,8720,61922,11128,61922,1567,73
3233,8720,61923,11128,61923,1567,73
3233,8720,61924,11128,61924,1567,73
3233,8720,61925,11128,61925,1567,73
3233,8720,61926,11128,61926,1567,73
3233,8720,61927,11128,61927,1567,73
3233,8720,61928,11128,61928,1567,73
3233,8720,61929,11128,61929,1567,73
3233,8720,61930,11128,61930,1567,73
3233,8720,61931,11128,61931,1567,73
3233,8720,61932,11128,61932,1567,73
3233,8720,61933,11128,61933,1567,73
3233,8720,61934,11128,61934,1567,73
3233,8720,61935,11128,61935,1567,73
3233,8720,61936,11128,61936,1567,73
3233,8720,61937,11128,61937,1567,73
3233,8720,61938,11128,61938,1567,73
3233,8720,61939,11128,61939,1567,73
3233,8720,61940,11128,61940,1567,73
3233,8720,61941,11128,61941,1567,73
3233,8720,61942,11128,61942,1567,73
3233,8720,61943,11128,61943,1567,73
3233,8720,61944,11128,61944,1567,73
3233,8720,61945,11128,61945,1567,73
3233,8720,61946,11128,61946,1567,73
3233,8720,61947,11128,61947,1567,73
3233,8720,61948,11128,61948,1567,73
3233,8720,61949,11128,61949,1567,73
3233,8720,61950,11128,61950,1567,73
3233,8720,61951,11128,61951,1567,73
3233,8720,61952,11128,61952,1567,73
3233,8720,61953,11128,61953,1567,73
3233,8720,61954,11128,61954,1567,73
3233,8720,61955,11128,61955,1567,73
3233,8720,61956,11128,61956,1567,73
3233,8720,61957,11128,61957,1567,73
3233,8720,61958,11128,61958,1567,73
3233,8720,61959,11128,61959,1567,73
3233,8720,61960,11128,61960,1567,73
3233,8720,61961,11128,61961,1567,73
3233,8720,61962,11128,61962,1567,73
3233,8720,61963,11128,61963,1567,73
3233,8720,61964,11128,61964,1567,73
3233,8720,61965,11128,61965,1567,73
3233,8720,61966,11128,61966,1567,73
3233,8720,61967,11128,61967,1567,73
3233,8720,61968,11128,61968,1567,73
3233,8720,61969,11128,61969,1567,73
3233,8720,61970,11128,61970,1567,73
3233,8720,61971,11128,61971,1567,73
3233,8720,61972,11128,61972,1567,73
3233,8720,61973,11128,61973,1567,73
3233,8720,61974,11128,61974,1567,73
3233,8720,61975,11128,61975,1567,73
3233,8720,61976,11128,61976,1567,73
3233,8720,61977,11128,61977,1567,73
3233,8720,61978,11128,61978,1567,73
3233,8720,61979,11128,61979,1567,73
3233,8720,61980,11128,61980,1567,73
3233,8720,61981,11128,61981,1567,73
3233,8720,61982,11128,61982,1567,73
3233,8720,61983,11128,61983,1567,73
3233,8720,61984,11128,61984,1567,73
3233,8720,61985,11128,61985,1567,73
3233,8720,61986,11128,61986,1567,73
3233,8720,61987,11128,61987,1567,73
3233,8720,61988,11128,61988,1567,73
3233,8720,61989,11128,61989,1567,73
3233,8720,61990,11128,61990,1567,73
3232,8720,61991,11128,61991,1567,73
3231,8720,61992,11128,61992,1567,73
3231,8720,61993,11128,61993,1567,73
3231,8720,61994,11128,61994,1567,73
3231,8720,61995,11128,61995,1567,73
3231,8720,61996,11128,61996,1567,73
3231,8720,61997,11128,61997,1567,73
3231,8720,61998,11128,61998,1567,73
3231,8720,61999,11128,61999,1567,73
3231,8720,62000,11128,62000,1567,73
3231,8720,62001,11128,62001,1567,73
3231,8720,62002,11128,62002,1567,73
3231,8720,62003,11128,62003,1567,73
3231,8720,62004,11128,62004,1567,73
3231,8720,62005,11128,62005,1567,73
3231,8720,62006,11128,62006,1567,73
3231,8720,62007,11128,62007,1567,73
3231,8720,62008,11128,62008,1567,73
3231,8720,62009,11128,62009,1567,73
3231,8720,62010,11128,62010,1567,73
3231,8720,62011,11128,62011,1567,73
3231,8720,62012,11128,62012,1567,73
3231,8720,62013,11128,62013,1567,73
3231,8720,62014,11128,62014,1567,73
3231,8720,62015,11128,62015,1567,73
3231,8720,62016,11128,62016,1567,73
3231,8720,62017,11128,62017,1567,73
3231,8720,62018,11128,62018,1567,73
3231,8720,62019,11128,62019,1567,73
3232,8720,62020,11128,62020,1567,73
3232,8720,62021,11128,62021,1567,73
3232,8720,62022,11128,62022,1567,73
3232,8720,62023,11128,62023,1567,73
3232,8720,62024,11128,62024,1567,73
3232,8720,62025,11128,62025,1567,73
3232,8720,62026,11128,62026,1567,73
3232,8720,62027,11128,62027,1567,73
3232,8720,62028,11128,62028,1567,73
3231,8720,62029,11128,62029,1567,73
3231,8720,62030,11128,62030,1567,73
3231,8720,62031,11128,62031,1567,73
3231,8720,62032,11128,62032,1567,73
3231,8720,62033,11128,62033,1567,73
3231,8720,62034,11128,62034,1567,73
3231,8720,62035,11128,62035,1567,73
3231,8720,62036,11128,62036,1567,73
3231,8720,62037,11128,62037,1567,73
3231,8720,62038,11128,62038,1567,73
3231,8720,62039,11128,62039,1567,73
3231,8720,62040,11128,62040,1567,73
3231,8720,62041,11128,62041,1567,73
3231,8720,62042,11128,62042,1567,73
3231,8720,62043,11128,62043,1567,73
3231,8720,62044,11128,62044,1567,73
3231,8720,62045,11128,62045,1567,73
3231,8720,62046,11128,62046,1567,73
3231,8720,62047,11128,62047,1567,73
3231,8720,62048,11128,62048,1567,73
3231,8720,62049,11128,62049,1567,73
3231,8720,62050,11128,62050,1567,73
3231,8720,62051,11128,62051,1567,73
3231,8720,62052,11128,62052,1567,73
3231,8720,62053,11128,62053,1567,73
3231,8720,62054,11128,62054,1567,73
3231,8720,62055,11128,62055,1567,73
3231,8720,62056,11128,62056,1567,73
3231,8720,62057,11128,62057,1567,73
3231,8720,62058,11128,62058,1567,73
3231,8720,62059,11128,62059,1567,73
3230,8720,62060,11128,62060,1567,73
3230,8720,62061,11128,62061,1567,73
3230,8720,62062,11128,62062,1567,73
3230,8720,62063,11128,62063,1567,73
3230,8720,62064,11128,62064,1567,73
3230,8720,62065,11128,62065,1567,73
3230,8720,62066,11128,62066,1567,73
3229,8720,62067,11128,62067,1567,73
3229,8720,62068,11128,62068,1567,73
3229,8720,62069,11128,62069,1567,73
3229,8720,62070,11128,62070,1567,73
3229,8720,62071,11128,62071,1567,73
3229,8720,62072,11128,62072,1567,73
3229,8720,62073,11128,62073,1567,73
3229,8720,62074,11128,62074,1567,73
3229,8720,62075,11128,62075,1567,73
3229,8720,62076,11128,62076,1567,73
3229,8720,62077,11128,62077,1567,73
3229,8720,62078,11128,62078,1567,73
3229,8720,62079,11128,62079,1567,73
3230,8720,62080,11128,62080,1567,73
3230,8720,62081,11128,62081,1567,73
3230,8720,62082,11128,62082,1567,73
3230,8720,62083,11128,62083,1567,73
3230,8720,62084,11128,62084,1567,73
3230,8720,62085,11128,62085,1567,73
3230,8720,62086,11128,62086,1567,73
3230,8720,62087,11128,62087,1567,73
3230,8720,62088,11128,62088,1567,73
3230,8720,62089,11128,62089,1567,73
3230,8720,62090,11128,62090,1567,73
3230,8720,62091,11128,62091,1567,73
3230,8720,62092,11128,62092,1567,73
3230,8720,62093,11128,62093,1567,73
3230,8720,62094,11128,62094,1567,73
3230,8720,62095,11128,62095,1567,73
3230,8720,62096,11128,62096,1567,73
3230,8720,62097,11128,62097,1567,73
3230,8720,62098,11128,62098,1567,73
3230,8720,62099,11128,62099,1567,73
3230,8720,62100,11128,62100,1567,73
3230,8720,62101,11128,62101,1567,73
3230,8720,62102,11128,62102,1567,73
3230,8720,62103,11128,62103,1567,73
3230,8720,62104,11128,62104,1567,73
3230,8720,62105,11128,62105,1567,73
3230,8720,62106,11128,62106,1567,73
3230,8720,62107,11128,62107,1567,73
3230,8720,62108,11128,62108,1567,73
3230,8720,62109,11128,62109,1567,73
3230,8720,62110,11128,62110,1567,73
3230,8720,62111,11128,62111,1567,73
3230,8720,62112,11128,62112,1567,73
3230,8720,62113,11128,62113,1567,73
3230,8720,62114,11128,62114,1567,73
3230,8720,62115,11128,62115,1567,73
3230,8720,62116,11128,62116,1567,73
3230,8720,62117,11128,62117,1567,73
3230,8720,62118,11128,62118,1567,73
3230,8720,62119,11128,62119,1567,73
3230,8720,62120,11128,62120,1567,73
3230,8720,62121,11128,62121,1567,73
3230,8720,62122,11128,62122,1567,73
3230,8720,62123,11128,62123,1567,73
3229,8720,62124,11128,62124,1567,73
3229,8720,62125,11128,62125,1567,73
3229,8720,62126,11128,62126,1567,73
3229,8720,62127,11128,62127,1567,73
3229,8720,62128,11128,62128,1567,73
3229,8720,62129,11128,62129,1567,73
3229,8720,62130,11128,62130,1567,73
3229,8720,62131,11128,62131,1567,73
3229,8720,62132,11128,62132,1567,73
3229,8720,62133,11128,62133,1567,73
3229,8720,62134,11128,62134,1567,73
3229,8720,62135,11128,62135,1567,73
3229,8720,62136,11128,62136,1567,73
3229,8720,62137,11128,62137,1567,73
3229,8720,62138,11128,62138,1567,73
3229,8720,62139,11128,62139,1567,73
3229,8720,62140,11128,62140,1567,73
3229,8720,62141,11128,62141,1567,73
3229,8720,62142,11128,62142,1567,73
3229,8720,62143,11128,62143,1567,73
3229,8720,62144,11128,62144,1567,73
3229,8720,62145,11128,62145,1567,73
3229,8720,62146,11128,62146,1567,73
3229,8720,62147,11128,62147,1567,73
3229,8720,62148,11128,62148,1567,73
3229,8720,62149,11128,62149,1567,73
3229,8720,62150,11128,62150,1567,73
3229,8720,62151,11128,62151,1567,73
3229,8720,62152,11128,62152,1567,73
3229,8720,62153,11128,62153,1567,73
3229,8720,62154,11128,62154,1567,73
3229,8720,62155,11128,62155,1567,73
3229,8720,62156,11128,62156,1567,73
3229,8720,62157,11128,62157,1567,73
3229,8720,62158,11128,62158,1567,73
3229,8720,62159,11128,62159,1567,73
3229,8720,62160,11128,62160,1567,73
3229,8720,62161,11128,62161,1567,73
3229,8720,62162,11128,62162,1567,73
3229,8720,62163,11128,62163,1567,73
3229,8720,62164,11128,62164,1567,73
3229,8720,62165,11128,62165,1567,73
3230,8720,62166,11128,62166,1567,73
3230,8720,62167,11128,62167,1567,73
3230,8720,62168,11128,62168,1567,73
3230,8720,62169,11128,62169,1567,73
3230,8720,62170,11128,62170,1567,73
3230,8720,62171,11128,62171,1567,73
3230,8720,62172,11128,62172,1567,73
3230,8720,62173,11128,62173,1567,73
3230,8720,62174,11128,62174,1567,73
3230,8720,62175,11128,62175,1567,73
3230,8720,62176,11128,62176,1567,73
3230,8720,62177,11128,62177,1567,73
3230,8720,62178,11128,62178,1567,73
3230,8720,62179,11128,62179,1567,73
3230,8720,62180,11128,62180,1567,73
3230,8720,62181,11128,62181,1567,73
3230,8720,62182,11128,62182,1567,73
3230,8720,62183,11128,62183,1567,73
3230,8720,62184,11128,62184,1567,73
3230,8720,62185,11128,62185,1567,73
3230,8720,62186,11128,62186,1567,73
3231,8720,62187,11128,62187,1567,73
3231,8720,62188,11128,62188,1567,73
3231,8720,62189,11128,62189,1567,73
3231,8720,62190,11128,62190,1567,73
3231,8720,62191,11128,62191,1567,73
3231,8720,62192,11128,62192,1567,73
3231,8720,62193,11128,62193,1567,73
3231,8720,62194,11128,62194,1567,73
3231,8720,62195,11128,62195,1567,73
3231,8720,62196,11128,62196,1567,73
3231,8720,62197,11128,62197,1567,73
3231,8720,62198,11128,62198,1567,73
3231,8720,62199,11128,62199,1567,73
3231,8720,62200,11128,62200,1567,73
3231,8720,62201,11128,62201,1567,73
3231,8720,62202,11128,62202,1567,73
3231,8720,62203,11128,62203,1567,73
3231,8720,62204,11128,62204,1567,73
3231,8720,62205,11128,62205,1567,73
3231,8720,62206,11128,62206,1567,73
3231,8720,62207,11128,62207,1567,73
3231,8720,62208,11128,62208,1567,73
3231,8720,62209,11128,62209,1567,73
3231,8720,62210,11128,62210,1567,73
3231,8720,62211,11128,62211,1567,73
3231,8720,62212,11128,62212,1567,73
3231,8720,62213,11128,62213,1567,73
3231,8720,62214,11128,62214,1567,73
3231,8720,62215,11128,62215,1567,73
3231,8720,62216,11128,62216,1567,73
3231,8720,62217,11128,62217,1567,73
3231,8720,62218,11128,62218,1567,73
3231,8720,62219,11128,62219,1567,73
3230,8720,62220,11128,62220,1567,73
3230,8720,62221,11128,62221,1567,73
3230,8720,62222,11128,62222,1567,73
3230,8720,62223,11128,62223,1567,73
3230,8720,62224,11128,62224,1567,73
3230,8720,62225,11128,62225,1567,73
3230,8720,62226,11128,62226,1567,73
3230,8720,62227,11128,62227,1567,73
3230,8720,62228,11128,62228,1567,73
3230,8720,62229,11128,62229,1567,73
3230,8720,62230,11128,62230,1567,73
3230,8720,62231,11128,62231,1567,73
3230,8720,62232,11128,62232,1567,73
3230,8720,62233,11128,62233,1567,73
3230,8720,62234,11128,62234,1567,73
3230,8720,62235,11128,62235,1567,73
3230,8720,62236,11128,62236,1567,73
3230,8720,62237,11128,62237,1567,73
3230,8720,62238,11128,62238,1567,73
3231,8720,62239,11128,62239,1567,73
3231,8720,62240,11128,62240,1567,73
3231,8720,62241,11128,62241,1567,73
3231,8720,62242,11128,62242,1567,73
3231,8720,62243,11128,62243,1567,73
3231,8720,62244,11128,62244,1567,73
3231,8720,62245,11128,62245,1567,73
3231,8720,62246,11128,62246,1567,73
3231,8720,62247,11128,62247,1567,73
3231,8720,62248,11128,62248,1567,73
3231,8720,62249,11128,62249,1567,73
3230,8720,62250,11128,62250,1567,73
3230,8720,62251,11128,62251,1567,73
3230,8720,62252,11128,62252,1567,73
3230,8720,62253,11128,62253,1567,73
3230,8720,62254,11128,62254,1567,73
3230,8720,62255,11128,62255,1567,73
3230,8720,62256,11128,62256,1567,73
3230,8720,62257,11128,62257,1567,73
3230,8720,62258,11128,62258,1567,73
3230,8720,62259,11128,62259,1567,73
3230,8720,62260,11128,62260,1567,73
3230,8720,62261,11128,62261,1567,73
3230,8720,62262,11128,62262,1567,73
3230,8720,62263,11128,62263,1567,73
3230,8720,62264,11128,62264,1567,73
3230,8720,62265,11128,62265,1567,73
3230,8720,62266,11128,62266,1567,73
3230,8720,62267,11128,62267,1567,73
3230,8720,62268,11128,62268,1567,73
3230,8720,62269,11128,62269,1567,73
3230,8720,62270,11128,62270,1567,73
3230,8720,62271,11128,62271,1567,73
3230,8720,62272,11128,62272,1567,73
3230,8720,62273,11128,62273,1567,73
3230,8720,62274,11128,62274,1567,73
3230,8720,62275,11128,62275,1567,73
3230,8720,62276,11128,62276,1567,73
3230,8720,62277,11128,62277,1567,73
3230,8720,62278,11128,62278,1567,73
3230,8720,62279,11128,62279,1567,73
3230,8720,62280,11128,62280,1567,73
3230,8720,62281,11128,62281,1567,73
3230,8720,62282,11128,62282,1567,73
3230,8720,62283,11128,62283,1567,73
3230,8720,62284,11128,62284,1567,73
3230,8720,62285,11128,62285,1567,73
3230,8720,62286,11128,62286,1567,73
3230,8720,62287,11128,62287,1567,73
3230,8720,62288,11128,62288,1567,73
3230,8720,62289,11128,62289,1567,73
3230,8720,62290,11128,62290,1567,73
3230,8720,62291,11128,62291,1567,73
3230,8720,62292,11128,62292,1567,73
3230,8720,62293,11128,62293,1567,73
3230,8720,62294,11128,62294,1567,73
3230,8720,62295,11128,62295,1567,73
3230,8720,62296,11128,62296,1567,73
3230,8720,62297,11128,62297,1567,73
3229,8720,62298,11128,62298,1567,73
3229,8720,62299,11128,62299,1567,73
3229,8720,62300,11128,62300,1567,73
3229,8720,62301,11128,62301,1567,73
3229,8720,62302,11128,62302,1567,73
3229,8720,62303,11128,62303,1567,73
3229,8720,62304,11128,62304,1567,73
3229,8720,62305,11128,62305,1567,73
3229,8720,62306,11128,62306,1567,73
3229,8720,62307,11128,62307,1567,73
3229,8720,62308,11128,62308,1567,73
3229,8720,62309,11128,62309,1567,73
3229,8720,62310,11128,62310,1567,73
3229,8720,62311,11128,62311,1567,73
3229,8720,62312,11128,62312,1567,73
3229,8720,62313,11128,62313,1567,73
3229,8720,62314,11128,62314,1567,73
3229,8720,62315,11128,62315,1567,73
3230,8720,62316,11128,62316,1567,73
3230,8720,62317,11128,62317,1567,73
3230,8720,62318,11128,62318,1567,73
3230,8720,62319,11128,62319,1567,73
3230,8720,62320,11128,62320,1567,73
3230,8720,62321,11128,62321,1567,73
3230,8720,62322,11128,62322,1567,73
3230,8720,62323,11128,62323,1567,73
3230,8720,62324,11128,62324,1567,73
3230,8720,62325,11128,62325,1567,73
3230,8720,62326,11128,62326,1567,73
3230,8720,62327,11128,62327,1567,73
3230,8720,62328,11128,62328,1567,73
3230,8720,62329,11128,62329,1567,73
3230,8720,62330,11128,62330,1567,73
3230,8720,62331,11128,62331,1567,73
3230,8720,62332,11128,62332,1567,73
3230,8720,62333,11128,62333,1567,73
3230,8720,62334,11128,62334,1567,73
3230,8720,62335,11128,62335,1567,73
3230,8720,62336,11128,62336,1567,73
3230,8720,62337,11128,62337,1567,73
3230,8720,62338,11128,62338,1567,73
3230,8720,62339,11128,62339,1567,73
3230,8720,62340,11128,62340,1567,73
3230,8720,62341,11128,62341,1567,73
3230,8720,62342,11128,62342,1567,73
3230,8720,62343,11128,62343,1567,73
3230,8720,62344,11128,62344,1567,73
3229,8720,62345,11128,62345,1567,73
3229,8720,62346,11128,62346,1567,73
3229,8720,62347,11128,62347,1567,73
3230,8720,62348,11128,62348,1567,73
3230,8720,62349,11128,62349,1567,73
3230,8720,62350,11128,62350,1567,73
3230,8720,62351,11128,62351,1567,73
3230,8720,62352,11128,62352,1567,73
3230,8720,62353,11128,62353,1567,73
3230,8720,62354,11128,62354,1567,73
3230,8720,62355,11128,62355,1567,73
3230,8720,62356,11128,62356,1567,73
3230,8720,62357,11128,62357,1567,73
3230,8720,62358,11128,62358,1567,73
3230,8720,62359,11128,62359,1567,73
3231,8720,62360,11128,62360,1567,73
3231,8720,62361,11128,62361,1567,73
3231,8720,62362,11128,62362,1567,73
3231,8720,62363,11128,62363,1567,73
3231,8720,62364,11128,62364,1567,73
3231,8720,62365,11128,62365,1567,73
3231,8720,62366,11128,62366,1567,73
3231,8720,62367,11128,62367,1567,73
3231,8720,62368,11128,62368,1567,73
3231,8720,62369,11128,62369,1567,73
3231,8720,62370,11128,62370,1567,73
3231,8720,62371,11128,62371,1567,73
3231,8720,62372,11128,62372,1567,73
3231,8720,62373,11128,62373,1567,73
3231,8720,62374,11128,62374,1567,73
3231,8720,62375,11128,62375,1567,73
3231,8720,62376,11128,62376,1567,73
3231,8720,62377,11128,62377,1567,73
3232,8720,62378,11128,62378,1567,73
3232,8720,62379,11128,62379,1567,73
3232,8720,62380,11128,62380,1567,73
3232,8720,62381,11128,62381,1567,73
3232,8720,62382,11128,62382,1567,73
3232,8720,62383,11128,62383,1567,73
3232,8720,62384,11128,62384,1567,73
3232,8720,62385,11128,62385,1567,73
3232,8720,62386,11128,62386,1567,73
3232,8720,62387,11128,62387,1567,73
3232,8720,62388,11128,62388,1567,73
3232,8720,62389,11128,62389,1567,73
3232,8720,62390,11128,62390,1567,73
3232,8720,62391,11128,62391,1567,73
3232,8720,62392,11128,62392,1567,73
3232,8720,62393,11128,62393,1567,73
3232,8720,62394,11128,62394,1567,73
3232,8720,62395,11128,62395,1567,73
3232,8720,62396,11128,62396,1567,73
3232,8720,62397,11128,62397,1567,73
3232,8720,62398,11128,62398,1567,73
3232,8720,62399,11128,62399,1567,73
3232,8720,62400,11128,62400,1567,73
3232,8720,62401,11128,62401,1567,73
3232,8720,62402,11128,62402,1567,73
3232,8720,62403,11128,62403,1567,73
3232,8720,62404,11128,62404,1567,73
3232,8720,62405,11128,62405,1567,73
3232,8720,62406,11128,62406,1567,73
3232,8720,62407,11128,62407,1567,73
3231,8720,62408,11128,62408,1567,72
3231,8720,62409,11128,62409,1567,72
3231,8720,62410,11128,62410,1567,72
3231,8720,62411,11128,62411,1567,72
3231,8720,62412,11128,62412,1567,72
3231,8720,62413,11128,62413,1567,72
3231,8720,62414,11128,62414,1567,72
3231,8720,62415,11128,62415,1567,72
3231,8720,62416,11128,62416,1567,72
3231,8720,62417,11128,62417,1567,72
3231,8720,62418,11128,62418,1567,72
3231,8720,62419,11128,62419,1567,72
3231,8720,62420,11128,62420,1567,72
3231,8720,62421,11128,62421,1567,72
3231,8720,62422,11128,62422,1567,72
3231,8720,62423,11128,62423,1567,72
3231,8720,62424,11128,62424,1567,72
3231,8720,62425,11128,62425,1567,72
3231,8720,62426,11128,62426,1567,72
3231,8720,62427,11128,62427,1567,72
3231,8720,62428,11128,62428,1567,72
3231,8720,62429,11128,62429,1567,72
3231,8720,62430,11128,62430,1567,72
3231,8720,62431,11128,62431,1567,72
3231,8720,62432,11128,62432,1567,72
3231,8720,62433,11128,62433,1567,72
3231,8720,62434,11128,62434,1567,72
3231,8720,62435,11128,62435,1567,72
3231,8720,62436,11128,62436,1567,72
3231,8720,62437,11128,62437,1567,72
3231,8720,62438,11128,62438,1567,72
3231,8720,62439,11128,62439,1567,72
3231,8720,62440,11128,62440,1567,72
3231,8720,62441,11128,62441,1567,72
3231,8720,62442,11128,62442,1567,72
3231,8720,62443,11128,62443,1567,72
3231,8720,62444,11128,62444,1567,72
3231,8720,62445,11128,62445,1567,72
3231,8720,62446,11128,62446,1567,72
3231,8720,62447,11128,62447,1567,72
3231,8720,62448,11128,62448,1567,72
3231,8720,62449,11128,62449,1567,72
3231,8720,62450,11128,62450,1567,72
3231,8720,62451,11128,62451,1567,72
3231,8720,62452,11128,62452,1567,72
3231,8720,62453,11128,62453,1567,72
3231,8720,62454,11128,62454,1567,72
3231,8720,62455,11128,62455,1567,72
3231,8720,62456,11128,62456,1567,72
3231,8720,62457,11128,62457,1567,72
3231,8720,62458,11128,62458,1567,72
3231,8720,62459,11128,62459,1567,72
3231,8720,62460,11128,62460,1567,72
3231,8720,62461,11128,62461,1567,72
3231,8720,62462,11128,62462,1567,72
3231,8720,62463,11128,62463,1567,72
3231,8720,62464,11128,62464,1567,72
3231,8720,62465,11128,62465,1567,72
3231,8720,62466,11128,62466,1567,72
3231,8720,62467,11128,62467,1567,72
3231,8720,62468,11128,62468,1567,72
3231,8720,62469,11128,62469,1567,72
3231,8720,62470,11128,62470,1567,72
3231,8720,62471,11128,62471,1567,72
3231,8720,62472,11128,62472,1567,72
3231,8720,62473,11128,62473,1567,72
3231,8720,62474,11128,62474,1567,72
3231,8720,62475,11128,62475,1567,72
3231,8720,62476,11128,62476,1567,72
3231,8720,62477,11128,62477,1567,72
3231,8720,62478,11128,62478,1567,72
3231,8720,62479,11128,62479,1567,72
3231,8720,62480,11128,62480,1567,72
3231,8720,62481,11128,62481,1567,72
3231,8720,62482,11128,62482,1567,72
3231,8720,62483,11128,62483,1567,72
3231,8720,62484,11128,62484,1567,72
3231,8720,62485,11128,62485,1567,72
3231,8720,62486,11128,62486,1567,72
3231,8720,62487,11128,62487,1567,72
3231,8720,62488,11128,62488,1567,72
3231,8720,62489,11128,62489,1567,72
3231,8720,62490,11128,62490,1567,72
3231,8720,62491,11128,62491,1567,72
3231,8720,62492,11128,62492,1567,72
3231,8720,62493,11128,62493,1567,72
3231,8720,62494,11128,62494,1567,72
3231,8720,62495,11128,62495,1567,72
3231,8720,62496,11128,62496,1567,72
3231,8720,62497,11128,62497,1567,72
3231,8720,62498,11128,62498,1567,72
3231,8720,62499,11128,62499,1567,72
3231,8720,62500,11128,62500,1567,72
3231,8720,62501,11128,62501,1567,72
3231,8720,62502,11128,62502,1567,72
3231,8720,62503,11128,62503,1567,72
3231,8720,62504,11128,62504,1567,72
3231,8720,62505,11128,62505,1567,72
3231,8720,62506,11128,62506,1567,72
3231,8720,62507,11128,62507,1567,72
3231,8720,62508,11128,62508,1567,72
3231,8720,62509,11128,62509,1567,72
3231,8720,62510,11128,62510,1567,72
3231,8720,62511,11128,62511,1567,72
3231,8720,62512,11128,62512,1567,72
3231,8720,62513,11128,62513,1567,72
3231,8720,62514,11128,62514,1567,72
3230,8720,62515,11128,62515,1567,72
3230,8720,62516,11128,62516,1567,72
3230,8720,62517,11128,62517,1567,72
3230,8720,62518,11128,62518,1567,72
3230,8720,62519,11128,62519,1567,72
3230,8720,62520,11128,62520,1567,72
3230,8720,62521,11128,62521,1567,72
3230,8720,62522,11128,62522,1567,72
3230,8720,62523,11128,62523,1567,72
3230,8720,62524,11128,62524,1567,72
3230,8720,62525,11128,62525,1567,72
3230,8720,62526,11128,62526,1567,72
3230,8720,62527,11128,62527,1567,72
3230,8720,62528,11128,62528,1567,72
3230,8720,62529,11128,62529,1567,72
3230,8720,62530,11128,62530,1567,72
3230,8720,62531,11128,62531,1567,72
3230,8720,62532,11128,62532,1567,72
3230,8720,62533,11128,62533,1567,72
3230,8720,62534,11128,62534,1567,72
3230,8720,62535,11128,62535,1567,72
3230,8720,62536,11128,62536,1567,72
3230,8720,62537,11128,62537,1567,72
3230,8720,62538,11128,62538,1567,72
3230,8720,62539,11128,62539,1567,72
3230,8720,62540,11128,62540,1567,72
3230,8720,62541,11128,62541,1567,72
3230,8720,62542,11128,62542,1567,72
3230,8720,62543,11128,62543,1567,72
3230,8720,62544,11128,62544,1567,72
3230,8720,62545,11128,62545,1567,72
3230,8720,62546,11128,62546,1567,72
3230,8720,62547,11128,62547,1567,72
3230,8720,62548,11128,62548,1567,72
3230,8720,62549,11128,62549,1567,72
3230,8720,62550,11128,62550,1567,72
3230,8720,62551,11128,62551,1567,72
3230,8720,62552,11128,62552,1567,72
3230,8720,62553,11128,62553,1567,72
3230,8720,62554,11128,62554,1567,72
3230,8720,62555,11128,62555,1567,72
3230,8720,62556,11128,62556,1567,72
3230,8720,62557,11128,62557,1567,72
3230,8720,62558,11128,62558,1567,72
3230,8720,62559,11128,62559,1567,72
3230,8720,62560,11128,62560,1567,72
3230,8720,62561,11128,62561,1567,72
3230,8720,62562,11128,62562,1567,72
3230,8720,62563,11128,62563,1567,72
3230,8720,62564,11128,62564,1567,72
3230,8720,62565,11128,62565,1567,72
3230,8720,62566,11128,62566,1567,72
3230,8720,62567,11128,62567,1567,72
3230,8720,62568,11128,62568,1567,72
3230,8720,62569,11128,62569,1567,72
3230,8720,62570,11128,62570,1567,72
3230,8720,62571,11128,62571,1567,72
3230,8720,62572,11128,62572,1567,72
3230,8720,62573,11128,62573,1567,72
3230,8720,62574,11128,62574,1567,72
3230,8720,62575,11128,62575,1567,72
3230,8720,62576,11128,62576,1567,72
3230,8720,62577,11128,62577,1567,72
3230,8720,62578,11128,62578,1567,72
3230,8720,62579,11128,62579,1567,72
3230,8720,62580,11128,62580,1567,72
3230,8720,62581,11128,62581,1567,72
3230,8720,62582,11128,62582,1567,72
3230,8720,62583,11128,62583,1567,72
3230,8720,62584,11128,62584,1567,72
3230,8720,62585,11128,62585,1567,72
3230,8720,62586,11128,62586,1567,72
3230,8720,62587,11128,62587,1567,72
3230,8720,62588,11128,62588,1567,72
3230,8720,62589,11128,62589,1567,72
3230,8720,62590,11128,62590,1567,72
3230,8720,62591,11128,62591,1567,72
3230,8720,62592,11128,62592,1567,72
3230,8720,62593,11128,62593,1567,72
3230,8720,62594,11128,62594,1567,72
3230,8720,62595,11128,62595,1567,72
3230,8720,62596,11128,62596,1567,72
3230,8720,62597,11128,62597,1567,72
3230,8720,62598,11128,62598,1567,72
3230,8720,62599,11128,62599,1567,72
3230,8720,62600,11128,62600,1567,72
3230,8720,62601,11128,62601,1567,72
3230,8720,62602,11128,62602,1567,72
3230,8720,62603,11128,62603,1567,72
3230,8720,62604,11128,62604,1567,72
3230,8720,62605,11128,62605,1567,72
3230,8720,62606,11128,62606,1567,72
3230,8720,62607,11128,62607,1567,72
3230,8720,62608,11128,62608,1567,72
3230,8720,62609,11128,62609,1567,72
3230,8720,62610,11128,62610,1567,72
3230,8720,62611,11128,62611,1567,72
3230,8720,62612,11128,62612,1567,72
3230,8720,62613,11128,62613,1567,72
3230,8720,62614,11128,62614,1567,72
3230,8720,62615,11128,62615,1567,72
3230,8720,62616,11128,62616,1567,72
3230,8720,62617,11128,62617,1567,72
3230,8720,62618,11128,62618,1567,72
3230,8720,62619,11128,62619,1567,72
3230,8720,62620,11128,62620,1567,72
3230,8720,62621,11128,62621,1567,72
3230,8720,62622,11128,62622,1567,72
3230,8720,62623,11128,62623,1567,72
3230,8720,62624,11128,62624,1567,72
3230,8720,62625,11128,62625,1567,72
3230,8720,62626,11128,62626,1567,72
3230,8720,62627,11128,62627,1567,72
3230,8720,62628,11128,62628,1567,72
3230,8720,62629,11128,62629,1567,72
3230,8720,62630,11128,62630,1567,72
3230,8720,62631,11128,62631,1567,72
3230,8720,62632,11128,62632,1567,72
3230,8720,62633,11128,62633,1567,72
3230,8720,62634,11128,62634,1567,72
3230,8720,62635,11128,62635,1567,72
3230,8720,62636,11128,62636,1567,72
3230,8720,62637,11128,62637,1567,72
3230,8720,62638,11128,62638,1567,72
3230,8720,62639,11128,62639,1567,72
3230,8720,62640,11128,62640,1567,72
3230,8720,62641,11128,62641,1567,72
3230,8720,62642,11128,62642,1567,72
3230,8720,62643,11128,62643,1567,72
3230,8720,62644,11128,62644,1567,72
3230,8720,62645,11128,62645,1567,72
3230,8720,62646,11128,62646,1567,72
3230,8720,62647,11128,62647,1567,72
3230,8720,62648,11128,62648,1567,72
3230,8720,62649,11128,62649,1567,72
3230,8720,62650,11128,62650,1567,72
3230,8720,62651,11128,62651,1567,72
3230,8720,62652,11128,62652,1567,72
3230,8720,62653,11128,62653,1567,72
3230,8720,62654,11128,62654,1567,72
3230,8720,62655,11128,62655,1567,72
3230,8720,62656,11128,62656,1567,72
3230,8720,62657,11128,62657,1567,72
3230,8720,62658,11128,62658,1567,72
3230,8720,62659,11128,62659,1567,72
3230,8720,62660,11128,62660,1567,72
3230,8720,62661,11128,62661,1567,72
3230,8720,62662,11128,62662,1567,72
3230,8720,62663,11128,62663,1567,72
3230,8720,62664,11128,62664,1567,72
3230,8720,62665,11128,62665,1567,72
3230,8720,62666,11128,62666,1567,72
3230,8720,62667,11128,62667,1567,72
3230,8720,62668,11128,62668,1567,72
3230,8720,62669,11128,62669,1567,72
3230,8720,62670,11128,62670,1567,72
3230,8720,62671,11128,62671,1567,72
3230,8720,62672,11128,62672,1567,72
3230,8720,62673,11128,62673,1567,72
3230,8720,62674,11128,62674,1567,72
3230,8720,62675,11128,62675,1567,72
3230,8720,62676,11128,62676,1567,72
3230,8720,62677,11128,62677,1567,72
3230,8720,62678,11128,62678,1567,72
3230,8720,62679,11128,62679,1567,72
3230,8720,62680,11128,62680,1567,72
3230,8720,62681,11128,62681,1567,72
3230,8720,62682,11128,62682,1567,72
3230,8720,62683,11128,62683,1567,72
3231,8720,62684,11128,62684,1567,72
3231,8720,62685,11128,62685,1567,72
3231,8720,62686,11128,62686,1567,72
3231,8720,62687,11128,62687,1567,72
3231,8720,62688,11128,62688,1567,72
3231,8720,62689,11128,62689,1567,72
3231,8720,62690,11128,62690,1567,72
3230,8720,62691,11128,62691,1567,72
3230,8720,62692,11128,62692,1567,72
3230,8720,62693,11128,62693,1567,72
3230,8720,62694,11128,62694,1567,72
3230,8720,62695,11128,62695,1567,72
3230,8720,62696,11128,62696,1567,72
3231,8720,62697,11128,62697,1567,72
3231,8720,62698,11128,62698,1567,72
3231,8720,62699,11128,62699,1567,72
3231,8720,62700,11128,62700,1567,72
3231,8720,62701,11128,62701,1567,72
3231,8720,62702,11128,62702,1567,72
3231,8720,62703,11128,62703,1567,72
3231,8720,62704,11128,62704,1567,72
3231,8720,62705,11128,62705,1567,72
3231,8720,62706,11128,62706,1567,72
3231,8720,62707,11128,62707,1567,72
3231,8720,62708,11128,62708,1567,72
3231,8720,62709,11128,62709,1567,72
3231,8720,62710,11128,62710,1567,72
3231,8720,62711,11128,62711,1567,72
3231,8720,62712,11128,62712,1567,72
3231,8720,62713,11128,62713,1567,72
3231,8720,62714,11128,62714,1567,72
3231,8720,62715,11128,62715,1567,72
3231,8720,62716,11128,62716,1567,72
3231,8720,62717,11128,62717,1567,72
3231,8720,62718,11128,62718,1567,72
3231,8720,62719,11128,62719,1567,72
3231,8720,62720,11128,62720,1567,72
3231,8720,62721,11128,62721,1567,72
3231,8720,62722,11128,62722,1567,72
3231,8720,62723,11128,62723,1567,72
3231,8720,62724,11128,62724,1567,72
3231,8720,62725,11128,62725,1567,72
3231,8720,62726,11128,62726,1567,72
3231,8720,62727,11128,62727,1567,72
3231,8720,62728,11128,62728,1567,72
3231,8720,62729,11128,62729,1567,72
3231,8720,62730,11128,62730,1567,72
3231,8720,62731,11128,62731,1567,72
3231,8720,62732,11128,62732,1567,72
3231,8720,62733,11128,62733,1567,72
3231,8720,62734,11128,62734,1567,72
3231,8720,62735,11128,62735,1567,72
3231,8720,62736,11128,62736,1567,72
3231,8720,62737,11128,62737,1567,72
3231,8720,62738,11128,62738,1567,72
3231,8720,62739,11128,62739,1567,72
3231,8720,62740,11128,62740,1567,72
3231,8720,62741,11128,62741,1567,72
3231,8720,62742,11128,62742,1567,72
3231,8720,62743,11128,62743,1567,72
3231,8720,62744,11128,62744,1567,72
3231,8720,62745,11128,62745,1567,72
3231,8720,62746,11128,62746,1567,72
3231,8720,62747,11128,62747,1567,72
3231,8720,62748,11128,62748,1567,72
3231,8720,62749,11128,62749,1567,72
3231,8720,62750,11128,62750,1567,72
3231,8720,62751,11128,62751,1567,72
3231,8720,62752,11128,62752,1567,72
3231,8720,62753,11128,62753,1567,72
3231,8720,62754,11128,62754,1567,72
3231,8720,62755,11128,62755,1567,72
3231,8720,62756,11128,62756,1567,72
3231,8720,62757,11128,62757,1567,72
3231,8720,62758,11128,62758,1567,72
3231,8720,62759,11128,62759,1567,72
3231,8720,62760,11128,62760,1567,72
3231,8720,62761,11128,62761,1567,72
3231,8720,62762,11128,62762,1567,72
3231,8720,62763,11128,62763,1567,72
3231,8720,62764,11128,62764,1567,72
3231,8720,62765,11128,62765,1567,72
3231,8720,62766,11128,62766,1567,72
3231,8720,62767,11128,62767,1567,72
3231,8720,62768,11128,62768,1567,72
3231,8720,62769,11128,62769,1567,72
3231,8720,62770,11128,62770,1567,72
3231,8720,62771,11128,62771,1567,72
3231,8720,62772,11128,62772,1567,72
3231,8720,62773,11128,62773,1567,72
3231,8720,62774,11128,62774,1567,72
3231,8720,62775,11128,62775,1567,72
3231,8720,62776,11128,62776,1567,72
3231,8720,62777,11128,62777,1567,72
3230,8720,62778,11128,62778,1567,72
3230,8720,62779,11128,62779,1567,72
3230,8720,62780,11128,62780,1567,72
3230,8720,62781,11128,62781,1567,72
3230,8720,62782,11128,62782,1567,72
3230,8720,62783,11128,62783,1567,72
3230,8720,62784,11128,62784,1567,72
3230,8720,62785,11128,62785,1567,72
3230,8720,62786,11128,62786,1567,72
3230,8720,62787,11128,62787,1567,72
3230,8720,62788,11128,62788,1567,72
3230,8720,62789,11128,62789,1567,72
3230,8720,62790,11128,62790,1567,72
3230,8720,62791,11128,62791,1567,72
3230,8720,62792,11128,62792,1567,72
3230,8720,62793,11128,62793,1567,72
3230,8720,62794,11128,62794,1567,72
3230,8720,62795,11128,62795,1567,72
3230,8720,62796,11128,62796,1567,72
3230,8720,62797,11128,62797,1567,72
3230,8720,62798,11128,62798,1567,72
3230,8720,62799,11128,62799,1567,72
3230,8720,62800,11128,62800,1567,72
3230,8720,62801,11128,62801,1567,72
3230,8720,62802,11128,62802,1567,72
3230,8720,62803,11128,62803,1567,72
3230,8720,62804,11128,62804,1567,72
3230,8720,62805,11128,62805,1567,72
3229,8720,62806,11128,62806,1567,72
3229,8720,62807,11128,62807,1567,72
3229,8720,62808,11128,62808,1567,72
3229,8720,62809,11128,62809,1567,72
3229,8720,62810,11128,62810,1567,72
3229,8720,62811,11128,62811,1567,72
3229,8720,62812,11128,62812,1567,72
3229,8720,62813,11128,62813,1567,72
3229,8720,62814,11128,62814,1567,72
3229,8720,62815,11128,62815,1567,72
3229,8720,62816,11128,62816,1567,72
3229,8720,62817,11128,62817,1567,72
3229,8720,62818,11128,62818,1567,72
3229,8720,62819,11128,62819,1567,72
3229,8720,62820,11128,62820,1567,72
3229,8720,62821,11128,62821,1567,72
3229,8720,62822,11128,62822,1567,72
3229,8720,62823,11128,62823,1567,72
3229,8720,62824,11128,62824,1567,72
3229,8720,62825,11128,62825,1567,72
3229,8720,62826,11128,62826,1567,72
3229,8720,62827,11128,62827,1567,72
3229,8720,62828,11128,62828,1567,72
3229,8720,62829,11128,62829,1567,72
3229,8720,62830,11128,62830,1567,72
3229,8720,62831,11128,62831,1567,72
3229,8720,62832,11128,62832,1567,72
3229,8720,62833,11128,62833,1567,72
3229,8720,62834,11128,62834,1567,72
3229,8720,62835,11128,62835,1567,72
3229,8720,62836,11128,62836,1567,72
3229,8720,62837,11128,62837,1567,72
3229,8720,62838,11128,62838,1567,72
3229,8720,62839,11128,62839,1567,72
3230,8720,62840,11128,62840,1567,72
3230,8720,62841,11128,62841,1567,72
3230,8720,62842,11128,62842,1567,72
3230,8720,62843,11128,62843,1567,72
3230,8720,62844,11128,62844,1567,72
3230,8720,62845,11128,62845,1567,72
3230,8720,62846,11128,62846,1567,72
3230,8720,62847,11128,62847,1567,72
3230,8720,62848,11128,62848,1567,72
3230,8720,62849,11128,62849,1567,72
3230,8720,62850,11128,62850,1567,72
3230,8720,62851,11128,62851,1567,72
3230,8720,62852,11128,62852,1567,72
3230,8720,62853,11128,62853,1567,72
3230,8720,62854,11128,62854,1567,72
3230,8720,62855,11128,62855,1567,72
3230,8720,62856,11128,62856,1567,72
3230,8720,62857,11128,62857,1567,72
3230,8720,62858,11128,62858,1567,72
3230,8720,62859,11128,62859,1567,72
3230,8720,62860,11128,62860,1567,72
3230,8720,62861,11128,62861,1567,72
3230,8720,62862,11128,62862,1567,72
3230,8720,62863,11128,62863,1567,72
3230,8720,62864,11128,62864,1567,72
3230,8720,62865,11128,62865,1567,72
3230,8720,62866,11128,62866,1567,72
3230,8720,62867,11128,62867,1567,72
3230,8720,62868,11128,62868,1567,72
3230,8720,62869,11128,62869,1567,72
3230,8720,62870,11128,62870,1567,72
3230,8720,62871,11128,62871,1567,72
3230,8720,62872,11128,62872,1567,72
3230,8720,62873,11128,62873,1567,72
3230,8720,62874,11128,62874,1567,72
3230,8720,62875,11128,62875,1567,72
3230,8720,62876,11128,62876,1567,72
3230,8720,62877,11128,62877,1567,72
3230,8720,62878,11128,62878,1567,72
3230,8720,62879,11128,62879,1567,72
3230,8720,62880,11128,62880,1567,72
3230,8720,62881,11128,62881,1567,72
3230,8720,62882,11128,62882,1567,72
3230,8720,62883,11128,62883,1567,72
3230,8720,62884,11128,62884,1567,72
3230,8720,62885,11128,62885,1567,72
3230,8720,62886,11128,62886,1567,72
3230,8720,62887,11128,62887,1567,72
3230,8720,62888,11128,62888,1567,72
3230,8720,62889,11128,62889,1567,72
3230,8720,62890,11128,62890,1567,72
3230,8720,62891,11128,62891,1567,72
3230,8720,62892,11128,62892,1567,72
3230,8720,62893,11128,62893,1567,72
3230,8720,62894,11128,62894,1567,72
3230,8720,62895,11128,62895,1567,72
3230,8720,62896,11128,62896,1567,72
3230,8720,62897,11128,62897,1567,72
3230,8720,62898,11128,62898,1567,72
3230,8720,62899,11128,62899,1567,72
3230,8720,62900,11128,62900,1567,72
3230,8720,62901,11128,62901,1567,72
3230,8720,62902,11128,62902,1567,72
3230,8720,62903,11128,62903,1567,72
3230,8720,62904,11128,62904,1567,72
3230,8720,62905,11128,62905,1567,72
3230,8720,62906,11128,62906,1567,72
3230,8720,62907,11128,62907,1567,72
3230,8720,62908,11128,62908,1567,72
3230,8720,62909,11128,62909,1567,72
3230,8720,62910,11128,62910,1567,72
3230,8720,62911,11128,62911,1567,72
3230,8720,62912,11128,62912,1567,72
3230,8720,62913,11128,62913,1567,72
3230,8720,62914,11128,62914,1567,72
3230,8720,62915,11128,62915,1567,72
3230,8720,62916,11128,62916,1567,72
3230,8720,62917,11128,62917,1567,72
3230,8720,62918,11128,62918,1567,72
3230,8720,62919,11128,62919,1567,72
3230,8720,62920,11128,62920,1567,72
3230,8720,62921,11128,62921,1567,72
3230,8720,62922,11128,62922,1567,72
3230,8720,62923,11128,62923,1567,72
3230,8720,62924,11128,62924,1567,72
3230,8720,62925,11128,62925,1567,72
3230,8720,62926,11128,62926,1567,72
3230,8720,62927,11128,62927,1567,72
3230,8720,62928,11128,62928,1567,72
3230,8720,62929,11128,62929,1567,72
3230,8720,62930,11128,62930,1567,72
3230,8720,62931,11128,62931,1567,72
3230,8720,62932,11128,62932,1567,72
3230,8720,62933,11128,62933,1567,72
3230,8720,62934,11128,62934,1567,72
3230,8720,62935,11128,62935,1567,72
3230,8720,62936,11128,62936,1567,72
3230,8720,62937,11128,62937,1567,72
3230,8720,62938,11128,62938,1567,72
3230,8720,62939,11128,62939,1567,72
3230,8720,62940,11128,62940,1567,72
3230,8720,62941,11128,62941,1567,72
3230,8720,62942,11128,62942,1567,72
3230,8720,62943,11128,62943,1567,72
3230,8720,62944,11128,62944,1567,72
3230,8720,62945,11128,62945,1567,72
3230,8720,62946,11128,62946,1567,72
3230,8720,62947,11128,62947,1567,72
3230,8720,62948,11128,62948,1567,72
3229,8720,62949,11128,62949,1567,72
3229,8720,62950,11128,62950,1567,72
3229,8720,62951,11128,62951,1567,72
3229,8720,62952,11128,62952,1567,72
3229,8720,62953,11128,62953,1567,72
3229,8720,62954,11128,62954,1567,72
3229,8720,62955,11128,62955,1567,72
3229,8720,62956,11128,62956,1567,72
3229,8720,62957,11128,62957,1567,72
3229,8720,62958,11128,62958,1567,72
3229,8720,62959,11128,62959,1567,72
3229,8720,62960,11128,62960,1567,72
3229,8720,62961,11128,62961,1567,72
3229,8720,62962,11128,62962,1567,72
3229,8720,62963,11128,62963,1567,72
3229,8720,62964,11128,62964,1567,72
3229,8720,62965,11128,62965,1567,72
3229,8720,62966,11128,62966,1567,72
3229,8720,62967,11128,62967,1567,72
3229,8720,62968,11128,62968,1567,72
3229,8720,62969,11128,62969,1567,72
3230,8720,62970,11128,62970,1567,72
3230,8720,62971,11128,62971,1567,72
3230,8720,62972,11128,62972,1567,72
3230,8720,62973,11128,62973,1567,72
3230,8720,62974,11128,62974,1567,72
3230,8720,62975,11128,62975,1567,72
3230,8720,62976,11128,62976,1567,72
3230,8720,62977,11128,62977,1567,72
3230,8720,62978,11128,62978,1567,72
3230,8720,62979,11128,62979,1567,72
3230,8720,62980,11128,62980,1567,72
3230,8720,62981,11128,62981,1567,72
3230,8720,62982,11128,62982,1567,72
3230,8720,62983,11128,62983,1567,72
3230,8720,62984,11128,62984,1567,72
3230,8720,62985,11128,62985,1567,72
3230,8720,62986,11128,62986,1567,72
3230,8720,62987,11128,62987,1567,72
3230,8720,62988,11128,62988,1567,72
3230,8720,62989,11128,62989,1567,72
3230,8720,62990,11128,62990,1567,72
3230,8720,62991,11128,62991,1567,72
3230,8720,62992,11128,62992,1567,72
3230,8720,62993,11128,62993,1567,72
3230,8720,62994,11128,62994,1567,72
3230,8720,62995,11128,62995,1567,72
3230,8720,62996,11128,62996,1567,72
3230,8720,62997,11128,62997,1567,72
3230,8720,62998,11128,62998,1567,72
3230,8720,62999,11128,62999,1567,72
3230,8720,63000,11128,63000,1567,72
3230,8720,63001,11128,63001,1567,72
3230,8720,63002,11128,63002,1567,72
3230,8720,63003,11128,63003,1567,72
3230,8720,63004,11128,63004,1567,72
3230,8720,63005,11128,63005,1567,72
3230,8720,63006,11128,63006,1567,72
3230,8720,63007,11128,63007,1567,72
3230,8720,63008,11128,63008,1567,72
3230,8720,63009,11128,63009,1567,72
3230,8720,63010,11128,63010,1567,72
3230,8720,63011,11128,63011,1567,72
3230,8720,63012,11128,63012,1567,72
3230,8720,63013,11128,63013,1567,72
3230,8720,63014,11128,63014,1567,72
3230,8720,63015,11128,63015,1567,72
3230,8720,63016,11128,63016,1567,72
3230,8720,63017,11128,63017,1567,72
3230,8720,63018,11128,63018,1567,72
3230,8720,63019,11128,63019,1567,72
3230,8720,63020,11128,63020,1567,72
3230,8720,63021,11128,63021,1567,72
3230,8720,63022,11128,63022,1567,72
3230,8720,63023,11128,63023,1567,72
3230,8720,63024,11128,63024,1567,72
3230,8720,63025,11128,63025,1567,72
3230,8720,63026,11128,63026,1567,72
3230,8720,63027,11128,63027,1567,72
3230,8720,63028,11128,63028,1567,72
3230,8720,63029,11128,63029,1567,72
3230,8720,63030,11128,63030,1567,72
3230,8720,63031,11128,63031,1567,72
3230,8720,63032,11128,63032,1567,72
3230,8720,63033,11128,63033,1567,72
3230,8720,63034,11128,63034,1567,72
3230,8720,63035,11128,63035,1567,72
3230,8720,63036,11128,63036,1567,72
3230,8720,63037,11128,63037,1567,72
3230,8720,63038,11128,63038,1567,72
3230,8720,63039,11128,63039,1567,72
3230,8720,63040,11128,63040,1567,72
3230,8720,63041,11128,63041,1567,72
3230,8720,63042,11128,63042,1567,72
3230,8720,63043,11128,63043,1567,72
3230,8720,63044,11128,63044,1567,72
3230,8720,63045,11128,63045,1567,72
3230,8720,63046,11128,63046,1567,72
3230,8720,63047,11128,63047,1567,72
3230,8720,63048,11128,63048,1567,72
3230,8720,63049,11128,63049,1567,72
3230,8720,63050,11128,63050,1567,72
3230,8720,63051,11128,63051,1567,72
3230,8720,63052,11128,63052,1567,72
3230,8720,63053,11128,63053,1567,72
3230,8720,63054,11128,63054,1567,72
3230,8720,63055,11128,63055,1567,72
3230,8720,63056,11128,63056,1567,72
3230,8720,63057,11128,63057,1567,72
3230,8720,63058,11128,63058,1567,72
3230,8720,63059,11128,63059,1567,72
3230,8720,63060,11128,63060,1567,72
3230,8720,63061,11128,63061,1567,72
3230,8720,63062,11128,63062,1567,72
3230,8720,63063,11128,63063,1567,72
3230,8720,63064,11128,63064,1567,72
3230,8720,63065,11128,63065,1567,72
3230,8720,63066,11128,63066,1567,72
3230,8720,63067,11128,63067,1567,72
3230,8720,63068,11128,63068,1567,72
3230,8720,63069,11128,63069,1567,72
3230,8720,63070,11128,63070,1567,72
3230,8720,63071,11128,63071,1567,72
3230,8720,63072,11128,63072,1567,72
3230,8720,63073,11128,63073,1567,72
3230,8720,63074,11128,63074,1567,72
3230,8720,63075,11128,63075,1567,72
3230,8720,63076,11128,63076,1567,72
3230,8720,63077,11128,63077,1567,72
3230,8720,63078,11128,63078,1567,72
3230,8720,63079,11128,63079,1567,72
3230,8720,63080,11128,63080,1567,72
3230,8720,63081,11128,63081,1567,72
3230,8720,63082,11128,63082,1567,72
3230,8720,63083,11128,63083,1567,72
3230,8720,63084,11128,63084,1567,72
3230,8720,63085,11128,63085,1567,72
3230,8720,63086,11128,63086,1567,72
3230,8720,63087,11128,63087,1567,72
3230,8720,63088,11128,63088,1567,72
3230,8720,63089,11128,63089,1567,72
3230,8720,63090,11128,63090,1567,72
3230,8720,63091,11128,63091,1567,72
3230,8720,63092,11128,63092,1567,72
3230,8720,63093,11128,63093,1567,72
3230,8720,63094,11128,63094,1567,72
3230,8720,63095,11128,63095,1567,72
3230,8720,63096,11128,63096,1567,72
3230,8720,63097,11128,63097,1567,72
3230,8720,63098,11128,63098,1567,72
3230,8720,63099,11128,63099,1567,72
3230,8720,63100,11128,63100,1567,72
3230,8720,63101,11128,63101,1567,72
3231,8720,63102,11128,63102,1567,72
3231,8720,63103,11128,63103,1567,72
3231,8720,63104,11128,63104,1567,72
3231,8720,63105,11128,63105,1567,72
3231,8720,63106,11128,63106,1567,72
3231,8720,63107,11128,63107,1567,72
3231,8720,63108,11128,63108,1567,72
3231,8720,63109,11128,63109,1567,72
3231,8720,63110,11128,63110,1567,72
3231,8720,63111,11128,63111,1567,72
3231,8720,63112,11128,63112,1567,72
3231,8720,63113,11128,63113,1567,72
3231,8720,63114,11128,63114,1567,72
3231,8720,63115,11128,63115,1567,72
3231,8720,63116,11128,63116,1567,72
3231,8720,63117,11128,63117,1567,72
3231,8720,63118,11128,63118,1567,72
3231,8720,63119,11128,63119,1567,72
3231,8720,63120,11128,63120,1567,72
3231,8720,63121,11128,63121,1567,72
3231,8720,63122,11128,63122,1567,72
3231,8720,63123,11128,63123,1567,72
3231,8720,63124,11128,63124,1567,72
3231,8720,63125,11128,63125,1567,72
3231,8720,63126,11128,63126,1567,72
3231,8720,63127,11128,63127,1567,72
3231,8720,63128,11128,63128,1567,72
3231,8720,63129,11128,63129,1567,72
3231,8720,63130,11128,63130,1567,72
3231,8720,63131,11128,63131,1567,72
3231,8720,63132,11128,63132,1567,72
3231,8720,63133,11128,63133,1567,72
3231,8720,63134,11128,63134,1567,72
3231,8720,63135,11128,63135,1567,72
3231,8720,63136,11128,63136,1567,72
3231,8720,63137,11128,63137,1567,72
3231,8720,63138,11128,63138,1567,72
3231,8720,63139,11128,63139,1567,72
3231,8720,63140,11128,63140,1567,72
3231,8720,63141,11128,63141,1567,72
3231,8720,63142,11128,63142,1567,72
3231,8720,63143,11128,63143,1567,72
3231,8720,63144,11128,63144,1567,72
3231,8720,63145,11128,63145,1567,72
3231,8720,63146,11128,63146,1567,72
3231,8720,63147,11128,63147,1567,72
3231,8720,63148,11128,63148,1567,72
3231,8720,63149,11128,63149,1567,72
3231,8720,63150,11128,63150,1567,72
3231,8720,63151,11128,63151,1567,72
3231,8720,63152,11128,63152,1567,72
3231,8720,63153,11128,63153,1567,72
3231,8720,63154,11128,63154,1567,72
3231,8720,63155,11128,63155,1567,72
3231,8720,63156,11128,63156,1567,72
3231,8720,63157,11128,63157,1567,72
3231,8720,63158,11128,63158,1567,72
3231,8720,63159,11128,63159,1567,72
3231,8720,63160,11128,63160,1567,72
3231,8720,63161,11128,63161,1567,72
3231,8720,63162,11128,63162,1567,72
3231,8720,63163,11128,63163,1567,72
3231,8720,63164,11128,63164,1567,72
3231,8720,63165,11128,63165,1567,72
3231,8720,63166,11128,63166,1567,72
3231,8720,63167,11128,63167,1567,72
3231,8720,63168,11128,63168,1567,72
3231,8720,63169,11128,63169,1567,72
3231,8720,63170,11128,63170,1567,72
3231,8720,63171,11128,63171,1567,72
3231,8720,63172,11128,63172,1567,72
3231,8720,63173,11128,63173,1567,72
3231,8720,63174,11128,63174,1567,72
3231,8720,63175,11128,63175,1567,72
3231,8720,63176,11128,63176,1567,72
3231,8720,63177,11128,63177,1567,72
3231,8720,63178,11128,63178,1567,72
3231,8720,63179,11128,63179,1567,72
3231,8720,63180,11128,63180,1567,72
3231,8720,63181,11128,63181,1567,72
3231,8720,63182,11128,63182,1567,72
3231,8720,63183,11128,63183,1567,72
3231,8720,63184,11128,63184,1567,72
3231,8720,63185,11128,63185,1567,72
3231,8720,63186,11128,63186,1567,72
3231,8720,63187,11128,63187,1567,72
3231,8720,63188,11128,63188,1567,72
3231,8720,63189,11128,63189,1567,72
3231,8720,63190,11128,63190,1567,72
3231,8720,63191,11128,63191,1567,72
3231,8720,63192,11128,63192,1567,72
3231,8720,63193,11128,63193,1567,72
3231,8720,63194,11128,63194,1567,72
3231,8720,63195,11128,63195,1567,72
3231,8720,63196,11128,63196,1567,72
3231,8720,63197,11128,63197,1567,72
3231,8720,63198,11128,63198,1567,72
3231,8720,63199,11128,63199,1567,72
3231,8720,63200,11128,63200,1567,72
3231,8720,63201,11128,63201,1567,72
3231,8720,63202,11128,63202,1567,72
3231,8720,63203,11128,63203,1567,72
3230,8720,63204,11128,63204,1567,72
3230,8720,63205,11128,63205,1567,72
3230,8720,63206,11128,63206,1567,72
3230,8720,63207,11128,63207,1567,72
3230,8720,63208,11128,63208,1567,72
3230,8720,63209,11128,63209,1567,72
3230,8720,63210,11128,63210,1567,72
3230,8720,63211,11128,63211,1567,72
3230,8720,63212,11128,63212,1567,72
3230,8720,63213,11128,63213,1567,72
3230,8720,63214,11128,63214,1567,72
3230,8720,63215,11128,63215,1567,72
3230,8720,63216,11128,63216,1567,72
3230,8720,63217,11128,63217,1567,72
3230,8720,63218,11128,63218,1567,72
3230,8720,63219,11128,63219,1567,72
3230,8720,63220,11128,63220,1567,72
3230,8720,63221,11128,63221,1567,72
3230,8720,63222,11128,63222,1567,72
3230,8720,63223,11128,63223,1567,72
3230,8720,63224,11128,63224,1567,72
3230,8720,63225,11128,63225,1567,72
3230,8720,63226,11128,63226,1567,72
3230,8720,63227,11128,63227,1567,72
3230,8720,63228,11128,63228,1567,72
3230,8720,63229,11128,63229,1567,72
3230,8720,63230,11128,63230,1567,72
3230,8720,63231,11128,63231,1567,72
3231,8720,63232,11128,63232,1567,72
3231,8720,63233,11128,63233,1567,72
3231,8720,63234,11128,63234,1567,72
3231,8720,63235,11128,63235,1567,72
3231,8720,63236,11128,63236,1567,72
3231,8720,63237,11128,63237,1567,72
3232,8720,63238,11128,63238,1567,72
3232,8720,63239,11128,63239,1567,72
3232,8720,63240,11128,63240,1567,72
3232,8720,63241,11128,63241,1567,72
3232,8720,63242,11128,63242,1567,72
3232,8720,63243,11128,63243,1567,72
3232,8720,63244,11128,63244,1567,72
3232,8720,63245,11128,63245,1567,72
3232,8720,63246,11128,63246,1567,72
3232,8720,63247,11128,63247,1567,72
3232,8720,63248,11128,63248,1567,72
3232,8720,63249,11128,63249,1567,72
3232,8720,63250,11128,63250,1567,72
3232,8720,63251,11128,63251,1567,72
3232,8720,63252,11128,63252,1567,72
3232,8720,63253,11128,63253,1567,72
3232,8720,63254,11128,63254,1567,72
3232,8720,63255,11128,63255,1567,72
3232,8720,63256,11128,63256,1567,72
3232,8720,63257,11128,63257,1567,72
3232,8720,63258,11128,63258,1567,72
3232,8720,63259,11128,63259,1567,72
3232,8720,63260,11128,63260,1567,72
3232,8720,63261,11128,63261,1567,72
3232,8720,63262,11128,63262,1567,72
3232,8720,63263,11128,63263,1567,72
3232,8720,63264,11128,63264,1567,72
3232,8720,63265,11128,63265,1567,72
3232,8720,63266,11128,63266,1567,72
3232,8720,63267,11128,63267,1567,72
3232,8720,63268,11128,63268,1567,72
3232,8720,63269,11128,63269,1567,72
3232,8720,63270,11128,63270,1567,72
3232,8720,63271,11128,63271,1567,72
3232,8720,63272,11128,63272,1567,72
3232,8720,63273,11128,63273,1567,72
3232,8720,63274,11128,63274,1567,72
3232,8720,63275,11128,63275,1567,72
3232,8720,63276,11128,63276,1567,72
3232,8720,63277,11128,63277,1567,72
3232,8720,63278,11128,63278,1567,72
3232,8720,63279,11128,63279,1567,72
3232,8720,63280,11128,63280,1567,72
3232,8720,63281,11128,63281,1567,72
3232,8720,63282,11128,63282,1567,72
3232,8720,63283,11128,63283,1567,72
3231,8720,63284,11128,63284,1567,72
3231,8720,63285,11128,63285,1567,72
3231,8720,63286,11128,63286,1567,72
3231,8720,63287,11128,63287,1567,72
3231,8720,63288,11128,63288,1567,72
3231,8720,63289,11128,63289,1567,72
3231,8720,63290,11128,63290,1567,72
3230,8720,63291,11128,63291,1567,72
3230,8720,63292,11128,63292,1567,72
3230,8720,63293,11128,63293,1567,72
3230,8720,63294,11128,63294,1567,72
3230,8720,63295,11128,63295,1567,72
3230,8720,63296,11128,63296,1567,72
3230,8720,63297,11128,63297,1567,72
3230,8720,63298,11128,63298,1567,72
3230,8720,63299,11128,63299,1567,72
3230,8720,63300,11128,63300,1567,72
3230,8720,63301,11128,63301,1567,72
3230,8720,63302,11128,63302,1567,72
3230,8720,63303,11128,63303,1567,72
3230,8720,63304,11128,63304,1567,72
3230,8720,63305,11128,63305,1567,72
3230,8720,63306,11128,63306,1567,72
3230,8720,63307,11128,63307,1567,72
3230,8720,63308,11128,63308,1567,72
3230,8720,63309,11128,63309,1567,72
3230,8720,63310,11128,63310,1567,72
3230,8720,63311,11128,63311,1567,72
3230,8720,63312,11128,63312,1567,72
3230,8720,63313,11128,63313,1567,72
3230,8720,63314,11128,63314,1567,72
3230,8720,63315,11128,63315,1567,72
3230,8720,63316,11128,63316,1567,72
3230,8720,63317,11128,63317,1567,72
3230,8720,63318,11128,63318,1567,72
3230,8720,63319,11128,63319,1567,72
3230,8720,63320,11128,63320,1567,72
3230,8720,63321,11128,63321,1567,72
3230,8720,63322,11128,63322,1567,72
3230,8720,63323,11128,63323,1567,72
3230,8720,63324,11128,63324,1567,72
3230,8720,63325,11128,63325,1567,72
3230,8720,63326,11128,63326,1567,72
3230,8720,63327,11128,63327,1567,72
3230,8720,63328,11128,63328,1567,72
3230,8720,63329,11128,63329,1567,72
3230,8720,63330,11128,63330,1567,72
3230,8720,63331,11128,63331,1567,72
3230,8720,63332,11128,63332,1567,72
3230,8720,63333,11128,63333,1567,72
3230,8720,63334,11128,63334,1567,72
3230,8720,63335,11128,63335,1567,72
3230,8720,63336,11128,63336,1567,72
3230,8720,63337,11128,63337,1567,72
3230,8720,63338,11128,63338,1567,72
3230,8720,63339,11128,63339,1567,72
3230,8720,63340,11128,63340,1567,72
3229,8720,63341,11128,63341,1567,72
3229,8720,63342,11128,63342,1567,72
3229,8720,63343,11128,63343,1567,72
3229,8720,63344,11128,63344,1567,72
3229,8720,63345,11128,63345,1567,72
3229,8720,63346,11128,63346,1567,72
3229,8720,63347,11128,63347,1567,72
3229,8720,63348,11128,63348,1567,72
3229,8720,63349,11128,63349,1567,72
3229,8720,63350,11128,63350,1567,72
3229,8720,63351,11128,63351,1567,72
3229,8720,63352,11128,63352,1567,72
3229,8720,63353,11128,63353,1567,72
3229,8720,63354,11128,63354,1567,72
3229,8720,63355,11128,63355,1567,72
3229,8720,63356,11128,63356,1567,72
3229,8720,63357,11128,63357,1567,72
3229,8720,63358,11128,63358,1567,72
3229,8720,63359,11128,63359,1567,72
3229,8720,63360,11128,63360,1567,72
3229,8720,63361,11128,63361,1567,72
3229,8720,63362,11128,63362,1567,72
3229,8720,63363,11128,63363,1567,72
3229,8720,63364,11128,63364,1567,72
3229,8720,63365,11128,63365,1567,72
3229,8720,63366,11128,63366,1567,72
3229,8720,63367,11128,63367,1567,72
3229,8720,63368,11128,63368,1567,72
3229,8720,63369,11128,63369,1567,72
3229,8720,63370,11128,63370,1567,72
3229,8720,63371,11128,63371,1567,72
3229,8720,63372,11128,63372,1567,72
3229,8720,63373,11128,63373,1567,72
3229,8720,63374,11128,63374,1567,72
3229,8720,63375,11128,63375,1567,72
3229,8720,63376,11128,63376,1567,72
3229,8720,63377,11128,63377,1567,72
3229,8720,63378,11128,63378,1567,72
3229,8720,63379,11128,63379,1567,72
3229,8720,63380,11128,63380,1567,72
3229,8720,63381,11128,63381,1567,72
3229,8720,63382,11128,63382,1567,72
3229,8720,63383,11128,63383,1567,72
3229,8720,63384,11128,63384,1567,72
3229,8720,63385,11128,63385,1567,72
3229,8720,63386,11128,63386,1567,72
3229,8720,63387,11128,63387,1567,72
3229,8720,63388,11128,63388,1567,72
3229,8720,63389,11128,63389,1567,72
3229,8720,63390,11128,63390,1567,72
3229,8720,63391,11128,63391,1567,72
3229,8720,63392,11128,63392,1567,72
3229,8720,63393,11128,63393,1567,72
3229,8720,63394,11128,63394,1567,72
3229,8720,63395,11128,63395,1567,72
3229,8720,63396,11128,63396,1567,72
3229,8720,63397,11128,63397,1567,72
3229,8720,63398,11128,63398,1567,72
3229,8720,63399,11128,63399,1567,72
3229,8720,63400,11128,63400,1567,72
3229,8720,63401,11128,63401,1567,72
3229,8720,63402,11128,63402,1567,72
3229,8720,63403,11128,63403,1567,72
3229,8720,63404,11128,63404,1567,72
3229,8720,63405,11128,63405,1567,72
3229,8720,63406,11128,63406,1567,72
3229,8720,63407,11128,63407,1567,72
3229,8720,63408,11128,63408,1567,72
3229,8720,63409,11128,63409,1567,72
3229,8720,63410,11128,63410,1567,72
3229,8720,63411,11128,63411,1567,72
3229,8720,63412,11128,63412,1567,72
3229,8720,63413,11128,63413,1567,72
3229,8720,63414,11128,63414,1567,72
3229,8720,63415,11128,63415,1567,72
3229,8720,63416,11128,63416,1567,72
3229,8720,63417,11128,63417,1567,72
3229,8720,63418,11128,63418,1567,72
3229,8720,63419,11128,63419,1567,72
3229,8720,63420,11128,63420,1567,72
3229,8720,63421,11128,63421,1567,72
3229,8720,63422,11128,63422,1567,72
3229,8720,63423,11128,63423,1567,72
3229,8720,63424,11128,63424,1567,72
3229,8720,63425,11128,63425,1567,72
3229,8720,63426,11128,63426,1567,72
3229,8720,63427,11128,63427,1567,72
3229,8720,63428,11128,63428,1567,72
3229,8720,63429,11128,63429,1567,72
3229,8720,63430,11128,63430,1567,72
3229,8720,63431,11128,63431,1567,72
3229,8720,63432,11128,63432,1567,72
3229,8720,63433,11128,63433,1567,72
3229,8720,63434,11128,63434,1567,72
3229,8720,63435,11128,63435,1567,72
3229,8720,63436,11128,63436,1567,72
3229,8720,63437,11128,63437,1567,72
3229,8720,63438,11128,63438,1567,72
3229,8720,63439,11128,63439,1567,72
3229,8720,63440,11128,63440,1567,72
3229,8720,63441,11128,63441,1567,72
3229,8720,63442,11128,63442,1567,72
3229,8720,63443,11128,63443,1567,72
3229,8720,63444,11128,63444,1567,72
3229,8720,63445,11128,63445,1567,72
3229,8720,63446,11128,63446,1567,72
3229,8720,63447,11128,63447,1567,72
3229,8720,63448,11128,63448,1567,72
3229,8720,63449,11128,63449,1567,72
3229,8720,63450,11128,63450,1567,72
3229,8720,63451,11128,63451,1567,72
3229,8720,63452,11128,63452,1567,72
3229,8720,63453,11128,63453,1567,72
3229,8720,63454,11128,63454,1567,72
3229,8720,63455,11128,63455,1567,72
3229,8720,63456,11128,63456,1567,72
3229,8720,63457,11128,63457,1567,72
3229,8720,63458,11128,63458,1567,72
3229,8720,63459,11128,63459,1567,72
3229,8720,63460,11128,63460,1567,72
3229,8720,63461,11128,63461,1567,72
3229,8720,63462,11128,63462,1567,72
3229,8720,63463,11128,63463,1567,72
3229,8720,63464,11128,63464,1567,72
3229,8720,63465,11128,63465,1567,72
3229,8720,63466,11128,63466,1567,72
3229,8720,63467,11128,63467,1567,72
3228,8720,63468,11128,63468,1567,72
3228,8720,63469,11128,63469,1567,72
3228,8720,63470,11128,63470,1567,72
3228,8720,63471,11128,63471,1567,72
3228,8720,63472,11128,63472,1567,72
3228,8720,63473,11128,63473,1567,72
3228,8720,63474,11128,63474,1567,72
3228,8720,63475,11128,63475,1567,72
3228,8720,63476,11128,63476,1567,72
3228,8720,63477,11128,63477,1567,72
3228,8720,63478,11128,63478,1567,72
3228,8720,63479,11128,63479,1567,72
3228,8720,63480,11128,63480,1567,72
3228,8720,63481,11128,63481,1567,72
3228,8720,63482,11128,63482,1567,72
3228,8720,63483,11128,63483,1567,72
3228,8720,63484,11128,63484,1567,72
3228,8720,63485,11128,63485,1567,72
3228,8720,63486,11128,63486,1567,72
3228,8720,63487,11128,63487,1567,72
3228,8720,63488,11128,63488,1567,72
3228,8720,63489,11128,63489,1567,72
3228,8720,63490,11128,63490,1567,72
3228,8720,63491,11128,63491,1567,72
3228,8720,63492,11128,63492,1567,72
3228,8720,63493,11128,63493,1567,72
3228,8720,63494,11128,63494,1567,72
3228,8720,63495,11128,63495,1567,72
3228,8720,63496,11128,63496,1567,72
3228,8720,63497,11128,63497,1567,72
3228,8720,63498,11128,63498,1567,72
3228,8720,63499,11128,63499,1567,72
3228,8720,63500,11128,63500,1567,72
3228,8720,63501,11128,63501,1567,72
3228,8720,63502,11128,63502,1567,72
3228,8720,63503,11128,63503,1567,72
3228,8720,63504,11128,63504,1567,72
3228,8720,63505,11128,63505,1567,72
3228,8720,63506,11128,63506,1567,72
3228,8720,63507,11128,63507,1567,72
3228,8720,63508,11128,63508,1567,72
3228,8720,63509,11128,63509,1567,72
3228,8720,63510,11128,63510,1567,72
3228,8720,63511,11128,63511,1567,72
3228,8720,63512,11128,63512,1567,72
3228,8720,63513,11128,63513,1567,72
3228,8720,63514,11128,63514,1567,72
3228,8720,63515,11128,63515,1567,72
3228,8720,63516,11128,63516,1567,72
3228,8720,63517,11128,63517,1567,72
3228,8720,63518,11128,63518,1567,72
3228,8720,63519,11128,63519,1567,72
3228,8720,63520,11128,63520,1567,72
3228,8720,63521,11128,63521,1567,72
3228,8720,63522,11128,63522,1567,72
3228,8720,63523,11128,63523,1567,72
3228,8720,63524,11128,63524,1567,72
3228,8720,63525,11128,63525,1567,72
3228,8720,63526,11128,63526,1567,72
3228,8720,63527,11128,63527,1567,72
3228,8720,63528,11128,63528,1567,72
3228,8720,63529,11128,63529,1567,72
3228,8720,63530,11128,63530,1567,72
3228,8720,63531,11128,63531,1567,72
3228,8720,63532,11128,63532,1567,72
3228,8720,63533,11128,63533,1567,72
3228,8720,63534,11128,63534,1567,72
3228,8720,63535,11128,63535,1567,72
3228,8720,63536,11128,63536,1567,72
3228,8720,63537,11128,63537,1567,72
3228,8720,63538,11128,63538,1567,72
3228,8720,63539,11128,63539,1567,72
3228,8720,63540,11128,63540,1567,72
3228,8720,63541,11128,63541,1567,72
3228,8720,63542,11128,63542,1567,72
3228,8720,63543,11128,63543,1567,72
3228,8720,63544,11128,63544,1567,72
3228,8720,63545,11128,63545,1567,72
3228,8720,63546,11128,63546,1567,72
3228,8720,63547,11128,63547,1567,72
3228,8720,63548,11128,63548,1567,72
3228,8720,63549,11128,63549,1567,72
3228,8720,63550,11128,63550,1567,72
3228,8720,63551,11128,63551,1567,72
3228,8720,63552,11128,63552,1567,72
3228,8720,63553,11128,63553,1567,72
3228,8720,63554,11128,63554,1567,72
3228,8720,63555,11128,63555,1567,72
3228,8720,63556,11128,63556,1567,72
3228,8720,63557,11128,63557,1567,72
3228,8720,63558,11128,63558,1567,72
3228,8720,63559,11128,63559,1567,72
3228,8720,63560,11128,63560,1567,72
3228,8720,63561,11128,63561,1567,72
3228,8720,63562,11128,63562,1567,72
3228,8720,63563,11128,63563,1567,72
3228,8720,63564,11128,63564,1567,72
3228,8720,63565,11128,63565,1567,72
3228,8720,63566,11128,63566,1567,72
3228,8720,63567,11128,63567,1567,72
3228,8720,63568,11128,63568,1567,72
3228,8720,63569,11128,63569,1567,72
3228,8720,63570,11128,63570,1567,72
3228,8720,63571,11128,63571,1567,72
3228,8720,63572,11128,63572,1567,72
3228,8720,63573,11128,63573,1567,72
3228,8720,63574,11128,63574,1567,72
3228,8720,63575,11128,63575,1567,72
3228,8720,63576,11128,63576,1567,72
3228,8720,63577,11128,63577,1567,72
3228,8720,63578,11128,63578,1567,72
3228,8720,63579,11128,63579,1567,72
3228,8720,63580,11128,63580,1567,72
3228,8720,63581,11128,63581,1567,72
3228,8720,63582,11128,63582,1567,72
3228,8720,63583,11128,63583,1567,72
3228,8720,63584,11128,63584,1567,72
3228,8720,63585,11128,63585,1567,72
3228,8720,63586,11128,63586,1567,72
3228,8720,63587,11128,63587,1567,72
3228,8720,63588,11128,63588,1567,72
3228,8720,63589,11128,63589,1567,72
3228,8720,63590,11128,63590,1567,72
3228,8720,63591,11128,63591,1567,72
3228,8720,63592,11128,63592,1567,72
3228,8720,63593,11128,63593,1567,72
3228,8720,63594,11128,63594,1567,72
3228,8720,63595,11128,63595,1567,72
3228,8720,63596,11128,63596,1567,72
3228,8720,63597,11128,63597,1567,72
3228,8720,63598,11128,63598,1567,72
3228,8720,63599,11128,63599,1567,72
3228,8720,63600,11128,63600,1567,72
3228,8720,63601,11128,63601,1567,72
3228,8720,63602,11128,63602,1567,72
3228,8720,63603,11128,63603,1567,72
3228,8720,63604,11128,63604,1567,72
3228,8720,63605,11128,63605,1567,72
3228,8720,63606,11128,63606,1567,72
3228,8720,63607,11128,63607,1567,72
3228,8720,63608,11128,63608,1567,72
3228,8720,63609,11128,63609,1567,72
3228,8720,63610,11128,63610,1567,72
3228,8720,63611,11128,63611,1567,72
3228,8720,63612,11128,63612,1567,72
3228,8720,63613,11128,63613,1567,72
3228,8720,63614,11128,63614,1567,72
3228,8720,63615,11128,63615,1567,72
3228,8720,63616,11128,63616,1567,72
3228,8720,63617,11128,63617,1567,72
3228,8720,63618,11128,63618,1567,72
3228,8720,63619,11128,63619,1567,72
3228,8720,63620,11128,63620,1567,72
3228,8720,63621,11128,63621,1567,72
3228,8720,63622,11128,63622,1567,72
3228,8720,63623,11128,63623,1567,72
3228,8720,63624,11128,63624,1567,72
3228,8720,63625,11128,63625,1567,72
3228,8720,63626,11128,63626,1567,72
3228,8720,63627,11128,63627,1567,72
3228,8720,63628,11128,63628,1567,72
3228,8720,63629,11128,63629,1567,72
3228,8720,63630,11128,63630,1567,72
3228,8720,63631,11128,63631,1567,72
3228,8720,63632,11128,63632,1567,72
3228,8720,63633,11128,63633,1567,72
3228,8720,63634,11128,63634,1567,72
3228,8720,63635,11128,63635,1567,72
3228,8720,63636,11128,63636,1567,72
3228,8720,63637,11128,63637,1567,72
3228,8720,63638,11128,63638,1567,72
3228,8720,63639,11128,63639,1567,72
3228,8720,63640,11128,63640,1567,72
3228,8720,63641,11128,63641,1567,72
3228,8720,63642,11128,63642,1567,72
3228,8720,63643,11128,63643,1567,72
3228,8720,63644,11128,63644,1567,72
3228,8720,63645,11128,63645,1567,72
3228,8720,63646,11128,63646,1567,72
3228,8720,63647,11128,63647,1567,72
3228,8720,63648,11128,63648,1567,72
3228,8720,63649,11128,63649,1567,72
3228,8720,63650,11128,63650,1567,72
3228,8720,63651,11128,63651,1567,72
3228,8720,63652,11128,63652,1567,72
3228,8720,63653,11128,63653,1567,72
3228,8720,63654,11128,63654,1567,72
3228,8720,63655,11128,63655,1567,72
3228,8720,63656,11128,63656,1567,72
3228,8720,63657,11128,63657,1567,72
3228,8720,63658,11128,63658,1567,72
3228,8720,63659,11128,63659,1567,72
3228,8720,63660,11128,63660,1567,72
3228,8720,63661,11128,63661,1567,72
3228,8720,63662,11128,63662,1567,72
3228,8720,63663,11128,63663,1567,72
3228,8720,63664,11128,63664,1567,72
3228,8720,63665,11128,63665,1567,72
3228,8720,63666,11128,63666,1567,72
3228,8720,63667,11128,63667,1567,72
3228,8720,63668,11128,63668,1567,72
3228,8720,63669,11128,63669,1567,72
3228,8720,63670,11128,63670,1567,72
3228,8720,63671,11128,63671,1567,72
3228,8720,63672,11128,63672,1567,72
3228,8720,63673,11128,63673,1567,72
3228,8720,63674,11128,63674,1567,72
3228,8720,63675,11128,63675,1567,72
3228,8720,63676,11128,63676,1567,72
3228,8720,63677,11128,63677,1567,72
3228,8720,63678,11128,63678,1567,72
3228,8720,63679,11128,63679,1567,72
3228,8720,63680,11128,63680,1567,72
3228,8720,63681,11128,63681,1567,72
3228,8720,63682,11128,63682,1567,72
3228,8720,63683,11128,63683,1567,72
3228,8720,63684,11128,63684,1567,72
3228,8720,63685,11128,63685,1567,72
3228,8720,63686,11128,63686,1567,72
3228,8720,63687,11128,63687,1567,72
3228,8720,63688,11128,63688,1567,72
3228,8720,63689,11128,63689,1567,72
3228,8720,63690,11128,63690,1567,72
3228,8720,63691,11128,63691,1567,72
3228,8720,63692,11128,63692,1567,72
3228,8720,63693,11128,63693,1567,72
3228,8720,63694,11128,63694,1567,72
3228,8720,63695,11128,63695,1567,72
3228,8720,63696,11128,63696,1567,72
3228,8720,63697,11128,63697,1567,72
3228,8720,63698,11128,63698,1567,72
3228,8720,63699,11128,63699,1567,72
3228,8720,63700,11128,63700,1567,72
3228,8720,63701,11128,63701,1567,72
3228,8720,63702,11128,63702,1567,72
3228,8720,63703,11128,63703,1567,72
3228,8720,63704,11128,63704,1567,72
3228,8720,63705,11128,63705,1567,72
3228,8720,63706,11128,63706,1567,72
3228,8720,63707,11128,63707,1567,72
3228,8720,63708,11128,63708,1567,72
3228,8720,63709,11128,63709,1567,72
3228,8720,63710,11128,63710,1567,72
3228,8720,63711,11128,63711,1567,72
3228,8720,63712,11128,63712,1567,72
3228,8720,63713,11128,63713,1567,72
3228,8720,63714,11128,63714,1567,72
3228,8720,63715,11128,63715,1567,72
3228,8720,63716,11128,63716,1567,72
3228,8720,63717,11128,63717,1567,72
3228,8720,63718,11128,63718,1567,72
3228,8720,63719,11128,63719,1567,72
3228,8720,63720,11128,63720,1567,72
3228,8720,63721,11128,63721,1567,72
3228,8720,63722,11128,63722,1567,72
3228,8720,63723,11128,63723,1567,72
3228,8720,63724,11128,63724,1567,72
3228,8720,63725,11128,63725,1567,72
3228,8720,63726,11128,63726,1567,72
3228,8720,63727,11128,63727,1567,72
3228,8720,63728,11128,63728,1567,72
3228,8720,63729,11128,63729,1567,72
3228,8720,63730,11128,63730,1567,72
3228,8720,63731,11128,63731,1567,72
3228,8720,63732,11128,63732,1567,72
3228,8720,63733,11128,63733,1567,72
3228,8720,63734,11128,63734,1567,72
3228,8720,63735,11128,63735,1567,72
3228,8720,63736,11128,63736,1567,72
3228,8720,63737,11128,63737,1567,72
3228,8720,63738,11128,63738,1567,72
3228,8720,63739,11128,63739,1567,72
3228,8720,63740,11128,63740,1567,72
3228,8720,63741,11128,63741,1567,72
3228,8720,63742,11128,63742,1567,72
3228,8720,63743,11128,63743,1567,72
3228,8720,63744,11128,63744,1567,72
3228,8720,63745,11128,63745,1567,72
3228,8720,63746,11128,63746,1567,72
3228,8720,63747,11128,63747,1567,72
3228,8720,63748,11128,63748,1567,72
3228,8720,63749,11128,63749,1567,72
3228,8720,63750,11128,63750,1567,72
3228,8720,63751,11128,63751,1567,72
3228,8720,63752,11128,63752,1567,72
3228,8720,63753,11128,63753,1567,72
3228,8720,63754,11128,63754,1567,72
3228,8720,63755,11128,63755,1567,72
3228,8720,63756,11128,63756,1567,72
3228,8720,63757,11128,63757,1567,72
3228,8720,63758,11128,63758,1567,72
3228,8720,63759,11128,63759,1567,72
3228,8720,63760,11128,63760,1567,72
3228,8720,63761,11128,63761,1567,72
3228,8720,63762,11128,63762,1567,72
3228,8720,63763,11128,63763,1567,72
3228,8720,63764,11128,63764,1567,72
3228,8720,63765,11128,63765,1567,72
3228,8720,63766,11128,63766,1567,72
3228,8720,63767,11128,63767,1567,72
3228,8720,63768,11128,63768,1567,72
3228,8720,63769,11128,63769,1567,72
3228,8720,63770,11128,63770,1567,72
3228,8720,63771,11128,63771,1567,72
3228,8720,63772,11128,63772,1567,72
3228,8720,63773,11128,63773,1567,72
3228,8720,63774,11128,63774,1567,72
3228,8720,63775,11128,63775,1567,72
3228,8720,63776,11128,63776,1567,72
3228,8720,63777,11128,63777,1567,72
3228,8720,63778,11128,63778,1567,72
3228,8720,63779,11128,63779,1567,72
3228,8720,63780,11128,63780,1567,72
3228,8720,63781,11128,63781,1567,72
3228,8720,63782,11128,63782,1567,72
3228,8720,63783,11128,63783,1567,72
3228,8720,63784,11128,63784,1567,72
3228,8720,63785,11128,63785,1567,72
3228,8720,63786,11128,63786,1567,72
3228,8720,63787,11128,63787,1567,72
3228,8720,63788,11128,63788,1567,72
3228,8720,63789,11128,63789,1567,72
3228,8720,63790,11128,63790,1567,72
3228,8720,63791,11128,63791,1567,72
3228,8720,63792,11128,63792,1567,72
3228,8720,63793,11128,63793,1567,72
3228,8720,63794,11128,63794,1567,72
3228,8720,63795,11128,63795,1567,72
3228,8720,63796,11128,63796,1567,72
3228,8720,63797,11128,63797,1567,72
3228,8720,63798,11128,63798,1567,72
3228,8720,63799,11128,63799,1567,72
3228,8720,63800,11128,63800,1567,72
3228,8720,63801,11128,63801,1567,72
3228,8720,63802,11128,63802,1567,72
3228,8720,63803,11128,63803,1567,72
3228,8720,63804,11128,63804,1567,72
3228,8720,63805,11128,63805,1567,72
3228,8720,63806,11128,63806,1567,72
3228,8720,63807,11128,63807,1567,72
3228,8720,63808,11128,63808,1567,72
3228,8720,63809,11128,63809,1567,72
3228,8720,63810,11128,63810,1567,72
3228,8720,63811,11128,63811,1567,72
3228,8720,63812,11128,63812,1567,72
3228,8720,63813,11128,63813,1567,72
3228,8720,63814,11128,63814,1567,72
3228,8720,63815,11128,63815,1567,72
3228,8720,63816,11128,63816,1567,72
3228,8720,63817,11128,63817,1567,72
3228,8720,63818,11128,63818,1567,72
3228,8720,63819,11128,63819,1567,72
3228,8720,63820,11128,63820,1567,72
3228,8720,63821,11128,63821,1567,72
3228,8720,63822,11128,63822,1567,72
3228,8720,63823,11128,63823,1567,72
3228,8720,63824,11128,63824,1567,72
3228,8720,63825,11128,63825,1567,72
3228,8720,63826,11128,63826,1567,72
3228,8720,63827,11128,63827,1567,72
3228,8720,63828,11128,63828,1567,72
3228,8720,63829,11128,63829,1567,72
3228,8720,63830,11128,63830,1567,72
3228,8720,63831,11128,63831,1567,72
3228,8720,63832,11128,63832,1567,72
3228,8720,63833,11128,63833,1567,72
3228,8720,63834,11128,63834,1567,72
3228,8720,63835,11128,63835,1567,72
3228,8720,63836,11128,63836,1567,72
3228,8720,63837,11128,63837,1567,72
3228,8720,63838,11128,63838,1567,72
3228,8720,63839,11128,63839,1567,72
3228,8720,63840,11128,63840,1567,72
3228,8720,63841,11128,63841,1567,72
3228,8720,63842,11128,63842,1567,72
3228,8720,63843,11128,63843,1567,72
3228,8720,63844,11128,63844,1567,72
3228,8720,63845,11128,63845,1567,72
3228,8720,63846,11128,63846,1567,72
3228,8720,63847,11128,63847,1567,72
3228,8720,63848,11128,63848,1567,72
3228,8720,63849,11128,63849,1567,72
3228,8720,63850,11128,63850,1567,72
3228,8720,63851,11128,63851,1567,72
3228,8720,63852,11128,63852,1567,72
3228,8720,63853,11128,63853,1567,72
3228,8720,63854,11128,63854,1567,72
3228,8720,63855,11128,63855,1567,72
3228,8720,63856,11128,63856,1567,72
3228,8720,63857,11128,63857,1567,72
3228,8720,63858,11128,63858,1567,72
3228,8720,63859,11128,63859,1567,72
3228,8720,63860,11128,63860,1567,72
3228,8720,63861,11128,63861,1567,72
3228,8720,63862,11128,63862,1567,72
3228,8720,63863,11128,63863,1567,72
3228,8720,63864,11128,63864,1567,72
3228,8720,63865,11128,63865,1567,72
3228,8720,63866,11128,63866,1567,72
3228,8720,63867,11128,63867,1567,72
3228,8720,63868,11128,63868,1567,72
3228,8720,63869,11128,63869,1567,72
3228,8720,63870,11128,63870,1567,72
3228,8720,63871,11128,63871,1567,72
3228,8720,63872,11128,63872,1567,72
3228,8720,63873,11128,63873,1567,72
3228,8720,63874,11128,63874,1567,72
3228,8720,63875,11128,63875,1567,72
3228,8720,63876,11128,63876,1567,72
3228,8720,63877,11128,63877,1567,72
3228,8720,63878,11128,63878,1567,72
3228,8720,63879,11128,63879,1567,72
3228,8720,63880,11128,63880,1567,72
3228,8720,63881,11128,63881,1567,72
3228,8720,63882,11128,63882,1567,72
3228,8720,63883,11128,63883,1567,72
3228,8720,63884,11128,63884,1567,72
3228,8720,63885,11128,63885,1567,72
3228,8720,63886,11128,63886,1567,72
3228,8720,63887,11128,63887,1567,72
3228,8720,63888,11128,63888,1567,72
3228,8720,63889,11128,63889,1567,72
3228,8720,63890,11128,63890,1567,72
3228,8720,63891,11128,63891,1567,72
3228,8720,63892,11128,63892,1567,72
3228,8720,63893,11128,63893,1567,72
3228,8720,63894,11128,63894,1567,72
3228,8720,63895,11128,63895,1567,72
3228,8720,63896,11128,63896,1567,72
3228,8720,63897,11128,63897,1567,72
3228,8720,63898,11128,63898,1567,72
3228,8720,63899,11128,63899,1567,72
3228,8720,63900,11128,63900,1567,72
3228,8720,63901,11128,63901,1567,72
3228,8720,63902,11128,63902,1567,72
3228,8720,63903,11128,63903,1567,72
3228,8720,63904,11128,63904,1567,72
3228,8720,63905,11128,63905,1567,72
3228,8720,63906,11128,63906,1567,72
3228,8720,63907,11128,63907,1567,72
3228,8720,63908,11128,63908,1567,72
3228,8720,63909,11128,63909,1567,72
3228,8720,63910,11128,63910,1567,72
3228,8720,63911,11128,63911,1567,72
3228,8720,63912,11128,63912,1567,72
3228,8720,63913,11128,63913,1567,72
3228,8720,63914,11128,63914,1567,72
3228,8720,63915,11128,63915,1567,72
3228,8720,63916,11128,63916,1567,72
3228,8720,63917,11128,63917,1567,72
3228,8720,63918,11128,63918,1567,72
3228,8720,63919,11128,63919,1567,72
3228,8720,63920,11128,63920,1567,72
3228,8720,63921,11128,63921,1567,72
3229,8720,63922,11128,63922,1567,72
3229,8720,63923,11128,63923,1567,72
3229,8720,63924,11128,63924,1567,72
3229,8720,63925,11128,63925,1567,72
3229,8720,63926,11128,63926,1567,72
3229,8720,63927,11128,63927,1567,72
3229,8720,63928,11128,63928,1567,72
3229,8720,63929,11128,63929,1567,72
3229,8720,63930,11128,63930,1567,72
3229,8720,63931,11128,63931,1567,72
3229,8720,63932,11128,63932,1567,72
3229,8720,63933,11128,63933,1567,72
3229,8720,63934,11128,63934,1567,72
3229,8720,63935,11128,63935,1567,72
3229,8720,63936,11128,63936,1567,72
3229,8720,63937,11128,63937,1567,72
3229,8720,63938,11128,63938,1567,72
3229,8720,63939,11128,63939,1567,72
3229,8720,63940,11128,63940,1567,72
3229,8720,63941,11128,63941,1567,72
3229,8720,63942,11128,63942,1567,72
3229,8720,63943,11128,63943,1567,72
3229,8720,63944,11128,63944,1567,72
3229,8720,63945,11128,63945,1567,72
3229,8720,63946,11128,63946,1567,72
3229,8720,63947,11128,63947,1567,72
3229,8720,63948,11128,63948,1567,72
3229,8720,63949,11128,63949,1567,72
3229,8720,63950,11128,63950,1567,72
3229,8720,63951,11128,63951,1567,72
3229,8720,63952,11128,63952,1567,72
3229,8720,63953,11128,63953,1567,72
3229,8720,63954,11128,63954,1567,72
3229,8720,63955,11128,63955,1567,72
3229,8720,63956,11128,63956,1567,72
3229,8720,63957,11128,63957,1567,72
3229,8720,63958,11128,63958,1567,72
3229,8720,63959,11128,63959,1567,72
3229,8720,63960,11128,63960,1567,72
3229,8720,63961,11128,63961,1567,72
3229,8720,63962,11128,63962,1567,72
3229,8720,63963,11128,63963,1567,72
3229,8720,63964,11128,63964,1567,72
3229,8720,63965,11128,63965,1567,72
3229,8720,63966,11128,63966,1567,72
3229,8720,63967,11128,63967,1567,72
3229,8720,63968,11128,63968,1567,72
3229,8720,63969,11128,63969,1567,72
3229,8720,63970,11128,63970,1567,72
3229,8720,63971,11128,63971,1567,72
3229,8720,63972,11128,63972,1567,72
3230,8720,63973,11128,63973,1567,72
3230,8720,63974,11128,63974,1567,72
3230,8720,63975,11128,63975,1567,72
3230,8720,63976,11128,63976,1567,72
3230,8720,63977,11128,63977,1567,72
3230,8720,63978,11128,63978,1567,72
3230,8720,63979,11128,63979,1567,72
3230,8720,63980,11128,63980,1567,72
3230,8720,63981,11128,63981,1567,72
3230,8720,63982,11128,63982,1567,72
3230,8720,63983,11128,63983,1567,72
3230,8720,63984,11128,63984,1567,72
3230,8720,63985,11128,63985,1567,72
3230,8720,63986,11128,63986,1567,72
3230,8720,63987,11128,63987,1567,72
3230,8720,63988,11128,63988,1567,72
3230,8720,63989,11128,63989,1567,72
3230,8720,63990,11128,63990,1567,72
3230,8720,63991,11128,63991,1567,72
3230,8720,63992,11128,63992,1567,72
3230,8720,63993,11128,63993,1567,72
3230,8720,63994,11128,63994,1567,72
3230,8720,63995,11128,63995,1567,72
3230,8720,63996,11128,63996,1567,72
3230,8720,63997,11128,63997,1567,72
3230,8720,63998,11128,63998,1567,72
3230,8720,63999,11128,63999,1567,72
3230,8720,64000,11128,64000,1567,72
3230,8720,64001,11128,64001,1567,72
3230,8720,64002,11128,64002,1567,72
3230,8720,64003,11128,64003,1567,72
3230,8720,64004,11128,64004,1567,72
3230,8720,64005,11128,64005,1567,72
3230,8720,64006,11128,64006,1567,72
3230,8720,64007,11128,64007,1567,72
3230,8720,64008,11128,64008,1567,72
3230,8720,64009,11128,64009,1567,72
3230,8720,64010,11128,64010,1567,72
3230,8720,64011,11128,64011,1567,72
3230,8720,64012,11128,64012,1567,72
3230,8720,64013,11128,64013,1567,72
3230,8720,64014,11128,64014,1567,72
3230,8720,64015,11128,64015,1567,72
3230,8720,64016,11128,64016,1567,72
3230,8720,64017,11128,64017,1567,72
3230,8720,64018,11128,64018,1567,72
3230,8720,64019,11128,64019,1567,72
3230,8720,64020,11128,64020,1567,72
3230,8720,64021,11128,64021,1567,72
3230,8720,64022,11128,64022,1567,72
3230,8720,64023,11128,64023,1567,72
3230,8720,64024,11128,64024,1567,72
3230,8720,64025,11128,64025,1567,72
3230,8720,64026,11128,64026,1567,72
3230,8720,64027,11128,64027,1567,72
3230,8720,64028,11128,64028,1567,72
3230,8720,64029,11128,64029,1567,72
3230,8720,64030,11128,64030,1567,72
3230,8720,64031,11128,64031,1567,72
3230,8720,64032,11128,64032,1567,72
3230,8720,64033,11128,64033,1567,72
3230,8720,64034,11128,64034,1567,72
3230,8720,64035,11128,64035,1567,72
3230,8720,64036,11128,64036,1567,72
3230,8720,64037,11128,64037,1567,72
3230,8720,64038,11128,64038,1567,72
3230,8720,64039,11128,64039,1567,72
3230,8720,64040,11128,64040,1567,72
3230,8720,64041,11128,64041,1567,72
3230,8720,64042,11128,64042,1567,72
3230,8720,64043,11128,64043,1567,72
3230,8720,64044,11128,64044,1567,72
3230,8720,64045,11128,64045,1567,72
3230,8720,64046,11128,64046,1567,72
3230,8720,64047,11128,64047,1567,72
3230,8720,64048,11128,64048,1567,72
3230,8720,64049,11128,64049,1567,72
3230,8720,64050,11128,64050,1567,72
3230,8720,64051,11128,64051,1567,72
3230,8720,64052,11128,64052,1567,72
3230,8720,64053,11128,64053,1567,72
3230,8720,64054,11128,64054,1567,72
3230,8720,64055,11128,64055,1567,72
3230,8720,64056,11128,64056,1567,72
3230,8720,64057,11128,64057,1567,72
3230,8720,64058,11128,64058,1567,72
3230,8720,64059,11128,64059,1567,72
3230,8720,64060,11128,64060,1567,72
3230,8720,64061,11128,64061,1567,72
3230,8720,64062,11128,64062,1567,72
3230,8720,64063,11128,64063,1567,72
3230,8720,64064,11128,64064,1567,72
3230,8720,64065,11128,64065,1567,72
3230,8720,64066,11128,64066,1567,72
3230,8720,64067,11128,64067,1567,72
3230,8720,64068,11128,64068,1567,72
3230,8720,64069,11128,64069,1567,72
3230,8720,64070,11128,64070,1567,72
3230,8720,64071,11128,64071,1567,72
3230,8720,64072,11128,64072,1567,72
3230,8720,64073,11128,64073,1567,72
3230,8720,64074,11128,64074,1567,72
3230,8720,64075,11128,64075,1567,72
3230,8720,64076,11128,64076,1567,72
3230,8720,64077,11128,64077,1567,72
3230,8720,64078,11128,64078,1567,72
3230,8720,64079,11128,64079,1567,72
3230,8720,64080,11128,64080,1567,72
3230,8720,64081,11128,64081,1567,72
3230,8720,64082,11128,64082,1567,72
3230,8720,64083,11128,64083,1567,72
3230,8720,64084,11128,64084,1567,72
3230,8720,64085,11128,64085,1567,72
3230,8720,64086,11128,64086,1567,72
3230,8720,64087,11128,64087,1567,72
3230,8720,64088,11128,64088,1567,72
3230,8720,64089,11128,64089,1567,72
3230,8720,64090,11128,64090,1567,72
3230,8720,64091,11128,64091,1567,72
3230,8720,64092,11128,64092,1567,72
3230,8720,64093,11128,64093,1567,72
3230,8720,64094,11128,64094,1567,72
3230,8720,64095,11128,64095,1567,72
3230,8720,64096,11128,64096,1567,72
3230,8720,64097,11128,64097,1567,72
3230,8720,64098,11128,64098,1567,72
3230,8720,64099,11128,64099,1567,72
3230,8720,64100,11128,64100,1567,72
3230,8720,64101,11128,64101,1567,72
3230,8720,64102,11128,64102,1567,72
3230,8720,64103,11128,64103,1567,72
3230,8720,64104,11128,64104,1567,72
3230,8720,64105,11128,64105,1567,72
3230,8720,64106,11128,64106,1567,72
3230,8720,64107,11128,64107,1567,72
3230,8720,64108,11128,64108,1567,72
3230,8720,64109,11128,64109,1567,72
3230,8720,64110,11128,64110,1567,72
3230,8720,64111,11128,64111,1567,72
3230,8720,64112,11128,64112,1567,72
3230,8720,64113,11128,64113,1567,72
3230,8720,64114,11128,64114,1567,72
3230,8720,64115,11128,64115,1567,72
3230,8720,64116,11128,64116,1567,72
3230,8720,64117,11128,64117,1567,72
3230,8720,64118,11128,64118,1567,72
3231,8720,64119,11128,64119,1567,72
3231,8720,64120,11128,64120,1567,72
3231,8720,64121,11128,64121,1567,72
3231,8720,64122,11128,64122,1567,72
3231,8720,64123,11128,64123,1567,72
3231,8720,64124,11128,64124,1567,72
3231,8720,64125,11128,64125,1567,72
3231,8720,64126,11128,64126,1567,72
3231,8720,64127,11128,64127,1567,72
3231,8720,64128,11128,64128,1567,72
3231,8720,64129,11128,64129,1567,72
3231,8720,64130,11128,64130,1567,72
3231,8720,64131,11128,64131,1567,72
3231,8720,64132,11128,64132,1567,72
3231,8720,64133,11128,64133,1567,72
3231,8720,64134,11128,64134,1567,72
3231,8720,64135,11128,64135,1567,72
3231,8720,64136,11128,64136,1567,72
3231,8720,64137,11128,64137,1567,72
3231,8720,64138,11128,64138,1567,72
3231,8720,64139,11128,64139,1567,72
3231,8720,64140,11128,64140,1567,72
3231,8720,64141,11128,64141,1567,72
3231,8720,64142,11128,64142,1567,72
3231,8720,64143,11128,64143,1567,72
3231,8720,64144,11128,64144,1567,72
3231,8720,64145,11128,64145,1567,72
3231,8720,64146,11128,64146,1567,72
3231,8720,64147,11128,64147,1567,72
3231,8720,64148,11128,64148,1567,72
3231,8720,64149,11128,64149,1567,72
3231,8720,64150,11128,64150,1567,72
3231,8720,64151,11128,64151,1567,72
3231,8720,64152,11128,64152,1567,72
3231,8720,64153,11128,64153,1567,72
3231,8720,64154,11128,64154,1567,72
3231,8720,64155,11128,64155,1567,72
3231,8720,64156,11128,64156,1567,72
3231,8720,64157,11128,64157,1567,72
3231,8720,64158,11128,64158,1567,72
3231,8720,64159,11128,64159,1567,72
3231,8720,64160,11128,64160,1567,72
3231,8720,64161,11128,64161,1567,72
3231,8720,64162,11128,64162,1567,72
3231,8720,64163,11128,64163,1567,72
3231,8720,64164,11128,64164,1567,72
3231,8720,64165,11128,64165,1567,72
3231,8720,64166,11128,64166,1567,72
3231,8720,64167,11128,64167,1567,72
3231,8720,64168,11128,64168,1567,72
3231,8720,64169,11128,64169,1567,72
3231,8720,64170,11128,64170,1567,72
3231,8720,64171,11128,64171,1567,72
3231,8720,64172,11128,64172,1567,72
3231,8720,64173,11128,64173,1567,72
3231,8720,64174,11128,64174,1567,72
3231,8720,64175,11128,64175,1567,72
3231,8720,64176,11128,64176,1567,72
3231,8720,64177,11128,64177,1567,72
3231,8720,64178,11128,64178,1567,72
3231,8720,64179,11128,64179,1567,72
3231,8720,64180,11128,64180,1567,72
3231,8720,64181,11128,64181,1567,72
3231,8720,64182,11128,64182,1567,72
3231,8720,64183,11128,64183,1567,72
3231,8720,64184,11128,64184,1567,72
3231,8720,64185,11128,64185,1567,72
3231,8720,64186,11128,64186,1567,72
3231,8720,64187,11128,64187,1567,72
3231,8720,64188,11128,64188,1567,72
3231,8720,64189,11128,64189,1567,72
3231,8720,64190,11128,64190,1567,72
3231,8720,64191,11128,64191,1567,72
3231,8720,64192,11128,64192,1567,72
3232,8720,64193,11128,64193,1567,72
3232,8720,64194,11128,64194,1567,72
3232,8720,64195,11128,64195,1567,72
3232,8720,64196,11128,64196,1567,72
3232,8720,64197,11128,64197,1567,72
3232,8720,64198,11128,64198,1567,72
3232,8720,64199,11128,64199,1567,72
3232,8720,64200,11128,64200,1567,72
3232,8720,64201,11128,64201,1567,72
3232,8720,64202,11128,64202,1567,72
3232,8720,64203,11128,64203,1567,72
3232,8720,64204,11128,64204,1567,72
3232,8720,64205,11128,64205,1567,72
3232,8720,64206,11128,64206,1567,72
3232,8720,64207,11128,64207,1567,72
3232,8720,64208,11128,64208,1567,72
3232,8720,64209,11128,64209,1567,72
3232,8720,64210,11128,64210,1567,72
3232,8720,64211,11128,64211,1567,72
3232,8720,64212,11128,64212,1567,72
3232,8720,64213,11128,64213,1567,72
3232,8720,64214,11128,64214,1567,72
3232,8720,64215,11128,64215,1567,72
3232,8720,64216,11128,64216,1567,72
3232,8720,64217,11128,64217,1567,72
3232,8720,64218,11128,64218,1567,72
3232,8720,64219,11128,64219,1567,72
3232,8720,64220,11128,64220,1567,72
3232,8720,64221,11128,64221,1567,72
3232,8720,64222,11128,64222,1567,72
3232,8720,64223,11128,64223,1567,72
3232,8720,64224,11128,64224,1567,72
3232,8720,64225,11128,64225,1567,72
3232,8720,64226,11128,64226,1567,72
3232,8720,64227,11128,64227,1567,72
3232,8720,64228,11128,64228,1567,72
3232,8720,64229,11128,64229,1567,72
3232,8720,64230,11128,64230,1567,72
3232,8720,64231,11128,64231,1567,72
3232,8720,64232,11128,64232,1567,72
3232,8720,64233,11128,64233,1567,72
3232,8720,64234,11128,64234,1567,72
3232,8720,64235,11128,64235,1567,72
3232,8720,64236,11128,64236,1567,72
3232,8720,64237,11128,64237,1567,72
3232,8720,64238,11128,64238,1567,72
3232,8720,64239,11128,64239,1567,72
3232,8720,64240,11128,64240,1567,72
3232,8720,64241,11128,64241,1567,72
3232,8720,64242,11128,64242,1567,72
3232,8720,64243,11128,64243,1567,72
3232,8720,64244,11128,64244,1567,72
3232,8720,64245,11128,64245,1567,72
3232,8720,64246,11128,64246,1567,72
3232,8720,64247,11128,64247,1567,72
3232,8720,64248,11128,64248,1567,72
3232,8720,64249,11128,64249,1567,72
3232,8720,64250,11128,64250,1567,72
3232,8720,64251,11128,64251,1567,72
3233,8720,64252,11128,64252,1567,72
3233,8720,64253,11128,64253,1567,72
3233,8720,64254,11128,64254,1567,72
3233,8720,64255,11128,64255,1567,72
3233,8720,64256,11128,64256,1567,72
3233,8720,64257,11128,64257,1567,72
3233,8720,64258,11128,64258,1567,72
3232,8720,64259,11128,64259,1567,72
3232,8720,64260,11128,64260,1567,72
3232,8720,64261,11128,64261,1567,72
3232,8720,64262,11128,64262,1567,72
3232,8720,64263,11128,64263,1567,72
3232,8720,64264,11128,64264,1567,72
3232,8720,64265,11128,64265,1567,72
3232,8720,64266,11128,64266,1567,72
3232,8720,64267,11128,64267,1567,72
3232,8720,64268,11128,64268,1567,72
3232,8720,64269,11128,64269,1567,72
3232,8720,64270,11128,64270,1567,72
3232,8720,64271,11128,64271,1567,72
3232,8720,64272,11128,64272,1567,72
3232,8720,64273,11128,64273,1567,72
3232,8720,64274,11128,64274,1567,72
3232,8720,64275,11128,64275,1567,72
3232,8720,64276,11128,64276,1567,72
3232,8720,64277,11128,64277,1567,72
3232,8720,64278,11128,64278,1567,72
3232,8720,64279,11128,64279,1567,72
3232,8720,64280,11128,64280,1567,72
3232,8720,64281,11128,64281,1567,72
3232,8720,64282,11128,64282,1567,72
3232,8720,64283,11128,64283,1567,72
3232,8720,64284,11128,64284,1567,72
3232,8720,64285,11128,64285,1567,72
3232,8720,64286,11128,64286,1567,72
3232,8720,64287,11128,64287,1567,72
3232,8720,64288,11128,64288,1567,72
3232,8720,64289,11128,64289,1567,72
3232,8720,64290,11128,64290,1567,72
3232,8720,64291,11128,64291,1567,72
3232,8720,64292,11128,64292,1567,72
3232,8720,64293,11128,64293,1567,72
3232,8720,64294,11128,64294,1567,72
3232,8720,64295,11128,64295,1567,72
3232,8720,64296,11128,64296,1567,72
3232,8720,64297,11128,64297,1567,72
3232,8720,64298,11128,64298,1567,72
3232,8720,64299,11128,64299,1567,72
3232,8720,64300,11128,64300,1567,72
3232,8720,64301,11128,64301,1567,72
3232,8720,64302,11128,64302,1567,72
3232,8720,64303,11128,64303,1567,72
3232,8720,64304,11128,64304,1567,72
3232,8720,64305,11128,64305,1567,72
3232,8720,64306,11128,64306,1567,72
3232,8720,64307,11128,64307,1567,72
3232,8720,64308,11128,64308,1567,72
3231,8720,64309,11128,64309,1567,72
3231,8720,64310,11128,64310,1567,72
3231,8720,64311,11128,64311,1567,72
3231,8720,64312,11128,64312,1567,72
3231,8720,64313,11128,64313,1567,72
3231,8720,64314,11128,64314,1567,72
3231,8720,64315,11128,64315,1567,72
3231,8720,64316,11128,64316,1567,72
3231,8720,64317,11128,64317,1567,72
3231,8720,64318,11128,64318,1567,72
3231,8720,64319,11128,64319,1567,72
3231,8720,64320,11128,64320,1567,72
3231,8720,64321,11128,64321,1567,72
3231,8720,64322,11128,64322,1567,72
3231,8720,64323,11128,64323,1567,72
3231,8720,64324,11128,64324,1567,72
3231,8720,64325,11128,64325,1567,72
3231,8720,64326,11128,64326,1567,72
3231,8720,64327,11128,64327,1567,72
3231,8720,64328,11128,64328,1567,72
3231,8720,64329,11128,64329,1567,72
3231,8720,64330,11128,64330,1567,72
3231,8720,64331,11128,64331,1567,72
3231,8720,64332,11128,64332,1567,72
3231,8720,64333,11128,64333,1567,72
3231,8720,64334,11128,64334,1567,72
3231,8720,64335,11128,64335,1567,72
3231,8720,64336,11128,64336,1567,72
3231,8720,64337,11128,64337,1567,72
3231,8720,64338,11128,64338,1567,72
3231,8720,64339,11128,64339,1567,72
3231,8720,64340,11128,64340,1567,72
3231,8720,64341,11128,64341,1567,72
3231,8720,64342,11128,64342,1567,72
3231,8720,64343,11128,64343,1567,72
3231,8720,64344,11128,64344,1567,72
3231,8720,64345,11128,64345,1567,72
3231,8720,64346,11128,64346,1567,72
3231,8720,64347,11128,64347,1567,72
3231,8720,64348,11128,64348,1567,72
3231,8720,64349,11128,64349,1567,72
3231,8720,64350,11128,64350,1567,72
3231,8720,64351,11128,64351,1567,72
3231,8720,64352,11128,64352,1567,72
3231,8720,64353,11128,64353,1567,72
3231,8720,64354,11128,64354,1567,72
3231,8720,64355,11128,64355,1567,72
3231,8720,64356,11128,64356,1567,72
3231,8720,64357,11128,64357,1567,72
3231,8720,64358,11128,64358,1567,72
3231,8720,64359,11128,64359,1567,72
3231,8720,64360,11128,64360,1567,72
3231,8720,64361,11128,64361,1567,72
3231,8720,64362,11128,64362,1567,72
3231,8720,64363,11128,64363,1567,72
3231,8720,64364,11128,64364,1567,72
3231,8720,64365,11128,64365,1567,72
3231,8720,64366,11128,64366,1567,72
3231,8720,64367,11128,64367,1567,72
3231,8720,64368,11128,64368,1567,72
3231,8720,64369,11128,64369,1567,72
3231,8720,64370,11128,64370,1567,72
3231,8720,64371,11128,64371,1567,72
3231,8720,64372,11128,64372,1567,72
3231,8720,64373,11128,64373,1567,72
3231,8720,64374,11128,64374,1567,72
3231,8720,64375,11128,64375,1567,72
3231,8720,64376,11128,64376,1567,72
3231,8720,64377,11128,64377,1567,72
3231,8720,64378,11128,64378,1567,72
3231,8720,64379,11128,64379,1567,72
3231,8720,64380,11128,64380,1567,72
3231,8720,64381,11128,64381,1567,72
3231,8720,64382,11128,64382,1567,72
3231,8720,64383,11128,64383,1567,72
3231,8720,64384,11128,64384,1567,72
3231,8720,64385,11128,64385,1567,72
3231,8720,64386,11128,64386,1567,72
3231,8720,64387,11128,64387,1567,72
3231,8720,64388,11128,64388,1567,72
3231,8720,64389,11128,64389,1567,72
3231,8720,64390,11128,64390,1567,72
3231,8720,64391,11128,64391,1567,72
3231,8720,64392,11128,64392,1567,72
3231,8720,64393,11128,64393,1567,72
3231,8720,64394,11128,64394,1567,72
3231,8720,64395,11128,64395,1567,72
3231,8720,64396,11128,64396,1567,72
3231,8720,64397,11128,64397,1567,72
3231,8720,64398,11128,64398,1567,72
3231,8720,64399,11128,64399,1567,72
3231,8720,64400,11128,64400,1567,72
3231,8720,64401,11128,64401,1567,72
3231,8720,64402,11128,64402,1567,72
3231,8720,64403,11128,64403,1567,72
3231,8720,64404,11128,64404,1567,72
3231,8720,64405,11128,64405,1567,72
3231,8720,64406,11128,64406,1567,72
3231,8720,64407,11128,64407,1567,72
3231,8720,64408,11128,64408,1567,72
3231,8720,64409,11128,64409,1567,72
3231,8720,64410,11128,64410,1567,72
3231,8720,64411,11128,64411,1567,72
3231,8720,64412,11128,64412,1567,72
3231,8720,64413,11128,64413,1567,72
3231,8720,64414,11128,64414,1567,72
3231,8720,64415,11128,64415,1567,72
3231,8720,64416,11128,64416,1567,72
3231,8720,64417,11128,64417,1567,72
3231,8720,64418,11128,64418,1567,72
3231,8720,64419,11128,64419,1567,72
3231,8720,64420,11128,64420,1567,72
3231,8720,64421,11128,64421,1567,72
3231,8720,64422,11128,64422,1567,72
3231,8720,64423,11128,64423,1567,72
3231,8720,64424,11128,64424,1567,72
3231,8720,64425,11128,64425,1567,72
3231,8720,64426,11128,64426,1567,72
3231,8720,64427,11128,64427,1567,72
3231,8720,64428,11128,64428,1567,72
3231,8720,64429,11128,64429,1567,72
3231,8720,64430,11128,64430,1567,72
3231,8720,64431,11128,64431,1567,72
3231,8720,64432,11128,64432,1567,72
3231,8720,64433,11128,64433,1567,72
3231,8720,64434,11128,64434,1567,72
3231,8720,64435,11128,64435,1567,72
3231,8720,64436,11128,64436,1567,72
3231,8720,64437,11128,64437,1567,72
3231,8720,64438,11128,64438,1567,72
3231,8720,64439,11128,64439,1567,72
3231,8720,64440,11128,64440,1567,72
3231,8720,64441,11128,64441,1567,72
3231,8720,64442,11128,64442,1567,72
3231,8720,64443,11128,64443,1567,72
3231,8720,64444,11128,64444,1567,72
3231,8720,64445,11128,64445,1567,72
3231,8720,64446,11128,64446,1567,72
3231,8720,64447,11128,64447,1567,72
3231,8720,64448,11128,64448,1567,72
3231,8720,64449,11128,64449,1567,72
3231,8720,64450,11128,64450,1567,72
3231,8720,64451,11128,64451,1567,72
3231,8720,64452,11128,64452,1567,72
3231,8720,64453,11128,64453,1567,72
3231,8720,64454,11128,64454,1567,72
3231,8720,64455,11128,64455,1567,72
3231,8720,64456,11128,64456,1567,72
3231,8720,64457,11128,64457,1567,72
3231,8720,64458,11128,64458,1567,72
3231,8720,64459,11128,64459,1567,72
3231,8720,64460,11128,64460,1567,72
3231,8720,64461,11128,64461,1567,72
3231,8720,64462,11128,64462,1567,72
3231,8720,64463,11128,64463,1567,72
3231,8720,64464,11128,64464,1567,72
3231,8720,64465,11128,64465,1567,72
3231,8720,64466,11128,64466,1567,72
3231,8720,64467,11128,64467,1567,72
3231,8720,64468,11128,64468,1567,72
3231,8720,64469,11128,64469,1567,72
3231,8720,64470,11128,64470,1567,72
3231,8720,64471,11128,64471,1567,72
3231,8720,64472,11128,64472,1567,72
3231,8720,64473,11128,64473,1567,72
3231,8720,64474,11128,64474,1567,72
3231,8720,64475,11128,64475,1567,72
3231,8720,64476,11128,64476,1567,72
3231,8720,64477,11128,64477,1567,72
3231,8720,64478,11128,64478,1567,72
3231,8720,64479,11128,64479,1567,72
3231,8720,64480,11128,64480,1567,72
3231,8720,64481,11128,64481,1567,72
3231,8720,64482,11128,64482,1567,72
3231,8720,64483,11128,64483,1567,72
3231,8720,64484,11128,64484,1567,72
3231,8720,64485,11128,64485,1567,72
3231,8720,64486,11128,64486,1567,72
3231,8720,64487,11128,64487,1567,72
3231,8720,64488,11128,64488,1567,72
3231,8720,64489,11128,64489,1567,72
3231,8720,64490,11128,64490,1567,72
3231,8720,64491,11128,64491,1567,72
3231,8720,64492,11128,64492,1567,72
3231,8720,64493,11128,64493,1567,72
3231,8720,64494,11128,64494,1567,72
3231,8720,64495,11128,64495,1567,72
3231,8720,64496,11128,64496,1567,72
3231,8720,64497,11128,64497,1567,72
3231,8720,64498,11128,64498,1567,72
3231,8720,64499,11128,64499,1567,72
3231,8720,64500,11128,64500,1567,72
3231,8720,64501,11128,64501,1567,72
3231,8720,64502,11128,64502,1567,72
3231,8720,64503,11128,64503,1567,72
3231,8720,64504,11128,64504,1567,72
3231,8720,64505,11128,64505,1567,72
3231,8720,64506,11128,64506,1567,72
3231,8720,64507,11128,64507,1567,72
3231,8720,64508,11128,64508,1567,72
3231,8720,64509,11128,64509,1567,72
3231,8720,64510,11128,64510,1567,72
3231,8720,64511,11128,64511,1567,72
3231,8720,64512,11128,64512,1567,72
3231,8720,64513,11128,64513,1567,72
3231,8720,64514,11128,64514,1567,72
3231,8720,64515,11128,64515,1567,72
3231,8720,64516,11128,64516,1567,72
3231,8720,64517,11128,64517,1567,72
3231,8720,64518,11128,64518,1567,72
3231,8720,64519,11128,64519,1567,72
3231,8720,64520,11128,64520,1567,72
3231,8720,64521,11128,64521,1567,72
3231,8720,64522,11128,64522,1567,72
3231,8720,64523,11128,64523,1567,72
3231,8720,64524,11128,64524,1567,72
3231,8720,64525,11128,64525,1567,72
3231,8720,64526,11128,64526,1567,72
3231,8720,64527,11128,64527,1567,72
3231,8720,64528,11128,64528,1567,72
3231,8720,64529,11128,64529,1567,72
3231,8720,64530,11128,64530,1567,72
3231,8720,64531,11128,64531,1567,72
3231,8720,64532,11128,64532,1567,72
3231,8720,64533,11128,64533,1567,72
3231,8720,64534,11128,64534,1567,72
3231,8720,64535,11128,64535,1567,72
3231,8720,64536,11128,64536,1567,72
3231,8720,64537,11128,64537,1567,72
3231,8720,64538,11128,64538,1567,72
3231,8720,64539,11128,64539,1567,72
3231,8720,64540,11128,64540,1567,72
3231,8720,64541,11128,64541,1567,72
3231,8720,64542,11128,64542,1567,72
3231,8720,64543,11128,64543,1567,72
3231,8720,64544,11128,64544,1567,72
3231,8720,64545,11128,64545,1567,72
3231,8720,64546,11128,64546,1567,72
3231,8720,64547,11128,64547,1567,72
3231,8720,64548,11128,64548,1567,72
3231,8720,64549,11128,64549,1567,72
3231,8720,64550,11128,64550,1567,72
3231,8720,64551,11128,64551,1567,72
3231,8720,64552,11128,64552,1567,72
3231,8720,64553,11128,64553,1567,72
3231,8720,64554,11128,64554,1567,72
3231,8720,64555,11128,64555,1567,72
3231,8720,64556,11128,64556,1567,72
3231,8720,64557,11128,64557,1567,72
3231,8720,64558,11128,64558,1567,72
3231,8720,64559,11128,64559,1567,72
3231,8720,64560,11128,64560,1567,72
3231,8720,64561,11128,64561,1567,72
3231,8720,64562,11128,64562,1567,72
3231,8720,64563,11128,64563,1567,72
3231,8720,64564,11128,64564,1567,72
3231,8720,64565,11128,64565,1567,72
3231,8720,64566,11128,64566,1567,72
3231,8720,64567,11128,64567,1567,72
3231,8720,64568,11128,64568,1567,72
3231,8720,64569,11128,64569,1567,72
3231,8720,64570,11128,64570,1567,72
3231,8720,64571,11128,64571,1567,72
3231,8720,64572,11128,64572,1567,72
3231,8720,64573,11128,64573,1567,72
3231,8720,64574,11128,64574,1567,72
3231,8720,64575,11128,64575,1567,72
3231,8720,64576,11128,64576,1567,72
3231,8720,64577,11128,64577,1567,72
3231,8720,64578,11128,64578,1567,72
3231,8720,64579,11128,64579,1567,72
3231,8720,64580,11128,64580,1567,72
3231,8720,64581,11128,64581,1567,72
3231,8720,64582,11128,64582,1567,72
3231,8720,64583,11128,64583,1567,72
3231,8720,64584,11128,64584,1567,72
3231,8720,64585,11128,64585,1567,72
3231,8720,64586,11128,64586,1567,72
3231,8720,64587,11128,64587,1567,72
3231,8720,64588,11128,64588,1567,72
3231,8720,64589,11128,64589,1567,72
3231,8720,64590,11128,64590,1567,72
3231,8720,64591,11128,64591,1567,72
3231,8720,64592,11128,64592,1567,72
3231,8720,64593,11128,64593,1567,72
3231,8720,64594,11128,64594,1567,72
3231,8720,64595,11128,64595,1567,72
3231,8720,64596,11128,64596,1567,72
3231,8720,64597,11128,64597,1567,72
3231,8720,64598,11128,64598,1567,72
3231,8720,64599,11128,64599,1567,72
3231,8720,64600,11128,64600,1567,72
3231,8720,64601,11128,64601,1567,72
3231,8720,64602,11128,64602,1567,72
3230,8720,64603,11128,64603,1567,72
3230,8720,64604,11128,64604,1567,72
3230,8720,64605,11128,64605,1567,72
3230,8720,64606,11128,64606,1567,72
3230,8720,64607,11128,64607,1567,72
3230,8720,64608,11128,64608,1567,72
3230,8720,64609,11128,64609,1567,72
3230,8720,64610,11128,64610,1567,72
3230,8720,64611,11128,64611,1567,72
3230,8720,64612,11128,64612,1567,72
3230,8720,64613,11128,64613,1567,72
3230,8720,64614,11128,64614,1567,72
3230,8720,64615,11128,64615,1567,72
3230,8720,64616,11128,64616,1567,72
3230,8720,64617,11128,64617,1567,72
3230,8720,64618,11128,64618,1567,72
3230,8720,64619,11128,64619,1567,72
3230,8720,64620,11128,64620,1567,72
3230,8720,64621,11128,64621,1567,72
3230,8720,64622,11128,64622,1567,72
3230,8720,64623,11128,64623,1567,72
3230,8720,64624,11128,64624,1567,72
3230,8720,64625,11128,64625,1567,72
3230,8720,64626,11128,64626,1567,72
3230,8720,64627,11128,64627,1567,72
3230,8720,64628,11128,64628,1567,72
3230,8720,64629,11128,64629,1567,72
3230,8720,64630,11128,64630,1567,72
3230,8720,64631,11128,64631,1567,72
3231,8720,64632,11128,64632,1567,72
3231,8720,64633,11128,64633,1567,72
3231,8720,64634,11128,64634,1567,72
3231,8720,64635,11128,64635,1567,72
3231,8720,64636,11128,64636,1567,72
3231,8720,64637,11128,64637,1567,72
3231,8720,64638,11128,64638,1567,72
3231,8720,64639,11128,64639,1567,72
3231,8720,64640,11128,64640,1567,72
3231,8720,64641,11128,64641,1567,72
3231,8720,64642,11128,64642,1567,72
3231,8720,64643,11128,64643,1567,72
3231,8720,64644,11128,64644,1567,72
3231,8720,64645,11128,64645,1567,72
3231,8720,64646,11128,64646,1567,72
3231,8720,64647,11128,64647,1567,72
3231,8720,64648,11128,64648,1567,72
3231,8720,64649,11128,64649,1567,72
3231,8720,64650,11128,64650,1567,72
3231,8720,64651,11128,64651,1567,72
3231,8720,64652,11128,64652,1567,72
3231,8720,64653,11128,64653,1567,72
3231,8720,64654,11128,64654,1567,72
3231,8720,64655,11128,64655,1567,72
3231,8720,64656,11128,64656,1567,72
3231,8720,64657,11128,64657,1567,72
3231,8720,64658,11128,64658,1567,72
3231,8720,64659,11128,64659,1567,72
3231,8720,64660,11128,64660,1567,72
3231,8720,64661,11128,64661,1567,72
3231,8720,64662,11128,64662,1567,72
3231,8720,64663,11128,64663,1567,72
3231,8720,64664,11128,64664,1567,72
3231,8720,64665,11128,64665,1567,72
3230,8720,64666,11128,64666,1567,72
3230,8720,64667,11128,64667,1567,72
3230,8720,64668,11128,64668,1567,72
3230,8720,64669,11128,64669,1567,72
3230,8720,64670,11128,64670,1567,72
3230,8720,64671,11128,64671,1567,72
3230,8720,64672,11128,64672,1567,72
3230,8720,64673,11128,64673,1567,72
3230,8720,64674,11128,64674,1567,72
3230,8720,64675,11128,64675,1567,72
3230,8720,64676,11128,64676,1567,72
3230,8720,64677,11128,64677,1567,72
3230,8720,64678,11128,64678,1567,72
3230,8720,64679,11128,64679,1567,72
3230,8720,64680,11128,64680,1567,72
3230,8720,64681,11128,64681,1567,72
3230,8720,64682,11128,64682,1567,72
3230,8720,64683,11128,64683,1567,72
3230,8720,64684,11128,64684,1567,72
3230,8720,64685,11128,64685,1567,72
3230,8720,64686,11128,64686,1567,72
3230,8720,64687,11128,64687,1567,72
3230,8720,64688,11128,64688,1567,72
3230,8720,64689,11128,64689,1567,72
3230,8720,64690,11128,64690,1567,72
3230,8720,64691,11128,64691,1567,72
3230,8720,64692,11128,64692,1567,72
3230,8720,64693,11128,64693,1567,72
3230,8720,64694,11128,64694,1567,72
3230,8720,64695,11128,64695,1567,72
3230,8720,64696,11128,64696,1567,72
3230,8720,64697,11128,64697,1567,72
3230,8720,64698,11128,64698,1567,72
3230,8720,64699,11128,64699,1567,72
3230,8720,64700,11128,64700,1567,72
3230,8720,64701,11128,64701,1567,72
3230,8720,64702,11128,64702,1567,72
3230,8720,64703,11128,64703,1567,72
3230,8720,64704,11128,64704,1567,72
3230,8720,64705,11128,64705,1567,72
3230,8720,64706,11128,64706,1567,72
3230,8720,64707,11128,64707,1567,72
3230,8720,64708,11128,64708,1567,72
3230,8720,64709,11128,64709,1567,72
3230,8720,64710,11128,64710,1567,72
3230,8720,64711,11128,64711,1567,72
3229,8720,64712,11128,64712,1567,72
3229,8720,64713,11128,64713,1567,72
3228,8720,64714,11128,64714,1567,71
3228,8720,64715,11128,64715,1567,71
3228,8720,64716,11128,64716,1567,71
3228,8720,64717,11128,64717,1567,71
3228,8720,64718,11128,64718,1567,71
3228,8720,64719,11128,64719,1567,71
3228,8720,64720,11128,64720,1567,71
3228,8720,64721,11128,64721,1567,71
3228,8720,64722,11128,64722,1567,71
3228,8720,64723,11128,64723,1567,71
3228,8720,64724,11128,64724,1567,71
3228,8720,64725,11128,64725,1567,71
3228,8720,64726,11128,64726,1567,71
3228,8720,64727,11128,64727,1567,71
3228,8720,64728,11128,64728,1567,71
3228,8720,64729,11128,64729,1567,71
3228,8720,64730,11128,64730,1567,71
3228,8720,64731,11128,64731,1567,71
3228,8720,64732,11128,64732,1567,71
3229,8720,64733,11128,64733,1567,71
3229,8720,64734,11128,64734,1567,71
3229,8720,64735,11128,64735,1567,71
3229,8720,64736,11128,64736,1567,71
3229,8720,64737,11128,64737,1567,71
3229,8720,64738,11128,64738,1567,71
3229,8720,64739,11128,64739,1567,71
3229,8720,64740,11128,64740,1567,71
3229,8720,64741,11128,64741,1567,71
3229,8720,64742,11128,64742,1567,71
3229,8720,64743,11128,64743,1567,71
3229,8720,64744,11128,64744,1567,71
3229,8720,64745,11128,64745,1567,71
3229,8720,64746,11128,64746,1567,71
3229,8720,64747,11128,64747,1567,71
3229,8720,64748,11128,64748,1567,71
3229,8720,64749,11128,64749,1567,71
3229,8720,64750,11128,64750,1567,71
3229,8720,64751,11128,64751,1567,71
3229,8720,64752,11128,64752,1567,71
3229,8720,64753,11128,64753,1567,71
3229,8720,64754,11128,64754,1567,71
3229,8720,64755,11128,64755,1567,71
3229,8720,64756,11128,64756,1567,71
3229,8720,64757,11128,64757,1567,71
3229,8720,64758,11128,64758,1567,71
3229,8720,64759,11128,64759,1567,71
3229,8720,64760,11128,64760,1567,71
3229,8720,64761,11128,64761,1567,71
3229,8720,64762,11128,64762,1567,71
3229,8720,64763,11128,64763,1567,71
3229,8720,64764,11128,64764,1567,71
3229,8720,64765,11128,64765,1567,71
3229,8720,64766,11128,64766,1567,71
3229,8720,64767,11128,64767,1567,71
3229,8720,64768,11128,64768,1567,71
3229,8720,64769,11128,64769,1567,71
3229,8720,64770,11128,64770,1567,71
3229,8720,64771,11128,64771,1567,71
3229,8720,64772,11128,64772,1567,71
3229,8720,64773,11128,64773,1567,71
3229,8720,64774,11128,64774,1567,71
3229,8720,64775,11128,64775,1567,71
3229,8720,64776,11128,64776,1567,71
3229,8720,64777,11128,64777,1567,71
3229,8720,64778,11128,64778,1567,71
3229,8720,64779,11128,64779,1567,71
3229,8720,64780,11128,64780,1567,71
3229,8720,64781,11128,64781,1567,71
3229,8720,64782,11128,64782,1567,71
3229,8720,64783,11128,64783,1567,71
3229,8720,64784,11128,64784,1567,71
3229,8720,64785,11128,64785,1567,71
3229,8720,64786,11128,64786,1567,71
3229,8720,64787,11128,64787,1567,71
3229,8720,64788,11128,64788,1567,71
3229,8720,64789,11128,64789,1567,71
3229,8720,64790,11128,64790,1567,71
3229,8720,64791,11128,64791,1567,71
3229,8720,64792,11128,64792,1567,71
3229,8720,64793,11128,64793,1567,71
3229,8720,64794,11128,64794,1567,71
3229,8720,64795,11128,64795,1567,71
3229,8720,64796,11128,64796,1567,71
3229,8720,64797,11128,64797,1567,71
3229,8720,64798,11128,64798,1567,71
3229,8720,64799,11128,64799,1567,71
3229,8720,64800,11128,64800,1567,71
3229,8720,64801,11128,64801,1567,71
3229,8720,64802,11128,64802,1567,71
3229,8720,64803,11128,64803,1567,71
3229,8720,64804,11128,64804,1567,71
3229,8720,64805,11128,64805,1567,71
3229,8720,64806,11128,64806,1567,71
3229,8720,64807,11128,64807,1567,71
3229,8720,64808,11128,64808,1567,71
3229,8720,64809,11128,64809,1567,71
3229,8720,64810,11128,64810,1567,71
3229,8720,64811,11128,64811,1567,71
3229,8720,64812,11128,64812,1567,71
3229,8720,64813,11128,64813,1567,71
3229,8720,64814,11128,64814,1567,71
3229,8720,64815,11128,64815,1567,71
3229,8720,64816,11128,64816,1567,71
3229,8720,64817,11128,64817,1567,71
3229,8720,64818,11128,64818,1567,71
3229,8720,64819,11128,64819,1567,71
3229,8720,64820,11128,64820,1567,71
3229,8720,64821,11128,64821,1567,71
3229,8720,64822,11128,64822,1567,71
3229,8720,64823,11128,64823,1567,71
3229,8720,64824,11128,64824,1567,71
3229,8720,64825,11128,64825,1567,71
3229,8720,64826,11128,64826,1567,71
3229,8720,64827,11128,64827,1567,71
3229,8720,64828,11128,64828,1567,71
3229,8720,64829,11128,64829,1567,71
3229,8720,64830,11128,64830,1567,71
3229,8720,64831,11128,64831,1567,71
3229,8720,64832,11128,64832,1567,71
3229,8720,64833,11128,64833,1567,71
3229,8720,64834,11128,64834,1567,71
3229,8720,64835,11128,64835,1567,71
3229,8720,64836,11128,64836,1567,71
3229,8720,64837,11128,64837,1567,71
3229,8720,64838,11128,64838,1567,71
3229,8720,64839,11128,64839,1567,71
3229,8720,64840,11128,64840,1567,71
3229,8720,64841,11128,64841,1567,71
3229,8720,64842,11128,64842,1567,71
3229,8720,64843,11128,64843,1567,71
3229,8720,64844,11128,64844,1567,71
3229,8720,64845,11128,64845,1567,71
3229,8720,64846,11128,64846,1567,71
3229,8720,64847,11128,64847,1567,71
3229,8720,64848,11128,64848,1567,71
3229,8720,64849,11128,64849,1567,71
3229,8720,64850,11128,64850,1567,71
3229,8720,64851,11128,64851,1567,71
3229,8720,64852,11128,64852,1567,71
3229,8720,64853,11128,64853,1567,71
3229,8720,64854,11128,64854,1567,71
3229,8720,64855,11128,64855,1567,71
3229,8720,64856,11128,64856,1567,71
3229,8720,64857,11128,64857,1567,71
3229,8720,64858,11128,64858,1567,71
3229,8720,64859,11128,64859,1567,71
3229,8720,64860,11128,64860,1567,71
3229,8720,64861,11128,64861,1567,71
3229,8720,64862,11128,64862,1567,71
3229,8720,64863,11128,64863,1567,71
3229,8720,64864,11128,64864,1567,71
3229,8720,64865,11128,64865,1567,71
3229,8720,64866,11128,64866,1567,71
3229,8720,64867,11128,64867,1567,71
3229,8720,64868,11128,64868,1567,71
3229,8720,64869,11128,64869,1567,71
3229,8720,64870,11128,64870,1567,71
3229,8720,64871,11128,64871,1567,71
3229,8720,64872,11128,64872,1567,71
3229,8720,64873,11128,64873,1567,71
3229,8720,64874,11128,64874,1567,71
3229,8720,64875,11128,64875,1567,71
3229,8720,64876,11128,64876,1567,71
3229,8720,64877,11128,64877,1567,71
3229,8720,64878,11128,64878,1567,71
3229,8720,64879,11128,64879,1567,71
3229,8720,64880,11128,64880,1567,71
3229,8720,64881,11128,64881,1567,71
3229,8720,64882,11128,64882,1567,71
3229,8720,64883,11128,64883,1567,71
3229,8720,64884,11128,64884,1567,71
3229,8720,64885,11128,64885,1567,71
3229,8720,64886,11128,64886,1567,71
3229,8720,64887,11128,64887,1567,71
3229,8720,64888,11128,64888,1567,71
3229,8720,64889,11128,64889,1567,71
3229,8720,64890,11128,64890,1567,71
3229,8720,64891,11128,64891,1567,71
3229,8720,64892,11128,64892,1567,71
3229,8720,64893,11128,64893,1567,71
3229,8720,64894,11128,64894,1567,71
3229,8720,64895,11128,64895,1567,71
3229,8720,64896,11128,64896,1567,71
3229,8720,64897,11128,64897,1567,71
3229,8720,64898,11128,64898,1567,71
3229,8720,64899,11128,64899,1567,71
3229,8720,64900,11128,64900,1567,71
3229,8720,64901,11128,64901,1567,71
3229,8720,64902,11128,64902,1567,71
3229,8720,64903,11128,64903,1567,71
3229,8720,64904,11128,64904,1567,71
3229,8720,64905,11128,64905,1567,71
3229,8720,64906,11128,64906,1567,71
3229,8720,64907,11128,64907,1567,71
3229,8720,64908,11128,64908,1567,71
3229,8720,64909,11128,64909,1567,71
3229,8720,64910,11128,64910,1567,71
3229,8720,64911,11128,64911,1567,71
3229,8720,64912,11128,64912,1567,71
3229,8720,64913,11128,64913,1567,71
3229,8720,64914,11128,64914,1567,71
3229,8720,64915,11128,64915,1567,71
3229,8720,64916,11128,64916,1567,71
3229,8720,64917,11128,64917,1567,71
3229,8720,64918,11128,64918,1567,71
3229,8720,64919,11128,64919,1567,71
3229,8720,64920,11128,64920,1567,71
3229,8720,64921,11128,64921,1567,71
3229,8720,64922,11128,64922,1567,71
3229,8720,64923,11128,64923,1567,71
3229,8720,64924,11128,64924,1567,71
3229,8720,64925,11128,64925,1567,71
3229,8720,64926,11128,64926,1567,71
3229,8720,64927,11128,64927,1567,71
3229,8720,64928,11128,64928,1567,71
3229,8720,64929,11128,64929,1567,71
3229,8720,64930,11128,64930,1567,71
3229,8720,64931,11128,64931,1567,71
3229,8720,64932,11128,64932,1567,71
3229,8720,64933,11128,64933,1567,71
3229,8720,64934,11128,64934,1567,71
3229,8720,64935,11128,64935,1567,71
3229,8720,64936,11128,64936,1567,71
3229,8720,64937,11128,64937,1567,71
3229,8720,64938,11128,64938,1567,71
3229,8720,64939,11128,64939,1567,71
3229,8720,64940,11128,64940,1567,71
3229,8720,64941,11128,64941,1567,71
3229,8720,64942,11128,64942,1567,71
3229,8720,64943,11128,64943,1567,71
3229,8720,64944,11128,64944,1567,71
3229,8720,64945,11128,64945,1567,71
3229,8720,64946,11128,64946,1567,71
3229,8720,64947,11128,64947,1567,71
3229,8720,64948,11128,64948,1567,71
3229,8720,64949,11128,64949,1567,71
3229,8720,64950,11128,64950,1567,71
3229,8720,64951,11128,64951,1567,71
3229,8720,64952,11128,64952,1567,71
3229,8720,64953,11128,64953,1567,71
3229,8720,64954,11128,64954,1567,71
3229,8720,64955,11128,64955,1567,71
3229,8720,64956,11128,64956,1567,71
3229,8720,64957,11128,64957,1567,71
3229,8720,64958,11128,64958,1567,71
3229,8720,64959,11128,64959,1567,71
3229,8720,64960,11128,64960,1567,71
3229,8720,64961,11128,64961,1567,71
3229,8720,64962,11128,64962,1567,71
3229,8720,64963,11128,64963,1567,71
3229,8720,64964,11128,64964,1567,71
3229,8720,64965,11128,64965,1567,71
3229,8720,64966,11128,64966,1567,71
3229,8720,64967,11128,64967,1567,71
3229,8720,64968,11128,64968,1567,71
3229,8720,64969,11128,64969,1567,71
3229,8720,64970,11128,64970,1567,71
3229,8720,64971,11128,64971,1567,71
3229,8720,64972,11128,64972,1567,71
3229,8720,64973,11128,64973,1567,71
3229,8720,64974,11128,64974,1567,71
3229,8720,64975,11128,64975,1567,71
3229,8720,64976,11128,64976,1567,71
3229,8720,64977,11128,64977,1567,71
3229,8720,64978,11128,64978,1567,71
3229,8720,64979,11128,64979,1567,71
3229,8720,64980,11128,64980,1567,71
3229,8720,64981,11128,64981,1567,71
3229,8720,64982,11128,64982,1567,71
3229,8720,64983,11128,64983,1567,71
3229,8720,64984,11128,64984,1567,71
3229,8720,64985,11128,64985,1567,71
3229,8720,64986,11128,64986,1567,71
3229,8720,64987,11128,64987,1567,71
3229,8720,64988,11128,64988,1567,71
3229,8720,64989,11128,64989,1567,71
3229,8720,64990,11128,64990,1567,71
3229,8720,64991,11128,64991,1567,71
3229,8720,64992,11128,64992,1567,71
3229,8720,64993,11128,64993,1567,71
3229,8720,64994,11128,64994,1567,71
3229,8720,64995,11128,64995,1567,71
3229,8720,64996,11128,64996,1567,71
3229,8720,64997,11128,64997,1567,71
3229,8720,64998,11128,64998,1567,71
3229,8720,64999,11128,64999,1567,71
3229,8720,65000,11128,65000,1567,71
3229,8720,65001,11128,65001,1567,71
3229,8720,65002,11128,65002,1567,71
3229,8720,65003,11128,65003,1567,71
3229,8720,65004,11128,65004,1567,71
3229,8720,65005,11128,65005,1567,71
3229,8720,65006,11128,65006,1567,71
3229,8720,65007,11128,65007,1567,71
3229,8720,65008,11128,65008,1567,71
3229,8720,65009,11128,65009,1567,71
3229,8720,65010,11128,65010,1567,71
3229,8720,65011,11128,65011,1567,71
3229,8720,65012,11128,65012,1567,71
3229,8720,65013,11128,65013,1567,71
3229,8720,65014,11128,65014,1567,71
3229,8720,65015,11128,65015,1567,71
3229,8720,65016,11128,65016,1567,71
3229,8720,65017,11128,65017,1567,71
3229,8720,65018,11128,65018,1567,71
3229,8720,65019,11128,65019,1567,71
3229,8720,65020,11128,65020,1567,71
3229,8720,65021,11128,65021,1567,71
3229,8720,65022,11128,65022,1567,71
3229,8720,65023,11128,65023,1567,71
3229,8720,65024,11128,65024,1567,71
3229,8720,65025,11128,65025,1567,71
3229,8720,65026,11128,65026,1567,71
3229,8720,65027,11128,65027,1567,71
3229,8720,65028,11128,65028,1567,71
3229,8720,65029,11128,65029,1567,71
3229,8720,65030,11128,65030,1567,71
3229,8720,65031,11128,65031,1567,71
3229,8720,65032,11128,65032,1567,71
3229,8720,65033,11128,65033,1567,71
3228,8720,65034,11128,65034,1567,71
3228,8720,65035,11128,65035,1567,71
3228,8720,65036,11128,65036,1567,71
3228,8720,65037,11128,65037,1567,71
3228,8720,65038,11128,65038,1567,71
3228,8720,65039,11128,65039,1567,71
3228,8720,65040,11128,65040,1567,71
3228,8720,65041,11128,65041,1567,71
3228,8720,65042,11128,65042,1567,71
3228,8720,65043,11128,65043,1567,71
3228,8720,65044,11128,65044,1567,71
3228,8720,65045,11128,65045,1567,71
3228,8720,65046,11128,65046,1567,71
3228,8720,65047,11128,65047,1567,71
3228,8720,65048,11128,65048,1567,71
3228,8720,65049,11128,65049,1567,71
3228,8720,65050,11128,65050,1567,71
3228,8720,65051,11128,65051,1567,71
3228,8720,65052,11128,65052,1567,71
3228,8720,65053,11128,65053,1567,71
3228,8720,65054,11128,65054,1567,71
3228,8720,65055,11128,65055,1567,71
3228,8720,65056,11128,65056,1567,71
3228,8720,65057,11128,65057,1567,71
3228,8720,65058,11128,65058,1567,71
3228,8720,65059,11128,65059,1567,71
3228,8720,65060,11128,65060,1567,71
3228,8720,65061,11128,65061,1567,71
3228,8720,65062,11128,65062,1567,71
3228,8720,65063,11128,65063,1567,71
3228,8720,65064,11128,65064,1567,71
3228,8720,65065,11128,65065,1567,71
3228,8720,65066,11128,65066,1567,71
3228,8720,65067,11128,65067,1567,71
3228,8720,65068,11128,65068,1567,71
3228,8720,65069,11128,65069,1567,71
3228,8720,65070,11128,65070,1567,71
3228,8720,65071,11128,65071,1567,71
3228,8720,65072,11128,65072,1567,71
3228,8720,65073,11128,65073,1567,71
3228,8720,65074,11128,65074,1567,71
3228,8720,65075,11128,65075,1567,71
3228,8720,65076,11128,65076,1567,71
3228,8720,65077,11128,65077,1567,71
3228,8720,65078,11128,65078,1567,71
3228,8720,65079,11128,65079,1567,71
3228,8720,65080,11128,65080,1567,71
3228,8720,65081,11128,65081,1567,71
3228,8720,65082,11128,65082,1567,71
3228,8720,65083,11128,65083,1567,71
3228,8720,65084,11128,65084,1567,71
3228,8720,65085,11128,65085,1567,71
3228,8720,65086,11128,65086,1567,71
3228,8720,65087,11128,65087,1567,71
3228,8720,65088,11128,65088,1567,71
3228,8720,65089,11128,65089,1567,71
3228,8720,65090,11128,65090,1567,71
3228,8720,65091,11128,65091,1567,71
3228,8720,65092,11128,65092,1567,71
3228,8720,65093,11128,65093,1567,71
3228,8720,65094,11128,65094,1567,71
3228,8720,65095,11128,65095,1567,71
3228,8720,65096,11128,65096,1567,71
3228,8720,65097,11128,65097,1567,71
3228,8720,65098,11128,65098,1567,71
3228,8720,65099,11128,65099,1567,71
3228,8720,65100,11128,65100,1567,71
3228,8720,65101,11128,65101,1567,71
3228,8720,65102,11128,65102,1567,71
3228,8720,65103,11128,65103,1567,71
3228,8720,65104,11128,65104,1567,71
3228,8720,65105,11128,65105,1567,71
3228,8720,65106,11128,65106,1567,71
3228,8720,65107,11128,65107,1567,71
3228,8720,65108,11128,65108,1567,71
3228,8720,65109,11128,65109,1567,71
3228,8720,65110,11128,65110,1567,71
3228,8720,65111,11128,65111,1567,71
3228,8720,65112,11128,65112,1567,71
3228,8720,65113,11128,65113,1567,71
3228,8720,65114,11128,65114,1567,71
3228,8720,65115,11128,65115,1567,71
3228,8720,65116,11128,65116,1567,71
3228,8720,65117,11128,65117,1567,71
3228,8720,65118,11128,65118,1567,71
3228,8720,65119,11128,65119,1567,71
3228,8720,65120,11128,65120,1567,71
3228,8720,65121,11128,65121,1567,71
3228,8720,65122,11128,65122,1567,71
3228,8720,65123,11128,65123,1567,71
3228,8720,65124,11128,65124,1567,71
3228,8720,65125,11128,65125,1567,71
3228,8720,65126,11128,65126,1567,71
3228,8720,65127,11128,65127,1567,71
3228,8720,65128,11128,65128,1567,71
3228,8720,65129,11128,65129,1567,71
3228,8720,65130,11128,65130,1567,71
3228,8720,65131,11128,65131,1567,71
3228,8720,65132,11128,65132,1567,71
3228,8720,65133,11128,65133,1567,71
3228,8720,65134,11128,65134,1567,71
3228,8720,65135,11128,65135,1567,71
3228,8720,65136,11128,65136,1567,71
3228,8720,65137,11128,65137,1567,71
3228,8720,65138,11128,65138,1567,71
3228,8720,65139,11128,65139,1567,71
3228,8720,65140,11128,65140,1567,71
3228,8720,65141,11128,65141,1567,71
3228,8720,65142,11128,65142,1567,71
3228,8720,65143,11128,65143,1567,71
3228,8720,65144,11128,65144,1567,71
3228,8720,65145,11128,65145,1567,71
3228,8720,65146,11128,65146,1567,71
3228,8720,65147,11128,65147,1567,71
3228,8720,65148,11128,65148,1567,71
3228,8720,65149,11128,65149,1567,71
3228,8720,65150,11128,65150,1567,71
3228,8720,65151,11128,65151,1567,71
3228,8720,65152,11128,65152,1567,71
3228,8720,65153,11128,65153,1567,71
3228,8720,65154,11128,65154,1567,71
3228,8720,65155,11128,65155,1567,71
3228,8720,65156,11128,65156,1567,71
3228,8720,65157,11128,65157,1567,71
3228,8720,65158,11128,65158,1567,71
3228,8720,65159,11128,65159,1567,71
3228,8720,65160,11128,65160,1567,71
3228,8720,65161,11128,65161,1567,71
3228,8720,65162,11128,65162,1567,71
3228,8720,65163,11128,65163,1567,71
3228,8720,65164,11128,65164,1567,71
3228,8720,65165,11128,65165,1567,71
3228,8720,65166,11128,65166,1567,71
3228,8720,65167,11128,65167,1567,71
3229,8720,65168,11128,65168,1567,71
3229,8720,65169,11128,65169,1567,71
3229,8720,65170,11128,65170,1567,71
3229,8720,65171,11128,65171,1567,71
3229,8720,65172,11128,65172,1567,71
3229,8720,65173,11128,65173,1567,71
3229,8720,65174,11128,65174,1567,71
3229,8720,65175,11128,65175,1567,71
3229,8720,65176,11128,65176,1567,71
3229,8720,65177,11128,65177,1567,71
3229,8720,65178,11128,65178,1567,71
3229,8720,65179,11128,65179,1567,71
3229,8720,65180,11128,65180,1567,71
3229,8720,65181,11128,65181,1567,71
3229,8720,65182,11128,65182,1567,71
3229,8720,65183,11128,65183,1567,71
3229,8720,65184,11128,65184,1567,71
3229,8720,65185,11128,65185,1567,71
3229,8720,65186,11128,65186,1567,71
3229,8720,65187,11128,65187,1567,71
3229,8720,65188,11128,65188,1567,71
3229,8720,65189,11128,65189,1567,71
3229,8720,65190,11128,65190,1567,71
3229,8720,65191,11128,65191,1567,71
3229,8720,65192,11128,65192,1567,71
3229,8720,65193,11128,65193,1567,71
3229,8720,65194,11128,65194,1567,71
3229,8720,65195,11128,65195,1567,71
3229,8720,65196,11128,65196,1567,71
3229,8720,65197,11128,65197,1567,71
3229,8720,65198,11128,65198,1567,71
3229,8720,65199,11128,65199,1567,71
3229,8720,65200,11128,65200,1567,71
3229,8720,65201,11128,65201,1567,71
3229,8720,65202,11128,65202,1567,71
3229,8720,65203,11128,65203,1567,71
3229,8720,65204,11128,65204,1567,71
3229,8720,65205,11128,65205,1567,71
3229,8720,65206,11128,65206,1567,71
3229,8720,65207,11128,65207,1567,71
3229,8720,65208,11128,65208,1567,71
3229,8720,65209,11128,65209,1567,71
3229,8720,65210,11128,65210,1567,71
3229,8720,65211,11128,65211,1567,71
3229,8720,65212,11128,65212,1567,71
3229,8720,65213,11128,65213,1567,71
3229,8720,65214,11128,65214,1567,71
3229,8720,65215,11128,65215,1567,71
3229,8720,65216,11128,65216,1567,71
3229,8720,65217,11128,65217,1567,71
3229,8720,65218,11128,65218,1567,71
3229,8720,65219,11128,65219,1567,71
3229,8720,65220,11128,65220,1567,71
3229,8720,65221,11128,65221,1567,71
3229,8720,65222,11128,65222,1567,71
3229,8720,65223,11128,65223,1567,71
3229,8720,65224,11128,65224,1567,71
3229,8720,65225,11128,65225,1567,71
3229,8720,65226,11128,65226,1567,71
3229,8720,65227,11128,65227,1567,71
3229,8720,65228,11128,65228,1567,71
3229,8720,65229,11128,65229,1567,71
3229,8720,65230,11128,65230,1567,71
3229,8720,65231,11128,65231,1567,71
3229,8720,65232,11128,65232,1567,71
3229,8720,65233,11128,65233,1567,71
3229,8720,65234,11128,65234,1567,71
3229,8720,65235,11128,65235,1567,71
3229,8720,65236,11128,65236,1567,71
3229,8720,65237,11128,65237,1567,71
3229,8720,65238,11128,65238,1567,71
3229,8720,65239,11128,65239,1567,71
3229,8720,65240,11128,65240,1567,71
3229,8720,65241,11128,65241,1567,71
3229,8720,65242,11128,65242,1567,71
3229,8720,65243,11128,65243,1567,71
3229,8720,65244,11128,65244,1567,71
3229,8720,65245,11128,65245,1567,71
3229,8720,65246,11128,65246,1567,71
3229,8720,65247,11128,65247,1567,71
3229,8720,65248,11128,65248,1567,71
3229,8720,65249,11128,65249,1567,71
3229,8720,65250,11128,65250,1567,71
3229,8720,65251,11128,65251,1567,71
3229,8720,65252,11128,65252,1567,71
3229,8720,65253,11128,65253,1567,71
3229,8720,65254,11128,65254,1567,71
3229,8720,65255,11128,65255,1567,71
3229,8720,65256,11128,65256,1567,71
3229,8720,65257,11128,65257,1567,71
3229,8720,65258,11128,65258,1567,71
3229,8720,65259,11128,65259,1567,71
3229,8720,65260,11128,65260,1567,71
3229,8720,65261,11128,65261,1567,71
3229,8720,65262,11128,65262,1567,71
3229,8720,65263,11128,65263,1567,71
3229,8720,65264,11128,65264,1567,71
3229,8720,65265,11128,65265,1567,71
3229,8720,65266,11128,65266,1567,71
3229,8720,65267,11128,65267,1567,71
3229,8720,65268,11128,65268,1567,71
3229,8720,65269,11128,65269,1567,71
3229,8720,65270,11128,65270,1567,71
3229,8720,65271,11128,65271,1567,71
3229,8720,65272,11128,65272,1567,71
3229,8720,65273,11128,65273,1567,71
3229,8720,65274,11128,65274,1567,71
3229,8720,65275,11128,65275,1567,71
3229,8720,65276,11128,65276,1567,71
3229,8720,65277,11128,65277,1567,71
3229,8720,65278,11128,65278,1567,71
3229,8720,65279,11128,65279,1567,71
3229,8720,65280,11128,65280,1567,71
3229,8720,65281,11128,65281,1567,71
3229,8720,65282,11128,65282,1567,71
3229,8720,65283,11128,65283,1567,71
3229,8720,65284,11128,65284,1567,71
3229,8720,65285,11128,65285,1567,71
3229,8720,65286,11128,65286,1567,71
3229,8720,65287,11128,65287,1567,71
3229,8720,65288,11128,65288,1567,71
3229,8720,65289,11128,65289,1567,71
3229,8720,65290,11128,65290,1567,71
3229,8720,65291,11128,65291,1567,71
3229,8720,65292,11128,65292,1567,71
3229,8720,65293,11128,65293,1567,71
3229,8720,65294,11128,65294,1567,71
3229,8720,65295,11128,65295,1567,71
3229,8720,65296,11128,65296,1567,71
3229,8720,65297,11128,65297,1567,71
3229,8720,65298,11128,65298,1567,71
3229,8720,65299,11128,65299,1567,71
3229,8720,65300,11128,65300,1567,71
3229,8720,65301,11128,65301,1567,71
3229,8720,65302,11128,65302,1567,71
3229,8720,65303,11128,65303,1567,71
3229,8720,65304,11128,65304,1567,71
3229,8720,65305,11128,65305,1567,71
3229,8720,65306,11128,65306,1567,71
3229,8720,65307,11128,65307,1567,71
3229,8720,65308,11128,65308,1567,71
3229,8720,65309,11128,65309,1567,71
3229,8720,65310,11128,65310,1567,71
3229,8720,65311,11128,65311,1567,71
3229,8720,65312,11128,65312,1567,71
3229,8720,65313,11128,65313,1567,71
3229,8720,65314,11128,65314,1567,71
3229,8720,65315,11128,65315,1567,71
3229,8720,65316,11128,65316,1567,71
3229,8720,65317,11128,65317,1567,71
3229,8720,65318,11128,65318,1567,71
3229,8720,65319,11128,65319,1567,71
3229,8720,65320,11128,65320,1567,71
3229,8720,65321,11128,65321,1567,71
3229,8720,65322,11128,65322,1567,71
3229,8720,65323,11128,65323,1567,71
3229,8720,65324,11128,65324,1567,71
3229,8720,65325,11128,65325,1567,71
3229,8720,65326,11128,65326,1567,71
3229,8720,65327,11128,65327,1567,71
3229,8720,65328,11128,65328,1567,71
3229,8720,65329,11128,65329,1567,71
3229,8720,65330,11128,65330,1567,71
3229,8720,65331,11128,65331,1567,71
3229,8720,65332,11128,65332,1567,71
3229,8720,65333,11128,65333,1567,71
3229,8720,65334,11128,65334,1567,71
3229,8720,65335,11128,65335,1567,71
3229,8720,65336,11128,65336,1567,71
3229,8720,65337,11128,65337,1567,71
3229,8720,65338,11128,65338,1567,71
3229,8720,65339,11128,65339,1567,71
3229,8720,65340,11128,65340,1567,71
3229,8720,65341,11128,65341,1567,71
3229,8720,65342,11128,65342,1567,71
3229,8720,65343,11128,65343,1567,71
3229,8720,65344,11128,65344,1567,71
3229,8720,65345,11128,65345,1567,71
3229,8720,65346,11128,65346,1567,71
3229,8720,65347,11128,65347,1567,71
3229,8720,65348,11128,65348,1567,71
3229,8720,65349,11128,65349,1567,71
3229,8720,65350,11128,65350,1567,71
3229,8720,65351,11128,65351,1567,71
3229,8720,65352,11128,65352,1567,71
3229,8720,65353,11128,65353,1567,71
3229,8720,65354,11128,65354,1567,71
3229,8720,65355,11128,65355,1567,71
3229,8720,65356,11128,65356,1567,71
3229,8720,65357,11128,65357,1567,71
3229,8720,65358,11128,65358,1567,71
3229,8720,65359,11128,65359,1567,71
3229,8720,65360,11128,65360,1567,71
3229,8720,65361,11128,65361,1567,71
3229,8720,65362,11128,65362,1567,71
3229,8720,65363,11128,65363,1567,71
3229,8720,65364,11128,65364,1567,71
3229,8720,65365,11128,65365,1567,71
3229,8720,65366,11128,65366,1567,71
3229,8720,65367,11128,65367,1567,71
3229,8720,65368,11128,65368,1567,71
3229,8720,65369,11128,65369,1567,71
3229,8720,65370,11128,65370,1567,71
3229,8720,65371,11128,65371,1567,71
3229,8720,65372,11128,65372,1567,71
3229,8720,65373,11128,65373,1567,71
3229,8720,65374,11128,65374,1567,71
3229,8720,65375,11128,65375,1567,71
3229,8720,65376,11128,65376,1567,71
3229,8720,65377,11128,65377,1567,71
3229,8720,65378,11128,65378,1567,71
3229,8720,65379,11128,65379,1567,71
3229,8720,65380,11128,65380,1567,71
3229,8720,65381,11128,65381,1567,71
3229,8720,65382,11128,65382,1567,71
3229,8720,65383,11128,65383,1567,71
3229,8720,65384,11128,65384,1567,71
3229,8720,65385,11128,65385,1567,71
3229,8720,65386,11128,65386,1567,71
3229,8720,65387,11128,65387,1567,71
3229,8720,65388,11128,65388,1567,71
3229,8720,65389,11128,65389,1567,71
3229,8720,65390,11128,65390,1567,71
3229,8720,65391,11128,65391,1567,71
3229,8720,65392,11128,65392,1567,71
3229,8720,65393,11128,65393,1567,71
3229,8720,65394,11128,65394,1567,71
3229,8720,65395,11128,65395,1567,71
3229,8720,65396,11128,65396,1567,71
3229,8720,65397,11128,65397,1567,71
3228,8720,65398,11128,65398,1567,71
3228,8720,65399,11128,65399,1567,71
3228,8720,65400,11128,65400,1567,71
3228,8720,65401,11128,65401,1567,71
3227,8720,65402,11128,65402,1567,71
3227,8720,65403,11128,65403,1567,71
3227,8720,65404,11128,65404,1567,71
3227,8720,65405,11128,65405,1567,71
3227,8720,65406,11128,65406,1567,71
3227,8720,65407,11128,65407,1567,71
3227,8720,65408,11128,65408,1567,71
3227,8720,65409,11128,65409,1567,71
3227,8720,65410,11128,65410,1567,71
3227,8720,65411,11128,65411,1567,71
3227,8720,65412,11128,65412,1567,71
3227,8720,65413,11128,65413,1567,71
3227,8720,65414,11128,65414,1567,71
3227,8720,65415,11128,65415,1567,71
3227,8720,65416,11128,65416,1567,71
3227,8720,65417,11128,65417,1567,71
3227,8720,65418,11128,65418,1567,71
3227,8720,65419,11128,65419,1567,71
3227,8720,65420,11128,65420,1567,71
3227,8720,65421,11128,65421,1567,71
3227,8720,65422,11128,65422,1567,71
3227,8720,65423,11128,65423,1567,71
3227,8720,65424,11128,65424,1567,71
3227,8720,65425,11128,65425,1567,71
3227,8720,65426,11128,65426,1567,71
3227,8720,65427,11128,65427,1567,71
3227,8720,65428,11128,65428,1567,71
3227,8720,65429,11128,65429,1567,71
3227,8720,65430,11128,65430,1567,71
3227,8720,65431,11128,65431,1567,71
3227,8720,65432,11128,65432,1567,71
3227,8720,65433,11128,65433,1567,71
3227,8720,65434,11128,65434,1567,71
3227,8720,65435,11128,65435,1567,71
3227,8720,65436,11128,65436,1567,71
3227,8720,65437,11128,65437,1567,71
3228,8720,65438,11128,65438,1567,71
3228,8720,65439,11128,65439,1567,71
3228,8720,65440,11128,65440,1567,71
3228,8720,65441,11128,65441,1567,71
3228,8720,65442,11128,65442,1567,71
3228,8720,65443,11128,65443,1567,71
3228,8720,65444,11128,65444,1567,71
3228,8720,65445,11128,65445,1567,71
3228,8720,65446,11128,65446,1567,71
3228,8720,65447,11128,65447,1567,71
3228,8720,65448,11128,65448,1567,71
3228,8720,65449,11128,65449,1567,71
3228,8720,65450,11128,65450,1567,71
3228,8720,65451,11128,65451,1567,71
3228,8720,65452,11128,65452,1567,71
3228,8720,65453,11128,65453,1567,71
3228,8720,65454,11128,65454,1567,71
3228,8720,65455,11128,65455,1567,71
3228,8720,65456,11128,65456,1567,71
3228,8720,65457,11128,65457,1567,71
3228,8720,65458,11128,65458,1567,71
3228,8720,65459,11128,65459,1567,71
3228,8720,65460,11128,65460,1567,71
3228,8720,65461,11128,65461,1567,71
3228,8720,65462,11128,65462,1567,71
3228,8720,65463,11128,65463,1567,71
3227,8720,65464,11128,65464,1567,71
3227,8720,65465,11128,65465,1567,71
3227,8720,65466,11128,65466,1567,71
3227,8720,65467,11128,65467,1567,71
3227,8720,65468,11128,65468,1567,71
3227,8720,65469,11128,65469,1567,71
3227,8720,65470,11128,65470,1567,71
3227,8720,65471,11128,65471,1567,71
3227,8720,65472,11128,65472,1567,71
3227,8720,65473,11128,65473,1567,71
3227,8720,65474,11128,65474,1567,71
3227,8720,65475,11128,65475,1567,71
3227,8720,65476,11128,65476,1567,71
3227,8720,65477,11128,65477,1567,71
3227,8720,65478,11128,65478,1567,71
3227,8720,65479,11128,65479,1567,71
3227,8720,65480,11128,65480,1567,71
3227,8720,65481,11128,65481,1567,71
3227,8720,65482,11128,65482,1567,71
3227,8720,65483,11128,65483,1567,71
3227,8720,65484,11128,65484,1567,71
3227,8720,65485,11128,65485,1567,71
3227,8720,65486,11128,65486,1567,71
3227,8720,65487,11128,65487,1567,71
3227,8720,65488,11128,65488,1567,71
3227,8720,65489,11128,65489,1567,71
3227,8720,65490,11128,65490,1567,71
3227,8720,65491,11128,65491,1567,71
3227,8720,65492,11128,65492,1567,71
3227,8720,65493,11128,65493,1567,71
3227,8720,65494,11128,65494,1567,71
3227,8720,65495,11128,65495,1567,71
3227,8720,65496,11128,65496,1567,71
3227,8720,65497,11128,65497,1567,71
3227,8720,65498,11128,65498,1567,71
3227,8720,65499,11128,65499,1567,71
3228,8720,65500,11128,65500,1567,71
3228,8720,65501,11128,65501,1567,71
3228,8720,65502,11128,65502,1567,71
3228,8720,65503,11128,65503,1567,71
3228,8720,65504,11128,65504,1567,71
3228,8720,65505,11128,65505,1567,71
3228,8720,65506,11128,65506,1567,71
3228,8720,65507,11128,65507,1567,71
3228,8720,65508,11128,65508,1567,71
3228,8720,65509,11128,65509,1567,71
3228,8720,65510,11128,65510,1567,71
3228,8720,65511,11128,65511,1567,71
3228,8720,65512,11128,65512,1567,71
3228,8720,65513,11128,65513,1567,71
3228,8720,65514,11128,65514,1567,71
3228,8720,65515,11128,65515,1567,71
3228,8720,65516,11128,65516,1567,71
3228,8720,65517,11128,65517,1567,71
3228,8720,65518,11128,65518,1567,71
3228,8720,65519,11128,65519,1567,71
3228,8720,65520,11128,65520,1567,71
3228,8720,65521,11128,65521,1567,71
3228,8720,65522,11128,65522,1567,71
3228,8720,65523,11128,65523,1567,71
3228,8720,65524,11128,65524,1567,71
3228,8720,65525,11128,65525,1567,71
3228,8720,65526,11128,65526,1567,71
3228,8720,65527,11128,65527,1567,71
3228,8720,65528,11128,65528,1567,71
3228,8720,65529,11128,65529,1567,71
3228,8720,65530,11128,65530,1567,71
3228,8720,65531,11128,65531,1567,71
3228,8720,65532,11128,65532,1567,71
3228,8720,65533,11128,65533,1567,71
3228,8720,65534,11128,65534,1567,71
3228,8720,65535,11128,65535,1567,71
3228,8720,65536,11128,65536,1567,71
3228,8720,65537,11128,65537,1567,71
3228,8720,65538,11128,65538,1567,71
3228,8720,65539,11128,65539,1567,71
3228,8720,65540,11128,65540,1567,71
3228,8720,65541,11128,65541,1567,71
3228,8720,65542,11128,65542,1567,71
3228,8720,65543,11128,65543,1567,71
3228,8720,65544,11128,65544,1567,71
3228,8720,65545,11128,65545,1567,71
3228,8720,65546,11128,65546,1567,71
3228,8720,65547,11128,65547,1567,71
3228,8720,65548,11128,65548,1567,71
3228,8720,65549,11128,65549,1567,71
3228,8720,65550,11128,65550,1567,71
3228,8720,65551,11128,65551,1567,71
3228,8720,65552,11128,65552,1567,71
3228,8720,65553,11128,65553,1567,71
3228,8720,65554,11128,65554,1567,71
3228,8720,65555,11128,65555,1567,71
3228,8720,65556,11128,65556,1567,71
3228,8720,65557,11128,65557,1567,71
3228,8720,65558,11128,65558,1567,71
3228,8720,65559,11128,65559,1567,71
3228,8720,65560,11128,65560,1567,71
3228,8720,65561,11128,65561,1567,71
3228,8720,65562,11128,65562,1567,71
3228,8720,65563,11128,65563,1567,71
3228,8720,65564,11128,65564,1567,71
3228,8720,65565,11128,65565,1567,71
3228,8720,65566,11128,65566,1567,71
3228,8720,65567,11128,65567,1567,71
3228,8720,65568,11128,65568,1567,71
3228,8720,65569,11128,65569,1567,71
3228,8720,65570,11128,65570,1567,71
3228,8720,65571,11128,65571,1567,71
3228,8720,65572,11128,65572,1567,71
3228,8720,65573,11128,65573,1567,71
3228,8720,65574,11128,65574,1567,71
3228,8720,65575,11128,65575,1567,71
3228,8720,65576,11128,65576,1567,71
3228,8720,65577,11128,65577,1567,71
3228,8720,65578,11128,65578,1567,71
3228,8720,65579,11128,65579,1567,71
3228,8720,65580,11128,65580,1567,71
3228,8720,65581,11128,65581,1567,71
3228,8720,65582,11128,65582,1567,71
3228,8720,65583,11128,65583,1567,71
3228,8720,65584,11128,65584,1567,71
3228,8720,65585,11128,65585,1567,71
3228,8720,65586,11128,65586,1567,71
3228,8720,65587,11128,65587,1567,71
3228,8720,65588,11128,65588,1567,71
3228,8720,65589,11128,65589,1567,71
3228,8720,65590,11128,65590,1567,71
3228,8720,65591,11128,65591,1567,71
3228,8720,65592,11128,65592,1567,71
3228,8720,65593,11128,65593,1567,71
3228,8720,65594,11128,65594,1567,71
3228,8720,65595,11128,65595,1567,71
3228,8720,65596,11128,65596,1567,71
3228,8720,65597,11128,65597,1567,71
3228,8720,65598,11128,65598,1567,71
3228,8720,65599,11128,65599,1567,71
3228,8720,65600,11128,65600,1567,71
3228,8720,65601,11128,65601,1567,71
3228,8720,65602,11128,65602,1567,71
3228,8720,65603,11128,65603,1567,71
3228,8720,65604,11128,65604,1567,71
3228,8720,65605,11128,65605,1567,71
3228,8720,65606,11128,65606,1567,71
3228,8720,65607,11128,65607,1567,71
3228,8720,65608,11128,65608,1567,71
3228,8720,65609,11128,65609,1567,71
3228,8720,65610,11128,65610,1567,71
3228,8720,65611,11128,65611,1567,71
3228,8720,65612,11128,65612,1567,71
3228,8720,65613,11128,65613,1567,71
3228,8720,65614,11128,65614,1567,71
3228,8720,65615,11128,65615,1567,71
3228,8720,65616,11128,65616,1567,71
3228,8720,65617,11128,65617,1567,71
3228,8720,65618,11128,65618,1567,71
3228,8720,65619,11128,65619,1567,71
3228,8720,65620,11128,65620,1567,71
3228,8720,65621,11128,65621,1567,71
3228,8720,65622,11128,65622,1567,71
3228,8720,65623,11128,65623,1567,71
3228,8720,65624,11128,65624,1567,71
3228,8720,65625,11128,65625,1567,71
3228,8720,65626,11128,65626,1567,71
3228,8720,65627,11128,65627,1567,71
3228,8720,65628,11128,65628,1567,71
3228,8720,65629,11128,65629,1567,71
3228,8720,65630,11128,65630,1567,71
3228,8720,65631,11128,65631,1567,71
3228,8720,65632,11128,65632,1567,71
3228,8720,65633,11128,65633,1567,71
3228,8720,65634,11128,65634,1567,71
3228,8720,65635,11128,65635,1567,71
3228,8720,65636,11128,65636,1567,71
3228,8720,65637,11128,65637,1567,71
3228,8720,65638,11128,65638,1567,71
3228,8720,65639,11128,65639,1567,71
3228,8720,65640,11128,65640,1567,71
3228,8720,65641,11128,65641,1567,71
3228,8720,65642,11128,65642,1567,71
3228,8720,65643,11128,65643,1567,71
3228,8720,65644,11128,65644,1567,71
3228,8720,65645,11128,65645,1567,71
3228,8720,65646,11128,65646,1567,71
3228,8720,65647,11128,65647,1567,71
3228,8720,65648,11128,65648,1567,71
3228,8720,65649,11128,65649,1567,71
3228,8720,65650,11128,65650,1567,71
3228,8720,65651,11128,65651,1567,71
3228,8720,65652,11128,65652,1567,71
3228,8720,65653,11128,65653,1567,71
3228,8720,65654,11128,65654,1567,71
3228,8720,65655,11128,65655,1567,71
3228,8720,65656,11128,65656,1567,71
3228,8720,65657,11128,65657,1567,71
3228,8720,65658,11128,65658,1567,71
3228,8720,65659,11128,65659,1567,71
3228,8720,65660,11128,65660,1567,71
3228,8720,65661,11128,65661,1567,71
3228,8720,65662,11128,65662,1567,71
3228,8720,65663,11128,65663,1567,71
3228,8720,65664,11128,65664,1567,71
3228,8720,65665,11128,65665,1567,71
3227,8720,65666,11128,65666,1567,71
3227,8720,65667,11128,65667,1567,71
3227,8720,65668,11128,65668,1567,71
3227,8720,65669,11128,65669,1567,71
3227,8720,65670,11128,65670,1567,71
3227,8720,65671,11128,65671,1567,71
3227,8720,65672,11128,65672,1567,71
3227,8720,65673,11128,65673,1567,71
3227,8720,65674,11128,65674,1567,71
3227,8720,65675,11128,65675,1567,71
3227,8720,65676,11128,65676,1567,71
3227,8720,65677,11128,65677,1567,71
3227,8720,65678,11128,65678,1567,71
3227,8720,65679,11128,65679,1567,71
3227,8720,65680,11128,65680,1567,71
3227,8720,65681,11128,65681,1567,71
3227,8720,65682,11128,65682,1567,71
3227,8720,65683,11128,65683,1567,71
3227,8720,65684,11128,65684,1567,71
3227,8720,65685,11128,65685,1567,71
3227,8720,65686,11128,65686,1567,71
3227,8720,65687,11128,65687,1567,71
3228,8720,65688,11128,65688,1567,71
3228,8720,65689,11128,65689,1567,71
3228,8720,65690,11128,65690,1567,71
3228,8720,65691,11128,65691,1567,71
3228,8720,65692,11128,65692,1567,71
3228,8720,65693,11128,65693,1567,71
3228,8720,65694,11128,65694,1567,71
3228,8720,65695,11128,65695,1567,71
3228,8720,65696,11128,65696,1567,71
3228,8720,65697,11128,65697,1567,71
3229,8720,65698,11128,65698,1567,71
3229,8720,65699,11128,65699,1567,71
3229,8720,65700,11128,65700,1567,71
3229,8720,65701,11128,65701,1567,71
3228,8720,65702,11128,65702,1567,71
3228,8720,65703,11128,65703,1567,71
3228,8720,65704,11128,65704,1567,71
3228,8720,65705,11128,65705,1567,71
3228,8720,65706,11128,65706,1567,71
3228,8720,65707,11128,65707,1567,71
3228,8720,65708,11128,65708,1567,71
3228,8720,65709,11128,65709,1567,71
3228,8720,65710,11128,65710,1567,71
3228,8720,65711,11128,65711,1567,71
3228,8720,65712,11128,65712,1567,71
3228,8720,65713,11128,65713,1567,71
3228,8720,65714,11128,65714,1567,71
3228,8720,65715,11128,65715,1567,71
3227,8720,65716,11128,65716,1567,70
3227,8720,65717,11128,65717,1567,70
3227,8720,65718,11128,65718,1567,70
3227,8720,65719,11128,65719,1567,70
3227,8720,65720,11128,65720,1567,70
3227,8720,65721,11128,65721,1567,70
3227,8720,65722,11128,65722,1567,70
3227,8720,65723,11128,65723,1567,70
3227,8720,65724,11128,65724,1567,70
3227,8720,65725,11128,65725,1567,70
3227,8720,65726,11128,65726,1567,70
3227,8720,65727,11128,65727,1567,70
3227,8720,65728,11128,65728,1567,70
3227,8720,65729,11128,65729,1567,70
3227,8720,65730,11128,65730,1567,70
3227,8720,65731,11128,65731,1567,70
3227,8720,65732,11128,65732,1567,70
3227,8720,65733,11128,65733,1567,70
3227,8720,65734,11128,65734,1567,70
3227,8720,65735,11128,65735,1567,70
3227,8720,65736,11128,65736,1567,70
3227,8720,65737,11128,65737,1567,70
3227,8720,65738,11128,65738,1567,70
3227,8720,65739,11128,65739,1567,70
3227,8720,65740,11128,65740,1567,70
3227,8720,65741,11128,65741,1567,70
3227,8720,65742,11128,65742,1567,70
3227,8720,65743,11128,65743,1567,70
3227,8720,65744,11128,65744,1567,70
3227,8720,65745,11128,65745,1567,70
3227,8720,65746,11128,65746,1567,70
3227,8720,65747,11128,65747,1567,70
3227,8720,65748,11128,65748,1567,70
3227,8720,65749,11128,65749,1567,70
3227,8720,65750,11128,65750,1567,70
3227,8720,65751,11128,65751,1567,70
3227,8720,65752,11128,65752,1567,70
3227,8720,65753,11128,65753,1567,70
3227,8720,65754,11128,65754,1567,70
3227,8720,65755,11128,65755,1567,70
3227,8720,65756,11128,65756,1567,70
3227,8720,65757,11128,65757,1567,70
3227,8720,65758,11128,65758,1567,70
3227,8720,65759,11128,65759,1567,70
3227,8720,65760,11128,65760,1567,70
3227,8720,65761,11128,65761,1567,70
3227,8720,65762,11128,65762,1567,70
3227,8720,65763,11128,65763,1567,70
3227,8720,65764,11128,65764,1567,70
3227,8720,65765,11128,65765,1567,70
3227,8720,65766,11128,65766,1567,70
3227,8720,65767,11128,65767,1567,70
3227,8720,65768,11128,65768,1567,70
3227,8720,65769,11128,65769,1567,70
3227,8720,65770,11128,65770,1567,70
3227,8720,65771,11128,65771,1567,70
3227,8720,65772,11128,65772,1567,70
3227,8720,65773,11128,65773,1567,70
3227,8720,65774,11128,65774,1567,70
3227,8720,65775,11128,65775,1567,70
3227,8720,65776,11128,65776,1567,70
3227,8720,65777,11128,65777,1567,70
3227,8720,65778,11128,65778,1567,70
3227,8720,65779,11128,65779,1567,70
3227,8720,65780,11128,65780,1567,70
3226,8720,65781,11128,65781,1567,70
3226,8720,65782,11128,65782,1567,70
3226,8720,65783,11128,65783,1567,70
3226,8720,65784,11128,65784,1567,70
3226,8720,65785,11128,65785,1567,70
3226,8720,65786,11128,65786,1567,70
3226,8720,65787,11128,65787,1567,70
3226,8720,65788,11128,65788,1567,70
3226,8720,65789,11128,65789,1567,70
3226,8720,65790,11128,65790,1567,70
3226,8720,65791,11128,65791,1567,70
3226,8720,65792,11128,65792,1567,70
3226,8720,65793,11128,65793,1567,70
3226,8720,65794,11128,65794,1567,70
3226,8720,65795,11128,65795,1567,70
3226,8720,65796,11128,65796,1567,70
3226,8720,65797,11128,65797,1567,70
3226,8720,65798,11128,65798,1567,70
3226,8720,65799,11128,65799,1567,70
3226,8720,65800,11128,65800,1567,70
3226,8720,65801,11128,65801,1567,70
3226,8720,65802,11128,65802,1567,70
3226,8720,65803,11128,65803,1567,70
3226,8720,65804,11128,65804,1567,70
3226,8720,65805,11128,65805,1567,70
3226,8720,65806,11128,65806,1567,70
3226,8720,65807,11128,65807,1567,70
3226,8720,65808,11128,65808,1567,70
3226,8720,65809,11128,65809,1567,70
3226,8720,65810,11128,65810,1567,70
3226,8720,65811,11128,65811,1567,70
3226,8720,65812,11128,65812,1567,70
3226,8720,65813,11128,65813,1567,70
3226,8720,65814,11128,65814,1567,70
3226,8720,65815,11128,65815,1567,70
3226,8720,65816,11128,65816,1567,70
3226,8720,65817,11128,65817,1567,70
3226,8720,65818,11128,65818,1567,70
3226,8720,65819,11128,65819,1567,70
3226,8720,65820,11128,65820,1567,70
3226,8720,65821,11128,65821,1567,70
3226,8720,65822,11128,65822,1567,70
3226,8720,65823,11128,65823,1567,70
3226,8720,65824,11128,65824,1567,70
3226,8720,65825,11128,65825,1567,70
3226,8720,65826,11128,65826,1567,70
3226,8720,65827,11128,65827,1567,70
3226,8720,65828,11128,65828,1567,70
3226,8720,65829,11128,65829,1567,70
3226,8720,65830,11128,65830,1567,70
3226,8720,65831,11128,65831,1567,70
3226,8720,65832,11128,65832,1567,70
3225,8720,65833,11128,65833,1567,70
3225,8720,65834,11128,65834,1567,70
3225,8720,65835,11128,65835,1567,70
3225,8720,65836,11128,65836,1567,70
3225,8720,65837,11128,65837,1567,70
3225,8720,65838,11128,65838,1567,70
3225,8720,65839,11128,65839,1567,70
3225,8720,65840,11128,65840,1567,70
3225,8720,65841,11128,65841,1567,70
3225,8720,65842,11128,65842,1567,70
3225,8720,65843,11128,65843,1567,70
3225,8720,65844,11128,65844,1567,70
3225,8720,65845,11128,65845,1567,70
3225,8720,65846,11128,65846,1567,70
3225,8720,65847,11128,65847,1567,70
3225,8720,65848,11128,65848,1567,70
3225,8720,65849,11128,65849,1567,70
3225,8720,65850,11128,65850,1567,70
3225,8720,65851,11128,65851,1567,70
3225,8720,65852,11128,65852,1567,70
3225,8720,65853,11128,65853,1567,70
3225,8720,65854,11128,65854,1567,70
3225,8720,65855,11128,65855,1567,70
3225,8720,65856,11128,65856,1567,70
3225,8720,65857,11128,65857,1567,70
3225,8720,65858,11128,65858,1567,70
3225,8720,65859,11128,65859,1567,70
3225,8720,65860,11128,65860,1567,70
3225,8720,65861,11128,65861,1567,70
3225,8720,65862,11128,65862,1567,70
3225,8720,65863,11128,65863,1567,70
3225,8720,65864,11128,65864,1567,70
3225,8720,65865,11128,65865,1567,70
3225,8720,65866,11128,65866,1567,70
3225,8720,65867,11128,65867,1567,70
3225,8720,65868,11128,65868,1567,70
3224,8720,65869,11128,65869,1567,70
3224,8720,65870,11128,65870,1567,70
3224,8720,65871,11128,65871,1567,70
3224,8720,65872,11128,65872,1567,70
3224,8720,65873,11128,65873,1567,70
3224,8720,65874,11128,65874,1567,70
3224,8720,65875,11128,65875,1567,70
3223,8720,65876,11128,65876,1567,70
3223,8720,65877,11128,65877,1567,70
3223,8720,65878,11128,65878,1567,70
3224,8720,65879,11128,65879,1567,70
3224,8720,65880,11128,65880,1567,70
3224,8720,65881,11128,65881,1567,70
3224,8720,65882,11128,65882,1567,70
3224,8720,65883,11128,65883,1567,70
3224,8720,65884,11128,65884,1567,70
3224,8720,65885,11128,65885,1567,70
3224,8720,65886,11128,65886,1567,70
3224,8720,65887,11128,65887,1567,70
3224,8720,65888,11128,65888,1567,70
3224,8720,65889,11128,65889,1567,70
3224,8720,65890,11128,65890,1567,70
3224,8720,65891,11128,65891,1567,70
3224,8720,65892,11128,65892,1567,70
3224,8720,65893,11128,65893,1567,70
3224,8720,65894,11128,65894,1567,70
3224,8720,65895,11128,65895,1567,70
3224,8720,65896,11128,65896,1567,70
3224,8720,65897,11128,65897,1567,70
3224,8720,65898,11128,65898,1567,70
3224,8720,65899,11128,65899,1567,70
3224,8720,65900,11128,65900,1567,70
3224,8720,65901,11128,65901,1567,70
3224,8720,65902,11128,65902,1567,70
3224,8720,65903,11128,65903,1567,70
3224,8720,65904,11128,65904,1567,70
3224,8720,65905,11128,65905,1567,70
3224,8720,65906,11128,65906,1567,70
3224,8720,65907,11128,65907,1567,70
3224,8720,65908,11128,65908,1567,70
3224,8720,65909,11128,65909,1567,70
3224,8720,65910,11128,65910,1567,70
3224,8720,65911,11128,65911,1567,70
3224,8720,65912,11128,65912,1567,70
3224,8720,65913,11128,65913,1567,70
3224,8720,65914,11128,65914,1567,70
3224,8720,65915,11128,65915,1567,70
3224,8720,65916,11128,65916,1567,70
3224,8720,65917,11128,65917,1567,70
3224,8720,65918,11128,65918,1567,70
3224,8720,65919,11128,65919,1567,70
3224,8720,65920,11128,65920,1567,70
3224,8720,65921,11128,65921,1567,70
3224,8720,65922,11128,65922,1567,70
3224,8720,65923,11128,65923,1567,70
3224,8720,65924,11128,65924,1567,70
3224,8720,65925,11128,65925,1567,70
3224,8720,65926,11128,65926,1567,70
3224,8720,65927,11128,65927,1567,70
3224,8720,65928,11128,65928,1567,70
3224,8720,65929,11128,65929,1567,70
3224,8720,65930,11128,65930,1567,70
3224,8720,65931,11128,65931,1567,70
3224,8720,65932,11128,65932,1567,70
3224,8720,65933,11128,65933,1567,70
3224,8720,65934,11128,65934,1567,70
3224,8720,65935,11128,65935,1567,70
3224,8720,65936,11128,65936,1567,70
3224,8720,65937,11128,65937,1567,70
3224,8720,65938,11128,65938,1567,70
3224,8720,65939,11128,65939,1567,70
3224,8720,65940,11128,65940,1567,70
3224,8720,65941,11128,65941,1567,70
3224,8720,65942,11128,65942,1567,70
3224,8720,65943,11128,65943,1567,70
3224,8720,65944,11128,65944,1567,70
3224,8720,65945,11128,65945,1567,70
3224,8720,65946,11128,65946,1567,70
3224,8720,65947,11128,65947,1567,70
3224,8720,65948,11128,65948,1567,70
3224,8720,65949,11128,65949,1567,70
3223,8720,65950,11128,65950,1567,70
3223,8720,65951,11128,65951,1567,70
3223,8720,65952,11128,65952,1567,70
3223,8720,65953,11128,65953,1567,70
3223,8720,65954,11128,65954,1567,70
3223,8720,65955,11128,65955,1567,70
3223,8720,65956,11128,65956,1567,70
3223,8720,65957,11128,65957,1567,70
3223,8720,65958,11128,65958,1567,70
3223,8720,65959,11128,65959,1567,70
3223,8720,65960,11128,65960,1567,70
3223,8720,65961,11128,65961,1567,70
3223,8720,65962,11128,65962,1567,70
3223,8720,65963,11128,65963,1567,70
3223,8720,65964,11128,65964,1567,70
3223,8720,65965,11128,65965,1567,70
3223,8720,65966,11128,65966,1567,70
3223,8720,65967,11128,65967,1567,70
3223,8720,65968,11128,65968,1567,70
3223,8720,65969,11128,65969,1567,70
3223,8720,65970,11128,65970,1567,70
3223,8720,65971,11128,65971,1567,70
3223,8720,65972,11128,65972,1567,70
3223,8720,65973,11128,65973,1567,70
3223,8720,65974,11128,65974,1567,70
3223,8720,65975,11128,65975,1567,70
3223,8720,65976,11128,65976,1567,70
3223,8720,65977,11128,65977,1567,70
3223,8720,65978,11128,65978,1567,70
3223,8720,65979,11128,65979,1567,70
3223,8720,65980,11128,65980,1567,70
3223,8720,65981,11128,65981,1567,70
3223,8720,65982,11128,65982,1567,70
3223,8720,65983,11128,65983,1567,70
3223,8720,65984,11128,65984,1567,70
3223,8720,65985,11128,65985,1567,70
3223,8720,65986,11128,65986,1567,70
3223,8720,65987,11128,65987,1567,70
3223,8720,65988,11128,65988,1567,70
3223,8720,65989,11128,65989,1567,70
3223,8720,65990,11128,65990,1567,70
3223,8720,65991,11128,65991,1567,70
3223,8720,65992,11128,65992,1567,70
3223,8720,65993,11128,65993,1567,70
3223,8720,65994,11128,65994,1567,70
3223,8720,65995,11128,65995,1567,70
3223,8720,65996,11128,65996,1567,70
3223,8720,65997,11128,65997,1567,70
3223,8720,65998,11128,65998,1567,70
3223,8720,65999,11128,65999,1567,70
3223,8720,66000,11128,66000,1567,70
3223,8720,66001,11128,66001,1567,70
3223,8720,66002,11128,66002,1567,70
3223,8720,66003,11128,66003,1567,70
3223,8720,66004,11128,66004,1567,70
3223,8720,66005,11128,66005,1567,70
3223,8720,66006,11128,66006,1567,70
3223,8720,66007,11128,66007,1567,70
3223,8720,66008,11128,66008,1567,70
3223,8720,66009,11128,66009,1567,70
3223,8720,66010,11128,66010,1567,70
3223,8720,66011,11128,66011,1567,70
3223,8720,66012,11128,66012,1567,70
3223,8720,66013,11128,66013,1567,70
3223,8720,66014,11128,66014,1567,70
3223,8720,66015,11128,66015,1567,70
3223,8720,66016,11128,66016,1567,70
3223,8720,66017,11128,66017,1567,70
3223,8720,66018,11128,66018,1567,70
3223,8720,66019,11128,66019,1567,70
3223,8720,66020,11128,66020,1567,70
3223,8720,66021,11128,66021,1567,70
3223,8720,66022,11128,66022,1567,70
3223,8720,66023,11128,66023,1567,70
3223,8720,66024,11128,66024,1567,70
3223,8720,66025,11128,66025,1567,70
3223,8720,66026,11128,66026,1567,70
3223,8720,66027,11128,66027,1567,70
3223,8720,66028,11128,66028,1567,70
3223,8720,66029,11128,66029,1567,70
3223,8720,66030,11128,66030,1567,70
3223,8720,66031,11128,66031,1567,70
3223,8720,66032,11128,66032,1567,70
3223,8720,66033,11128,66033,1567,70
3223,8720,66034,11128,66034,1567,70
3223,8720,66035,11128,66035,1567,70
3223,8720,66036,11128,66036,1567,70
3223,8720,66037,11128,66037,1567,70
3223,8720,66038,11128,66038,1567,70
3223,8720,66039,11128,66039,1567,70
3223,8720,66040,11128,66040,1567,70
3223,8720,66041,11128,66041,1567,70
3223,8720,66042,11128,66042,1567,70
3223,8720,66043,11128,66043,1567,70
3223,8720,66044,11128,66044,1567,70
3223,8720,66045,11128,66045,1567,70
3223,8720,66046,11128,66046,1567,70
3223,8720,66047,11128,66047,1567,70
3223,8720,66048,11128,66048,1567,70
3223,8720,66049,11128,66049,1567,70
3223,8720,66050,11128,66050,1567,70
3223,8720,66051,11128,66051,1567,70
3223,8720,66052,11128,66052,1567,70
3223,8720,66053,11128,66053,1567,70
3223,8720,66054,11128,66054,1567,70
3223,8720,66055,11128,66055,1567,70
3223,8720,66056,11128,66056,1567,70
3223,8720,66057,11128,66057,1567,70
3223,8720,66058,11128,66058,1567,70
3223,8720,66059,11128,66059,1567,70
3223,8720,66060,11128,66060,1567,70
3223,8720,66061,11128,66061,1567,70
3223,8720,66062,11128,66062,1567,70
3223,8720,66063,11128,66063,1567,70
3223,8720,66064,11128,66064,1567,70
3223,8720,66065,11128,66065,1567,70
3223,8720,66066,11128,66066,1567,70
3223,8720,66067,11128,66067,1567,70
3223,8720,66068,11128,66068,1567,70
3223,8720,66069,11128,66069,1567,70
3223,8720,66070,11128,66070,1567,70
3223,8720,66071,11128,66071,1567,70
3223,8720,66072,11128,66072,1567,70
3223,8720,66073,11128,66073,1567,70
3223,8720,66074,11128,66074,1567,70
3223,8720,66075,11128,66075,1567,70
3223,8720,66076,11128,66076,1567,70
3223,8720,66077,11128,66077,1567,70
3223,8720,66078,11128,66078,1567,70
3223,8720,66079,11128,66079,1567,70
3223,8720,66080,11128,66080,1567,70
3223,8720,66081,11128,66081,1567,70
3223,8720,66082,11128,66082,1567,70
3223,8720,66083,11128,66083,1567,70
3223,8720,66084,11128,66084,1567,70
3223,8720,66085,11128,66085,1567,70
3223,8720,66086,11128,66086,1567,70
3223,8720,66087,11128,66087,1567,70
3223,8720,66088,11128,66088,1567,70
3223,8720,66089,11128,66089,1567,70
3223,8720,66090,11128,66090,1567,70
3223,8720,66091,11128,66091,1567,70
3223,8720,66092,11128,66092,1567,70
3223,8720,66093,11128,66093,1567,70
3223,8720,66094,11128,66094,1567,70
3223,8720,66095,11128,66095,1567,70
3223,8720,66096,11128,66096,1567,70
3223,8720,66097,11128,66097,1567,70
3223,8720,66098,11128,66098,1567,70
3223,8720,66099,11128,66099,1567,70
3223,8720,66100,11128,66100,1567,70
3223,8720,66101,11128,66101,1567,70
3223,8720,66102,11128,66102,1567,70
3223,8720,66103,11128,66103,1567,70
3223,8720,66104,11128,66104,1567,70
3223,8720,66105,11128,66105,1567,70
3222,8720,66106,11128,66106,1567,70
3222,8720,66107,11128,66107,1567,70
3222,8720,66108,11128,66108,1567,70
3222,8720,66109,11128,66109,1567,70
3222,8720,66110,11128,66110,1567,70
3222,8720,66111,11128,66111,1567,70
3222,8720,66112,11128,66112,1567,70
3222,8720,66113,11128,66113,1567,70
3222,8720,66114,11128,66114,1567,70
3222,8720,66115,11128,66115,1567,70
3222,8720,66116,11128,66116,1567,70
3222,8720,66117,11128,66117,1567,70
3222,8720,66118,11128,66118,1567,70
3222,8720,66119,11128,66119,1567,70
3222,8720,66120,11128,66120,1567,70
3222,8720,66121,11128,66121,1567,70
3222,8720,66122,11128,66122,1567,70
3222,8720,66123,11128,66123,1567,70
3222,8720,66124,11128,66124,1567,70
3222,8720,66125,11128,66125,1567,70
3222,8720,66126,11128,66126,1567,70
3222,8720,66127,11128,66127,1567,70
3222,8720,66128,11128,66128,1567,70
3222,8720,66129,11128,66129,1567,70
3222,8720,66130,11128,66130,1567,70
3222,8720,66131,11128,66131,1567,70
3222,8720,66132,11128,66132,1567,70
3222,8720,66133,11128,66133,1567,70
3222,8720,66134,11128,66134,1567,70
3222,8720,66135,11128,66135,1567,70
3222,8720,66136,11128,66136,1567,70
3222,8720,66137,11128,66137,1567,70
3222,8720,66138,11128,66138,1567,70
3222,8720,66139,11128,66139,1567,70
3222,8720,66140,11128,66140,1567,70
3222,8720,66141,11128,66141,1567,70
3222,8720,66142,11128,66142,1567,70
3222,8720,66143,11128,66143,1567,70
3222,8720,66144,11128,66144,1567,70
3222,8720,66145,11128,66145,1567,70
3222,8720,66146,11128,66146,1567,70
3222,8720,66147,11128,66147,1567,70
3222,8720,66148,11128,66148,1567,70
3222,8720,66149,11128,66149,1567,70
3222,8720,66150,11128,66150,1567,70
3222,8720,66151,11128,66151,1567,70
3222,8720,66152,11128,66152,1567,70
3222,8720,66153,11128,66153,1567,70
3222,8720,66154,11128,66154,1567,70
3222,8720,66155,11128,66155,1567,70
3222,8720,66156,11128,66156,1567,70
3222,8720,66157,11128,66157,1567,70
3222,8720,66158,11128,66158,1567,70
3222,8720,66159,11128,66159,1567,70
3223,8720,66160,11128,66160,1567,70
3223,8720,66161,11128,66161,1567,70
3223,8720,66162,11128,66162,1567,70
3223,8720,66163,11128,66163,1567,70
3223,8720,66164,11128,66164,1567,70
3223,8720,66165,11128,66165,1567,70
3223,8720,66166,11128,66166,1567,70
3223,8720,66167,11128,66167,1567,70
3223,8720,66168,11128,66168,1567,70
3223,8720,66169,11128,66169,1567,70
3223,8720,66170,11128,66170,1567,70
3223,8720,66171,11128,66171,1567,70
3223,8720,66172,11128,66172,1567,70
3223,8720,66173,11128,66173,1567,70
3223,8720,66174,11128,66174,1567,70
3223,8720,66175,11128,66175,1567,70
3223,8720,66176,11128,66176,1567,70
3223,8720,66177,11128,66177,1567,70
3223,8720,66178,11128,66178,1567,70
3223,8720,66179,11128,66179,1567,70
3223,8720,66180,11128,66180,1567,70
3223,8720,66181,11128,66181,1567,70
3223,8720,66182,11128,66182,1567,70
3223,8720,66183,11128,66183,1567,70
3223,8720,66184,11128,66184,1567,70
3223,8720,66185,11128,66185,1567,70
3223,8720,66186,11128,66186,1567,70
3223,8720,66187,11128,66187,1567,70
3223,8720,66188,11128,66188,1567,70
3223,8720,66189,11128,66189,1567,70
3223,8720,66190,11128,66190,1567,70
3223,8720,66191,11128,66191,1567,70
3223,8720,66192,11128,66192,1567,70
3223,8720,66193,11128,66193,1567,70
3223,8720,66194,11128,66194,1567,70
3223,8720,66195,11128,66195,1567,70
3223,8720,66196,11128,66196,1567,70
3223,8720,66197,11128,66197,1567,70
3223,8720,66198,11128,66198,1567,70
3223,8720,66199,11128,66199,1567,70
3223,8720,66200,11128,66200,1567,70
3223,8720,66201,11128,66201,1567,70
3223,8720,66202,11128,66202,1567,70
3223,8720,66203,11128,66203,1567,70
3223,8720,66204,11128,66204,1567,70
3223,8720,66205,11128,66205,1567,70
3223,8720,66206,11128,66206,1567,70
3223,8720,66207,11128,66207,1567,70
3223,8720,66208,11128,66208,1567,70
3223,8720,66209,11128,66209,1567,70
3223,8720,66210,11128,66210,1567,70
3223,8720,66211,11128,66211,1567,70
3223,8720,66212,11128,66212,1567,70
3223,8720,66213,11128,66213,1567,70
3222,8720,66214,11128,66214,1567,70
3222,8720,66215,11128,66215,1567,70
3222,8720,66216,11128,66216,1567,70
3222,8720,66217,11128,66217,1567,70
3222,8720,66218,11128,66218,1567,70
3222,8720,66219,11128,66219,1567,70
3222,8720,66220,11128,66220,1567,70
3222,8720,66221,11128,66221,1567,70
3222,8720,66222,11128,66222,1567,70
3222,8720,66223,11128,66223,1567,70
3222,8720,66224,11128,66224,1567,70
3222,8720,66225,11128,66225,1567,70
3222,8720,66226,11128,66226,1567,70
3222,8720,66227,11128,66227,1567,70
3222,8720,66228,11128,66228,1567,70
3222,8720,66229,11128,66229,1567,70
3222,8720,66230,11128,66230,1567,70
3222,8720,66231,11128,66231,1567,70
3222,8720,66232,11128,66232,1567,70
3222,8720,66233,11128,66233,1567,70
3222,8720,66234,11128,66234,1567,70
3222,8720,66235,11128,66235,1567,70
3222,8720,66236,11128,66236,1567,70
3222,8720,66237,11128,66237,1567,70
3222,8720,66238,11128,66238,1567,70
3222,8720,66239,11128,66239,1567,70
3222,8720,66240,11128,66240,1567,70
3222,8720,66241,11128,66241,1567,70
3222,8720,66242,11128,66242,1567,70
3222,8720,66243,11128,66243,1567,70
3222,8720,66244,11128,66244,1567,70
3222,8720,66245,11128,66245,1567,70
3222,8720,66246,11128,66246,1567,70
3222,8720,66247,11128,66247,1567,70
3222,8720,66248,11128,66248,1567,70
3222,8720,66249,11128,66249,1567,70
3222,8720,66250,11128,66250,1567,70
3222,8720,66251,11128,66251,1567,70
3222,8720,66252,11128,66252,1567,70
3222,8720,66253,11128,66253,1567,70
3222,8720,66254,11128,66254,1567,70
3222,8720,66255,11128,66255,1567,70
3222,8720,66256,11128,66256,1567,70
3222,8720,66257,11128,66257,1567,70
3222,8720,66258,11128,66258,1567,70
3222,8720,66259,11128,66259,1567,70
3222,8720,66260,11128,66260,1567,70
3222,8720,66261,11128,66261,1567,70
3222,8720,66262,11128,66262,1567,70
3222,8720,66263,11128,66263,1567,70
3222,8720,66264,11128,66264,1567,70
3222,8720,66265,11128,66265,1567,70
3222,8720,66266,11128,66266,1567,70
3222,8720,66267,11128,66267,1567,70
3222,8720,66268,11128,66268,1567,70
3222,8720,66269,11128,66269,1567,70
3222,8720,66270,11128,66270,1567,70
3222,8720,66271,11128,66271,1567,70
3222,8720,66272,11128,66272,1567,70
3222,8720,66273,11128,66273,1567,70
3222,8720,66274,11128,66274,1567,70
3222,8720,66275,11128,66275,1567,70
3222,8720,66276,11128,66276,1567,70
3222,8720,66277,11128,66277,1567,70
3222,8720,66278,11128,66278,1567,70
3222,8720,66279,11128,66279,1567,70
3222,8720,66280,11128,66280,1567,70
3222,8720,66281,11128,66281,1567,70
3222,8720,66282,11128,66282,1567,70
3222,8720,66283,11128,66283,1567,70
3222,8720,66284,11128,66284,1567,70
3222,8720,66285,11128,66285,1567,70
3222,8720,66286,11128,66286,1567,70
3222,8720,66287,11128,66287,1567,70
3222,8720,66288,11128,66288,1567,70
3222,8720,66289,11128,66289,1567,70
3222,8720,66290,11128,66290,1567,70
3222,8720,66291,11128,66291,1567,70
3222,8720,66292,11128,66292,1567,70
3222,8720,66293,11128,66293,1567,70
3222,8720,66294,11128,66294,1567,70
3222,8720,66295,11128,66295,1567,70
3222,8720,66296,11128,66296,1567,70
3222,8720,66297,11128,66297,1567,70
3222,8720,66298,11128,66298,1567,70
3222,8720,66299,11128,66299,1567,70
3222,8720,66300,11128,66300,1567,70
3222,8720,66301,11128,66301,1567,70
3222,8720,66302,11128,66302,1567,70
3222,8720,66303,11128,66303,1567,70
3222,8720,66304,11128,66304,1567,70
3222,8720,66305,11128,66305,1567,70
3222,8720,66306,11128,66306,1567,70
3222,8720,66307,11128,66307,1567,70
3222,8720,66308,11128,66308,1567,70
3222,8720,66309,11128,66309,1567,70
3222,8720,66310,11128,66310,1567,70
3222,8720,66311,11128,66311,1567,70
3222,8720,66312,11128,66312,1567,70
3222,8720,66313,11128,66313,1567,70
3222,8720,66314,11128,66314,1567,70
3222,8720,66315,11128,66315,1567,70
3222,8720,66316,11128,66316,1567,70
3222,8720,66317,11128,66317,1567,70
3222,8720,66318,11128,66318,1567,70
3222,8720,66319,11128,66319,1567,70
3222,8720,66320,11128,66320,1567,70
3222,8720,66321,11128,66321,1567,70
3222,8720,66322,11128,66322,1567,70
3222,8720,66323,11128,66323,1567,70
3222,8720,66324,11128,66324,1567,70
3222,8720,66325,11128,66325,1567,70
3222,8720,66326,11128,66326,1567,70
3222,8720,66327,11128,66327,1567,70
3222,8720,66328,11128,66328,1567,70
3222,8720,66329,11128,66329,1567,70
3222,8720,66330,11128,66330,1567,70
3222,8720,66331,11128,66331,1567,70
3222,8720,66332,11128,66332,1567,70
3222,8720,66333,11128,66333,1567,70
3222,8720,66334,11128,66334,1567,70
3222,8720,66335,11128,66335,1567,70
3222,8720,66336,11128,66336,1567,70
3222,8720,66337,11128,66337,1567,70
3222,8720,66338,11128,66338,1567,70
3222,8720,66339,11128,66339,1567,70
3222,8720,66340,11128,66340,1567,70
3222,8720,66341,11128,66341,1567,70
3222,8720,66342,11128,66342,1567,70
3222,8720,66343,11128,66343,1567,70
3222,8720,66344,11128,66344,1567,70
3222,8720,66345,11128,66345,1567,70
3222,8720,66346,11128,66346,1567,70
3222,8720,66347,11128,66347,1567,70
3222,8720,66348,11128,66348,1567,70
3222,8720,66349,11128,66349,1567,70
3222,8720,66350,11128,66350,1567,70
3222,8720,66351,11128,66351,1567,70
3222,8720,66352,11128,66352,1567,70
3222,8720,66353,11128,66353,1567,70
3222,8720,66354,11128,66354,1567,70
3222,8720,66355,11128,66355,1567,70
3222,8720,66356,11128,66356,1567,70
3222,8720,66357,11128,66357,1567,70
3222,8720,66358,11128,66358,1567,70
3222,8720,66359,11128,66359,1567,70
3222,8720,66360,11128,66360,1567,70
3222,8720,66361,11128,66361,1567,70
3222,8720,66362,11128,66362,1567,70
3222,8720,66363,11128,66363,1567,70
3222,8720,66364,11128,66364,1567,70
3222,8720,66365,11128,66365,1567,70
3222,8720,66366,11128,66366,1567,70
3222,8720,66367,11128,66367,1567,70
3222,8720,66368,11128,66368,1567,70
3222,8720,66369,11128,66369,1567,70
3222,8720,66370,11128,66370,1567,70
3222,8720,66371,11128,66371,1567,70
3222,8720,66372,11128,66372,1567,70
3222,8720,66373,11128,66373,1567,70
3222,8720,66374,11128,66374,1567,70
3222,8720,66375,11128,66375,1567,70
3222,8720,66376,11128,66376,1567,70
3222,8720,66377,11128,66377,1567,70
3222,8720,66378,11128,66378,1567,70
3222,8720,66379,11128,66379,1567,70
3222,8720,66380,11128,66380,1567,70
3222,8720,66381,11128,66381,1567,70
3222,8720,66382,11128,66382,1567,70
3222,8720,66383,11128,66383,1567,70
3222,8720,66384,11128,66384,1567,70
3222,8720,66385,11128,66385,1567,70
3222,8720,66386,11128,66386,1567,70
3222,8720,66387,11128,66387,1567,70
3222,8720,66388,11128,66388,1567,70
3222,8720,66389,11128,66389,1567,70
3222,8720,66390,11128,66390,1567,70
3222,8720,66391,11128,66391,1567,70
3222,8720,66392,11128,66392,1567,70
3222,8720,66393,11128,66393,1567,70
3222,8720,66394,11128,66394,1567,70
3222,8720,66395,11128,66395,1567,70
3222,8720,66396,11128,66396,1567,70
3222,8720,66397,11128,66397,1567,70
3222,8720,66398,11128,66398,1567,70
3222,8720,66399,11128,66399,1567,70
3222,8720,66400,11128,66400,1567,70
3222,8720,66401,11128,66401,1567,70
3222,8720,66402,11128,66402,1567,70
3222,8720,66403,11128,66403,1567,70
3222,8720,66404,11128,66404,1567,70
3222,8720,66405,11128,66405,1567,70
3222,8720,66406,11128,66406,1567,70
3222,8720,66407,11128,66407,1567,70
3222,8720,66408,11128,66408,1567,70
3222,8720,66409,11128,66409,1567,70
3222,8720,66410,11128,66410,1567,70
3222,8720,66411,11128,66411,1567,70
3222,8720,66412,11128,66412,1567,70
3222,8720,66413,11128,66413,1567,70
3222,8720,66414,11128,66414,1567,70
3222,8720,66415,11128,66415,1567,70
3222,8720,66416,11128,66416,1567,70
3222,8720,66417,11128,66417,1567,70
3222,8720,66418,11128,66418,1567,70
3222,8720,66419,11128,66419,1567,70
3222,8720,66420,11128,66420,1567,70
3222,8720,66421,11128,66421,1567,70
3222,8720,66422,11128,66422,1567,70
3222,8720,66423,11128,66423,1567,70
3222,8720,66424,11128,66424,1567,70
3222,8720,66425,11128,66425,1567,70
3222,8720,66426,11128,66426,1567,70
3222,8720,66427,11128,66427,1567,70
3222,8720,66428,11128,66428,1567,70
3222,8720,66429,11128,66429,1567,70
3222,8720,66430,11128,66430,1567,70
3222,8720,66431,11128,66431,1567,70
3222,8720,66432,11128,66432,1567,70
3222,8720,66433,11128,66433,1567,70
3222,8720,66434,11128,66434,1567,70
3222,8720,66435,11128,66435,1567,70
3222,8720,66436,11128,66436,1567,70
3222,8720,66437,11128,66437,1567,70
3222,8720,66438,11128,66438,1567,70
3222,8720,66439,11128,66439,1567,70
3222,8720,66440,11128,66440,1567,70
3222,8720,66441,11128,66441,1567,70
3222,8720,66442,11128,66442,1567,70
3222,8720,66443,11128,66443,1567,70
3222,8720,66444,11128,66444,1567,70
3222,8720,66445,11128,66445,1567,70
3222,8720,66446,11128,66446,1567,70
3222,8720,66447,11128,66447,1567,70
3222,8720,66448,11128,66448,1567,70
3222,8720,66449,11128,66449,1567,70
3222,8720,66450,11128,66450,1567,70
3222,8720,66451,11128,66451,1567,70
3222,8720,66452,11128,66452,1567,70
3222,8720,66453,11128,66453,1567,70
3222,8720,66454,11128,66454,1567,70
3222,8720,66455,11128,66455,1567,70
3222,8720,66456,11128,66456,1567,70
3222,8720,66457,11128,66457,1567,70
3222,8720,66458,11128,66458,1567,70
3222,8720,66459,11128,66459,1567,70
3222,8720,66460,11128,66460,1567,70
3222,8720,66461,11128,66461,1567,70
3222,8720,66462,11128,66462,1567,70
3222,8720,66463,11128,66463,1567,70
3222,8720,66464,11128,66464,1567,70
3222,8720,66465,11128,66465,1567,70
3222,8720,66466,11128,66466,1567,70
3222,8720,66467,11128,66467,1567,70
3221,8720,66468,11128,66468,1567,70
3221,8720,66469,11128,66469,1567,70
3221,8720,66470,11128,66470,1567,70
3221,8720,66471,11128,66471,1567,70
3221,8720,66472,11128,66472,1567,70
3221,8720,66473,11128,66473,1567,70
3221,8720,66474,11128,66474,1567,70
3221,8720,66475,11128,66475,1567,70
3221,8720,66476,11128,66476,1567,70
3221,8720,66477,11128,66477,1567,70
3221,8720,66478,11128,66478,1567,70
3221,8720,66479,11128,66479,1567,70
3221,8720,66480,11128,66480,1567,70
3221,8720,66481,11128,66481,1567,70
3221,8720,66482,11128,66482,1567,70
3221,8720,66483,11128,66483,1567,70
3221,8720,66484,11128,66484,1567,70
3221,8720,66485,11128,66485,1567,70
3221,8720,66486,11128,66486,1567,70
3221,8720,66487,11128,66487,1567,70
3221,8720,66488,11128,66488,1567,70
3221,8720,66489,11128,66489,1567,70
3221,8720,66490,11128,66490,1567,70
3221,8720,66491,11128,66491,1567,70
3221,8720,66492,11128,66492,1567,70
3221,8720,66493,11128,66493,1567,70
3221,8720,66494,11128,66494,1567,70
3221,8720,66495,11128,66495,1567,70
3221,8720,66496,11128,66496,1567,70
3221,8720,66497,11128,66497,1567,70
3221,8720,66498,11128,66498,1567,70
3221,8720,66499,11128,66499,1567,70
3221,8720,66500,11128,66500,1567,70
3221,8720,66501,11128,66501,1567,70
3221,8720,66502,11128,66502,1567,70
3221,8720,66503,11128,66503,1567,70
3221,8720,66504,11128,66504,1567,70
3221,8720,66505,11128,66505,1567,70
3221,8720,66506,11128,66506,1567,70
3221,8720,66507,11128,66507,1567,70
3221,8720,66508,11128,66508,1567,70
3221,8720,66509,11128,66509,1567,70
3221,8720,66510,11128,66510,1567,70
3221,8720,66511,11128,66511,1567,70
3221,8720,66512,11128,66512,1567,70
3221,8720,66513,11128,66513,1567,70
3221,8720,66514,11128,66514,1567,70
3221,8720,66515,11128,66515,1567,70
3221,8720,66516,11128,66516,1567,70
3221,8720,66517,11128,66517,1567,70
3221,8720,66518,11128,66518,1567,70
3221,8720,66519,11128,66519,1567,70
3221,8720,66520,11128,66520,1567,70
3221,8720,66521,11128,66521,1567,70
3221,8720,66522,11128,66522,1567,70
3221,8720,66523,11128,66523,1567,70
3221,8720,66524,11128,66524,1567,70
3221,8720,66525,11128,66525,1567,70
3220,8720,66526,11128,66526,1567,70
3220,8720,66527,11128,66527,1567,70
3220,8720,66528,11128,66528,1567,70
3220,8720,66529,11128,66529,1567,70
3220,8720,66530,11128,66530,1567,70
3220,8720,66531,11128,66531,1567,70
3220,8720,66532,11128,66532,1567,70
3220,8720,66533,11128,66533,1567,70
3220,8720,66534,11128,66534,1567,70
3220,8720,66535,11128,66535,1567,70
3220,8720,66536,11128,66536,1567,70
3220,8720,66537,11128,66537,1567,70
3220,8720,66538,11128,66538,1567,70
3220,8720,66539,11128,66539,1567,70
3220,8720,66540,11128,66540,1567,70
3220,8720,66541,11128,66541,1567,70
3220,8720,66542,11128,66542,1567,70
3220,8720,66543,11128,66543,1567,70
3220,8720,66544,11128,66544,1567,70
3220,8720,66545,11128,66545,1567,70
3220,8720,66546,11128,66546,1567,70
3220,8720,66547,11128,66547,1567,70
3221,8720,66548,11128,66548,1567,70
3221,8720,66549,11128,66549,1567,70
3221,8720,66550,11128,66550,1567,70
3221,8720,66551,11128,66551,1567,70
3221,8720,66552,11128,66552,1567,70
3221,8720,66553,11128,66553,1567,70
3221,8720,66554,11128,66554,1567,70
3221,8720,66555,11128,66555,1567,70
3221,8720,66556,11128,66556,1567,70
3221,8720,66557,11128,66557,1567,70
3221,8720,66558,11128,66558,1567,70
3221,8720,66559,11128,66559,1567,70
3221,8720,66560,11128,66560,1567,70
3221,8720,66561,11128,66561,1567,70
3221,8720,66562,11128,66562,1567,70
3221,8720,66563,11128,66563,1567,70
3221,8720,66564,11128,66564,1567,70
3221,8720,66565,11128,66565,1567,70
3221,8720,66566,11128,66566,1567,70
3221,8720,66567,11128,66567,1567,70
3221,8720,66568,11128,66568,1567,70
3221,8720,66569,11128,66569,1567,70
3221,8720,66570,11128,66570,1567,70
3221,8720,66571,11128,66571,1567,70
3221,8720,66572,11128,66572,1567,70
3221,8720,66573,11128,66573,1567,70
3221,8720,66574,11128,66574,1567,70
3221,8720,66575,11128,66575,1567,70
3221,8720,66576,11128,66576,1567,70
3221,8720,66577,11128,66577,1567,70
3221,8720,66578,11128,66578,1567,70
3221,8720,66579,11128,66579,1567,70
3221,8720,66580,11128,66580,1567,70
3221,8720,66581,11128,66581,1567,70
3221,8720,66582,11128,66582,1567,70
3221,8720,66583,11128,66583,1567,70
3221,8720,66584,11128,66584,1567,70
3221,8720,66585,11128,66585,1567,70
3221,8720,66586,11128,66586,1567,70
3221,8720,66587,11128,66587,1567,70
3221,8720,66588,11128,66588,1567,70
3221,8720,66589,11128,66589,1567,70
3221,8720,66590,11128,66590,1567,70
3221,8720,66591,11128,66591,1567,70
3221,8720,66592,11128,66592,1567,70
3221,8720,66593,11128,66593,1567,70
3221,8720,66594,11128,66594,1567,70
3221,8720,66595,11128,66595,1567,70
3221,8720,66596,11128,66596,1567,70
3221,8720,66597,11128,66597,1567,70
3221,8720,66598,11128,66598,1567,70
3221,8720,66599,11128,66599,1567,70
3221,8720,66600,11128,66600,1567,70
3221,8720,66601,11128,66601,1567,70
3221,8720,66602,11128,66602,1567,70
3221,8720,66603,11128,66603,1567,70
3221,8720,66604,11128,66604,1567,70
3221,8720,66605,11128,66605,1567,70
3221,8720,66606,11128,66606,1567,70
3221,8720,66607,11128,66607,1567,70
3221,8720,66608,11128,66608,1567,70
3221,8720,66609,11128,66609,1567,70
3221,8720,66610,11128,66610,1567,70
3221,8720,66611,11128,66611,1567,70
3221,8720,66612,11128,66612,1567,70
3221,8720,66613,11128,66613,1567,70
3221,8720,66614,11128,66614,1567,70
3221,8720,66615,11128,66615,1567,70
3221,8720,66616,11128,66616,1567,70
3221,8720,66617,11128,66617,1567,70
3221,8720,66618,11128,66618,1567,70
3221,8720,66619,11128,66619,1567,70
3221,8720,66620,11128,66620,1567,70
3221,8720,66621,11128,66621,1567,70
3221,8720,66622,11128,66622,1567,70
3221,8720,66623,11128,66623,1567,70
3221,8720,66624,11128,66624,1567,70
3221,8720,66625,11128,66625,1567,70
3221,8720,66626,11128,66626,1567,70
3221,8720,66627,11128,66627,1567,70
3221,8720,66628,11128,66628,1567,70
3221,8720,66629,11128,66629,1567,70
3221,8720,66630,11128,66630,1567,70
3221,8720,66631,11128,66631,1567,70
3221,8720,66632,11128,66632,1567,70
3221,8720,66633,11128,66633,1567,70
3221,8720,66634,11128,66634,1567,70
3221,8720,66635,11128,66635,1567,70
3221,8720,66636,11128,66636,1567,70
3221,8720,66637,11128,66637,1567,70
3221,8720,66638,11128,66638,1567,70
3221,8720,66639,11128,66639,1567,70
3221,8720,66640,11128,66640,1567,70
3221,8720,66641,11128,66641,1567,70
3221,8720,66642,11128,66642,1567,70
3221,8720,66643,11128,66643,1567,70
3221,8720,66644,11128,66644,1567,70
3220,8720,66645,11128,66645,1567,69
3220,8720,66646,11128,66646,1567,69
3220,8720,66647,11128,66647,1567,69
3220,8720,66648,11128,66648,1567,69
3220,8720,66649,11128,66649,1567,69
3220,8720,66650,11128,66650,1567,69
3220,8720,66651,11128,66651,1567,69
3219,8720,66652,11128,66652,1567,69
3219,8720,66653,11128,66653,1567,69
3219,8720,66654,11128,66654,1567,69
3219,8720,66655,11128,66655,1567,69
3219,8720,66656,11128,66656,1567,69
3219,8720,66657,11128,66657,1567,69
3219,8720,66658,11128,66658,1567,69
3219,8720,66659,11128,66659,1567,69
3219,8720,66660,11128,66660,1567,69
3219,8720,66661,11128,66661,1567,69
3219,8720,66662,11128,66662,1567,69
3219,8720,66663,11128,66663,1567,69
3219,8720,66664,11128,66664,1567,69
3219,8720,66665,11128,66665,1567,69
3219,8720,66666,11128,66666,1567,69
3219,8720,66667,11128,66667,1567,69
3219,8720,66668,11128,66668,1567,69
3219,8720,66669,11128,66669,1567,69
3219,8720,66670,11128,66670,1567,69
3219,8720,66671,11128,66671,1567,69
3219,8720,66672,11128,66672,1567,69
3219,8720,66673,11128,66673,1567,69
3219,8720,66674,11128,66674,1567,69
3219,8720,66675,11128,66675,1567,69
3219,8720,66676,11128,66676,1567,69
3219,8720,66677,11128,66677,1567,69
3219,8720,66678,11128,66678,1567,69
3219,8720,66679,11128,66679,1567,69
3219,8720,66680,11128,66680,1567,69
3219,8720,66681,11128,66681,1567,69
3219,8720,66682,11128,66682,1567,69
3219,8720,66683,11128,66683,1567,69
3219,8720,66684,11128,66684,1567,69
3219,8720,66685,11128,66685,1567,69
3219,8720,66686,11128,66686,1567,69
3219,8720,66687,11128,66687,1567,69
3219,8720,66688,11128,66688,1567,69
3219,8720,66689,11128,66689,1567,69
3219,8720,66690,11128,66690,1567,69
3219,8720,66691,11128,66691,1567,69
3219,8720,66692,11128,66692,1567,69
3219,8720,66693,11128,66693,1567,69
3219,8720,66694,11128,66694,1567,69
3219,8720,66695,11128,66695,1567,69
3219,8720,66696,11128,66696,1567,69
3219,8720,66697,11128,66697,1567,69
3219,8720,66698,11128,66698,1567,69
3219,8720,66699,11128,66699,1567,69
3219,8720,66700,11128,66700,1567,69
3219,8720,66701,11128,66701,1567,69
3219,8720,66702,11128,66702,1567,69
3219,8720,66703,11128,66703,1567,69
3219,8720,66704,11128,66704,1567,69
3219,8720,66705,11128,66705,1567,69
3219,8720,66706,11128,66706,1567,69
3219,8720,66707,11128,66707,1567,69
3219,8720,66708,11128,66708,1567,69
3219,8720,66709,11128,66709,1567,69
3219,8720,66710,11128,66710,1567,69
3219,8720,66711,11128,66711,1567,69
3219,8720,66712,11128,66712,1567,69
3219,8720,66713,11128,66713,1567,69
3219,8720,66714,11128,66714,1567,69
3219,8720,66715,11128,66715,1567,69
3219,8720,66716,11128,66716,1567,69
3219,8720,66717,11128,66717,1567,69
3219,8720,66718,11128,66718,1567,69
3219,8720,66719,11128,66719,1567,69
3219,8720,66720,11128,66720,1567,69
3219,8720,66721,11128,66721,1567,69
3219,8720,66722,11128,66722,1567,69
3219,8720,66723,11128,66723,1567,69
3219,8720,66724,11128,66724,1567,69
3219,8720,66725,11128,66725,1567,69
3219,8720,66726,11128,66726,1567,69
3219,8720,66727,11128,66727,1567,69
3219,8720,66728,11128,66728,1567,69
3219,8720,66729,11128,66729,1567,69
3219,8720,66730,11128,66730,1567,69
3219,8720,66731,11128,66731,1567,69
3219,8720,66732,11128,66732,1567,69
3219,8720,66733,11128,66733,1567,69
3219,8720,66734,11128,66734,1567,69
3219,8720,66735,11128,66735,1567,69
3219,8720,66736,11128,66736,1567,69
3219,8720,66737,11128,66737,1567,69
3219,8720,66738,11128,66738,1567,69
3219,8720,66739,11128,66739,1567,69
3219,8720,66740,11128,66740,1567,69
3219,8720,66741,11128,66741,1567,69
3219,8720,66742,11128,66742,1567,69
3219,8720,66743,11128,66743,1567,69
3219,8720,66744,11128,66744,1567,69
3219,8720,66745,11128,66745,1567,69
3219,8720,66746,11128,66746,1567,69
3219,8720,66747,11128,66747,1567,69
3219,8720,66748,11128,66748,1567,69
3219,8720,66749,11128,66749,1567,69
3219,8720,66750,11128,66750,1567,69
3219,8720,66751,11128,66751,1567,69
3219,8720,66752,11128,66752,1567,69
3219,8720,66753,11128,66753,1567,69
3219,8720,66754,11128,66754,1567,69
3219,8720,66755,11128,66755,1567,69
3219,8720,66756,11128,66756,1567,69
3219,8720,66757,11128,66757,1567,69
3219,8720,66758,11128,66758,1567,69
3219,8720,66759,11128,66759,1567,69
3219,8720,66760,11128,66760,1567,69
3219,8720,66761,11128,66761,1567,69
3219,8720,66762,11128,66762,1567,69
3219,8720,66763,11128,66763,1567,69
3219,8720,66764,11128,66764,1567,69
3219,8720,66765,11128,66765,1567,69
3219,8720,66766,11128,66766,1567,69
3219,8720,66767,11128,66767,1567,69
3219,8720,66768,11128,66768,1567,69
3219,8720,66769,11128,66769,1567,69
3219,8720,66770,11128,66770,1567,69
3219,8720,66771,11128,66771,1567,69
3219,8720,66772,11128,66772,1567,69
3219,8720,66773,11128,66773,1567,69
3219,8720,66774,11128,66774,1567,69
3219,8720,66775,11128,66775,1567,69
3219,8720,66776,11128,66776,1567,69
3219,8720,66777,11128,66777,1567,69
3219,8720,66778,11128,66778,1567,69
3219,8720,66779,11128,66779,1567,69
3219,8720,66780,11128,66780,1567,69
3219,8720,66781,11128,66781,1567,69
3219,8720,66782,11128,66782,1567,69
3219,8720,66783,11128,66783,1567,69
3219,8720,66784,11128,66784,1567,69
3219,8720,66785,11128,66785,1567,69
3219,8720,66786,11128,66786,1567,69
3219,8720,66787,11128,66787,1567,69
3219,8720,66788,11128,66788,1567,69
3219,8720,66789,11128,66789,1567,69
3219,8720,66790,11128,66790,1567,69
3219,8720,66791,11128,66791,1567,69
3219,8720,66792,11128,66792,1567,69
3219,8720,66793,11128,66793,1567,69
3219,8720,66794,11128,66794,1567,69
3219,8720,66795,11128,66795,1567,69
3219,8720,66796,11128,66796,1567,69
3219,8720,66797,11128,66797,1567,69
3219,8720,66798,11128,66798,1567,69
3219,8720,66799,11128,66799,1567,69
3219,8720,66800,11128,66800,1567,69
3219,8720,66801,11128,66801,1567,69
3219,8720,66802,11128,66802,1567,69
3219,8720,66803,11128,66803,1567,69
3219,8720,66804,11128,66804,1567,69
3219,8720,66805,11128,66805,1567,69
3219,8720,66806,11128,66806,1567,69
3219,8720,66807,11128,66807,1567,69
3219,8720,66808,11128,66808,1567,69
3219,8720,66809,11128,66809,1567,69
3219,8720,66810,11128,66810,1567,69
3219,8720,66811,11128,66811,1567,69
3219,8720,66812,11128,66812,1567,69
3219,8720,66813,11128,66813,1567,69
3219,8720,66814,11128,66814,1567,69
3219,8720,66815,11128,66815,1567,69
3219,8720,66816,11128,66816,1567,69
3219,8720,66817,11128,66817,1567,69
3219,8720,66818,11128,66818,1567,69
3219,8720,66819,11128,66819,1567,69
3219,8720,66820,11128,66820,1567,69
3219,8720,66821,11128,66821,1567,69
3219,8720,66822,11128,66822,1567,69
3219,8720,66823,11128,66823,1567,69
3219,8720,66824,11128,66824,1567,69
3219,8720,66825,11128,66825,1567,69
3219,8720,66826,11128,66826,1567,69
3219,8720,66827,11128,66827,1567,69
3219,8720,66828,11128,66828,1567,69
3219,8720,66829,11128,66829,1567,69
3219,8720,66830,11128,66830,1567,69
3219,8720,66831,11128,66831,1567,69
3219,8720,66832,11128,66832,1567,69
3219,8720,66833,11128,66833,1567,69
3219,8720,66834,11128,66834,1567,69
3219,8720,66835,11128,66835,1567,69
3219,8720,66836,11128,66836,1567,69
3219,8720,66837,11128,66837,1567,69
3219,8720,66838,11128,66838,1567,69
3219,8720,66839,11128,66839,1567,69
3219,8720,66840,11128,66840,1567,69
3219,8720,66841,11128,66841,1567,69
3219,8720,66842,11128,66842,1567,69
3219,8720,66843,11128,66843,1567,69
3219,8720,66844,11128,66844,1567,69
3219,8720,66845,11128,66845,1567,69
3219,8720,66846,11128,66846,1567,69
3219,8720,66847,11128,66847,1567,69
3219,8720,66848,11128,66848,1567,69
3219,8720,66849,11128,66849,1567,69
3219,8720,66850,11128,66850,1567,69
3219,8720,66851,11128,66851,1567,69
3219,8720,66852,11128,66852,1567,69
3219,8720,66853,11128,66853,1567,69
3219,8720,66854,11128,66854,1567,69
3219,8720,66855,11128,66855,1567,69
3219,8720,66856,11128,66856,1567,69
3219,8720,66857,11128,66857,1567,69
3219,8720,66858,11128,66858,1567,69
3219,8720,66859,11128,66859,1567,69
3219,8720,66860,11128,66860,1567,69
3219,8720,66861,11128,66861,1567,69
3219,8720,66862,11128,66862,1567,69
3219,8720,66863,11128,66863,1567,69
3219,8720,66864,11128,66864,1567,69
3219,8720,66865,11128,66865,1567,69
3219,8720,66866,11128,66866,1567,69
3219,8720,66867,11128,66867,1567,69
3219,8720,66868,11128,66868,1567,69
3219,8720,66869,11128,66869,1567,69
3219,8720,66870,11128,66870,1567,69
3219,8720,66871,11128,66871,1567,69
3219,8720,66872,11128,66872,1567,69
3219,8720,66873,11128,66873,1567,69
3219,8720,66874,11128,66874,1567,69
3219,8720,66875,11128,66875,1567,69
3219,8720,66876,11128,66876,1567,69
3220,8720,66877,11128,66877,1567,69
3220,8720,66878,11128,66878,1567,69
3220,8720,66879,11128,66879,1567,69
3220,8720,66880,11128,66880,1567,69
3220,8720,66881,11128,66881,1567,69
3220,8720,66882,11128,66882,1567,69
3220,8720,66883,11128,66883,1567,69
3220,8720,66884,11128,66884,1567,69
3220,8720,66885,11128,66885,1567,69
3220,8720,66886,11128,66886,1567,69
3220,8720,66887,11128,66887,1567,69
3220,8720,66888,11128,66888,1567,69
3220,8720,66889,11128,66889,1567,69
3220,8720,66890,11128,66890,1567,69
3220,8720,66891,11128,66891,1567,69
3220,8720,66892,11128,66892,1567,69
3220,8720,66893,11128,66893,1567,69
3220,8720,66894,11128,66894,1567,69
3220,8720,66895,11128,66895,1567,69
3220,8720,66896,11128,66896,1567,69
3220,8720,66897,11128,66897,1567,69
3220,8720,66898,11128,66898,1567,69
3220,8720,66899,11128,66899,1567,69
3220,8720,66900,11128,66900,1567,69
3220,8720,66901,11128,66901,1567,69
3220,8720,66902,11128,66902,1567,69
3220,8720,66903,11128,66903,1567,69
3220,8720,66904,11128,66904,1567,69
3220,8720,66905,11128,66905,1567,69
3220,8720,66906,11128,66906,1567,69
3220,8720,66907,11128,66907,1567,69
3220,8720,66908,11128,66908,1567,69
3220,8720,66909,11128,66909,1567,69
3220,8720,66910,11128,66910,1567,69
3220,8720,66911,11128,66911,1567,69
3220,8720,66912,11128,66912,1567,69
3220,8720,66913,11128,66913,1567,69
3220,8720,66914,11128,66914,1567,69
3220,8720,66915,11128,66915,1567,69
3220,8720,66916,11128,66916,1567,69
3220,8720,66917,11128,66917,1567,69
3220,8720,66918,11128,66918,1567,69
3220,8720,66919,11128,66919,1567,69
3220,8720,66920,11128,66920,1567,69
3220,8720,66921,11128,66921,1567,69
3220,8720,66922,11128,66922,1567,69
3220,8720,66923,11128,66923,1567,69
3220,8720,66924,11128,66924,1567,69
3220,8720,66925,11128,66925,1567,69
3220,8720,66926,11128,66926,1567,69
3220,8720,66927,11128,66927,1567,69
3220,8720,66928,11128,66928,1567,69
3220,8720,66929,11128,66929,1567,69
3220,8720,66930,11128,66930,1567,69
3220,8720,66931,11128,66931,1567,69
3220,8720,66932,11128,66932,1567,69
3220,8720,66933,11128,66933,1567,69
3220,8720,66934,11128,66934,1567,69
3220,8720,66935,11128,66935,1567,69
3220,8720,66936,11128,66936,1567,69
3220,8720,66937,11128,66937,1567,69
3220,8720,66938,11128,66938,1567,69
3220,8720,66939,11128,66939,1567,69
3220,8720,66940,11128,66940,1567,69
3220,8720,66941,11128,66941,1567,69
3220,8720,66942,11128,66942,1567,69
3220,8720,66943,11128,66943,1567,69
3220,8720,66944,11128,66944,1567,69
3220,8720,66945,11128,66945,1567,69
3220,8720,66946,11128,66946,1567,69
3220,8720,66947,11128,66947,1567,69
3220,8720,66948,11128,66948,1567,69
3220,8720,66949,11128,66949,1567,69
3220,8720,66950,11128,66950,1567,69
3220,8720,66951,11128,66951,1567,69
3220,8720,66952,11128,66952,1567,69
3220,8720,66953,11128,66953,1567,69
3220,8720,66954,11128,66954,1567,69
3220,8720,66955,11128,66955,1567,69
3220,8720,66956,11128,66956,1567,69
3220,8720,66957,11128,66957,1567,69
3220,8720,66958,11128,66958,1567,69
3220,8720,66959,11128,66959,1567,69
3220,8720,66960,11128,66960,1567,69
3220,8720,66961,11128,66961,1567,69
3220,8720,66962,11128,66962,1567,69
3220,8720,66963,11128,66963,1567,69
3220,8720,66964,11128,66964,1567,69
3220,8720,66965,11128,66965,1567,69
3220,8720,66966,11128,66966,1567,69
3220,8720,66967,11128,66967,1567,69
3220,8720,66968,11128,66968,1567,69
3220,8720,66969,11128,66969,1567,69
3220,8720,66970,11128,66970,1567,69
3220,8720,66971,11128,66971,1567,69
3220,8720,66972,11128,66972,1567,69
3220,8720,66973,11128,66973,1567,69
3220,8720,66974,11128,66974,1567,69
3220,8720,66975,11128,66975,1567,69
3220,8720,66976,11128,66976,1567,69
3220,8720,66977,11128,66977,1567,69
3220,8720,66978,11128,66978,1567,69
3220,8720,66979,11128,66979,1567,69
3220,8720,66980,11128,66980,1567,69
3220,8720,66981,11128,66981,1567,69
3220,8720,66982,11128,66982,1567,69
3220,8720,66983,11128,66983,1567,69
3220,8720,66984,11128,66984,1567,69
3220,8720,66985,11128,66985,1567,69
3220,8720,66986,11128,66986,1567,69
3220,8720,66987,11128,66987,1567,69
3220,8720,66988,11128,66988,1567,69
3220,8720,66989,11128,66989,1567,69
3220,8720,66990,11128,66990,1567,69
3220,8720,66991,11128,66991,1567,69
3220,8720,66992,11128,66992,1567,69
3220,8720,66993,11128,66993,1567,69
3220,8720,66994,11128,66994,1567,69
3220,8720,66995,11128,66995,1567,69
3220,8720,66996,11128,66996,1567,69
3220,8720,66997,11128,66997,1567,69
3220,8720,66998,11128,66998,1567,69
3220,8720,66999,11128,66999,1567,69
3220,8720,67000,11128,67000,1567,69
3220,8720,67001,11128,67001,1567,69
3220,8720,67002,11128,67002,1567,69
3220,8720,67003,11128,67003,1567,69
3220,8720,67004,11128,67004,1567,69
3220,8720,67005,11128,67005,1567,69
3220,8720,67006,11128,67006,1567,69
3220,8720,67007,11128,67007,1567,69
3220,8720,67008,11128,67008,1567,69
3220,8720,67009,11128,67009,1567,69
3220,8720,67010,11128,67010,1567,69
3220,8720,67011,11128,67011,1567,69
3220,8720,67012,11128,67012,1567,69
3220,8720,67013,11128,67013,1567,69
3220,8720,67014,11128,67014,1567,69
3220,8720,67015,11128,67015,1567,69
3220,8720,67016,11128,67016,1567,69
3220,8720,67017,11128,67017,1567,69
3220,8720,67018,11128,67018,1567,69
3220,8720,67019,11128,67019,1567,69
3220,8720,67020,11128,67020,1567,69
3220,8720,67021,11128,67021,1567,69
3220,8720,67022,11128,67022,1567,69
3220,8720,67023,11128,67023,1567,69
3220,8720,67024,11128,67024,1567,69
3220,8720,67025,11128,67025,1567,69
3220,8720,67026,11128,67026,1567,69
3220,8720,67027,11128,67027,1567,69
3220,8720,67028,11128,67028,1567,69
3220,8720,67029,11128,67029,1567,69
3220,8720,67030,11128,67030,1567,69
3220,8720,67031,11128,67031,1567,69
3220,8720,67032,11128,67032,1567,69
3220,8720,67033,11128,67033,1567,69
3220,8720,67034,11128,67034,1567,69
3220,8720,67035,11128,67035,1567,69
3220,8720,67036,11128,67036,1567,69
3220,8720,67037,11128,67037,1567,69
3220,8720,67038,11128,67038,1567,69
3220,8720,67039,11128,67039,1567,69
3220,8720,67040,11128,67040,1567,69
3220,8720,67041,11128,67041,1567,69
3220,8720,67042,11128,67042,1567,69
3220,8720,67043,11128,67043,1567,69
3220,8720,67044,11128,67044,1567,69
3220,8720,67045,11128,67045,1567,69
3220,8720,67046,11128,67046,1567,69
3220,8720,67047,11128,67047,1567,69
3220,8720,67048,11128,67048,1567,69
3220,8720,67049,11128,67049,1567,69
3220,8720,67050,11128,67050,1567,69
3220,8720,67051,11128,67051,1567,69
3220,8720,67052,11128,67052,1567,69
3220,8720,67053,11128,67053,1567,69
3220,8720,67054,11128,67054,1567,69
3220,8720,67055,11128,67055,1567,69
3220,8720,67056,11128,67056,1567,69
3220,8720,67057,11128,67057,1567,69
3220,8720,67058,11128,67058,1567,69
3220,8720,67059,11128,67059,1567,69
3220,8720,67060,11128,67060,1567,69
3220,8720,67061,11128,67061,1567,69
3220,8720,67062,11128,67062,1567,69
3220,8720,67063,11128,67063,1567,69
3220,8720,67064,11128,67064,1567,69
3220,8720,67065,11128,67065,1567,69
3220,8720,67066,11128,67066,1567,69
3220,8720,67067,11128,67067,1567,69
3220,8720,67068,11128,67068,1567,69
3220,8720,67069,11128,67069,1567,69
3220,8720,67070,11128,67070,1567,69
3220,8720,67071,11128,67071,1567,69
3220,8720,67072,11128,67072,1567,69
3220,8720,67073,11128,67073,1567,69
3220,8720,67074,11128,67074,1567,69
3220,8720,67075,11128,67075,1567,69
3220,8720,67076,11128,67076,1567,69
3220,8720,67077,11128,67077,1567,69
3220,8720,67078,11128,67078,1567,69
3220,8720,67079,11128,67079,1567,69
3220,8720,67080,11128,67080,1567,69
3220,8720,67081,11128,67081,1567,69
3220,8720,67082,11128,67082,1567,69
3220,8720,67083,11128,67083,1567,69
3220,8720,67084,11128,67084,1567,69
3220,8720,67085,11128,67085,1567,69
3220,8720,67086,11128,67086,1567,69
3220,8720,67087,11128,67087,1567,69
3220,8720,67088,11128,67088,1567,69
3220,8720,67089,11128,67089,1567,69
3220,8720,67090,11128,67090,1567,69
3220,8720,67091,11128,67091,1567,69
3220,8720,67092,11128,67092,1567,69
3220,8720,67093,11128,67093,1567,69
3220,8720,67094,11128,67094,1567,69
3220,8720,67095,11128,67095,1567,69
3220,8720,67096,11128,67096,1567,69
3220,8720,67097,11128,67097,1567,69
3220,8720,67098,11128,67098,1567,69
3220,8720,67099,11128,67099,1567,69
3220,8720,67100,11128,67100,1567,69
3220,8720,67101,11128,67101,1567,69
3220,8720,67102,11128,67102,1567,69
3220,8720,67103,11128,67103,1567,69
3220,8720,67104,11128,67104,1567,69
3220,8720,67105,11128,67105,1567,69
3220,8720,67106,11128,67106,1567,69
3220,8720,67107,11128,67107,1567,69
3220,8720,67108,11128,67108,1567,69
3220,8720,67109,11128,67109,1567,69
3220,8720,67110,11128,67110,1567,69
3220,8720,67111,11128,67111,1567,69
3220,8720,67112,11128,67112,1567,69
3220,8720,67113,11128,67113,1567,69
3220,8720,67114,11128,67114,1567,69
3220,8720,67115,11128,67115,1567,69
3220,8720,67116,11128,67116,1567,69
3220,8720,67117,11128,67117,1567,69
3220,8720,67118,11128,67118,1567,69
3220,8720,67119,11128,67119,1567,69
3220,8720,67120,11128,67120,1567,69
3220,8720,67121,11128,67121,1567,69
3220,8720,67122,11128,67122,1567,69
3220,8720,67123,11128,67123,1567,69
3220,8720,67124,11128,67124,1567,69
3220,8720,67125,11128,67125,1567,69
3220,8720,67126,11128,67126,1567,69
3220,8720,67127,11128,67127,1567,69
3220,8720,67128,11128,67128,1567,69
3220,8720,67129,11128,67129,1567,69
3220,8720,67130,11128,67130,1567,69
3220,8720,67131,11128,67131,1567,69
3220,8720,67132,11128,67132,1567,69
3220,8720,67133,11128,67133,1567,69
3220,8720,67134,11128,67134,1567,69
3220,8720,67135,11128,67135,1567,69
3220,8720,67136,11128,67136,1567,69
3220,8720,67137,11128,67137,1567,69
3220,8720,67138,11128,67138,1567,69
3220,8720,67139,11128,67139,1567,69
3220,8720,67140,11128,67140,1567,69
3220,8720,67141,11128,67141,1567,69
3220,8720,67142,11128,67142,1567,69
3220,8720,67143,11128,67143,1567,69
3220,8720,67144,11128,67144,1567,69
3220,8720,67145,11128,67145,1567,69
3220,8720,67146,11128,67146,1567,69
3220,8720,67147,11128,67147,1567,69
3220,8720,67148,11128,67148,1567,69
3220,8720,67149,11128,67149,1567,69
3220,8720,67150,11128,67150,1567,69
3220,8720,67151,11128,67151,1567,69
3220,8720,67152,11128,67152,1567,69
3220,8720,67153,11128,67153,1567,69
3220,8720,67154,11128,67154,1567,69
3220,8720,67155,11128,67155,1567,69
3220,8720,67156,11128,67156,1567,69
3220,8720,67157,11128,67157,1567,69
3220,8720,67158,11128,67158,1567,69
3220,8720,67159,11128,67159,1567,69
3220,8720,67160,11128,67160,1567,69
3220,8720,67161,11128,67161,1567,69
3220,8720,67162,11128,67162,1567,69
3220,8720,67163,11128,67163,1567,69
3220,8720,67164,11128,67164,1567,69
3220,8720,67165,11128,67165,1567,69
3220,8720,67166,11128,67166,1567,69
3220,8720,67167,11128,67167,1567,69
3220,8720,67168,11128,67168,1567,69
3220,8720,67169,11128,67169,1567,69
3220,8720,67170,11128,67170,1567,69
3220,8720,67171,11128,67171,1567,69
3220,8720,67172,11128,67172,1567,69
3220,8720,67173,11128,67173,1567,69
3220,8720,67174,11128,67174,1567,69
3220,8720,67175,11128,67175,1567,69
3220,8720,67176,11128,67176,1567,69
3220,8720,67177,11128,67177,1567,69
3220,8720,67178,11128,67178,1567,69
3220,8720,67179,11128,67179,1567,69
3220,8720,67180,11128,67180,1567,69
3220,8720,67181,11128,67181,1567,69
3220,8720,67182,11128,67182,1567,69
3220,8720,67183,11128,67183,1567,69
3220,8720,67184,11128,67184,1567,69
3220,8720,67185,11128,67185,1567,69
3220,8720,67186,11128,67186,1567,69
3220,8720,67187,11128,67187,1567,69
3220,8720,67188,11128,67188,1567,69
3220,8720,67189,11128,67189,1567,69
3220,8720,67190,11128,67190,1567,69
3220,8720,67191,11128,67191,1567,69
3220,8720,67192,11128,67192,1567,69
3220,8720,67193,11128,67193,1567,69
3221,8720,67194,11128,67194,1567,69
3221,8720,67195,11128,67195,1567,69
3221,8720,67196,11128,67196,1567,69
3221,8720,67197,11128,67197,1567,69
3221,8720,67198,11128,67198,1567,69
3221,8720,67199,11128,67199,1567,69
3221,8720,67200,11128,67200,1567,69
3221,8720,67201,11128,67201,1567,69
3221,8720,67202,11128,67202,1567,69
3221,8720,67203,11128,67203,1567,69
3221,8720,67204,11128,67204,1567,69
3221,8720,67205,11128,67205,1567,69
3221,8720,67206,11128,67206,1567,69
3221,8720,67207,11128,67207,1567,69
3221,8720,67208,11128,67208,1567,69
3221,8720,67209,11128,67209,1567,69
3221,8720,67210,11128,67210,1567,69
3221,8720,67211,11128,67211,1567,69
3221,8720,67212,11128,67212,1567,69
3221,8720,67213,11128,67213,1567,69
3221,8720,67214,11128,67214,1567,69
3221,8720,67215,11128,67215,1567,69
3221,8720,67216,11128,67216,1567,69
3221,8720,67217,11128,67217,1567,69
3221,8720,67218,11128,67218,1567,69
3221,8720,67219,11128,67219,1567,69
3221,8720,67220,11128,67220,1567,69
3221,8720,67221,11128,67221,1567,69
3221,8720,67222,11128,67222,1567,69
3221,8720,67223,11128,67223,1567,69
3221,8720,67224,11128,67224,1567,69
3221,8720,67225,11128,67225,1567,69
3221,8720,67226,11128,67226,1567,69
3221,8720,67227,11128,67227,1567,69
3221,8720,67228,11128,67228,1567,69
3221,8720,67229,11128,67229,1567,69
3221,8720,67230,11128,67230,1567,69
3221,8720,67231,11128,67231,1567,69
3221,8720,67232,11128,67232,1567,69
3221,8720,67233,11128,67233,1567,69
3221,8720,67234,11128,67234,1567,69
3221,8720,67235,11128,67235,1567,69
3221,8720,67236,11128,67236,1567,69
3221,8720,67237,11128,67237,1567,69
3221,8720,67238,11128,67238,1567,69
3221,8720,67239,11128,67239,1567,69
3221,8720,67240,11128,67240,1567,69
3221,8720,67241,11128,67241,1567,69
3221,8720,67242,11128,67242,1567,69
3221,8720,67243,11128,67243,1567,69
3221,8720,67244,11128,67244,1567,69
3221,8720,67245,11128,67245,1567,69
3221,8720,67246,11128,67246,1567,69
3221,8720,67247,11128,67247,1567,69
3221,8720,67248,11128,67248,1567,69
3221,8720,67249,11128,67249,1567,69
3221,8720,67250,11128,67250,1567,69
3221,8720,67251,11128,67251,1567,69
3221,8720,67252,11128,67252,1567,69
3220,8720,67253,11128,67253,1567,69
3220,8720,67254,11128,67254,1567,69
3220,8720,67255,11128,67255,1567,69
3220,8720,67256,11128,67256,1567,69
3220,8720,67257,11128,67257,1567,69
3220,8720,67258,11128,67258,1567,69
3220,8720,67259,11128,67259,1567,69
3220,8720,67260,11128,67260,1567,69
3220,8720,67261,11128,67261,1567,69
3220,8720,67262,11128,67262,1567,69
3220,8720,67263,11128,67263,1567,69
3219,8720,67264,11128,67264,1567,69
3219,8720,67265,11128,67265,1567,69
3219,8720,67266,11128,67266,1567,69
3219,8720,67267,11128,67267,1567,69
3219,8720,67268,11128,67268,1567,69
3219,8720,67269,11128,67269,1567,69
3219,8720,67270,11128,67270,1567,69
3219,8720,67271,11128,67271,1567,69
3219,8720,67272,11128,67272,1567,69
3219,8720,67273,11128,67273,1567,69
3219,8720,67274,11128,67274,1567,69
3219,8720,67275,11128,67275,1567,69
3219,8720,67276,11128,67276,1567,69
3219,8720,67277,11128,67277,1567,69
3219,8720,67278,11128,67278,1567,69
3219,8720,67279,11128,67279,1567,69
3219,8720,67280,11128,67280,1567,69
3219,8720,67281,11128,67281,1567,69
3219,8720,67282,11128,67282,1567,69
3219,8720,67283,11128,67283,1567,69
3219,8720,67284,11128,67284,1567,69
3219,8720,67285,11128,67285,1567,69
3219,8720,67286,11128,67286,1567,69
3219,8720,67287,11128,67287,1567,69
3219,8720,67288,11128,67288,1567,69
3219,8720,67289,11128,67289,1567,69
3219,8720,67290,11128,67290,1567,69
3219,8720,67291,11128,67291,1567,69
3219,8720,67292,11128,67292,1567,69
3219,8720,67293,11128,67293,1567,69
3219,8720,67294,11128,67294,1567,69
3219,8720,67295,11128,67295,1567,69
3219,8720,67296,11128,67296,1567,69
3219,8720,67297,11128,67297,1567,69
3219,8720,67298,11128,67298,1567,69
3219,8720,67299,11128,67299,1567,69
3218,8720,67300,11128,67300,1567,69
3218,8720,67301,11128,67301,1567,69
3218,8720,67302,11128,67302,1567,69
3218,8720,67303,11128,67303,1567,69
3218,8720,67304,11128,67304,1567,69
3218,8720,67305,11128,67305,1567,69
3218,8720,67306,11128,67306,1567,69
3218,8720,67307,11128,67307,1567,69
3218,8720,67308,11128,67308,1567,69
3218,8720,67309,11128,67309,1567,69
3218,8720,67310,11128,67310,1567,69
3218,8720,67311,11128,67311,1567,69
3218,8720,67312,11128,67312,1567,69
3218,8720,67313,11128,67313,1567,69
3218,8720,67314,11128,67314,1567,69
3218,8720,67315,11128,67315,1567,69
3218,8720,67316,11128,67316,1567,69
3218,8720,67317,11128,67317,1567,69
3218,8720,67318,11128,67318,1567,69
3218,8720,67319,11128,67319,1567,69
3218,8720,67320,11128,67320,1567,69
3218,8720,67321,11128,67321,1567,69
3218,8720,67322,11128,67322,1567,69
3218,8720,67323,11128,67323,1567,69
3218,8720,67324,11128,67324,1567,69
3218,8720,67325,11128,67325,1567,69
3218,8720,67326,11128,67326,1567,69
3218,8720,67327,11128,67327,1567,69
3218,8720,67328,11128,67328,1567,69
3218,8720,67329,11128,67329,1567,69
3218,8720,67330,11128,67330,1567,69
3218,8720,67331,11128,67331,1567,69
3218,8720,67332,11128,67332,1567,69
3218,8720,67333,11128,67333,1567,69
3218,8720,67334,11128,67334,1567,69
3218,8720,67335,11128,67335,1567,69
3218,8720,67336,11128,67336,1567,69
3218,8720,67337,11128,67337,1567,69
3218,8720,67338,11128,67338,1567,69
3218,8720,67339,11128,67339,1567,69
3218,8720,67340,11128,67340,1567,69
3218,8720,67341,11128,67341,1567,69
3218,8720,67342,11128,67342,1567,69
3218,8720,67343,11128,67343,1567,69
3218,8720,67344,11128,67344,1567,69
3218,8720,67345,11128,67345,1567,69
3218,8720,67346,11128,67346,1567,69
3218,8720,67347,11128,67347,1567,69
3218,8720,67348,11128,67348,1567,69
3218,8720,67349,11128,67349,1567,69
3218,8720,67350,11128,67350,1567,69
3218,8720,67351,11128,67351,1567,69
3218,8720,67352,11128,67352,1567,69
3218,8720,67353,11128,67353,1567,69
3218,8720,67354,11128,67354,1567,69
3218,8720,67355,11128,67355,1567,69
3218,8720,67356,11128,67356,1567,69
3218,8720,67357,11128,67357,1567,69
3218,8720,67358,11128,67358,1567,69
3218,8720,67359,11128,67359,1567,69
3218,8720,67360,11128,67360,1567,69
3218,8720,67361,11128,67361,1567,69
3218,8720,67362,11128,67362,1567,69
3218,8720,67363,11128,67363,1567,69
3218,8720,67364,11128,67364,1567,69
3218,8720,67365,11128,67365,1567,69
3218,8720,67366,11128,67366,1567,69
3218,8720,67367,11128,67367,1567,69
3218,8720,67368,11128,67368,1567,69
3218,8720,67369,11128,67369,1567,69
3218,8720,67370,11128,67370,1567,69
3218,8720,67371,11128,67371,1567,69
3218,8720,67372,11128,67372,1567,69
3218,8720,67373,11128,67373,1567,69
3218,8720,67374,11128,67374,1567,69
3218,8720,67375,11128,67375,1567,69
3218,8720,67376,11128,67376,1567,69
3218,8720,67377,11128,67377,1567,69
3218,8720,67378,11128,67378,1567,69
3218,8720,67379,11128,67379,1567,69
3218,8720,67380,11128,67380,1567,69
3218,8720,67381,11128,67381,1567,69
3218,8720,67382,11128,67382,1567,69
3218,8720,67383,11128,67383,1567,69
3218,8720,67384,11128,67384,1567,69
3218,8720,67385,11128,67385,1567,69
3218,8720,67386,11128,67386,1567,69
3218,8720,67387,11128,67387,1567,69
3218,8720,67388,11128,67388,1567,69
3218,8720,67389,11128,67389,1567,69
3218,8720,67390,11128,67390,1567,69
3218,8720,67391,11128,67391,1567,69
3218,8720,67392,11128,67392,1567,69
3218,8720,67393,11128,67393,1567,69
3218,8720,67394,11128,67394,1567,69
3218,8720,67395,11128,67395,1567,69
3218,8720,67396,11128,67396,1567,69
3218,8720,67397,11128,67397,1567,69
3218,8720,67398,11128,67398,1567,69
3218,8720,67399,11128,67399,1567,69
3218,8720,67400,11128,67400,1567,69
3218,8720,67401,11128,67401,1567,69
3218,8720,67402,11128,67402,1567,69
3218,8720,67403,11128,67403,1567,69
3218,8720,67404,11128,67404,1567,69
3218,8720,67405,11128,67405,1567,69
3218,8720,67406,11128,67406,1567,69
3218,8720,67407,11128,67407,1567,69
3218,8720,67408,11128,67408,1567,69
3218,8720,67409,11128,67409,1567,69
3218,8720,67410,11128,67410,1567,69
3218,8720,67411,11128,67411,1567,69
3218,8720,67412,11128,67412,1567,69
3218,8720,67413,11128,67413,1567,69
3218,8720,67414,11128,67414,1567,69
3218,8720,67415,11128,67415,1567,69
3218,8720,67416,11128,67416,1567,69
3218,8720,67417,11128,67417,1567,69
3218,8720,67418,11128,67418,1567,69
3218,8720,67419,11128,67419,1567,69
3218,8720,67420,11128,67420,1567,69
3218,8720,67421,11128,67421,1567,69
3218,8720,67422,11128,67422,1567,69
3218,8720,67423,11128,67423,1567,69
3218,8720,67424,11128,67424,1567,69
3218,8720,67425,11128,67425,1567,69
3218,8720,67426,11128,67426,1567,69
3218,8720,67427,11128,67427,1567,69
3218,8720,67428,11128,67428,1567,69
3218,8720,67429,11128,67429,1567,69
3218,8720,67430,11128,67430,1567,69
3218,8720,67431,11128,67431,1567,69
3218,8720,67432,11128,67432,1567,69
3218,8720,67433,11128,67433,1567,69
3218,8720,67434,11128,67434,1567,69
3218,8720,67435,11128,67435,1567,69
3218,8720,67436,11128,67436,1567,69
3218,8720,67437,11128,67437,1567,69
3218,8720,67438,11128,67438,1567,69
3218,8720,67439,11128,67439,1567,69
3218,8720,67440,11128,67440,1567,69
3218,8720,67441,11128,67441,1567,69
3218,8720,67442,11128,67442,1567,69
3218,8720,67443,11128,67443,1567,69
3218,8720,67444,11128,67444,1567,69
3218,8720,67445,11128,67445,1567,69
3218,8720,67446,11128,67446,1567,69
3218,8720,67447,11128,67447,1567,69
3218,8720,67448,11128,67448,1567,69
3218,8720,67449,11128,67449,1567,69
3218,8720,67450,11128,67450,1567,69
3218,8720,67451,11128,67451,1567,69
3218,8720,67452,11128,67452,1567,69
3218,8720,67453,11128,67453,1567,69
3218,8720,67454,11128,67454,1567,69
3218,8720,67455,11128,67455,1567,69
3218,8720,67456,11128,67456,1567,69
3218,8720,67457,11128,67457,1567,69
3218,8720,67458,11128,67458,1567,69
3218,8720,67459,11128,67459,1567,69
3218,8720,67460,11128,67460,1567,69
3218,8720,67461,11128,67461,1567,69
3218,8720,67462,11128,67462,1567,69
3218,8720,67463,11128,67463,1567,69
3218,8720,67464,11128,67464,1567,69
3218,8720,67465,11128,67465,1567,69
3218,8720,67466,11128,67466,1567,69
3218,8720,67467,11128,67467,1567,69
3218,8720,67468,11128,67468,1567,69
3218,8720,67469,11128,67469,1567,69
3218,8720,67470,11128,67470,1567,69
3218,8720,67471,11128,67471,1567,69
3218,8720,67472,11128,67472,1567,69
3218,8720,67473,11128,67473,1567,69
3218,8720,67474,11128,67474,1567,69
3218,8720,67475,11128,67475,1567,69
3219,8720,67476,11128,67476,1567,69
3219,8720,67477,11128,67477,1567,69
3219,8720,67478,11128,67478,1567,69
3219,8720,67479,11128,67479,1567,69
3219,8720,67480,11128,67480,1567,69
3219,8720,67481,11128,67481,1567,69
3219,8720,67482,11128,67482,1567,69
3219,8720,67483,11128,67483,1567,69
3219,8720,67484,11128,67484,1567,69
3219,8720,67485,11128,67485,1567,69
3219,8720,67486,11128,67486,1567,69
3219,8720,67487,11128,67487,1567,69
3219,8720,67488,11128,67488,1567,69
3219,8720,67489,11128,67489,1567,69
3219,8720,67490,11128,67490,1567,69
3219,8720,67491,11128,67491,1567,69
3219,8720,67492,11128,67492,1567,69
3219,8720,67493,11128,67493,1567,69
3219,8720,67494,11128,67494,1567,69
3219,8720,67495,11128,67495,1567,69
3219,8720,67496,11128,67496,1567,69
3219,8720,67497,11128,67497,1567,69
3219,8720,67498,11128,67498,1567,69
3219,8720,67499,11128,67499,1567,69
3219,8720,67500,11128,67500,1567,69
3219,8720,67501,11128,67501,1567,69
3219,8720,67502,11128,67502,1567,69
3219,8720,67503,11128,67503,1567,69
3219,8720,67504,11128,67504,1567,69
3219,8720,67505,11128,67505,1567,69
3219,8720,67506,11128,67506,1567,69
3219,8720,67507,11128,67507,1567,69
3219,8720,67508,11128,67508,1567,69
3219,8720,67509,11128,67509,1567,69
3219,8720,67510,11128,67510,1567,69
3219,8720,67511,11128,67511,1567,69
3219,8720,67512,11128,67512,1567,69
3219,8720,67513,11128,67513,1567,69
3219,8720,67514,11128,67514,1567,69
3219,8720,67515,11128,67515,1567,69
3219,8720,67516,11128,67516,1567,69
3219,8720,67517,11128,67517,1567,69
3219,8720,67518,11128,67518,1567,69
3219,8720,67519,11128,67519,1567,69
3219,8720,67520,11128,67520,1567,69
3219,8720,67521,11128,67521,1567,69
3219,8720,67522,11128,67522,1567,69
3219,8720,67523,11128,67523,1567,69
3219,8720,67524,11128,67524,1567,69
3219,8720,67525,11128,67525,1567,69
3219,8720,67526,11128,67526,1567,69
3219,8720,67527,11128,67527,1567,69
3219,8720,67528,11128,67528,1567,69
3219,8720,67529,11128,67529,1567,69
3219,8720,67530,11128,67530,1567,69
3219,8720,67531,11128,67531,1567,69
3219,8720,67532,11128,67532,1567,69
3219,8720,67533,11128,67533,1567,69
3219,8720,67534,11128,67534,1567,69
3219,8720,67535,11128,67535,1567,69
3219,8720,67536,11128,67536,1567,69
3219,8720,67537,11128,67537,1567,69
3219,8720,67538,11128,67538,1567,69
3219,8720,67539,11128,67539,1567,69
3219,8720,67540,11128,67540,1567,69
3219,8720,67541,11128,67541,1567,69
3219,8720,67542,11128,67542,1567,69
3219,8720,67543,11128,67543,1567,69
3219,8720,67544,11128,67544,1567,69
3219,8720,67545,11128,67545,1567,69
3219,8720,67546,11128,67546,1567,69
3219,8720,67547,11128,67547,1567,69
3219,8720,67548,11128,67548,1567,69
3219,8720,67549,11128,67549,1567,69
3219,8720,67550,11128,67550,1567,69
3219,8720,67551,11128,67551,1567,69
3219,8720,67552,11128,67552,1567,69
3219,8720,67553,11128,67553,1567,69
3219,8720,67554,11128,67554,1567,69
3219,8720,67555,11128,67555,1567,69
3219,8720,67556,11128,67556,1567,69
3219,8720,67557,11128,67557,1567,69
3219,8720,67558,11128,67558,1567,69
3219,8720,67559,11128,67559,1567,69
3219,8720,67560,11128,67560,1567,69
3219,8720,67561,11128,67561,1567,69
3219,8720,67562,11128,67562,1567,69
3219,8720,67563,11128,67563,1567,69
3219,8720,67564,11128,67564,1567,69
3219,8720,67565,11128,67565,1567,69
3219,8720,67566,11128,67566,1567,69
3219,8720,67567,11128,67567,1567,69
3219,8720,67568,11128,67568,1567,69
3219,8720,67569,11128,67569,1567,69
3219,8720,67570,11128,67570,1567,69
3219,8720,67571,11128,67571,1567,69
3219,8720,67572,11128,67572,1567,69
3219,8720,67573,11128,67573,1567,69
3219,8720,67574,11128,67574,1567,69
3219,8720,67575,11128,67575,1567,69
3219,8720,67576,11128,67576,1567,69
3219,8720,67577,11128,67577,1567,69
3219,8720,67578,11128,67578,1567,69
3219,8720,67579,11128,67579,1567,69
3219,8720,67580,11128,67580,1567,69
3219,8720,67581,11128,67581,1567,69
3219,8720,67582,11128,67582,1567,69
3219,8720,67583,11128,67583,1567,69
3219,8720,67584,11128,67584,1567,69
3219,8720,67585,11128,67585,1567,69
3219,8720,67586,11128,67586,1567,69
3219,8720,67587,11128,67587,1567,69
3219,8720,67588,11128,67588,1567,69
3219,8720,67589,11128,67589,1567,69
3219,8720,67590,11128,67590,1567,69
3219,8720,67591,11128,67591,1567,69
3219,8720,67592,11128,67592,1567,69
3219,8720,67593,11128,67593,1567,69
3219,8720,67594,11128,67594,1567,69
3219,8720,67595,11128,67595,1567,69
3219,8720,67596,11128,67596,1567,69
3219,8720,67597,11128,67597,1567,69
3219,8720,67598,11128,67598,1567,69
3219,8720,67599,11128,67599,1567,69
3219,8720,67600,11128,67600,1567,69
3219,8720,67601,11128,67601,1567,69
3219,8720,67602,11128,67602,1567,69
3219,8720,67603,11128,67603,1567,69
3219,8720,67604,11128,67604,1567,69
3219,8720,67605,11128,67605,1567,69
3219,8720,67606,11128,67606,1567,69
3219,8720,67607,11128,67607,1567,69
3219,8720,67608,11128,67608,1567,69
3219,8720,67609,11128,67609,1567,69
3219,8720,67610,11128,67610,1567,69
3219,8720,67611,11128,67611,1567,69
3220,8720,67612,11128,67612,1567,69
3220,8720,67613,11128,67613,1567,69
3220,8720,67614,11128,67614,1567,69
3220,8720,67615,11128,67615,1567,69
3220,8720,67616,11128,67616,1567,69
3220,8720,67617,11128,67617,1567,69
3220,8720,67618,11128,67618,1567,69
3220,8720,67619,11128,67619,1567,69
3220,8720,67620,11128,67620,1567,69
3220,8720,67621,11128,67621,1567,69
3220,8720,67622,11128,67622,1567,69
3220,8720,67623,11128,67623,1567,69
3220,8720,67624,11128,67624,1567,69
3220,8720,67625,11128,67625,1567,69
3220,8720,67626,11128,67626,1567,69
3220,8720,67627,11128,67627,1567,69
3220,8720,67628,11128,67628,1567,69
3220,8720,67629,11128,67629,1567,69
3220,8720,67630,11128,67630,1567,69
3220,8720,67631,11128,67631,1567,69
3220,8720,67632,11128,67632,1567,69
3220,8720,67633,11128,67633,1567,69
3220,8720,67634,11128,67634,1567,69
3220,8720,67635,11128,67635,1567,69
3220,8720,67636,11128,67636,1567,69
3220,8720,67637,11128,67637,1567,69
3220,8720,67638,11128,67638,1567,69
3219,8720,67639,11128,67639,1567,69
3219,8720,67640,11128,67640,1567,69
3219,8720,67641,11128,67641,1567,69
3219,8720,67642,11128,67642,1567,69
3219,8720,67643,11128,67643,1567,69
3219,8720,67644,11128,67644,1567,69
3219,8720,67645,11128,67645,1567,69
3219,8720,67646,11128,67646,1567,69
3219,8720,67647,11128,67647,1567,69
3219,8720,67648,11128,67648,1567,69
3219,8720,67649,11128,67649,1567,69
3219,8720,67650,11128,67650,1567,69
3219,8720,67651,11128,67651,1567,69
3219,8720,67652,11128,67652,1567,69
3219,8720,67653,11128,67653,1567,69
3219,8720,67654,11128,67654,1567,69
3219,8720,67655,11128,67655,1567,69
3219,8720,67656,11128,67656,1567,69
3219,8720,67657,11128,67657,1567,69
3219,8720,67658,11128,67658,1567,69
3219,8720,67659,11128,67659,1567,69
3219,8720,67660,11128,67660,1567,69
3219,8720,67661,11128,67661,1567,69
3219,8720,67662,11128,67662,1567,69
3219,8720,67663,11128,67663,1567,69
3219,8720,67664,11128,67664,1567,69
3219,8720,67665,11128,67665,1567,69
3219,8720,67666,11128,67666,1567,69
3219,8720,67667,11128,67667,1567,69
3219,8720,67668,11128,67668,1567,69
3219,8720,67669,11128,67669,1567,69
3219,8720,67670,11128,67670,1567,69
3219,8720,67671,11128,67671,1567,69
3219,8720,67672,11128,67672,1567,69
3219,8720,67673,11128,67673,1567,69
3219,8720,67674,11128,67674,1567,69
3219,8720,67675,11128,67675,1567,69
3219,8720,67676,11128,67676,1567,69
3219,8720,67677,11128,67677,1567,69
3219,8720,67678,11128,67678,1567,69
3219,8720,67679,11128,67679,1567,69
3219,8720,67680,11128,67680,1567,69
3219,8720,67681,11128,67681,1567,69
3219,8720,67682,11128,67682,1567,69
3219,8720,67683,11128,67683,1567,69
3219,8720,67684,11128,67684,1567,69
3219,8720,67685,11128,67685,1567,69
3219,8720,67686,11128,67686,1567,69
3219,8720,67687,11128,67687,1567,69
3219,8720,67688,11128,67688,1567,69
3219,8720,67689,11128,67689,1567,69
3219,8720,67690,11128,67690,1567,69
3219,8720,67691,11128,67691,1567,69
3219,8720,67692,11128,67692,1567,69
3219,8720,67693,11128,67693,1567,69
3219,8720,67694,11128,67694,1567,69
3219,8720,67695,11128,67695,1567,69
3219,8720,67696,11128,67696,1567,69
3219,8720,67697,11128,67697,1567,69
3219,8720,67698,11128,67698,1567,69
3219,8720,67699,11128,67699,1567,69
3219,8720,67700,11128,67700,1567,69
3219,8720,67701,11128,67701,1567,69
3219,8720,67702,11128,67702,1567,69
3219,8720,67703,11128,67703,1567,69
3219,8720,67704,11128,67704,1567,69
3219,8720,67705,11128,67705,1567,69
3219,8720,67706,11128,67706,1567,69
3219,8720,67707,11128,67707,1567,69
3219,8720,67708,11128,67708,1567,69
3219,8720,67709,11128,67709,1567,69
3219,8720,67710,11128,67710,1567,69
3219,8720,67711,11128,67711,1567,69
3219,8720,67712,11128,67712,1567,69
3219,8720,67713,11128,67713,1567,69
3219,8720,67714,11128,67714,1567,69
3219,8720,67715,11128,67715,1567,69
3219,8720,67716,11128,67716,1567,69
3219,8720,67717,11128,67717,1567,69
3219,8720,67718,11128,67718,1567,69
3219,8720,67719,11128,67719,1567,69
3219,8720,67720,11128,67720,1567,69
3219,8720,67721,11128,67721,1567,69
3219,8720,67722,11128,67722,1567,69
3219,8720,67723,11128,67723,1567,69
3219,8720,67724,11128,67724,1567,69
3219,8720,67725,11128,67725,1567,69
3219,8720,67726,11128,67726,1567,69
3219,8720,67727,11128,67727,1567,69
3219,8720,67728,11128,67728,1567,69
3219,8720,67729,11128,67729,1567,69
3219,8720,67730,11128,67730,1567,69
3219,8720,67731,11128,67731,1567,69
3219,8720,67732,11128,67732,1567,69
3219,8720,67733,11128,67733,1567,69
3219,8720,67734,11128,67734,1567,69
3219,8720,67735,11128,67735,1567,69
3219,8720,67736,11128,67736,1567,69
3219,8720,67737,11128,67737,1567,69
3219,8720,67738,11128,67738,1567,69
3219,8720,67739,11128,67739,1567,69
3219,8720,67740,11128,67740,1567,69
3219,8720,67741,11128,67741,1567,69
3219,8720,67742,11128,67742,1567,69
3219,8720,67743,11128,67743,1567,69
3219,8720,67744,11128,67744,1567,69
3219,8720,67745,11128,67745,1567,69
3219,8720,67746,11128,67746,1567,69
3219,8720,67747,11128,67747,1567,69
3219,8720,67748,11128,67748,1567,69
3219,8720,67749,11128,67749,1567,69
3219,8720,67750,11128,67750,1567,69
3219,8720,67751,11128,67751,1567,69
3219,8720,67752,11128,67752,1567,69
3219,8720,67753,11128,67753,1567,69
3219,8720,67754,11128,67754,1567,69
3219,8720,67755,11128,67755,1567,69
3219,8720,67756,11128,67756,1567,69
3219,8720,67757,11128,67757,1567,69
3219,8720,67758,11128,67758,1567,69
3219,8720,67759,11128,67759,1567,69
3219,8720,67760,11128,67760,1567,69
3219,8720,67761,11128,67761,1567,69
3219,8720,67762,11128,67762,1567,69
3219,8720,67763,11128,67763,1567,69
3219,8720,67764,11128,67764,1567,69
3219,8720,67765,11128,67765,1567,69
3219,8720,67766,11128,67766,1567,69
3219,8720,67767,11128,67767,1567,69
3219,8720,67768,11128,67768,1567,69
3219,8720,67769,11128,67769,1567,69
3219,8720,67770,11128,67770,1567,69
3219,8720,67771,11128,67771,1567,69
3219,8720,67772,11128,67772,1567,69
3219,8720,67773,11128,67773,1567,69
3219,8720,67774,11128,67774,1567,69
3219,8720,67775,11128,67775,1567,69
3219,8720,67776,11128,67776,1567,69
3219,8720,67777,11128,67777,1567,69
3219,8720,67778,11128,67778,1567,69
3219,8720,67779,11128,67779,1567,69
3219,8720,67780,11128,67780,1567,69
3219,8720,67781,11128,67781,1567,69
3219,8720,67782,11128,67782,1567,69
3219,8720,67783,11128,67783,1567,69
3219,8720,67784,11128,67784,1567,69
3219,8720,67785,11128,67785,1567,69
3219,8720,67786,11128,67786,1567,69
3219,8720,67787,11128,67787,1567,69
3219,8720,67788,11128,67788,1567,69
3219,8720,67789,11128,67789,1567,69
3219,8720,67790,11128,67790,1567,69
3219,8720,67791,11128,67791,1567,69
3219,8720,67792,11128,67792,1567,69
3219,8720,67793,11128,67793,1567,69
3219,8720,67794,11128,67794,1567,69
3219,8720,67795,11128,67795,1567,69
3219,8720,67796,11128,67796,1567,69
3219,8720,67797,11128,67797,1567,69
3219,8720,67798,11128,67798,1567,69
3219,8720,67799,11128,67799,1567,69
3219,8720,67800,11128,67800,1567,69
3219,8720,67801,11128,67801,1567,69
3219,8720,67802,11128,67802,1567,69
3219,8720,67803,11128,67803,1567,69
3219,8720,67804,11128,67804,1567,69
3219,8720,67805,11128,67805,1567,69
3219,8720,67806,11128,67806,1567,69
3219,8720,67807,11128,67807,1567,69
3219,8720,67808,11128,67808,1567,69
3219,8720,67809,11128,67809,1567,69
3219,8720,67810,11128,67810,1567,69
3219,8720,67811,11128,67811,1567,69
3219,8720,67812,11128,67812,1567,69
3219,8720,67813,11128,67813,1567,69
3219,8720,67814,11128,67814,1567,69
3219,8720,67815,11128,67815,1567,69
3219,8720,67816,11128,67816,1567,69
3219,8720,67817,11128,67817,1567,69
3219,8720,67818,11128,67818,1567,69
3219,8720,67819,11128,67819,1567,69
3219,8720,67820,11128,67820,1567,69
3219,8720,67821,11128,67821,1567,69
3219,8720,67822,11128,67822,1567,69
3219,8720,67823,11128,67823,1567,69
3219,8720,67824,11128,67824,1567,69
3219,8720,67825,11128,67825,1567,69
3219,8720,67826,11128,67826,1567,69
3220,8720,67827,11128,67827,1567,69
3220,8720,67828,11128,67828,1567,69
3220,8720,67829,11128,67829,1567,69
3220,8720,67830,11128,67830,1567,69
3220,8720,67831,11128,67831,1567,69
3220,8720,67832,11128,67832,1567,69
3220,8720,67833,11128,67833,1567,69
3220,8720,67834,11128,67834,1567,69
3220,8720,67835,11128,67835,1567,69
3220,8720,67836,11128,67836,1567,69
3220,8720,67837,11128,67837,1567,69
3220,8720,67838,11128,67838,1567,69
3220,8720,67839,11128,67839,1567,69
3220,8720,67840,11128,67840,1567,69
3220,8720,67841,11128,67841,1567,69
3220,8720,67842,11128,67842,1567,69
3220,8720,67843,11128,67843,1567,69
3220,8720,67844,11128,67844,1567,69
3220,8720,67845,11128,67845,1567,69
3220,8720,67846,11128,67846,1567,69
3220,8720,67847,11128,67847,1567,69
3220,8720,67848,11128,67848,1567,69
3220,8720,67849,11128,67849,1567,69
3220,8720,67850,11128,67850,1567,69
3220,8720,67851,11128,67851,1567,69
3220,8720,67852,11128,67852,1567,69
3220,8720,67853,11128,67853,1567,69
3220,8720,67854,11128,67854,1567,69
3220,8720,67855,11128,67855,1567,69
3220,8720,67856,11128,67856,1567,69
3220,8720,67857,11128,67857,1567,69
3220,8720,67858,11128,67858,1567,69
3220,8720,67859,11128,67859,1567,69
3220,8720,67860,11128,67860,1567,69
3220,8720,67861,11128,67861,1567,69
3220,8720,67862,11128,67862,1567,69
3220,8720,67863,11128,67863,1567,69
3220,8720,67864,11128,67864,1567,69
3220,8720,67865,11128,67865,1567,69
3220,8720,67866,11128,67866,1567,69
3220,8720,67867,11128,67867,1567,69
3220,8720,67868,11128,67868,1567,69
3220,8720,67869,11128,67869,1567,69
3220,8720,67870,11128,67870,1567,69
3220,8720,67871,11128,67871,1567,69
3220,8720,67872,11128,67872,1567,69
3220,8720,67873,11128,67873,1567,69
3220,8720,67874,11128,67874,1567,69
3220,8720,67875,11128,67875,1567,69
3220,8720,67876,11128,67876,1567,69
3220,8720,67877,11128,67877,1567,69
3220,8720,67878,11128,67878,1567,69
3220,8720,67879,11128,67879,1567,69
3220,8720,67880,11128,67880,1567,69
3220,8720,67881,11128,67881,1567,69
3220,8720,67882,11128,67882,1567,69
3220,8720,67883,11128,67883,1567,69
3220,8720,67884,11128,67884,1567,69
3220,8720,67885,11128,67885,1567,69
3220,8720,67886,11128,67886,1567,69
3220,8720,67887,11128,67887,1567,69
3220,8720,67888,11128,67888,1567,69
3220,8720,67889,11128,67889,1567,69
3220,8720,67890,11128,67890,1567,69
3220,8720,67891,11128,67891,1567,69
3220,8720,67892,11128,67892,1567,69
3220,8720,67893,11128,67893,1567,69
3220,8720,67894,11128,67894,1567,69
3220,8720,67895,11128,67895,1567,69
3220,8720,67896,11128,67896,1567,69
3220,8720,67897,11128,67897,1567,69
3220,8720,67898,11128,67898,1567,69
3220,8720,67899,11128,67899,1567,69
3220,8720,67900,11128,67900,1567,69
3220,8720,67901,11128,67901,1567,69
3220,8720,67902,11128,67902,1567,69
3220,8720,67903,11128,67903,1567,69
3220,8720,67904,11128,67904,1567,69
3220,8720,67905,11128,67905,1567,69
3220,8720,67906,11128,67906,1567,69
3220,8720,67907,11128,67907,1567,69
3220,8720,67908,11128,67908,1567,69
3220,8720,67909,11128,67909,1567,69
3220,8720,67910,11128,67910,1567,69
3220,8720,67911,11128,67911,1567,69
3220,8720,67912,11128,67912,1567,69
3220,8720,67913,11128,67913,1567,69
3220,8720,67914,11128,67914,1567,69
3220,8720,67915,11128,67915,1567,69
3220,8720,67916,11128,67916,1567,69
3220,8720,67917,11128,67917,1567,69
3220,8720,67918,11128,67918,1567,69
3220,8720,67919,11128,67919,1567,69
3220,8720,67920,11128,67920,1567,69
3220,8720,67921,11128,67921,1567,69
3220,8720,67922,11128,67922,1567,69
3220,8720,67923,11128,67923,1567,69
3220,8720,67924,11128,67924,1567,69
3220,8720,67925,11128,67925,1567,69
3220,8720,67926,11128,67926,1567,69
3220,8720,67927,11128,67927,1567,69
3220,8720,67928,11128,67928,1567,69
3220,8720,67929,11128,67929,1567,69
3220,8720,67930,11128,67930,1567,69
3220,8720,67931,11128,67931,1567,69
3220,8720,67932,11128,67932,1567,69
3220,8720,67933,11128,67933,1567,69
3220,8720,67934,11128,67934,1567,69
3220,8720,67935,11128,67935,1567,69
3220,8720,67936,11128,67936,1567,69
3220,8720,67937,11128,67937,1567,69
3220,8720,67938,11128,67938,1567,69
3220,8720,67939,11128,67939,1567,69
3220,8720,67940,11128,67940,1567,69
3220,8720,67941,11128,67941,1567,69
3220,8720,67942,11128,67942,1567,69
3220,8720,67943,11128,67943,1567,69
3220,8720,67944,11128,67944,1567,69
3220,8720,67945,11128,67945,1567,69
3220,8720,67946,11128,67946,1567,69
3220,8720,67947,11128,67947,1567,69
3220,8720,67948,11128,67948,1567,69
3220,8720,67949,11128,67949,1567,69
3220,8720,67950,11128,67950,1567,69
3220,8720,67951,11128,67951,1567,69
3220,8720,67952,11128,67952,1567,69
3220,8720,67953,11128,67953,1567,69
3220,8720,67954,11128,67954,1567,69
3220,8720,67955,11128,67955,1567,69
3220,8720,67956,11128,67956,1567,69
3220,8720,67957,11128,67957,1567,69
3220,8720,67958,11128,67958,1567,69
3220,8720,67959,11128,67959,1567,69
3220,8720,67960,11128,67960,1567,69
3220,8720,67961,11128,67961,1567,69
3220,8720,67962,11128,67962,1567,69
3220,8720,67963,11128,67963,1567,69
3220,8720,67964,11128,67964,1567,69
3220,8720,67965,11128,67965,1567,69
3220,8720,67966,11128,67966,1567,69
3220,8720,67967,11128,67967,1567,69
3220,8720,67968,11128,67968,1567,69
3220,8720,67969,11128,67969,1567,69
3220,8720,67970,11128,67970,1567,69
3220,8720,67971,11128,67971,1567,69
3220,8720,67972,11128,67972,1567,69
3220,8720,67973,11128,67973,1567,69
3220,8720,67974,11128,67974,1567,69
3220,8720,67975,11128,67975,1567,69
3220,8720,67976,11128,67976,1567,69
3220,8720,67977,11128,67977,1567,69
3220,8720,67978,11128,67978,1567,69
3220,8720,67979,11128,67979,1567,69
3220,8720,67980,11128,67980,1567,69
3220,8720,67981,11128,67981,1567,69
3220,8720,67982,11128,67982,1567,69
3220,8720,67983,11128,67983,1567,69
3220,8720,67984,11128,67984,1567,69
3220,8720,67985,11128,67985,1567,69
3220,8720,67986,11128,67986,1567,69
3220,8720,67987,11128,67987,1567,69
3220,8720,67988,11128,67988,1567,69
3220,8720,67989,11128,67989,1567,69
3220,8720,67990,11128,67990,1567,69
3220,8720,67991,11128,67991,1567,69
3220,8720,67992,11128,67992,1567,69
3220,8720,67993,11128,67993,1567,69
3220,8720,67994,11128,67994,1567,69
3220,8720,67995,11128,67995,1567,69
3220,8720,67996,11128,67996,1567,69
3220,8720,67997,11128,67997,1567,69
3220,8720,67998,11128,67998,1567,69
3220,8720,67999,11128,67999,1567,69
3220,8720,68000,11128,68000,1567,69
3220,8720,68001,11128,68001,1567,69
3220,8720,68002,11128,68002,1567,69
3220,8720,68003,11128,68003,1567,69
3220,8720,68004,11128,68004,1567,69
3220,8720,68005,11128,68005,1567,69
3220,8720,68006,11128,68006,1567,69
3220,8720,68007,11128,68007,1567,69
3220,8720,68008,11128,68008,1567,69
3220,8720,68009,11128,68009,1567,69
3220,8720,68010,11128,68010,1567,69
3220,8720,68011,11128,68011,1567,69
3220,8720,68012,11128,68012,1567,69
3220,8720,68013,11128,68013,1567,69
3220,8720,68014,11128,68014,1567,69
3220,8720,68015,11128,68015,1567,69
3220,8720,68016,11128,68016,1567,69
3220,8720,68017,11128,68017,1567,69
3220,8720,68018,11128,68018,1567,69
3219,8720,68019,11128,68019,1567,69
3219,8720,68020,11128,68020,1567,69
3219,8720,68021,11128,68021,1567,69
3219,8720,68022,11128,68022,1567,69
3219,8720,68023,11128,68023,1567,69
3219,8720,68024,11128,68024,1567,69
3219,8720,68025,11128,68025,1567,69
3219,8720,68026,11128,68026,1567,69
3219,8720,68027,11128,68027,1567,69
3219,8720,68028,11128,68028,1567,69
3219,8720,68029,11128,68029,1567,69
3219,8720,68030,11128,68030,1567,69
3219,8720,68031,11128,68031,1567,69
3219,8720,68032,11128,68032,1567,69
3219,8720,68033,11128,68033,1567,69
3219,8720,68034,11128,68034,1567,69
3219,8720,68035,11128,68035,1567,69
3219,8720,68036,11128,68036,1567,69
3219,8720,68037,11128,68037,1567,69
3219,8720,68038,11128,68038,1567,69
3219,8720,68039,11128,68039,1567,69
3219,8720,68040,11128,68040,1567,69
3219,8720,68041,11128,68041,1567,69
3219,8720,68042,11128,68042,1567,69
3219,8720,68043,11128,68043,1567,69
3219,8720,68044,11128,68044,1567,69
3219,8720,68045,11128,68045,1567,69
3219,8720,68046,11128,68046,1567,69
3219,8720,68047,11128,68047,1567,69
3219,8720,68048,11128,68048,1567,69
3219,8720,68049,11128,68049,1567,69
3219,8720,68050,11128,68050,1567,69
3219,8720,68051,11128,68051,1567,69
3219,8720,68052,11128,68052,1567,69
3219,8720,68053,11128,68053,1567,69
3219,8720,68054,11128,68054,1567,69
3219,8720,68055,11128,68055,1567,69
3219,8720,68056,11128,68056,1567,69
3219,8720,68057,11128,68057,1567,69
3219,8720,68058,11128,68058,1567,69
3219,8720,68059,11128,68059,1567,69
3219,8720,68060,11128,68060,1567,69
3219,8720,68061,11128,68061,1567,69
3219,8720,68062,11128,68062,1567,69
3218,8720,68063,11128,68063,1567,68
3218,8720,68064,11128,68064,1567,68
3218,8720,68065,11128,68065,1567,68
3218,8720,68066,11128,68066,1567,68
3218,8720,68067,11128,68067,1567,68
3218,8720,68068,11128,68068,1567,68
3218,8720,68069,11128,68069,1567,68
3218,8720,68070,11128,68070,1567,68
3218,8720,68071,11128,68071,1567,68
3218,8720,68072,11128,68072,1567,68
3218,8720,68073,11128,68073,1567,68
3218,8720,68074,11128,68074,1567,68
3218,8720,68075,11128,68075,1567,68
3218,8720,68076,11128,68076,1567,68
3218,8720,68077,11128,68077,1567,68
3218,8720,68078,11128,68078,1567,68
3218,8720,68079,11128,68079,1567,68
3219,8720,68080,11128,68080,1567,68
3219,8720,68081,11128,68081,1567,68
3219,8720,68082,11128,68082,1567,68
3219,8720,68083,11128,68083,1567,68
3219,8720,68084,11128,68084,1567,68
3219,8720,68085,11128,68085,1567,68
3219,8720,68086,11128,68086,1567,68
3219,8720,68087,11128,68087,1567,68
3219,8720,68088,11128,68088,1567,68
3219,8720,68089,11128,68089,1567,68
3219,8720,68090,11128,68090,1567,68
3219,8720,68091,11128,68091,1567,68
3219,8720,68092,11128,68092,1567,68
3219,8720,68093,11128,68093,1567,68
3219,8720,68094,11128,68094,1567,68
3219,8720,68095,11128,68095,1567,68
3219,8720,68096,11128,68096,1567,68
3219,8720,68097,11128,68097,1567,68
3219,8720,68098,11128,68098,1567,68
3219,8720,68099,11128,68099,1567,68
3219,8720,68100,11128,68100,1567,68
3219,8720,68101,11128,68101,1567,68
3219,8720,68102,11128,68102,1567,68
3219,8720,68103,11128,68103,1567,68
3219,8720,68104,11128,68104,1567,68
3219,8720,68105,11128,68105,1567,68
3219,8720,68106,11128,68106,1567,68
3219,8720,68107,11128,68107,1567,68
3219,8720,68108,11128,68108,1567,68
3219,8720,68109,11128,68109,1567,68
3219,8720,68110,11128,68110,1567,68
3219,8720,68111,11128,68111,1567,68
3219,8720,68112,11128,68112,1567,68
3219,8720,68113,11128,68113,1567,68
3219,8720,68114,11128,68114,1567,68
3219,8720,68115,11128,68115,1567,68
3219,8720,68116,11128,68116,1567,68
3219,8720,68117,11128,68117,1567,68
3219,8720,68118,11128,68118,1567,68
3219,8720,68119,11128,68119,1567,68
3219,8720,68120,11128,68120,1567,68
3219,8720,68121,11128,68121,1567,68
3219,8720,68122,11128,68122,1567,68
3219,8720,68123,11128,68123,1567,68
3219,8720,68124,11128,68124,1567,68
3219,8720,68125,11128,68125,1567,68
3219,8720,68126,11128,68126,1567,68
3219,8720,68127,11128,68127,1567,68
3219,8720,68128,11128,68128,1567,68
3219,8720,68129,11128,68129,1567,68
3219,8720,68130,11128,68130,1567,68
3219,8720,68131,11128,68131,1567,68
3219,8720,68132,11128,68132,1567,68
3219,8720,68133,11128,68133,1567,68
3219,8720,68134,11128,68134,1567,68
3219,8720,68135,11128,68135,1567,68
3219,8720,68136,11128,68136,1567,68
3219,8720,68137,11128,68137,1567,68
3219,8720,68138,11128,68138,1567,68
3219,8720,68139,11128,68139,1567,68
3219,8720,68140,11128,68140,1567,68
3219,8720,68141,11128,68141,1567,68
3219,8720,68142,11128,68142,1567,68
3219,8720,68143,11128,68143,1567,68
3219,8720,68144,11128,68144,1567,68
3219,8720,68145,11128,68145,1567,68
3219,8720,68146,11128,68146,1567,68
3219,8720,68147,11128,68147,1567,68
3219,8720,68148,11128,68148,1567,68
3219,8720,68149,11128,68149,1567,68
3219,8720,68150,11128,68150,1567,68
3219,8720,68151,11128,68151,1567,68
3219,8720,68152,11128,68152,1567,68
3219,8720,68153,11128,68153,1567,68
3219,8720,68154,11128,68154,1567,68
3219,8720,68155,11128,68155,1567,68
3219,8720,68156,11128,68156,1567,68
3219,8720,68157,11128,68157,1567,68
3219,8720,68158,11128,68158,1567,68
3219,8720,68159,11128,68159,1567,68
3219,8720,68160,11128,68160,1567,68
3219,8720,68161,11128,68161,1567,68
3219,8720,68162,11128,68162,1567,68
3219,8720,68163,11128,68163,1567,68
3219,8720,68164,11128,68164,1567,68
3219,8720,68165,11128,68165,1567,68
3219,8720,68166,11128,68166,1567,68
3219,8720,68167,11128,68167,1567,68
3218,8720,68168,11128,68168,1567,68
3218,8720,68169,11128,68169,1567,68
3218,8720,68170,11128,68170,1567,68
3218,8720,68171,11128,68171,1567,68
3218,8720,68172,11128,68172,1567,68
3218,8720,68173,11128,68173,1567,68
3218,8720,68174,11128,68174,1567,68
3218,8720,68175,11128,68175,1567,68
3218,8720,68176,11128,68176,1567,68
3218,8720,68177,11128,68177,1567,68
3218,8720,68178,11128,68178,1567,68
3218,8720,68179,11128,68179,1567,68
3218,8720,68180,11128,68180,1567,68
3218,8720,68181,11128,68181,1567,68
3218,8720,68182,11128,68182,1567,68
3218,8720,68183,11128,68183,1567,68
3218,8720,68184,11128,68184,1567,68
3218,8720,68185,11128,68185,1567,68
3218,8720,68186,11128,68186,1567,68
3218,8720,68187,11128,68187,1567,68
3218,8720,68188,11128,68188,1567,68
3218,8720,68189,11128,68189,1567,68
3218,8720,68190,11128,68190,1567,68
3218,8720,68191,11128,68191,1567,68
3218,8720,68192,11128,68192,1567,68
3218,8720,68193,11128,68193,1567,68
3218,8720,68194,11128,68194,1567,68
3218,8720,68195,11128,68195,1567,68
3218,8720,68196,11128,68196,1567,68
3218,8720,68197,11128,68197,1567,68
3218,8720,68198,11128,68198,1567,68
3218,8720,68199,11128,68199,1567,68
3218,8720,68200,11128,68200,1567,68
3218,8720,68201,11128,68201,1567,68
3218,8720,68202,11128,68202,1567,68
3218,8720,68203,11128,68203,1567,68
3218,8720,68204,11128,68204,1567,68
3218,8720,68205,11128,68205,1567,68
3218,8720,68206,11128,68206,1567,68
3218,8720,68207,11128,68207,1567,68
3218,8720,68208,11128,68208,1567,68
3218,8720,68209,11128,68209,1567,68
3218,8720,68210,11128,68210,1567,68
3218,8720,68211,11128,68211,1567,68
3218,8720,68212,11128,68212,1567,68
3218,8720,68213,11128,68213,1567,68
3218,8720,68214,11128,68214,1567,68
3218,8720,68215,11128,68215,1567,68
3218,8720,68216,11128,68216,1567,68
3218,8720,68217,11128,68217,1567,68
3218,8720,68218,11128,68218,1567,68
3218,8720,68219,11128,68219,1567,68
3218,8720,68220,11128,68220,1567,68
3218,8720,68221,11128,68221,1567,68
3218,8720,68222,11128,68222,1567,68
3218,8720,68223,11128,68223,1567,68
3218,8720,68224,11128,68224,1567,68
3218,8720,68225,11128,68225,1567,68
3218,8720,68226,11128,68226,1567,68
3218,8720,68227,11128,68227,1567,68
3218,8720,68228,11128,68228,1567,68
3218,8720,68229,11128,68229,1567,68
3218,8720,68230,11128,68230,1567,68
3218,8720,68231,11128,68231,1567,68
3218,8720,68232,11128,68232,1567,68
3218,8720,68233,11128,68233,1567,68
3218,8720,68234,11128,68234,1567,68
3218,8720,68235,11128,68235,1567,68
3218,8720,68236,11128,68236,1567,68
3218,8720,68237,11128,68237,1567,68
3218,8720,68238,11128,68238,1567,68
3218,8720,68239,11128,68239,1567,68
3218,8720,68240,11128,68240,1567,68
3218,8720,68241,11128,68241,1567,68
3218,8720,68242,11128,68242,1567,68
3218,8720,68243,11128,68243,1567,68
3218,8720,68244,11128,68244,1567,68
3218,8720,68245,11128,68245,1567,68
3218,8720,68246,11128,68246,1567,68
3218,8720,68247,11128,68247,1567,68
3218,8720,68248,11128,68248,1567,68
3218,8720,68249,11128,68249,1567,68
3218,8720,68250,11128,68250,1567,68
3218,8720,68251,11128,68251,1567,68
3218,8720,68252,11128,68252,1567,68
3218,8720,68253,11128,68253,1567,68
3218,8720,68254,11128,68254,1567,68
3218,8720,68255,11128,68255,1567,68
3218,8720,68256,11128,68256,1567,68
3218,8720,68257,11128,68257,1567,68
3218,8720,68258,11128,68258,1567,68
3218,8720,68259,11128,68259,1567,68
3218,8720,68260,11128,68260,1567,68
3218,8720,68261,11128,68261,1567,68
3218,8720,68262,11128,68262,1567,68
3218,8720,68263,11128,68263,1567,68
3218,8720,68264,11128,68264,1567,68
3218,8720,68265,11128,68265,1567,68
3218,8720,68266,11128,68266,1567,68
3218,8720,68267,11128,68267,1567,68
3218,8720,68268,11128,68268,1567,68
3218,8720,68269,11128,68269,1567,68
3218,8720,68270,11128,68270,1567,68
3218,8720,68271,11128,68271,1567,68
3218,8720,68272,11128,68272,1567,68
3218,8720,68273,11128,68273,1567,68
3218,8720,68274,11128,68274,1567,68
3218,8720,68275,11128,68275,1567,68
3218,8720,68276,11128,68276,1567,68
3218,8720,68277,11128,68277,1567,68
3218,8720,68278,11128,68278,1567,68
3218,8720,68279,11128,68279,1567,68
3218,8720,68280,11128,68280,1567,68
3218,8720,68281,11128,68281,1567,68
3218,8720,68282,11128,68282,1567,68
3218,8720,68283,11128,68283,1567,68
3218,8720,68284,11128,68284,1567,68
3218,8720,68285,11128,68285,1567,68
3218,8720,68286,11128,68286,1567,68
3218,8720,68287,11128,68287,1567,68
3218,8720,68288,11128,68288,1567,68
3218,8720,68289,11128,68289,1567,68
3218,8720,68290,11128,68290,1567,68
3218,8720,68291,11128,68291,1567,68
3218,8720,68292,11128,68292,1567,68
3218,8720,68293,11128,68293,1567,68
3218,8720,68294,11128,68294,1567,68
3218,8720,68295,11128,68295,1567,68
3217,8720,68296,11128,68296,1567,68
3217,8720,68297,11128,68297,1567,68
3217,8720,68298,11128,68298,1567,68
3217,8720,68299,11128,68299,1567,68
3217,8720,68300,11128,68300,1567,68
3217,8720,68301,11128,68301,1567,68
3217,8720,68302,11128,68302,1567,68
3217,8720,68303,11128,68303,1567,68
3217,8720,68304,11128,68304,1567,68
3217,8720,68305,11128,68305,1567,68
3217,8720,68306,11128,68306,1567,68
3217,8720,68307,11128,68307,1567,68
3217,8720,68308,11128,68308,1567,68
3217,8720,68309,11128,68309,1567,68
3217,8720,68310,11128,68310,1567,68
3217,8720,68311,11128,68311,1567,68
3217,8720,68312,11128,68312,1567,68
3217,8720,68313,11128,68313,1567,68
3217,8720,68314,11128,68314,1567,68
3217,8720,68315,11128,68315,1567,68
3217,8720,68316,11128,68316,1567,68
3217,8720,68317,11128,68317,1567,68
3217,8720,68318,11128,68318,1567,68
3217,8720,68319,11128,68319,1567,68
3217,8720,68320,11128,68320,1567,68
3217,8720,68321,11128,68321,1567,68
3217,8720,68322,11128,68322,1567,68
3217,8720,68323,11128,68323,1567,68
3217,8720,68324,11128,68324,1567,68
3217,8720,68325,11128,68325,1567,68
3217,8720,68326,11128,68326,1567,68
3217,8720,68327,11128,68327,1567,68
3217,8720,68328,11128,68328,1567,68
3217,8720,68329,11128,68329,1567,68
3217,8720,68330,11128,68330,1567,68
3217,8720,68331,11128,68331,1567,68
3217,8720,68332,11128,68332,1567,68
3217,8720,68333,11128,68333,1567,68
3217,8720,68334,11128,68334,1567,68
3217,8720,68335,11128,68335,1567,68
3217,8720,68336,11128,68336,1567,68
3217,8720,68337,11128,68337,1567,68
3217,8720,68338,11128,68338,1567,68
3217,8720,68339,11128,68339,1567,68
3217,8720,68340,11128,68340,1567,68
3217,8720,68341,11128,68341,1567,68
3217,8720,68342,11128,68342,1567,68
3217,8720,68343,11128,68343,1567,68
3217,8720,68344,11128,68344,1567,68
3217,8720,68345,11128,68345,1567,68
3217,8720,68346,11128,68346,1567,68
3217,8720,68347,11128,68347,1567,68
3217,8720,68348,11128,68348,1567,68
3217,8720,68349,11128,68349,1567,68
3217,8720,68350,11128,68350,1567,68
3217,8720,68351,11128,68351,1567,68
3217,8720,68352,11128,68352,1567,68
3217,8720,68353,11128,68353,1567,68
3217,8720,68354,11128,68354,1567,68
3217,8720,68355,11128,68355,1567,68
3217,8720,68356,11128,68356,1567,68
3217,8720,68357,11128,68357,1567,68
3217,8720,68358,11128,68358,1567,68
3217,8720,68359,11128,68359,1567,68
3217,8720,68360,11128,68360,1567,68
3217,8720,68361,11128,68361,1567,68
3217,8720,68362,11128,68362,1567,68
3217,8720,68363,11128,68363,1567,68
3217,8720,68364,11128,68364,1567,68
3217,8720,68365,11128,68365,1567,68
3217,8720,68366,11128,68366,1567,68
3217,8720,68367,11128,68367,1567,68
3217,8720,68368,11128,68368,1567,68
3217,8720,68369,11128,68369,1567,68
3217,8720,68370,11128,68370,1567,68
3217,8720,68371,11128,68371,1567,68
3217,8720,68372,11128,68372,1567,68
3217,8720,68373,11128,68373,1567,68
3217,8720,68374,11128,68374,1567,68
3217,8720,68375,11128,68375,1567,68
3217,8720,68376,11128,68376,1567,68
3217,8720,68377,11128,68377,1567,68
3217,8720,68378,11128,68378,1567,68
3217,8720,68379,11128,68379,1567,68
3217,8720,68380,11128,68380,1567,68
3217,8720,68381,11128,68381,1567,68
3217,8720,68382,11128,68382,1567,68
3217,8720,68383,11128,68383,1567,68
3217,8720,68384,11128,68384,1567,68
3217,8720,68385,11128,68385,1567,68
3217,8720,68386,11128,68386,1567,68
3217,8720,68387,11128,68387,1567,68
3217,8720,68388,11128,68388,1567,68
3217,8720,68389,11128,68389,1567,68
3217,8720,68390,11128,68390,1567,68
3217,8720,68391,11128,68391,1567,68
3217,8720,68392,11128,68392,1567,68
3217,8720,68393,11128,68393,1567,68
3217,8720,68394,11128,68394,1567,68
3217,8720,68395,11128,68395,1567,68
3217,8720,68396,11128,68396,1567,68
3217,8720,68397,11128,68397,1567,68
3217,8720,68398,11128,68398,1567,68
3217,8720,68399,11128,68399,1567,68
3217,8720,68400,11128,68400,1567,68
3217,8720,68401,11128,68401,1567,68
3217,8720,68402,11128,68402,1567,68
3217,8720,68403,11128,68403,1567,68
3217,8720,68404,11128,68404,1567,68
3217,8720,68405,11128,68405,1567,68
3217,8720,68406,11128,68406,1567,68
3217,8720,68407,11128,68407,1567,68
3217,8720,68408,11128,68408,1567,68
3217,8720,68409,11128,68409,1567,68
3217,8720,68410,11128,68410,1567,68
3217,8720,68411,11128,68411,1567,68
3217,8720,68412,11128,68412,1567,68
3217,8720,68413,11128,68413,1567,68
3217,8720,68414,11128,68414,1567,68
3217,8720,68415,11128,68415,1567,68
3217,8720,68416,11128,68416,1567,68
3217,8720,68417,11128,68417,1567,68
3217,8720,68418,11128,68418,1567,68
3217,8720,68419,11128,68419,1567,68
3217,8720,68420,11128,68420,1567,68
3217,8720,68421,11128,68421,1567,68
3217,8720,68422,11128,68422,1567,68
3217,8720,68423,11128,68423,1567,68
3217,8720,68424,11128,68424,1567,68
3217,8720,68425,11128,68425,1567,68
3217,8720,68426,11128,68426,1567,68
3217,8720,68427,11128,68427,1567,68
3217,8720,68428,11128,68428,1567,68
3217,8720,68429,11128,68429,1567,68
3217,8720,68430,11128,68430,1567,68
3216,8720,68431,11128,68431,1567,68
3216,8720,68432,11128,68432,1567,68
3216,8720,68433,11128,68433,1567,68
3216,8720,68434,11128,68434,1567,68
3216,8720,68435,11128,68435,1567,68
3216,8720,68436,11128,68436,1567,68
3216,8720,68437,11128,68437,1567,68
3216,8720,68438,11128,68438,1567,68
3215,8720,68439,11128,68439,1567,68
3215,8720,68440,11128,68440,1567,68
3215,8720,68441,11128,68441,1567,68
3215,8720,68442,11128,68442,1567,68
3215,8720,68443,11128,68443,1567,68
3215,8720,68444,11128,68444,1567,68
3215,8720,68445,11128,68445,1567,68
3215,8720,68446,11128,68446,1567,68
3215,8720,68447,11128,68447,1567,68
3215,8720,68448,11128,68448,1567,68
3215,8720,68449,11128,68449,1567,68
3215,8720,68450,11128,68450,1567,68
3215,8720,68451,11128,68451,1567,68
3215,8720,68452,11128,68452,1567,68
3215,8720,68453,11128,68453,1567,68
3215,8720,68454,11128,68454,1567,68
3215,8720,68455,11128,68455,1567,68
3215,8720,68456,11128,68456,1567,68
3215,8720,68457,11128,68457,1567,68
3215,8720,68458,11128,68458,1567,68
3215,8720,68459,11128,68459,1567,68
3215,8720,68460,11128,68460,1567,68
3215,8720,68461,11128,68461,1567,68
3215,8720,68462,11128,68462,1567,68
3215,8720,68463,11128,68463,1567,68
3215,8720,68464,11128,68464,1567,68
3215,8720,68465,11128,68465,1567,68
3215,8720,68466,11128,68466,1567,68
3215,8720,68467,11128,68467,1567,68
3215,8720,68468,11128,68468,1567,68
3215,8720,68469,11128,68469,1567,68
3215,8720,68470,11128,68470,1567,68
3215,8720,68471,11128,68471,1567,68
3215,8720,68472,11128,68472,1567,68
3215,8720,68473,11128,68473,1567,68
3215,8720,68474,11128,68474,1567,68
3215,8720,68475,11128,68475,1567,68
3215,8720,68476,11128,68476,1567,68
3215,8720,68477,11128,68477,1567,68
3215,8720,68478,11128,68478,1567,68
3215,8720,68479,11128,68479,1567,68
3215,8720,68480,11128,68480,1567,68
3215,8720,68481,11128,68481,1567,68
3215,8720,68482,11128,68482,1567,68
3215,8720,68483,11128,68483,1567,68
3215,8720,68484,11128,68484,1567,68
3215,8720,68485,11128,68485,1567,68
3215,8720,68486,11128,68486,1567,68
3215,8720,68487,11128,68487,1567,68
3215,8720,68488,11128,68488,1567,68
3215,8720,68489,11128,68489,1567,68
3215,8720,68490,11128,68490,1567,68
3215,8720,68491,11128,68491,1567,68
3215,8720,68492,11128,68492,1567,68
3215,8720,68493,11128,68493,1567,68
3215,8720,68494,11128,68494,1567,68
3215,8720,68495,11128,68495,1567,68
3215,8720,68496,11128,68496,1567,68
3215,8720,68497,11128,68497,1567,68
3215,8720,68498,11128,68498,1567,68
3215,8720,68499,11128,68499,1567,68
3215,8720,68500,11128,68500,1567,68
3215,8720,68501,11128,68501,1567,68
3214,8720,68502,11128,68502,1567,68
3214,8720,68503,11128,68503,1567,68
3214,8720,68504,11128,68504,1567,68
3214,8720,68505,11128,68505,1567,68
3214,8720,68506,11128,68506,1567,68
3214,8720,68507,11128,68507,1567,68
3214,8720,68508,11128,68508,1567,68
3214,8720,68509,11128,68509,1567,68
3214,8720,68510,11128,68510,1567,68
3214,8720,68511,11128,68511,1567,68
3214,8720,68512,11128,68512,1567,68
3214,8720,68513,11128,68513,1567,68
3214,8720,68514,11128,68514,1567,68
3214,8720,68515,11128,68515,1567,68
3214,8720,68516,11128,68516,1567,68
3214,8720,68517,11128,68517,1567,68
3214,8720,68518,11128,68518,1567,68
3214,8720,68519,11128,68519,1567,68
3214,8720,68520,11128,68520,1567,68
3214,8720,68521,11128,68521,1567,68
3214,8720,68522,11128,68522,1567,68
3214,8720,68523,11128,68523,1567,68
3214,8720,68524,11128,68524,1567,68
3214,8720,68525,11128,68525,1567,68
3214,8720,68526,11128,68526,1567,68
3214,8720,68527,11128,68527,1567,68
3214,8720,68528,11128,68528,1567,68
3214,8720,68529,11128,68529,1567,68
3214,8720,68530,11128,68530,1567,68
3214,8720,68531,11128,68531,1567,68
3214,8720,68532,11128,68532,1567,68
3214,8720,68533,11128,68533,1567,68
3214,8720,68534,11128,68534,1567,68
3214,8720,68535,11128,68535,1567,68
3214,8720,68536,11128,68536,1567,68
3214,8720,68537,11128,68537,1567,68
3214,8720,68538,11128,68538,1567,68
3214,8720,68539,11128,68539,1567,68
3214,8720,68540,11128,68540,1567,68
3214,8720,68541,11128,68541,1567,68
3214,8720,68542,11128,68542,1567,68
3214,8720,68543,11128,68543,1567,68
3214,8720,68544,11128,68544,1567,68
3214,8720,68545,11128,68545,1567,68
3214,8720,68546,11128,68546,1567,68
3214,8720,68547,11128,68547,1567,68
3214,8720,68548,11128,68548,1567,68
3214,8720,68549,11128,68549,1567,68
3214,8720,68550,11128,68550,1567,68
3214,8720,68551,11128,68551,1567,68
3214,8720,68552,11128,68552,1567,68
3214,8720,68553,11128,68553,1567,68
3214,8720,68554,11128,68554,1567,68
3214,8720,68555,11128,68555,1567,68
3214,8720,68556,11128,68556,1567,68
3214,8720,68557,11128,68557,1567,68
3214,8720,68558,11128,68558,1567,68
3214,8720,68559,11128,68559,1567,68
3214,8720,68560,11128,68560,1567,68
3214,8720,68561,11128,68561,1567,68
3214,8720,68562,11128,68562,1567,68
3214,8720,68563,11128,68563,1567,68
3214,8720,68564,11128,68564,1567,68
3214,8720,68565,11128,68565,1567,68
3214,8720,68566,11128,68566,1567,68
3214,8720,68567,11128,68567,1567,68
3214,8720,68568,11128,68568,1567,68
3214,8720,68569,11128,68569,1567,68
3214,8720,68570,11128,68570,1567,68
3213,8720,68571,11128,68571,1567,68
3213,8720,68572,11128,68572,1567,68
3213,8720,68573,11128,68573,1567,68
3213,8720,68574,11128,68574,1567,68
3213,8720,68575,11128,68575,1567,68
3213,8720,68576,11128,68576,1567,68
3213,8720,68577,11128,68577,1567,68
3213,8720,68578,11128,68578,1567,68
3213,8720,68579,11128,68579,1567,68
3213,8720,68580,11128,68580,1567,68
3213,8720,68581,11128,68581,1567,68
3213,8720,68582,11128,68582,1567,68
3213,8720,68583,11128,68583,1567,68
3213,8720,68584,11128,68584,1567,68
3213,8720,68585,11128,68585,1567,68
3213,8720,68586,11128,68586,1567,68
3213,8720,68587,11128,68587,1567,68
3213,8720,68588,11128,68588,1567,68
3213,8720,68589,11128,68589,1567,68
3213,8720,68590,11128,68590,1567,68
3213,8720,68591,11128,68591,1567,68
3213,8720,68592,11128,68592,1567,68
3213,8720,68593,11128,68593,1567,68
3214,8720,68594,11128,68594,1567,68
3214,8720,68595,11128,68595,1567,68
3214,8720,68596,11128,68596,1567,68
3214,8720,68597,11128,68597,1567,68
3214,8720,68598,11128,68598,1567,68
3214,8720,68599,11128,68599,1567,68
3214,8720,68600,11128,68600,1567,68
3214,8720,68601,11128,68601,1567,68
3214,8720,68602,11128,68602,1567,68
3214,8720,68603,11128,68603,1567,68
3214,8720,68604,11128,68604,1567,68
3214,8720,68605,11128,68605,1567,68
3214,8720,68606,11128,68606,1567,68
3215,8720,68607,11128,68607,1567,68
3215,8720,68608,11128,68608,1567,68
3215,8720,68609,11128,68609,1567,68
3215,8720,68610,11128,68610,1567,68
3215,8720,68611,11128,68611,1567,68
3215,8720,68612,11128,68612,1567,68
3215,8720,68613,11128,68613,1567,68
3215,8720,68614,11128,68614,1567,68
3215,8720,68615,11128,68615,1567,68
3215,8720,68616,11128,68616,1567,68
3215,8720,68617,11128,68617,1567,68
3215,8720,68618,11128,68618,1567,68
3215,8720,68619,11128,68619,1567,68
3215,8720,68620,11128,68620,1567,68
3215,8720,68621,11128,68621,1567,68
3215,8720,68622,11128,68622,1567,68
3215,8720,68623,11128,68623,1567,68
3215,8720,68624,11128,68624,1567,68
3215,8720,68625,11128,68625,1567,68
3215,8720,68626,11128,68626,1567,68
3215,8720,68627,11128,68627,1567,68
3215,8720,68628,11128,68628,1567,68
3215,8720,68629,11128,68629,1567,68
3215,8720,68630,11128,68630,1567,68
3215,8720,68631,11128,68631,1567,68
3215,8720,68632,11128,68632,1567,68
3215,8720,68633,11128,68633,1567,68
3215,8720,68634,11128,68634,1567,68
3215,8720,68635,11128,68635,1567,68
3215,8720,68636,11128,68636,1567,68
3214,8720,68637,11128,68637,1567,68
3214,8720,68638,11128,68638,1567,68
3214,8720,68639,11128,68639,1567,68
3214,8720,68640,11128,68640,1567,68
3214,8720,68641,11128,68641,1567,68
3214,8720,68642,11128,68642,1567,68
3214,8720,68643,11128,68643,1567,68
3214,8720,68644,11128,68644,1567,68
3214,8720,68645,11128,68645,1567,68
3214,8720,68646,11128,68646,1567,68
3214,8720,68647,11128,68647,1567,68
3214,8720,68648,11128,68648,1567,68
3214,8720,68649,11128,68649,1567,68
3214,8720,68650,11128,68650,1567,68
3214,8720,68651,11128,68651,1567,68
3214,8720,68652,11128,68652,1567,68
3214,8720,68653,11128,68653,1567,68
3214,8720,68654,11128,68654,1567,68
3214,8720,68655,11128,68655,1567,68
3213,8720,68656,11128,68656,1567,68
3213,8720,68657,11128,68657,1567,68
3213,8720,68658,11128,68658,1567,68
3213,8720,68659,11128,68659,1567,68
3213,8720,68660,11128,68660,1567,68
3213,8720,68661,11128,68661,1567,68
3213,8720,68662,11128,68662,1567,68
3213,8720,68663,11128,68663,1567,68
3213,8720,68664,11128,68664,1567,68
3213,8720,68665,11128,68665,1567,68
3213,8720,68666,11128,68666,1567,68
3213,8720,68667,11128,68667,1567,68
3213,8720,68668,11128,68668,1567,68
3213,8720,68669,11128,68669,1567,68
3213,8720,68670,11128,68670,1567,68
3213,8720,68671,11128,68671,1567,68
3213,8720,68672,11128,68672,1567,68
3213,8720,68673,11128,68673,1567,68
3213,8720,68674,11128,68674,1567,68
3213,8720,68675,11128,68675,1567,68
3213,8720,68676,11128,68676,1567,68
3213,8720,68677,11128,68677,1567,68
3213,8720,68678,11128,68678,1567,68
3213,8720,68679,11128,68679,1567,68
3213,8720,68680,11128,68680,1567,68
3213,8720,68681,11128,68681,1567,68
3213,8720,68682,11128,68682,1567,68
3213,8720,68683,11128,68683,1567,68
3213,8720,68684,11128,68684,1567,68
3213,8720,68685,11128,68685,1567,68
3213,8720,68686,11128,68686,1567,68
3213,8720,68687,11128,68687,1567,68
3213,8720,68688,11128,68688,1567,68
3213,8720,68689,11128,68689,1567,68
3213,8720,68690,11128,68690,1567,68
3213,8720,68691,11128,68691,1567,68
3213,8720,68692,11128,68692,1567,68
3213,8720,68693,11128,68693,1567,68
3213,8720,68694,11128,68694,1567,68
3213,8720,68695,11128,68695,1567,68
3213,8720,68696,11128,68696,1567,68
3213,8720,68697,11128,68697,1567,68
3213,8720,68698,11128,68698,1567,68
3213,8720,68699,11128,68699,1567,68
3213,8720,68700,11128,68700,1567,68
3213,8720,68701,11128,68701,1567,68
3213,8720,68702,11128,68702,1567,68
3213,8720,68703,11128,68703,1567,68
3213,8720,68704,11128,68704,1567,68
3213,8720,68705,11128,68705,1567,68
3213,8720,68706,11128,68706,1567,68
3213,8720,68707,11128,68707,1567,68
3213,8720,68708,11128,68708,1567,68
3213,8720,68709,11128,68709,1567,68
3213,8720,68710,11128,68710,1567,68
3213,8720,68711,11128,68711,1567,68
3213,8720,68712,11128,68712,1567,68
3213,8720,68713,11128,68713,1567,68
3213,8720,68714,11128,68714,1567,68
3213,8720,68715,11128,68715,1567,68
3213,8720,68716,11128,68716,1567,68
3213,8720,68717,11128,68717,1567,68
3213,8720,68718,11128,68718,1567,68
3213,8720,68719,11128,68719,1567,68
3213,8720,68720,11128,68720,1567,68
3213,8720,68721,11128,68721,1567,68
3213,8720,68722,11128,68722,1567,68
3213,8720,68723,11128,68723,1567,68
3213,8720,68724,11128,68724,1567,68
3213,8720,68725,11128,68725,1567,68
3213,8720,68726,11128,68726,1567,68
3213,8720,68727,11128,68727,1567,68
3213,8720,68728,11128,68728,1567,68
3213,8720,68729,11128,68729,1567,68
3213,8720,68730,11128,68730,1567,68
3213,8720,68731,11128,68731,1567,68
3213,8720,68732,11128,68732,1567,68
3213,8720,68733,11128,68733,1567,68
3213,8720,68734,11128,68734,1567,68
3213,8720,68735,11128,68735,1567,68
3213,8720,68736,11128,68736,1567,68
3213,8720,68737,11128,68737,1567,68
3213,8720,68738,11128,68738,1567,68
3213,8720,68739,11128,68739,1567,68
3213,8720,68740,11128,68740,1567,68
3213,8720,68741,11128,68741,1567,68
3213,8720,68742,11128,68742,1567,68
3213,8720,68743,11128,68743,1567,68
3213,8720,68744,11128,68744,1567,68
3213,8720,68745,11128,68745,1567,68
3213,8720,68746,11128,68746,1567,68
3213,8720,68747,11128,68747,1567,68
3213,8720,68748,11128,68748,1567,68
3213,8720,68749,11128,68749,1567,68
3213,8720,68750,11128,68750,1567,68
3213,8720,68751,11128,68751,1567,68
3213,8720,68752,11128,68752,1567,68
3213,8720,68753,11128,68753,1567,68
3213,8720,68754,11128,68754,1567,68
3213,8720,68755,11128,68755,1567,68
3213,8720,68756,11128,68756,1567,68
3213,8720,68757,11128,68757,1567,68
3213,8720,68758,11128,68758,1567,68
3213,8720,68759,11128,68759,1567,68
3213,8720,68760,11128,68760,1567,68
3213,8720,68761,11128,68761,1567,68
3213,8720,68762,11128,68762,1567,68
3213,8720,68763,11128,68763,1567,68
3213,8720,68764,11128,68764,1567,68
3213,8720,68765,11128,68765,1567,68
3213,8720,68766,11128,68766,1567,68
3213,8720,68767,11128,68767,1567,68
3213,8720,68768,11128,68768,1567,68
3213,8720,68769,11128,68769,1567,68
3213,8720,68770,11128,68770,1567,68
3213,8720,68771,11128,68771,1567,68
3213,8720,68772,11128,68772,1567,68
3213,8720,68773,11128,68773,1567,68
3213,8720,68774,11128,68774,1567,68
3213,8720,68775,11128,68775,1567,68
3213,8720,68776,11128,68776,1567,68
3213,8720,68777,11128,68777,1567,68
3213,8720,68778,11128,68778,1567,68
3213,8720,68779,11128,68779,1567,68
3213,8720,68780,11128,68780,1567,68
3213,8720,68781,11128,68781,1567,68
3213,8720,68782,11128,68782,1567,68
3213,8720,68783,11128,68783,1567,68
3213,8720,68784,11128,68784,1567,68
3213,8720,68785,11128,68785,1567,68
3213,8720,68786,11128,68786,1567,68
3213,8720,68787,11128,68787,1567,68
3213,8720,68788,11128,68788,1567,68
3213,8720,68789,11128,68789,1567,68
3213,8720,68790,11128,68790,1567,68
3213,8720,68791,11128,68791,1567,68
3213,8720,68792,11128,68792,1567,68
3213,8720,68793,11128,68793,1567,68
3213,8720,68794,11128,68794,1567,68
3213,8720,68795,11128,68795,1567,68
3213,8720,68796,11128,68796,1567,68
3213,8720,68797,11128,68797,1567,68
3213,8720,68798,11128,68798,1567,68
3213,8720,68799,11128,68799,1567,68
3213,8720,68800,11128,68800,1567,68
3213,8720,68801,11128,68801,1567,68
3213,8720,68802,11128,68802,1567,68
3213,8720,68803,11128,68803,1567,68
3213,8720,68804,11128,68804,1567,68
3213,8720,68805,11128,68805,1567,68
3213,8720,68806,11128,68806,1567,68
3213,8720,68807,11128,68807,1567,68
3213,8720,68808,11128,68808,1567,68
3213,8720,68809,11128,68809,1567,68
3213,8720,68810,11128,68810,1567,68
3213,8720,68811,11128,68811,1567,68
3213,8720,68812,11128,68812,1567,68
3213,8720,68813,11128,68813,1567,68
3213,8720,68814,11128,68814,1567,68
3213,8720,68815,11128,68815,1567,68
3213,8720,68816,11128,68816,1567,68
3213,8720,68817,11128,68817,1567,68
3213,8720,68818,11128,68818,1567,68
3213,8720,68819,11128,68819,1567,68
3213,8720,68820,11128,68820,1567,68
3213,8720,68821,11128,68821,1567,68
3213,8720,68822,11128,68822,1567,68
3213,8720,68823,11128,68823,1567,68
3213,8720,68824,11128,68824,1567,68
3213,8720,68825,11128,68825,1567,68
3213,8720,68826,11128,68826,1567,68
3213,8720,68827,11128,68827,1567,68
3213,8720,68828,11128,68828,1567,68
3213,8720,68829,11128,68829,1567,68
3213,8720,68830,11128,68830,1567,68
3213,8720,68831,11128,68831,1567,68
3213,8720,68832,11128,68832,1567,68
3213,8720,68833,11128,68833,1567,68
3213,8720,68834,11128,68834,1567,68
3213,8720,68835,11128,68835,1567,68
3213,8720,68836,11128,68836,1567,68
3213,8720,68837,11128,68837,1567,68
3213,8720,68838,11128,68838,1567,68
3213,8720,68839,11128,68839,1567,68
3213,8720,68840,11128,68840,1567,68
3213,8720,68841,11128,68841,1567,68
3213,8720,68842,11128,68842,1567,68
3213,8720,68843,11128,68843,1567,68
3213,8720,68844,11128,68844,1567,68
3213,8720,68845,11128,68845,1567,68
3213,8720,68846,11128,68846,1567,68
3213,8720,68847,11128,68847,1567,68
3213,8720,68848,11128,68848,1567,68
3213,8720,68849,11128,68849,1567,68
3213,8720,68850,11128,68850,1567,68
3213,8720,68851,11128,68851,1567,68
3213,8720,68852,11128,68852,1567,68
3213,8720,68853,11128,68853,1567,68
3213,8720,68854,11128,68854,1567,68
3213,8720,68855,11128,68855,1567,68
3213,8720,68856,11128,68856,1567,68
3213,8720,68857,11128,68857,1567,68
3213,8720,68858,11128,68858,1567,68
3213,8720,68859,11128,68859,1567,68
3213,8720,68860,11128,68860,1567,68
3213,8720,68861,11128,68861,1567,68
3213,8720,68862,11128,68862,1567,68
3213,8720,68863,11128,68863,1567,68
3213,8720,68864,11128,68864,1567,68
3213,8720,68865,11128,68865,1567,68
3213,8720,68866,11128,68866,1567,68
3213,8720,68867,11128,68867,1567,68
3213,8720,68868,11128,68868,1567,68
3213,8720,68869,11128,68869,1567,68
3213,8720,68870,11128,68870,1567,68
3213,8720,68871,11128,68871,1567,68
3213,8720,68872,11128,68872,1567,68
3214,8720,68873,11128,68873,1567,68
3214,8720,68874,11128,68874,1567,68
3214,8720,68875,11128,68875,1567,68
3214,8720,68876,11128,68876,1567,68
3214,8720,68877,11128,68877,1567,68
3214,8720,68878,11128,68878,1567,68
3214,8720,68879,11128,68879,1567,68
3214,8720,68880,11128,68880,1567,68
3214,8720,68881,11128,68881,1567,68
3214,8720,68882,11128,68882,1567,68
3214,8720,68883,11128,68883,1567,68
3214,8720,68884,11128,68884,1567,68
3214,8720,68885,11128,68885,1567,68
3214,8720,68886,11128,68886,1567,68
3214,8720,68887,11128,68887,1567,68
3214,8720,68888,11128,68888,1567,68
3214,8720,68889,11128,68889,1567,68
3214,8720,68890,11128,68890,1567,68
3214,8720,68891,11128,68891,1567,68
3214,8720,68892,11128,68892,1567,68
3214,8720,68893,11128,68893,1567,68
3214,8720,68894,11128,68894,1567,68
3214,8720,68895,11128,68895,1567,68
3214,8720,68896,11128,68896,1567,68
3214,8720,68897,11128,68897,1567,68
3214,8720,68898,11128,68898,1567,68
3214,8720,68899,11128,68899,1567,68
3214,8720,68900,11128,68900,1567,68
3214,8720,68901,11128,68901,1567,68
3214,8720,68902,11128,68902,1567,68
3214,8720,68903,11128,68903,1567,68
3214,8720,68904,11128,68904,1567,68
3214,8720,68905,11128,68905,1567,68
3214,8720,68906,11128,68906,1567,68
3214,8720,68907,11128,68907,1567,68
3214,8720,68908,11128,68908,1567,68
3214,8720,68909,11128,68909,1567,68
3214,8720,68910,11128,68910,1567,68
3214,8720,68911,11128,68911,1567,68
3214,8720,68912,11128,68912,1567,68
3214,8720,68913,11128,68913,1567,68
3214,8720,68914,11128,68914,1567,68
3214,8720,68915,11128,68915,1567,68
3214,8720,68916,11128,68916,1567,68
3214,8720,68917,11128,68917,1567,68
3214,8720,68918,11128,68918,1567,68
3214,8720,68919,11128,68919,1567,68
3214,8720,68920,11128,68920,1567,68
3214,8720,68921,11128,68921,1567,68
3214,8720,68922,11128,68922,1567,68
3214,8720,68923,11128,68923,1567,68
3214,8720,68924,11128,68924,1567,68
3214,8720,68925,11128,68925,1567,68
3214,8720,68926,11128,68926,1567,68
3214,8720,68927,11128,68927,1567,68
3214,8720,68928,11128,68928,1567,68
3214,8720,68929,11128,68929,1567,68
3214,8720,68930,11128,68930,1567,68
3214,8720,68931,11128,68931,1567,68
3214,8720,68932,11128,68932,1567,68
3214,8720,68933,11128,68933,1567,68
3214,8720,68934,11128,68934,1567,68
3214,8720,68935,11128,68935,1567,68
3215,8720,68936,11128,68936,1567,68
3215,8720,68937,11128,68937,1567,68
3215,8720,68938,11128,68938,1567,68
3215,8720,68939,11128,68939,1567,68
3215,8720,68940,11128,68940,1567,68
3215,8720,68941,11128,68941,1567,68
3215,8720,68942,11128,68942,1567,68
3215,8720,68943,11128,68943,1567,68
3215,8720,68944,11128,68944,1567,68
3215,8720,68945,11128,68945,1567,68
3215,8720,68946,11128,68946,1567,68
3215,8720,68947,11128,68947,1567,68
3215,8720,68948,11128,68948,1567,68
3215,8720,68949,11128,68949,1567,68
3215,8720,68950,11128,68950,1567,68
3215,8720,68951,11128,68951,1567,68
3215,8720,68952,11128,68952,1567,68
3215,8720,68953,11128,68953,1567,68
3215,8720,68954,11128,68954,1567,68
3215,8720,68955,11128,68955,1567,68
3215,8720,68956,11128,68956,1567,68
3215,8720,68957,11128,68957,1567,68
3215,8720,68958,11128,68958,1567,68
3215,8720,68959,11128,68959,1567,68
3215,8720,68960,11128,68960,1567,68
3215,8720,68961,11128,68961,1567,68
3215,8720,68962,11128,68962,1567,68
3215,8720,68963,11128,68963,1567,68
3215,8720,68964,11128,68964,1567,68
3215,8720,68965,11128,68965,1567,68
3215,8720,68966,11128,68966,1567,68
3215,8720,68967,11128,68967,1567,68
3215,8720,68968,11128,68968,1567,68
3215,8720,68969,11128,68969,1567,68
3215,8720,68970,11128,68970,1567,68
3215,8720,68971,11128,68971,1567,68
3215,8720,68972,11128,68972,1567,68
3215,8720,68973,11128,68973,1567,68
3215,8720,68974,11128,68974,1567,68
3215,8720,68975,11128,68975,1567,68
3215,8720,68976,11128,68976,1567,68
3215,8720,68977,11128,68977,1567,68
3215,8720,68978,11128,68978,1567,68
3215,8720,68979,11128,68979,1567,68
3215,8720,68980,11128,68980,1567,68
3215,8720,68981,11128,68981,1567,68
3215,8720,68982,11128,68982,1567,68
3215,8720,68983,11128,68983,1567,68
3215,8720,68984,11128,68984,1567,68
3215,8720,68985,11128,68985,1567,68
3215,8720,68986,11128,68986,1567,68
3215,8720,68987,11128,68987,1567,68
3215,8720,68988,11128,68988,1567,68
3215,8720,68989,11128,68989,1567,68
3215,8720,68990,11128,68990,1567,68
3215,8720,68991,11128,68991,1567,68
3215,8720,68992,11128,68992,1567,68
3215,8720,68993,11128,68993,1567,68
3215,8720,68994,11128,68994,1567,68
3215,8720,68995,11128,68995,1567,68
3215,8720,68996,11128,68996,1567,68
3215,8720,68997,11128,68997,1567,68
3215,8720,68998,11128,68998,1567,68
3215,8720,68999,11128,68999,1567,68
3215,8720,69000,11128,69000,1567,68
3215,8720,69001,11128,69001,1567,68
3215,8720,69002,11128,69002,1567,68
3215,8720,69003,11128,69003,1567,68
3215,8720,69004,11128,69004,1567,68
3215,8720,69005,11128,69005,1567,68
3215,8720,69006,11128,69006,1567,68
3215,8720,69007,11128,69007,1567,68
3215,8720,69008,11128,69008,1567,68
3215,8720,69009,11128,69009,1567,68
3215,8720,69010,11128,69010,1567,68
3215,8720,69011,11128,69011,1567,68
3215,8720,69012,11128,69012,1567,68
3215,8720,69013,11128,69013,1567,68
3215,8720,69014,11128,69014,1567,68
3215,8720,69015,11128,69015,1567,68
3215,8720,69016,11128,69016,1567,68
3215,8720,69017,11128,69017,1567,68
3215,8720,69018,11128,69018,1567,68
3215,8720,69019,11128,69019,1567,68
3215,8720,69020,11128,69020,1567,68
3215,8720,69021,11128,69021,1567,68
3215,8720,69022,11128,69022,1567,68
3215,8720,69023,11128,69023,1567,68
3215,8720,69024,11128,69024,1567,68
3215,8720,69025,11128,69025,1567,68
3215,8720,69026,11128,69026,1567,68
3215,8720,69027,11128,69027,1567,68
3215,8720,69028,11128,69028,1567,68
3215,8720,69029,11128,69029,1567,68
3215,8720,69030,11128,69030,1567,68
3215,8720,69031,11128,69031,1567,68
3215,8720,69032,11128,69032,1567,68
3215,8720,69033,11128,69033,1567,68
3215,8720,69034,11128,69034,1567,68
3215,8720,69035,11128,69035,1567,68
3215,8720,69036,11128,69036,1567,68
3215,8720,69037,11128,69037,1567,68
3215,8720,69038,11128,69038,1567,68
3215,8720,69039,11128,69039,1567,68
3215,8720,69040,11128,69040,1567,68
3215,8720,69041,11128,69041,1567,68
3215,8720,69042,11128,69042,1567,68
3215,8720,69043,11128,69043,1567,68
3215,8720,69044,11128,69044,1567,68
3215,8720,69045,11128,69045,1567,68
3215,8720,69046,11128,69046,1567,68
3215,8720,69047,11128,69047,1567,68
3215,8720,69048,11128,69048,1567,68
3215,8720,69049,11128,69049,1567,68
3215,8720,69050,11128,69050,1567,68
3215,8720,69051,11128,69051,1567,68
3215,8720,69052,11128,69052,1567,68
3215,8720,69053,11128,69053,1567,68
3215,8720,69054,11128,69054,1567,68
3215,8720,69055,11128,69055,1567,68
3215,8720,69056,11128,69056,1567,68
3215,8720,69057,11128,69057,1567,68
3215,8720,69058,11128,69058,1567,68
3215,8720,69059,11128,69059,1567,68
3215,8720,69060,11128,69060,1567,68
3215,8720,69061,11128,69061,1567,68
3215,8720,69062,11128,69062,1567,68
3215,8720,69063,11128,69063,1567,68
3215,8720,69064,11128,69064,1567,68
3215,8720,69065,11128,69065,1567,68
3215,8720,69066,11128,69066,1567,68
3215,8720,69067,11128,69067,1567,68
3215,8720,69068,11128,69068,1567,68
3214,8720,69069,11128,69069,1567,68
3214,8720,69070,11128,69070,1567,68
3214,8720,69071,11128,69071,1567,68
3214,8720,69072,11128,69072,1567,68
3214,8720,69073,11128,69073,1567,68
3214,8720,69074,11128,69074,1567,68
3214,8720,69075,11128,69075,1567,68
3214,8720,69076,11128,69076,1567,68
3214,8720,69077,11128,69077,1567,68
3214,8720,69078,11128,69078,1567,68
3214,8720,69079,11128,69079,1567,68
3214,8720,69080,11128,69080,1567,68
3214,8720,69081,11128,69081,1567,68
3214,8720,69082,11128,69082,1567,68
3214,8720,69083,11128,69083,1567,68
3214,8720,69084,11128,69084,1567,68
3214,8720,69085,11128,69085,1567,68
3214,8720,69086,11128,69086,1567,68
3214,8720,69087,11128,69087,1567,68
3214,8720,69088,11128,69088,1567,68
3214,8720,69089,11128,69089,1567,68
3214,8720,69090,11128,69090,1567,68
3214,8720,69091,11128,69091,1567,68
3214,8720,69092,11128,69092,1567,68
3214,8720,69093,11128,69093,1567,68
3214,8720,69094,11128,69094,1567,68
3214,8720,69095,11128,69095,1567,68
3214,8720,69096,11128,69096,1567,68
3214,8720,69097,11128,69097,1567,68
3214,8720,69098,11128,69098,1567,68
3214,8720,69099,11128,69099,1567,68
3214,8720,69100,11128,69100,1567,68
3214,8720,69101,11128,69101,1567,68
3214,8720,69102,11128,69102,1567,68
3214,8720,69103,11128,69103,1567,68
3214,8720,69104,11128,69104,1567,68
3214,8720,69105,11128,69105,1567,68
3214,8720,69106,11128,69106,1567,68
3214,8720,69107,11128,69107,1567,68
3214,8720,69108,11128,69108,1567,68
3214,8720,69109,11128,69109,1567,68
3214,8720,69110,11128,69110,1567,68
3214,8720,69111,11128,69111,1567,68
3214,8720,69112,11128,69112,1567,68
3214,8720,69113,11128,69113,1567,68
3214,8720,69114,11128,69114,1567,68
3214,8720,69115,11128,69115,1567,68
3214,8720,69116,11128,69116,1567,68
3214,8720,69117,11128,69117,1567,68
3214,8720,69118,11128,69118,1567,68
3214,8720,69119,11128,69119,1567,68
3214,8720,69120,11128,69120,1567,68
3214,8720,69121,11128,69121,1567,68
3214,8720,69122,11128,69122,1567,68
3214,8720,69123,11128,69123,1567,68
3214,8720,69124,11128,69124,1567,68
3213,8720,69125,11128,69125,1567,68
3213,8720,69126,11128,69126,1567,68
3213,8720,69127,11128,69127,1567,68
3213,8720,69128,11128,69128,1567,68
3213,8720,69129,11128,69129,1567,68
3213,8720,69130,11128,69130,1567,68
3213,8720,69131,11128,69131,1567,68
3213,8720,69132,11128,69132,1567,68
3213,8720,69133,11128,69133,1567,68
3213,8720,69134,11128,69134,1567,68
3213,8720,69135,11128,69135,1567,68
3213,8720,69136,11128,69136,1567,68
3213,8720,69137,11128,69137,1567,68
3213,8720,69138,11128,69138,1567,68
3213,8720,69139,11128,69139,1567,68
3213,8720,69140,11128,69140,1567,68
3213,8720,69141,11128,69141,1567,68
3213,8720,69142,11128,69142,1567,68
3213,8720,69143,11128,69143,1567,68
3213,8720,69144,11128,69144,1567,68
3213,8720,69145,11128,69145,1567,68
3213,8720,69146,11128,69146,1567,68
3213,8720,69147,11128,69147,1567,68
3213,8720,69148,11128,69148,1567,68
3213,8720,69149,11128,69149,1567,68
3213,8720,69150,11128,69150,1567,68
3213,8720,69151,11128,69151,1567,68
3213,8720,69152,11128,69152,1567,68
3213,8720,69153,11128,69153,1567,68
3213,8720,69154,11128,69154,1567,68
3213,8720,69155,11128,69155,1567,68
3213,8720,69156,11128,69156,1567,68
3213,8720,69157,11128,69157,1567,68
3213,8720,69158,11128,69158,1567,68
3213,8720,69159,11128,69159,1567,68
3213,8720,69160,11128,69160,1567,68
3213,8720,69161,11128,69161,1567,68
3213,8720,69162,11128,69162,1567,68
3213,8720,69163,11128,69163,1567,68
3213,8720,69164,11128,69164,1567,68
3213,8720,69165,11128,69165,1567,68
3213,8720,69166,11128,69166,1567,68
3213,8720,69167,11128,69167,1567,68
3213,8720,69168,11128,69168,1567,68
3213,8720,69169,11128,69169,1567,68
3213,8720,69170,11128,69170,1567,68
3213,8720,69171,11128,69171,1567,68
3213,8720,69172,11128,69172,1567,68
3213,8720,69173,11128,69173,1567,68
3213,8720,69174,11128,69174,1567,68
3213,8720,69175,11128,69175,1567,68
3213,8720,69176,11128,69176,1567,68
3213,8720,69177,11128,69177,1567,68
3213,8720,69178,11128,69178,1567,68
3213,8720,69179,11128,69179,1567,68
3213,8720,69180,11128,69180,1567,68
3213,8720,69181,11128,69181,1567,68
3213,8720,69182,11128,69182,1567,68
3213,8720,69183,11128,69183,1567,68
3213,8720,69184,11128,69184,1567,68
3213,8720,69185,11128,69185,1567,68
3213,8720,69186,11128,69186,1567,68
3213,8720,69187,11128,69187,1567,68
3213,8720,69188,11128,69188,1567,68
3213,8720,69189,11128,69189,1567,68
3213,8720,69190,11128,69190,1567,68
3213,8720,69191,11128,69191,1567,68
3213,8720,69192,11128,69192,1567,68
3213,8720,69193,11128,69193,1567,68
3213,8720,69194,11128,69194,1567,68
3213,8720,69195,11128,69195,1567,68
3213,8720,69196,11128,69196,1567,68
3213,8720,69197,11128,69197,1567,68
3213,8720,69198,11128,69198,1567,68
3213,8720,69199,11128,69199,1567,68
3213,8720,69200,11128,69200,1567,68
3213,8720,69201,11128,69201,1567,68
3213,8720,69202,11128,69202,1567,68
3213,8720,69203,11128,69203,1567,68
3213,8720,69204,11128,69204,1567,68
3213,8720,69205,11128,69205,1567,68
3213,8720,69206,11128,69206,1567,68
3213,8720,69207,11128,69207,1567,68
3213,8720,69208,11128,69208,1567,68
3213,8720,69209,11128,69209,1567,68
3213,8720,69210,11128,69210,1567,68
3213,8720,69211,11128,69211,1567,68
3213,8720,69212,11128,69212,1567,68
3213,8720,69213,11128,69213,1567,68
3213,8720,69214,11128,69214,1567,68
3213,8720,69215,11128,69215,1567,68
3213,8720,69216,11128,69216,1567,68
3213,8720,69217,11128,69217,1567,68
3213,8720,69218,11128,69218,1567,68
3213,8720,69219,11128,69219,1567,68
3213,8720,69220,11128,69220,1567,68
3213,8720,69221,11128,69221,1567,68
3213,8720,69222,11128,69222,1567,68
3213,8720,69223,11128,69223,1567,68
3213,8720,69224,11128,69224,1567,68
3213,8720,69225,11128,69225,1567,68
3213,8720,69226,11128,69226,1567,68
3213,8720,69227,11128,69227,1567,68
3213,8720,69228,11128,69228,1567,68
3213,8720,69229,11128,69229,1567,68
3213,8720,69230,11128,69230,1567,68
3213,8720,69231,11128,69231,1567,68
3213,8720,69232,11128,69232,1567,68
3213,8720,69233,11128,69233,1567,68
3213,8720,69234,11128,69234,1567,68
3213,8720,69235,11128,69235,1567,68
3213,8720,69236,11128,69236,1567,68
3213,8720,69237,11128,69237,1567,68
3213,8720,69238,11128,69238,1567,68
3213,8720,69239,11128,69239,1567,68
3213,8720,69240,11128,69240,1567,68
3213,8720,69241,11128,69241,1567,68
3213,8720,69242,11128,69242,1567,68
3213,8720,69243,11128,69243,1567,68
3213,8720,69244,11128,69244,1567,68
3213,8720,69245,11128,69245,1567,68
3213,8720,69246,11128,69246,1567,68
3213,8720,69247,11128,69247,1567,68
3213,8720,69248,11128,69248,1567,68
3213,8720,69249,11128,69249,1567,68
3213,8720,69250,11128,69250,1567,68
3213,8720,69251,11128,69251,1567,68
3213,8720,69252,11128,69252,1567,68
3213,8720,69253,11128,69253,1567,68
3213,8720,69254,11128,69254,1567,68
3213,8720,69255,11128,69255,1567,68
3213,8720,69256,11128,69256,1567,68
3213,8720,69257,11128,69257,1567,68
3213,8720,69258,11128,69258,1567,68
3213,8720,69259,11128,69259,1567,68
3213,8720,69260,11128,69260,1567,68
3213,8720,69261,11128,69261,1567,68
3213,8720,69262,11128,69262,1567,68
3213,8720,69263,11128,69263,1567,68
3213,8720,69264,11128,69264,1567,68
3213,8720,69265,11128,69265,1567,68
3213,8720,69266,11128,69266,1567,68
3213,8720,69267,11128,69267,1567,68
3213,8720,69268,11128,69268,1567,68
3213,8720,69269,11128,69269,1567,68
3213,8720,69270,11128,69270,1567,68
3213,8720,69271,11128,69271,1567,68
3213,8720,69272,11128,69272,1567,68
3213,8720,69273,11128,69273,1567,68
3213,8720,69274,11128,69274,1567,68
3213,8720,69275,11128,69275,1567,68
3213,8720,69276,11128,69276,1567,68
3213,8720,69277,11128,69277,1567,68
3213,8720,69278,11128,69278,1567,68
3213,8720,69279,11128,69279,1567,68
3213,8720,69280,11128,69280,1567,68
3213,8720,69281,11128,69281,1567,68
3213,8720,69282,11128,69282,1567,68
3213,8720,69283,11128,69283,1567,68
3213,8720,69284,11128,69284,1567,68
3213,8720,69285,11128,69285,1567,68
3213,8720,69286,11128,69286,1567,68
3213,8720,69287,11128,69287,1567,68
3213,8720,69288,11128,69288,1567,68
3213,8720,69289,11128,69289,1567,68
3213,8720,69290,11128,69290,1567,68
3213,8720,69291,11128,69291,1567,68
3213,8720,69292,11128,69292,1567,68
3213,8720,69293,11128,69293,1567,68
3213,8720,69294,11128,69294,1567,68
3213,8720,69295,11128,69295,1567,68
3213,8720,69296,11128,69296,1567,68
3213,8720,69297,11128,69297,1567,68
3213,8720,69298,11128,69298,1567,68
3213,8720,69299,11128,69299,1567,68
3213,8720,69300,11128,69300,1567,68
3213,8720,69301,11128,69301,1567,68
3213,8720,69302,11128,69302,1567,68
3213,8720,69303,11128,69303,1567,68
3213,8720,69304,11128,69304,1567,68
3213,8720,69305,11128,69305,1567,68
3213,8720,69306,11128,69306,1567,68
3213,8720,69307,11128,69307,1567,68
3213,8720,69308,11128,69308,1567,68
3213,8720,69309,11128,69309,1567,68
3213,8720,69310,11128,69310,1567,68
3213,8720,69311,11128,69311,1567,68
3213,8720,69312,11128,69312,1567,68
3213,8720,69313,11128,69313,1567,68
3213,8720,69314,11128,69314,1567,68
3213,8720,69315,11128,69315,1567,68
3213,8720,69316,11128,69316,1567,68
3213,8720,69317,11128,69317,1567,68
3213,8720,69318,11128,69318,1567,68
3213,8720,69319,11128,69319,1567,68
3213,8720,69320,11128,69320,1567,68
3213,8720,69321,11128,69321,1567,68
3213,8720,69322,11128,69322,1567,68
3213,8720,69323,11128,69323,1567,68
3213,8720,69324,11128,69324,1567,68
3213,8720,69325,11128,69325,1567,68
3213,8720,69326,11128,69326,1567,68
3213,8720,69327,11128,69327,1567,68
3213,8720,69328,11128,69328,1567,68
3213,8720,69329,11128,69329,1567,68
3213,8720,69330,11128,69330,1567,68
3213,8720,69331,11128,69331,1567,68
3213,8720,69332,11128,69332,1567,68
3213,8720,69333,11128,69333,1567,68
3213,8720,69334,11128,69334,1567,68
3213,8720,69335,11128,69335,1567,68
3213,8720,69336,11128,69336,1567,68
3213,8720,69337,11128,69337,1567,68
3213,8720,69338,11128,69338,1567,68
3213,8720,69339,11128,69339,1567,68
3213,8720,69340,11128,69340,1567,68
3213,8720,69341,11128,69341,1567,68
3214,8720,69342,11128,69342,1567,68
3214,8720,69343,11128,69343,1567,68
3214,8720,69344,11128,69344,1567,68
3214,8720,69345,11128,69345,1567,68
3214,8720,69346,11128,69346,1567,68
3214,8720,69347,11128,69347,1567,68
3214,8720,69348,11128,69348,1567,68
3214,8720,69349,11128,69349,1567,68
3214,8720,69350,11128,69350,1567,68
3214,8720,69351,11128,69351,1567,68
3214,8720,69352,11128,69352,1567,68
3214,8720,69353,11128,69353,1567,68
3214,8720,69354,11128,69354,1567,68
3214,8720,69355,11128,69355,1567,68
3214,8720,69356,11128,69356,1567,68
3213,8720,69357,11128,69357,1567,68
3213,8720,69358,11128,69358,1567,68
3213,8720,69359,11128,69359,1567,68
3213,8720,69360,11128,69360,1567,68
3213,8720,69361,11128,69361,1567,68
3213,8720,69362,11128,69362,1567,68
3213,8720,69363,11128,69363,1567,68
3213,8720,69364,11128,69364,1567,68
3213,8720,69365,11128,69365,1567,68
3213,8720,69366,11128,69366,1567,68
3213,8720,69367,11128,69367,1567,68
3213,8720,69368,11128,69368,1567,68
3213,8720,69369,11128,69369,1567,68
3213,8720,69370,11128,69370,1567,68
3213,8720,69371,11128,69371,1567,68
3213,8720,69372,11128,69372,1567,68
3213,8720,69373,11128,69373,1567,68
3213,8720,69374,11128,69374,1567,68
3213,8720,69375,11128,69375,1567,68
3213,8720,69376,11128,69376,1567,68
3213,8720,69377,11128,69377,1567,68
3213,8720,69378,11128,69378,1567,68
3213,8720,69379,11128,69379,1567,68
3213,8720,69380,11128,69380,1567,68
3213,8720,69381,11128,69381,1567,68
3213,8720,69382,11128,69382,1567,68
3213,8720,69383,11128,69383,1567,68
3213,8720,69384,11128,69384,1567,68
3213,8720,69385,11128,69385,1567,68
3213,8720,69386,11128,69386,1567,68
3213,8720,69387,11128,69387,1567,68
3213,8720,69388,11128,69388,1567,68
3213,8720,69389,11128,69389,1567,68
3213,8720,69390,11128,69390,1567,68
3213,8720,69391,11128,69391,1567,68
3213,8720,69392,11128,69392,1567,68
3213,8720,69393,11128,69393,1567,68
3213,8720,69394,11128,69394,1567,68
3213,8720,69395,11128,69395,1567,68
3213,8720,69396,11128,69396,1567,68
3213,8720,69397,11128,69397,1567,68
3213,8720,69398,11128,69398,1567,68
3213,8720,69399,11128,69399,1567,68
3213,8720,69400,11128,69400,1567,68
3213,8720,69401,11128,69401,1567,68
3213,8720,69402,11128,69402,1567,68
3213,8720,69403,11128,69403,1567,68
3213,8720,69404,11128,69404,1567,68
3213,8720,69405,11128,69405,1567,68
3213,8720,69406,11128,69406,1567,68
3213,8720,69407,11128,69407,1567,68
3213,8720,69408,11128,69408,1567,68
3213,8720,69409,11128,69409,1567,68
3213,8720,69410,11128,69410,1567,68
3213,8720,69411,11128,69411,1567,68
3213,8720,69412,11128,69412,1567,68
3213,8720,69413,11128,69413,1567,68
3213,8720,69414,11128,69414,1567,68
3213,8720,69415,11128,69415,1567,68
3213,8720,69416,11128,69416,1567,68
3213,8720,69417,11128,69417,1567,68
3213,8720,69418,11128,69418,1567,68
3213,8720,69419,11128,69419,1567,68
3213,8720,69420,11128,69420,1567,68
3213,8720,69421,11128,69421,1567,68
3213,8720,69422,11128,69422,1567,68
3213,8720,69423,11128,69423,1567,68
3213,8720,69424,11128,69424,1567,68
3213,8720,69425,11128,69425,1567,68
3213,8720,69426,11128,69426,1567,68
3213,8720,69427,11128,69427,1567,68
3213,8720,69428,11128,69428,1567,68
3213,8720,69429,11128,69429,1567,68
3213,8720,69430,11128,69430,1567,68
3213,8720,69431,11128,69431,1567,68
3213,8720,69432,11128,69432,1567,68
3213,8720,69433,11128,69433,1567,68
3213,8720,69434,11128,69434,1567,68
3213,8720,69435,11128,69435,1567,68
3213,8720,69436,11128,69436,1567,68
3213,8720,69437,11128,69437,1567,68
3213,8720,69438,11128,69438,1567,68
3213,8720,69439,11128,69439,1567,68
3213,8720,69440,11128,69440,1567,68
3213,8720,69441,11128,69441,1567,68
3213,8720,69442,11128,69442,1567,68
3213,8720,69443,11128,69443,1567,68
3213,8720,69444,11128,69444,1567,68
3213,8720,69445,11128,69445,1567,68
3213,8720,69446,11128,69446,1567,68
3213,8720,69447,11128,69447,1567,68
3213,8720,69448,11128,69448,1567,68
3213,8720,69449,11128,69449,1567,68
3213,8720,69450,11128,69450,1567,68
3213,8720,69451,11128,69451,1567,68
3213,8720,69452,11128,69452,1567,68
3213,8720,69453,11128,69453,1567,68
3213,8720,69454,11128,69454,1567,68
3213,8720,69455,11128,69455,1567,68
3213,8720,69456,11128,69456,1567,68
3213,8720,69457,11128,69457,1567,68
3213,8720,69458,11128,69458,1567,68
3213,8720,69459,11128,69459,1567,68
3213,8720,69460,11128,69460,1567,68
3213,8720,69461,11128,69461,1567,68
3213,8720,69462,11128,69462,1567,68
3213,8720,69463,11128,69463,1567,68
3213,8720,69464,11128,69464,1567,68
3213,8720,69465,11128,69465,1567,68
3213,8720,69466,11128,69466,1567,68
3213,8720,69467,11128,69467,1567,68
3213,8720,69468,11128,69468,1567,68
3213,8720,69469,11128,69469,1567,68
3213,8720,69470,11128,69470,1567,68
3213,8720,69471,11128,69471,1567,68
3213,8720,69472,11128,69472,1567,68
3213,8720,69473,11128,69473,1567,68
3213,8720,69474,11128,69474,1567,68
3213,8720,69475,11128,69475,1567,68
3213,8720,69476,11128,69476,1567,68
3213,8720,69477,11128,69477,1567,68
3213,8720,69478,11128,69478,1567,68
3213,8720,69479,11128,69479,1567,68
3213,8720,69480,11128,69480,1567,68
3213,8720,69481,11128,69481,1567,68
3213,8720,69482,11128,69482,1567,68
3213,8720,69483,11128,69483,1567,68
3213,8720,69484,11128,69484,1567,68
3213,8720,69485,11128,69485,1567,68
3213,8720,69486,11128,69486,1567,68
3213,8720,69487,11128,69487,1567,68
3213,8720,69488,11128,69488,1567,68
3213,8720,69489,11128,69489,1567,68
3213,8720,69490,11128,69490,1567,68
3213,8720,69491,11128,69491,1567,68
3213,8720,69492,11128,69492,1567,68
3213,8720,69493,11128,69493,1567,68
3213,8720,69494,11128,69494,1567,68
3213,8720,69495,11128,69495,1567,68
3213,8720,69496,11128,69496,1567,68
3213,8720,69497,11128,69497,1567,68
3213,8720,69498,11128,69498,1567,68
3213,8720,69499,11128,69499,1567,68
3213,8720,69500,11128,69500,1567,68
3213,8720,69501,11128,69501,1567,68
3213,8720,69502,11128,69502,1567,68
3213,8720,69503,11128,69503,1567,68
3213,8720,69504,11128,69504,1567,68
3213,8720,69505,11128,69505,1567,68
3213,8720,69506,11128,69506,1567,68
3213,8720,69507,11128,69507,1567,68
3213,8720,69508,11128,69508,1567,68
3213,8720,69509,11128,69509,1567,68
3213,8720,69510,11128,69510,1567,68
3213,8720,69511,11128,69511,1567,68
3213,8720,69512,11128,69512,1567,68
3213,8720,69513,11128,69513,1567,68
3213,8720,69514,11128,69514,1567,68
3213,8720,69515,11128,69515,1567,68
3213,8720,69516,11128,69516,1567,68
3213,8720,69517,11128,69517,1567,68
3213,8720,69518,11128,69518,1567,68
3213,8720,69519,11128,69519,1567,68
3213,8720,69520,11128,69520,1567,68
3213,8720,69521,11128,69521,1567,68
3213,8720,69522,11128,69522,1567,68
3213,8720,69523,11128,69523,1567,68
3213,8720,69524,11128,69524,1567,68
3213,8720,69525,11128,69525,1567,68
3213,8720,69526,11128,69526,1567,68
3213,8720,69527,11128,69527,1567,68
3213,8720,69528,11128,69528,1567,68
3213,8720,69529,11128,69529,1567,68
3213,8720,69530,11128,69530,1567,68
3213,8720,69531,11128,69531,1567,68
3213,8720,69532,11128,69532,1567,68
3213,8720,69533,11128,69533,1567,68
3213,8720,69534,11128,69534,1567,68
3213,8720,69535,11128,69535,1567,68
3213,8720,69536,11128,69536,1567,68
3213,8720,69537,11128,69537,1567,68
3213,8720,69538,11128,69538,1567,68
3213,8720,69539,11128,69539,1567,68
3213,8720,69540,11128,69540,1567,68
3213,8720,69541,11128,69541,1567,68
3213,8720,69542,11128,69542,1567,68
3213,8720,69543,11128,69543,1567,68
3213,8720,69544,11128,69544,1567,68
3213,8720,69545,11128,69545,1567,68
3213,8720,69546,11128,69546,1567,68
3213,8720,69547,11128,69547,1567,68
3213,8720,69548,11128,69548,1567,68
3213,8720,69549,11128,69549,1567,68
3213,8720,69550,11128,69550,1567,68
3213,8720,69551,11128,69551,1567,68
3213,8720,69552,11128,69552,1567,68
3213,8720,69553,11128,69553,1567,68
3213,8720,69554,11128,69554,1567,68
3213,8720,69555,11128,69555,1567,68
3213,8720,69556,11128,69556,1567,68
3213,8720,69557,11128,69557,1567,68
3213,8720,69558,11128,69558,1567,68
3213,8720,69559,11128,69559,1567,68
3213,8720,69560,11128,69560,1567,68
3213,8720,69561,11128,69561,1567,68
3213,8720,69562,11128,69562,1567,68
3213,8720,69563,11128,69563,1567,68
3213,8720,69564,11128,69564,1567,68
3213,8720,69565,11128,69565,1567,68
3213,8720,69566,11128,69566,1567,68
3213,8720,69567,11128,69567,1567,68
3213,8720,69568,11128,69568,1567,68
3213,8720,69569,11128,69569,1567,68
3213,8720,69570,11128,69570,1567,68
3213,8720,69571,11128,69571,1567,68
3213,8720,69572,11128,69572,1567,68
3213,8720,69573,11128,69573,1567,68
3213,8720,69574,11128,69574,1567,68
3213,8720,69575,11128,69575,1567,68
3213,8720,69576,11128,69576,1567,68
3213,8720,69577,11128,69577,1567,68
3213,8720,69578,11128,69578,1567,68
3213,8720,69579,11128,69579,1567,68
3213,8720,69580,11128,69580,1567,68
3213,8720,69581,11128,69581,1567,68
3213,8720,69582,11128,69582,1567,68
3213,8720,69583,11128,69583,1567,68
3213,8720,69584,11128,69584,1567,68
3213,8720,69585,11128,69585,1567,68
3213,8720,69586,11128,69586,1567,68
3213,8720,69587,11128,69587,1567,68
3213,8720,69588,11128,69588,1567,68
3213,8720,69589,11128,69589,1567,68
3213,8720,69590,11128,69590,1567,68
3213,8720,69591,11128,69591,1567,68
3213,8720,69592,11128,69592,1567,68
3213,8720,69593,11128,69593,1567,68
3213,8720,69594,11128,69594,1567,68
3213,8720,69595,11128,69595,1567,68
3213,8720,69596,11128,69596,1567,68
3213,8720,69597,11128,69597,1567,68
3213,8720,69598,11128,69598,1567,68
3213,8720,69599,11128,69599,1567,68
3213,8720,69600,11128,69600,1567,68
3213,8720,69601,11128,69601,1567,68
3213,8720,69602,11128,69602,1567,68
3213,8720,69603,11128,69603,1567,68
3213,8720,69604,11128,69604,1567,68
3213,8720,69605,11128,69605,1567,68
3213,8720,69606,11128,69606,1567,68
3213,8720,69607,11128,69607,1567,68
3213,8720,69608,11128,69608,1567,68
3213,8720,69609,11128,69609,1567,68
3213,8720,69610,11128,69610,1567,68
3213,8720,69611,11128,69611,1567,68
3213,8720,69612,11128,69612,1567,68
3213,8720,69613,11128,69613,1567,68
3213,8720,69614,11128,69614,1567,68
3213,8720,69615,11128,69615,1567,68
3213,8720,69616,11128,69616,1567,68
3213,8720,69617,11128,69617,1567,68
3213,8720,69618,11128,69618,1567,68
3213,8720,69619,11128,69619,1567,68
3213,8720,69620,11128,69620,1567,68
3213,8720,69621,11128,69621,1567,68
3213,8720,69622,11128,69622,1567,68
3213,8720,69623,11128,69623,1567,68
3213,8720,69624,11128,69624,1567,68
3213,8720,69625,11128,69625,1567,68
3213,8720,69626,11128,69626,1567,68
3213,8720,69627,11128,69627,1567,68
3213,8720,69628,11128,69628,1567,68
3213,8720,69629,11128,69629,1567,68
3213,8720,69630,11128,69630,1567,68
3213,8720,69631,11128,69631,1567,68
3213,8720,69632,11128,69632,1567,68
3213,8720,69633,11128,69633,1567,68
3213,8720,69634,11128,69634,1567,68
3213,8720,69635,11128,69635,1567,68
3213,8720,69636,11128,69636,1567,68
3213,8720,69637,11128,69637,1567,68
3213,8720,69638,11128,69638,1567,68
3213,8720,69639,11128,69639,1567,68
3213,8720,69640,11128,69640,1567,68
3213,8720,69641,11128,69641,1567,68
3213,8720,69642,11128,69642,1567,68
3213,8720,69643,11128,69643,1567,68
3213,8720,69644,11128,69644,1567,68
3213,8720,69645,11128,69645,1567,68
3213,8720,69646,11128,69646,1567,68
3213,8720,69647,11128,69647,1567,68
3213,8720,69648,11128,69648,1567,68
3213,8720,69649,11128,69649,1567,68
3213,8720,69650,11128,69650,1567,68
3213,8720,69651,11128,69651,1567,68
3213,8720,69652,11128,69652,1567,68
3213,8720,69653,11128,69653,1567,68
3213,8720,69654,11128,69654,1567,68
3213,8720,69655,11128,69655,1567,68
3213,8720,69656,11128,69656,1567,68
3213,8720,69657,11128,69657,1567,68
3213,8720,69658,11128,69658,1567,68
3213,8720,69659,11128,69659,1567,68
3213,8720,69660,11128,69660,1567,68
3213,8720,69661,11128,69661,1567,68
3213,8720,69662,11128,69662,1567,68
3213,8720,69663,11128,69663,1567,68
3213,8720,69664,11128,69664,1567,68
3213,8720,69665,11128,69665,1567,68
3213,8720,69666,11128,69666,1567,68
3213,8720,69667,11128,69667,1567,68
3213,8720,69668,11128,69668,1567,68
3213,8720,69669,11128,69669,1567,68
3213,8720,69670,11128,69670,1567,68
3213,8720,69671,11128,69671,1567,68
3213,8720,69672,11128,69672,1567,68
3213,8720,69673,11128,69673,1567,68
3213,8720,69674,11128,69674,1567,68
3213,8720,69675,11128,69675,1567,68
3213,8720,69676,11128,69676,1567,68
3213,8720,69677,11128,69677,1567,68
3213,8720,69678,11128,69678,1567,68
3213,8720,69679,11128,69679,1567,68
3213,8720,69680,11128,69680,1567,68
3213,8720,69681,11128,69681,1567,68
3213,8720,69682,11128,69682,1567,68
3213,8720,69683,11128,69683,1567,68
3214,8720,69684,11128,69684,1567,68
3214,8720,69685,11128,69685,1567,68
3214,8720,69686,11128,69686,1567,68
3214,8720,69687,11128,69687,1567,68
3214,8720,69688,11128,69688,1567,68
3214,8720,69689,11128,69689,1567,68
3214,8720,69690,11128,69690,1567,68
3214,8720,69691,11128,69691,1567,68
3214,8720,69692,11128,69692,1567,68
3214,8720,69693,11128,69693,1567,68
3214,8720,69694,11128,69694,1567,68
3214,8720,69695,11128,69695,1567,68
3214,8720,69696,11128,69696,1567,68
3214,8720,69697,11128,69697,1567,68
3214,8720,69698,11128,69698,1567,68
3214,8720,69699,11128,69699,1567,68
3214,8720,69700,11128,69700,1567,68
3214,8720,69701,11128,69701,1567,68
3214,8720,69702,11128,69702,1567,68
3214,8720,69703,11128,69703,1567,68
3214,8720,69704,11128,69704,1567,68
3214,8720,69705,11128,69705,1567,68
3214,8720,69706,11128,69706,1567,68
3214,8720,69707,11128,69707,1567,68
3214,8720,69708,11128,69708,1567,68
3214,8720,69709,11128,69709,1567,68
3214,8720,69710,11128,69710,1567,68
3214,8720,69711,11128,69711,1567,68
3214,8720,69712,11128,69712,1567,68
3214,8720,69713,11128,69713,1567,68
3214,8720,69714,11128,69714,1567,68
3214,8720,69715,11128,69715,1567,68
3214,8720,69716,11128,69716,1567,68
3214,8720,69717,11128,69717,1567,68
3214,8720,69718,11128,69718,1567,68
3214,8720,69719,11128,69719,1567,68
3214,8720,69720,11128,69720,1567,68
3214,8720,69721,11128,69721,1567,68
3214,8720,69722,11128,69722,1567,68
3214,8720,69723,11128,69723,1567,68
3214,8720,69724,11128,69724,1567,68
3214,8720,69725,11128,69725,1567,68
3214,8720,69726,11128,69726,1567,68
3214,8720,69727,11128,69727,1567,68
3214,8720,69728,11128,69728,1567,68
3214,8720,69729,11128,69729,1567,68
3214,8720,69730,11128,69730,1567,68
3214,8720,69731,11128,69731,1567,68
3214,8720,69732,11128,69732,1567,68
3214,8720,69733,11128,69733,1567,68
3214,8720,69734,11128,69734,1567,68
3214,8720,69735,11128,69735,1567,68
3214,8720,69736,11128,69736,1567,68
3214,8720,69737,11128,69737,1567,68
3214,8720,69738,11128,69738,1567,68
3214,8720,69739,11128,69739,1567,68
3214,8720,69740,11128,69740,1567,68
3214,8720,69741,11128,69741,1567,68
3214,8720,69742,11128,69742,1567,68
3214,8720,69743,11128,69743,1567,68
3214,8720,69744,11128,69744,1567,68
3214,8720,69745,11128,69745,1567,68
3214,8720,69746,11128,69746,1567,68
3214,8720,69747,11128,69747,1567,68
3214,8720,69748,11128,69748,1567,68
3214,8720,69749,11128,69749,1567,68
3214,8720,69750,11128,69750,1567,68
3214,8720,69751,11128,69751,1567,68
3214,8720,69752,11128,69752,1567,68
3214,8720,69753,11128,69753,1567,68
3214,8720,69754,11128,69754,1567,68
3214,8720,69755,11128,69755,1567,68
3214,8720,69756,11128,69756,1567,68
3214,8720,69757,11128,69757,1567,68
3214,8720,69758,11128,69758,1567,68
3214,8720,69759,11128,69759,1567,68
3214,8720,69760,11128,69760,1567,68
3214,8720,69761,11128,69761,1567,68
3214,8720,69762,11128,69762,1567,68
3214,8720,69763,11128,69763,1567,68
3214,8720,69764,11128,69764,1567,68
3214,8720,69765,11128,69765,1567,68
3214,8720,69766,11128,69766,1567,68
3214,8720,69767,11128,69767,1567,68
3214,8720,69768,11128,69768,1567,68
3214,8720,69769,11128,69769,1567,68
3214,8720,69770,11128,69770,1567,68
3214,8720,69771,11128,69771,1567,68
3214,8720,69772,11128,69772,1567,68
3214,8720,69773,11128,69773,1567,68
3214,8720,69774,11128,69774,1567,68
3214,8720,69775,11128,69775,1567,68
3214,8720,69776,11128,69776,1567,68
3214,8720,69777,11128,69777,1567,68
3214,8720,69778,11128,69778,1567,68
3214,8720,69779,11128,69779,1567,68
3214,8720,69780,11128,69780,1567,68
3214,8720,69781,11128,69781,1567,68
3214,8720,69782,11128,69782,1567,68
3214,8720,69783,11128,69783,1567,68
3214,8720,69784,11128,69784,1567,68
3214,8720,69785,11128,69785,1567,68
3214,8720,69786,11128,69786,1567,68
3214,8720,69787,11128,69787,1567,68
3214,8720,69788,11128,69788,1567,68
3214,8720,69789,11128,69789,1567,68
3214,8720,69790,11128,69790,1567,68
3214,8720,69791,11128,69791,1567,68
3214,8720,69792,11128,69792,1567,68
3214,8720,69793,11128,69793,1567,68
3214,8720,69794,11128,69794,1567,68
3214,8720,69795,11128,69795,1567,68
3214,8720,69796,11128,69796,1567,68
3214,8720,69797,11128,69797,1567,68
3214,8720,69798,11128,69798,1567,68
3214,8720,69799,11128,69799,1567,68
3214,8720,69800,11128,69800,1567,68
3214,8720,69801,11128,69801,1567,68
3214,8720,69802,11128,69802,1567,68
3214,8720,69803,11128,69803,1567,68
3214,8720,69804,11128,69804,1567,68
3214,8720,69805,11128,69805,1567,68
3214,8720,69806,11128,69806,1567,68
3214,8720,69807,11128,69807,1567,68
3214,8720,69808,11128,69808,1567,68
3214,8720,69809,11128,69809,1567,68
3214,8720,69810,11128,69810,1567,68
3214,8720,69811,11128,69811,1567,68
3214,8720,69812,11128,69812,1567,68
3214,8720,69813,11128,69813,1567,68
3214,8720,69814,11128,69814,1567,68
3214,8720,69815,11128,69815,1567,68
3214,8720,69816,11128,69816,1567,68
3214,8720,69817,11128,69817,1567,68
3214,8720,69818,11128,69818,1567,68
3214,8720,69819,11128,69819,1567,68
3214,8720,69820,11128,69820,1567,68
3214,8720,69821,11128,69821,1567,68
3214,8720,69822,11128,69822,1567,68
3214,8720,69823,11128,69823,1567,68
3214,8720,69824,11128,69824,1567,68
3214,8720,69825,11128,69825,1567,68
3214,8720,69826,11128,69826,1567,68
3214,8720,69827,11128,69827,1567,68
3214,8720,69828,11128,69828,1567,68
3214,8720,69829,11128,69829,1567,68
3214,8720,69830,11128,69830,1567,68
3214,8720,69831,11128,69831,1567,68
3214,8720,69832,11128,69832,1567,68
3214,8720,69833,11128,69833,1567,68
3214,8720,69834,11128,69834,1567,68
3214,8720,69835,11128,69835,1567,68
3214,8720,69836,11128,69836,1567,68
3214,8720,69837,11128,69837,1567,68
3214,8720,69838,11128,69838,1567,68
3214,8720,69839,11128,69839,1567,68
3214,8720,69840,11128,69840,1567,68
3214,8720,69841,11128,69841,1567,68
3214,8720,69842,11128,69842,1567,68
3214,8720,69843,11128,69843,1567,68
3214,8720,69844,11128,69844,1567,68
3214,8720,69845,11128,69845,1567,68
3214,8720,69846,11128,69846,1567,68
3214,8720,69847,11128,69847,1567,68
3214,8720,69848,11128,69848,1567,68
3214,8720,69849,11128,69849,1567,68
3214,8720,69850,11128,69850,1567,68
3214,8720,69851,11128,69851,1567,68
3214,8720,69852,11128,69852,1567,68
3214,8720,69853,11128,69853,1567,68
3214,8720,69854,11128,69854,1567,68
3214,8720,69855,11128,69855,1567,68
3214,8720,69856,11128,69856,1567,68
3214,8720,69857,11128,69857,1567,68
3214,8720,69858,11128,69858,1567,68
3214,8720,69859,11128,69859,1567,68
3214,8720,69860,11128,69860,1567,68
3214,8720,69861,11128,69861,1567,68
3214,8720,69862,11128,69862,1567,68
3214,8720,69863,11128,69863,1567,68
3214,8720,69864,11128,69864,1567,68
3214,8720,69865,11128,69865,1567,68
3214,8720,69866,11128,69866,1567,68
3214,8720,69867,11128,69867,1567,68
3214,8720,69868,11128,69868,1567,68
3214,8720,69869,11128,69869,1567,68
3214,8720,69870,11128,69870,1567,68
3214,8720,69871,11128,69871,1567,68
3214,8720,69872,11128,69872,1567,68
3214,8720,69873,11128,69873,1567,68
3214,8720,69874,11128,69874,1567,68
3214,8720,69875,11128,69875,1567,68
3214,8720,69876,11128,69876,1567,68
3214,8720,69877,11128,69877,1567,68
3214,8720,69878,11128,69878,1567,68
3214,8720,69879,11128,69879,1567,68
3214,8720,69880,11128,69880,1567,68
3214,8720,69881,11128,69881,1567,68
3214,8720,69882,11128,69882,1567,68
3214,8720,69883,11128,69883,1567,68
3214,8720,69884,11128,69884,1567,68
3214,8720,69885,11128,69885,1567,68
3214,8720,69886,11128,69886,1567,68
3214,8720,69887,11128,69887,1567,68
3214,8720,69888,11128,69888,1567,68
3214,8720,69889,11128,69889,1567,68
3214,8720,69890,11128,69890,1567,68
3214,8720,69891,11128,69891,1567,68
3214,8720,69892,11128,69892,1567,68
3214,8720,69893,11128,69893,1567,68
3214,8720,69894,11128,69894,1567,68
3214,8720,69895,11128,69895,1567,68
3214,8720,69896,11128,69896,1567,68
3214,8720,69897,11128,69897,1567,68
3214,8720,69898,11128,69898,1567,68
3214,8720,69899,11128,69899,1567,68
3214,8720,69900,11128,69900,1567,68
3214,8720,69901,11128,69901,1567,68
3214,8720,69902,11128,69902,1567,68
3214,8720,69903,11128,69903,1567,68
3214,8720,69904,11128,69904,1567,68
3214,8720,69905,11128,69905,1567,68
3214,8720,69906,11128,69906,1567,68
3214,8720,69907,11128,69907,1567,68
3214,8720,69908,11128,69908,1567,68
3214,8720,69909,11128,69909,1567,68
3214,8720,69910,11128,69910,1567,68
3214,8720,69911,11128,69911,1567,68
3214,8720,69912,11128,69912,1567,68
3214,8720,69913,11128,69913,1567,68
3214,8720,69914,11128,69914,1567,68
3214,8720,69915,11128,69915,1567,68
3214,8720,69916,11128,69916,1567,68
3214,8720,69917,11128,69917,1567,68
3214,8720,69918,11128,69918,1567,68
3214,8720,69919,11128,69919,1567,68
3214,8720,69920,11128,69920,1567,68
3214,8720,69921,11128,69921,1567,68
3214,8720,69922,11128,69922,1567,68
3214,8720,69923,11128,69923,1567,68
3214,8720,69924,11128,69924,1567,68
3214,8720,69925,11128,69925,1567,68
3214,8720,69926,11128,69926,1567,68
3214,8720,69927,11128,69927,1567,68
3214,8720,69928,11128,69928,1567,68
3214,8720,69929,11128,69929,1567,68
3214,8720,69930,11128,69930,1567,68
3214,8720,69931,11128,69931,1567,68
3214,8720,69932,11128,69932,1567,68
3214,8720,69933,11128,69933,1567,68
3214,8720,69934,11128,69934,1567,68
3214,8720,69935,11128,69935,1567,68
3214,8720,69936,11128,69936,1567,68
3214,8720,69937,11128,69937,1567,68
3214,8720,69938,11128,69938,1567,68
3214,8720,69939,11128,69939,1567,68
3214,8720,69940,11128,69940,1567,68
3214,8720,69941,11128,69941,1567,68
3214,8720,69942,11128,69942,1567,68
3214,8720,69943,11128,69943,1567,68
3214,8720,69944,11128,69944,1567,68
3214,8720,69945,11128,69945,1567,68
3214,8720,69946,11128,69946,1567,68
3214,8720,69947,11128,69947,1567,68
3214,8720,69948,11128,69948,1567,68
3214,8720,69949,11128,69949,1567,68
3214,8720,69950,11128,69950,1567,68
3214,8720,69951,11128,69951,1567,68
3214,8720,69952,11128,69952,1567,68
3214,8720,69953,11128,69953,1567,68
3214,8720,69954,11128,69954,1567,68
3214,8720,69955,11128,69955,1567,68
3214,8720,69956,11128,69956,1567,68
3214,8720,69957,11128,69957,1567,68
3214,8720,69958,11128,69958,1567,68
3214,8720,69959,11128,69959,1567,68
3214,8720,69960,11128,69960,1567,68
3214,8720,69961,11128,69961,1567,68
3214,8720,69962,11128,69962,1567,68
3214,8720,69963,11128,69963,1567,68
3214,8720,69964,11128,69964,1567,68
3214,8720,69965,11128,69965,1567,68
3214,8720,69966,11128,69966,1567,68
3214,8720,69967,11128,69967,1567,68
3214,8720,69968,11128,69968,1567,68
3214,8720,69969,11128,69969,1567,68
3214,8720,69970,11128,69970,1567,68
3214,8720,69971,11128,69971,1567,68
3214,8720,69972,11128,69972,1567,68
3214,8720,69973,11128,69973,1567,68
3214,8720,69974,11128,69974,1567,68
3214,8720,69975,11128,69975,1567,68
3214,8720,69976,11128,69976,1567,68
3214,8720,69977,11128,69977,1567,68
3214,8720,69978,11128,69978,1567,68
3214,8720,69979,11128,69979,1567,68
3214,8720,69980,11128,69980,1567,68
3214,8720,69981,11128,69981,1567,68
3214,8720,69982,11128,69982,1567,68
3214,8720,69983,11128,69983,1567,68
3214,8720,69984,11128,69984,1567,68
3214,8720,69985,11128,69985,1567,68
3214,8720,69986,11128,69986,1567,68
3214,8720,69987,11128,69987,1567,68
3214,8720,69988,11128,69988,1567,68
3214,8720,69989,11128,69989,1567,68
3214,8720,69990,11128,69990,1567,68
3214,8720,69991,11128,69991,1567,68
3214,8720,69992,11128,69992,1567,68
3214,8720,69993,11128,69993,1567,68
3214,8720,69994,11128,69994,1567,68
3214,8720,69995,11128,69995,1567,68
3214,8720,69996,11128,69996,1567,68
3214,8720,69997,11128,69997,1567,68
3214,8720,69998,11128,69998,1567,68
3214,8720,69999,11128,69999,1567,68
3214,8720,70000,11128,70000,1567,68
3215,8720,70001,11128,70001,1567,68
3215,8720,70002,11128,70002,1567,68
3215,8720,70003,11128,70003,1567,68
3215,8720,70004,11128,70004,1567,68
3215,8720,70005,11128,70005,1567,68
3215,8720,70006,11128,70006,1567,68
3215,8720,70007,11128,70007,1567,68
3215,8720,70008,11128,70008,1567,68
3215,8720,70009,11128,70009,1567,68
3215,8720,70010,11128,70010,1567,68
3215,8720,70011,11128,70011,1567,68
3215,8720,70012,11128,70012,1567,68
3215,8720,70013,11128,70013,1567,68
3215,8720,70014,11128,70014,1567,68
3215,8720,70015,11128,70015,1567,68
3215,8720,70016,11128,70016,1567,68
3215,8720,70017,11128,70017,1567,68
3215,8720,70018,11128,70018,1567,68
3215,8720,70019,11128,70019,1567,68
3215,8720,70020,11128,70020,1567,68
3215,8720,70021,11128,70021,1567,68
3215,8720,70022,11128,70022,1567,68
3215,8720,70023,11128,70023,1567,68
3215,8720,70024,11128,70024,1567,68
3215,8720,70025,11128,70025,1567,68
3215,8720,70026,11128,70026,1567,68
3215,8720,70027,11128,70027,1567,68
3215,8720,70028,11128,70028,1567,68
3215,8720,70029,11128,70029,1567,68
3215,8720,70030,11128,70030,1567,68
3215,8720,70031,11128,70031,1567,68
3215,8720,70032,11128,70032,1567,68
3215,8720,70033,11128,70033,1567,68
3215,8720,70034,11128,70034,1567,68
3215,8720,70035,11128,70035,1567,68
3215,8720,70036,11128,70036,1567,68
3215,8720,70037,11128,70037,1567,68
3215,8720,70038,11128,70038,1567,68
3215,8720,70039,11128,70039,1567,68
3215,8720,70040,11128,70040,1567,68
3215,8720,70041,11128,70041,1567,68
3215,8720,70042,11128,70042,1567,68
3215,8720,70043,11128,70043,1567,68
3215,8720,70044,11128,70044,1567,68
3215,8720,70045,11128,70045,1567,68
3215,8720,70046,11128,70046,1567,68
3215,8720,70047,11128,70047,1567,68
3215,8720,70048,11128,70048,1567,68
3215,8720,70049,11128,70049,1567,68
3215,8720,70050,11128,70050,1567,68
3215,8720,70051,11128,70051,1567,68
3215,8720,70052,11128,70052,1567,68
3215,8720,70053,11128,70053,1567,68
3215,8720,70054,11128,70054,1567,68
3215,8720,70055,11128,70055,1567,68
3215,8720,70056,11128,70056,1567,68
3215,8720,70057,11128,70057,1567,68
3215,8720,70058,11128,70058,1567,68
3215,8720,70059,11128,70059,1567,68
3215,8720,70060,11128,70060,1567,68
3215,8720,70061,11128,70061,1567,68
3215,8720,70062,11128,70062,1567,68
3215,8720,70063,11128,70063,1567,68
3215,8720,70064,11128,70064,1567,68
3215,8720,70065,11128,70065,1567,68
3215,8720,70066,11128,70066,1567,68
3215,8720,70067,11128,70067,1567,68
3215,8720,70068,11128,70068,1567,68
3215,8720,70069,11128,70069,1567,68
3215,8720,70070,11128,70070,1567,68
3215,8720,70071,11128,70071,1567,68
3215,8720,70072,11128,70072,1567,68
3215,8720,70073,11128,70073,1567,68
3215,8720,70074,11128,70074,1567,68
3215,8720,70075,11128,70075,1567,68
3215,8720,70076,11128,70076,1567,68
3215,8720,70077,11128,70077,1567,68
3215,8720,70078,11128,70078,1567,68
3215,8720,70079,11128,70079,1567,68
3215,8720,70080,11128,70080,1567,68
3215,8720,70081,11128,70081,1567,68
3215,8720,70082,11128,70082,1567,68
3215,8720,70083,11128,70083,1567,68
3215,8720,70084,11128,70084,1567,68
3215,8720,70085,11128,70085,1567,68
3215,8720,70086,11128,70086,1567,68
3215,8720,70087,11128,70087,1567,68
3215,8720,70088,11128,70088,1567,68
3215,8720,70089,11128,70089,1567,68
3215,8720,70090,11128,70090,1567,68
3215,8720,70091,11128,70091,1567,68
3215,8720,70092,11128,70092,1567,68
3215,8720,70093,11128,70093,1567,68
3215,8720,70094,11128,70094,1567,68
3215,8720,70095,11128,70095,1567,68
3215,8720,70096,11128,70096,1567,68
3215,8720,70097,11128,70097,1567,68
3215,8720,70098,11128,70098,1567,68
3215,8720,70099,11128,70099,1567,68
3215,8720,70100,11128,70100,1567,68
3215,8720,70101,11128,70101,1567,68
3215,8720,70102,11128,70102,1567,68
3215,8720,70103,11128,70103,1567,68
3215,8720,70104,11128,70104,1567,68
3215,8720,70105,11128,70105,1567,68
3215,8720,70106,11128,70106,1567,68
3215,8720,70107,11128,70107,1567,68
3215,8720,70108,11128,70108,1567,68
3215,8720,70109,11128,70109,1567,68
3215,8720,70110,11128,70110,1567,68
3215,8720,70111,11128,70111,1567,68
3215,8720,70112,11128,70112,1567,68
3215,8720,70113,11128,70113,1567,68
3215,8720,70114,11128,70114,1567,68
3215,8720,70115,11128,70115,1567,68
3215,8720,70116,11128,70116,1567,68
3215,8720,70117,11128,70117,1567,68
3215,8720,70118,11128,70118,1567,68
3215,8720,70119,11128,70119,1567,68
3215,8720,70120,11128,70120,1567,68
3215,8720,70121,11128,70121,1567,68
3215,8720,70122,11128,70122,1567,68
3215,8720,70123,11128,70123,1567,68
3215,8720,70124,11128,70124,1567,68
3215,8720,70125,11128,70125,1567,68
3215,8720,70126,11128,70126,1567,68
3215,8720,70127,11128,70127,1567,68
3215,8720,70128,11128,70128,1567,68
3215,8720,70129,11128,70129,1567,68
3215,8720,70130,11128,70130,1567,68
3215,8720,70131,11128,70131,1567,68
3215,8720,70132,11128,70132,1567,68
3215,8720,70133,11128,70133,1567,68
3215,8720,70134,11128,70134,1567,68
3215,8720,70135,11128,70135,1567,68
3215,8720,70136,11128,70136,1567,68
3215,8720,70137,11128,70137,1567,68
3215,8720,70138,11128,70138,1567,68
3215,8720,70139,11128,70139,1567,68
3215,8720,70140,11128,70140,1567,68
3215,8720,70141,11128,70141,1567,68
3215,8720,70142,11128,70142,1567,68
3215,8720,70143,11128,70143,1567,68
3215,8720,70144,11128,70144,1567,68
3215,8720,70145,11128,70145,1567,68
3215,8720,70146,11128,70146,1567,68
3215,8720,70147,11128,70147,1567,68
3215,8720,70148,11128,70148,1567,68
3215,8720,70149,11128,70149,1567,68
3215,8720,70150,11128,70150,1567,68
3215,8720,70151,11128,70151,1567,68
3215,8720,70152,11128,70152,1567,68
3215,8720,70153,11128,70153,1567,68
3215,8720,70154,11128,70154,1567,68
3215,8720,70155,11128,70155,1567,68
3215,8720,70156,11128,70156,1567,68
3215,8720,70157,11128,70157,1567,68
3215,8720,70158,11128,70158,1567,68
3215,8720,70159,11128,70159,1567,68
3215,8720,70160,11128,70160,1567,68
3215,8720,70161,11128,70161,1567,68
3215,8720,70162,11128,70162,1567,68
3215,8720,70163,11128,70163,1567,68
3215,8720,70164,11128,70164,1567,68
3215,8720,70165,11128,70165,1567,68
3215,8720,70166,11128,70166,1567,68
3215,8720,70167,11128,70167,1567,68
3215,8720,70168,11128,70168,1567,68
3215,8720,70169,11128,70169,1567,68
3215,8720,70170,11128,70170,1567,68
3215,8720,70171,11128,70171,1567,68
3215,8720,70172,11128,70172,1567,68
3215,8720,70173,11128,70173,1567,68
3215,8720,70174,11128,70174,1567,68
3215,8720,70175,11128,70175,1567,68
3215,8720,70176,11128,70176,1567,68
3215,8720,70177,11128,70177,1567,68
3215,8720,70178,11128,70178,1567,68
3215,8720,70179,11128,70179,1567,68
3215,8720,70180,11128,70180,1567,68
3215,8720,70181,11128,70181,1567,68
3215,8720,70182,11128,70182,1567,68
3215,8720,70183,11128,70183,1567,68
3215,8720,70184,11128,70184,1567,68
3215,8720,70185,11128,70185,1567,68
3215,8720,70186,11128,70186,1567,68
3215,8720,70187,11128,70187,1567,68
3215,8720,70188,11128,70188,1567,68
3215,8720,70189,11128,70189,1567,68
3215,8720,70190,11128,70190,1567,68
3215,8720,70191,11128,70191,1567,68
3215,8720,70192,11128,70192,1567,68
3215,8720,70193,11128,70193,1567,68
3215,8720,70194,11128,70194,1567,68
3215,8720,70195,11128,70195,1567,68
3215,8720,70196,11128,70196,1567,68
3215,8720,70197,11128,70197,1567,68
3215,8720,70198,11128,70198,1567,68
3215,8720,70199,11128,70199,1567,68
3215,8720,70200,11128,70200,1567,68
3215,8720,70201,11128,70201,1567,68
3215,8720,70202,11128,70202,1567,68
3215,8720,70203,11128,70203,1567,68
3215,8720,70204,11128,70204,1567,68
3215,8720,70205,11128,70205,1567,68
3215,8720,70206,11128,70206,1567,68
3215,8720,70207,11128,70207,1567,68
3215,8720,70208,11128,70208,1567,68
3215,8720,70209,11128,70209,1567,68
3215,8720,70210,11128,70210,1567,68
3215,8720,70211,11128,70211,1567,68
3215,8720,70212,11128,70212,1567,68
3215,8720,70213,11128,70213,1567,68
3215,8720,70214,11128,70214,1567,68
3215,8720,70215,11128,70215,1567,68
3215,8720,70216,11128,70216,1567,68
3215,8720,70217,11128,70217,1567,68
3215,8720,70218,11128,70218,1567,68
3215,8720,70219,11128,70219,1567,68
3215,8720,70220,11128,70220,1567,68
3215,8720,70221,11128,70221,1567,68
3215,8720,70222,11128,70222,1567,68
3215,8720,70223,11128,70223,1567,68
3215,8720,70224,11128,70224,1567,68
3215,8720,70225,11128,70225,1567,68
3215,8720,70226,11128,70226,1567,68
3215,8720,70227,11128,70227,1567,68
3215,8720,70228,11128,70228,1567,68
3215,8720,70229,11128,70229,1567,68
3215,8720,70230,11128,70230,1567,68
3215,8720,70231,11128,70231,1567,68
3215,8720,70232,11128,70232,1567,68
3215,8720,70233,11128,70233,1567,68
3215,8720,70234,11128,70234,1567,68
3215,8720,70235,11128,70235,1567,68
3215,8720,70236,11128,70236,1567,68
3215,8720,70237,11128,70237,1567,68
3215,8720,70238,11128,70238,1567,68
3215,8720,70239,11128,70239,1567,68
3215,8720,70240,11128,70240,1567,68
3215,8720,70241,11128,70241,1567,68
3215,8720,70242,11128,70242,1567,68
3215,8720,70243,11128,70243,1567,68
3215,8720,70244,11128,70244,1567,68
3215,8720,70245,11128,70245,1567,68
3215,8720,70246,11128,70246,1567,68
3215,8720,70247,11128,70247,1567,68
3215,8720,70248,11128,70248,1567,68
3215,8720,70249,11128,70249,1567,68
3215,8720,70250,11128,70250,1567,68
3215,8720,70251,11128,70251,1567,68
3215,8720,70252,11128,70252,1567,68
3215,8720,70253,11128,70253,1567,68
3215,8720,70254,11128,70254,1567,68
3215,8720,70255,11128,70255,1567,68
3215,8720,70256,11128,70256,1567,68
3215,8720,70257,11128,70257,1567,68
3215,8720,70258,11128,70258,1567,68
3215,8720,70259,11128,70259,1567,68
3215,8720,70260,11128,70260,1567,68
3215,8720,70261,11128,70261,1567,68
3215,8720,70262,11128,70262,1567,68
3215,8720,70263,11128,70263,1567,68
3215,8720,70264,11128,70264,1567,68
3215,8720,70265,11128,70265,1567,68
3215,8720,70266,11128,70266,1567,68
3215,8720,70267,11128,70267,1567,68
3215,8720,70268,11128,70268,1567,68
3215,8720,70269,11128,70269,1567,68
3215,8720,70270,11128,70270,1567,68
3215,8720,70271,11128,70271,1567,68
3215,8720,70272,11128,70272,1567,68
3215,8720,70273,11128,70273,1567,68
3215,8720,70274,11128,70274,1567,68
3215,8720,70275,11128,70275,1567,68
3215,8720,70276,11128,70276,1567,68
3215,8720,70277,11128,70277,1567,68
3215,8720,70278,11128,70278,1567,68
3215,8720,70279,11128,70279,1567,68
3215,8720,70280,11128,70280,1567,68
3215,8720,70281,11128,70281,1567,68
3215,8720,70282,11128,70282,1567,68
3215,8720,70283,11128,70283,1567,68
3215,8720,70284,11128,70284,1567,68
3215,8720,70285,11128,70285,1567,68
3215,8720,70286,11128,70286,1567,68
3215,8720,70287,11128,70287,1567,68
3215,8720,70288,11128,70288,1567,68
3214,8720,70289,11128,70289,1567,67
3214,8720,70290,11128,70290,1567,67
3214,8720,70291,11128,70291,1567,67
3214,8720,70292,11128,70292,1567,67
3214,8720,70293,11128,70293,1567,67
3214,8720,70294,11128,70294,1567,67
3214,8720,70295,11128,70295,1567,67
3214,8720,70296,11128,70296,1567,67
3214,8720,70297,11128,70297,1567,67
3214,8720,70298,11128,70298,1567,67
3214,8720,70299,11128,70299,1567,67
3214,8720,70300,11128,70300,1567,67
3214,8720,70301,11128,70301,1567,67
3214,8720,70302,11128,70302,1567,67
3214,8720,70303,11128,70303,1567,67
3214,8720,70304,11128,70304,1567,67
3214,8720,70305,11128,70305,1567,67
3214,8720,70306,11128,70306,1567,67
3214,8720,70307,11128,70307,1567,67
3214,8720,70308,11128,70308,1567,67
3214,8720,70309,11128,70309,1567,67
3214,8720,70310,11128,70310,1567,67
3214,8720,70311,11128,70311,1567,67
3214,8720,70312,11128,70312,1567,67
3215,8720,70313,11128,70313,1567,67
3215,8720,70314,11128,70314,1567,67
3215,8720,70315,11128,70315,1567,67
3215,8720,70316,11128,70316,1567,67
3215,8720,70317,11128,70317,1567,67
3215,8720,70318,11128,70318,1567,67
3215,8720,70319,11128,70319,1567,67
3215,8720,70320,11128,70320,1567,67
3215,8720,70321,11128,70321,1567,67
3215,8720,70322,11128,70322,1567,67
3215,8720,70323,11128,70323,1567,67
3215,8720,70324,11128,70324,1567,67
3215,8720,70325,11128,70325,1567,67
3215,8720,70326,11128,70326,1567,67
3215,8720,70327,11128,70327,1567,67
3215,8720,70328,11128,70328,1567,67
3215,8720,70329,11128,70329,1567,67
3215,8720,70330,11128,70330,1567,67
3215,8720,70331,11128,70331,1567,67
3215,8720,70332,11128,70332,1567,67
3215,8720,70333,11128,70333,1567,67
3215,8720,70334,11128,70334,1567,67
3215,8720,70335,11128,70335,1567,67
3215,8720,70336,11128,70336,1567,67
3215,8720,70337,11128,70337,1567,67
3215,8720,70338,11128,70338,1567,67
3215,8720,70339,11128,70339,1567,67
3215,8720,70340,11128,70340,1567,67
3215,8720,70341,11128,70341,1567,67
3215,8720,70342,11128,70342,1567,67
3215,8720,70343,11128,70343,1567,67
3215,8720,70344,11128,70344,1567,67
3215,8720,70345,11128,70345,1567,67
3215,8720,70346,11128,70346,1567,67
3215,8720,70347,11128,70347,1567,67
3215,8720,70348,11128,70348,1567,67
3215,8720,70349,11128,70349,1567,67
3215,8720,70350,11128,70350,1567,67
3215,8720,70351,11128,70351,1567,67
3215,8720,70352,11128,70352,1567,67
3215,8720,70353,11128,70353,1567,67
3215,8720,70354,11128,70354,1567,67
3215,8720,70355,11128,70355,1567,67
3215,8720,70356,11128,70356,1567,67
3215,8720,70357,11128,70357,1567,67
3215,8720,70358,11128,70358,1567,67
3215,8720,70359,11128,70359,1567,67
3215,8720,70360,11128,70360,1567,67
3215,8720,70361,11128,70361,1567,67
3215,8720,70362,11128,70362,1567,67
3215,8720,70363,11128,70363,1567,67
3215,8720,70364,11128,70364,1567,67
3215,8720,70365,11128,70365,1567,67
3215,8720,70366,11128,70366,1567,67
3215,8720,70367,11128,70367,1567,67
3215,8720,70368,11128,70368,1567,67
3215,8720,70369,11128,70369,1567,67
3215,8720,70370,11128,70370,1567,67
3215,8720,70371,11128,70371,1567,67
3215,8720,70372,11128,70372,1567,67
3215,8720,70373,11128,70373,1567,67
3215,8720,70374,11128,70374,1567,67
3215,8720,70375,11128,70375,1567,67
3215,8720,70376,11128,70376,1567,67
3215,8720,70377,11128,70377,1567,67
3215,8720,70378,11128,70378,1567,67
3215,8720,70379,11128,70379,1567,67
3215,8720,70380,11128,70380,1567,67
3215,8720,70381,11128,70381,1567,67
3215,8720,70382,11128,70382,1567,67
3215,8720,70383,11128,70383,1567,67
3215,8720,70384,11128,70384,1567,67
3215,8720,70385,11128,70385,1567,67
3215,8720,70386,11128,70386,1567,67
3215,8720,70387,11128,70387,1567,67
3215,8720,70388,11128,70388,1567,67
3215,8720,70389,11128,70389,1567,67
3215,8720,70390,11128,70390,1567,67
3215,8720,70391,11128,70391,1567,67
3215,8720,70392,11128,70392,1567,67
3215,8720,70393,11128,70393,1567,67
3215,8720,70394,11128,70394,1567,67
3215,8720,70395,11128,70395,1567,67
3215,8720,70396,11128,70396,1567,67
3215,8720,70397,11128,70397,1567,67
3215,8720,70398,11128,70398,1567,67
3215,8720,70399,11128,70399,1567,67
3215,8720,70400,11128,70400,1567,67
3215,8720,70401,11128,70401,1567,67
3215,8720,70402,11128,70402,1567,67
3215,8720,70403,11128,70403,1567,67
3215,8720,70404,11128,70404,1567,67
3215,8720,70405,11128,70405,1567,67
3215,8720,70406,11128,70406,1567,67
3215,8720,70407,11128,70407,1567,67
3215,8720,70408,11128,70408,1567,67
3215,8720,70409,11128,70409,1567,67
3215,8720,70410,11128,70410,1567,67
3215,8720,70411,11128,70411,1567,67
3215,8720,70412,11128,70412,1567,67
3215,8720,70413,11128,70413,1567,67
3215,8720,70414,11128,70414,1567,67
3215,8720,70415,11128,70415,1567,67
3215,8720,70416,11128,70416,1567,67
3215,8720,70417,11128,70417,1567,67
3215,8720,70418,11128,70418,1567,67
3215,8720,70419,11128,70419,1567,67
3215,8720,70420,11128,70420,1567,67
3215,8720,70421,11128,70421,1567,67
3215,8720,70422,11128,70422,1567,67
3215,8720,70423,11128,70423,1567,67
3215,8720,70424,11128,70424,1567,67
3215,8720,70425,11128,70425,1567,67
3215,8720,70426,11128,70426,1567,67
3215,8720,70427,11128,70427,1567,67
3215,8720,70428,11128,70428,1567,67
3215,8720,70429,11128,70429,1567,67
3215,8720,70430,11128,70430,1567,67
3215,8720,70431,11128,70431,1567,67
3215,8720,70432,11128,70432,1567,67
3215,8720,70433,11128,70433,1567,67
3215,8720,70434,11128,70434,1567,67
3215,8720,70435,11128,70435,1567,67
3215,8720,70436,11128,70436,1567,67
3215,8720,70437,11128,70437,1567,67
3215,8720,70438,11128,70438,1567,67
3215,8720,70439,11128,70439,1567,67
3215,8720,70440,11128,70440,1567,67
3215,8720,70441,11128,70441,1567,67
3215,8720,70442,11128,70442,1567,67
3215,8720,70443,11128,70443,1567,67
3215,8720,70444,11128,70444,1567,67
3215,8720,70445,11128,70445,1567,67
3215,8720,70446,11128,70446,1567,67
3215,8720,70447,11128,70447,1567,67
3215,8720,70448,11128,70448,1567,67
3215,8720,70449,11128,70449,1567,67
3215,8720,70450,11128,70450,1567,67
3215,8720,70451,11128,70451,1567,67
3215,8720,70452,11128,70452,1567,67
3215,8720,70453,11128,70453,1567,67
3215,8720,70454,11128,70454,1567,67
3215,8720,70455,11128,70455,1567,67
3215,8720,70456,11128,70456,1567,67
3215,8720,70457,11128,70457,1567,67
3215,8720,70458,11128,70458,1567,67
3216,8720,70459,11128,70459,1567,67
3216,8720,70460,11128,70460,1567,67
3216,8720,70461,11128,70461,1567,67
3216,8720,70462,11128,70462,1567,67
3216,8720,70463,11128,70463,1567,67
3216,8720,70464,11128,70464,1567,67
3216,8720,70465,11128,70465,1567,67
3216,8720,70466,11128,70466,1567,67
3216,8720,70467,11128,70467,1567,67
3216,8720,70468,11128,70468,1567,67
3216,8720,70469,11128,70469,1567,67
3216,8720,70470,11128,70470,1567,67
3216,8720,70471,11128,70471,1567,67
3216,8720,70472,11128,70472,1567,67
3216,8720,70473,11128,70473,1567,67
3216,8720,70474,11128,70474,1567,67
3216,8720,70475,11128,70475,1567,67
3216,8720,70476,11128,70476,1567,67
3216,8720,70477,11128,70477,1567,67
3216,8720,70478,11128,70478,1567,67
3216,8720,70479,11128,70479,1567,67
3216,8720,70480,11128,70480,1567,67
3216,8720,70481,11128,70481,1567,67
3216,8720,70482,11128,70482,1567,67
3216,8720,70483,11128,70483,1567,67
3216,8720,70484,11128,70484,1567,67
3216,8720,70485,11128,70485,1567,67
3216,8720,70486,11128,70486,1567,67
3216,8720,70487,11128,70487,1567,67
3216,8720,70488,11128,70488,1567,67
3216,8720,70489,11128,70489,1567,67
3216,8720,70490,11128,70490,1567,67
3216,8720,70491,11128,70491,1567,67
3216,8720,70492,11128,70492,1567,67
3216,8720,70493,11128,70493,1567,67
3216,8720,70494,11128,70494,1567,67
3216,8720,70495,11128,70495,1567,67
3216,8720,70496,11128,70496,1567,67
3216,8720,70497,11128,70497,1567,67
3216,8720,70498,11128,70498,1567,67
3216,8720,70499,11128,70499,1567,67
3216,8720,70500,11128,70500,1567,67
3216,8720,70501,11128,70501,1567,67
3216,8720,70502,11128,70502,1567,67
3216,8720,70503,11128,70503,1567,67
3216,8720,70504,11128,70504,1567,67
3216,8720,70505,11128,70505,1567,67
3216,8720,70506,11128,70506,1567,67
3216,8720,70507,11128,70507,1567,67
3216,8720,70508,11128,70508,1567,67
3216,8720,70509,11128,70509,1567,67
3216,8720,70510,11128,70510,1567,67
3216,8720,70511,11128,70511,1567,67
3216,8720,70512,11128,70512,1567,67
3216,8720,70513,11128,70513,1567,67
3216,8720,70514,11128,70514,1567,67
3216,8720,70515,11128,70515,1567,67
3216,8720,70516,11128,70516,1567,67
3216,8720,70517,11128,70517,1567,67
3216,8720,70518,11128,70518,1567,67
3216,8720,70519,11128,70519,1567,67
3216,8720,70520,11128,70520,1567,67
3216,8720,70521,11128,70521,1567,67
3216,8720,70522,11128,70522,1567,67
3216,8720,70523,11128,70523,1567,67
3216,8720,70524,11128,70524,1567,67
3216,8720,70525,11128,70525,1567,67
3216,8720,70526,11128,70526,1567,67
3216,8720,70527,11128,70527,1567,67
3216,8720,70528,11128,70528,1567,67
3216,8720,70529,11128,70529,1567,67
3216,8720,70530,11128,70530,1567,67
3216,8720,70531,11128,70531,1567,67
3216,8720,70532,11128,70532,1567,67
3216,8720,70533,11128,70533,1567,67
3216,8720,70534,11128,70534,1567,67
3216,8720,70535,11128,70535,1567,67
3216,8720,70536,11128,70536,1567,67
3216,8720,70537,11128,70537,1567,67
3216,8720,70538,11128,70538,1567,67
3216,8720,70539,11128,70539,1567,67
3216,8720,70540,11128,70540,1567,67
3216,8720,70541,11128,70541,1567,67
3216,8720,70542,11128,70542,1567,67
3216,8720,70543,11128,70543,1567,67
3216,8720,70544,11128,70544,1567,67
3216,8720,70545,11128,70545,1567,67
3216,8720,70546,11128,70546,1567,67
3216,8720,70547,11128,70547,1567,67
3216,8720,70548,11128,70548,1567,67
3216,8720,70549,11128,70549,1567,67
3216,8720,70550,11128,70550,1567,67
3216,8720,70551,11128,70551,1567,67
3216,8720,70552,11128,70552,1567,67
3216,8720,70553,11128,70553,1567,67
3216,8720,70554,11128,70554,1567,67
3216,8720,70555,11128,70555,1567,67
3216,8720,70556,11128,70556,1567,67
3216,8720,70557,11128,70557,1567,67
3216,8720,70558,11128,70558,1567,67
3216,8720,70559,11128,70559,1567,67
3216,8720,70560,11128,70560,1567,67
3216,8720,70561,11128,70561,1567,67
3216,8720,70562,11128,70562,1567,67
3216,8720,70563,11128,70563,1567,67
3216,8720,70564,11128,70564,1567,67
3216,8720,70565,11128,70565,1567,67
3216,8720,70566,11128,70566,1567,67
3216,8720,70567,11128,70567,1567,67
3216,8720,70568,11128,70568,1567,67
3216,8720,70569,11128,70569,1567,67
3216,8720,70570,11128,70570,1567,67
3216,8720,70571,11128,70571,1567,67
3216,8720,70572,11128,70572,1567,67
3216,8720,70573,11128,70573,1567,67
3216,8720,70574,11128,70574,1567,67
3216,8720,70575,11128,70575,1567,67
3216,8720,70576,11128,70576,1567,67
3216,8720,70577,11128,70577,1567,67
3216,8720,70578,11128,70578,1567,67
3216,8720,70579,11128,70579,1567,67
3216,8720,70580,11128,70580,1567,67
3216,8720,70581,11128,70581,1567,67
3216,8720,70582,11128,70582,1567,67
3216,8720,70583,11128,70583,1567,67
3216,8720,70584,11128,70584,1567,67
3216,8720,70585,11128,70585,1567,67
3216,8720,70586,11128,70586,1567,67
3216,8720,70587,11128,70587,1567,67
3216,8720,70588,11128,70588,1567,67
3216,8720,70589,11128,70589,1567,67
3216,8720,70590,11128,70590,1567,67
3216,8720,70591,11128,70591,1567,67
3216,8720,70592,11128,70592,1567,67
3216,8720,70593,11128,70593,1567,67
3216,8720,70594,11128,70594,1567,67
3216,8720,70595,11128,70595,1567,67
3216,8720,70596,11128,70596,1567,67
3216,8720,70597,11128,70597,1567,67
3216,8720,70598,11128,70598,1567,67
3216,8720,70599,11128,70599,1567,67
3216,8720,70600,11128,70600,1567,67
3216,8720,70601,11128,70601,1567,67
3216,8720,70602,11128,70602,1567,67
3216,8720,70603,11128,70603,1567,67
3216,8720,70604,11128,70604,1567,67
3216,8720,70605,11128,70605,1567,67
3216,8720,70606,11128,70606,1567,67
3216,8720,70607,11128,70607,1567,67
3216,8720,70608,11128,70608,1567,67
3216,8720,70609,11128,70609,1567,67
3216,8720,70610,11128,70610,1567,67
3216,8720,70611,11128,70611,1567,67
3216,8720,70612,11128,70612,1567,67
3216,8720,70613,11128,70613,1567,67
3216,8720,70614,11128,70614,1567,67
3216,8720,70615,11128,70615,1567,67
3216,8720,70616,11128,70616,1567,67
3216,8720,70617,11128,70617,1567,67
3216,8720,70618,11128,70618,1567,67
3216,8720,70619,11128,70619,1567,67
3216,8720,70620,11128,70620,1567,67
3216,8720,70621,11128,70621,1567,67
3216,8720,70622,11128,70622,1567,67
3216,8720,70623,11128,70623,1567,67
3216,8720,70624,11128,70624,1567,67
3216,8720,70625,11128,70625,1567,67
3216,8720,70626,11128,70626,1567,67
3216,8720,70627,11128,70627,1567,67
3216,8720,70628,11128,70628,1567,67
3216,8720,70629,11128,70629,1567,67
3216,8720,70630,11128,70630,1567,67
3216,8720,70631,11128,70631,1567,67
3216,8720,70632,11128,70632,1567,67
3216,8720,70633,11128,70633,1567,67
3216,8720,70634,11128,70634,1567,67
3216,8720,70635,11128,70635,1567,67
3216,8720,70636,11128,70636,1567,67
3216,8720,70637,11128,70637,1567,67
3216,8720,70638,11128,70638,1567,67
3216,8720,70639,11128,70639,1567,67
3216,8720,70640,11128,70640,1567,67
3216,8720,70641,11128,70641,1567,67
3216,8720,70642,11128,70642,1567,67
3216,8720,70643,11128,70643,1567,67
3216,8720,70644,11128,70644,1567,67
3216,8720,70645,11128,70645,1567,67
3216,8720,70646,11128,70646,1567,67
3216,8720,70647,11128,70647,1567,67
3216,8720,70648,11128,70648,1567,67
3216,8720,70649,11128,70649,1567,67
3216,8720,70650,11128,70650,1567,67
3216,8720,70651,11128,70651,1567,67
3216,8720,70652,11128,70652,1567,67
3216,8720,70653,11128,70653,1567,67
3216,8720,70654,11128,70654,1567,67
3216,8720,70655,11128,70655,1567,67
3216,8720,70656,11128,70656,1567,67
3216,8720,70657,11128,70657,1567,67
3216,8720,70658,11128,70658,1567,67
3216,8720,70659,11128,70659,1567,67
3216,8720,70660,11128,70660,1567,67
3216,8720,70661,11128,70661,1567,67
3216,8720,70662,11128,70662,1567,67
3216,8720,70663,11128,70663,1567,67
3216,8720,70664,11128,70664,1567,67
3216,8720,70665,11128,70665,1567,67
3216,8720,70666,11128,70666,1567,67
3216,8720,70667,11128,70667,1567,67
3216,8720,70668,11128,70668,1567,67
3216,8720,70669,11128,70669,1567,67
3216,8720,70670,11128,70670,1567,67
3216,8720,70671,11128,70671,1567,67
3216,8720,70672,11128,70672,1567,67
3216,8720,70673,11128,70673,1567,67
3216,8720,70674,11128,70674,1567,67
3216,8720,70675,11128,70675,1567,67
3216,8720,70676,11128,70676,1567,67
3216,8720,70677,11128,70677,1567,67
3216,8720,70678,11128,70678,1567,67
3216,8720,70679,11128,70679,1567,67
3216,8720,70680,11128,70680,1567,67
3216,8720,70681,11128,70681,1567,67
3216,8720,70682,11128,70682,1567,67
3216,8720,70683,11128,70683,1567,67
3216,8720,70684,11128,70684,1567,67
3216,8720,70685,11128,70685,1567,67
3216,8720,70686,11128,70686,1567,67
3216,8720,70687,11128,70687,1567,67
3216,8720,70688,11128,70688,1567,67
3216,8720,70689,11128,70689,1567,67
3216,8720,70690,11128,70690,1567,67
3216,8720,70691,11128,70691,1567,67
3216,8720,70692,11128,70692,1567,67
3216,8720,70693,11128,70693,1567,67
3216,8720,70694,11128,70694,1567,67
3216,8720,70695,11128,70695,1567,67
3216,8720,70696,11128,70696,1567,67
3216,8720,70697,11128,70697,1567,67
3216,8720,70698,11128,70698,1567,67
3216,8720,70699,11128,70699,1567,67
3216,8720,70700,11128,70700,1567,67
3216,8720,70701,11128,70701,1567,67
3216,8720,70702,11128,70702,1567,67
3216,8720,70703,11128,70703,1567,67
3216,8720,70704,11128,70704,1567,67
3216,8720,70705,11128,70705,1567,67
3217,8720,70706,11128,70706,1567,67
3217,8720,70707,11128,70707,1567,67
3217,8720,70708,11128,70708,1567,67
3217,8720,70709,11128,70709,1567,67
3217,8720,70710,11128,70710,1567,67
3217,8720,70711,11128,70711,1567,67
3217,8720,70712,11128,70712,1567,67
3217,8720,70713,11128,70713,1567,67
3217,8720,70714,11128,70714,1567,67
3217,8720,70715,11128,70715,1567,67
3217,8720,70716,11128,70716,1567,67
3217,8720,70717,11128,70717,1567,67
3217,8720,70718,11128,70718,1567,67
3217,8720,70719,11128,70719,1567,67
3217,8720,70720,11128,70720,1567,67
3217,8720,70721,11128,70721,1567,67
3217,8720,70722,11128,70722,1567,67
3217,8720,70723,11128,70723,1567,67
3217,8720,70724,11128,70724,1567,67
3217,8720,70725,11128,70725,1567,67
3217,8720,70726,11128,70726,1567,67
3217,8720,70727,11128,70727,1567,67
3217,8720,70728,11128,70728,1567,67
3217,8720,70729,11128,70729,1567,67
3217,8720,70730,11128,70730,1567,67
3217,8720,70731,11128,70731,1567,67
3217,8720,70732,11128,70732,1567,67
3217,8720,70733,11128,70733,1567,67
3217,8720,70734,11128,70734,1567,67
3217,8720,70735,11128,70735,1567,67
3217,8720,70736,11128,70736,1567,67
3217,8720,70737,11128,70737,1567,67
3217,8720,70738,11128,70738,1567,67
3217,8720,70739,11128,70739,1567,67
3217,8720,70740,11128,70740,1567,67
3217,8720,70741,11128,70741,1567,67
3217,8720,70742,11128,70742,1567,67
3217,8720,70743,11128,70743,1567,67
3217,8720,70744,11128,70744,1567,67
3217,8720,70745,11128,70745,1567,67
3217,8720,70746,11128,70746,1567,67
3217,8720,70747,11128,70747,1567,67
3217,8720,70748,11128,70748,1567,67
3217,8720,70749,11128,70749,1567,67
3217,8720,70750,11128,70750,1567,67
3217,8720,70751,11128,70751,1567,67
3217,8720,70752,11128,70752,1567,67
3217,8720,70753,11128,70753,1567,67
3217,8720,70754,11128,70754,1567,67
3217,8720,70755,11128,70755,1567,67
3217,8720,70756,11128,70756,1567,67
3217,8720,70757,11128,70757,1567,67
3217,8720,70758,11128,70758,1567,67
3217,8720,70759,11128,70759,1567,67
3217,8720,70760,11128,70760,1567,67
3217,8720,70761,11128,70761,1567,67
3217,8720,70762,11128,70762,1567,67
3217,8720,70763,11128,70763,1567,67
3217,8720,70764,11128,70764,1567,67
3217,8720,70765,11128,70765,1567,67
3217,8720,70766,11128,70766,1567,67
3217,8720,70767,11128,70767,1567,67
3217,8720,70768,11128,70768,1567,67
3217,8720,70769,11128,70769,1567,67
3217,8720,70770,11128,70770,1567,67
3217,8720,70771,11128,70771,1567,67
3217,8720,70772,11128,70772,1567,67
3217,8720,70773,11128,70773,1567,67
3217,8720,70774,11128,70774,1567,67
3217,8720,70775,11128,70775,1567,67
3217,8720,70776,11128,70776,1567,67
3217,8720,70777,11128,70777,1567,67
3217,8720,70778,11128,70778,1567,67
3217,8720,70779,11128,70779,1567,67
3217,8720,70780,11128,70780,1567,67
3217,8720,70781,11128,70781,1567,67
3217,8720,70782,11128,70782,1567,67
3217,8720,70783,11128,70783,1567,67
3217,8720,70784,11128,70784,1567,67
3217,8720,70785,11128,70785,1567,67
3217,8720,70786,11128,70786,1567,67
3217,8720,70787,11128,70787,1567,67
3217,8720,70788,11128,70788,1567,67
3217,8720,70789,11128,70789,1567,67
3217,8720,70790,11128,70790,1567,67
3217,8720,70791,11128,70791,1567,67
3217,8720,70792,11128,70792,1567,67
3217,8720,70793,11128,70793,1567,67
3217,8720,70794,11128,70794,1567,67
3217,8720,70795,11128,70795,1567,67
3217,8720,70796,11128,70796,1567,67
3217,8720,70797,11128,70797,1567,67
3217,8720,70798,11128,70798,1567,67
3217,8720,70799,11128,70799,1567,67
3217,8720,70800,11128,70800,1567,67
3217,8720,70801,11128,70801,1567,67
3217,8720,70802,11128,70802,1567,67
3217,8720,70803,11128,70803,1567,67
3217,8720,70804,11128,70804,1567,67
3217,8720,70805,11128,70805,1567,67
3217,8720,70806,11128,70806,1567,67
3217,8720,70807,11128,70807,1567,67
3217,8720,70808,11128,70808,1567,67
3217,8720,70809,11128,70809,1567,67
3217,8720,70810,11128,70810,1567,67
3217,8720,70811,11128,70811,1567,67
3217,8720,70812,11128,70812,1567,67
3217,8720,70813,11128,70813,1567,67
3217,8720,70814,11128,70814,1567,67
3217,8720,70815,11128,70815,1567,67
3217,8720,70816,11128,70816,1567,67
3217,8720,70817,11128,70817,1567,67
3217,8720,70818,11128,70818,1567,67
3217,8720,70819,11128,70819,1567,67
3217,8720,70820,11128,70820,1567,67
3217,8720,70821,11128,70821,1567,67
3217,8720,70822,11128,70822,1567,67
3217,8720,70823,11128,70823,1567,67
3217,8720,70824,11128,70824,1567,67
3217,8720,70825,11128,70825,1567,67
3217,8720,70826,11128,70826,1567,67
3217,8720,70827,11128,70827,1567,67
3217,8720,70828,11128,70828,1567,67
3217,8720,70829,11128,70829,1567,67
3217,8720,70830,11128,70830,1567,67
3217,8720,70831,11128,70831,1567,67
3217,8720,70832,11128,70832,1567,67
3217,8720,70833,11128,70833,1567,67
3217,8720,70834,11128,70834,1567,67
3217,8720,70835,11128,70835,1567,67
3217,8720,70836,11128,70836,1567,67
3217,8720,70837,11128,70837,1567,67
3217,8720,70838,11128,70838,1567,67
3217,8720,70839,11128,70839,1567,67
3217,8720,70840,11128,70840,1567,67
3217,8720,70841,11128,70841,1567,67
3217,8720,70842,11128,70842,1567,67
3217,8720,70843,11128,70843,1567,67
3217,8720,70844,11128,70844,1567,67
3217,8720,70845,11128,70845,1567,67
3217,8720,70846,11128,70846,1567,67
3217,8720,70847,11128,70847,1567,67
3217,8720,70848,11128,70848,1567,67
3217,8720,70849,11128,70849,1567,67
3217,8720,70850,11128,70850,1567,67
3217,8720,70851,11128,70851,1567,67
3217,8720,70852,11128,70852,1567,67
3217,8720,70853,11128,70853,1567,67
3217,8720,70854,11128,70854,1567,67
3217,8720,70855,11128,70855,1567,67
3217,8720,70856,11128,70856,1567,67
3217,8720,70857,11128,70857,1567,67
3217,8720,70858,11128,70858,1567,67
3217,8720,70859,11128,70859,1567,67
3217,8720,70860,11128,70860,1567,67
3217,8720,70861,11128,70861,1567,67
3217,8720,70862,11128,70862,1567,67
3217,8720,70863,11128,70863,1567,67
3218,8720,70864,11128,70864,1567,67
3218,8720,70865,11128,70865,1567,67
3218,8720,70866,11128,70866,1567,67
3218,8720,70867,11128,70867,1567,67
3218,8720,70868,11128,70868,1567,67
3218,8720,70869,11128,70869,1567,67
3218,8720,70870,11128,70870,1567,67
3218,8720,70871,11128,70871,1567,67
3218,8720,70872,11128,70872,1567,67
3218,8720,70873,11128,70873,1567,67
3218,8720,70874,11128,70874,1567,67
3218,8720,70875,11128,70875,1567,67
3218,8720,70876,11128,70876,1567,67
3218,8720,70877,11128,70877,1567,67
3218,8720,70878,11128,70878,1567,67
3218,8720,70879,11128,70879,1567,67
3218,8720,70880,11128,70880,1567,67
3218,8720,70881,11128,70881,1567,67
3218,8720,70882,11128,70882,1567,67
3218,8720,70883,11128,70883,1567,67
3218,8720,70884,11128,70884,1567,67
3218,8720,70885,11128,70885,1567,67
3218,8720,70886,11128,70886,1567,67
3218,8720,70887,11128,70887,1567,67
3218,8720,70888,11128,70888,1567,67
3218,8720,70889,11128,70889,1567,67
3218,8720,70890,11128,70890,1567,67
3218,8720,70891,11128,70891,1567,67
3218,8720,70892,11128,70892,1567,67
3218,8720,70893,11128,70893,1567,67
3218,8720,70894,11128,70894,1567,67
3218,8720,70895,11128,70895,1567,67
3218,8720,70896,11128,70896,1567,67
3218,8720,70897,11128,70897,1567,67
3218,8720,70898,11128,70898,1567,67
3218,8720,70899,11128,70899,1567,67
3218,8720,70900,11128,70900,1567,67
3218,8720,70901,11128,70901,1567,67
3218,8720,70902,11128,70902,1567,67
3218,8720,70903,11128,70903,1567,67
3218,8720,70904,11128,70904,1567,67
3218,8720,70905,11128,70905,1567,67
3218,8720,70906,11128,70906,1567,67
3218,8720,70907,11128,70907,1567,67
3218,8720,70908,11128,70908,1567,67
3218,8720,70909,11128,70909,1567,67
3218,8720,70910,11128,70910,1567,67
3218,8720,70911,11128,70911,1567,67
3218,8720,70912,11128,70912,1567,67
3218,8720,70913,11128,70913,1567,67
3218,8720,70914,11128,70914,1567,67
3218,8720,70915,11128,70915,1567,67
3218,8720,70916,11128,70916,1567,67
3218,8720,70917,11128,70917,1567,67
3218,8720,70918,11128,70918,1567,67
3218,8720,70919,11128,70919,1567,67
3218,8720,70920,11128,70920,1567,67
3218,8720,70921,11128,70921,1567,67
3218,8720,70922,11128,70922,1567,67
3218,8720,70923,11128,70923,1567,67
3218,8720,70924,11128,70924,1567,67
3218,8720,70925,11128,70925,1567,67
3218,8720,70926,11128,70926,1567,67
3218,8720,70927,11128,70927,1567,67
3218,8720,70928,11128,70928,1567,67
3218,8720,70929,11128,70929,1567,67
3218,8720,70930,11128,70930,1567,67
3218,8720,70931,11128,70931,1567,67
3218,8720,70932,11128,70932,1567,67
3218,8720,70933,11128,70933,1567,67
3218,8720,70934,11128,70934,1567,67
3218,8720,70935,11128,70935,1567,67
3218,8720,70936,11128,70936,1567,67
3218,8720,70937,11128,70937,1567,67
3218,8720,70938,11128,70938,1567,67
3218,8720,70939,11128,70939,1567,67
3218,8720,70940,11128,70940,1567,67
3218,8720,70941,11128,70941,1567,67
3218,8720,70942,11128,70942,1567,67
3218,8720,70943,11128,70943,1567,67
3218,8720,70944,11128,70944,1567,67
3218,8720,70945,11128,70945,1567,67
3218,8720,70946,11128,70946,1567,67
3218,8720,70947,11128,70947,1567,67
3218,8720,70948,11128,70948,1567,67
3218,8720,70949,11128,70949,1567,67
3218,8720,70950,11128,70950,1567,67
3218,8720,70951,11128,70951,1567,67
3218,8720,70952,11128,70952,1567,67
3218,8720,70953,11128,70953,1567,67
3218,8720,70954,11128,70954,1567,67
3218,8720,70955,11128,70955,1567,67
3218,8720,70956,11128,70956,1567,67
3218,8720,70957,11128,70957,1567,67
3218,8720,70958,11128,70958,1567,67
3218,8720,70959,11128,70959,1567,67
3218,8720,70960,11128,70960,1567,67
3218,8720,70961,11128,70961,1567,67
3218,8720,70962,11128,70962,1567,67
3218,8720,70963,11128,70963,1567,67
3218,8720,70964,11128,70964,1567,67
3218,8720,70965,11128,70965,1567,67
3218,8720,70966,11128,70966,1567,67
3218,8720,70967,11128,70967,1567,67
3218,8720,70968,11128,70968,1567,67
3218,8720,70969,11128,70969,1567,67
3218,8720,70970,11128,70970,1567,67
3218,8720,70971,11128,70971,1567,67
3218,8720,70972,11128,70972,1567,67
3218,8720,70973,11128,70973,1567,67
3218,8720,70974,11128,70974,1567,67
3218,8720,70975,11128,70975,1567,67
3218,8720,70976,11128,70976,1567,67
3218,8720,70977,11128,70977,1567,67
3218,8720,70978,11128,70978,1567,67
3218,8720,70979,11128,70979,1567,67
3218,8720,70980,11128,70980,1567,67
3218,8720,70981,11128,70981,1567,67
3218,8720,70982,11128,70982,1567,67
3218,8720,70983,11128,70983,1567,67
3218,8720,70984,11128,70984,1567,67
3218,8720,70985,11128,70985,1567,67
3218,8720,70986,11128,70986,1567,67
3218,8720,70987,11128,70987,1567,67
3218,8720,70988,11128,70988,1567,67
3218,8720,70989,11128,70989,1567,67
3218,8720,70990,11128,70990,1567,67
3218,8720,70991,11128,70991,1567,67
3218,8720,70992,11128,70992,1567,67
3218,8720,70993,11128,70993,1567,67
3218,8720,70994,11128,70994,1567,67
3218,8720,70995,11128,70995,1567,67
3218,8720,70996,11128,70996,1567,67
3218,8720,70997,11128,70997,1567,67
3218,8720,70998,11128,70998,1567,67
3218,8720,70999,11128,70999,1567,67
3218,8720,71000,11128,71000,1567,67
3218,8720,71001,11128,71001,1567,67
3218,8720,71002,11128,71002,1567,67
3218,8720,71003,11128,71003,1567,67
3218,8720,71004,11128,71004,1567,67
3218,8720,71005,11128,71005,1567,67
3218,8720,71006,11128,71006,1567,67
3218,8720,71007,11128,71007,1567,67
3218,8720,71008,11128,71008,1567,67
3218,8720,71009,11128,71009,1567,67
3218,8720,71010,11128,71010,1567,67
3218,8720,71011,11128,71011,1567,67
3218,8720,71012,11128,71012,1567,67
3218,8720,71013,11128,71013,1567,67
3218,8720,71014,11128,71014,1567,67
3217,8720,71015,11128,71015,1567,67
3217,8720,71016,11128,71016,1567,67
3217,8720,71017,11128,71017,1567,67
3217,8720,71018,11128,71018,1567,67
3217,8720,71019,11128,71019,1567,67
3217,8720,71020,11128,71020,1567,67
3217,8720,71021,11128,71021,1567,67
3217,8720,71022,11128,71022,1567,67
3217,8720,71023,11128,71023,1567,67
3217,8720,71024,11128,71024,1567,67
3217,8720,71025,11128,71025,1567,67
3217,8720,71026,11128,71026,1567,67
3217,8720,71027,11128,71027,1567,67
3217,8720,71028,11128,71028,1567,67
3217,8720,71029,11128,71029,1567,67
3217,8720,71030,11128,71030,1567,67
3217,8720,71031,11128,71031,1567,67
3217,8720,71032,11128,71032,1567,67
3217,8720,71033,11128,71033,1567,67
3217,8720,71034,11128,71034,1567,67
3217,8720,71035,11128,71035,1567,67
3217,8720,71036,11128,71036,1567,67
3217,8720,71037,11128,71037,1567,67
3217,8720,71038,11128,71038,1567,67
3217,8720,71039,11128,71039,1567,67
3217,8720,71040,11128,71040,1567,67
3217,8720,71041,11128,71041,1567,67
3217,8720,71042,11128,71042,1567,67
3217,8720,71043,11128,71043,1567,67
3217,8720,71044,11128,71044,1567,67
3217,8720,71045,11128,71045,1567,67
3217,8720,71046,11128,71046,1567,67
3217,8720,71047,11128,71047,1567,67
3217,8720,71048,11128,71048,1567,67
3217,8720,71049,11128,71049,1567,67
3217,8720,71050,11128,71050,1567,67
3217,8720,71051,11128,71051,1567,67
3217,8720,71052,11128,71052,1567,67
3217,8720,71053,11128,71053,1567,67
3217,8720,71054,11128,71054,1567,67
3217,8720,71055,11128,71055,1567,67
3217,8720,71056,11128,71056,1567,67
3217,8720,71057,11128,71057,1567,67
3217,8720,71058,11128,71058,1567,67
3217,8720,71059,11128,71059,1567,67
3217,8720,71060,11128,71060,1567,67
3217,8720,71061,11128,71061,1567,67
3217,8720,71062,11128,71062,1567,67
3217,8720,71063,11128,71063,1567,67
3217,8720,71064,11128,71064,1567,67
3217,8720,71065,11128,71065,1567,67
3217,8720,71066,11128,71066,1567,67
3217,8720,71067,11128,71067,1567,67
3217,8720,71068,11128,71068,1567,67
3217,8720,71069,11128,71069,1567,67
3217,8720,71070,11128,71070,1567,67
3217,8720,71071,11128,71071,1567,67
3217,8720,71072,11128,71072,1567,67
3217,8720,71073,11128,71073,1567,67
3217,8720,71074,11128,71074,1567,67
3217,8720,71075,11128,71075,1567,67
3217,8720,71076,11128,71076,1567,67
3217,8720,71077,11128,71077,1567,67
3217,8720,71078,11128,71078,1567,67
3217,8720,71079,11128,71079,1567,67
3217,8720,71080,11128,71080,1567,67
3217,8720,71081,11128,71081,1567,67
3217,8720,71082,11128,71082,1567,67
3217,8720,71083,11128,71083,1567,67
3217,8720,71084,11128,71084,1567,67
3217,8720,71085,11128,71085,1567,67
3217,8720,71086,11128,71086,1567,67
3217,8720,71087,11128,71087,1567,67
3217,8720,71088,11128,71088,1567,67
3217,8720,71089,11128,71089,1567,67
3217,8720,71090,11128,71090,1567,67
3218,8720,71091,11128,71091,1567,67
3218,8720,71092,11128,71092,1567,67
3218,8720,71093,11128,71093,1567,67
3218,8720,71094,11128,71094,1567,67
3218,8720,71095,11128,71095,1567,67
3218,8720,71096,11128,71096,1567,67
3218,8720,71097,11128,71097,1567,67
3218,8720,71098,11128,71098,1567,67
3218,8720,71099,11128,71099,1567,67
3218,8720,71100,11128,71100,1567,67
3218,8720,71101,11128,71101,1567,67
3218,8720,71102,11128,71102,1567,67
3218,8720,71103,11128,71103,1567,67
3218,8720,71104,11128,71104,1567,67
3218,8720,71105,11128,71105,1567,67
3218,8720,71106,11128,71106,1567,67
3218,8720,71107,11128,71107,1567,67
3218,8720,71108,11128,71108,1567,67
3218,8720,71109,11128,71109,1567,67
3218,8720,71110,11128,71110,1567,67
3218,8720,71111,11128,71111,1567,67
3218,8720,71112,11128,71112,1567,67
3218,8720,71113,11128,71113,1567,67
3218,8720,71114,11128,71114,1567,67
3218,8720,71115,11128,71115,1567,67
3218,8720,71116,11128,71116,1567,67
3218,8720,71117,11128,71117,1567,67
3218,8720,71118,11128,71118,1567,67
3218,8720,71119,11128,71119,1567,67
3218,8720,71120,11128,71120,1567,67
3218,8720,71121,11128,71121,1567,67
3218,8720,71122,11128,71122,1567,67
3218,8720,71123,11128,71123,1567,67
3218,8720,71124,11128,71124,1567,67
3218,8720,71125,11128,71125,1567,67
3218,8720,71126,11128,71126,1567,67
3218,8720,71127,11128,71127,1567,67
3218,8720,71128,11128,71128,1567,67
3218,8720,71129,11128,71129,1567,67
3218,8720,71130,11128,71130,1567,67
3218,8720,71131,11128,71131,1567,67
3218,8720,71132,11128,71132,1567,67
3218,8720,71133,11128,71133,1567,67
3218,8720,71134,11128,71134,1567,67
3218,8720,71135,11128,71135,1567,67
3218,8720,71136,11128,71136,1567,67
3218,8720,71137,11128,71137,1567,67
3218,8720,71138,11128,71138,1567,67
3218,8720,71139,11128,71139,1567,67
3218,8720,71140,11128,71140,1567,67
3218,8720,71141,11128,71141,1567,67
3218,8720,71142,11128,71142,1567,67
3218,8720,71143,11128,71143,1567,67
3218,8720,71144,11128,71144,1567,67
3218,8720,71145,11128,71145,1567,67
3218,8720,71146,11128,71146,1567,67
3218,8720,71147,11128,71147,1567,67
3218,8720,71148,11128,71148,1567,67
3218,8720,71149,11128,71149,1567,67
3218,8720,71150,11128,71150,1567,67
3218,8720,71151,11128,71151,1567,67
3217,8720,71152,11128,71152,1567,67
3217,8720,71153,11128,71153,1567,67
3217,8720,71154,11128,71154,1567,67
3217,8720,71155,11128,71155,1567,67
3217,8720,71156,11128,71156,1567,67
3217,8720,71157,11128,71157,1567,67
3217,8720,71158,11128,71158,1567,67
3217,8720,71159,11128,71159,1567,67
3217,8720,71160,11128,71160,1567,67
3217,8720,71161,11128,71161,1567,67
3217,8720,71162,11128,71162,1567,67
3217,8720,71163,11128,71163,1567,67
3217,8720,71164,11128,71164,1567,67
3217,8720,71165,11128,71165,1567,67
3217,8720,71166,11128,71166,1567,67
3217,8720,71167,11128,71167,1567,67
3217,8720,71168,11128,71168,1567,67
3217,8720,71169,11128,71169,1567,67
3217,8720,71170,11128,71170,1567,67
3217,8720,71171,11128,71171,1567,67
3217,8720,71172,11128,71172,1567,67
3217,8720,71173,11128,71173,1567,67
3217,8720,71174,11128,71174,1567,67
3217,8720,71175,11128,71175,1567,67
3217,8720,71176,11128,71176,1567,67
3217,8720,71177,11128,71177,1567,67
3217,8720,71178,11128,71178,1567,67
3217,8720,71179,11128,71179,1567,67
3217,8720,71180,11128,71180,1567,67
3217,8720,71181,11128,71181,1567,67
3217,8720,71182,11128,71182,1567,67
3217,8720,71183,11128,71183,1567,67
3217,8720,71184,11128,71184,1567,67
3217,8720,71185,11128,71185,1567,67
3217,8720,71186,11128,71186,1567,67
3217,8720,71187,11128,71187,1567,67
3216,8720,71188,11128,71188,1567,67
3216,8720,71189,11128,71189,1567,67
3216,8720,71190,11128,71190,1567,67
3216,8720,71191,11128,71191,1567,67
3215,8720,71192,11128,71192,1567,67
3215,8720,71193,11128,71193,1567,67
3215,8720,71194,11128,71194,1567,67
3215,8720,71195,11128,71195,1567,67
3215,8720,71196,11128,71196,1567,67
3215,8720,71197,11128,71197,1567,67
3215,8720,71198,11128,71198,1567,67
3215,8720,71199,11128,71199,1567,67
3215,8720,71200,11128,71200,1567,67
3215,8720,71201,11128,71201,1567,67
3215,8720,71202,11128,71202,1567,67
3215,8720,71203,11128,71203,1567,67
3215,8720,71204,11128,71204,1567,67
3215,8720,71205,11128,71205,1567,67
3215,8720,71206,11128,71206,1567,67
3215,8720,71207,11128,71207,1567,67
3215,8720,71208,11128,71208,1567,67
3215,8720,71209,11128,71209,1567,67
3215,8720,71210,11128,71210,1567,67
3215,8720,71211,11128,71211,1567,67
3215,8720,71212,11128,71212,1567,67
3215,8720,71213,11128,71213,1567,67
3215,8720,71214,11128,71214,1567,67
3215,8720,71215,11128,71215,1567,67
3215,8720,71216,11128,71216,1567,67
3215,8720,71217,11128,71217,1567,67
3215,8720,71218,11128,71218,1567,67
3215,8720,71219,11128,71219,1567,67
3215,8720,71220,11128,71220,1567,67
3215,8720,71221,11128,71221,1567,67
3215,8720,71222,11128,71222,1567,67
3215,8720,71223,11128,71223,1567,67
3215,8720,71224,11128,71224,1567,67
3215,8720,71225,11128,71225,1567,67
3215,8720,71226,11128,71226,1567,67
3215,8720,71227,11128,71227,1567,67
3215,8720,71228,11128,71228,1567,67
3215,8720,71229,11128,71229,1567,67
3215,8720,71230,11128,71230,1567,67
3215,8720,71231,11128,71231,1567,67
3215,8720,71232,11128,71232,1567,67
3215,8720,71233,11128,71233,1567,67
3215,8720,71234,11128,71234,1567,67
3215,8720,71235,11128,71235,1567,67
3215,8720,71236,11128,71236,1567,67
3215,8720,71237,11128,71237,1567,67
3215,8720,71238,11128,71238,1567,67
3215,8720,71239,11128,71239,1567,67
3215,8720,71240,11128,71240,1567,67
3215,8720,71241,11128,71241,1567,67
3215,8720,71242,11128,71242,1567,67
3215,8720,71243,11128,71243,1567,67
3215,8720,71244,11128,71244,1567,67
3215,8720,71245,11128,71245,1567,67
3215,8720,71246,11128,71246,1567,67
3215,8720,71247,11128,71247,1567,67
3215,8720,71248,11128,71248,1567,67
3215,8720,71249,11128,71249,1567,67
3215,8720,71250,11128,71250,1567,67
3215,8720,71251,11128,71251,1567,67
3215,8720,71252,11128,71252,1567,67
3215,8720,71253,11128,71253,1567,67
3215,8720,71254,11128,71254,1567,67
3215,8720,71255,11128,71255,1567,67
3215,8720,71256,11128,71256,1567,67
3215,8720,71257,11128,71257,1567,67
3215,8720,71258,11128,71258,1567,67
3215,8720,71259,11128,71259,1567,67
3215,8720,71260,11128,71260,1567,67
3215,8720,71261,11128,71261,1567,67
3215,8720,71262,11128,71262,1567,67
3215,8720,71263,11128,71263,1567,67
3215,8720,71264,11128,71264,1567,67
3215,8720,71265,11128,71265,1567,67
3215,8720,71266,11128,71266,1567,67
3215,8720,71267,11128,71267,1567,67
3215,8720,71268,11128,71268,1567,67
3215,8720,71269,11128,71269,1567,67
3215,8720,71270,11128,71270,1567,67
3215,8720,71271,11128,71271,1567,67
3215,8720,71272,11128,71272,1567,67
3215,8720,71273,11128,71273,1567,67
3215,8720,71274,11128,71274,1567,67
3215,8720,71275,11128,71275,1567,67
3215,8720,71276,11128,71276,1567,67
3215,8720,71277,11128,71277,1567,67
3215,8720,71278,11128,71278,1567,67
3215,8720,71279,11128,71279,1567,67
3215,8720,71280,11128,71280,1567,67
3215,8720,71281,11128,71281,1567,67
3215,8720,71282,11128,71282,1567,67
3215,8720,71283,11128,71283,1567,67
3215,8720,71284,11128,71284,1567,67
3215,8720,71285,11128,71285,1567,67
3215,8720,71286,11128,71286,1567,67
3215,8720,71287,11128,71287,1567,67
3215,8720,71288,11128,71288,1567,67
3215,8720,71289,11128,71289,1567,67
3215,8720,71290,11128,71290,1567,67
3215,8720,71291,11128,71291,1567,67
3215,8720,71292,11128,71292,1567,67
3215,8720,71293,11128,71293,1567,67
3215,8720,71294,11128,71294,1567,67
3215,8720,71295,11128,71295,1567,67
3215,8720,71296,11128,71296,1567,67
3215,8720,71297,11128,71297,1567,67
3215,8720,71298,11128,71298,1567,67
3215,8720,71299,11128,71299,1567,67
3215,8720,71300,11128,71300,1567,67
3215,8720,71301,11128,71301,1567,67
3215,8720,71302,11128,71302,1567,67
3215,8720,71303,11128,71303,1567,67
3215,8720,71304,11128,71304,1567,67
3215,8720,71305,11128,71305,1567,67
3215,8720,71306,11128,71306,1567,67
3215,8720,71307,11128,71307,1567,67
3215,8720,71308,11128,71308,1567,67
3215,8720,71309,11128,71309,1567,67
3215,8720,71310,11128,71310,1567,67
3215,8720,71311,11128,71311,1567,67
3215,8720,71312,11128,71312,1567,67
3215,8720,71313,11128,71313,1567,67
3215,8720,71314,11128,71314,1567,67
3215,8720,71315,11128,71315,1567,67
3215,8720,71316,11128,71316,1567,67
3215,8720,71317,11128,71317,1567,67
3215,8720,71318,11128,71318,1567,67
3215,8720,71319,11128,71319,1567,67
3215,8720,71320,11128,71320,1567,67
3215,8720,71321,11128,71321,1567,67
3215,8720,71322,11128,71322,1567,67
3215,8720,71323,11128,71323,1567,67
3215,8720,71324,11128,71324,1567,67
3215,8720,71325,11128,71325,1567,67
3215,8720,71326,11128,71326,1567,67
3215,8720,71327,11128,71327,1567,67
3215,8720,71328,11128,71328,1567,67
3215,8720,71329,11128,71329,1567,67
3215,8720,71330,11128,71330,1567,67
3215,8720,71331,11128,71331,1567,67
3215,8720,71332,11128,71332,1567,67
3215,8720,71333,11128,71333,1567,67
3215,8720,71334,11128,71334,1567,67
3215,8720,71335,11128,71335,1567,67
3215,8720,71336,11128,71336,1567,67
3215,8720,71337,11128,71337,1567,67
3215,8720,71338,11128,71338,1567,67
3215,8720,71339,11128,71339,1567,67
3215,8720,71340,11128,71340,1567,67
3215,8720,71341,11128,71341,1567,67
3215,8720,71342,11128,71342,1567,67
3215,8720,71343,11128,71343,1567,67
3215,8720,71344,11128,71344,1567,67
3215,8720,71345,11128,71345,1567,67
3215,8720,71346,11128,71346,1567,67
3215,8720,71347,11128,71347,1567,67
3215,8720,71348,11128,71348,1567,67
3215,8720,71349,11128,71349,1567,67
3215,8720,71350,11128,71350,1567,67
3215,8720,71351,11128,71351,1567,67
3215,8720,71352,11128,71352,1567,67
3215,8720,71353,11128,71353,1567,67
3215,8720,71354,11128,71354,1567,67
3215,8720,71355,11128,71355,1567,67
3215,8720,71356,11128,71356,1567,67
3215,8720,71357,11128,71357,1567,67
3215,8720,71358,11128,71358,1567,67
3215,8720,71359,11128,71359,1567,67
3215,8720,71360,11128,71360,1567,67
3215,8720,71361,11128,71361,1567,67
3215,8720,71362,11128,71362,1567,67
3215,8720,71363,11128,71363,1567,67
3215,8720,71364,11128,71364,1567,67
3215,8720,71365,11128,71365,1567,67
3215,8720,71366,11128,71366,1567,67
3215,8720,71367,11128,71367,1567,67
3214,8720,71368,11128,71368,1567,67
3214,8720,71369,11128,71369,1567,67
3214,8720,71370,11128,71370,1567,67
3214,8720,71371,11128,71371,1567,67
3214,8720,71372,11128,71372,1567,67
3214,8720,71373,11128,71373,1567,67
3214,8720,71374,11128,71374,1567,67
3214,8720,71375,11128,71375,1567,67
3214,8720,71376,11128,71376,1567,67
3214,8720,71377,11128,71377,1567,67
3214,8720,71378,11128,71378,1567,67
3214,8720,71379,11128,71379,1567,67
3214,8720,71380,11128,71380,1567,67
3214,8720,71381,11128,71381,1567,67
3214,8720,71382,11128,71382,1567,67
3214,8720,71383,11128,71383,1567,67
3214,8720,71384,11128,71384,1567,67
3214,8720,71385,11128,71385,1567,67
3214,8720,71386,11128,71386,1567,67
3214,8720,71387,11128,71387,1567,67
3214,8720,71388,11128,71388,1567,67
3214,8720,71389,11128,71389,1567,67
3214,8720,71390,11128,71390,1567,67
3214,8720,71391,11128,71391,1567,67
3213,8720,71392,11128,71392,1567,67
3213,8720,71393,11128,71393,1567,67
3213,8720,71394,11128,71394,1567,67
3213,8720,71395,11128,71395,1567,67
3213,8720,71396,11128,71396,1567,67
3213,8720,71397,11128,71397,1567,67
3213,8720,71398,11128,71398,1567,67
3213,8720,71399,11128,71399,1567,67
3213,8720,71400,11128,71400,1567,67
3213,8720,71401,11128,71401,1567,67
3213,8720,71402,11128,71402,1567,67
3213,8720,71403,11128,71403,1567,67
3213,8720,71404,11128,71404,1567,67
3213,8720,71405,11128,71405,1567,67
3213,8720,71406,11128,71406,1567,67
3213,8720,71407,11128,71407,1567,67
3213,8720,71408,11128,71408,1567,67
3213,8720,71409,11128,71409,1567,67
3213,8720,71410,11128,71410,1567,67
3213,8720,71411,11128,71411,1567,67
3213,8720,71412,11128,71412,1567,67
3213,8720,71413,11128,71413,1567,67
3213,8720,71414,11128,71414,1567,67
3213,8720,71415,11128,71415,1567,67
3213,8720,71416,11128,71416,1567,67
3213,8720,71417,11128,71417,1567,67
3213,8720,71418,11128,71418,1567,67
3213,8720,71419,11128,71419,1567,67
3213,8720,71420,11128,71420,1567,67
3213,8720,71421,11128,71421,1567,67
3213,8720,71422,11128,71422,1567,67
3213,8720,71423,11128,71423,1567,67
3213,8720,71424,11128,71424,1567,67
3213,8720,71425,11128,71425,1567,67
3213,8720,71426,11128,71426,1567,67
3213,8720,71427,11128,71427,1567,67
3213,8720,71428,11128,71428,1567,67
3213,8720,71429,11128,71429,1567,67
3213,8720,71430,11128,71430,1567,67
3213,8720,71431,11128,71431,1567,67
3213,8720,71432,11128,71432,1567,67
3213,8720,71433,11128,71433,1567,67
3213,8720,71434,11128,71434,1567,67
3213,8720,71435,11128,71435,1567,67
3213,8720,71436,11128,71436,1567,67
3213,8720,71437,11128,71437,1567,67
3213,8720,71438,11128,71438,1567,67
3213,8720,71439,11128,71439,1567,67
3213,8720,71440,11128,71440,1567,67
3213,8720,71441,11128,71441,1567,67
3213,8720,71442,11128,71442,1567,67
3213,8720,71443,11128,71443,1567,67
3213,8720,71444,11128,71444,1567,67
3213,8720,71445,11128,71445,1567,67
3213,8720,71446,11128,71446,1567,67
3213,8720,71447,11128,71447,1567,67
3213,8720,71448,11128,71448,1567,67
3213,8720,71449,11128,71449,1567,67
3213,8720,71450,11128,71450,1567,67
3213,8720,71451,11128,71451,1567,67
3213,8720,71452,11128,71452,1567,67
3213,8720,71453,11128,71453,1567,67
3213,8720,71454,11128,71454,1567,67
3213,8720,71455,11128,71455,1567,67
3213,8720,71456,11128,71456,1567,67
3213,8720,71457,11128,71457,1567,67
3213,8720,71458,11128,71458,1567,67
3213,8720,71459,11128,71459,1567,67
3213,8720,71460,11128,71460,1567,67
3213,8720,71461,11128,71461,1567,67
3213,8720,71462,11128,71462,1567,67
3213,8720,71463,11128,71463,1567,67
3213,8720,71464,11128,71464,1567,67
3213,8720,71465,11128,71465,1567,67
3213,8720,71466,11128,71466,1567,67
3213,8720,71467,11128,71467,1567,67
3213,8720,71468,11128,71468,1567,67
3213,8720,71469,11128,71469,1567,67
3213,8720,71470,11128,71470,1567,67
3213,8720,71471,11128,71471,1567,67
3213,8720,71472,11128,71472,1567,67
3213,8720,71473,11128,71473,1567,67
3213,8720,71474,11128,71474,1567,67
3213,8720,71475,11128,71475,1567,67
3213,8720,71476,11128,71476,1567,67
3213,8720,71477,11128,71477,1567,67
3213,8720,71478,11128,71478,1567,67
3213,8720,71479,11128,71479,1567,67
3213,8720,71480,11128,71480,1567,67
3213,8720,71481,11128,71481,1567,67
3213,8720,71482,11128,71482,1567,67
3213,8720,71483,11128,71483,1567,67
3213,8720,71484,11128,71484,1567,67
3213,8720,71485,11128,71485,1567,67
3213,8720,71486,11128,71486,1567,67
3213,8720,71487,11128,71487,1567,67
3213,8720,71488,11128,71488,1567,67
3213,8720,71489,11128,71489,1567,67
3213,8720,71490,11128,71490,1567,67
3213,8720,71491,11128,71491,1567,67
3213,8720,71492,11128,71492,1567,67
3213,8720,71493,11128,71493,1567,67
3213,8720,71494,11128,71494,1567,67
3213,8720,71495,11128,71495,1567,67
3213,8720,71496,11128,71496,1567,67
3213,8720,71497,11128,71497,1567,67
3213,8720,71498,11128,71498,1567,67
3213,8720,71499,11128,71499,1567,67
3213,8720,71500,11128,71500,1567,67
3213,8720,71501,11128,71501,1567,67
3213,8720,71502,11128,71502,1567,67
3213,8720,71503,11128,71503,1567,67
3213,8720,71504,11128,71504,1567,67
3213,8720,71505,11128,71505,1567,67
3213,8720,71506,11128,71506,1567,67
3213,8720,71507,11128,71507,1567,67
3213,8720,71508,11128,71508,1567,67
3213,8720,71509,11128,71509,1567,67
3213,8720,71510,11128,71510,1567,67
3213,8720,71511,11128,71511,1567,67
3213,8720,71512,11128,71512,1567,67
3213,8720,71513,11128,71513,1567,67
3213,8720,71514,11128,71514,1567,67
3213,8720,71515,11128,71515,1567,67
3213,8720,71516,11128,71516,1567,67
3213,8720,71517,11128,71517,1567,67
3213,8720,71518,11128,71518,1567,67
3213,8720,71519,11128,71519,1567,67
3213,8720,71520,11128,71520,1567,67
3213,8720,71521,11128,71521,1567,67
3213,8720,71522,11128,71522,1567,67
3213,8720,71523,11128,71523,1567,67
3213,8720,71524,11128,71524,1567,67
3213,8720,71525,11128,71525,1567,67
3213,8720,71526,11128,71526,1567,67
3213,8720,71527,11128,71527,1567,67
3213,8720,71528,11128,71528,1567,67
3213,8720,71529,11128,71529,1567,67
3213,8720,71530,11128,71530,1567,67
3213,8720,71531,11128,71531,1567,67
3213,8720,71532,11128,71532,1567,67
3213,8720,71533,11128,71533,1567,67
3213,8720,71534,11128,71534,1567,67
3213,8720,71535,11128,71535,1567,67
3213,8720,71536,11128,71536,1567,67
3213,8720,71537,11128,71537,1567,67
3213,8720,71538,11128,71538,1567,67
3213,8720,71539,11128,71539,1567,67
3213,8720,71540,11128,71540,1567,67
3213,8720,71541,11128,71541,1567,67
3213,8720,71542,11128,71542,1567,67
3213,8720,71543,11128,71543,1567,67
3213,8720,71544,11128,71544,1567,67
3213,8720,71545,11128,71545,1567,67
3213,8720,71546,11128,71546,1567,67
3213,8720,71547,11128,71547,1567,67
3213,8720,71548,11128,71548,1567,67
3213,8720,71549,11128,71549,1567,67
3213,8720,71550,11128,71550,1567,67
3213,8720,71551,11128,71551,1567,67
3213,8720,71552,11128,71552,1567,67
3213,8720,71553,11128,71553,1567,67
3213,8720,71554,11128,71554,1567,67
3213,8720,71555,11128,71555,1567,67
3213,8720,71556,11128,71556,1567,67
3213,8720,71557,11128,71557,1567,67
3213,8720,71558,11128,71558,1567,67
3213,8720,71559,11128,71559,1567,67
3213,8720,71560,11128,71560,1567,67
3213,8720,71561,11128,71561,1567,67
3213,8720,71562,11128,71562,1567,67
3213,8720,71563,11128,71563,1567,67
3213,8720,71564,11128,71564,1567,67
3213,8720,71565,11128,71565,1567,67
3213,8720,71566,11128,71566,1567,67
3213,8720,71567,11128,71567,1567,67
3213,8720,71568,11128,71568,1567,67
3213,8720,71569,11128,71569,1567,67
3213,8720,71570,11128,71570,1567,67
3213,8720,71571,11128,71571,1567,67
3213,8720,71572,11128,71572,1567,67
3213,8720,71573,11128,71573,1567,67
3213,8720,71574,11128,71574,1567,67
3213,8720,71575,11128,71575,1567,67
3213,8720,71576,11128,71576,1567,67
3213,8720,71577,11128,71577,1567,67
3213,8720,71578,11128,71578,1567,67
3213,8720,71579,11128,71579,1567,67
3213,8720,71580,11128,71580,1567,67
3213,8720,71581,11128,71581,1567,67
3213,8720,71582,11128,71582,1567,67
3213,8720,71583,11128,71583,1567,67
3213,8720,71584,11128,71584,1567,67
3213,8720,71585,11128,71585,1567,67
3213,8720,71586,11128,71586,1567,67
3213,8720,71587,11128,71587,1567,67
3213,8720,71588,11128,71588,1567,67
3213,8720,71589,11128,71589,1567,67
3213,8720,71590,11128,71590,1567,67
3213,8720,71591,11128,71591,1567,67
3213,8720,71592,11128,71592,1567,67
3213,8720,71593,11128,71593,1567,67
3213,8720,71594,11128,71594,1567,67
3213,8720,71595,11128,71595,1567,67
3213,8720,71596,11128,71596,1567,67
3213,8720,71597,11128,71597,1567,67
3213,8720,71598,11128,71598,1567,67
3213,8720,71599,11128,71599,1567,67
3213,8720,71600,11128,71600,1567,67
3213,8720,71601,11128,71601,1567,67
3213,8720,71602,11128,71602,1567,67
3213,8720,71603,11128,71603,1567,67
3213,8720,71604,11128,71604,1567,67
3213,8720,71605,11128,71605,1567,67
3213,8720,71606,11128,71606,1567,67
3213,8720,71607,11128,71607,1567,67
3213,8720,71608,11128,71608,1567,67
3213,8720,71609,11128,71609,1567,67
3213,8720,71610,11128,71610,1567,67
3213,8720,71611,11128,71611,1567,67
3213,8720,71612,11128,71612,1567,67
3213,8720,71613,11128,71613,1567,67
3213,8720,71614,11128,71614,1567,67
3213,8720,71615,11128,71615,1567,67
3213,8720,71616,11128,71616,1567,67
3213,8720,71617,11128,71617,1567,67
3213,8720,71618,11128,71618,1567,67
3213,8720,71619,11128,71619,1567,67
3213,8720,71620,11128,71620,1567,67
3213,8720,71621,11128,71621,1567,67
3213,8720,71622,11128,71622,1567,67
3213,8720,71623,11128,71623,1567,67
3213,8720,71624,11128,71624,1567,67
3213,8720,71625,11128,71625,1567,67
3213,8720,71626,11128,71626,1567,67
3213,8720,71627,11128,71627,1567,67
3213,8720,71628,11128,71628,1567,67
3213,8720,71629,11128,71629,1567,67
3213,8720,71630,11128,71630,1567,67
3213,8720,71631,11128,71631,1567,67
3213,8720,71632,11128,71632,1567,67
3213,8720,71633,11128,71633,1567,67
3213,8720,71634,11128,71634,1567,67
3213,8720,71635,11128,71635,1567,67
3213,8720,71636,11128,71636,1567,67
3213,8720,71637,11128,71637,1567,67
3213,8720,71638,11128,71638,1567,67
3213,8720,71639,11128,71639,1567,67
3213,8720,71640,11128,71640,1567,67
3213,8720,71641,11128,71641,1567,67
3213,8720,71642,11128,71642,1567,67
3213,8720,71643,11128,71643,1567,67
3213,8720,71644,11128,71644,1567,67
3213,8720,71645,11128,71645,1567,67
3213,8720,71646,11128,71646,1567,67
3213,8720,71647,11128,71647,1567,67
3213,8720,71648,11128,71648,1567,67
3213,8720,71649,11128,71649,1567,67
3213,8720,71650,11128,71650,1567,67
3213,8720,71651,11128,71651,1567,67
3213,8720,71652,11128,71652,1567,67
3213,8720,71653,11128,71653,1567,67
3213,8720,71654,11128,71654,1567,67
3213,8720,71655,11128,71655,1567,67
3213,8720,71656,11128,71656,1567,67
3213,8720,71657,11128,71657,1567,67
3213,8720,71658,11128,71658,1567,67
3213,8720,71659,11128,71659,1567,67
3213,8720,71660,11128,71660,1567,67
3213,8720,71661,11128,71661,1567,67
3213,8720,71662,11128,71662,1567,67
3213,8720,71663,11128,71663,1567,67
3213,8720,71664,11128,71664,1567,67
3213,8720,71665,11128,71665,1567,67
3213,8720,71666,11128,71666,1567,67
3213,8720,71667,11128,71667,1567,67
3213,8720,71668,11128,71668,1567,67
3213,8720,71669,11128,71669,1567,67
3213,8720,71670,11128,71670,1567,67
3213,8720,71671,11128,71671,1567,67
3213,8720,71672,11128,71672,1567,67
3213,8720,71673,11128,71673,1567,67
3213,8720,71674,11128,71674,1567,67
3213,8720,71675,11128,71675,1567,67
3213,8720,71676,11128,71676,1567,67
3213,8720,71677,11128,71677,1567,67
3213,8720,71678,11128,71678,1567,67
3213,8720,71679,11128,71679,1567,67
3213,8720,71680,11128,71680,1567,67
3213,8720,71681,11128,71681,1567,67
3213,8720,71682,11128,71682,1567,67
3213,8720,71683,11128,71683,1567,67
3213,8720,71684,11128,71684,1567,67
3213,8720,71685,11128,71685,1567,67
3213,8720,71686,11128,71686,1567,67
3213,8720,71687,11128,71687,1567,67
3213,8720,71688,11128,71688,1567,67
3213,8720,71689,11128,71689,1567,67
3213,8720,71690,11128,71690,1567,67
3213,8720,71691,11128,71691,1567,67
3213,8720,71692,11128,71692,1567,67
3213,8720,71693,11128,71693,1567,67
3213,8720,71694,11128,71694,1567,67
3213,8720,71695,11128,71695,1567,67
3213,8720,71696,11128,71696,1567,67
3213,8720,71697,11128,71697,1567,67
3213,8720,71698,11128,71698,1567,67
3213,8720,71699,11128,71699,1567,67
3213,8720,71700,11128,71700,1567,67
3213,8720,71701,11128,71701,1567,67
3213,8720,71702,11128,71702,1567,67
3213,8720,71703,11128,71703,1567,67
3213,8720,71704,11128,71704,1567,67
3213,8720,71705,11128,71705,1567,67
3213,8720,71706,11128,71706,1567,67
3213,8720,71707,11128,71707,1567,67
3213,8720,71708,11128,71708,1567,67
3213,8720,71709,11128,71709,1567,67
3213,8720,71710,11128,71710,1567,67
3213,8720,71711,11128,71711,1567,67
3213,8720,71712,11128,71712,1567,67
3213,8720,71713,11128,71713,1567,67
3213,8720,71714,11128,71714,1567,67
3213,8720,71715,11128,71715,1567,67
3213,8720,71716,11128,71716,1567,67
3213,8720,71717,11128,71717,1567,67
3213,8720,71718,11128,71718,1567,67
3213,8720,71719,11128,71719,1567,67
3213,8720,71720,11128,71720,1567,67
3213,8720,71721,11128,71721,1567,67
3213,8720,71722,11128,71722,1567,67
3213,8720,71723,11128,71723,1567,67
3213,8720,71724,11128,71724,1567,67
3213,8720,71725,11128,71725,1567,67
3213,8720,71726,11128,71726,1567,67
3213,8720,71727,11128,71727,1567,67
3213,8720,71728,11128,71728,1567,67
3213,8720,71729,11128,71729,1567,67
3213,8720,71730,11128,71730,1567,67
3213,8720,71731,11128,71731,1567,67
3213,8720,71732,11128,71732,1567,67
3213,8720,71733,11128,71733,1567,67
3213,8720,71734,11128,71734,1567,67
3213,8720,71735,11128,71735,1567,67
3213,8720,71736,11128,71736,1567,67
3213,8720,71737,11128,71737,1567,67
3213,8720,71738,11128,71738,1567,67
3213,8720,71739,11128,71739,1567,67
3213,8720,71740,11128,71740,1567,67
3213,8720,71741,11128,71741,1567,67
3213,8720,71742,11128,71742,1567,67
3213,8720,71743,11128,71743,1567,67
3213,8720,71744,11128,71744,1567,67
3213,8720,71745,11128,71745,1567,67
3213,8720,71746,11128,71746,1567,67
3213,8720,71747,11128,71747,1567,67
3213,8720,71748,11128,71748,1567,67
3213,8720,71749,11128,71749,1567,67
3213,8720,71750,11128,71750,1567,67
3213,8720,71751,11128,71751,1567,67
3213,8720,71752,11128,71752,1567,67
3213,8720,71753,11128,71753,1567,67
3213,8720,71754,11128,71754,1567,67
3213,8720,71755,11128,71755,1567,67
3213,8720,71756,11128,71756,1567,67
3213,8720,71757,11128,71757,1567,67
3213,8720,71758,11128,71758,1567,67
3213,8720,71759,11128,71759,1567,67
3213,8720,71760,11128,71760,1567,67
3213,8720,71761,11128,71761,1567,67
3213,8720,71762,11128,71762,1567,67
3213,8720,71763,11128,71763,1567,67
3213,8720,71764,11128,71764,1567,67
3213,8720,71765,11128,71765,1567,67
3213,8720,71766,11128,71766,1567,67
3213,8720,71767,11128,71767,1567,67
3213,8720,71768,11128,71768,1567,67
3213,8720,71769,11128,71769,1567,67
3213,8720,71770,11128,71770,1567,67
3213,8720,71771,11128,71771,1567,67
3213,8720,71772,11128,71772,1567,67
3213,8720,71773,11128,71773,1567,67
3213,8720,71774,11128,71774,1567,67
3213,8720,71775,11128,71775,1567,67
3213,8720,71776,11128,71776,1567,67
3213,8720,71777,11128,71777,1567,67
3213,8720,71778,11128,71778,1567,67
3213,8720,71779,11128,71779,1567,67
3213,8720,71780,11128,71780,1567,67
3213,8720,71781,11128,71781,1567,67
3213,8720,71782,11128,71782,1567,67
3213,8720,71783,11128,71783,1567,67
3213,8720,71784,11128,71784,1567,67
3213,8720,71785,11128,71785,1567,67
3213,8720,71786,11128,71786,1567,67
3213,8720,71787,11128,71787,1567,67
3213,8720,71788,11128,71788,1567,67
3213,8720,71789,11128,71789,1567,67
3213,8720,71790,11128,71790,1567,67
3213,8720,71791,11128,71791,1567,67
3213,8720,71792,11128,71792,1567,67
3213,8720,71793,11128,71793,1567,67
3213,8720,71794,11128,71794,1567,67
3213,8720,71795,11128,71795,1567,67
3213,8720,71796,11128,71796,1567,67
3213,8720,71797,11128,71797,1567,67
3213,8720,71798,11128,71798,1567,67
3213,8720,71799,11128,71799,1567,67
3213,8720,71800,11128,71800,1567,67
3213,8720,71801,11128,71801,1567,67
3213,8720,71802,11128,71802,1567,67
3213,8720,71803,11128,71803,1567,67
3213,8720,71804,11128,71804,1567,67
3213,8720,71805,11128,71805,1567,67
3213,8720,71806,11128,71806,1567,67
3213,8720,71807,11128,71807,1567,67
3213,8720,71808,11128,71808,1567,67
3213,8720,71809,11128,71809,1567,67
3213,8720,71810,11128,71810,1567,67
3213,8720,71811,11128,71811,1567,67
3213,8720,71812,11128,71812,1567,67
3213,8720,71813,11128,71813,1567,67
3213,8720,71814,11128,71814,1567,67
3213,8720,71815,11128,71815,1567,67
3213,8720,71816,11128,71816,1567,67
3213,8720,71817,11128,71817,1567,67
3213,8720,71818,11128,71818,1567,67
3213,8720,71819,11128,71819,1567,67
3213,8720,71820,11128,71820,1567,67
3213,8720,71821,11128,71821,1567,67
3213,8720,71822,11128,71822,1567,67
3213,8720,71823,11128,71823,1567,67
3213,8720,71824,11128,71824,1567,67
3213,8720,71825,11128,71825,1567,67
3213,8720,71826,11128,71826,1567,67
3213,8720,71827,11128,71827,1567,67
3213,8720,71828,11128,71828,1567,67
3213,8720,71829,11128,71829,1567,67
3213,8720,71830,11128,71830,1567,67
3213,8720,71831,11128,71831,1567,67
3213,8720,71832,11128,71832,1567,67
3213,8720,71833,11128,71833,1567,67
3213,8720,71834,11128,71834,1567,67
3213,8720,71835,11128,71835,1567,67
3213,8720,71836,11128,71836,1567,67
3213,8720,71837,11128,71837,1567,67
3213,8720,71838,11128,71838,1567,67
3213,8720,71839,11128,71839,1567,67
3213,8720,71840,11128,71840,1567,67
3213,8720,71841,11128,71841,1567,67
3213,8720,71842,11128,71842,1567,67
3213,8720,71843,11128,71843,1567,67
3213,8720,71844,11128,71844,1567,67
3213,8720,71845,11128,71845,1567,67
3213,8720,71846,11128,71846,1567,67
3213,8720,71847,11128,71847,1567,67
3213,8720,71848,11128,71848,1567,67
3213,8720,71849,11128,71849,1567,67
3213,8720,71850,11128,71850,1567,67
3213,8720,71851,11128,71851,1567,67
3213,8720,71852,11128,71852,1567,67
3213,8720,71853,11128,71853,1567,67
3213,8720,71854,11128,71854,1567,67
3213,8720,71855,11128,71855,1567,67
3213,8720,71856,11128,71856,1567,67
3213,8720,71857,11128,71857,1567,67
3213,8720,71858,11128,71858,1567,67
3213,8720,71859,11128,71859,1567,67
3213,8720,71860,11128,71860,1567,67
3213,8720,71861,11128,71861,1567,67
3213,8720,71862,11128,71862,1567,67
3213,8720,71863,11128,71863,1567,67
3213,8720,71864,11128,71864,1567,67
3214,8720,71865,11128,71865,1567,67
3214,8720,71866,11128,71866,1567,67
3214,8720,71867,11128,71867,1567,67
3214,8720,71868,11128,71868,1567,67
3214,8720,71869,11128,71869,1567,67
3214,8720,71870,11128,71870,1567,67
3214,8720,71871,11128,71871,1567,67
3214,8720,71872,11128,71872,1567,67
3214,8720,71873,11128,71873,1567,67
3214,8720,71874,11128,71874,1567,67
3214,8720,71875,11128,71875,1567,67
3214,8720,71876,11128,71876,1567,67
3214,8720,71877,11128,71877,1567,67
3214,8720,71878,11128,71878,1567,67
3214,8720,71879,11128,71879,1567,67
3214,8720,71880,11128,71880,1567,67
3214,8720,71881,11128,71881,1567,67
3214,8720,71882,11128,71882,1567,67
3214,8720,71883,11128,71883,1567,67
3214,8720,71884,11128,71884,1567,67
3214,8720,71885,11128,71885,1567,67
3214,8720,71886,11128,71886,1567,67
3214,8720,71887,11128,71887,1567,67
3214,8720,71888,11128,71888,1567,67
3214,8720,71889,11128,71889,1567,67
3214,8720,71890,11128,71890,1567,67
3214,8720,71891,11128,71891,1567,67
3214,8720,71892,11128,71892,1567,67
3214,8720,71893,11128,71893,1567,67
3214,8720,71894,11128,71894,1567,67
3214,8720,71895,11128,71895,1567,67
3214,8720,71896,11128,71896,1567,67
3214,8720,71897,11128,71897,1567,67
3214,8720,71898,11128,71898,1567,67
3214,8720,71899,11128,71899,1567,67
3214,8720,71900,11128,71900,1567,67
3214,8720,71901,11128,71901,1567,67
3214,8720,71902,11128,71902,1567,67
3214,8720,71903,11128,71903,1567,67
3214,8720,71904,11128,71904,1567,67
3214,8720,71905,11128,71905,1567,67
3214,8720,71906,11128,71906,1567,67
3214,8720,71907,11128,71907,1567,67
3214,8720,71908,11128,71908,1567,67
3214,8720,71909,11128,71909,1567,67
3214,8720,71910,11128,71910,1567,67
3214,8720,71911,11128,71911,1567,67
3214,8720,71912,11128,71912,1567,67
3214,8720,71913,11128,71913,1567,67
3214,8720,71914,11128,71914,1567,67
3214,8720,71915,11128,71915,1567,67
3214,8720,71916,11128,71916,1567,67
3214,8720,71917,11128,71917,1567,67
3214,8720,71918,11128,71918,1567,67
3214,8720,71919,11128,71919,1567,67
3214,8720,71920,11128,71920,1567,67
3214,8720,71921,11128,71921,1567,67
3214,8720,71922,11128,71922,1567,67
3214,8720,71923,11128,71923,1567,67
3214,8720,71924,11128,71924,1567,67
3214,8720,71925,11128,71925,1567,67
3214,8720,71926,11128,71926,1567,67
3214,8720,71927,11128,71927,1567,67
3214,8720,71928,11128,71928,1567,67
3214,8720,71929,11128,71929,1567,67
3214,8720,71930,11128,71930,1567,67
3214,8720,71931,11128,71931,1567,67
3214,8720,71932,11128,71932,1567,67
3214,8720,71933,11128,71933,1567,67
3214,8720,71934,11128,71934,1567,67
3214,8720,71935,11128,71935,1567,67
3214,8720,71936,11128,71936,1567,67
3214,8720,71937,11128,71937,1567,67
3214,8720,71938,11128,71938,1567,67
3214,8720,71939,11128,71939,1567,67
3214,8720,71940,11128,71940,1567,67
3214,8720,71941,11128,71941,1567,67
3214,8720,71942,11128,71942,1567,67
3214,8720,71943,11128,71943,1567,67
3214,8720,71944,11128,71944,1567,67
3214,8720,71945,11128,71945,1567,67
3214,8720,71946,11128,71946,1567,67
3214,8720,71947,11128,71947,1567,67
3214,8720,71948,11128,71948,1567,67
3214,8720,71949,11128,71949,1567,67
3214,8720,71950,11128,71950,1567,67
3214,8720,71951,11128,71951,1567,67
3214,8720,71952,11128,71952,1567,67
3214,8720,71953,11128,71953,1567,67
3214,8720,71954,11128,71954,1567,67
3214,8720,71955,11128,71955,1567,67
3214,8720,71956,11128,71956,1567,67
3214,8720,71957,11128,71957,1567,67
3214,8720,71958,11128,71958,1567,67
3214,8720,71959,11128,71959,1567,67
3214,8720,71960,11128,71960,1567,67
3214,8720,71961,11128,71961,1567,67
3214,8720,71962,11128,71962,1567,67
3214,8720,71963,11128,71963,1567,67
3214,8720,71964,11128,71964,1567,67
3214,8720,71965,11128,71965,1567,67
3214,8720,71966,11128,71966,1567,67
3214,8720,71967,11128,71967,1567,67
3214,8720,71968,11128,71968,1567,67
3214,8720,71969,11128,71969,1567,67
3214,8720,71970,11128,71970,1567,67
3214,8720,71971,11128,71971,1567,67
3214,8720,71972,11128,71972,1567,67
3214,8720,71973,11128,71973,1567,67
3214,8720,71974,11128,71974,1567,67
3214,8720,71975,11128,71975,1567,67
3214,8720,71976,11128,71976,1567,67
3214,8720,71977,11128,71977,1567,67
3214,8720,71978,11128,71978,1567,67
3214,8720,71979,11128,71979,1567,67
3214,8720,71980,11128,71980,1567,67
3214,8720,71981,11128,71981,1567,67
3214,8720,71982,11128,71982,1567,67
3214,8720,71983,11128,71983,1567,67
3214,8720,71984,11128,71984,1567,67
3214,8720,71985,11128,71985,1567,67
3214,8720,71986,11128,71986,1567,67
3214,8720,71987,11128,71987,1567,67
3214,8720,71988,11128,71988,1567,67
3214,8720,71989,11128,71989,1567,67
3214,8720,71990,11128,71990,1567,67
3214,8720,71991,11128,71991,1567,67
3214,8720,71992,11128,71992,1567,67
3214,8720,71993,11128,71993,1567,67
3214,8720,71994,11128,71994,1567,67
3214,8720,71995,11128,71995,1567,67
3214,8720,71996,11128,71996,1567,67
3214,8720,71997,11128,71997,1567,67
3214,8720,71998,11128,71998,1567,67
3214,8720,71999,11128,71999,1567,67
3214,8720,72000,11128,72000,1567,67
3214,8720,72001,11128,72001,1567,67
3214,8720,72002,11128,72002,1567,67
3214,8720,72003,11128,72003,1567,67
3214,8720,72004,11128,72004,1567,67
3214,8720,72005,11128,72005,1567,67
3214,8720,72006,11128,72006,1567,67
3214,8720,72007,11128,72007,1567,67
3214,8720,72008,11128,72008,1567,67
3214,8720,72009,11128,72009,1567,67
3214,8720,72010,11128,72010,1567,67
3214,8720,72011,11128,72011,1567,67
3214,8720,72012,11128,72012,1567,67
3214,8720,72013,11128,72013,1567,67
3214,8720,72014,11128,72014,1567,67
3214,8720,72015,11128,72015,1567,67
3214,8720,72016,11128,72016,1567,67
3214,8720,72017,11128,72017,1567,67
3214,8720,72018,11128,72018,1567,67
3214,8720,72019,11128,72019,1567,67
3214,8720,72020,11128,72020,1567,67
3214,8720,72021,11128,72021,1567,67
3214,8720,72022,11128,72022,1567,67
3214,8720,72023,11128,72023,1567,67
3214,8720,72024,11128,72024,1567,67
3214,8720,72025,11128,72025,1567,67
3214,8720,72026,11128,72026,1567,67
3214,8720,72027,11128,72027,1567,67
3214,8720,72028,11128,72028,1567,67
3214,8720,72029,11128,72029,1567,67
3214,8720,72030,11128,72030,1567,67
3214,8720,72031,11128,72031,1567,67
3214,8720,72032,11128,72032,1567,67
3214,8720,72033,11128,72033,1567,67
3214,8720,72034,11128,72034,1567,67
3214,8720,72035,11128,72035,1567,67
3214,8720,72036,11128,72036,1567,67
3214,8720,72037,11128,72037,1567,67
3214,8720,72038,11128,72038,1567,67
3214,8720,72039,11128,72039,1567,67
3214,8720,72040,11128,72040,1567,67
3214,8720,72041,11128,72041,1567,67
3214,8720,72042,11128,72042,1567,67
3214,8720,72043,11128,72043,1567,67
3214,8720,72044,11128,72044,1567,67
3214,8720,72045,11128,72045,1567,67
3214,8720,72046,11128,72046,1567,67
3214,8720,72047,11128,72047,1567,67
3214,8720,72048,11128,72048,1567,67
3214,8720,72049,11128,72049,1567,67
3214,8720,72050,11128,72050,1567,67
3214,8720,72051,11128,72051,1567,67
3214,8720,72052,11128,72052,1567,67
3214,8720,72053,11128,72053,1567,67
3214,8720,72054,11128,72054,1567,67
3214,8720,72055,11128,72055,1567,67
3214,8720,72056,11128,72056,1567,67
3214,8720,72057,11128,72057,1567,67
3214,8720,72058,11128,72058,1567,67
3214,8720,72059,11128,72059,1567,67
3214,8720,72060,11128,72060,1567,67
3214,8720,72061,11128,72061,1567,67
3214,8720,72062,11128,72062,1567,67
3214,8720,72063,11128,72063,1567,67
3214,8720,72064,11128,72064,1567,67
3214,8720,72065,11128,72065,1567,67
3214,8720,72066,11128,72066,1567,67
3214,8720,72067,11128,72067,1567,67
3214,8720,72068,11128,72068,1567,67
3214,8720,72069,11128,72069,1567,67
3214,8720,72070,11128,72070,1567,67
3214,8720,72071,11128,72071,1567,67
3214,8720,72072,11128,72072,1567,67
3214,8720,72073,11128,72073,1567,67
3214,8720,72074,11128,72074,1567,67
3214,8720,72075,11128,72075,1567,67
3214,8720,72076,11128,72076,1567,67
3214,8720,72077,11128,72077,1567,67
3214,8720,72078,11128,72078,1567,67
3214,8720,72079,11128,72079,1567,67
3214,8720,72080,11128,72080,1567,67
3214,8720,72081,11128,72081,1567,67
3214,8720,72082,11128,72082,1567,67
3214,8720,72083,11128,72083,1567,67
3214,8720,72084,11128,72084,1567,67
3214,8720,72085,11128,72085,1567,67
3214,8720,72086,11128,72086,1567,67
3214,8720,72087,11128,72087,1567,67
3214,8720,72088,11128,72088,1567,67
3214,8720,72089,11128,72089,1567,67
3214,8720,72090,11128,72090,1567,67
3214,8720,72091,11128,72091,1567,67
3214,8720,72092,11128,72092,1567,67
3214,8720,72093,11128,72093,1567,67
3214,8720,72094,11128,72094,1567,67
3214,8720,72095,11128,72095,1567,67
3214,8720,72096,11128,72096,1567,67
3214,8720,72097,11128,72097,1567,67
3214,8720,72098,11128,72098,1567,67
3214,8720,72099,11128,72099,1567,67
3214,8720,72100,11128,72100,1567,67
3214,8720,72101,11128,72101,1567,67
3214,8720,72102,11128,72102,1567,67
3214,8720,72103,11128,72103,1567,67
3214,8720,72104,11128,72104,1567,67
3214,8720,72105,11128,72105,1567,67
3214,8720,72106,11128,72106,1567,67
3214,8720,72107,11128,72107,1567,67
3214,8720,72108,11128,72108,1567,67
3214,8720,72109,11128,72109,1567,67
3214,8720,72110,11128,72110,1567,67
3214,8720,72111,11128,72111,1567,67
3214,8720,72112,11128,72112,1567,67
3214,8720,72113,11128,72113,1567,67
3214,8720,72114,11128,72114,1567,67
3214,8720,72115,11128,72115,1567,67
3214,8720,72116,11128,72116,1567,67
3214,8720,72117,11128,72117,1567,67
3214,8720,72118,11128,72118,1567,67
3214,8720,72119,11128,72119,1567,67
3214,8720,72120,11128,72120,1567,67
3214,8720,72121,11128,72121,1567,67
3214,8720,72122,11128,72122,1567,67
3214,8720,72123,11128,72123,1567,67
3214,8720,72124,11128,72124,1567,67
3214,8720,72125,11128,72125,1567,67
3214,8720,72126,11128,72126,1567,67
3214,8720,72127,11128,72127,1567,67
3214,8720,72128,11128,72128,1567,67
3214,8720,72129,11128,72129,1567,67
3214,8720,72130,11128,72130,1567,67
3214,8720,72131,11128,72131,1567,67
3214,8720,72132,11128,72132,1567,67
3214,8720,72133,11128,72133,1567,67
3214,8720,72134,11128,72134,1567,67
3214,8720,72135,11128,72135,1567,67
3214,8720,72136,11128,72136,1567,67
3214,8720,72137,11128,72137,1567,67
3214,8720,72138,11128,72138,1567,67
3214,8720,72139,11128,72139,1567,67
3214,8720,72140,11128,72140,1567,67
3214,8720,72141,11128,72141,1567,67
3214,8720,72142,11128,72142,1567,67
3214,8720,72143,11128,72143,1567,67
3214,8720,72144,11128,72144,1567,67
3213,8720,72145,11128,72145,1567,67
3213,8720,72146,11128,72146,1567,67
3213,8720,72147,11128,72147,1567,67
3213,8720,72148,11128,72148,1567,67
3213,8720,72149,11128,72149,1567,67
3213,8720,72150,11128,72150,1567,67
3213,8720,72151,11128,72151,1567,67
3213,8720,72152,11128,72152,1567,67
3213,8720,72153,11128,72153,1567,67
3213,8720,72154,11128,72154,1567,67
3213,8720,72155,11128,72155,1567,67
3213,8720,72156,11128,72156,1567,67
3213,8720,72157,11128,72157,1567,67
3213,8720,72158,11128,72158,1567,67
3213,8720,72159,11128,72159,1567,67
3213,8720,72160,11128,72160,1567,67
3213,8720,72161,11128,72161,1567,67
3213,8720,72162,11128,72162,1567,67
3213,8720,72163,11128,72163,1567,67
3213,8720,72164,11128,72164,1567,67
3213,8720,72165,11128,72165,1567,67
3213,8720,72166,11128,72166,1567,67
3213,8720,72167,11128,72167,1567,67
3213,8720,72168,11128,72168,1567,67
3213,8720,72169,11128,72169,1567,67
3213,8720,72170,11128,72170,1567,67
3213,8720,72171,11128,72171,1567,67
3213,8720,72172,11128,72172,1567,67
3213,8720,72173,11128,72173,1567,67
3213,8720,72174,11128,72174,1567,67
3213,8720,72175,11128,72175,1567,67
3213,8720,72176,11128,72176,1567,67
3213,8720,72177,11128,72177,1567,67
3213,8720,72178,11128,72178,1567,67
3213,8720,72179,11128,72179,1567,67
3213,8720,72180,11128,72180,1567,67
3213,8720,72181,11128,72181,1567,67
3213,8720,72182,11128,72182,1567,67
3213,8720,72183,11128,72183,1567,67
3213,8720,72184,11128,72184,1567,67
3213,8720,72185,11128,72185,1567,67
3213,8720,72186,11128,72186,1567,67
3213,8720,72187,11128,72187,1567,67
3213,8720,72188,11128,72188,1567,67
3213,8720,72189,11128,72189,1567,67
3213,8720,72190,11128,72190,1567,67
3213,8720,72191,11128,72191,1567,67
3213,8720,72192,11128,72192,1567,67
3213,8720,72193,11128,72193,1567,67
3213,8720,72194,11128,72194,1567,67
3213,8720,72195,11128,72195,1567,67
3213,8720,72196,11128,72196,1567,67
3213,8720,72197,11128,72197,1567,67
3213,8720,72198,11128,72198,1567,67
3213,8720,72199,11128,72199,1567,67
3213,8720,72200,11128,72200,1567,67
3213,8720,72201,11128,72201,1567,67
3213,8720,72202,11128,72202,1567,67
3213,8720,72203,11128,72203,1567,67
3213,8720,72204,11128,72204,1567,67
3213,8720,72205,11128,72205,1567,67
3213,8720,72206,11128,72206,1567,67
3213,8720,72207,11128,72207,1567,67
3213,8720,72208,11128,72208,1567,67
3213,8720,72209,11128,72209,1567,67
3213,8720,72210,11128,72210,1567,67
3213,8720,72211,11128,72211,1567,67
3213,8720,72212,11128,72212,1567,67
3213,8720,72213,11128,72213,1567,67
3213,8720,72214,11128,72214,1567,67
3213,8720,72215,11128,72215,1567,67
3213,8720,72216,11128,72216,1567,67
3213,8720,72217,11128,72217,1567,67
3213,8720,72218,11128,72218,1567,67
3213,8720,72219,11128,72219,1567,67
3213,8720,72220,11128,72220,1567,67
3213,8720,72221,11128,72221,1567,67
3213,8720,72222,11128,72222,1567,67
3213,8720,72223,11128,72223,1567,67
3213,8720,72224,11128,72224,1567,67
3213,8720,72225,11128,72225,1567,67
3213,8720,72226,11128,72226,1567,67
3213,8720,72227,11128,72227,1567,67
3213,8720,72228,11128,72228,1567,67
3213,8720,72229,11128,72229,1567,67
3213,8720,72230,11128,72230,1567,67
3213,8720,72231,11128,72231,1567,67
3213,8720,72232,11128,72232,1567,67
3213,8720,72233,11128,72233,1567,67
3213,8720,72234,11128,72234,1567,67
3213,8720,72235,11128,72235,1567,67
3213,8720,72236,11128,72236,1567,67
3213,8720,72237,11128,72237,1567,67
3213,8720,72238,11128,72238,1567,67
3213,8720,72239,11128,72239,1567,67
3213,8720,72240,11128,72240,1567,67
3213,8720,72241,11128,72241,1567,67
3213,8720,72242,11128,72242,1567,67
3213,8720,72243,11128,72243,1567,67
3213,8720,72244,11128,72244,1567,67
3213,8720,72245,11128,72245,1567,67
3213,8720,72246,11128,72246,1567,67
3213,8720,72247,11128,72247,1567,67
3213,8720,72248,11128,72248,1567,67
3213,8720,72249,11128,72249,1567,67
3213,8720,72250,11128,72250,1567,67
3213,8720,72251,11128,72251,1567,67
3213,8720,72252,11128,72252,1567,67
3213,8720,72253,11128,72253,1567,67
3213,8720,72254,11128,72254,1567,67
3213,8720,72255,11128,72255,1567,67
3213,8720,72256,11128,72256,1567,67
3213,8720,72257,11128,72257,1567,67
3213,8720,72258,11128,72258,1567,67
3213,8720,72259,11128,72259,1567,67
3213,8720,72260,11128,72260,1567,67
3213,8720,72261,11128,72261,1567,67
3213,8720,72262,11128,72262,1567,67
3213,8720,72263,11128,72263,1567,67
3213,8720,72264,11128,72264,1567,67
3213,8720,72265,11128,72265,1567,67
3213,8720,72266,11128,72266,1567,67
3213,8720,72267,11128,72267,1567,67
3213,8720,72268,11128,72268,1567,67
3213,8720,72269,11128,72269,1567,67
3213,8720,72270,11128,72270,1567,67
3213,8720,72271,11128,72271,1567,67
3213,8720,72272,11128,72272,1567,67
3213,8720,72273,11128,72273,1567,67
3213,8720,72274,11128,72274,1567,67
3213,8720,72275,11128,72275,1567,67
3213,8720,72276,11128,72276,1567,67
3213,8720,72277,11128,72277,1567,67
3213,8720,72278,11128,72278,1567,67
3213,8720,72279,11128,72279,1567,67
3213,8720,72280,11128,72280,1567,67
3213,8720,72281,11128,72281,1567,67
3213,8720,72282,11128,72282,1567,67
3213,8720,72283,11128,72283,1567,67
3213,8720,72284,11128,72284,1567,67
3213,8720,72285,11128,72285,1567,67
3213,8720,72286,11128,72286,1567,67
3213,8720,72287,11128,72287,1567,67
3213,8720,72288,11128,72288,1567,67
3213,8720,72289,11128,72289,1567,67
3213,8720,72290,11128,72290,1567,67
3213,8720,72291,11128,72291,1567,67
3213,8720,72292,11128,72292,1567,67
3213,8720,72293,11128,72293,1567,67
3213,8720,72294,11128,72294,1567,67
3213,8720,72295,11128,72295,1567,67
3213,8720,72296,11128,72296,1567,67
3213,8720,72297,11128,72297,1567,67
3213,8720,72298,11128,72298,1567,67
3213,8720,72299,11128,72299,1567,67
3213,8720,72300,11128,72300,1567,67
3213,8720,72301,11128,72301,1567,67
3213,8720,72302,11128,72302,1567,67
3213,8720,72303,11128,72303,1567,67
3213,8720,72304,11128,72304,1567,67
3213,8720,72305,11128,72305,1567,67
3213,8720,72306,11128,72306,1567,67
3213,8720,72307,11128,72307,1567,67
3213,8720,72308,11128,72308,1567,67
3213,8720,72309,11128,72309,1567,67
3213,8720,72310,11128,72310,1567,67
3213,8720,72311,11128,72311,1567,67
3213,8720,72312,11128,72312,1567,67
3213,8720,72313,11128,72313,1567,67
3213,8720,72314,11128,72314,1567,67
3213,8720,72315,11128,72315,1567,67
3213,8720,72316,11128,72316,1567,67
3213,8720,72317,11128,72317,1567,67
3213,8720,72318,11128,72318,1567,67
3213,8720,72319,11128,72319,1567,67
3213,8720,72320,11128,72320,1567,67
3213,8720,72321,11128,72321,1567,67
3213,8720,72322,11128,72322,1567,67
3213,8720,72323,11128,72323,1567,67
3213,8720,72324,11128,72324,1567,67
3213,8720,72325,11128,72325,1567,67
3213,8720,72326,11128,72326,1567,67
3213,8720,72327,11128,72327,1567,67
3213,8720,72328,11128,72328,1567,67
3213,8720,72329,11128,72329,1567,67
3213,8720,72330,11128,72330,1567,67
3213,8720,72331,11128,72331,1567,67
3213,8720,72332,11128,72332,1567,67
3213,8720,72333,11128,72333,1567,67
3213,8720,72334,11128,72334,1567,67
3213,8720,72335,11128,72335,1567,67
3213,8720,72336,11128,72336,1567,67
3213,8720,72337,11128,72337,1567,67
3213,8720,72338,11128,72338,1567,67
3213,8720,72339,11128,72339,1567,67
3213,8720,72340,11128,72340,1567,67
3213,8720,72341,11128,72341,1567,67
3213,8720,72342,11128,72342,1567,67
3213,8720,72343,11128,72343,1567,67
3213,8720,72344,11128,72344,1567,67
3213,8720,72345,11128,72345,1567,67
3213,8720,72346,11128,72346,1567,67
3213,8720,72347,11128,72347,1567,67
3213,8720,72348,11128,72348,1567,67
3213,8720,72349,11128,72349,1567,67
3213,8720,72350,11128,72350,1567,67
3213,8720,72351,11128,72351,1567,67
3213,8720,72352,11128,72352,1567,67
3213,8720,72353,11128,72353,1567,67
3213,8720,72354,11128,72354,1567,67
3213,8720,72355,11128,72355,1567,67
3213,8720,72356,11128,72356,1567,67
3213,8720,72357,11128,72357,1567,67
3213,8720,72358,11128,72358,1567,67
3213,8720,72359,11128,72359,1567,67
3213,8720,72360,11128,72360,1567,67
3213,8720,72361,11128,72361,1567,67
3213,8720,72362,11128,72362,1567,67
3213,8720,72363,11128,72363,1567,67
3213,8720,72364,11128,72364,1567,67
3213,8720,72365,11128,72365,1567,67
3213,8720,72366,11128,72366,1567,67
3213,8720,72367,11128,72367,1567,67
3213,8720,72368,11128,72368,1567,67
3213,8720,72369,11128,72369,1567,67
3213,8720,72370,11128,72370,1567,67
3213,8720,72371,11128,72371,1567,67
3213,8720,72372,11128,72372,1567,67
3213,8720,72373,11128,72373,1567,67
3213,8720,72374,11128,72374,1567,67
3213,8720,72375,11128,72375,1567,67
3213,8720,72376,11128,72376,1567,67
3213,8720,72377,11128,72377,1567,67
3213,8720,72378,11128,72378,1567,67
3213,8720,72379,11128,72379,1567,67
3213,8720,72380,11128,72380,1567,67
3213,8720,72381,11128,72381,1567,67
3213,8720,72382,11128,72382,1567,67
3213,8720,72383,11128,72383,1567,67
3213,8720,72384,11128,72384,1567,67
3213,8720,72385,11128,72385,1567,67
3213,8720,72386,11128,72386,1567,67
3213,8720,72387,11128,72387,1567,67
3213,8720,72388,11128,72388,1567,67
3213,8720,72389,11128,72389,1567,67
3213,8720,72390,11128,72390,1567,67
3213,8720,72391,11128,72391,1567,67
3213,8720,72392,11128,72392,1567,67
3213,8720,72393,11128,72393,1567,67
3213,8720,72394,11128,72394,1567,67
3213,8720,72395,11128,72395,1567,67
3213,8720,72396,11128,72396,1567,67
3213,8720,72397,11128,72397,1567,67
3213,8720,72398,11128,72398,1567,67
3213,8720,72399,11128,72399,1567,67
3213,8720,72400,11128,72400,1567,67
3213,8720,72401,11128,72401,1567,67
3213,8720,72402,11128,72402,1567,67
3213,8720,72403,11128,72403,1567,67
3213,8720,72404,11128,72404,1567,67
3213,8720,72405,11128,72405,1567,67
3213,8720,72406,11128,72406,1567,67
3213,8720,72407,11128,72407,1567,67
3213,8720,72408,11128,72408,1567,67
3213,8720,72409,11128,72409,1567,67
3213,8720,72410,11128,72410,1567,67
3213,8720,72411,11128,72411,1567,67
3213,8720,72412,11128,72412,1567,67
3213,8720,72413,11128,72413,1567,67
3213,8720,72414,11128,72414,1567,67
3213,8720,72415,11128,72415,1567,67
3213,8720,72416,11128,72416,1567,67
3213,8720,72417,11128,72417,1567,67
3213,8720,72418,11128,72418,1567,67
3213,8720,72419,11128,72419,1567,67
3213,8720,72420,11128,72420,1567,67
3213,8720,72421,11128,72421,1567,67
3213,8720,72422,11128,72422,1567,67
3213,8720,72423,11128,72423,1567,67
3213,8720,72424,11128,72424,1567,67
3213,8720,72425,11128,72425,1567,67
3213,8720,72426,11128,72426,1567,67
3213,8720,72427,11128,72427,1567,67
3213,8720,72428,11128,72428,1567,67
3213,8720,72429,11128,72429,1567,67
3213,8720,72430,11128,72430,1567,67
3213,8720,72431,11128,72431,1567,67
3213,8720,72432,11128,72432,1567,67
3213,8720,72433,11128,72433,1567,67
3213,8720,72434,11128,72434,1567,67
3213,8720,72435,11128,72435,1567,67
3213,8720,72436,11128,72436,1567,67
3213,8720,72437,11128,72437,1567,67
3213,8720,72438,11128,72438,1567,67
3213,8720,72439,11128,72439,1567,67
3213,8720,72440,11128,72440,1567,67
3213,8720,72441,11128,72441,1567,67
3213,8720,72442,11128,72442,1567,67
3213,8720,72443,11128,72443,1567,67
3213,8720,72444,11128,72444,1567,67
3213,8720,72445,11128,72445,1567,67
3213,8720,72446,11128,72446,1567,67
3213,8720,72447,11128,72447,1567,67
3213,8720,72448,11128,72448,1567,67
3213,8720,72449,11128,72449,1567,67
3213,8720,72450,11128,72450,1567,67
3213,8720,72451,11128,72451,1567,67
3213,8720,72452,11128,72452,1567,67
3213,8720,72453,11128,72453,1567,67
3213,8720,72454,11128,72454,1567,67
3213,8720,72455,11128,72455,1567,67
3213,8720,72456,11128,72456,1567,67
3213,8720,72457,11128,72457,1567,67
3213,8720,72458,11128,72458,1567,67
3213,8720,72459,11128,72459,1567,67
3213,8720,72460,11128,72460,1567,67
3213,8720,72461,11128,72461,1567,67
3213,8720,72462,11128,72462,1567,67
3213,8720,72463,11128,72463,1567,67
3213,8720,72464,11128,72464,1567,67
3213,8720,72465,11128,72465,1567,67
3213,8720,72466,11128,72466,1567,67
3213,8720,72467,11128,72467,1567,67
3213,8720,72468,11128,72468,1567,67
3213,8720,72469,11128,72469,1567,67
3213,8720,72470,11128,72470,1567,67
3213,8720,72471,11128,72471,1567,67
3213,8720,72472,11128,72472,1567,67
3213,8720,72473,11128,72473,1567,67
3213,8720,72474,11128,72474,1567,67
3213,8720,72475,11128,72475,1567,67
3213,8720,72476,11128,72476,1567,67
3213,8720,72477,11128,72477,1567,67
3213,8720,72478,11128,72478,1567,67
3213,8720,72479,11128,72479,1567,67
3213,8720,72480,11128,72480,1567,67
3213,8720,72481,11128,72481,1567,67
3213,8720,72482,11128,72482,1567,67
3213,8720,72483,11128,72483,1567,67
3213,8720,72484,11128,72484,1567,67
3213,8720,72485,11128,72485,1567,67
3213,8720,72486,11128,72486,1567,67
3213,8720,72487,11128,72487,1567,67
3213,8720,72488,11128,72488,1567,67
3213,8720,72489,11128,72489,1567,67
3213,8720,72490,11128,72490,1567,67
3213,8720,72491,11128,72491,1567,67
3213,8720,72492,11128,72492,1567,67
3213,8720,72493,11128,72493,1567,67
3213,8720,72494,11128,72494,1567,67
3213,8720,72495,11128,72495,1567,67
3213,8720,72496,11128,72496,1567,67
3213,8720,72497,11128,72497,1567,67
3213,8720,72498,11128,72498,1567,67
3213,8720,72499,11128,72499,1567,67
3213,8720,72500,11128,72500,1567,67
3213,8720,72501,11128,72501,1567,67
3213,8720,72502,11128,72502,1567,67
3213,8720,72503,11128,72503,1567,67
3213,8720,72504,11128,72504,1567,67
3213,8720,72505,11128,72505,1567,67
3213,8720,72506,11128,72506,1567,67
3213,8720,72507,11128,72507,1567,67
3213,8720,72508,11128,72508,1567,67
3213,8720,72509,11128,72509,1567,67
3213,8720,72510,11128,72510,1567,67
3213,8720,72511,11128,72511,1567,67
3213,8720,72512,11128,72512,1567,67
3213,8720,72513,11128,72513,1567,67
3213,8720,72514,11128,72514,1567,67
3213,8720,72515,11128,72515,1567,67
3213,8720,72516,11128,72516,1567,67
3213,8720,72517,11128,72517,1567,67
3213,8720,72518,11128,72518,1567,67
3213,8720,72519,11128,72519,1567,67
3213,8720,72520,11128,72520,1567,67
3213,8720,72521,11128,72521,1567,67
3213,8720,72522,11128,72522,1567,67
3213,8720,72523,11128,72523,1567,67
3213,8720,72524,11128,72524,1567,67
3213,8720,72525,11128,72525,1567,67
3213,8720,72526,11128,72526,1567,67
3213,8720,72527,11128,72527,1567,67
3213,8720,72528,11128,72528,1567,67
3213,8720,72529,11128,72529,1567,67
3213,8720,72530,11128,72530,1567,67
3213,8720,72531,11128,72531,1567,67
3213,8720,72532,11128,72532,1567,67
3213,8720,72533,11128,72533,1567,67
3213,8720,72534,11128,72534,1567,67
3213,8720,72535,11128,72535,1567,67
3213,8720,72536,11128,72536,1567,67
3213,8720,72537,11128,72537,1567,67
3213,8720,72538,11128,72538,1567,67
3213,8720,72539,11128,72539,1567,67
3213,8720,72540,11128,72540,1567,67
3213,8720,72541,11128,72541,1567,67
3213,8720,72542,11128,72542,1567,67
3213,8720,72543,11128,72543,1567,67
3213,8720,72544,11128,72544,1567,67
3213,8720,72545,11128,72545,1567,67
3213,8720,72546,11128,72546,1567,67
3212,8720,72547,11128,72547,1567,67
3212,8720,72548,11128,72548,1567,67
3212,8720,72549,11128,72549,1567,67
3212,8720,72550,11128,72550,1567,67
3212,8720,72551,11128,72551,1567,67
3212,8720,72552,11128,72552,1567,67
3212,8720,72553,11128,72553,1567,67
3212,8720,72554,11128,72554,1567,67
3212,8720,72555,11128,72555,1567,67
3212,8720,72556,11128,72556,1567,67
3212,8720,72557,11128,72557,1567,67
3212,8720,72558,11128,72558,1567,67
3212,8720,72559,11128,72559,1567,67
3212,8720,72560,11128,72560,1567,67
3212,8720,72561,11128,72561,1567,67
3212,8720,72562,11128,72562,1567,67
3212,8720,72563,11128,72563,1567,67
3212,8720,72564,11128,72564,1567,67
3212,8720,72565,11128,72565,1567,67
3212,8720,72566,11128,72566,1567,67
3212,8720,72567,11128,72567,1567,67
3212,8720,72568,11128,72568,1567,67
3212,8720,72569,11128,72569,1567,67
3212,8720,72570,11128,72570,1567,67
3212,8720,72571,11128,72571,1567,67
3212,8720,72572,11128,72572,1567,67
3212,8720,72573,11128,72573,1567,67
3212,8720,72574,11128,72574,1567,67
3212,8720,72575,11128,72575,1567,67
3212,8720,72576,11128,72576,1567,67
3212,8720,72577,11128,72577,1567,67
3212,8720,72578,11128,72578,1567,67
3212,8720,72579,11128,72579,1567,67
3212,8720,72580,11128,72580,1567,67
3212,8720,72581,11128,72581,1567,67
3212,8720,72582,11128,72582,1567,67
3212,8720,72583,11128,72583,1567,67
3212,8720,72584,11128,72584,1567,67
3212,8720,72585,11128,72585,1567,67
3212,8720,72586,11128,72586,1567,67
3212,8720,72587,11128,72587,1567,67
3212,8720,72588,11128,72588,1567,67
3212,8720,72589,11128,72589,1567,67
3212,8720,72590,11128,72590,1567,67
3212,8720,72591,11128,72591,1567,67
3212,8720,72592,11128,72592,1567,67
3212,8720,72593,11128,72593,1567,67
3212,8720,72594,11128,72594,1567,67
3212,8720,72595,11128,72595,1567,67
3212,8720,72596,11128,72596,1567,67
3212,8720,72597,11128,72597,1567,67
3212,8720,72598,11128,72598,1567,67
3212,8720,72599,11128,72599,1567,67
3212,8720,72600,11128,72600,1567,67
3212,8720,72601,11128,72601,1567,67
3212,8720,72602,11128,72602,1567,67
3212,8720,72603,11128,72603,1567,67
3212,8720,72604,11128,72604,1567,67
3212,8720,72605,11128,72605,1567,67
3212,8720,72606,11128,72606,1567,67
3212,8720,72607,11128,72607,1567,67
3212,8720,72608,11128,72608,1567,67
3212,8720,72609,11128,72609,1567,67
3212,8720,72610,11128,72610,1567,67
3212,8720,72611,11128,72611,1567,67
3212,8720,72612,11128,72612,1567,67
3212,8720,72613,11128,72613,1567,67
3212,8720,72614,11128,72614,1567,67
3212,8720,72615,11128,72615,1567,67
3212,8720,72616,11128,72616,1567,67
3212,8720,72617,11128,72617,1567,67
3212,8720,72618,11128,72618,1567,67
3212,8720,72619,11128,72619,1567,67
3212,8720,72620,11128,72620,1567,67
3212,8720,72621,11128,72621,1567,67
3212,8720,72622,11128,72622,1567,67
3212,8720,72623,11128,72623,1567,67
3212,8720,72624,11128,72624,1567,67
3212,8720,72625,11128,72625,1567,67
3212,8720,72626,11128,72626,1567,67
3212,8720,72627,11128,72627,1567,67
3212,8720,72628,11128,72628,1567,67
3212,8720,72629,11128,72629,1567,67
3212,8720,72630,11128,72630,1567,67
3212,8720,72631,11128,72631,1567,67
3212,8720,72632,11128,72632,1567,67
3212,8720,72633,11128,72633,1567,67
3212,8720,72634,11128,72634,1567,67
3212,8720,72635,11128,72635,1567,67
3212,8720,72636,11128,72636,1567,67
3212,8720,72637,11128,72637,1567,67
3212,8720,72638,11128,72638,1567,67
3212,8720,72639,11128,72639,1567,67
3212,8720,72640,11128,72640,1567,67
3212,8720,72641,11128,72641,1567,67
3212,8720,72642,11128,72642,1567,67
3212,8720,72643,11128,72643,1567,67
3212,8720,72644,11128,72644,1567,67
3212,8720,72645,11128,72645,1567,67
3212,8720,72646,11128,72646,1567,67
3212,8720,72647,11128,72647,1567,67
3212,8720,72648,11128,72648,1567,67
3212,8720,72649,11128,72649,1567,67
3212,8720,72650,11128,72650,1567,67
3212,8720,72651,11128,72651,1567,67
3212,8720,72652,11128,72652,1567,67
3212,8720,72653,11128,72653,1567,67
3212,8720,72654,11128,72654,1567,67
3212,8720,72655,11128,72655,1567,67
3212,8720,72656,11128,72656,1567,67
3212,8720,72657,11128,72657,1567,67
3212,8720,72658,11128,72658,1567,67
3212,8720,72659,11128,72659,1567,67
3212,8720,72660,11128,72660,1567,67
3212,8720,72661,11128,72661,1567,67
3212,8720,72662,11128,72662,1567,67
3212,8720,72663,11128,72663,1567,67
3212,8720,72664,11128,72664,1567,67
3212,8720,72665,11128,72665,1567,67
3212,8720,72666,11128,72666,1567,67
3212,8720,72667,11128,72667,1567,67
3212,8720,72668,11128,72668,1567,67
3212,8720,72669,11128,72669,1567,67
3212,8720,72670,11128,72670,1567,67
3212,8720,72671,11128,72671,1567,67
3212,8720,72672,11128,72672,1567,67
3212,8720,72673,11128,72673,1567,67
3212,8720,72674,11128,72674,1567,67
3212,8720,72675,11128,72675,1567,67
3212,8720,72676,11128,72676,1567,67
3212,8720,72677,11128,72677,1567,67
3212,8720,72678,11128,72678,1567,67
3212,8720,72679,11128,72679,1567,67
3212,8720,72680,11128,72680,1567,67
3212,8720,72681,11128,72681,1567,67
3212,8720,72682,11128,72682,1567,67
3212,8720,72683,11128,72683,1567,67
3212,8720,72684,11128,72684,1567,67
3212,8720,72685,11128,72685,1567,67
3212,8720,72686,11128,72686,1567,67
3212,8720,72687,11128,72687,1567,67
3212,8720,72688,11128,72688,1567,67
3212,8720,72689,11128,72689,1567,67
3212,8720,72690,11128,72690,1567,67
3212,8720,72691,11128,72691,1567,67
3212,8720,72692,11128,72692,1567,67
3212,8720,72693,11128,72693,1567,67
3212,8720,72694,11128,72694,1567,67
3212,8720,72695,11128,72695,1567,67
3212,8720,72696,11128,72696,1567,67
3212,8720,72697,11128,72697,1567,67
3212,8720,72698,11128,72698,1567,67
3212,8720,72699,11128,72699,1567,67
3212,8720,72700,11128,72700,1567,67
3212,8720,72701,11128,72701,1567,67
3212,8720,72702,11128,72702,1567,67
3212,8720,72703,11128,72703,1567,67
3212,8720,72704,11128,72704,1567,67
3212,8720,72705,11128,72705,1567,67
3212,8720,72706,11128,72706,1567,67
3212,8720,72707,11128,72707,1567,67
3212,8720,72708,11128,72708,1567,67
3212,8720,72709,11128,72709,1567,67
3212,8720,72710,11128,72710,1567,67
3212,8720,72711,11128,72711,1567,67
3212,8720,72712,11128,72712,1567,67
3212,8720,72713,11128,72713,1567,67
3212,8720,72714,11128,72714,1567,67
3212,8720,72715,11128,72715,1567,67
3212,8720,72716,11128,72716,1567,67
3212,8720,72717,11128,72717,1567,67
3212,8720,72718,11128,72718,1567,67
3212,8720,72719,11128,72719,1567,67
3212,8720,72720,11128,72720,1567,67
3212,8720,72721,11128,72721,1567,67
3212,8720,72722,11128,72722,1567,67
3212,8720,72723,11128,72723,1567,67
3212,8720,72724,11128,72724,1567,67
3212,8720,72725,11128,72725,1567,67
3212,8720,72726,11128,72726,1567,67
3212,8720,72727,11128,72727,1567,67
3212,8720,72728,11128,72728,1567,67
3212,8720,72729,11128,72729,1567,67
3212,8720,72730,11128,72730,1567,67
3212,8720,72731,11128,72731,1567,67
3212,8720,72732,11128,72732,1567,67
3212,8720,72733,11128,72733,1567,67
3212,8720,72734,11128,72734,1567,67
3212,8720,72735,11128,72735,1567,67
3212,8720,72736,11128,72736,1567,67
3212,8720,72737,11128,72737,1567,67
3212,8720,72738,11128,72738,1567,67
3212,8720,72739,11128,72739,1567,67
3212,8720,72740,11128,72740,1567,67
3212,8720,72741,11128,72741,1567,67
3212,8720,72742,11128,72742,1567,67
3213,8720,72743,11128,72743,1567,67
3213,8720,72744,11128,72744,1567,67
3213,8720,72745,11128,72745,1567,67
3213,8720,72746,11128,72746,1567,67
3213,8720,72747,11128,72747,1567,67
3213,8720,72748,11128,72748,1567,67
3213,8720,72749,11128,72749,1567,67
3213,8720,72750,11128,72750,1567,67
3213,8720,72751,11128,72751,1567,67
3213,8720,72752,11128,72752,1567,67
3213,8720,72753,11128,72753,1567,67
3213,8720,72754,11128,72754,1567,67
3213,8720,72755,11128,72755,1567,67
3213,8720,72756,11128,72756,1567,67
3213,8720,72757,11128,72757,1567,67
3213,8720,72758,11128,72758,1567,67
3213,8720,72759,11128,72759,1567,67
3213,8720,72760,11128,72760,1567,67
3213,8720,72761,11128,72761,1567,67
3213,8720,72762,11128,72762,1567,67
3213,8720,72763,11128,72763,1567,67
3213,8720,72764,11128,72764,1567,67
3213,8720,72765,11128,72765,1567,67
3213,8720,72766,11128,72766,1567,67
3213,8720,72767,11128,72767,1567,67
3213,8720,72768,11128,72768,1567,67
3213,8720,72769,11128,72769,1567,67
3213,8720,72770,11128,72770,1567,67
3213,8720,72771,11128,72771,1567,67
3213,8720,72772,11128,72772,1567,67
3213,8720,72773,11128,72773,1567,67
3213,8720,72774,11128,72774,1567,67
3213,8720,72775,11128,72775,1567,67
3213,8720,72776,11128,72776,1567,67
3213,8720,72777,11128,72777,1567,67
3213,8720,72778,11128,72778,1567,67
3213,8720,72779,11128,72779,1567,67
3213,8720,72780,11128,72780,1567,67
3213,8720,72781,11128,72781,1567,67
3213,8720,72782,11128,72782,1567,67
3213,8720,72783,11128,72783,1567,67
3213,8720,72784,11128,72784,1567,67
3213,8720,72785,11128,72785,1567,67
3213,8720,72786,11128,72786,1567,67
3213,8720,72787,11128,72787,1567,67
3213,8720,72788,11128,72788,1567,67
3213,8720,72789,11128,72789,1567,67
3213,8720,72790,11128,72790,1567,67
3213,8720,72791,11128,72791,1567,67
3213,8720,72792,11128,72792,1567,67
3213,8720,72793,11128,72793,1567,67
3213,8720,72794,11128,72794,1567,67
3213,8720,72795,11128,72795,1567,67
3213,8720,72796,11128,72796,1567,67
3213,8720,72797,11128,72797,1567,67
3213,8720,72798,11128,72798,1567,67
3213,8720,72799,11128,72799,1567,67
3213,8720,72800,11128,72800,1567,67
3213,8720,72801,11128,72801,1567,67
3213,8720,72802,11128,72802,1567,67
3213,8720,72803,11128,72803,1567,67
3213,8720,72804,11128,72804,1567,67
3213,8720,72805,11128,72805,1567,67
3213,8720,72806,11128,72806,1567,67
3213,8720,72807,11128,72807,1567,67
3213,8720,72808,11128,72808,1567,67
3213,8720,72809,11128,72809,1567,67
3213,8720,72810,11128,72810,1567,67
3213,8720,72811,11128,72811,1567,67
3213,8720,72812,11128,72812,1567,67
3213,8720,72813,11128,72813,1567,67
3213,8720,72814,11128,72814,1567,67
3213,8720,72815,11128,72815,1567,67
3213,8720,72816,11128,72816,1567,67
3213,8720,72817,11128,72817,1567,67
3213,8720,72818,11128,72818,1567,67
3213,8720,72819,11128,72819,1567,67
3213,8720,72820,11128,72820,1567,67
3213,8720,72821,11128,72821,1567,67
3213,8720,72822,11128,72822,1567,67
3213,8720,72823,11128,72823,1567,67
3213,8720,72824,11128,72824,1567,67
3213,8720,72825,11128,72825,1567,67
3213,8720,72826,11128,72826,1567,67
3213,8720,72827,11128,72827,1567,67
3213,8720,72828,11128,72828,1567,67
3213,8720,72829,11128,72829,1567,67
3213,8720,72830,11128,72830,1567,67
3213,8720,72831,11128,72831,1567,67
3213,8720,72832,11128,72832,1567,67
3213,8720,72833,11128,72833,1567,67
3213,8720,72834,11128,72834,1567,67
3213,8720,72835,11128,72835,1567,67
3213,8720,72836,11128,72836,1567,67
3213,8720,72837,11128,72837,1567,67
3213,8720,72838,11128,72838,1567,67
3213,8720,72839,11128,72839,1567,67
3213,8720,72840,11128,72840,1567,67
3213,8720,72841,11128,72841,1567,67
3213,8720,72842,11128,72842,1567,67
3213,8720,72843,11128,72843,1567,67
3213,8720,72844,11128,72844,1567,67
3213,8720,72845,11128,72845,1567,67
3213,8720,72846,11128,72846,1567,67
3213,8720,72847,11128,72847,1567,67
3213,8720,72848,11128,72848,1567,67
3213,8720,72849,11128,72849,1567,67
3213,8720,72850,11128,72850,1567,67
3213,8720,72851,11128,72851,1567,67
3213,8720,72852,11128,72852,1567,67
3213,8720,72853,11128,72853,1567,67
3213,8720,72854,11128,72854,1567,67
3213,8720,72855,11128,72855,1567,67
3213,8720,72856,11128,72856,1567,67
3213,8720,72857,11128,72857,1567,67
3213,8720,72858,11128,72858,1567,67
3213,8720,72859,11128,72859,1567,67
3213,8720,72860,11128,72860,1567,67
3213,8720,72861,11128,72861,1567,67
3213,8720,72862,11128,72862,1567,67
3213,8720,72863,11128,72863,1567,67
3213,8720,72864,11128,72864,1567,67
3213,8720,72865,11128,72865,1567,67
3213,8720,72866,11128,72866,1567,67
3213,8720,72867,11128,72867,1567,67
3213,8720,72868,11128,72868,1567,67
3213,8720,72869,11128,72869,1567,67
3213,8720,72870,11128,72870,1567,67
3213,8720,72871,11128,72871,1567,67
3213,8720,72872,11128,72872,1567,67
3213,8720,72873,11128,72873,1567,67
3213,8720,72874,11128,72874,1567,67
3213,8720,72875,11128,72875,1567,67
3213,8720,72876,11128,72876,1567,67
3213,8720,72877,11128,72877,1567,67
3213,8720,72878,11128,72878,1567,67
3213,8720,72879,11128,72879,1567,67
3213,8720,72880,11128,72880,1567,67
3213,8720,72881,11128,72881,1567,67
3213,8720,72882,11128,72882,1567,67
3213,8720,72883,11128,72883,1567,67
3213,8720,72884,11128,72884,1567,67
3213,8720,72885,11128,72885,1567,67
3213,8720,72886,11128,72886,1567,67
3213,8720,72887,11128,72887,1567,67
3213,8720,72888,11128,72888,1567,67
3213,8720,72889,11128,72889,1567,67
3213,8720,72890,11128,72890,1567,67
3213,8720,72891,11128,72891,1567,67
3213,8720,72892,11128,72892,1567,67
3213,8720,72893,11128,72893,1567,67
3213,8720,72894,11128,72894,1567,67
3213,8720,72895,11128,72895,1567,67
3213,8720,72896,11128,72896,1567,67
3213,8720,72897,11128,72897,1567,67
3213,8720,72898,11128,72898,1567,67
3213,8720,72899,11128,72899,1567,67
3213,8720,72900,11128,72900,1567,67
3213,8720,72901,11128,72901,1567,67
3213,8720,72902,11128,72902,1567,67
3213,8720,72903,11128,72903,1567,67
3213,8720,72904,11128,72904,1567,67
3213,8720,72905,11128,72905,1567,67
3213,8720,72906,11128,72906,1567,67
3213,8720,72907,11128,72907,1567,67
3213,8720,72908,11128,72908,1567,67
3213,8720,72909,11128,72909,1567,67
3213,8720,72910,11128,72910,1567,67
3213,8720,72911,11128,72911,1567,67
3213,8720,72912,11128,72912,1567,67
3213,8720,72913,11128,72913,1567,67
3213,8720,72914,11128,72914,1567,67
3213,8720,72915,11128,72915,1567,67
3213,8720,72916,11128,72916,1567,67
3213,8720,72917,11128,72917,1567,67
3213,8720,72918,11128,72918,1567,67
3213,8720,72919,11128,72919,1567,67
3213,8720,72920,11128,72920,1567,67
3213,8720,72921,11128,72921,1567,67
3213,8720,72922,11128,72922,1567,67
3213,8720,72923,11128,72923,1567,67
3213,8720,72924,11128,72924,1567,67
3213,8720,72925,11128,72925,1567,67
3213,8720,72926,11128,72926,1567,67
3213,8720,72927,11128,72927,1567,67
3213,8720,72928,11128,72928,1567,67
3213,8720,72929,11128,72929,1567,67
3213,8720,72930,11128,72930,1567,67
3213,8720,72931,11128,72931,1567,67
3213,8720,72932,11128,72932,1567,67
3213,8720,72933,11128,72933,1567,67
3213,8720,72934,11128,72934,1567,67
3213,8720,72935,11128,72935,1567,67
3213,8720,72936,11128,72936,1567,67
3213,8720,72937,11128,72937,1567,67
3213,8720,72938,11128,72938,1567,67
3213,8720,72939,11128,72939,1567,67
3213,8720,72940,11128,72940,1567,67
3213,8720,72941,11128,72941,1567,67
3213,8720,72942,11128,72942,1567,67
3213,8720,72943,11128,72943,1567,67
3213,8720,72944,11128,72944,1567,67
3213,8720,72945,11128,72945,1567,67
3213,8720,72946,11128,72946,1567,67
3213,8720,72947,11128,72947,1567,67
3213,8720,72948,11128,72948,1567,67
3213,8720,72949,11128,72949,1567,67
3213,8720,72950,11128,72950,1567,67
3213,8720,72951,11128,72951,1567,67
3213,8720,72952,11128,72952,1567,67
3213,8720,72953,11128,72953,1567,67
3213,8720,72954,11128,72954,1567,67
3213,8720,72955,11128,72955,1567,67
3213,8720,72956,11128,72956,1567,67
3213,8720,72957,11128,72957,1567,67
3213,8720,72958,11128,72958,1567,67
3213,8720,72959,11128,72959,1567,67
3213,8720,72960,11128,72960,1567,67
3213,8720,72961,11128,72961,1567,67
3213,8720,72962,11128,72962,1567,67
3213,8720,72963,11128,72963,1567,67
3213,8720,72964,11128,72964,1567,67
3213,8720,72965,11128,72965,1567,67
3213,8720,72966,11128,72966,1567,67
3213,8720,72967,11128,72967,1567,67
3213,8720,72968,11128,72968,1567,67
3213,8720,72969,11128,72969,1567,67
3213,8720,72970,11128,72970,1567,67
3213,8720,72971,11128,72971,1567,67
3213,8720,72972,11128,72972,1567,67
3213,8720,72973,11128,72973,1567,67
3213,8720,72974,11128,72974,1567,67
3213,8720,72975,11128,72975,1567,67
3213,8720,72976,11128,72976,1567,67
3213,8720,72977,11128,72977,1567,67
3213,8720,72978,11128,72978,1567,67
3213,8720,72979,11128,72979,1567,67
3213,8720,72980,11128,72980,1567,67
3213,8720,72981,11128,72981,1567,67
3213,8720,72982,11128,72982,1567,67
3213,8720,72983,11128,72983,1567,67
3213,8720,72984,11128,72984,1567,67
3213,8720,72985,11128,72985,1567,67
3213,8720,72986,11128,72986,1567,67
3213,8720,72987,11128,72987,1567,67
3213,8720,72988,11128,72988,1567,67
3213,8720,72989,11128,72989,1567,67
3213,8720,72990,11128,72990,1567,67
3213,8720,72991,11128,72991,1567,67
3213,8720,72992,11128,72992,1567,67
3213,8720,72993,11128,72993,1567,67
3213,8720,72994,11128,72994,1567,67
3213,8720,72995,11128,72995,1567,67
3213,8720,72996,11128,72996,1567,67
3213,8720,72997,11128,72997,1567,67
3213,8720,72998,11128,72998,1567,67
3213,8720,72999,11128,72999,1567,67
3213,8720,73000,11128,73000,1567,67
3213,8720,73001,11128,73001,1567,67
3213,8720,73002,11128,73002,1567,67
3213,8720,73003,11128,73003,1567,67
3213,8720,73004,11128,73004,1567,67
3213,8720,73005,11128,73005,1567,67
3213,8720,73006,11128,73006,1567,67
3213,8720,73007,11128,73007,1567,67
3213,8720,73008,11128,73008,1567,67
3213,8720,73009,11128,73009,1567,67
3213,8720,73010,11128,73010,1567,67
3213,8720,73011,11128,73011,1567,67
3213,8720,73012,11128,73012,1567,67
3213,8720,73013,11128,73013,1567,67
3213,8720,73014,11128,73014,1567,67
3213,8720,73015,11128,73015,1567,67
3213,8720,73016,11128,73016,1567,67
3213,8720,73017,11128,73017,1567,67
3213,8720,73018,11128,73018,1567,67
3213,8720,73019,11128,73019,1567,67
3213,8720,73020,11128,73020,1567,67
3213,8720,73021,11128,73021,1567,67
3213,8720,73022,11128,73022,1567,67
3213,8720,73023,11128,73023,1567,67
3213,8720,73024,11128,73024,1567,67
3213,8720,73025,11128,73025,1567,67
3213,8720,73026,11128,73026,1567,67
3213,8720,73027,11128,73027,1567,67
3213,8720,73028,11128,73028,1567,67
3213,8720,73029,11128,73029,1567,67
3213,8720,73030,11128,73030,1567,67
3213,8720,73031,11128,73031,1567,67
3213,8720,73032,11128,73032,1567,67
3213,8720,73033,11128,73033,1567,67
3213,8720,73034,11128,73034,1567,67
3213,8720,73035,11128,73035,1567,67
3213,8720,73036,11128,73036,1567,67
3213,8720,73037,11128,73037,1567,67
3213,8720,73038,11128,73038,1567,67
3213,8720,73039,11128,73039,1567,67
3213,8720,73040,11128,73040,1567,67
3213,8720,73041,11128,73041,1567,67
3213,8720,73042,11128,73042,1567,67
3213,8720,73043,11128,73043,1567,67
3213,8720,73044,11128,73044,1567,67
3213,8720,73045,11128,73045,1567,67
3213,8720,73046,11128,73046,1567,67
3213,8720,73047,11128,73047,1567,67
3213,8720,73048,11128,73048,1567,67
3213,8720,73049,11128,73049,1567,67
3213,8720,73050,11128,73050,1567,67
3213,8720,73051,11128,73051,1567,67
3213,8720,73052,11128,73052,1567,67
3213,8720,73053,11128,73053,1567,67
3213,8720,73054,11128,73054,1567,67
3213,8720,73055,11128,73055,1567,67
3213,8720,73056,11128,73056,1567,67
3213,8720,73057,11128,73057,1567,67
3213,8720,73058,11128,73058,1567,67
3213,8720,73059,11128,73059,1567,67
3213,8720,73060,11128,73060,1567,67
3213,8720,73061,11128,73061,1567,67
3213,8720,73062,11128,73062,1567,67
3213,8720,73063,11128,73063,1567,67
3213,8720,73064,11128,73064,1567,67
3213,8720,73065,11128,73065,1567,67
3213,8720,73066,11128,73066,1567,67
3213,8720,73067,11128,73067,1567,67
3213,8720,73068,11128,73068,1567,67
3213,8720,73069,11128,73069,1567,67
3213,8720,73070,11128,73070,1567,67
3213,8720,73071,11128,73071,1567,67
3213,8720,73072,11128,73072,1567,67
3213,8720,73073,11128,73073,1567,67
3213,8720,73074,11128,73074,1567,67
3213,8720,73075,11128,73075,1567,67
3213,8720,73076,11128,73076,1567,67
3213,8720,73077,11128,73077,1567,67
3213,8720,73078,11128,73078,1567,67
3213,8720,73079,11128,73079,1567,67
3213,8720,73080,11128,73080,1567,67
3213,8720,73081,11128,73081,1567,67
3213,8720,73082,11128,73082,1567,67
3213,8720,73083,11128,73083,1567,67
3213,8720,73084,11128,73084,1567,67
3213,8720,73085,11128,73085,1567,67
3213,8720,73086,11128,73086,1567,67
3213,8720,73087,11128,73087,1567,67
3213,8720,73088,11128,73088,1567,67
3213,8720,73089,11128,73089,1567,67
3213,8720,73090,11128,73090,1567,67
3213,8720,73091,11128,73091,1567,67
3213,8720,73092,11128,73092,1567,67
3213,8720,73093,11128,73093,1567,67
3213,8720,73094,11128,73094,1567,67
3213,8720,73095,11128,73095,1567,67
3213,8720,73096,11128,73096,1567,67
3213,8720,73097,11128,73097,1567,67
3213,8720,73098,11128,73098,1567,67
3213,8720,73099,11128,73099,1567,67
3213,8720,73100,11128,73100,1567,67
3213,8720,73101,11128,73101,1567,67
3213,8720,73102,11128,73102,1567,67
3213,8720,73103,11128,73103,1567,67
3213,8720,73104,11128,73104,1567,67
3213,8720,73105,11128,73105,1567,67
3213,8720,73106,11128,73106,1567,67
3213,8720,73107,11128,73107,1567,67
3213,8720,73108,11128,73108,1567,67
3213,8720,73109,11128,73109,1567,67
3213,8720,73110,11128,73110,1567,67
3213,8720,73111,11128,73111,1567,67
3213,8720,73112,11128,73112,1567,67
3213,8720,73113,11128,73113,1567,67
3213,8720,73114,11128,73114,1567,67
3213,8720,73115,11128,73115,1567,67
3213,8720,73116,11128,73116,1567,67
3213,8720,73117,11128,73117,1567,67
3213,8720,73118,11128,73118,1567,67
3213,8720,73119,11128,73119,1567,67
3213,8720,73120,11128,73120,1567,67
3213,8720,73121,11128,73121,1567,67
3213,8720,73122,11128,73122,1567,67
3213,8720,73123,11128,73123,1567,67
3213,8720,73124,11128,73124,1567,67
3213,8720,73125,11128,73125,1567,67
3213,8720,73126,11128,73126,1567,67
3213,8720,73127,11128,73127,1567,67
3213,8720,73128,11128,73128,1567,67
3213,8720,73129,11128,73129,1567,67
3213,8720,73130,11128,73130,1567,67
3213,8720,73131,11128,73131,1567,67
3213,8720,73132,11128,73132,1567,67
3213,8720,73133,11128,73133,1567,67
3213,8720,73134,11128,73134,1567,67
3213,8720,73135,11128,73135,1567,67
3213,8720,73136,11128,73136,1567,67
3213,8720,73137,11128,73137,1567,67
3213,8720,73138,11128,73138,1567,67
3213,8720,73139,11128,73139,1567,67
3213,8720,73140,11128,73140,1567,67
3213,8720,73141,11128,73141,1567,67
3213,8720,73142,11128,73142,1567,67
3213,8720,73143,11128,73143,1567,67
3213,8720,73144,11128,73144,1567,67
3213,8720,73145,11128,73145,1567,67
3213,8720,73146,11128,73146,1567,67
3213,8720,73147,11128,73147,1567,67
3213,8720,73148,11128,73148,1567,67
3213,8720,73149,11128,73149,1567,67
3213,8720,73150,11128,73150,1567,67
3213,8720,73151,11128,73151,1567,67
3213,8720,73152,11128,73152,1567,67
3213,8720,73153,11128,73153,1567,67
3213,8720,73154,11128,73154,1567,67
3213,8720,73155,11128,73155,1567,67
3213,8720,73156,11128,73156,1567,67
3213,8720,73157,11128,73157,1567,67
3213,8720,73158,11128,73158,1567,67
3213,8720,73159,11128,73159,1567,67
3213,8720,73160,11128,73160,1567,67
3213,8720,73161,11128,73161,1567,67
3213,8720,73162,11128,73162,1567,67
3213,8720,73163,11128,73163,1567,67
3213,8720,73164,11128,73164,1567,67
3213,8720,73165,11128,73165,1567,67
3213,8720,73166,11128,73166,1567,67
3213,8720,73167,11128,73167,1567,67
3213,8720,73168,11128,73168,1567,67
3213,8720,73169,11128,73169,1567,67
3213,8720,73170,11128,73170,1567,67
3213,8720,73171,11128,73171,1567,67
3213,8720,73172,11128,73172,1567,67
3213,8720,73173,11128,73173,1567,67
3213,8720,73174,11128,73174,1567,67
3213,8720,73175,11128,73175,1567,67
3213,8720,73176,11128,73176,1567,67
3213,8720,73177,11128,73177,1567,67
3213,8720,73178,11128,73178,1567,67
3213,8720,73179,11128,73179,1567,67
3213,8720,73180,11128,73180,1567,67
3213,8720,73181,11128,73181,1567,67
3213,8720,73182,11128,73182,1567,67
3213,8720,73183,11128,73183,1567,67
3213,8720,73184,11128,73184,1567,67
3213,8720,73185,11128,73185,1567,67
3213,8720,73186,11128,73186,1567,67
3213,8720,73187,11128,73187,1567,67
3213,8720,73188,11128,73188,1567,67
3213,8720,73189,11128,73189,1567,67
3213,8720,73190,11128,73190,1567,67
3213,8720,73191,11128,73191,1567,67
3213,8720,73192,11128,73192,1567,67
3213,8720,73193,11128,73193,1567,67
3213,8720,73194,11128,73194,1567,67
3213,8720,73195,11128,73195,1567,67
3213,8720,73196,11128,73196,1567,67
3213,8720,73197,11128,73197,1567,67
3213,8720,73198,11128,73198,1567,67
3213,8720,73199,11128,73199,1567,67
3213,8720,73200,11128,73200,1567,67
3213,8720,73201,11128,73201,1567,67
3213,8720,73202,11128,73202,1567,67
3213,8720,73203,11128,73203,1567,67
3213,8720,73204,11128,73204,1567,67
3213,8720,73205,11128,73205,1567,67
3213,8720,73206,11128,73206,1567,67
3213,8720,73207,11128,73207,1567,67
3213,8720,73208,11128,73208,1567,67
3213,8720,73209,11128,73209,1567,67
3213,8720,73210,11128,73210,1567,67
3213,8720,73211,11128,73211,1567,67
3213,8720,73212,11128,73212,1567,67
3213,8720,73213,11128,73213,1567,67
3213,8720,73214,11128,73214,1567,67
3213,8720,73215,11128,73215,1567,67
3213,8720,73216,11128,73216,1567,67
3213,8720,73217,11128,73217,1567,67
3213,8720,73218,11128,73218,1567,67
3213,8720,73219,11128,73219,1567,67
3213,8720,73220,11128,73220,1567,67
3213,8720,73221,11128,73221,1567,67
3213,8720,73222,11128,73222,1567,67
3213,8720,73223,11128,73223,1567,67
3213,8720,73224,11128,73224,1567,67
3213,8720,73225,11128,73225,1567,67
3213,8720,73226,11128,73226,1567,67
3213,8720,73227,11128,73227,1567,67
3213,8720,73228,11128,73228,1567,67
3213,8720,73229,11128,73229,1567,67
3213,8720,73230,11128,73230,1567,67
3213,8720,73231,11128,73231,1567,67
3213,8720,73232,11128,73232,1567,67
3213,8720,73233,11128,73233,1567,67
3213,8720,73234,11128,73234,1567,67
3213,8720,73235,11128,73235,1567,67
3213,8720,73236,11128,73236,1567,67
3213,8720,73237,11128,73237,1567,67
3213,8720,73238,11128,73238,1567,67
3213,8720,73239,11128,73239,1567,67
3213,8720,73240,11128,73240,1567,67
3213,8720,73241,11128,73241,1567,67
3213,8720,73242,11128,73242,1567,67
3213,8720,73243,11128,73243,1567,67
3213,8720,73244,11128,73244,1567,67
3213,8720,73245,11128,73245,1567,67
3213,8720,73246,11128,73246,1567,67
3213,8720,73247,11128,73247,1567,67
3213,8720,73248,11128,73248,1567,67
3213,8720,73249,11128,73249,1567,67
3213,8720,73250,11128,73250,1567,67
3213,8720,73251,11128,73251,1567,67
3213,8720,73252,11128,73252,1567,67
3213,8720,73253,11128,73253,1567,67
3213,8720,73254,11128,73254,1567,67
3213,8720,73255,11128,73255,1567,67
3213,8720,73256,11128,73256,1567,67
3213,8720,73257,11128,73257,1567,67
3213,8720,73258,11128,73258,1567,67
3213,8720,73259,11128,73259,1567,67
3213,8720,73260,11128,73260,1567,67
3213,8720,73261,11128,73261,1567,67
3213,8720,73262,11128,73262,1567,67
3213,8720,73263,11128,73263,1567,67
3213,8720,73264,11128,73264,1567,67
3213,8720,73265,11128,73265,1567,67
3213,8720,73266,11128,73266,1567,67
3213,8720,73267,11128,73267,1567,67
3213,8720,73268,11128,73268,1567,67
3213,8720,73269,11128,73269,1567,67
3213,8720,73270,11128,73270,1567,67
3213,8720,73271,11128,73271,1567,67
3213,8720,73272,11128,73272,1567,67
3213,8720,73273,11128,73273,1567,67
3213,8720,73274,11128,73274,1567,67
3213,8720,73275,11128,73275,1567,67
3213,8720,73276,11128,73276,1567,67
3213,8720,73277,11128,73277,1567,67
3213,8720,73278,11128,73278,1567,67
3213,8720,73279,11128,73279,1567,67
3213,8720,73280,11128,73280,1567,67
3213,8720,73281,11128,73281,1567,67
3213,8720,73282,11128,73282,1567,67
3213,8720,73283,11128,73283,1567,67
3213,8720,73284,11128,73284,1567,67
3213,8720,73285,11128,73285,1567,67
3213,8720,73286,11128,73286,1567,67
3213,8720,73287,11128,73287,1567,67
3213,8720,73288,11128,73288,1567,67
3213,8720,73289,11128,73289,1567,67
3213,8720,73290,11128,73290,1567,67
3213,8720,73291,11128,73291,1567,67
3213,8720,73292,11128,73292,1567,67
3213,8720,73293,11128,73293,1567,67
3213,8720,73294,11128,73294,1567,67
3213,8720,73295,11128,73295,1567,67
3213,8720,73296,11128,73296,1567,67
3213,8720,73297,11128,73297,1567,67
3213,8720,73298,11128,73298,1567,67
3213,8720,73299,11128,73299,1567,67
3213,8720,73300,11128,73300,1567,67
3213,8720,73301,11128,73301,1567,67
3213,8720,73302,11128,73302,1567,67
3213,8720,73303,11128,73303,1567,67
3213,8720,73304,11128,73304,1567,67
3213,8720,73305,11128,73305,1567,67
3213,8720,73306,11128,73306,1567,67
3213,8720,73307,11128,73307,1567,67
3213,8720,73308,11128,73308,1567,67
3213,8720,73309,11128,73309,1567,67
3213,8720,73310,11128,73310,1567,67
3213,8720,73311,11128,73311,1567,67
3213,8720,73312,11128,73312,1567,67
3213,8720,73313,11128,73313,1567,67
3213,8720,73314,11128,73314,1567,67
3213,8720,73315,11128,73315,1567,67
3213,8720,73316,11128,73316,1567,67
3213,8720,73317,11128,73317,1567,67
3213,8720,73318,11128,73318,1567,67
3213,8720,73319,11128,73319,1567,67
3213,8720,73320,11128,73320,1567,67
3213,8720,73321,11128,73321,1567,67
3213,8720,73322,11128,73322,1567,67
3213,8720,73323,11128,73323,1567,67
3213,8720,73324,11128,73324,1567,67
3213,8720,73325,11128,73325,1567,67
3213,8720,73326,11128,73326,1567,67
3213,8720,73327,11128,73327,1567,67
3213,8720,73328,11128,73328,1567,67
3213,8720,73329,11128,73329,1567,67
3213,8720,73330,11128,73330,1567,67
3213,8720,73331,11128,73331,1567,67
3213,8720,73332,11128,73332,1567,67
3213,8720,73333,11128,73333,1567,67
3213,8720,73334,11128,73334,1567,67
3213,8720,73335,11128,73335,1567,67
3213,8720,73336,11128,73336,1567,67
3213,8720,73337,11128,73337,1567,67
3213,8720,73338,11128,73338,1567,67
3213,8720,73339,11128,73339,1567,67
3213,8720,73340,11128,73340,1567,67
3213,8720,73341,11128,73341,1567,67
3213,8720,73342,11128,73342,1567,67
3213,8720,73343,11128,73343,1567,67
3213,8720,73344,11128,73344,1567,67
3213,8720,73345,11128,73345,1567,67
3213,8720,73346,11128,73346,1567,67
3213,8720,73347,11128,73347,1567,67
3213,8720,73348,11128,73348,1567,67
3213,8720,73349,11128,73349,1567,67
3213,8720,73350,11128,73350,1567,67
3213,8720,73351,11128,73351,1567,67
3213,8720,73352,11128,73352,1567,67
3213,8720,73353,11128,73353,1567,67
3213,8720,73354,11128,73354,1567,67
3213,8720,73355,11128,73355,1567,67
3213,8720,73356,11128,73356,1567,67
3213,8720,73357,11128,73357,1567,67
3213,8720,73358,11128,73358,1567,67
3213,8720,73359,11128,73359,1567,67
3213,8720,73360,11128,73360,1567,67
3213,8720,73361,11128,73361,1567,67
3213,8720,73362,11128,73362,1567,67
3213,8720,73363,11128,73363,1567,67
3213,8720,73364,11128,73364,1567,67
3213,8720,73365,11128,73365,1567,67
3213,8720,73366,11128,73366,1567,67
3213,8720,73367,11128,73367,1567,67
3213,8720,73368,11128,73368,1567,67
3213,8720,73369,11128,73369,1567,67
3213,8720,73370,11128,73370,1567,67
3213,8720,73371,11128,73371,1567,67
3213,8720,73372,11128,73372,1567,67
3213,8720,73373,11128,73373,1567,67
3213,8720,73374,11128,73374,1567,67
3213,8720,73375,11128,73375,1567,67
3212,8720,73376,11128,73376,1567,67
3212,8720,73377,11128,73377,1567,67
3212,8720,73378,11128,73378,1567,67
3212,8720,73379,11128,73379,1567,67
3212,8720,73380,11128,73380,1567,67
3212,8720,73381,11128,73381,1567,67
3212,8720,73382,11128,73382,1567,67
3212,8720,73383,11128,73383,1567,67
3212,8720,73384,11128,73384,1567,67
3212,8720,73385,11128,73385,1567,67
3212,8720,73386,11128,73386,1567,67
3212,8720,73387,11128,73387,1567,67
3212,8720,73388,11128,73388,1567,67
3212,8720,73389,11128,73389,1567,67
3212,8720,73390,11128,73390,1567,67
3212,8720,73391,11128,73391,1567,67
3212,8720,73392,11128,73392,1567,67
3212,8720,73393,11128,73393,1567,67
3212,8720,73394,11128,73394,1567,67
3212,8720,73395,11128,73395,1567,67
3212,8720,73396,11128,73396,1567,67
3212,8720,73397,11128,73397,1567,67
3212,8720,73398,11128,73398,1567,67
3212,8720,73399,11128,73399,1567,67
3212,8720,73400,11128,73400,1567,67
3212,8720,73401,11128,73401,1567,67
3212,8720,73402,11128,73402,1567,67
3212,8720,73403,11128,73403,1567,67
3212,8720,73404,11128,73404,1567,67
3212,8720,73405,11128,73405,1567,67
3212,8720,73406,11128,73406,1567,67
3212,8720,73407,11128,73407,1567,67
3212,8720,73408,11128,73408,1567,67
3212,8720,73409,11128,73409,1567,67
3212,8720,73410,11128,73410,1567,67
3212,8720,73411,11128,73411,1567,67
3211,8720,73412,11128,73412,1567,67
3211,8720,73413,11128,73413,1567,67
3211,8720,73414,11128,73414,1567,67
3211,8720,73415,11128,73415,1567,67
3211,8720,73416,11128,73416,1567,67
3211,8720,73417,11128,73417,1567,67
3211,8720,73418,11128,73418,1567,67
3211,8720,73419,11128,73419,1567,67
3211,8720,73420,11128,73420,1567,67
3211,8720,73421,11128,73421,1567,67
3211,8720,73422,11128,73422,1567,67
3211,8720,73423,11128,73423,1567,67
3211,8720,73424,11128,73424,1567,67
3211,8720,73425,11128,73425,1567,67
3211,8720,73426,11128,73426,1567,67
3211,8720,73427,11128,73427,1567,67
3211,8720,73428,11128,73428,1567,67
3211,8720,73429,11128,73429,1567,67
3211,8720,73430,11128,73430,1567,67
3211,8720,73431,11128,73431,1567,67
3211,8720,73432,11128,73432,1567,67
3211,8720,73433,11128,73433,1567,67
3211,8720,73434,11128,73434,1567,67
3211,8720,73435,11128,73435,1567,67
3211,8720,73436,11128,73436,1567,67
3211,8720,73437,11128,73437,1567,67
3211,8720,73438,11128,73438,1567,67
3211,8720,73439,11128,73439,1567,67
3211,8720,73440,11128,73440,1567,67
3211,8720,73441,11128,73441,1567,67
3211,8720,73442,11128,73442,1567,67
3211,8720,73443,11128,73443,1567,67
3211,8720,73444,11128,73444,1567,67
3211,8720,73445,11128,73445,1567,67
3211,8720,73446,11128,73446,1567,67
3211,8720,73447,11128,73447,1567,67
3211,8720,73448,11128,73448,1567,67
3211,8720,73449,11128,73449,1567,67
3211,8720,73450,11128,73450,1567,67
3211,8720,73451,11128,73451,1567,67
3211,8720,73452,11128,73452,1567,67
3211,8720,73453,11128,73453,1567,67
3211,8720,73454,11128,73454,1567,67
3211,8720,73455,11128,73455,1567,67
3211,8720,73456,11128,73456,1567,67
3211,8720,73457,11128,73457,1567,67
3211,8720,73458,11128,73458,1567,67
3211,8720,73459,11128,73459,1567,67
3211,8720,73460,11128,73460,1567,67
3211,8720,73461,11128,73461,1567,67
3211,8720,73462,11128,73462,1567,67
3211,8720,73463,11128,73463,1567,67
3211,8720,73464,11128,73464,1567,67
3211,8720,73465,11128,73465,1567,67
3211,8720,73466,11128,73466,1567,67
3211,8720,73467,11128,73467,1567,67
3211,8720,73468,11128,73468,1567,67
3211,8720,73469,11128,73469,1567,67
3211,8720,73470,11128,73470,1567,67
3211,8720,73471,11128,73471,1567,67
3211,8720,73472,11128,73472,1567,67
3211,8720,73473,11128,73473,1567,67
3211,8720,73474,11128,73474,1567,67
3211,8720,73475,11128,73475,1567,67
3211,8720,73476,11128,73476,1567,67
3211,8720,73477,11128,73477,1567,67
3211,8720,73478,11128,73478,1567,67
3211,8720,73479,11128,73479,1567,67
3211,8720,73480,11128,73480,1567,67
3211,8720,73481,11128,73481,1567,67
3211,8720,73482,11128,73482,1567,67
3211,8720,73483,11128,73483,1567,67
3211,8720,73484,11128,73484,1567,67
3211,8720,73485,11128,73485,1567,67
3211,8720,73486,11128,73486,1567,67
3211,8720,73487,11128,73487,1567,67
3211,8720,73488,11128,73488,1567,67
3211,8720,73489,11128,73489,1567,67
3211,8720,73490,11128,73490,1567,67
3211,8720,73491,11128,73491,1567,67
3211,8720,73492,11128,73492,1567,67
3211,8720,73493,11128,73493,1567,67
3211,8720,73494,11128,73494,1567,67
3211,8720,73495,11128,73495,1567,67
3211,8720,73496,11128,73496,1567,67
3211,8720,73497,11128,73497,1567,67
3211,8720,73498,11128,73498,1567,67
3211,8720,73499,11128,73499,1567,67
3211,8720,73500,11128,73500,1567,67
3211,8720,73501,11128,73501,1567,67
3211,8720,73502,11128,73502,1567,67
3211,8720,73503,11128,73503,1567,67
3211,8720,73504,11128,73504,1567,67
3211,8720,73505,11128,73505,1567,67
3211,8720,73506,11128,73506,1567,67
3211,8720,73507,11128,73507,1567,67
3211,8720,73508,11128,73508,1567,67
3211,8720,73509,11128,73509,1567,67
3211,8720,73510,11128,73510,1567,67
3211,8720,73511,11128,73511,1567,67
3211,8720,73512,11128,73512,1567,67
3211,8720,73513,11128,73513,1567,67
3211,8720,73514,11128,73514,1567,67
3211,8720,73515,11128,73515,1567,67
3211,8720,73516,11128,73516,1567,67
3211,8720,73517,11128,73517,1567,67
3211,8720,73518,11128,73518,1567,67
3211,8720,73519,11128,73519,1567,67
3211,8720,73520,11128,73520,1567,67
3211,8720,73521,11128,73521,1567,67
3211,8720,73522,11128,73522,1567,67
3211,8720,73523,11128,73523,1567,67
3211,8720,73524,11128,73524,1567,67
3211,8720,73525,11128,73525,1567,67
3211,8720,73526,11128,73526,1567,67
3211,8720,73527,11128,73527,1567,67
3211,8720,73528,11128,73528,1567,67
3211,8720,73529,11128,73529,1567,67
3211,8720,73530,11128,73530,1567,67
3211,8720,73531,11128,73531,1567,67
3211,8720,73532,11128,73532,1567,67
3211,8720,73533,11128,73533,1567,67
3211,8720,73534,11128,73534,1567,67
3211,8720,73535,11128,73535,1567,67
3211,8720,73536,11128,73536,1567,67
3211,8720,73537,11128,73537,1567,67
3211,8720,73538,11128,73538,1567,67
3211,8720,73539,11128,73539,1567,67
3211,8720,73540,11128,73540,1567,67
3211,8720,73541,11128,73541,1567,67
3211,8720,73542,11128,73542,1567,67
3211,8720,73543,11128,73543,1567,67
3211,8720,73544,11128,73544,1567,67
3211,8720,73545,11128,73545,1567,67
3211,8720,73546,11128,73546,1567,67
3211,8720,73547,11128,73547,1567,67
3211,8720,73548,11128,73548,1567,67
3211,8720,73549,11128,73549,1567,67
3211,8720,73550,11128,73550,1567,67
3211,8720,73551,11128,73551,1567,67
3211,8720,73552,11128,73552,1567,67
3211,8720,73553,11128,73553,1567,67
3211,8720,73554,11128,73554,1567,67
3211,8720,73555,11128,73555,1567,67
3211,8720,73556,11128,73556,1567,67
3211,8720,73557,11128,73557,1567,67
3211,8720,73558,11128,73558,1567,67
3211,8720,73559,11128,73559,1567,67
3211,8720,73560,11128,73560,1567,67
3211,8720,73561,11128,73561,1567,67
3211,8720,73562,11128,73562,1567,67
3211,8720,73563,11128,73563,1567,67
3211,8720,73564,11128,73564,1567,67
3211,8720,73565,11128,73565,1567,67
3211,8720,73566,11128,73566,1567,67
3211,8720,73567,11128,73567,1567,67
3211,8720,73568,11128,73568,1567,67
3211,8720,73569,11128,73569,1567,67
3211,8720,73570,11128,73570,1567,67
3211,8720,73571,11128,73571,1567,67
3211,8720,73572,11128,73572,1567,67
3211,8720,73573,11128,73573,1567,67
3211,8720,73574,11128,73574,1567,67
3211,8720,73575,11128,73575,1567,67
3211,8720,73576,11128,73576,1567,67
3211,8720,73577,11128,73577,1567,67
3211,8720,73578,11128,73578,1567,67
3211,8720,73579,11128,73579,1567,67
3211,8720,73580,11128,73580,1567,67
3211,8720,73581,11128,73581,1567,67
3211,8720,73582,11128,73582,1567,67
3211,8720,73583,11128,73583,1567,67
3211,8720,73584,11128,73584,1567,67
3211,8720,73585,11128,73585,1567,67
3211,8720,73586,11128,73586,1567,67
3211,8720,73587,11128,73587,1567,67
3211,8720,73588,11128,73588,1567,67
3211,8720,73589,11128,73589,1567,67
3211,8720,73590,11128,73590,1567,67
3211,8720,73591,11128,73591,1567,67
3211,8720,73592,11128,73592,1567,67
3211,8720,73593,11128,73593,1567,67
3211,8720,73594,11128,73594,1567,67
3211,8720,73595,11128,73595,1567,67
3211,8720,73596,11128,73596,1567,67
3211,8720,73597,11128,73597,1567,67
3211,8720,73598,11128,73598,1567,67
3211,8720,73599,11128,73599,1567,67
3211,8720,73600,11128,73600,1567,67
3211,8720,73601,11128,73601,1567,67
3211,8720,73602,11128,73602,1567,67
3211,8720,73603,11128,73603,1567,67
3211,8720,73604,11128,73604,1567,67
3211,8720,73605,11128,73605,1567,67
3211,8720,73606,11128,73606,1567,67
3211,8720,73607,11128,73607,1567,67
3211,8720,73608,11128,73608,1567,67
3211,8720,73609,11128,73609,1567,67
3211,8720,73610,11128,73610,1567,67
3211,8720,73611,11128,73611,1567,67
3211,8720,73612,11128,73612,1567,67
3211,8720,73613,11128,73613,1567,67
3211,8720,73614,11128,73614,1567,67
3211,8720,73615,11128,73615,1567,67
3211,8720,73616,11128,73616,1567,67
3211,8720,73617,11128,73617,1567,67
3211,8720,73618,11128,73618,1567,67
3211,8720,73619,11128,73619,1567,67
3211,8720,73620,11128,73620,1567,67
3211,8720,73621,11128,73621,1567,67
3211,8720,73622,11128,73622,1567,67
3211,8720,73623,11128,73623,1567,67
3211,8720,73624,11128,73624,1567,67
3211,8720,73625,11128,73625,1567,67
3211,8720,73626,11128,73626,1567,67
3211,8720,73627,11128,73627,1567,67
3211,8720,73628,11128,73628,1567,67
3211,8720,73629,11128,73629,1567,67
3211,8720,73630,11128,73630,1567,67
3211,8720,73631,11128,73631,1567,67
3211,8720,73632,11128,73632,1567,67
3211,8720,73633,11128,73633,1567,67
3211,8720,73634,11128,73634,1567,67
3211,8720,73635,11128,73635,1567,67
3211,8720,73636,11128,73636,1567,67
3211,8720,73637,11128,73637,1567,67
3211,8720,73638,11128,73638,1567,67
3211,8720,73639,11128,73639,1567,67
3211,8720,73640,11128,73640,1567,67
3211,8720,73641,11128,73641,1567,67
3211,8720,73642,11128,73642,1567,67
3211,8720,73643,11128,73643,1567,67
3211,8720,73644,11128,73644,1567,67
3211,8720,73645,11128,73645,1567,67
3211,8720,73646,11128,73646,1567,67
3211,8720,73647,11128,73647,1567,67
3211,8720,73648,11128,73648,1567,67
3211,8720,73649,11128,73649,1567,67
3211,8720,73650,11128,73650,1567,67
3211,8720,73651,11128,73651,1567,67
3211,8720,73652,11128,73652,1567,67
3211,8720,73653,11128,73653,1567,67
3211,8720,73654,11128,73654,1567,67
3211,8720,73655,11128,73655,1567,67
3211,8720,73656,11128,73656,1567,67
3211,8720,73657,11128,73657,1567,67
3211,8720,73658,11128,73658,1567,67
3211,8720,73659,11128,73659,1567,67
3211,8720,73660,11128,73660,1567,67
3211,8720,73661,11128,73661,1567,67
3211,8720,73662,11128,73662,1567,67
3211,8720,73663,11128,73663,1567,67
3211,8720,73664,11128,73664,1567,67
3211,8720,73665,11128,73665,1567,67
3211,8720,73666,11128,73666,1567,67
3211,8720,73667,11128,73667,1567,67
3211,8720,73668,11128,73668,1567,67
3211,8720,73669,11128,73669,1567,67
3211,8720,73670,11128,73670,1567,67
3211,8720,73671,11128,73671,1567,67
3211,8720,73672,11128,73672,1567,67
3211,8720,73673,11128,73673,1567,67
3211,8720,73674,11128,73674,1567,67
3211,8720,73675,11128,73675,1567,67
3211,8720,73676,11128,73676,1567,67
3211,8720,73677,11128,73677,1567,67
3211,8720,73678,11128,73678,1567,67
3211,8720,73679,11128,73679,1567,67
3211,8720,73680,11128,73680,1567,67
3211,8720,73681,11128,73681,1567,67
3211,8720,73682,11128,73682,1567,67
3211,8720,73683,11128,73683,1567,67
3211,8720,73684,11128,73684,1567,67
3211,8720,73685,11128,73685,1567,67
3211,8720,73686,11128,73686,1567,67
3211,8720,73687,11128,73687,1567,67
3211,8720,73688,11128,73688,1567,67
3211,8720,73689,11128,73689,1567,67
3211,8720,73690,11128,73690,1567,67
3211,8720,73691,11128,73691,1567,67
3211,8720,73692,11128,73692,1567,67
3211,8720,73693,11128,73693,1567,67
3211,8720,73694,11128,73694,1567,67
3211,8720,73695,11128,73695,1567,67
3211,8720,73696,11128,73696,1567,67
3211,8720,73697,11128,73697,1567,67
3211,8720,73698,11128,73698,1567,67
3211,8720,73699,11128,73699,1567,67
3211,8720,73700,11128,73700,1567,67
3211,8720,73701,11128,73701,1567,67
3211,8720,73702,11128,73702,1567,67
3211,8720,73703,11128,73703,1567,67
3211,8720,73704,11128,73704,1567,67
3211,8720,73705,11128,73705,1567,67
3211,8720,73706,11128,73706,1567,67
3211,8720,73707,11128,73707,1567,67
3211,8720,73708,11128,73708,1567,67
3211,8720,73709,11128,73709,1567,67
3211,8720,73710,11128,73710,1567,67
3211,8720,73711,11128,73711,1567,67
3211,8720,73712,11128,73712,1567,67
3211,8720,73713,11128,73713,1567,67
3211,8720,73714,11128,73714,1567,67
3211,8720,73715,11128,73715,1567,67
3211,8720,73716,11128,73716,1567,67
3211,8720,73717,11128,73717,1567,67
3211,8720,73718,11128,73718,1567,67
3211,8720,73719,11128,73719,1567,67
3211,8720,73720,11128,73720,1567,67
3211,8720,73721,11128,73721,1567,67
3211,8720,73722,11128,73722,1567,67
3211,8720,73723,11128,73723,1567,67
3211,8720,73724,11128,73724,1567,67
3211,8720,73725,11128,73725,1567,67
3211,8720,73726,11128,73726,1567,67
3211,8720,73727,11128,73727,1567,67
3211,8720,73728,11128,73728,1567,67
3211,8720,73729,11128,73729,1567,67
3211,8720,73730,11128,73730,1567,67
3211,8720,73731,11128,73731,1567,67
3211,8720,73732,11128,73732,1567,67
3211,8720,73733,11128,73733,1567,67
3211,8720,73734,11128,73734,1567,67
3211,8720,73735,11128,73735,1567,67
3211,8720,73736,11128,73736,1567,67
3211,8720,73737,11128,73737,1567,67
3211,8720,73738,11128,73738,1567,67
3211,8720,73739,11128,73739,1567,67
3211,8720,73740,11128,73740,1567,67
3211,8720,73741,11128,73741,1567,67
3211,8720,73742,11128,73742,1567,67
3211,8720,73743,11128,73743,1567,67
3211,8720,73744,11128,73744,1567,67
3211,8720,73745,11128,73745,1567,67
3211,8720,73746,11128,73746,1567,67
3211,8720,73747,11128,73747,1567,67
3211,8720,73748,11128,73748,1567,67
3211,8720,73749,11128,73749,1567,67
3211,8720,73750,11128,73750,1567,67
3211,8720,73751,11128,73751,1567,67
3211,8720,73752,11128,73752,1567,67
3211,8720,73753,11128,73753,1567,67
3211,8720,73754,11128,73754,1567,67
3211,8720,73755,11128,73755,1567,67
3211,8720,73756,11128,73756,1567,67
3211,8720,73757,11128,73757,1567,67
3211,8720,73758,11128,73758,1567,67
3211,8720,73759,11128,73759,1567,67
3211,8720,73760,11128,73760,1567,67
3211,8720,73761,11128,73761,1567,67
3211,8720,73762,11128,73762,1567,67
3211,8720,73763,11128,73763,1567,67
3211,8720,73764,11128,73764,1567,67
3211,8720,73765,11128,73765,1567,67
3211,8720,73766,11128,73766,1567,67
3211,8720,73767,11128,73767,1567,67
3211,8720,73768,11128,73768,1567,67
3211,8720,73769,11128,73769,1567,67
3211,8720,73770,11128,73770,1567,67
3211,8720,73771,11128,73771,1567,67
3211,8720,73772,11128,73772,1567,67
3211,8720,73773,11128,73773,1567,67
3211,8720,73774,11128,73774,1567,67
3211,8720,73775,11128,73775,1567,67
3211,8720,73776,11128,73776,1567,67
3211,8720,73777,11128,73777,1567,67
3211,8720,73778,11128,73778,1567,67
3211,8720,73779,11128,73779,1567,67
3211,8720,73780,11128,73780,1567,67
3211,8720,73781,11128,73781,1567,67
3211,8720,73782,11128,73782,1567,67
3211,8720,73783,11128,73783,1567,67
3211,8720,73784,11128,73784,1567,67
3211,8720,73785,11128,73785,1567,67
3211,8720,73786,11128,73786,1567,67
3211,8720,73787,11128,73787,1567,67
3211,8720,73788,11128,73788,1567,67
3211,8720,73789,11128,73789,1567,67
3211,8720,73790,11128,73790,1567,67
3211,8720,73791,11128,73791,1567,67
3211,8720,73792,11128,73792,1567,67
3211,8720,73793,11128,73793,1567,67
3211,8720,73794,11128,73794,1567,67
3211,8720,73795,11128,73795,1567,67
3211,8720,73796,11128,73796,1567,67
3211,8720,73797,11128,73797,1567,67
3211,8720,73798,11128,73798,1567,67
3211,8720,73799,11128,73799,1567,67
3211,8720,73800,11128,73800,1567,67
3211,8720,73801,11128,73801,1567,67
3211,8720,73802,11128,73802,1567,67
3211,8720,73803,11128,73803,1567,67
3211,8720,73804,11128,73804,1567,67
3211,8720,73805,11128,73805,1567,67
3211,8720,73806,11128,73806,1567,67
3211,8720,73807,11128,73807,1567,67
3211,8720,73808,11128,73808,1567,67
3211,8720,73809,11128,73809,1567,67
3211,8720,73810,11128,73810,1567,67
3211,8720,73811,11128,73811,1567,67
3211,8720,73812,11128,73812,1567,67
3211,8720,73813,11128,73813,1567,67
3211,8720,73814,11128,73814,1567,67
3211,8720,73815,11128,73815,1567,67
3211,8720,73816,11128,73816,1567,67
3211,8720,73817,11128,73817,1567,67
3211,8720,73818,11128,73818,1567,67
3211,8720,73819,11128,73819,1567,67
3211,8720,73820,11128,73820,1567,67
3211,8720,73821,11128,73821,1567,67
3211,8720,73822,11128,73822,1567,67
3211,8720,73823,11128,73823,1567,67
3211,8720,73824,11128,73824,1567,67
3211,8720,73825,11128,73825,1567,67
3211,8720,73826,11128,73826,1567,67
3211,8720,73827,11128,73827,1567,67
3211,8720,73828,11128,73828,1567,67
3211,8720,73829,11128,73829,1567,67
3211,8720,73830,11128,73830,1567,67
3211,8720,73831,11128,73831,1567,67
3211,8720,73832,11128,73832,1567,67
3211,8720,73833,11128,73833,1567,67
3211,8720,73834,11128,73834,1567,67
3211,8720,73835,11128,73835,1567,67
3211,8720,73836,11128,73836,1567,67
3211,8720,73837,11128,73837,1567,67
3211,8720,73838,11128,73838,1567,67
3211,8720,73839,11128,73839,1567,67
3211,8720,73840,11128,73840,1567,67
3211,8720,73841,11128,73841,1567,67
3211,8720,73842,11128,73842,1567,67
3211,8720,73843,11128,73843,1567,67
3211,8720,73844,11128,73844,1567,67
3211,8720,73845,11128,73845,1567,67
3211,8720,73846,11128,73846,1567,67
3211,8720,73847,11128,73847,1567,67
3211,8720,73848,11128,73848,1567,67
3211,8720,73849,11128,73849,1567,67
3211,8720,73850,11128,73850,1567,67
3211,8720,73851,11128,73851,1567,67
3211,8720,73852,11128,73852,1567,67
3211,8720,73853,11128,73853,1567,67
3211,8720,73854,11128,73854,1567,67
3211,8720,73855,11128,73855,1567,67
3211,8720,73856,11128,73856,1567,67
3211,8720,73857,11128,73857,1567,67
3211,8720,73858,11128,73858,1567,67
3211,8720,73859,11128,73859,1567,67
3211,8720,73860,11128,73860,1567,67
3211,8720,73861,11128,73861,1567,67
3211,8720,73862,11128,73862,1567,67
3211,8720,73863,11128,73863,1567,67
3211,8720,73864,11128,73864,1567,67
3211,8720,73865,11128,73865,1567,67
3211,8720,73866,11128,73866,1567,67
3211,8720,73867,11128,73867,1567,67
3211,8720,73868,11128,73868,1567,67
3211,8720,73869,11128,73869,1567,67
3211,8720,73870,11128,73870,1567,67
3211,8720,73871,11128,73871,1567,67
3211,8720,73872,11128,73872,1567,67
3211,8720,73873,11128,73873,1567,67
3211,8720,73874,11128,73874,1567,67
3211,8720,73875,11128,73875,1567,67
3211,8720,73876,11128,73876,1567,67
3211,8720,73877,11128,73877,1567,67
3211,8720,73878,11128,73878,1567,67
3211,8720,73879,11128,73879,1567,67
3211,8720,73880,11128,73880,1567,67
3211,8720,73881,11128,73881,1567,67
3211,8720,73882,11128,73882,1567,67
3211,8720,73883,11128,73883,1567,67
3211,8720,73884,11128,73884,1567,67
3211,8720,73885,11128,73885,1567,67
3211,8720,73886,11128,73886,1567,67
3211,8720,73887,11128,73887,1567,67
3211,8720,73888,11128,73888,1567,67
3211,8720,73889,11128,73889,1567,67
3211,8720,73890,11128,73890,1567,67
3211,8720,73891,11128,73891,1567,67
3211,8720,73892,11128,73892,1567,67
3211,8720,73893,11128,73893,1567,67
3211,8720,73894,11128,73894,1567,67
3211,8720,73895,11128,73895,1567,67
3211,8720,73896,11128,73896,1567,67
3211,8720,73897,11128,73897,1567,67
3211,8720,73898,11128,73898,1567,67
3211,8720,73899,11128,73899,1567,67
3211,8720,73900,11128,73900,1567,67
3211,8720,73901,11128,73901,1567,67
3211,8720,73902,11128,73902,1567,67
3211,8720,73903,11128,73903,1567,67
3211,8720,73904,11128,73904,1567,67
3211,8720,73905,11128,73905,1567,67
3211,8720,73906,11128,73906,1567,67
3211,8720,73907,11128,73907,1567,67
3211,8720,73908,11128,73908,1567,67
3211,8720,73909,11128,73909,1567,67
3211,8720,73910,11128,73910,1567,67
3211,8720,73911,11128,73911,1567,67
3211,8720,73912,11128,73912,1567,67
3211,8720,73913,11128,73913,1567,67
3211,8720,73914,11128,73914,1567,67
3211,8720,73915,11128,73915,1567,67
3211,8720,73916,11128,73916,1567,67
3211,8720,73917,11128,73917,1567,67
3211,8720,73918,11128,73918,1567,67
3211,8720,73919,11128,73919,1567,67
3211,8720,73920,11128,73920,1567,67
3211,8720,73921,11128,73921,1567,67
3211,8720,73922,11128,73922,1567,67
3211,8720,73923,11128,73923,1567,67
3211,8720,73924,11128,73924,1567,67
3211,8720,73925,11128,73925,1567,67
3211,8720,73926,11128,73926,1567,67
3211,8720,73927,11128,73927,1567,67
3211,8720,73928,11128,73928,1567,67
3211,8720,73929,11128,73929,1567,67
3211,8720,73930,11128,73930,1567,67
3211,8720,73931,11128,73931,1567,67
3211,8720,73932,11128,73932,1567,67
3211,8720,73933,11128,73933,1567,67
3211,8720,73934,11128,73934,1567,67
3211,8720,73935,11128,73935,1567,67
3211,8720,73936,11128,73936,1567,67
3211,8720,73937,11128,73937,1567,67
3211,8720,73938,11128,73938,1567,67
3211,8720,73939,11128,73939,1567,67
3211,8720,73940,11128,73940,1567,67
3211,8720,73941,11128,73941,1567,67
3211,8720,73942,11128,73942,1567,67
3211,8720,73943,11128,73943,1567,67
3211,8720,73944,11128,73944,1567,67
3211,8720,73945,11128,73945,1567,67
3211,8720,73946,11128,73946,1567,67
3211,8720,73947,11128,73947,1567,67
3211,8720,73948,11128,73948,1567,67
3211,8720,73949,11128,73949,1567,67
3211,8720,73950,11128,73950,1567,67
3211,8720,73951,11128,73951,1567,67
3211,8720,73952,11128,73952,1567,67
3211,8720,73953,11128,73953,1567,67
3211,8720,73954,11128,73954,1567,67
3211,8720,73955,11128,73955,1567,67
3211,8720,73956,11128,73956,1567,67
3211,8720,73957,11128,73957,1567,67
3211,8720,73958,11128,73958,1567,67
3211,8720,73959,11128,73959,1567,67
3211,8720,73960,11128,73960,1567,67
3211,8720,73961,11128,73961,1567,67
3211,8720,73962,11128,73962,1567,67
3211,8720,73963,11128,73963,1567,67
3211,8720,73964,11128,73964,1567,67
3211,8720,73965,11128,73965,1567,67
3211,8720,73966,11128,73966,1567,67
3211,8720,73967,11128,73967,1567,67
3211,8720,73968,11128,73968,1567,67
3211,8720,73969,11128,73969,1567,67
3211,8720,73970,11128,73970,1567,67
3211,8720,73971,11128,73971,1567,67
3211,8720,73972,11128,73972,1567,67
3211,8720,73973,11128,73973,1567,67
3211,8720,73974,11128,73974,1567,67
3211,8720,73975,11128,73975,1567,67
3211,8720,73976,11128,73976,1567,67
3211,8720,73977,11128,73977,1567,67
3211,8720,73978,11128,73978,1567,67
3211,8720,73979,11128,73979,1567,67
3211,8720,73980,11128,73980,1567,67
3211,8720,73981,11128,73981,1567,67
3211,8720,73982,11128,73982,1567,67
3211,8720,73983,11128,73983,1567,67
3211,8720,73984,11128,73984,1567,67
3211,8720,73985,11128,73985,1567,67
3211,8720,73986,11128,73986,1567,67
3211,8720,73987,11128,73987,1567,67
3211,8720,73988,11128,73988,1567,67
3211,8720,73989,11128,73989,1567,67
3211,8720,73990,11128,73990,1567,67
3211,8720,73991,11128,73991,1567,67
3211,8720,73992,11128,73992,1567,67
3211,8720,73993,11128,73993,1567,67
3211,8720,73994,11128,73994,1567,67
3211,8720,73995,11128,73995,1567,67
3211,8720,73996,11128,73996,1567,67
3211,8720,73997,11128,73997,1567,67
3211,8720,73998,11128,73998,1567,67
3211,8720,73999,11128,73999,1567,67
3211,8720,74000,11128,74000,1567,67
3211,8720,74001,11128,74001,1567,67
3211,8720,74002,11128,74002,1567,67
3211,8720,74003,11128,74003,1567,67
3211,8720,74004,11128,74004,1567,67
3211,8720,74005,11128,74005,1567,67
3211,8720,74006,11128,74006,1567,67
3211,8720,74007,11128,74007,1567,67
3211,8720,74008,11128,74008,1567,67
3211,8720,74009,11128,74009,1567,67
3211,8720,74010,11128,74010,1567,67
3211,8720,74011,11128,74011,1567,67
3211,8720,74012,11128,74012,1567,67
3211,8720,74013,11128,74013,1567,67
3211,8720,74014,11128,74014,1567,67
3211,8720,74015,11128,74015,1567,67
3211,8720,74016,11128,74016,1567,67
3211,8720,74017,11128,74017,1567,67
3211,8720,74018,11128,74018,1567,67
3211,8720,74019,11128,74019,1567,67
3211,8720,74020,11128,74020,1567,67
3211,8720,74021,11128,74021,1567,67
3211,8720,74022,11128,74022,1567,67
3211,8720,74023,11128,74023,1567,67
3211,8720,74024,11128,74024,1567,67
3211,8720,74025,11128,74025,1567,67
3211,8720,74026,11128,74026,1567,67
3211,8720,74027,11128,74027,1567,67
3211,8720,74028,11128,74028,1567,67
3211,8720,74029,11128,74029,1567,67
3211,8720,74030,11128,74030,1567,67
3211,8720,74031,11128,74031,1567,67
3211,8720,74032,11128,74032,1567,67
3211,8720,74033,11128,74033,1567,67
3211,8720,74034,11128,74034,1567,67
3211,8720,74035,11128,74035,1567,67
3211,8720,74036,11128,74036,1567,67
3211,8720,74037,11128,74037,1567,67
3211,8720,74038,11128,74038,1567,67
3211,8720,74039,11128,74039,1567,67
3211,8720,74040,11128,74040,1567,67
3211,8720,74041,11128,74041,1567,67
3211,8720,74042,11128,74042,1567,67
3211,8720,74043,11128,74043,1567,67
3211,8720,74044,11128,74044,1567,67
3211,8720,74045,11128,74045,1567,67
3211,8720,74046,11128,74046,1567,67
3211,8720,74047,11128,74047,1567,67
3211,8720,74048,11128,74048,1567,67
3211,8720,74049,11128,74049,1567,67
3211,8720,74050,11128,74050,1567,67
3211,8720,74051,11128,74051,1567,67
3211,8720,74052,11128,74052,1567,67
3211,8720,74053,11128,74053,1567,67
3211,8720,74054,11128,74054,1567,67
3211,8720,74055,11128,74055,1567,67
3211,8720,74056,11128,74056,1567,67
3211,8720,74057,11128,74057,1567,67
3211,8720,74058,11128,74058,1567,67
3211,8720,74059,11128,74059,1567,67
3211,8720,74060,11128,74060,1567,67
3211,8720,74061,11128,74061,1567,67
3211,8720,74062,11128,74062,1567,67
3211,8720,74063,11128,74063,1567,67
3211,8720,74064,11128,74064,1567,67
3211,8720,74065,11128,74065,1567,67
3211,8720,74066,11128,74066,1567,67
3211,8720,74067,11128,74067,1567,67
3211,8720,74068,11128,74068,1567,67
3211,8720,74069,11128,74069,1567,67
3211,8720,74070,11128,74070,1567,67
3211,8720,74071,11128,74071,1567,67
3211,8720,74072,11128,74072,1567,67
3211,8720,74073,11128,74073,1567,67
3211,8720,74074,11128,74074,1567,67
3211,8720,74075,11128,74075,1567,67
3211,8720,74076,11128,74076,1567,67
3211,8720,74077,11128,74077,1567,67
3211,8720,74078,11128,74078,1567,67
3211,8720,74079,11128,74079,1567,67
3211,8720,74080,11128,74080,1567,67
3211,8720,74081,11128,74081,1567,67
3211,8720,74082,11128,74082,1567,67
3211,8720,74083,11128,74083,1567,67
3211,8720,74084,11128,74084,1567,67
3211,8720,74085,11128,74085,1567,67
3211,8720,74086,11128,74086,1567,67
3211,8720,74087,11128,74087,1567,67
3211,8720,74088,11128,74088,1567,67
3211,8720,74089,11128,74089,1567,67
3211,8720,74090,11128,74090,1567,67
3211,8720,74091,11128,74091,1567,67
3211,8720,74092,11128,74092,1567,67
3211,8720,74093,11128,74093,1567,67
3211,8720,74094,11128,74094,1567,67
3211,8720,74095,11128,74095,1567,67
3211,8720,74096,11128,74096,1567,67
3211,8720,74097,11128,74097,1567,67
3211,8720,74098,11128,74098,1567,67
3211,8720,74099,11128,74099,1567,67
3211,8720,74100,11128,74100,1567,67
3211,8720,74101,11128,74101,1567,67
3211,8720,74102,11128,74102,1567,67
3211,8720,74103,11128,74103,1567,67
3211,8720,74104,11128,74104,1567,67
3211,8720,74105,11128,74105,1567,67
3211,8720,74106,11128,74106,1567,67
3211,8720,74107,11128,74107,1567,67
3211,8720,74108,11128,74108,1567,67
3211,8720,74109,11128,74109,1567,67
3211,8720,74110,11128,74110,1567,67
3211,8720,74111,11128,74111,1567,67
3211,8720,74112,11128,74112,1567,67
3211,8720,74113,11128,74113,1567,67
3211,8720,74114,11128,74114,1567,67
3211,8720,74115,11128,74115,1567,67
3211,8720,74116,11128,74116,1567,67
3211,8720,74117,11128,74117,1567,67
3211,8720,74118,11128,74118,1567,67
3211,8720,74119,11128,74119,1567,67
3211,8720,74120,11128,74120,1567,67
3211,8720,74121,11128,74121,1567,67
3211,8720,74122,11128,74122,1567,67
3211,8720,74123,11128,74123,1567,67
3211,8720,74124,11128,74124,1567,67
3211,8720,74125,11128,74125,1567,67
3212,8720,74126,11128,74126,1567,67
3212,8720,74127,11128,74127,1567,67
3212,8720,74128,11128,74128,1567,67
3212,8720,74129,11128,74129,1567,67
3212,8720,74130,11128,74130,1567,67
3212,8720,74131,11128,74131,1567,67
3212,8720,74132,11128,74132,1567,67
3212,8720,74133,11128,74133,1567,67
3212,8720,74134,11128,74134,1567,67
3212,8720,74135,11128,74135,1567,67
3212,8720,74136,11128,74136,1567,67
3212,8720,74137,11128,74137,1567,67
3212,8720,74138,11128,74138,1567,67
3212,8720,74139,11128,74139,1567,67
3212,8720,74140,11128,74140,1567,67
3212,8720,74141,11128,74141,1567,67
3212,8720,74142,11128,74142,1567,67
3212,8720,74143,11128,74143,1567,67
3212,8720,74144,11128,74144,1567,67
3212,8720,74145,11128,74145,1567,67
3212,8720,74146,11128,74146,1567,67
3212,8720,74147,11128,74147,1567,67
3212,8720,74148,11128,74148,1567,67
3212,8720,74149,11128,74149,1567,67
3212,8720,74150,11128,74150,1567,67
3212,8720,74151,11128,74151,1567,67
3212,8720,74152,11128,74152,1567,67
3212,8720,74153,11128,74153,1567,67
3212,8720,74154,11128,74154,1567,67
3212,8720,74155,11128,74155,1567,67
3212,8720,74156,11128,74156,1567,67
3212,8720,74157,11128,74157,1567,67
3212,8720,74158,11128,74158,1567,67
3212,8720,74159,11128,74159,1567,67
3212,8720,74160,11128,74160,1567,67
3212,8720,74161,11128,74161,1567,67
3212,8720,74162,11128,74162,1567,67
3212,8720,74163,11128,74163,1567,67
3212,8720,74164,11128,74164,1567,67
3212,8720,74165,11128,74165,1567,67
3212,8720,74166,11128,74166,1567,67
3212,8720,74167,11128,74167,1567,67
3212,8720,74168,11128,74168,1567,67
3212,8720,74169,11128,74169,1567,67
3212,8720,74170,11128,74170,1567,67
3212,8720,74171,11128,74171,1567,67
3212,8720,74172,11128,74172,1567,67
3212,8720,74173,11128,74173,1567,67
3212,8720,74174,11128,74174,1567,67
3212,8720,74175,11128,74175,1567,67
3212,8720,74176,11128,74176,1567,67
3212,8720,74177,11128,74177,1567,67
3212,8720,74178,11128,74178,1567,67
3212,8720,74179,11128,74179,1567,67
3212,8720,74180,11128,74180,1567,67
3212,8720,74181,11128,74181,1567,67
3212,8720,74182,11128,74182,1567,67
3212,8720,74183,11128,74183,1567,67
3212,8720,74184,11128,74184,1567,67
3212,8720,74185,11128,74185,1567,67
3212,8720,74186,11128,74186,1567,67
3212,8720,74187,11128,74187,1567,67
3212,8720,74188,11128,74188,1567,67
3212,8720,74189,11128,74189,1567,67
3212,8720,74190,11128,74190,1567,67
3212,8720,74191,11128,74191,1567,67
3212,8720,74192,11128,74192,1567,67
3212,8720,74193,11128,74193,1567,67
3212,8720,74194,11128,74194,1567,67
3212,8720,74195,11128,74195,1567,67
3212,8720,74196,11128,74196,1567,67
3212,8720,74197,11128,74197,1567,67
3212,8720,74198,11128,74198,1567,67
3212,8720,74199,11128,74199,1567,67
3212,8720,74200,11128,74200,1567,67
3212,8720,74201,11128,74201,1567,67
3212,8720,74202,11128,74202,1567,67
3212,8720,74203,11128,74203,1567,67
3212,8720,74204,11128,74204,1567,67
3212,8720,74205,11128,74205,1567,67
3212,8720,74206,11128,74206,1567,67
3212,8720,74207,11128,74207,1567,67
3212,8720,74208,11128,74208,1567,67
3212,8720,74209,11128,74209,1567,67
3212,8720,74210,11128,74210,1567,67
3212,8720,74211,11128,74211,1567,67
3212,8720,74212,11128,74212,1567,67
3212,8720,74213,11128,74213,1567,67
3212,8720,74214,11128,74214,1567,67
3212,8720,74215,11128,74215,1567,67
3212,8720,74216,11128,74216,1567,67
3212,8720,74217,11128,74217,1567,67
3212,8720,74218,11128,74218,1567,67
3212,8720,74219,11128,74219,1567,67
3212,8720,74220,11128,74220,1567,67
3212,8720,74221,11128,74221,1567,67
3212,8720,74222,11128,74222,1567,67
3212,8720,74223,11128,74223,1567,67
3212,8720,74224,11128,74224,1567,67
3212,8720,74225,11128,74225,1567,67
3212,8720,74226,11128,74226,1567,67
3212,8720,74227,11128,74227,1567,67
3212,8720,74228,11128,74228,1567,67
3212,8720,74229,11128,74229,1567,67
3212,8720,74230,11128,74230,1567,67
3212,8720,74231,11128,74231,1567,67
3212,8720,74232,11128,74232,1567,67
3212,8720,74233,11128,74233,1567,67
3212,8720,74234,11128,74234,1567,67
3212,8720,74235,11128,74235,1567,67
3212,8720,74236,11128,74236,1567,67
3212,8720,74237,11128,74237,1567,67
3212,8720,74238,11128,74238,1567,67
3212,8720,74239,11128,74239,1567,67
3212,8720,74240,11128,74240,1567,67
3212,8720,74241,11128,74241,1567,67
3212,8720,74242,11128,74242,1567,67
3212,8720,74243,11128,74243,1567,67
3212,8720,74244,11128,74244,1567,67
3212,8720,74245,11128,74245,1567,67
3212,8720,74246,11128,74246,1567,67
3212,8720,74247,11128,74247,1567,67
3212,8720,74248,11128,74248,1567,67
3212,8720,74249,11128,74249,1567,67
3212,8720,74250,11128,74250,1567,67
3212,8720,74251,11128,74251,1567,67
3212,8720,74252,11128,74252,1567,67
3212,8720,74253,11128,74253,1567,67
3212,8720,74254,11128,74254,1567,67
3212,8720,74255,11128,74255,1567,67
3212,8720,74256,11128,74256,1567,67
3212,8720,74257,11128,74257,1567,67
3212,8720,74258,11128,74258,1567,67
3212,8720,74259,11128,74259,1567,67
3212,8720,74260,11128,74260,1567,67
3212,8720,74261,11128,74261,1567,67
3212,8720,74262,11128,74262,1567,67
3212,8720,74263,11128,74263,1567,67
3212,8720,74264,11128,74264,1567,67
3212,8720,74265,11128,74265,1567,67
3212,8720,74266,11128,74266,1567,67
3212,8720,74267,11128,74267,1567,67
3212,8720,74268,11128,74268,1567,67
3212,8720,74269,11128,74269,1567,67
3212,8720,74270,11128,74270,1567,67
3212,8720,74271,11128,74271,1567,67
3212,8720,74272,11128,74272,1567,67
3212,8720,74273,11128,74273,1567,67
3212,8720,74274,11128,74274,1567,67
3212,8720,74275,11128,74275,1567,67
3212,8720,74276,11128,74276,1567,67
3212,8720,74277,11128,74277,1567,67
3212,8720,74278,11128,74278,1567,67
3212,8720,74279,11128,74279,1567,67
3212,8720,74280,11128,74280,1567,67
3212,8720,74281,11128,74281,1567,67
3212,8720,74282,11128,74282,1567,67
3212,8720,74283,11128,74283,1567,67
3212,8720,74284,11128,74284,1567,67
3212,8720,74285,11128,74285,1567,67
3212,8720,74286,11128,74286,1567,67
3212,8720,74287,11128,74287,1567,67
3212,8720,74288,11128,74288,1567,67
3212,8720,74289,11128,74289,1567,67
3212,8720,74290,11128,74290,1567,67
3212,8720,74291,11128,74291,1567,67
3212,8720,74292,11128,74292,1567,67
3212,8720,74293,11128,74293,1567,67
3212,8720,74294,11128,74294,1567,67
3212,8720,74295,11128,74295,1567,67
3212,8720,74296,11128,74296,1567,67
3212,8720,74297,11128,74297,1567,67
3212,8720,74298,11128,74298,1567,67
3212,8720,74299,11128,74299,1567,67
3212,8720,74300,11128,74300,1567,67
3212,8720,74301,11128,74301,1567,67
3212,8720,74302,11128,74302,1567,67
3212,8720,74303,11128,74303,1567,67
3212,8720,74304,11128,74304,1567,67
3212,8720,74305,11128,74305,1567,67
3212,8720,74306,11128,74306,1567,67
3212,8720,74307,11128,74307,1567,67
3212,8720,74308,11128,74308,1567,67
3212,8720,74309,11128,74309,1567,67
3212,8720,74310,11128,74310,1567,67
3212,8720,74311,11128,74311,1567,67
3212,8720,74312,11128,74312,1567,67
3212,8720,74313,11128,74313,1567,67
3212,8720,74314,11128,74314,1567,67
3212,8720,74315,11128,74315,1567,67
3212,8720,74316,11128,74316,1567,67
3212,8720,74317,11128,74317,1567,67
3212,8720,74318,11128,74318,1567,67
3212,8720,74319,11128,74319,1567,67
3212,8720,74320,11128,74320,1567,67
3212,8720,74321,11128,74321,1567,67
3212,8720,74322,11128,74322,1567,67
3212,8720,74323,11128,74323,1567,67
3212,8720,74324,11128,74324,1567,67
3212,8720,74325,11128,74325,1567,67
3212,8720,74326,11128,74326,1567,67
3212,8720,74327,11128,74327,1567,67
3212,8720,74328,11128,74328,1567,67
3212,8720,74329,11128,74329,1567,67
3212,8720,74330,11128,74330,1567,67
3212,8720,74331,11128,74331,1567,67
3212,8720,74332,11128,74332,1567,67
3212,8720,74333,11128,74333,1567,67
3212,8720,74334,11128,74334,1567,67
3212,8720,74335,11128,74335,1567,67
3212,8720,74336,11128,74336,1567,67
3212,8720,74337,11128,74337,1567,67
3212,8720,74338,11128,74338,1567,67
3212,8720,74339,11128,74339,1567,67
3212,8720,74340,11128,74340,1567,67
3212,8720,74341,11128,74341,1567,67
3212,8720,74342,11128,74342,1567,67
3212,8720,74343,11128,74343,1567,67
3212,8720,74344,11128,74344,1567,67
3212,8720,74345,11128,74345,1567,67
3212,8720,74346,11128,74346,1567,67
3212,8720,74347,11128,74347,1567,67
3212,8720,74348,11128,74348,1567,67
3212,8720,74349,11128,74349,1567,67
3212,8720,74350,11128,74350,1567,67
3212,8720,74351,11128,74351,1567,67
3212,8720,74352,11128,74352,1567,67
3212,8720,74353,11128,74353,1567,67
3212,8720,74354,11128,74354,1567,67
3212,8720,74355,11128,74355,1567,67
3212,8720,74356,11128,74356,1567,67
3212,8720,74357,11128,74357,1567,67
3212,8720,74358,11128,74358,1567,67
3212,8720,74359,11128,74359,1567,67
3212,8720,74360,11128,74360,1567,67
3212,8720,74361,11128,74361,1567,67
3212,8720,74362,11128,74362,1567,67
3212,8720,74363,11128,74363,1567,67
3212,8720,74364,11128,74364,1567,67
3212,8720,74365,11128,74365,1567,67
3212,8720,74366,11128,74366,1567,67
3212,8720,74367,11128,74367,1567,67
3212,8720,74368,11128,74368,1567,67
3212,8720,74369,11128,74369,1567,67
3212,8720,74370,11128,74370,1567,67
3212,8720,74371,11128,74371,1567,67
3212,8720,74372,11128,74372,1567,67
3212,8720,74373,11128,74373,1567,67
3212,8720,74374,11128,74374,1567,67
3212,8720,74375,11128,74375,1567,67
3212,8720,74376,11128,74376,1567,67
3212,8720,74377,11128,74377,1567,67
3212,8720,74378,11128,74378,1567,67
3212,8720,74379,11128,74379,1567,67
3212,8720,74380,11128,74380,1567,67
3212,8720,74381,11128,74381,1567,67
3212,8720,74382,11128,74382,1567,67
3212,8720,74383,11128,74383,1567,67
3212,8720,74384,11128,74384,1567,67
3212,8720,74385,11128,74385,1567,67
3212,8720,74386,11128,74386,1567,67
3212,8720,74387,11128,74387,1567,67
3212,8720,74388,11128,74388,1567,67
3212,8720,74389,11128,74389,1567,67
3212,8720,74390,11128,74390,1567,67
3212,8720,74391,11128,74391,1567,67
3212,8720,74392,11128,74392,1567,67
3212,8720,74393,11128,74393,1567,67
3212,8720,74394,11128,74394,1567,67
3212,8720,74395,11128,74395,1567,67
3212,8720,74396,11128,74396,1567,67
3212,8720,74397,11128,74397,1567,67
3212,8720,74398,11128,74398,1567,67
3212,8720,74399,11128,74399,1567,67
3212,8720,74400,11128,74400,1567,67
3212,8720,74401,11128,74401,1567,67
3212,8720,74402,11128,74402,1567,67
3212,8720,74403,11128,74403,1567,67
3212,8720,74404,11128,74404,1567,67
3212,8720,74405,11128,74405,1567,67
3212,8720,74406,11128,74406,1567,67
3212,8720,74407,11128,74407,1567,67
3212,8720,74408,11128,74408,1567,67
3212,8720,74409,11128,74409,1567,67
3212,8720,74410,11128,74410,1567,67
3212,8720,74411,11128,74411,1567,67
3212,8720,74412,11128,74412,1567,67
3212,8720,74413,11128,74413,1567,67
3212,8720,74414,11128,74414,1567,67
3212,8720,74415,11128,74415,1567,67
3212,8720,74416,11128,74416,1567,67
3212,8720,74417,11128,74417,1567,67
3212,8720,74418,11128,74418,1567,67
3212,8720,74419,11128,74419,1567,67
3212,8720,74420,11128,74420,1567,67
3212,8720,74421,11128,74421,1567,67
3212,8720,74422,11128,74422,1567,67
3211,8720,74423,11128,74423,1567,67
3211,8720,74424,11128,74424,1567,67
3211,8720,74425,11128,74425,1567,67
3211,8720,74426,11128,74426,1567,67
3211,8720,74427,11128,74427,1567,67
3211,8720,74428,11128,74428,1567,67
3211,8720,74429,11128,74429,1567,67
3211,8720,74430,11128,74430,1567,67
3211,8720,74431,11128,74431,1567,67
3211,8720,74432,11128,74432,1567,67
3211,8720,74433,11128,74433,1567,67
3211,8720,74434,11128,74434,1567,67
3211,8720,74435,11128,74435,1567,67
3211,8720,74436,11128,74436,1567,67
3211,8720,74437,11128,74437,1567,67
3211,8720,74438,11128,74438,1567,67
3211,8720,74439,11128,74439,1567,67
3211,8720,74440,11128,74440,1567,67
3211,8720,74441,11128,74441,1567,67
3211,8720,74442,11128,74442,1567,67
3211,8720,74443,11128,74443,1567,67
3211,8720,74444,11128,74444,1567,67
3211,8720,74445,11128,74445,1567,67
3211,8720,74446,11128,74446,1567,67
3211,8720,74447,11128,74447,1567,67
3211,8720,74448,11128,74448,1567,67
3211,8720,74449,11128,74449,1567,67
3211,8720,74450,11128,74450,1567,67
3211,8720,74451,11128,74451,1567,67
3211,8720,74452,11128,74452,1567,67
3211,8720,74453,11128,74453,1567,67
3211,8720,74454,11128,74454,1567,67
3211,8720,74455,11128,74455,1567,67
3211,8720,74456,11128,74456,1567,67
3211,8720,74457,11128,74457,1567,67
3211,8720,74458,11128,74458,1567,67
3211,8720,74459,11128,74459,1567,67
3211,8720,74460,11128,74460,1567,67
3211,8720,74461,11128,74461,1567,67
3211,8720,74462,11128,74462,1567,67
3211,8720,74463,11128,74463,1567,67
3211,8720,74464,11128,74464,1567,67
3211,8720,74465,11128,74465,1567,67
3211,8720,74466,11128,74466,1567,67
3211,8720,74467,11128,74467,1567,67
3211,8720,74468,11128,74468,1567,67
3211,8720,74469,11128,74469,1567,67
3211,8720,74470,11128,74470,1567,67
3211,8720,74471,11128,74471,1567,67
3211,8720,74472,11128,74472,1567,67
3211,8720,74473,11128,74473,1567,67
3211,8720,74474,11128,74474,1567,67
3211,8720,74475,11128,74475,1567,67
3211,8720,74476,11128,74476,1567,67
3211,8720,74477,11128,74477,1567,67
3211,8720,74478,11128,74478,1567,67
3211,8720,74479,11128,74479,1567,67
3211,8720,74480,11128,74480,1567,67
3211,8720,74481,11128,74481,1567,67
3211,8720,74482,11128,74482,1567,67
3211,8720,74483,11128,74483,1567,67
3211,8720,74484,11128,74484,1567,67
3211,8720,74485,11128,74485,1567,67
3211,8720,74486,11128,74486,1567,67
3211,8720,74487,11128,74487,1567,67
3211,8720,74488,11128,74488,1567,67
3211,8720,74489,11128,74489,1567,67
3211,8720,74490,11128,74490,1567,67
3211,8720,74491,11128,74491,1567,67
3211,8720,74492,11128,74492,1567,67
3211,8720,74493,11128,74493,1567,67
3211,8720,74494,11128,74494,1567,67
3211,8720,74495,11128,74495,1567,67
3211,8720,74496,11128,74496,1567,67
3211,8720,74497,11128,74497,1567,67
3211,8720,74498,11128,74498,1567,67
3211,8720,74499,11128,74499,1567,67
3211,8720,74500,11128,74500,1567,67
3211,8720,74501,11128,74501,1567,67
3211,8720,74502,11128,74502,1567,67
3211,8720,74503,11128,74503,1567,67
3211,8720,74504,11128,74504,1567,67
3211,8720,74505,11128,74505,1567,67
3211,8720,74506,11128,74506,1567,67
3211,8720,74507,11128,74507,1567,67
3211,8720,74508,11128,74508,1567,67
3211,8720,74509,11128,74509,1567,67
3211,8720,74510,11128,74510,1567,67
3211,8720,74511,11128,74511,1567,67
3211,8720,74512,11128,74512,1567,67
3211,8720,74513,11128,74513,1567,67
3211,8720,74514,11128,74514,1567,67
3211,8720,74515,11128,74515,1567,67
3211,8720,74516,11128,74516,1567,67
3211,8720,74517,11128,74517,1567,67
3211,8720,74518,11128,74518,1567,67
3211,8720,74519,11128,74519,1567,67
3211,8720,74520,11128,74520,1567,67
3211,8720,74521,11128,74521,1567,67
3211,8720,74522,11128,74522,1567,67
3211,8720,74523,11128,74523,1567,67
3211,8720,74524,11128,74524,1567,67
3211,8720,74525,11128,74525,1567,67
3211,8720,74526,11128,74526,1567,67
3211,8720,74527,11128,74527,1567,67
3211,8720,74528,11128,74528,1567,67
3210,8720,74529,11128,74529,1567,67
3210,8720,74530,11128,74530,1567,67
3210,8720,74531,11128,74531,1567,67
3210,8720,74532,11128,74532,1567,67
3210,8720,74533,11128,74533,1567,67
3210,8720,74534,11128,74534,1567,67
3210,8720,74535,11128,74535,1567,67
3210,8720,74536,11128,74536,1567,67
3210,8720,74537,11128,74537,1567,67
3210,8720,74538,11128,74538,1567,67
3210,8720,74539,11128,74539,1567,67
3210,8720,74540,11128,74540,1567,67
3210,8720,74541,11128,74541,1567,67
3210,8720,74542,11128,74542,1567,67
3210,8720,74543,11128,74543,1567,67
3210,8720,74544,11128,74544,1567,67
3210,8720,74545,11128,74545,1567,67
3210,8720,74546,11128,74546,1567,67
3210,8720,74547,11128,74547,1567,67
3210,8720,74548,11128,74548,1567,67
3210,8720,74549,11128,74549,1567,67
3210,8720,74550,11128,74550,1567,67
3210,8720,74551,11128,74551,1567,67
3210,8720,74552,11128,74552,1567,67
3210,8720,74553,11128,74553,1567,67
3210,8720,74554,11128,74554,1567,67
3210,8720,74555,11128,74555,1567,67
3210,8720,74556,11128,74556,1567,67
3210,8720,74557,11128,74557,1567,67
3210,8720,74558,11128,74558,1567,67
3210,8720,74559,11128,74559,1567,67
3210,8720,74560,11128,74560,1567,67
3210,8720,74561,11128,74561,1567,67
3210,8720,74562,11128,74562,1567,67
3210,8720,74563,11128,74563,1567,67
3210,8720,74564,11128,74564,1567,67
3210,8720,74565,11128,74565,1567,67
3210,8720,74566,11128,74566,1567,67
3210,8720,74567,11128,74567,1567,67
3210,8720,74568,11128,74568,1567,67
3210,8720,74569,11128,74569,1567,67
3210,8720,74570,11128,74570,1567,67
3210,8720,74571,11128,74571,1567,67
3210,8720,74572,11128,74572,1567,67
3210,8720,74573,11128,74573,1567,67
3210,8720,74574,11128,74574,1567,67
3210,8720,74575,11128,74575,1567,67
3210,8720,74576,11128,74576,1567,67
3210,8720,74577,11128,74577,1567,67
3210,8720,74578,11128,74578,1567,67
3210,8720,74579,11128,74579,1567,67
3210,8720,74580,11128,74580,1567,67
3210,8720,74581,11128,74581,1567,67
3210,8720,74582,11128,74582,1567,67
3210,8720,74583,11128,74583,1567,67
3210,8720,74584,11128,74584,1567,67
3210,8720,74585,11128,74585,1567,67
3210,8720,74586,11128,74586,1567,67
3210,8720,74587,11128,74587,1567,67
3210,8720,74588,11128,74588,1567,67
3210,8720,74589,11128,74589,1567,67
3210,8720,74590,11128,74590,1567,67
3210,8720,74591,11128,74591,1567,67
3210,8720,74592,11128,74592,1567,67
3210,8720,74593,11128,74593,1567,67
3210,8720,74594,11128,74594,1567,67
3210,8720,74595,11128,74595,1567,67
3210,8720,74596,11128,74596,1567,67
3210,8720,74597,11128,74597,1567,67
3210,8720,74598,11128,74598,1567,67
3210,8720,74599,11128,74599,1567,67
3210,8720,74600,11128,74600,1567,67
3210,8720,74601,11128,74601,1567,67
3210,8720,74602,11128,74602,1567,67
3210,8720,74603,11128,74603,1567,67
3210,8720,74604,11128,74604,1567,67
3210,8720,74605,11128,74605,1567,67
3210,8720,74606,11128,74606,1567,67
3210,8720,74607,11128,74607,1567,67
3210,8720,74608,11128,74608,1567,67
3210,8720,74609,11128,74609,1567,67
3210,8720,74610,11128,74610,1567,67
3210,8720,74611,11128,74611,1567,67
3210,8720,74612,11128,74612,1567,67
3210,8720,74613,11128,74613,1567,67
3210,8720,74614,11128,74614,1567,67
3210,8720,74615,11128,74615,1567,67
3210,8720,74616,11128,74616,1567,67
3210,8720,74617,11128,74617,1567,67
3210,8720,74618,11128,74618,1567,67
3210,8720,74619,11128,74619,1567,67
3210,8720,74620,11128,74620,1567,67
3210,8720,74621,11128,74621,1567,67
3210,8720,74622,11128,74622,1567,67
3210,8720,74623,11128,74623,1567,67
3210,8720,74624,11128,74624,1567,67
3210,8720,74625,11128,74625,1567,67
3210,8720,74626,11128,74626,1567,67
3210,8720,74627,11128,74627,1567,67
3210,8720,74628,11128,74628,1567,67
3210,8720,74629,11128,74629,1567,67
3210,8720,74630,11128,74630,1567,67
3210,8720,74631,11128,74631,1567,67
3210,8720,74632,11128,74632,1567,67
3210,8720,74633,11128,74633,1567,67
3210,8720,74634,11128,74634,1567,67
3211,8720,74635,11128,74635,1567,67
3211,8720,74636,11128,74636,1567,67
3211,8720,74637,11128,74637,1567,67
3211,8720,74638,11128,74638,1567,67
3211,8720,74639,11128,74639,1567,67
3211,8720,74640,11128,74640,1567,67
3211,8720,74641,11128,74641,1567,67
3211,8720,74642,11128,74642,1567,67
3211,8720,74643,11128,74643,1567,67
3211,8720,74644,11128,74644,1567,67
3210,8720,74645,11128,74645,1567,67
3210,8720,74646,11128,74646,1567,67
3210,8720,74647,11128,74647,1567,67
3210,8720,74648,11128,74648,1567,67
3210,8720,74649,11128,74649,1567,67
3210,8720,74650,11128,74650,1567,67
3210,8720,74651,11128,74651,1567,67
3210,8720,74652,11128,74652,1567,67
3210,8720,74653,11128,74653,1567,67
3210,8720,74654,11128,74654,1567,67
3210,8720,74655,11128,74655,1567,67
3210,8720,74656,11128,74656,1567,67
3210,8720,74657,11128,74657,1567,67
3210,8720,74658,11128,74658,1567,67
3210,8720,74659,11128,74659,1567,67
3210,8720,74660,11128,74660,1567,67
3210,8720,74661,11128,74661,1567,67
3210,8720,74662,11128,74662,1567,67
3210,8720,74663,11128,74663,1567,67
3210,8720,74664,11128,74664,1567,67
3210,8720,74665,11128,74665,1567,67
3210,8720,74666,11128,74666,1567,67
3210,8720,74667,11128,74667,1567,67
3210,8720,74668,11128,74668,1567,67
3210,8720,74669,11128,74669,1567,67
3210,8720,74670,11128,74670,1567,67
3210,8720,74671,11128,74671,1567,67
3210,8720,74672,11128,74672,1567,67
3210,8720,74673,11128,74673,1567,67
3210,8720,74674,11128,74674,1567,67
3210,8720,74675,11128,74675,1567,67
3210,8720,74676,11128,74676,1567,67
3210,8720,74677,11128,74677,1567,67
3210,8720,74678,11128,74678,1567,67
3210,8720,74679,11128,74679,1567,67
3210,8720,74680,11128,74680,1567,67
3210,8720,74681,11128,74681,1567,67
3210,8720,74682,11128,74682,1567,67
3210,8720,74683,11128,74683,1567,67
3210,8720,74684,11128,74684,1567,67
3210,8720,74685,11128,74685,1567,67
3210,8720,74686,11128,74686,1567,67
3210,8720,74687,11128,74687,1567,67
3210,8720,74688,11128,74688,1567,67
3210,8720,74689,11128,74689,1567,67
3210,8720,74690,11128,74690,1567,67
3210,8720,74691,11128,74691,1567,67
3210,8720,74692,11128,74692,1567,67
3210,8720,74693,11128,74693,1567,67
3210,8720,74694,11128,74694,1567,67
3210,8720,74695,11128,74695,1567,67
3210,8720,74696,11128,74696,1567,67
3210,8720,74697,11128,74697,1567,67
3210,8720,74698,11128,74698,1567,67
3210,8720,74699,11128,74699,1567,67
3210,8720,74700,11128,74700,1567,67
3210,8720,74701,11128,74701,1567,67
3210,8720,74702,11128,74702,1567,67
3210,8720,74703,11128,74703,1567,67
3210,8720,74704,11128,74704,1567,67
3210,8720,74705,11128,74705,1567,67
3210,8720,74706,11128,74706,1567,67
3210,8720,74707,11128,74707,1567,67
3210,8720,74708,11128,74708,1567,67
3210,8720,74709,11128,74709,1567,67
3210,8720,74710,11128,74710,1567,67
3210,8720,74711,11128,74711,1567,67
3210,8720,74712,11128,74712,1567,67
3210,8720,74713,11128,74713,1567,67
3210,8720,74714,11128,74714,1567,67
3210,8720,74715,11128,74715,1567,67
3210,8720,74716,11128,74716,1567,67
3210,8720,74717,11128,74717,1567,67
3210,8720,74718,11128,74718,1567,67
3210,8720,74719,11128,74719,1567,67
3210,8720,74720,11128,74720,1567,67
3210,8720,74721,11128,74721,1567,67
3210,8720,74722,11128,74722,1567,67
3210,8720,74723,11128,74723,1567,67
3210,8720,74724,11128,74724,1567,67
3210,8720,74725,11128,74725,1567,67
3210,8720,74726,11128,74726,1567,67
3210,8720,74727,11128,74727,1567,67
3210,8720,74728,11128,74728,1567,67
3210,8720,74729,11128,74729,1567,67
3210,8720,74730,11128,74730,1567,67
3210,8720,74731,11128,74731,1567,67
3210,8720,74732,11128,74732,1567,67
3210,8720,74733,11128,74733,1567,67
3210,8720,74734,11128,74734,1567,67
3210,8720,74735,11128,74735,1567,67
3210,8720,74736,11128,74736,1567,67
3210,8720,74737,11128,74737,1567,67
3210,8720,74738,11128,74738,1567,67
3210,8720,74739,11128,74739,1567,67
3210,8720,74740,11128,74740,1567,67
3210,8720,74741,11128,74741,1567,67
3210,8720,74742,11128,74742,1567,67
3210,8720,74743,11128,74743,1567,67
3210,8720,74744,11128,74744,1567,67
3210,8720,74745,11128,74745,1567,67
3210,8720,74746,11128,74746,1567,67
3210,8720,74747,11128,74747,1567,67
3210,8720,74748,11128,74748,1567,67
3210,8720,74749,11128,74749,1567,67
3210,8720,74750,11128,74750,1567,67
3210,8720,74751,11128,74751,1567,67
3210,8720,74752,11128,74752,1567,67
3210,8720,74753,11128,74753,1567,67
3210,8720,74754,11128,74754,1567,67
3210,8720,74755,11128,74755,1567,67
3210,8720,74756,11128,74756,1567,67
3210,8720,74757,11128,74757,1567,67
3210,8720,74758,11128,74758,1567,67
3210,8720,74759,11128,74759,1567,67
3210,8720,74760,11128,74760,1567,67
3210,8720,74761,11128,74761,1567,67
3210,8720,74762,11128,74762,1567,67
3210,8720,74763,11128,74763,1567,67
3210,8720,74764,11128,74764,1567,67
3210,8720,74765,11128,74765,1567,67
3210,8720,74766,11128,74766,1567,67
3210,8720,74767,11128,74767,1567,67
3210,8720,74768,11128,74768,1567,67
3210,8720,74769,11128,74769,1567,67
3210,8720,74770,11128,74770,1567,67
3210,8720,74771,11128,74771,1567,67
3210,8720,74772,11128,74772,1567,67
3210,8720,74773,11128,74773,1567,67
3210,8720,74774,11128,74774,1567,67
3210,8720,74775,11128,74775,1567,67
3210,8720,74776,11128,74776,1567,67
3210,8720,74777,11128,74777,1567,67
3210,8720,74778,11128,74778,1567,67
3210,8720,74779,11128,74779,1567,67
3210,8720,74780,11128,74780,1567,67
3210,8720,74781,11128,74781,1567,67
3210,8720,74782,11128,74782,1567,67
3210,8720,74783,11128,74783,1567,67
3210,8720,74784,11128,74784,1567,67
3210,8720,74785,11128,74785,1567,67
3210,8720,74786,11128,74786,1567,67
3210,8720,74787,11128,74787,1567,67
3210,8720,74788,11128,74788,1567,67
3210,8720,74789,11128,74789,1567,67
3210,8720,74790,11128,74790,1567,67
3210,8720,74791,11128,74791,1567,67
3210,8720,74792,11128,74792,1567,67
3210,8720,74793,11128,74793,1567,67
3210,8720,74794,11128,74794,1567,67
3210,8720,74795,11128,74795,1567,67
3210,8720,74796,11128,74796,1567,67
3210,8720,74797,11128,74797,1567,67
3210,8720,74798,11128,74798,1567,67
3210,8720,74799,11128,74799,1567,67
3210,8720,74800,11128,74800,1567,67
3210,8720,74801,11128,74801,1567,67
3210,8720,74802,11128,74802,1567,67
3210,8720,74803,11128,74803,1567,67
3210,8720,74804,11128,74804,1567,67
3210,8720,74805,11128,74805,1567,67
3210,8720,74806,11128,74806,1567,67
3210,8720,74807,11128,74807,1567,67
3210,8720,74808,11128,74808,1567,67
3210,8720,74809,11128,74809,1567,67
3210,8720,74810,11128,74810,1567,67
3210,8720,74811,11128,74811,1567,67
3210,8720,74812,11128,74812,1567,67
3210,8720,74813,11128,74813,1567,67
3210,8720,74814,11128,74814,1567,67
3210,8720,74815,11128,74815,1567,67
3210,8720,74816,11128,74816,1567,67
3210,8720,74817,11128,74817,1567,67
3210,8720,74818,11128,74818,1567,67
3210,8720,74819,11128,74819,1567,67
3210,8720,74820,11128,74820,1567,67
3210,8720,74821,11128,74821,1567,67
3210,8720,74822,11128,74822,1567,67
3210,8720,74823,11128,74823,1567,67
3210,8720,74824,11128,74824,1567,67
3210,8720,74825,11128,74825,1567,67
3210,8720,74826,11128,74826,1567,67
3210,8720,74827,11128,74827,1567,67
3210,8720,74828,11128,74828,1567,67
3210,8720,74829,11128,74829,1567,67
3210,8720,74830,11128,74830,1567,67
3210,8720,74831,11128,74831,1567,67
3210,8720,74832,11128,74832,1567,67
3210,8720,74833,11128,74833,1567,67
3210,8720,74834,11128,74834,1567,67
3210,8720,74835,11128,74835,1567,67
3210,8720,74836,11128,74836,1567,67
3210,8720,74837,11128,74837,1567,67
3210,8720,74838,11128,74838,1567,67
3210,8720,74839,11128,74839,1567,67
3210,8720,74840,11128,74840,1567,67
3210,8720,74841,11128,74841,1567,67
3210,8720,74842,11128,74842,1567,67
3210,8720,74843,11128,74843,1567,67
3210,8720,74844,11128,74844,1567,67
3210,8720,74845,11128,74845,1567,67
3210,8720,74846,11128,74846,1567,67
3210,8720,74847,11128,74847,1567,67
3210,8720,74848,11128,74848,1567,67
3210,8720,74849,11128,74849,1567,67
3210,8720,74850,11128,74850,1567,67
3210,8720,74851,11128,74851,1567,67
3210,8720,74852,11128,74852,1567,67
3210,8720,74853,11128,74853,1567,67
3210,8720,74854,11128,74854,1567,67
3210,8720,74855,11128,74855,1567,67
3210,8720,74856,11128,74856,1567,67
3210,8720,74857,11128,74857,1567,67
3210,8720,74858,11128,74858,1567,67
3210,8720,74859,11128,74859,1567,67
3210,8720,74860,11128,74860,1567,67
3210,8720,74861,11128,74861,1567,67
3210,8720,74862,11128,74862,1567,67
3210,8720,74863,11128,74863,1567,67
3210,8720,74864,11128,74864,1567,67
3210,8720,74865,11128,74865,1567,67
3210,8720,74866,11128,74866,1567,67
3210,8720,74867,11128,74867,1567,67
3210,8720,74868,11128,74868,1567,67
3210,8720,74869,11128,74869,1567,67
3210,8720,74870,11128,74870,1567,67
3210,8720,74871,11128,74871,1567,67
3210,8720,74872,11128,74872,1567,67
3210,8720,74873,11128,74873,1567,67
3210,8720,74874,11128,74874,1567,67
3210,8720,74875,11128,74875,1567,67
3210,8720,74876,11128,74876,1567,67
3210,8720,74877,11128,74877,1567,67
3210,8720,74878,11128,74878,1567,67
3210,8720,74879,11128,74879,1567,67
3210,8720,74880,11128,74880,1567,67
3210,8720,74881,11128,74881,1567,67
3210,8720,74882,11128,74882,1567,67
3210,8720,74883,11128,74883,1567,67
3210,8720,74884,11128,74884,1567,67
3210,8720,74885,11128,74885,1567,67
3210,8720,74886,11128,74886,1567,67
3210,8720,74887,11128,74887,1567,67
3210,8720,74888,11128,74888,1567,67
3210,8720,74889,11128,74889,1567,67
3210,8720,74890,11128,74890,1567,67
3210,8720,74891,11128,74891,1567,67
3210,8720,74892,11128,74892,1567,67
3210,8720,74893,11128,74893,1567,67
3210,8720,74894,11128,74894,1567,67
3210,8720,74895,11128,74895,1567,67
3210,8720,74896,11128,74896,1567,67
3210,8720,74897,11128,74897,1567,67
3210,8720,74898,11128,74898,1567,67
3210,8720,74899,11128,74899,1567,67
3210,8720,74900,11128,74900,1567,67
3210,8720,74901,11128,74901,1567,67
3210,8720,74902,11128,74902,1567,67
3210,8720,74903,11128,74903,1567,67
3210,8720,74904,11128,74904,1567,67
3210,8720,74905,11128,74905,1567,67
3210,8720,74906,11128,74906,1567,67
3210,8720,74907,11128,74907,1567,67
3210,8720,74908,11128,74908,1567,67
3210,8720,74909,11128,74909,1567,67
3210,8720,74910,11128,74910,1567,67
3210,8720,74911,11128,74911,1567,67
3210,8720,74912,11128,74912,1567,67
3210,8720,74913,11128,74913,1567,67
3210,8720,74914,11128,74914,1567,67
3210,8720,74915,11128,74915,1567,67
3210,8720,74916,11128,74916,1567,67
3210,8720,74917,11128,74917,1567,67
3210,8720,74918,11128,74918,1567,67
3210,8720,74919,11128,74919,1567,67
3210,8720,74920,11128,74920,1567,67
3210,8720,74921,11128,74921,1567,67
3210,8720,74922,11128,74922,1567,67
3210,8720,74923,11128,74923,1567,67
3210,8720,74924,11128,74924,1567,67
3210,8720,74925,11128,74925,1567,67
3210,8720,74926,11128,74926,1567,67
3210,8720,74927,11128,74927,1567,67
3210,8720,74928,11128,74928,1567,67
3210,8720,74929,11128,74929,1567,67
3210,8720,74930,11128,74930,1567,67
3210,8720,74931,11128,74931,1567,67
3210,8720,74932,11128,74932,1567,67
3210,8720,74933,11128,74933,1567,67
3210,8720,74934,11128,74934,1567,67
3210,8720,74935,11128,74935,1567,67
3210,8720,74936,11128,74936,1567,67
3210,8720,74937,11128,74937,1567,67
3210,8720,74938,11128,74938,1567,67
3210,8720,74939,11128,74939,1567,67
3210,8720,74940,11128,74940,1567,67
3210,8720,74941,11128,74941,1567,67
3210,8720,74942,11128,74942,1567,67
3210,8720,74943,11128,74943,1567,67
3210,8720,74944,11128,74944,1567,67
3210,8720,74945,11128,74945,1567,67
3210,8720,74946,11128,74946,1567,67
3210,8720,74947,11128,74947,1567,67
3210,8720,74948,11128,74948,1567,67
3210,8720,74949,11128,74949,1567,67
3210,8720,74950,11128,74950,1567,67
3210,8720,74951,11128,74951,1567,67
3210,8720,74952,11128,74952,1567,67
3210,8720,74953,11128,74953,1567,67
3209,8720,74954,11128,74954,1567,66
3209,8720,74955,11128,74955,1567,66
3209,8720,74956,11128,74956,1567,66
3209,8720,74957,11128,74957,1567,66
3209,8720,74958,11128,74958,1567,66
3209,8720,74959,11128,74959,1567,66
3209,8720,74960,11128,74960,1567,66
3209,8720,74961,11128,74961,1567,66
3209,8720,74962,11128,74962,1567,66
3209,8720,74963,11128,74963,1567,66
3209,8720,74964,11128,74964,1567,66
3209,8720,74965,11128,74965,1567,66
3209,8720,74966,11128,74966,1567,66
3209,8720,74967,11128,74967,1567,66
3209,8720,74968,11128,74968,1567,66
3209,8720,74969,11128,74969,1567,66
3209,8720,74970,11128,74970,1567,66
3209,8720,74971,11128,74971,1567,66
3209,8720,74972,11128,74972,1567,66
3209,8720,74973,11128,74973,1567,66
3209,8720,74974,11128,74974,1567,66
3209,8720,74975,11128,74975,1567,66
3209,8720,74976,11128,74976,1567,66
3209,8720,74977,11128,74977,1567,66
3209,8720,74978,11128,74978,1567,66
3209,8720,74979,11128,74979,1567,66
3209,8720,74980,11128,74980,1567,66
3209,8720,74981,11128,74981,1567,66
3209,8720,74982,11128,74982,1567,66
3209,8720,74983,11128,74983,1567,66
3209,8720,74984,11128,74984,1567,66
3209,8720,74985,11128,74985,1567,66
3209,8720,74986,11128,74986,1567,66
3209,8720,74987,11128,74987,1567,66
3209,8720,74988,11128,74988,1567,66
3209,8720,74989,11128,74989,1567,66
3209,8720,74990,11128,74990,1567,66
3209,8720,74991,11128,74991,1567,66
3209,8720,74992,11128,74992,1567,66
3209,8720,74993,11128,74993,1567,66
3209,8720,74994,11128,74994,1567,66
3209,8720,74995,11128,74995,1567,66
3209,8720,74996,11128,74996,1567,66
3209,8720,74997,11128,74997,1567,66
3209,8720,74998,11128,74998,1567,66
3209,8720,74999,11128,74999,1567,66
3209,8720,75000,11128,75000,1567,66
3209,8720,75001,11128,75001,1567,66
3209,8720,75002,11128,75002,1567,66
3209,8720,75003,11128,75003,1567,66
3209,8720,75004,11128,75004,1567,66
3209,8720,75005,11128,75005,1567,66
3209,8720,75006,11128,75006,1567,66
3209,8720,75007,11128,75007,1567,66
3209,8720,75008,11128,75008,1567,66
3209,8720,75009,11128,75009,1567,66
3209,8720,75010,11128,75010,1567,66
3209,8720,75011,11128,75011,1567,66
3209,8720,75012,11128,75012,1567,66
3209,8720,75013,11128,75013,1567,66
3209,8720,75014,11128,75014,1567,66
3209,8720,75015,11128,75015,1567,66
3209,8720,75016,11128,75016,1567,66
3209,8720,75017,11128,75017,1567,66
3209,8720,75018,11128,75018,1567,66
3209,8720,75019,11128,75019,1567,66
3209,8720,75020,11128,75020,1567,66
3209,8720,75021,11128,75021,1567,66
3209,8720,75022,11128,75022,1567,66
3209,8720,75023,11128,75023,1567,66
3209,8720,75024,11128,75024,1567,66
3209,8720,75025,11128,75025,1567,66
3209,8720,75026,11128,75026,1567,66
3209,8720,75027,11128,75027,1567,66
3209,8720,75028,11128,75028,1567,66
3209,8720,75029,11128,75029,1567,66
3209,8720,75030,11128,75030,1567,66
3209,8720,75031,11128,75031,1567,66
3209,8720,75032,11128,75032,1567,66
3209,8720,75033,11128,75033,1567,66
3209,8720,75034,11128,75034,1567,66
3209,8720,75035,11128,75035,1567,66
3209,8720,75036,11128,75036,1567,66
3209,8720,75037,11128,75037,1567,66
3209,8720,75038,11128,75038,1567,66
3209,8720,75039,11128,75039,1567,66
3209,8720,75040,11128,75040,1567,66
3209,8720,75041,11128,75041,1567,66
3209,8720,75042,11128,75042,1567,66
3209,8720,75043,11128,75043,1567,66
3209,8720,75044,11128,75044,1567,66
3209,8720,75045,11128,75045,1567,66
3209,8720,75046,11128,75046,1567,66
3209,8720,75047,11128,75047,1567,66
3209,8720,75048,11128,75048,1567,66
3209,8720,75049,11128,75049,1567,66
3209,8720,75050,11128,75050,1567,66
3209,8720,75051,11128,75051,1567,66
3209,8720,75052,11128,75052,1567,66
3209,8720,75053,11128,75053,1567,66
3209,8720,75054,11128,75054,1567,66
3209,8720,75055,11128,75055,1567,66
3209,8720,75056,11128,75056,1567,66
3209,8720,75057,11128,75057,1567,66
3209,8720,75058,11128,75058,1567,66
3209,8720,75059,11128,75059,1567,66
3209,8720,75060,11128,75060,1567,66
3209,8720,75061,11128,75061,1567,66
3209,8720,75062,11128,75062,1567,66
3209,8720,75063,11128,75063,1567,66
3209,8720,75064,11128,75064,1567,66
3209,8720,75065,11128,75065,1567,66
3209,8720,75066,11128,75066,1567,66
3209,8720,75067,11128,75067,1567,66
3209,8720,75068,11128,75068,1567,66
3209,8720,75069,11128,75069,1567,66
3209,8720,75070,11128,75070,1567,66
3209,8720,75071,11128,75071,1567,66
3209,8720,75072,11128,75072,1567,66
3209,8720,75073,11128,75073,1567,66
3209,8720,75074,11128,75074,1567,66
3209,8720,75075,11128,75075,1567,66
3209,8720,75076,11128,75076,1567,66
3209,8720,75077,11128,75077,1567,66
3209,8720,75078,11128,75078,1567,66
3209,8720,75079,11128,75079,1567,66
3209,8720,75080,11128,75080,1567,66
3209,8720,75081,11128,75081,1567,66
3209,8720,75082,11128,75082,1567,66
3209,8720,75083,11128,75083,1567,66
3208,8720,75084,11128,75084,1567,66
3208,8720,75085,11128,75085,1567,66
3208,8720,75086,11128,75086,1567,66
3208,8720,75087,11128,75087,1567,66
3208,8720,75088,11128,75088,1567,66
3208,8720,75089,11128,75089,1567,66
3208,8720,75090,11128,75090,1567,66
3208,8720,75091,11128,75091,1567,66
3208,8720,75092,11128,75092,1567,66
3208,8720,75093,11128,75093,1567,66
3208,8720,75094,11128,75094,1567,66
3208,8720,75095,11128,75095,1567,66
3208,8720,75096,11128,75096,1567,66
3208,8720,75097,11128,75097,1567,66
3208,8720,75098,11128,75098,1567,66
3208,8720,75099,11128,75099,1567,66
3208,8720,75100,11128,75100,1567,66
3208,8720,75101,11128,75101,1567,66
3208,8720,75102,11128,75102,1567,66
3208,8720,75103,11128,75103,1567,66
3208,8720,75104,11128,75104,1567,66
3208,8720,75105,11128,75105,1567,66
3208,8720,75106,11128,75106,1567,66
3208,8720,75107,11128,75107,1567,66
3208,8720,75108,11128,75108,1567,66
3208,8720,75109,11128,75109,1567,66
3208,8720,75110,11128,75110,1567,66
3208,8720,75111,11128,75111,1567,66
3208,8720,75112,11128,75112,1567,66
3208,8720,75113,11128,75113,1567,66
3208,8720,75114,11128,75114,1567,66
3208,8720,75115,11128,75115,1567,66
3208,8720,75116,11128,75116,1567,66
3208,8720,75117,11128,75117,1567,66
3208,8720,75118,11128,75118,1567,66
3208,8720,75119,11128,75119,1567,66
3208,8720,75120,11128,75120,1567,66
3208,8720,75121,11128,75121,1567,66
3208,8720,75122,11128,75122,1567,66
3208,8720,75123,11128,75123,1567,66
3208,8720,75124,11128,75124,1567,66
3208,8720,75125,11128,75125,1567,66
3208,8720,75126,11128,75126,1567,66
3208,8720,75127,11128,75127,1567,66
3208,8720,75128,11128,75128,1567,66
3208,8720,75129,11128,75129,1567,66
3208,8720,75130,11128,75130,1567,66
3208,8720,75131,11128,75131,1567,66
3208,8720,75132,11128,75132,1567,66
3208,8720,75133,11128,75133,1567,66
3208,8720,75134,11128,75134,1567,66
3208,8720,75135,11128,75135,1567,66
3208,8720,75136,11128,75136,1567,66
3208,8720,75137,11128,75137,1567,66
3208,8720,75138,11128,75138,1567,66
3208,8720,75139,11128,75139,1567,66
3208,8720,75140,11128,75140,1567,66
3208,8720,75141,11128,75141,1567,66
3208,8720,75142,11128,75142,1567,66
3208,8720,75143,11128,75143,1567,66
3208,8720,75144,11128,75144,1567,66
3208,8720,75145,11128,75145,1567,66
3208,8720,75146,11128,75146,1567,66
3208,8720,75147,11128,75147,1567,66
3208,8720,75148,11128,75148,1567,66
3208,8720,75149,11128,75149,1567,66
3208,8720,75150,11128,75150,1567,66
3208,8720,75151,11128,75151,1567,66
3208,8720,75152,11128,75152,1567,66
3208,8720,75153,11128,75153,1567,66
3208,8720,75154,11128,75154,1567,66
3208,8720,75155,11128,75155,1567,66
3208,8720,75156,11128,75156,1567,66
3208,8720,75157,11128,75157,1567,66
3208,8720,75158,11128,75158,1567,66
3208,8720,75159,11128,75159,1567,66
3208,8720,75160,11128,75160,1567,66
3208,8720,75161,11128,75161,1567,66
3208,8720,75162,11128,75162,1567,66
3208,8720,75163,11128,75163,1567,66
3208,8720,75164,11128,75164,1567,66
3208,8720,75165,11128,75165,1567,66
3208,8720,75166,11128,75166,1567,66
3208,8720,75167,11128,75167,1567,66
3208,8720,75168,11128,75168,1567,66
3208,8720,75169,11128,75169,1567,66
3208,8720,75170,11128,75170,1567,66
3208,8720,75171,11128,75171,1567,66
3208,8720,75172,11128,75172,1567,66
3208,8720,75173,11128,75173,1567,66
3208,8720,75174,11128,75174,1567,66
3208,8720,75175,11128,75175,1567,66
3208,8720,75176,11128,75176,1567,66
3208,8720,75177,11128,75177,1567,66
3208,8720,75178,11128,75178,1567,66
3208,8720,75179,11128,75179,1567,66
3208,8720,75180,11128,75180,1567,66
3208,8720,75181,11128,75181,1567,66
3208,8720,75182,11128,75182,1567,66
3208,8720,75183,11128,75183,1567,66
3208,8720,75184,11128,75184,1567,66
3208,8720,75185,11128,75185,1567,66
3208,8720,75186,11128,75186,1567,66
3208,8720,75187,11128,75187,1567,66
3208,8720,75188,11128,75188,1567,66
3208,8720,75189,11128,75189,1567,66
3208,8720,75190,11128,75190,1567,66
3208,8720,75191,11128,75191,1567,66
3208,8720,75192,11128,75192,1567,66
3208,8720,75193,11128,75193,1567,66
3208,8720,75194,11128,75194,1567,66
3208,8720,75195,11128,75195,1567,66
3208,8720,75196,11128,75196,1567,66
3208,8720,75197,11128,75197,1567,66
3208,8720,75198,11128,75198,1567,66
3208,8720,75199,11128,75199,1567,66
3208,8720,75200,11128,75200,1567,66
3208,8720,75201,11128,75201,1567,66
3208,8720,75202,11128,75202,1567,66
3208,8720,75203,11128,75203,1567,66
3208,8720,75204,11128,75204,1567,66
3208,8720,75205,11128,75205,1567,66
3208,8720,75206,11128,75206,1567,66
3208,8720,75207,11128,75207,1567,66
3208,8720,75208,11128,75208,1567,66
3208,8720,75209,11128,75209,1567,66
3208,8720,75210,11128,75210,1567,66
3208,8720,75211,11128,75211,1567,66
3208,8720,75212,11128,75212,1567,66
3208,8720,75213,11128,75213,1567,66
3208,8720,75214,11128,75214,1567,66
3208,8720,75215,11128,75215,1567,66
3208,8720,75216,11128,75216,1567,66
3208,8720,75217,11128,75217,1567,66
3208,8720,75218,11128,75218,1567,66
3208,8720,75219,11128,75219,1567,66
3208,8720,75220,11128,75220,1567,66
3208,8720,75221,11128,75221,1567,66
3208,8720,75222,11128,75222,1567,66
3208,8720,75223,11128,75223,1567,66
3208,8720,75224,11128,75224,1567,66
3208,8720,75225,11128,75225,1567,66
3208,8720,75226,11128,75226,1567,66
3208,8720,75227,11128,75227,1567,66
3208,8720,75228,11128,75228,1567,66
3208,8720,75229,11128,75229,1567,66
3208,8720,75230,11128,75230,1567,66
3208,8720,75231,11128,75231,1567,66
3208,8720,75232,11128,75232,1567,66
3208,8720,75233,11128,75233,1567,66
3208,8720,75234,11128,75234,1567,66
3208,8720,75235,11128,75235,1567,66
3208,8720,75236,11128,75236,1567,66
3208,8720,75237,11128,75237,1567,66
3208,8720,75238,11128,75238,1567,66
3208,8720,75239,11128,75239,1567,66
3208,8720,75240,11128,75240,1567,66
3208,8720,75241,11128,75241,1567,66
3208,8720,75242,11128,75242,1567,66
3208,8720,75243,11128,75243,1567,66
3208,8720,75244,11128,75244,1567,66
3208,8720,75245,11128,75245,1567,66
3208,8720,75246,11128,75246,1567,66
3208,8720,75247,11128,75247,1567,66
3208,8720,75248,11128,75248,1567,66
3208,8720,75249,11128,75249,1567,66
3208,8720,75250,11128,75250,1567,66
3208,8720,75251,11128,75251,1567,66
3208,8720,75252,11128,75252,1567,66
3208,8720,75253,11128,75253,1567,66
3208,8720,75254,11128,75254,1567,66
3208,8720,75255,11128,75255,1567,66
3208,8720,75256,11128,75256,1567,66
3208,8720,75257,11128,75257,1567,66
3208,8720,75258,11128,75258,1567,66
3208,8720,75259,11128,75259,1567,66
3208,8720,75260,11128,75260,1567,66
3208,8720,75261,11128,75261,1567,66
3208,8720,75262,11128,75262,1567,66
3208,8720,75263,11128,75263,1567,66
3208,8720,75264,11128,75264,1567,66
3208,8720,75265,11128,75265,1567,66
3208,8720,75266,11128,75266,1567,66
3208,8720,75267,11128,75267,1567,66
3208,8720,75268,11128,75268,1567,66
3208,8720,75269,11128,75269,1567,66
3208,8720,75270,11128,75270,1567,66
3208,8720,75271,11128,75271,1567,66
3208,8720,75272,11128,75272,1567,66
3208,8720,75273,11128,75273,1567,66
3208,8720,75274,11128,75274,1567,66
3208,8720,75275,11128,75275,1567,66
3208,8720,75276,11128,75276,1567,66
3208,8720,75277,11128,75277,1567,66
3208,8720,75278,11128,75278,1567,66
3208,8720,75279,11128,75279,1567,66
3208,8720,75280,11128,75280,1567,66
3208,8720,75281,11128,75281,1567,66
3208,8720,75282,11128,75282,1567,66
3208,8720,75283,11128,75283,1567,66
3208,8720,75284,11128,75284,1567,66
3208,8720,75285,11128,75285,1567,66
3208,8720,75286,11128,75286,1567,66
3208,8720,75287,11128,75287,1567,66
3208,8720,75288,11128,75288,1567,66
3208,8720,75289,11128,75289,1567,66
3208,8720,75290,11128,75290,1567,66
3208,8720,75291,11128,75291,1567,66
3208,8720,75292,11128,75292,1567,66
3208,8720,75293,11128,75293,1567,66
3209,8720,75294,11128,75294,1567,66
3209,8720,75295,11128,75295,1567,66
3209,8720,75296,11128,75296,1567,66
3209,8720,75297,11128,75297,1567,66
3209,8720,75298,11128,75298,1567,66
3209,8720,75299,11128,75299,1567,66
3209,8720,75300,11128,75300,1567,66
3209,8720,75301,11128,75301,1567,66
3209,8720,75302,11128,75302,1567,66
3209,8720,75303,11128,75303,1567,66
3209,8720,75304,11128,75304,1567,66
3209,8720,75305,11128,75305,1567,66
3209,8720,75306,11128,75306,1567,66
3209,8720,75307,11128,75307,1567,66
3209,8720,75308,11128,75308,1567,66
3209,8720,75309,11128,75309,1567,66
3209,8720,75310,11128,75310,1567,66
3209,8720,75311,11128,75311,1567,66
3209,8720,75312,11128,75312,1567,66
3209,8720,75313,11128,75313,1567,66
3209,8720,75314,11128,75314,1567,66
3209,8720,75315,11128,75315,1567,66
3209,8720,75316,11128,75316,1567,66
3209,8720,75317,11128,75317,1567,66
3209,8720,75318,11128,75318,1567,66
3209,8720,75319,11128,75319,1567,66
3209,8720,75320,11128,75320,1567,66
3209,8720,75321,11128,75321,1567,66
3209,8720,75322,11128,75322,1567,66
3209,8720,75323,11128,75323,1567,66
3209,8720,75324,11128,75324,1567,66
3209,8720,75325,11128,75325,1567,66
3209,8720,75326,11128,75326,1567,66
3209,8720,75327,11128,75327,1567,66
3209,8720,75328,11128,75328,1567,66
3209,8720,75329,11128,75329,1567,66
3209,8720,75330,11128,75330,1567,66
3209,8720,75331,11128,75331,1567,66
3209,8720,75332,11128,75332,1567,66
3209,8720,75333,11128,75333,1567,66
3209,8720,75334,11128,75334,1567,66
3209,8720,75335,11128,75335,1567,66
3209,8720,75336,11128,75336,1567,66
3209,8720,75337,11128,75337,1567,66
3209,8720,75338,11128,75338,1567,66
3209,8720,75339,11128,75339,1567,66
3209,8720,75340,11128,75340,1567,66
3209,8720,75341,11128,75341,1567,66
3209,8720,75342,11128,75342,1567,66
3209,8720,75343,11128,75343,1567,66
3209,8720,75344,11128,75344,1567,66
3209,8720,75345,11128,75345,1567,66
3209,8720,75346,11128,75346,1567,66
3209,8720,75347,11128,75347,1567,66
3209,8720,75348,11128,75348,1567,66
3209,8720,75349,11128,75349,1567,66
3209,8720,75350,11128,75350,1567,66
3209,8720,75351,11128,75351,1567,66
3209,8720,75352,11128,75352,1567,66
3209,8720,75353,11128,75353,1567,66
3209,8720,75354,11128,75354,1567,66
3209,8720,75355,11128,75355,1567,66
3209,8720,75356,11128,75356,1567,66
3209,8720,75357,11128,75357,1567,66
3209,8720,75358,11128,75358,1567,66
3209,8720,75359,11128,75359,1567,66
3209,8720,75360,11128,75360,1567,66
3209,8720,75361,11128,75361,1567,66
3209,8720,75362,11128,75362,1567,66
3209,8720,75363,11128,75363,1567,66
3209,8720,75364,11128,75364,1567,66
3209,8720,75365,11128,75365,1567,66
3209,8720,75366,11128,75366,1567,66
3209,8720,75367,11128,75367,1567,66
3209,8720,75368,11128,75368,1567,66
3209,8720,75369,11128,75369,1567,66
3209,8720,75370,11128,75370,1567,66
3209,8720,75371,11128,75371,1567,66
3209,8720,75372,11128,75372,1567,66
3209,8720,75373,11128,75373,1567,66
3209,8720,75374,11128,75374,1567,66
3209,8720,75375,11128,75375,1567,66
3209,8720,75376,11128,75376,1567,66
3209,8720,75377,11128,75377,1567,66
3209,8720,75378,11128,75378,1567,66
3209,8720,75379,11128,75379,1567,66
3209,8720,75380,11128,75380,1567,66
3209,8720,75381,11128,75381,1567,66
3209,8720,75382,11128,75382,1567,66
3209,8720,75383,11128,75383,1567,66
3209,8720,75384,11128,75384,1567,66
3209,8720,75385,11128,75385,1567,66
3209,8720,75386,11128,75386,1567,66
3209,8720,75387,11128,75387,1567,66
3209,8720,75388,11128,75388,1567,66
3209,8720,75389,11128,75389,1567,66
3209,8720,75390,11128,75390,1567,66
3209,8720,75391,11128,75391,1567,66
3209,8720,75392,11128,75392,1567,66
3209,8720,75393,11128,75393,1567,66
3209,8720,75394,11128,75394,1567,66
3209,8720,75395,11128,75395,1567,66
3209,8720,75396,11128,75396,1567,66
3209,8720,75397,11128,75397,1567,66
3209,8720,75398,11128,75398,1567,66
3209,8720,75399,11128,75399,1567,66
3209,8720,75400,11128,75400,1567,66
3209,8720,75401,11128,75401,1567,66
3209,8720,75402,11128,75402,1567,66
3209,8720,75403,11128,75403,1567,66
3209,8720,75404,11128,75404,1567,66
3209,8720,75405,11128,75405,1567,66
3209,8720,75406,11128,75406,1567,66
3209,8720,75407,11128,75407,1567,66
3209,8720,75408,11128,75408,1567,66
3209,8720,75409,11128,75409,1567,66
3209,8720,75410,11128,75410,1567,66
3209,8720,75411,11128,75411,1567,66
3209,8720,75412,11128,75412,1567,66
3209,8720,75413,11128,75413,1567,66
3209,8720,75414,11128,75414,1567,66
3209,8720,75415,11128,75415,1567,66
3209,8720,75416,11128,75416,1567,66
3209,8720,75417,11128,75417,1567,66
3209,8720,75418,11128,75418,1567,66
3209,8720,75419,11128,75419,1567,66
3209,8720,75420,11128,75420,1567,66
3209,8720,75421,11128,75421,1567,66
3209,8720,75422,11128,75422,1567,66
3209,8720,75423,11128,75423,1567,66
3209,8720,75424,11128,75424,1567,66
3209,8720,75425,11128,75425,1567,66
3209,8720,75426,11128,75426,1567,66
3209,8720,75427,11128,75427,1567,66
3209,8720,75428,11128,75428,1567,66
3209,8720,75429,11128,75429,1567,66
3209,8720,75430,11128,75430,1567,66
3209,8720,75431,11128,75431,1567,66
3209,8720,75432,11128,75432,1567,66
3209,8720,75433,11128,75433,1567,66
3209,8720,75434,11128,75434,1567,66
3209,8720,75435,11128,75435,1567,66
3209,8720,75436,11128,75436,1567,66
3209,8720,75437,11128,75437,1567,66
3209,8720,75438,11128,75438,1567,66
3209,8720,75439,11128,75439,1567,66
3209,8720,75440,11128,75440,1567,66
3209,8720,75441,11128,75441,1567,66
3209,8720,75442,11128,75442,1567,66
3209,8720,75443,11128,75443,1567,66
3209,8720,75444,11128,75444,1567,66
3209,8720,75445,11128,75445,1567,66
3209,8720,75446,11128,75446,1567,66
3210,8720,75447,11128,75447,1567,66
3210,8720,75448,11128,75448,1567,66
3210,8720,75449,11128,75449,1567,66
3210,8720,75450,11128,75450,1567,66
3210,8720,75451,11128,75451,1567,66
3210,8720,75452,11128,75452,1567,66
3210,8720,75453,11128,75453,1567,66
3210,8720,75454,11128,75454,1567,66
3210,8720,75455,11128,75455,1567,66
3210,8720,75456,11128,75456,1567,66
3210,8720,75457,11128,75457,1567,66
3210,8720,75458,11128,75458,1567,66
3210,8720,75459,11128,75459,1567,66
3210,8720,75460,11128,75460,1567,66
3210,8720,75461,11128,75461,1567,66
3210,8720,75462,11128,75462,1567,66
3210,8720,75463,11128,75463,1567,66
3210,8720,75464,11128,75464,1567,66
3210,8720,75465,11128,75465,1567,66
3210,8720,75466,11128,75466,1567,66
3210,8720,75467,11128,75467,1567,66
3210,8720,75468,11128,75468,1567,66
3210,8720,75469,11128,75469,1567,66
3210,8720,75470,11128,75470,1567,66
3210,8720,75471,11128,75471,1567,66
3210,8720,75472,11128,75472,1567,66
3210,8720,75473,11128,75473,1567,66
3210,8720,75474,11128,75474,1567,66
3210,8720,75475,11128,75475,1567,66
3210,8720,75476,11128,75476,1567,66
3210,8720,75477,11128,75477,1567,66
3210,8720,75478,11128,75478,1567,66
3210,8720,75479,11128,75479,1567,66
3210,8720,75480,11128,75480,1567,66
3210,8720,75481,11128,75481,1567,66
3210,8720,75482,11128,75482,1567,66
3210,8720,75483,11128,75483,1567,66
3210,8720,75484,11128,75484,1567,66
3210,8720,75485,11128,75485,1567,66
3210,8720,75486,11128,75486,1567,66
3210,8720,75487,11128,75487,1567,66
3210,8720,75488,11128,75488,1567,66
3210,8720,75489,11128,75489,1567,66
3210,8720,75490,11128,75490,1567,66
3210,8720,75491,11128,75491,1567,66
3210,8720,75492,11128,75492,1567,66
3210,8720,75493,11128,75493,1567,66
3209,8720,75494,11128,75494,1567,66
3209,8720,75495,11128,75495,1567,66
3209,8720,75496,11128,75496,1567,66
3209,8720,75497,11128,75497,1567,66
3209,8720,75498,11128,75498,1567,66
3209,8720,75499,11128,75499,1567,66
3209,8720,75500,11128,75500,1567,66
3209,8720,75501,11128,75501,1567,66
3209,8720,75502,11128,75502,1567,66
3209,8720,75503,11128,75503,1567,66
3209,8720,75504,11128,75504,1567,66
3209,8720,75505,11128,75505,1567,66
3209,8720,75506,11128,75506,1567,66
3209,8720,75507,11128,75507,1567,66
3209,8720,75508,11128,75508,1567,66
3209,8720,75509,11128,75509,1567,66
3209,8720,75510,11128,75510,1567,66
3209,8720,75511,11128,75511,1567,66
3209,8720,75512,11128,75512,1567,66
3209,8720,75513,11128,75513,1567,66
3209,8720,75514,11128,75514,1567,66
3209,8720,75515,11128,75515,1567,66
3209,8720,75516,11128,75516,1567,66
3209,8720,75517,11128,75517,1567,66
3209,8720,75518,11128,75518,1567,66
3209,8720,75519,11128,75519,1567,66
3209,8720,75520,11128,75520,1567,66
3209,8720,75521,11128,75521,1567,66
3209,8720,75522,11128,75522,1567,66
3209,8720,75523,11128,75523,1567,66
3209,8720,75524,11128,75524,1567,66
3209,8720,75525,11128,75525,1567,66
3209,8720,75526,11128,75526,1567,66
3209,8720,75527,11128,75527,1567,66
3209,8720,75528,11128,75528,1567,66
3209,8720,75529,11128,75529,1567,66
3209,8720,75530,11128,75530,1567,66
3209,8720,75531,11128,75531,1567,66
3209,8720,75532,11128,75532,1567,66
3209,8720,75533,11128,75533,1567,66
3209,8720,75534,11128,75534,1567,66
3209,8720,75535,11128,75535,1567,66
3209,8720,75536,11128,75536,1567,66
3209,8720,75537,11128,75537,1567,66
3209,8720,75538,11128,75538,1567,66
3209,8720,75539,11128,75539,1567,66
3209,8720,75540,11128,75540,1567,66
3209,8720,75541,11128,75541,1567,66
3209,8720,75542,11128,75542,1567,66
3209,8720,75543,11128,75543,1567,66
3209,8720,75544,11128,75544,1567,66
3209,8720,75545,11128,75545,1567,66
3209,8720,75546,11128,75546,1567,66
3209,8720,75547,11128,75547,1567,66
3209,8720,75548,11128,75548,1567,66
3209,8720,75549,11128,75549,1567,66
3209,8720,75550,11128,75550,1567,66
3209,8720,75551,11128,75551,1567,66
3209,8720,75552,11128,75552,1567,66
3209,8720,75553,11128,75553,1567,66
3209,8720,75554,11128,75554,1567,66
3209,8720,75555,11128,75555,1567,66
3209,8720,75556,11128,75556,1567,66
3209,8720,75557,11128,75557,1567,66
3209,8720,75558,11128,75558,1567,66
3209,8720,75559,11128,75559,1567,66
3209,8720,75560,11128,75560,1567,66
3209,8720,75561,11128,75561,1567,66
3209,8720,75562,11128,75562,1567,66
3209,8720,75563,11128,75563,1567,66
3209,8720,75564,11128,75564,1567,66
3209,8720,75565,11128,75565,1567,66
3209,8720,75566,11128,75566,1567,66
3209,8720,75567,11128,75567,1567,66
3209,8720,75568,11128,75568,1567,66
3209,8720,75569,11128,75569,1567,66
3209,8720,75570,11128,75570,1567,66
3209,8720,75571,11128,75571,1567,66
3209,8720,75572,11128,75572,1567,66
3209,8720,75573,11128,75573,1567,66
3209,8720,75574,11128,75574,1567,66
3209,8720,75575,11128,75575,1567,66
3209,8720,75576,11128,75576,1567,66
3209,8720,75577,11128,75577,1567,66
3209,8720,75578,11128,75578,1567,66
3209,8720,75579,11128,75579,1567,66
3209,8720,75580,11128,75580,1567,66
3209,8720,75581,11128,75581,1567,66
3209,8720,75582,11128,75582,1567,66
3209,8720,75583,11128,75583,1567,66
3209,8720,75584,11128,75584,1567,66
3209,8720,75585,11128,75585,1567,66
3209,8720,75586,11128,75586,1567,66
3209,8720,75587,11128,75587,1567,66
3209,8720,75588,11128,75588,1567,66
3209,8720,75589,11128,75589,1567,66
3209,8720,75590,11128,75590,1567,66
3209,8720,75591,11128,75591,1567,66
3209,8720,75592,11128,75592,1567,66
3209,8720,75593,11128,75593,1567,66
3209,8720,75594,11128,75594,1567,66
3209,8720,75595,11128,75595,1567,66
3209,8720,75596,11128,75596,1567,66
3209,8720,75597,11128,75597,1567,66
3209,8720,75598,11128,75598,1567,66
3209,8720,75599,11128,75599,1567,66
3209,8720,75600,11128,75600,1567,66
3209,8720,75601,11128,75601,1567,66
3209,8720,75602,11128,75602,1567,66
3209,8720,75603,11128,75603,1567,66
3209,8720,75604,11128,75604,1567,66
3209,8720,75605,11128,75605,1567,66
3209,8720,75606,11128,75606,1567,66
3209,8720,75607,11128,75607,1567,66
3209,8720,75608,11128,75608,1567,66
3208,8720,75609,11128,75609,1567,66
3208,8720,75610,11128,75610,1567,66
3208,8720,75611,11128,75611,1567,66
3208,8720,75612,11128,75612,1567,66
3208,8720,75613,11128,75613,1567,66
3208,8720,75614,11128,75614,1567,66
3208,8720,75615,11128,75615,1567,66
3208,8720,75616,11128,75616,1567,66
3208,8720,75617,11128,75617,1567,66
3208,8720,75618,11128,75618,1567,66
3208,8720,75619,11128,75619,1567,66
3208,8720,75620,11128,75620,1567,66
3208,8720,75621,11128,75621,1567,66
3208,8720,75622,11128,75622,1567,66
3208,8720,75623,11128,75623,1567,66
3208,8720,75624,11128,75624,1567,66
3208,8720,75625,11128,75625,1567,66
3208,8720,75626,11128,75626,1567,66
3208,8720,75627,11128,75627,1567,66
3208,8720,75628,11128,75628,1567,66
3208,8720,75629,11128,75629,1567,66
3208,8720,75630,11128,75630,1567,66
3208,8720,75631,11128,75631,1567,66
3208,8720,75632,11128,75632,1567,66
3208,8720,75633,11128,75633,1567,66
3208,8720,75634,11128,75634,1567,66
3208,8720,75635,11128,75635,1567,66
3208,8720,75636,11128,75636,1567,66
3208,8720,75637,11128,75637,1567,66
3208,8720,75638,11128,75638,1567,66
3208,8720,75639,11128,75639,1567,66
3208,8720,75640,11128,75640,1567,66
3208,8720,75641,11128,75641,1567,66
3208,8720,75642,11128,75642,1567,66
3208,8720,75643,11128,75643,1567,66
3208,8720,75644,11128,75644,1567,66
3208,8720,75645,11128,75645,1567,66
3208,8720,75646,11128,75646,1567,66
3208,8720,75647,11128,75647,1567,66
3208,8720,75648,11128,75648,1567,66
3208,8720,75649,11128,75649,1567,66
3208,8720,75650,11128,75650,1567,66
3208,8720,75651,11128,75651,1567,66
3208,8720,75652,11128,75652,1567,66
3208,8720,75653,11128,75653,1567,66
3208,8720,75654,11128,75654,1567,66
3208,8720,75655,11128,75655,1567,66
3208,8720,75656,11128,75656,1567,66
3208,8720,75657,11128,75657,1567,66
3208,8720,75658,11128,75658,1567,66
3208,8720,75659,11128,75659,1567,66
3208,8720,75660,11128,75660,1567,66
3208,8720,75661,11128,75661,1567,66
3208,8720,75662,11128,75662,1567,66
3208,8720,75663,11128,75663,1567,66
3208,8720,75664,11128,75664,1567,66
3208,8720,75665,11128,75665,1567,66
3208,8720,75666,11128,75666,1567,66
3208,8720,75667,11128,75667,1567,66
3208,8720,75668,11128,75668,1567,66
3208,8720,75669,11128,75669,1567,66
3208,8720,75670,11128,75670,1567,66
3208,8720,75671,11128,75671,1567,66
3208,8720,75672,11128,75672,1567,66
3208,8720,75673,11128,75673,1567,66
3208,8720,75674,11128,75674,1567,66
3208,8720,75675,11128,75675,1567,66
3208,8720,75676,11128,75676,1567,66
3208,8720,75677,11128,75677,1567,66
3208,8720,75678,11128,75678,1567,66
3208,8720,75679,11128,75679,1567,66
3208,8720,75680,11128,75680,1567,66
3208,8720,75681,11128,75681,1567,66
3208,8720,75682,11128,75682,1567,66
3208,8720,75683,11128,75683,1567,66
3208,8720,75684,11128,75684,1567,66
3208,8720,75685,11128,75685,1567,66
3208,8720,75686,11128,75686,1567,66
3208,8720,75687,11128,75687,1567,66
3208,8720,75688,11128,75688,1567,66
3208,8720,75689,11128,75689,1567,66
3208,8720,75690,11128,75690,1567,66
3208,8720,75691,11128,75691,1567,66
3208,8720,75692,11128,75692,1567,66
3208,8720,75693,11128,75693,1567,66
3208,8720,75694,11128,75694,1567,66
3208,8720,75695,11128,75695,1567,66
3208,8720,75696,11128,75696,1567,66
3208,8720,75697,11128,75697,1567,66
3208,8720,75698,11128,75698,1567,66
3208,8720,75699,11128,75699,1567,66
3208,8720,75700,11128,75700,1567,66
3208,8720,75701,11128,75701,1567,66
3208,8720,75702,11128,75702,1567,66
3208,8720,75703,11128,75703,1567,66
3208,8720,75704,11128,75704,1567,66
3208,8720,75705,11128,75705,1567,66
3208,8720,75706,11128,75706,1567,66
3208,8720,75707,11128,75707,1567,66
3208,8720,75708,11128,75708,1567,66
3208,8720,75709,11128,75709,1567,66
3208,8720,75710,11128,75710,1567,66
3208,8720,75711,11128,75711,1567,66
3208,8720,75712,11128,75712,1567,66
3208,8720,75713,11128,75713,1567,66
3208,8720,75714,11128,75714,1567,66
3208,8720,75715,11128,75715,1567,66
3208,8720,75716,11128,75716,1567,66
3208,8720,75717,11128,75717,1567,66
3208,8720,75718,11128,75718,1567,66
3208,8720,75719,11128,75719,1567,66
3208,8720,75720,11128,75720,1567,66
3208,8720,75721,11128,75721,1567,66
3208,8720,75722,11128,75722,1567,66
3208,8720,75723,11128,75723,1567,66
3208,8720,75724,11128,75724,1567,66
3208,8720,75725,11128,75725,1567,66
3208,8720,75726,11128,75726,1567,66
3208,8720,75727,11128,75727,1567,66
3208,8720,75728,11128,75728,1567,66
3208,8720,75729,11128,75729,1567,66
3208,8720,75730,11128,75730,1567,66
3208,8720,75731,11128,75731,1567,66
3208,8720,75732,11128,75732,1567,66
3208,8720,75733,11128,75733,1567,66
3208,8720,75734,11128,75734,1567,66
3208,8720,75735,11128,75735,1567,66
3208,8720,75736,11128,75736,1567,66
3208,8720,75737,11128,75737,1567,66
3208,8720,75738,11128,75738,1567,66
3208,8720,75739,11128,75739,1567,66
3208,8720,75740,11128,75740,1567,66
3208,8720,75741,11128,75741,1567,66
3208,8720,75742,11128,75742,1567,66
3208,8720,75743,11128,75743,1567,66
3208,8720,75744,11128,75744,1567,66
3208,8720,75745,11128,75745,1567,66
3208,8720,75746,11128,75746,1567,66
3208,8720,75747,11128,75747,1567,66
3208,8720,75748,11128,75748,1567,66
3208,8720,75749,11128,75749,1567,66
3208,8720,75750,11128,75750,1567,66
3208,8720,75751,11128,75751,1567,66
3208,8720,75752,11128,75752,1567,66
3208,8720,75753,11128,75753,1567,66
3208,8720,75754,11128,75754,1567,66
3208,8720,75755,11128,75755,1567,66
3208,8720,75756,11128,75756,1567,66
3208,8720,75757,11128,75757,1567,66
3208,8720,75758,11128,75758,1567,66
3208,8720,75759,11128,75759,1567,66
3208,8720,75760,11128,75760,1567,66
3208,8720,75761,11128,75761,1567,66
3208,8720,75762,11128,75762,1567,66
3208,8720,75763,11128,75763,1567,66
3208,8720,75764,11128,75764,1567,66
3208,8720,75765,11128,75765,1567,66
3208,8720,75766,11128,75766,1567,66
3208,8720,75767,11128,75767,1567,66
3208,8720,75768,11128,75768,1567,66
3208,8720,75769,11128,75769,1567,66
3208,8720,75770,11128,75770,1567,66
3208,8720,75771,11128,75771,1567,66
3208,8720,75772,11128,75772,1567,66
3208,8720,75773,11128,75773,1567,66
3208,8720,75774,11128,75774,1567,66
3208,8720,75775,11128,75775,1567,66
3208,8720,75776,11128,75776,1567,66
3208,8720,75777,11128,75777,1567,66
3208,8720,75778,11128,75778,1567,66
3208,8720,75779,11128,75779,1567,66
3208,8720,75780,11128,75780,1567,66
3208,8720,75781,11128,75781,1567,66
3208,8720,75782,11128,75782,1567,66
3208,8720,75783,11128,75783,1567,66
3208,8720,75784,11128,75784,1567,66
3208,8720,75785,11128,75785,1567,66
3208,8720,75786,11128,75786,1567,66
3208,8720,75787,11128,75787,1567,66
3208,8720,75788,11128,75788,1567,66
3208,8720,75789,11128,75789,1567,66
3208,8720,75790,11128,75790,1567,66
3208,8720,75791,11128,75791,1567,66
3208,8720,75792,11128,75792,1567,66
3208,8720,75793,11128,75793,1567,66
3208,8720,75794,11128,75794,1567,66
3208,8720,75795,11128,75795,1567,66
3208,8720,75796,11128,75796,1567,66
3208,8720,75797,11128,75797,1567,66
3208,8720,75798,11128,75798,1567,66
3208,8720,75799,11128,75799,1567,66
3208,8720,75800,11128,75800,1567,66
3208,8720,75801,11128,75801,1567,66
3208,8720,75802,11128,75802,1567,66
3208,8720,75803,11128,75803,1567,66
3208,8720,75804,11128,75804,1567,66
3208,8720,75805,11128,75805,1567,66
3208,8720,75806,11128,75806,1567,66
3208,8720,75807,11128,75807,1567,66
3208,8720,75808,11128,75808,1567,66
3208,8720,75809,11128,75809,1567,66
3208,8720,75810,11128,75810,1567,66
3208,8720,75811,11128,75811,1567,66
3208,8720,75812,11128,75812,1567,66
3208,8720,75813,11128,75813,1567,66
3208,8720,75814,11128,75814,1567,66
3208,8720,75815,11128,75815,1567,66
3208,8720,75816,11128,75816,1567,66
3208,8720,75817,11128,75817,1567,66
3208,8720,75818,11128,75818,1567,66
3208,8720,75819,11128,75819,1567,66
3208,8720,75820,11128,75820,1567,66
3208,8720,75821,11128,75821,1567,66
3208,8720,75822,11128,75822,1567,66
3208,8720,75823,11128,75823,1567,66
3208,8720,75824,11128,75824,1567,66
3208,8720,75825,11128,75825,1567,66
3208,8720,75826,11128,75826,1567,66
3208,8720,75827,11128,75827,1567,66
3208,8720,75828,11128,75828,1567,66
3208,8720,75829,11128,75829,1567,66
3208,8720,75830,11128,75830,1567,66
3208,8720,75831,11128,75831,1567,66
3208,8720,75832,11128,75832,1567,66
3208,8720,75833,11128,75833,1567,66
3208,8720,75834,11128,75834,1567,66
3208,8720,75835,11128,75835,1567,66
3208,8720,75836,11128,75836,1567,66
3208,8720,75837,11128,75837,1567,66
3208,8720,75838,11128,75838,1567,66
3208,8720,75839,11128,75839,1567,66
3208,8720,75840,11128,75840,1567,66
3208,8720,75841,11128,75841,1567,66
3208,8720,75842,11128,75842,1567,66
3208,8720,75843,11128,75843,1567,66
3208,8720,75844,11128,75844,1567,66
3208,8720,75845,11128,75845,1567,66
3208,8720,75846,11128,75846,1567,66
3208,8720,75847,11128,75847,1567,66
3208,8720,75848,11128,75848,1567,66
3208,8720,75849,11128,75849,1567,66
3208,8720,75850,11128,75850,1567,66
3208,8720,75851,11128,75851,1567,66
3208,8720,75852,11128,75852,1567,66
3208,8720,75853,11128,75853,1567,66
3208,8720,75854,11128,75854,1567,66
3208,8720,75855,11128,75855,1567,66
3208,8720,75856,11128,75856,1567,66
3208,8720,75857,11128,75857,1567,66
3208,8720,75858,11128,75858,1567,66
3208,8720,75859,11128,75859,1567,66
3208,8720,75860,11128,75860,1567,66
3208,8720,75861,11128,75861,1567,66
3208,8720,75862,11128,75862,1567,66
3208,8720,75863,11128,75863,1567,66
3208,8720,75864,11128,75864,1567,66
3208,8720,75865,11128,75865,1567,66
3208,8720,75866,11128,75866,1567,66
3208,8720,75867,11128,75867,1567,66
3208,8720,75868,11128,75868,1567,66
3208,8720,75869,11128,75869,1567,66
3208,8720,75870,11128,75870,1567,66
3208,8720,75871,11128,75871,1567,66
3208,8720,75872,11128,75872,1567,66
3208,8720,75873,11128,75873,1567,66
3208,8720,75874,11128,75874,1567,66
3208,8720,75875,11128,75875,1567,66
3208,8720,75876,11128,75876,1567,66
3208,8720,75877,11128,75877,1567,66
3208,8720,75878,11128,75878,1567,66
3208,8720,75879,11128,75879,1567,66
3208,8720,75880,11128,75880,1567,66
3208,8720,75881,11128,75881,1567,66
3208,8720,75882,11128,75882,1567,66
3208,8720,75883,11128,75883,1567,66
3208,8720,75884,11128,75884,1567,66
3208,8720,75885,11128,75885,1567,66
3208,8720,75886,11128,75886,1567,66
3208,8720,75887,11128,75887,1567,66
3208,8720,75888,11128,75888,1567,66
3208,8720,75889,11128,75889,1567,66
3208,8720,75890,11128,75890,1567,66
3208,8720,75891,11128,75891,1567,66
3208,8720,75892,11128,75892,1567,66
3208,8720,75893,11128,75893,1567,66
3208,8720,75894,11128,75894,1567,66
3208,8720,75895,11128,75895,1567,66
3208,8720,75896,11128,75896,1567,66
3208,8720,75897,11128,75897,1567,66
3208,8720,75898,11128,75898,1567,66
3208,8720,75899,11128,75899,1567,66
3208,8720,75900,11128,75900,1567,66
3208,8720,75901,11128,75901,1567,66
3208,8720,75902,11128,75902,1567,66
3208,8720,75903,11128,75903,1567,66
3208,8720,75904,11128,75904,1567,66
3208,8720,75905,11128,75905,1567,66
3208,8720,75906,11128,75906,1567,66
3208,8720,75907,11128,75907,1567,66
3208,8720,75908,11128,75908,1567,66
3208,8720,75909,11128,75909,1567,66
3208,8720,75910,11128,75910,1567,66
3208,8720,75911,11128,75911,1567,66
3208,8720,75912,11128,75912,1567,66
3208,8720,75913,11128,75913,1567,66
3208,8720,75914,11128,75914,1567,66
3208,8720,75915,11128,75915,1567,66
3208,8720,75916,11128,75916,1567,66
3208,8720,75917,11128,75917,1567,66
3208,8720,75918,11128,75918,1567,66
3208,8720,75919,11128,75919,1567,66
3208,8720,75920,11128,75920,1567,66
3208,8720,75921,11128,75921,1567,66
3208,8720,75922,11128,75922,1567,66
3208,8720,75923,11128,75923,1567,66
3208,8720,75924,11128,75924,1567,66
3208,8720,75925,11128,75925,1567,66
3208,8720,75926,11128,75926,1567,66
3208,8720,75927,11128,75927,1567,66
3208,8720,75928,11128,75928,1567,66
3208,8720,75929,11128,75929,1567,66
3208,8720,75930,11128,75930,1567,66
3208,8720,75931,11128,75931,1567,66
3208,8720,75932,11128,75932,1567,66
3208,8720,75933,11128,75933,1567,66
3208,8720,75934,11128,75934,1567,66
3208,8720,75935,11128,75935,1567,66
3208,8720,75936,11128,75936,1567,66
3208,8720,75937,11128,75937,1567,66
3208,8720,75938,11128,75938,1567,66
3208,8720,75939,11128,75939,1567,66
3208,8720,75940,11128,75940,1567,66
3208,8720,75941,11128,75941,1567,66
3208,8720,75942,11128,75942,1567,66
3208,8720,75943,11128,75943,1567,66
3208,8720,75944,11128,75944,1567,66
3208,8720,75945,11128,75945,1567,66
3208,8720,75946,11128,75946,1567,66
3208,8720,75947,11128,75947,1567,66
3208,8720,75948,11128,75948,1567,66
3208,8720,75949,11128,75949,1567,66
3208,8720,75950,11128,75950,1567,66
3208,8720,75951,11128,75951,1567,66
3208,8720,75952,11128,75952,1567,66
3208,8720,75953,11128,75953,1567,66
3208,8720,75954,11128,75954,1567,66
3208,8720,75955,11128,75955,1567,66
3208,8720,75956,11128,75956,1567,66
3208,8720,75957,11128,75957,1567,66
3208,8720,75958,11128,75958,1567,66
3208,8720,75959,11128,75959,1567,66
3208,8720,75960,11128,75960,1567,66
3208,8720,75961,11128,75961,1567,66
3208,8720,75962,11128,75962,1567,66
3208,8720,75963,11128,75963,1567,66
3208,8720,75964,11128,75964,1567,66
3208,8720,75965,11128,75965,1567,66
3209,8720,75966,11128,75966,1567,66
3209,8720,75967,11128,75967,1567,66
3209,8720,75968,11128,75968,1567,66
3209,8720,75969,11128,75969,1567,66
3209,8720,75970,11128,75970,1567,66
3209,8720,75971,11128,75971,1567,66
3209,8720,75972,11128,75972,1567,66
3209,8720,75973,11128,75973,1567,66
3209,8720,75974,11128,75974,1567,66
3209,8720,75975,11128,75975,1567,66
3209,8720,75976,11128,75976,1567,66
3209,8720,75977,11128,75977,1567,66
3209,8720,75978,11128,75978,1567,66
3209,8720,75979,11128,75979,1567,66
3209,8720,75980,11128,75980,1567,66
3209,8720,75981,11128,75981,1567,66
3209,8720,75982,11128,75982,1567,66
3209,8720,75983,11128,75983,1567,66
3209,8720,75984,11128,75984,1567,66
3209,8720,75985,11128,75985,1567,66
3209,8720,75986,11128,75986,1567,66
3209,8720,75987,11128,75987,1567,66
3209,8720,75988,11128,75988,1567,66
3209,8720,75989,11128,75989,1567,66
3209,8720,75990,11128,75990,1567,66
3209,8720,75991,11128,75991,1567,66
3209,8720,75992,11128,75992,1567,66
3209,8720,75993,11128,75993,1567,66
3209,8720,75994,11128,75994,1567,66
3209,8720,75995,11128,75995,1567,66
3209,8720,75996,11128,75996,1567,66
3209,8720,75997,11128,75997,1567,66
3209,8720,75998,11128,75998,1567,66
3209,8720,75999,11128,75999,1567,66
3209,8720,76000,11128,76000,1567,66
3209,8720,76001,11128,76001,1567,66
3209,8720,76002,11128,76002,1567,66
3209,8720,76003,11128,76003,1567,66
3209,8720,76004,11128,76004,1567,66
3209,8720,76005,11128,76005,1567,66
3209,8720,76006,11128,76006,1567,66
3209,8720,76007,11128,76007,1567,66
3209,8720,76008,11128,76008,1567,66
3209,8720,76009,11128,76009,1567,66
3209,8720,76010,11128,76010,1567,66
3209,8720,76011,11128,76011,1567,66
3209,8720,76012,11128,76012,1567,66
3209,8720,76013,11128,76013,1567,66
3209,8720,76014,11128,76014,1567,66
3209,8720,76015,11128,76015,1567,66
3209,8720,76016,11128,76016,1567,66
3209,8720,76017,11128,76017,1567,66
3209,8720,76018,11128,76018,1567,66
3209,8720,76019,11128,76019,1567,66
3209,8720,76020,11128,76020,1567,66
3209,8720,76021,11128,76021,1567,66
3209,8720,76022,11128,76022,1567,66
3209,8720,76023,11128,76023,1567,66
3209,8720,76024,11128,76024,1567,66
3209,8720,76025,11128,76025,1567,66
3209,8720,76026,11128,76026,1567,66
3209,8720,76027,11128,76027,1567,66
3209,8720,76028,11128,76028,1567,66
3209,8720,76029,11128,76029,1567,66
3209,8720,76030,11128,76030,1567,66
3209,8720,76031,11128,76031,1567,66
3209,8720,76032,11128,76032,1567,66
3209,8720,76033,11128,76033,1567,66
3209,8720,76034,11128,76034,1567,66
3209,8720,76035,11128,76035,1567,66
3209,8720,76036,11128,76036,1567,66
3209,8720,76037,11128,76037,1567,66
3209,8720,76038,11128,76038,1567,66
3209,8720,76039,11128,76039,1567,66
3209,8720,76040,11128,76040,1567,66
3209,8720,76041,11128,76041,1567,66
3209,8720,76042,11128,76042,1567,66
3209,8720,76043,11128,76043,1567,66
3209,8720,76044,11128,76044,1567,66
3209,8720,76045,11128,76045,1567,66
3209,8720,76046,11128,76046,1567,66
3209,8720,76047,11128,76047,1567,66
3209,8720,76048,11128,76048,1567,66
3209,8720,76049,11128,76049,1567,66
3209,8720,76050,11128,76050,1567,66
3209,8720,76051,11128,76051,1567,66
3209,8720,76052,11128,76052,1567,66
3209,8720,76053,11128,76053,1567,66
3209,8720,76054,11128,76054,1567,66
3209,8720,76055,11128,76055,1567,66
3209,8720,76056,11128,76056,1567,66
3209,8720,76057,11128,76057,1567,66
3209,8720,76058,11128,76058,1567,66
3209,8720,76059,11128,76059,1567,66
3209,8720,76060,11128,76060,1567,66
3209,8720,76061,11128,76061,1567,66
3209,8720,76062,11128,76062,1567,66
3209,8720,76063,11128,76063,1567,66
3209,8720,76064,11128,76064,1567,66
3209,8720,76065,11128,76065,1567,66
3209,8720,76066,11128,76066,1567,66
3209,8720,76067,11128,76067,1567,66
3209,8720,76068,11128,76068,1567,66
3209,8720,76069,11128,76069,1567,66
3209,8720,76070,11128,76070,1567,66
3209,8720,76071,11128,76071,1567,66
3209,8720,76072,11128,76072,1567,66
3209,8720,76073,11128,76073,1567,66
3209,8720,76074,11128,76074,1567,66
3209,8720,76075,11128,76075,1567,66
3209,8720,76076,11128,76076,1567,66
3209,8720,76077,11128,76077,1567,66
3209,8720,76078,11128,76078,1567,66
3209,8720,76079,11128,76079,1567,66
3209,8720,76080,11128,76080,1567,66
3209,8720,76081,11128,76081,1567,66
3209,8720,76082,11128,76082,1567,66
3209,8720,76083,11128,76083,1567,66
3209,8720,76084,11128,76084,1567,66
3209,8720,76085,11128,76085,1567,66
3209,8720,76086,11128,76086,1567,66
3209,8720,76087,11128,76087,1567,66
3209,8720,76088,11128,76088,1567,66
3209,8720,76089,11128,76089,1567,66
3209,8720,76090,11128,76090,1567,66
3209,8720,76091,11128,76091,1567,66
3209,8720,76092,11128,76092,1567,66
3209,8720,76093,11128,76093,1567,66
3209,8720,76094,11128,76094,1567,66
3209,8720,76095,11128,76095,1567,66
3209,8720,76096,11128,76096,1567,66
3209,8720,76097,11128,76097,1567,66
3209,8720,76098,11128,76098,1567,66
3209,8720,76099,11128,76099,1567,66
3209,8720,76100,11128,76100,1567,66
3209,8720,76101,11128,76101,1567,66
3209,8720,76102,11128,76102,1567,66
3209,8720,76103,11128,76103,1567,66
3209,8720,76104,11128,76104,1567,66
3209,8720,76105,11128,76105,1567,66
3209,8720,76106,11128,76106,1567,66
3209,8720,76107,11128,76107,1567,66
3209,8720,76108,11128,76108,1567,66
3209,8720,76109,11128,76109,1567,66
3209,8720,76110,11128,76110,1567,66
3209,8720,76111,11128,76111,1567,66
3209,8720,76112,11128,76112,1567,66
3209,8720,76113,11128,76113,1567,66
3209,8720,76114,11128,76114,1567,66
3209,8720,76115,11128,76115,1567,66
3209,8720,76116,11128,76116,1567,66
3209,8720,76117,11128,76117,1567,66
3209,8720,76118,11128,76118,1567,66
3209,8720,76119,11128,76119,1567,66
3209,8720,76120,11128,76120,1567,66
3209,8720,76121,11128,76121,1567,66
3209,8720,76122,11128,76122,1567,66
3209,8720,76123,11128,76123,1567,66
3209,8720,76124,11128,76124,1567,66
3209,8720,76125,11128,76125,1567,66
3209,8720,76126,11128,76126,1567,66
3209,8720,76127,11128,76127,1567,66
3209,8720,76128,11128,76128,1567,66
3209,8720,76129,11128,76129,1567,66
3209,8720,76130,11128,76130,1567,66
3209,8720,76131,11128,76131,1567,66
3209,8720,76132,11128,76132,1567,66
3209,8720,76133,11128,76133,1567,66
3209,8720,76134,11128,76134,1567,66
3209,8720,76135,11128,76135,1567,66
3209,8720,76136,11128,76136,1567,66
3209,8720,76137,11128,76137,1567,66
3209,8720,76138,11128,76138,1567,66
3209,8720,76139,11128,76139,1567,66
3209,8720,76140,11128,76140,1567,66
3209,8720,76141,11128,76141,1567,66
3209,8720,76142,11128,76142,1567,66
3209,8720,76143,11128,76143,1567,66
3209,8720,76144,11128,76144,1567,66
3209,8720,76145,11128,76145,1567,66
3209,8720,76146,11128,76146,1567,66
3209,8720,76147,11128,76147,1567,66
3209,8720,76148,11128,76148,1567,66
3209,8720,76149,11128,76149,1567,66
3209,8720,76150,11128,76150,1567,66
3209,8720,76151,11128,76151,1567,66
3209,8720,76152,11128,76152,1567,66
3209,8720,76153,11128,76153,1567,66
3209,8720,76154,11128,76154,1567,66
3209,8720,76155,11128,76155,1567,66
3209,8720,76156,11128,76156,1567,66
3209,8720,76157,11128,76157,1567,66
3209,8720,76158,11128,76158,1567,66
3209,8720,76159,11128,76159,1567,66
3209,8720,76160,11128,76160,1567,66
3209,8720,76161,11128,76161,1567,66
3209,8720,76162,11128,76162,1567,66
3209,8720,76163,11128,76163,1567,66
3209,8720,76164,11128,76164,1567,66
3209,8720,76165,11128,76165,1567,66
3209,8720,76166,11128,76166,1567,66
3209,8720,76167,11128,76167,1567,66
3209,8720,76168,11128,76168,1567,66
3209,8720,76169,11128,76169,1567,66
3209,8720,76170,11128,76170,1567,66
3209,8720,76171,11128,76171,1567,66
3209,8720,76172,11128,76172,1567,66
3209,8720,76173,11128,76173,1567,66
3209,8720,76174,11128,76174,1567,66
3209,8720,76175,11128,76175,1567,66
3209,8720,76176,11128,76176,1567,66
3209,8720,76177,11128,76177,1567,66
3209,8720,76178,11128,76178,1567,66
3209,8720,76179,11128,76179,1567,66
3209,8720,76180,11128,76180,1567,66
3209,8720,76181,11128,76181,1567,66
3209,8720,76182,11128,76182,1567,66
3209,8720,76183,11128,76183,1567,66
3209,8720,76184,11128,76184,1567,66
3209,8720,76185,11128,76185,1567,66
3209,8720,76186,11128,76186,1567,66
3209,8720,76187,11128,76187,1567,66
3209,8720,76188,11128,76188,1567,66
3209,8720,76189,11128,76189,1567,66
3209,8720,76190,11128,76190,1567,66
3209,8720,76191,11128,76191,1567,66
3209,8720,76192,11128,76192,1567,66
3209,8720,76193,11128,76193,1567,66
3209,8720,76194,11128,76194,1567,66
3209,8720,76195,11128,76195,1567,66
3209,8720,76196,11128,76196,1567,66
3209,8720,76197,11128,76197,1567,66
3209,8720,76198,11128,76198,1567,66
3209,8720,76199,11128,76199,1567,66
3209,8720,76200,11128,76200,1567,66
3209,8720,76201,11128,76201,1567,66
3209,8720,76202,11128,76202,1567,66
3209,8720,76203,11128,76203,1567,66
3209,8720,76204,11128,76204,1567,66
3209,8720,76205,11128,76205,1567,66
3209,8720,76206,11128,76206,1567,66
3209,8720,76207,11128,76207,1567,66
3209,8720,76208,11128,76208,1567,66
3209,8720,76209,11128,76209,1567,66
3209,8720,76210,11128,76210,1567,66
3209,8720,76211,11128,76211,1567,66
3209,8720,76212,11128,76212,1567,66
3209,8720,76213,11128,76213,1567,66
3209,8720,76214,11128,76214,1567,66
3209,8720,76215,11128,76215,1567,66
3209,8720,76216,11128,76216,1567,66
3209,8720,76217,11128,76217,1567,66
3209,8720,76218,11128,76218,1567,66
3209,8720,76219,11128,76219,1567,66
3209,8720,76220,11128,76220,1567,66
3209,8720,76221,11128,76221,1567,66
3210,8720,76222,11128,76222,1567,66
3210,8720,76223,11128,76223,1567,66
3210,8720,76224,11128,76224,1567,66
3210,8720,76225,11128,76225,1567,66
3210,8720,76226,11128,76226,1567,66
3210,8720,76227,11128,76227,1567,66
3210,8720,76228,11128,76228,1567,66
3210,8720,76229,11128,76229,1567,66
3210,8720,76230,11128,76230,1567,66
3210,8720,76231,11128,76231,1567,66
3210,8720,76232,11128,76232,1567,66
3210,8720,76233,11128,76233,1567,66
3210,8720,76234,11128,76234,1567,66
3210,8720,76235,11128,76235,1567,66
3210,8720,76236,11128,76236,1567,66
3210,8720,76237,11128,76237,1567,66
3210,8720,76238,11128,76238,1567,66
3210,8720,76239,11128,76239,1567,66
3210,8720,76240,11128,76240,1567,66
3210,8720,76241,11128,76241,1567,66
3210,8720,76242,11128,76242,1567,66
3210,8720,76243,11128,76243,1567,66
3210,8720,76244,11128,76244,1567,66
3210,8720,76245,11128,76245,1567,66
3210,8720,76246,11128,76246,1567,66
3210,8720,76247,11128,76247,1567,66
3210,8720,76248,11128,76248,1567,66
3210,8720,76249,11128,76249,1567,66
3210,8720,76250,11128,76250,1567,66
3210,8720,76251,11128,76251,1567,66
3210,8720,76252,11128,76252,1567,66
3210,8720,76253,11128,76253,1567,66
3210,8720,76254,11128,76254,1567,66
3210,8720,76255,11128,76255,1567,66
3210,8720,76256,11128,76256,1567,66
3210,8720,76257,11128,76257,1567,66
3210,8720,76258,11128,76258,1567,66
3210,8720,76259,11128,76259,1567,66
3210,8720,76260,11128,76260,1567,66
3210,8720,76261,11128,76261,1567,66
3210,8720,76262,11128,76262,1567,66
3210,8720,76263,11128,76263,1567,66
3210,8720,76264,11128,76264,1567,66
3210,8720,76265,11128,76265,1567,66
3210,8720,76266,11128,76266,1567,66
3210,8720,76267,11128,76267,1567,66
3210,8720,76268,11128,76268,1567,66
3210,8720,76269,11128,76269,1567,66
3210,8720,76270,11128,76270,1567,66
3210,8720,76271,11128,76271,1567,66
3210,8720,76272,11128,76272,1567,66
3210,8720,76273,11128,76273,1567,66
3210,8720,76274,11128,76274,1567,66
3210,8720,76275,11128,76275,1567,66
3210,8720,76276,11128,76276,1567,66
3210,8720,76277,11128,76277,1567,66
3210,8720,76278,11128,76278,1567,66
3210,8720,76279,11128,76279,1567,66
3210,8720,76280,11128,76280,1567,66
3210,8720,76281,11128,76281,1567,66
3210,8720,76282,11128,76282,1567,66
3210,8720,76283,11128,76283,1567,66
3210,8720,76284,11128,76284,1567,66
3210,8720,76285,11128,76285,1567,66
3210,8720,76286,11128,76286,1567,66
3210,8720,76287,11128,76287,1567,66
3210,8720,76288,11128,76288,1567,66
3210,8720,76289,11128,76289,1567,66
3210,8720,76290,11128,76290,1567,66
3210,8720,76291,11128,76291,1567,66
3210,8720,76292,11128,76292,1567,66
3210,8720,76293,11128,76293,1567,66
3210,8720,76294,11128,76294,1567,66
3210,8720,76295,11128,76295,1567,66
3210,8720,76296,11128,76296,1567,66
3210,8720,76297,11128,76297,1567,66
3210,8720,76298,11128,76298,1567,66
3210,8720,76299,11128,76299,1567,66
3210,8720,76300,11128,76300,1567,66
3210,8720,76301,11128,76301,1567,66
3210,8720,76302,11128,76302,1567,66
3210,8720,76303,11128,76303,1567,66
3210,8720,76304,11128,76304,1567,66
3210,8720,76305,11128,76305,1567,66
3210,8720,76306,11128,76306,1567,66
3210,8720,76307,11128,76307,1567,66
3210,8720,76308,11128,76308,1567,66
3210,8720,76309,11128,76309,1567,66
3210,8720,76310,11128,76310,1567,66
3210,8720,76311,11128,76311,1567,66
3210,8720,76312,11128,76312,1567,66
3210,8720,76313,11128,76313,1567,66
3210,8720,76314,11128,76314,1567,66
3210,8720,76315,11128,76315,1567,66
3210,8720,76316,11128,76316,1567,66
3210,8720,76317,11128,76317,1567,66
3210,8720,76318,11128,76318,1567,66
3210,8720,76319,11128,76319,1567,66
3210,8720,76320,11128,76320,1567,66
3210,8720,76321,11128,76321,1567,66
3210,8720,76322,11128,76322,1567,66
3210,8720,76323,11128,76323,1567,66
3210,8720,76324,11128,76324,1567,66
3210,8720,76325,11128,76325,1567,66
3210,8720,76326,11128,76326,1567,66
3210,8720,76327,11128,76327,1567,66
3210,8720,76328,11128,76328,1567,66
3210,8720,76329,11128,76329,1567,66
3210,8720,76330,11128,76330,1567,66
3210,8720,76331,11128,76331,1567,66
3210,8720,76332,11128,76332,1567,66
3210,8720,76333,11128,76333,1567,66
3210,8720,76334,11128,76334,1567,66
3210,8720,76335,11128,76335,1567,66
3210,8720,76336,11128,76336,1567,66
3210,8720,76337,11128,76337,1567,66
3210,8720,76338,11128,76338,1567,66
3210,8720,76339,11128,76339,1567,66
3210,8720,76340,11128,76340,1567,66
3210,8720,76341,11128,76341,1567,66
3210,8720,76342,11128,76342,1567,66
3210,8720,76343,11128,76343,1567,66
3210,8720,76344,11128,76344,1567,66
3210,8720,76345,11128,76345,1567,66
3210,8720,76346,11128,76346,1567,66
3210,8720,76347,11128,76347,1567,66
3210,8720,76348,11128,76348,1567,66
3210,8720,76349,11128,76349,1567,66
3210,8720,76350,11128,76350,1567,66
3210,8720,76351,11128,76351,1567,66
3210,8720,76352,11128,76352,1567,66
3210,8720,76353,11128,76353,1567,66
3210,8720,76354,11128,76354,1567,66
3210,8720,76355,11128,76355,1567,66
3210,8720,76356,11128,76356,1567,66
3210,8720,76357,11128,76357,1567,66
3210,8720,76358,11128,76358,1567,66
3210,8720,76359,11128,76359,1567,66
3210,8720,76360,11128,76360,1567,66
3210,8720,76361,11128,76361,1567,66
3210,8720,76362,11128,76362,1567,66
3210,8720,76363,11128,76363,1567,66
3210,8720,76364,11128,76364,1567,66
3210,8720,76365,11128,76365,1567,66
3210,8720,76366,11128,76366,1567,66
3210,8720,76367,11128,76367,1567,66
3210,8720,76368,11128,76368,1567,66
3210,8720,76369,11128,76369,1567,66
3210,8720,76370,11128,76370,1567,66
3210,8720,76371,11128,76371,1567,66
3210,8720,76372,11128,76372,1567,66
3210,8720,76373,11128,76373,1567,66
3210,8720,76374,11128,76374,1567,66
3210,8720,76375,11128,76375,1567,66
3210,8720,76376,11128,76376,1567,66
3210,8720,76377,11128,76377,1567,66
3210,8720,76378,11128,76378,1567,66
3210,8720,76379,11128,76379,1567,66
3210,8720,76380,11128,76380,1567,66
3210,8720,76381,11128,76381,1567,66
3210,8720,76382,11128,76382,1567,66
3210,8720,76383,11128,76383,1567,66
3210,8720,76384,11128,76384,1567,66
3210,8720,76385,11128,76385,1567,66
3210,8720,76386,11128,76386,1567,66
3210,8720,76387,11128,76387,1567,66
3210,8720,76388,11128,76388,1567,66
3210,8720,76389,11128,76389,1567,66
3210,8720,76390,11128,76390,1567,66
3210,8720,76391,11128,76391,1567,66
3210,8720,76392,11128,76392,1567,66
3210,8720,76393,11128,76393,1567,66
3210,8720,76394,11128,76394,1567,66
3210,8720,76395,11128,76395,1567,66
3210,8720,76396,11128,76396,1567,66
3210,8720,76397,11128,76397,1567,66
3210,8720,76398,11128,76398,1567,66
3210,8720,76399,11128,76399,1567,66
3210,8720,76400,11128,76400,1567,66
3210,8720,76401,11128,76401,1567,66
3210,8720,76402,11128,76402,1567,66
3210,8720,76403,11128,76403,1567,66
3210,8720,76404,11128,76404,1567,66
3210,8720,76405,11128,76405,1567,66
3210,8720,76406,11128,76406,1567,66
3210,8720,76407,11128,76407,1567,66
3210,8720,76408,11128,76408,1567,66
3210,8720,76409,11128,76409,1567,66
3210,8720,76410,11128,76410,1567,66
3210,8720,76411,11128,76411,1567,66
3210,8720,76412,11128,76412,1567,66
3210,8720,76413,11128,76413,1567,66
3210,8720,76414,11128,76414,1567,66
3210,8720,76415,11128,76415,1567,66
3210,8720,76416,11128,76416,1567,66
3210,8720,76417,11128,76417,1567,66
3210,8720,76418,11128,76418,1567,66
3210,8720,76419,11128,76419,1567,66
3210,8720,76420,11128,76420,1567,66
3210,8720,76421,11128,76421,1567,66
3210,8720,76422,11128,76422,1567,66
3210,8720,76423,11128,76423,1567,66
3210,8720,76424,11128,76424,1567,66
3210,8720,76425,11128,76425,1567,66
3210,8720,76426,11128,76426,1567,66
3210,8720,76427,11128,76427,1567,66
3210,8720,76428,11128,76428,1567,66
3210,8720,76429,11128,76429,1567,66
3210,8720,76430,11128,76430,1567,66
3210,8720,76431,11128,76431,1567,66
3210,8720,76432,11128,76432,1567,66
3210,8720,76433,11128,76433,1567,66
3210,8720,76434,11128,76434,1567,66
3210,8720,76435,11128,76435,1567,66
3210,8720,76436,11128,76436,1567,66
3210,8720,76437,11128,76437,1567,66
3210,8720,76438,11128,76438,1567,66
3210,8720,76439,11128,76439,1567,66
3210,8720,76440,11128,76440,1567,66
3210,8720,76441,11128,76441,1567,66
3210,8720,76442,11128,76442,1567,66
3210,8720,76443,11128,76443,1567,66
3210,8720,76444,11128,76444,1567,66
3210,8720,76445,11128,76445,1567,66
3210,8720,76446,11128,76446,1567,66
3210,8720,76447,11128,76447,1567,66
3210,8720,76448,11128,76448,1567,66
3210,8720,76449,11128,76449,1567,66
3210,8720,76450,11128,76450,1567,66
3210,8720,76451,11128,76451,1567,66
3210,8720,76452,11128,76452,1567,66
3210,8720,76453,11128,76453,1567,66
3210,8720,76454,11128,76454,1567,66
3210,8720,76455,11128,76455,1567,66
3210,8720,76456,11128,76456,1567,66
3210,8720,76457,11128,76457,1567,66
3210,8720,76458,11128,76458,1567,66
3210,8720,76459,11128,76459,1567,66
3210,8720,76460,11128,76460,1567,66
3210,8720,76461,11128,76461,1567,66
3210,8720,76462,11128,76462,1567,66
3210,8720,76463,11128,76463,1567,66
3210,8720,76464,11128,76464,1567,66
3210,8720,76465,11128,76465,1567,66
3210,8720,76466,11128,76466,1567,66
3210,8720,76467,11128,76467,1567,66
3210,8720,76468,11128,76468,1567,66
3210,8720,76469,11128,76469,1567,66
3210,8720,76470,11128,76470,1567,66
3210,8720,76471,11128,76471,1567,66
3210,8720,76472,11128,76472,1567,66
3210,8720,76473,11128,76473,1567,66
3210,8720,76474,11128,76474,1567,66
3210,8720,76475,11128,76475,1567,66
3210,8720,76476,11128,76476,1567,66
3210,8720,76477,11128,76477,1567,66
3210,8720,76478,11128,76478,1567,66
3210,8720,76479,11128,76479,1567,66
3210,8720,76480,11128,76480,1567,66
3210,8720,76481,11128,76481,1567,66
3210,8720,76482,11128,76482,1567,66
3210,8720,76483,11128,76483,1567,66
3210,8720,76484,11128,76484,1567,66
3210,8720,76485,11128,76485,1567,66
3210,8720,76486,11128,76486,1567,66
3210,8720,76487,11128,76487,1567,66
3210,8720,76488,11128,76488,1567,66
3210,8720,76489,11128,76489,1567,66
3210,8720,76490,11128,76490,1567,66
3210,8720,76491,11128,76491,1567,66
3210,8720,76492,11128,76492,1567,66
3210,8720,76493,11128,76493,1567,66
3210,8720,76494,11128,76494,1567,66
3210,8720,76495,11128,76495,1567,66
3210,8720,76496,11128,76496,1567,66
3210,8720,76497,11128,76497,1567,66
3210,8720,76498,11128,76498,1567,66
3210,8720,76499,11128,76499,1567,66
3209,8720,76500,11128,76500,1567,66
3209,8720,76501,11128,76501,1567,66
3209,8720,76502,11128,76502,1567,66
3209,8720,76503,11128,76503,1567,66
3209,8720,76504,11128,76504,1567,66
3209,8720,76505,11128,76505,1567,66
3209,8720,76506,11128,76506,1567,66
3209,8720,76507,11128,76507,1567,66
3209,8720,76508,11128,76508,1567,66
3209,8720,76509,11128,76509,1567,66
3209,8720,76510,11128,76510,1567,66
3209,8720,76511,11128,76511,1567,66
3209,8720,76512,11128,76512,1567,66
3209,8720,76513,11128,76513,1567,66
3209,8720,76514,11128,76514,1567,66
3209,8720,76515,11128,76515,1567,66
3209,8720,76516,11128,76516,1567,66
3209,8720,76517,11128,76517,1567,66
3209,8720,76518,11128,76518,1567,66
3209,8720,76519,11128,76519,1567,66
3209,8720,76520,11128,76520,1567,66
3209,8720,76521,11128,76521,1567,66
3209,8720,76522,11128,76522,1567,66
3209,8720,76523,11128,76523,1567,66
3209,8720,76524,11128,76524,1567,66
3209,8720,76525,11128,76525,1567,66
3209,8720,76526,11128,76526,1567,66
3209,8720,76527,11128,76527,1567,66
3209,8720,76528,11128,76528,1567,66
3209,8720,76529,11128,76529,1567,66
3209,8720,76530,11128,76530,1567,66
3209,8720,76531,11128,76531,1567,66
3209,8720,76532,11128,76532,1567,66
3209,8720,76533,11128,76533,1567,66
3209,8720,76534,11128,76534,1567,66
3209,8720,76535,11128,76535,1567,66
3209,8720,76536,11128,76536,1567,66
3209,8720,76537,11128,76537,1567,66
3209,8720,76538,11128,76538,1567,66
3209,8720,76539,11128,76539,1567,66
3209,8720,76540,11128,76540,1567,66
3209,8720,76541,11128,76541,1567,66
3209,8720,76542,11128,76542,1567,66
3209,8720,76543,11128,76543,1567,66
3209,8720,76544,11128,76544,1567,66
3209,8720,76545,11128,76545,1567,66
3209,8720,76546,11128,76546,1567,66
3209,8720,76547,11128,76547,1567,66
3209,8720,76548,11128,76548,1567,66
3209,8720,76549,11128,76549,1567,66
3209,8720,76550,11128,76550,1567,66
3209,8720,76551,11128,76551,1567,66
3209,8720,76552,11128,76552,1567,66
3209,8720,76553,11128,76553,1567,66
3209,8720,76554,11128,76554,1567,66
3209,8720,76555,11128,76555,1567,66
3209,8720,76556,11128,76556,1567,66
3209,8720,76557,11128,76557,1567,66
3209,8720,76558,11128,76558,1567,66
3209,8720,76559,11128,76559,1567,66
3209,8720,76560,11128,76560,1567,66
3209,8720,76561,11128,76561,1567,66
3209,8720,76562,11128,76562,1567,66
3209,8720,76563,11128,76563,1567,66
3209,8720,76564,11128,76564,1567,66
3209,8720,76565,11128,76565,1567,66
3209,8720,76566,11128,76566,1567,66
3209,8720,76567,11128,76567,1567,66
3209,8720,76568,11128,76568,1567,66
3209,8720,76569,11128,76569,1567,66
3209,8720,76570,11128,76570,1567,66
3209,8720,76571,11128,76571,1567,66
3209,8720,76572,11128,76572,1567,66
3209,8720,76573,11128,76573,1567,66
3209,8720,76574,11128,76574,1567,66
3209,8720,76575,11128,76575,1567,66
3209,8720,76576,11128,76576,1567,66
3209,8720,76577,11128,76577,1567,66
3209,8720,76578,11128,76578,1567,66
3209,8720,76579,11128,76579,1567,66
3209,8720,76580,11128,76580,1567,66
3209,8720,76581,11128,76581,1567,66
3209,8720,76582,11128,76582,1567,66
3209,8720,76583,11128,76583,1567,66
3209,8720,76584,11128,76584,1567,66
3209,8720,76585,11128,76585,1567,66
3209,8720,76586,11128,76586,1567,66
3209,8720,76587,11128,76587,1567,66
3209,8720,76588,11128,76588,1567,66
3209,8720,76589,11128,76589,1567,66
3209,8720,76590,11128,76590,1567,66
3209,8720,76591,11128,76591,1567,66
3209,8720,76592,11128,76592,1567,66
3209,8720,76593,11128,76593,1567,66
3209,8720,76594,11128,76594,1567,66
3209,8720,76595,11128,76595,1567,66
3209,8720,76596,11128,76596,1567,66
3209,8720,76597,11128,76597,1567,66
3209,8720,76598,11128,76598,1567,66
3209,8720,76599,11128,76599,1567,66
3209,8720,76600,11128,76600,1567,66
3209,8720,76601,11128,76601,1567,66
3209,8720,76602,11128,76602,1567,66
3209,8720,76603,11128,76603,1567,66
3209,8720,76604,11128,76604,1567,66
3209,8720,76605,11128,76605,1567,66
3209,8720,76606,11128,76606,1567,66
3209,8720,76607,11128,76607,1567,66
3209,8720,76608,11128,76608,1567,66
3209,8720,76609,11128,76609,1567,66
3209,8720,76610,11128,76610,1567,66
3209,8720,76611,11128,76611,1567,66
3209,8720,76612,11128,76612,1567,66
3209,8720,76613,11128,76613,1567,66
3209,8720,76614,11128,76614,1567,66
3209,8720,76615,11128,76615,1567,66
3209,8720,76616,11128,76616,1567,66
3209,8720,76617,11128,76617,1567,66
3209,8720,76618,11128,76618,1567,66
3209,8720,76619,11128,76619,1567,66
3209,8720,76620,11128,76620,1567,66
3209,8720,76621,11128,76621,1567,66
3209,8720,76622,11128,76622,1567,66
3209,8720,76623,11128,76623,1567,66
3209,8720,76624,11128,76624,1567,66
3209,8720,76625,11128,76625,1567,66
3209,8720,76626,11128,76626,1567,66
3209,8720,76627,11128,76627,1567,66
3209,8720,76628,11128,76628,1567,66
3209,8720,76629,11128,76629,1567,66
3209,8720,76630,11128,76630,1567,66
3209,8720,76631,11128,76631,1567,66
3209,8720,76632,11128,76632,1567,66
3209,8720,76633,11128,76633,1567,66
3209,8720,76634,11128,76634,1567,66
3209,8720,76635,11128,76635,1567,66
3209,8720,76636,11128,76636,1567,66
3209,8720,76637,11128,76637,1567,66
3209,8720,76638,11128,76638,1567,66
3209,8720,76639,11128,76639,1567,66
3209,8720,76640,11128,76640,1567,66
3209,8720,76641,11128,76641,1567,66
3209,8720,76642,11128,76642,1567,66
3209,8720,76643,11128,76643,1567,66
3209,8720,76644,11128,76644,1567,66
3209,8720,76645,11128,76645,1567,66
3209,8720,76646,11128,76646,1567,66
3209,8720,76647,11128,76647,1567,66
3209,8720,76648,11128,76648,1567,66
3209,8720,76649,11128,76649,1567,66
3209,8720,76650,11128,76650,1567,66
3209,8720,76651,11128,76651,1567,66
3209,8720,76652,11128,76652,1567,66
3209,8720,76653,11128,76653,1567,66
3209,8720,76654,11128,76654,1567,66
3209,8720,76655,11128,76655,1567,66
3209,8720,76656,11128,76656,1567,66
3209,8720,76657,11128,76657,1567,66
3209,8720,76658,11128,76658,1567,66
3209,8720,76659,11128,76659,1567,66
3209,8720,76660,11128,76660,1567,66
3209,8720,76661,11128,76661,1567,66
3209,8720,76662,11128,76662,1567,66
3209,8720,76663,11128,76663,1567,66
3209,8720,76664,11128,76664,1567,66
3209,8720,76665,11128,76665,1567,66
3209,8720,76666,11128,76666,1567,66
3209,8720,76667,11128,76667,1567,66
3209,8720,76668,11128,76668,1567,66
3209,8720,76669,11128,76669,1567,66
3209,8720,76670,11128,76670,1567,66
3209,8720,76671,11128,76671,1567,66
3209,8720,76672,11128,76672,1567,66
3209,8720,76673,11128,76673,1567,66
3209,8720,76674,11128,76674,1567,66
3209,8720,76675,11128,76675,1567,66
3209,8720,76676,11128,76676,1567,66
3209,8720,76677,11128,76677,1567,66
3209,8720,76678,11128,76678,1567,66
3209,8720,76679,11128,76679,1567,66
3209,8720,76680,11128,76680,1567,66
3209,8720,76681,11128,76681,1567,66
3209,8720,76682,11128,76682,1567,66
3209,8720,76683,11128,76683,1567,66
3209,8720,76684,11128,76684,1567,66
3209,8720,76685,11128,76685,1567,66
3209,8720,76686,11128,76686,1567,66
3209,8720,76687,11128,76687,1567,66
3209,8720,76688,11128,76688,1567,66
3209,8720,76689,11128,76689,1567,66
3209,8720,76690,11128,76690,1567,66
3209,8720,76691,11128,76691,1567,66
3209,8720,76692,11128,76692,1567,66
3209,8720,76693,11128,76693,1567,66
3209,8720,76694,11128,76694,1567,66
3209,8720,76695,11128,76695,1567,66
3209,8720,76696,11128,76696,1567,66
3209,8720,76697,11128,76697,1567,66
3209,8720,76698,11128,76698,1567,66
3209,8720,76699,11128,76699,1567,66
3209,8720,76700,11128,76700,1567,66
3209,8720,76701,11128,76701,1567,66
3209,8720,76702,11128,76702,1567,66
3209,8720,76703,11128,76703,1567,66
3209,8720,76704,11128,76704,1567,66
3209,8720,76705,11128,76705,1567,66
3209,8720,76706,11128,76706,1567,66
3209,8720,76707,11128,76707,1567,66
3209,8720,76708,11128,76708,1567,66
3209,8720,76709,11128,76709,1567,66
3209,8720,76710,11128,76710,1567,66
3209,8720,76711,11128,76711,1567,66
3209,8720,76712,11128,76712,1567,66
3209,8720,76713,11128,76713,1567,66
3209,8720,76714,11128,76714,1567,66
3209,8720,76715,11128,76715,1567,66
3209,8720,76716,11128,76716,1567,66
3209,8720,76717,11128,76717,1567,66
3209,8720,76718,11128,76718,1567,66
3209,8720,76719,11128,76719,1567,66
3209,8720,76720,11128,76720,1567,66
3209,8720,76721,11128,76721,1567,66
3209,8720,76722,11128,76722,1567,66
3209,8720,76723,11128,76723,1567,66
3209,8720,76724,11128,76724,1567,66
3209,8720,76725,11128,76725,1567,66
3209,8720,76726,11128,76726,1567,66
3209,8720,76727,11128,76727,1567,66
3209,8720,76728,11128,76728,1567,66
3209,8720,76729,11128,76729,1567,66
3209,8720,76730,11128,76730,1567,66
3209,8720,76731,11128,76731,1567,66
3209,8720,76732,11128,76732,1567,66
3209,8720,76733,11128,76733,1567,66
3209,8720,76734,11128,76734,1567,66
3209,8720,76735,11128,76735,1567,66
3209,8720,76736,11128,76736,1567,66
3209,8720,76737,11128,76737,1567,66
3209,8720,76738,11128,76738,1567,66
3209,8720,76739,11128,76739,1567,66
3209,8720,76740,11128,76740,1567,66
3209,8720,76741,11128,76741,1567,66
3209,8720,76742,11128,76742,1567,66
3209,8720,76743,11128,76743,1567,66
3209,8720,76744,11128,76744,1567,66
3209,8720,76745,11128,76745,1567,66
3209,8720,76746,11128,76746,1567,66
3209,8720,76747,11128,76747,1567,66
3209,8720,76748,11128,76748,1567,66
3209,8720,76749,11128,76749,1567,66
3209,8720,76750,11128,76750,1567,66
3209,8720,76751,11128,76751,1567,66
3209,8720,76752,11128,76752,1567,66
3209,8720,76753,11128,76753,1567,66
3209,8720,76754,11128,76754,1567,66
3209,8720,76755,11128,76755,1567,66
3209,8720,76756,11128,76756,1567,66
3209,8720,76757,11128,76757,1567,66
3209,8720,76758,11128,76758,1567,66
3209,8720,76759,11128,76759,1567,66
3209,8720,76760,11128,76760,1567,66
3209,8720,76761,11128,76761,1567,66
3209,8720,76762,11128,76762,1567,66
3209,8720,76763,11128,76763,1567,66
3209,8720,76764,11128,76764,1567,66
3209,8720,76765,11128,76765,1567,66
3209,8720,76766,11128,76766,1567,66
3209,8720,76767,11128,76767,1567,66
3209,8720,76768,11128,76768,1567,66
3209,8720,76769,11128,76769,1567,66
3209,8720,76770,11128,76770,1567,66
3209,8720,76771,11128,76771,1567,66
3209,8720,76772,11128,76772,1567,66
3209,8720,76773,11128,76773,1567,66
3209,8720,76774,11128,76774,1567,66
3209,8720,76775,11128,76775,1567,66
3209,8720,76776,11128,76776,1567,66
3209,8720,76777,11128,76777,1567,66
3209,8720,76778,11128,76778,1567,66
3209,8720,76779,11128,76779,1567,66
3209,8720,76780,11128,76780,1567,66
3209,8720,76781,11128,76781,1567,66
3209,8720,76782,11128,76782,1567,66
3209,8720,76783,11128,76783,1567,66
3209,8720,76784,11128,76784,1567,66
3209,8720,76785,11128,76785,1567,66
3209,8720,76786,11128,76786,1567,66
3209,8720,76787,11128,76787,1567,66
3209,8720,76788,11128,76788,1567,66
3209,8720,76789,11128,76789,1567,66
3209,8720,76790,11128,76790,1567,66
3209,8720,76791,11128,76791,1567,66
3209,8720,76792,11128,76792,1567,66
3209,8720,76793,11128,76793,1567,66
3209,8720,76794,11128,76794,1567,66
3209,8720,76795,11128,76795,1567,66
3209,8720,76796,11128,76796,1567,66
3209,8720,76797,11128,76797,1567,66
3209,8720,76798,11128,76798,1567,66
3209,8720,76799,11128,76799,1567,66
3209,8720,76800,11128,76800,1567,66
3209,8720,76801,11128,76801,1567,66
3209,8720,76802,11128,76802,1567,66
3209,8720,76803,11128,76803,1567,66
3209,8720,76804,11128,76804,1567,66
3209,8720,76805,11128,76805,1567,66
3209,8720,76806,11128,76806,1567,66
3209,8720,76807,11128,76807,1567,66
3209,8720,76808,11128,76808,1567,66
3209,8720,76809,11128,76809,1567,66
3209,8720,76810,11128,76810,1567,66
3209,8720,76811,11128,76811,1567,66
3209,8720,76812,11128,76812,1567,66
3209,8720,76813,11128,76813,1567,66
3209,8720,76814,11128,76814,1567,66
3209,8720,76815,11128,76815,1567,66
3209,8720,76816,11128,76816,1567,66
3209,8720,76817,11128,76817,1567,66
3209,8720,76818,11128,76818,1567,66
3209,8720,76819,11128,76819,1567,66
3209,8720,76820,11128,76820,1567,66
3209,8720,76821,11128,76821,1567,66
3209,8720,76822,11128,76822,1567,66
3209,8720,76823,11128,76823,1567,66
3209,8720,76824,11128,76824,1567,66
3209,8720,76825,11128,76825,1567,66
3209,8720,76826,11128,76826,1567,66
3209,8720,76827,11128,76827,1567,66
3209,8720,76828,11128,76828,1567,66
3209,8720,76829,11128,76829,1567,66
3209,8720,76830,11128,76830,1567,66
3209,8720,76831,11128,76831,1567,66
3209,8720,76832,11128,76832,1567,66
3209,8720,76833,11128,76833,1567,66
3209,8720,76834,11128,76834,1567,66
3209,8720,76835,11128,76835,1567,66
3209,8720,76836,11128,76836,1567,66
3209,8720,76837,11128,76837,1567,66
3209,8720,76838,11128,76838,1567,66
3209,8720,76839,11128,76839,1567,66
3209,8720,76840,11128,76840,1567,66
3209,8720,76841,11128,76841,1567,66
3209,8720,76842,11128,76842,1567,66
3209,8720,76843,11128,76843,1567,66
3209,8720,76844,11128,76844,1567,66
3209,8720,76845,11128,76845,1567,66
3209,8720,76846,11128,76846,1567,66
3209,8720,76847,11128,76847,1567,66
3209,8720,76848,11128,76848,1567,66
3209,8720,76849,11128,76849,1567,66
3209,8720,76850,11128,76850,1567,66
3209,8720,76851,11128,76851,1567,66
3209,8720,76852,11128,76852,1567,66
3209,8720,76853,11128,76853,1567,66
3209,8720,76854,11128,76854,1567,66
3209,8720,76855,11128,76855,1567,66
3209,8720,76856,11128,76856,1567,66
3209,8720,76857,11128,76857,1567,66
3209,8720,76858,11128,76858,1567,66
3209,8720,76859,11128,76859,1567,66
3209,8720,76860,11128,76860,1567,66
3209,8720,76861,11128,76861,1567,66
3209,8720,76862,11128,76862,1567,66
3209,8720,76863,11128,76863,1567,66
3209,8720,76864,11128,76864,1567,66
3209,8720,76865,11128,76865,1567,66
3209,8720,76866,11128,76866,1567,66
3209,8720,76867,11128,76867,1567,66
3209,8720,76868,11128,76868,1567,66
3209,8720,76869,11128,76869,1567,66
3209,8720,76870,11128,76870,1567,66
3209,8720,76871,11128,76871,1567,66
3209,8720,76872,11128,76872,1567,66
3209,8720,76873,11128,76873,1567,66
3209,8720,76874,11128,76874,1567,66
3209,8720,76875,11128,76875,1567,66
3209,8720,76876,11128,76876,1567,66
3209,8720,76877,11128,76877,1567,66
3209,8720,76878,11128,76878,1567,66
3209,8720,76879,11128,76879,1567,66
3209,8720,76880,11128,76880,1567,66
3209,8720,76881,11128,76881,1567,66
3209,8720,76882,11128,76882,1567,66
3209,8720,76883,11128,76883,1567,66
3209,8720,76884,11128,76884,1567,66
3209,8720,76885,11128,76885,1567,66
3209,8720,76886,11128,76886,1567,66
3209,8720,76887,11128,76887,1567,66
3209,8720,76888,11128,76888,1567,66
3209,8720,76889,11128,76889,1567,66
3209,8720,76890,11128,76890,1567,66
3209,8720,76891,11128,76891,1567,66
3209,8720,76892,11128,76892,1567,66
3209,8720,76893,11128,76893,1567,66
3209,8720,76894,11128,76894,1567,66
3209,8720,76895,11128,76895,1567,66
3209,8720,76896,11128,76896,1567,66
3209,8720,76897,11128,76897,1567,66
3209,8720,76898,11128,76898,1567,66
3209,8720,76899,11128,76899,1567,66
3209,8720,76900,11128,76900,1567,66
3209,8720,76901,11128,76901,1567,66
3209,8720,76902,11128,76902,1567,66
3209,8720,76903,11128,76903,1567,66
3209,8720,76904,11128,76904,1567,66
3209,8720,76905,11128,76905,1567,66
3209,8720,76906,11128,76906,1567,66
3209,8720,76907,11128,76907,1567,66
3209,8720,76908,11128,76908,1567,66
3209,8720,76909,11128,76909,1567,66
3209,8720,76910,11128,76910,1567,66
3209,8720,76911,11128,76911,1567,66
3209,8720,76912,11128,76912,1567,66
3209,8720,76913,11128,76913,1567,66
3209,8720,76914,11128,76914,1567,66
3209,8720,76915,11128,76915,1567,66
3209,8720,76916,11128,76916,1567,66
3209,8720,76917,11128,76917,1567,66
3209,8720,76918,11128,76918,1567,66
3209,8720,76919,11128,76919,1567,66
3209,8720,76920,11128,76920,1567,66
3209,8720,76921,11128,76921,1567,66
3209,8720,76922,11128,76922,1567,66
3209,8720,76923,11128,76923,1567,66
3209,8720,76924,11128,76924,1567,66
3209,8720,76925,11128,76925,1567,66
3209,8720,76926,11128,76926,1567,66
3209,8720,76927,11128,76927,1567,66
3209,8720,76928,11128,76928,1567,66
3209,8720,76929,11128,76929,1567,66
3209,8720,76930,11128,76930,1567,66
3209,8720,76931,11128,76931,1567,66
3209,8720,76932,11128,76932,1567,66
3209,8720,76933,11128,76933,1567,66
3209,8720,76934,11128,76934,1567,66
3209,8720,76935,11128,76935,1567,66
3209,8720,76936,11128,76936,1567,66
3209,8720,76937,11128,76937,1567,66
3209,8720,76938,11128,76938,1567,66
3209,8720,76939,11128,76939,1567,66
3209,8720,76940,11128,76940,1567,66
3209,8720,76941,11128,76941,1567,66
3209,8720,76942,11128,76942,1567,66
3209,8720,76943,11128,76943,1567,66
3209,8720,76944,11128,76944,1567,66
3209,8720,76945,11128,76945,1567,66
3209,8720,76946,11128,76946,1567,66
3209,8720,76947,11128,76947,1567,66
3209,8720,76948,11128,76948,1567,66
3209,8720,76949,11128,76949,1567,66
3209,8720,76950,11128,76950,1567,66
3209,8720,76951,11128,76951,1567,66
3209,8720,76952,11128,76952,1567,66
3209,8720,76953,11128,76953,1567,66
3209,8720,76954,11128,76954,1567,66
3209,8720,76955,11128,76955,1567,66
3209,8720,76956,11128,76956,1567,66
3209,8720,76957,11128,76957,1567,66
3209,8720,76958,11128,76958,1567,66
3209,8720,76959,11128,76959,1567,66
3209,8720,76960,11128,76960,1567,66
3209,8720,76961,11128,76961,1567,66
3209,8720,76962,11128,76962,1567,66
3209,8720,76963,11128,76963,1567,66
3209,8720,76964,11128,76964,1567,66
3209,8720,76965,11128,76965,1567,66
3209,8720,76966,11128,76966,1567,66
3209,8720,76967,11128,76967,1567,66
3209,8720,76968,11128,76968,1567,66
3209,8720,76969,11128,76969,1567,66
3209,8720,76970,11128,76970,1567,66
3209,8720,76971,11128,76971,1567,66
3209,8720,76972,11128,76972,1567,66
3209,8720,76973,11128,76973,1567,66
3209,8720,76974,11128,76974,1567,66
3209,8720,76975,11128,76975,1567,66
3209,8720,76976,11128,76976,1567,66
3209,8720,76977,11128,76977,1567,66
3209,8720,76978,11128,76978,1567,66
3209,8720,76979,11128,76979,1567,66
3209,8720,76980,11128,76980,1567,66
3209,8720,76981,11128,76981,1567,66
3209,8720,76982,11128,76982,1567,66
3209,8720,76983,11128,76983,1567,66
3209,8720,76984,11128,76984,1567,66
3209,8720,76985,11128,76985,1567,66
3209,8720,76986,11128,76986,1567,66
3209,8720,76987,11128,76987,1567,66
3209,8720,76988,11128,76988,1567,66
3209,8720,76989,11128,76989,1567,66
3209,8720,76990,11128,76990,1567,66
3209,8720,76991,11128,76991,1567,66
3209,8720,76992,11128,76992,1567,66
3209,8720,76993,11128,76993,1567,66
3209,8720,76994,11128,76994,1567,66
3209,8720,76995,11128,76995,1567,66
3209,8720,76996,11128,76996,1567,66
3209,8720,76997,11128,76997,1567,66
3209,8720,76998,11128,76998,1567,66
3209,8720,76999,11128,76999,1567,66
3209,8720,77000,11128,77000,1567,66
3209,8720,77001,11128,77001,1567,66
3209,8720,77002,11128,77002,1567,66
3209,8720,77003,11128,77003,1567,66
3209,8720,77004,11128,77004,1567,66
3209,8720,77005,11128,77005,1567,66
3209,8720,77006,11128,77006,1567,66
3209,8720,77007,11128,77007,1567,66
3209,8720,77008,11128,77008,1567,66
3209,8720,77009,11128,77009,1567,66
3209,8720,77010,11128,77010,1567,66
3209,8720,77011,11128,77011,1567,66
3209,8720,77012,11128,77012,1567,66
3209,8720,77013,11128,77013,1567,66
3209,8720,77014,11128,77014,1567,66
3209,8720,77015,11128,77015,1567,66
3209,8720,77016,11128,77016,1567,66
3209,8720,77017,11128,77017,1567,66
3209,8720,77018,11128,77018,1567,66
3209,8720,77019,11128,77019,1567,66
3209,8720,77020,11128,77020,1567,66
3209,8720,77021,11128,77021,1567,66
3209,8720,77022,11128,77022,1567,66
3209,8720,77023,11128,77023,1567,66
3209,8720,77024,11128,77024,1567,66
3209,8720,77025,11128,77025,1567,66
3209,8720,77026,11128,77026,1567,66
3209,8720,77027,11128,77027,1567,66
3209,8720,77028,11128,77028,1567,66
3209,8720,77029,11128,77029,1567,66
3209,8720,77030,11128,77030,1567,66
3209,8720,77031,11128,77031,1567,66
3209,8720,77032,11128,77032,1567,66
3209,8720,77033,11128,77033,1567,66
3209,8720,77034,11128,77034,1567,66
3209,8720,77035,11128,77035,1567,66
3209,8720,77036,11128,77036,1567,66
3209,8720,77037,11128,77037,1567,66
3209,8720,77038,11128,77038,1567,66
3209,8720,77039,11128,77039,1567,66
3209,8720,77040,11128,77040,1567,66
3209,8720,77041,11128,77041,1567,66
3209,8720,77042,11128,77042,1567,66
3209,8720,77043,11128,77043,1567,66
3209,8720,77044,11128,77044,1567,66
3209,8720,77045,11128,77045,1567,66
3209,8720,77046,11128,77046,1567,66
3209,8720,77047,11128,77047,1567,66
3209,8720,77048,11128,77048,1567,66
3209,8720,77049,11128,77049,1567,66
3209,8720,77050,11128,77050,1567,66
3209,8720,77051,11128,77051,1567,66
3209,8720,77052,11128,77052,1567,66
3209,8720,77053,11128,77053,1567,66
3209,8720,77054,11128,77054,1567,66
3209,8720,77055,11128,77055,1567,66
3209,8720,77056,11128,77056,1567,66
3209,8720,77057,11128,77057,1567,66
3209,8720,77058,11128,77058,1567,66
3209,8720,77059,11128,77059,1567,66
3209,8720,77060,11128,77060,1567,66
3209,8720,77061,11128,77061,1567,66
3208,8720,77062,11128,77062,1567,66
3208,8720,77063,11128,77063,1567,66
3208,8720,77064,11128,77064,1567,66
3208,8720,77065,11128,77065,1567,66
3208,8720,77066,11128,77066,1567,66
3208,8720,77067,11128,77067,1567,66
3208,8720,77068,11128,77068,1567,66
3208,8720,77069,11128,77069,1567,66
3208,8720,77070,11128,77070,1567,66
3208,8720,77071,11128,77071,1567,66
3208,8720,77072,11128,77072,1567,66
3208,8720,77073,11128,77073,1567,66
3208,8720,77074,11128,77074,1567,66
3208,8720,77075,11128,77075,1567,66
3208,8720,77076,11128,77076,1567,66
3208,8720,77077,11128,77077,1567,66
3208,8720,77078,11128,77078,1567,66
3208,8720,77079,11128,77079,1567,66
3208,8720,77080,11128,77080,1567,66
3208,8720,77081,11128,77081,1567,66
3208,8720,77082,11128,77082,1567,66
3208,8720,77083,11128,77083,1567,66
3208,8720,77084,11128,77084,1567,66
3208,8720,77085,11128,77085,1567,66
3208,8720,77086,11128,77086,1567,66
3208,8720,77087,11128,77087,1567,66
3208,8720,77088,11128,77088,1567,66
3208,8720,77089,11128,77089,1567,66
3208,8720,77090,11128,77090,1567,66
3208,8720,77091,11128,77091,1567,66
3208,8720,77092,11128,77092,1567,66
3208,8720,77093,11128,77093,1567,66
3208,8720,77094,11128,77094,1567,66
3208,8720,77095,11128,77095,1567,66
3208,8720,77096,11128,77096,1567,66
3208,8720,77097,11128,77097,1567,66
3208,8720,77098,11128,77098,1567,66
3208,8720,77099,11128,77099,1567,66
3208,8720,77100,11128,77100,1567,66
3208,8720,77101,11128,77101,1567,66
3208,8720,77102,11128,77102,1567,66
3208,8720,77103,11128,77103,1567,66
3208,8720,77104,11128,77104,1567,66
3208,8720,77105,11128,77105,1567,66
3208,8720,77106,11128,77106,1567,66
3208,8720,77107,11128,77107,1567,66
3208,8720,77108,11128,77108,1567,66
3208,8720,77109,11128,77109,1567,66
3208,8720,77110,11128,77110,1567,66
3208,8720,77111,11128,77111,1567,66
3208,8720,77112,11128,77112,1567,66
3208,8720,77113,11128,77113,1567,66
3208,8720,77114,11128,77114,1567,66
3208,8720,77115,11128,77115,1567,66
3208,8720,77116,11128,77116,1567,66
3208,8720,77117,11128,77117,1567,66
3208,8720,77118,11128,77118,1567,66
3208,8720,77119,11128,77119,1567,66
3208,8720,77120,11128,77120,1567,66
3208,8720,77121,11128,77121,1567,66
3208,8720,77122,11128,77122,1567,66
3208,8720,77123,11128,77123,1567,66
3208,8720,77124,11128,77124,1567,66
3208,8720,77125,11128,77125,1567,66
3208,8720,77126,11128,77126,1567,66
3208,8720,77127,11128,77127,1567,66
3208,8720,77128,11128,77128,1567,66
3208,8720,77129,11128,77129,1567,66
3208,8720,77130,11128,77130,1567,66
3208,8720,77131,11128,77131,1567,66
3208,8720,77132,11128,77132,1567,66
3208,8720,77133,11128,77133,1567,66
3208,8720,77134,11128,77134,1567,66
3208,8720,77135,11128,77135,1567,66
3208,8720,77136,11128,77136,1567,66
3208,8720,77137,11128,77137,1567,66
3208,8720,77138,11128,77138,1567,66
3208,8720,77139,11128,77139,1567,66
3208,8720,77140,11128,77140,1567,66
3208,8720,77141,11128,77141,1567,66
3208,8720,77142,11128,77142,1567,66
3208,8720,77143,11128,77143,1567,66
3208,8720,77144,11128,77144,1567,66
3208,8720,77145,11128,77145,1567,66
3208,8720,77146,11128,77146,1567,66
3208,8720,77147,11128,77147,1567,66
3208,8720,77148,11128,77148,1567,66
3208,8720,77149,11128,77149,1567,66
3208,8720,77150,11128,77150,1567,66
3208,8720,77151,11128,77151,1567,66
3208,8720,77152,11128,77152,1567,66
3208,8720,77153,11128,77153,1567,66
3208,8720,77154,11128,77154,1567,66
3208,8720,77155,11128,77155,1567,66
3208,8720,77156,11128,77156,1567,66
3208,8720,77157,11128,77157,1567,66
3208,8720,77158,11128,77158,1567,66
3208,8720,77159,11128,77159,1567,66
3208,8720,77160,11128,77160,1567,66
3208,8720,77161,11128,77161,1567,66
3208,8720,77162,11128,77162,1567,66
3208,8720,77163,11128,77163,1567,66
3208,8720,77164,11128,77164,1567,66
3208,8720,77165,11128,77165,1567,66
3208,8720,77166,11128,77166,1567,66
3208,8720,77167,11128,77167,1567,66
3208,8720,77168,11128,77168,1567,66
3208,8720,77169,11128,77169,1567,66
3208,8720,77170,11128,77170,1567,66
3208,8720,77171,11128,77171,1567,66
3208,8720,77172,11128,77172,1567,66
3208,8720,77173,11128,77173,1567,66
3208,8720,77174,11128,77174,1567,66
3208,8720,77175,11128,77175,1567,66
3208,8720,77176,11128,77176,1567,66
3208,8720,77177,11128,77177,1567,66
3208,8720,77178,11128,77178,1567,66
3208,8720,77179,11128,77179,1567,66
3208,8720,77180,11128,77180,1567,66
3208,8720,77181,11128,77181,1567,66
3208,8720,77182,11128,77182,1567,66
3208,8720,77183,11128,77183,1567,66
3208,8720,77184,11128,77184,1567,66
3208,8720,77185,11128,77185,1567,66
3208,8720,77186,11128,77186,1567,66
3208,8720,77187,11128,77187,1567,66
3208,8720,77188,11128,77188,1567,66
3208,8720,77189,11128,77189,1567,66
3208,8720,77190,11128,77190,1567,66
3208,8720,77191,11128,77191,1567,66
3208,8720,77192,11128,77192,1567,66
3208,8720,77193,11128,77193,1567,66
3208,8720,77194,11128,77194,1567,66
3208,8720,77195,11128,77195,1567,66
3208,8720,77196,11128,77196,1567,66
3208,8720,77197,11128,77197,1567,66
3208,8720,77198,11128,77198,1567,66
3208,8720,77199,11128,77199,1567,66
3208,8720,77200,11128,77200,1567,66
3208,8720,77201,11128,77201,1567,66
3208,8720,77202,11128,77202,1567,66
3208,8720,77203,11128,77203,1567,66
3208,8720,77204,11128,77204,1567,66
3208,8720,77205,11128,77205,1567,66
3208,8720,77206,11128,77206,1567,66
3208,8720,77207,11128,77207,1567,66
3208,8720,77208,11128,77208,1567,66
3208,8720,77209,11128,77209,1567,66
3208,8720,77210,11128,77210,1567,66
3208,8720,77211,11128,77211,1567,66
3208,8720,77212,11128,77212,1567,66
3208,8720,77213,11128,77213,1567,66
3208,8720,77214,11128,77214,1567,66
3208,8720,77215,11128,77215,1567,66
3208,8720,77216,11128,77216,1567,66
3208,8720,77217,11128,77217,1567,66
3208,8720,77218,11128,77218,1567,66
3208,8720,77219,11128,77219,1567,66
3208,8720,77220,11128,77220,1567,66
3208,8720,77221,11128,77221,1567,66
3208,8720,77222,11128,77222,1567,66
3208,8720,77223,11128,77223,1567,66
3208,8720,77224,11128,77224,1567,66
3208,8720,77225,11128,77225,1567,66
3208,8720,77226,11128,77226,1567,66
3208,8720,77227,11128,77227,1567,66
3208,8720,77228,11128,77228,1567,66
3208,8720,77229,11128,77229,1567,66
3208,8720,77230,11128,77230,1567,66
3208,8720,77231,11128,77231,1567,66
3208,8720,77232,11128,77232,1567,66
3208,8720,77233,11128,77233,1567,66
3208,8720,77234,11128,77234,1567,66
3208,8720,77235,11128,77235,1567,66
3208,8720,77236,11128,77236,1567,66
3208,8720,77237,11128,77237,1567,66
3208,8720,77238,11128,77238,1567,66
3208,8720,77239,11128,77239,1567,66
3208,8720,77240,11128,77240,1567,66
3208,8720,77241,11128,77241,1567,66
3208,8720,77242,11128,77242,1567,66
3208,8720,77243,11128,77243,1567,66
3208,8720,77244,11128,77244,1567,66
3208,8720,77245,11128,77245,1567,66
3208,8720,77246,11128,77246,1567,66
3208,8720,77247,11128,77247,1567,66
3208,8720,77248,11128,77248,1567,66
3208,8720,77249,11128,77249,1567,66
3208,8720,77250,11128,77250,1567,66
3208,8720,77251,11128,77251,1567,66
3208,8720,77252,11128,77252,1567,66
3208,8720,77253,11128,77253,1567,66
3208,8720,77254,11128,77254,1567,66
3208,8720,77255,11128,77255,1567,66
3208,8720,77256,11128,77256,1567,66
3208,8720,77257,11128,77257,1567,66
3208,8720,77258,11128,77258,1567,66
3208,8720,77259,11128,77259,1567,66
3208,8720,77260,11128,77260,1567,66
3208,8720,77261,11128,77261,1567,66
3208,8720,77262,11128,77262,1567,66
3208,8720,77263,11128,77263,1567,66
3208,8720,77264,11128,77264,1567,66
3208,8720,77265,11128,77265,1567,66
3208,8720,77266,11128,77266,1567,66
3208,8720,77267,11128,77267,1567,66
3208,8720,77268,11128,77268,1567,66
3208,8720,77269,11128,77269,1567,66
3208,8720,77270,11128,77270,1567,66
3208,8720,77271,11128,77271,1567,66
3208,8720,77272,11128,77272,1567,66
3208,8720,77273,11128,77273,1567,66
3208,8720,77274,11128,77274,1567,66
3208,8720,77275,11128,77275,1567,66
3208,8720,77276,11128,77276,1567,66
3208,8720,77277,11128,77277,1567,66
3208,8720,77278,11128,77278,1567,66
3208,8720,77279,11128,77279,1567,66
3208,8720,77280,11128,77280,1567,66
3208,8720,77281,11128,77281,1567,66
3208,8720,77282,11128,77282,1567,66
3208,8720,77283,11128,77283,1567,66
3208,8720,77284,11128,77284,1567,66
3208,8720,77285,11128,77285,1567,66
3208,8720,77286,11128,77286,1567,66
3208,8720,77287,11128,77287,1567,66
3208,8720,77288,11128,77288,1567,66
3208,8720,77289,11128,77289,1567,66
3208,8720,77290,11128,77290,1567,66
3208,8720,77291,11128,77291,1567,66
3208,8720,77292,11128,77292,1567,66
3208,8720,77293,11128,77293,1567,66
3208,8720,77294,11128,77294,1567,66
3208,8720,77295,11128,77295,1567,66
3208,8720,77296,11128,77296,1567,66
3208,8720,77297,11128,77297,1567,66
3208,8720,77298,11128,77298,1567,66
3208,8720,77299,11128,77299,1567,66
3208,8720,77300,11128,77300,1567,66
3208,8720,77301,11128,77301,1567,66
3208,8720,77302,11128,77302,1567,66
3208,8720,77303,11128,77303,1567,66
3208,8720,77304,11128,77304,1567,66
3208,8720,77305,11128,77305,1567,66
3208,8720,77306,11128,77306,1567,66
3208,8720,77307,11128,77307,1567,66
3208,8720,77308,11128,77308,1567,66
3208,8720,77309,11128,77309,1567,66
3208,8720,77310,11128,77310,1567,66
3208,8720,77311,11128,77311,1567,66
3208,8720,77312,11128,77312,1567,66
3208,8720,77313,11128,77313,1567,66
3208,8720,77314,11128,77314,1567,66
3208,8720,77315,11128,77315,1567,66
3208,8720,77316,11128,77316,1567,66
3208,8720,77317,11128,77317,1567,66
3208,8720,77318,11128,77318,1567,66
3208,8720,77319,11128,77319,1567,66
3208,8720,77320,11128,77320,1567,66
3208,8720,77321,11128,77321,1567,66
3208,8720,77322,11128,77322,1567,66
3208,8720,77323,11128,77323,1567,66
3208,8720,77324,11128,77324,1567,66
3208,8720,77325,11128,77325,1567,66
3208,8720,77326,11128,77326,1567,66
3208,8720,77327,11128,77327,1567,66
3208,8720,77328,11128,77328,1567,66
3208,8720,77329,11128,77329,1567,66
3208,8720,77330,11128,77330,1567,66
3208,8720,77331,11128,77331,1567,66
3208,8720,77332,11128,77332,1567,66
3208,8720,77333,11128,77333,1567,66
3208,8720,77334,11128,77334,1567,66
3208,8720,77335,11128,77335,1567,66
3208,8720,77336,11128,77336,1567,66
3208,8720,77337,11128,77337,1567,66
3208,8720,77338,11128,77338,1567,66
3208,8720,77339,11128,77339,1567,66
3208,8720,77340,11128,77340,1567,66
3208,8720,77341,11128,77341,1567,66
3208,8720,77342,11128,77342,1567,66
3208,8720,77343,11128,77343,1567,66
3208,8720,77344,11128,77344,1567,66
3208,8720,77345,11128,77345,1567,66
3208,8720,77346,11128,77346,1567,66
3208,8720,77347,11128,77347,1567,66
3208,8720,77348,11128,77348,1567,66
3208,8720,77349,11128,77349,1567,66
3208,8720,77350,11128,77350,1567,66
3208,8720,77351,11128,77351,1567,66
3208,8720,77352,11128,77352,1567,66
3208,8720,77353,11128,77353,1567,66
3208,8720,77354,11128,77354,1567,66
3208,8720,77355,11128,77355,1567,66
3208,8720,77356,11128,77356,1567,66
3208,8720,77357,11128,77357,1567,66
3208,8720,77358,11128,77358,1567,66
3208,8720,77359,11128,77359,1567,66
3208,8720,77360,11128,77360,1567,66
3208,8720,77361,11128,77361,1567,66
3208,8720,77362,11128,77362,1567,66
3208,8720,77363,11128,77363,1567,66
3208,8720,77364,11128,77364,1567,66
3208,8720,77365,11128,77365,1567,66
3208,8720,77366,11128,77366,1567,66
3208,8720,77367,11128,77367,1567,66
3208,8720,77368,11128,77368,1567,66
3208,8720,77369,11128,77369,1567,66
3208,8720,77370,11128,77370,1567,66
3208,8720,77371,11128,77371,1567,66
3208,8720,77372,11128,77372,1567,66
3208,8720,77373,11128,77373,1567,66
3208,8720,77374,11128,77374,1567,66
3208,8720,77375,11128,77375,1567,66
3208,8720,77376,11128,77376,1567,66
3208,8720,77377,11128,77377,1567,66
3208,8720,77378,11128,77378,1567,66
3208,8720,77379,11128,77379,1567,66
3208,8720,77380,11128,77380,1567,66
3208,8720,77381,11128,77381,1567,66
3208,8720,77382,11128,77382,1567,66
3208,8720,77383,11128,77383,1567,66
3208,8720,77384,11128,77384,1567,66
3208,8720,77385,11128,77385,1567,66
3208,8720,77386,11128,77386,1567,66
3208,8720,77387,11128,77387,1567,66
3208,8720,77388,11128,77388,1567,66
3208,8720,77389,11128,77389,1567,66
3208,8720,77390,11128,77390,1567,66
3208,8720,77391,11128,77391,1567,66
3208,8720,77392,11128,77392,1567,66
3208,8720,77393,11128,77393,1567,66
3208,8720,77394,11128,77394,1567,66
3208,8720,77395,11128,77395,1567,66
3208,8720,77396,11128,77396,1567,66
3208,8720,77397,11128,77397,1567,66
3208,8720,77398,11128,77398,1567,66
3208,8720,77399,11128,77399,1567,66
3208,8720,77400,11128,77400,1567,66
3208,8720,77401,11128,77401,1567,66
3208,8720,77402,11128,77402,1567,66
3208,8720,77403,11128,77403,1567,66
3208,8720,77404,11128,77404,1567,66
3208,8720,77405,11128,77405,1567,66
3208,8720,77406,11128,77406,1567,66
3208,8720,77407,11128,77407,1567,66
3208,8720,77408,11128,77408,1567,66
3208,8720,77409,11128,77409,1567,66
3208,8720,77410,11128,77410,1567,66
3208,8720,77411,11128,77411,1567,66
3208,8720,77412,11128,77412,1567,66
3208,8720,77413,11128,77413,1567,66
3208,8720,77414,11128,77414,1567,66
3208,8720,77415,11128,77415,1567,66
3208,8720,77416,11128,77416,1567,66
3208,8720,77417,11128,77417,1567,66
3208,8720,77418,11128,77418,1567,66
3208,8720,77419,11128,77419,1567,66
3208,8720,77420,11128,77420,1567,66
3208,8720,77421,11128,77421,1567,66
3208,8720,77422,11128,77422,1567,66
3208,8720,77423,11128,77423,1567,66
3208,8720,77424,11128,77424,1567,66
3208,8720,77425,11128,77425,1567,66
3208,8720,77426,11128,77426,1567,66
3208,8720,77427,11128,77427,1567,66
3208,8720,77428,11128,77428,1567,66
3208,8720,77429,11128,77429,1567,66
3208,8720,77430,11128,77430,1567,66
3208,8720,77431,11128,77431,1567,66
3208,8720,77432,11128,77432,1567,66
3208,8720,77433,11128,77433,1567,66
3208,8720,77434,11128,77434,1567,66
3208,8720,77435,11128,77435,1567,66
3208,8720,77436,11128,77436,1567,66
3208,8720,77437,11128,77437,1567,66
3208,8720,77438,11128,77438,1567,66
3208,8720,77439,11128,77439,1567,66
3208,8720,77440,11128,77440,1567,66
3208,8720,77441,11128,77441,1567,66
3208,8720,77442,11128,77442,1567,66
3208,8720,77443,11128,77443,1567,66
3208,8720,77444,11128,77444,1567,66
3208,8720,77445,11128,77445,1567,66
3208,8720,77446,11128,77446,1567,66
3208,8720,77447,11128,77447,1567,66
3208,8720,77448,11128,77448,1567,66
3208,8720,77449,11128,77449,1567,66
3208,8720,77450,11128,77450,1567,66
3208,8720,77451,11128,77451,1567,66
3208,8720,77452,11128,77452,1567,66
3208,8720,77453,11128,77453,1567,66
3208,8720,77454,11128,77454,1567,66
3208,8720,77455,11128,77455,1567,66
3208,8720,77456,11128,77456,1567,66
3208,8720,77457,11128,77457,1567,66
3208,8720,77458,11128,77458,1567,66
3208,8720,77459,11128,77459,1567,66
3208,8720,77460,11128,77460,1567,66
3208,8720,77461,11128,77461,1567,66
3208,8720,77462,11128,77462,1567,66
3208,8720,77463,11128,77463,1567,66
3208,8720,77464,11128,77464,1567,66
3208,8720,77465,11128,77465,1567,66
3208,8720,77466,11128,77466,1567,66
3208,8720,77467,11128,77467,1567,66
3208,8720,77468,11128,77468,1567,66
3208,8720,77469,11128,77469,1567,66
3208,8720,77470,11128,77470,1567,66
3208,8720,77471,11128,77471,1567,66
3208,8720,77472,11128,77472,1567,66
3208,8720,77473,11128,77473,1567,66
3208,8720,77474,11128,77474,1567,66
3208,8720,77475,11128,77475,1567,66
3208,8720,77476,11128,77476,1567,66
3208,8720,77477,11128,77477,1567,66
3208,8720,77478,11128,77478,1567,66
3208,8720,77479,11128,77479,1567,66
3208,8720,77480,11128,77480,1567,66
3208,8720,77481,11128,77481,1567,66
3208,8720,77482,11128,77482,1567,66
3208,8720,77483,11128,77483,1567,66
3208,8720,77484,11128,77484,1567,66
3208,8720,77485,11128,77485,1567,66
3208,8720,77486,11128,77486,1567,66
3208,8720,77487,11128,77487,1567,66
3208,8720,77488,11128,77488,1567,66
3208,8720,77489,11128,77489,1567,66
3208,8720,77490,11128,77490,1567,66
3208,8720,77491,11128,77491,1567,66
3208,8720,77492,11128,77492,1567,66
3208,8720,77493,11128,77493,1567,66
3208,8720,77494,11128,77494,1567,66
3208,8720,77495,11128,77495,1567,66
3208,8720,77496,11128,77496,1567,66
3208,8720,77497,11128,77497,1567,66
3208,8720,77498,11128,77498,1567,66
3208,8720,77499,11128,77499,1567,66
3208,8720,77500,11128,77500,1567,66
3208,8720,77501,11128,77501,1567,66
3208,8720,77502,11128,77502,1567,66
3208,8720,77503,11128,77503,1567,66
3208,8720,77504,11128,77504,1567,66
3208,8720,77505,11128,77505,1567,66
3208,8720,77506,11128,77506,1567,66
3208,8720,77507,11128,77507,1567,66
3208,8720,77508,11128,77508,1567,66
3208,8720,77509,11128,77509,1567,66
3208,8720,77510,11128,77510,1567,66
3208,8720,77511,11128,77511,1567,66
3208,8720,77512,11128,77512,1567,66
3208,8720,77513,11128,77513,1567,66
3208,8720,77514,11128,77514,1567,66
3208,8720,77515,11128,77515,1567,66
3208,8720,77516,11128,77516,1567,66
3208,8720,77517,11128,77517,1567,66
3208,8720,77518,11128,77518,1567,66
3208,8720,77519,11128,77519,1567,66
3208,8720,77520,11128,77520,1567,66
3208,8720,77521,11128,77521,1567,66
3208,8720,77522,11128,77522,1567,66
3208,8720,77523,11128,77523,1567,66
3208,8720,77524,11128,77524,1567,66
3208,8720,77525,11128,77525,1567,66
3208,8720,77526,11128,77526,1567,66
3208,8720,77527,11128,77527,1567,66
3208,8720,77528,11128,77528,1567,66
3208,8720,77529,11128,77529,1567,66
3208,8720,77530,11128,77530,1567,66
3208,8720,77531,11128,77531,1567,66
3208,8720,77532,11128,77532,1567,66
3208,8720,77533,11128,77533,1567,66
3208,8720,77534,11128,77534,1567,66
3208,8720,77535,11128,77535,1567,66
3208,8720,77536,11128,77536,1567,66
3208,8720,77537,11128,77537,1567,66
3208,8720,77538,11128,77538,1567,66
3208,8720,77539,11128,77539,1567,66
3208,8720,77540,11128,77540,1567,66
3208,8720,77541,11128,77541,1567,66
3208,8720,77542,11128,77542,1567,66
3208,8720,77543,11128,77543,1567,66
3208,8720,77544,11128,77544,1567,66
3208,8720,77545,11128,77545,1567,66
3208,8720,77546,11128,77546,1567,66
3208,8720,77547,11128,77547,1567,66
3208,8720,77548,11128,77548,1567,66
3208,8720,77549,11128,77549,1567,66
3208,8720,77550,11128,77550,1567,66
3208,8720,77551,11128,77551,1567,66
3208,8720,77552,11128,77552,1567,66
3208,8720,77553,11128,77553,1567,66
3208,8720,77554,11128,77554,1567,66
3208,8720,77555,11128,77555,1567,66
3208,8720,77556,11128,77556,1567,66
3208,8720,77557,11128,77557,1567,66
3208,8720,77558,11128,77558,1567,66
3208,8720,77559,11128,77559,1567,66
3208,8720,77560,11128,77560,1567,66
3208,8720,77561,11128,77561,1567,66
3208,8720,77562,11128,77562,1567,66
3208,8720,77563,11128,77563,1567,66
3208,8720,77564,11128,77564,1567,66
3208,8720,77565,11128,77565,1567,66
3208,8720,77566,11128,77566,1567,66
3208,8720,77567,11128,77567,1567,66
3208,8720,77568,11128,77568,1567,66
3208,8720,77569,11128,77569,1567,66
3208,8720,77570,11128,77570,1567,66
3208,8720,77571,11128,77571,1567,66
3208,8720,77572,11128,77572,1567,66
3208,8720,77573,11128,77573,1567,66
3208,8720,77574,11128,77574,1567,66
3208,8720,77575,11128,77575,1567,66
3208,8720,77576,11128,77576,1567,66
3208,8720,77577,11128,77577,1567,66
3208,8720,77578,11128,77578,1567,66
3208,8720,77579,11128,77579,1567,66
3208,8720,77580,11128,77580,1567,66
3208,8720,77581,11128,77581,1567,66
3208,8720,77582,11128,77582,1567,66
3208,8720,77583,11128,77583,1567,66
3208,8720,77584,11128,77584,1567,66
3208,8720,77585,11128,77585,1567,66
3208,8720,77586,11128,77586,1567,66
3208,8720,77587,11128,77587,1567,66
3208,8720,77588,11128,77588,1567,66
3208,8720,77589,11128,77589,1567,66
3208,8720,77590,11128,77590,1567,66
3208,8720,77591,11128,77591,1567,66
3208,8720,77592,11128,77592,1567,66
3208,8720,77593,11128,77593,1567,66
3208,8720,77594,11128,77594,1567,66
3208,8720,77595,11128,77595,1567,66
3208,8720,77596,11128,77596,1567,66
3208,8720,77597,11128,77597,1567,66
3208,8720,77598,11128,77598,1567,66
3208,8720,77599,11128,77599,1567,66
3208,8720,77600,11128,77600,1567,66
3208,8720,77601,11128,77601,1567,66
3208,8720,77602,11128,77602,1567,66
3208,8720,77603,11128,77603,1567,66
3208,8720,77604,11128,77604,1567,66
3208,8720,77605,11128,77605,1567,66
3208,8720,77606,11128,77606,1567,66
3208,8720,77607,11128,77607,1567,66
3208,8720,77608,11128,77608,1567,66
3208,8720,77609,11128,77609,1567,66
3208,8720,77610,11128,77610,1567,66
3208,8720,77611,11128,77611,1567,66
3208,8720,77612,11128,77612,1567,66
3208,8720,77613,11128,77613,1567,66
3208,8720,77614,11128,77614,1567,66
3208,8720,77615,11128,77615,1567,66
3208,8720,77616,11128,77616,1567,66
3208,8720,77617,11128,77617,1567,66
3208,8720,77618,11128,77618,1567,66
3208,8720,77619,11128,77619,1567,66
3208,8720,77620,11128,77620,1567,66
3208,8720,77621,11128,77621,1567,66
3208,8720,77622,11128,77622,1567,66
3208,8720,77623,11128,77623,1567,66
3208,8720,77624,11128,77624,1567,66
3208,8720,77625,11128,77625,1567,66
3208,8720,77626,11128,77626,1567,66
3208,8720,77627,11128,77627,1567,66
3208,8720,77628,11128,77628,1567,66
3208,8720,77629,11128,77629,1567,66
3208,8720,77630,11128,77630,1567,66
3208,8720,77631,11128,77631,1567,66
3208,8720,77632,11128,77632,1567,66
3208,8720,77633,11128,77633,1567,66
3208,8720,77634,11128,77634,1567,66
3208,8720,77635,11128,77635,1567,66
3208,8720,77636,11128,77636,1567,66
3208,8720,77637,11128,77637,1567,66
3208,8720,77638,11128,77638,1567,66
3208,8720,77639,11128,77639,1567,66
3208,8720,77640,11128,77640,1567,66
3208,8720,77641,11128,77641,1567,66
3208,8720,77642,11128,77642,1567,66
3208,8720,77643,11128,77643,1567,66
3208,8720,77644,11128,77644,1567,66
3208,8720,77645,11128,77645,1567,66
3208,8720,77646,11128,77646,1567,66
3208,8720,77647,11128,77647,1567,66
3208,8720,77648,11128,77648,1567,66
3208,8720,77649,11128,77649,1567,66
3207,8720,77650,11128,77650,1567,66
3207,8720,77651,11128,77651,1567,66
3207,8720,77652,11128,77652,1567,66
3207,8720,77653,11128,77653,1567,66
3207,8720,77654,11128,77654,1567,66
3207,8720,77655,11128,77655,1567,66
3207,8720,77656,11128,77656,1567,66
3207,8720,77657,11128,77657,1567,66
3207,8720,77658,11128,77658,1567,66
3207,8720,77659,11128,77659,1567,66
3207,8720,77660,11128,77660,1567,66
3207,8720,77661,11128,77661,1567,66
3207,8720,77662,11128,77662,1567,66
3207,8720,77663,11128,77663,1567,66
3207,8720,77664,11128,77664,1567,66
3207,8720,77665,11128,77665,1567,66
3207,8720,77666,11128,77666,1567,66
3207,8720,77667,11128,77667,1567,66
3207,8720,77668,11128,77668,1567,66
3207,8720,77669,11128,77669,1567,66
3207,8720,77670,11128,77670,1567,66
3207,8720,77671,11128,77671,1567,66
3207,8720,77672,11128,77672,1567,66
3207,8720,77673,11128,77673,1567,66
3207,8720,77674,11128,77674,1567,66
3207,8720,77675,11128,77675,1567,66
3207,8720,77676,11128,77676,1567,66
3207,8720,77677,11128,77677,1567,66
3207,8720,77678,11128,77678,1567,66
3207,8720,77679,11128,77679,1567,66
3207,8720,77680,11128,77680,1567,66
3207,8720,77681,11128,77681,1567,66
3207,8720,77682,11128,77682,1567,66
3207,8720,77683,11128,77683,1567,66
3207,8720,77684,11128,77684,1567,66
3207,8720,77685,11128,77685,1567,66
3207,8720,77686,11128,77686,1567,66
3207,8720,77687,11128,77687,1567,66
3207,8720,77688,11128,77688,1567,66
3207,8720,77689,11128,77689,1567,66
3207,8720,77690,11128,77690,1567,66
3207,8720,77691,11128,77691,1567,66
3207,8720,77692,11128,77692,1567,66
3207,8720,77693,11128,77693,1567,66
3207,8720,77694,11128,77694,1567,66
3207,8720,77695,11128,77695,1567,66
3207,8720,77696,11128,77696,1567,66
3207,8720,77697,11128,77697,1567,66
3207,8720,77698,11128,77698,1567,66
3207,8720,77699,11128,77699,1567,66
3207,8720,77700,11128,77700,1567,66
3207,8720,77701,11128,77701,1567,66
3207,8720,77702,11128,77702,1567,66
3207,8720,77703,11128,77703,1567,66
3207,8720,77704,11128,77704,1567,66
3206,8720,77705,11128,77705,1567,66
3206,8720,77706,11128,77706,1567,66
3206,8720,77707,11128,77707,1567,66
3206,8720,77708,11128,77708,1567,66
3206,8720,77709,11128,77709,1567,66
3206,8720,77710,11128,77710,1567,66
3206,8720,77711,11128,77711,1567,66
3206,8720,77712,11128,77712,1567,66
3206,8720,77713,11128,77713,1567,66
3206,8720,77714,11128,77714,1567,66
3206,8720,77715,11128,77715,1567,66
3206,8720,77716,11128,77716,1567,66
3206,8720,77717,11128,77717,1567,66
3206,8720,77718,11128,77718,1567,66
3206,8720,77719,11128,77719,1567,66
3206,8720,77720,11128,77720,1567,66
3206,8720,77721,11128,77721,1567,66
3206,8720,77722,11128,77722,1567,66
3206,8720,77723,11128,77723,1567,66
3206,8720,77724,11128,77724,1567,66
3206,8720,77725,11128,77725,1567,66
3206,8720,77726,11128,77726,1567,66
3206,8720,77727,11128,77727,1567,66
3206,8720,77728,11128,77728,1567,66
3206,8720,77729,11128,77729,1567,66
3206,8720,77730,11128,77730,1567,66
3206,8720,77731,11128,77731,1567,66
3206,8720,77732,11128,77732,1567,66
3206,8720,77733,11128,77733,1567,66
3206,8720,77734,11128,77734,1567,66
3206,8720,77735,11128,77735,1567,66
3206,8720,77736,11128,77736,1567,66
3206,8720,77737,11128,77737,1567,66
3206,8720,77738,11128,77738,1567,66
3206,8720,77739,11128,77739,1567,66
3206,8720,77740,11128,77740,1567,66
3206,8720,77741,11128,77741,1567,66
3206,8720,77742,11128,77742,1567,66
3206,8720,77743,11128,77743,1567,66
3206,8720,77744,11128,77744,1567,66
3206,8720,77745,11128,77745,1567,66
3206,8720,77746,11128,77746,1567,66
3206,8720,77747,11128,77747,1567,66
3206,8720,77748,11128,77748,1567,66
3206,8720,77749,11128,77749,1567,66
3206,8720,77750,11128,77750,1567,66
3206,8720,77751,11128,77751,1567,66
3206,8720,77752,11128,77752,1567,66
3206,8720,77753,11128,77753,1567,66
3206,8720,77754,11128,77754,1567,66
3206,8720,77755,11128,77755,1567,66
3206,8720,77756,11128,77756,1567,66
3206,8720,77757,11128,77757,1567,66
3206,8720,77758,11128,77758,1567,66
3206,8720,77759,11128,77759,1567,66
3206,8720,77760,11128,77760,1567,66
3206,8720,77761,11128,77761,1567,66
3206,8720,77762,11128,77762,1567,66
3206,8720,77763,11128,77763,1567,66
3206,8720,77764,11128,77764,1567,66
3206,8720,77765,11128,77765,1567,66
3206,8720,77766,11128,77766,1567,66
3206,8720,77767,11128,77767,1567,66
3206,8720,77768,11128,77768,1567,66
3206,8720,77769,11128,77769,1567,66
3206,8720,77770,11128,77770,1567,66
3206,8720,77771,11128,77771,1567,66
3206,8720,77772,11128,77772,1567,66
3206,8720,77773,11128,77773,1567,66
3206,8720,77774,11128,77774,1567,66
3206,8720,77775,11128,77775,1567,66
3206,8720,77776,11128,77776,1567,66
3206,8720,77777,11128,77777,1567,66
3206,8720,77778,11128,77778,1567,66
3206,8720,77779,11128,77779,1567,66
3206,8720,77780,11128,77780,1567,66
3206,8720,77781,11128,77781,1567,66
3206,8720,77782,11128,77782,1567,66
3206,8720,77783,11128,77783,1567,66
3206,8720,77784,11128,77784,1567,66
3206,8720,77785,11128,77785,1567,66
3206,8720,77786,11128,77786,1567,66
3206,8720,77787,11128,77787,1567,66
3206,8720,77788,11128,77788,1567,66
3206,8720,77789,11128,77789,1567,66
3206,8720,77790,11128,77790,1567,66
3206,8720,77791,11128,77791,1567,66
3206,8720,77792,11128,77792,1567,66
3206,8720,77793,11128,77793,1567,66
3206,8720,77794,11128,77794,1567,66
3206,8720,77795,11128,77795,1567,66
3206,8720,77796,11128,77796,1567,66
3206,8720,77797,11128,77797,1567,66
3206,8720,77798,11128,77798,1567,66
3206,8720,77799,11128,77799,1567,66
3206,8720,77800,11128,77800,1567,66
3206,8720,77801,11128,77801,1567,66
3206,8720,77802,11128,77802,1567,66
3206,8720,77803,11128,77803,1567,66
3206,8720,77804,11128,77804,1567,66
3206,8720,77805,11128,77805,1567,66
3206,8720,77806,11128,77806,1567,66
3206,8720,77807,11128,77807,1567,66
3206,8720,77808,11128,77808,1567,66
3206,8720,77809,11128,77809,1567,66
3206,8720,77810,11128,77810,1567,66
3206,8720,77811,11128,77811,1567,66
3206,8720,77812,11128,77812,1567,66
3206,8720,77813,11128,77813,1567,66
3206,8720,77814,11128,77814,1567,66
3206,8720,77815,11128,77815,1567,66
3206,8720,77816,11128,77816,1567,66
3206,8720,77817,11128,77817,1567,66
3206,8720,77818,11128,77818,1567,66
3206,8720,77819,11128,77819,1567,66
3206,8720,77820,11128,77820,1567,66
3206,8720,77821,11128,77821,1567,66
3206,8720,77822,11128,77822,1567,66
3206,8720,77823,11128,77823,1567,66
3206,8720,77824,11128,77824,1567,66
3206,8720,77825,11128,77825,1567,66
3206,8720,77826,11128,77826,1567,66
3206,8720,77827,11128,77827,1567,66
3206,8720,77828,11128,77828,1567,66
3206,8720,77829,11128,77829,1567,66
3206,8720,77830,11128,77830,1567,66
3206,8720,77831,11128,77831,1567,66
3206,8720,77832,11128,77832,1567,66
3206,8720,77833,11128,77833,1567,66
3206,8720,77834,11128,77834,1567,66
3206,8720,77835,11128,77835,1567,66
3206,8720,77836,11128,77836,1567,66
3206,8720,77837,11128,77837,1567,66
3206,8720,77838,11128,77838,1567,66
3206,8720,77839,11128,77839,1567,66
3206,8720,77840,11128,77840,1567,66
3206,8720,77841,11128,77841,1567,66
3206,8720,77842,11128,77842,1567,66
3206,8720,77843,11128,77843,1567,66
3206,8720,77844,11128,77844,1567,66
3206,8720,77845,11128,77845,1567,66
3206,8720,77846,11128,77846,1567,66
3206,8720,77847,11128,77847,1567,66
3206,8720,77848,11128,77848,1567,66
3206,8720,77849,11128,77849,1567,66
3206,8720,77850,11128,77850,1567,66
3206,8720,77851,11128,77851,1567,66
3206,8720,77852,11128,77852,1567,66
3206,8720,77853,11128,77853,1567,66
3206,8720,77854,11128,77854,1567,66
3206,8720,77855,11128,77855,1567,66
3206,8720,77856,11128,77856,1567,66
3206,8720,77857,11128,77857,1567,66
3206,8720,77858,11128,77858,1567,66
3206,8720,77859,11128,77859,1567,66
3206,8720,77860,11128,77860,1567,66
3206,8720,77861,11128,77861,1567,66
3206,8720,77862,11128,77862,1567,66
3206,8720,77863,11128,77863,1567,66
3206,8720,77864,11128,77864,1567,66
3206,8720,77865,11128,77865,1567,66
3206,8720,77866,11128,77866,1567,66
3206,8720,77867,11128,77867,1567,66
3206,8720,77868,11128,77868,1567,66
3206,8720,77869,11128,77869,1567,66
3206,8720,77870,11128,77870,1567,66
3206,8720,77871,11128,77871,1567,66
3206,8720,77872,11128,77872,1567,66
3206,8720,77873,11128,77873,1567,66
3206,8720,77874,11128,77874,1567,66
3206,8720,77875,11128,77875,1567,66
3206,8720,77876,11128,77876,1567,66
3206,8720,77877,11128,77877,1567,66
3206,8720,77878,11128,77878,1567,66
3206,8720,77879,11128,77879,1567,66
3206,8720,77880,11128,77880,1567,66
3206,8720,77881,11128,77881,1567,66
3206,8720,77882,11128,77882,1567,66
3206,8720,77883,11128,77883,1567,66
3206,8720,77884,11128,77884,1567,66
3206,8720,77885,11128,77885,1567,66
3206,8720,77886,11128,77886,1567,66
3206,8720,77887,11128,77887,1567,66
3206,8720,77888,11128,77888,1567,66
3206,8720,77889,11128,77889,1567,66
3206,8720,77890,11128,77890,1567,66
3206,8720,77891,11128,77891,1567,66
3206,8720,77892,11128,77892,1567,66
3206,8720,77893,11128,77893,1567,66
3206,8720,77894,11128,77894,1567,66
3206,8720,77895,11128,77895,1567,66
3206,8720,77896,11128,77896,1567,66
3206,8720,77897,11128,77897,1567,66
3206,8720,77898,11128,77898,1567,66
3206,8720,77899,11128,77899,1567,66
3206,8720,77900,11128,77900,1567,66
3206,8720,77901,11128,77901,1567,66
3206,8720,77902,11128,77902,1567,66
3206,8720,77903,11128,77903,1567,66
3206,8720,77904,11128,77904,1567,66
3206,8720,77905,11128,77905,1567,66
3206,8720,77906,11128,77906,1567,66
3206,8720,77907,11128,77907,1567,66
3206,8720,77908,11128,77908,1567,66
3206,8720,77909,11128,77909,1567,66
3206,8720,77910,11128,77910,1567,66
3206,8720,77911,11128,77911,1567,66
3206,8720,77912,11128,77912,1567,66
3206,8720,77913,11128,77913,1567,66
3206,8720,77914,11128,77914,1567,66
3206,8720,77915,11128,77915,1567,66
3206,8720,77916,11128,77916,1567,66
3206,8720,77917,11128,77917,1567,66
3206,8720,77918,11128,77918,1567,66
3206,8720,77919,11128,77919,1567,66
3206,8720,77920,11128,77920,1567,66
3206,8720,77921,11128,77921,1567,66
3206,8720,77922,11128,77922,1567,66
3206,8720,77923,11128,77923,1567,66
3206,8720,77924,11128,77924,1567,66
3206,8720,77925,11128,77925,1567,66
3206,8720,77926,11128,77926,1567,66
3206,8720,77927,11128,77927,1567,66
3206,8720,77928,11128,77928,1567,66
3206,8720,77929,11128,77929,1567,66
3206,8720,77930,11128,77930,1567,66
3206,8720,77931,11128,77931,1567,66
3206,8720,77932,11128,77932,1567,66
3206,8720,77933,11128,77933,1567,66
3206,8720,77934,11128,77934,1567,66
3206,8720,77935,11128,77935,1567,66
3206,8720,77936,11128,77936,1567,66
3206,8720,77937,11128,77937,1567,66
3206,8720,77938,11128,77938,1567,66
3206,8720,77939,11128,77939,1567,66
3206,8720,77940,11128,77940,1567,66
3206,8720,77941,11128,77941,1567,66
3206,8720,77942,11128,77942,1567,66
3206,8720,77943,11128,77943,1567,66
3206,8720,77944,11128,77944,1567,66
3206,8720,77945,11128,77945,1567,66
3206,8720,77946,11128,77946,1567,66
3206,8720,77947,11128,77947,1567,66
3206,8720,77948,11128,77948,1567,66
3206,8720,77949,11128,77949,1567,66
3206,8720,77950,11128,77950,1567,66
3206,8720,77951,11128,77951,1567,66
3206,8720,77952,11128,77952,1567,66
3206,8720,77953,11128,77953,1567,66
3206,8720,77954,11128,77954,1567,66
3206,8720,77955,11128,77955,1567,66
3206,8720,77956,11128,77956,1567,66
3206,8720,77957,11128,77957,1567,66
3206,8720,77958,11128,77958,1567,66
3206,8720,77959,11128,77959,1567,66
3206,8720,77960,11128,77960,1567,66
3206,8720,77961,11128,77961,1567,66
3206,8720,77962,11128,77962,1567,66
3206,8720,77963,11128,77963,1567,66
3206,8720,77964,11128,77964,1567,66
3206,8720,77965,11128,77965,1567,66
3206,8720,77966,11128,77966,1567,66
3206,8720,77967,11128,77967,1567,66
3206,8720,77968,11128,77968,1567,66
3206,8720,77969,11128,77969,1567,66
3206,8720,77970,11128,77970,1567,66
3206,8720,77971,11128,77971,1567,66
3206,8720,77972,11128,77972,1567,66
3206,8720,77973,11128,77973,1567,66
3206,8720,77974,11128,77974,1567,66
3206,8720,77975,11128,77975,1567,66
3206,8720,77976,11128,77976,1567,66
3206,8720,77977,11128,77977,1567,66
3206,8720,77978,11128,77978,1567,66
3206,8720,77979,11128,77979,1567,66
3206,8720,77980,11128,77980,1567,66
3206,8720,77981,11128,77981,1567,66
3206,8720,77982,11128,77982,1567,66
3206,8720,77983,11128,77983,1567,66
3206,8720,77984,11128,77984,1567,66
3206,8720,77985,11128,77985,1567,66
3206,8720,77986,11128,77986,1567,66
3206,8720,77987,11128,77987,1567,66
3206,8720,77988,11128,77988,1567,66
3206,8720,77989,11128,77989,1567,66
3206,8720,77990,11128,77990,1567,66
3206,8720,77991,11128,77991,1567,66
3206,8720,77992,11128,77992,1567,66
3206,8720,77993,11128,77993,1567,66
3206,8720,77994,11128,77994,1567,66
3206,8720,77995,11128,77995,1567,66
3206,8720,77996,11128,77996,1567,66
3206,8720,77997,11128,77997,1567,66
3206,8720,77998,11128,77998,1567,66
3206,8720,77999,11128,77999,1567,66
3206,8720,78000,11128,78000,1567,66
3206,8720,78001,11128,78001,1567,66
3206,8720,78002,11128,78002,1567,66
3206,8720,78003,11128,78003,1567,66
3206,8720,78004,11128,78004,1567,66
3206,8720,78005,11128,78005,1567,66
3206,8720,78006,11128,78006,1567,66
3206,8720,78007,11128,78007,1567,66
3206,8720,78008,11128,78008,1567,66
3206,8720,78009,11128,78009,1567,66
3206,8720,78010,11128,78010,1567,66
3206,8720,78011,11128,78011,1567,66
3206,8720,78012,11128,78012,1567,66
3206,8720,78013,11128,78013,1567,66
3206,8720,78014,11128,78014,1567,66
3206,8720,78015,11128,78015,1567,66
3206,8720,78016,11128,78016,1567,66
3206,8720,78017,11128,78017,1567,66
3206,8720,78018,11128,78018,1567,66
3206,8720,78019,11128,78019,1567,66
3206,8720,78020,11128,78020,1567,66
3206,8720,78021,11128,78021,1567,66
3206,8720,78022,11128,78022,1567,66
3206,8720,78023,11128,78023,1567,66
3206,8720,78024,11128,78024,1567,66
3206,8720,78025,11128,78025,1567,66
3206,8720,78026,11128,78026,1567,66
3206,8720,78027,11128,78027,1567,66
3206,8720,78028,11128,78028,1567,66
3206,8720,78029,11128,78029,1567,66
3206,8720,78030,11128,78030,1567,66
3206,8720,78031,11128,78031,1567,66
3206,8720,78032,11128,78032,1567,66
3206,8720,78033,11128,78033,1567,66
3206,8720,78034,11128,78034,1567,66
3206,8720,78035,11128,78035,1567,66
3206,8720,78036,11128,78036,1567,66
3206,8720,78037,11128,78037,1567,66
3206,8720,78038,11128,78038,1567,66
3206,8720,78039,11128,78039,1567,66
3206,8720,78040,11128,78040,1567,66
3206,8720,78041,11128,78041,1567,66
3206,8720,78042,11128,78042,1567,66
3206,8720,78043,11128,78043,1567,66
3206,8720,78044,11128,78044,1567,66
3206,8720,78045,11128,78045,1567,66
3206,8720,78046,11128,78046,1567,66
3206,8720,78047,11128,78047,1567,66
3206,8720,78048,11128,78048,1567,66
3206,8720,78049,11128,78049,1567,66
3206,8720,78050,11128,78050,1567,66
3206,8720,78051,11128,78051,1567,66
3206,8720,78052,11128,78052,1567,66
3206,8720,78053,11128,78053,1567,66
3206,8720,78054,11128,78054,1567,66
3206,8720,78055,11128,78055,1567,66
3206,8720,78056,11128,78056,1567,66
3206,8720,78057,11128,78057,1567,66
3206,8720,78058,11128,78058,1567,66
3206,8720,78059,11128,78059,1567,66
3206,8720,78060,11128,78060,1567,66
3206,8720,78061,11128,78061,1567,66
3206,8720,78062,11128,78062,1567,66
3206,8720,78063,11128,78063,1567,66
3206,8720,78064,11128,78064,1567,66
3206,8720,78065,11128,78065,1567,66
3206,8720,78066,11128,78066,1567,66
3206,8720,78067,11128,78067,1567,66
3206,8720,78068,11128,78068,1567,66
3206,8720,78069,11128,78069,1567,66
3206,8720,78070,11128,78070,1567,66
3206,8720,78071,11128,78071,1567,66
3206,8720,78072,11128,78072,1567,66
3206,8720,78073,11128,78073,1567,66
3206,8720,78074,11128,78074,1567,66
3206,8720,78075,11128,78075,1567,66
3206,8720,78076,11128,78076,1567,66
3206,8720,78077,11128,78077,1567,66
3206,8720,78078,11128,78078,1567,66
3206,8720,78079,11128,78079,1567,66
3206,8720,78080,11128,78080,1567,66
3206,8720,78081,11128,78081,1567,66
3206,8720,78082,11128,78082,1567,66
3206,8720,78083,11128,78083,1567,66
3206,8720,78084,11128,78084,1567,66
3206,8720,78085,11128,78085,1567,66
3206,8720,78086,11128,78086,1567,66
3206,8720,78087,11128,78087,1567,66
3206,8720,78088,11128,78088,1567,66
3206,8720,78089,11128,78089,1567,66
3206,8720,78090,11128,78090,1567,66
3206,8720,78091,11128,78091,1567,66
3206,8720,78092,11128,78092,1567,66
3206,8720,78093,11128,78093,1567,66
3206,8720,78094,11128,78094,1567,66
3206,8720,78095,11128,78095,1567,66
3206,8720,78096,11128,78096,1567,66
3206,8720,78097,11128,78097,1567,66
3206,8720,78098,11128,78098,1567,66
3206,8720,78099,11128,78099,1567,66
3206,8720,78100,11128,78100,1567,66
3206,8720,78101,11128,78101,1567,66
3206,8720,78102,11128,78102,1567,66
3206,8720,78103,11128,78103,1567,66
3206,8720,78104,11128,78104,1567,66
3206,8720,78105,11128,78105,1567,66
3206,8720,78106,11128,78106,1567,66
3206,8720,78107,11128,78107,1567,66
3206,8720,78108,11128,78108,1567,66
3206,8720,78109,11128,78109,1567,66
3206,8720,78110,11128,78110,1567,66
3206,8720,78111,11128,78111,1567,66
3206,8720,78112,11128,78112,1567,66
3206,8720,78113,11128,78113,1567,66
3206,8720,78114,11128,78114,1567,66
3206,8720,78115,11128,78115,1567,66
3206,8720,78116,11128,78116,1567,66
3206,8720,78117,11128,78117,1567,66
3206,8720,78118,11128,78118,1567,66
3206,8720,78119,11128,78119,1567,66
3206,8720,78120,11128,78120,1567,66
3206,8720,78121,11128,78121,1567,66
3206,8720,78122,11128,78122,1567,66
3206,8720,78123,11128,78123,1567,66
3206,8720,78124,11128,78124,1567,66
3206,8720,78125,11128,78125,1567,66
3206,8720,78126,11128,78126,1567,66
3206,8720,78127,11128,78127,1567,66
3206,8720,78128,11128,78128,1567,66
3206,8720,78129,11128,78129,1567,66
3206,8720,78130,11128,78130,1567,66
3206,8720,78131,11128,78131,1567,66
3206,8720,78132,11128,78132,1567,66
3206,8720,78133,11128,78133,1567,66
3206,8720,78134,11128,78134,1567,66
3206,8720,78135,11128,78135,1567,66
3206,8720,78136,11128,78136,1567,66
3206,8720,78137,11128,78137,1567,66
3206,8720,78138,11128,78138,1567,66
3206,8720,78139,11128,78139,1567,66
3206,8720,78140,11128,78140,1567,66
3206,8720,78141,11128,78141,1567,66
3206,8720,78142,11128,78142,1567,66
3206,8720,78143,11128,78143,1567,66
3206,8720,78144,11128,78144,1567,66
3206,8720,78145,11128,78145,1567,66
3206,8720,78146,11128,78146,1567,66
3206,8720,78147,11128,78147,1567,66
3206,8720,78148,11128,78148,1567,66
3206,8720,78149,11128,78149,1567,66
3206,8720,78150,11128,78150,1567,66
3206,8720,78151,11128,78151,1567,66
3206,8720,78152,11128,78152,1567,66
3206,8720,78153,11128,78153,1567,66
3206,8720,78154,11128,78154,1567,66
3206,8720,78155,11128,78155,1567,66
3206,8720,78156,11128,78156,1567,66
3206,8720,78157,11128,78157,1567,66
3206,8720,78158,11128,78158,1567,66
3206,8720,78159,11128,78159,1567,66
3206,8720,78160,11128,78160,1567,66
3206,8720,78161,11128,78161,1567,66
3206,8720,78162,11128,78162,1567,66
3206,8720,78163,11128,78163,1567,66
3206,8720,78164,11128,78164,1567,66
3206,8720,78165,11128,78165,1567,66
3206,8720,78166,11128,78166,1567,66
3206,8720,78167,11128,78167,1567,66
3206,8720,78168,11128,78168,1567,66
3206,8720,78169,11128,78169,1567,66
3206,8720,78170,11128,78170,1567,66
3206,8720,78171,11128,78171,1567,66
3206,8720,78172,11128,78172,1567,66
3206,8720,78173,11128,78173,1567,66
3206,8720,78174,11128,78174,1567,66
3206,8720,78175,11128,78175,1567,66
3206,8720,78176,11128,78176,1567,66
3206,8720,78177,11128,78177,1567,66
3206,8720,78178,11128,78178,1567,66
3206,8720,78179,11128,78179,1567,66
3206,8720,78180,11128,78180,1567,66
3206,8720,78181,11128,78181,1567,66
3206,8720,78182,11128,78182,1567,66
3206,8720,78183,11128,78183,1567,66
3206,8720,78184,11128,78184,1567,66
3206,8720,78185,11128,78185,1567,66
3206,8720,78186,11128,78186,1567,66
3206,8720,78187,11128,78187,1567,66
3206,8720,78188,11128,78188,1567,66
3206,8720,78189,11128,78189,1567,66
3206,8720,78190,11128,78190,1567,66
3206,8720,78191,11128,78191,1567,66
3206,8720,78192,11128,78192,1567,66
3206,8720,78193,11128,78193,1567,66
3206,8720,78194,11128,78194,1567,66
3206,8720,78195,11128,78195,1567,66
3206,8720,78196,11128,78196,1567,66
3206,8720,78197,11128,78197,1567,66
3206,8720,78198,11128,78198,1567,66
3206,8720,78199,11128,78199,1567,66
3206,8720,78200,11128,78200,1567,66
3206,8720,78201,11128,78201,1567,66
3206,8720,78202,11128,78202,1567,66
3206,8720,78203,11128,78203,1567,66
3206,8720,78204,11128,78204,1567,66
3206,8720,78205,11128,78205,1567,66
3206,8720,78206,11128,78206,1567,66
3206,8720,78207,11128,78207,1567,66
3206,8720,78208,11128,78208,1567,66
3206,8720,78209,11128,78209,1567,66
3206,8720,78210,11128,78210,1567,66
3206,8720,78211,11128,78211,1567,66
3206,8720,78212,11128,78212,1567,66
3206,8720,78213,11128,78213,1567,66
3206,8720,78214,11128,78214,1567,66
3206,8720,78215,11128,78215,1567,66
3206,8720,78216,11128,78216,1567,66
3206,8720,78217,11128,78217,1567,66
3206,8720,78218,11128,78218,1567,66
3206,8720,78219,11128,78219,1567,66
3206,8720,78220,11128,78220,1567,66
3206,8720,78221,11128,78221,1567,66
3206,8720,78222,11128,78222,1567,66
3206,8720,78223,11128,78223,1567,66
3206,8720,78224,11128,78224,1567,66
3206,8720,78225,11128,78225,1567,66
3206,8720,78226,11128,78226,1567,66
3206,8720,78227,11128,78227,1567,66
3206,8720,78228,11128,78228,1567,66
3206,8720,78229,11128,78229,1567,66
3206,8720,78230,11128,78230,1567,66
3206,8720,78231,11128,78231,1567,66
3206,8720,78232,11128,78232,1567,66
3206,8720,78233,11128,78233,1567,66
3206,8720,78234,11128,78234,1567,66
3206,8720,78235,11128,78235,1567,66
3206,8720,78236,11128,78236,1567,66
3206,8720,78237,11128,78237,1567,66
3206,8720,78238,11128,78238,1567,66
3206,8720,78239,11128,78239,1567,66
3206,8720,78240,11128,78240,1567,66
3206,8720,78241,11128,78241,1567,66
3206,8720,78242,11128,78242,1567,66
3206,8720,78243,11128,78243,1567,66
3206,8720,78244,11128,78244,1567,66
3206,8720,78245,11128,78245,1567,66
3206,8720,78246,11128,78246,1567,66
3206,8720,78247,11128,78247,1567,66
3206,8720,78248,11128,78248,1567,66
3206,8720,78249,11128,78249,1567,66
3206,8720,78250,11128,78250,1567,66
3206,8720,78251,11128,78251,1567,66
3206,8720,78252,11128,78252,1567,66
3206,8720,78253,11128,78253,1567,66
3206,8720,78254,11128,78254,1567,66
3206,8720,78255,11128,78255,1567,66
3206,8720,78256,11128,78256,1567,66
3206,8720,78257,11128,78257,1567,66
3206,8720,78258,11128,78258,1567,66
3206,8720,78259,11128,78259,1567,66
3206,8720,78260,11128,78260,1567,66
3206,8720,78261,11128,78261,1567,66
3206,8720,78262,11128,78262,1567,66
3206,8720,78263,11128,78263,1567,66
3206,8720,78264,11128,78264,1567,66
3206,8720,78265,11128,78265,1567,66
3206,8720,78266,11128,78266,1567,66
3206,8720,78267,11128,78267,1567,66
3206,8720,78268,11128,78268,1567,66
3206,8720,78269,11128,78269,1567,66
3206,8720,78270,11128,78270,1567,66
3206,8720,78271,11128,78271,1567,66
3206,8720,78272,11128,78272,1567,66
3206,8720,78273,11128,78273,1567,66
3206,8720,78274,11128,78274,1567,66
3206,8720,78275,11128,78275,1567,66
3206,8720,78276,11128,78276,1567,66
3206,8720,78277,11128,78277,1567,66
3206,8720,78278,11128,78278,1567,66
3206,8720,78279,11128,78279,1567,66
3206,8720,78280,11128,78280,1567,66
3206,8720,78281,11128,78281,1567,66
3206,8720,78282,11128,78282,1567,66
3206,8720,78283,11128,78283,1567,66
3206,8720,78284,11128,78284,1567,66
3206,8720,78285,11128,78285,1567,66
3206,8720,78286,11128,78286,1567,66
3206,8720,78287,11128,78287,1567,66
3206,8720,78288,11128,78288,1567,66
3206,8720,78289,11128,78289,1567,66
3206,8720,78290,11128,78290,1567,66
3206,8720,78291,11128,78291,1567,66
3206,8720,78292,11128,78292,1567,66
3206,8720,78293,11128,78293,1567,66
3206,8720,78294,11128,78294,1567,66
3206,8720,78295,11128,78295,1567,66
3206,8720,78296,11128,78296,1567,66
3206,8720,78297,11128,78297,1567,66
3206,8720,78298,11128,78298,1567,66
3206,8720,78299,11128,78299,1567,66
3206,8720,78300,11128,78300,1567,66
3206,8720,78301,11128,78301,1567,66
3206,8720,78302,11128,78302,1567,66
3206,8720,78303,11128,78303,1567,66
3206,8720,78304,11128,78304,1567,66
3206,8720,78305,11128,78305,1567,66
3206,8720,78306,11128,78306,1567,66
3206,8720,78307,11128,78307,1567,66
3206,8720,78308,11128,78308,1567,66
3206,8720,78309,11128,78309,1567,66
3206,8720,78310,11128,78310,1567,66
3206,8720,78311,11128,78311,1567,66
3206,8720,78312,11128,78312,1567,66
3206,8720,78313,11128,78313,1567,66
3206,8720,78314,11128,78314,1567,66
3206,8720,78315,11128,78315,1567,66
3206,8720,78316,11128,78316,1567,66
3206,8720,78317,11128,78317,1567,66
3206,8720,78318,11128,78318,1567,66
3206,8720,78319,11128,78319,1567,66
3206,8720,78320,11128,78320,1567,66
3206,8720,78321,11128,78321,1567,66
3206,8720,78322,11128,78322,1567,66
3206,8720,78323,11128,78323,1567,66
3206,8720,78324,11128,78324,1567,66
3206,8720,78325,11128,78325,1567,66
3206,8720,78326,11128,78326,1567,66
3206,8720,78327,11128,78327,1567,66
3206,8720,78328,11128,78328,1567,66
3206,8720,78329,11128,78329,1567,66
3206,8720,78330,11128,78330,1567,66
3206,8720,78331,11128,78331,1567,66
3206,8720,78332,11128,78332,1567,66
3206,8720,78333,11128,78333,1567,66
3206,8720,78334,11128,78334,1567,66
3206,8720,78335,11128,78335,1567,66
3206,8720,78336,11128,78336,1567,66
3206,8720,78337,11128,78337,1567,66
3206,8720,78338,11128,78338,1567,66
3206,8720,78339,11128,78339,1567,66
3206,8720,78340,11128,78340,1567,66
3206,8720,78341,11128,78341,1567,66
3206,8720,78342,11128,78342,1567,66
3206,8720,78343,11128,78343,1567,66
3206,8720,78344,11128,78344,1567,66
3206,8720,78345,11128,78345,1567,66
3206,8720,78346,11128,78346,1567,66
3206,8720,78347,11128,78347,1567,66
3206,8720,78348,11128,78348,1567,66
3206,8720,78349,11128,78349,1567,66
3206,8720,78350,11128,78350,1567,66
3206,8720,78351,11128,78351,1567,66
3206,8720,78352,11128,78352,1567,66
3206,8720,78353,11128,78353,1567,66
3206,8720,78354,11128,78354,1567,66
3206,8720,78355,11128,78355,1567,66
3206,8720,78356,11128,78356,1567,66
3206,8720,78357,11128,78357,1567,66
3206,8720,78358,11128,78358,1567,66
3206,8720,78359,11128,78359,1567,66
3206,8720,78360,11128,78360,1567,66
3206,8720,78361,11128,78361,1567,66
3206,8720,78362,11128,78362,1567,66
3206,8720,78363,11128,78363,1567,66
3206,8720,78364,11128,78364,1567,66
3206,8720,78365,11128,78365,1567,66
3206,8720,78366,11128,78366,1567,66
3206,8720,78367,11128,78367,1567,66
3206,8720,78368,11128,78368,1567,66
3206,8720,78369,11128,78369,1567,66
3206,8720,78370,11128,78370,1567,66
3206,8720,78371,11128,78371,1567,66
3206,8720,78372,11128,78372,1567,66
3206,8720,78373,11128,78373,1567,66
3206,8720,78374,11128,78374,1567,66
3206,8720,78375,11128,78375,1567,66
3206,8720,78376,11128,78376,1567,66
3206,8720,78377,11128,78377,1567,66
3206,8720,78378,11128,78378,1567,66
3206,8720,78379,11128,78379,1567,66
3206,8720,78380,11128,78380,1567,66
3206,8720,78381,11128,78381,1567,66
3206,8720,78382,11128,78382,1567,66
3206,8720,78383,11128,78383,1567,66
3206,8720,78384,11128,78384,1567,66
3206,8720,78385,11128,78385,1567,66
3205,8720,78386,11128,78386,1567,66
3205,8720,78387,11128,78387,1567,66
3205,8720,78388,11128,78388,1567,66
3205,8720,78389,11128,78389,1567,66
3205,8720,78390,11128,78390,1567,66
3205,8720,78391,11128,78391,1567,66
3205,8720,78392,11128,78392,1567,66
3205,8720,78393,11128,78393,1567,66
3205,8720,78394,11128,78394,1567,66
3205,8720,78395,11128,78395,1567,66
3205,8720,78396,11128,78396,1567,66
3205,8720,78397,11128,78397,1567,66
3205,8720,78398,11128,78398,1567,66
3205,8720,78399,11128,78399,1567,66
3205,8720,78400,11128,78400,1567,66
3205,8720,78401,11128,78401,1567,66
3205,8720,78402,11128,78402,1567,66
3205,8720,78403,11128,78403,1567,66
3205,8720,78404,11128,78404,1567,66
3205,8720,78405,11128,78405,1567,66
3205,8720,78406,11128,78406,1567,66
3205,8720,78407,11128,78407,1567,66
3205,8720,78408,11128,78408,1567,66
3205,8720,78409,11128,78409,1567,66
3205,8720,78410,11128,78410,1567,66
3205,8720,78411,11128,78411,1567,66
3205,8720,78412,11128,78412,1567,66
3205,8720,78413,11128,78413,1567,66
3205,8720,78414,11128,78414,1567,66
3205,8720,78415,11128,78415,1567,66
3205,8720,78416,11128,78416,1567,66
3205,8720,78417,11128,78417,1567,66
3205,8720,78418,11128,78418,1567,66
3205,8720,78419,11128,78419,1567,66
3205,8720,78420,11128,78420,1567,66
3205,8720,78421,11128,78421,1567,66
3205,8720,78422,11128,78422,1567,66
3205,8720,78423,11128,78423,1567,66
3205,8720,78424,11128,78424,1567,66
3205,8720,78425,11128,78425,1567,66
3205,8720,78426,11128,78426,1567,66
3205,8720,78427,11128,78427,1567,66
3205,8720,78428,11128,78428,1567,66
3205,8720,78429,11128,78429,1567,66
3205,8720,78430,11128,78430,1567,66
3205,8720,78431,11128,78431,1567,66
3205,8720,78432,11128,78432,1567,66
3205,8720,78433,11128,78433,1567,66
3205,8720,78434,11128,78434,1567,66
3205,8720,78435,11128,78435,1567,66
3205,8720,78436,11128,78436,1567,66
3205,8720,78437,11128,78437,1567,66
3205,8720,78438,11128,78438,1567,66
3205,8720,78439,11128,78439,1567,66
3205,8720,78440,11128,78440,1567,66
3205,8720,78441,11128,78441,1567,66
3205,8720,78442,11128,78442,1567,66
3205,8720,78443,11128,78443,1567,66
3205,8720,78444,11128,78444,1567,66
3205,8720,78445,11128,78445,1567,66
3205,8720,78446,11128,78446,1567,66
3205,8720,78447,11128,78447,1567,66
3205,8720,78448,11128,78448,1567,66
3205,8720,78449,11128,78449,1567,66
3205,8720,78450,11128,78450,1567,66
3205,8720,78451,11128,78451,1567,66
3205,8720,78452,11128,78452,1567,66
3205,8720,78453,11128,78453,1567,66
3205,8720,78454,11128,78454,1567,66
3205,8720,78455,11128,78455,1567,66
3205,8720,78456,11128,78456,1567,66
3205,8720,78457,11128,78457,1567,66
3205,8720,78458,11128,78458,1567,66
3205,8720,78459,11128,78459,1567,66
3205,8720,78460,11128,78460,1567,66
3205,8720,78461,11128,78461,1567,66
3205,8720,78462,11128,78462,1567,66
3205,8720,78463,11128,78463,1567,66
3205,8720,78464,11128,78464,1567,66
3205,8720,78465,11128,78465,1567,66
3205,8720,78466,11128,78466,1567,66
3205,8720,78467,11128,78467,1567,66
3205,8720,78468,11128,78468,1567,66
3205,8720,78469,11128,78469,1567,66
3205,8720,78470,11128,78470,1567,66
3205,8720,78471,11128,78471,1567,66
3205,8720,78472,11128,78472,1567,66
3205,8720,78473,11128,78473,1567,66
3205,8720,78474,11128,78474,1567,66
3205,8720,78475,11128,78475,1567,66
3205,8720,78476,11128,78476,1567,66
3206,8720,78477,11128,78477,1567,66
3206,8720,78478,11128,78478,1567,66
3206,8720,78479,11128,78479,1567,66
3206,8720,78480,11128,78480,1567,66
3206,8720,78481,11128,78481,1567,66
3206,8720,78482,11128,78482,1567,66
3206,8720,78483,11128,78483,1567,66
3206,8720,78484,11128,78484,1567,66
3206,8720,78485,11128,78485,1567,66
3206,8720,78486,11128,78486,1567,66
3206,8720,78487,11128,78487,1567,66
3206,8720,78488,11128,78488,1567,66
3206,8720,78489,11128,78489,1567,66
3206,8720,78490,11128,78490,1567,66
3206,8720,78491,11128,78491,1567,66
3206,8720,78492,11128,78492,1567,66
3206,8720,78493,11128,78493,1567,66
3206,8720,78494,11128,78494,1567,66
3206,8720,78495,11128,78495,1567,66
3206,8720,78496,11128,78496,1567,66
3206,8720,78497,11128,78497,1567,66
3206,8720,78498,11128,78498,1567,66
3206,8720,78499,11128,78499,1567,66
3206,8720,78500,11128,78500,1567,66
3206,8720,78501,11128,78501,1567,66
3206,8720,78502,11128,78502,1567,66
3206,8720,78503,11128,78503,1567,66
3206,8720,78504,11128,78504,1567,66
3206,8720,78505,11128,78505,1567,66
3206,8720,78506,11128,78506,1567,66
3206,8720,78507,11128,78507,1567,66
3206,8720,78508,11128,78508,1567,66
3206,8720,78509,11128,78509,1567,66
3206,8720,78510,11128,78510,1567,66
3206,8720,78511,11128,78511,1567,66
3206,8720,78512,11128,78512,1567,66
3206,8720,78513,11128,78513,1567,66
3206,8720,78514,11128,78514,1567,66
3206,8720,78515,11128,78515,1567,66
3206,8720,78516,11128,78516,1567,66
3206,8720,78517,11128,78517,1567,66
3206,8720,78518,11128,78518,1567,66
3206,8720,78519,11128,78519,1567,66
3206,8720,78520,11128,78520,1567,66
3206,8720,78521,11128,78521,1567,66
3206,8720,78522,11128,78522,1567,66
3206,8720,78523,11128,78523,1567,66
3206,8720,78524,11128,78524,1567,66
3206,8720,78525,11128,78525,1567,66
3206,8720,78526,11128,78526,1567,66
3206,8720,78527,11128,78527,1567,66
3206,8720,78528,11128,78528,1567,66
3206,8720,78529,11128,78529,1567,66
3206,8720,78530,11128,78530,1567,66
3206,8720,78531,11128,78531,1567,66
3206,8720,78532,11128,78532,1567,66
3206,8720,78533,11128,78533,1567,66
3206,8720,78534,11128,78534,1567,66
3206,8720,78535,11128,78535,1567,66
3206,8720,78536,11128,78536,1567,66
3206,8720,78537,11128,78537,1567,66
3206,8720,78538,11128,78538,1567,66
3206,8720,78539,11128,78539,1567,66
3206,8720,78540,11128,78540,1567,66
3206,8720,78541,11128,78541,1567,66
3206,8720,78542,11128,78542,1567,66
3206,8720,78543,11128,78543,1567,66
3206,8720,78544,11128,78544,1567,66
3206,8720,78545,11128,78545,1567,66
3206,8720,78546,11128,78546,1567,66
3206,8720,78547,11128,78547,1567,66
3206,8720,78548,11128,78548,1567,66
3206,8720,78549,11128,78549,1567,66
3206,8720,78550,11128,78550,1567,66
3206,8720,78551,11128,78551,1567,66
3206,8720,78552,11128,78552,1567,66
3206,8720,78553,11128,78553,1567,66
3206,8720,78554,11128,78554,1567,66
3206,8720,78555,11128,78555,1567,66
3206,8720,78556,11128,78556,1567,66
3206,8720,78557,11128,78557,1567,66
3206,8720,78558,11128,78558,1567,66
3206,8720,78559,11128,78559,1567,66
3206,8720,78560,11128,78560,1567,66
3206,8720,78561,11128,78561,1567,66
3206,8720,78562,11128,78562,1567,66
3206,8720,78563,11128,78563,1567,66
3206,8720,78564,11128,78564,1567,66
3206,8720,78565,11128,78565,1567,66
3206,8720,78566,11128,78566,1567,66
3206,8720,78567,11128,78567,1567,66
3206,8720,78568,11128,78568,1567,66
3206,8720,78569,11128,78569,1567,66
3206,8720,78570,11128,78570,1567,66
3206,8720,78571,11128,78571,1567,66
3206,8720,78572,11128,78572,1567,66
3206,8720,78573,11128,78573,1567,66
3206,8720,78574,11128,78574,1567,66
3206,8720,78575,11128,78575,1567,66
3206,8720,78576,11128,78576,1567,66
3206,8720,78577,11128,78577,1567,66
3206,8720,78578,11128,78578,1567,66
3206,8720,78579,11128,78579,1567,66
3206,8720,78580,11128,78580,1567,66
3206,8720,78581,11128,78581,1567,66
3206,8720,78582,11128,78582,1567,66
3206,8720,78583,11128,78583,1567,66
3206,8720,78584,11128,78584,1567,66
3206,8720,78585,11128,78585,1567,66
3206,8720,78586,11128,78586,1567,66
3206,8720,78587,11128,78587,1567,66
3206,8720,78588,11128,78588,1567,66
3206,8720,78589,11128,78589,1567,66
3206,8720,78590,11128,78590,1567,66
3206,8720,78591,11128,78591,1567,66
3206,8720,78592,11128,78592,1567,66
3206,8720,78593,11128,78593,1567,66
3206,8720,78594,11128,78594,1567,66
3206,8720,78595,11128,78595,1567,66
3206,8720,78596,11128,78596,1567,66
3206,8720,78597,11128,78597,1567,66
3206,8720,78598,11128,78598,1567,66
3206,8720,78599,11128,78599,1567,66
3206,8720,78600,11128,78600,1567,66
3206,8720,78601,11128,78601,1567,66
3206,8720,78602,11128,78602,1567,66
3206,8720,78603,11128,78603,1567,66
3206,8720,78604,11128,78604,1567,66
3206,8720,78605,11128,78605,1567,66
3206,8720,78606,11128,78606,1567,66
3206,8720,78607,11128,78607,1567,66
3206,8720,78608,11128,78608,1567,66
3206,8720,78609,11128,78609,1567,66
3206,8720,78610,11128,78610,1567,66
3206,8720,78611,11128,78611,1567,66
3206,8720,78612,11128,78612,1567,66
3206,8720,78613,11128,78613,1567,66
3206,8720,78614,11128,78614,1567,66
3206,8720,78615,11128,78615,1567,66
3206,8720,78616,11128,78616,1567,66
3206,8720,78617,11128,78617,1567,66
3206,8720,78618,11128,78618,1567,66
3206,8720,78619,11128,78619,1567,66
3206,8720,78620,11128,78620,1567,66
3206,8720,78621,11128,78621,1567,66
3206,8720,78622,11128,78622,1567,66
3206,8720,78623,11128,78623,1567,66
3206,8720,78624,11128,78624,1567,66
3206,8720,78625,11128,78625,1567,66
3206,8720,78626,11128,78626,1567,66
3206,8720,78627,11128,78627,1567,66
3206,8720,78628,11128,78628,1567,66
3206,8720,78629,11128,78629,1567,66
3206,8720,78630,11128,78630,1567,66
3206,8720,78631,11128,78631,1567,66
3206,8720,78632,11128,78632,1567,66
3206,8720,78633,11128,78633,1567,66
3206,8720,78634,11128,78634,1567,66
3206,8720,78635,11128,78635,1567,66
3206,8720,78636,11128,78636,1567,66
3206,8720,78637,11128,78637,1567,66
3206,8720,78638,11128,78638,1567,66
3206,8720,78639,11128,78639,1567,66
3206,8720,78640,11128,78640,1567,66
3206,8720,78641,11128,78641,1567,66
3206,8720,78642,11128,78642,1567,66
3206,8720,78643,11128,78643,1567,66
3206,8720,78644,11128,78644,1567,66
3206,8720,78645,11128,78645,1567,66
3206,8720,78646,11128,78646,1567,66
3206,8720,78647,11128,78647,1567,66
3206,8720,78648,11128,78648,1567,66
3206,8720,78649,11128,78649,1567,66
3206,8720,78650,11128,78650,1567,66
3206,8720,78651,11128,78651,1567,66
3206,8720,78652,11128,78652,1567,66
3206,8720,78653,11128,78653,1567,66
3206,8720,78654,11128,78654,1567,66
3206,8720,78655,11128,78655,1567,66
3206,8720,78656,11128,78656,1567,66
3206,8720,78657,11128,78657,1567,66
3206,8720,78658,11128,78658,1567,66
3206,8720,78659,11128,78659,1567,66
3206,8720,78660,11128,78660,1567,66
3206,8720,78661,11128,78661,1567,66
3206,8720,78662,11128,78662,1567,66
3206,8720,78663,11128,78663,1567,66
3206,8720,78664,11128,78664,1567,66
3206,8720,78665,11128,78665,1567,66
3206,8720,78666,11128,78666,1567,66
3206,8720,78667,11128,78667,1567,66
3206,8720,78668,11128,78668,1567,66
3206,8720,78669,11128,78669,1567,66
3206,8720,78670,11128,78670,1567,66
3206,8720,78671,11128,78671,1567,66
3206,8720,78672,11128,78672,1567,66
3206,8720,78673,11128,78673,1567,66
3206,8720,78674,11128,78674,1567,66
3206,8720,78675,11128,78675,1567,66
3206,8720,78676,11128,78676,1567,66
3206,8720,78677,11128,78677,1567,66
3206,8720,78678,11128,78678,1567,66
3206,8720,78679,11128,78679,1567,66
3206,8720,78680,11128,78680,1567,66
3206,8720,78681,11128,78681,1567,66
3206,8720,78682,11128,78682,1567,66
3206,8720,78683,11128,78683,1567,66
3206,8720,78684,11128,78684,1567,66
3206,8720,78685,11128,78685,1567,66
3206,8720,78686,11128,78686,1567,66
3206,8720,78687,11128,78687,1567,66
3206,8720,78688,11128,78688,1567,66
3206,8720,78689,11128,78689,1567,66
3206,8720,78690,11128,78690,1567,66
3206,8720,78691,11128,78691,1567,66
3206,8720,78692,11128,78692,1567,66
3206,8720,78693,11128,78693,1567,66
3206,8720,78694,11128,78694,1567,66
3206,8720,78695,11128,78695,1567,66
3206,8720,78696,11128,78696,1567,66
3206,8720,78697,11128,78697,1567,66
3206,8720,78698,11128,78698,1567,66
3206,8720,78699,11128,78699,1567,66
3206,8720,78700,11128,78700,1567,66
3206,8720,78701,11128,78701,1567,66
3206,8720,78702,11128,78702,1567,66
3206,8720,78703,11128,78703,1567,66
3206,8720,78704,11128,78704,1567,66
3206,8720,78705,11128,78705,1567,66
3206,8720,78706,11128,78706,1567,66
3206,8720,78707,11128,78707,1567,66
3206,8720,78708,11128,78708,1567,66
3206,8720,78709,11128,78709,1567,66
3206,8720,78710,11128,78710,1567,66
3206,8720,78711,11128,78711,1567,66
3206,8720,78712,11128,78712,1567,66
3206,8720,78713,11128,78713,1567,66
3206,8720,78714,11128,78714,1567,66
3206,8720,78715,11128,78715,1567,66
3206,8720,78716,11128,78716,1567,66
3206,8720,78717,11128,78717,1567,66
3206,8720,78718,11128,78718,1567,66
3206,8720,78719,11128,78719,1567,66
3206,8720,78720,11128,78720,1567,66
3206,8720,78721,11128,78721,1567,66
3206,8720,78722,11128,78722,1567,66
3206,8720,78723,11128,78723,1567,66
3206,8720,78724,11128,78724,1567,66
3206,8720,78725,11128,78725,1567,66
3206,8720,78726,11128,78726,1567,66
3206,8720,78727,11128,78727,1567,66
3206,8720,78728,11128,78728,1567,66
3206,8720,78729,11128,78729,1567,66
3206,8720,78730,11128,78730,1567,66
3206,8720,78731,11128,78731,1567,66
3206,8720,78732,11128,78732,1567,66
3206,8720,78733,11128,78733,1567,66
3206,8720,78734,11128,78734,1567,66
3206,8720,78735,11128,78735,1567,66
3206,8720,78736,11128,78736,1567,66
3206,8720,78737,11128,78737,1567,66
3206,8720,78738,11128,78738,1567,66
3206,8720,78739,11128,78739,1567,66
3206,8720,78740,11128,78740,1567,66
3206,8720,78741,11128,78741,1567,66
3206,8720,78742,11128,78742,1567,66
3206,8720,78743,11128,78743,1567,66
3206,8720,78744,11128,78744,1567,66
3206,8720,78745,11128,78745,1567,66
3206,8720,78746,11128,78746,1567,66
3206,8720,78747,11128,78747,1567,66
3206,8720,78748,11128,78748,1567,66
3206,8720,78749,11128,78749,1567,66
3206,8720,78750,11128,78750,1567,66
3206,8720,78751,11128,78751,1567,66
3206,8720,78752,11128,78752,1567,66
3206,8720,78753,11128,78753,1567,66
3206,8720,78754,11128,78754,1567,66
3206,8720,78755,11128,78755,1567,66
3206,8720,78756,11128,78756,1567,66
3206,8720,78757,11128,78757,1567,66
3206,8720,78758,11128,78758,1567,66
3206,8720,78759,11128,78759,1567,66
3206,8720,78760,11128,78760,1567,66
3206,8720,78761,11128,78761,1567,66
3206,8720,78762,11128,78762,1567,66
3206,8720,78763,11128,78763,1567,66
3206,8720,78764,11128,78764,1567,66
3206,8720,78765,11128,78765,1567,66
3206,8720,78766,11128,78766,1567,66
3206,8720,78767,11128,78767,1567,66
3206,8720,78768,11128,78768,1567,66
3206,8720,78769,11128,78769,1567,66
3206,8720,78770,11128,78770,1567,66
3206,8720,78771,11128,78771,1567,66
3206,8720,78772,11128,78772,1567,66
3206,8720,78773,11128,78773,1567,66
3206,8720,78774,11128,78774,1567,66
3206,8720,78775,11128,78775,1567,66
3206,8720,78776,11128,78776,1567,66
3206,8720,78777,11128,78777,1567,66
3206,8720,78778,11128,78778,1567,66
3206,8720,78779,11128,78779,1567,66
3206,8720,78780,11128,78780,1567,66
3206,8720,78781,11128,78781,1567,66
3206,8720,78782,11128,78782,1567,66
3206,8720,78783,11128,78783,1567,66
3206,8720,78784,11128,78784,1567,66
3206,8720,78785,11128,78785,1567,66
3206,8720,78786,11128,78786,1567,66
3206,8720,78787,11128,78787,1567,66
3206,8720,78788,11128,78788,1567,66
3206,8720,78789,11128,78789,1567,66
3206,8720,78790,11128,78790,1567,66
3206,8720,78791,11128,78791,1567,66
3206,8720,78792,11128,78792,1567,66
3206,8720,78793,11128,78793,1567,66
3206,8720,78794,11128,78794,1567,66
3206,8720,78795,11128,78795,1567,66
3206,8720,78796,11128,78796,1567,66
3206,8720,78797,11128,78797,1567,66
3206,8720,78798,11128,78798,1567,66
3206,8720,78799,11128,78799,1567,66
3206,8720,78800,11128,78800,1567,66
3206,8720,78801,11128,78801,1567,66
3206,8720,78802,11128,78802,1567,66
3206,8720,78803,11128,78803,1567,66
3206,8720,78804,11128,78804,1567,66
3206,8720,78805,11128,78805,1567,66
3206,8720,78806,11128,78806,1567,66
3206,8720,78807,11128,78807,1567,66
3206,8720,78808,11128,78808,1567,66
3206,8720,78809,11128,78809,1567,66
3206,8720,78810,11128,78810,1567,66
3206,8720,78811,11128,78811,1567,66
3206,8720,78812,11128,78812,1567,66
3206,8720,78813,11128,78813,1567,66
3206,8720,78814,11128,78814,1567,66
3206,8720,78815,11128,78815,1567,66
3206,8720,78816,11128,78816,1567,66
3206,8720,78817,11128,78817,1567,66
3206,8720,78818,11128,78818,1567,66
3206,8720,78819,11128,78819,1567,66
3206,8720,78820,11128,78820,1567,66
3206,8720,78821,11128,78821,1567,66
3206,8720,78822,11128,78822,1567,66
3206,8720,78823,11128,78823,1567,66
3206,8720,78824,11128,78824,1567,66
3206,8720,78825,11128,78825,1567,66
3206,8720,78826,11128,78826,1567,66
3206,8720,78827,11128,78827,1567,66
3206,8720,78828,11128,78828,1567,66
3206,8720,78829,11128,78829,1567,66
3206,8720,78830,11128,78830,1567,66
3206,8720,78831,11128,78831,1567,66
3206,8720,78832,11128,78832,1567,66
3206,8720,78833,11128,78833,1567,66
3206,8720,78834,11128,78834,1567,66
3206,8720,78835,11128,78835,1567,66
3206,8720,78836,11128,78836,1567,66
3206,8720,78837,11128,78837,1567,66
3206,8720,78838,11128,78838,1567,66
3206,8720,78839,11128,78839,1567,66
3206,8720,78840,11128,78840,1567,66
3206,8720,78841,11128,78841,1567,66
3206,8720,78842,11128,78842,1567,66
3206,8720,78843,11128,78843,1567,66
3206,8720,78844,11128,78844,1567,66
3206,8720,78845,11128,78845,1567,66
3206,8720,78846,11128,78846,1567,66
3206,8720,78847,11128,78847,1567,66
3206,8720,78848,11128,78848,1567,66
3206,8720,78849,11128,78849,1567,66
3206,8720,78850,11128,78850,1567,66
3206,8720,78851,11128,78851,1567,66
3206,8720,78852,11128,78852,1567,66
3206,8720,78853,11128,78853,1567,66
3206,8720,78854,11128,78854,1567,66
3206,8720,78855,11128,78855,1567,66
3206,8720,78856,11128,78856,1567,66
3206,8720,78857,11128,78857,1567,66
3206,8720,78858,11128,78858,1567,66
3206,8720,78859,11128,78859,1567,66
3206,8720,78860,11128,78860,1567,66
3206,8720,78861,11128,78861,1567,66
3206,8720,78862,11128,78862,1567,66
3206,8720,78863,11128,78863,1567,66
3206,8720,78864,11128,78864,1567,66
3206,8720,78865,11128,78865,1567,66
3206,8720,78866,11128,78866,1567,66
3206,8720,78867,11128,78867,1567,66
3206,8720,78868,11128,78868,1567,66
3206,8720,78869,11128,78869,1567,66
3206,8720,78870,11128,78870,1567,66
3206,8720,78871,11128,78871,1567,66
3206,8720,78872,11128,78872,1567,66
3206,8720,78873,11128,78873,1567,66
3206,8720,78874,11128,78874,1567,66
3206,8720,78875,11128,78875,1567,66
3206,8720,78876,11128,78876,1567,66
3206,8720,78877,11128,78877,1567,66
3206,8720,78878,11128,78878,1567,66
3206,8720,78879,11128,78879,1567,66
3206,8720,78880,11128,78880,1567,66
3206,8720,78881,11128,78881,1567,66
3206,8720,78882,11128,78882,1567,66
3206,8720,78883,11128,78883,1567,66
3206,8720,78884,11128,78884,1567,66
3206,8720,78885,11128,78885,1567,66
3206,8720,78886,11128,78886,1567,66
3206,8720,78887,11128,78887,1567,66
3206,8720,78888,11128,78888,1567,66
3206,8720,78889,11128,78889,1567,66
3206,8720,78890,11128,78890,1567,66
3206,8720,78891,11128,78891,1567,66
3206,8720,78892,11128,78892,1567,66
3206,8720,78893,11128,78893,1567,66
3206,8720,78894,11128,78894,1567,66
3206,8720,78895,11128,78895,1567,66
3206,8720,78896,11128,78896,1567,66
3206,8720,78897,11128,78897,1567,66
3206,8720,78898,11128,78898,1567,66
3206,8720,78899,11128,78899,1567,66
3206,8720,78900,11128,78900,1567,66
3206,8720,78901,11128,78901,1567,66
3206,8720,78902,11128,78902,1567,66
3206,8720,78903,11128,78903,1567,66
3206,8720,78904,11128,78904,1567,66
3206,8720,78905,11128,78905,1567,66
3206,8720,78906,11128,78906,1567,66
3206,8720,78907,11128,78907,1567,66
3206,8720,78908,11128,78908,1567,66
3206,8720,78909,11128,78909,1567,66
3206,8720,78910,11128,78910,1567,66
3206,8720,78911,11128,78911,1567,66
3206,8720,78912,11128,78912,1567,66
3206,8720,78913,11128,78913,1567,66
3206,8720,78914,11128,78914,1567,66
3206,8720,78915,11128,78915,1567,66
3206,8720,78916,11128,78916,1567,66
3206,8720,78917,11128,78917,1567,66
3206,8720,78918,11128,78918,1567,66
3206,8720,78919,11128,78919,1567,66
3206,8720,78920,11128,78920,1567,66
3206,8720,78921,11128,78921,1567,66
3206,8720,78922,11128,78922,1567,66
3206,8720,78923,11128,78923,1567,66
3206,8720,78924,11128,78924,1567,66
3206,8720,78925,11128,78925,1567,66
3206,8720,78926,11128,78926,1567,66
3206,8720,78927,11128,78927,1567,66
3206,8720,78928,11128,78928,1567,66
3206,8720,78929,11128,78929,1567,66
3206,8720,78930,11128,78930,1567,66
3206,8720,78931,11128,78931,1567,66
3206,8720,78932,11128,78932,1567,66
3206,8720,78933,11128,78933,1567,66
3206,8720,78934,11128,78934,1567,66
3206,8720,78935,11128,78935,1567,66
3206,8720,78936,11128,78936,1567,66
3206,8720,78937,11128,78937,1567,66
3206,8720,78938,11128,78938,1567,66
3206,8720,78939,11128,78939,1567,66
3206,8720,78940,11128,78940,1567,66
3206,8720,78941,11128,78941,1567,66
3206,8720,78942,11128,78942,1567,66
3206,8720,78943,11128,78943,1567,66
3206,8720,78944,11128,78944,1567,66
3206,8720,78945,11128,78945,1567,66
3206,8720,78946,11128,78946,1567,66
3206,8720,78947,11128,78947,1567,66
3206,8720,78948,11128,78948,1567,66
3206,8720,78949,11128,78949,1567,66
3206,8720,78950,11128,78950,1567,66
3206,8720,78951,11128,78951,1567,66
3206,8720,78952,11128,78952,1567,66
3206,8720,78953,11128,78953,1567,66
3206,8720,78954,11128,78954,1567,66
3206,8720,78955,11128,78955,1567,66
3206,8720,78956,11128,78956,1567,66
3206,8720,78957,11128,78957,1567,66
3206,8720,78958,11128,78958,1567,66
3206,8720,78959,11128,78959,1567,66
3206,8720,78960,11128,78960,1567,66
3206,8720,78961,11128,78961,1567,66
3206,8720,78962,11128,78962,1567,66
3206,8720,78963,11128,78963,1567,66
3206,8720,78964,11128,78964,1567,66
3206,8720,78965,11128,78965,1567,66
3206,8720,78966,11128,78966,1567,66
3206,8720,78967,11128,78967,1567,66
3206,8720,78968,11128,78968,1567,66
3206,8720,78969,11128,78969,1567,66
3206,8720,78970,11128,78970,1567,66
3206,8720,78971,11128,78971,1567,66
3206,8720,78972,11128,78972,1567,66
3206,8720,78973,11128,78973,1567,66
3206,8720,78974,11128,78974,1567,66
3206,8720,78975,11128,78975,1567,66
3206,8720,78976,11128,78976,1567,66
3206,8720,78977,11128,78977,1567,66
3206,8720,78978,11128,78978,1567,66
3206,8720,78979,11128,78979,1567,66
3206,8720,78980,11128,78980,1567,66
3206,8720,78981,11128,78981,1567,66
3206,8720,78982,11128,78982,1567,66
3206,8720,78983,11128,78983,1567,66
3206,8720,78984,11128,78984,1567,66
3206,8720,78985,11128,78985,1567,66
3206,8720,78986,11128,78986,1567,66
3206,8720,78987,11128,78987,1567,66
3206,8720,78988,11128,78988,1567,66
3206,8720,78989,11128,78989,1567,66
3206,8720,78990,11128,78990,1567,66
3206,8720,78991,11128,78991,1567,66
3206,8720,78992,11128,78992,1567,66
3206,8720,78993,11128,78993,1567,66
3206,8720,78994,11128,78994,1567,66
3206,8720,78995,11128,78995,1567,66
3206,8720,78996,11128,78996,1567,66
3206,8720,78997,11128,78997,1567,66
3206,8720,78998,11128,78998,1567,66
3206,8720,78999,11128,78999,1567,66
3206,8720,79000,11128,79000,1567,66
3206,8720,79001,11128,79001,1567,66
3206,8720,79002,11128,79002,1567,66
3206,8720,79003,11128,79003,1567,66
3206,8720,79004,11128,79004,1567,66
3206,8720,79005,11128,79005,1567,66
3206,8720,79006,11128,79006,1567,66
3206,8720,79007,11128,79007,1567,66
3206,8720,79008,11128,79008,1567,66
3206,8720,79009,11128,79009,1567,66
3206,8720,79010,11128,79010,1567,66
3206,8720,79011,11128,79011,1567,66
3206,8720,79012,11128,79012,1567,66
3206,8720,79013,11128,79013,1567,66
3206,8720,79014,11128,79014,1567,66
3206,8720,79015,11128,79015,1567,66
3206,8720,79016,11128,79016,1567,66
3206,8720,79017,11128,79017,1567,66
3206,8720,79018,11128,79018,1567,66
3206,8720,79019,11128,79019,1567,66
3206,8720,79020,11128,79020,1567,66
3206,8720,79021,11128,79021,1567,66
3206,8720,79022,11128,79022,1567,66
3206,8720,79023,11128,79023,1567,66
3206,8720,79024,11128,79024,1567,66
3206,8720,79025,11128,79025,1567,66
3206,8720,79026,11128,79026,1567,66
3206,8720,79027,11128,79027,1567,66
3206,8720,79028,11128,79028,1567,66
3206,8720,79029,11128,79029,1567,66
3206,8720,79030,11128,79030,1567,66
3206,8720,79031,11128,79031,1567,66
3206,8720,79032,11128,79032,1567,66
3206,8720,79033,11128,79033,1567,66
3206,8720,79034,11128,79034,1567,66
3206,8720,79035,11128,79035,1567,66
3206,8720,79036,11128,79036,1567,66
3206,8720,79037,11128,79037,1567,66
3206,8720,79038,11128,79038,1567,66
3206,8720,79039,11128,79039,1567,66
3206,8720,79040,11128,79040,1567,66
3206,8720,79041,11128,79041,1567,66
3206,8720,79042,11128,79042,1567,66
3206,8720,79043,11128,79043,1567,66
3206,8720,79044,11128,79044,1567,66
3206,8720,79045,11128,79045,1567,66
3206,8720,79046,11128,79046,1567,66
3206,8720,79047,11128,79047,1567,66
3206,8720,79048,11128,79048,1567,66
3206,8720,79049,11128,79049,1567,66
3206,8720,79050,11128,79050,1567,66
3206,8720,79051,11128,79051,1567,66
3206,8720,79052,11128,79052,1567,66
3206,8720,79053,11128,79053,1567,66
3206,8720,79054,11128,79054,1567,66
3206,8720,79055,11128,79055,1567,66
3206,8720,79056,11128,79056,1567,66
3206,8720,79057,11128,79057,1567,66
3206,8720,79058,11128,79058,1567,66
3206,8720,79059,11128,79059,1567,66
3206,8720,79060,11128,79060,1567,66
3206,8720,79061,11128,79061,1567,66
3206,8720,79062,11128,79062,1567,66
3206,8720,79063,11128,79063,1567,66
3206,8720,79064,11128,79064,1567,66
3206,8720,79065,11128,79065,1567,66
3206,8720,79066,11128,79066,1567,66
3206,8720,79067,11128,79067,1567,66
3206,8720,79068,11128,79068,1567,66
3206,8720,79069,11128,79069,1567,66
3206,8720,79070,11128,79070,1567,66
3206,8720,79071,11128,79071,1567,66
3206,8720,79072,11128,79072,1567,66
3206,8720,79073,11128,79073,1567,66
3206,8720,79074,11128,79074,1567,66
3206,8720,79075,11128,79075,1567,66
3206,8720,79076,11128,79076,1567,66
3206,8720,79077,11128,79077,1567,66
3206,8720,79078,11128,79078,1567,66
3206,8720,79079,11128,79079,1567,66
3206,8720,79080,11128,79080,1567,66
3206,8720,79081,11128,79081,1567,66
3206,8720,79082,11128,79082,1567,66
3206,8720,79083,11128,79083,1567,66
3206,8720,79084,11128,79084,1567,66
3206,8720,79085,11128,79085,1567,66
3206,8720,79086,11128,79086,1567,66
3206,8720,79087,11128,79087,1567,66
3206,8720,79088,11128,79088,1567,66
3206,8720,79089,11128,79089,1567,66
3206,8720,79090,11128,79090,1567,66
3206,8720,79091,11128,79091,1567,66
3206,8720,79092,11128,79092,1567,66
3206,8720,79093,11128,79093,1567,66
3206,8720,79094,11128,79094,1567,66
3206,8720,79095,11128,79095,1567,66
3206,8720,79096,11128,79096,1567,66
3206,8720,79097,11128,79097,1567,66
3206,8720,79098,11128,79098,1567,66
3206,8720,79099,11128,79099,1567,66
3206,8720,79100,11128,79100,1567,66
3206,8720,79101,11128,79101,1567,66
3206,8720,79102,11128,79102,1567,66
3206,8720,79103,11128,79103,1567,66
3206,8720,79104,11128,79104,1567,66
3206,8720,79105,11128,79105,1567,66
3206,8720,79106,11128,79106,1567,66
3206,8720,79107,11128,79107,1567,66
3206,8720,79108,11128,79108,1567,66
3206,8720,79109,11128,79109,1567,66
3206,8720,79110,11128,79110,1567,66
3206,8720,79111,11128,79111,1567,66
3206,8720,79112,11128,79112,1567,66
3206,8720,79113,11128,79113,1567,66
3206,8720,79114,11128,79114,1567,66
3206,8720,79115,11128,79115,1567,66
3206,8720,79116,11128,79116,1567,66
3206,8720,79117,11128,79117,1567,66
3206,8720,79118,11128,79118,1567,66
3206,8720,79119,11128,79119,1567,66
3206,8720,79120,11128,79120,1567,66
3206,8720,79121,11128,79121,1567,66
3206,8720,79122,11128,79122,1567,66
3206,8720,79123,11128,79123,1567,66
3206,8720,79124,11128,79124,1567,66
3206,8720,79125,11128,79125,1567,66
3206,8720,79126,11128,79126,1567,66
3206,8720,79127,11128,79127,1567,66
3206,8720,79128,11128,79128,1567,66
3206,8720,79129,11128,79129,1567,66
3206,8720,79130,11128,79130,1567,66
3206,8720,79131,11128,79131,1567,66
3206,8720,79132,11128,79132,1567,66
3206,8720,79133,11128,79133,1567,66
3206,8720,79134,11128,79134,1567,66
3206,8720,79135,11128,79135,1567,66
3206,8720,79136,11128,79136,1567,66
3206,8720,79137,11128,79137,1567,66
3206,8720,79138,11128,79138,1567,66
3206,8720,79139,11128,79139,1567,66
3206,8720,79140,11128,79140,1567,66
3206,8720,79141,11128,79141,1567,66
3206,8720,79142,11128,79142,1567,66
3206,8720,79143,11128,79143,1567,66
3206,8720,79144,11128,79144,1567,66
3206,8720,79145,11128,79145,1567,66
3206,8720,79146,11128,79146,1567,66
3206,8720,79147,11128,79147,1567,66
3206,8720,79148,11128,79148,1567,66
3206,8720,79149,11128,79149,1567,66
3206,8720,79150,11128,79150,1567,66
3206,8720,79151,11128,79151,1567,66
3206,8720,79152,11128,79152,1567,66
3206,8720,79153,11128,79153,1567,66
3206,8720,79154,11128,79154,1567,66
3206,8720,79155,11128,79155,1567,66
3206,8720,79156,11128,79156,1567,66
3206,8720,79157,11128,79157,1567,66
3206,8720,79158,11128,79158,1567,66
3206,8720,79159,11128,79159,1567,66
3206,8720,79160,11128,79160,1567,66
3206,8720,79161,11128,79161,1567,66
3206,8720,79162,11128,79162,1567,66
3206,8720,79163,11128,79163,1567,66
3206,8720,79164,11128,79164,1567,66
3206,8720,79165,11128,79165,1567,66
3206,8720,79166,11128,79166,1567,66
3206,8720,79167,11128,79167,1567,66
3206,8720,79168,11128,79168,1567,66
3206,8720,79169,11128,79169,1567,66
3206,8720,79170,11128,79170,1567,66
3206,8720,79171,11128,79171,1567,66
3206,8720,79172,11128,79172,1567,66
3206,8720,79173,11128,79173,1567,66
3206,8720,79174,11128,79174,1567,66
3206,8720,79175,11128,79175,1567,66
3206,8720,79176,11128,79176,1567,66
3206,8720,79177,11128,79177,1567,66
3206,8720,79178,11128,79178,1567,66
3206,8720,79179,11128,79179,1567,66
3206,8720,79180,11128,79180,1567,66
3206,8720,79181,11128,79181,1567,66
3206,8720,79182,11128,79182,1567,66
3206,8720,79183,11128,79183,1567,66
3206,8720,79184,11128,79184,1567,66
3206,8720,79185,11128,79185,1567,66
3206,8720,79186,11128,79186,1567,66
3206,8720,79187,11128,79187,1567,66
3206,8720,79188,11128,79188,1567,66
3206,8720,79189,11128,79189,1567,66
3206,8720,79190,11128,79190,1567,66
3206,8720,79191,11128,79191,1567,66
3206,8720,79192,11128,79192,1567,66
3206,8720,79193,11128,79193,1567,66
3206,8720,79194,11128,79194,1567,66
3206,8720,79195,11128,79195,1567,66
3206,8720,79196,11128,79196,1567,66
3206,8720,79197,11128,79197,1567,66
3206,8720,79198,11128,79198,1567,66
3206,8720,79199,11128,79199,1567,66
3206,8720,79200,11128,79200,1567,66
3206,8720,79201,11128,79201,1567,66
3206,8720,79202,11128,79202,1567,66
3206,8720,79203,11128,79203,1567,66
3206,8720,79204,11128,79204,1567,66
3206,8720,79205,11128,79205,1567,66
3206,8720,79206,11128,79206,1567,66
3206,8720,79207,11128,79207,1567,66
3206,8720,79208,11128,79208,1567,66
3206,8720,79209,11128,79209,1567,66
3206,8720,79210,11128,79210,1567,66
3206,8720,79211,11128,79211,1567,66
3206,8720,79212,11128,79212,1567,66
3206,8720,79213,11128,79213,1567,66
3206,8720,79214,11128,79214,1567,66
3206,8720,79215,11128,79215,1567,66
3206,8720,79216,11128,79216,1567,66
3206,8720,79217,11128,79217,1567,66
3206,8720,79218,11128,79218,1567,66
3206,8720,79219,11128,79219,1567,66
3206,8720,79220,11128,79220,1567,66
3206,8720,79221,11128,79221,1567,66
3206,8720,79222,11128,79222,1567,66
3206,8720,79223,11128,79223,1567,66
3206,8720,79224,11128,79224,1567,66
3206,8720,79225,11128,79225,1567,66
3206,8720,79226,11128,79226,1567,66
3206,8720,79227,11128,79227,1567,66
3206,8720,79228,11128,79228,1567,66
3206,8720,79229,11128,79229,1567,66
3206,8720,79230,11128,79230,1567,66
3206,8720,79231,11128,79231,1567,66
3206,8720,79232,11128,79232,1567,66
3206,8720,79233,11128,79233,1567,66
3206,8720,79234,11128,79234,1567,66
3206,8720,79235,11128,79235,1567,66
3206,8720,79236,11128,79236,1567,66
3206,8720,79237,11128,79237,1567,66
3206,8720,79238,11128,79238,1567,66
3206,8720,79239,11128,79239,1567,66
3206,8720,79240,11128,79240,1567,66
3206,8720,79241,11128,79241,1567,66
3206,8720,79242,11128,79242,1567,66
3206,8720,79243,11128,79243,1567,66
3206,8720,79244,11128,79244,1567,66
3206,8720,79245,11128,79245,1567,66
3206,8720,79246,11128,79246,1567,66
3206,8720,79247,11128,79247,1567,66
3206,8720,79248,11128,79248,1567,66
3206,8720,79249,11128,79249,1567,66
3206,8720,79250,11128,79250,1567,66
3206,8720,79251,11128,79251,1567,66
3206,8720,79252,11128,79252,1567,66
3206,8720,79253,11128,79253,1567,66
3206,8720,79254,11128,79254,1567,66
3206,8720,79255,11128,79255,1567,66
3206,8720,79256,11128,79256,1567,66
3206,8720,79257,11128,79257,1567,66
3206,8720,79258,11128,79258,1567,66
3206,8720,79259,11128,79259,1567,66
3206,8720,79260,11128,79260,1567,66
3206,8720,79261,11128,79261,1567,66
3206,8720,79262,11128,79262,1567,66
3206,8720,79263,11128,79263,1567,66
3206,8720,79264,11128,79264,1567,66
3206,8720,79265,11128,79265,1567,66
3206,8720,79266,11128,79266,1567,66
3206,8720,79267,11128,79267,1567,66
3206,8720,79268,11128,79268,1567,66
3206,8720,79269,11128,79269,1567,66
3206,8720,79270,11128,79270,1567,66
3206,8720,79271,11128,79271,1567,66
3206,8720,79272,11128,79272,1567,66
3206,8720,79273,11128,79273,1567,66
3206,8720,79274,11128,79274,1567,66
3206,8720,79275,11128,79275,1567,66
3206,8720,79276,11128,79276,1567,66
3206,8720,79277,11128,79277,1567,66
3206,8720,79278,11128,79278,1567,66
3206,8720,79279,11128,79279,1567,66
3206,8720,79280,11128,79280,1567,66
3206,8720,79281,11128,79281,1567,66
3206,8720,79282,11128,79282,1567,66
3206,8720,79283,11128,79283,1567,66
3206,8720,79284,11128,79284,1567,66
3206,8720,79285,11128,79285,1567,66
3206,8720,79286,11128,79286,1567,66
3206,8720,79287,11128,79287,1567,66
3206,8720,79288,11128,79288,1567,66
3206,8720,79289,11128,79289,1567,66
3206,8720,79290,11128,79290,1567,66
3206,8720,79291,11128,79291,1567,66
3206,8720,79292,11128,79292,1567,66
3206,8720,79293,11128,79293,1567,66
3206,8720,79294,11128,79294,1567,66
3206,8720,79295,11128,79295,1567,66
3206,8720,79296,11128,79296,1567,66
3206,8720,79297,11128,79297,1567,66
3206,8720,79298,11128,79298,1567,66
3206,8720,79299,11128,79299,1567,66
3206,8720,79300,11128,79300,1567,66
3206,8720,79301,11128,79301,1567,66
3206,8720,79302,11128,79302,1567,66
3206,8720,79303,11128,79303,1567,66
3206,8720,79304,11128,79304,1567,66
3206,8720,79305,11128,79305,1567,66
3206,8720,79306,11128,79306,1567,66
3206,8720,79307,11128,79307,1567,66
3206,8720,79308,11128,79308,1567,66
3206,8720,79309,11128,79309,1567,66
3206,8720,79310,11128,79310,1567,66
3206,8720,79311,11128,79311,1567,66
3206,8720,79312,11128,79312,1567,66
3206,8720,79313,11128,79313,1567,66
3206,8720,79314,11128,79314,1567,66
3206,8720,79315,11128,79315,1567,66
3206,8720,79316,11128,79316,1567,66
3206,8720,79317,11128,79317,1567,66
3206,8720,79318,11128,79318,1567,66
3206,8720,79319,11128,79319,1567,66
3206,8720,79320,11128,79320,1567,66
3206,8720,79321,11128,79321,1567,66
3206,8720,79322,11128,79322,1567,66
3206,8720,79323,11128,79323,1567,66
3206,8720,79324,11128,79324,1567,66
3206,8720,79325,11128,79325,1567,66
3206,8720,79326,11128,79326,1567,66
3206,8720,79327,11128,79327,1567,66
3206,8720,79328,11128,79328,1567,66
3206,8720,79329,11128,79329,1567,66
3206,8720,79330,11128,79330,1567,66
3206,8720,79331,11128,79331,1567,66
3206,8720,79332,11128,79332,1567,66
3206,8720,79333,11128,79333,1567,66
3206,8720,79334,11128,79334,1567,66
3206,8720,79335,11128,79335,1567,66
3206,8720,79336,11128,79336,1567,66
3206,8720,79337,11128,79337,1567,66
3206,8720,79338,11128,79338,1567,66
3206,8720,79339,11128,79339,1567,66
3206,8720,79340,11128,79340,1567,66
3206,8720,79341,11128,79341,1567,66
3206,8720,79342,11128,79342,1567,66
3206,8720,79343,11128,79343,1567,66
3206,8720,79344,11128,79344,1567,66
3206,8720,79345,11128,79345,1567,66
3206,8720,79346,11128,79346,1567,66
3206,8720,79347,11128,79347,1567,66
3206,8720,79348,11128,79348,1567,66
3206,8720,79349,11128,79349,1567,66
3206,8720,79350,11128,79350,1567,66
3206,8720,79351,11128,79351,1567,66
3206,8720,79352,11128,79352,1567,66
3206,8720,79353,11128,79353,1567,66
3206,8720,79354,11128,79354,1567,66
3206,8720,79355,11128,79355,1567,66
3206,8720,79356,11128,79356,1567,66
3206,8720,79357,11128,79357,1567,66
3206,8720,79358,11128,79358,1567,66
3206,8720,79359,11128,79359,1567,66
3206,8720,79360,11128,79360,1567,66
3206,8720,79361,11128,79361,1567,66
3206,8720,79362,11128,79362,1567,66
3206,8720,79363,11128,79363,1567,66
3206,8720,79364,11128,79364,1567,66
3206,8720,79365,11128,79365,1567,66
3206,8720,79366,11128,79366,1567,66
3206,8720,79367,11128,79367,1567,66
3206,8720,79368,11128,79368,1567,66
3206,8720,79369,11128,79369,1567,66
3206,8720,79370,11128,79370,1567,66
3206,8720,79371,11128,79371,1567,66
3206,8720,79372,11128,79372,1567,66
3206,8720,79373,11128,79373,1567,66
3206,8720,79374,11128,79374,1567,66
3206,8720,79375,11128,79375,1567,66
3206,8720,79376,11128,79376,1567,66
3206,8720,79377,11128,79377,1567,66
3206,8720,79378,11128,79378,1567,66
3206,8720,79379,11128,79379,1567,66
3206,8720,79380,11128,79380,1567,66
3206,8720,79381,11128,79381,1567,66
3206,8720,79382,11128,79382,1567,66
3206,8720,79383,11128,79383,1567,66
3206,8720,79384,11128,79384,1567,66
3206,8720,79385,11128,79385,1567,66
3206,8720,79386,11128,79386,1567,66
3206,8720,79387,11128,79387,1567,66
3206,8720,79388,11128,79388,1567,66
3206,8720,79389,11128,79389,1567,66
3206,8720,79390,11128,79390,1567,66
3206,8720,79391,11128,79391,1567,66
3206,8720,79392,11128,79392,1567,66
3206,8720,79393,11128,79393,1567,66
3206,8720,79394,11128,79394,1567,66
3206,8720,79395,11128,79395,1567,66
3206,8720,79396,11128,79396,1567,66
3206,8720,79397,11128,79397,1567,66
3206,8720,79398,11128,79398,1567,66
3206,8720,79399,11128,79399,1567,66
3206,8720,79400,11128,79400,1567,66
3206,8720,79401,11128,79401,1567,66
3206,8720,79402,11128,79402,1567,66
3206,8720,79403,11128,79403,1567,66
3206,8720,79404,11128,79404,1567,66
3206,8720,79405,11128,79405,1567,66
3206,8720,79406,11128,79406,1567,66
3206,8720,79407,11128,79407,1567,66
3206,8720,79408,11128,79408,1567,66
3206,8720,79409,11128,79409,1567,66
3206,8720,79410,11128,79410,1567,66
3206,8720,79411,11128,79411,1567,66
3206,8720,79412,11128,79412,1567,66
3206,8720,79413,11128,79413,1567,66
3206,8720,79414,11128,79414,1567,66
3206,8720,79415,11128,79415,1567,66
3206,8720,79416,11128,79416,1567,66
3206,8720,79417,11128,79417,1567,66
3206,8720,79418,11128,79418,1567,66
3206,8720,79419,11128,79419,1567,66
3206,8720,79420,11128,79420,1567,66
3206,8720,79421,11128,79421,1567,66
3206,8720,79422,11128,79422,1567,66
3206,8720,79423,11128,79423,1567,66
3206,8720,79424,11128,79424,1567,66
3206,8720,79425,11128,79425,1567,66
3206,8720,79426,11128,79426,1567,66
3206,8720,79427,11128,79427,1567,66
3206,8720,79428,11128,79428,1567,66
3206,8720,79429,11128,79429,1567,66
3206,8720,79430,11128,79430,1567,66
3206,8720,79431,11128,79431,1567,66
3206,8720,79432,11128,79432,1567,66
3206,8720,79433,11128,79433,1567,66
3206,8720,79434,11128,79434,1567,66
3206,8720,79435,11128,79435,1567,66
3206,8720,79436,11128,79436,1567,66
3206,8720,79437,11128,79437,1567,66
3206,8720,79438,11128,79438,1567,66
3206,8720,79439,11128,79439,1567,66
3206,8720,79440,11128,79440,1567,66
3206,8720,79441,11128,79441,1567,66
3206,8720,79442,11128,79442,1567,66
3206,8720,79443,11128,79443,1567,66
3206,8720,79444,11128,79444,1567,66
3206,8720,79445,11128,79445,1567,66
3206,8720,79446,11128,79446,1567,66
3206,8720,79447,11128,79447,1567,66
3206,8720,79448,11128,79448,1567,66
3206,8720,79449,11128,79449,1567,66
3206,8720,79450,11128,79450,1567,66
3206,8720,79451,11128,79451,1567,66
3206,8720,79452,11128,79452,1567,66
3206,8720,79453,11128,79453,1567,66
3206,8720,79454,11128,79454,1567,66
3206,8720,79455,11128,79455,1567,66
3205,8720,79456,11128,79456,1567,66
3205,8720,79457,11128,79457,1567,66
3205,8720,79458,11128,79458,1567,66
3205,8720,79459,11128,79459,1567,66
3205,8720,79460,11128,79460,1567,66
3205,8720,79461,11128,79461,1567,66
3205,8720,79462,11128,79462,1567,66
3205,8720,79463,11128,79463,1567,66
3205,8720,79464,11128,79464,1567,66
3205,8720,79465,11128,79465,1567,66
3205,8720,79466,11128,79466,1567,66
3205,8720,79467,11128,79467,1567,66
3205,8720,79468,11128,79468,1567,66
3205,8720,79469,11128,79469,1567,66
3205,8720,79470,11128,79470,1567,66
3205,8720,79471,11128,79471,1567,66
3205,8720,79472,11128,79472,1567,66
3205,8720,79473,11128,79473,1567,66
3205,8720,79474,11128,79474,1567,66
3205,8720,79475,11128,79475,1567,66
3205,8720,79476,11128,79476,1567,66
3205,8720,79477,11128,79477,1567,66
3205,8720,79478,11128,79478,1567,66
3205,8720,79479,11128,79479,1567,66
3205,8720,79480,11128,79480,1567,66
3205,8720,79481,11128,79481,1567,66
3205,8720,79482,11128,79482,1567,66
3205,8720,79483,11128,79483,1567,66
3205,8720,79484,11128,79484,1567,66
3205,8720,79485,11128,79485,1567,66
3205,8720,79486,11128,79486,1567,66
3205,8720,79487,11128,79487,1567,66
3205,8720,79488,11128,79488,1567,66
3205,8720,79489,11128,79489,1567,66
3205,8720,79490,11128,79490,1567,66
3205,8720,79491,11128,79491,1567,66
3205,8720,79492,11128,79492,1567,66
3205,8720,79493,11128,79493,1567,66
3206,8720,79494,11128,79494,1567,66
3206,8720,79495,11128,79495,1567,66
3206,8720,79496,11128,79496,1567,66
3206,8720,79497,11128,79497,1567,66
3206,8720,79498,11128,79498,1567,66
3206,8720,79499,11128,79499,1567,66
3206,8720,79500,11128,79500,1567,66
3206,8720,79501,11128,79501,1567,66
3206,8720,79502,11128,79502,1567,66
3206,8720,79503,11128,79503,1567,66
3206,8720,79504,11128,79504,1567,66
3206,8720,79505,11128,79505,1567,66
3206,8720,79506,11128,79506,1567,66
3206,8720,79507,11128,79507,1567,66
3206,8720,79508,11128,79508,1567,66
3206,8720,79509,11128,79509,1567,66
3206,8720,79510,11128,79510,1567,66
3206,8720,79511,11128,79511,1567,66
3206,8720,79512,11128,79512,1567,66
3206,8720,79513,11128,79513,1567,66
3206,8720,79514,11128,79514,1567,66
3206,8720,79515,11128,79515,1567,66
3206,8720,79516,11128,79516,1567,66
3206,8720,79517,11128,79517,1567,66
3206,8720,79518,11128,79518,1567,66
3206,8720,79519,11128,79519,1567,66
3206,8720,79520,11128,79520,1567,66
3206,8720,79521,11128,79521,1567,66
3206,8720,79522,11128,79522,1567,66
3206,8720,79523,11128,79523,1567,66
3206,8720,79524,11128,79524,1567,66
3206,8720,79525,11128,79525,1567,66
3206,8720,79526,11128,79526,1567,66
3206,8720,79527,11128,79527,1567,66
3206,8720,79528,11128,79528,1567,66
3206,8720,79529,11128,79529,1567,66
3206,8720,79530,11128,79530,1567,66
3206,8720,79531,11128,79531,1567,66
3206,8720,79532,11128,79532,1567,66
3206,8720,79533,11128,79533,1567,66
3206,8720,79534,11128,79534,1567,66
3206,8720,79535,11128,79535,1567,66
3206,8720,79536,11128,79536,1567,66
3206,8720,79537,11128,79537,1567,66
3206,8720,79538,11128,79538,1567,66
3206,8720,79539,11128,79539,1567,66
3206,8720,79540,11128,79540,1567,66
3206,8720,79541,11128,79541,1567,66
3206,8720,79542,11128,79542,1567,66
3206,8720,79543,11128,79543,1567,66
3206,8720,79544,11128,79544,1567,66
3206,8720,79545,11128,79545,1567,66
3206,8720,79546,11128,79546,1567,66
3206,8720,79547,11128,79547,1567,66
3206,8720,79548,11128,79548,1567,66
3206,8720,79549,11128,79549,1567,66
3206,8720,79550,11128,79550,1567,66
3206,8720,79551,11128,79551,1567,66
3206,8720,79552,11128,79552,1567,66
3206,8720,79553,11128,79553,1567,66
3206,8720,79554,11128,79554,1567,66
3206,8720,79555,11128,79555,1567,66
3206,8720,79556,11128,79556,1567,66
3206,8720,79557,11128,79557,1567,66
3206,8720,79558,11128,79558,1567,66
3206,8720,79559,11128,79559,1567,66
3206,8720,79560,11128,79560,1567,66
3206,8720,79561,11128,79561,1567,66
3206,8720,79562,11128,79562,1567,66
3206,8720,79563,11128,79563,1567,66
3206,8720,79564,11128,79564,1567,66
3206,8720,79565,11128,79565,1567,66
3206,8720,79566,11128,79566,1567,66
3206,8720,79567,11128,79567,1567,66
3206,8720,79568,11128,79568,1567,66
3206,8720,79569,11128,79569,1567,66
3206,8720,79570,11128,79570,1567,66
3206,8720,79571,11128,79571,1567,66
3206,8720,79572,11128,79572,1567,66
3206,8720,79573,11128,79573,1567,66
3206,8720,79574,11128,79574,1567,66
3206,8720,79575,11128,79575,1567,66
3206,8720,79576,11128,79576,1567,66
3206,8720,79577,11128,79577,1567,66
3206,8720,79578,11128,79578,1567,66
3206,8720,79579,11128,79579,1567,66
3206,8720,79580,11128,79580,1567,66
3206,8720,79581,11128,79581,1567,66
3206,8720,79582,11128,79582,1567,66
3206,8720,79583,11128,79583,1567,66
3206,8720,79584,11128,79584,1567,66
3206,8720,79585,11128,79585,1567,66
3206,8720,79586,11128,79586,1567,66
3206,8720,79587,11128,79587,1567,66
3206,8720,79588,11128,79588,1567,66
3206,8720,79589,11128,79589,1567,66
3206,8720,79590,11128,79590,1567,66
3206,8720,79591,11128,79591,1567,66
3206,8720,79592,11128,79592,1567,66
3206,8720,79593,11128,79593,1567,66
3206,8720,79594,11128,79594,1567,66
3206,8720,79595,11128,79595,1567,66
3206,8720,79596,11128,79596,1567,66
3206,8720,79597,11128,79597,1567,66
3206,8720,79598,11128,79598,1567,66
3206,8720,79599,11128,79599,1567,66
3206,8720,79600,11128,79600,1567,66
3206,8720,79601,11128,79601,1567,66
3206,8720,79602,11128,79602,1567,66
3206,8720,79603,11128,79603,1567,66
3206,8720,79604,11128,79604,1567,66
3206,8720,79605,11128,79605,1567,66
3206,8720,79606,11128,79606,1567,66
3206,8720,79607,11128,79607,1567,66
3206,8720,79608,11128,79608,1567,66
3206,8720,79609,11128,79609,1567,66
3206,8720,79610,11128,79610,1567,66
3206,8720,79611,11128,79611,1567,66
3206,8720,79612,11128,79612,1567,66
3206,8720,79613,11128,79613,1567,66
3206,8720,79614,11128,79614,1567,66
3206,8720,79615,11128,79615,1567,66
3206,8720,79616,11128,79616,1567,66
3206,8720,79617,11128,79617,1567,66
3206,8720,79618,11128,79618,1567,66
3206,8720,79619,11128,79619,1567,66
3206,8720,79620,11128,79620,1567,66
3206,8720,79621,11128,79621,1567,66
3206,8720,79622,11128,79622,1567,66
3206,8720,79623,11128,79623,1567,66
3206,8720,79624,11128,79624,1567,66
3206,8720,79625,11128,79625,1567,66
3206,8720,79626,11128,79626,1567,66
3206,8720,79627,11128,79627,1567,66
3206,8720,79628,11128,79628,1567,66
3206,8720,79629,11128,79629,1567,66
3206,8720,79630,11128,79630,1567,66
3206,8720,79631,11128,79631,1567,66
3206,8720,79632,11128,79632,1567,66
3206,8720,79633,11128,79633,1567,66
3206,8720,79634,11128,79634,1567,66
3206,8720,79635,11128,79635,1567,66
3206,8720,79636,11128,79636,1567,66
3206,8720,79637,11128,79637,1567,66
3206,8720,79638,11128,79638,1567,66
3206,8720,79639,11128,79639,1567,66
3206,8720,79640,11128,79640,1567,66
3206,8720,79641,11128,79641,1567,66
3206,8720,79642,11128,79642,1567,66
3206,8720,79643,11128,79643,1567,66
3206,8720,79644,11128,79644,1567,66
3206,8720,79645,11128,79645,1567,66
3206,8720,79646,11128,79646,1567,66
3206,8720,79647,11128,79647,1567,66
3206,8720,79648,11128,79648,1567,66
3206,8720,79649,11128,79649,1567,66
3206,8720,79650,11128,79650,1567,66
3206,8720,79651,11128,79651,1567,66
3206,8720,79652,11128,79652,1567,66
3206,8720,79653,11128,79653,1567,66
3206,8720,79654,11128,79654,1567,66
3206,8720,79655,11128,79655,1567,66
3206,8720,79656,11128,79656,1567,66
3206,8720,79657,11128,79657,1567,66
3206,8720,79658,11128,79658,1567,66
3206,8720,79659,11128,79659,1567,66
3206,8720,79660,11128,79660,1567,66
3206,8720,79661,11128,79661,1567,66
3206,8720,79662,11128,79662,1567,66
3206,8720,79663,11128,79663,1567,66
3206,8720,79664,11128,79664,1567,66
3206,8720,79665,11128,79665,1567,66
3206,8720,79666,11128,79666,1567,66
3206,8720,79667,11128,79667,1567,66
3206,8720,79668,11128,79668,1567,66
3206,8720,79669,11128,79669,1567,66
3206,8720,79670,11128,79670,1567,66
3206,8720,79671,11128,79671,1567,66
3206,8720,79672,11128,79672,1567,66
3206,8720,79673,11128,79673,1567,66
3206,8720,79674,11128,79674,1567,66
3206,8720,79675,11128,79675,1567,66
3206,8720,79676,11128,79676,1567,66
3206,8720,79677,11128,79677,1567,66
3206,8720,79678,11128,79678,1567,66
3206,8720,79679,11128,79679,1567,66
3206,8720,79680,11128,79680,1567,66
3206,8720,79681,11128,79681,1567,66
3206,8720,79682,11128,79682,1567,66
3206,8720,79683,11128,79683,1567,66
3206,8720,79684,11128,79684,1567,66
3206,8720,79685,11128,79685,1567,66
3206,8720,79686,11128,79686,1567,66
3206,8720,79687,11128,79687,1567,66
3206,8720,79688,11128,79688,1567,66
3206,8720,79689,11128,79689,1567,66
3206,8720,79690,11128,79690,1567,66
3206,8720,79691,11128,79691,1567,66
3206,8720,79692,11128,79692,1567,66
3206,8720,79693,11128,79693,1567,66
3206,8720,79694,11128,79694,1567,66
3206,8720,79695,11128,79695,1567,66
3206,8720,79696,11128,79696,1567,66
3206,8720,79697,11128,79697,1567,66
3206,8720,79698,11128,79698,1567,66
3206,8720,79699,11128,79699,1567,66
3206,8720,79700,11128,79700,1567,66
3206,8720,79701,11128,79701,1567,66
3206,8720,79702,11128,79702,1567,66
3206,8720,79703,11128,79703,1567,66
3206,8720,79704,11128,79704,1567,66
3206,8720,79705,11128,79705,1567,66
3206,8720,79706,11128,79706,1567,66
3206,8720,79707,11128,79707,1567,66
3206,8720,79708,11128,79708,1567,66
3206,8720,79709,11128,79709,1567,66
3206,8720,79710,11128,79710,1567,66
3206,8720,79711,11128,79711,1567,66
3206,8720,79712,11128,79712,1567,66
3206,8720,79713,11128,79713,1567,66
3206,8720,79714,11128,79714,1567,66
3206,8720,79715,11128,79715,1567,66
3206,8720,79716,11128,79716,1567,66
3206,8720,79717,11128,79717,1567,66
3206,8720,79718,11128,79718,1567,66
3206,8720,79719,11128,79719,1567,66
3206,8720,79720,11128,79720,1567,66
3206,8720,79721,11128,79721,1567,66
3206,8720,79722,11128,79722,1567,66
3206,8720,79723,11128,79723,1567,66
3206,8720,79724,11128,79724,1567,66
3206,8720,79725,11128,79725,1567,66
3206,8720,79726,11128,79726,1567,66
3206,8720,79727,11128,79727,1567,66
3206,8720,79728,11128,79728,1567,66
3206,8720,79729,11128,79729,1567,66
3206,8720,79730,11128,79730,1567,66
3206,8720,79731,11128,79731,1567,66
3206,8720,79732,11128,79732,1567,66
3206,8720,79733,11128,79733,1567,66
3206,8720,79734,11128,79734,1567,66
3206,8720,79735,11128,79735,1567,66
3206,8720,79736,11128,79736,1567,66
3206,8720,79737,11128,79737,1567,66
3205,8720,79738,11128,79738,1567,66
3205,8720,79739,11128,79739,1567,66
3205,8720,79740,11128,79740,1567,66
3205,8720,79741,11128,79741,1567,66
3205,8720,79742,11128,79742,1567,66
3205,8720,79743,11128,79743,1567,66
3205,8720,79744,11128,79744,1567,66
3205,8720,79745,11128,79745,1567,66
3205,8720,79746,11128,79746,1567,66
3205,8720,79747,11128,79747,1567,66
3205,8720,79748,11128,79748,1567,66
3205,8720,79749,11128,79749,1567,66
3205,8720,79750,11128,79750,1567,66
3205,8720,79751,11128,79751,1567,66
3205,8720,79752,11128,79752,1567,66
3205,8720,79753,11128,79753,1567,66
3205,8720,79754,11128,79754,1567,66
3205,8720,79755,11128,79755,1567,66
3205,8720,79756,11128,79756,1567,66
3205,8720,79757,11128,79757,1567,66
3205,8720,79758,11128,79758,1567,66
3205,8720,79759,11128,79759,1567,66
3205,8720,79760,11128,79760,1567,66
3205,8720,79761,11128,79761,1567,66
3205,8720,79762,11128,79762,1567,66
3205,8720,79763,11128,79763,1567,66
3205,8720,79764,11128,79764,1567,66
3205,8720,79765,11128,79765,1567,66
3205,8720,79766,11128,79766,1567,66
3205,8720,79767,11128,79767,1567,66
3205,8720,79768,11128,79768,1567,66
3205,8720,79769,11128,79769,1567,66
3205,8720,79770,11128,79770,1567,66
3205,8720,79771,11128,79771,1567,66
3205,8720,79772,11128,79772,1567,66
3205,8720,79773,11128,79773,1567,66
3205,8720,79774,11128,79774,1567,66
3205,8720,79775,11128,79775,1567,66
3205,8720,79776,11128,79776,1567,66
3205,8720,79777,11128,79777,1567,66
3205,8720,79778,11128,79778,1567,66
3205,8720,79779,11128,79779,1567,66
3205,8720,79780,11128,79780,1567,66
3205,8720,79781,11128,79781,1567,66
3205,8720,79782,11128,79782,1567,66
3205,8720,79783,11128,79783,1567,66
3205,8720,79784,11128,79784,1567,66
3205,8720,79785,11128,79785,1567,66
3205,8720,79786,11128,79786,1567,66
3205,8720,79787,11128,79787,1567,66
3205,8720,79788,11128,79788,1567,66
3205,8720,79789,11128,79789,1567,66
3205,8720,79790,11128,79790,1567,66
3205,8720,79791,11128,79791,1567,66
3205,8720,79792,11128,79792,1567,66
3205,8720,79793,11128,79793,1567,66
3205,8720,79794,11128,79794,1567,66
3205,8720,79795,11128,79795,1567,66
3205,8720,79796,11128,79796,1567,66
3205,8720,79797,11128,79797,1567,66
3205,8720,79798,11128,79798,1567,66
3205,8720,79799,11128,79799,1567,66
3205,8720,79800,11128,79800,1567,66
3205,8720,79801,11128,79801,1567,66
3205,8720,79802,11128,79802,1567,66
3205,8720,79803,11128,79803,1567,66
3205,8720,79804,11128,79804,1567,66
3205,8720,79805,11128,79805,1567,66
3205,8720,79806,11128,79806,1567,66
3205,8720,79807,11128,79807,1567,66
3205,8720,79808,11128,79808,1567,66
3205,8720,79809,11128,79809,1567,66
3205,8720,79810,11128,79810,1567,66
3205,8720,79811,11128,79811,1567,66
3205,8720,79812,11128,79812,1567,66
3205,8720,79813,11128,79813,1567,66
3205,8720,79814,11128,79814,1567,66
3205,8720,79815,11128,79815,1567,66
3205,8720,79816,11128,79816,1567,66
3205,8720,79817,11128,79817,1567,66
3205,8720,79818,11128,79818,1567,66
3205,8720,79819,11128,79819,1567,66
3205,8720,79820,11128,79820,1567,66
3205,8720,79821,11128,79821,1567,66
3205,8720,79822,11128,79822,1567,66
3205,8720,79823,11128,79823,1567,66
3205,8720,79824,11128,79824,1567,66
3205,8720,79825,11128,79825,1567,66
3205,8720,79826,11128,79826,1567,66
3205,8720,79827,11128,79827,1567,66
3205,8720,79828,11128,79828,1567,66
3205,8720,79829,11128,79829,1567,66
3205,8720,79830,11128,79830,1567,66
3205,8720,79831,11128,79831,1567,66
3205,8720,79832,11128,79832,1567,66
3205,8720,79833,11128,79833,1567,66
3205,8720,79834,11128,79834,1567,66
3205,8720,79835,11128,79835,1567,66
3205,8720,79836,11128,79836,1567,66
3205,8720,79837,11128,79837,1567,66
3205,8720,79838,11128,79838,1567,66
3205,8720,79839,11128,79839,1567,66
3205,8720,79840,11128,79840,1567,66
3205,8720,79841,11128,79841,1567,66
3205,8720,79842,11128,79842,1567,66
3205,8720,79843,11128,79843,1567,66
3205,8720,79844,11128,79844,1567,66
3205,8720,79845,11128,79845,1567,66
3205,8720,79846,11128,79846,1567,66
3205,8720,79847,11128,79847,1567,66
3205,8720,79848,11128,79848,1567,66
3205,8720,79849,11128,79849,1567,66
3205,8720,79850,11128,79850,1567,66
3205,8720,79851,11128,79851,1567,66
3205,8720,79852,11128,79852,1567,66
3205,8720,79853,11128,79853,1567,66
3205,8720,79854,11128,79854,1567,66
3205,8720,79855,11128,79855,1567,66
3205,8720,79856,11128,79856,1567,66
3205,8720,79857,11128,79857,1567,66
3205,8720,79858,11128,79858,1567,66
3205,8720,79859,11128,79859,1567,66
3205,8720,79860,11128,79860,1567,66
3205,8720,79861,11128,79861,1567,66
3205,8720,79862,11128,79862,1567,66
3205,8720,79863,11128,79863,1567,66
3205,8720,79864,11128,79864,1567,66
3205,8720,79865,11128,79865,1567,66
3205,8720,79866,11128,79866,1567,66
3205,8720,79867,11128,79867,1567,66
3205,8720,79868,11128,79868,1567,66
3205,8720,79869,11128,79869,1567,66
3205,8720,79870,11128,79870,1567,66
3205,8720,79871,11128,79871,1567,66
3205,8720,79872,11128,79872,1567,66
3205,8720,79873,11128,79873,1567,66
3205,8720,79874,11128,79874,1567,66
3205,8720,79875,11128,79875,1567,66
3205,8720,79876,11128,79876,1567,66
3205,8720,79877,11128,79877,1567,66
3205,8720,79878,11128,79878,1567,66
3205,8720,79879,11128,79879,1567,66
3205,8720,79880,11128,79880,1567,66
3205,8720,79881,11128,79881,1567,66
3205,8720,79882,11128,79882,1567,66
3205,8720,79883,11128,79883,1567,66
3205,8720,79884,11128,79884,1567,66
3205,8720,79885,11128,79885,1567,66
3205,8720,79886,11128,79886,1567,66
3205,8720,79887,11128,79887,1567,66
3205,8720,79888,11128,79888,1567,66
3205,8720,79889,11128,79889,1567,66
3205,8720,79890,11128,79890,1567,66
3205,8720,79891,11128,79891,1567,66
3205,8720,79892,11128,79892,1567,66
3205,8720,79893,11128,79893,1567,66
3205,8720,79894,11128,79894,1567,66
3205,8720,79895,11128,79895,1567,66
3205,8720,79896,11128,79896,1567,66
3205,8720,79897,11128,79897,1567,66
3205,8720,79898,11128,79898,1567,66
3205,8720,79899,11128,79899,1567,66
3205,8720,79900,11128,79900,1567,66
3205,8720,79901,11128,79901,1567,66
3205,8720,79902,11128,79902,1567,66
3205,8720,79903,11128,79903,1567,66
3205,8720,79904,11128,79904,1567,66
3205,8720,79905,11128,79905,1567,66
3205,8720,79906,11128,79906,1567,66
3205,8720,79907,11128,79907,1567,66
3205,8720,79908,11128,79908,1567,66
3205,8720,79909,11128,79909,1567,66
3205,8720,79910,11128,79910,1567,66
3205,8720,79911,11128,79911,1567,66
3205,8720,79912,11128,79912,1567,66
3205,8720,79913,11128,79913,1567,66
3205,8720,79914,11128,79914,1567,66
3205,8720,79915,11128,79915,1567,66
3205,8720,79916,11128,79916,1567,66
3205,8720,79917,11128,79917,1567,66
3205,8720,79918,11128,79918,1567,66
3205,8720,79919,11128,79919,1567,66
3205,8720,79920,11128,79920,1567,66
3205,8720,79921,11128,79921,1567,66
3205,8720,79922,11128,79922,1567,66
3205,8720,79923,11128,79923,1567,66
3205,8720,79924,11128,79924,1567,66
3205,8720,79925,11128,79925,1567,66
3205,8720,79926,11128,79926,1567,66
3205,8720,79927,11128,79927,1567,66
3205,8720,79928,11128,79928,1567,66
3205,8720,79929,11128,79929,1567,66
3205,8720,79930,11128,79930,1567,66
3205,8720,79931,11128,79931,1567,66
3205,8720,79932,11128,79932,1567,66
3205,8720,79933,11128,79933,1567,66
3205,8720,79934,11128,79934,1567,66
3205,8720,79935,11128,79935,1567,66
3205,8720,79936,11128,79936,1567,66
3205,8720,79937,11128,79937,1567,66
3205,8720,79938,11128,79938,1567,66
3205,8720,79939,11128,79939,1567,66
3205,8720,79940,11128,79940,1567,66
3205,8720,79941,11128,79941,1567,66
3205,8720,79942,11128,79942,1567,66
3205,8720,79943,11128,79943,1567,66
3205,8720,79944,11128,79944,1567,66
3205,8720,79945,11128,79945,1567,66
3205,8720,79946,11128,79946,1567,66
3205,8720,79947,11128,79947,1567,66
3205,8720,79948,11128,79948,1567,66
3205,8720,79949,11128,79949,1567,66
3205,8720,79950,11128,79950,1567,66
3205,8720,79951,11128,79951,1567,66
3205,8720,79952,11128,79952,1567,66
3205,8720,79953,11128,79953,1567,66
3205,8720,79954,11128,79954,1567,66
3205,8720,79955,11128,79955,1567,66
3205,8720,79956,11128,79956,1567,66
3205,8720,79957,11128,79957,1567,66
3205,8720,79958,11128,79958,1567,66
3205,8720,79959,11128,79959,1567,66
3205,8720,79960,11128,79960,1567,66
3205,8720,79961,11128,79961,1567,66
3205,8720,79962,11128,79962,1567,66
3205,8720,79963,11128,79963,1567,66
3205,8720,79964,11128,79964,1567,66
3205,8720,79965,11128,79965,1567,66
3205,8720,79966,11128,79966,1567,66
3205,8720,79967,11128,79967,1567,66
3205,8720,79968,11128,79968,1567,66
3205,8720,79969,11128,79969,1567,66
3205,8720,79970,11128,79970,1567,66
3205,8720,79971,11128,79971,1567,66
3205,8720,79972,11128,79972,1567,66
3205,8720,79973,11128,79973,1567,66
3205,8720,79974,11128,79974,1567,66
3205,8720,79975,11128,79975,1567,66
3205,8720,79976,11128,79976,1567,66
3205,8720,79977,11128,79977,1567,66
3205,8720,79978,11128,79978,1567,66
3205,8720,79979,11128,79979,1567,66
3205,8720,79980,11128,79980,1567,66
3205,8720,79981,11128,79981,1567,66
3205,8720,79982,11128,79982,1567,66
3205,8720,79983,11128,79983,1567,66
3205,8720,79984,11128,79984,1567,66
3205,8720,79985,11128,79985,1567,66
3205,8720,79986,11128,79986,1567,66
3205,8720,79987,11128,79987,1567,66
3205,8720,79988,11128,79988,1567,66
3205,8720,79989,11128,79989,1567,66
3205,8720,79990,11128,79990,1567,66
3205,8720,79991,11128,79991,1567,66
3205,8720,79992,11128,79992,1567,66
3205,8720,79993,11128,79993,1567,66
3205,8720,79994,11128,79994,1567,66
3205,8720,79995,11128,79995,1567,66
3205,8720,79996,11128,79996,1567,66
3205,8720,79997,11128,79997,1567,66
3205,8720,79998,11128,79998,1567,66
3205,8720,79999,11128,79999,1567,66
3205,8720,80000,11128,80000,1567,66
3205,8720,80001,11128,80001,1567,66
3205,8720,80002,11128,80002,1567,66
3205,8720,80003,11128,80003,1567,66
3205,8720,80004,11128,80004,1567,66
3205,8720,80005,11128,80005,1567,66
3205,8720,80006,11128,80006,1567,66
3205,8720,80007,11128,80007,1567,66
3205,8720,80008,11128,80008,1567,66
3205,8720,80009,11128,80009,1567,66
3205,8720,80010,11128,80010,1567,66
3205,8720,80011,11128,80011,1567,66
3205,8720,80012,11128,80012,1567,66
3205,8720,80013,11128,80013,1567,66
3205,8720,80014,11128,80014,1567,66
3205,8720,80015,11128,80015,1567,66
3205,8720,80016,11128,80016,1567,66
3205,8720,80017,11128,80017,1567,66
3205,8720,80018,11128,80018,1567,66
3205,8720,80019,11128,80019,1567,66
3205,8720,80020,11128,80020,1567,66
3205,8720,80021,11128,80021,1567,66
3205,8720,80022,11128,80022,1567,66
3205,8720,80023,11128,80023,1567,66
3205,8720,80024,11128,80024,1567,66
3205,8720,80025,11128,80025,1567,66
3205,8720,80026,11128,80026,1567,66
3205,8720,80027,11128,80027,1567,66
3205,8720,80028,11128,80028,1567,66
3205,8720,80029,11128,80029,1567,66
3205,8720,80030,11128,80030,1567,66
3205,8720,80031,11128,80031,1567,66
3205,8720,80032,11128,80032,1567,66
3205,8720,80033,11128,80033,1567,66
3205,8720,80034,11128,80034,1567,66
3205,8720,80035,11128,80035,1567,66
3205,8720,80036,11128,80036,1567,66
3205,8720,80037,11128,80037,1567,66
3205,8720,80038,11128,80038,1567,66
3205,8720,80039,11128,80039,1567,66
3205,8720,80040,11128,80040,1567,66
3205,8720,80041,11128,80041,1567,66
3205,8720,80042,11128,80042,1567,66
3205,8720,80043,11128,80043,1567,66
3205,8720,80044,11128,80044,1567,66
3205,8720,80045,11128,80045,1567,66
3205,8720,80046,11128,80046,1567,66
3205,8720,80047,11128,80047,1567,66
3205,8720,80048,11128,80048,1567,66
3205,8720,80049,11128,80049,1567,66
3205,8720,80050,11128,80050,1567,66
3205,8720,80051,11128,80051,1567,66
3205,8720,80052,11128,80052,1567,66
3205,8720,80053,11128,80053,1567,66
3205,8720,80054,11128,80054,1567,66
3205,8720,80055,11128,80055,1567,66
3205,8720,80056,11128,80056,1567,66
3205,8720,80057,11128,80057,1567,66
3205,8720,80058,11128,80058,1567,66
3205,8720,80059,11128,80059,1567,66
3205,8720,80060,11128,80060,1567,66
3205,8720,80061,11128,80061,1567,66
3205,8720,80062,11128,80062,1567,66
3205,8720,80063,11128,80063,1567,66
3205,8720,80064,11128,80064,1567,66
3205,8720,80065,11128,80065,1567,66
3205,8720,80066,11128,80066,1567,66
3205,8720,80067,11128,80067,1567,66
3205,8720,80068,11128,80068,1567,66
3205,8720,80069,11128,80069,1567,66
3205,8720,80070,11128,80070,1567,66
3205,8720,80071,11128,80071,1567,66
3205,8720,80072,11128,80072,1567,66
3205,8720,80073,11128,80073,1567,66
3205,8720,80074,11128,80074,1567,66
3205,8720,80075,11128,80075,1567,66
3205,8720,80076,11128,80076,1567,66
3205,8720,80077,11128,80077,1567,66
3205,8720,80078,11128,80078,1567,66
3205,8720,80079,11128,80079,1567,66
3205,8720,80080,11128,80080,1567,66
3205,8720,80081,11128,80081,1567,66
3205,8720,80082,11128,80082,1567,66
3205,8720,80083,11128,80083,1567,66
3205,8720,80084,11128,80084,1567,66
3205,8720,80085,11128,80085,1567,66
3205,8720,80086,11128,80086,1567,66
3205,8720,80087,11128,80087,1567,66
3205,8720,80088,11128,80088,1567,66
3205,8720,80089,11128,80089,1567,66
3205,8720,80090,11128,80090,1567,66
3205,8720,80091,11128,80091,1567,66
3205,8720,80092,11128,80092,1567,66
3205,8720,80093,11128,80093,1567,66
3205,8720,80094,11128,80094,1567,66
3205,8720,80095,11128,80095,1567,66
3205,8720,80096,11128,80096,1567,66
3205,8720,80097,11128,80097,1567,66
3205,8720,80098,11128,80098,1567,66
3205,8720,80099,11128,80099,1567,66
3205,8720,80100,11128,80100,1567,66
3205,8720,80101,11128,80101,1567,66
3205,8720,80102,11128,80102,1567,66
3205,8720,80103,11128,80103,1567,66
3205,8720,80104,11128,80104,1567,66
3205,8720,80105,11128,80105,1567,66
3205,8720,80106,11128,80106,1567,66
3205,8720,80107,11128,80107,1567,66
3205,8720,80108,11128,80108,1567,66
3205,8720,80109,11128,80109,1567,66
3205,8720,80110,11128,80110,1567,66
3205,8720,80111,11128,80111,1567,66
3205,8720,80112,11128,80112,1567,66
3205,8720,80113,11128,80113,1567,66
3205,8720,80114,11128,80114,1567,66
3205,8720,80115,11128,80115,1567,66
3205,8720,80116,11128,80116,1567,66
3205,8720,80117,11128,80117,1567,66
3205,8720,80118,11128,80118,1567,66
3205,8720,80119,11128,80119,1567,66
3205,8720,80120,11128,80120,1567,66
3205,8720,80121,11128,80121,1567,66
3205,8720,80122,11128,80122,1567,66
3205,8720,80123,11128,80123,1567,66
3205,8720,80124,11128,80124,1567,66
3205,8720,80125,11128,80125,1567,66
3205,8720,80126,11128,80126,1567,66
3205,8720,80127,11128,80127,1567,66
3205,8720,80128,11128,80128,1567,66
3205,8720,80129,11128,80129,1567,66
3205,8720,80130,11128,80130,1567,66
3205,8720,80131,11128,80131,1567,66
3205,8720,80132,11128,80132,1567,66
3205,8720,80133,11128,80133,1567,66
3205,8720,80134,11128,80134,1567,66
3205,8720,80135,11128,80135,1567,66
3205,8720,80136,11128,80136,1567,66
3205,8720,80137,11128,80137,1567,66
3205,8720,80138,11128,80138,1567,66
3205,8720,80139,11128,80139,1567,66
3205,8720,80140,11128,80140,1567,66
3205,8720,80141,11128,80141,1567,66
3205,8720,80142,11128,80142,1567,66
3205,8720,80143,11128,80143,1567,66
3205,8720,80144,11128,80144,1567,66
3205,8720,80145,11128,80145,1567,66
3205,8720,80146,11128,80146,1567,66
3205,8720,80147,11128,80147,1567,66
3205,8720,80148,11128,80148,1567,66
3205,8720,80149,11128,80149,1567,66
3205,8720,80150,11128,80150,1567,66
3205,8720,80151,11128,80151,1567,66
3205,8720,80152,11128,80152,1567,66
3205,8720,80153,11128,80153,1567,66
3205,8720,80154,11128,80154,1567,66
3205,8720,80155,11128,80155,1567,66
3205,8720,80156,11128,80156,1567,66
3205,8720,80157,11128,80157,1567,66
3205,8720,80158,11128,80158,1567,66
3205,8720,80159,11128,80159,1567,66
3205,8720,80160,11128,80160,1567,66
3205,8720,80161,11128,80161,1567,66
3205,8720,80162,11128,80162,1567,66
3205,8720,80163,11128,80163,1567,66
3205,8720,80164,11128,80164,1567,66
3205,8720,80165,11128,80165,1567,66
3205,8720,80166,11128,80166,1567,66
3205,8720,80167,11128,80167,1567,66
3205,8720,80168,11128,80168,1567,66
3205,8720,80169,11128,80169,1567,66
3205,8720,80170,11128,80170,1567,66
3205,8720,80171,11128,80171,1567,66
3205,8720,80172,11128,80172,1567,66
3205,8720,80173,11128,80173,1567,66
3205,8720,80174,11128,80174,1567,66
3205,8720,80175,11128,80175,1567,66
3205,8720,80176,11128,80176,1567,66
3205,8720,80177,11128,80177,1567,66
3205,8720,80178,11128,80178,1567,66
3205,8720,80179,11128,80179,1567,66
3205,8720,80180,11128,80180,1567,66
3205,8720,80181,11128,80181,1567,66
3205,8720,80182,11128,80182,1567,66
3205,8720,80183,11128,80183,1567,66
3205,8720,80184,11128,80184,1567,66
3205,8720,80185,11128,80185,1567,66
3205,8720,80186,11128,80186,1567,66
3205,8720,80187,11128,80187,1567,66
3205,8720,80188,11128,80188,1567,66
3205,8720,80189,11128,80189,1567,66
3205,8720,80190,11128,80190,1567,66
3205,8720,80191,11128,80191,1567,66
3205,8720,80192,11128,80192,1567,66
3205,8720,80193,11128,80193,1567,66
3205,8720,80194,11128,80194,1567,66
3205,8720,80195,11128,80195,1567,66
3205,8720,80196,11128,80196,1567,66
3205,8720,80197,11128,80197,1567,66
3205,8720,80198,11128,80198,1567,66
3205,8720,80199,11128,80199,1567,66
3205,8720,80200,11128,80200,1567,66
3205,8720,80201,11128,80201,1567,66
3205,8720,80202,11128,80202,1567,66
3205,8720,80203,11128,80203,1567,66
3205,8720,80204,11128,80204,1567,66
3205,8720,80205,11128,80205,1567,66
3205,8720,80206,11128,80206,1567,66
3205,8720,80207,11128,80207,1567,66
3205,8720,80208,11128,80208,1567,66
3205,8720,80209,11128,80209,1567,66
3205,8720,80210,11128,80210,1567,66
3205,8720,80211,11128,80211,1567,66
3205,8720,80212,11128,80212,1567,66
3205,8720,80213,11128,80213,1567,66
3205,8720,80214,11128,80214,1567,66
3205,8720,80215,11128,80215,1567,66
3205,8720,80216,11128,80216,1567,66
3205,8720,80217,11128,80217,1567,66
3205,8720,80218,11128,80218,1567,66
3205,8720,80219,11128,80219,1567,66
3205,8720,80220,11128,80220,1567,66
3205,8720,80221,11128,80221,1567,66
3205,8720,80222,11128,80222,1567,66
3205,8720,80223,11128,80223,1567,66
3205,8720,80224,11128,80224,1567,66
3205,8720,80225,11128,80225,1567,66
3205,8720,80226,11128,80226,1567,66
3205,8720,80227,11128,80227,1567,66
3205,8720,80228,11128,80228,1567,66
3205,8720,80229,11128,80229,1567,66
3205,8720,80230,11128,80230,1567,66
3205,8720,80231,11128,80231,1567,66
3205,8720,80232,11128,80232,1567,66
3205,8720,80233,11128,80233,1567,66
3205,8720,80234,11128,80234,1567,66
3205,8720,80235,11128,80235,1567,66
3205,8720,80236,11128,80236,1567,66
3205,8720,80237,11128,80237,1567,66
3205,8720,80238,11128,80238,1567,66
3205,8720,80239,11128,80239,1567,66
3205,8720,80240,11128,80240,1567,66
3205,8720,80241,11128,80241,1567,66
3205,8720,80242,11128,80242,1567,66
3205,8720,80243,11128,80243,1567,66
3205,8720,80244,11128,80244,1567,66
3205,8720,80245,11128,80245,1567,66
3205,8720,80246,11128,80246,1567,66
3205,8720,80247,11128,80247,1567,66
3205,8720,80248,11128,80248,1567,66
3205,8720,80249,11128,80249,1567,66
3205,8720,80250,11128,80250,1567,66
3205,8720,80251,11128,80251,1567,66
3205,8720,80252,11128,80252,1567,66
3205,8720,80253,11128,80253,1567,66
3205,8720,80254,11128,80254,1567,66
3205,8720,80255,11128,80255,1567,66
3205,8720,80256,11128,80256,1567,66
3205,8720,80257,11128,80257,1567,66
3205,8720,80258,11128,80258,1567,66
3205,8720,80259,11128,80259,1567,66
3205,8720,80260,11128,80260,1567,66
3205,8720,80261,11128,80261,1567,66
3205,8720,80262,11128,80262,1567,66
3205,8720,80263,11128,80263,1567,66
3205,8720,80264,11128,80264,1567,66
3205,8720,80265,11128,80265,1567,66
3205,8720,80266,11128,80266,1567,66
3205,8720,80267,11128,80267,1567,66
3205,8720,80268,11128,80268,1567,66
3205,8720,80269,11128,80269,1567,66
3205,8720,80270,11128,80270,1567,66
3205,8720,80271,11128,80271,1567,66
3205,8720,80272,11128,80272,1567,66
3205,8720,80273,11128,80273,1567,66
3205,8720,80274,11128,80274,1567,66
3205,8720,80275,11128,80275,1567,66
3205,8720,80276,11128,80276,1567,66
3205,8720,80277,11128,80277,1567,66
3205,8720,80278,11128,80278,1567,66
3205,8720,80279,11128,80279,1567,66
3205,8720,80280,11128,80280,1567,66
3205,8720,80281,11128,80281,1567,66
3205,8720,80282,11128,80282,1567,66
3205,8720,80283,11128,80283,1567,66
3205,8720,80284,11128,80284,1567,66
3205,8720,80285,11128,80285,1567,66
3205,8720,80286,11128,80286,1567,66
3205,8720,80287,11128,80287,1567,66
3205,8720,80288,11128,80288,1567,66
3205,8720,80289,11128,80289,1567,66
3205,8720,80290,11128,80290,1567,66
3205,8720,80291,11128,80291,1567,66
3205,8720,80292,11128,80292,1567,66
3205,8720,80293,11128,80293,1567,66
3205,8720,80294,11128,80294,1567,66
3205,8720,80295,11128,80295,1567,66
3205,8720,80296,11128,80296,1567,66
3205,8720,80297,11128,80297,1567,66
3205,8720,80298,11128,80298,1567,66
3205,8720,80299,11128,80299,1567,66
3205,8720,80300,11128,80300,1567,66
3205,8720,80301,11128,80301,1567,66
3205,8720,80302,11128,80302,1567,66
3205,8720,80303,11128,80303,1567,66
3205,8720,80304,11128,80304,1567,66
3205,8720,80305,11128,80305,1567,66
3205,8720,80306,11128,80306,1567,66
3205,8720,80307,11128,80307,1567,66
3205,8720,80308,11128,80308,1567,66
3205,8720,80309,11128,80309,1567,66
3205,8720,80310,11128,80310,1567,66
3205,8720,80311,11128,80311,1567,66
3205,8720,80312,11128,80312,1567,66
3205,8720,80313,11128,80313,1567,66
3205,8720,80314,11128,80314,1567,66
3205,8720,80315,11128,80315,1567,66
3205,8720,80316,11128,80316,1567,66
3205,8720,80317,11128,80317,1567,66
3205,8720,80318,11128,80318,1567,66
3205,8720,80319,11128,80319,1567,66
3205,8720,80320,11128,80320,1567,66
3205,8720,80321,11128,80321,1567,66
3205,8720,80322,11128,80322,1567,66
3205,8720,80323,11128,80323,1567,66
3205,8720,80324,11128,80324,1567,66
3205,8720,80325,11128,80325,1567,66
3205,8720,80326,11128,80326,1567,66
3205,8720,80327,11128,80327,1567,66
3205,8720,80328,11128,80328,1567,66
3205,8720,80329,11128,80329,1567,66
3205,8720,80330,11128,80330,1567,66
3205,8720,80331,11128,80331,1567,66
3205,8720,80332,11128,80332,1567,66
3205,8720,80333,11128,80333,1567,66
3205,8720,80334,11128,80334,1567,66
3205,8720,80335,11128,80335,1567,66
3205,8720,80336,11128,80336,1567,66
3205,8720,80337,11128,80337,1567,66
3205,8720,80338,11128,80338,1567,66
3205,8720,80339,11128,80339,1567,66
3205,8720,80340,11128,80340,1567,66
3205,8720,80341,11128,80341,1567,66
3205,8720,80342,11128,80342,1567,66
3205,8720,80343,11128,80343,1567,66
3205,8720,80344,11128,80344,1567,66
3205,8720,80345,11128,80345,1567,66
3205,8720,80346,11128,80346,1567,66
3205,8720,80347,11128,80347,1567,66
3205,8720,80348,11128,80348,1567,66
3205,8720,80349,11128,80349,1567,66
3205,8720,80350,11128,80350,1567,66
3205,8720,80351,11128,80351,1567,66
3205,8720,80352,11128,80352,1567,66
3205,8720,80353,11128,80353,1567,66
3205,8720,80354,11128,80354,1567,66
3205,8720,80355,11128,80355,1567,66
3205,8720,80356,11128,80356,1567,66
3205,8720,80357,11128,80357,1567,66
3205,8720,80358,11128,80358,1567,66
3205,8720,80359,11128,80359,1567,66
3205,8720,80360,11128,80360,1567,66
3205,8720,80361,11128,80361,1567,66
3205,8720,80362,11128,80362,1567,66
3205,8720,80363,11128,80363,1567,66
3205,8720,80364,11128,80364,1567,66
3205,8720,80365,11128,80365,1567,66
3205,8720,80366,11128,80366,1567,66
3205,8720,80367,11128,80367,1567,66
3205,8720,80368,11128,80368,1567,66
3205,8720,80369,11128,80369,1567,66
3205,8720,80370,11128,80370,1567,66
3205,8720,80371,11128,80371,1567,66
3205,8720,80372,11128,80372,1567,66
3205,8720,80373,11128,80373,1567,66
3205,8720,80374,11128,80374,1567,66
3205,8720,80375,11128,80375,1567,66
3205,8720,80376,11128,80376,1567,66
3205,8720,80377,11128,80377,1567,66
3205,8720,80378,11128,80378,1567,66
3205,8720,80379,11128,80379,1567,66
3205,8720,80380,11128,80380,1567,66
3205,8720,80381,11128,80381,1567,66
3205,8720,80382,11128,80382,1567,66
3205,8720,80383,11128,80383,1567,66
3205,8720,80384,11128,80384,1567,66
3205,8720,80385,11128,80385,1567,66
3205,8720,80386,11128,80386,1567,66
3205,8720,80387,11128,80387,1567,66
3205,8720,80388,11128,80388,1567,66
3205,8720,80389,11128,80389,1567,66
3205,8720,80390,11128,80390,1567,66
3205,8720,80391,11128,80391,1567,66
3205,8720,80392,11128,80392,1567,66
3205,8720,80393,11128,80393,1567,66
3205,8720,80394,11128,80394,1567,66
3205,8720,80395,11128,80395,1567,66
3205,8720,80396,11128,80396,1567,66
3205,8720,80397,11128,80397,1567,66
3205,8720,80398,11128,80398,1567,66
3205,8720,80399,11128,80399,1567,66
3205,8720,80400,11128,80400,1567,66
3205,8720,80401,11128,80401,1567,66
3205,8720,80402,11128,80402,1567,66
3205,8720,80403,11128,80403,1567,66
3205,8720,80404,11128,80404,1567,66
3205,8720,80405,11128,80405,1567,66
3205,8720,80406,11128,80406,1567,66
3205,8720,80407,11128,80407,1567,66
3205,8720,80408,11128,80408,1567,66
3205,8720,80409,11128,80409,1567,66
3205,8720,80410,11128,80410,1567,66
3205,8720,80411,11128,80411,1567,66
3205,8720,80412,11128,80412,1567,66
3205,8720,80413,11128,80413,1567,66
3205,8720,80414,11128,80414,1567,66
3205,8720,80415,11128,80415,1567,66
3205,8720,80416,11128,80416,1567,66
3205,8720,80417,11128,80417,1567,66
3205,8720,80418,11128,80418,1567,66
3205,8720,80419,11128,80419,1567,66
3205,8720,80420,11128,80420,1567,66
3205,8720,80421,11128,80421,1567,66
3205,8720,80422,11128,80422,1567,66
3205,8720,80423,11128,80423,1567,66
3205,8720,80424,11128,80424,1567,66
3205,8720,80425,11128,80425,1567,66
3205,8720,80426,11128,80426,1567,66
3205,8720,80427,11128,80427,1567,66
3205,8720,80428,11128,80428,1567,66
3205,8720,80429,11128,80429,1567,66
3205,8720,80430,11128,80430,1567,66
3205,8720,80431,11128,80431,1567,66
3205,8720,80432,11128,80432,1567,66
3205,8720,80433,11128,80433,1567,66
3205,8720,80434,11128,80434,1567,66
3205,8720,80435,11128,80435,1567,66
3205,8720,80436,11128,80436,1567,66
3205,8720,80437,11128,80437,1567,66
3205,8720,80438,11128,80438,1567,66
3205,8720,80439,11128,80439,1567,66
3205,8720,80440,11128,80440,1567,66
3205,8720,80441,11128,80441,1567,66
3205,8720,80442,11128,80442,1567,66
3205,8720,80443,11128,80443,1567,66
3205,8720,80444,11128,80444,1567,66
3205,8720,80445,11128,80445,1567,66
3205,8720,80446,11128,80446,1567,66
3205,8720,80447,11128,80447,1567,66
3205,8720,80448,11128,80448,1567,66
3205,8720,80449,11128,80449,1567,66
3205,8720,80450,11128,80450,1567,66
3205,8720,80451,11128,80451,1567,66
3205,8720,80452,11128,80452,1567,66
3205,8720,80453,11128,80453,1567,66
3205,8720,80454,11128,80454,1567,66
3205,8720,80455,11128,80455,1567,66
3205,8720,80456,11128,80456,1567,66
3205,8720,80457,11128,80457,1567,66
3205,8720,80458,11128,80458,1567,66
3205,8720,80459,11128,80459,1567,66
3205,8720,80460,11128,80460,1567,66
3205,8720,80461,11128,80461,1567,66
3205,8720,80462,11128,80462,1567,66
3205,8720,80463,11128,80463,1567,66
3205,8720,80464,11128,80464,1567,66
3205,8720,80465,11128,80465,1567,66
3205,8720,80466,11128,80466,1567,66
3205,8720,80467,11128,80467,1567,66
3205,8720,80468,11128,80468,1567,66
3205,8720,80469,11128,80469,1567,66
3205,8720,80470,11128,80470,1567,66
3205,8720,80471,11128,80471,1567,66
3205,8720,80472,11128,80472,1567,66
3205,8720,80473,11128,80473,1567,66
3205,8720,80474,11128,80474,1567,66
3205,8720,80475,11128,80475,1567,66
3205,8720,80476,11128,80476,1567,66
3205,8720,80477,11128,80477,1567,66
3205,8720,80478,11128,80478,1567,66
3205,8720,80479,11128,80479,1567,66
3205,8720,80480,11128,80480,1567,66
3205,8720,80481,11128,80481,1567,66
3205,8720,80482,11128,80482,1567,66
3205,8720,80483,11128,80483,1567,66
3205,8720,80484,11128,80484,1567,66
3205,8720,80485,11128,80485,1567,66
3205,8720,80486,11128,80486,1567,66
3205,8720,80487,11128,80487,1567,66
3205,8720,80488,11128,80488,1567,66
3205,8720,80489,11128,80489,1567,66
3205,8720,80490,11128,80490,1567,66
3205,8720,80491,11128,80491,1567,66
3205,8720,80492,11128,80492,1567,66
3205,8720,80493,11128,80493,1567,66
3205,8720,80494,11128,80494,1567,66
3205,8720,80495,11128,80495,1567,66
3205,8720,80496,11128,80496,1567,66
3205,8720,80497,11128,80497,1567,66
3205,8720,80498,11128,80498,1567,66
3205,8720,80499,11128,80499,1567,66
3205,8720,80500,11128,80500,1567,66
3205,8720,80501,11128,80501,1567,66
3205,8720,80502,11128,80502,1567,66
3205,8720,80503,11128,80503,1567,66
3205,8720,80504,11128,80504,1567,66
3205,8720,80505,11128,80505,1567,66
3205,8720,80506,11128,80506,1567,66
3205,8720,80507,11128,80507,1567,66
3205,8720,80508,11128,80508,1567,66
3205,8720,80509,11128,80509,1567,66
3205,8720,80510,11128,80510,1567,66
3205,8720,80511,11128,80511,1567,66
3205,8720,80512,11128,80512,1567,66
3205,8720,80513,11128,80513,1567,66
3205,8720,80514,11128,80514,1567,66
3205,8720,80515,11128,80515,1567,66
3205,8720,80516,11128,80516,1567,66
3205,8720,80517,11128,80517,1567,66
3205,8720,80518,11128,80518,1567,66
3205,8720,80519,11128,80519,1567,66
3205,8720,80520,11128,80520,1567,66
3205,8720,80521,11128,80521,1567,66
3205,8720,80522,11128,80522,1567,66
3205,8720,80523,11128,80523,1567,66
3205,8720,80524,11128,80524,1567,66
3205,8720,80525,11128,80525,1567,66
3205,8720,80526,11128,80526,1567,66
3205,8720,80527,11128,80527,1567,66
3205,8720,80528,11128,80528,1567,66
3205,8720,80529,11128,80529,1567,66
3205,8720,80530,11128,80530,1567,66
3205,8720,80531,11128,80531,1567,66
3205,8720,80532,11128,80532,1567,66
3205,8720,80533,11128,80533,1567,66
3205,8720,80534,11128,80534,1567,66
3205,8720,80535,11128,80535,1567,66
3205,8720,80536,11128,80536,1567,66
3205,8720,80537,11128,80537,1567,66
3205,8720,80538,11128,80538,1567,66
3205,8720,80539,11128,80539,1567,66
3205,8720,80540,11128,80540,1567,66
3205,8720,80541,11128,80541,1567,66
3205,8720,80542,11128,80542,1567,66
3205,8720,80543,11128,80543,1567,66
3205,8720,80544,11128,80544,1567,66
3205,8720,80545,11128,80545,1567,66
3205,8720,80546,11128,80546,1567,66
3205,8720,80547,11128,80547,1567,66
3205,8720,80548,11128,80548,1567,66
3205,8720,80549,11128,80549,1567,66
3205,8720,80550,11128,80550,1567,66
3205,8720,80551,11128,80551,1567,66
3205,8720,80552,11128,80552,1567,66
3205,8720,80553,11128,80553,1567,66
3205,8720,80554,11128,80554,1567,66
3205,8720,80555,11128,80555,1567,66
3205,8720,80556,11128,80556,1567,66
3205,8720,80557,11128,80557,1567,66
3205,8720,80558,11128,80558,1567,66
3205,8720,80559,11128,80559,1567,66
3205,8720,80560,11128,80560,1567,66
3205,8720,80561,11128,80561,1567,66
3205,8720,80562,11128,80562,1567,66
3205,8720,80563,11128,80563,1567,66
3205,8720,80564,11128,80564,1567,66
3205,8720,80565,11128,80565,1567,66
3205,8720,80566,11128,80566,1567,66
3205,8720,80567,11128,80567,1567,66
3205,8720,80568,11128,80568,1567,66
3205,8720,80569,11128,80569,1567,66
3205,8720,80570,11128,80570,1567,66
3205,8720,80571,11128,80571,1567,66
3205,8720,80572,11128,80572,1567,66
3205,8720,80573,11128,80573,1567,66
3205,8720,80574,11128,80574,1567,66
3205,8720,80575,11128,80575,1567,66
3205,8720,80576,11128,80576,1567,66
3205,8720,80577,11128,80577,1567,66
3205,8720,80578,11128,80578,1567,66
3205,8720,80579,11128,80579,1567,66
3205,8720,80580,11128,80580,1567,66
3205,8720,80581,11128,80581,1567,66
3205,8720,80582,11128,80582,1567,66
3205,8720,80583,11128,80583,1567,66
3205,8720,80584,11128,80584,1567,66
3205,8720,80585,11128,80585,1567,66
3205,8720,80586,11128,80586,1567,66
3205,8720,80587,11128,80587,1567,66
3205,8720,80588,11128,80588,1567,66
3205,8720,80589,11128,80589,1567,66
3205,8720,80590,11128,80590,1567,66
3205,8720,80591,11128,80591,1567,66
3205,8720,80592,11128,80592,1567,66
3205,8720,80593,11128,80593,1567,66
3205,8720,80594,11128,80594,1567,66
3205,8720,80595,11128,80595,1567,66
3205,8720,80596,11128,80596,1567,66
3205,8720,80597,11128,80597,1567,66
3205,8720,80598,11128,80598,1567,66
3205,8720,80599,11128,80599,1567,66
3205,8720,80600,11128,80600,1567,66
3205,8720,80601,11128,80601,1567,66
3205,8720,80602,11128,80602,1567,66
3205,8720,80603,11128,80603,1567,66
3205,8720,80604,11128,80604,1567,66
3205,8720,80605,11128,80605,1567,66
3205,8720,80606,11128,80606,1567,66
3205,8720,80607,11128,80607,1567,66
3205,8720,80608,11128,80608,1567,66
3205,8720,80609,11128,80609,1567,66
3205,8720,80610,11128,80610,1567,66
3205,8720,80611,11128,80611,1567,66
3205,8720,80612,11128,80612,1567,66
3205,8720,80613,11128,80613,1567,66
3205,8720,80614,11128,80614,1567,66
3205,8720,80615,11128,80615,1567,66
3205,8720,80616,11128,80616,1567,66
3205,8720,80617,11128,80617,1567,66
3205,8720,80618,11128,80618,1567,66
3205,8720,80619,11128,80619,1567,66
3205,8720,80620,11128,80620,1567,66
3205,8720,80621,11128,80621,1567,66
3205,8720,80622,11128,80622,1567,66
3205,8720,80623,11128,80623,1567,66
3205,8720,80624,11128,80624,1567,66
3205,8720,80625,11128,80625,1567,66
3205,8720,80626,11128,80626,1567,66
3205,8720,80627,11128,80627,1567,66
3205,8720,80628,11128,80628,1567,66
3205,8720,80629,11128,80629,1567,66
3205,8720,80630,11128,80630,1567,66
3205,8720,80631,11128,80631,1567,66
3205,8720,80632,11128,80632,1567,66
3205,8720,80633,11128,80633,1567,66
3205,8720,80634,11128,80634,1567,66
3205,8720,80635,11128,80635,1567,66
3205,8720,80636,11128,80636,1567,66
3205,8720,80637,11128,80637,1567,66
3205,8720,80638,11128,80638,1567,66
3205,8720,80639,11128,80639,1567,66
3205,8720,80640,11128,80640,1567,66
3205,8720,80641,11128,80641,1567,66
3205,8720,80642,11128,80642,1567,66
3205,8720,80643,11128,80643,1567,66
3205,8720,80644,11128,80644,1567,66
3205,8720,80645,11128,80645,1567,66
3205,8720,80646,11128,80646,1567,66
3205,8720,80647,11128,80647,1567,66
3205,8720,80648,11128,80648,1567,66
3205,8720,80649,11128,80649,1567,66
3205,8720,80650,11128,80650,1567,66
3205,8720,80651,11128,80651,1567,66
3205,8720,80652,11128,80652,1567,66
3205,8720,80653,11128,80653,1567,66
3205,8720,80654,11128,80654,1567,66
3205,8720,80655,11128,80655,1567,66
3205,8720,80656,11128,80656,1567,66
3205,8720,80657,11128,80657,1567,66
3205,8720,80658,11128,80658,1567,66
3205,8720,80659,11128,80659,1567,66
3205,8720,80660,11128,80660,1567,66
3205,8720,80661,11128,80661,1567,66
3205,8720,80662,11128,80662,1567,66
3205,8720,80663,11128,80663,1567,66
3205,8720,80664,11128,80664,1567,66
3205,8720,80665,11128,80665,1567,66
3205,8720,80666,11128,80666,1567,66
3205,8720,80667,11128,80667,1567,66
3205,8720,80668,11128,80668,1567,66
3205,8720,80669,11128,80669,1567,66
3205,8720,80670,11128,80670,1567,66
3205,8720,80671,11128,80671,1567,66
3205,8720,80672,11128,80672,1567,66
3205,8720,80673,11128,80673,1567,66
3205,8720,80674,11128,80674,1567,66
3205,8720,80675,11128,80675,1567,66
3205,8720,80676,11128,80676,1567,66
3205,8720,80677,11128,80677,1567,66
3205,8720,80678,11128,80678,1567,66
3205,8720,80679,11128,80679,1567,66
3205,8720,80680,11128,80680,1567,66
3205,8720,80681,11128,80681,1567,66
3205,8720,80682,11128,80682,1567,66
3205,8720,80683,11128,80683,1567,66
3205,8720,80684,11128,80684,1567,66
3205,8720,80685,11128,80685,1567,66
3205,8720,80686,11128,80686,1567,66
3205,8720,80687,11128,80687,1567,66
3205,8720,80688,11128,80688,1567,66
3205,8720,80689,11128,80689,1567,66
3205,8720,80690,11128,80690,1567,66
3205,8720,80691,11128,80691,1567,66
3205,8720,80692,11128,80692,1567,66
3205,8720,80693,11128,80693,1567,66
3205,8720,80694,11128,80694,1567,66
3205,8720,80695,11128,80695,1567,66
3205,8720,80696,11128,80696,1567,66
3205,8720,80697,11128,80697,1567,66
3205,8720,80698,11128,80698,1567,66
3205,8720,80699,11128,80699,1567,66
3205,8720,80700,11128,80700,1567,66
3205,8720,80701,11128,80701,1567,66
3205,8720,80702,11128,80702,1567,66
3205,8720,80703,11128,80703,1567,66
3205,8720,80704,11128,80704,1567,66
3205,8720,80705,11128,80705,1567,66
3205,8720,80706,11128,80706,1567,66
3205,8720,80707,11128,80707,1567,66
3205,8720,80708,11128,80708,1567,66
3205,8720,80709,11128,80709,1567,66
3205,8720,80710,11128,80710,1567,66
3205,8720,80711,11128,80711,1567,66
3205,8720,80712,11128,80712,1567,66
3205,8720,80713,11128,80713,1567,66
3205,8720,80714,11128,80714,1567,66
3205,8720,80715,11128,80715,1567,66
3205,8720,80716,11128,80716,1567,66
3205,8720,80717,11128,80717,1567,66
3205,8720,80718,11128,80718,1567,66
3205,8720,80719,11128,80719,1567,66
3205,8720,80720,11128,80720,1567,66
3205,8720,80721,11128,80721,1567,66
3205,8720,80722,11128,80722,1567,66
3205,8720,80723,11128,80723,1567,66
3205,8720,80724,11128,80724,1567,66
3205,8720,80725,11128,80725,1567,66
3205,8720,80726,11128,80726,1567,66
3205,8720,80727,11128,80727,1567,66
3205,8720,80728,11128,80728,1567,66
3205,8720,80729,11128,80729,1567,66
3205,8720,80730,11128,80730,1567,66
3205,8720,80731,11128,80731,1567,66
3205,8720,80732,11128,80732,1567,66
3205,8720,80733,11128,80733,1567,66
3205,8720,80734,11128,80734,1567,66
3205,8720,80735,11128,80735,1567,66
3205,8720,80736,11128,80736,1567,66
3205,8720,80737,11128,80737,1567,66
3205,8720,80738,11128,80738,1567,66
3205,8720,80739,11128,80739,1567,66
3204,8720,80740,11128,80740,1567,66
3204,8720,80741,11128,80741,1567,66
3204,8720,80742,11128,80742,1567,66
3204,8720,80743,11128,80743,1567,66
3204,8720,80744,11128,80744,1567,66
3204,8720,80745,11128,80745,1567,66
3204,8720,80746,11128,80746,1567,66
3204,8720,80747,11128,80747,1567,66
3204,8720,80748,11128,80748,1567,66
3204,8720,80749,11128,80749,1567,66
3204,8720,80750,11128,80750,1567,66
3204,8720,80751,11128,80751,1567,66
3204,8720,80752,11128,80752,1567,66
3204,8720,80753,11128,80753,1567,66
3204,8720,80754,11128,80754,1567,66
3204,8720,80755,11128,80755,1567,66
3204,8720,80756,11128,80756,1567,66
3204,8720,80757,11128,80757,1567,66
3204,8720,80758,11128,80758,1567,66
3204,8720,80759,11128,80759,1567,66
3204,8720,80760,11128,80760,1567,66
3204,8720,80761,11128,80761,1567,66
3204,8720,80762,11128,80762,1567,66
3204,8720,80763,11128,80763,1567,66
3204,8720,80764,11128,80764,1567,66
3204,8720,80765,11128,80765,1567,66
3204,8720,80766,11128,80766,1567,66
3204,8720,80767,11128,80767,1567,66
3204,8720,80768,11128,80768,1567,66
3204,8720,80769,11128,80769,1567,66
3204,8720,80770,11128,80770,1567,66
3204,8720,80771,11128,80771,1567,66
3204,8720,80772,11128,80772,1567,66
3204,8720,80773,11128,80773,1567,66
3204,8720,80774,11128,80774,1567,66
3204,8720,80775,11128,80775,1567,66
3204,8720,80776,11128,80776,1567,66
3204,8720,80777,11128,80777,1567,66
3204,8720,80778,11128,80778,1567,66
3204,8720,80779,11128,80779,1567,66
3204,8720,80780,11128,80780,1567,66
3204,8720,80781,11128,80781,1567,66
3204,8720,80782,11128,80782,1567,66
3204,8720,80783,11128,80783,1567,66
3204,8720,80784,11128,80784,1567,66
3204,8720,80785,11128,80785,1567,66
3204,8720,80786,11128,80786,1567,66
3204,8720,80787,11128,80787,1567,66
3204,8720,80788,11128,80788,1567,66
3204,8720,80789,11128,80789,1567,66
3204,8720,80790,11128,80790,1567,66
3204,8720,80791,11128,80791,1567,66
3204,8720,80792,11128,80792,1567,66
3204,8720,80793,11128,80793,1567,66
3204,8720,80794,11128,80794,1567,66
3204,8720,80795,11128,80795,1567,66
3204,8720,80796,11128,80796,1567,66
3204,8720,80797,11128,80797,1567,66
3204,8720,80798,11128,80798,1567,66
3204,8720,80799,11128,80799,1567,66
3204,8720,80800,11128,80800,1567,66
3204,8720,80801,11128,80801,1567,66
3204,8720,80802,11128,80802,1567,66
3204,8720,80803,11128,80803,1567,66
3204,8720,80804,11128,80804,1567,66
3204,8720,80805,11128,80805,1567,66
3204,8720,80806,11128,80806,1567,66
3204,8720,80807,11128,80807,1567,66
3204,8720,80808,11128,80808,1567,66
3204,8720,80809,11128,80809,1567,66
3204,8720,80810,11128,80810,1567,66
3204,8720,80811,11128,80811,1567,66
3204,8720,80812,11128,80812,1567,66
3204,8720,80813,11128,80813,1567,66
3204,8720,80814,11128,80814,1567,66
3204,8720,80815,11128,80815,1567,66
3204,8720,80816,11128,80816,1567,66
3204,8720,80817,11128,80817,1567,66
3204,8720,80818,11128,80818,1567,66
3204,8720,80819,11128,80819,1567,66
3204,8720,80820,11128,80820,1567,66
3204,8720,80821,11128,80821,1567,66
3204,8720,80822,11128,80822,1567,66
3204,8720,80823,11128,80823,1567,66
3204,8720,80824,11128,80824,1567,66
3204,8720,80825,11128,80825,1567,66
3204,8720,80826,11128,80826,1567,66
3204,8720,80827,11128,80827,1567,66
3204,8720,80828,11128,80828,1567,66
3204,8720,80829,11128,80829,1567,66
3204,8720,80830,11128,80830,1567,66
3204,8720,80831,11128,80831,1567,66
3204,8720,80832,11128,80832,1567,66
3204,8720,80833,11128,80833,1567,66
3204,8720,80834,11128,80834,1567,66
3204,8720,80835,11128,80835,1567,66
3204,8720,80836,11128,80836,1567,66
3204,8720,80837,11128,80837,1567,66
3204,8720,80838,11128,80838,1567,66
3204,8720,80839,11128,80839,1567,66
3204,8720,80840,11128,80840,1567,66
3204,8720,80841,11128,80841,1567,66
3204,8720,80842,11128,80842,1567,66
3204,8720,80843,11128,80843,1567,66
3204,8720,80844,11128,80844,1567,66
3204,8720,80845,11128,80845,1567,66
3204,8720,80846,11128,80846,1567,66
3204,8720,80847,11128,80847,1567,66
3204,8720,80848,11128,80848,1567,66
3204,8720,80849,11128,80849,1567,66
3204,8720,80850,11128,80850,1567,66
3204,8720,80851,11128,80851,1567,66
3204,8720,80852,11128,80852,1567,66
3204,8720,80853,11128,80853,1567,66
3204,8720,80854,11128,80854,1567,66
3204,8720,80855,11128,80855,1567,66
3204,8720,80856,11128,80856,1567,66
3204,8720,80857,11128,80857,1567,66
3204,8720,80858,11128,80858,1567,66
3204,8720,80859,11128,80859,1567,66
3204,8720,80860,11128,80860,1567,66
3204,8720,80861,11128,80861,1567,66
3204,8720,80862,11128,80862,1567,66
3204,8720,80863,11128,80863,1567,66
3204,8720,80864,11128,80864,1567,66
3204,8720,80865,11128,80865,1567,66
3204,8720,80866,11128,80866,1567,66
3204,8720,80867,11128,80867,1567,66
3204,8720,80868,11128,80868,1567,66
3204,8720,80869,11128,80869,1567,66
3204,8720,80870,11128,80870,1567,66
3204,8720,80871,11128,80871,1567,66
3204,8720,80872,11128,80872,1567,66
3204,8720,80873,11128,80873,1567,66
3204,8720,80874,11128,80874,1567,66
3204,8720,80875,11128,80875,1567,66
3204,8720,80876,11128,80876,1567,66
3204,8720,80877,11128,80877,1567,66
3204,8720,80878,11128,80878,1567,66
3204,8720,80879,11128,80879,1567,66
3204,8720,80880,11128,80880,1567,66
3204,8720,80881,11128,80881,1567,66
3204,8720,80882,11128,80882,1567,66
3204,8720,80883,11128,80883,1567,66
3204,8720,80884,11128,80884,1567,66
3204,8720,80885,11128,80885,1567,66
3204,8720,80886,11128,80886,1567,66
3204,8720,80887,11128,80887,1567,66
3204,8720,80888,11128,80888,1567,66
3204,8720,80889,11128,80889,1567,66
3204,8720,80890,11128,80890,1567,66
3204,8720,80891,11128,80891,1567,66
3204,8720,80892,11128,80892,1567,66
3204,8720,80893,11128,80893,1567,66
3204,8720,80894,11128,80894,1567,66
3204,8720,80895,11128,80895,1567,66
3204,8720,80896,11128,80896,1567,66
3204,8720,80897,11128,80897,1567,66
3204,8720,80898,11128,80898,1567,66
3204,8720,80899,11128,80899,1567,66
3204,8720,80900,11128,80900,1567,66
3204,8720,80901,11128,80901,1567,66
3204,8720,80902,11128,80902,1567,66
3204,8720,80903,11128,80903,1567,66
3204,8720,80904,11128,80904,1567,66
3204,8720,80905,11128,80905,1567,66
3204,8720,80906,11128,80906,1567,66
3204,8720,80907,11128,80907,1567,66
3204,8720,80908,11128,80908,1567,66
3204,8720,80909,11128,80909,1567,66
3204,8720,80910,11128,80910,1567,66
3204,8720,80911,11128,80911,1567,66
3204,8720,80912,11128,80912,1567,66
3204,8720,80913,11128,80913,1567,66
3204,8720,80914,11128,80914,1567,66
3204,8720,80915,11128,80915,1567,66
3204,8720,80916,11128,80916,1567,66
3204,8720,80917,11128,80917,1567,66
3204,8720,80918,11128,80918,1567,66
3204,8720,80919,11128,80919,1567,66
3204,8720,80920,11128,80920,1567,66
3204,8720,80921,11128,80921,1567,66
3204,8720,80922,11128,80922,1567,66
3204,8720,80923,11128,80923,1567,66
3204,8720,80924,11128,80924,1567,66
3204,8720,80925,11128,80925,1567,66
3204,8720,80926,11128,80926,1567,66
3204,8720,80927,11128,80927,1567,66
3204,8720,80928,11128,80928,1567,66
3204,8720,80929,11128,80929,1567,66
3204,8720,80930,11128,80930,1567,66
3204,8720,80931,11128,80931,1567,66
3204,8720,80932,11128,80932,1567,66
3204,8720,80933,11128,80933,1567,66
3204,8720,80934,11128,80934,1567,66
3204,8720,80935,11128,80935,1567,66
3204,8720,80936,11128,80936,1567,66
3204,8720,80937,11128,80937,1567,66
3204,8720,80938,11128,80938,1567,66
3204,8720,80939,11128,80939,1567,66
3204,8720,80940,11128,80940,1567,66
3204,8720,80941,11128,80941,1567,66
3204,8720,80942,11128,80942,1567,66
3204,8720,80943,11128,80943,1567,66
3204,8720,80944,11128,80944,1567,66
3204,8720,80945,11128,80945,1567,66
3204,8720,80946,11128,80946,1567,66
3204,8720,80947,11128,80947,1567,66
3204,8720,80948,11128,80948,1567,66
3204,8720,80949,11128,80949,1567,66
3204,8720,80950,11128,80950,1567,66
3204,8720,80951,11128,80951,1567,66
3204,8720,80952,11128,80952,1567,66
3204,8720,80953,11128,80953,1567,66
3204,8720,80954,11128,80954,1567,66
3204,8720,80955,11128,80955,1567,66
3204,8720,80956,11128,80956,1567,66
3204,8720,80957,11128,80957,1567,66
3204,8720,80958,11128,80958,1567,66
3204,8720,80959,11128,80959,1567,66
3204,8720,80960,11128,80960,1567,66
3204,8720,80961,11128,80961,1567,66
3204,8720,80962,11128,80962,1567,66
3204,8720,80963,11128,80963,1567,66
3204,8720,80964,11128,80964,1567,66
3204,8720,80965,11128,80965,1567,66
3204,8720,80966,11128,80966,1567,66
3204,8720,80967,11128,80967,1567,66
3204,8720,80968,11128,80968,1567,66
3204,8720,80969,11128,80969,1567,66
3204,8720,80970,11128,80970,1567,66
3204,8720,80971,11128,80971,1567,66
3204,8720,80972,11128,80972,1567,66
3204,8720,80973,11128,80973,1567,66
3204,8720,80974,11128,80974,1567,66
3204,8720,80975,11128,80975,1567,66
3204,8720,80976,11128,80976,1567,66
3204,8720,80977,11128,80977,1567,66
3204,8720,80978,11128,80978,1567,66
3204,8720,80979,11128,80979,1567,66
3204,8720,80980,11128,80980,1567,66
3204,8720,80981,11128,80981,1567,66
3204,8720,80982,11128,80982,1567,66
3204,8720,80983,11128,80983,1567,66
3204,8720,80984,11128,80984,1567,66
3204,8720,80985,11128,80985,1567,66
3204,8720,80986,11128,80986,1567,66
3204,8720,80987,11128,80987,1567,66
3204,8720,80988,11128,80988,1567,66
3204,8720,80989,11128,80989,1567,66
3204,8720,80990,11128,80990,1567,66
3204,8720,80991,11128,80991,1567,66
3204,8720,80992,11128,80992,1567,66
3204,8720,80993,11128,80993,1567,66
3204,8720,80994,11128,80994,1567,66
3204,8720,80995,11128,80995,1567,66
3204,8720,80996,11128,80996,1567,66
3204,8720,80997,11128,80997,1567,66
3204,8720,80998,11128,80998,1567,66
3204,8720,80999,11128,80999,1567,66
3204,8720,81000,11128,81000,1567,66
3204,8720,81001,11128,81001,1567,66
3204,8720,81002,11128,81002,1567,66
3204,8720,81003,11128,81003,1567,66
3204,8720,81004,11128,81004,1567,66
3204,8720,81005,11128,81005,1567,66
3204,8720,81006,11128,81006,1567,66
3204,8720,81007,11128,81007,1567,66
3204,8720,81008,11128,81008,1567,66
3204,8720,81009,11128,81009,1567,66
3204,8720,81010,11128,81010,1567,66
3204,8720,81011,11128,81011,1567,66
3204,8720,81012,11128,81012,1567,66
3204,8720,81013,11128,81013,1567,66
3204,8720,81014,11128,81014,1567,66
3204,8720,81015,11128,81015,1567,66
3204,8720,81016,11128,81016,1567,66
3204,8720,81017,11128,81017,1567,66
3204,8720,81018,11128,81018,1567,66
3204,8720,81019,11128,81019,1567,66
3204,8720,81020,11128,81020,1567,66
3204,8720,81021,11128,81021,1567,66
3204,8720,81022,11128,81022,1567,66
3204,8720,81023,11128,81023,1567,66
3204,8720,81024,11128,81024,1567,66
3204,8720,81025,11128,81025,1567,66
3204,8720,81026,11128,81026,1567,66
3204,8720,81027,11128,81027,1567,66
3204,8720,81028,11128,81028,1567,66
3204,8720,81029,11128,81029,1567,66
3204,8720,81030,11128,81030,1567,66
3204,8720,81031,11128,81031,1567,66
3204,8720,81032,11128,81032,1567,66
3204,8720,81033,11128,81033,1567,66
3204,8720,81034,11128,81034,1567,66
3204,8720,81035,11128,81035,1567,66
3204,8720,81036,11128,81036,1567,66
3204,8720,81037,11128,81037,1567,66
3204,8720,81038,11128,81038,1567,66
3204,8720,81039,11128,81039,1567,66
3204,8720,81040,11128,81040,1567,66
3204,8720,81041,11128,81041,1567,66
3204,8720,81042,11128,81042,1567,66
3204,8720,81043,11128,81043,1567,66
3204,8720,81044,11128,81044,1567,66
3204,8720,81045,11128,81045,1567,66
3204,8720,81046,11128,81046,1567,66
3204,8720,81047,11128,81047,1567,66
3204,8720,81048,11128,81048,1567,66
3204,8720,81049,11128,81049,1567,66
3204,8720,81050,11128,81050,1567,66
3204,8720,81051,11128,81051,1567,66
3204,8720,81052,11128,81052,1567,66
3204,8720,81053,11128,81053,1567,66
3204,8720,81054,11128,81054,1567,66
3204,8720,81055,11128,81055,1567,66
3204,8720,81056,11128,81056,1567,66
3204,8720,81057,11128,81057,1567,66
3204,8720,81058,11128,81058,1567,66
3204,8720,81059,11128,81059,1567,66
3204,8720,81060,11128,81060,1567,66
3204,8720,81061,11128,81061,1567,66
3204,8720,81062,11128,81062,1567,66
3204,8720,81063,11128,81063,1567,66
3204,8720,81064,11128,81064,1567,66
3204,8720,81065,11128,81065,1567,66
3204,8720,81066,11128,81066,1567,66
3204,8720,81067,11128,81067,1567,66
3204,8720,81068,11128,81068,1567,66
3204,8720,81069,11128,81069,1567,66
3204,8720,81070,11128,81070,1567,66
3204,8720,81071,11128,81071,1567,66
3204,8720,81072,11128,81072,1567,66
3204,8720,81073,11128,81073,1567,66
3204,8720,81074,11128,81074,1567,66
3204,8720,81075,11128,81075,1567,66
3204,8720,81076,11128,81076,1567,66
3204,8720,81077,11128,81077,1567,66
3204,8720,81078,11128,81078,1567,66
3204,8720,81079,11128,81079,1567,66
3204,8720,81080,11128,81080,1567,66
3204,8720,81081,11128,81081,1567,66
3204,8720,81082,11128,81082,1567,66
3204,8720,81083,11128,81083,1567,66
3204,8720,81084,11128,81084,1567,66
3204,8720,81085,11128,81085,1567,66
3204,8720,81086,11128,81086,1567,66
3204,8720,81087,11128,81087,1567,66
3204,8720,81088,11128,81088,1567,66
3204,8720,81089,11128,81089,1567,66
3204,8720,81090,11128,81090,1567,66
3204,8720,81091,11128,81091,1567,66
3204,8720,81092,11128,81092,1567,66
3204,8720,81093,11128,81093,1567,66
3204,8720,81094,11128,81094,1567,66
3204,8720,81095,11128,81095,1567,66
3204,8720,81096,11128,81096,1567,66
3204,8720,81097,11128,81097,1567,66
3204,8720,81098,11128,81098,1567,66
3204,8720,81099,11128,81099,1567,66
3204,8720,81100,11128,81100,1567,66
3205,8720,81101,11128,81101,1567,66
3205,8720,81102,11128,81102,1567,66
3205,8720,81103,11128,81103,1567,66
3205,8720,81104,11128,81104,1567,66
3205,8720,81105,11128,81105,1567,66
3205,8720,81106,11128,81106,1567,66
3205,8720,81107,11128,81107,1567,66
3205,8720,81108,11128,81108,1567,66
3205,8720,81109,11128,81109,1567,66
3205,8720,81110,11128,81110,1567,66
3205,8720,81111,11128,81111,1567,66
3205,8720,81112,11128,81112,1567,66
3205,8720,81113,11128,81113,1567,66
3205,8720,81114,11128,81114,1567,66
3205,8720,81115,11128,81115,1567,66
3205,8720,81116,11128,81116,1567,66
3205,8720,81117,11128,81117,1567,66
3205,8720,81118,11128,81118,1567,66
3205,8720,81119,11128,81119,1567,66
3205,8720,81120,11128,81120,1567,66
3205,8720,81121,11128,81121,1567,66
3205,8720,81122,11128,81122,1567,66
3205,8720,81123,11128,81123,1567,66
3205,8720,81124,11128,81124,1567,66
3205,8720,81125,11128,81125,1567,66
3205,8720,81126,11128,81126,1567,66
3205,8720,81127,11128,81127,1567,66
3205,8720,81128,11128,81128,1567,66
3205,8720,81129,11128,81129,1567,66
3205,8720,81130,11128,81130,1567,66
3205,8720,81131,11128,81131,1567,66
3205,8720,81132,11128,81132,1567,66
3205,8720,81133,11128,81133,1567,66
3205,8720,81134,11128,81134,1567,66
3205,8720,81135,11128,81135,1567,66
3205,8720,81136,11128,81136,1567,66
3205,8720,81137,11128,81137,1567,66
3205,8720,81138,11128,81138,1567,66
3205,8720,81139,11128,81139,1567,66
3205,8720,81140,11128,81140,1567,66
3205,8720,81141,11128,81141,1567,66
3205,8720,81142,11128,81142,1567,66
3205,8720,81143,11128,81143,1567,66
3205,8720,81144,11128,81144,1567,66
3205,8720,81145,11128,81145,1567,66
3205,8720,81146,11128,81146,1567,66
3205,8720,81147,11128,81147,1567,66
3205,8720,81148,11128,81148,1567,66
3205,8720,81149,11128,81149,1567,66
3205,8720,81150,11128,81150,1567,66
3205,8720,81151,11128,81151,1567,66
3205,8720,81152,11128,81152,1567,66
3205,8720,81153,11128,81153,1567,66
3205,8720,81154,11128,81154,1567,66
3205,8720,81155,11128,81155,1567,66
3205,8720,81156,11128,81156,1567,66
3205,8720,81157,11128,81157,1567,66
3205,8720,81158,11128,81158,1567,66
3205,8720,81159,11128,81159,1567,66
3205,8720,81160,11128,81160,1567,66
3205,8720,81161,11128,81161,1567,66
3205,8720,81162,11128,81162,1567,66
3205,8720,81163,11128,81163,1567,66
3205,8720,81164,11128,81164,1567,66
3205,8720,81165,11128,81165,1567,66
3205,8720,81166,11128,81166,1567,66
3205,8720,81167,11128,81167,1567,66
3205,8720,81168,11128,81168,1567,66
3205,8720,81169,11128,81169,1567,66
3205,8720,81170,11128,81170,1567,66
3205,8720,81171,11128,81171,1567,66
3205,8720,81172,11128,81172,1567,66
3205,8720,81173,11128,81173,1567,66
3205,8720,81174,11128,81174,1567,66
3205,8720,81175,11128,81175,1567,66
3205,8720,81176,11128,81176,1567,66
3205,8720,81177,11128,81177,1567,66
3205,8720,81178,11128,81178,1567,66
3205,8720,81179,11128,81179,1567,66
3205,8720,81180,11128,81180,1567,66
3205,8720,81181,11128,81181,1567,66
3205,8720,81182,11128,81182,1567,66
3205,8720,81183,11128,81183,1567,66
3205,8720,81184,11128,81184,1567,66
3205,8720,81185,11128,81185,1567,66
3205,8720,81186,11128,81186,1567,66
3205,8720,81187,11128,81187,1567,66
3205,8720,81188,11128,81188,1567,66
3205,8720,81189,11128,81189,1567,66
3205,8720,81190,11128,81190,1567,66
3205,8720,81191,11128,81191,1567,66
3205,8720,81192,11128,81192,1567,66
3205,8720,81193,11128,81193,1567,66
3205,8720,81194,11128,81194,1567,66
3205,8720,81195,11128,81195,1567,66
3205,8720,81196,11128,81196,1567,66
3205,8720,81197,11128,81197,1567,66
3205,8720,81198,11128,81198,1567,66
3205,8720,81199,11128,81199,1567,66
3205,8720,81200,11128,81200,1567,66
3205,8720,81201,11128,81201,1567,66
3205,8720,81202,11128,81202,1567,66
3205,8720,81203,11128,81203,1567,66
3205,8720,81204,11128,81204,1567,66
3205,8720,81205,11128,81205,1567,66
3205,8720,81206,11128,81206,1567,66
3205,8720,81207,11128,81207,1567,66
3205,8720,81208,11128,81208,1567,66
3205,8720,81209,11128,81209,1567,66
3205,8720,81210,11128,81210,1567,66
3205,8720,81211,11128,81211,1567,66
3205,8720,81212,11128,81212,1567,66
3205,8720,81213,11128,81213,1567,66
3205,8720,81214,11128,81214,1567,66
3205,8720,81215,11128,81215,1567,66
3205,8720,81216,11128,81216,1567,66
3205,8720,81217,11128,81217,1567,66
3205,8720,81218,11128,81218,1567,66
3205,8720,81219,11128,81219,1567,66
3205,8720,81220,11128,81220,1567,66
3205,8720,81221,11128,81221,1567,66
3205,8720,81222,11128,81222,1567,66
3205,8720,81223,11128,81223,1567,66
3205,8720,81224,11128,81224,1567,66
3205,8720,81225,11128,81225,1567,66
3205,8720,81226,11128,81226,1567,66
3205,8720,81227,11128,81227,1567,66
3205,8720,81228,11128,81228,1567,66
3205,8720,81229,11128,81229,1567,66
3206,8720,81230,11128,81230,1567,66
3206,8720,81231,11128,81231,1567,66
3206,8720,81232,11128,81232,1567,66
3206,8720,81233,11128,81233,1567,66
3206,8720,81234,11128,81234,1567,66
3206,8720,81235,11128,81235,1567,66
3206,8720,81236,11128,81236,1567,66
3206,8720,81237,11128,81237,1567,66
3206,8720,81238,11128,81238,1567,66
3206,8720,81239,11128,81239,1567,66
3206,8720,81240,11128,81240,1567,66
3206,8720,81241,11128,81241,1567,66
3206,8720,81242,11128,81242,1567,66
3206,8720,81243,11128,81243,1567,66
3206,8720,81244,11128,81244,1567,66
3206,8720,81245,11128,81245,1567,66
3206,8720,81246,11128,81246,1567,66
3206,8720,81247,11128,81247,1567,66
3206,8720,81248,11128,81248,1567,66
3206,8720,81249,11128,81249,1567,66
3206,8720,81250,11128,81250,1567,66
3206,8720,81251,11128,81251,1567,66
3206,8720,81252,11128,81252,1567,66
3206,8720,81253,11128,81253,1567,66
3206,8720,81254,11128,81254,1567,66
3206,8720,81255,11128,81255,1567,66
3206,8720,81256,11128,81256,1567,66
3206,8720,81257,11128,81257,1567,66
3206,8720,81258,11128,81258,1567,66
3206,8720,81259,11128,81259,1567,66
3206,8720,81260,11128,81260,1567,66
3206,8720,81261,11128,81261,1567,66
3206,8720,81262,11128,81262,1567,66
3206,8720,81263,11128,81263,1567,66
3206,8720,81264,11128,81264,1567,66
3206,8720,81265,11128,81265,1567,66
3206,8720,81266,11128,81266,1567,66
3206,8720,81267,11128,81267,1567,66
3206,8720,81268,11128,81268,1567,66
3206,8720,81269,11128,81269,1567,66
3206,8720,81270,11128,81270,1567,66
3206,8720,81271,11128,81271,1567,66
3206,8720,81272,11128,81272,1567,66
3206,8720,81273,11128,81273,1567,66
3206,8720,81274,11128,81274,1567,66
3206,8720,81275,11128,81275,1567,66
3206,8720,81276,11128,81276,1567,66
3206,8720,81277,11128,81277,1567,66
3206,8720,81278,11128,81278,1567,66
3206,8720,81279,11128,81279,1567,66
3206,8720,81280,11128,81280,1567,66
3206,8720,81281,11128,81281,1567,66
3206,8720,81282,11128,81282,1567,66
3206,8720,81283,11128,81283,1567,66
3206,8720,81284,11128,81284,1567,66
3206,8720,81285,11128,81285,1567,66
3206,8720,81286,11128,81286,1567,66
3206,8720,81287,11128,81287,1567,66
3206,8720,81288,11128,81288,1567,66
3206,8720,81289,11128,81289,1567,66
3206,8720,81290,11128,81290,1567,66
3206,8720,81291,11128,81291,1567,66
3206,8720,81292,11128,81292,1567,66
3206,8720,81293,11128,81293,1567,66
3206,8720,81294,11128,81294,1567,66
3206,8720,81295,11128,81295,1567,66
3206,8720,81296,11128,81296,1567,66
3206,8720,81297,11128,81297,1567,66
3206,8720,81298,11128,81298,1567,66
3206,8720,81299,11128,81299,1567,66
3206,8720,81300,11128,81300,1567,66
3206,8720,81301,11128,81301,1567,66
3206,8720,81302,11128,81302,1567,66
3206,8720,81303,11128,81303,1567,66
3206,8720,81304,11128,81304,1567,66
3206,8720,81305,11128,81305,1567,66
3206,8720,81306,11128,81306,1567,66
3206,8720,81307,11128,81307,1567,66
3206,8720,81308,11128,81308,1567,66
3206,8720,81309,11128,81309,1567,66
3206,8720,81310,11128,81310,1567,66
3206,8720,81311,11128,81311,1567,66
3206,8720,81312,11128,81312,1567,66
3206,8720,81313,11128,81313,1567,66
3206,8720,81314,11128,81314,1567,66
3206,8720,81315,11128,81315,1567,66
3206,8720,81316,11128,81316,1567,66
3206,8720,81317,11128,81317,1567,66
3206,8720,81318,11128,81318,1567,66
3206,8720,81319,11128,81319,1567,66
3206,8720,81320,11128,81320,1567,66
3206,8720,81321,11128,81321,1567,66
3206,8720,81322,11128,81322,1567,66
3206,8720,81323,11128,81323,1567,66
3206,8720,81324,11128,81324,1567,66
3206,8720,81325,11128,81325,1567,66
3206,8720,81326,11128,81326,1567,66
3206,8720,81327,11128,81327,1567,66
3206,8720,81328,11128,81328,1567,66
3206,8720,81329,11128,81329,1567,66
3206,8720,81330,11128,81330,1567,66
3206,8720,81331,11128,81331,1567,66
3206,8720,81332,11128,81332,1567,66
3206,8720,81333,11128,81333,1567,66
3206,8720,81334,11128,81334,1567,66
3206,8720,81335,11128,81335,1567,66
3206,8720,81336,11128,81336,1567,66
3206,8720,81337,11128,81337,1567,66
3206,8720,81338,11128,81338,1567,66
3206,8720,81339,11128,81339,1567,66
3206,8720,81340,11128,81340,1567,66
3206,8720,81341,11128,81341,1567,66
3206,8720,81342,11128,81342,1567,66
3206,8720,81343,11128,81343,1567,66
3206,8720,81344,11128,81344,1567,66
3206,8720,81345,11128,81345,1567,66
3206,8720,81346,11128,81346,1567,66
3206,8720,81347,11128,81347,1567,66
3206,8720,81348,11128,81348,1567,66
3206,8720,81349,11128,81349,1567,66
3206,8720,81350,11128,81350,1567,66
3206,8720,81351,11128,81351,1567,66
3206,8720,81352,11128,81352,1567,66
3206,8720,81353,11128,81353,1567,66
3206,8720,81354,11128,81354,1567,66
3206,8720,81355,11128,81355,1567,66
3206,8720,81356,11128,81356,1567,66
3206,8720,81357,11128,81357,1567,66
3206,8720,81358,11128,81358,1567,66
3206,8720,81359,11128,81359,1567,66
3206,8720,81360,11128,81360,1567,66
3206,8720,81361,11128,81361,1567,66
3206,8720,81362,11128,81362,1567,66
3206,8720,81363,11128,81363,1567,66
3206,8720,81364,11128,81364,1567,66
3206,8720,81365,11128,81365,1567,66
3206,8720,81366,11128,81366,1567,66
3206,8720,81367,11128,81367,1567,66
3206,8720,81368,11128,81368,1567,66
3206,8720,81369,11128,81369,1567,66
3206,8720,81370,11128,81370,1567,66
3206,8720,81371,11128,81371,1567,66
3206,8720,81372,11128,81372,1567,66
3206,8720,81373,11128,81373,1567,66
3206,8720,81374,11128,81374,1567,66
3206,8720,81375,11128,81375,1567,66
3206,8720,81376,11128,81376,1567,66
3206,8720,81377,11128,81377,1567,66
3206,8720,81378,11128,81378,1567,66
3207,8720,81379,11128,81379,1567,66
3207,8720,81380,11128,81380,1567,66
3207,8720,81381,11128,81381,1567,66
3207,8720,81382,11128,81382,1567,66
3207,8720,81383,11128,81383,1567,66
3207,8720,81384,11128,81384,1567,66
3207,8720,81385,11128,81385,1567,66
3207,8720,81386,11128,81386,1567,66
3207,8720,81387,11128,81387,1567,66
3207,8720,81388,11128,81388,1567,66
3207,8720,81389,11128,81389,1567,66
3207,8720,81390,11128,81390,1567,66
3207,8720,81391,11128,81391,1567,66
3207,8720,81392,11128,81392,1567,66
3207,8720,81393,11128,81393,1567,66
3207,8720,81394,11128,81394,1567,66
3207,8720,81395,11128,81395,1567,66
3207,8720,81396,11128,81396,1567,66
3207,8720,81397,11128,81397,1567,66
3207,8720,81398,11128,81398,1567,66
3207,8720,81399,11128,81399,1567,66
3207,8720,81400,11128,81400,1567,66
3207,8720,81401,11128,81401,1567,66
3207,8720,81402,11128,81402,1567,66
3207,8720,81403,11128,81403,1567,66
3207,8720,81404,11128,81404,1567,66
3207,8720,81405,11128,81405,1567,66
3207,8720,81406,11128,81406,1567,66
3207,8720,81407,11128,81407,1567,66
3207,8720,81408,11128,81408,1567,66
3207,8720,81409,11128,81409,1567,66
3207,8720,81410,11128,81410,1567,66
3207,8720,81411,11128,81411,1567,66
3207,8720,81412,11128,81412,1567,66
3207,8720,81413,11128,81413,1567,66
3207,8720,81414,11128,81414,1567,66
3207,8720,81415,11128,81415,1567,66
3207,8720,81416,11128,81416,1567,66
3207,8720,81417,11128,81417,1567,66
3207,8720,81418,11128,81418,1567,66
3207,8720,81419,11128,81419,1567,66
3207,8720,81420,11128,81420,1567,66
3207,8720,81421,11128,81421,1567,66
3207,8720,81422,11128,81422,1567,66
3207,8720,81423,11128,81423,1567,66
3207,8720,81424,11128,81424,1567,66
3207,8720,81425,11128,81425,1567,66
3207,8720,81426,11128,81426,1567,66
3207,8720,81427,11128,81427,1567,66
3207,8720,81428,11128,81428,1567,66
3207,8720,81429,11128,81429,1567,66
3207,8720,81430,11128,81430,1567,66
3207,8720,81431,11128,81431,1567,66
3207,8720,81432,11128,81432,1567,66
3207,8720,81433,11128,81433,1567,66
3207,8720,81434,11128,81434,1567,66
3207,8720,81435,11128,81435,1567,66
3207,8720,81436,11128,81436,1567,66
3207,8720,81437,11128,81437,1567,66
3207,8720,81438,11128,81438,1567,66
3207,8720,81439,11128,81439,1567,66
3207,8720,81440,11128,81440,1567,66
3207,8720,81441,11128,81441,1567,66
3207,8720,81442,11128,81442,1567,66
3207,8720,81443,11128,81443,1567,66
3207,8720,81444,11128,81444,1567,66
3207,8720,81445,11128,81445,1567,66
3207,8720,81446,11128,81446,1567,66
3207,8720,81447,11128,81447,1567,66
3207,8720,81448,11128,81448,1567,66
3207,8720,81449,11128,81449,1567,66
3207,8720,81450,11128,81450,1567,66
3207,8720,81451,11128,81451,1567,66
3207,8720,81452,11128,81452,1567,66
3207,8720,81453,11128,81453,1567,66
3207,8720,81454,11128,81454,1567,66
3207,8720,81455,11128,81455,1567,66
3207,8720,81456,11128,81456,1567,66
3207,8720,81457,11128,81457,1567,66
3207,8720,81458,11128,81458,1567,66
3207,8720,81459,11128,81459,1567,66
3207,8720,81460,11128,81460,1567,66
3207,8720,81461,11128,81461,1567,66
3207,8720,81462,11128,81462,1567,66
3207,8720,81463,11128,81463,1567,66
3207,8720,81464,11128,81464,1567,66
3207,8720,81465,11128,81465,1567,66
3207,8720,81466,11128,81466,1567,66
3207,8720,81467,11128,81467,1567,66
3207,8720,81468,11128,81468,1567,66
3207,8720,81469,11128,81469,1567,66
3207,8720,81470,11128,81470,1567,66
3207,8720,81471,11128,81471,1567,66
3207,8720,81472,11128,81472,1567,66
3207,8720,81473,11128,81473,1567,66
3207,8720,81474,11128,81474,1567,66
3207,8720,81475,11128,81475,1567,66
3207,8720,81476,11128,81476,1567,66
3207,8720,81477,11128,81477,1567,66
3207,8720,81478,11128,81478,1567,66
3207,8720,81479,11128,81479,1567,66
3207,8720,81480,11128,81480,1567,66
3207,8720,81481,11128,81481,1567,66
3207,8720,81482,11128,81482,1567,66
3207,8720,81483,11128,81483,1567,66
3207,8720,81484,11128,81484,1567,66
3207,8720,81485,11128,81485,1567,66
3207,8720,81486,11128,81486,1567,66
3207,8720,81487,11128,81487,1567,66
3207,8720,81488,11128,81488,1567,66
3207,8720,81489,11128,81489,1567,66
3207,8720,81490,11128,81490,1567,66
3207,8720,81491,11128,81491,1567,66
3207,8720,81492,11128,81492,1567,66
3207,8720,81493,11128,81493,1567,66
3207,8720,81494,11128,81494,1567,66
3207,8720,81495,11128,81495,1567,66
3207,8720,81496,11128,81496,1567,66
3207,8720,81497,11128,81497,1567,66
3207,8720,81498,11128,81498,1567,66
3207,8720,81499,11128,81499,1567,66
3207,8720,81500,11128,81500,1567,66
3207,8720,81501,11128,81501,1567,66
3207,8720,81502,11128,81502,1567,66
3207,8720,81503,11128,81503,1567,66
3207,8720,81504,11128,81504,1567,66
3207,8720,81505,11128,81505,1567,66
3207,8720,81506,11128,81506,1567,66
3207,8720,81507,11128,81507,1567,66
3207,8720,81508,11128,81508,1567,66
3207,8720,81509,11128,81509,1567,66
3207,8720,81510,11128,81510,1567,66
3207,8720,81511,11128,81511,1567,66
3207,8720,81512,11128,81512,1567,66
3207,8720,81513,11128,81513,1567,66
3207,8720,81514,11128,81514,1567,66
3207,8720,81515,11128,81515,1567,66
3207,8720,81516,11128,81516,1567,66
3207,8720,81517,11128,81517,1567,66
3207,8720,81518,11128,81518,1567,66
3207,8720,81519,11128,81519,1567,66
3207,8720,81520,11128,81520,1567,66
3207,8720,81521,11128,81521,1567,66
3207,8720,81522,11128,81522,1567,66
3207,8720,81523,11128,81523,1567,66
3207,8720,81524,11128,81524,1567,66
3207,8720,81525,11128,81525,1567,66
3207,8720,81526,11128,81526,1567,66
3207,8720,81527,11128,81527,1567,66
3207,8720,81528,11128,81528,1567,66
3207,8720,81529,11128,81529,1567,66
3207,8720,81530,11128,81530,1567,66
3207,8720,81531,11128,81531,1567,66
3207,8720,81532,11128,81532,1567,66
3207,8720,81533,11128,81533,1567,66
3207,8720,81534,11128,81534,1567,66
3207,8720,81535,11128,81535,1567,66
3207,8720,81536,11128,81536,1567,66
3207,8720,81537,11128,81537,1567,66
3207,8720,81538,11128,81538,1567,66
3207,8720,81539,11128,81539,1567,66
3207,8720,81540,11128,81540,1567,66
3207,8720,81541,11128,81541,1567,66
3207,8720,81542,11128,81542,1567,66
3207,8720,81543,11128,81543,1567,66
3207,8720,81544,11128,81544,1567,66
3207,8720,81545,11128,81545,1567,66
3207,8720,81546,11128,81546,1567,66
3207,8720,81547,11128,81547,1567,66
3207,8720,81548,11128,81548,1567,66
3207,8720,81549,11128,81549,1567,66
3207,8720,81550,11128,81550,1567,66
3207,8720,81551,11128,81551,1567,66
3207,8720,81552,11128,81552,1567,66
3207,8720,81553,11128,81553,1567,66
3207,8720,81554,11128,81554,1567,66
3207,8720,81555,11128,81555,1567,66
3207,8720,81556,11128,81556,1567,66
3207,8720,81557,11128,81557,1567,66
3207,8720,81558,11128,81558,1567,66
3207,8720,81559,11128,81559,1567,66
3207,8720,81560,11128,81560,1567,66
3207,8720,81561,11128,81561,1567,66
3207,8720,81562,11128,81562,1567,66
3207,8720,81563,11128,81563,1567,66
3207,8720,81564,11128,81564,1567,66
3207,8720,81565,11128,81565,1567,66
3207,8720,81566,11128,81566,1567,66
3207,8720,81567,11128,81567,1567,66
3207,8720,81568,11128,81568,1567,66
3207,8720,81569,11128,81569,1567,66
3207,8720,81570,11128,81570,1567,66
3207,8720,81571,11128,81571,1567,66
3207,8720,81572,11128,81572,1567,66
3207,8720,81573,11128,81573,1567,66
3207,8720,81574,11128,81574,1567,66
3207,8720,81575,11128,81575,1567,66
3207,8720,81576,11128,81576,1567,66
3207,8720,81577,11128,81577,1567,66
3207,8720,81578,11128,81578,1567,66
3207,8720,81579,11128,81579,1567,66
3207,8720,81580,11128,81580,1567,66
3207,8720,81581,11128,81581,1567,66
3207,8720,81582,11128,81582,1567,66
3207,8720,81583,11128,81583,1567,66
3207,8720,81584,11128,81584,1567,66
3207,8720,81585,11128,81585,1567,66
3207,8720,81586,11128,81586,1567,66
3207,8720,81587,11128,81587,1567,66
3207,8720,81588,11128,81588,1567,66
3207,8720,81589,11128,81589,1567,66
3207,8720,81590,11128,81590,1567,66
3207,8720,81591,11128,81591,1567,66
3207,8720,81592,11128,81592,1567,66
3207,8720,81593,11128,81593,1567,66
3207,8720,81594,11128,81594,1567,66
3207,8720,81595,11128,81595,1567,66
3207,8720,81596,11128,81596,1567,66
3207,8720,81597,11128,81597,1567,66
3207,8720,81598,11128,81598,1567,66
3207,8720,81599,11128,81599,1567,66
3207,8720,81600,11128,81600,1567,66
3207,8720,81601,11128,81601,1567,66
3207,8720,81602,11128,81602,1567,66
3207,8720,81603,11128,81603,1567,66
3207,8720,81604,11128,81604,1567,66
3207,8720,81605,11128,81605,1567,66
3207,8720,81606,11128,81606,1567,66
3207,8720,81607,11128,81607,1567,66
3207,8720,81608,11128,81608,1567,66
3207,8720,81609,11128,81609,1567,66
3207,8720,81610,11128,81610,1567,66
3207,8720,81611,11128,81611,1567,66
3207,8720,81612,11128,81612,1567,66
3207,8720,81613,11128,81613,1567,66
3207,8720,81614,11128,81614,1567,66
3207,8720,81615,11128,81615,1567,66
3207,8720,81616,11128,81616,1567,66
3207,8720,81617,11128,81617,1567,66
3207,8720,81618,11128,81618,1567,66
3207,8720,81619,11128,81619,1567,66
3207,8720,81620,11128,81620,1567,66
3207,8720,81621,11128,81621,1567,66
3207,8720,81622,11128,81622,1567,66
3207,8720,81623,11128,81623,1567,66
3207,8720,81624,11128,81624,1567,66
3207,8720,81625,11128,81625,1567,66
3207,8720,81626,11128,81626,1567,66
3207,8720,81627,11128,81627,1567,66
3207,8720,81628,11128,81628,1567,66
3207,8720,81629,11128,81629,1567,66
3207,8720,81630,11128,81630,1567,66
3207,8720,81631,11128,81631,1567,66
3207,8720,81632,11128,81632,1567,66
3207,8720,81633,11128,81633,1567,66
3207,8720,81634,11128,81634,1567,66
3207,8720,81635,11128,81635,1567,66
3207,8720,81636,11128,81636,1567,66
3207,8720,81637,11128,81637,1567,66
3207,8720,81638,11128,81638,1567,66
3207,8720,81639,11128,81639,1567,66
3207,8720,81640,11128,81640,1567,66
3207,8720,81641,11128,81641,1567,66
3207,8720,81642,11128,81642,1567,66
3207,8720,81643,11128,81643,1567,66
3207,8720,81644,11128,81644,1567,66
3207,8720,81645,11128,81645,1567,66
3207,8720,81646,11128,81646,1567,66
3207,8720,81647,11128,81647,1567,66
3207,8720,81648,11128,81648,1567,66
3207,8720,81649,11128,81649,1567,66
3207,8720,81650,11128,81650,1567,66
3207,8720,81651,11128,81651,1567,66
3207,8720,81652,11128,81652,1567,66
3207,8720,81653,11128,81653,1567,66
3207,8720,81654,11128,81654,1567,66
3207,8720,81655,11128,81655,1567,66
3207,8720,81656,11128,81656,1567,66
3207,8720,81657,11128,81657,1567,66
3207,8720,81658,11128,81658,1567,66
3208,8720,81659,11128,81659,1567,66
3208,8720,81660,11128,81660,1567,66
3208,8720,81661,11128,81661,1567,66
3208,8720,81662,11128,81662,1567,66
3208,8720,81663,11128,81663,1567,66
3208,8720,81664,11128,81664,1567,66
3208,8720,81665,11128,81665,1567,66
3208,8720,81666,11128,81666,1567,66
3208,8720,81667,11128,81667,1567,66
3208,8720,81668,11128,81668,1567,66
3208,8720,81669,11128,81669,1567,66
3208,8720,81670,11128,81670,1567,66
3208,8720,81671,11128,81671,1567,66
3208,8720,81672,11128,81672,1567,66
3208,8720,81673,11128,81673,1567,66
3208,8720,81674,11128,81674,1567,66
3208,8720,81675,11128,81675,1567,66
3208,8720,81676,11128,81676,1567,66
3208,8720,81677,11128,81677,1567,66
3208,8720,81678,11128,81678,1567,66
3208,8720,81679,11128,81679,1567,66
3208,8720,81680,11128,81680,1567,66
3208,8720,81681,11128,81681,1567,66
3208,8720,81682,11128,81682,1567,66
3208,8720,81683,11128,81683,1567,66
3208,8720,81684,11128,81684,1567,66
3208,8720,81685,11128,81685,1567,66
3208,8720,81686,11128,81686,1567,66
3208,8720,81687,11128,81687,1567,66
3208,8720,81688,11128,81688,1567,66
3208,8720,81689,11128,81689,1567,66
3208,8720,81690,11128,81690,1567,66
3208,8720,81691,11128,81691,1567,66
3208,8720,81692,11128,81692,1567,66
3208,8720,81693,11128,81693,1567,66
3208,8720,81694,11128,81694,1567,66
3208,8720,81695,11128,81695,1567,66
3208,8720,81696,11128,81696,1567,66
3208,8720,81697,11128,81697,1567,66
3208,8720,81698,11128,81698,1567,66
3208,8720,81699,11128,81699,1567,66
3208,8720,81700,11128,81700,1567,66
3208,8720,81701,11128,81701,1567,66
3208,8720,81702,11128,81702,1567,66
3208,8720,81703,11128,81703,1567,66
3208,8720,81704,11128,81704,1567,66
3208,8720,81705,11128,81705,1567,66
3208,8720,81706,11128,81706,1567,66
3208,8720,81707,11128,81707,1567,66
3208,8720,81708,11128,81708,1567,66
3208,8720,81709,11128,81709,1567,66
3208,8720,81710,11128,81710,1567,66
3208,8720,81711,11128,81711,1567,66
3208,8720,81712,11128,81712,1567,66
3208,8720,81713,11128,81713,1567,66
3208,8720,81714,11128,81714,1567,66
3208,8720,81715,11128,81715,1567,66
3208,8720,81716,11128,81716,1567,66
3208,8720,81717,11128,81717,1567,66
3208,8720,81718,11128,81718,1567,66
3208,8720,81719,11128,81719,1567,66
3208,8720,81720,11128,81720,1567,66
3208,8720,81721,11128,81721,1567,66
3208,8720,81722,11128,81722,1567,66
3208,8720,81723,11128,81723,1567,66
3208,8720,81724,11128,81724,1567,66
3208,8720,81725,11128,81725,1567,66
3208,8720,81726,11128,81726,1567,66
3208,8720,81727,11128,81727,1567,66
3208,8720,81728,11128,81728,1567,66
3208,8720,81729,11128,81729,1567,66
3208,8720,81730,11128,81730,1567,66
3208,8720,81731,11128,81731,1567,66
3208,8720,81732,11128,81732,1567,66
3208,8720,81733,11128,81733,1567,66
3208,8720,81734,11128,81734,1567,66
3208,8720,81735,11128,81735,1567,66
3208,8720,81736,11128,81736,1567,66
3208,8720,81737,11128,81737,1567,66
3208,8720,81738,11128,81738,1567,66
3208,8720,81739,11128,81739,1567,66
3208,8720,81740,11128,81740,1567,66
3208,8720,81741,11128,81741,1567,66
3208,8720,81742,11128,81742,1567,66
3208,8720,81743,11128,81743,1567,66
3208,8720,81744,11128,81744,1567,66
3208,8720,81745,11128,81745,1567,66
3208,8720,81746,11128,81746,1567,66
3208,8720,81747,11128,81747,1567,66
3208,8720,81748,11128,81748,1567,66
3208,8720,81749,11128,81749,1567,66
3208,8720,81750,11128,81750,1567,66
3208,8720,81751,11128,81751,1567,66
3208,8720,81752,11128,81752,1567,66
3208,8720,81753,11128,81753,1567,66
3208,8720,81754,11128,81754,1567,66
3207,8720,81755,11128,81755,1567,66
3207,8720,81756,11128,81756,1567,66
3207,8720,81757,11128,81757,1567,66
3207,8720,81758,11128,81758,1567,66
3207,8720,81759,11128,81759,1567,66
3207,8720,81760,11128,81760,1567,66
3207,8720,81761,11128,81761,1567,66
3207,8720,81762,11128,81762,1567,66
3207,8720,81763,11128,81763,1567,66
3207,8720,81764,11128,81764,1567,66
3207,8720,81765,11128,81765,1567,66
3207,8720,81766,11128,81766,1567,66
3207,8720,81767,11128,81767,1567,66
3207,8720,81768,11128,81768,1567,66
3207,8720,81769,11128,81769,1567,66
3207,8720,81770,11128,81770,1567,66
3207,8720,81771,11128,81771,1567,66
3207,8720,81772,11128,81772,1567,66
3207,8720,81773,11128,81773,1567,66
3207,8720,81774,11128,81774,1567,66
3207,8720,81775,11128,81775,1567,66
3207,8720,81776,11128,81776,1567,66
3207,8720,81777,11128,81777,1567,66
3207,8720,81778,11128,81778,1567,66
3207,8720,81779,11128,81779,1567,66
3207,8720,81780,11128,81780,1567,66
3207,8720,81781,11128,81781,1567,66
3207,8720,81782,11128,81782,1567,66
3207,8720,81783,11128,81783,1567,66
3207,8720,81784,11128,81784,1567,66
3207,8720,81785,11128,81785,1567,66
3207,8720,81786,11128,81786,1567,66
3207,8720,81787,11128,81787,1567,66
3207,8720,81788,11128,81788,1567,66
3207,8720,81789,11128,81789,1567,66
3207,8720,81790,11128,81790,1567,66
3207,8720,81791,11128,81791,1567,66
3207,8720,81792,11128,81792,1567,66
3207,8720,81793,11128,81793,1567,66
3207,8720,81794,11128,81794,1567,66
3207,8720,81795,11128,81795,1567,66
3207,8720,81796,11128,81796,1567,66
3207,8720,81797,11128,81797,1567,66
3207,8720,81798,11128,81798,1567,66
3207,8720,81799,11128,81799,1567,66
3207,8720,81800,11128,81800,1567,66
3207,8720,81801,11128,81801,1567,66
3207,8720,81802,11128,81802,1567,66
3207,8720,81803,11128,81803,1567,66
3207,8720,81804,11128,81804,1567,66
3207,8720,81805,11128,81805,1567,66
3207,8720,81806,11128,81806,1567,66
3207,8720,81807,11128,81807,1567,66
3207,8720,81808,11128,81808,1567,66
3207,8720,81809,11128,81809,1567,66
3207,8720,81810,11128,81810,1567,66
3207,8720,81811,11128,81811,1567,66
3207,8720,81812,11128,81812,1567,66
3207,8720,81813,11128,81813,1567,66
3207,8720,81814,11128,81814,1567,66
3207,8720,81815,11128,81815,1567,66
3207,8720,81816,11128,81816,1567,66
3207,8720,81817,11128,81817,1567,66
3207,8720,81818,11128,81818,1567,66
3207,8720,81819,11128,81819,1567,66
3207,8720,81820,11128,81820,1567,66
3207,8720,81821,11128,81821,1567,66
3207,8720,81822,11128,81822,1567,66
3207,8720,81823,11128,81823,1567,66
3207,8720,81824,11128,81824,1567,66
3207,8720,81825,11128,81825,1567,66
3207,8720,81826,11128,81826,1567,66
3207,8720,81827,11128,81827,1567,66
3207,8720,81828,11128,81828,1567,66
3207,8720,81829,11128,81829,1567,66
3207,8720,81830,11128,81830,1567,66
3207,8720,81831,11128,81831,1567,66
3207,8720,81832,11128,81832,1567,66
3207,8720,81833,11128,81833,1567,66
3207,8720,81834,11128,81834,1567,66
3207,8720,81835,11128,81835,1567,66
3207,8720,81836,11128,81836,1567,66
3207,8720,81837,11128,81837,1567,66
3207,8720,81838,11128,81838,1567,66
3207,8720,81839,11128,81839,1567,66
3207,8720,81840,11128,81840,1567,66
3207,8720,81841,11128,81841,1567,66
3207,8720,81842,11128,81842,1567,66
3207,8720,81843,11128,81843,1567,66
3207,8720,81844,11128,81844,1567,66
3207,8720,81845,11128,81845,1567,66
3207,8720,81846,11128,81846,1567,66
3207,8720,81847,11128,81847,1567,66
3207,8720,81848,11128,81848,1567,66
3207,8720,81849,11128,81849,1567,66
3207,8720,81850,11128,81850,1567,66
3207,8720,81851,11128,81851,1567,66
3207,8720,81852,11128,81852,1567,66
3207,8720,81853,11128,81853,1567,66
3207,8720,81854,11128,81854,1567,66
3207,8720,81855,11128,81855,1567,66
3207,8720,81856,11128,81856,1567,66
3207,8720,81857,11128,81857,1567,66
3207,8720,81858,11128,81858,1567,66
3207,8720,81859,11128,81859,1567,66
3207,8720,81860,11128,81860,1567,66
3207,8720,81861,11128,81861,1567,66
3207,8720,81862,11128,81862,1567,66
3207,8720,81863,11128,81863,1567,66
3207,8720,81864,11128,81864,1567,66
3207,8720,81865,11128,81865,1567,66
3207,8720,81866,11128,81866,1567,66
3207,8720,81867,11128,81867,1567,66
3207,8720,81868,11128,81868,1567,66
3207,8720,81869,11128,81869,1567,66
3207,8720,81870,11128,81870,1567,66
3207,8720,81871,11128,81871,1567,66
3207,8720,81872,11128,81872,1567,66
3207,8720,81873,11128,81873,1567,66
3207,8720,81874,11128,81874,1567,66
3207,8720,81875,11128,81875,1567,66
3207,8720,81876,11128,81876,1567,66
3207,8720,81877,11128,81877,1567,66
3207,8720,81878,11128,81878,1567,66
3207,8720,81879,11128,81879,1567,66
3207,8720,81880,11128,81880,1567,66
3207,8720,81881,11128,81881,1567,66
3207,8720,81882,11128,81882,1567,66
3207,8720,81883,11128,81883,1567,66
3207,8720,81884,11128,81884,1567,66
3207,8720,81885,11128,81885,1567,66
3207,8720,81886,11128,81886,1567,66
3207,8720,81887,11128,81887,1567,66
3207,8720,81888,11128,81888,1567,66
3207,8720,81889,11128,81889,1567,66
3207,8720,81890,11128,81890,1567,66
3207,8720,81891,11128,81891,1567,66
3207,8720,81892,11128,81892,1567,66
3207,8720,81893,11128,81893,1567,66
3207,8720,81894,11128,81894,1567,66
3207,8720,81895,11128,81895,1567,66
3207,8720,81896,11128,81896,1567,66
3207,8720,81897,11128,81897,1567,66
3207,8720,81898,11128,81898,1567,66
3207,8720,81899,11128,81899,1567,66
3207,8720,81900,11128,81900,1567,66
3207,8720,81901,11128,81901,1567,66
3207,8720,81902,11128,81902,1567,66
3207,8720,81903,11128,81903,1567,66
3207,8720,81904,11128,81904,1567,66
3207,8720,81905,11128,81905,1567,66
3207,8720,81906,11128,81906,1567,66
3207,8720,81907,11128,81907,1567,66
3207,8720,81908,11128,81908,1567,66
3207,8720,81909,11128,81909,1567,66
3207,8720,81910,11128,81910,1567,66
3207,8720,81911,11128,81911,1567,66
3207,8720,81912,11128,81912,1567,66
3207,8720,81913,11128,81913,1567,66
3207,8720,81914,11128,81914,1567,66
3207,8720,81915,11128,81915,1567,66
3207,8720,81916,11128,81916,1567,66
3207,8720,81917,11128,81917,1567,66
3207,8720,81918,11128,81918,1567,66
3207,8720,81919,11128,81919,1567,66
3207,8720,81920,11128,81920,1567,66
3207,8720,81921,11128,81921,1567,66
3207,8720,81922,11128,81922,1567,66
3207,8720,81923,11128,81923,1567,66
3207,8720,81924,11128,81924,1567,66
3207,8720,81925,11128,81925,1567,66
3207,8720,81926,11128,81926,1567,66
3207,8720,81927,11128,81927,1567,66
3207,8720,81928,11128,81928,1567,66
3207,8720,81929,11128,81929,1567,66
3207,8720,81930,11128,81930,1567,66
3207,8720,81931,11128,81931,1567,66
3207,8720,81932,11128,81932,1567,66
3207,8720,81933,11128,81933,1567,66
3207,8720,81934,11128,81934,1567,66
3207,8720,81935,11128,81935,1567,66
3207,8720,81936,11128,81936,1567,66
3207,8720,81937,11128,81937,1567,66
3207,8720,81938,11128,81938,1567,66
3207,8720,81939,11128,81939,1567,66
3207,8720,81940,11128,81940,1567,66
3207,8720,81941,11128,81941,1567,66
3207,8720,81942,11128,81942,1567,66
3207,8720,81943,11128,81943,1567,66
3207,8720,81944,11128,81944,1567,66
3207,8720,81945,11128,81945,1567,66
3207,8720,81946,11128,81946,1567,66
3207,8720,81947,11128,81947,1567,66
3207,8720,81948,11128,81948,1567,66
3207,8720,81949,11128,81949,1567,66
3207,8720,81950,11128,81950,1567,66
3207,8720,81951,11128,81951,1567,66
3207,8720,81952,11128,81952,1567,66
3207,8720,81953,11128,81953,1567,66
3207,8720,81954,11128,81954,1567,66
3207,8720,81955,11128,81955,1567,66
3207,8720,81956,11128,81956,1567,66
3207,8720,81957,11128,81957,1567,66
3207,8720,81958,11128,81958,1567,66
3207,8720,81959,11128,81959,1567,66
3207,8720,81960,11128,81960,1567,66
3207,8720,81961,11128,81961,1567,66
3207,8720,81962,11128,81962,1567,66
3207,8720,81963,11128,81963,1567,66
3207,8720,81964,11128,81964,1567,66
3207,8720,81965,11128,81965,1567,66
3207,8720,81966,11128,81966,1567,66
3207,8720,81967,11128,81967,1567,66
3207,8720,81968,11128,81968,1567,66
3207,8720,81969,11128,81969,1567,66
3207,8720,81970,11128,81970,1567,66
3207,8720,81971,11128,81971,1567,66
3207,8720,81972,11128,81972,1567,66
3207,8720,81973,11128,81973,1567,66
3207,8720,81974,11128,81974,1567,66
3207,8720,81975,11128,81975,1567,66
3207,8720,81976,11128,81976,1567,66
3207,8720,81977,11128,81977,1567,66
3207,8720,81978,11128,81978,1567,66
3207,8720,81979,11128,81979,1567,66
3207,8720,81980,11128,81980,1567,66
3207,8720,81981,11128,81981,1567,66
3207,8720,81982,11128,81982,1567,66
3207,8720,81983,11128,81983,1567,66
3207,8720,81984,11128,81984,1567,66
3207,8720,81985,11128,81985,1567,66
3207,8720,81986,11128,81986,1567,66
3207,8720,81987,11128,81987,1567,66
3207,8720,81988,11128,81988,1567,66
3207,8720,81989,11128,81989,1567,66
3207,8720,81990,11128,81990,1567,66
3207,8720,81991,11128,81991,1567,66
3207,8720,81992,11128,81992,1567,66
3207,8720,81993,11128,81993,1567,66
3207,8720,81994,11128,81994,1567,66
3207,8720,81995,11128,81995,1567,66
3207,8720,81996,11128,81996,1567,66
3207,8720,81997,11128,81997,1567,66
3207,8720,81998,11128,81998,1567,66
3207,8720,81999,11128,81999,1567,66
3207,8720,82000,11128,82000,1567,66
3207,8720,82001,11128,82001,1567,66
3207,8720,82002,11128,82002,1567,66
3207,8720,82003,11128,82003,1567,66
3207,8720,82004,11128,82004,1567,66
3206,8720,82005,11128,82005,1567,66
3206,8720,82006,11128,82006,1567,66
3206,8720,82007,11128,82007,1567,66
3206,8720,82008,11128,82008,1567,66
3206,8720,82009,11128,82009,1567,66
3206,8720,82010,11128,82010,1567,66
3206,8720,82011,11128,82011,1567,66
3206,8720,82012,11128,82012,1567,66
3205,8720,82013,11128,82013,1567,66
3205,8720,82014,11128,82014,1567,66
3205,8720,82015,11128,82015,1567,66
3205,8720,82016,11128,82016,1567,66
3205,8720,82017,11128,82017,1567,66
3205,8720,82018,11128,82018,1567,66
3205,8720,82019,11128,82019,1567,66
3205,8720,82020,11128,82020,1567,66
3205,8720,82021,11128,82021,1567,66
3205,8720,82022,11128,82022,1567,66
3205,8720,82023,11128,82023,1567,66
3205,8720,82024,11128,82024,1567,66
3205,8720,82025,11128,82025,1567,66
3205,8720,82026,11128,82026,1567,66
3205,8720,82027,11128,82027,1567,66
3205,8720,82028,11128,82028,1567,66
3205,8720,82029,11128,82029,1567,66
3205,8720,82030,11128,82030,1567,66
3205,8720,82031,11128,82031,1567,66
3205,8720,82032,11128,82032,1567,66
3205,8720,82033,11128,82033,1567,66
3205,8720,82034,11128,82034,1567,66
3205,8720,82035,11128,82035,1567,66
3205,8720,82036,11128,82036,1567,66
3205,8720,82037,11128,82037,1567,66
3205,8720,82038,11128,82038,1567,66
3205,8720,82039,11128,82039,1567,66
3205,8720,82040,11128,82040,1567,66
3205,8720,82041,11128,82041,1567,66
3205,8720,82042,11128,82042,1567,66
3205,8720,82043,11128,82043,1567,66
3205,8720,82044,11128,82044,1567,66
3205,8720,82045,11128,82045,1567,66
3205,8720,82046,11128,82046,1567,66
3205,8720,82047,11128,82047,1567,66
3205,8720,82048,11128,82048,1567,66
3205,8720,82049,11128,82049,1567,66
3205,8720,82050,11128,82050,1567,66
3205,8720,82051,11128,82051,1567,66
3205,8720,82052,11128,82052,1567,66
3205,8720,82053,11128,82053,1567,66
3205,8720,82054,11128,82054,1567,66
3205,8720,82055,11128,82055,1567,66
3205,8720,82056,11128,82056,1567,66
3205,8720,82057,11128,82057,1567,66
3205,8720,82058,11128,82058,1567,66
3205,8720,82059,11128,82059,1567,66
3205,8720,82060,11128,82060,1567,66
3205,8720,82061,11128,82061,1567,66
3205,8720,82062,11128,82062,1567,66
3205,8720,82063,11128,82063,1567,66
3205,8720,82064,11128,82064,1567,66
3205,8720,82065,11128,82065,1567,66
3205,8720,82066,11128,82066,1567,66
3205,8720,82067,11128,82067,1567,66
3205,8720,82068,11128,82068,1567,66
3205,8720,82069,11128,82069,1567,66
3205,8720,82070,11128,82070,1567,66
3205,8720,82071,11128,82071,1567,66
3205,8720,82072,11128,82072,1567,66
3205,8720,82073,11128,82073,1567,66
3205,8720,82074,11128,82074,1567,66
3205,8720,82075,11128,82075,1567,66
3205,8720,82076,11128,82076,1567,66
3205,8720,82077,11128,82077,1567,66
3205,8720,82078,11128,82078,1567,66
3205,8720,82079,11128,82079,1567,66
3205,8720,82080,11128,82080,1567,66
3205,8720,82081,11128,82081,1567,66
3205,8720,82082,11128,82082,1567,66
3205,8720,82083,11128,82083,1567,66
3205,8720,82084,11128,82084,1567,66
3205,8720,82085,11128,82085,1567,66
3205,8720,82086,11128,82086,1567,66
3205,8720,82087,11128,82087,1567,66
3205,8720,82088,11128,82088,1567,66
3205,8720,82089,11128,82089,1567,66
3205,8720,82090,11128,82090,1567,66
3205,8720,82091,11128,82091,1567,66
3205,8720,82092,11128,82092,1567,66
3205,8720,82093,11128,82093,1567,66
3205,8720,82094,11128,82094,1567,66
3205,8720,82095,11128,82095,1567,66
3205,8720,82096,11128,82096,1567,66
3205,8720,82097,11128,82097,1567,66
3205,8720,82098,11128,82098,1567,66
3205,8720,82099,11128,82099,1567,66
3205,8720,82100,11128,82100,1567,66
3205,8720,82101,11128,82101,1567,66
3205,8720,82102,11128,82102,1567,66
3205,8720,82103,11128,82103,1567,66
3205,8720,82104,11128,82104,1567,66
3205,8720,82105,11128,82105,1567,66
3205,8720,82106,11128,82106,1567,66
3205,8720,82107,11128,82107,1567,66
3205,8720,82108,11128,82108,1567,66
3205,8720,82109,11128,82109,1567,66
3205,8720,82110,11128,82110,1567,66
3205,8720,82111,11128,82111,1567,66
3205,8720,82112,11128,82112,1567,66
3205,8720,82113,11128,82113,1567,66
3205,8720,82114,11128,82114,1567,66
3205,8720,82115,11128,82115,1567,66
3205,8720,82116,11128,82116,1567,66
3205,8720,82117,11128,82117,1567,66
3205,8720,82118,11128,82118,1567,66
3205,8720,82119,11128,82119,1567,66
3205,8720,82120,11128,82120,1567,66
3205,8720,82121,11128,82121,1567,66
3205,8720,82122,11128,82122,1567,66
3205,8720,82123,11128,82123,1567,66
3205,8720,82124,11128,82124,1567,66
3205,8720,82125,11128,82125,1567,66
3205,8720,82126,11128,82126,1567,66
3205,8720,82127,11128,82127,1567,66
3205,8720,82128,11128,82128,1567,66
3205,8720,82129,11128,82129,1567,66
3205,8720,82130,11128,82130,1567,66
3205,8720,82131,11128,82131,1567,66
3205,8720,82132,11128,82132,1567,66
3205,8720,82133,11128,82133,1567,66
3205,8720,82134,11128,82134,1567,66
3205,8720,82135,11128,82135,1567,66
3205,8720,82136,11128,82136,1567,66
3205,8720,82137,11128,82137,1567,66
3205,8720,82138,11128,82138,1567,66
3205,8720,82139,11128,82139,1567,66
3205,8720,82140,11128,82140,1567,66
3205,8720,82141,11128,82141,1567,66
3205,8720,82142,11128,82142,1567,66
3205,8720,82143,11128,82143,1567,66
3205,8720,82144,11128,82144,1567,66
3205,8720,82145,11128,82145,1567,66
3205,8720,82146,11128,82146,1567,66
3205,8720,82147,11128,82147,1567,66
3205,8720,82148,11128,82148,1567,66
3205,8720,82149,11128,82149,1567,66
3205,8720,82150,11128,82150,1567,66
3205,8720,82151,11128,82151,1567,66
3205,8720,82152,11128,82152,1567,66
3205,8720,82153,11128,82153,1567,66
3205,8720,82154,11128,82154,1567,66
3205,8720,82155,11128,82155,1567,66
3205,8720,82156,11128,82156,1567,66
3205,8720,82157,11128,82157,1567,66
3205,8720,82158,11128,82158,1567,66
3205,8720,82159,11128,82159,1567,66
3205,8720,82160,11128,82160,1567,66
3205,8720,82161,11128,82161,1567,66
3205,8720,82162,11128,82162,1567,66
3205,8720,82163,11128,82163,1567,66
3205,8720,82164,11128,82164,1567,66
3205,8720,82165,11128,82165,1567,66
3205,8720,82166,11128,82166,1567,66
3205,8720,82167,11128,82167,1567,66
3205,8720,82168,11128,82168,1567,66
3205,8720,82169,11128,82169,1567,66
3205,8720,82170,11128,82170,1567,66
3205,8720,82171,11128,82171,1567,66
3205,8720,82172,11128,82172,1567,66
3205,8720,82173,11128,82173,1567,66
3205,8720,82174,11128,82174,1567,66
3205,8720,82175,11128,82175,1567,66
3205,8720,82176,11128,82176,1567,66
3205,8720,82177,11128,82177,1567,66
3205,8720,82178,11128,82178,1567,66
3205,8720,82179,11128,82179,1567,66
3205,8720,82180,11128,82180,1567,66
3205,8720,82181,11128,82181,1567,66
3205,8720,82182,11128,82182,1567,66
3205,8720,82183,11128,82183,1567,66
3205,8720,82184,11128,82184,1567,66
3205,8720,82185,11128,82185,1567,66
3205,8720,82186,11128,82186,1567,66
3205,8720,82187,11128,82187,1567,66
3205,8720,82188,11128,82188,1567,66
3205,8720,82189,11128,82189,1567,66
3205,8720,82190,11128,82190,1567,66
3205,8720,82191,11128,82191,1567,66
3205,8720,82192,11128,82192,1567,66
3205,8720,82193,11128,82193,1567,66
3205,8720,82194,11128,82194,1567,66
3205,8720,82195,11128,82195,1567,66
3205,8720,82196,11128,82196,1567,66
3205,8720,82197,11128,82197,1567,66
3205,8720,82198,11128,82198,1567,66
3205,8720,82199,11128,82199,1567,66
3205,8720,82200,11128,82200,1567,66
3205,8720,82201,11128,82201,1567,66
3205,8720,82202,11128,82202,1567,66
3205,8720,82203,11128,82203,1567,66
3205,8720,82204,11128,82204,1567,66
3205,8720,82205,11128,82205,1567,66
3205,8720,82206,11128,82206,1567,66
3205,8720,82207,11128,82207,1567,66
3205,8720,82208,11128,82208,1567,66
3205,8720,82209,11128,82209,1567,66
3205,8720,82210,11128,82210,1567,66
3205,8720,82211,11128,82211,1567,66
3205,8720,82212,11128,82212,1567,66
3205,8720,82213,11128,82213,1567,66
3205,8720,82214,11128,82214,1567,66
3205,8720,82215,11128,82215,1567,66
3205,8720,82216,11128,82216,1567,66
3205,8720,82217,11128,82217,1567,66
3205,8720,82218,11128,82218,1567,66
3205,8720,82219,11128,82219,1567,66
3205,8720,82220,11128,82220,1567,66
3205,8720,82221,11128,82221,1567,66
3205,8720,82222,11128,82222,1567,66
3205,8720,82223,11128,82223,1567,66
3205,8720,82224,11128,82224,1567,66
3205,8720,82225,11128,82225,1567,66
3205,8720,82226,11128,82226,1567,66
3205,8720,82227,11128,82227,1567,66
3205,8720,82228,11128,82228,1567,66
3205,8720,82229,11128,82229,1567,66
3205,8720,82230,11128,82230,1567,66
3205,8720,82231,11128,82231,1567,66
3205,8720,82232,11128,82232,1567,66
3205,8720,82233,11128,82233,1567,66
3205,8720,82234,11128,82234,1567,66
3205,8720,82235,11128,82235,1567,66
3205,8720,82236,11128,82236,1567,66
3205,8720,82237,11128,82237,1567,66
3205,8720,82238,11128,82238,1567,66
3205,8720,82239,11128,82239,1567,66
3205,8720,82240,11128,82240,1567,66
3205,8720,82241,11128,82241,1567,66
3205,8720,82242,11128,82242,1567,66
3205,8720,82243,11128,82243,1567,66
3205,8720,82244,11128,82244,1567,66
3205,8720,82245,11128,82245,1567,66
3205,8720,82246,11128,82246,1567,66
3205,8720,82247,11128,82247,1567,66
3205,8720,82248,11128,82248,1567,66
3205,8720,82249,11128,82249,1567,66
3205,8720,82250,11128,82250,1567,66
3205,8720,82251,11128,82251,1567,66
3205,8720,82252,11128,82252,1567,66
3205,8720,82253,11128,82253,1567,66
3205,8720,82254,11128,82254,1567,66
3205,8720,82255,11128,82255,1567,66
3205,8720,82256,11128,82256,1567,66
3205,8720,82257,11128,82257,1567,66
3205,8720,82258,11128,82258,1567,66
3205,8720,82259,11128,82259,1567,66
3205,8720,82260,11128,82260,1567,66
3205,8720,82261,11128,82261,1567,66
3205,8720,82262,11128,82262,1567,66
3205,8720,82263,11128,82263,1567,66
3205,8720,82264,11128,82264,1567,66
3205,8720,82265,11128,82265,1567,66
3205,8720,82266,11128,82266,1567,66
3205,8720,82267,11128,82267,1567,66
3205,8720,82268,11128,82268,1567,66
3205,8720,82269,11128,82269,1567,66
3205,8720,82270,11128,82270,1567,66
3205,8720,82271,11128,82271,1567,66
3205,8720,82272,11128,82272,1567,66
3205,8720,82273,11128,82273,1567,66
3205,8720,82274,11128,82274,1567,66
3205,8720,82275,11128,82275,1567,66
3205,8720,82276,11128,82276,1567,66
3205,8720,82277,11128,82277,1567,66
3205,8720,82278,11128,82278,1567,66
3205,8720,82279,11128,82279,1567,66
3205,8720,82280,11128,82280,1567,66
3205,8720,82281,11128,82281,1567,66
3205,8720,82282,11128,82282,1567,66
3205,8720,82283,11128,82283,1567,66
3205,8720,82284,11128,82284,1567,66
3205,8720,82285,11128,82285,1567,66
3205,8720,82286,11128,82286,1567,66
3205,8720,82287,11128,82287,1567,66
3205,8720,82288,11128,82288,1567,66
3205,8720,82289,11128,82289,1567,66
3205,8720,82290,11128,82290,1567,66
3205,8720,82291,11128,82291,1567,66
3205,8720,82292,11128,82292,1567,66
3205,8720,82293,11128,82293,1567,66
3205,8720,82294,11128,82294,1567,66
3205,8720,82295,11128,82295,1567,66
3205,8720,82296,11128,82296,1567,66
3205,8720,82297,11128,82297,1567,66
3205,8720,82298,11128,82298,1567,66
3205,8720,82299,11128,82299,1567,66
3205,8720,82300,11128,82300,1567,66
3205,8720,82301,11128,82301,1567,66
3205,8720,82302,11128,82302,1567,66
3205,8720,82303,11128,82303,1567,66
3205,8720,82304,11128,82304,1567,66
3205,8720,82305,11128,82305,1567,66
3205,8720,82306,11128,82306,1567,66
3205,8720,82307,11128,82307,1567,66
3205,8720,82308,11128,82308,1567,66
3205,8720,82309,11128,82309,1567,66
3205,8720,82310,11128,82310,1567,66
3205,8720,82311,11128,82311,1567,66
3205,8720,82312,11128,82312,1567,66
3205,8720,82313,11128,82313,1567,66
3205,8720,82314,11128,82314,1567,66
3205,8720,82315,11128,82315,1567,66
3205,8720,82316,11128,82316,1567,66
3205,8720,82317,11128,82317,1567,66
3205,8720,82318,11128,82318,1567,66
3205,8720,82319,11128,82319,1567,66
3205,8720,82320,11128,82320,1567,66
3205,8720,82321,11128,82321,1567,66
3205,8720,82322,11128,82322,1567,66
3205,8720,82323,11128,82323,1567,66
3205,8720,82324,11128,82324,1567,66
3205,8720,82325,11128,82325,1567,66
3205,8720,82326,11128,82326,1567,66
3205,8720,82327,11128,82327,1567,66
3205,8720,82328,11128,82328,1567,66
3205,8720,82329,11128,82329,1567,66
3205,8720,82330,11128,82330,1567,66
3205,8720,82331,11128,82331,1567,66
3205,8720,82332,11128,82332,1567,66
3205,8720,82333,11128,82333,1567,66
3205,8720,82334,11128,82334,1567,66
3205,8720,82335,11128,82335,1567,66
3205,8720,82336,11128,82336,1567,66
3205,8720,82337,11128,82337,1567,66
3205,8720,82338,11128,82338,1567,66
3205,8720,82339,11128,82339,1567,66
3205,8720,82340,11128,82340,1567,66
3205,8720,82341,11128,82341,1567,66
3205,8720,82342,11128,82342,1567,66
3205,8720,82343,11128,82343,1567,66
3205,8720,82344,11128,82344,1567,66
3205,8720,82345,11128,82345,1567,66
3205,8720,82346,11128,82346,1567,66
3205,8720,82347,11128,82347,1567,66
3205,8720,82348,11128,82348,1567,66
3205,8720,82349,11128,82349,1567,66
3205,8720,82350,11128,82350,1567,66
3205,8720,82351,11128,82351,1567,66
3205,8720,82352,11128,82352,1567,66
3205,8720,82353,11128,82353,1567,66
3205,8720,82354,11128,82354,1567,66
3205,8720,82355,11128,82355,1567,66
3205,8720,82356,11128,82356,1567,66
3205,8720,82357,11128,82357,1567,66
3205,8720,82358,11128,82358,1567,66
3205,8720,82359,11128,82359,1567,66
3205,8720,82360,11128,82360,1567,66
3205,8720,82361,11128,82361,1567,66
3205,8720,82362,11128,82362,1567,66
3205,8720,82363,11128,82363,1567,66
3205,8720,82364,11128,82364,1567,66
3205,8720,82365,11128,82365,1567,66
3205,8720,82366,11128,82366,1567,66
3205,8720,82367,11128,82367,1567,66
3205,8720,82368,11128,82368,1567,66
3205,8720,82369,11128,82369,1567,66
3205,8720,82370,11128,82370,1567,66
3205,8720,82371,11128,82371,1567,66
3205,8720,82372,11128,82372,1567,66
3205,8720,82373,11128,82373,1567,66
3205,8720,82374,11128,82374,1567,66
3205,8720,82375,11128,82375,1567,66
3205,8720,82376,11128,82376,1567,66
3205,8720,82377,11128,82377,1567,66
3205,8720,82378,11128,82378,1567,66
3205,8720,82379,11128,82379,1567,66
3205,8720,82380,11128,82380,1567,66
3205,8720,82381,11128,82381,1567,66
3205,8720,82382,11128,82382,1567,66
3205,8720,82383,11128,82383,1567,66
3205,8720,82384,11128,82384,1567,66
3205,8720,82385,11128,82385,1567,66
3205,8720,82386,11128,82386,1567,66
3205,8720,82387,11128,82387,1567,66
3205,8720,82388,11128,82388,1567,66
3205,8720,82389,11128,82389,1567,66
3205,8720,82390,11128,82390,1567,66
3205,8720,82391,11128,82391,1567,66
3205,8720,82392,11128,82392,1567,66
3205,8720,82393,11128,82393,1567,66
3205,8720,82394,11128,82394,1567,66
3205,8720,82395,11128,82395,1567,66
3205,8720,82396,11128,82396,1567,66
3205,8720,82397,11128,82397,1567,66
3205,8720,82398,11128,82398,1567,66
3205,8720,82399,11128,82399,1567,66
3205,8720,82400,11128,82400,1567,66
3205,8720,82401,11128,82401,1567,66
3205,8720,82402,11128,82402,1567,66
3205,8720,82403,11128,82403,1567,66
3205,8720,82404,11128,82404,1567,66
3205,8720,82405,11128,82405,1567,66
3205,8720,82406,11128,82406,1567,66
3205,8720,82407,11128,82407,1567,66
3205,8720,82408,11128,82408,1567,66
3205,8720,82409,11128,82409,1567,66
3205,8720,82410,11128,82410,1567,66
3205,8720,82411,11128,82411,1567,66
3205,8720,82412,11128,82412,1567,66
3205,8720,82413,11128,82413,1567,66
3205,8720,82414,11128,82414,1567,66
3205,8720,82415,11128,82415,1567,66
3205,8720,82416,11128,82416,1567,66
3205,8720,82417,11128,82417,1567,66
3205,8720,82418,11128,82418,1567,66
3205,8720,82419,11128,82419,1567,66
3205,8720,82420,11128,82420,1567,66
3205,8720,82421,11128,82421,1567,66
3205,8720,82422,11128,82422,1567,66
3205,8720,82423,11128,82423,1567,66
3205,8720,82424,11128,82424,1567,66
3205,8720,82425,11128,82425,1567,66
3205,8720,82426,11128,82426,1567,66
3205,8720,82427,11128,82427,1567,66
3205,8720,82428,11128,82428,1567,66
3205,8720,82429,11128,82429,1567,66
3205,8720,82430,11128,82430,1567,66
3205,8720,82431,11128,82431,1567,66
3205,8720,82432,11128,82432,1567,66
3205,8720,82433,11128,82433,1567,66
3205,8720,82434,11128,82434,1567,66
3205,8720,82435,11128,82435,1567,66
3205,8720,82436,11128,82436,1567,66
3205,8720,82437,11128,82437,1567,66
3205,8720,82438,11128,82438,1567,66
3205,8720,82439,11128,82439,1567,66
3205,8720,82440,11128,82440,1567,66
3205,8720,82441,11128,82441,1567,66
3205,8720,82442,11128,82442,1567,66
3205,8720,82443,11128,82443,1567,66
3205,8720,82444,11128,82444,1567,66
3205,8720,82445,11128,82445,1567,66
3205,8720,82446,11128,82446,1567,66
3205,8720,82447,11128,82447,1567,66
3205,8720,82448,11128,82448,1567,66
3205,8720,82449,11128,82449,1567,66
3205,8720,82450,11128,82450,1567,66
3205,8720,82451,11128,82451,1567,66
3205,8720,82452,11128,82452,1567,66
3205,8720,82453,11128,82453,1567,66
3205,8720,82454,11128,82454,1567,66
3205,8720,82455,11128,82455,1567,66
3205,8720,82456,11128,82456,1567,66
3205,8720,82457,11128,82457,1567,66
3205,8720,82458,11128,82458,1567,66
3205,8720,82459,11128,82459,1567,66
3205,8720,82460,11128,82460,1567,66
3205,8720,82461,11128,82461,1567,66
3205,8720,82462,11128,82462,1567,66
3205,8720,82463,11128,82463,1567,66
3205,8720,82464,11128,82464,1567,66
3205,8720,82465,11128,82465,1567,66
3205,8720,82466,11128,82466,1567,66
3205,8720,82467,11128,82467,1567,66
3205,8720,82468,11128,82468,1567,66
3205,8720,82469,11128,82469,1567,66
3205,8720,82470,11128,82470,1567,66
3205,8720,82471,11128,82471,1567,66
3205,8720,82472,11128,82472,1567,66
3205,8720,82473,11128,82473,1567,66
3205,8720,82474,11128,82474,1567,66
3205,8720,82475,11128,82475,1567,66
3205,8720,82476,11128,82476,1567,66
3205,8720,82477,11128,82477,1567,66
3205,8720,82478,11128,82478,1567,66
3205,8720,82479,11128,82479,1567,66
3205,8720,82480,11128,82480,1567,66
3205,8720,82481,11128,82481,1567,66
3205,8720,82482,11128,82482,1567,66
3205,8720,82483,11128,82483,1567,66
3205,8720,82484,11128,82484,1567,66
3205,8720,82485,11128,82485,1567,66
3205,8720,82486,11128,82486,1567,66
3205,8720,82487,11128,82487,1567,66
3205,8720,82488,11128,82488,1567,66
3205,8720,82489,11128,82489,1567,66
3205,8720,82490,11128,82490,1567,66
3205,8720,82491,11128,82491,1567,66
3205,8720,82492,11128,82492,1567,66
3205,8720,82493,11128,82493,1567,66
3205,8720,82494,11128,82494,1567,66
3205,8720,82495,11128,82495,1567,66
3205,8720,82496,11128,82496,1567,66
3205,8720,82497,11128,82497,1567,66
3205,8720,82498,11128,82498,1567,66
3205,8720,82499,11128,82499,1567,66
3205,8720,82500,11128,82500,1567,66
3205,8720,82501,11128,82501,1567,66
3205,8720,82502,11128,82502,1567,66
3205,8720,82503,11128,82503,1567,66
3205,8720,82504,11128,82504,1567,66
3205,8720,82505,11128,82505,1567,66
3205,8720,82506,11128,82506,1567,66
3205,8720,82507,11128,82507,1567,66
3205,8720,82508,11128,82508,1567,66
3205,8720,82509,11128,82509,1567,66
3205,8720,82510,11128,82510,1567,66
3205,8720,82511,11128,82511,1567,66
3205,8720,82512,11128,82512,1567,66
3205,8720,82513,11128,82513,1567,66
3205,8720,82514,11128,82514,1567,66
3205,8720,82515,11128,82515,1567,66
3205,8720,82516,11128,82516,1567,66
3205,8720,82517,11128,82517,1567,66
3205,8720,82518,11128,82518,1567,66
3205,8720,82519,11128,82519,1567,66
3205,8720,82520,11128,82520,1567,66
3205,8720,82521,11128,82521,1567,66
3205,8720,82522,11128,82522,1567,66
3205,8720,82523,11128,82523,1567,66
3205,8720,82524,11128,82524,1567,66
3205,8720,82525,11128,82525,1567,66
3205,8720,82526,11128,82526,1567,66
3205,8720,82527,11128,82527,1567,66
3205,8720,82528,11128,82528,1567,66
3205,8720,82529,11128,82529,1567,66
3205,8720,82530,11128,82530,1567,66
3205,8720,82531,11128,82531,1567,66
3205,8720,82532,11128,82532,1567,66
3205,8720,82533,11128,82533,1567,66
3205,8720,82534,11128,82534,1567,66
3205,8720,82535,11128,82535,1567,66
3205,8720,82536,11128,82536,1567,66
3205,8720,82537,11128,82537,1567,66
3205,8720,82538,11128,82538,1567,66
3205,8720,82539,11128,82539,1567,66
3205,8720,82540,11128,82540,1567,66
3205,8720,82541,11128,82541,1567,66
3205,8720,82542,11128,82542,1567,66
3205,8720,82543,11128,82543,1567,66
3205,8720,82544,11128,82544,1567,66
3205,8720,82545,11128,82545,1567,66
3205,8720,82546,11128,82546,1567,66
3205,8720,82547,11128,82547,1567,66
3205,8720,82548,11128,82548,1567,66
3205,8720,82549,11128,82549,1567,66
3205,8720,82550,11128,82550,1567,66
3205,8720,82551,11128,82551,1567,66
3205,8720,82552,11128,82552,1567,66
3205,8720,82553,11128,82553,1567,66
3205,8720,82554,11128,82554,1567,66
3205,8720,82555,11128,82555,1567,66
3205,8720,82556,11128,82556,1567,66
3205,8720,82557,11128,82557,1567,66
3205,8720,82558,11128,82558,1567,66
3205,8720,82559,11128,82559,1567,66
3205,8720,82560,11128,82560,1567,66
3205,8720,82561,11128,82561,1567,66
3205,8720,82562,11128,82562,1567,66
3205,8720,82563,11128,82563,1567,66
3205,8720,82564,11128,82564,1567,66
3205,8720,82565,11128,82565,1567,66
3205,8720,82566,11128,82566,1567,66
3205,8720,82567,11128,82567,1567,66
3205,8720,82568,11128,82568,1567,66
3205,8720,82569,11128,82569,1567,66
3205,8720,82570,11128,82570,1567,66
3205,8720,82571,11128,82571,1567,66
3205,8720,82572,11128,82572,1567,66
3205,8720,82573,11128,82573,1567,66
3205,8720,82574,11128,82574,1567,66
3205,8720,82575,11128,82575,1567,66
3205,8720,82576,11128,82576,1567,66
3205,8720,82577,11128,82577,1567,66
3205,8720,82578,11128,82578,1567,66
3205,8720,82579,11128,82579,1567,66
3205,8720,82580,11128,82580,1567,66
3205,8720,82581,11128,82581,1567,66
3205,8720,82582,11128,82582,1567,66
3205,8720,82583,11128,82583,1567,66
3205,8720,82584,11128,82584,1567,66
3205,8720,82585,11128,82585,1567,66
3205,8720,82586,11128,82586,1567,66
3205,8720,82587,11128,82587,1567,66
3205,8720,82588,11128,82588,1567,66
3205,8720,82589,11128,82589,1567,66
3205,8720,82590,11128,82590,1567,66
3205,8720,82591,11128,82591,1567,66
3205,8720,82592,11128,82592,1567,66
3205,8720,82593,11128,82593,1567,66
3205,8720,82594,11128,82594,1567,66
3205,8720,82595,11128,82595,1567,66
3205,8720,82596,11128,82596,1567,66
3205,8720,82597,11128,82597,1567,66
3205,8720,82598,11128,82598,1567,66
3205,8720,82599,11128,82599,1567,66
3205,8720,82600,11128,82600,1567,66
3205,8720,82601,11128,82601,1567,66
3205,8720,82602,11128,82602,1567,66
3205,8720,82603,11128,82603,1567,66
3205,8720,82604,11128,82604,1567,66
3205,8720,82605,11128,82605,1567,66
3205,8720,82606,11128,82606,1567,66
3205,8720,82607,11128,82607,1567,66
3205,8720,82608,11128,82608,1567,66
3205,8720,82609,11128,82609,1567,66
3205,8720,82610,11128,82610,1567,66
3205,8720,82611,11128,82611,1567,66
3205,8720,82612,11128,82612,1567,66
3205,8720,82613,11128,82613,1567,66
3205,8720,82614,11128,82614,1567,66
3205,8720,82615,11128,82615,1567,66
3205,8720,82616,11128,82616,1567,66
3205,8720,82617,11128,82617,1567,66
3205,8720,82618,11128,82618,1567,66
3205,8720,82619,11128,82619,1567,66
3205,8720,82620,11128,82620,1567,66
3205,8720,82621,11128,82621,1567,66
3205,8720,82622,11128,82622,1567,66
3205,8720,82623,11128,82623,1567,66
3205,8720,82624,11128,82624,1567,66
3205,8720,82625,11128,82625,1567,66
3205,8720,82626,11128,82626,1567,66
3205,8720,82627,11128,82627,1567,66
3205,8720,82628,11128,82628,1567,66
3205,8720,82629,11128,82629,1567,66
3205,8720,82630,11128,82630,1567,66
3205,8720,82631,11128,82631,1567,66
3205,8720,82632,11128,82632,1567,66
3205,8720,82633,11128,82633,1567,66
3205,8720,82634,11128,82634,1567,66
3205,8720,82635,11128,82635,1567,66
3205,8720,82636,11128,82636,1567,66
3205,8720,82637,11128,82637,1567,66
3205,8720,82638,11128,82638,1567,66
3205,8720,82639,11128,82639,1567,66
3205,8720,82640,11128,82640,1567,66
3205,8720,82641,11128,82641,1567,66
3205,8720,82642,11128,82642,1567,66
3205,8720,82643,11128,82643,1567,66
3205,8720,82644,11128,82644,1567,66
3205,8720,82645,11128,82645,1567,66
3205,8720,82646,11128,82646,1567,66
3205,8720,82647,11128,82647,1567,66
3205,8720,82648,11128,82648,1567,66
3205,8720,82649,11128,82649,1567,66
3205,8720,82650,11128,82650,1567,66
3205,8720,82651,11128,82651,1567,66
3205,8720,82652,11128,82652,1567,66
3205,8720,82653,11128,82653,1567,66
3205,8720,82654,11128,82654,1567,66
3205,8720,82655,11128,82655,1567,66
3205,8720,82656,11128,82656,1567,66
3205,8720,82657,11128,82657,1567,66
3205,8720,82658,11128,82658,1567,66
3205,8720,82659,11128,82659,1567,66
3205,8720,82660,11128,82660,1567,66
3205,8720,82661,11128,82661,1567,66
3205,8720,82662,11128,82662,1567,66
3205,8720,82663,11128,82663,1567,66
3205,8720,82664,11128,82664,1567,66
3205,8720,82665,11128,82665,1567,66
3205,8720,82666,11128,82666,1567,66
3205,8720,82667,11128,82667,1567,66
3205,8720,82668,11128,82668,1567,66
3205,8720,82669,11128,82669,1567,66
3205,8720,82670,11128,82670,1567,66
3205,8720,82671,11128,82671,1567,66
3205,8720,82672,11128,82672,1567,66
3204,8720,82673,11128,82673,1567,66
3204,8720,82674,11128,82674,1567,66
3204,8720,82675,11128,82675,1567,66
3204,8720,82676,11128,82676,1567,66
3204,8720,82677,11128,82677,1567,66
3204,8720,82678,11128,82678,1567,66
3204,8720,82679,11128,82679,1567,66
3204,8720,82680,11128,82680,1567,66
3204,8720,82681,11128,82681,1567,66
3204,8720,82682,11128,82682,1567,66
3204,8720,82683,11128,82683,1567,66
3204,8720,82684,11128,82684,1567,66
3204,8720,82685,11128,82685,1567,66
3204,8720,82686,11128,82686,1567,66
3204,8720,82687,11128,82687,1567,66
3204,8720,82688,11128,82688,1567,66
3204,8720,82689,11128,82689,1567,66
3204,8720,82690,11128,82690,1567,66
3204,8720,82691,11128,82691,1567,66
3204,8720,82692,11128,82692,1567,66
3204,8720,82693,11128,82693,1567,66
3204,8720,82694,11128,82694,1567,66
3204,8720,82695,11128,82695,1567,66
3204,8720,82696,11128,82696,1567,66
3204,8720,82697,11128,82697,1567,66
3204,8720,82698,11128,82698,1567,66
3204,8720,82699,11128,82699,1567,66
3204,8720,82700,11128,82700,1567,66
3204,8720,82701,11128,82701,1567,66
3204,8720,82702,11128,82702,1567,66
3204,8720,82703,11128,82703,1567,66
3204,8720,82704,11128,82704,1567,66
3204,8720,82705,11128,82705,1567,66
3204,8720,82706,11128,82706,1567,66
3204,8720,82707,11128,82707,1567,66
3204,8720,82708,11128,82708,1567,66
3204,8720,82709,11128,82709,1567,66
3204,8720,82710,11128,82710,1567,66
3204,8720,82711,11128,82711,1567,66
3204,8720,82712,11128,82712,1567,66
3204,8720,82713,11128,82713,1567,66
3204,8720,82714,11128,82714,1567,66
3204,8720,82715,11128,82715,1567,66
3204,8720,82716,11128,82716,1567,66
3204,8720,82717,11128,82717,1567,66
3204,8720,82718,11128,82718,1567,66
3204,8720,82719,11128,82719,1567,66
3204,8720,82720,11128,82720,1567,66
3204,8720,82721,11128,82721,1567,66
3204,8720,82722,11128,82722,1567,66
3204,8720,82723,11128,82723,1567,66
3204,8720,82724,11128,82724,1567,66
3204,8720,82725,11128,82725,1567,66
3204,8720,82726,11128,82726,1567,66
3204,8720,82727,11128,82727,1567,66
3204,8720,82728,11128,82728,1567,66
3204,8720,82729,11128,82729,1567,66
3204,8720,82730,11128,82730,1567,66
3204,8720,82731,11128,82731,1567,66
3204,8720,82732,11128,82732,1567,66
3204,8720,82733,11128,82733,1567,66
3204,8720,82734,11128,82734,1567,66
3204,8720,82735,11128,82735,1567,66
3204,8720,82736,11128,82736,1567,66
3204,8720,82737,11128,82737,1567,66
3204,8720,82738,11128,82738,1567,66
3204,8720,82739,11128,82739,1567,66
3204,8720,82740,11128,82740,1567,66
3204,8720,82741,11128,82741,1567,66
3204,8720,82742,11128,82742,1567,66
3204,8720,82743,11128,82743,1567,66
3204,8720,82744,11128,82744,1567,66
3204,8720,82745,11128,82745,1567,66
3204,8720,82746,11128,82746,1567,66
3204,8720,82747,11128,82747,1567,66
3204,8720,82748,11128,82748,1567,66
3204,8720,82749,11128,82749,1567,66
3204,8720,82750,11128,82750,1567,66
3204,8720,82751,11128,82751,1567,66
3204,8720,82752,11128,82752,1567,66
3204,8720,82753,11128,82753,1567,66
3204,8720,82754,11128,82754,1567,66
3204,8720,82755,11128,82755,1567,66
3204,8720,82756,11128,82756,1567,66
3204,8720,82757,11128,82757,1567,66
3204,8720,82758,11128,82758,1567,66
3204,8720,82759,11128,82759,1567,66
3204,8720,82760,11128,82760,1567,66
3204,8720,82761,11128,82761,1567,66
3204,8720,82762,11128,82762,1567,66
3204,8720,82763,11128,82763,1567,66
3204,8720,82764,11128,82764,1567,66
3204,8720,82765,11128,82765,1567,66
3204,8720,82766,11128,82766,1567,66
3204,8720,82767,11128,82767,1567,66
3204,8720,82768,11128,82768,1567,66
3204,8720,82769,11128,82769,1567,66
3204,8720,82770,11128,82770,1567,66
3204,8720,82771,11128,82771,1567,66
3204,8720,82772,11128,82772,1567,66
3204,8720,82773,11128,82773,1567,66
3204,8720,82774,11128,82774,1567,66
3204,8720,82775,11128,82775,1567,66
3204,8720,82776,11128,82776,1567,66
3204,8720,82777,11128,82777,1567,66
3204,8720,82778,11128,82778,1567,66
3204,8720,82779,11128,82779,1567,66
3204,8720,82780,11128,82780,1567,66
3204,8720,82781,11128,82781,1567,66
3204,8720,82782,11128,82782,1567,66
3204,8720,82783,11128,82783,1567,66
3204,8720,82784,11128,82784,1567,66
3204,8720,82785,11128,82785,1567,66
3204,8720,82786,11128,82786,1567,66
3204,8720,82787,11128,82787,1567,66
3204,8720,82788,11128,82788,1567,66
3204,8720,82789,11128,82789,1567,66
3204,8720,82790,11128,82790,1567,66
3204,8720,82791,11128,82791,1567,66
3204,8720,82792,11128,82792,1567,66
3204,8720,82793,11128,82793,1567,66
3204,8720,82794,11128,82794,1567,66
3204,8720,82795,11128,82795,1567,66
3204,8720,82796,11128,82796,1567,66
3204,8720,82797,11128,82797,1567,66
3204,8720,82798,11128,82798,1567,66
3204,8720,82799,11128,82799,1567,66
3203,8720,82800,11128,82800,1567,66
3203,8720,82801,11128,82801,1567,66
3203,8720,82802,11128,82802,1567,66
3203,8720,82803,11128,82803,1567,66
3203,8720,82804,11128,82804,1567,66
3203,8720,82805,11128,82805,1567,66
3203,8720,82806,11128,82806,1567,66
3203,8720,82807,11128,82807,1567,66
3203,8720,82808,11128,82808,1567,66
3203,8720,82809,11128,82809,1567,66
3203,8720,82810,11128,82810,1567,66
3203,8720,82811,11128,82811,1567,66
3203,8720,82812,11128,82812,1567,66
3203,8720,82813,11128,82813,1567,66
3203,8720,82814,11128,82814,1567,66
3203,8720,82815,11128,82815,1567,66
3203,8720,82816,11128,82816,1567,66
3203,8720,82817,11128,82817,1567,66
3203,8720,82818,11128,82818,1567,66
3203,8720,82819,11128,82819,1567,66
3203,8720,82820,11128,82820,1567,66
3203,8720,82821,11128,82821,1567,66
3203,8720,82822,11128,82822,1567,66
3203,8720,82823,11128,82823,1567,66
3203,8720,82824,11128,82824,1567,66
3203,8720,82825,11128,82825,1567,66
3203,8720,82826,11128,82826,1567,66
3203,8720,82827,11128,82827,1567,66
3203,8720,82828,11128,82828,1567,66
3203,8720,82829,11128,82829,1567,66
3203,8720,82830,11128,82830,1567,66
3203,8720,82831,11128,82831,1567,66
3203,8720,82832,11128,82832,1567,66
3203,8720,82833,11128,82833,1567,66
3203,8720,82834,11128,82834,1567,66
3203,8720,82835,11128,82835,1567,66
3203,8720,82836,11128,82836,1567,66
3203,8720,82837,11128,82837,1567,66
3203,8720,82838,11128,82838,1567,66
3203,8720,82839,11128,82839,1567,66
3203,8720,82840,11128,82840,1567,66
3203,8720,82841,11128,82841,1567,66
3203,8720,82842,11128,82842,1567,66
3203,8720,82843,11128,82843,1567,66
3203,8720,82844,11128,82844,1567,66
3203,8720,82845,11128,82845,1567,66
3203,8720,82846,11128,82846,1567,66
3203,8720,82847,11128,82847,1567,66
3203,8720,82848,11128,82848,1567,66
3203,8720,82849,11128,82849,1567,66
3203,8720,82850,11128,82850,1567,66
3203,8720,82851,11128,82851,1567,66
3203,8720,82852,11128,82852,1567,66
3203,8720,82853,11128,82853,1567,66
3203,8720,82854,11128,82854,1567,66
3203,8720,82855,11128,82855,1567,66
3203,8720,82856,11128,82856,1567,66
3203,8720,82857,11128,82857,1567,66
3203,8720,82858,11128,82858,1567,66
3203,8720,82859,11128,82859,1567,66
3203,8720,82860,11128,82860,1567,66
3203,8720,82861,11128,82861,1567,66
3203,8720,82862,11128,82862,1567,66
3203,8720,82863,11128,82863,1567,66
3203,8720,82864,11128,82864,1567,66
3203,8720,82865,11128,82865,1567,66
3203,8720,82866,11128,82866,1567,66
3203,8720,82867,11128,82867,1567,66
3203,8720,82868,11128,82868,1567,66
3203,8720,82869,11128,82869,1567,66
3203,8720,82870,11128,82870,1567,66
3203,8720,82871,11128,82871,1567,66
3203,8720,82872,11128,82872,1567,66
3203,8720,82873,11128,82873,1567,66
3203,8720,82874,11128,82874,1567,66
3203,8720,82875,11128,82875,1567,66
3203,8720,82876,11128,82876,1567,66
3203,8720,82877,11128,82877,1567,66
3203,8720,82878,11128,82878,1567,66
3203,8720,82879,11128,82879,1567,66
3203,8720,82880,11128,82880,1567,66
3203,8720,82881,11128,82881,1567,66
3203,8720,82882,11128,82882,1567,66
3203,8720,82883,11128,82883,1567,66
3203,8720,82884,11128,82884,1567,66
3203,8720,82885,11128,82885,1567,66
3203,8720,82886,11128,82886,1567,66
3203,8720,82887,11128,82887,1567,66
3203,8720,82888,11128,82888,1567,66
3203,8720,82889,11128,82889,1567,66
3203,8720,82890,11128,82890,1567,66
3203,8720,82891,11128,82891,1567,66
3203,8720,82892,11128,82892,1567,66
3203,8720,82893,11128,82893,1567,66
3203,8720,82894,11128,82894,1567,66
3203,8720,82895,11128,82895,1567,66
3203,8720,82896,11128,82896,1567,66
3203,8720,82897,11128,82897,1567,66
3203,8720,82898,11128,82898,1567,66
3203,8720,82899,11128,82899,1567,66
3203,8720,82900,11128,82900,1567,66
3203,8720,82901,11128,82901,1567,66
3203,8720,82902,11128,82902,1567,66
3203,8720,82903,11128,82903,1567,66
3203,8720,82904,11128,82904,1567,66
3203,8720,82905,11128,82905,1567,66
3203,8720,82906,11128,82906,1567,66
3203,8720,82907,11128,82907,1567,66
3203,8720,82908,11128,82908,1567,66
3203,8720,82909,11128,82909,1567,66
3203,8720,82910,11128,82910,1567,66
3203,8720,82911,11128,82911,1567,66
3203,8720,82912,11128,82912,1567,66
3203,8720,82913,11128,82913,1567,66
3203,8720,82914,11128,82914,1567,66
3203,8720,82915,11128,82915,1567,66
3203,8720,82916,11128,82916,1567,66
3203,8720,82917,11128,82917,1567,66
3203,8720,82918,11128,82918,1567,66
3203,8720,82919,11128,82919,1567,66
3203,8720,82920,11128,82920,1567,66
3203,8720,82921,11128,82921,1567,66
3203,8720,82922,11128,82922,1567,66
3203,8720,82923,11128,82923,1567,66
3203,8720,82924,11128,82924,1567,66
3203,8720,82925,11128,82925,1567,66
3203,8720,82926,11128,82926,1567,66
3203,8720,82927,11128,82927,1567,66
3203,8720,82928,11128,82928,1567,66
3203,8720,82929,11128,82929,1567,66
3203,8720,82930,11128,82930,1567,66
3203,8720,82931,11128,82931,1567,66
3203,8720,82932,11128,82932,1567,66
3203,8720,82933,11128,82933,1567,66
3203,8720,82934,11128,82934,1567,66
3203,8720,82935,11128,82935,1567,66
3203,8720,82936,11128,82936,1567,66
3203,8720,82937,11128,82937,1567,66
3203,8720,82938,11128,82938,1567,66
3203,8720,82939,11128,82939,1567,66
3203,8720,82940,11128,82940,1567,66
3203,8720,82941,11128,82941,1567,66
3203,8720,82942,11128,82942,1567,66
3203,8720,82943,11128,82943,1567,66
3203,8720,82944,11128,82944,1567,66
3203,8720,82945,11128,82945,1567,66
3203,8720,82946,11128,82946,1567,66
3203,8720,82947,11128,82947,1567,66
3203,8720,82948,11128,82948,1567,66
3203,8720,82949,11128,82949,1567,66
3203,8720,82950,11128,82950,1567,66
3203,8720,82951,11128,82951,1567,66
3203,8720,82952,11128,82952,1567,66
3203,8720,82953,11128,82953,1567,66
3203,8720,82954,11128,82954,1567,66
3203,8720,82955,11128,82955,1567,66
3203,8720,82956,11128,82956,1567,66
3203,8720,82957,11128,82957,1567,66
3203,8720,82958,11128,82958,1567,66
3203,8720,82959,11128,82959,1567,66
3203,8720,82960,11128,82960,1567,66
3203,8720,82961,11128,82961,1567,66
3203,8720,82962,11128,82962,1567,66
3203,8720,82963,11128,82963,1567,66
3203,8720,82964,11128,82964,1567,66
3203,8720,82965,11128,82965,1567,66
3203,8720,82966,11128,82966,1567,66
3203,8720,82967,11128,82967,1567,66
3203,8720,82968,11128,82968,1567,66
3203,8720,82969,11128,82969,1567,66
3203,8720,82970,11128,82970,1567,66
3203,8720,82971,11128,82971,1567,66
3203,8720,82972,11128,82972,1567,66
3203,8720,82973,11128,82973,1567,66
3203,8720,82974,11128,82974,1567,66
3203,8720,82975,11128,82975,1567,66
3203,8720,82976,11128,82976,1567,66
3203,8720,82977,11128,82977,1567,66
3203,8720,82978,11128,82978,1567,66
3203,8720,82979,11128,82979,1567,66
3203,8720,82980,11128,82980,1567,66
3203,8720,82981,11128,82981,1567,66
3203,8720,82982,11128,82982,1567,66
3203,8720,82983,11128,82983,1567,66
3203,8720,82984,11128,82984,1567,66
3203,8720,82985,11128,82985,1567,66
3203,8720,82986,11128,82986,1567,66
3203,8720,82987,11128,82987,1567,66
3203,8720,82988,11128,82988,1567,66
3203,8720,82989,11128,82989,1567,66
3203,8720,82990,11128,82990,1567,66
3203,8720,82991,11128,82991,1567,66
3203,8720,82992,11128,82992,1567,66
3203,8720,82993,11128,82993,1567,66
3203,8720,82994,11128,82994,1567,66
3203,8720,82995,11128,82995,1567,66
3203,8720,82996,11128,82996,1567,66
3203,8720,82997,11128,82997,1567,66
3203,8720,82998,11128,82998,1567,66
3203,8720,82999,11128,82999,1567,66
3203,8720,83000,11128,83000,1567,66
3203,8720,83001,11128,83001,1567,66
3203,8720,83002,11128,83002,1567,66
3203,8720,83003,11128,83003,1567,66
3203,8720,83004,11128,83004,1567,66
3203,8720,83005,11128,83005,1567,66
3203,8720,83006,11128,83006,1567,66
3203,8720,83007,11128,83007,1567,66
3203,8720,83008,11128,83008,1567,66
3203,8720,83009,11128,83009,1567,66
3203,8720,83010,11128,83010,1567,66
3203,8720,83011,11128,83011,1567,66
3203,8720,83012,11128,83012,1567,66
3203,8720,83013,11128,83013,1567,66
3203,8720,83014,11128,83014,1567,66
3203,8720,83015,11128,83015,1567,66
3203,8720,83016,11128,83016,1567,66
3203,8720,83017,11128,83017,1567,66
3203,8720,83018,11128,83018,1567,66
3203,8720,83019,11128,83019,1567,66
3203,8720,83020,11128,83020,1567,66
3203,8720,83021,11128,83021,1567,66
3203,8720,83022,11128,83022,1567,66
3203,8720,83023,11128,83023,1567,66
3203,8720,83024,11128,83024,1567,66
3203,8720,83025,11128,83025,1567,66
3203,8720,83026,11128,83026,1567,66
3203,8720,83027,11128,83027,1567,66
3203,8720,83028,11128,83028,1567,66
3203,8720,83029,11128,83029,1567,66
3203,8720,83030,11128,83030,1567,66
3203,8720,83031,11128,83031,1567,66
3203,8720,83032,11128,83032,1567,66
3203,8720,83033,11128,83033,1567,66
3203,8720,83034,11128,83034,1567,66
3203,8720,83035,11128,83035,1567,66
3203,8720,83036,11128,83036,1567,66
3203,8720,83037,11128,83037,1567,66
3203,8720,83038,11128,83038,1567,66
3203,8720,83039,11128,83039,1567,66
3203,8720,83040,11128,83040,1567,66
3203,8720,83041,11128,83041,1567,66
3203,8720,83042,11128,83042,1567,66
3203,8720,83043,11128,83043,1567,66
3203,8720,83044,11128,83044,1567,66
3203,8720,83045,11128,83045,1567,66
3203,8720,83046,11128,83046,1567,66
3203,8720,83047,11128,83047,1567,66
3203,8720,83048,11128,83048,1567,66
3203,8720,83049,11128,83049,1567,66
3203,8720,83050,11128,83050,1567,66
3203,8720,83051,11128,83051,1567,66
3203,8720,83052,11128,83052,1567,66
3203,8720,83053,11128,83053,1567,66
3203,8720,83054,11128,83054,1567,66
3203,8720,83055,11128,83055,1567,66
3203,8720,83056,11128,83056,1567,66
3203,8720,83057,11128,83057,1567,66
3203,8720,83058,11128,83058,1567,66
3203,8720,83059,11128,83059,1567,66
3203,8720,83060,11128,83060,1567,66
3203,8720,83061,11128,83061,1567,66
3203,8720,83062,11128,83062,1567,66
3203,8720,83063,11128,83063,1567,66
3203,8720,83064,11128,83064,1567,66
3203,8720,83065,11128,83065,1567,66
3203,8720,83066,11128,83066,1567,66
3203,8720,83067,11128,83067,1567,66
3203,8720,83068,11128,83068,1567,66
3203,8720,83069,11128,83069,1567,66
3203,8720,83070,11128,83070,1567,66
3203,8720,83071,11128,83071,1567,66
3203,8720,83072,11128,83072,1567,66
3203,8720,83073,11128,83073,1567,66
3203,8720,83074,11128,83074,1567,66
3203,8720,83075,11128,83075,1567,66
3203,8720,83076,11128,83076,1567,66
3203,8720,83077,11128,83077,1567,66
3203,8720,83078,11128,83078,1567,66
3203,8720,83079,11128,83079,1567,66
3203,8720,83080,11128,83080,1567,66
3203,8720,83081,11128,83081,1567,66
3203,8720,83082,11128,83082,1567,66
3203,8720,83083,11128,83083,1567,66
3203,8720,83084,11128,83084,1567,66
3203,8720,83085,11128,83085,1567,66
3203,8720,83086,11128,83086,1567,66
3203,8720,83087,11128,83087,1567,66
3203,8720,83088,11128,83088,1567,66
3203,8720,83089,11128,83089,1567,66
3203,8720,83090,11128,83090,1567,66
3203,8720,83091,11128,83091,1567,66
3203,8720,83092,11128,83092,1567,66
3203,8720,83093,11128,83093,1567,66
3203,8720,83094,11128,83094,1567,66
3203,8720,83095,11128,83095,1567,66
3203,8720,83096,11128,83096,1567,66
3203,8720,83097,11128,83097,1567,66
3203,8720,83098,11128,83098,1567,66
3203,8720,83099,11128,83099,1567,66
3203,8720,83100,11128,83100,1567,66
3203,8720,83101,11128,83101,1567,66
3203,8720,83102,11128,83102,1567,66
3203,8720,83103,11128,83103,1567,66
3203,8720,83104,11128,83104,1567,66
3203,8720,83105,11128,83105,1567,66
3203,8720,83106,11128,83106,1567,66
3203,8720,83107,11128,83107,1567,66
3203,8720,83108,11128,83108,1567,66
3203,8720,83109,11128,83109,1567,66
3203,8720,83110,11128,83110,1567,66
3203,8720,83111,11128,83111,1567,66
3203,8720,83112,11128,83112,1567,66
3203,8720,83113,11128,83113,1567,66
3203,8720,83114,11128,83114,1567,66
3203,8720,83115,11128,83115,1567,66
3203,8720,83116,11128,83116,1567,66
3203,8720,83117,11128,83117,1567,66
3203,8720,83118,11128,83118,1567,66
3203,8720,83119,11128,83119,1567,66
3203,8720,83120,11128,83120,1567,66
3203,8720,83121,11128,83121,1567,66
3203,8720,83122,11128,83122,1567,66
3203,8720,83123,11128,83123,1567,66
3203,8720,83124,11128,83124,1567,66
3203,8720,83125,11128,83125,1567,66
3203,8720,83126,11128,83126,1567,66
3203,8720,83127,11128,83127,1567,66
3203,8720,83128,11128,83128,1567,66
3203,8720,83129,11128,83129,1567,66
3203,8720,83130,11128,83130,1567,66
3203,8720,83131,11128,83131,1567,66
3203,8720,83132,11128,83132,1567,66
3203,8720,83133,11128,83133,1567,66
3203,8720,83134,11128,83134,1567,66
3203,8720,83135,11128,83135,1567,66
3203,8720,83136,11128,83136,1567,66
3203,8720,83137,11128,83137,1567,66
3203,8720,83138,11128,83138,1567,66
3203,8720,83139,11128,83139,1567,66
3203,8720,83140,11128,83140,1567,66
3203,8720,83141,11128,83141,1567,66
3203,8720,83142,11128,83142,1567,66
3203,8720,83143,11128,83143,1567,66
3203,8720,83144,11128,83144,1567,66
3203,8720,83145,11128,83145,1567,66
3203,8720,83146,11128,83146,1567,66
3203,8720,83147,11128,83147,1567,66
3203,8720,83148,11128,83148,1567,66
3203,8720,83149,11128,83149,1567,66
3203,8720,83150,11128,83150,1567,66
3203,8720,83151,11128,83151,1567,66
3203,8720,83152,11128,83152,1567,66
3203,8720,83153,11128,83153,1567,66
3203,8720,83154,11128,83154,1567,66
3203,8720,83155,11128,83155,1567,66
3203,8720,83156,11128,83156,1567,66
3203,8720,83157,11128,83157,1567,66
3203,8720,83158,11128,83158,1567,66
3203,8720,83159,11128,83159,1567,66
3203,8720,83160,11128,83160,1567,66
3203,8720,83161,11128,83161,1567,66
3203,8720,83162,11128,83162,1567,66
3203,8720,83163,11128,83163,1567,66
3203,8720,83164,11128,83164,1567,66
3203,8720,83165,11128,83165,1567,66
3203,8720,83166,11128,83166,1567,66
3203,8720,83167,11128,83167,1567,66
3203,8720,83168,11128,83168,1567,66
3203,8720,83169,11128,83169,1567,66
3203,8720,83170,11128,83170,1567,66
3203,8720,83171,11128,83171,1567,66
3203,8720,83172,11128,83172,1567,66
3203,8720,83173,11128,83173,1567,66
3203,8720,83174,11128,83174,1567,66
3203,8720,83175,11128,83175,1567,66
3203,8720,83176,11128,83176,1567,66
3203,8720,83177,11128,83177,1567,66
3203,8720,83178,11128,83178,1567,66
3203,8720,83179,11128,83179,1567,66
3203,8720,83180,11128,83180,1567,66
3203,8720,83181,11128,83181,1567,66
3203,8720,83182,11128,83182,1567,66
3203,8720,83183,11128,83183,1567,66
3203,8720,83184,11128,83184,1567,66
3203,8720,83185,11128,83185,1567,66
3203,8720,83186,11128,83186,1567,66
3203,8720,83187,11128,83187,1567,66
3203,8720,83188,11128,83188,1567,66
3203,8720,83189,11128,83189,1567,66
3203,8720,83190,11128,83190,1567,66
3203,8720,83191,11128,83191,1567,66
3203,8720,83192,11128,83192,1567,66
3203,8720,83193,11128,83193,1567,66
3203,8720,83194,11128,83194,1567,66
3203,8720,83195,11128,83195,1567,66
3203,8720,83196,11128,83196,1567,66
3203,8720,83197,11128,83197,1567,66
3203,8720,83198,11128,83198,1567,66
3203,8720,83199,11128,83199,1567,66
3203,8720,83200,11128,83200,1567,66
3203,8720,83201,11128,83201,1567,66
3203,8720,83202,11128,83202,1567,66
3203,8720,83203,11128,83203,1567,66
3203,8720,83204,11128,83204,1567,66
3203,8720,83205,11128,83205,1567,66
3203,8720,83206,11128,83206,1567,66
3203,8720,83207,11128,83207,1567,66
3203,8720,83208,11128,83208,1567,66
3203,8720,83209,11128,83209,1567,66
3203,8720,83210,11128,83210,1567,66
3203,8720,83211,11128,83211,1567,66
3203,8720,83212,11128,83212,1567,66
3203,8720,83213,11128,83213,1567,66
3203,8720,83214,11128,83214,1567,66
3203,8720,83215,11128,83215,1567,66
3203,8720,83216,11128,83216,1567,66
3203,8720,83217,11128,83217,1567,66
3203,8720,83218,11128,83218,1567,66
3203,8720,83219,11128,83219,1567,66
3203,8720,83220,11128,83220,1567,66
3203,8720,83221,11128,83221,1567,66
3203,8720,83222,11128,83222,1567,66
3203,8720,83223,11128,83223,1567,66
3203,8720,83224,11128,83224,1567,66
3203,8720,83225,11128,83225,1567,66
3203,8720,83226,11128,83226,1567,66
3203,8720,83227,11128,83227,1567,66
3203,8720,83228,11128,83228,1567,66
3203,8720,83229,11128,83229,1567,66
3203,8720,83230,11128,83230,1567,66
3203,8720,83231,11128,83231,1567,66
3203,8720,83232,11128,83232,1567,66
3203,8720,83233,11128,83233,1567,66
3203,8720,83234,11128,83234,1567,66
3203,8720,83235,11128,83235,1567,66
3203,8720,83236,11128,83236,1567,66
3203,8720,83237,11128,83237,1567,66
3203,8720,83238,11128,83238,1567,66
3203,8720,83239,11128,83239,1567,66
3203,8720,83240,11128,83240,1567,66
3203,8720,83241,11128,83241,1567,66
3203,8720,83242,11128,83242,1567,66
3203,8720,83243,11128,83243,1567,66
3203,8720,83244,11128,83244,1567,66
3203,8720,83245,11128,83245,1567,66
3203,8720,83246,11128,83246,1567,66
3203,8720,83247,11128,83247,1567,66
3203,8720,83248,11128,83248,1567,66
3203,8720,83249,11128,83249,1567,66
3203,8720,83250,11128,83250,1567,66
3203,8720,83251,11128,83251,1567,66
3203,8720,83252,11128,83252,1567,66
3203,8720,83253,11128,83253,1567,66
3203,8720,83254,11128,83254,1567,66
3203,8720,83255,11128,83255,1567,66
3203,8720,83256,11128,83256,1567,66
3203,8720,83257,11128,83257,1567,66
3203,8720,83258,11128,83258,1567,66
3203,8720,83259,11128,83259,1567,66
3203,8720,83260,11128,83260,1567,66
3203,8720,83261,11128,83261,1567,66
3203,8720,83262,11128,83262,1567,66
3203,8720,83263,11128,83263,1567,66
3203,8720,83264,11128,83264,1567,66
3203,8720,83265,11128,83265,1567,66
3203,8720,83266,11128,83266,1567,66
3203,8720,83267,11128,83267,1567,66
3203,8720,83268,11128,83268,1567,66
3203,8720,83269,11128,83269,1567,66
3203,8720,83270,11128,83270,1567,66
3203,8720,83271,11128,83271,1567,66
3203,8720,83272,11128,83272,1567,66
3203,8720,83273,11128,83273,1567,66
3203,8720,83274,11128,83274,1567,66
3203,8720,83275,11128,83275,1567,66
3203,8720,83276,11128,83276,1567,66
3203,8720,83277,11128,83277,1567,66
3203,8720,83278,11128,83278,1567,66
3203,8720,83279,11128,83279,1567,66
3203,8720,83280,11128,83280,1567,66
3203,8720,83281,11128,83281,1567,66
3203,8720,83282,11128,83282,1567,66
3203,8720,83283,11128,83283,1567,66
3203,8720,83284,11128,83284,1567,66
3203,8720,83285,11128,83285,1567,66
3203,8720,83286,11128,83286,1567,66
3203,8720,83287,11128,83287,1567,66
3203,8720,83288,11128,83288,1567,66
3203,8720,83289,11128,83289,1567,66
3203,8720,83290,11128,83290,1567,66
3203,8720,83291,11128,83291,1567,66
3203,8720,83292,11128,83292,1567,66
3203,8720,83293,11128,83293,1567,66
3203,8720,83294,11128,83294,1567,66
3203,8720,83295,11128,83295,1567,66
3203,8720,83296,11128,83296,1567,66
3203,8720,83297,11128,83297,1567,66
3203,8720,83298,11128,83298,1567,66
3203,8720,83299,11128,83299,1567,66
3203,8720,83300,11128,83300,1567,66
3203,8720,83301,11128,83301,1567,66
3203,8720,83302,11128,83302,1567,66
3203,8720,83303,11128,83303,1567,66
3203,8720,83304,11128,83304,1567,66
3203,8720,83305,11128,83305,1567,66
3203,8720,83306,11128,83306,1567,66
3203,8720,83307,11128,83307,1567,66
3203,8720,83308,11128,83308,1567,66
3203,8720,83309,11128,83309,1567,66
3203,8720,83310,11128,83310,1567,66
3203,8720,83311,11128,83311,1567,66
3203,8720,83312,11128,83312,1567,66
3203,8720,83313,11128,83313,1567,66
3203,8720,83314,11128,83314,1567,66
3203,8720,83315,11128,83315,1567,66
3203,8720,83316,11128,83316,1567,66
3203,8720,83317,11128,83317,1567,66
3203,8720,83318,11128,83318,1567,66
3203,8720,83319,11128,83319,1567,66
3203,8720,83320,11128,83320,1567,66
3203,8720,83321,11128,83321,1567,66
3203,8720,83322,11128,83322,1567,66
3203,8720,83323,11128,83323,1567,66
3203,8720,83324,11128,83324,1567,66
3203,8720,83325,11128,83325,1567,66
3203,8720,83326,11128,83326,1567,66
3203,8720,83327,11128,83327,1567,66
3203,8720,83328,11128,83328,1567,66
3203,8720,83329,11128,83329,1567,66
3203,8720,83330,11128,83330,1567,66
3203,8720,83331,11128,83331,1567,66
3203,8720,83332,11128,83332,1567,66
3203,8720,83333,11128,83333,1567,66
3203,8720,83334,11128,83334,1567,66
3203,8720,83335,11128,83335,1567,66
3203,8720,83336,11128,83336,1567,66
3203,8720,83337,11128,83337,1567,66
3203,8720,83338,11128,83338,1567,66
3203,8720,83339,11128,83339,1567,66
3203,8720,83340,11128,83340,1567,66
3203,8720,83341,11128,83341,1567,66
3203,8720,83342,11128,83342,1567,66
3203,8720,83343,11128,83343,1567,66
3203,8720,83344,11128,83344,1567,66
3203,8720,83345,11128,83345,1567,66
3203,8720,83346,11128,83346,1567,66
3203,8720,83347,11128,83347,1567,66
3203,8720,83348,11128,83348,1567,66
3203,8720,83349,11128,83349,1567,66
3203,8720,83350,11128,83350,1567,66
3203,8720,83351,11128,83351,1567,66
3203,8720,83352,11128,83352,1567,66
3203,8720,83353,11128,83353,1567,66
3203,8720,83354,11128,83354,1567,66
3203,8720,83355,11128,83355,1567,66
3203,8720,83356,11128,83356,1567,66
3203,8720,83357,11128,83357,1567,66
3203,8720,83358,11128,83358,1567,66
3203,8720,83359,11128,83359,1567,66
3203,8720,83360,11128,83360,1567,66
3203,8720,83361,11128,83361,1567,66
3203,8720,83362,11128,83362,1567,66
3203,8720,83363,11128,83363,1567,66
3203,8720,83364,11128,83364,1567,66
3203,8720,83365,11128,83365,1567,66
3203,8720,83366,11128,83366,1567,66
3203,8720,83367,11128,83367,1567,66
3203,8720,83368,11128,83368,1567,66
3203,8720,83369,11128,83369,1567,66
3203,8720,83370,11128,83370,1567,66
3203,8720,83371,11128,83371,1567,66
3203,8720,83372,11128,83372,1567,66
3203,8720,83373,11128,83373,1567,66
3203,8720,83374,11128,83374,1567,66
3203,8720,83375,11128,83375,1567,66
3203,8720,83376,11128,83376,1567,66
3203,8720,83377,11128,83377,1567,66
3203,8720,83378,11128,83378,1567,66
3203,8720,83379,11128,83379,1567,66
3203,8720,83380,11128,83380,1567,66
3203,8720,83381,11128,83381,1567,66
3202,8720,83382,11128,83382,1567,65
3202,8720,83383,11128,83383,1567,65
3202,8720,83384,11128,83384,1567,65
3202,8720,83385,11128,83385,1567,65
3202,8720,83386,11128,83386,1567,65
3202,8720,83387,11128,83387,1567,65
3202,8720,83388,11128,83388,1567,65
3202,8720,83389,11128,83389,1567,65
3202,8720,83390,11128,83390,1567,65
3202,8720,83391,11128,83391,1567,65
3202,8720,83392,11128,83392,1567,65
3202,8720,83393,11128,83393,1567,65
3202,8720,83394,11128,83394,1567,65
3202,8720,83395,11128,83395,1567,65
3202,8720,83396,11128,83396,1567,65
3202,8720,83397,11128,83397,1567,65
3202,8720,83398,11128,83398,1567,65
3202,8720,83399,11128,83399,1567,65
3202,8720,83400,11128,83400,1567,65
3202,8720,83401,11128,83401,1567,65
3202,8720,83402,11128,83402,1567,65
3202,8720,83403,11128,83403,1567,65
3202,8720,83404,11128,83404,1567,65
3202,8720,83405,11128,83405,1567,65
3202,8720,83406,11128,83406,1567,65
3202,8720,83407,11128,83407,1567,65
3202,8720,83408,11128,83408,1567,65
3202,8720,83409,11128,83409,1567,65
3202,8720,83410,11128,83410,1567,65
3202,8720,83411,11128,83411,1567,65
3202,8720,83412,11128,83412,1567,65
3202,8720,83413,11128,83413,1567,65
3202,8720,83414,11128,83414,1567,65
3202,8720,83415,11128,83415,1567,65
3202,8720,83416,11128,83416,1567,65
3202,8720,83417,11128,83417,1567,65
3202,8720,83418,11128,83418,1567,65
3202,8720,83419,11128,83419,1567,65
3202,8720,83420,11128,83420,1567,65
3202,8720,83421,11128,83421,1567,65
3202,8720,83422,11128,83422,1567,65
3202,8720,83423,11128,83423,1567,65
3202,8720,83424,11128,83424,1567,65
3202,8720,83425,11128,83425,1567,65
3202,8720,83426,11128,83426,1567,65
3202,8720,83427,11128,83427,1567,65
3202,8720,83428,11128,83428,1567,65
3202,8720,83429,11128,83429,1567,65
3202,8720,83430,11128,83430,1567,65
3202,8720,83431,11128,83431,1567,65
3202,8720,83432,11128,83432,1567,65
3202,8720,83433,11128,83433,1567,65
3202,8720,83434,11128,83434,1567,65
3202,8720,83435,11128,83435,1567,65
3202,8720,83436,11128,83436,1567,65
3202,8720,83437,11128,83437,1567,65
3202,8720,83438,11128,83438,1567,65
3202,8720,83439,11128,83439,1567,65
3202,8720,83440,11128,83440,1567,65
3202,8720,83441,11128,83441,1567,65
3202,8720,83442,11128,83442,1567,65
3202,8720,83443,11128,83443,1567,65
3202,8720,83444,11128,83444,1567,65
3202,8720,83445,11128,83445,1567,65
3202,8720,83446,11128,83446,1567,65
3202,8720,83447,11128,83447,1567,65
3202,8720,83448,11128,83448,1567,65
3202,8720,83449,11128,83449,1567,65
3202,8720,83450,11128,83450,1567,65
3202,8720,83451,11128,83451,1567,65
3202,8720,83452,11128,83452,1567,65
3202,8720,83453,11128,83453,1567,65
3202,8720,83454,11128,83454,1567,65
3202,8720,83455,11128,83455,1567,65
3202,8720,83456,11128,83456,1567,65
3202,8720,83457,11128,83457,1567,65
3202,8720,83458,11128,83458,1567,65
3202,8720,83459,11128,83459,1567,65
3202,8720,83460,11128,83460,1567,65
3202,8720,83461,11128,83461,1567,65
3202,8720,83462,11128,83462,1567,65
3202,8720,83463,11128,83463,1567,65
3202,8720,83464,11128,83464,1567,65
3202,8720,83465,11128,83465,1567,65
3202,8720,83466,11128,83466,1567,65
3202,8720,83467,11128,83467,1567,65
3202,8720,83468,11128,83468,1567,65
3202,8720,83469,11128,83469,1567,65
3202,8720,83470,11128,83470,1567,65
3202,8720,83471,11128,83471,1567,65
3202,8720,83472,11128,83472,1567,65
3202,8720,83473,11128,83473,1567,65
3202,8720,83474,11128,83474,1567,65
3202,8720,83475,11128,83475,1567,65
3202,8720,83476,11128,83476,1567,65
3202,8720,83477,11128,83477,1567,65
3202,8720,83478,11128,83478,1567,65
3202,8720,83479,11128,83479,1567,65
3202,8720,83480,11128,83480,1567,65
3202,8720,83481,11128,83481,1567,65
3202,8720,83482,11128,83482,1567,65
3202,8720,83483,11128,83483,1567,65
3202,8720,83484,11128,83484,1567,65
3202,8720,83485,11128,83485,1567,65
3202,8720,83486,11128,83486,1567,65
3202,8720,83487,11128,83487,1567,65
3202,8720,83488,11128,83488,1567,65
3202,8720,83489,11128,83489,1567,65
3202,8720,83490,11128,83490,1567,65
3202,8720,83491,11128,83491,1567,65
3202,8720,83492,11128,83492,1567,65
3202,8720,83493,11128,83493,1567,65
3202,8720,83494,11128,83494,1567,65
3202,8720,83495,11128,83495,1567,65
3202,8720,83496,11128,83496,1567,65
3202,8720,83497,11128,83497,1567,65
3202,8720,83498,11128,83498,1567,65
3202,8720,83499,11128,83499,1567,65
3202,8720,83500,11128,83500,1567,65
3202,8720,83501,11128,83501,1567,65
3202,8720,83502,11128,83502,1567,65
3202,8720,83503,11128,83503,1567,65
3202,8720,83504,11128,83504,1567,65
3202,8720,83505,11128,83505,1567,65
3202,8720,83506,11128,83506,1567,65
3202,8720,83507,11128,83507,1567,65
3202,8720,83508,11128,83508,1567,65
3202,8720,83509,11128,83509,1567,65
3202,8720,83510,11128,83510,1567,65
3202,8720,83511,11128,83511,1567,65
3202,8720,83512,11128,83512,1567,65
3202,8720,83513,11128,83513,1567,65
3202,8720,83514,11128,83514,1567,65
3202,8720,83515,11128,83515,1567,65
3202,8720,83516,11128,83516,1567,65
3202,8720,83517,11128,83517,1567,65
3202,8720,83518,11128,83518,1567,65
3202,8720,83519,11128,83519,1567,65
3202,8720,83520,11128,83520,1567,65
3202,8720,83521,11128,83521,1567,65
3202,8720,83522,11128,83522,1567,65
3202,8720,83523,11128,83523,1567,65
3202,8720,83524,11128,83524,1567,65
3202,8720,83525,11128,83525,1567,65
3202,8720,83526,11128,83526,1567,65
3202,8720,83527,11128,83527,1567,65
3202,8720,83528,11128,83528,1567,65
3202,8720,83529,11128,83529,1567,65
3202,8720,83530,11128,83530,1567,65
3202,8720,83531,11128,83531,1567,65
3202,8720,83532,11128,83532,1567,65
3202,8720,83533,11128,83533,1567,65
3202,8720,83534,11128,83534,1567,65
3202,8720,83535,11128,83535,1567,65
3202,8720,83536,11128,83536,1567,65
3202,8720,83537,11128,83537,1567,65
3202,8720,83538,11128,83538,1567,65
3202,8720,83539,11128,83539,1567,65
3202,8720,83540,11128,83540,1567,65
3202,8720,83541,11128,83541,1567,65
3202,8720,83542,11128,83542,1567,65
3202,8720,83543,11128,83543,1567,65
3202,8720,83544,11128,83544,1567,65
3202,8720,83545,11128,83545,1567,65
3202,8720,83546,11128,83546,1567,65
3202,8720,83547,11128,83547,1567,65
3202,8720,83548,11128,83548,1567,65
3202,8720,83549,11128,83549,1567,65
3202,8720,83550,11128,83550,1567,65
3202,8720,83551,11128,83551,1567,65
3202,8720,83552,11128,83552,1567,65
3202,8720,83553,11128,83553,1567,65
3202,8720,83554,11128,83554,1567,65
3202,8720,83555,11128,83555,1567,65
3202,8720,83556,11128,83556,1567,65
3202,8720,83557,11128,83557,1567,65
3202,8720,83558,11128,83558,1567,65
3202,8720,83559,11128,83559,1567,65
3202,8720,83560,11128,83560,1567,65
3202,8720,83561,11128,83561,1567,65
3202,8720,83562,11128,83562,1567,65
3202,8720,83563,11128,83563,1567,65
3202,8720,83564,11128,83564,1567,65
3202,8720,83565,11128,83565,1567,65
3202,8720,83566,11128,83566,1567,65
3202,8720,83567,11128,83567,1567,65
3202,8720,83568,11128,83568,1567,65
3202,8720,83569,11128,83569,1567,65
3202,8720,83570,11128,83570,1567,65
3202,8720,83571,11128,83571,1567,65
3202,8720,83572,11128,83572,1567,65
3202,8720,83573,11128,83573,1567,65
3202,8720,83574,11128,83574,1567,65
3202,8720,83575,11128,83575,1567,65
3202,8720,83576,11128,83576,1567,65
3202,8720,83577,11128,83577,1567,65
3202,8720,83578,11128,83578,1567,65
3202,8720,83579,11128,83579,1567,65
3202,8720,83580,11128,83580,1567,65
3202,8720,83581,11128,83581,1567,65
3202,8720,83582,11128,83582,1567,65
3202,8720,83583,11128,83583,1567,65
3202,8720,83584,11128,83584,1567,65
3202,8720,83585,11128,83585,1567,65
3202,8720,83586,11128,83586,1567,65
3202,8720,83587,11128,83587,1567,65
3202,8720,83588,11128,83588,1567,65
3202,8720,83589,11128,83589,1567,65
3202,8720,83590,11128,83590,1567,65
3202,8720,83591,11128,83591,1567,65
3202,8720,83592,11128,83592,1567,65
3202,8720,83593,11128,83593,1567,65
3202,8720,83594,11128,83594,1567,65
3202,8720,83595,11128,83595,1567,65
3202,8720,83596,11128,83596,1567,65
3202,8720,83597,11128,83597,1567,65
3202,8720,83598,11128,83598,1567,65
3202,8720,83599,11128,83599,1567,65
3202,8720,83600,11128,83600,1567,65
3202,8720,83601,11128,83601,1567,65
3202,8720,83602,11128,83602,1567,65
3202,8720,83603,11128,83603,1567,65
3202,8720,83604,11128,83604,1567,65
3202,8720,83605,11128,83605,1567,65
3202,8720,83606,11128,83606,1567,65
3202,8720,83607,11128,83607,1567,65
3202,8720,83608,11128,83608,1567,65
3202,8720,83609,11128,83609,1567,65
3202,8720,83610,11128,83610,1567,65
3202,8720,83611,11128,83611,1567,65
3202,8720,83612,11128,83612,1567,65
3202,8720,83613,11128,83613,1567,65
3202,8720,83614,11128,83614,1567,65
3202,8720,83615,11128,83615,1567,65
3202,8720,83616,11128,83616,1567,65
3202,8720,83617,11128,83617,1567,65
3202,8720,83618,11128,83618,1567,65
3202,8720,83619,11128,83619,1567,65
3202,8720,83620,11128,83620,1567,65
3202,8720,83621,11128,83621,1567,65
3202,8720,83622,11128,83622,1567,65
3202,8720,83623,11128,83623,1567,65
3202,8720,83624,11128,83624,1567,65
3202,8720,83625,11128,83625,1567,65
3202,8720,83626,11128,83626,1567,65
3202,8720,83627,11128,83627,1567,65
3202,8720,83628,11128,83628,1567,65
3202,8720,83629,11128,83629,1567,65
3202,8720,83630,11128,83630,1567,65
3202,8720,83631,11128,83631,1567,65
3202,8720,83632,11128,83632,1567,65
3202,8720,83633,11128,83633,1567,65
3202,8720,83634,11128,83634,1567,65
3202,8720,83635,11128,83635,1567,65
3202,8720,83636,11128,83636,1567,65
3202,8720,83637,11128,83637,1567,65
3202,8720,83638,11128,83638,1567,65
3202,8720,83639,11128,83639,1567,65
3202,8720,83640,11128,83640,1567,65
3202,8720,83641,11128,83641,1567,65
3202,8720,83642,11128,83642,1567,65
3202,8720,83643,11128,83643,1567,65
3202,8720,83644,11128,83644,1567,65
3202,8720,83645,11128,83645,1567,65
3202,8720,83646,11128,83646,1567,65
3202,8720,83647,11128,83647,1567,65
3202,8720,83648,11128,83648,1567,65
3202,8720,83649,11128,83649,1567,65
3202,8720,83650,11128,83650,1567,65
3202,8720,83651,11128,83651,1567,65
3202,8720,83652,11128,83652,1567,65
3202,8720,83653,11128,83653,1567,65
3202,8720,83654,11128,83654,1567,65
3202,8720,83655,11128,83655,1567,65
3202,8720,83656,11128,83656,1567,65
3202,8720,83657,11128,83657,1567,65
3202,8720,83658,11128,83658,1567,65
3202,8720,83659,11128,83659,1567,65
3202,8720,83660,11128,83660,1567,65
3202,8720,83661,11128,83661,1567,65
3202,8720,83662,11128,83662,1567,65
3202,8720,83663,11128,83663,1567,65
3202,8720,83664,11128,83664,1567,65
3202,8720,83665,11128,83665,1567,65
3202,8720,83666,11128,83666,1567,65
3202,8720,83667,11128,83667,1567,65
3202,8720,83668,11128,83668,1567,65
3202,8720,83669,11128,83669,1567,65
3202,8720,83670,11128,83670,1567,65
3202,8720,83671,11128,83671,1567,65
3202,8720,83672,11128,83672,1567,65
3202,8720,83673,11128,83673,1567,65
3202,8720,83674,11128,83674,1567,65
3202,8720,83675,11128,83675,1567,65
3202,8720,83676,11128,83676,1567,65
3202,8720,83677,11128,83677,1567,65
3202,8720,83678,11128,83678,1567,65
3202,8720,83679,11128,83679,1567,65
3202,8720,83680,11128,83680,1567,65
3202,8720,83681,11128,83681,1567,65
3202,8720,83682,11128,83682,1567,65
3202,8720,83683,11128,83683,1567,65
3202,8720,83684,11128,83684,1567,65
3202,8720,83685,11128,83685,1567,65
3202,8720,83686,11128,83686,1567,65
3202,8720,83687,11128,83687,1567,65
3202,8720,83688,11128,83688,1567,65
3202,8720,83689,11128,83689,1567,65
3202,8720,83690,11128,83690,1567,65
3202,8720,83691,11128,83691,1567,65
3202,8720,83692,11128,83692,1567,65
3202,8720,83693,11128,83693,1567,65
3202,8720,83694,11128,83694,1567,65
3202,8720,83695,11128,83695,1567,65
3202,8720,83696,11128,83696,1567,65
3202,8720,83697,11128,83697,1567,65
3202,8720,83698,11128,83698,1567,65
3202,8720,83699,11128,83699,1567,65
3202,8720,83700,11128,83700,1567,65
3202,8720,83701,11128,83701,1567,65
3202,8720,83702,11128,83702,1567,65
3202,8720,83703,11128,83703,1567,65
3202,8720,83704,11128,83704,1567,65
3202,8720,83705,11128,83705,1567,65
3202,8720,83706,11128,83706,1567,65
3202,8720,83707,11128,83707,1567,65
3202,8720,83708,11128,83708,1567,65
3202,8720,83709,11128,83709,1567,65
3202,8720,83710,11128,83710,1567,65
3202,8720,83711,11128,83711,1567,65
3202,8720,83712,11128,83712,1567,65
3202,8720,83713,11128,83713,1567,65
3202,8720,83714,11128,83714,1567,65
3202,8720,83715,11128,83715,1567,65
3202,8720,83716,11128,83716,1567,65
3202,8720,83717,11128,83717,1567,65
3202,8720,83718,11128,83718,1567,65
3202,8720,83719,11128,83719,1567,65
3202,8720,83720,11128,83720,1567,65
3202,8720,83721,11128,83721,1567,65
3202,8720,83722,11128,83722,1567,65
3202,8720,83723,11128,83723,1567,65
3202,8720,83724,11128,83724,1567,65
3202,8720,83725,11128,83725,1567,65
3202,8720,83726,11128,83726,1567,65
3202,8720,83727,11128,83727,1567,65
3202,8720,83728,11128,83728,1567,65
3202,8720,83729,11128,83729,1567,65
3202,8720,83730,11128,83730,1567,65
3202,8720,83731,11128,83731,1567,65
3202,8720,83732,11128,83732,1567,65
3202,8720,83733,11128,83733,1567,65
3202,8720,83734,11128,83734,1567,65
3202,8720,83735,11128,83735,1567,65
3202,8720,83736,11128,83736,1567,65
3202,8720,83737,11128,83737,1567,65
3202,8720,83738,11128,83738,1567,65
3202,8720,83739,11128,83739,1567,65
3202,8720,83740,11128,83740,1567,65
3202,8720,83741,11128,83741,1567,65
3202,8720,83742,11128,83742,1567,65
3202,8720,83743,11128,83743,1567,65
3202,8720,83744,11128,83744,1567,65
3202,8720,83745,11128,83745,1567,65
3202,8720,83746,11128,83746,1567,65
3202,8720,83747,11128,83747,1567,65
3202,8720,83748,11128,83748,1567,65
3202,8720,83749,11128,83749,1567,65
3202,8720,83750,11128,83750,1567,65
3202,8720,83751,11128,83751,1567,65
3202,8720,83752,11128,83752,1567,65
3202,8720,83753,11128,83753,1567,65
3202,8720,83754,11128,83754,1567,65
3202,8720,83755,11128,83755,1567,65
3202,8720,83756,11128,83756,1567,65
3202,8720,83757,11128,83757,1567,65
3202,8720,83758,11128,83758,1567,65
3202,8720,83759,11128,83759,1567,65
3202,8720,83760,11128,83760,1567,65
3202,8720,83761,11128,83761,1567,65
3202,8720,83762,11128,83762,1567,65
3202,8720,83763,11128,83763,1567,65
3202,8720,83764,11128,83764,1567,65
3202,8720,83765,11128,83765,1567,65
3202,8720,83766,11128,83766,1567,65
3202,8720,83767,11128,83767,1567,65
3202,8720,83768,11128,83768,1567,65
3202,8720,83769,11128,83769,1567,65
3202,8720,83770,11128,83770,1567,65
3202,8720,83771,11128,83771,1567,65
3202,8720,83772,11128,83772,1567,65
3202,8720,83773,11128,83773,1567,65
3202,8720,83774,11128,83774,1567,65
3202,8720,83775,11128,83775,1567,65
3202,8720,83776,11128,83776,1567,65
3202,8720,83777,11128,83777,1567,65
3202,8720,83778,11128,83778,1567,65
3202,8720,83779,11128,83779,1567,65
3202,8720,83780,11128,83780,1567,65
3202,8720,83781,11128,83781,1567,65
3202,8720,83782,11128,83782,1567,65
3202,8720,83783,11128,83783,1567,65
3202,8720,83784,11128,83784,1567,65
3202,8720,83785,11128,83785,1567,65
3202,8720,83786,11128,83786,1567,65
3202,8720,83787,11128,83787,1567,65
3202,8720,83788,11128,83788,1567,65
3202,8720,83789,11128,83789,1567,65
3202,8720,83790,11128,83790,1567,65
3202,8720,83791,11128,83791,1567,65
3202,8720,83792,11128,83792,1567,65
3202,8720,83793,11128,83793,1567,65
3202,8720,83794,11128,83794,1567,65
3202,8720,83795,11128,83795,1567,65
3202,8720,83796,11128,83796,1567,65
3202,8720,83797,11128,83797,1567,65
3202,8720,83798,11128,83798,1567,65
3202,8720,83799,11128,83799,1567,65
3202,8720,83800,11128,83800,1567,65
3202,8720,83801,11128,83801,1567,65
3202,8720,83802,11128,83802,1567,65
3202,8720,83803,11128,83803,1567,65
3202,8720,83804,11128,83804,1567,65
3202,8720,83805,11128,83805,1567,65
3202,8720,83806,11128,83806,1567,65
3202,8720,83807,11128,83807,1567,65
3202,8720,83808,11128,83808,1567,65
3202,8720,83809,11128,83809,1567,65
3202,8720,83810,11128,83810,1567,65
3202,8720,83811,11128,83811,1567,65
3202,8720,83812,11128,83812,1567,65
3202,8720,83813,11128,83813,1567,65
3202,8720,83814,11128,83814,1567,65
3202,8720,83815,11128,83815,1567,65
3202,8720,83816,11128,83816,1567,65
3202,8720,83817,11128,83817,1567,65
3202,8720,83818,11128,83818,1567,65
3202,8720,83819,11128,83819,1567,65
3202,8720,83820,11128,83820,1567,65
3202,8720,83821,11128,83821,1567,65
3202,8720,83822,11128,83822,1567,65
3202,8720,83823,11128,83823,1567,65
3202,8720,83824,11128,83824,1567,65
3202,8720,83825,11128,83825,1567,65
3202,8720,83826,11128,83826,1567,65
3202,8720,83827,11128,83827,1567,65
3202,8720,83828,11128,83828,1567,65
3202,8720,83829,11128,83829,1567,65
3202,8720,83830,11128,83830,1567,65
3202,8720,83831,11128,83831,1567,65
3202,8720,83832,11128,83832,1567,65
3202,8720,83833,11128,83833,1567,65
3202,8720,83834,11128,83834,1567,65
3202,8720,83835,11128,83835,1567,65
3202,8720,83836,11128,83836,1567,65
3202,8720,83837,11128,83837,1567,65
3202,8720,83838,11128,83838,1567,65
3202,8720,83839,11128,83839,1567,65
3202,8720,83840,11128,83840,1567,65
3202,8720,83841,11128,83841,1567,65
3202,8720,83842,11128,83842,1567,65
3202,8720,83843,11128,83843,1567,65
3202,8720,83844,11128,83844,1567,65
3202,8720,83845,11128,83845,1567,65
3202,8720,83846,11128,83846,1567,65
3202,8720,83847,11128,83847,1567,65
3202,8720,83848,11128,83848,1567,65
3202,8720,83849,11128,83849,1567,65
3202,8720,83850,11128,83850,1567,65
3202,8720,83851,11128,83851,1567,65
3202,8720,83852,11128,83852,1567,65
3202,8720,83853,11128,83853,1567,65
3202,8720,83854,11128,83854,1567,65
3202,8720,83855,11128,83855,1567,65
3202,8720,83856,11128,83856,1567,65
3202,8720,83857,11128,83857,1567,65
3202,8720,83858,11128,83858,1567,65
3202,8720,83859,11128,83859,1567,65
3202,8720,83860,11128,83860,1567,65
3202,8720,83861,11128,83861,1567,65
3202,8720,83862,11128,83862,1567,65
3202,8720,83863,11128,83863,1567,65
3202,8720,83864,11128,83864,1567,65
3202,8720,83865,11128,83865,1567,65
3202,8720,83866,11128,83866,1567,65
3202,8720,83867,11128,83867,1567,65
3202,8720,83868,11128,83868,1567,65
3202,8720,83869,11128,83869,1567,65
3202,8720,83870,11128,83870,1567,65
3202,8720,83871,11128,83871,1567,65
3202,8720,83872,11128,83872,1567,65
3202,8720,83873,11128,83873,1567,65
3202,8720,83874,11128,83874,1567,65
3202,8720,83875,11128,83875,1567,65
3202,8720,83876,11128,83876,1567,65
3202,8720,83877,11128,83877,1567,65
3202,8720,83878,11128,83878,1567,65
3202,8720,83879,11128,83879,1567,65
3202,8720,83880,11128,83880,1567,65
3202,8720,83881,11128,83881,1567,65
3202,8720,83882,11128,83882,1567,65
3202,8720,83883,11128,83883,1567,65
3202,8720,83884,11128,83884,1567,65
3202,8720,83885,11128,83885,1567,65
3202,8720,83886,11128,83886,1567,65
3202,8720,83887,11128,83887,1567,65
3202,8720,83888,11128,83888,1567,65
3202,8720,83889,11128,83889,1567,65
3202,8720,83890,11128,83890,1567,65
3202,8720,83891,11128,83891,1567,65
3202,8720,83892,11128,83892,1567,65
3202,8720,83893,11128,83893,1567,65
3202,8720,83894,11128,83894,1567,65
3202,8720,83895,11128,83895,1567,65
3202,8720,83896,11128,83896,1567,65
3202,8720,83897,11128,83897,1567,65
3202,8720,83898,11128,83898,1567,65
3202,8720,83899,11128,83899,1567,65
3202,8720,83900,11128,83900,1567,65
3202,8720,83901,11128,83901,1567,65
3202,8720,83902,11128,83902,1567,65
3202,8720,83903,11128,83903,1567,65
3202,8720,83904,11128,83904,1567,65
3202,8720,83905,11128,83905,1567,65
3202,8720,83906,11128,83906,1567,65
3202,8720,83907,11128,83907,1567,65
3202,8720,83908,11128,83908,1567,65
3202,8720,83909,11128,83909,1567,65
3202,8720,83910,11128,83910,1567,65
3202,8720,83911,11128,83911,1567,65
3202,8720,83912,11128,83912,1567,65
3202,8720,83913,11128,83913,1567,65
3202,8720,83914,11128,83914,1567,65
3202,8720,83915,11128,83915,1567,65
3202,8720,83916,11128,83916,1567,65
3202,8720,83917,11128,83917,1567,65
3202,8720,83918,11128,83918,1567,65
3202,8720,83919,11128,83919,1567,65
3202,8720,83920,11128,83920,1567,65
3202,8720,83921,11128,83921,1567,65
3202,8720,83922,11128,83922,1567,65
3202,8720,83923,11128,83923,1567,65
3202,8720,83924,11128,83924,1567,65
3202,8720,83925,11128,83925,1567,65
3202,8720,83926,11128,83926,1567,65
3202,8720,83927,11128,83927,1567,65
3202,8720,83928,11128,83928,1567,65
3202,8720,83929,11128,83929,1567,65
3202,8720,83930,11128,83930,1567,65
3202,8720,83931,11128,83931,1567,65
3202,8720,83932,11128,83932,1567,65
3202,8720,83933,11128,83933,1567,65
3202,8720,83934,11128,83934,1567,65
3202,8720,83935,11128,83935,1567,65
3202,8720,83936,11128,83936,1567,65
3202,8720,83937,11128,83937,1567,65
3202,8720,83938,11128,83938,1567,65
3202,8720,83939,11128,83939,1567,65
3202,8720,83940,11128,83940,1567,65
3202,8720,83941,11128,83941,1567,65
3202,8720,83942,11128,83942,1567,65
3202,8720,83943,11128,83943,1567,65
3202,8720,83944,11128,83944,1567,65
3202,8720,83945,11128,83945,1567,65
3202,8720,83946,11128,83946,1567,65
3202,8720,83947,11128,83947,1567,65
3202,8720,83948,11128,83948,1567,65
3202,8720,83949,11128,83949,1567,65
3202,8720,83950,11128,83950,1567,65
3202,8720,83951,11128,83951,1567,65
3202,8720,83952,11128,83952,1567,65
3202,8720,83953,11128,83953,1567,65
3202,8720,83954,11128,83954,1567,65
3202,8720,83955,11128,83955,1567,65
3202,8720,83956,11128,83956,1567,65
3202,8720,83957,11128,83957,1567,65
3202,8720,83958,11128,83958,1567,65
3202,8720,83959,11128,83959,1567,65
3202,8720,83960,11128,83960,1567,65
3202,8720,83961,11128,83961,1567,65
3202,8720,83962,11128,83962,1567,65
3202,8720,83963,11128,83963,1567,65
3202,8720,83964,11128,83964,1567,65
3202,8720,83965,11128,83965,1567,65
3202,8720,83966,11128,83966,1567,65
3202,8720,83967,11128,83967,1567,65
3202,8720,83968,11128,83968,1567,65
3202,8720,83969,11128,83969,1567,65
3202,8720,83970,11128,83970,1567,65
3202,8720,83971,11128,83971,1567,65
3202,8720,83972,11128,83972,1567,65
3202,8720,83973,11128,83973,1567,65
3202,8720,83974,11128,83974,1567,65
3202,8720,83975,11128,83975,1567,65
3202,8720,83976,11128,83976,1567,65
3202,8720,83977,11128,83977,1567,65
3202,8720,83978,11128,83978,1567,65
3202,8720,83979,11128,83979,1567,65
3202,8720,83980,11128,83980,1567,65
3202,8720,83981,11128,83981,1567,65
3202,8720,83982,11128,83982,1567,65
3202,8720,83983,11128,83983,1567,65
3202,8720,83984,11128,83984,1567,65
3202,8720,83985,11128,83985,1567,65
3202,8720,83986,11128,83986,1567,65
3202,8720,83987,11128,83987,1567,65
3202,8720,83988,11128,83988,1567,65
3202,8720,83989,11128,83989,1567,65
3202,8720,83990,11128,83990,1567,65
3202,8720,83991,11128,83991,1567,65
3202,8720,83992,11128,83992,1567,65
3202,8720,83993,11128,83993,1567,65
3202,8720,83994,11128,83994,1567,65
3202,8720,83995,11128,83995,1567,65
3202,8720,83996,11128,83996,1567,65
3202,8720,83997,11128,83997,1567,65
3202,8720,83998,11128,83998,1567,65
3202,8720,83999,11128,83999,1567,65
3202,8720,84000,11128,84000,1567,65
3202,8720,84001,11128,84001,1567,65
3202,8720,84002,11128,84002,1567,65
3202,8720,84003,11128,84003,1567,65
3202,8720,84004,11128,84004,1567,65
3202,8720,84005,11128,84005,1567,65
3202,8720,84006,11128,84006,1567,65
3202,8720,84007,11128,84007,1567,65
3202,8720,84008,11128,84008,1567,65
3202,8720,84009,11128,84009,1567,65
3202,8720,84010,11128,84010,1567,65
3202,8720,84011,11128,84011,1567,65
3202,8720,84012,11128,84012,1567,65
3202,8720,84013,11128,84013,1567,65
3202,8720,84014,11128,84014,1567,65
3202,8720,84015,11128,84015,1567,65
3202,8720,84016,11128,84016,1567,65
3202,8720,84017,11128,84017,1567,65
3202,8720,84018,11128,84018,1567,65
3202,8720,84019,11128,84019,1567,65
3202,8720,84020,11128,84020,1567,65
3202,8720,84021,11128,84021,1567,65
3202,8720,84022,11128,84022,1567,65
3202,8720,84023,11128,84023,1567,65
3202,8720,84024,11128,84024,1567,65
3202,8720,84025,11128,84025,1567,65
3202,8720,84026,11128,84026,1567,65
3202,8720,84027,11128,84027,1567,65
3202,8720,84028,11128,84028,1567,65
3202,8720,84029,11128,84029,1567,65
3202,8720,84030,11128,84030,1567,65
3202,8720,84031,11128,84031,1567,65
3202,8720,84032,11128,84032,1567,65
3202,8720,84033,11128,84033,1567,65
3202,8720,84034,11128,84034,1567,65
3202,8720,84035,11128,84035,1567,65
3202,8720,84036,11128,84036,1567,65
3202,8720,84037,11128,84037,1567,65
3202,8720,84038,11128,84038,1567,65
3202,8720,84039,11128,84039,1567,65
3202,8720,84040,11128,84040,1567,65
3202,8720,84041,11128,84041,1567,65
3202,8720,84042,11128,84042,1567,65
3202,8720,84043,11128,84043,1567,65
3202,8720,84044,11128,84044,1567,65
3202,8720,84045,11128,84045,1567,65
3202,8720,84046,11128,84046,1567,65
3202,8720,84047,11128,84047,1567,65
3202,8720,84048,11128,84048,1567,65
3202,8720,84049,11128,84049,1567,65
3202,8720,84050,11128,84050,1567,65
3202,8720,84051,11128,84051,1567,65
3202,8720,84052,11128,84052,1567,65
3202,8720,84053,11128,84053,1567,65
3202,8720,84054,11128,84054,1567,65
3202,8720,84055,11128,84055,1567,65
3202,8720,84056,11128,84056,1567,65
3202,8720,84057,11128,84057,1567,65
3202,8720,84058,11128,84058,1567,65
3202,8720,84059,11128,84059,1567,65
3202,8720,84060,11128,84060,1567,65
3202,8720,84061,11128,84061,1567,65
3202,8720,84062,11128,84062,1567,65
3202,8720,84063,11128,84063,1567,65
3202,8720,84064,11128,84064,1567,65
3202,8720,84065,11128,84065,1567,65
3202,8720,84066,11128,84066,1567,65
3202,8720,84067,11128,84067,1567,65
3202,8720,84068,11128,84068,1567,65
3202,8720,84069,11128,84069,1567,65
3202,8720,84070,11128,84070,1567,65
3202,8720,84071,11128,84071,1567,65
3202,8720,84072,11128,84072,1567,65
3202,8720,84073,11128,84073,1567,65
3202,8720,84074,11128,84074,1567,65
3202,8720,84075,11128,84075,1567,65
3202,8720,84076,11128,84076,1567,65
3202,8720,84077,11128,84077,1567,65
3202,8720,84078,11128,84078,1567,65
3202,8720,84079,11128,84079,1567,65
3202,8720,84080,11128,84080,1567,65
3202,8720,84081,11128,84081,1567,65
3202,8720,84082,11128,84082,1567,65
3202,8720,84083,11128,84083,1567,65
3202,8720,84084,11128,84084,1567,65
3202,8720,84085,11128,84085,1567,65
3202,8720,84086,11128,84086,1567,65
3202,8720,84087,11128,84087,1567,65
3202,8720,84088,11128,84088,1567,65
3202,8720,84089,11128,84089,1567,65
3202,8720,84090,11128,84090,1567,65
3202,8720,84091,11128,84091,1567,65
3202,8720,84092,11128,84092,1567,65
3202,8720,84093,11128,84093,1567,65
3202,8720,84094,11128,84094,1567,65
3202,8720,84095,11128,84095,1567,65
3202,8720,84096,11128,84096,1567,65
3202,8720,84097,11128,84097,1567,65
3202,8720,84098,11128,84098,1567,65
3202,8720,84099,11128,84099,1567,65
3202,8720,84100,11128,84100,1567,65
3202,8720,84101,11128,84101,1567,65
3202,8720,84102,11128,84102,1567,65
3202,8720,84103,11128,84103,1567,65
3202,8720,84104,11128,84104,1567,65
3202,8720,84105,11128,84105,1567,65
3202,8720,84106,11128,84106,1567,65
3202,8720,84107,11128,84107,1567,65
3202,8720,84108,11128,84108,1567,65
3202,8720,84109,11128,84109,1567,65
3202,8720,84110,11128,84110,1567,65
3202,8720,84111,11128,84111,1567,65
3202,8720,84112,11128,84112,1567,65
3202,8720,84113,11128,84113,1567,65
3202,8720,84114,11128,84114,1567,65
3202,8720,84115,11128,84115,1567,65
3202,8720,84116,11128,84116,1567,65
3202,8720,84117,11128,84117,1567,65
3202,8720,84118,11128,84118,1567,65
3202,8720,84119,11128,84119,1567,65
3202,8720,84120,11128,84120,1567,65
3202,8720,84121,11128,84121,1567,65
3202,8720,84122,11128,84122,1567,65
3202,8720,84123,11128,84123,1567,65
3202,8720,84124,11128,84124,1567,65
3202,8720,84125,11128,84125,1567,65
3202,8720,84126,11128,84126,1567,65
3202,8720,84127,11128,84127,1567,65
3202,8720,84128,11128,84128,1567,65
3202,8720,84129,11128,84129,1567,65
3202,8720,84130,11128,84130,1567,65
3202,8720,84131,11128,84131,1567,65
3202,8720,84132,11128,84132,1567,65
3202,8720,84133,11128,84133,1567,65
3202,8720,84134,11128,84134,1567,65
3202,8720,84135,11128,84135,1567,65
3202,8720,84136,11128,84136,1567,65
3202,8720,84137,11128,84137,1567,65
3202,8720,84138,11128,84138,1567,65
3202,8720,84139,11128,84139,1567,65
3202,8720,84140,11128,84140,1567,65
3202,8720,84141,11128,84141,1567,65
3202,8720,84142,11128,84142,1567,65
3202,8720,84143,11128,84143,1567,65
3202,8720,84144,11128,84144,1567,65
3202,8720,84145,11128,84145,1567,65
3202,8720,84146,11128,84146,1567,65
3202,8720,84147,11128,84147,1567,65
3202,8720,84148,11128,84148,1567,65
3202,8720,84149,11128,84149,1567,65
3202,8720,84150,11128,84150,1567,65
3202,8720,84151,11128,84151,1567,65
3202,8720,84152,11128,84152,1567,65
3202,8720,84153,11128,84153,1567,65
3202,8720,84154,11128,84154,1567,65
3202,8720,84155,11128,84155,1567,65
3202,8720,84156,11128,84156,1567,65
3202,8720,84157,11128,84157,1567,65
3202,8720,84158,11128,84158,1567,65
3202,8720,84159,11128,84159,1567,65
3202,8720,84160,11128,84160,1567,65
3202,8720,84161,11128,84161,1567,65
3202,8720,84162,11128,84162,1567,65
3202,8720,84163,11128,84163,1567,65
3202,8720,84164,11128,84164,1567,65
3202,8720,84165,11128,84165,1567,65
3202,8720,84166,11128,84166,1567,65
3202,8720,84167,11128,84167,1567,65
3202,8720,84168,11128,84168,1567,65
3202,8720,84169,11128,84169,1567,65
3202,8720,84170,11128,84170,1567,65
3202,8720,84171,11128,84171,1567,65
3202,8720,84172,11128,84172,1567,65
3202,8720,84173,11128,84173,1567,65
3202,8720,84174,11128,84174,1567,65
3202,8720,84175,11128,84175,1567,65
3202,8720,84176,11128,84176,1567,65
3202,8720,84177,11128,84177,1567,65
3202,8720,84178,11128,84178,1567,65
3202,8720,84179,11128,84179,1567,65
3202,8720,84180,11128,84180,1567,65
3202,8720,84181,11128,84181,1567,65
3202,8720,84182,11128,84182,1567,65
3202,8720,84183,11128,84183,1567,65
3202,8720,84184,11128,84184,1567,65
3202,8720,84185,11128,84185,1567,65
3202,8720,84186,11128,84186,1567,65
3202,8720,84187,11128,84187,1567,65
3202,8720,84188,11128,84188,1567,65
3202,8720,84189,11128,84189,1567,65
3202,8720,84190,11128,84190,1567,65
3202,8720,84191,11128,84191,1567,65
3202,8720,84192,11128,84192,1567,65
3202,8720,84193,11128,84193,1567,65
3202,8720,84194,11128,84194,1567,65
3202,8720,84195,11128,84195,1567,65
3202,8720,84196,11128,84196,1567,65
3202,8720,84197,11128,84197,1567,65
3202,8720,84198,11128,84198,1567,65
3202,8720,84199,11128,84199,1567,65
3202,8720,84200,11128,84200,1567,65
3202,8720,84201,11128,84201,1567,65
3202,8720,84202,11128,84202,1567,65
3202,8720,84203,11128,84203,1567,65
3202,8720,84204,11128,84204,1567,65
3202,8720,84205,11128,84205,1567,65
3202,8720,84206,11128,84206,1567,65
3202,8720,84207,11128,84207,1567,65
3202,8720,84208,11128,84208,1567,65
3202,8720,84209,11128,84209,1567,65
3202,8720,84210,11128,84210,1567,65
3202,8720,84211,11128,84211,1567,65
3202,8720,84212,11128,84212,1567,65
3202,8720,84213,11128,84213,1567,65
3202,8720,84214,11128,84214,1567,65
3202,8720,84215,11128,84215,1567,65
3202,8720,84216,11128,84216,1567,65
3202,8720,84217,11128,84217,1567,65
3202,8720,84218,11128,84218,1567,65
3202,8720,84219,11128,84219,1567,65
3202,8720,84220,11128,84220,1567,65
3202,8720,84221,11128,84221,1567,65
3202,8720,84222,11128,84222,1567,65
3202,8720,84223,11128,84223,1567,65
3202,8720,84224,11128,84224,1567,65
3202,8720,84225,11128,84225,1567,65
3202,8720,84226,11128,84226,1567,65
3202,8720,84227,11128,84227,1567,65
3202,8720,84228,11128,84228,1567,65
3202,8720,84229,11128,84229,1567,65
3202,8720,84230,11128,84230,1567,65
3202,8720,84231,11128,84231,1567,65
3202,8720,84232,11128,84232,1567,65
3202,8720,84233,11128,84233,1567,65
3202,8720,84234,11128,84234,1567,65
3202,8720,84235,11128,84235,1567,65
3202,8720,84236,11128,84236,1567,65
3202,8720,84237,11128,84237,1567,65
3202,8720,84238,11128,84238,1567,65
3202,8720,84239,11128,84239,1567,65
3202,8720,84240,11128,84240,1567,65
3202,8720,84241,11128,84241,1567,65
3202,8720,84242,11128,84242,1567,65
3202,8720,84243,11128,84243,1567,65
3202,8720,84244,11128,84244,1567,65
3202,8720,84245,11128,84245,1567,65
3202,8720,84246,11128,84246,1567,65
3202,8720,84247,11128,84247,1567,65
3202,8720,84248,11128,84248,1567,65
3202,8720,84249,11128,84249,1567,65
3202,8720,84250,11128,84250,1567,65
3202,8720,84251,11128,84251,1567,65
3202,8720,84252,11128,84252,1567,65
3202,8720,84253,11128,84253,1567,65
3202,8720,84254,11128,84254,1567,65
3202,8720,84255,11128,84255,1567,65
3202,8720,84256,11128,84256,1567,65
3202,8720,84257,11128,84257,1567,65
3202,8720,84258,11128,84258,1567,65
3202,8720,84259,11128,84259,1567,65
3202,8720,84260,11128,84260,1567,65
3202,8720,84261,11128,84261,1567,65
3202,8720,84262,11128,84262,1567,65
3202,8720,84263,11128,84263,1567,65
3202,8720,84264,11128,84264,1567,65
3202,8720,84265,11128,84265,1567,65
3202,8720,84266,11128,84266,1567,65
3202,8720,84267,11128,84267,1567,65
3202,8720,84268,11128,84268,1567,65
3202,8720,84269,11128,84269,1567,65
3202,8720,84270,11128,84270,1567,65
3202,8720,84271,11128,84271,1567,65
3202,8720,84272,11128,84272,1567,65
3202,8720,84273,11128,84273,1567,65
3202,8720,84274,11128,84274,1567,65
3202,8720,84275,11128,84275,1567,65
3202,8720,84276,11128,84276,1567,65
3202,8720,84277,11128,84277,1567,65
3202,8720,84278,11128,84278,1567,65
3202,8720,84279,11128,84279,1567,65
3202,8720,84280,11128,84280,1567,65
3202,8720,84281,11128,84281,1567,65
3202,8720,84282,11128,84282,1567,65
3202,8720,84283,11128,84283,1567,65
3202,8720,84284,11128,84284,1567,65
3202,8720,84285,11128,84285,1567,65
3202,8720,84286,11128,84286,1567,65
3202,8720,84287,11128,84287,1567,65
3202,8720,84288,11128,84288,1567,65
3202,8720,84289,11128,84289,1567,65
3202,8720,84290,11128,84290,1567,65
3202,8720,84291,11128,84291,1567,65
3202,8720,84292,11128,84292,1567,65
3202,8720,84293,11128,84293,1567,65
3202,8720,84294,11128,84294,1567,65
3202,8720,84295,11128,84295,1567,65
3202,8720,84296,11128,84296,1567,65
3202,8720,84297,11128,84297,1567,65
3202,8720,84298,11128,84298,1567,65
3202,8720,84299,11128,84299,1567,65
3202,8720,84300,11128,84300,1567,65
3202,8720,84301,11128,84301,1567,65
3202,8720,84302,11128,84302,1567,65
3202,8720,84303,11128,84303,1567,65
3202,8720,84304,11128,84304,1567,65
3202,8720,84305,11128,84305,1567,65
3202,8720,84306,11128,84306,1567,65
3202,8720,84307,11128,84307,1567,65
3202,8720,84308,11128,84308,1567,65
3202,8720,84309,11128,84309,1567,65
3202,8720,84310,11128,84310,1567,65
3202,8720,84311,11128,84311,1567,65
3202,8720,84312,11128,84312,1567,65
3202,8720,84313,11128,84313,1567,65
3202,8720,84314,11128,84314,1567,65
3202,8720,84315,11128,84315,1567,65
3202,8720,84316,11128,84316,1567,65
3202,8720,84317,11128,84317,1567,65
3202,8720,84318,11128,84318,1567,65
3202,8720,84319,11128,84319,1567,65
3202,8720,84320,11128,84320,1567,65
3202,8720,84321,11128,84321,1567,65
3202,8720,84322,11128,84322,1567,65
3202,8720,84323,11128,84323,1567,65
3202,8720,84324,11128,84324,1567,65
3202,8720,84325,11128,84325,1567,65
3202,8720,84326,11128,84326,1567,65
3202,8720,84327,11128,84327,1567,65
3202,8720,84328,11128,84328,1567,65
3202,8720,84329,11128,84329,1567,65
3202,8720,84330,11128,84330,1567,65
3202,8720,84331,11128,84331,1567,65
3202,8720,84332,11128,84332,1567,65
3202,8720,84333,11128,84333,1567,65
3202,8720,84334,11128,84334,1567,65
3202,8720,84335,11128,84335,1567,65
3202,8720,84336,11128,84336,1567,65
3202,8720,84337,11128,84337,1567,65
3202,8720,84338,11128,84338,1567,65
3202,8720,84339,11128,84339,1567,65
3202,8720,84340,11128,84340,1567,65
3202,8720,84341,11128,84341,1567,65
3202,8720,84342,11128,84342,1567,65
3202,8720,84343,11128,84343,1567,65
3202,8720,84344,11128,84344,1567,65
3202,8720,84345,11128,84345,1567,65
3202,8720,84346,11128,84346,1567,65
3202,8720,84347,11128,84347,1567,65
3202,8720,84348,11128,84348,1567,65
3202,8720,84349,11128,84349,1567,65
3202,8720,84350,11128,84350,1567,65
3202,8720,84351,11128,84351,1567,65
3202,8720,84352,11128,84352,1567,65
3202,8720,84353,11128,84353,1567,65
3202,8720,84354,11128,84354,1567,65
3202,8720,84355,11128,84355,1567,65
3202,8720,84356,11128,84356,1567,65
3202,8720,84357,11128,84357,1567,65
3202,8720,84358,11128,84358,1567,65
3202,8720,84359,11128,84359,1567,65
3202,8720,84360,11128,84360,1567,65
3202,8720,84361,11128,84361,1567,65
3202,8720,84362,11128,84362,1567,65
3202,8720,84363,11128,84363,1567,65
3202,8720,84364,11128,84364,1567,65
3202,8720,84365,11128,84365,1567,65
3202,8720,84366,11128,84366,1567,65
3202,8720,84367,11128,84367,1567,65
3202,8720,84368,11128,84368,1567,65
3202,8720,84369,11128,84369,1567,65
3202,8720,84370,11128,84370,1567,65
3202,8720,84371,11128,84371,1567,65
3202,8720,84372,11128,84372,1567,65
3202,8720,84373,11128,84373,1567,65
3202,8720,84374,11128,84374,1567,65
3202,8720,84375,11128,84375,1567,65
3202,8720,84376,11128,84376,1567,65
3202,8720,84377,11128,84377,1567,65
3202,8720,84378,11128,84378,1567,65
3202,8720,84379,11128,84379,1567,65
3202,8720,84380,11128,84380,1567,65
3202,8720,84381,11128,84381,1567,65
3202,8720,84382,11128,84382,1567,65
3202,8720,84383,11128,84383,1567,65
3202,8720,84384,11128,84384,1567,65
3202,8720,84385,11128,84385,1567,65
3202,8720,84386,11128,84386,1567,65
3202,8720,84387,11128,84387,1567,65
3202,8720,84388,11128,84388,1567,65
3202,8720,84389,11128,84389,1567,65
3202,8720,84390,11128,84390,1567,65
3202,8720,84391,11128,84391,1567,65
3202,8720,84392,11128,84392,1567,65
3202,8720,84393,11128,84393,1567,65
3202,8720,84394,11128,84394,1567,65
3202,8720,84395,11128,84395,1567,65
3202,8720,84396,11128,84396,1567,65
3202,8720,84397,11128,84397,1567,65
3202,8720,84398,11128,84398,1567,65
3202,8720,84399,11128,84399,1567,65
3202,8720,84400,11128,84400,1567,65
3202,8720,84401,11128,84401,1567,65
3202,8720,84402,11128,84402,1567,65
3202,8720,84403,11128,84403,1567,65
3202,8720,84404,11128,84404,1567,65
3202,8720,84405,11128,84405,1567,65
3202,8720,84406,11128,84406,1567,65
3202,8720,84407,11128,84407,1567,65
3202,8720,84408,11128,84408,1567,65
3202,8720,84409,11128,84409,1567,65
3202,8720,84410,11128,84410,1567,65
3202,8720,84411,11128,84411,1567,65
3202,8720,84412,11128,84412,1567,65
3202,8720,84413,11128,84413,1567,65
3202,8720,84414,11128,84414,1567,65
3202,8720,84415,11128,84415,1567,65
3202,8720,84416,11128,84416,1567,65
3202,8720,84417,11128,84417,1567,65
3202,8720,84418,11128,84418,1567,65
3202,8720,84419,11128,84419,1567,65
3202,8720,84420,11128,84420,1567,65
3202,8720,84421,11128,84421,1567,65
3202,8720,84422,11128,84422,1567,65
3202,8720,84423,11128,84423,1567,65
3202,8720,84424,11128,84424,1567,65
3202,8720,84425,11128,84425,1567,65
3202,8720,84426,11128,84426,1567,65
3202,8720,84427,11128,84427,1567,65
3202,8720,84428,11128,84428,1567,65
3202,8720,84429,11128,84429,1567,65
3202,8720,84430,11128,84430,1567,65
3202,8720,84431,11128,84431,1567,65
3202,8720,84432,11128,84432,1567,65
3202,8720,84433,11128,84433,1567,65
3202,8720,84434,11128,84434,1567,65
3202,8720,84435,11128,84435,1567,65
3202,8720,84436,11128,84436,1567,65
3202,8720,84437,11128,84437,1567,65
3202,8720,84438,11128,84438,1567,65
3202,8720,84439,11128,84439,1567,65
3202,8720,84440,11128,84440,1567,65
3202,8720,84441,11128,84441,1567,65
3202,8720,84442,11128,84442,1567,65
3202,8720,84443,11128,84443,1567,65
3202,8720,84444,11128,84444,1567,65
3202,8720,84445,11128,84445,1567,65
3202,8720,84446,11128,84446,1567,65
3202,8720,84447,11128,84447,1567,65
3202,8720,84448,11128,84448,1567,65
3202,8720,84449,11128,84449,1567,65
3202,8720,84450,11128,84450,1567,65
3202,8720,84451,11128,84451,1567,65
3202,8720,84452,11128,84452,1567,65
3202,8720,84453,11128,84453,1567,65
3202,8720,84454,11128,84454,1567,65
3202,8720,84455,11128,84455,1567,65
3202,8720,84456,11128,84456,1567,65
3202,8720,84457,11128,84457,1567,65
3202,8720,84458,11128,84458,1567,65
3202,8720,84459,11128,84459,1567,65
3202,8720,84460,11128,84460,1567,65
3202,8720,84461,11128,84461,1567,65
3202,8720,84462,11128,84462,1567,65
3202,8720,84463,11128,84463,1567,65
3202,8720,84464,11128,84464,1567,65
3202,8720,84465,11128,84465,1567,65
3202,8720,84466,11128,84466,1567,65
3202,8720,84467,11128,84467,1567,65
3202,8720,84468,11128,84468,1567,65
3202,8720,84469,11128,84469,1567,65
3202,8720,84470,11128,84470,1567,65
3202,8720,84471,11128,84471,1567,65
3202,8720,84472,11128,84472,1567,65
3202,8720,84473,11128,84473,1567,65
3202,8720,84474,11128,84474,1567,65
3202,8720,84475,11128,84475,1567,65
3202,8720,84476,11128,84476,1567,65
3202,8720,84477,11128,84477,1567,65
3202,8720,84478,11128,84478,1567,65
3202,8720,84479,11128,84479,1567,65
3202,8720,84480,11128,84480,1567,65
3202,8720,84481,11128,84481,1567,65
3202,8720,84482,11128,84482,1567,65
3202,8720,84483,11128,84483,1567,65
3202,8720,84484,11128,84484,1567,65
3202,8720,84485,11128,84485,1567,65
3202,8720,84486,11128,84486,1567,65
3202,8720,84487,11128,84487,1567,65
3202,8720,84488,11128,84488,1567,65
3202,8720,84489,11128,84489,1567,65
3202,8720,84490,11128,84490,1567,65
3202,8720,84491,11128,84491,1567,65
3202,8720,84492,11128,84492,1567,65
3202,8720,84493,11128,84493,1567,65
3202,8720,84494,11128,84494,1567,65
3202,8720,84495,11128,84495,1567,65
3202,8720,84496,11128,84496,1567,65
3202,8720,84497,11128,84497,1567,65
3202,8720,84498,11128,84498,1567,65
3202,8720,84499,11128,84499,1567,65
3202,8720,84500,11128,84500,1567,65
3202,8720,84501,11128,84501,1567,65
3202,8720,84502,11128,84502,1567,65
3202,8720,84503,11128,84503,1567,65
3202,8720,84504,11128,84504,1567,65
3202,8720,84505,11128,84505,1567,65
3202,8720,84506,11128,84506,1567,65
3202,8720,84507,11128,84507,1567,65
3202,8720,84508,11128,84508,1567,65
3202,8720,84509,11128,84509,1567,65
3202,8720,84510,11128,84510,1567,65
3202,8720,84511,11128,84511,1567,65
3202,8720,84512,11128,84512,1567,65
3202,8720,84513,11128,84513,1567,65
3202,8720,84514,11128,84514,1567,65
3202,8720,84515,11128,84515,1567,65
3202,8720,84516,11128,84516,1567,65
3202,8720,84517,11128,84517,1567,65
3202,8720,84518,11128,84518,1567,65
3202,8720,84519,11128,84519,1567,65
3202,8720,84520,11128,84520,1567,65
3202,8720,84521,11128,84521,1567,65
3202,8720,84522,11128,84522,1567,65
3202,8720,84523,11128,84523,1567,65
3202,8720,84524,11128,84524,1567,65
3202,8720,84525,11128,84525,1567,65
3202,8720,84526,11128,84526,1567,65
3202,8720,84527,11128,84527,1567,65
3202,8720,84528,11128,84528,1567,65
3202,8720,84529,11128,84529,1567,65
3202,8720,84530,11128,84530,1567,65
3202,8720,84531,11128,84531,1567,65
3202,8720,84532,11128,84532,1567,65
3202,8720,84533,11128,84533,1567,65
3202,8720,84534,11128,84534,1567,65
3202,8720,84535,11128,84535,1567,65
3202,8720,84536,11128,84536,1567,65
3202,8720,84537,11128,84537,1567,65
3202,8720,84538,11128,84538,1567,65
3202,8720,84539,11128,84539,1567,65
3202,8720,84540,11128,84540,1567,65
3202,8720,84541,11128,84541,1567,65
3202,8720,84542,11128,84542,1567,65
3202,8720,84543,11128,84543,1567,65
3202,8720,84544,11128,84544,1567,65
3202,8720,84545,11128,84545,1567,65
3202,8720,84546,11128,84546,1567,65
3202,8720,84547,11128,84547,1567,65
3202,8720,84548,11128,84548,1567,65
3202,8720,84549,11128,84549,1567,65
3202,8720,84550,11128,84550,1567,65
3202,8720,84551,11128,84551,1567,65
3202,8720,84552,11128,84552,1567,65
3202,8720,84553,11128,84553,1567,65
3202,8720,84554,11128,84554,1567,65
3202,8720,84555,11128,84555,1567,65
3202,8720,84556,11128,84556,1567,65
3202,8720,84557,11128,84557,1567,65
3202,8720,84558,11128,84558,1567,65
3202,8720,84559,11128,84559,1567,65
3202,8720,84560,11128,84560,1567,65
3202,8720,84561,11128,84561,1567,65
3202,8720,84562,11128,84562,1567,65
3202,8720,84563,11128,84563,1567,65
3202,8720,84564,11128,84564,1567,65
3202,8720,84565,11128,84565,1567,65
3202,8720,84566,11128,84566,1567,65
3202,8720,84567,11128,84567,1567,65
3202,8720,84568,11128,84568,1567,65
3202,8720,84569,11128,84569,1567,65
3202,8720,84570,11128,84570,1567,65
3202,8720,84571,11128,84571,1567,65
3202,8720,84572,11128,84572,1567,65
3202,8720,84573,11128,84573,1567,65
3202,8720,84574,11128,84574,1567,65
3202,8720,84575,11128,84575,1567,65
3202,8720,84576,11128,84576,1567,65
3202,8720,84577,11128,84577,1567,65
3202,8720,84578,11128,84578,1567,65
3202,8720,84579,11128,84579,1567,65
3202,8720,84580,11128,84580,1567,65
3202,8720,84581,11128,84581,1567,65
3202,8720,84582,11128,84582,1567,65
3202,8720,84583,11128,84583,1567,65
3202,8720,84584,11128,84584,1567,65
3202,8720,84585,11128,84585,1567,65
3202,8720,84586,11128,84586,1567,65
3202,8720,84587,11128,84587,1567,65
3202,8720,84588,11128,84588,1567,65
3202,8720,84589,11128,84589,1567,65
3202,8720,84590,11128,84590,1567,65
3202,8720,84591,11128,84591,1567,65
3202,8720,84592,11128,84592,1567,65
3202,8720,84593,11128,84593,1567,65
3202,8720,84594,11128,84594,1567,65
3202,8720,84595,11128,84595,1567,65
3202,8720,84596,11128,84596,1567,65
3202,8720,84597,11128,84597,1567,65
3202,8720,84598,11128,84598,1567,65
3202,8720,84599,11128,84599,1567,65
3202,8720,84600,11128,84600,1567,65
3202,8720,84601,11128,84601,1567,65
3202,8720,84602,11128,84602,1567,65
3202,8720,84603,11128,84603,1567,65
3202,8720,84604,11128,84604,1567,65
3202,8720,84605,11128,84605,1567,65
3202,8720,84606,11128,84606,1567,65
3202,8720,84607,11128,84607,1567,65
3202,8720,84608,11128,84608,1567,65
3202,8720,84609,11128,84609,1567,65
3202,8720,84610,11128,84610,1567,65
3202,8720,84611,11128,84611,1567,65
3202,8720,84612,11128,84612,1567,65
3202,8720,84613,11128,84613,1567,65
3202,8720,84614,11128,84614,1567,65
3202,8720,84615,11128,84615,1567,65
3202,8720,84616,11128,84616,1567,65
3202,8720,84617,11128,84617,1567,65
3202,8720,84618,11128,84618,1567,65
3202,8720,84619,11128,84619,1567,65
3202,8720,84620,11128,84620,1567,65
3202,8720,84621,11128,84621,1567,65
3202,8720,84622,11128,84622,1567,65
3202,8720,84623,11128,84623,1567,65
3202,8720,84624,11128,84624,1567,65
3202,8720,84625,11128,84625,1567,65
3202,8720,84626,11128,84626,1567,65
3202,8720,84627,11128,84627,1567,65
3202,8720,84628,11128,84628,1567,65
3202,8720,84629,11128,84629,1567,65
3202,8720,84630,11128,84630,1567,65
3202,8720,84631,11128,84631,1567,65
3202,8720,84632,11128,84632,1567,65
3202,8720,84633,11128,84633,1567,65
3202,8720,84634,11128,84634,1567,65
3202,8720,84635,11128,84635,1567,65
3202,8720,84636,11128,84636,1567,65
3202,8720,84637,11128,84637,1567,65
3202,8720,84638,11128,84638,1567,65
3202,8720,84639,11128,84639,1567,65
3202,8720,84640,11128,84640,1567,65
3202,8720,84641,11128,84641,1567,65
3202,8720,84642,11128,84642,1567,65
3202,8720,84643,11128,84643,1567,65
3202,8720,84644,11128,84644,1567,65
3202,8720,84645,11128,84645,1567,65
3202,8720,84646,11128,84646,1567,65
3202,8720,84647,11128,84647,1567,65
3202,8720,84648,11128,84648,1567,65
3202,8720,84649,11128,84649,1567,65
3202,8720,84650,11128,84650,1567,65
3202,8720,84651,11128,84651,1567,65
3202,8720,84652,11128,84652,1567,65
3202,8720,84653,11128,84653,1567,65
3202,8720,84654,11128,84654,1567,65
3202,8720,84655,11128,84655,1567,65
3202,8720,84656,11128,84656,1567,65
3202,8720,84657,11128,84657,1567,65
3202,8720,84658,11128,84658,1567,65
3202,8720,84659,11128,84659,1567,65
3202,8720,84660,11128,84660,1567,65
3202,8720,84661,11128,84661,1567,65
3202,8720,84662,11128,84662,1567,65
3202,8720,84663,11128,84663,1567,65
3202,8720,84664,11128,84664,1567,65
3202,8720,84665,11128,84665,1567,65
3202,8720,84666,11128,84666,1567,65
3202,8720,84667,11128,84667,1567,65
3202,8720,84668,11128,84668,1567,65
3202,8720,84669,11128,84669,1567,65
3202,8720,84670,11128,84670,1567,65
3202,8720,84671,11128,84671,1567,65
3202,8720,84672,11128,84672,1567,65
3202,8720,84673,11128,84673,1567,65
3202,8720,84674,11128,84674,1567,65
3202,8720,84675,11128,84675,1567,65
3202,8720,84676,11128,84676,1567,65
3202,8720,84677,11128,84677,1567,65
3202,8720,84678,11128,84678,1567,65
3202,8720,84679,11128,84679,1567,65
3202,8720,84680,11128,84680,1567,65
3202,8720,84681,11128,84681,1567,65
3202,8720,84682,11128,84682,1567,65
3202,8720,84683,11128,84683,1567,65
3202,8720,84684,11128,84684,1567,65
3202,8720,84685,11128,84685,1567,65
3202,8720,84686,11128,84686,1567,65
3202,8720,84687,11128,84687,1567,65
3202,8720,84688,11128,84688,1567,65
3202,8720,84689,11128,84689,1567,65
3202,8720,84690,11128,84690,1567,65
3202,8720,84691,11128,84691,1567,65
3202,8720,84692,11128,84692,1567,65
3202,8720,84693,11128,84693,1567,65
3202,8720,84694,11128,84694,1567,65
3202,8720,84695,11128,84695,1567,65
3202,8720,84696,11128,84696,1567,65
3202,8720,84697,11128,84697,1567,65
3202,8720,84698,11128,84698,1567,65
3202,8720,84699,11128,84699,1567,65
3202,8720,84700,11128,84700,1567,65
3202,8720,84701,11128,84701,1567,65
3202,8720,84702,11128,84702,1567,65
3202,8720,84703,11128,84703,1567,65
3202,8720,84704,11128,84704,1567,65
3202,8720,84705,11128,84705,1567,65
3202,8720,84706,11128,84706,1567,65
3202,8720,84707,11128,84707,1567,65
3202,8720,84708,11128,84708,1567,65
3202,8720,84709,11128,84709,1567,65
3202,8720,84710,11128,84710,1567,65
3202,8720,84711,11128,84711,1567,65
3202,8720,84712,11128,84712,1567,65
3202,8720,84713,11128,84713,1567,65
3202,8720,84714,11128,84714,1567,65
3202,8720,84715,11128,84715,1567,65
3202,8720,84716,11128,84716,1567,65
3202,8720,84717,11128,84717,1567,65
3202,8720,84718,11128,84718,1567,65
3202,8720,84719,11128,84719,1567,65
3202,8720,84720,11128,84720,1567,65
3202,8720,84721,11128,84721,1567,65
3202,8720,84722,11128,84722,1567,65
3202,8720,84723,11128,84723,1567,65
3202,8720,84724,11128,84724,1567,65
3202,8720,84725,11128,84725,1567,65
3202,8720,84726,11128,84726,1567,65
3202,8720,84727,11128,84727,1567,65
3202,8720,84728,11128,84728,1567,65
3202,8720,84729,11128,84729,1567,65
3202,8720,84730,11128,84730,1567,65
3202,8720,84731,11128,84731,1567,65
3202,8720,84732,11128,84732,1567,65
3202,8720,84733,11128,84733,1567,65
3202,8720,84734,11128,84734,1567,65
3202,8720,84735,11128,84735,1567,65
3202,8720,84736,11128,84736,1567,65
3202,8720,84737,11128,84737,1567,65
3202,8720,84738,11128,84738,1567,65
3202,8720,84739,11128,84739,1567,65
3202,8720,84740,11128,84740,1567,65
3202,8720,84741,11128,84741,1567,65
3202,8720,84742,11128,84742,1567,65
3202,8720,84743,11128,84743,1567,65
3202,8720,84744,11128,84744,1567,65
3202,8720,84745,11128,84745,1567,65
3202,8720,84746,11128,84746,1567,65
3202,8720,84747,11128,84747,1567,65
3202,8720,84748,11128,84748,1567,65
3202,8720,84749,11128,84749,1567,65
3202,8720,84750,11128,84750,1567,65
3202,8720,84751,11128,84751,1567,65
3202,8720,84752,11128,84752,1567,65
3202,8720,84753,11128,84753,1567,65
3202,8720,84754,11128,84754,1567,65
3202,8720,84755,11128,84755,1567,65
3202,8720,84756,11128,84756,1567,65
3202,8720,84757,11128,84757,1567,65
3202,8720,84758,11128,84758,1567,65
3202,8720,84759,11128,84759,1567,65
3202,8720,84760,11128,84760,1567,65
3202,8720,84761,11128,84761,1567,65
3202,8720,84762,11128,84762,1567,65
3202,8720,84763,11128,84763,1567,65
3202,8720,84764,11128,84764,1567,65
3202,8720,84765,11128,84765,1567,65
3202,8720,84766,11128,84766,1567,65
3202,8720,84767,11128,84767,1567,65
3202,8720,84768,11128,84768,1567,65
3202,8720,84769,11128,84769,1567,65
3202,8720,84770,11128,84770,1567,65
3202,8720,84771,11128,84771,1567,65
3202,8720,84772,11128,84772,1567,65
3202,8720,84773,11128,84773,1567,65
3202,8720,84774,11128,84774,1567,65
3202,8720,84775,11128,84775,1567,65
3202,8720,84776,11128,84776,1567,65
3202,8720,84777,11128,84777,1567,65
3202,8720,84778,11128,84778,1567,65
3202,8720,84779,11128,84779,1567,65
3202,8720,84780,11128,84780,1567,65
3202,8720,84781,11128,84781,1567,65
3202,8720,84782,11128,84782,1567,65
3202,8720,84783,11128,84783,1567,65
3202,8720,84784,11128,84784,1567,65
3202,8720,84785,11128,84785,1567,65
3202,8720,84786,11128,84786,1567,65
3202,8720,84787,11128,84787,1567,65
3202,8720,84788,11128,84788,1567,65
3202,8720,84789,11128,84789,1567,65
3202,8720,84790,11128,84790,1567,65
3202,8720,84791,11128,84791,1567,65
3202,8720,84792,11128,84792,1567,65
3202,8720,84793,11128,84793,1567,65
3202,8720,84794,11128,84794,1567,65
3202,8720,84795,11128,84795,1567,65
3202,8720,84796,11128,84796,1567,65
3202,8720,84797,11128,84797,1567,65
3202,8720,84798,11128,84798,1567,65
3202,8720,84799,11128,84799,1567,65
3202,8720,84800,11128,84800,1567,65
3202,8720,84801,11128,84801,1567,65
3202,8720,84802,11128,84802,1567,65
3202,8720,84803,11128,84803,1567,65
3202,8720,84804,11128,84804,1567,65
3202,8720,84805,11128,84805,1567,65
3202,8720,84806,11128,84806,1567,65
3202,8720,84807,11128,84807,1567,65
3202,8720,84808,11128,84808,1567,65
3202,8720,84809,11128,84809,1567,65
3202,8720,84810,11128,84810,1567,65
3202,8720,84811,11128,84811,1567,65
3202,8720,84812,11128,84812,1567,65
3202,8720,84813,11128,84813,1567,65
3202,8720,84814,11128,84814,1567,65
3202,8720,84815,11128,84815,1567,65
3202,8720,84816,11128,84816,1567,65
3202,8720,84817,11128,84817,1567,65
3202,8720,84818,11128,84818,1567,65
3202,8720,84819,11128,84819,1567,65
3202,8720,84820,11128,84820,1567,65
3202,8720,84821,11128,84821,1567,65
3202,8720,84822,11128,84822,1567,65
3202,8720,84823,11128,84823,1567,65
3202,8720,84824,11128,84824,1567,65
3202,8720,84825,11128,84825,1567,65
3202,8720,84826,11128,84826,1567,65
3202,8720,84827,11128,84827,1567,65
3202,8720,84828,11128,84828,1567,65
3202,8720,84829,11128,84829,1567,65
3202,8720,84830,11128,84830,1567,65
3202,8720,84831,11128,84831,1567,65
3202,8720,84832,11128,84832,1567,65
3202,8720,84833,11128,84833,1567,65
3202,8720,84834,11128,84834,1567,65
3202,8720,84835,11128,84835,1567,65
3202,8720,84836,11128,84836,1567,65
3202,8720,84837,11128,84837,1567,65
3202,8720,84838,11128,84838,1567,65
3202,8720,84839,11128,84839,1567,65
3202,8720,84840,11128,84840,1567,65
3202,8720,84841,11128,84841,1567,65
3202,8720,84842,11128,84842,1567,65
3202,8720,84843,11128,84843,1567,65
3202,8720,84844,11128,84844,1567,65
3202,8720,84845,11128,84845,1567,65
3202,8720,84846,11128,84846,1567,65
3202,8720,84847,11128,84847,1567,65
3202,8720,84848,11128,84848,1567,65
3202,8720,84849,11128,84849,1567,65
3202,8720,84850,11128,84850,1567,65
3202,8720,84851,11128,84851,1567,65
3202,8720,84852,11128,84852,1567,65
3202,8720,84853,11128,84853,1567,65
3202,8720,84854,11128,84854,1567,65
3202,8720,84855,11128,84855,1567,65
3202,8720,84856,11128,84856,1567,65
3202,8720,84857,11128,84857,1567,65
3202,8720,84858,11128,84858,1567,65
3202,8720,84859,11128,84859,1567,65
3202,8720,84860,11128,84860,1567,65
3202,8720,84861,11128,84861,1567,65
3202,8720,84862,11128,84862,1567,65
3202,8720,84863,11128,84863,1567,65
3202,8720,84864,11128,84864,1567,65
3202,8720,84865,11128,84865,1567,65
3202,8720,84866,11128,84866,1567,65
3202,8720,84867,11128,84867,1567,65
3202,8720,84868,11128,84868,1567,65
3202,8720,84869,11128,84869,1567,65
3202,8720,84870,11128,84870,1567,65
3202,8720,84871,11128,84871,1567,65
3202,8720,84872,11128,84872,1567,65
3202,8720,84873,11128,84873,1567,65
3202,8720,84874,11128,84874,1567,65
3202,8720,84875,11128,84875,1567,65
3202,8720,84876,11128,84876,1567,65
3202,8720,84877,11128,84877,1567,65
3202,8720,84878,11128,84878,1567,65
3202,8720,84879,11128,84879,1567,65
3202,8720,84880,11128,84880,1567,65
3202,8720,84881,11128,84881,1567,65
3202,8720,84882,11128,84882,1567,65
3202,8720,84883,11128,84883,1567,65
3202,8720,84884,11128,84884,1567,65
3202,8720,84885,11128,84885,1567,65
3202,8720,84886,11128,84886,1567,65
3202,8720,84887,11128,84887,1567,65
3202,8720,84888,11128,84888,1567,65
3202,8720,84889,11128,84889,1567,65
3202,8720,84890,11128,84890,1567,65
3202,8720,84891,11128,84891,1567,65
3202,8720,84892,11128,84892,1567,65
3202,8720,84893,11128,84893,1567,65
3202,8720,84894,11128,84894,1567,65
3202,8720,84895,11128,84895,1567,65
3202,8720,84896,11128,84896,1567,65
3202,8720,84897,11128,84897,1567,65
3202,8720,84898,11128,84898,1567,65
3202,8720,84899,11128,84899,1567,65
3202,8720,84900,11128,84900,1567,65
3202,8720,84901,11128,84901,1567,65
3202,8720,84902,11128,84902,1567,65
3202,8720,84903,11128,84903,1567,65
3202,8720,84904,11128,84904,1567,65
3202,8720,84905,11128,84905,1567,65
3202,8720,84906,11128,84906,1567,65
3202,8720,84907,11128,84907,1567,65
3202,8720,84908,11128,84908,1567,65
3202,8720,84909,11128,84909,1567,65
3202,8720,84910,11128,84910,1567,65
3202,8720,84911,11128,84911,1567,65
3202,8720,84912,11128,84912,1567,65
3202,8720,84913,11128,84913,1567,65
3202,8720,84914,11128,84914,1567,65
3202,8720,84915,11128,84915,1567,65
3202,8720,84916,11128,84916,1567,65
3202,8720,84917,11128,84917,1567,65
3202,8720,84918,11128,84918,1567,65
3202,8720,84919,11128,84919,1567,65
3202,8720,84920,11128,84920,1567,65
3202,8720,84921,11128,84921,1567,65
3202,8720,84922,11128,84922,1567,65
3202,8720,84923,11128,84923,1567,65
3202,8720,84924,11128,84924,1567,65
3202,8720,84925,11128,84925,1567,65
3202,8720,84926,11128,84926,1567,65
3202,8720,84927,11128,84927,1567,65
3202,8720,84928,11128,84928,1567,65
3202,8720,84929,11128,84929,1567,65
3202,8720,84930,11128,84930,1567,65
3202,8720,84931,11128,84931,1567,65
3202,8720,84932,11128,84932,1567,65
3202,8720,84933,11128,84933,1567,65
3202,8720,84934,11128,84934,1567,65
3202,8720,84935,11128,84935,1567,65
3202,8720,84936,11128,84936,1567,65
3202,8720,84937,11128,84937,1567,65
3202,8720,84938,11128,84938,1567,65
3202,8720,84939,11128,84939,1567,65
3202,8720,84940,11128,84940,1567,65
3202,8720,84941,11128,84941,1567,65
3202,8720,84942,11128,84942,1567,65
3202,8720,84943,11128,84943,1567,65
3202,8720,84944,11128,84944,1567,65
3202,8720,84945,11128,84945,1567,65
3202,8720,84946,11128,84946,1567,65
3202,8720,84947,11128,84947,1567,65
3202,8720,84948,11128,84948,1567,65
3202,8720,84949,11128,84949,1567,65
3202,8720,84950,11128,84950,1567,65
3202,8720,84951,11128,84951,1567,65
3202,8720,84952,11128,84952,1567,65
3202,8720,84953,11128,84953,1567,65
3202,8720,84954,11128,84954,1567,65
3202,8720,84955,11128,84955,1567,65
3202,8720,84956,11128,84956,1567,65
3202,8720,84957,11128,84957,1567,65
3202,8720,84958,11128,84958,1567,65
3202,8720,84959,11128,84959,1567,65
3202,8720,84960,11128,84960,1567,65
3202,8720,84961,11128,84961,1567,65
3202,8720,84962,11128,84962,1567,65
3202,8720,84963,11128,84963,1567,65
3202,8720,84964,11128,84964,1567,65
3202,8720,84965,11128,84965,1567,65
3202,8720,84966,11128,84966,1567,65
3202,8720,84967,11128,84967,1567,65
3202,8720,84968,11128,84968,1567,65
3202,8720,84969,11128,84969,1567,65
3202,8720,84970,11128,84970,1567,65
3202,8720,84971,11128,84971,1567,65
3202,8720,84972,11128,84972,1567,65
3202,8720,84973,11128,84973,1567,65
3202,8720,84974,11128,84974,1567,65
3202,8720,84975,11128,84975,1567,65
3202,8720,84976,11128,84976,1567,65
3202,8720,84977,11128,84977,1567,65
3202,8720,84978,11128,84978,1567,65
3202,8720,84979,11128,84979,1567,65
3202,8720,84980,11128,84980,1567,65
3202,8720,84981,11128,84981,1567,65
3202,8720,84982,11128,84982,1567,65
3202,8720,84983,11128,84983,1567,65
3202,8720,84984,11128,84984,1567,65
3202,8720,84985,11128,84985,1567,65
3202,8720,84986,11128,84986,1567,65
3202,8720,84987,11128,84987,1567,65
3202,8720,84988,11128,84988,1567,65
3202,8720,84989,11128,84989,1567,65
3202,8720,84990,11128,84990,1567,65
3202,8720,84991,11128,84991,1567,65
3202,8720,84992,11128,84992,1567,65
3202,8720,84993,11128,84993,1567,65
3202,8720,84994,11128,84994,1567,65
3202,8720,84995,11128,84995,1567,65
3202,8720,84996,11128,84996,1567,65
3202,8720,84997,11128,84997,1567,65
3202,8720,84998,11128,84998,1567,65
3202,8720,84999,11128,84999,1567,65
3202,8720,85000,11128,85000,1567,65
3202,8720,85001,11128,85001,1567,65
3202,8720,85002,11128,85002,1567,65
3202,8720,85003,11128,85003,1567,65
3202,8720,85004,11128,85004,1567,65
3202,8720,85005,11128,85005,1567,65
3202,8720,85006,11128,85006,1567,65
3202,8720,85007,11128,85007,1567,65
3202,8720,85008,11128,85008,1567,65
3202,8720,85009,11128,85009,1567,65
3202,8720,85010,11128,85010,1567,65
3202,8720,85011,11128,85011,1567,65
3202,8720,85012,11128,85012,1567,65
3202,8720,85013,11128,85013,1567,65
3202,8720,85014,11128,85014,1567,65
3202,8720,85015,11128,85015,1567,65
3202,8720,85016,11128,85016,1567,65
3202,8720,85017,11128,85017,1567,65
3202,8720,85018,11128,85018,1567,65
3202,8720,85019,11128,85019,1567,65
3202,8720,85020,11128,85020,1567,65
3202,8720,85021,11128,85021,1567,65
3201,8720,85022,11128,85022,1567,65
3201,8720,85023,11128,85023,1567,65
3201,8720,85024,11128,85024,1567,65
3201,8720,85025,11128,85025,1567,65
3201,8720,85026,11128,85026,1567,65
3201,8720,85027,11128,85027,1567,65
3201,8720,85028,11128,85028,1567,65
3201,8720,85029,11128,85029,1567,65
3201,8720,85030,11128,85030,1567,65
3201,8720,85031,11128,85031,1567,65
3201,8720,85032,11128,85032,1567,65
3201,8720,85033,11128,85033,1567,65
3201,8720,85034,11128,85034,1567,65
3201,8720,85035,11128,85035,1567,65
3201,8720,85036,11128,85036,1567,65
3201,8720,85037,11128,85037,1567,65
3201,8720,85038,11128,85038,1567,65
3201,8720,85039,11128,85039,1567,65
3201,8720,85040,11128,85040,1567,65
3201,8720,85041,11128,85041,1567,65
3201,8720,85042,11128,85042,1567,65
3201,8720,85043,11128,85043,1567,65
3201,8720,85044,11128,85044,1567,65
3201,8720,85045,11128,85045,1567,65
3201,8720,85046,11128,85046,1567,65
3201,8720,85047,11128,85047,1567,65
3201,8720,85048,11128,85048,1567,65
3201,8720,85049,11128,85049,1567,65
3201,8720,85050,11128,85050,1567,65
3201,8720,85051,11128,85051,1567,65
3201,8720,85052,11128,85052,1567,65
3201,8720,85053,11128,85053,1567,65
3201,8720,85054,11128,85054,1567,65
3201,8720,85055,11128,85055,1567,65
3201,8720,85056,11128,85056,1567,65
3201,8720,85057,11128,85057,1567,65
3201,8720,85058,11128,85058,1567,65
3201,8720,85059,11128,85059,1567,65
3201,8720,85060,11128,85060,1567,65
3201,8720,85061,11128,85061,1567,65
3201,8720,85062,11128,85062,1567,65
3201,8720,85063,11128,85063,1567,65
3201,8720,85064,11128,85064,1567,65
3201,8720,85065,11128,85065,1567,65
3201,8720,85066,11128,85066,1567,65
3201,8720,85067,11128,85067,1567,65
3201,8720,85068,11128,85068,1567,65
3201,8720,85069,11128,85069,1567,65
3201,8720,85070,11128,85070,1567,65
3201,8720,85071,11128,85071,1567,65
3201,8720,85072,11128,85072,1567,65
3201,8720,85073,11128,85073,1567,65
3201,8720,85074,11128,85074,1567,65
3201,8720,85075,11128,85075,1567,65
3201,8720,85076,11128,85076,1567,65
3201,8720,85077,11128,85077,1567,65
3201,8720,85078,11128,85078,1567,65
3201,8720,85079,11128,85079,1567,65
3201,8720,85080,11128,85080,1567,65
3201,8720,85081,11128,85081,1567,65
3201,8720,85082,11128,85082,1567,65
3201,8720,85083,11128,85083,1567,65
3201,8720,85084,11128,85084,1567,65
3201,8720,85085,11128,85085,1567,65
3201,8720,85086,11128,85086,1567,65
3201,8720,85087,11128,85087,1567,65
3201,8720,85088,11128,85088,1567,65
3201,8720,85089,11128,85089,1567,65
3201,8720,85090,11128,85090,1567,65
3201,8720,85091,11128,85091,1567,65
3201,8720,85092,11128,85092,1567,65
3201,8720,85093,11128,85093,1567,65
3201,8720,85094,11128,85094,1567,65
3201,8720,85095,11128,85095,1567,65
3201,8720,85096,11128,85096,1567,65
3201,8720,85097,11128,85097,1567,65
3201,8720,85098,11128,85098,1567,65
3201,8720,85099,11128,85099,1567,65
3201,8720,85100,11128,85100,1567,65
3201,8720,85101,11128,85101,1567,65
3201,8720,85102,11128,85102,1567,65
3201,8720,85103,11128,85103,1567,65
3201,8720,85104,11128,85104,1567,65
3201,8720,85105,11128,85105,1567,65
3201,8720,85106,11128,85106,1567,65
3201,8720,85107,11128,85107,1567,65
3201,8720,85108,11128,85108,1567,65
3201,8720,85109,11128,85109,1567,65
3201,8720,85110,11128,85110,1567,65
3201,8720,85111,11128,85111,1567,65
3201,8720,85112,11128,85112,1567,65
3201,8720,85113,11128,85113,1567,65
3201,8720,85114,11128,85114,1567,65
3201,8720,85115,11128,85115,1567,65
3201,8720,85116,11128,85116,1567,65
3201,8720,85117,11128,85117,1567,65
3201,8720,85118,11128,85118,1567,65
3201,8720,85119,11128,85119,1567,65
3201,8720,85120,11128,85120,1567,65
3201,8720,85121,11128,85121,1567,65
3201,8720,85122,11128,85122,1567,65
3201,8720,85123,11128,85123,1567,65
3201,8720,85124,11128,85124,1567,65
3201,8720,85125,11128,85125,1567,65
3201,8720,85126,11128,85126,1567,65
3201,8720,85127,11128,85127,1567,65
3201,8720,85128,11128,85128,1567,65
3201,8720,85129,11128,85129,1567,65
3201,8720,85130,11128,85130,1567,65
3201,8720,85131,11128,85131,1567,65
3201,8720,85132,11128,85132,1567,65
3201,8720,85133,11128,85133,1567,65
3201,8720,85134,11128,85134,1567,65
3201,8720,85135,11128,85135,1567,65
3201,8720,85136,11128,85136,1567,65
3201,8720,85137,11128,85137,1567,65
3201,8720,85138,11128,85138,1567,65
3201,8720,85139,11128,85139,1567,65
3201,8720,85140,11128,85140,1567,65
3201,8720,85141,11128,85141,1567,65
3201,8720,85142,11128,85142,1567,65
3201,8720,85143,11128,85143,1567,65
3201,8720,85144,11128,85144,1567,65
3201,8720,85145,11128,85145,1567,65
3201,8720,85146,11128,85146,1567,65
3201,8720,85147,11128,85147,1567,65
3201,8720,85148,11128,85148,1567,65
3201,8720,85149,11128,85149,1567,65
3201,8720,85150,11128,85150,1567,65
3201,8720,85151,11128,85151,1567,65
3201,8720,85152,11128,85152,1567,65
3201,8720,85153,11128,85153,1567,65
3201,8720,85154,11128,85154,1567,65
3201,8720,85155,11128,85155,1567,65
3201,8720,85156,11128,85156,1567,65
3201,8720,85157,11128,85157,1567,65
3201,8720,85158,11128,85158,1567,65
3201,8720,85159,11128,85159,1567,65
3201,8720,85160,11128,85160,1567,65
3201,8720,85161,11128,85161,1567,65
3201,8720,85162,11128,85162,1567,65
3201,8720,85163,11128,85163,1567,65
3201,8720,85164,11128,85164,1567,65
3201,8720,85165,11128,85165,1567,65
3201,8720,85166,11128,85166,1567,65
3201,8720,85167,11128,85167,1567,65
3201,8720,85168,11128,85168,1567,65
3201,8720,85169,11128,85169,1567,65
3201,8720,85170,11128,85170,1567,65
3201,8720,85171,11128,85171,1567,65
3201,8720,85172,11128,85172,1567,65
3201,8720,85173,11128,85173,1567,65
3201,8720,85174,11128,85174,1567,65
3201,8720,85175,11128,85175,1567,65
3201,8720,85176,11128,85176,1567,65
3201,8720,85177,11128,85177,1567,65
3201,8720,85178,11128,85178,1567,65
3201,8720,85179,11128,85179,1567,65
3201,8720,85180,11128,85180,1567,65
3201,8720,85181,11128,85181,1567,65
3201,8720,85182,11128,85182,1567,65
3201,8720,85183,11128,85183,1567,65
3201,8720,85184,11128,85184,1567,65
3201,8720,85185,11128,85185,1567,65
3201,8720,85186,11128,85186,1567,65
3201,8720,85187,11128,85187,1567,65
3201,8720,85188,11128,85188,1567,65
3201,8720,85189,11128,85189,1567,65
3201,8720,85190,11128,85190,1567,65
3201,8720,85191,11128,85191,1567,65
3201,8720,85192,11128,85192,1567,65
3201,8720,85193,11128,85193,1567,65
3201,8720,85194,11128,85194,1567,65
3201,8720,85195,11128,85195,1567,65
3201,8720,85196,11128,85196,1567,65
3201,8720,85197,11128,85197,1567,65
3201,8720,85198,11128,85198,1567,65
3201,8720,85199,11128,85199,1567,65
3201,8720,85200,11128,85200,1567,65
3201,8720,85201,11128,85201,1567,65
3201,8720,85202,11128,85202,1567,65
3201,8720,85203,11128,85203,1567,65
3201,8720,85204,11128,85204,1567,65
3201,8720,85205,11128,85205,1567,65
3201,8720,85206,11128,85206,1567,65
3201,8720,85207,11128,85207,1567,65
3201,8720,85208,11128,85208,1567,65
3201,8720,85209,11128,85209,1567,65
3201,8720,85210,11128,85210,1567,65
3201,8720,85211,11128,85211,1567,65
3201,8720,85212,11128,85212,1567,65
3201,8720,85213,11128,85213,1567,65
3201,8720,85214,11128,85214,1567,65
3201,8720,85215,11128,85215,1567,65
3201,8720,85216,11128,85216,1567,65
3201,8720,85217,11128,85217,1567,65
3201,8720,85218,11128,85218,1567,65
3201,8720,85219,11128,85219,1567,65
3201,8720,85220,11128,85220,1567,65
3201,8720,85221,11128,85221,1567,65
3201,8720,85222,11128,85222,1567,65
3201,8720,85223,11128,85223,1567,65
3201,8720,85224,11128,85224,1567,65
3201,8720,85225,11128,85225,1567,65
3201,8720,85226,11128,85226,1567,65
3201,8720,85227,11128,85227,1567,65
3201,8720,85228,11128,85228,1567,65
3201,8720,85229,11128,85229,1567,65
3201,8720,85230,11128,85230,1567,65
3201,8720,85231,11128,85231,1567,65
3201,8720,85232,11128,85232,1567,65
3201,8720,85233,11128,85233,1567,65
3201,8720,85234,11128,85234,1567,65
3201,8720,85235,11128,85235,1567,65
3201,8720,85236,11128,85236,1567,65
3201,8720,85237,11128,85237,1567,65
3201,8720,85238,11128,85238,1567,65
3201,8720,85239,11128,85239,1567,65
3201,8720,85240,11128,85240,1567,65
3201,8720,85241,11128,85241,1567,65
3201,8720,85242,11128,85242,1567,65
3201,8720,85243,11128,85243,1567,65
3201,8720,85244,11128,85244,1567,65
3201,8720,85245,11128,85245,1567,65
3201,8720,85246,11128,85246,1567,65
3201,8720,85247,11128,85247,1567,65
3201,8720,85248,11128,85248,1567,65
3201,8720,85249,11128,85249,1567,65
3201,8720,85250,11128,85250,1567,65
3201,8720,85251,11128,85251,1567,65
3201,8720,85252,11128,85252,1567,65
3201,8720,85253,11128,85253,1567,65
3201,8720,85254,11128,85254,1567,65
3201,8720,85255,11128,85255,1567,65
3201,8720,85256,11128,85256,1567,65
3201,8720,85257,11128,85257,1567,65
3201,8720,85258,11128,85258,1567,65
3201,8720,85259,11128,85259,1567,65
3201,8720,85260,11128,85260,1567,65
3201,8720,85261,11128,85261,1567,65
3201,8720,85262,11128,85262,1567,65
3201,8720,85263,11128,85263,1567,65
3201,8720,85264,11128,85264,1567,65
3201,8720,85265,11128,85265,1567,65
3201,8720,85266,11128,85266,1567,65
3201,8720,85267,11128,85267,1567,65
3201,8720,85268,11128,85268,1567,65
3201,8720,85269,11128,85269,1567,65
3201,8720,85270,11128,85270,1567,65
3201,8720,85271,11128,85271,1567,65
3201,8720,85272,11128,85272,1567,65
3201,8720,85273,11128,85273,1567,65
3201,8720,85274,11128,85274,1567,65
3201,8720,85275,11128,85275,1567,65
3201,8720,85276,11128,85276,1567,65
3201,8720,85277,11128,85277,1567,65
3201,8720,85278,11128,85278,1567,65
3201,8720,85279,11128,85279,1567,65
3201,8720,85280,11128,85280,1567,65
3201,8720,85281,11128,85281,1567,65
3201,8720,85282,11128,85282,1567,65
3201,8720,85283,11128,85283,1567,65
3201,8720,85284,11128,85284,1567,65
3201,8720,85285,11128,85285,1567,65
3201,8720,85286,11128,85286,1567,65
3201,8720,85287,11128,85287,1567,65
3201,8720,85288,11128,85288,1567,65
3201,8720,85289,11128,85289,1567,65
3201,8720,85290,11128,85290,1567,65
3201,8720,85291,11128,85291,1567,65
3201,8720,85292,11128,85292,1567,65
3201,8720,85293,11128,85293,1567,65
3201,8720,85294,11128,85294,1567,65
3201,8720,85295,11128,85295,1567,65
3201,8720,85296,11128,85296,1567,65
3201,8720,85297,11128,85297,1567,65
3201,8720,85298,11128,85298,1567,65
3201,8720,85299,11128,85299,1567,65
3201,8720,85300,11128,85300,1567,65
3201,8720,85301,11128,85301,1567,65
3201,8720,85302,11128,85302,1567,65
3201,8720,85303,11128,85303,1567,65
3201,8720,85304,11128,85304,1567,65
3201,8720,85305,11128,85305,1567,65
3201,8720,85306,11128,85306,1567,65
3201,8720,85307,11128,85307,1567,65
3201,8720,85308,11128,85308,1567,65
3201,8720,85309,11128,85309,1567,65
3201,8720,85310,11128,85310,1567,65
3201,8720,85311,11128,85311,1567,65
3201,8720,85312,11128,85312,1567,65
3201,8720,85313,11128,85313,1567,65
3201,8720,85314,11128,85314,1567,65
3201,8720,85315,11128,85315,1567,65
3201,8720,85316,11128,85316,1567,65
3201,8720,85317,11128,85317,1567,65
3201,8720,85318,11128,85318,1567,65
3201,8720,85319,11128,85319,1567,65
3201,8720,85320,11128,85320,1567,65
3201,8720,85321,11128,85321,1567,65
3201,8720,85322,11128,85322,1567,65
3201,8720,85323,11128,85323,1567,65
3201,8720,85324,11128,85324,1567,65
3201,8720,85325,11128,85325,1567,65
3201,8720,85326,11128,85326,1567,65
3201,8720,85327,11128,85327,1567,65
3201,8720,85328,11128,85328,1567,65
3201,8720,85329,11128,85329,1567,65
3201,8720,85330,11128,85330,1567,65
3201,8720,85331,11128,85331,1567,65
3201,8720,85332,11128,85332,1567,65
3201,8720,85333,11128,85333,1567,65
3201,8720,85334,11128,85334,1567,65
3201,8720,85335,11128,85335,1567,65
3201,8720,85336,11128,85336,1567,65
3201,8720,85337,11128,85337,1567,65
3201,8720,85338,11128,85338,1567,65
3201,8720,85339,11128,85339,1567,65
3201,8720,85340,11128,85340,1567,65
3201,8720,85341,11128,85341,1567,65
3201,8720,85342,11128,85342,1567,65
3201,8720,85343,11128,85343,1567,65
3201,8720,85344,11128,85344,1567,65
3201,8720,85345,11128,85345,1567,65
3201,8720,85346,11128,85346,1567,65
3201,8720,85347,11128,85347,1567,65
3201,8720,85348,11128,85348,1567,65
3201,8720,85349,11128,85349,1567,65
3201,8720,85350,11128,85350,1567,65
3201,8720,85351,11128,85351,1567,65
3201,8720,85352,11128,85352,1567,65
3201,8720,85353,11128,85353,1567,65
3201,8720,85354,11128,85354,1567,65
3201,8720,85355,11128,85355,1567,65
3201,8720,85356,11128,85356,1567,65
3201,8720,85357,11128,85357,1567,65
3201,8720,85358,11128,85358,1567,65
3201,8720,85359,11128,85359,1567,65
3201,8720,85360,11128,85360,1567,65
3201,8720,85361,11128,85361,1567,65
3201,8720,85362,11128,85362,1567,65
3201,8720,85363,11128,85363,1567,65
3201,8720,85364,11128,85364,1567,65
3201,8720,85365,11128,85365,1567,65
3201,8720,85366,11128,85366,1567,65
3201,8720,85367,11128,85367,1567,65
3201,8720,85368,11128,85368,1567,65
3201,8720,85369,11128,85369,1567,65
3201,8720,85370,11128,85370,1567,65
3201,8720,85371,11128,85371,1567,65
3201,8720,85372,11128,85372,1567,65
3201,8720,85373,11128,85373,1567,65
3201,8720,85374,11128,85374,1567,65
3201,8720,85375,11128,85375,1567,65
3201,8720,85376,11128,85376,1567,65
3201,8720,85377,11128,85377,1567,65
3201,8720,85378,11128,85378,1567,65
3201,8720,85379,11128,85379,1567,65
3201,8720,85380,11128,85380,1567,65
3201,8720,85381,11128,85381,1567,65
3201,8720,85382,11128,85382,1567,65
3201,8720,85383,11128,85383,1567,65
3201,8720,85384,11128,85384,1567,65
3201,8720,85385,11128,85385,1567,65
3201,8720,85386,11128,85386,1567,65
3201,8720,85387,11128,85387,1567,65
3201,8720,85388,11128,85388,1567,65
3201,8720,85389,11128,85389,1567,65
3201,8720,85390,11128,85390,1567,65
3201,8720,85391,11128,85391,1567,65
3201,8720,85392,11128,85392,1567,65
3201,8720,85393,11128,85393,1567,65
3201,8720,85394,11128,85394,1567,65
3201,8720,85395,11128,85395,1567,65
3201,8720,85396,11128,85396,1567,65
3201,8720,85397,11128,85397,1567,65
3201,8720,85398,11128,85398,1567,65
3201,8720,85399,11128,85399,1567,65
3201,8720,85400,11128,85400,1567,65
3201,8720,85401,11128,85401,1567,65
3201,8720,85402,11128,85402,1567,65
3201,8720,85403,11128,85403,1567,65
3201,8720,85404,11128,85404,1567,65
3201,8720,85405,11128,85405,1567,65
3201,8720,85406,11128,85406,1567,65
3201,8720,85407,11128,85407,1567,65
3201,8720,85408,11128,85408,1567,65
3201,8720,85409,11128,85409,1567,65
3201,8720,85410,11128,85410,1567,65
3201,8720,85411,11128,85411,1567,65
3201,8720,85412,11128,85412,1567,65
3201,8720,85413,11128,85413,1567,65
3201,8720,85414,11128,85414,1567,65
3201,8720,85415,11128,85415,1567,65
3201,8720,85416,11128,85416,1567,65
3201,8720,85417,11128,85417,1567,65
3201,8720,85418,11128,85418,1567,65
3201,8720,85419,11128,85419,1567,65
3201,8720,85420,11128,85420,1567,65
3201,8720,85421,11128,85421,1567,65
3201,8720,85422,11128,85422,1567,65
3201,8720,85423,11128,85423,1567,65
3201,8720,85424,11128,85424,1567,65
3201,8720,85425,11128,85425,1567,65
3201,8720,85426,11128,85426,1567,65
3201,8720,85427,11128,85427,1567,65
3201,8720,85428,11128,85428,1567,65
3201,8720,85429,11128,85429,1567,65
3201,8720,85430,11128,85430,1567,65
3201,8720,85431,11128,85431,1567,65
3201,8720,85432,11128,85432,1567,65
3201,8720,85433,11128,85433,1567,65
3201,8720,85434,11128,85434,1567,65
3201,8720,85435,11128,85435,1567,65
3201,8720,85436,11128,85436,1567,65
3201,8720,85437,11128,85437,1567,65
3201,8720,85438,11128,85438,1567,65
3201,8720,85439,11128,85439,1567,65
3201,8720,85440,11128,85440,1567,65
3201,8720,85441,11128,85441,1567,65
3201,8720,85442,11128,85442,1567,65
3201,8720,85443,11128,85443,1567,65
3201,8720,85444,11128,85444,1567,65
3201,8720,85445,11128,85445,1567,65
3201,8720,85446,11128,85446,1567,65
3201,8720,85447,11128,85447,1567,65
3201,8720,85448,11128,85448,1567,65
3201,8720,85449,11128,85449,1567,65
3201,8720,85450,11128,85450,1567,65
3201,8720,85451,11128,85451,1567,65
3201,8720,85452,11128,85452,1567,65
3201,8720,85453,11128,85453,1567,65
3201,8720,85454,11128,85454,1567,65
3201,8720,85455,11128,85455,1567,65
3201,8720,85456,11128,85456,1567,65
3201,8720,85457,11128,85457,1567,65
3201,8720,85458,11128,85458,1567,65
3201,8720,85459,11128,85459,1567,65
3201,8720,85460,11128,85460,1567,65
3201,8720,85461,11128,85461,1567,65
3201,8720,85462,11128,85462,1567,65
3201,8720,85463,11128,85463,1567,65
3201,8720,85464,11128,85464,1567,65
3201,8720,85465,11128,85465,1567,65
3201,8720,85466,11128,85466,1567,65
3201,8720,85467,11128,85467,1567,65
3201,8720,85468,11128,85468,1567,65
3201,8720,85469,11128,85469,1567,65
3201,8720,85470,11128,85470,1567,65
3201,8720,85471,11128,85471,1567,65
3201,8720,85472,11128,85472,1567,65
3201,8720,85473,11128,85473,1567,65
3201,8720,85474,11128,85474,1567,65
3201,8720,85475,11128,85475,1567,65
3201,8720,85476,11128,85476,1567,65
3201,8720,85477,11128,85477,1567,65
3201,8720,85478,11128,85478,1567,65
3201,8720,85479,11128,85479,1567,65
3201,8720,85480,11128,85480,1567,65
3201,8720,85481,11128,85481,1567,65
3201,8720,85482,11128,85482,1567,65
3201,8720,85483,11128,85483,1567,65
3201,8720,85484,11128,85484,1567,65
3201,8720,85485,11128,85485,1567,65
3201,8720,85486,11128,85486,1567,65
3201,8720,85487,11128,85487,1567,65
3201,8720,85488,11128,85488,1567,65
3201,8720,85489,11128,85489,1567,65
3201,8720,85490,11128,85490,1567,65
3201,8720,85491,11128,85491,1567,65
3201,8720,85492,11128,85492,1567,65
3201,8720,85493,11128,85493,1567,65
3201,8720,85494,11128,85494,1567,65
3201,8720,85495,11128,85495,1567,65
3201,8720,85496,11128,85496,1567,65
3201,8720,85497,11128,85497,1567,65
3201,8720,85498,11128,85498,1567,65
3201,8720,85499,11128,85499,1567,65
3201,8720,85500,11128,85500,1567,65
3201,8720,85501,11128,85501,1567,65
3201,8720,85502,11128,85502,1567,65
3201,8720,85503,11128,85503,1567,65
3201,8720,85504,11128,85504,1567,65
3201,8720,85505,11128,85505,1567,65
3201,8720,85506,11128,85506,1567,65
3201,8720,85507,11128,85507,1567,65
3201,8720,85508,11128,85508,1567,65
3201,8720,85509,11128,85509,1567,65
3201,8720,85510,11128,85510,1567,65
3201,8720,85511,11128,85511,1567,65
3201,8720,85512,11128,85512,1567,65
3201,8720,85513,11128,85513,1567,65
3201,8720,85514,11128,85514,1567,65
3201,8720,85515,11128,85515,1567,65
3201,8720,85516,11128,85516,1567,65
3201,8720,85517,11128,85517,1567,65
3201,8720,85518,11128,85518,1567,65
3201,8720,85519,11128,85519,1567,65
3201,8720,85520,11128,85520,1567,65
3201,8720,85521,11128,85521,1567,65
3201,8720,85522,11128,85522,1567,65
3201,8720,85523,11128,85523,1567,65
3201,8720,85524,11128,85524,1567,65
3201,8720,85525,11128,85525,1567,65
3201,8720,85526,11128,85526,1567,65
3201,8720,85527,11128,85527,1567,65
3201,8720,85528,11128,85528,1567,65
3201,8720,85529,11128,85529,1567,65
3201,8720,85530,11128,85530,1567,65
3201,8720,85531,11128,85531,1567,65
3201,8720,85532,11128,85532,1567,65
3201,8720,85533,11128,85533,1567,65
3201,8720,85534,11128,85534,1567,65
3201,8720,85535,11128,85535,1567,65
3201,8720,85536,11128,85536,1567,65
3201,8720,85537,11128,85537,1567,65
3201,8720,85538,11128,85538,1567,65
3201,8720,85539,11128,85539,1567,65
3201,8720,85540,11128,85540,1567,65
3201,8720,85541,11128,85541,1567,65
3201,8720,85542,11128,85542,1567,65
3201,8720,85543,11128,85543,1567,65
3201,8720,85544,11128,85544,1567,65
3201,8720,85545,11128,85545,1567,65
3201,8720,85546,11128,85546,1567,65
3201,8720,85547,11128,85547,1567,65
3201,8720,85548,11128,85548,1567,65
3201,8720,85549,11128,85549,1567,65
3201,8720,85550,11128,85550,1567,65
3201,8720,85551,11128,85551,1567,65
3201,8720,85552,11128,85552,1567,65
3201,8720,85553,11128,85553,1567,65
3201,8720,85554,11128,85554,1567,65
3201,8720,85555,11128,85555,1567,65
3201,8720,85556,11128,85556,1567,65
3201,8720,85557,11128,85557,1567,65
3201,8720,85558,11128,85558,1567,65
3201,8720,85559,11128,85559,1567,65
3201,8720,85560,11128,85560,1567,65
3201,8720,85561,11128,85561,1567,65
3201,8720,85562,11128,85562,1567,65
3201,8720,85563,11128,85563,1567,65
3201,8720,85564,11128,85564,1567,65
3201,8720,85565,11128,85565,1567,65
3201,8720,85566,11128,85566,1567,65
3201,8720,85567,11128,85567,1567,65
3201,8720,85568,11128,85568,1567,65
3201,8720,85569,11128,85569,1567,65
3201,8720,85570,11128,85570,1567,65
3201,8720,85571,11128,85571,1567,65
3201,8720,85572,11128,85572,1567,65
3201,8720,85573,11128,85573,1567,65
3201,8720,85574,11128,85574,1567,65
3201,8720,85575,11128,85575,1567,65
3201,8720,85576,11128,85576,1567,65
3201,8720,85577,11128,85577,1567,65
3201,8720,85578,11128,85578,1567,65
3201,8720,85579,11128,85579,1567,65
3201,8720,85580,11128,85580,1567,65
3201,8720,85581,11128,85581,1567,65
3201,8720,85582,11128,85582,1567,65
3201,8720,85583,11128,85583,1567,65
3201,8720,85584,11128,85584,1567,65
3201,8720,85585,11128,85585,1567,65
3201,8720,85586,11128,85586,1567,65
3201,8720,85587,11128,85587,1567,65
3201,8720,85588,11128,85588,1567,65
3201,8720,85589,11128,85589,1567,65
3201,8720,85590,11128,85590,1567,65
3201,8720,85591,11128,85591,1567,65
3201,8720,85592,11128,85592,1567,65
3201,8720,85593,11128,85593,1567,65
3201,8720,85594,11128,85594,1567,65
3201,8720,85595,11128,85595,1567,65
3201,8720,85596,11128,85596,1567,65
3201,8720,85597,11128,85597,1567,65
3201,8720,85598,11128,85598,1567,65
3201,8720,85599,11128,85599,1567,65
3201,8720,85600,11128,85600,1567,65
3201,8720,85601,11128,85601,1567,65
3201,8720,85602,11128,85602,1567,65
3201,8720,85603,11128,85603,1567,65
3201,8720,85604,11128,85604,1567,65
3201,8720,85605,11128,85605,1567,65
3201,8720,85606,11128,85606,1567,65
3201,8720,85607,11128,85607,1567,65
3201,8720,85608,11128,85608,1567,65
3201,8720,85609,11128,85609,1567,65
3201,8720,85610,11128,85610,1567,65
3201,8720,85611,11128,85611,1567,65
3201,8720,85612,11128,85612,1567,65
3201,8720,85613,11128,85613,1567,65
3201,8720,85614,11128,85614,1567,65
3201,8720,85615,11128,85615,1567,65
3201,8720,85616,11128,85616,1567,65
3201,8720,85617,11128,85617,1567,65
3201,8720,85618,11128,85618,1567,65
3201,8720,85619,11128,85619,1567,65
3201,8720,85620,11128,85620,1567,65
3201,8720,85621,11128,85621,1567,65
3201,8720,85622,11128,85622,1567,65
3201,8720,85623,11128,85623,1567,65
3201,8720,85624,11128,85624,1567,65
3201,8720,85625,11128,85625,1567,65
3201,8720,85626,11128,85626,1567,65
3201,8720,85627,11128,85627,1567,65
3201,8720,85628,11128,85628,1567,65
3201,8720,85629,11128,85629,1567,65
3201,8720,85630,11128,85630,1567,65
3201,8720,85631,11128,85631,1567,65
3201,8720,85632,11128,85632,1567,65
3201,8720,85633,11128,85633,1567,65
3201,8720,85634,11128,85634,1567,65
3201,8720,85635,11128,85635,1567,65
3201,8720,85636,11128,85636,1567,65
3201,8720,85637,11128,85637,1567,65
3201,8720,85638,11128,85638,1567,65
3201,8720,85639,11128,85639,1567,65
3201,8720,85640,11128,85640,1567,65
3201,8720,85641,11128,85641,1567,65
3201,8720,85642,11128,85642,1567,65
3201,8720,85643,11128,85643,1567,65
3201,8720,85644,11128,85644,1567,65
3201,8720,85645,11128,85645,1567,65
3201,8720,85646,11128,85646,1567,65
3201,8720,85647,11128,85647,1567,65
3201,8720,85648,11128,85648,1567,65
3201,8720,85649,11128,85649,1567,65
3201,8720,85650,11128,85650,1567,65
3201,8720,85651,11128,85651,1567,65
3201,8720,85652,11128,85652,1567,65
3201,8720,85653,11128,85653,1567,65
3201,8720,85654,11128,85654,1567,65
3201,8720,85655,11128,85655,1567,65
3201,8720,85656,11128,85656,1567,65
3201,8720,85657,11128,85657,1567,65
3201,8720,85658,11128,85658,1567,65
3201,8720,85659,11128,85659,1567,65
3201,8720,85660,11128,85660,1567,65
3201,8720,85661,11128,85661,1567,65
3201,8720,85662,11128,85662,1567,65
3201,8720,85663,11128,85663,1567,65
3201,8720,85664,11128,85664,1567,65
3201,8720,85665,11128,85665,1567,65
3201,8720,85666,11128,85666,1567,65
3201,8720,85667,11128,85667,1567,65
3201,8720,85668,11128,85668,1567,65
3201,8720,85669,11128,85669,1567,65
3201,8720,85670,11128,85670,1567,65
3201,8720,85671,11128,85671,1567,65
3201,8720,85672,11128,85672,1567,65
3201,8720,85673,11128,85673,1567,65
3201,8720,85674,11128,85674,1567,65
3201,8720,85675,11128,85675,1567,65
3201,8720,85676,11128,85676,1567,65
3201,8720,85677,11128,85677,1567,65
3201,8720,85678,11128,85678,1567,65
3201,8720,85679,11128,85679,1567,65
3201,8720,85680,11128,85680,1567,65
3201,8720,85681,11128,85681,1567,65
3201,8720,85682,11128,85682,1567,65
3201,8720,85683,11128,85683,1567,65
3201,8720,85684,11128,85684,1567,65
3201,8720,85685,11128,85685,1567,65
3201,8720,85686,11128,85686,1567,65
3201,8720,85687,11128,85687,1567,65
3201,8720,85688,11128,85688,1567,65
3201,8720,85689,11128,85689,1567,65
3201,8720,85690,11128,85690,1567,65
3201,8720,85691,11128,85691,1567,65
3201,8720,85692,11128,85692,1567,65
3201,8720,85693,11128,85693,1567,65
3201,8720,85694,11128,85694,1567,65
3201,8720,85695,11128,85695,1567,65
3201,8720,85696,11128,85696,1567,65
3201,8720,85697,11128,85697,1567,65
3201,8720,85698,11128,85698,1567,65
3201,8720,85699,11128,85699,1567,65
3201,8720,85700,11128,85700,1567,65
3201,8720,85701,11128,85701,1567,65
3201,8720,85702,11128,85702,1567,65
3201,8720,85703,11128,85703,1567,65
3201,8720,85704,11128,85704,1567,65
3201,8720,85705,11128,85705,1567,65
3201,8720,85706,11128,85706,1567,65
3201,8720,85707,11128,85707,1567,65
3201,8720,85708,11128,85708,1567,65
3201,8720,85709,11128,85709,1567,65
3201,8720,85710,11128,85710,1567,65
3201,8720,85711,11128,85711,1567,65
3201,8720,85712,11128,85712,1567,65
3201,8720,85713,11128,85713,1567,65
3201,8720,85714,11128,85714,1567,65
3201,8720,85715,11128,85715,1567,65
3201,8720,85716,11128,85716,1567,65
3201,8720,85717,11128,85717,1567,65
3201,8720,85718,11128,85718,1567,65
3201,8720,85719,11128,85719,1567,65
3201,8720,85720,11128,85720,1567,65
3201,8720,85721,11128,85721,1567,65
3201,8720,85722,11128,85722,1567,65
3201,8720,85723,11128,85723,1567,65
3201,8720,85724,11128,85724,1567,65
3201,8720,85725,11128,85725,1567,65
3201,8720,85726,11128,85726,1567,65
3201,8720,85727,11128,85727,1567,65
3201,8720,85728,11128,85728,1567,65
3201,8720,85729,11128,85729,1567,65
3201,8720,85730,11128,85730,1567,65
3201,8720,85731,11128,85731,1567,65
3201,8720,85732,11128,85732,1567,65
3201,8720,85733,11128,85733,1567,65
3201,8720,85734,11128,85734,1567,65
3201,8720,85735,11128,85735,1567,65
3201,8720,85736,11128,85736,1567,65
3201,8720,85737,11128,85737,1567,65
3201,8720,85738,11128,85738,1567,65
3201,8720,85739,11128,85739,1567,65
3201,8720,85740,11128,85740,1567,65
3201,8720,85741,11128,85741,1567,65
3201,8720,85742,11128,85742,1567,65
3201,8720,85743,11128,85743,1567,65
3201,8720,85744,11128,85744,1567,65
3201,8720,85745,11128,85745,1567,65
3201,8720,85746,11128,85746,1567,65
3201,8720,85747,11128,85747,1567,65
3201,8720,85748,11128,85748,1567,65
3201,8720,85749,11128,85749,1567,65
3201,8720,85750,11128,85750,1567,65
3201,8720,85751,11128,85751,1567,65
3201,8720,85752,11128,85752,1567,65
3201,8720,85753,11128,85753,1567,65
3201,8720,85754,11128,85754,1567,65
3201,8720,85755,11128,85755,1567,65
3201,8720,85756,11128,85756,1567,65
3201,8720,85757,11128,85757,1567,65
3201,8720,85758,11128,85758,1567,65
3201,8720,85759,11128,85759,1567,65
3201,8720,85760,11128,85760,1567,65
3201,8720,85761,11128,85761,1567,65
3201,8720,85762,11128,85762,1567,65
3201,8720,85763,11128,85763,1567,65
3201,8720,85764,11128,85764,1567,65
3201,8720,85765,11128,85765,1567,65
3201,8720,85766,11128,85766,1567,65
3201,8720,85767,11128,85767,1567,65
3201,8720,85768,11128,85768,1567,65
3201,8720,85769,11128,85769,1567,65
3201,8720,85770,11128,85770,1567,65
3201,8720,85771,11128,85771,1567,65
3201,8720,85772,11128,85772,1567,65
3201,8720,85773,11128,85773,1567,65
3201,8720,85774,11128,85774,1567,65
3201,8720,85775,11128,85775,1567,65
3201,8720,85776,11128,85776,1567,65
3201,8720,85777,11128,85777,1567,65
3201,8720,85778,11128,85778,1567,65
3201,8720,85779,11128,85779,1567,65
3201,8720,85780,11128,85780,1567,65
3201,8720,85781,11128,85781,1567,65
3201,8720,85782,11128,85782,1567,65
3201,8720,85783,11128,85783,1567,65
3201,8720,85784,11128,85784,1567,65
3201,8720,85785,11128,85785,1567,65
3201,8720,85786,11128,85786,1567,65
3201,8720,85787,11128,85787,1567,65
3201,8720,85788,11128,85788,1567,65
3201,8720,85789,11128,85789,1567,65
3201,8720,85790,11128,85790,1567,65
3201,8720,85791,11128,85791,1567,65
3201,8720,85792,11128,85792,1567,65
3201,8720,85793,11128,85793,1567,65
3201,8720,85794,11128,85794,1567,65
3201,8720,85795,11128,85795,1567,65
3201,8720,85796,11128,85796,1567,65
3201,8720,85797,11128,85797,1567,65
3201,8720,85798,11128,85798,1567,65
3201,8720,85799,11128,85799,1567,65
3201,8720,85800,11128,85800,1567,65
3201,8720,85801,11128,85801,1567,65
3201,8720,85802,11128,85802,1567,65
3201,8720,85803,11128,85803,1567,65
3201,8720,85804,11128,85804,1567,65
3201,8720,85805,11128,85805,1567,65
3201,8720,85806,11128,85806,1567,65
3201,8720,85807,11128,85807,1567,65
3201,8720,85808,11128,85808,1567,65
3201,8720,85809,11128,85809,1567,65
3201,8720,85810,11128,85810,1567,65
3201,8720,85811,11128,85811,1567,65
3201,8720,85812,11128,85812,1567,65
3201,8720,85813,11128,85813,1567,65
3201,8720,85814,11128,85814,1567,65
3201,8720,85815,11128,85815,1567,65
3201,8720,85816,11128,85816,1567,65
3201,8720,85817,11128,85817,1567,65
3201,8720,85818,11128,85818,1567,65
3201,8720,85819,11128,85819,1567,65
3201,8720,85820,11128,85820,1567,65
3201,8720,85821,11128,85821,1567,65
3201,8720,85822,11128,85822,1567,65
3201,8720,85823,11128,85823,1567,65
3201,8720,85824,11128,85824,1567,65
3201,8720,85825,11128,85825,1567,65
3201,8720,85826,11128,85826,1567,65
3201,8720,85827,11128,85827,1567,65
3201,8720,85828,11128,85828,1567,65
3201,8720,85829,11128,85829,1567,65
3201,8720,85830,11128,85830,1567,65
3201,8720,85831,11128,85831,1567,65
3201,8720,85832,11128,85832,1567,65
3201,8720,85833,11128,85833,1567,65
3201,8720,85834,11128,85834,1567,65
3201,8720,85835,11128,85835,1567,65
3201,8720,85836,11128,85836,1567,65
3201,8720,85837,11128,85837,1567,65
3201,8720,85838,11128,85838,1567,65
3201,8720,85839,11128,85839,1567,65
3201,8720,85840,11128,85840,1567,65
3201,8720,85841,11128,85841,1567,65
3201,8720,85842,11128,85842,1567,65
3201,8720,85843,11128,85843,1567,65
3201,8720,85844,11128,85844,1567,65
3201,8720,85845,11128,85845,1567,65
3201,8720,85846,11128,85846,1567,65
3201,8720,85847,11128,85847,1567,65
3201,8720,85848,11128,85848,1567,65
3201,8720,85849,11128,85849,1567,65
3201,8720,85850,11128,85850,1567,65
3201,8720,85851,11128,85851,1567,65
3201,8720,85852,11128,85852,1567,65
3201,8720,85853,11128,85853,1567,65
3201,8720,85854,11128,85854,1567,65
3201,8720,85855,11128,85855,1567,65
3201,8720,85856,11128,85856,1567,65
3201,8720,85857,11128,85857,1567,65
3201,8720,85858,11128,85858,1567,65
3201,8720,85859,11128,85859,1567,65
3201,8720,85860,11128,85860,1567,65
3201,8720,85861,11128,85861,1567,65
3201,8720,85862,11128,85862,1567,65
3201,8720,85863,11128,85863,1567,65
3201,8720,85864,11128,85864,1567,65
3201,8720,85865,11128,85865,1567,65
3201,8720,85866,11128,85866,1567,65
3201,8720,85867,11128,85867,1567,65
3201,8720,85868,11128,85868,1567,65
3201,8720,85869,11128,85869,1567,65
3201,8720,85870,11128,85870,1567,65
3201,8720,85871,11128,85871,1567,65
3201,8720,85872,11128,85872,1567,65
3201,8720,85873,11128,85873,1567,65
3201,8720,85874,11128,85874,1567,65
3201,8720,85875,11128,85875,1567,65
3201,8720,85876,11128,85876,1567,65
3201,8720,85877,11128,85877,1567,65
3201,8720,85878,11128,85878,1567,65
3201,8720,85879,11128,85879,1567,65
3201,8720,85880,11128,85880,1567,65
3201,8720,85881,11128,85881,1567,65
3201,8720,85882,11128,85882,1567,65
3201,8720,85883,11128,85883,1567,65
3201,8720,85884,11128,85884,1567,65
3201,8720,85885,11128,85885,1567,65
3201,8720,85886,11128,85886,1567,65
3201,8720,85887,11128,85887,1567,65
3201,8720,85888,11128,85888,1567,65
3201,8720,85889,11128,85889,1567,65
3201,8720,85890,11128,85890,1567,65
3201,8720,85891,11128,85891,1567,65
3201,8720,85892,11128,85892,1567,65
3201,8720,85893,11128,85893,1567,65
3201,8720,85894,11128,85894,1567,65
3201,8720,85895,11128,85895,1567,65
3201,8720,85896,11128,85896,1567,65
3201,8720,85897,11128,85897,1567,65
3201,8720,85898,11128,85898,1567,65
3201,8720,85899,11128,85899,1567,65
3201,8720,85900,11128,85900,1567,65
3201,8720,85901,11128,85901,1567,65
3201,8720,85902,11128,85902,1567,65
3201,8720,85903,11128,85903,1567,65
3201,8720,85904,11128,85904,1567,65
3201,8720,85905,11128,85905,1567,65
3201,8720,85906,11128,85906,1567,65
3201,8720,85907,11128,85907,1567,65
3201,8720,85908,11128,85908,1567,65
3201,8720,85909,11128,85909,1567,65
3201,8720,85910,11128,85910,1567,65
3201,8720,85911,11128,85911,1567,65
3201,8720,85912,11128,85912,1567,65
3201,8720,85913,11128,85913,1567,65
3201,8720,85914,11128,85914,1567,65
3201,8720,85915,11128,85915,1567,65
3201,8720,85916,11128,85916,1567,65
3201,8720,85917,11128,85917,1567,65
3201,8720,85918,11128,85918,1567,65
3201,8720,85919,11128,85919,1567,65
3201,8720,85920,11128,85920,1567,65
3201,8720,85921,11128,85921,1567,65
3201,8720,85922,11128,85922,1567,65
3201,8720,85923,11128,85923,1567,65
3201,8720,85924,11128,85924,1567,65
3201,8720,85925,11128,85925,1567,65
3201,8720,85926,11128,85926,1567,65
3201,8720,85927,11128,85927,1567,65
3201,8720,85928,11128,85928,1567,65
3201,8720,85929,11128,85929,1567,65
3201,8720,85930,11128,85930,1567,65
3201,8720,85931,11128,85931,1567,65
3201,8720,85932,11128,85932,1567,65
3201,8720,85933,11128,85933,1567,65
3201,8720,85934,11128,85934,1567,65
3201,8720,85935,11128,85935,1567,65
3201,8720,85936,11128,85936,1567,65
3201,8720,85937,11128,85937,1567,65
3201,8720,85938,11128,85938,1567,65
3201,8720,85939,11128,85939,1567,65
3201,8720,85940,11128,85940,1567,65
3201,8720,85941,11128,85941,1567,65
3201,8720,85942,11128,85942,1567,65
3201,8720,85943,11128,85943,1567,65
3201,8720,85944,11128,85944,1567,65
3201,8720,85945,11128,85945,1567,65
3201,8720,85946,11128,85946,1567,65
3201,8720,85947,11128,85947,1567,65
3201,8720,85948,11128,85948,1567,65
3201,8720,85949,11128,85949,1567,65
3201,8720,85950,11128,85950,1567,65
3201,8720,85951,11128,85951,1567,65
3201,8720,85952,11128,85952,1567,65
3201,8720,85953,11128,85953,1567,65
3201,8720,85954,11128,85954,1567,65
3201,8720,85955,11128,85955,1567,65
3201,8720,85956,11128,85956,1567,65
3201,8720,85957,11128,85957,1567,65
3201,8720,85958,11128,85958,1567,65
3201,8720,85959,11128,85959,1567,65
3201,8720,85960,11128,85960,1567,65
3201,8720,85961,11128,85961,1567,65
3201,8720,85962,11128,85962,1567,65
3201,8720,85963,11128,85963,1567,65
3201,8720,85964,11128,85964,1567,65
3201,8720,85965,11128,85965,1567,65
3201,8720,85966,11128,85966,1567,65
3201,8720,85967,11128,85967,1567,65
3201,8720,85968,11128,85968,1567,65
3201,8720,85969,11128,85969,1567,65
3201,8720,85970,11128,85970,1567,65
3201,8720,85971,11128,85971,1567,65
3201,8720,85972,11128,85972,1567,65
3201,8720,85973,11128,85973,1567,65
3201,8720,85974,11128,85974,1567,65
3201,8720,85975,11128,85975,1567,65
3201,8720,85976,11128,85976,1567,65
3201,8720,85977,11128,85977,1567,65
3201,8720,85978,11128,85978,1567,65
3201,8720,85979,11128,85979,1567,65
3201,8720,85980,11128,85980,1567,65
3201,8720,85981,11128,85981,1567,65
3201,8720,85982,11128,85982,1567,65
3201,8720,85983,11128,85983,1567,65
3201,8720,85984,11128,85984,1567,65
3201,8720,85985,11128,85985,1567,65
3201,8720,85986,11128,85986,1567,65
3201,8720,85987,11128,85987,1567,65
3201,8720,85988,11128,85988,1567,65
3201,8720,85989,11128,85989,1567,65
3201,8720,85990,11128,85990,1567,65
3201,8720,85991,11128,85991,1567,65
3201,8720,85992,11128,85992,1567,65
3201,8720,85993,11128,85993,1567,65
3201,8720,85994,11128,85994,1567,65
3201,8720,85995,11128,85995,1567,65
3201,8720,85996,11128,85996,1567,65
3201,8720,85997,11128,85997,1567,65
3201,8720,85998,11128,85998,1567,65
3201,8720,85999,11128,85999,1567,65
3201,8720,86000,11128,86000,1567,65
3201,8720,86001,11128,86001,1567,65
3201,8720,86002,11128,86002,1567,65
3201,8720,86003,11128,86003,1567,65
3201,8720,86004,11128,86004,1567,65
3201,8720,86005,11128,86005,1567,65
3201,8720,86006,11128,86006,1567,65
3201,8720,86007,11128,86007,1567,65
3201,8720,86008,11128,86008,1567,65
3201,8720,86009,11128,86009,1567,65
3201,8720,86010,11128,86010,1567,65
3201,8720,86011,11128,86011,1567,65
3201,8720,86012,11128,86012,1567,65
3201,8720,86013,11128,86013,1567,65
3201,8720,86014,11128,86014,1567,65
3201,8720,86015,11128,86015,1567,65
3201,8720,86016,11128,86016,1567,65
3201,8720,86017,11128,86017,1567,65
3201,8720,86018,11128,86018,1567,65
3201,8720,86019,11128,86019,1567,65
3201,8720,86020,11128,86020,1567,65
3201,8720,86021,11128,86021,1567,65
3201,8720,86022,11128,86022,1567,65
3201,8720,86023,11128,86023,1567,65
3201,8720,86024,11128,86024,1567,65
3201,8720,86025,11128,86025,1567,65
3201,8720,86026,11128,86026,1567,65
3201,8720,86027,11128,86027,1567,65
3201,8720,86028,11128,86028,1567,65
3201,8720,86029,11128,86029,1567,65
3201,8720,86030,11128,86030,1567,65
3201,8720,86031,11128,86031,1567,65
3201,8720,86032,11128,86032,1567,65
3201,8720,86033,11128,86033,1567,65
3201,8720,86034,11128,86034,1567,65
3201,8720,86035,11128,86035,1567,65
3201,8720,86036,11128,86036,1567,65
3201,8720,86037,11128,86037,1567,65
3201,8720,86038,11128,86038,1567,65
3201,8720,86039,11128,86039,1567,65
3201,8720,86040,11128,86040,1567,65
3201,8720,86041,11128,86041,1567,65
3201,8720,86042,11128,86042,1567,65
3201,8720,86043,11128,86043,1567,65
3201,8720,86044,11128,86044,1567,65
3201,8720,86045,11128,86045,1567,65
3201,8720,86046,11128,86046,1567,65
3201,8720,86047,11128,86047,1567,65
3201,8720,86048,11128,86048,1567,65
3201,8720,86049,11128,86049,1567,65
3201,8720,86050,11128,86050,1567,65
3201,8720,86051,11128,86051,1567,65
3201,8720,86052,11128,86052,1567,65
3201,8720,86053,11128,86053,1567,65
3201,8720,86054,11128,86054,1567,65
3201,8720,86055,11128,86055,1567,65
3201,8720,86056,11128,86056,1567,65
3201,8720,86057,11128,86057,1567,65
3201,8720,86058,11128,86058,1567,65
3201,8720,86059,11128,86059,1567,65
3201,8720,86060,11128,86060,1567,65
3201,8720,86061,11128,86061,1567,65
3201,8720,86062,11128,86062,1567,65
3201,8720,86063,11128,86063,1567,65
3201,8720,86064,11128,86064,1567,65
3201,8720,86065,11128,86065,1567,65
3201,8720,86066,11128,86066,1567,65
3201,8720,86067,11128,86067,1567,65
3201,8720,86068,11128,86068,1567,65
3201,8720,86069,11128,86069,1567,65
3201,8720,86070,11128,86070,1567,65
3201,8720,86071,11128,86071,1567,65
3201,8720,86072,11128,86072,1567,65
3201,8720,86073,11128,86073,1567,65
3201,8720,86074,11128,86074,1567,65
3201,8720,86075,11128,86075,1567,65
3201,8720,86076,11128,86076,1567,65
3201,8720,86077,11128,86077,1567,65
3201,8720,86078,11128,86078,1567,65
3201,8720,86079,11128,86079,1567,65
3201,8720,86080,11128,86080,1567,65
3201,8720,86081,11128,86081,1567,65
3201,8720,86082,11128,86082,1567,65
3201,8720,86083,11128,86083,1567,65
3201,8720,86084,11128,86084,1567,65
3201,8720,86085,11128,86085,1567,65
3201,8720,86086,11128,86086,1567,65
3201,8720,86087,11128,86087,1567,65
3201,8720,86088,11128,86088,1567,65
3201,8720,86089,11128,86089,1567,65
3201,8720,86090,11128,86090,1567,65
3201,8720,86091,11128,86091,1567,65
3201,8720,86092,11128,86092,1567,65
3201,8720,86093,11128,86093,1567,65
3201,8720,86094,11128,86094,1567,65
3201,8720,86095,11128,86095,1567,65
3201,8720,86096,11128,86096,1567,65
3201,8720,86097,11128,86097,1567,65
3201,8720,86098,11128,86098,1567,65
3201,8720,86099,11128,86099,1567,65
3201,8720,86100,11128,86100,1567,65
3201,8720,86101,11128,86101,1567,65
3201,8720,86102,11128,86102,1567,65
3201,8720,86103,11128,86103,1567,65
3201,8720,86104,11128,86104,1567,65
3201,8720,86105,11128,86105,1567,65
3201,8720,86106,11128,86106,1567,65
3201,8720,86107,11128,86107,1567,65
3201,8720,86108,11128,86108,1567,65
3201,8720,86109,11128,86109,1567,65
3201,8720,86110,11128,86110,1567,65
3201,8720,86111,11128,86111,1567,65
3201,8720,86112,11128,86112,1567,65
3201,8720,86113,11128,86113,1567,65
3201,8720,86114,11128,86114,1567,65
3201,8720,86115,11128,86115,1567,65
3201,8720,86116,11128,86116,1567,65
3201,8720,86117,11128,86117,1567,65
3201,8720,86118,11128,86118,1567,65
3201,8720,86119,11128,86119,1567,65
3201,8720,86120,11128,86120,1567,65
3201,8720,86121,11128,86121,1567,65
3201,8720,86122,11128,86122,1567,65
3201,8720,86123,11128,86123,1567,65
3201,8720,86124,11128,86124,1567,65
3201,8720,86125,11128,86125,1567,65
3201,8720,86126,11128,86126,1567,65
3201,8720,86127,11128,86127,1567,65
3201,8720,86128,11128,86128,1567,65
3201,8720,86129,11128,86129,1567,65
3201,8720,86130,11128,86130,1567,65
3201,8720,86131,11128,86131,1567,65
3201,8720,86132,11128,86132,1567,65
3201,8720,86133,11128,86133,1567,65
3201,8720,86134,11128,86134,1567,65
3201,8720,86135,11128,86135,1567,65
3201,8720,86136,11128,86136,1567,65
3201,8720,86137,11128,86137,1567,65
3201,8720,86138,11128,86138,1567,65
3201,8720,86139,11128,86139,1567,65
3201,8720,86140,11128,86140,1567,65
3201,8720,86141,11128,86141,1567,65
3201,8720,86142,11128,86142,1567,65
3201,8720,86143,11128,86143,1567,65
3201,8720,86144,11128,86144,1567,65
3201,8720,86145,11128,86145,1567,65
3201,8720,86146,11128,86146,1567,65
3201,8720,86147,11128,86147,1567,65
3201,8720,86148,11128,86148,1567,65
3201,8720,86149,11128,86149,1567,65
3201,8720,86150,11128,86150,1567,65
3201,8720,86151,11128,86151,1567,65
3201,8720,86152,11128,86152,1567,65
3201,8720,86153,11128,86153,1567,65
3201,8720,86154,11128,86154,1567,65
3201,8720,86155,11128,86155,1567,65
3201,8720,86156,11128,86156,1567,65
3201,8720,86157,11128,86157,1567,65
3201,8720,86158,11128,86158,1567,65
3201,8720,86159,11128,86159,1567,65
3201,8720,86160,11128,86160,1567,65
3201,8720,86161,11128,86161,1567,65
3201,8720,86162,11128,86162,1567,65
3201,8720,86163,11128,86163,1567,65
3201,8720,86164,11128,86164,1567,65
3201,8720,86165,11128,86165,1567,65
3201,8720,86166,11128,86166,1567,65
3201,8720,86167,11128,86167,1567,65
3201,8720,86168,11128,86168,1567,65
3201,8720,86169,11128,86169,1567,65
3201,8720,86170,11128,86170,1567,65
3201,8720,86171,11128,86171,1567,65
3201,8720,86172,11128,86172,1567,65
3201,8720,86173,11128,86173,1567,65
3201,8720,86174,11128,86174,1567,65
3201,8720,86175,11128,86175,1567,65
3201,8720,86176,11128,86176,1567,65
3201,8720,86177,11128,86177,1567,65
3201,8720,86178,11128,86178,1567,65
3201,8720,86179,11128,86179,1567,65
3201,8720,86180,11128,86180,1567,65
3201,8720,86181,11128,86181,1567,65
3201,8720,86182,11128,86182,1567,65
3201,8720,86183,11128,86183,1567,65
3201,8720,86184,11128,86184,1567,65
3201,8720,86185,11128,86185,1567,65
3201,8720,86186,11128,86186,1567,65
3201,8720,86187,11128,86187,1567,65
3201,8720,86188,11128,86188,1567,65
3201,8720,86189,11128,86189,1567,65
3201,8720,86190,11128,86190,1567,65
3201,8720,86191,11128,86191,1567,65
3201,8720,86192,11128,86192,1567,65
3201,8720,86193,11128,86193,1567,65
3201,8720,86194,11128,86194,1567,65
3201,8720,86195,11128,86195,1567,65
3201,8720,86196,11128,86196,1567,65
3201,8720,86197,11128,86197,1567,65
3201,8720,86198,11128,86198,1567,65
3201,8720,86199,11128,86199,1567,65
3201,8720,86200,11128,86200,1567,65
3201,8720,86201,11128,86201,1567,65
3201,8720,86202,11128,86202,1567,65
3201,8720,86203,11128,86203,1567,65
3201,8720,86204,11128,86204,1567,65
3201,8720,86205,11128,86205,1567,65
3201,8720,86206,11128,86206,1567,65
3201,8720,86207,11128,86207,1567,65
3201,8720,86208,11128,86208,1567,65
3201,8720,86209,11128,86209,1567,65
3201,8720,86210,11128,86210,1567,65
3201,8720,86211,11128,86211,1567,65
3201,8720,86212,11128,86212,1567,65
3201,8720,86213,11128,86213,1567,65
3201,8720,86214,11128,86214,1567,65
3201,8720,86215,11128,86215,1567,65
3201,8720,86216,11128,86216,1567,65
3201,8720,86217,11128,86217,1567,65
3201,8720,86218,11128,86218,1567,65
3201,8720,86219,11128,86219,1567,65
3201,8720,86220,11128,86220,1567,65
3201,8720,86221,11128,86221,1567,65
3201,8720,86222,11128,86222,1567,65
3201,8720,86223,11128,86223,1567,65
3201,8720,86224,11128,86224,1567,65
3201,8720,86225,11128,86225,1567,65
3201,8720,86226,11128,86226,1567,65
3201,8720,86227,11128,86227,1567,65
3201,8720,86228,11128,86228,1567,65
3201,8720,86229,11128,86229,1567,65
3201,8720,86230,11128,86230,1567,65
3201,8720,86231,11128,86231,1567,65
3201,8720,86232,11128,86232,1567,65
3201,8720,86233,11128,86233,1567,65
3201,8720,86234,11128,86234,1567,65
3201,8720,86235,11128,86235,1567,65
3201,8720,86236,11128,86236,1567,65
3201,8720,86237,11128,86237,1567,65
3201,8720,86238,11128,86238,1567,65
3201,8720,86239,11128,86239,1567,65
3201,8720,86240,11128,86240,1567,65
3201,8720,86241,11128,86241,1567,65
3201,8720,86242,11128,86242,1567,65
3201,8720,86243,11128,86243,1567,65
3201,8720,86244,11128,86244,1567,65
3201,8720,86245,11128,86245,1567,65
3201,8720,86246,11128,86246,1567,65
3201,8720,86247,11128,86247,1567,65
3201,8720,86248,11128,86248,1567,65
3201,8720,86249,11128,86249,1567,65
3201,8720,86250,11128,86250,1567,65
3201,8720,86251,11128,86251,1567,65
3201,8720,86252,11128,86252,1567,65
3201,8720,86253,11128,86253,1567,65
3201,8720,86254,11128,86254,1567,65
3201,8720,86255,11128,86255,1567,65
3201,8720,86256,11128,86256,1567,65
3201,8720,86257,11128,86257,1567,65
3201,8720,86258,11128,86258,1567,65
3201,8720,86259,11128,86259,1567,65
3201,8720,86260,11128,86260,1567,65
3201,8720,86261,11128,86261,1567,65
3201,8720,86262,11128,86262,1567,65
3201,8720,86263,11128,86263,1567,65
3201,8720,86264,11128,86264,1567,65
3201,8720,86265,11128,86265,1567,65
3201,8720,86266,11128,86266,1567,65
3201,8720,86267,11128,86267,1567,65
3201,8720,86268,11128,86268,1567,65
3201,8720,86269,11128,86269,1567,65
3201,8720,86270,11128,86270,1567,65
3201,8720,86271,11128,86271,1567,65
3201,8720,86272,11128,86272,1567,65
3201,8720,86273,11128,86273,1567,65
3201,8720,86274,11128,86274,1567,65
3201,8720,86275,11128,86275,1567,65
3201,8720,86276,11128,86276,1567,65
3201,8720,86277,11128,86277,1567,65
3201,8720,86278,11128,86278,1567,65
3201,8720,86279,11128,86279,1567,65
3201,8720,86280,11128,86280,1567,65
3201,8720,86281,11128,86281,1567,65
3201,8720,86282,11128,86282,1567,65
3201,8720,86283,11128,86283,1567,65
3201,8720,86284,11128,86284,1567,65
3201,8720,86285,11128,86285,1567,65
3201,8720,86286,11128,86286,1567,65
3201,8720,86287,11128,86287,1567,65
3201,8720,86288,11128,86288,1567,65
3201,8720,86289,11128,86289,1567,65
3201,8720,86290,11128,86290,1567,65
3201,8720,86291,11128,86291,1567,65
3201,8720,86292,11128,86292,1567,65
3201,8720,86293,11128,86293,1567,65
3201,8720,86294,11128,86294,1567,65
3201,8720,86295,11128,86295,1567,65
3201,8720,86296,11128,86296,1567,65
3201,8720,86297,11128,86297,1567,65
3201,8720,86298,11128,86298,1567,65
3201,8720,86299,11128,86299,1567,65
3201,8720,86300,11128,86300,1567,65
3201,8720,86301,11128,86301,1567,65
3201,8720,86302,11128,86302,1567,65
3201,8720,86303,11128,86303,1567,65
3201,8720,86304,11128,86304,1567,65
3201,8720,86305,11128,86305,1567,65
3201,8720,86306,11128,86306,1567,65
3201,8720,86307,11128,86307,1567,65
3201,8720,86308,11128,86308,1567,65
3201,8720,86309,11128,86309,1567,65
3201,8720,86310,11128,86310,1567,65
3201,8720,86311,11128,86311,1567,65
3201,8720,86312,11128,86312,1567,65
3201,8720,86313,11128,86313,1567,65
3201,8720,86314,11128,86314,1567,65
3201,8720,86315,11128,86315,1567,65
3201,8720,86316,11128,86316,1567,65
3201,8720,86317,11128,86317,1567,65
3201,8720,86318,11128,86318,1567,65
3201,8720,86319,11128,86319,1567,65
3201,8720,86320,11128,86320,1567,65
3201,8720,86321,11128,86321,1567,65
3201,8720,86322,11128,86322,1567,65
3201,8720,86323,11128,86323,1567,65
3201,8720,86324,11128,86324,1567,65
3201,8720,86325,11128,86325,1567,65
3201,8720,86326,11128,86326,1567,65
3201,8720,86327,11128,86327,1567,65
3201,8720,86328,11128,86328,1567,65
3201,8720,86329,11128,86329,1567,65
3201,8720,86330,11128,86330,1567,65
3201,8720,86331,11128,86331,1567,65
3201,8720,86332,11128,86332,1567,65
3201,8720,86333,11128,86333,1567,65
3201,8720,86334,11128,86334,1567,65
3201,8720,86335,11128,86335,1567,65
3201,8720,86336,11128,86336,1567,65
3201,8720,86337,11128,86337,1567,65
3201,8720,86338,11128,86338,1567,65
3201,8720,86339,11128,86339,1567,65
3201,8720,86340,11128,86340,1567,65
3201,8720,86341,11128,86341,1567,65
3201,8720,86342,11128,86342,1567,65
3201,8720,86343,11128,86343,1567,65
3201,8720,86344,11128,86344,1567,65
3201,8720,86345,11128,86345,1567,65
3201,8720,86346,11128,86346,1567,65
3201,8720,86347,11128,86347,1567,65
3201,8720,86348,11128,86348,1567,65
3201,8720,86349,11128,86349,1567,65
3201,8720,86350,11128,86350,1567,65
3201,8720,86351,11128,86351,1567,65
3201,8720,86352,11128,86352,1567,65
3201,8720,86353,11128,86353,1567,65
3201,8720,86354,11128,86354,1567,65
3201,8720,86355,11128,86355,1567,65
3201,8720,86356,11128,86356,1567,65
3201,8720,86357,11128,86357,1567,65
3201,8720,86358,11128,86358,1567,65
3201,8720,86359,11128,86359,1567,65
3201,8720,86360,11128,86360,1567,65
3201,8720,86361,11128,86361,1567,65
3201,8720,86362,11128,86362,1567,65
3201,8720,86363,11128,86363,1567,65
3201,8720,86364,11128,86364,1567,65
3201,8720,86365,11128,86365,1567,65
3201,8720,86366,11128,86366,1567,65
3201,8720,86367,11128,86367,1567,65
3201,8720,86368,11128,86368,1567,65
3201,8720,86369,11128,86369,1567,65
3201,8720,86370,11128,86370,1567,65
3201,8720,86371,11128,86371,1567,65
3201,8720,86372,11128,86372,1567,65
3201,8720,86373,11128,86373,1567,65
3201,8720,86374,11128,86374,1567,65
3201,8720,86375,11128,86375,1567,65
3201,8720,86376,11128,86376,1567,65
3201,8720,86377,11128,86377,1567,65
3201,8720,86378,11128,86378,1567,65
3201,8720,86379,11128,86379,1567,65
3201,8720,86380,11128,86380,1567,65
3201,8720,86381,11128,86381,1567,65
3201,8720,86382,11128,86382,1567,65
3201,8720,86383,11128,86383,1567,65
3201,8720,86384,11128,86384,1567,65
3201,8720,86385,11128,86385,1567,65
3201,8720,86386,11128,86386,1567,65
3201,8720,86387,11128,86387,1567,65
3201,8720,86388,11128,86388,1567,65
3201,8720,86389,11128,86389,1567,65
3201,8720,86390,11128,86390,1567,65
3201,8720,86391,11128,86391,1567,65
3201,8720,86392,11128,86392,1567,65
3201,8720,86393,11128,86393,1567,65
3201,8720,86394,11128,86394,1567,65
3201,8720,86395,11128,86395,1567,65
3201,8720,86396,11128,86396,1567,65
3201,8720,86397,11128,86397,1567,65
3201,8720,86398,11128,86398,1567,65
3201,8720,86399,11128,86399,1567,65
3201,8720,86400,11128,86400,1567,65
3201,8720,86401,11128,86401,1567,65
3201,8720,86402,11128,86402,1567,65
3201,8720,86403,11128,86403,1567,65
3201,8720,86404,11128,86404,1567,65
3201,8720,86405,11128,86405,1567,65
3201,8720,86406,11128,86406,1567,65
3201,8720,86407,11128,86407,1567,65
3201,8720,86408,11128,86408,1567,65
3201,8720,86409,11128,86409,1567,65
3201,8720,86410,11128,86410,1567,65
3201,8720,86411,11128,86411,1567,65
3201,8720,86412,11128,86412,1567,65
3201,8720,86413,11128,86413,1567,65
3201,8720,86414,11128,86414,1567,65
3201,8720,86415,11128,86415,1567,65
3201,8720,86416,11128,86416,1567,65
3201,8720,86417,11128,86417,1567,65
3201,8720,86418,11128,86418,1567,65
3201,8720,86419,11128,86419,1567,65
3201,8720,86420,11128,86420,1567,65
3201,8720,86421,11128,86421,1567,65
3201,8720,86422,11128,86422,1567,65
3201,8720,86423,11128,86423,1567,65
3201,8720,86424,11128,86424,1567,65
3201,8720,86425,11128,86425,1567,65
3201,8720,86426,11128,86426,1567,65
3201,8720,86427,11128,86427,1567,65
3201,8720,86428,11128,86428,1567,65
3201,8720,86429,11128,86429,1567,65
3201,8720,86430,11128,86430,1567,65
3201,8720,86431,11128,86431,1567,65
3201,8720,86432,11128,86432,1567,65
3201,8720,86433,11128,86433,1567,65
3201,8720,86434,11128,86434,1567,65
3201,8720,86435,11128,86435,1567,65
3201,8720,86436,11128,86436,1567,65
3201,8720,86437,11128,86437,1567,65
3201,8720,86438,11128,86438,1567,65
3201,8720,86439,11128,86439,1567,65
3201,8720,86440,11128,86440,1567,65
3201,8720,86441,11128,86441,1567,65
3201,8720,86442,11128,86442,1567,65
3201,8720,86443,11128,86443,1567,65
3201,8720,86444,11128,86444,1567,65
3201,8720,86445,11128,86445,1567,65
3201,8720,86446,11128,86446,1567,65
3201,8720,86447,11128,86447,1567,65
3201,8720,86448,11128,86448,1567,65
3201,8720,86449,11128,86449,1567,65
3201,8720,86450,11128,86450,1567,65
3201,8720,86451,11128,86451,1567,65
3201,8720,86452,11128,86452,1567,65
3201,8720,86453,11128,86453,1567,65
3201,8720,86454,11128,86454,1567,65
3201,8720,86455,11128,86455,1567,65
3201,8720,86456,11128,86456,1567,65
3201,8720,86457,11128,86457,1567,65
3201,8720,86458,11128,86458,1567,65
3201,8720,86459,11128,86459,1567,65
3201,8720,86460,11128,86460,1567,65
3201,8720,86461,11128,86461,1567,65
3201,8720,86462,11128,86462,1567,65
3201,8720,86463,11128,86463,1567,65
3201,8720,86464,11128,86464,1567,65
3201,8720,86465,11128,86465,1567,65
3201,8720,86466,11128,86466,1567,65
3201,8720,86467,11128,86467,1567,65
3201,8720,86468,11128,86468,1567,65
3201,8720,86469,11128,86469,1567,65
3201,8720,86470,11128,86470,1567,65
3201,8720,86471,11128,86471,1567,65
3201,8720,86472,11128,86472,1567,65
3201,8720,86473,11128,86473,1567,65
3201,8720,86474,11128,86474,1567,65
3201,8720,86475,11128,86475,1567,65
3201,8720,86476,11128,86476,1567,65
3201,8720,86477,11128,86477,1567,65
3201,8720,86478,11128,86478,1567,65
3201,8720,86479,11128,86479,1567,65
3201,8720,86480,11128,86480,1567,65
3201,8720,86481,11128,86481,1567,65
3201,8720,86482,11128,86482,1567,65
3201,8720,86483,11128,86483,1567,65
3201,8720,86484,11128,86484,1567,65
3201,8720,86485,11128,86485,1567,65
3201,8720,86486,11128,86486,1567,65
3201,8720,86487,11128,86487,1567,65
3201,8720,86488,11128,86488,1567,65
3201,8720,86489,11128,86489,1567,65
3201,8720,86490,11128,86490,1567,65
3201,8720,86491,11128,86491,1567,65
3201,8720,86492,11128,86492,1567,65
3201,8720,86493,11128,86493,1567,65
3201,8720,86494,11128,86494,1567,65
3201,8720,86495,11128,86495,1567,65
3201,8720,86496,11128,86496,1567,65
3201,8720,86497,11128,86497,1567,65
3201,8720,86498,11128,86498,1567,65
3201,8720,86499,11128,86499,1567,65
3201,8720,86500,11128,86500,1567,65
3201,8720,86501,11128,86501,1567,65
3201,8720,86502,11128,86502,1567,65
3201,8720,86503,11128,86503,1567,65
3201,8720,86504,11128,86504,1567,65
3201,8720,86505,11128,86505,1567,65
3201,8720,86506,11128,86506,1567,65
3201,8720,86507,11128,86507,1567,65
3201,8720,86508,11128,86508,1567,65
3201,8720,86509,11128,86509,1567,65
3201,8720,86510,11128,86510,1567,65
3201,8720,86511,11128,86511,1567,65
3201,8720,86512,11128,86512,1567,65
3201,8720,86513,11128,86513,1567,65
3201,8720,86514,11128,86514,1567,65
3201,8720,86515,11128,86515,1567,65
3201,8720,86516,11128,86516,1567,65
3201,8720,86517,11128,86517,1567,65
3201,8720,86518,11128,86518,1567,65
3201,8720,86519,11128,86519,1567,65
3201,8720,86520,11128,86520,1567,65
3201,8720,86521,11128,86521,1567,65
3201,8720,86522,11128,86522,1567,65
3201,8720,86523,11128,86523,1567,65
3201,8720,86524,11128,86524,1567,65
3201,8720,86525,11128,86525,1567,65
3201,8720,86526,11128,86526,1567,65
3201,8720,86527,11128,86527,1567,65
3201,8720,86528,11128,86528,1567,65
3201,8720,86529,11128,86529,1567,65
3201,8720,86530,11128,86530,1567,65
3201,8720,86531,11128,86531,1567,65
3201,8720,86532,11128,86532,1567,65
3201,8720,86533,11128,86533,1567,65
3201,8720,86534,11128,86534,1567,65
3201,8720,86535,11128,86535,1567,65
3201,8720,86536,11128,86536,1567,65
3201,8720,86537,11128,86537,1567,65
3201,8720,86538,11128,86538,1567,65
3201,8720,86539,11128,86539,1567,65
3201,8720,86540,11128,86540,1567,65
3201,8720,86541,11128,86541,1567,65
3201,8720,86542,11128,86542,1567,65
3201,8720,86543,11128,86543,1567,65
3201,8720,86544,11128,86544,1567,65
3201,8720,86545,11128,86545,1567,65
3201,8720,86546,11128,86546,1567,65
3201,8720,86547,11128,86547,1567,65
3201,8720,86548,11128,86548,1567,65
3201,8720,86549,11128,86549,1567,65
3201,8720,86550,11128,86550,1567,65
3201,8720,86551,11128,86551,1567,65
3201,8720,86552,11128,86552,1567,65
3201,8720,86553,11128,86553,1567,65
3201,8720,86554,11128,86554,1567,65
3201,8720,86555,11128,86555,1567,65
3201,8720,86556,11128,86556,1567,65
3201,8720,86557,11128,86557,1567,65
3201,8720,86558,11128,86558,1567,65
3201,8720,86559,11128,86559,1567,65
3201,8720,86560,11128,86560,1567,65
3201,8720,86561,11128,86561,1567,65
3201,8720,86562,11128,86562,1567,65
3201,8720,86563,11128,86563,1567,65
3201,8720,86564,11128,86564,1567,65
3201,8720,86565,11128,86565,1567,65
3201,8720,86566,11128,86566,1567,65
3201,8720,86567,11128,86567,1567,65
3201,8720,86568,11128,86568,1567,65
3201,8720,86569,11128,86569,1567,65
3201,8720,86570,11128,86570,1567,65
3201,8720,86571,11128,86571,1567,65
3201,8720,86572,11128,86572,1567,65
3201,8720,86573,11128,86573,1567,65
3201,8720,86574,11128,86574,1567,65
3201,8720,86575,11128,86575,1567,65
3201,8720,86576,11128,86576,1567,65
3201,8720,86577,11128,86577,1567,65
3201,8720,86578,11128,86578,1567,65
3201,8720,86579,11128,86579,1567,65
3201,8720,86580,11128,86580,1567,65
3201,8720,86581,11128,86581,1567,65
3201,8720,86582,11128,86582,1567,65
3201,8720,86583,11128,86583,1567,65
3201,8720,86584,11128,86584,1567,65
3201,8720,86585,11128,86585,1567,65
3201,8720,86586,11128,86586,1567,65
3201,8720,86587,11128,86587,1567,65
3201,8720,86588,11128,86588,1567,65
3201,8720,86589,11128,86589,1567,65
3201,8720,86590,11128,86590,1567,65
3201,8720,86591,11128,86591,1567,65
3201,8720,86592,11128,86592,1567,65
3201,8720,86593,11128,86593,1567,65
3201,8720,86594,11128,86594,1567,65
3201,8720,86595,11128,86595,1567,65
3201,8720,86596,11128,86596,1567,65
3201,8720,86597,11128,86597,1567,65
3201,8720,86598,11128,86598,1567,65
3201,8720,86599,11128,86599,1567,65
3201,8720,86600,11128,86600,1567,65
3201,8720,86601,11128,86601,1567,65
3201,8720,86602,11128,86602,1567,65
3201,8720,86603,11128,86603,1567,65
3201,8720,86604,11128,86604,1567,65
3201,8720,86605,11128,86605,1567,65
3201,8720,86606,11128,86606,1567,65
3201,8720,86607,11128,86607,1567,65
3201,8720,86608,11128,86608,1567,65
3201,8720,86609,11128,86609,1567,65
3201,8720,86610,11128,86610,1567,65
3201,8720,86611,11128,86611,1567,65
3201,8720,86612,11128,86612,1567,65
3201,8720,86613,11128,86613,1567,65
3201,8720,86614,11128,86614,1567,65
3201,8720,86615,11128,86615,1567,65
3201,8720,86616,11128,86616,1567,65
3201,8720,86617,11128,86617,1567,65
3201,8720,86618,11128,86618,1567,65
3201,8720,86619,11128,86619,1567,65
3201,8720,86620,11128,86620,1567,65
3201,8720,86621,11128,86621,1567,65
3201,8720,86622,11128,86622,1567,65
3201,8720,86623,11128,86623,1567,65
3201,8720,86624,11128,86624,1567,65
3201,8720,86625,11128,86625,1567,65
3201,8720,86626,11128,86626,1567,65
3201,8720,86627,11128,86627,1567,65
3201,8720,86628,11128,86628,1567,65
3201,8720,86629,11128,86629,1567,65
3201,8720,86630,11128,86630,1567,65
3201,8720,86631,11128,86631,1567,65
3201,8720,86632,11128,86632,1567,65
3201,8720,86633,11128,86633,1567,65
3201,8720,86634,11128,86634,1567,65
3201,8720,86635,11128,86635,1567,65
3201,8720,86636,11128,86636,1567,65
3201,8720,86637,11128,86637,1567,65
3201,8720,86638,11128,86638,1567,65
3201,8720,86639,11128,86639,1567,65
3201,8720,86640,11128,86640,1567,65
3201,8720,86641,11128,86641,1567,65
3201,8720,86642,11128,86642,1567,65
3201,8720,86643,11128,86643,1567,65
3201,8720,86644,11128,86644,1567,65
3201,8720,86645,11128,86645,1567,65
3201,8720,86646,11128,86646,1567,65
3201,8720,86647,11128,86647,1567,65
3201,8720,86648,11128,86648,1567,65
3201,8720,86649,11128,86649,1567,65
3201,8720,86650,11128,86650,1567,65
3201,8720,86651,11128,86651,1567,65
3201,8720,86652,11128,86652,1567,65
3201,8720,86653,11128,86653,1567,65
3201,8720,86654,11128,86654,1567,65
3201,8720,86655,11128,86655,1567,65
3201,8720,86656,11128,86656,1567,65
3201,8720,86657,11128,86657,1567,65
3201,8720,86658,11128,86658,1567,65
3201,8720,86659,11128,86659,1567,65
3201,8720,86660,11128,86660,1567,65
3201,8720,86661,11128,86661,1567,65
3201,8720,86662,11128,86662,1567,65
3201,8720,86663,11128,86663,1567,65
3201,8720,86664,11128,86664,1567,65
3201,8720,86665,11128,86665,1567,65
3201,8720,86666,11128,86666,1567,65
3201,8720,86667,11128,86667,1567,65
3201,8720,86668,11128,86668,1567,65
3201,8720,86669,11128,86669,1567,65
3201,8720,86670,11128,86670,1567,65
3201,8720,86671,11128,86671,1567,65
3201,8720,86672,11128,86672,1567,65
3201,8720,86673,11128,86673,1567,65
3201,8720,86674,11128,86674,1567,65
3201,8720,86675,11128,86675,1567,65
3201,8720,86676,11128,86676,1567,65
3201,8720,86677,11128,86677,1567,65
3201,8720,86678,11128,86678,1567,65
3201,8720,86679,11128,86679,1567,65
3201,8720,86680,11128,86680,1567,65
3201,8720,86681,11128,86681,1567,65
3201,8720,86682,11128,86682,1567,65
3201,8720,86683,11128,86683,1567,65
3201,8720,86684,11128,86684,1567,65
3201,8720,86685,11128,86685,1567,65
3201,8720,86686,11128,86686,1567,65
3201,8720,86687,11128,86687,1567,65
3201,8720,86688,11128,86688,1567,65
3201,8720,86689,11128,86689,1567,65
3201,8720,86690,11128,86690,1567,65
3201,8720,86691,11128,86691,1567,65
3201,8720,86692,11128,86692,1567,65
3201,8720,86693,11128,86693,1567,65
3201,8720,86694,11128,86694,1567,65
3201,8720,86695,11128,86695,1567,65
3201,8720,86696,11128,86696,1567,65
3201,8720,86697,11128,86697,1567,65
3201,8720,86698,11128,86698,1567,65
3201,8720,86699,11128,86699,1567,65
3201,8720,86700,11128,86700,1567,65
3201,8720,86701,11128,86701,1567,65
3201,8720,86702,11128,86702,1567,65
3201,8720,86703,11128,86703,1567,65
3201,8720,86704,11128,86704,1567,65
3201,8720,86705,11128,86705,1567,65
3201,8720,86706,11128,86706,1567,65
3201,8720,86707,11128,86707,1567,65
3201,8720,86708,11128,86708,1567,65
3201,8720,86709,11128,86709,1567,65
3201,8720,86710,11128,86710,1567,65
3201,8720,86711,11128,86711,1567,65
3201,8720,86712,11128,86712,1567,65
3201,8720,86713,11128,86713,1567,65
3201,8720,86714,11128,86714,1567,65
3201,8720,86715,11128,86715,1567,65
3201,8720,86716,11128,86716,1567,65
3201,8720,86717,11128,86717,1567,65
3201,8720,86718,11128,86718,1567,65
3201,8720,86719,11128,86719,1567,65
3201,8720,86720,11128,86720,1567,65
3201,8720,86721,11128,86721,1567,65
3201,8720,86722,11128,86722,1567,65
3201,8720,86723,11128,86723,1567,65
3201,8720,86724,11128,86724,1567,65
3201,8720,86725,11128,86725,1567,65
3201,8720,86726,11128,86726,1567,65
3201,8720,86727,11128,86727,1567,65
3201,8720,86728,11128,86728,1567,65
3201,8720,86729,11128,86729,1567,65
3201,8720,86730,11128,86730,1567,65
3201,8720,86731,11128,86731,1567,65
3201,8720,86732,11128,86732,1567,65
3201,8720,86733,11128,86733,1567,65
3201,8720,86734,11128,86734,1567,65
3201,8720,86735,11128,86735,1567,65
3201,8720,86736,11128,86736,1567,65
3201,8720,86737,11128,86737,1567,65
3201,8720,86738,11128,86738,1567,65
3201,8720,86739,11128,86739,1567,65
3201,8720,86740,11128,86740,1567,65
3201,8720,86741,11128,86741,1567,65
3201,8720,86742,11128,86742,1567,65
3201,8720,86743,11128,86743,1567,65
3201,8720,86744,11128,86744,1567,65
3201,8720,86745,11128,86745,1567,65
3201,8720,86746,11128,86746,1567,65
3201,8720,86747,11128,86747,1567,65
3201,8720,86748,11128,86748,1567,65
3201,8720,86749,11128,86749,1567,65
3201,8720,86750,11128,86750,1567,65
3201,8720,86751,11128,86751,1567,65
3201,8720,86752,11128,86752,1567,65
3201,8720,86753,11128,86753,1567,65
3201,8720,86754,11128,86754,1567,65
3201,8720,86755,11128,86755,1567,65
3201,8720,86756,11128,86756,1567,65
3201,8720,86757,11128,86757,1567,65
3201,8720,86758,11128,86758,1567,65
3201,8720,86759,11128,86759,1567,65
3201,8720,86760,11128,86760,1567,65
3201,8720,86761,11128,86761,1567,65
3201,8720,86762,11128,86762,1567,65
3201,8720,86763,11128,86763,1567,65
3201,8720,86764,11128,86764,1567,65
3201,8720,86765,11128,86765,1567,65
3201,8720,86766,11128,86766,1567,65
3201,8720,86767,11128,86767,1567,65
3201,8720,86768,11128,86768,1567,65
3201,8720,86769,11128,86769,1567,65
3201,8720,86770,11128,86770,1567,65
3201,8720,86771,11128,86771,1567,65
3201,8720,86772,11128,86772,1567,65
3201,8720,86773,11128,86773,1567,65
3201,8720,86774,11128,86774,1567,65
3201,8720,86775,11128,86775,1567,65
3201,8720,86776,11128,86776,1567,65
3201,8720,86777,11128,86777,1567,65
3201,8720,86778,11128,86778,1567,65
3201,8720,86779,11128,86779,1567,65
3201,8720,86780,11128,86780,1567,65
3201,8720,86781,11128,86781,1567,65
3201,8720,86782,11128,86782,1567,65
3201,8720,86783,11128,86783,1567,65
3201,8720,86784,11128,86784,1567,65
3201,8720,86785,11128,86785,1567,65
3201,8720,86786,11128,86786,1567,65
3201,8720,86787,11128,86787,1567,65
3201,8720,86788,11128,86788,1567,65
3201,8720,86789,11128,86789,1567,65
3201,8720,86790,11128,86790,1567,65
3201,8720,86791,11128,86791,1567,65
3201,8720,86792,11128,86792,1567,65
3201,8720,86793,11128,86793,1567,65
3201,8720,86794,11128,86794,1567,65
3201,8720,86795,11128,86795,1567,65
3201,8720,86796,11128,86796,1567,65
3201,8720,86797,11128,86797,1567,65
3201,8720,86798,11128,86798,1567,65
3201,8720,86799,11128,86799,1567,65
3201,8720,86800,11128,86800,1567,65
3201,8720,86801,11128,86801,1567,65
3201,8720,86802,11128,86802,1567,65
3201,8720,86803,11128,86803,1567,65
3201,8720,86804,11128,86804,1567,65
3201,8720,86805,11128,86805,1567,65
3201,8720,86806,11128,86806,1567,65
3201,8720,86807,11128,86807,1567,65
3201,8720,86808,11128,86808,1567,65
3201,8720,86809,11128,86809,1567,65
3201,8720,86810,11128,86810,1567,65
3201,8720,86811,11128,86811,1567,65
3201,8720,86812,11128,86812,1567,65
3201,8720,86813,11128,86813,1567,65
3201,8720,86814,11128,86814,1567,65
3201,8720,86815,11128,86815,1567,65
3201,8720,86816,11128,86816,1567,65
3201,8720,86817,11128,86817,1567,65
3201,8720,86818,11128,86818,1567,65
3201,8720,86819,11128,86819,1567,65
3201,8720,86820,11128,86820,1567,65
3201,8720,86821,11128,86821,1567,65
3201,8720,86822,11128,86822,1567,65
3201,8720,86823,11128,86823,1567,65
3201,8720,86824,11128,86824,1567,65
3201,8720,86825,11128,86825,1567,65
3201,8720,86826,11128,86826,1567,65
3201,8720,86827,11128,86827,1567,65
3201,8720,86828,11128,86828,1567,65
3201,8720,86829,11128,86829,1567,65
3201,8720,86830,11128,86830,1567,65
3201,8720,86831,11128,86831,1567,65
3201,8720,86832,11128,86832,1567,65
3201,8720,86833,11128,86833,1567,65
3201,8720,86834,11128,86834,1567,65
3201,8720,86835,11128,86835,1567,65
3201,8720,86836,11128,86836,1567,65
3201,8720,86837,11128,86837,1567,65
3201,8720,86838,11128,86838,1567,65
3201,8720,86839,11128,86839,1567,65
3201,8720,86840,11128,86840,1567,65
3201,8720,86841,11128,86841,1567,65
3201,8720,86842,11128,86842,1567,65
3201,8720,86843,11128,86843,1567,65
3201,8720,86844,11128,86844,1567,65
3201,8720,86845,11128,86845,1567,65
3201,8720,86846,11128,86846,1567,65
3201,8720,86847,11128,86847,1567,65
3201,8720,86848,11128,86848,1567,65
3201,8720,86849,11128,86849,1567,65
3201,8720,86850,11128,86850,1567,65
3201,8720,86851,11128,86851,1567,65
3201,8720,86852,11128,86852,1567,65
3201,8720,86853,11128,86853,1567,65
3201,8720,86854,11128,86854,1567,65
3201,8720,86855,11128,86855,1567,65
3201,8720,86856,11128,86856,1567,65
3201,8720,86857,11128,86857,1567,65
3201,8720,86858,11128,86858,1567,65
3201,8720,86859,11128,86859,1567,65
3201,8720,86860,11128,86860,1567,65
3201,8720,86861,11128,86861,1567,65
3201,8720,86862,11128,86862,1567,65
3201,8720,86863,11128,86863,1567,65
3201,8720,86864,11128,86864,1567,65
3201,8720,86865,11128,86865,1567,65
3201,8720,86866,11128,86866,1567,65
3201,8720,86867,11128,86867,1567,65
3201,8720,86868,11128,86868,1567,65
3201,8720,86869,11128,86869,1567,65
3201,8720,86870,11128,86870,1567,65
3201,8720,86871,11128,86871,1567,65
3201,8720,86872,11128,86872,1567,65
3201,8720,86873,11128,86873,1567,65
3201,8720,86874,11128,86874,1567,65
3201,8720,86875,11128,86875,1567,65
3201,8720,86876,11128,86876,1567,65
3201,8720,86877,11128,86877,1567,65
3201,8720,86878,11128,86878,1567,65
3201,8720,86879,11128,86879,1567,65
3201,8720,86880,11128,86880,1567,65
3201,8720,86881,11128,86881,1567,65
3201,8720,86882,11128,86882,1567,65
3201,8720,86883,11128,86883,1567,65
3201,8720,86884,11128,86884,1567,65
3201,8720,86885,11128,86885,1567,65
3201,8720,86886,11128,86886,1567,65
3201,8720,86887,11128,86887,1567,65
3201,8720,86888,11128,86888,1567,65
3201,8720,86889,11128,86889,1567,65
3201,8720,86890,11128,86890,1567,65
3201,8720,86891,11128,86891,1567,65
3201,8720,86892,11128,86892,1567,65
3201,8720,86893,11128,86893,1567,65
3201,8720,86894,11128,86894,1567,65
3201,8720,86895,11128,86895,1567,65
3201,8720,86896,11128,86896,1567,65
3201,8720,86897,11128,86897,1567,65
3201,8720,86898,11128,86898,1567,65
3201,8720,86899,11128,86899,1567,65
3201,8720,86900,11128,86900,1567,65
3201,8720,86901,11128,86901,1567,65
3201,8720,86902,11128,86902,1567,65
3201,8720,86903,11128,86903,1567,65
3201,8720,86904,11128,86904,1567,65
3201,8720,86905,11128,86905,1567,65
3201,8720,86906,11128,86906,1567,65
3201,8720,86907,11128,86907,1567,65
3201,8720,86908,11128,86908,1567,65
3201,8720,86909,11128,86909,1567,65
3201,8720,86910,11128,86910,1567,65
3201,8720,86911,11128,86911,1567,65
3201,8720,86912,11128,86912,1567,65
3201,8720,86913,11128,86913,1567,65
3201,8720,86914,11128,86914,1567,65
3201,8720,86915,11128,86915,1567,65
3201,8720,86916,11128,86916,1567,65
3201,8720,86917,11128,86917,1567,65
3201,8720,86918,11128,86918,1567,65
3201,8720,86919,11128,86919,1567,65
3201,8720,86920,11128,86920,1567,65
3201,8720,86921,11128,86921,1567,65
3201,8720,86922,11128,86922,1567,65
3201,8720,86923,11128,86923,1567,65
3201,8720,86924,11128,86924,1567,65
3201,8720,86925,11128,86925,1567,65
3201,8720,86926,11128,86926,1567,65
3201,8720,86927,11128,86927,1567,65
3201,8720,86928,11128,86928,1567,65
3201,8720,86929,11128,86929,1567,65
3201,8720,86930,11128,86930,1567,65
3201,8720,86931,11128,86931,1567,65
3201,8720,86932,11128,86932,1567,65
3201,8720,86933,11128,86933,1567,65
3201,8720,86934,11128,86934,1567,65
3201,8720,86935,11128,86935,1567,65
3201,8720,86936,11128,86936,1567,65
3201,8720,86937,11128,86937,1567,65
3201,8720,86938,11128,86938,1567,65
3201,8720,86939,11128,86939,1567,65
3201,8720,86940,11128,86940,1567,65
3201,8720,86941,11128,86941,1567,65
3201,8720,86942,11128,86942,1567,65
3201,8720,86943,11128,86943,1567,65
3201,8720,86944,11128,86944,1567,65
3201,8720,86945,11128,86945,1567,65
3201,8720,86946,11128,86946,1567,65
3201,8720,86947,11128,86947,1567,65
3201,8720,86948,11128,86948,1567,65
3201,8720,86949,11128,86949,1567,65
3201,8720,86950,11128,86950,1567,65
3201,8720,86951,11128,86951,1567,65
3201,8720,86952,11128,86952,1567,65
3201,8720,86953,11128,86953,1567,65
3201,8720,86954,11128,86954,1567,65
3201,8720,86955,11128,86955,1567,65
3201,8720,86956,11128,86956,1567,65
3201,8720,86957,11128,86957,1567,65
3201,8720,86958,11128,86958,1567,65
3201,8720,86959,11128,86959,1567,65
3201,8720,86960,11128,86960,1567,65
3201,8720,86961,11128,86961,1567,65
3201,8720,86962,11128,86962,1567,65
3201,8720,86963,11128,86963,1567,65
3201,8720,86964,11128,86964,1567,65
3201,8720,86965,11128,86965,1567,65
3201,8720,86966,11128,86966,1567,65
3201,8720,86967,11128,86967,1567,65
3201,8720,86968,11128,86968,1567,65
3201,8720,86969,11128,86969,1567,65
3201,8720,86970,11128,86970,1567,65
3201,8720,86971,11128,86971,1567,65
3201,8720,86972,11128,86972,1567,65
3201,8720,86973,11128,86973,1567,65
3201,8720,86974,11128,86974,1567,65
3201,8720,86975,11128,86975,1567,65
3201,8720,86976,11128,86976,1567,65
3201,8720,86977,11128,86977,1567,65
3201,8720,86978,11128,86978,1567,65
3201,8720,86979,11128,86979,1567,65
3201,8720,86980,11128,86980,1567,65
3201,8720,86981,11128,86981,1567,65
3201,8720,86982,11128,86982,1567,65
3201,8720,86983,11128,86983,1567,65
3201,8720,86984,11128,86984,1567,65
3201,8720,86985,11128,86985,1567,65
3201,8720,86986,11128,86986,1567,65
3201,8720,86987,11128,86987,1567,65
3201,8720,86988,11128,86988,1567,65
3201,8720,86989,11128,86989,1567,65
3201,8720,86990,11128,86990,1567,65
3201,8720,86991,11128,86991,1567,65
3201,8720,86992,11128,86992,1567,65
3201,8720,86993,11128,86993,1567,65
3201,8720,86994,11128,86994,1567,65
3201,8720,86995,11128,86995,1567,65
3201,8720,86996,11128,86996,1567,65
3201,8720,86997,11128,86997,1567,65
3201,8720,86998,11128,86998,1567,65
3201,8720,86999,11128,86999,1567,65
3201,8720,87000,11128,87000,1567,65
3201,8720,87001,11128,87001,1567,65
3201,8720,87002,11128,87002,1567,65
3201,8720,87003,11128,87003,1567,65
3201,8720,87004,11128,87004,1567,65
3201,8720,87005,11128,87005,1567,65
3201,8720,87006,11128,87006,1567,65
3201,8720,87007,11128,87007,1567,65
3201,8720,87008,11128,87008,1567,65
3201,8720,87009,11128,87009,1567,65
3201,8720,87010,11128,87010,1567,65
3201,8720,87011,11128,87011,1567,65
3201,8720,87012,11128,87012,1567,65
3201,8720,87013,11128,87013,1567,65
3201,8720,87014,11128,87014,1567,65
3201,8720,87015,11128,87015,1567,65
3201,8720,87016,11128,87016,1567,65
3201,8720,87017,11128,87017,1567,65
3201,8720,87018,11128,87018,1567,65
3201,8720,87019,11128,87019,1567,65
3201,8720,87020,11128,87020,1567,65
3201,8720,87021,11128,87021,1567,65
3201,8720,87022,11128,87022,1567,65
3201,8720,87023,11128,87023,1567,65
3201,8720,87024,11128,87024,1567,65
3201,8720,87025,11128,87025,1567,65
3201,8720,87026,11128,87026,1567,65
3201,8720,87027,11128,87027,1567,65
3201,8720,87028,11128,87028,1567,65
3201,8720,87029,11128,87029,1567,65
3201,8720,87030,11128,87030,1567,65
3201,8720,87031,11128,87031,1567,65
3201,8720,87032,11128,87032,1567,65
3201,8720,87033,11128,87033,1567,65
3201,8720,87034,11128,87034,1567,65
3201,8720,87035,11128,87035,1567,65
3201,8720,87036,11128,87036,1567,65
3201,8720,87037,11128,87037,1567,65
3201,8720,87038,11128,87038,1567,65
3201,8720,87039,11128,87039,1567,65
3201,8720,87040,11128,87040,1567,65
3201,8720,87041,11128,87041,1567,65
3201,8720,87042,11128,87042,1567,65
3201,8720,87043,11128,87043,1567,65
3201,8720,87044,11128,87044,1567,65
3201,8720,87045,11128,87045,1567,65
3201,8720,87046,11128,87046,1567,65
3201,8720,87047,11128,87047,1567,65
3201,8720,87048,11128,87048,1567,65
3201,8720,87049,11128,87049,1567,65
3201,8720,87050,11128,87050,1567,65
3201,8720,87051,11128,87051,1567,65
3201,8720,87052,11128,87052,1567,65
3201,8720,87053,11128,87053,1567,65
3201,8720,87054,11128,87054,1567,65
3201,8720,87055,11128,87055,1567,65
3201,8720,87056,11128,87056,1567,65
3201,8720,87057,11128,87057,1567,65
3201,8720,87058,11128,87058,1567,65
3201,8720,87059,11128,87059,1567,65
3201,8720,87060,11128,87060,1567,65
3201,8720,87061,11128,87061,1567,65
3201,8720,87062,11128,87062,1567,65
3201,8720,87063,11128,87063,1567,65
3201,8720,87064,11128,87064,1567,65
3201,8720,87065,11128,87065,1567,65
3201,8720,87066,11128,87066,1567,65
3201,8720,87067,11128,87067,1567,65
3201,8720,87068,11128,87068,1567,65
3201,8720,87069,11128,87069,1567,65
3201,8720,87070,11128,87070,1567,65
3201,8720,87071,11128,87071,1567,65
3201,8720,87072,11128,87072,1567,65
3201,8720,87073,11128,87073,1567,65
3201,8720,87074,11128,87074,1567,65
3201,8720,87075,11128,87075,1567,65
3201,8720,87076,11128,87076,1567,65
3201,8720,87077,11128,87077,1567,65
3201,8720,87078,11128,87078,1567,65
3201,8720,87079,11128,87079,1567,65
3201,8720,87080,11128,87080,1567,65
3201,8720,87081,11128,87081,1567,65
3201,8720,87082,11128,87082,1567,65
3201,8720,87083,11128,87083,1567,65
3201,8720,87084,11128,87084,1567,65
3201,8720,87085,11128,87085,1567,65
3201,8720,87086,11128,87086,1567,65
3201,8720,87087,11128,87087,1567,65
3201,8720,87088,11128,87088,1567,65
3201,8720,87089,11128,87089,1567,65
3201,8720,87090,11128,87090,1567,65
3201,8720,87091,11128,87091,1567,65
3201,8720,87092,11128,87092,1567,65
3201,8720,87093,11128,87093,1567,65
3201,8720,87094,11128,87094,1567,65
3201,8720,87095,11128,87095,1567,65
3201,8720,87096,11128,87096,1567,65
3201,8720,87097,11128,87097,1567,65
3201,8720,87098,11128,87098,1567,65
3201,8720,87099,11128,87099,1567,65
3201,8720,87100,11128,87100,1567,65
3201,8720,87101,11128,87101,1567,65
3201,8720,87102,11128,87102,1567,65
3201,8720,87103,11128,87103,1567,65
3201,8720,87104,11128,87104,1567,65
3201,8720,87105,11128,87105,1567,65
3201,8720,87106,11128,87106,1567,65
3201,8720,87107,11128,87107,1567,65
3201,8720,87108,11128,87108,1567,65
3201,8720,87109,11128,87109,1567,65
3201,8720,87110,11128,87110,1567,65
3201,8720,87111,11128,87111,1567,65
3201,8720,87112,11128,87112,1567,65
3201,8720,87113,11128,87113,1567,65
3201,8720,87114,11128,87114,1567,65
3201,8720,87115,11128,87115,1567,65
3201,8720,87116,11128,87116,1567,65
3201,8720,87117,11128,87117,1567,65
3201,8720,87118,11128,87118,1567,65
3201,8720,87119,11128,87119,1567,65
3201,8720,87120,11128,87120,1567,65
3201,8720,87121,11128,87121,1567,65
3201,8720,87122,11128,87122,1567,65
3201,8720,87123,11128,87123,1567,65
3201,8720,87124,11128,87124,1567,65
3201,8720,87125,11128,87125,1567,65
3201,8720,87126,11128,87126,1567,65
3201,8720,87127,11128,87127,1567,65
3201,8720,87128,11128,87128,1567,65
3201,8720,87129,11128,87129,1567,65
3201,8720,87130,11128,87130,1567,65
3201,8720,87131,11128,87131,1567,65
3201,8720,87132,11128,87132,1567,65
3201,8720,87133,11128,87133,1567,65
3201,8720,87134,11128,87134,1567,65
3201,8720,87135,11128,87135,1567,65
3201,8720,87136,11128,87136,1567,65
3201,8720,87137,11128,87137,1567,65
3201,8720,87138,11128,87138,1567,65
3201,8720,87139,11128,87139,1567,65
3201,8720,87140,11128,87140,1567,65
3201,8720,87141,11128,87141,1567,65
3201,8720,87142,11128,87142,1567,65
3201,8720,87143,11128,87143,1567,65
3201,8720,87144,11128,87144,1567,65
3201,8720,87145,11128,87145,1567,65
3201,8720,87146,11128,87146,1567,65
3201,8720,87147,11128,87147,1567,65
3201,8720,87148,11128,87148,1567,65
3201,8720,87149,11128,87149,1567,65
3201,8720,87150,11128,87150,1567,65
3201,8720,87151,11128,87151,1567,65
3201,8720,87152,11128,87152,1567,65
3201,8720,87153,11128,87153,1567,65
3201,8720,87154,11128,87154,1567,65
3201,8720,87155,11128,87155,1567,65
3201,8720,87156,11128,87156,1567,65
3201,8720,87157,11128,87157,1567,65
3201,8720,87158,11128,87158,1567,65
3201,8720,87159,11128,87159,1567,65
3201,8720,87160,11128,87160,1567,65
3201,8720,87161,11128,87161,1567,65
3201,8720,87162,11128,87162,1567,65
3201,8720,87163,11128,87163,1567,65
3201,8720,87164,11128,87164,1567,65
3201,8720,87165,11128,87165,1567,65
3201,8720,87166,11128,87166,1567,65
3201,8720,87167,11128,87167,1567,65
3201,8720,87168,11128,87168,1567,65
3201,8720,87169,11128,87169,1567,65
3201,8720,87170,11128,87170,1567,65
3201,8720,87171,11128,87171,1567,65
3201,8720,87172,11128,87172,1567,65
3201,8720,87173,11128,87173,1567,65
3201,8720,87174,11128,87174,1567,65
3201,8720,87175,11128,87175,1567,65
3201,8720,87176,11128,87176,1567,65
3201,8720,87177,11128,87177,1567,65
3201,8720,87178,11128,87178,1567,65
3201,8720,87179,11128,87179,1567,65
3201,8720,87180,11128,87180,1567,65
3201,8720,87181,11128,87181,1567,65
3201,8720,87182,11128,87182,1567,65
3201,8720,87183,11128,87183,1567,65
3201,8720,87184,11128,87184,1567,65
3201,8720,87185,11128,87185,1567,65
3201,8720,87186,11128,87186,1567,65
3201,8720,87187,11128,87187,1567,65
3201,8720,87188,11128,87188,1567,65
3201,8720,87189,11128,87189,1567,65
3201,8720,87190,11128,87190,1567,65
3201,8720,87191,11128,87191,1567,65
3201,8720,87192,11128,87192,1567,65
3201,8720,87193,11128,87193,1567,65
3201,8720,87194,11128,87194,1567,65
3201,8720,87195,11128,87195,1567,65
3201,8720,87196,11128,87196,1567,65
3201,8720,87197,11128,87197,1567,65
3201,8720,87198,11128,87198,1567,65
3201,8720,87199,11128,87199,1567,65
3201,8720,87200,11128,87200,1567,65
3201,8720,87201,11128,87201,1567,65
3201,8720,87202,11128,87202,1567,65
3201,8720,87203,11128,87203,1567,65
3201,8720,87204,11128,87204,1567,65
3201,8720,87205,11128,87205,1567,65
3201,8720,87206,11128,87206,1567,65
3201,8720,87207,11128,87207,1567,65
3201,8720,87208,11128,87208,1567,65
3201,8720,87209,11128,87209,1567,65
3201,8720,87210,11128,87210,1567,65
3201,8720,87211,11128,87211,1567,65
3201,8720,87212,11128,87212,1567,65
3201,8720,87213,11128,87213,1567,65
3201,8720,87214,11128,87214,1567,65
3201,8720,87215,11128,87215,1567,65
3201,8720,87216,11128,87216,1567,65
3201,8720,87217,11128,87217,1567,65
3201,8720,87218,11128,87218,1567,65
3201,8720,87219,11128,87219,1567,65
3201,8720,87220,11128,87220,1567,65
3201,8720,87221,11128,87221,1567,65
3201,8720,87222,11128,87222,1567,65
3201,8720,87223,11128,87223,1567,65
3201,8720,87224,11128,87224,1567,65
3201,8720,87225,11128,87225,1567,65
3201,8720,87226,11128,87226,1567,65
3201,8720,87227,11128,87227,1567,65
3201,8720,87228,11128,87228,1567,65
3201,8720,87229,11128,87229,1567,65
3201,8720,87230,11128,87230,1567,65
3201,8720,87231,11128,87231,1567,65
3201,8720,87232,11128,87232,1567,65
3201,8720,87233,11128,87233,1567,65
3201,8720,87234,11128,87234,1567,65
3201,8720,87235,11128,87235,1567,65
3201,8720,87236,11128,87236,1567,65
3201,8720,87237,11128,87237,1567,65
3201,8720,87238,11128,87238,1567,65
3201,8720,87239,11128,87239,1567,65
3201,8720,87240,11128,87240,1567,65
3201,8720,87241,11128,87241,1567,65
3201,8720,87242,11128,87242,1567,65
3201,8720,87243,11128,87243,1567,65
3201,8720,87244,11128,87244,1567,65
3201,8720,87245,11128,87245,1567,65
3201,8720,87246,11128,87246,1567,65
3201,8720,87247,11128,87247,1567,65
3201,8720,87248,11128,87248,1567,65
3201,8720,87249,11128,87249,1567,65
3201,8720,87250,11128,87250,1567,65
3201,8720,87251,11128,87251,1567,65
3201,8720,87252,11128,87252,1567,65
3201,8720,87253,11128,87253,1567,65
3201,8720,87254,11128,87254,1567,65
3201,8720,87255,11128,87255,1567,65
3201,8720,87256,11128,87256,1567,65
3201,8720,87257,11128,87257,1567,65
3201,8720,87258,11128,87258,1567,65
3201,8720,87259,11128,87259,1567,65
3201,8720,87260,11128,87260,1567,65
3201,8720,87261,11128,87261,1567,65
3201,8720,87262,11128,87262,1567,65
3201,8720,87263,11128,87263,1567,65
3201,8720,87264,11128,87264,1567,65
3201,8720,87265,11128,87265,1567,65
3201,8720,87266,11128,87266,1567,65
3201,8720,87267,11128,87267,1567,65
3201,8720,87268,11128,87268,1567,65
3201,8720,87269,11128,87269,1567,65
3201,8720,87270,11128,87270,1567,65
3201,8720,87271,11128,87271,1567,65
3201,8720,87272,11128,87272,1567,65
3201,8720,87273,11128,87273,1567,65
3201,8720,87274,11128,87274,1567,65
3201,8720,87275,11128,87275,1567,65
3201,8720,87276,11128,87276,1567,65
3201,8720,87277,11128,87277,1567,65
3201,8720,87278,11128,87278,1567,65
3201,8720,87279,11128,87279,1567,65
3201,8720,87280,11128,87280,1567,65
3201,8720,87281,11128,87281,1567,65
3201,8720,87282,11128,87282,1567,65
3201,8720,87283,11128,87283,1567,65
3201,8720,87284,11128,87284,1567,65
3201,8720,87285,11128,87285,1567,65
3201,8720,87286,11128,87286,1567,65
3201,8720,87287,11128,87287,1567,65
3201,8720,87288,11128,87288,1567,65
3201,8720,87289,11128,87289,1567,65
3201,8720,87290,11128,87290,1567,65
3201,8720,87291,11128,87291,1567,65
3201,8720,87292,11128,87292,1567,65
3201,8720,87293,11128,87293,1567,65
3201,8720,87294,11128,87294,1567,65
3201,8720,87295,11128,87295,1567,65
3201,8720,87296,11128,87296,1567,65
3201,8720,87297,11128,87297,1567,65
3201,8720,87298,11128,87298,1567,65
3201,8720,87299,11128,87299,1567,65
3201,8720,87300,11128,87300,1567,65
3201,8720,87301,11128,87301,1567,65
3201,8720,87302,11128,87302,1567,65
3201,8720,87303,11128,87303,1567,65
3201,8720,87304,11128,87304,1567,65
3201,8720,87305,11128,87305,1567,65
3201,8720,87306,11128,87306,1567,65
3201,8720,87307,11128,87307,1567,65
3201,8720,87308,11128,87308,1567,65
3201,8720,87309,11128,87309,1567,65
3201,8720,87310,11128,87310,1567,65
3201,8720,87311,11128,87311,1567,65
3201,8720,87312,11128,87312,1567,65
3201,8720,87313,11128,87313,1567,65
3201,8720,87314,11128,87314,1567,65
3201,8720,87315,11128,87315,1567,65
3201,8720,87316,11128,87316,1567,65
3201,8720,87317,11128,87317,1567,65
3201,8720,87318,11128,87318,1567,65
3201,8720,87319,11128,87319,1567,65
3201,8720,87320,11128,87320,1567,65
3201,8720,87321,11128,87321,1567,65
3201,8720,87322,11128,87322,1567,65
3201,8720,87323,11128,87323,1567,65
3201,8720,87324,11128,87324,1567,65
3201,8720,87325,11128,87325,1567,65
3201,8720,87326,11128,87326,1567,65
3201,8720,87327,11128,87327,1567,65
3201,8720,87328,11128,87328,1567,65
3201,8720,87329,11128,87329,1567,65
3201,8720,87330,11128,87330,1567,65
3201,8720,87331,11128,87331,1567,65
3201,8720,87332,11128,87332,1567,65
3201,8720,87333,11128,87333,1567,65
3201,8720,87334,11128,87334,1567,65
3201,8720,87335,11128,87335,1567,65
3201,8720,87336,11128,87336,1567,65
3201,8720,87337,11128,87337,1567,65
3201,8720,87338,11128,87338,1567,65
3201,8720,87339,11128,87339,1567,65
3201,8720,87340,11128,87340,1567,65
3201,8720,87341,11128,87341,1567,65
3201,8720,87342,11128,87342,1567,65
3201,8720,87343,11128,87343,1567,65
3201,8720,87344,11128,87344,1567,65
3201,8720,87345,11128,87345,1567,65
3201,8720,87346,11128,87346,1567,65
3201,8720,87347,11128,87347,1567,65
3201,8720,87348,11128,87348,1567,65
3201,8720,87349,11128,87349,1567,65
3201,8720,87350,11128,87350,1567,65
3201,8720,87351,11128,87351,1567,65
3201,8720,87352,11128,87352,1567,65
3201,8720,87353,11128,87353,1567,65
3201,8720,87354,11128,87354,1567,65
3201,8720,87355,11128,87355,1567,65
3201,8720,87356,11128,87356,1567,65
3201,8720,87357,11128,87357,1567,65
3201,8720,87358,11128,87358,1567,65
3201,8720,87359,11128,87359,1567,65
3201,8720,87360,11128,87360,1567,65
3201,8720,87361,11128,87361,1567,65
3201,8720,87362,11128,87362,1567,65
3201,8720,87363,11128,87363,1567,65
3201,8720,87364,11128,87364,1567,65
3201,8720,87365,11128,87365,1567,65
3201,8720,87366,11128,87366,1567,65
3201,8720,87367,11128,87367,1567,65
3201,8720,87368,11128,87368,1567,65
3201,8720,87369,11128,87369,1567,65
3201,8720,87370,11128,87370,1567,65
3201,8720,87371,11128,87371,1567,65
3201,8720,87372,11128,87372,1567,65
3201,8720,87373,11128,87373,1567,65
3201,8720,87374,11128,87374,1567,65
3201,8720,87375,11128,87375,1567,65
3201,8720,87376,11128,87376,1567,65
3201,8720,87377,11128,87377,1567,65
3201,8720,87378,11128,87378,1567,65
3201,8720,87379,11128,87379,1567,65
3201,8720,87380,11128,87380,1567,65
3201,8720,87381,11128,87381,1567,65
3201,8720,87382,11128,87382,1567,65
3201,8720,87383,11128,87383,1567,65
3201,8720,87384,11128,87384,1567,65
3201,8720,87385,11128,87385,1567,65
3201,8720,87386,11128,87386,1567,65
3201,8720,87387,11128,87387,1567,65
3201,8720,87388,11128,87388,1567,65
3201,8720,87389,11128,87389,1567,65
3201,8720,87390,11128,87390,1567,65
3201,8720,87391,11128,87391,1567,65
3201,8720,87392,11128,87392,1567,65
3201,8720,87393,11128,87393,1567,65
3201,8720,87394,11128,87394,1567,65
3201,8720,87395,11128,87395,1567,65
3201,8720,87396,11128,87396,1567,65
3201,8720,87397,11128,87397,1567,65
3201,8720,87398,11128,87398,1567,65
3201,8720,87399,11128,87399,1567,65
3201,8720,87400,11128,87400,1567,65
3201,8720,87401,11128,87401,1567,65
3201,8720,87402,11128,87402,1567,65
3201,8720,87403,11128,87403,1567,65
3201,8720,87404,11128,87404,1567,65
3201,8720,87405,11128,87405,1567,65
3201,8720,87406,11128,87406,1567,65
3201,8720,87407,11128,87407,1567,65
3201,8720,87408,11128,87408,1567,65
3201,8720,87409,11128,87409,1567,65
3201,8720,87410,11128,87410,1567,65
3201,8720,87411,11128,87411,1567,65
3201,8720,87412,11128,87412,1567,65
3201,8720,87413,11128,87413,1567,65
3201,8720,87414,11128,87414,1567,65
3201,8720,87415,11128,87415,1567,65
3201,8720,87416,11128,87416,1567,65
3201,8720,87417,11128,87417,1567,65
3201,8720,87418,11128,87418,1567,65
3201,8720,87419,11128,87419,1567,65
3201,8720,87420,11128,87420,1567,65
3201,8720,87421,11128,87421,1567,65
3201,8720,87422,11128,87422,1567,65
3201,8720,87423,11128,87423,1567,65
3201,8720,87424,11128,87424,1567,65
3201,8720,87425,11128,87425,1567,65
3201,8720,87426,11128,87426,1567,65
3201,8720,87427,11128,87427,1567,65
3201,8720,87428,11128,87428,1567,65
3201,8720,87429,11128,87429,1567,65
3201,8720,87430,11128,87430,1567,65
3201,8720,87431,11128,87431,1567,65
3201,8720,87432,11128,87432,1567,65
3201,8720,87433,11128,87433,1567,65
3201,8720,87434,11128,87434,1567,65
3201,8720,87435,11128,87435,1567,65
3201,8720,87436,11128,87436,1567,65
3201,8720,87437,11128,87437,1567,65
3201,8720,87438,11128,87438,1567,65
3201,8720,87439,11128,87439,1567,65
3201,8720,87440,11128,87440,1567,65
3201,8720,87441,11128,87441,1567,65
3201,8720,87442,11128,87442,1567,65
3201,8720,87443,11128,87443,1567,65
3201,8720,87444,11128,87444,1567,65
3201,8720,87445,11128,87445,1567,65
3201,8720,87446,11128,87446,1567,65
3201,8720,87447,11128,87447,1567,65
3201,8720,87448,11128,87448,1567,65
3201,8720,87449,11128,87449,1567,65
3201,8720,87450,11128,87450,1567,65
3201,8720,87451,11128,87451,1567,65
3201,8720,87452,11128,87452,1567,65
3201,8720,87453,11128,87453,1567,65
3201,8720,87454,11128,87454,1567,65
3201,8720,87455,11128,87455,1567,65
3201,8720,87456,11128,87456,1567,65
3201,8720,87457,11128,87457,1567,65
3201,8720,87458,11128,87458,1567,65
3201,8720,87459,11128,87459,1567,65
3201,8720,87460,11128,87460,1567,65
3201,8720,87461,11128,87461,1567,65
3201,8720,87462,11128,87462,1567,65
3201,8720,87463,11128,87463,1567,65
3201,8720,87464,11128,87464,1567,65
3201,8720,87465,11128,87465,1567,65
3201,8720,87466,11128,87466,1567,65
3201,8720,87467,11128,87467,1567,65
3201,8720,87468,11128,87468,1567,65
3201,8720,87469,11128,87469,1567,65
3201,8720,87470,11128,87470,1567,65
3201,8720,87471,11128,87471,1567,65
3201,8720,87472,11128,87472,1567,65
3201,8720,87473,11128,87473,1567,65
3201,8720,87474,11128,87474,1567,65
3201,8720,87475,11128,87475,1567,65
3201,8720,87476,11128,87476,1567,65
3201,8720,87477,11128,87477,1567,65
3201,8720,87478,11128,87478,1567,65
3201,8720,87479,11128,87479,1567,65
3201,8720,87480,11128,87480,1567,65
3201,8720,87481,11128,87481,1567,65
3201,8720,87482,11128,87482,1567,65
3201,8720,87483,11128,87483,1567,65
3201,8720,87484,11128,87484,1567,65
3201,8720,87485,11128,87485,1567,65
3201,8720,87486,11128,87486,1567,65
3201,8720,87487,11128,87487,1567,65
3201,8720,87488,11128,87488,1567,65
3201,8720,87489,11128,87489,1567,65
3201,8720,87490,11128,87490,1567,65
3201,8720,87491,11128,87491,1567,65
3201,8720,87492,11128,87492,1567,65
3201,8720,87493,11128,87493,1567,65
3201,8720,87494,11128,87494,1567,65
3201,8720,87495,11128,87495,1567,65
3201,8720,87496,11128,87496,1567,65
3201,8720,87497,11128,87497,1567,65
3201,8720,87498,11128,87498,1567,65
3201,8720,87499,11128,87499,1567,65
3201,8720,87500,11128,87500,1567,65
3201,8720,87501,11128,87501,1567,65
3201,8720,87502,11128,87502,1567,65
3201,8720,87503,11128,87503,1567,65
3201,8720,87504,11128,87504,1567,65
3201,8720,87505,11128,87505,1567,65
3201,8720,87506,11128,87506,1567,65
3201,8720,87507,11128,87507,1567,65
3201,8720,87508,11128,87508,1567,65
3201,8720,87509,11128,87509,1567,65
3201,8720,87510,11128,87510,1567,65
3201,8720,87511,11128,87511,1567,65
3201,8720,87512,11128,87512,1567,65
3201,8720,87513,11128,87513,1567,65
3201,8720,87514,11128,87514,1567,65
3201,8720,87515,11128,87515,1567,65
3201,8720,87516,11128,87516,1567,65
3201,8720,87517,11128,87517,1567,65
3201,8720,87518,11128,87518,1567,65
3201,8720,87519,11128,87519,1567,65
3201,8720,87520,11128,87520,1567,65
3201,8720,87521,11128,87521,1567,65
3201,8720,87522,11128,87522,1567,65
3201,8720,87523,11128,87523,1567,65
3201,8720,87524,11128,87524,1567,65
3201,8720,87525,11128,87525,1567,65
3201,8720,87526,11128,87526,1567,65
3201,8720,87527,11128,87527,1567,65
3201,8720,87528,11128,87528,1567,65
3201,8720,87529,11128,87529,1567,65
3201,8720,87530,11128,87530,1567,65
3201,8720,87531,11128,87531,1567,65
3201,8720,87532,11128,87532,1567,65
3201,8720,87533,11128,87533,1567,65
3201,8720,87534,11128,87534,1567,65
3201,8720,87535,11128,87535,1567,65
3201,8720,87536,11128,87536,1567,65
3201,8720,87537,11128,87537,1567,65
3201,8720,87538,11128,87538,1567,65
3201,8720,87539,11128,87539,1567,65
3201,8720,87540,11128,87540,1567,65
3201,8720,87541,11128,87541,1567,65
3201,8720,87542,11128,87542,1567,65
3201,8720,87543,11128,87543,1567,65
3201,8720,87544,11128,87544,1567,65
3201,8720,87545,11128,87545,1567,65
3201,8720,87546,11128,87546,1567,65
3201,8720,87547,11128,87547,1567,65
3201,8720,87548,11128,87548,1567,65
3201,8720,87549,11128,87549,1567,65
3201,8720,87550,11128,87550,1567,65
3201,8720,87551,11128,87551,1567,65
3201,8720,87552,11128,87552,1567,65
3201,8720,87553,11128,87553,1567,65
3201,8720,87554,11128,87554,1567,65
3201,8720,87555,11128,87555,1567,65
3201,8720,87556,11128,87556,1567,65
3201,8720,87557,11128,87557,1567,65
3201,8720,87558,11128,87558,1567,65
3201,8720,87559,11128,87559,1567,65
3201,8720,87560,11128,87560,1567,65
3201,8720,87561,11128,87561,1567,65
3201,8720,87562,11128,87562,1567,65
3201,8720,87563,11128,87563,1567,65
3201,8720,87564,11128,87564,1567,65
3201,8720,87565,11128,87565,1567,65
3201,8720,87566,11128,87566,1567,65
3201,8720,87567,11128,87567,1567,65
3201,8720,87568,11128,87568,1567,65
3201,8720,87569,11128,87569,1567,65
3201,8720,87570,11128,87570,1567,65
3201,8720,87571,11128,87571,1567,65
3201,8720,87572,11128,87572,1567,65
3201,8720,87573,11128,87573,1567,65
3201,8720,87574,11128,87574,1567,65
3201,8720,87575,11128,87575,1567,65
3201,8720,87576,11128,87576,1567,65
3201,8720,87577,11128,87577,1567,65
3201,8720,87578,11128,87578,1567,65
3201,8720,87579,11128,87579,1567,65
3201,8720,87580,11128,87580,1567,65
3201,8720,87581,11128,87581,1567,65
3201,8720,87582,11128,87582,1567,65
3201,8720,87583,11128,87583,1567,65
3201,8720,87584,11128,87584,1567,65
3201,8720,87585,11128,87585,1567,65
3201,8720,87586,11128,87586,1567,65
3201,8720,87587,11128,87587,1567,65
3201,8720,87588,11128,87588,1567,65
3201,8720,87589,11128,87589,1567,65
3201,8720,87590,11128,87590,1567,65
3201,8720,87591,11128,87591,1567,65
3201,8720,87592,11128,87592,1567,65
3201,8720,87593,11128,87593,1567,65
3201,8720,87594,11128,87594,1567,65
3201,8720,87595,11128,87595,1567,65
3201,8720,87596,11128,87596,1567,65
3201,8720,87597,11128,87597,1567,65
3201,8720,87598,11128,87598,1567,65
3201,8720,87599,11128,87599,1567,65
3201,8720,87600,11128,87600,1567,65
3201,8720,87601,11128,87601,1567,65
3201,8720,87602,11128,87602,1567,65
3201,8720,87603,11128,87603,1567,65
3201,8720,87604,11128,87604,1567,65
3201,8720,87605,11128,87605,1567,65
3201,8720,87606,11128,87606,1567,65
3201,8720,87607,11128,87607,1567,65
3201,8720,87608,11128,87608,1567,65
3201,8720,87609,11128,87609,1567,65
3201,8720,87610,11128,87610,1567,65
3201,8720,87611,11128,87611,1567,65
3201,8720,87612,11128,87612,1567,65
3201,8720,87613,11128,87613,1567,65
3201,8720,87614,11128,87614,1567,65
3201,8720,87615,11128,87615,1567,65
3201,8720,87616,11128,87616,1567,65
3201,8720,87617,11128,87617,1567,65
3201,8720,87618,11128,87618,1567,65
3201,8720,87619,11128,87619,1567,65
3201,8720,87620,11128,87620,1567,65
3201,8720,87621,11128,87621,1567,65
3201,8720,87622,11128,87622,1567,65
3201,8720,87623,11128,87623,1567,65
3201,8720,87624,11128,87624,1567,65
3201,8720,87625,11128,87625,1567,65
3201,8720,87626,11128,87626,1567,65
3201,8720,87627,11128,87627,1567,65
3201,8720,87628,11128,87628,1567,65
3201,8720,87629,11128,87629,1567,65
3201,8720,87630,11128,87630,1567,65
3201,8720,87631,11128,87631,1567,65
3201,8720,87632,11128,87632,1567,65
3201,8720,87633,11128,87633,1567,65
3201,8720,87634,11128,87634,1567,65
3201,8720,87635,11128,87635,1567,65
3201,8720,87636,11128,87636,1567,65
3201,8720,87637,11128,87637,1567,65
3201,8720,87638,11128,87638,1567,65
3201,8720,87639,11128,87639,1567,65
3201,8720,87640,11128,87640,1567,65
3201,8720,87641,11128,87641,1567,65
3201,8720,87642,11128,87642,1567,65
3201,8720,87643,11128,87643,1567,65
3201,8720,87644,11128,87644,1567,65
3201,8720,87645,11128,87645,1567,65
3201,8720,87646,11128,87646,1567,65
3201,8720,87647,11128,87647,1567,65
3201,8720,87648,11128,87648,1567,65
3201,8720,87649,11128,87649,1567,65
3201,8720,87650,11128,87650,1567,65
3201,8720,87651,11128,87651,1567,65
3201,8720,87652,11128,87652,1567,65
3201,8720,87653,11128,87653,1567,65
3201,8720,87654,11128,87654,1567,65
3201,8720,87655,11128,87655,1567,65
3201,8720,87656,11128,87656,1567,65
3201,8720,87657,11128,87657,1567,65
3201,8720,87658,11128,87658,1567,65
3201,8720,87659,11128,87659,1567,65
3201,8720,87660,11128,87660,1567,65
3201,8720,87661,11128,87661,1567,65
3201,8720,87662,11128,87662,1567,65
3201,8720,87663,11128,87663,1567,65
3201,8720,87664,11128,87664,1567,65
3201,8720,87665,11128,87665,1567,65
3201,8720,87666,11128,87666,1567,65
3201,8720,87667,11128,87667,1567,65
3201,8720,87668,11128,87668,1567,65
3201,8720,87669,11128,87669,1567,65
3201,8720,87670,11128,87670,1567,65
3201,8720,87671,11128,87671,1567,65
3201,8720,87672,11128,87672,1567,65
3201,8720,87673,11128,87673,1567,65
3201,8720,87674,11128,87674,1567,65
3201,8720,87675,11128,87675,1567,65
3201,8720,87676,11128,87676,1567,65
3201,8720,87677,11128,87677,1567,65
3201,8720,87678,11128,87678,1567,65
3201,8720,87679,11128,87679,1567,65
3201,8720,87680,11128,87680,1567,65
3201,8720,87681,11128,87681,1567,65
3201,8720,87682,11128,87682,1567,65
3201,8720,87683,11128,87683,1567,65
3201,8720,87684,11128,87684,1567,65
3201,8720,87685,11128,87685,1567,65
3201,8720,87686,11128,87686,1567,65
3201,8720,87687,11128,87687,1567,65
3201,8720,87688,11128,87688,1567,65
3201,8720,87689,11128,87689,1567,65
3201,8720,87690,11128,87690,1567,65
3201,8720,87691,11128,87691,1567,65
3201,8720,87692,11128,87692,1567,65
3201,8720,87693,11128,87693,1567,65
3201,8720,87694,11128,87694,1567,65
3201,8720,87695,11128,87695,1567,65
3201,8720,87696,11128,87696,1567,65
3201,8720,87697,11128,87697,1567,65
3201,8720,87698,11128,87698,1567,65
3201,8720,87699,11128,87699,1567,65
3201,8720,87700,11128,87700,1567,65
3201,8720,87701,11128,87701,1567,65
3201,8720,87702,11128,87702,1567,65
3201,8720,87703,11128,87703,1567,65
3201,8720,87704,11128,87704,1567,65
3201,8720,87705,11128,87705,1567,65
3201,8720,87706,11128,87706,1567,65
3201,8720,87707,11128,87707,1567,65
3201,8720,87708,11128,87708,1567,65
3201,8720,87709,11128,87709,1567,65
3201,8720,87710,11128,87710,1567,65
3201,8720,87711,11128,87711,1567,65
3201,8720,87712,11128,87712,1567,65
3201,8720,87713,11128,87713,1567,65
3201,8720,87714,11128,87714,1567,65
3201,8720,87715,11128,87715,1567,65
3201,8720,87716,11128,87716,1567,65
3201,8720,87717,11128,87717,1567,65
3201,8720,87718,11128,87718,1567,65
3201,8720,87719,11128,87719,1567,65
3201,8720,87720,11128,87720,1567,65
3201,8720,87721,11128,87721,1567,65
3201,8720,87722,11128,87722,1567,65
3201,8720,87723,11128,87723,1567,65
3201,8720,87724,11128,87724,1567,65
3201,8720,87725,11128,87725,1567,65
3201,8720,87726,11128,87726,1567,65
3201,8720,87727,11128,87727,1567,65
3201,8720,87728,11128,87728,1567,65
3201,8720,87729,11128,87729,1567,65
3201,8720,87730,11128,87730,1567,65
3201,8720,87731,11128,87731,1567,65
3201,8720,87732,11128,87732,1567,65
3201,8720,87733,11128,87733,1567,65
3201,8720,87734,11128,87734,1567,65
3201,8720,87735,11128,87735,1567,65
3201,8720,87736,11128,87736,1567,65
3201,8720,87737,11128,87737,1567,65
3201,8720,87738,11128,87738,1567,65
3201,8720,87739,11128,87739,1567,65
3201,8720,87740,11128,87740,1567,65
3201,8720,87741,11128,87741,1567,65
3201,8720,87742,11128,87742,1567,65
3201,8720,87743,11128,87743,1567,65
3201,8720,87744,11128,87744,1567,65
3201,8720,87745,11128,87745,1567,65
3201,8720,87746,11128,87746,1567,65
3201,8720,87747,11128,87747,1567,65
3201,8720,87748,11128,87748,1567,65
3201,8720,87749,11128,87749,1567,65
3201,8720,87750,11128,87750,1567,65
3201,8720,87751,11128,87751,1567,65
3201,8720,87752,11128,87752,1567,65
3201,8720,87753,11128,87753,1567,65
3201,8720,87754,11128,87754,1567,65
3201,8720,87755,11128,87755,1567,65
3201,8720,87756,11128,87756,1567,65
3201,8720,87757,11128,87757,1567,65
3201,8720,87758,11128,87758,1567,65
3201,8720,87759,11128,87759,1567,65
3201,8720,87760,11128,87760,1567,65
3201,8720,87761,11128,87761,1567,65
3201,8720,87762,11128,87762,1567,65
3201,8720,87763,11128,87763,1567,65
3201,8720,87764,11128,87764,1567,65
3201,8720,87765,11128,87765,1567,65
3201,8720,87766,11128,87766,1567,65
3201,8720,87767,11128,87767,1567,65
3201,8720,87768,11128,87768,1567,65
3201,8720,87769,11128,87769,1567,65
3201,8720,87770,11128,87770,1567,65
3201,8720,87771,11128,87771,1567,65
3201,8720,87772,11128,87772,1567,65
3201,8720,87773,11128,87773,1567,65
3201,8720,87774,11128,87774,1567,65
3201,8720,87775,11128,87775,1567,65
3201,8720,87776,11128,87776,1567,65
3201,8720,87777,11128,87777,1567,65
3201,8720,87778,11128,87778,1567,65
3201,8720,87779,11128,87779,1567,65
3201,8720,87780,11128,87780,1567,65
3201,8720,87781,11128,87781,1567,65
3201,8720,87782,11128,87782,1567,65
3201,8720,87783,11128,87783,1567,65
3201,8720,87784,11128,87784,1567,65
3201,8720,87785,11128,87785,1567,65
3201,8720,87786,11128,87786,1567,65
3201,8720,87787,11128,87787,1567,65
3201,8720,87788,11128,87788,1567,65
3201,8720,87789,11128,87789,1567,65
3201,8720,87790,11128,87790,1567,65
3201,8720,87791,11128,87791,1567,65
3201,8720,87792,11128,87792,1567,65
3201,8720,87793,11128,87793,1567,65
3201,8720,87794,11128,87794,1567,65
3201,8720,87795,11128,87795,1567,65
3201,8720,87796,11128,87796,1567,65
3201,8720,87797,11128,87797,1567,65
3201,8720,87798,11128,87798,1567,65
3201,8720,87799,11128,87799,1567,65
3201,8720,87800,11128,87800,1567,65
3201,8720,87801,11128,87801,1567,65
3201,8720,87802,11128,87802,1567,65
3201,8720,87803,11128,87803,1567,65
3201,8720,87804,11128,87804,1567,65
3201,8720,87805,11128,87805,1567,65
3201,8720,87806,11128,87806,1567,65
3201,8720,87807,11128,87807,1567,65
3201,8720,87808,11128,87808,1567,65
3201,8720,87809,11128,87809,1567,65
3201,8720,87810,11128,87810,1567,65
3201,8720,87811,11128,87811,1567,65
3201,8720,87812,11128,87812,1567,65
3201,8720,87813,11128,87813,1567,65
3201,8720,87814,11128,87814,1567,65
3201,8720,87815,11128,87815,1567,65
3201,8720,87816,11128,87816,1567,65
3201,8720,87817,11128,87817,1567,65
3201,8720,87818,11128,87818,1567,65
3201,8720,87819,11128,87819,1567,65
3201,8720,87820,11128,87820,1567,65
3201,8720,87821,11128,87821,1567,65
3201,8720,87822,11128,87822,1567,65
3201,8720,87823,11128,87823,1567,65
3201,8720,87824,11128,87824,1567,65
3201,8720,87825,11128,87825,1567,65
3201,8720,87826,11128,87826,1567,65
3201,8720,87827,11128,87827,1567,65
3201,8720,87828,11128,87828,1567,65
3201,8720,87829,11128,87829,1567,65
3201,8720,87830,11128,87830,1567,65
3201,8720,87831,11128,87831,1567,65
3201,8720,87832,11128,87832,1567,65
3201,8720,87833,11128,87833,1567,65
3201,8720,87834,11128,87834,1567,65
3201,8720,87835,11128,87835,1567,65
3201,8720,87836,11128,87836,1567,65
3201,8720,87837,11128,87837,1567,65
3201,8720,87838,11128,87838,1567,65
3201,8720,87839,11128,87839,1567,65
3201,8720,87840,11128,87840,1567,65
3201,8720,87841,11128,87841,1567,65
3201,8720,87842,11128,87842,1567,65
3201,8720,87843,11128,87843,1567,65
3201,8720,87844,11128,87844,1567,65
3201,8720,87845,11128,87845,1567,65
3201,8720,87846,11128,87846,1567,65
3201,8720,87847,11128,87847,1567,65
3201,8720,87848,11128,87848,1567,65
3201,8720,87849,11128,87849,1567,65
3201,8720,87850,11128,87850,1567,65
3201,8720,87851,11128,87851,1567,65
3201,8720,87852,11128,87852,1567,65
3201,8720,87853,11128,87853,1567,65
3201,8720,87854,11128,87854,1567,65
3201,8720,87855,11128,87855,1567,65
3201,8720,87856,11128,87856,1567,65
3201,8720,87857,11128,87857,1567,65
3201,8720,87858,11128,87858,1567,65
3201,8720,87859,11128,87859,1567,65
3201,8720,87860,11128,87860,1567,65
3201,8720,87861,11128,87861,1567,65
3201,8720,87862,11128,87862,1567,65
3201,8720,87863,11128,87863,1567,65
3201,8720,87864,11128,87864,1567,65
3201,8720,87865,11128,87865,1567,65
3201,8720,87866,11128,87866,1567,65
3201,8720,87867,11128,87867,1567,65
3201,8720,87868,11128,87868,1567,65
3201,8720,87869,11128,87869,1567,65
3201,8720,87870,11128,87870,1567,65
3201,8720,87871,11128,87871,1567,65
3201,8720,87872,11128,87872,1567,65
3201,8720,87873,11128,87873,1567,65
3201,8720,87874,11128,87874,1567,65
3201,8720,87875,11128,87875,1567,65
3201,8720,87876,11128,87876,1567,65
3201,8720,87877,11128,87877,1567,65
3201,8720,87878,11128,87878,1567,65
3201,8720,87879,11128,87879,1567,65
3201,8720,87880,11128,87880,1567,65
3201,8720,87881,11128,87881,1567,65
3201,8720,87882,11128,87882,1567,65
3201,8720,87883,11128,87883,1567,65
3201,8720,87884,11128,87884,1567,65
3201,8720,87885,11128,87885,1567,65
3201,8720,87886,11128,87886,1567,65
3201,8720,87887,11128,87887,1567,65
3201,8720,87888,11128,87888,1567,65
3201,8720,87889,11128,87889,1567,65
3201,8720,87890,11128,87890,1567,65
3201,8720,87891,11128,87891,1567,65
3201,8720,87892,11128,87892,1567,65
3201,8720,87893,11128,87893,1567,65
3201,8720,87894,11128,87894,1567,65
3201,8720,87895,11128,87895,1567,65
3201,8720,87896,11128,87896,1567,65
3201,8720,87897,11128,87897,1567,65
3201,8720,87898,11128,87898,1567,65
3201,8720,87899,11128,87899,1567,65
3201,8720,87900,11128,87900,1567,65
3201,8720,87901,11128,87901,1567,65
3201,8720,87902,11128,87902,1567,65
3201,8720,87903,11128,87903,1567,65
3201,8720,87904,11128,87904,1567,65
3201,8720,87905,11128,87905,1567,65
3201,8720,87906,11128,87906,1567,65
3201,8720,87907,11128,87907,1567,65
3201,8720,87908,11128,87908,1567,65
3201,8720,87909,11128,87909,1567,65
3201,8720,87910,11128,87910,1567,65
3201,8720,87911,11128,87911,1567,65
3201,8720,87912,11128,87912,1567,65
3201,8720,87913,11128,87913,1567,65
3201,8720,87914,11128,87914,1567,65
3201,8720,87915,11128,87915,1567,65
3201,8720,87916,11128,87916,1567,65
3201,8720,87917,11128,87917,1567,65
3201,8720,87918,11128,87918,1567,65
3201,8720,87919,11128,87919,1567,65
3201,8720,87920,11128,87920,1567,65
3201,8720,87921,11128,87921,1567,65
3201,8720,87922,11128,87922,1567,65
3201,8720,87923,11128,87923,1567,65
3201,8720,87924,11128,87924,1567,65
3201,8720,87925,11128,87925,1567,65
3201,8720,87926,11128,87926,1567,65
3201,8720,87927,11128,87927,1567,65
3201,8720,87928,11128,87928,1567,65
3201,8720,87929,11128,87929,1567,65
3201,8720,87930,11128,87930,1567,65
3201,8720,87931,11128,87931,1567,65
3201,8720,87932,11128,87932,1567,65
3201,8720,87933,11128,87933,1567,65
3201,8720,87934,11128,87934,1567,65
3201,8720,87935,11128,87935,1567,65
3201,8720,87936,11128,87936,1567,65
3201,8720,87937,11128,87937,1567,65
3201,8720,87938,11128,87938,1567,65
3201,8720,87939,11128,87939,1567,65
3201,8720,87940,11128,87940,1567,65
3201,8720,87941,11128,87941,1567,65
3201,8720,87942,11128,87942,1567,65
3201,8720,87943,11128,87943,1567,65
3201,8720,87944,11128,87944,1567,65
3201,8720,87945,11128,87945,1567,65
3201,8720,87946,11128,87946,1567,65
3201,8720,87947,11128,87947,1567,65
3201,8720,87948,11128,87948,1567,65
3201,8720,87949,11128,87949,1567,65
3201,8720,87950,11128,87950,1567,65
3201,8720,87951,11128,87951,1567,65
3201,8720,87952,11128,87952,1567,65
3201,8720,87953,11128,87953,1567,65
3201,8720,87954,11128,87954,1567,65
3201,8720,87955,11128,87955,1567,65
3201,8720,87956,11128,87956,1567,65
3201,8720,87957,11128,87957,1567,65
3201,8720,87958,11128,87958,1567,65
3201,8720,87959,11128,87959,1567,65
3201,8720,87960,11128,87960,1567,65
3201,8720,87961,11128,87961,1567,65
3201,8720,87962,11128,87962,1567,65
3201,8720,87963,11128,87963,1567,65
3201,8720,87964,11128,87964,1567,65
3201,8720,87965,11128,87965,1567,65
3201,8720,87966,11128,87966,1567,65
3201,8720,87967,11128,87967,1567,65
3201,8720,87968,11128,87968,1567,65
3201,8720,87969,11128,87969,1567,65
3201,8720,87970,11128,87970,1567,65
3201,8720,87971,11128,87971,1567,65
3201,8720,87972,11128,87972,1567,65
3201,8720,87973,11128,87973,1567,65
3201,8720,87974,11128,87974,1567,65
3201,8720,87975,11128,87975,1567,65
3201,8720,87976,11128,87976,1567,65
3201,8720,87977,11128,87977,1567,65
3201,8720,87978,11128,87978,1567,65
3201,8720,87979,11128,87979,1567,65
3201,8720,87980,11128,87980,1567,65
3201,8720,87981,11128,87981,1567,65
3201,8720,87982,11128,87982,1567,65
3201,8720,87983,11128,87983,1567,65
3201,8720,87984,11128,87984,1567,65
3201,8720,87985,11128,87985,1567,65
3201,8720,87986,11128,87986,1567,65
3201,8720,87987,11128,87987,1567,65
3201,8720,87988,11128,87988,1567,65
3201,8720,87989,11128,87989,1567,65
3201,8720,87990,11128,87990,1567,65
3201,8720,87991,11128,87991,1567,65
3201,8720,87992,11128,87992,1567,65
3201,8720,87993,11128,87993,1567,65
3201,8720,87994,11128,87994,1567,65
3201,8720,87995,11128,87995,1567,65
3201,8720,87996,11128,87996,1567,65
3201,8720,87997,11128,87997,1567,65
3201,8720,87998,11128,87998,1567,65
3201,8720,87999,11128,87999,1567,65
3201,8720,88000,11128,88000,1567,65
3201,8720,88001,11128,88001,1567,65
3201,8720,88002,11128,88002,1567,65
3201,8720,88003,11128,88003,1567,65
3201,8720,88004,11128,88004,1567,65
3201,8720,88005,11128,88005,1567,65
3201,8720,88006,11128,88006,1567,65
3201,8720,88007,11128,88007,1567,65
3201,8720,88008,11128,88008,1567,65
3201,8720,88009,11128,88009,1567,65
3201,8720,88010,11128,88010,1567,65
3201,8720,88011,11128,88011,1567,65
3201,8720,88012,11128,88012,1567,65
3201,8720,88013,11128,88013,1567,65
3201,8720,88014,11128,88014,1567,65
3201,8720,88015,11128,88015,1567,65
3201,8720,88016,11128,88016,1567,65
3201,8720,88017,11128,88017,1567,65
3201,8720,88018,11128,88018,1567,65
3201,8720,88019,11128,88019,1567,65
3201,8720,88020,11128,88020,1567,65
3201,8720,88021,11128,88021,1567,65
3201,8720,88022,11128,88022,1567,65
3201,8720,88023,11128,88023,1567,65
3201,8720,88024,11128,88024,1567,65
3201,8720,88025,11128,88025,1567,65
3201,8720,88026,11128,88026,1567,65
3201,8720,88027,11128,88027,1567,65
3201,8720,88028,11128,88028,1567,65
3201,8720,88029,11128,88029,1567,65
3201,8720,88030,11128,88030,1567,65
3201,8720,88031,11128,88031,1567,65
3201,8720,88032,11128,88032,1567,65
3201,8720,88033,11128,88033,1567,65
3201,8720,88034,11128,88034,1567,65
3201,8720,88035,11128,88035,1567,65
3201,8720,88036,11128,88036,1567,65
3201,8720,88037,11128,88037,1567,65
3201,8720,88038,11128,88038,1567,65
3201,8720,88039,11128,88039,1567,65
3201,8720,88040,11128,88040,1567,65
3201,8720,88041,11128,88041,1567,65
3201,8720,88042,11128,88042,1567,65
3201,8720,88043,11128,88043,1567,65
3201,8720,88044,11128,88044,1567,65
3201,8720,88045,11128,88045,1567,65
3201,8720,88046,11128,88046,1567,65
3201,8720,88047,11128,88047,1567,65
3201,8720,88048,11128,88048,1567,65
3201,8720,88049,11128,88049,1567,65
3201,8720,88050,11128,88050,1567,65
3201,8720,88051,11128,88051,1567,65
3201,8720,88052,11128,88052,1567,65
3201,8720,88053,11128,88053,1567,65
3201,8720,88054,11128,88054,1567,65
3201,8720,88055,11128,88055,1567,65
3201,8720,88056,11128,88056,1567,65
3201,8720,88057,11128,88057,1567,65
3201,8720,88058,11128,88058,1567,65
3201,8720,88059,11128,88059,1567,65
3201,8720,88060,11128,88060,1567,65
3201,8720,88061,11128,88061,1567,65
3201,8720,88062,11128,88062,1567,65
3201,8720,88063,11128,88063,1567,65
3201,8720,88064,11128,88064,1567,65
3201,8720,88065,11128,88065,1567,65
3201,8720,88066,11128,88066,1567,65
3201,8720,88067,11128,88067,1567,65
3201,8720,88068,11128,88068,1567,65
3201,8720,88069,11128,88069,1567,65
3201,8720,88070,11128,88070,1567,65
3201,8720,88071,11128,88071,1567,65
3201,8720,88072,11128,88072,1567,65
3201,8720,88073,11128,88073,1567,65
3201,8720,88074,11128,88074,1567,65
3201,8720,88075,11128,88075,1567,65
3201,8720,88076,11128,88076,1567,65
3201,8720,88077,11128,88077,1567,65
3201,8720,88078,11128,88078,1567,65
3201,8720,88079,11128,88079,1567,65
3201,8720,88080,11128,88080,1567,65
3201,8720,88081,11128,88081,1567,65
3201,8720,88082,11128,88082,1567,65
3201,8720,88083,11128,88083,1567,65
3201,8720,88084,11128,88084,1567,65
3201,8720,88085,11128,88085,1567,65
3201,8720,88086,11128,88086,1567,65
3201,8720,88087,11128,88087,1567,65
3201,8720,88088,11128,88088,1567,65
3201,8720,88089,11128,88089,1567,65
3201,8720,88090,11128,88090,1567,65
3201,8720,88091,11128,88091,1567,65
3201,8720,88092,11128,88092,1567,65
3201,8720,88093,11128,88093,1567,65
3201,8720,88094,11128,88094,1567,65
3201,8720,88095,11128,88095,1567,65
3201,8720,88096,11128,88096,1567,65
3201,8720,88097,11128,88097,1567,65
3201,8720,88098,11128,88098,1567,65
3201,8720,88099,11128,88099,1567,65
3201,8720,88100,11128,88100,1567,65
3201,8720,88101,11128,88101,1567,65
3201,8720,88102,11128,88102,1567,65
3201,8720,88103,11128,88103,1567,65
3201,8720,88104,11128,88104,1567,65
3201,8720,88105,11128,88105,1567,65
3201,8720,88106,11128,88106,1567,65
3201,8720,88107,11128,88107,1567,65
3201,8720,88108,11128,88108,1567,65
3201,8720,88109,11128,88109,1567,65
3201,8720,88110,11128,88110,1567,65
3201,8720,88111,11128,88111,1567,65
3201,8720,88112,11128,88112,1567,65
3201,8720,88113,11128,88113,1567,65
3201,8720,88114,11128,88114,1567,65
3201,8720,88115,11128,88115,1567,65
3201,8720,88116,11128,88116,1567,65
3201,8720,88117,11128,88117,1567,65
3201,8720,88118,11128,88118,1567,65
3201,8720,88119,11128,88119,1567,65
3201,8720,88120,11128,88120,1567,65
3201,8720,88121,11128,88121,1567,65
3201,8720,88122,11128,88122,1567,65
3201,8720,88123,11128,88123,1567,65
3201,8720,88124,11128,88124,1567,65
3201,8720,88125,11128,88125,1567,65
3201,8720,88126,11128,88126,1567,65
3201,8720,88127,11128,88127,1567,65
3201,8720,88128,11128,88128,1567,65
3201,8720,88129,11128,88129,1567,65
3201,8720,88130,11128,88130,1567,65
3201,8720,88131,11128,88131,1567,65
3201,8720,88132,11128,88132,1567,65
3201,8720,88133,11128,88133,1567,65
3201,8720,88134,11128,88134,1567,65
3201,8720,88135,11128,88135,1567,65
3201,8720,88136,11128,88136,1567,65
3201,8720,88137,11128,88137,1567,65
3201,8720,88138,11128,88138,1567,65
3201,8720,88139,11128,88139,1567,65
3201,8720,88140,11128,88140,1567,65
3201,8720,88141,11128,88141,1567,65
3201,8720,88142,11128,88142,1567,65
3201,8720,88143,11128,88143,1567,65
3201,8720,88144,11128,88144,1567,65
3201,8720,88145,11128,88145,1567,65
3201,8720,88146,11128,88146,1567,65
3201,8720,88147,11128,88147,1567,65
3201,8720,88148,11128,88148,1567,65
3201,8720,88149,11128,88149,1567,65
3201,8720,88150,11128,88150,1567,65
3201,8720,88151,11128,88151,1567,65
3201,8720,88152,11128,88152,1567,65
3201,8720,88153,11128,88153,1567,65
3201,8720,88154,11128,88154,1567,65
3201,8720,88155,11128,88155,1567,65
3201,8720,88156,11128,88156,1567,65
3201,8720,88157,11128,88157,1567,65
3201,8720,88158,11128,88158,1567,65
3201,8720,88159,11128,88159,1567,65
3201,8720,88160,11128,88160,1567,65
3201,8720,88161,11128,88161,1567,65
3201,8720,88162,11128,88162,1567,65
3201,8720,88163,11128,88163,1567,65
3201,8720,88164,11128,88164,1567,65
3201,8720,88165,11128,88165,1567,65
3201,8720,88166,11128,88166,1567,65
3201,8720,88167,11128,88167,1567,65
3201,8720,88168,11128,88168,1567,65
3201,8720,88169,11128,88169,1567,65
3201,8720,88170,11128,88170,1567,65
3201,8720,88171,11128,88171,1567,65
3201,8720,88172,11128,88172,1567,65
3201,8720,88173,11128,88173,1567,65
3201,8720,88174,11128,88174,1567,65
3201,8720,88175,11128,88175,1567,65
3201,8720,88176,11128,88176,1567,65
3201,8720,88177,11128,88177,1567,65
3201,8720,88178,11128,88178,1567,65
3201,8720,88179,11128,88179,1567,65
3201,8720,88180,11128,88180,1567,65
3201,8720,88181,11128,88181,1567,65
3201,8720,88182,11128,88182,1567,65
3201,8720,88183,11128,88183,1567,65
3201,8720,88184,11128,88184,1567,65
3201,8720,88185,11128,88185,1567,65
3201,8720,88186,11128,88186,1567,65
3201,8720,88187,11128,88187,1567,65
3201,8720,88188,11128,88188,1567,65
3201,8720,88189,11128,88189,1567,65
3201,8720,88190,11128,88190,1567,65
3201,8720,88191,11128,88191,1567,65
3201,8720,88192,11128,88192,1567,65
3201,8720,88193,11128,88193,1567,65
3201,8720,88194,11128,88194,1567,65
3201,8720,88195,11128,88195,1567,65
3201,8720,88196,11128,88196,1567,65
3201,8720,88197,11128,88197,1567,65
3201,8720,88198,11128,88198,1567,65
3201,8720,88199,11128,88199,1567,65
3201,8720,88200,11128,88200,1567,65
3201,8720,88201,11128,88201,1567,65
3201,8720,88202,11128,88202,1567,65
3201,8720,88203,11128,88203,1567,65
3201,8720,88204,11128,88204,1567,65
3201,8720,88205,11128,88205,1567,65
3201,8720,88206,11128,88206,1567,65
3201,8720,88207,11128,88207,1567,65
3201,8720,88208,11128,88208,1567,65
3201,8720,88209,11128,88209,1567,65
3201,8720,88210,11128,88210,1567,65
3201,8720,88211,11128,88211,1567,65
3201,8720,88212,11128,88212,1567,65
3201,8720,88213,11128,88213,1567,65
3201,8720,88214,11128,88214,1567,65
3201,8720,88215,11128,88215,1567,65
3201,8720,88216,11128,88216,1567,65
3201,8720,88217,11128,88217,1567,65
3201,8720,88218,11128,88218,1567,65
3201,8720,88219,11128,88219,1567,65
3201,8720,88220,11128,88220,1567,65
3201,8720,88221,11128,88221,1567,65
3201,8720,88222,11128,88222,1567,65
3201,8720,88223,11128,88223,1567,65
3201,8720,88224,11128,88224,1567,65
3201,8720,88225,11128,88225,1567,65
3201,8720,88226,11128,88226,1567,65
3201,8720,88227,11128,88227,1567,65
3201,8720,88228,11128,88228,1567,65
3201,8720,88229,11128,88229,1567,65
3201,8720,88230,11128,88230,1567,65
3201,8720,88231,11128,88231,1567,65
3201,8720,88232,11128,88232,1567,65
3201,8720,88233,11128,88233,1567,65
3201,8720,88234,11128,88234,1567,65
3201,8720,88235,11128,88235,1567,65
3201,8720,88236,11128,88236,1567,65
3201,8720,88237,11128,88237,1567,65
3201,8720,88238,11128,88238,1567,65
3201,8720,88239,11128,88239,1567,65
3201,8720,88240,11128,88240,1567,65
3201,8720,88241,11128,88241,1567,65
3201,8720,88242,11128,88242,1567,65
3201,8720,88243,11128,88243,1567,65
3201,8720,88244,11128,88244,1567,65
3201,8720,88245,11128,88245,1567,65
3201,8720,88246,11128,88246,1567,65
3201,8720,88247,11128,88247,1567,65
3201,8720,88248,11128,88248,1567,65
3201,8720,88249,11128,88249,1567,65
3201,8720,88250,11128,88250,1567,65
3201,8720,88251,11128,88251,1567,65
3201,8720,88252,11128,88252,1567,65
3201,8720,88253,11128,88253,1567,65
3201,8720,88254,11128,88254,1567,65
3201,8720,88255,11128,88255,1567,65
3201,8720,88256,11128,88256,1567,65
3201,8720,88257,11128,88257,1567,65
3201,8720,88258,11128,88258,1567,65
3201,8720,88259,11128,88259,1567,65
3201,8720,88260,11128,88260,1567,65
3201,8720,88261,11128,88261,1567,65
3201,8720,88262,11128,88262,1567,65
3201,8720,88263,11128,88263,1567,65
3201,8720,88264,11128,88264,1567,65
3201,8720,88265,11128,88265,1567,65
3201,8720,88266,11128,88266,1567,65
3201,8720,88267,11128,88267,1567,65
3201,8720,88268,11128,88268,1567,65
3201,8720,88269,11128,88269,1567,65
3201,8720,88270,11128,88270,1567,65
3201,8720,88271,11128,88271,1567,65
3201,8720,88272,11128,88272,1567,65
3201,8720,88273,11128,88273,1567,65
3201,8720,88274,11128,88274,1567,65
3201,8720,88275,11128,88275,1567,65
3201,8720,88276,11128,88276,1567,65
3201,8720,88277,11128,88277,1567,65
3201,8720,88278,11128,88278,1567,65
3201,8720,88279,11128,88279,1567,65
3201,8720,88280,11128,88280,1567,65
3201,8720,88281,11128,88281,1567,65
3201,8720,88282,11128,88282,1567,65
3201,8720,88283,11128,88283,1567,65
3201,8720,88284,11128,88284,1567,65
3201,8720,88285,11128,88285,1567,65
3201,8720,88286,11128,88286,1567,65
3201,8720,88287,11128,88287,1567,65
3201,8720,88288,11128,88288,1567,65
3201,8720,88289,11128,88289,1567,65
3201,8720,88290,11128,88290,1567,65
3201,8720,88291,11128,88291,1567,65
3201,8720,88292,11128,88292,1567,65
3201,8720,88293,11128,88293,1567,65
3201,8720,88294,11128,88294,1567,65
3201,8720,88295,11128,88295,1567,65
3201,8720,88296,11128,88296,1567,65
3201,8720,88297,11128,88297,1567,65
3201,8720,88298,11128,88298,1567,65
3201,8720,88299,11128,88299,1567,65
3201,8720,88300,11128,88300,1567,65
3201,8720,88301,11128,88301,1567,65
3201,8720,88302,11128,88302,1567,65
3201,8720,88303,11128,88303,1567,65
3201,8720,88304,11128,88304,1567,65
3201,8720,88305,11128,88305,1567,65
3201,8720,88306,11128,88306,1567,65
3201,8720,88307,11128,88307,1567,65
3201,8720,88308,11128,88308,1567,65
3201,8720,88309,11128,88309,1567,65
3201,8720,88310,11128,88310,1567,65
3201,8720,88311,11128,88311,1567,65
3201,8720,88312,11128,88312,1567,65
3201,8720,88313,11128,88313,1567,65
3201,8720,88314,11128,88314,1567,65
3201,8720,88315,11128,88315,1567,65
3201,8720,88316,11128,88316,1567,65
3201,8720,88317,11128,88317,1567,65
3201,8720,88318,11128,88318,1567,65
3201,8720,88319,11128,88319,1567,65
3201,8720,88320,11128,88320,1567,65
3201,8720,88321,11128,88321,1567,65
3201,8720,88322,11128,88322,1567,65
3201,8720,88323,11128,88323,1567,65
3201,8720,88324,11128,88324,1567,65
3201,8720,88325,11128,88325,1567,65
3201,8720,88326,11128,88326,1567,65
3201,8720,88327,11128,88327,1567,65
3201,8720,88328,11128,88328,1567,65
3201,8720,88329,11128,88329,1567,65
3201,8720,88330,11128,88330,1567,65
3201,8720,88331,11128,88331,1567,65
3201,8720,88332,11128,88332,1567,65
3201,8720,88333,11128,88333,1567,65
3201,8720,88334,11128,88334,1567,65
3201,8720,88335,11128,88335,1567,65
3201,8720,88336,11128,88336,1567,65
3201,8720,88337,11128,88337,1567,65
3201,8720,88338,11128,88338,1567,65
3201,8720,88339,11128,88339,1567,65
3201,8720,88340,11128,88340,1567,65
3201,8720,88341,11128,88341,1567,65
3201,8720,88342,11128,88342,1567,65
3201,8720,88343,11128,88343,1567,65
3201,8720,88344,11128,88344,1567,65
3201,8720,88345,11128,88345,1567,65
3201,8720,88346,11128,88346,1567,65
3201,8720,88347,11128,88347,1567,65
3201,8720,88348,11128,88348,1567,65
3201,8720,88349,11128,88349,1567,65
3201,8720,88350,11128,88350,1567,65
3201,8720,88351,11128,88351,1567,65
3201,8720,88352,11128,88352,1567,65
3201,8720,88353,11128,88353,1567,65
3201,8720,88354,11128,88354,1567,65
3201,8720,88355,11128,88355,1567,65
3201,8720,88356,11128,88356,1567,65
3201,8720,88357,11128,88357,1567,65
3201,8720,88358,11128,88358,1567,65
3201,8720,88359,11128,88359,1567,65
3201,8720,88360,11128,88360,1567,65
3201,8720,88361,11128,88361,1567,65
3201,8720,88362,11128,88362,1567,65
3201,8720,88363,11128,88363,1567,65
3201,8720,88364,11128,88364,1567,65
3201,8720,88365,11128,88365,1567,65
3201,8720,88366,11128,88366,1567,65
3201,8720,88367,11128,88367,1567,65
3201,8720,88368,11128,88368,1567,65
3201,8720,88369,11128,88369,1567,65
3201,8720,88370,11128,88370,1567,65
3201,8720,88371,11128,88371,1567,65
3201,8720,88372,11128,88372,1567,65
3201,8720,88373,11128,88373,1567,65
3201,8720,88374,11128,88374,1567,65
3201,8720,88375,11128,88375,1567,65
3201,8720,88376,11128,88376,1567,65
3201,8720,88377,11128,88377,1567,65
3201,8720,88378,11128,88378,1567,65
3201,8720,88379,11128,88379,1567,65
3201,8720,88380,11128,88380,1567,65
3201,8720,88381,11128,88381,1567,65
3201,8720,88382,11128,88382,1567,65
3201,8720,88383,11128,88383,1567,65
3201,8720,88384,11128,88384,1567,65
3201,8720,88385,11128,88385,1567,65
3201,8720,88386,11128,88386,1567,65
3201,8720,88387,11128,88387,1567,65
3201,8720,88388,11128,88388,1567,65
3201,8720,88389,11128,88389,1567,65
3201,8720,88390,11128,88390,1567,65
3201,8720,88391,11128,88391,1567,65
3201,8720,88392,11128,88392,1567,65
3201,8720,88393,11128,88393,1567,65
3201,8720,88394,11128,88394,1567,65
3201,8720,88395,11128,88395,1567,65
3201,8720,88396,11128,88396,1567,65
3201,8720,88397,11128,88397,1567,65
3201,8720,88398,11128,88398,1567,65
3201,8720,88399,11128,88399,1567,65
3201,8720,88400,11128,88400,1567,65
3201,8720,88401,11128,88401,1567,65
3201,8720,88402,11128,88402,1567,65
3201,8720,88403,11128,88403,1567,65
3201,8720,88404,11128,88404,1567,65
3201,8720,88405,11128,88405,1567,65
3201,8720,88406,11128,88406,1567,65
3201,8720,88407,11128,88407,1567,65
3201,8720,88408,11128,88408,1567,65
3201,8720,88409,11128,88409,1567,65
3201,8720,88410,11128,88410,1567,65
3201,8720,88411,11128,88411,1567,65
3201,8720,88412,11128,88412,1567,65
3201,8720,88413,11128,88413,1567,65
3201,8720,88414,11128,88414,1567,65
3201,8720,88415,11128,88415,1567,65
3201,8720,88416,11128,88416,1567,65
3201,8720,88417,11128,88417,1567,65
3201,8720,88418,11128,88418,1567,65
3201,8720,88419,11128,88419,1567,65
3201,8720,88420,11128,88420,1567,65
3201,8720,88421,11128,88421,1567,65
3201,8720,88422,11128,88422,1567,65
3201,8720,88423,11128,88423,1567,65
3201,8720,88424,11128,88424,1567,65
3201,8720,88425,11128,88425,1567,65
3201,8720,88426,11128,88426,1567,65
3201,8720,88427,11128,88427,1567,65
3201,8720,88428,11128,88428,1567,65
3201,8720,88429,11128,88429,1567,65
3201,8720,88430,11128,88430,1567,65
3201,8720,88431,11128,88431,1567,65
3201,8720,88432,11128,88432,1567,65
3201,8720,88433,11128,88433,1567,65
3201,8720,88434,11128,88434,1567,65
3201,8720,88435,11128,88435,1567,65
3201,8720,88436,11128,88436,1567,65
3201,8720,88437,11128,88437,1567,65
3201,8720,88438,11128,88438,1567,65
3201,8720,88439,11128,88439,1567,65
3201,8720,88440,11128,88440,1567,65
3201,8720,88441,11128,88441,1567,65
3201,8720,88442,11128,88442,1567,65
3201,8720,88443,11128,88443,1567,65
3201,8720,88444,11128,88444,1567,65
3201,8720,88445,11128,88445,1567,65
3201,8720,88446,11128,88446,1567,65
3201,8720,88447,11128,88447,1567,65
3201,8720,88448,11128,88448,1567,65
3201,8720,88449,11128,88449,1567,65
3201,8720,88450,11128,88450,1567,65
3201,8720,88451,11128,88451,1567,65
3201,8720,88452,11128,88452,1567,65
3201,8720,88453,11128,88453,1567,65
3201,8720,88454,11128,88454,1567,65
3201,8720,88455,11128,88455,1567,65
3201,8720,88456,11128,88456,1567,65
3201,8720,88457,11128,88457,1567,65
3201,8720,88458,11128,88458,1567,65
3201,8720,88459,11128,88459,1567,65
3201,8720,88460,11128,88460,1567,65
3201,8720,88461,11128,88461,1567,65
3201,8720,88462,11128,88462,1567,65
3201,8720,88463,11128,88463,1567,65
3201,8720,88464,11128,88464,1567,65
3201,8720,88465,11128,88465,1567,65
3201,8720,88466,11128,88466,1567,65
3201,8720,88467,11128,88467,1567,65
3201,8720,88468,11128,88468,1567,65
3201,8720,88469,11128,88469,1567,65
3201,8720,88470,11128,88470,1567,65
3201,8720,88471,11128,88471,1567,65
3201,8720,88472,11128,88472,1567,65
3201,8720,88473,11128,88473,1567,65
3201,8720,88474,11128,88474,1567,65
3201,8720,88475,11128,88475,1567,65
3201,8720,88476,11128,88476,1567,65
3201,8720,88477,11128,88477,1567,65
3201,8720,88478,11128,88478,1567,65
3201,8720,88479,11128,88479,1567,65
3201,8720,88480,11128,88480,1567,65
3201,8720,88481,11128,88481,1567,65
3201,8720,88482,11128,88482,1567,65
3201,8720,88483,11128,88483,1567,65
3201,8720,88484,11128,88484,1567,65
3201,8720,88485,11128,88485,1567,65
3201,8720,88486,11128,88486,1567,65
3201,8720,88487,11128,88487,1567,65
3201,8720,88488,11128,88488,1567,65
3201,8720,88489,11128,88489,1567,65
3201,8720,88490,11128,88490,1567,65
3201,8720,88491,11128,88491,1567,65
3201,8720,88492,11128,88492,1567,65
3201,8720,88493,11128,88493,1567,65
3201,8720,88494,11128,88494,1567,65
3201,8720,88495,11128,88495,1567,65
3201,8720,88496,11128,88496,1567,65
3201,8720,88497,11128,88497,1567,65
3201,8720,88498,11128,88498,1567,65
3201,8720,88499,11128,88499,1567,65
3201,8720,88500,11128,88500,1567,65
3201,8720,88501,11128,88501,1567,65
3201,8720,88502,11128,88502,1567,65
3201,8720,88503,11128,88503,1567,65
3201,8720,88504,11128,88504,1567,65
3201,8720,88505,11128,88505,1567,65
3201,8720,88506,11128,88506,1567,65
3201,8720,88507,11128,88507,1567,65
3201,8720,88508,11128,88508,1567,65
3201,8720,88509,11128,88509,1567,65
3201,8720,88510,11128,88510,1567,65
3201,8720,88511,11128,88511,1567,65
3201,8720,88512,11128,88512,1567,65
3201,8720,88513,11128,88513,1567,65
3201,8720,88514,11128,88514,1567,65
3201,8720,88515,11128,88515,1567,65
3201,8720,88516,11128,88516,1567,65
3201,8720,88517,11128,88517,1567,65
3201,8720,88518,11128,88518,1567,65
3201,8720,88519,11128,88519,1567,65
3201,8720,88520,11128,88520,1567,65
3201,8720,88521,11128,88521,1567,65
3201,8720,88522,11128,88522,1567,65
3201,8720,88523,11128,88523,1567,65
3201,8720,88524,11128,88524,1567,65
3201,8720,88525,11128,88525,1567,65
3201,8720,88526,11128,88526,1567,65
3201,8720,88527,11128,88527,1567,65
3201,8720,88528,11128,88528,1567,65
3201,8720,88529,11128,88529,1567,65
3201,8720,88530,11128,88530,1567,65
3201,8720,88531,11128,88531,1567,65
3201,8720,88532,11128,88532,1567,65
3201,8720,88533,11128,88533,1567,65
3201,8720,88534,11128,88534,1567,65
3201,8720,88535,11128,88535,1567,65
3201,8720,88536,11128,88536,1567,65
3201,8720,88537,11128,88537,1567,65
3201,8720,88538,11128,88538,1567,65
3201,8720,88539,11128,88539,1567,65
3201,8720,88540,11128,88540,1567,65
3201,8720,88541,11128,88541,1567,65
3201,8720,88542,11128,88542,1567,65
3201,8720,88543,11128,88543,1567,65
3201,8720,88544,11128,88544,1567,65
3201,8720,88545,11128,88545,1567,65
3201,8720,88546,11128,88546,1567,65
3201,8720,88547,11128,88547,1567,65
3201,8720,88548,11128,88548,1567,65
3201,8720,88549,11128,88549,1567,65
3201,8720,88550,11128,88550,1567,65
3201,8720,88551,11128,88551,1567,65
3201,8720,88552,11128,88552,1567,65
3201,8720,88553,11128,88553,1567,65
3201,8720,88554,11128,88554,1567,65
3201,8720,88555,11128,88555,1567,65
3201,8720,88556,11128,88556,1567,65
3201,8720,88557,11128,88557,1567,65
3201,8720,88558,11128,88558,1567,65
3201,8720,88559,11128,88559,1567,65
3201,8720,88560,11128,88560,1567,65
3201,8720,88561,11128,88561,1567,65
3201,8720,88562,11128,88562,1567,65
3201,8720,88563,11128,88563,1567,65
3201,8720,88564,11128,88564,1567,65
3201,8720,88565,11128,88565,1567,65
3201,8720,88566,11128,88566,1567,65
3201,8720,88567,11128,88567,1567,65
3201,8720,88568,11128,88568,1567,65
3201,8720,88569,11128,88569,1567,65
3201,8720,88570,11128,88570,1567,65
3201,8720,88571,11128,88571,1567,65
3201,8720,88572,11128,88572,1567,65
3201,8720,88573,11128,88573,1567,65
3201,8720,88574,11128,88574,1567,65
3201,8720,88575,11128,88575,1567,65
3201,8720,88576,11128,88576,1567,65
3201,8720,88577,11128,88577,1567,65
3201,8720,88578,11128,88578,1567,65
3201,8720,88579,11128,88579,1567,65
3201,8720,88580,11128,88580,1567,65
3201,8720,88581,11128,88581,1567,65
3201,8720,88582,11128,88582,1567,65
3201,8720,88583,11128,88583,1567,65
3201,8720,88584,11128,88584,1567,65
3201,8720,88585,11128,88585,1567,65
3201,8720,88586,11128,88586,1567,65
3201,8720,88587,11128,88587,1567,65
3201,8720,88588,11128,88588,1567,65
3201,8720,88589,11128,88589,1567,65
3201,8720,88590,11128,88590,1567,65
3201,8720,88591,11128,88591,1567,65
3201,8720,88592,11128,88592,1567,65
3201,8720,88593,11128,88593,1567,65
3201,8720,88594,11128,88594,1567,65
3201,8720,88595,11128,88595,1567,65
3201,8720,88596,11128,88596,1567,65
3201,8720,88597,11128,88597,1567,65
3201,8720,88598,11128,88598,1567,65
3201,8720,88599,11128,88599,1567,65
3201,8720,88600,11128,88600,1567,65
3201,8720,88601,11128,88601,1567,65
3201,8720,88602,11128,88602,1567,65
3201,8720,88603,11128,88603,1567,65
3201,8720,88604,11128,88604,1567,65
3201,8720,88605,11128,88605,1567,65
3201,8720,88606,11128,88606,1567,65
3201,8720,88607,11128,88607,1567,65
3201,8720,88608,11128,88608,1567,65
3201,8720,88609,11128,88609,1567,65
3201,8720,88610,11128,88610,1567,65
3201,8720,88611,11128,88611,1567,65
3201,8720,88612,11128,88612,1567,65
3201,8720,88613,11128,88613,1567,65
3201,8720,88614,11128,88614,1567,65
3201,8720,88615,11128,88615,1567,65
3201,8720,88616,11128,88616,1567,65
3201,8720,88617,11128,88617,1567,65
3201,8720,88618,11128,88618,1567,65
3201,8720,88619,11128,88619,1567,65
3201,8720,88620,11128,88620,1567,65
3201,8720,88621,11128,88621,1567,65
3201,8720,88622,11128,88622,1567,65
3201,8720,88623,11128,88623,1567,65
3201,8720,88624,11128,88624,1567,65
3201,8720,88625,11128,88625,1567,65
3201,8720,88626,11128,88626,1567,65
3201,8720,88627,11128,88627,1567,65
3201,8720,88628,11128,88628,1567,65
3201,8720,88629,11128,88629,1567,65
3201,8720,88630,11128,88630,1567,65
3201,8720,88631,11128,88631,1567,65
3201,8720,88632,11128,88632,1567,65
3201,8720,88633,11128,88633,1567,65
3201,8720,88634,11128,88634,1567,65
3201,8720,88635,11128,88635,1567,65
3201,8720,88636,11128,88636,1567,65
3201,8720,88637,11128,88637,1567,65
3201,8720,88638,11128,88638,1567,65
3201,8720,88639,11128,88639,1567,65
3201,8720,88640,11128,88640,1567,65
3201,8720,88641,11128,88641,1567,65
3201,8720,88642,11128,88642,1567,65
3201,8720,88643,11128,88643,1567,65
3201,8720,88644,11128,88644,1567,65
3201,8720,88645,11128,88645,1567,65
3201,8720,88646,11128,88646,1567,65
3201,8720,88647,11128,88647,1567,65
3201,8720,88648,11128,88648,1567,65
3201,8720,88649,11128,88649,1567,65
3201,8720,88650,11128,88650,1567,65
3201,8720,88651,11128,88651,1567,65
3201,8720,88652,11128,88652,1567,65
3201,8720,88653,11128,88653,1567,65
3201,8720,88654,11128,88654,1567,65
3201,8720,88655,11128,88655,1567,65
3201,8720,88656,11128,88656,1567,65
3201,8720,88657,11128,88657,1567,65
3201,8720,88658,11128,88658,1567,65
3201,8720,88659,11128,88659,1567,65
3201,8720,88660,11128,88660,1567,65
3201,8720,88661,11128,88661,1567,65
3201,8720,88662,11128,88662,1567,65
3201,8720,88663,11128,88663,1567,65
3201,8720,88664,11128,88664,1567,65
3201,8720,88665,11128,88665,1567,65
3201,8720,88666,11128,88666,1567,65
3201,8720,88667,11128,88667,1567,65
3201,8720,88668,11128,88668,1567,65
3201,8720,88669,11128,88669,1567,65
3201,8720,88670,11128,88670,1567,65
3201,8720,88671,11128,88671,1567,65
3201,8720,88672,11128,88672,1567,65
3201,8720,88673,11128,88673,1567,65
3201,8720,88674,11128,88674,1567,65
3201,8720,88675,11128,88675,1567,65
3201,8720,88676,11128,88676,1567,65
3201,8720,88677,11128,88677,1567,65
3201,8720,88678,11128,88678,1567,65
3201,8720,88679,11128,88679,1567,65
3201,8720,88680,11128,88680,1567,65
3201,8720,88681,11128,88681,1567,65
3201,8720,88682,11128,88682,1567,65
3201,8720,88683,11128,88683,1567,65
3201,8720,88684,11128,88684,1567,65
3201,8720,88685,11128,88685,1567,65
3201,8720,88686,11128,88686,1567,65
3201,8720,88687,11128,88687,1567,65
3201,8720,88688,11128,88688,1567,65
3201,8720,88689,11128,88689,1567,65
3201,8720,88690,11128,88690,1567,65
3201,8720,88691,11128,88691,1567,65
3201,8720,88692,11128,88692,1567,65
3201,8720,88693,11128,88693,1567,65
3201,8720,88694,11128,88694,1567,65
3201,8720,88695,11128,88695,1567,65
3201,8720,88696,11128,88696,1567,65
3201,8720,88697,11128,88697,1567,65
3201,8720,88698,11128,88698,1567,65
3201,8720,88699,11128,88699,1567,65
3201,8720,88700,11128,88700,1567,65
3201,8720,88701,11128,88701,1567,65
3201,8720,88702,11128,88702,1567,65
3201,8720,88703,11128,88703,1567,65
3201,8720,88704,11128,88704,1567,65
3201,8720,88705,11128,88705,1567,65
3201,8720,88706,11128,88706,1567,65
3201,8720,88707,11128,88707,1567,65
3201,8720,88708,11128,88708,1567,65
3201,8720,88709,11128,88709,1567,65
3201,8720,88710,11128,88710,1567,65
3201,8720,88711,11128,88711,1567,65
3201,8720,88712,11128,88712,1567,65
3201,8720,88713,11128,88713,1567,65
3201,8720,88714,11128,88714,1567,65
3201,8720,88715,11128,88715,1567,65
3201,8720,88716,11128,88716,1567,65
3201,8720,88717,11128,88717,1567,65
3201,8720,88718,11128,88718,1567,65
3201,8720,88719,11128,88719,1567,65
3201,8720,88720,11128,88720,1567,65
3201,8720,88721,11128,88721,1567,65
3201,8720,88722,11128,88722,1567,65
3201,8720,88723,11128,88723,1567,65
3201,8720,88724,11128,88724,1567,65
3201,8720,88725,11128,88725,1567,65
3201,8720,88726,11128,88726,1567,65
3201,8720,88727,11128,88727,1567,65
3201,8720,88728,11128,88728,1567,65
3201,8720,88729,11128,88729,1567,65
3201,8720,88730,11128,88730,1567,65
3201,8720,88731,11128,88731,1567,65
3201,8720,88732,11128,88732,1567,65
3201,8720,88733,11128,88733,1567,65
3201,8720,88734,11128,88734,1567,65
3201,8720,88735,11128,88735,1567,65
3201,8720,88736,11128,88736,1567,65
3201,8720,88737,11128,88737,1567,65
3201,8720,88738,11128,88738,1567,65
3201,8720,88739,11128,88739,1567,65
3201,8720,88740,11128,88740,1567,65
3201,8720,88741,11128,88741,1567,65
3201,8720,88742,11128,88742,1567,65
3201,8720,88743,11128,88743,1567,65
3201,8720,88744,11128,88744,1567,65
3201,8720,88745,11128,88745,1567,65
3201,8720,88746,11128,88746,1567,65
3201,8720,88747,11128,88747,1567,65
3201,8720,88748,11128,88748,1567,65
3201,8720,88749,11128,88749,1567,65
3201,8720,88750,11128,88750,1567,65
3201,8720,88751,11128,88751,1567,65
3201,8720,88752,11128,88752,1567,65
3201,8720,88753,11128,88753,1567,65
3201,8720,88754,11128,88754,1567,65
3201,8720,88755,11128,88755,1567,65
3201,8720,88756,11128,88756,1567,65
3201,8720,88757,11128,88757,1567,65
3201,8720,88758,11128,88758,1567,65
3201,8720,88759,11128,88759,1567,65
3201,8720,88760,11128,88760,1567,65
3201,8720,88761,11128,88761,1567,65
3201,8720,88762,11128,88762,1567,65
3201,8720,88763,11128,88763,1567,65
3201,8720,88764,11128,88764,1567,65
3201,8720,88765,11128,88765,1567,65
3201,8720,88766,11128,88766,1567,65
3201,8720,88767,11128,88767,1567,65
3201,8720,88768,11128,88768,1567,65
3201,8720,88769,11128,88769,1567,65
3201,8720,88770,11128,88770,1567,65
3201,8720,88771,11128,88771,1567,65
3201,8720,88772,11128,88772,1567,65
3201,8720,88773,11128,88773,1567,65
3201,8720,88774,11128,88774,1567,65
3201,8720,88775,11128,88775,1567,65
3201,8720,88776,11128,88776,1567,65
3201,8720,88777,11128,88777,1567,65
3201,8720,88778,11128,88778,1567,65
3201,8720,88779,11128,88779,1567,65
3201,8720,88780,11128,88780,1567,65
3201,8720,88781,11128,88781,1567,65
3201,8720,88782,11128,88782,1567,65
3201,8720,88783,11128,88783,1567,65
3201,8720,88784,11128,88784,1567,65
3201,8720,88785,11128,88785,1567,65
3201,8720,88786,11128,88786,1567,65
3201,8720,88787,11128,88787,1567,65
3201,8720,88788,11128,88788,1567,65
3201,8720,88789,11128,88789,1567,65
3201,8720,88790,11128,88790,1567,65
3201,8720,88791,11128,88791,1567,65
3201,8720,88792,11128,88792,1567,65
3201,8720,88793,11128,88793,1567,65
3201,8720,88794,11128,88794,1567,65
3201,8720,88795,11128,88795,1567,65
3201,8720,88796,11128,88796,1567,65
3201,8720,88797,11128,88797,1567,65
3201,8720,88798,11128,88798,1567,65
3201,8720,88799,11128,88799,1567,65
3201,8720,88800,11128,88800,1567,65
3201,8720,88801,11128,88801,1567,65
3201,8720,88802,11128,88802,1567,65
3201,8720,88803,11128,88803,1567,65
3201,8720,88804,11128,88804,1567,65
3201,8720,88805,11128,88805,1567,65
3201,8720,88806,11128,88806,1567,65
3201,8720,88807,11128,88807,1567,65
3201,8720,88808,11128,88808,1567,65
3201,8720,88809,11128,88809,1567,65
3201,8720,88810,11128,88810,1567,65
3201,8720,88811,11128,88811,1567,65
3201,8720,88812,11128,88812,1567,65
3201,8720,88813,11128,88813,1567,65
3201,8720,88814,11128,88814,1567,65
3201,8720,88815,11128,88815,1567,65
3201,8720,88816,11128,88816,1567,65
3201,8720,88817,11128,88817,1567,65
3201,8720,88818,11128,88818,1567,65
3201,8720,88819,11128,88819,1567,65
3201,8720,88820,11128,88820,1567,65
3201,8720,88821,11128,88821,1567,65
3201,8720,88822,11128,88822,1567,65
3201,8720,88823,11128,88823,1567,65
3201,8720,88824,11128,88824,1567,65
3201,8720,88825,11128,88825,1567,65
3201,8720,88826,11128,88826,1567,65
3201,8720,88827,11128,88827,1567,65
3201,8720,88828,11128,88828,1567,65
3201,8720,88829,11128,88829,1567,65
3201,8720,88830,11128,88830,1567,65
3201,8720,88831,11128,88831,1567,65
3201,8720,88832,11128,88832,1567,65
3201,8720,88833,11128,88833,1567,65
3201,8720,88834,11128,88834,1567,65
3201,8720,88835,11128,88835,1567,65
3201,8720,88836,11128,88836,1567,65
3201,8720,88837,11128,88837,1567,65
3201,8720,88838,11128,88838,1567,65
3201,8720,88839,11128,88839,1567,65
3201,8720,88840,11128,88840,1567,65
3201,8720,88841,11128,88841,1567,65
3201,8720,88842,11128,88842,1567,65
3201,8720,88843,11128,88843,1567,65
3201,8720,88844,11128,88844,1567,65
3201,8720,88845,11128,88845,1567,65
3201,8720,88846,11128,88846,1567,65
3201,8720,88847,11128,88847,1567,65
3201,8720,88848,11128,88848,1567,65
3201,8720,88849,11128,88849,1567,65
3201,8720,88850,11128,88850,1567,65
3201,8720,88851,11128,88851,1567,65
3201,8720,88852,11128,88852,1567,65
3201,8720,88853,11128,88853,1567,65
3201,8720,88854,11128,88854,1567,65
3201,8720,88855,11128,88855,1567,65
3201,8720,88856,11128,88856,1567,65
3201,8720,88857,11128,88857,1567,65
3201,8720,88858,11128,88858,1567,65
3201,8720,88859,11128,88859,1567,65
3201,8720,88860,11128,88860,1567,65
3201,8720,88861,11128,88861,1567,65
3201,8720,88862,11128,88862,1567,65
3201,8720,88863,11128,88863,1567,65
3201,8720,88864,11128,88864,1567,65
3201,8720,88865,11128,88865,1567,65
3201,8720,88866,11128,88866,1567,65
3201,8720,88867,11128,88867,1567,65
3201,8720,88868,11128,88868,1567,65
3201,8720,88869,11128,88869,1567,65
3201,8720,88870,11128,88870,1567,65
3201,8720,88871,11128,88871,1567,65
3201,8720,88872,11128,88872,1567,65
3201,8720,88873,11128,88873,1567,65
3201,8720,88874,11128,88874,1567,65
3201,8720,88875,11128,88875,1567,65
3201,8720,88876,11128,88876,1567,65
3201,8720,88877,11128,88877,1567,65
3201,8720,88878,11128,88878,1567,65
3201,8720,88879,11128,88879,1567,65
3201,8720,88880,11128,88880,1567,65
3201,8720,88881,11128,88881,1567,65
3201,8720,88882,11128,88882,1567,65
3201,8720,88883,11128,88883,1567,65
3201,8720,88884,11128,88884,1567,65
3201,8720,88885,11128,88885,1567,65
3201,8720,88886,11128,88886,1567,65
3201,8720,88887,11128,88887,1567,65
3201,8720,88888,11128,88888,1567,65
3201,8720,88889,11128,88889,1567,65
3201,8720,88890,11128,88890,1567,65
3201,8720,88891,11128,88891,1567,65
3201,8720,88892,11128,88892,1567,65
3201,8720,88893,11128,88893,1567,65
3201,8720,88894,11128,88894,1567,65
3201,8720,88895,11128,88895,1567,65
3201,8720,88896,11128,88896,1567,65
3201,8720,88897,11128,88897,1567,65
3201,8720,88898,11128,88898,1567,65
3201,8720,88899,11128,88899,1567,65
3201,8720,88900,11128,88900,1567,65
3201,8720,88901,11128,88901,1567,65
3201,8720,88902,11128,88902,1567,65
3201,8720,88903,11128,88903,1567,65
3201,8720,88904,11128,88904,1567,65
3201,8720,88905,11128,88905,1567,65
3201,8720,88906,11128,88906,1567,65
3201,8720,88907,11128,88907,1567,65
3201,8720,88908,11128,88908,1567,65
3201,8720,88909,11128,88909,1567,65
3201,8720,88910,11128,88910,1567,65
3201,8720,88911,11128,88911,1567,65
3201,8720,88912,11128,88912,1567,65
3201,8720,88913,11128,88913,1567,65
3201,8720,88914,11128,88914,1567,65
3201,8720,88915,11128,88915,1567,65
3201,8720,88916,11128,88916,1567,65
3201,8720,88917,11128,88917,1567,65
3201,8720,88918,11128,88918,1567,65
3201,8720,88919,11128,88919,1567,65
3201,8720,88920,11128,88920,1567,65
3201,8720,88921,11128,88921,1567,65
3201,8720,88922,11128,88922,1567,65
3201,8720,88923,11128,88923,1567,65
3201,8720,88924,11128,88924,1567,65
3201,8720,88925,11128,88925,1567,65
3201,8720,88926,11128,88926,1567,65
3201,8720,88927,11128,88927,1567,65
3201,8720,88928,11128,88928,1567,65
3201,8720,88929,11128,88929,1567,65
3201,8720,88930,11128,88930,1567,65
3201,8720,88931,11128,88931,1567,65
3201,8720,88932,11128,88932,1567,65
3201,8720,88933,11128,88933,1567,65
3201,8720,88934,11128,88934,1567,65
3201,8720,88935,11128,88935,1567,65
3201,8720,88936,11128,88936,1567,65
3201,8720,88937,11128,88937,1567,65
3201,8720,88938,11128,88938,1567,65
3201,8720,88939,11128,88939,1567,65
3201,8720,88940,11128,88940,1567,65
3201,8720,88941,11128,88941,1567,65
3201,8720,88942,11128,88942,1567,65
3201,8720,88943,11128,88943,1567,65
3201,8720,88944,11128,88944,1567,65
3201,8720,88945,11128,88945,1567,65
3201,8720,88946,11128,88946,1567,65
3201,8720,88947,11128,88947,1567,65
3201,8720,88948,11128,88948,1567,65
3201,8720,88949,11128,88949,1567,65
3201,8720,88950,11128,88950,1567,65
3201,8720,88951,11128,88951,1567,65
3201,8720,88952,11128,88952,1567,65
3201,8720,88953,11128,88953,1567,65
3201,8720,88954,11128,88954,1567,65
3201,8720,88955,11128,88955,1567,65
3201,8720,88956,11128,88956,1567,65
3201,8720,88957,11128,88957,1567,65
3201,8720,88958,11128,88958,1567,65
3201,8720,88959,11128,88959,1567,65
3201,8720,88960,11128,88960,1567,65
3201,8720,88961,11128,88961,1567,65
3201,8720,88962,11128,88962,1567,65
3201,8720,88963,11128,88963,1567,65
3201,8720,88964,11128,88964,1567,65
3201,8720,88965,11128,88965,1567,65
3201,8720,88966,11128,88966,1567,65
3201,8720,88967,11128,88967,1567,65
3201,8720,88968,11128,88968,1567,65
3201,8720,88969,11128,88969,1567,65
3201,8720,88970,11128,88970,1567,65
3201,8720,88971,11128,88971,1567,65
3201,8720,88972,11128,88972,1567,65
3201,8720,88973,11128,88973,1567,65
3201,8720,88974,11128,88974,1567,65
3201,8720,88975,11128,88975,1567,65
3201,8720,88976,11128,88976,1567,65
3201,8720,88977,11128,88977,1567,65
3201,8720,88978,11128,88978,1567,65
3201,8720,88979,11128,88979,1567,65
3201,8720,88980,11128,88980,1567,65
3201,8720,88981,11128,88981,1567,65
3201,8720,88982,11128,88982,1567,65
3201,8720,88983,11128,88983,1567,65
3201,8720,88984,11128,88984,1567,65
3201,8720,88985,11128,88985,1567,65
3201,8720,88986,11128,88986,1567,65
3201,8720,88987,11128,88987,1567,65
3201,8720,88988,11128,88988,1567,65
3201,8720,88989,11128,88989,1567,65
3201,8720,88990,11128,88990,1567,65
3201,8720,88991,11128,88991,1567,65
3201,8720,88992,11128,88992,1567,65
3201,8720,88993,11128,88993,1567,65
3201,8720,88994,11128,88994,1567,65
3201,8720,88995,11128,88995,1567,65
3201,8720,88996,11128,88996,1567,65
3201,8720,88997,11128,88997,1567,65
3201,8720,88998,11128,88998,1567,65
3201,8720,88999,11128,88999,1567,65
3201,8720,89000,11128,89000,1567,65
3201,8720,89001,11128,89001,1567,65
3201,8720,89002,11128,89002,1567,65
3201,8720,89003,11128,89003,1567,65
3201,8720,89004,11128,89004,1567,65
3201,8720,89005,11128,89005,1567,65
3201,8720,89006,11128,89006,1567,65
3201,8720,89007,11128,89007,1567,65
3201,8720,89008,11128,89008,1567,65
3201,8720,89009,11128,89009,1567,65
3201,8720,89010,11128,89010,1567,65
3201,8720,89011,11128,89011,1567,65
3201,8720,89012,11128,89012,1567,65
3201,8720,89013,11128,89013,1567,65
3201,8720,89014,11128,89014,1567,65
3201,8720,89015,11128,89015,1567,65
3201,8720,89016,11128,89016,1567,65
3201,8720,89017,11128,89017,1567,65
3201,8720,89018,11128,89018,1567,65
3201,8720,89019,11128,89019,1567,65
3201,8720,89020,11128,89020,1567,65
3201,8720,89021,11128,89021,1567,65
3201,8720,89022,11128,89022,1567,65
3201,8720,89023,11128,89023,1567,65
3201,8720,89024,11128,89024,1567,65
3201,8720,89025,11128,89025,1567,65
3201,8720,89026,11128,89026,1567,65
3201,8720,89027,11128,89027,1567,65
3201,8720,89028,11128,89028,1567,65
3201,8720,89029,11128,89029,1567,65
3201,8720,89030,11128,89030,1567,65
3201,8720,89031,11128,89031,1567,65
3201,8720,89032,11128,89032,1567,65
3201,8720,89033,11128,89033,1567,65
3201,8720,89034,11128,89034,1567,65
3201,8720,89035,11128,89035,1567,65
3201,8720,89036,11128,89036,1567,65
3201,8720,89037,11128,89037,1567,65
3201,8720,89038,11128,89038,1567,65
3201,8720,89039,11128,89039,1567,65
3201,8720,89040,11128,89040,1567,65
3201,8720,89041,11128,89041,1567,65
3201,8720,89042,11128,89042,1567,65
3201,8720,89043,11128,89043,1567,65
3201,8720,89044,11128,89044,1567,65
3201,8720,89045,11128,89045,1567,65
3201,8720,89046,11128,89046,1567,65
3201,8720,89047,11128,89047,1567,65
3201,8720,89048,11128,89048,1567,65
3201,8720,89049,11128,89049,1567,65
3201,8720,89050,11128,89050,1567,65
3201,8720,89051,11128,89051,1567,65
3201,8720,89052,11128,89052,1567,65
3201,8720,89053,11128,89053,1567,65
3201,8720,89054,11128,89054,1567,65
3201,8720,89055,11128,89055,1567,65
3201,8720,89056,11128,89056,1567,65
3201,8720,89057,11128,89057,1567,65
3201,8720,89058,11128,89058,1567,65
3201,8720,89059,11128,89059,1567,65
3201,8720,89060,11128,89060,1567,65
3201,8720,89061,11128,89061,1567,65
3201,8720,89062,11128,89062,1567,65
3201,8720,89063,11128,89063,1567,65
3201,8720,89064,11128,89064,1567,65
3201,8720,89065,11128,89065,1567,65
3201,8720,89066,11128,89066,1567,65
3201,8720,89067,11128,89067,1567,65
3201,8720,89068,11128,89068,1567,65
3201,8720,89069,11128,89069,1567,65
3201,8720,89070,11128,89070,1567,65
3201,8720,89071,11128,89071,1567,65
3201,8720,89072,11128,89072,1567,65
3201,8720,89073,11128,89073,1567,65
3201,8720,89074,11128,89074,1567,65
3201,8720,89075,11128,89075,1567,65
3201,8720,89076,11128,89076,1567,65
3201,8720,89077,11128,89077,1567,65
3201,8720,89078,11128,89078,1567,65
3201,8720,89079,11128,89079,1567,65
3201,8720,89080,11128,89080,1567,65
3201,8720,89081,11128,89081,1567,65
3201,8720,89082,11128,89082,1567,65
3201,8720,89083,11128,89083,1567,65
3201,8720,89084,11128,89084,1567,65
3201,8720,89085,11128,89085,1567,65
3201,8720,89086,11128,89086,1567,65
3201,8720,89087,11128,89087,1567,65
3201,8720,89088,11128,89088,1567,65
3201,8720,89089,11128,89089,1567,65
3201,8720,89090,11128,89090,1567,65
3201,8720,89091,11128,89091,1567,65
3201,8720,89092,11128,89092,1567,65
3201,8720,89093,11128,89093,1567,65
3201,8720,89094,11128,89094,1567,65
3201,8720,89095,11128,89095,1567,65
3201,8720,89096,11128,89096,1567,65
3201,8720,89097,11128,89097,1567,65
3201,8720,89098,11128,89098,1567,65
3201,8720,89099,11128,89099,1567,65
3201,8720,89100,11128,89100,1567,65
3201,8720,89101,11128,89101,1567,65
3201,8720,89102,11128,89102,1567,65
3201,8720,89103,11128,89103,1567,65
3201,8720,89104,11128,89104,1567,65
3201,8720,89105,11128,89105,1567,65
3201,8720,89106,11128,89106,1567,65
3201,8720,89107,11128,89107,1567,65
3201,8720,89108,11128,89108,1567,65
3201,8720,89109,11128,89109,1567,65
3201,8720,89110,11128,89110,1567,65
3201,8720,89111,11128,89111,1567,65
3201,8720,89112,11128,89112,1567,65
3201,8720,89113,11128,89113,1567,65
3201,8720,89114,11128,89114,1567,65
3201,8720,89115,11128,89115,1567,65
3201,8720,89116,11128,89116,1567,65
3201,8720,89117,11128,89117,1567,65
3201,8720,89118,11128,89118,1567,65
3201,8720,89119,11128,89119,1567,65
3201,8720,89120,11128,89120,1567,65
3201,8720,89121,11128,89121,1567,65
3201,8720,89122,11128,89122,1567,65
3201,8720,89123,11128,89123,1567,65
3201,8720,89124,11128,89124,1567,65
3201,8720,89125,11128,89125,1567,65
3201,8720,89126,11128,89126,1567,65
3201,8720,89127,11128,89127,1567,65
3201,8720,89128,11128,89128,1567,65
3201,8720,89129,11128,89129,1567,65
3201,8720,89130,11128,89130,1567,65
3201,8720,89131,11128,89131,1567,65
3201,8720,89132,11128,89132,1567,65
3201,8720,89133,11128,89133,1567,65
3201,8720,89134,11128,89134,1567,65
3201,8720,89135,11128,89135,1567,65
3201,8720,89136,11128,89136,1567,65
3201,8720,89137,11128,89137,1567,65
3201,8720,89138,11128,89138,1567,65
3201,8720,89139,11128,89139,1567,65
3201,8720,89140,11128,89140,1567,65
3201,8720,89141,11128,89141,1567,65
3201,8720,89142,11128,89142,1567,65
3201,8720,89143,11128,89143,1567,65
3201,8720,89144,11128,89144,1567,65
3201,8720,89145,11128,89145,1567,65
3201,8720,89146,11128,89146,1567,65
3201,8720,89147,11128,89147,1567,65
3201,8720,89148,11128,89148,1567,65
3201,8720,89149,11128,89149,1567,65
3201,8720,89150,11128,89150,1567,65
3201,8720,89151,11128,89151,1567,65
3201,8720,89152,11128,89152,1567,65
3201,8720,89153,11128,89153,1567,65
3201,8720,89154,11128,89154,1567,65
3201,8720,89155,11128,89155,1567,65
3201,8720,89156,11128,89156,1567,65
3201,8720,89157,11128,89157,1567,65
3201,8720,89158,11128,89158,1567,65
3201,8720,89159,11128,89159,1567,65
3201,8720,89160,11128,89160,1567,65
3201,8720,89161,11128,89161,1567,65
3201,8720,89162,11128,89162,1567,65
3201,8720,89163,11128,89163,1567,65
3201,8720,89164,11128,89164,1567,65
3201,8720,89165,11128,89165,1567,65
3201,8720,89166,11128,89166,1567,65
3201,8720,89167,11128,89167,1567,65
3201,8720,89168,11128,89168,1567,65
3201,8720,89169,11128,89169,1567,65
3201,8720,89170,11128,89170,1567,65
3201,8720,89171,11128,89171,1567,65
3201,8720,89172,11128,89172,1567,65
3201,8720,89173,11128,89173,1567,65
3201,8720,89174,11128,89174,1567,65
3201,8720,89175,11128,89175,1567,65
3201,8720,89176,11128,89176,1567,65
3201,8720,89177,11128,89177,1567,65
3201,8720,89178,11128,89178,1567,65
3201,8720,89179,11128,89179,1567,65
3201,8720,89180,11128,89180,1567,65
3201,8720,89181,11128,89181,1567,65
3201,8720,89182,11128,89182,1567,65
3201,8720,89183,11128,89183,1567,65
3201,8720,89184,11128,89184,1567,65
3201,8720,89185,11128,89185,1567,65
3201,8720,89186,11128,89186,1567,65
3201,8720,89187,11128,89187,1567,65
3201,8720,89188,11128,89188,1567,65
3201,8720,89189,11128,89189,1567,65
3201,8720,89190,11128,89190,1567,65
3201,8720,89191,11128,89191,1567,65
3201,8720,89192,11128,89192,1567,65
3201,8720,89193,11128,89193,1567,65
3201,8720,89194,11128,89194,1567,65
3201,8720,89195,11128,89195,1567,65
3201,8720,89196,11128,89196,1567,65
3201,8720,89197,11128,89197,1567,65
3201,8720,89198,11128,89198,1567,65
3201,8720,89199,11128,89199,1567,65
3201,8720,89200,11128,89200,1567,65
3201,8720,89201,11128,89201,1567,65
3201,8720,89202,11128,89202,1567,65
3201,8720,89203,11128,89203,1567,65
3201,8720,89204,11128,89204,1567,65
3201,8720,89205,11128,89205,1567,65
3201,8720,89206,11128,89206,1567,65
3201,8720,89207,11128,89207,1567,65
3201,8720,89208,11128,89208,1567,65
3201,8720,89209,11128,89209,1567,65
3201,8720,89210,11128,89210,1567,65
3201,8720,89211,11128,89211,1567,65
3201,8720,89212,11128,89212,1567,65
3201,8720,89213,11128,89213,1567,65
3201,8720,89214,11128,89214,1567,65
3201,8720,89215,11128,89215,1567,65
3201,8720,89216,11128,89216,1567,65
3201,8720,89217,11128,89217,1567,65
3201,8720,89218,11128,89218,1567,65
3201,8720,89219,11128,89219,1567,65
3201,8720,89220,11128,89220,1567,65
3201,8720,89221,11128,89221,1567,65
3201,8720,89222,11128,89222,1567,65
3201,8720,89223,11128,89223,1567,65
3201,8720,89224,11128,89224,1567,65
3201,8720,89225,11128,89225,1567,65
3201,8720,89226,11128,89226,1567,65
3201,8720,89227,11128,89227,1567,65
3201,8720,89228,11128,89228,1567,65
3201,8720,89229,11128,89229,1567,65
3201,8720,89230,11128,89230,1567,65
3201,8720,89231,11128,89231,1567,65
3201,8720,89232,11128,89232,1567,65
3201,8720,89233,11128,89233,1567,65
3201,8720,89234,11128,89234,1567,65
3201,8720,89235,11128,89235,1567,65
3201,8720,89236,11128,89236,1567,65
3201,8720,89237,11128,89237,1567,65
3201,8720,89238,11128,89238,1567,65
3201,8720,89239,11128,89239,1567,65
3201,8720,89240,11128,89240,1567,65
3201,8720,89241,11128,89241,1567,65
3201,8720,89242,11128,89242,1567,65
3201,8720,89243,11128,89243,1567,65
3201,8720,89244,11128,89244,1567,65
3201,8720,89245,11128,89245,1567,65
3201,8720,89246,11128,89246,1567,65
3201,8720,89247,11128,89247,1567,65
3201,8720,89248,11128,89248,1567,65
3201,8720,89249,11128,89249,1567,65
3201,8720,89250,11128,89250,1567,65
3201,8720,89251,11128,89251,1567,65
3201,8720,89252,11128,89252,1567,65
3201,8720,89253,11128,89253,1567,65
3201,8720,89254,11128,89254,1567,65
3201,8720,89255,11128,89255,1567,65
3201,8720,89256,11128,89256,1567,65
3201,8720,89257,11128,89257,1567,65
3201,8720,89258,11128,89258,1567,65
3201,8720,89259,11128,89259,1567,65
3201,8720,89260,11128,89260,1567,65
3201,8720,89261,11128,89261,1567,65
3201,8720,89262,11128,89262,1567,65
3201,8720,89263,11128,89263,1567,65
3201,8720,89264,11128,89264,1567,65
3201,8720,89265,11128,89265,1567,65
3201,8720,89266,11128,89266,1567,65
3201,8720,89267,11128,89267,1567,65
3201,8720,89268,11128,89268,1567,65
3201,8720,89269,11128,89269,1567,65
3201,8720,89270,11128,89270,1567,65
3201,8720,89271,11128,89271,1567,65
3201,8720,89272,11128,89272,1567,65
3201,8720,89273,11128,89273,1567,65
3201,8720,89274,11128,89274,1567,65
3201,8720,89275,11128,89275,1567,65
3201,8720,89276,11128,89276,1567,65
3201,8720,89277,11128,89277,1567,65
3201,8720,89278,11128,89278,1567,65
3201,8720,89279,11128,89279,1567,65
3201,8720,89280,11128,89280,1567,65
3201,8720,89281,11128,89281,1567,65
3201,8720,89282,11128,89282,1567,65
3201,8720,89283,11128,89283,1567,65
3201,8720,89284,11128,89284,1567,65
3201,8720,89285,11128,89285,1567,65
3201,8720,89286,11128,89286,1567,65
3201,8720,89287,11128,89287,1567,65
3201,8720,89288,11128,89288,1567,65
3201,8720,89289,11128,89289,1567,65
3201,8720,89290,11128,89290,1567,65
3201,8720,89291,11128,89291,1567,65
3201,8720,89292,11128,89292,1567,65
3201,8720,89293,11128,89293,1567,65
3201,8720,89294,11128,89294,1567,65
3201,8720,89295,11128,89295,1567,65
3201,8720,89296,11128,89296,1567,65
3201,8720,89297,11128,89297,1567,65
3201,8720,89298,11128,89298,1567,65
3201,8720,89299,11128,89299,1567,65
3201,8720,89300,11128,89300,1567,65
3201,8720,89301,11128,89301,1567,65
3201,8720,89302,11128,89302,1567,65
3201,8720,89303,11128,89303,1567,65
3201,8720,89304,11128,89304,1567,65
3201,8720,89305,11128,89305,1567,65
3201,8720,89306,11128,89306,1567,65
3201,8720,89307,11128,89307,1567,65
3201,8720,89308,11128,89308,1567,65
3201,8720,89309,11128,89309,1567,65
3201,8720,89310,11128,89310,1567,65
3201,8720,89311,11128,89311,1567,65
3201,8720,89312,11128,89312,1567,65
3201,8720,89313,11128,89313,1567,65
3201,8720,89314,11128,89314,1567,65
3201,8720,89315,11128,89315,1567,65
3201,8720,89316,11128,89316,1567,65
3201,8720,89317,11128,89317,1567,65
3201,8720,89318,11128,89318,1567,65
3201,8720,89319,11128,89319,1567,65
3201,8720,89320,11128,89320,1567,65
3201,8720,89321,11128,89321,1567,65
3201,8720,89322,11128,89322,1567,65
3201,8720,89323,11128,89323,1567,65
3201,8720,89324,11128,89324,1567,65
3201,8720,89325,11128,89325,1567,65
3201,8720,89326,11128,89326,1567,65
3201,8720,89327,11128,89327,1567,65
3201,8720,89328,11128,89328,1567,65
3201,8720,89329,11128,89329,1567,65
3201,8720,89330,11128,89330,1567,65
3201,8720,89331,11128,89331,1567,65
3201,8720,89332,11128,89332,1567,65
3201,8720,89333,11128,89333,1567,65
3201,8720,89334,11128,89334,1567,65
3201,8720,89335,11128,89335,1567,65
3201,8720,89336,11128,89336,1567,65
3201,8720,89337,11128,89337,1567,65
3201,8720,89338,11128,89338,1567,65
3201,8720,89339,11128,89339,1567,65
3201,8720,89340,11128,89340,1567,65
3201,8720,89341,11128,89341,1567,65
3201,8720,89342,11128,89342,1567,65
3201,8720,89343,11128,89343,1567,65
3201,8720,89344,11128,89344,1567,65
3201,8720,89345,11128,89345,1567,65
3201,8720,89346,11128,89346,1567,65
3201,8720,89347,11128,89347,1567,65
3201,8720,89348,11128,89348,1567,65
3201,8720,89349,11128,89349,1567,65
3201,8720,89350,11128,89350,1567,65
3201,8720,89351,11128,89351,1567,65
3201,8720,89352,11128,89352,1567,65
3201,8720,89353,11128,89353,1567,65
3201,8720,89354,11128,89354,1567,65
3201,8720,89355,11128,89355,1567,65
3201,8720,89356,11128,89356,1567,65
3201,8720,89357,11128,89357,1567,65
3201,8720,89358,11128,89358,1567,65
3201,8720,89359,11128,89359,1567,65
3201,8720,89360,11128,89360,1567,65
3201,8720,89361,11128,89361,1567,65
3201,8720,89362,11128,89362,1567,65
3201,8720,89363,11128,89363,1567,65
3201,8720,89364,11128,89364,1567,65
3201,8720,89365,11128,89365,1567,65
3201,8720,89366,11128,89366,1567,65
3201,8720,89367,11128,89367,1567,65
3201,8720,89368,11128,89368,1567,65
3201,8720,89369,11128,89369,1567,65
3201,8720,89370,11128,89370,1567,65
3201,8720,89371,11128,89371,1567,65
3201,8720,89372,11128,89372,1567,65
3201,8720,89373,11128,89373,1567,65
3201,8720,89374,11128,89374,1567,65
3201,8720,89375,11128,89375,1567,65
3201,8720,89376,11128,89376,1567,65
3201,8720,89377,11128,89377,1567,65
3201,8720,89378,11128,89378,1567,65
3201,8720,89379,11128,89379,1567,65
3201,8720,89380,11128,89380,1567,65
3201,8720,89381,11128,89381,1567,65
3201,8720,89382,11128,89382,1567,65
3201,8720,89383,11128,89383,1567,65
3201,8720,89384,11128,89384,1567,65
3201,8720,89385,11128,89385,1567,65
3201,8720,89386,11128,89386,1567,65
3201,8720,89387,11128,89387,1567,65
3201,8720,89388,11128,89388,1567,65
3201,8720,89389,11128,89389,1567,65
3201,8720,89390,11128,89390,1567,65
3201,8720,89391,11128,89391,1567,65
3201,8720,89392,11128,89392,1567,65
3201,8720,89393,11128,89393,1567,65
3201,8720,89394,11128,89394,1567,65
3201,8720,89395,11128,89395,1567,65
3201,8720,89396,11128,89396,1567,65
3201,8720,89397,11128,89397,1567,65
3201,8720,89398,11128,89398,1567,65
3201,8720,89399,11128,89399,1567,65
3201,8720,89400,11128,89400,1567,65
3201,8720,89401,11128,89401,1567,65
3201,8720,89402,11128,89402,1567,65
3201,8720,89403,11128,89403,1567,65
3201,8720,89404,11128,89404,1567,65
3201,8720,89405,11128,89405,1567,65
3201,8720,89406,11128,89406,1567,65
3201,8720,89407,11128,89407,1567,65
3201,8720,89408,11128,89408,1567,65
3201,8720,89409,11128,89409,1567,65
3201,8720,89410,11128,89410,1567,65
3201,8720,89411,11128,89411,1567,65
3201,8720,89412,11128,89412,1567,65
3201,8720,89413,11128,89413,1567,65
3201,8720,89414,11128,89414,1567,65
3201,8720,89415,11128,89415,1567,65
3201,8720,89416,11128,89416,1567,65
3201,8720,89417,11128,89417,1567,65
3201,8720,89418,11128,89418,1567,65
3201,8720,89419,11128,89419,1567,65
3201,8720,89420,11128,89420,1567,65
3201,8720,89421,11128,89421,1567,65
3201,8720,89422,11128,89422,1567,65
3201,8720,89423,11128,89423,1567,65
3201,8720,89424,11128,89424,1567,65
3201,8720,89425,11128,89425,1567,65
3201,8720,89426,11128,89426,1567,65
3201,8720,89427,11128,89427,1567,65
3201,8720,89428,11128,89428,1567,65
3201,8720,89429,11128,89429,1567,65
3201,8720,89430,11128,89430,1567,65
3201,8720,89431,11128,89431,1567,65
3201,8720,89432,11128,89432,1567,65
3201,8720,89433,11128,89433,1567,65
3201,8720,89434,11128,89434,1567,65
3201,8720,89435,11128,89435,1567,65
3201,8720,89436,11128,89436,1567,65
3201,8720,89437,11128,89437,1567,65
3201,8720,89438,11128,89438,1567,65
3201,8720,89439,11128,89439,1567,65
3201,8720,89440,11128,89440,1567,65
3201,8720,89441,11128,89441,1567,65
3201,8720,89442,11128,89442,1567,65
3201,8720,89443,11128,89443,1567,65
3201,8720,89444,11128,89444,1567,65
3201,8720,89445,11128,89445,1567,65
3201,8720,89446,11128,89446,1567,65
3201,8720,89447,11128,89447,1567,65
3201,8720,89448,11128,89448,1567,65
3201,8720,89449,11128,89449,1567,65
3201,8720,89450,11128,89450,1567,65
3201,8720,89451,11128,89451,1567,65
3201,8720,89452,11128,89452,1567,65
3201,8720,89453,11128,89453,1567,65
3201,8720,89454,11128,89454,1567,65
3201,8720,89455,11128,89455,1567,65
3201,8720,89456,11128,89456,1567,65
3201,8720,89457,11128,89457,1567,65
3201,8720,89458,11128,89458,1567,65
3201,8720,89459,11128,89459,1567,65
3201,8720,89460,11128,89460,1567,65
3201,8720,89461,11128,89461,1567,65
3201,8720,89462,11128,89462,1567,65
3201,8720,89463,11128,89463,1567,65
3201,8720,89464,11128,89464,1567,65
3201,8720,89465,11128,89465,1567,65
3201,8720,89466,11128,89466,1567,65
3201,8720,89467,11128,89467,1567,65
3201,8720,89468,11128,89468,1567,65
3201,8720,89469,11128,89469,1567,65
3201,8720,89470,11128,89470,1567,65
3201,8720,89471,11128,89471,1567,65
3201,8720,89472,11128,89472,1567,65
3201,8720,89473,11128,89473,1567,65
3201,8720,89474,11128,89474,1567,65
3201,8720,89475,11128,89475,1567,65
3201,8720,89476,11128,89476,1567,65
3201,8720,89477,11128,89477,1567,65
3201,8720,89478,11128,89478,1567,65
3201,8720,89479,11128,89479,1567,65
3201,8720,89480,11128,89480,1567,65
3201,8720,89481,11128,89481,1567,65
3201,8720,89482,11128,89482,1567,65
3201,8720,89483,11128,89483,1567,65
3201,8720,89484,11128,89484,1567,65
3201,8720,89485,11128,89485,1567,65
3201,8720,89486,11128,89486,1567,65
3201,8720,89487,11128,89487,1567,65
3201,8720,89488,11128,89488,1567,65
3201,8720,89489,11128,89489,1567,65
3201,8720,89490,11128,89490,1567,65
3201,8720,89491,11128,89491,1567,65
3201,8720,89492,11128,89492,1567,65
3201,8720,89493,11128,89493,1567,65
3201,8720,89494,11128,89494,1567,65
3201,8720,89495,11128,89495,1567,65
3201,8720,89496,11128,89496,1567,65
3201,8720,89497,11128,89497,1567,65
3201,8720,89498,11128,89498,1567,65
3201,8720,89499,11128,89499,1567,65
3201,8720,89500,11128,89500,1567,65
3201,8720,89501,11128,89501,1567,65
3201,8720,89502,11128,89502,1567,65
3201,8720,89503,11128,89503,1567,65
3201,8720,89504,11128,89504,1567,65
3201,8720,89505,11128,89505,1567,65
3201,8720,89506,11128,89506,1567,65
3201,8720,89507,11128,89507,1567,65
3201,8720,89508,11128,89508,1567,65
3201,8720,89509,11128,89509,1567,65
3201,8720,89510,11128,89510,1567,65
3201,8720,89511,11128,89511,1567,65
3201,8720,89512,11128,89512,1567,65
3201,8720,89513,11128,89513,1567,65
3201,8720,89514,11128,89514,1567,65
3201,8720,89515,11128,89515,1567,65
3201,8720,89516,11128,89516,1567,65
3201,8720,89517,11128,89517,1567,65
3201,8720,89518,11128,89518,1567,65
3201,8720,89519,11128,89519,1567,65
3201,8720,89520,11128,89520,1567,65
3201,8720,89521,11128,89521,1567,65
3201,8720,89522,11128,89522,1567,65
3201,8720,89523,11128,89523,1567,65
3201,8720,89524,11128,89524,1567,65
3201,8720,89525,11128,89525,1567,65
3201,8720,89526,11128,89526,1567,65
3201,8720,89527,11128,89527,1567,65
3201,8720,89528,11128,89528,1567,65
3201,8720,89529,11128,89529,1567,65
3201,8720,89530,11128,89530,1567,65
3201,8720,89531,11128,89531,1567,65
3201,8720,89532,11128,89532,1567,65
3201,8720,89533,11128,89533,1567,65
3201,8720,89534,11128,89534,1567,65
3201,8720,89535,11128,89535,1567,65
3201,8720,89536,11128,89536,1567,65
3201,8720,89537,11128,89537,1567,65
3201,8720,89538,11128,89538,1567,65
3201,8720,89539,11128,89539,1567,65
3201,8720,89540,11128,89540,1567,65
3201,8720,89541,11128,89541,1567,65
3201,8720,89542,11128,89542,1567,65
3201,8720,89543,11128,89543,1567,65
3201,8720,89544,11128,89544,1567,65
3201,8720,89545,11128,89545,1567,65
3201,8720,89546,11128,89546,1567,65
3201,8720,89547,11128,89547,1567,65
3201,8720,89548,11128,89548,1567,65
3201,8720,89549,11128,89549,1567,65
3201,8720,89550,11128,89550,1567,65
3201,8720,89551,11128,89551,1567,65
3201,8720,89552,11128,89552,1567,65
3201,8720,89553,11128,89553,1567,65
3201,8720,89554,11128,89554,1567,65
3201,8720,89555,11128,89555,1567,65
3201,8720,89556,11128,89556,1567,65
3201,8720,89557,11128,89557,1567,65
3201,8720,89558,11128,89558,1567,65
3201,8720,89559,11128,89559,1567,65
3201,8720,89560,11128,89560,1567,65
3201,8720,89561,11128,89561,1567,65
3201,8720,89562,11128,89562,1567,65
3201,8720,89563,11128,89563,1567,65
3201,8720,89564,11128,89564,1567,65
3201,8720,89565,11128,89565,1567,65
3201,8720,89566,11128,89566,1567,65
3201,8720,89567,11128,89567,1567,65
3201,8720,89568,11128,89568,1567,65
3201,8720,89569,11128,89569,1567,65
3201,8720,89570,11128,89570,1567,65
3201,8720,89571,11128,89571,1567,65
3201,8720,89572,11128,89572,1567,65
3201,8720,89573,11128,89573,1567,65
3201,8720,89574,11128,89574,1567,65
3201,8720,89575,11128,89575,1567,65
3201,8720,89576,11128,89576,1567,65
3201,8720,89577,11128,89577,1567,65
3201,8720,89578,11128,89578,1567,65
3201,8720,89579,11128,89579,1567,65
3201,8720,89580,11128,89580,1567,65
3201,8720,89581,11128,89581,1567,65
3201,8720,89582,11128,89582,1567,65
3201,8720,89583,11128,89583,1567,65
3201,8720,89584,11128,89584,1567,65
3201,8720,89585,11128,89585,1567,65
3201,8720,89586,11128,89586,1567,65
3201,8720,89587,11128,89587,1567,65
3201,8720,89588,11128,89588,1567,65
3201,8720,89589,11128,89589,1567,65
3201,8720,89590,11128,89590,1567,65
3201,8720,89591,11128,89591,1567,65
3201,8720,89592,11128,89592,1567,65
3201,8720,89593,11128,89593,1567,65
3201,8720,89594,11128,89594,1567,65
3201,8720,89595,11128,89595,1567,65
3201,8720,89596,11128,89596,1567,65
3201,8720,89597,11128,89597,1567,65
3201,8720,89598,11128,89598,1567,65
3201,8720,89599,11128,89599,1567,65
3201,8720,89600,11128,89600,1567,65
3201,8720,89601,11128,89601,1567,65
3201,8720,89602,11128,89602,1567,65
3201,8720,89603,11128,89603,1567,65
3201,8720,89604,11128,89604,1567,65
3201,8720,89605,11128,89605,1567,65
3201,8720,89606,11128,89606,1567,65
3201,8720,89607,11128,89607,1567,65
3201,8720,89608,11128,89608,1567,65
3201,8720,89609,11128,89609,1567,65
3201,8720,89610,11128,89610,1567,65
3201,8720,89611,11128,89611,1567,65
3201,8720,89612,11128,89612,1567,65
3201,8720,89613,11128,89613,1567,65
3201,8720,89614,11128,89614,1567,65
3201,8720,89615,11128,89615,1567,65
3201,8720,89616,11128,89616,1567,65
3201,8720,89617,11128,89617,1567,65
3201,8720,89618,11128,89618,1567,65
3201,8720,89619,11128,89619,1567,65
3201,8720,89620,11128,89620,1567,65
3201,8720,89621,11128,89621,1567,65
3201,8720,89622,11128,89622,1567,65
3201,8720,89623,11128,89623,1567,65
3201,8720,89624,11128,89624,1567,65
3201,8720,89625,11128,89625,1567,65
3201,8720,89626,11128,89626,1567,65
3201,8720,89627,11128,89627,1567,65
3201,8720,89628,11128,89628,1567,65
3201,8720,89629,11128,89629,1567,65
3201,8720,89630,11128,89630,1567,65
3201,8720,89631,11128,89631,1567,65
3201,8720,89632,11128,89632,1567,65
3201,8720,89633,11128,89633,1567,65
3201,8720,89634,11128,89634,1567,65
3201,8720,89635,11128,89635,1567,65
3201,8720,89636,11128,89636,1567,65
3201,8720,89637,11128,89637,1567,65
3201,8720,89638,11128,89638,1567,65
3201,8720,89639,11128,89639,1567,65
3201,8720,89640,11128,89640,1567,65
3201,8720,89641,11128,89641,1567,65
3201,8720,89642,11128,89642,1567,65
3201,8720,89643,11128,89643,1567,65
3201,8720,89644,11128,89644,1567,65
3201,8720,89645,11128,89645,1567,65
3201,8720,89646,11128,89646,1567,65
3201,8720,89647,11128,89647,1567,65
3201,8720,89648,11128,89648,1567,65
3201,8720,89649,11128,89649,1567,65
3201,8720,89650,11128,89650,1567,65
3201,8720,89651,11128,89651,1567,65
3201,8720,89652,11128,89652,1567,65
3201,8720,89653,11128,89653,1567,65
3201,8720,89654,11128,89654,1567,65
3201,8720,89655,11128,89655,1567,65
3201,8720,89656,11128,89656,1567,65
3201,8720,89657,11128,89657,1567,65
3201,8720,89658,11128,89658,1567,65
3201,8720,89659,11128,89659,1567,65
3201,8720,89660,11128,89660,1567,65
3201,8720,89661,11128,89661,1567,65
3201,8720,89662,11128,89662,1567,65
3201,8720,89663,11128,89663,1567,65
3201,8720,89664,11128,89664,1567,65
3201,8720,89665,11128,89665,1567,65
3201,8720,89666,11128,89666,1567,65
3201,8720,89667,11128,89667,1567,65
3201,8720,89668,11128,89668,1567,65
3201,8720,89669,11128,89669,1567,65
3201,8720,89670,11128,89670,1567,65
3201,8720,89671,11128,89671,1567,65
3201,8720,89672,11128,89672,1567,65
3201,8720,89673,11128,89673,1567,65
3201,8720,89674,11128,89674,1567,65
3201,8720,89675,11128,89675,1567,65
3201,8720,89676,11128,89676,1567,65
3201,8720,89677,11128,89677,1567,65
3201,8720,89678,11128,89678,1567,65
3201,8720,89679,11128,89679,1567,65
3201,8720,89680,11128,89680,1567,65
3201,8720,89681,11128,89681,1567,65
3201,8720,89682,11128,89682,1567,65
3201,8720,89683,11128,89683,1567,65
3201,8720,89684,11128,89684,1567,65
3201,8720,89685,11128,89685,1567,65
3201,8720,89686,11128,89686,1567,65
3201,8720,89687,11128,89687,1567,65
3201,8720,89688,11128,89688,1567,65
3201,8720,89689,11128,89689,1567,65
3201,8720,89690,11128,89690,1567,65
3201,8720,89691,11128,89691,1567,65
3201,8720,89692,11128,89692,1567,65
3201,8720,89693,11128,89693,1567,65
3201,8720,89694,11128,89694,1567,65
3201,8720,89695,11128,89695,1567,65
3201,8720,89696,11128,89696,1567,65
3201,8720,89697,11128,89697,1567,65
3201,8720,89698,11128,89698,1567,65
3201,8720,89699,11128,89699,1567,65
3201,8720,89700,11128,89700,1567,65
3201,8720,89701,11128,89701,1567,65
3201,8720,89702,11128,89702,1567,65
3201,8720,89703,11128,89703,1567,65
3201,8720,89704,11128,89704,1567,65
3201,8720,89705,11128,89705,1567,65
3201,8720,89706,11128,89706,1567,65
3201,8720,89707,11128,89707,1567,65
3201,8720,89708,11128,89708,1567,65
3201,8720,89709,11128,89709,1567,65
3201,8720,89710,11128,89710,1567,65
3201,8720,89711,11128,89711,1567,65
3201,8720,89712,11128,89712,1567,65
3201,8720,89713,11128,89713,1567,65
3201,8720,89714,11128,89714,1567,65
3201,8720,89715,11128,89715,1567,65
3201,8720,89716,11128,89716,1567,65
3201,8720,89717,11128,89717,1567,65
3201,8720,89718,11128,89718,1567,65
3201,8720,89719,11128,89719,1567,65
3201,8720,89720,11128,89720,1567,65
3201,8720,89721,11128,89721,1567,65
3201,8720,89722,11128,89722,1567,65
3201,8720,89723,11128,89723,1567,65
3201,8720,89724,11128,89724,1567,65
3201,8720,89725,11128,89725,1567,65
3201,8720,89726,11128,89726,1567,65
3201,8720,89727,11128,89727,1567,65
3201,8720,89728,11128,89728,1567,65
3201,8720,89729,11128,89729,1567,65
3201,8720,89730,11128,89730,1567,65
3201,8720,89731,11128,89731,1567,65
3201,8720,89732,11128,89732,1567,65
3201,8720,89733,11128,89733,1567,65
3201,8720,89734,11128,89734,1567,65
3201,8720,89735,11128,89735,1567,65
3201,8720,89736,11128,89736,1567,65
3201,8720,89737,11128,89737,1567,65
3201,8720,89738,11128,89738,1567,65
3201,8720,89739,11128,89739,1567,65
3201,8720,89740,11128,89740,1567,65
3201,8720,89741,11128,89741,1567,65
3201,8720,89742,11128,89742,1567,65
3201,8720,89743,11128,89743,1567,65
3201,8720,89744,11128,89744,1567,65
3201,8720,89745,11128,89745,1567,65
3201,8720,89746,11128,89746,1567,65
3201,8720,89747,11128,89747,1567,65
3201,8720,89748,11128,89748,1567,65
3201,8720,89749,11128,89749,1567,65
3201,8720,89750,11128,89750,1567,65
3201,8720,89751,11128,89751,1567,65
3201,8720,89752,11128,89752,1567,65
3201,8720,89753,11128,89753,1567,65
3201,8720,89754,11128,89754,1567,65
3201,8720,89755,11128,89755,1567,65
3201,8720,89756,11128,89756,1567,65
3201,8720,89757,11128,89757,1567,65
3201,8720,89758,11128,89758,1567,65
3201,8720,89759,11128,89759,1567,65
3201,8720,89760,11128,89760,1567,65
3201,8720,89761,11128,89761,1567,65
3201,8720,89762,11128,89762,1567,65
3201,8720,89763,11128,89763,1567,65
3201,8720,89764,11128,89764,1567,65
3201,8720,89765,11128,89765,1567,65
3201,8720,89766,11128,89766,1567,65
3201,8720,89767,11128,89767,1567,65
3201,8720,89768,11128,89768,1567,65
3201,8720,89769,11128,89769,1567,65
3201,8720,89770,11128,89770,1567,65
3201,8720,89771,11128,89771,1567,65
3201,8720,89772,11128,89772,1567,65
3201,8720,89773,11128,89773,1567,65
3201,8720,89774,11128,89774,1567,65
3201,8720,89775,11128,89775,1567,65
3201,8720,89776,11128,89776,1567,65
3201,8720,89777,11128,89777,1567,65
3201,8720,89778,11128,89778,1567,65
3201,8720,89779,11128,89779,1567,65
3201,8720,89780,11128,89780,1567,65
3201,8720,89781,11128,89781,1567,65
3201,8720,89782,11128,89782,1567,65
3201,8720,89783,11128,89783,1567,65
3201,8720,89784,11128,89784,1567,65
3201,8720,89785,11128,89785,1567,65
3201,8720,89786,11128,89786,1567,65
3201,8720,89787,11128,89787,1567,65
3201,8720,89788,11128,89788,1567,65
3201,8720,89789,11128,89789,1567,65
3201,8720,89790,11128,89790,1567,65
3201,8720,89791,11128,89791,1567,65
3201,8720,89792,11128,89792,1567,65
3201,8720,89793,11128,89793,1567,65
3201,8720,89794,11128,89794,1567,65
3201,8720,89795,11128,89795,1567,65
3201,8720,89796,11128,89796,1567,65
3201,8720,89797,11128,89797,1567,65
3201,8720,89798,11128,89798,1567,65
3201,8720,89799,11128,89799,1567,65
3201,8720,89800,11128,89800,1567,65
3201,8720,89801,11128,89801,1567,65
3201,8720,89802,11128,89802,1567,65
3201,8720,89803,11128,89803,1567,65
3201,8720,89804,11128,89804,1567,65
3201,8720,89805,11128,89805,1567,65
3201,8720,89806,11128,89806,1567,65
3201,8720,89807,11128,89807,1567,65
3201,8720,89808,11128,89808,1567,65
3201,8720,89809,11128,89809,1567,65
3201,8720,89810,11128,89810,1567,65
3201,8720,89811,11128,89811,1567,65
3201,8720,89812,11128,89812,1567,65
3201,8720,89813,11128,89813,1567,65
3201,8720,89814,11128,89814,1567,65
3201,8720,89815,11128,89815,1567,65
3201,8720,89816,11128,89816,1567,65
3201,8720,89817,11128,89817,1567,65
3201,8720,89818,11128,89818,1567,65
3201,8720,89819,11128,89819,1567,65
3201,8720,89820,11128,89820,1567,65
3201,8720,89821,11128,89821,1567,65
3201,8720,89822,11128,89822,1567,65
3201,8720,89823,11128,89823,1567,65
3201,8720,89824,11128,89824,1567,65
3201,8720,89825,11128,89825,1567,65
3201,8720,89826,11128,89826,1567,65
3201,8720,89827,11128,89827,1567,65
3201,8720,89828,11128,89828,1567,65
3201,8720,89829,11128,89829,1567,65
3201,8720,89830,11128,89830,1567,65
3201,8720,89831,11128,89831,1567,65
3201,8720,89832,11128,89832,1567,65
3201,8720,89833,11128,89833,1567,65
3201,8720,89834,11128,89834,1567,65
3201,8720,89835,11128,89835,1567,65
3201,8720,89836,11128,89836,1567,65
3201,8720,89837,11128,89837,1567,65
3201,8720,89838,11128,89838,1567,65
3201,8720,89839,11128,89839,1567,65
3201,8720,89840,11128,89840,1567,65
3201,8720,89841,11128,89841,1567,65
3201,8720,89842,11128,89842,1567,65
3201,8720,89843,11128,89843,1567,65
3201,8720,89844,11128,89844,1567,65
3201,8720,89845,11128,89845,1567,65
3201,8720,89846,11128,89846,1567,65
3201,8720,89847,11128,89847,1567,65
3201,8720,89848,11128,89848,1567,65
3201,8720,89849,11128,89849,1567,65
3201,8720,89850,11128,89850,1567,65
3201,8720,89851,11128,89851,1567,65
3201,8720,89852,11128,89852,1567,65
3201,8720,89853,11128,89853,1567,65
3201,8720,89854,11128,89854,1567,65
3201,8720,89855,11128,89855,1567,65
3201,8720,89856,11128,89856,1567,65
3201,8720,89857,11128,89857,1567,65
3201,8720,89858,11128,89858,1567,65
3201,8720,89859,11128,89859,1567,65
3201,8720,89860,11128,89860,1567,65
3201,8720,89861,11128,89861,1567,65
3201,8720,89862,11128,89862,1567,65
3201,8720,89863,11128,89863,1567,65
3201,8720,89864,11128,89864,1567,65
3201,8720,89865,11128,89865,1567,65
3201,8720,89866,11128,89866,1567,65
3201,8720,89867,11128,89867,1567,65
3201,8720,89868,11128,89868,1567,65
3201,8720,89869,11128,89869,1567,65
3201,8720,89870,11128,89870,1567,65
3201,8720,89871,11128,89871,1567,65
3201,8720,89872,11128,89872,1567,65
3201,8720,89873,11128,89873,1567,65
3201,8720,89874,11128,89874,1567,65
3201,8720,89875,11128,89875,1567,65
3201,8720,89876,11128,89876,1567,65
3201,8720,89877,11128,89877,1567,65
3201,8720,89878,11128,89878,1567,65
3201,8720,89879,11128,89879,1567,65
3201,8720,89880,11128,89880,1567,65
3201,8720,89881,11128,89881,1567,65
3201,8720,89882,11128,89882,1567,65
3201,8720,89883,11128,89883,1567,65
3201,8720,89884,11128,89884,1567,65
3201,8720,89885,11128,89885,1567,65
3201,8720,89886,11128,89886,1567,65
3201,8720,89887,11128,89887,1567,65
3201,8720,89888,11128,89888,1567,65
3201,8720,89889,11128,89889,1567,65
3201,8720,89890,11128,89890,1567,65
3201,8720,89891,11128,89891,1567,65
3201,8720,89892,11128,89892,1567,65
3201,8720,89893,11128,89893,1567,65
3201,8720,89894,11128,89894,1567,65
3201,8720,89895,11128,89895,1567,65
3201,8720,89896,11128,89896,1567,65
3201,8720,89897,11128,89897,1567,65
3201,8720,89898,11128,89898,1567,65
3201,8720,89899,11128,89899,1567,65
3201,8720,89900,11128,89900,1567,65
3201,8720,89901,11128,89901,1567,65
3201,8720,89902,11128,89902,1567,65
3201,8720,89903,11128,89903,1567,65
3201,8720,89904,11128,89904,1567,65
3201,8720,89905,11128,89905,1567,65
3201,8720,89906,11128,89906,1567,65
3201,8720,89907,11128,89907,1567,65
3201,8720,89908,11128,89908,1567,65
3201,8720,89909,11128,89909,1567,65
3201,8720,89910,11128,89910,1567,65
3201,8720,89911,11128,89911,1567,65
3201,8720,89912,11128,89912,1567,65
3201,8720,89913,11128,89913,1567,65
3201,8720,89914,11128,89914,1567,65
3201,8720,89915,11128,89915,1567,65
3201,8720,89916,11128,89916,1567,65
3201,8720,89917,11128,89917,1567,65
3201,8720,89918,11128,89918,1567,65
3201,8720,89919,11128,89919,1567,65
3201,8720,89920,11128,89920,1567,65
3201,8720,89921,11128,89921,1567,65
3201,8720,89922,11128,89922,1567,65
3201,8720,89923,11128,89923,1567,65
3201,8720,89924,11128,89924,1567,65
3201,8720,89925,11128,89925,1567,65
3201,8720,89926,11128,89926,1567,65
3201,8720,89927,11128,89927,1567,65
3201,8720,89928,11128,89928,1567,65
3201,8720,89929,11128,89929,1567,65
3201,8720,89930,11128,89930,1567,65
3201,8720,89931,11128,89931,1567,65
3201,8720,89932,11128,89932,1567,65
3201,8720,89933,11128,89933,1567,65
3201,8720,89934,11128,89934,1567,65
3201,8720,89935,11128,89935,1567,65
3201,8720,89936,11128,89936,1567,65
3201,8720,89937,11128,89937,1567,65
3201,8720,89938,11128,89938,1567,65
3201,8720,89939,11128,89939,1567,65
3201,8720,89940,11128,89940,1567,65
3201,8720,89941,11128,89941,1567,65
3201,8720,89942,11128,89942,1567,65
3201,8720,89943,11128,89943,1567,65
3201,8720,89944,11128,89944,1567,65
3201,8720,89945,11128,89945,1567,65
3201,8720,89946,11128,89946,1567,65
3201,8720,89947,11128,89947,1567,65
3201,8720,89948,11128,89948,1567,65
3201,8720,89949,11128,89949,1567,65
3201,8720,89950,11128,89950,1567,65
3201,8720,89951,11128,89951,1567,65
3201,8720,89952,11128,89952,1567,65
3201,8720,89953,11128,89953,1567,65
3201,8720,89954,11128,89954,1567,65
3201,8720,89955,11128,89955,1567,65
3201,8720,89956,11128,89956,1567,65
3201,8720,89957,11128,89957,1567,65
3201,8720,89958,11128,89958,1567,65
3201,8720,89959,11128,89959,1567,65
3201,8720,89960,11128,89960,1567,65
3201,8720,89961,11128,89961,1567,65
3201,8720,89962,11128,89962,1567,65
3201,8720,89963,11128,89963,1567,65
3201,8720,89964,11128,89964,1567,65
3201,8720,89965,11128,89965,1567,65
3201,8720,89966,11128,89966,1567,65
3201,8720,89967,11128,89967,1567,65
3201,8720,89968,11128,89968,1567,65
3201,8720,89969,11128,89969,1567,65
3201,8720,89970,11128,89970,1567,65
3201,8720,89971,11128,89971,1567,65
3201,8720,89972,11128,89972,1567,65
3201,8720,89973,11128,89973,1567,65
3201,8720,89974,11128,89974,1567,65
3201,8720,89975,11128,89975,1567,65
3201,8720,89976,11128,89976,1567,65
3201,8720,89977,11128,89977,1567,65
3201,8720,89978,11128,89978,1567,65
3201,8720,89979,11128,89979,1567,65
3201,8720,89980,11128,89980,1567,65
3201,8720,89981,11128,89981,1567,65
3201,8720,89982,11128,89982,1567,65
3201,8720,89983,11128,89983,1567,65
3201,8720,89984,11128,89984,1567,65
3201,8720,89985,11128,89985,1567,65
3201,8720,89986,11128,89986,1567,65
3201,8720,89987,11128,89987,1567,65
3201,8720,89988,11128,89988,1567,65
3201,8720,89989,11128,89989,1567,65
3201,8720,89990,11128,89990,1567,65
3201,8720,89991,11128,89991,1567,65
3201,8720,89992,11128,89992,1567,65
3201,8720,89993,11128,89993,1567,65
3201,8720,89994,11128,89994,1567,65
3201,8720,89995,11128,89995,1567,65
3201,8720,89996,11128,89996,1567,65
3201,8720,89997,11128,89997,1567,65
3201,8720,89998,11128,89998,1567,65
3201,8720,89999,11128,89999,1567,65
3201,8720,90000,11128,90000,1567,65
3201,8720,90001,11128,90001,1567,65
3201,8720,90002,11128,90002,1567,65
3201,8720,90003,11128,90003,1567,65
3201,8720,90004,11128,90004,1567,65
3201,8720,90005,11128,90005,1567,65
3201,8720,90006,11128,90006,1567,65
3201,8720,90007,11128,90007,1567,65
3201,8720,90008,11128,90008,1567,65
3201,8720,90009,11128,90009,1567,65
3201,8720,90010,11128,90010,1567,65
3201,8720,90011,11128,90011,1567,65
3201,8720,90012,11128,90012,1567,65
3201,8720,90013,11128,90013,1567,65
3201,8720,90014,11128,90014,1567,65
3201,8720,90015,11128,90015,1567,65
3201,8720,90016,11128,90016,1567,65
3201,8720,90017,11128,90017,1567,65
3201,8720,90018,11128,90018,1567,65
3201,8720,90019,11128,90019,1567,65
3201,8720,90020,11128,90020,1567,65
3201,8720,90021,11128,90021,1567,65
3201,8720,90022,11128,90022,1567,65
3201,8720,90023,11128,90023,1567,65
3201,8720,90024,11128,90024,1567,65
3201,8720,90025,11128,90025,1567,65
3201,8720,90026,11128,90026,1567,65
3201,8720,90027,11128,90027,1567,65
3201,8720,90028,11128,90028,1567,65
3201,8720,90029,11128,90029,1567,65
3201,8720,90030,11128,90030,1567,65
3201,8720,90031,11128,90031,1567,65
3201,8720,90032,11128,90032,1567,65
3201,8720,90033,11128,90033,1567,65
3201,8720,90034,11128,90034,1567,65
3201,8720,90035,11128,90035,1567,65
3201,8720,90036,11128,90036,1567,65
3201,8720,90037,11128,90037,1567,65
3201,8720,90038,11128,90038,1567,65
3201,8720,90039,11128,90039,1567,65
3201,8720,90040,11128,90040,1567,65
3201,8720,90041,11128,90041,1567,65
3201,8720,90042,11128,90042,1567,65
3201,8720,90043,11128,90043,1567,65
3201,8720,90044,11128,90044,1567,65
3201,8720,90045,11128,90045,1567,65
3201,8720,90046,11128,90046,1567,65
3201,8720,90047,11128,90047,1567,65
3201,8720,90048,11128,90048,1567,65
3201,8720,90049,11128,90049,1567,65
3201,8720,90050,11128,90050,1567,65
3201,8720,90051,11128,90051,1567,65
3201,8720,90052,11128,90052,1567,65
3201,8720,90053,11128,90053,1567,65
3201,8720,90054,11128,90054,1567,65
3201,8720,90055,11128,90055,1567,65
3201,8720,90056,11128,90056,1567,65
3201,8720,90057,11128,90057,1567,65
3201,8720,90058,11128,90058,1567,65
3201,8720,90059,11128,90059,1567,65
3201,8720,90060,11128,90060,1567,65
3201,8720,90061,11128,90061,1567,65
3201,8720,90062,11128,90062,1567,65
3201,8720,90063,11128,90063,1567,65
3201,8720,90064,11128,90064,1567,65
3201,8720,90065,11128,90065,1567,65
3201,8720,90066,11128,90066,1567,65
3201,8720,90067,11128,90067,1567,65
3201,8720,90068,11128,90068,1567,65
3201,8720,90069,11128,90069,1567,65
3201,8720,90070,11128,90070,1567,65
3201,8720,90071,11128,90071,1567,65
3201,8720,90072,11128,90072,1567,65
3201,8720,90073,11128,90073,1567,65
3201,8720,90074,11128,90074,1567,65
3201,8720,90075,11128,90075,1567,65
3201,8720,90076,11128,90076,1567,65
3201,8720,90077,11128,90077,1567,65
3201,8720,90078,11128,90078,1567,65
3201,8720,90079,11128,90079,1567,65
3201,8720,90080,11128,90080,1567,65
3201,8720,90081,11128,90081,1567,65
3201,8720,90082,11128,90082,1567,65
3201,8720,90083,11128,90083,1567,65
3201,8720,90084,11128,90084,1567,65
3201,8720,90085,11128,90085,1567,65
3201,8720,90086,11128,90086,1567,65
3201,8720,90087,11128,90087,1567,65
3201,8720,90088,11128,90088,1567,65
3201,8720,90089,11128,90089,1567,65
3201,8720,90090,11128,90090,1567,65
3201,8720,90091,11128,90091,1567,65
3201,8720,90092,11128,90092,1567,65
3201,8720,90093,11128,90093,1567,65
3201,8720,90094,11128,90094,1567,65
3201,8720,90095,11128,90095,1567,65
3201,8720,90096,11128,90096,1567,65
3201,8720,90097,11128,90097,1567,65
3201,8720,90098,11128,90098,1567,65
3201,8720,90099,11128,90099,1567,65
3201,8720,90100,11128,90100,1567,65
3201,8720,90101,11128,90101,1567,65
3201,8720,90102,11128,90102,1567,65
3201,8720,90103,11128,90103,1567,65
3201,8720,90104,11128,90104,1567,65
3201,8720,90105,11128,90105,1567,65
3201,8720,90106,11128,90106,1567,65
3201,8720,90107,11128,90107,1567,65
3201,8720,90108,11128,90108,1567,65
3201,8720,90109,11128,90109,1567,65
3201,8720,90110,11128,90110,1567,65
3201,8720,90111,11128,90111,1567,65
3201,8720,90112,11128,90112,1567,65
3201,8720,90113,11128,90113,1567,65
3201,8720,90114,11128,90114,1567,65
3201,8720,90115,11128,90115,1567,65
3201,8720,90116,11128,90116,1567,65
3201,8720,90117,11128,90117,1567,65
3201,8720,90118,11128,90118,1567,65
3201,8720,90119,11128,90119,1567,65
3201,8720,90120,11128,90120,1567,65
3201,8720,90121,11128,90121,1567,65
3201,8720,90122,11128,90122,1567,65
3201,8720,90123,11128,90123,1567,65
3201,8720,90124,11128,90124,1567,65
3201,8720,90125,11128,90125,1567,65
3201,8720,90126,11128,90126,1567,65
3201,8720,90127,11128,90127,1567,65
3201,8720,90128,11128,90128,1567,65
3201,8720,90129,11128,90129,1567,65
3201,8720,90130,11128,90130,1567,65
3201,8720,90131,11128,90131,1567,65
3201,8720,90132,11128,90132,1567,65
3201,8720,90133,11128,90133,1567,65
3201,8720,90134,11128,90134,1567,65
3201,8720,90135,11128,90135,1567,65
3201,8720,90136,11128,90136,1567,65
3201,8720,90137,11128,90137,1567,65
3201,8720,90138,11128,90138,1567,65
3201,8720,90139,11128,90139,1567,65
3201,8720,90140,11128,90140,1567,65
3201,8720,90141,11128,90141,1567,65
3201,8720,90142,11128,90142,1567,65
3201,8720,90143,11128,90143,1567,65
3201,8720,90144,11128,90144,1567,65
3201,8720,90145,11128,90145,1567,65
3201,8720,90146,11128,90146,1567,65
3201,8720,90147,11128,90147,1567,65
3201,8720,90148,11128,90148,1567,65
3201,8720,90149,11128,90149,1567,65
3201,8720,90150,11128,90150,1567,65
3201,8720,90151,11128,90151,1567,65
3201,8720,90152,11128,90152,1567,65
3201,8720,90153,11128,90153,1567,65
3201,8720,90154,11128,90154,1567,65
3201,8720,90155,11128,90155,1567,65
3201,8720,90156,11128,90156,1567,65
3201,8720,90157,11128,90157,1567,65
3201,8720,90158,11128,90158,1567,65
3201,8720,90159,11128,90159,1567,65
3201,8720,90160,11128,90160,1567,65
3201,8720,90161,11128,90161,1567,65
3201,8720,90162,11128,90162,1567,65
3201,8720,90163,11128,90163,1567,65
3201,8720,90164,11128,90164,1567,65
3201,8720,90165,11128,90165,1567,65
3201,8720,90166,11128,90166,1567,65
3201,8720,90167,11128,90167,1567,65
3201,8720,90168,11128,90168,1567,65
3201,8720,90169,11128,90169,1567,65
3201,8720,90170,11128,90170,1567,65
3201,8720,90171,11128,90171,1567,65
3201,8720,90172,11128,90172,1567,65
3201,8720,90173,11128,90173,1567,65
3201,8720,90174,11128,90174,1567,65
3201,8720,90175,11128,90175,1567,65
3201,8720,90176,11128,90176,1567,65
3201,8720,90177,11128,90177,1567,65
3201,8720,90178,11128,90178,1567,65
3201,8720,90179,11128,90179,1567,65
3201,8720,90180,11128,90180,1567,65
3201,8720,90181,11128,90181,1567,65
3201,8720,90182,11128,90182,1567,65
3201,8720,90183,11128,90183,1567,65
3201,8720,90184,11128,90184,1567,65
3201,8720,90185,11128,90185,1567,65
3201,8720,90186,11128,90186,1567,65
3201,8720,90187,11128,90187,1567,65
3201,8720,90188,11128,90188,1567,65
3201,8720,90189,11128,90189,1567,65
3201,8720,90190,11128,90190,1567,65
3201,8720,90191,11128,90191,1567,65
3201,8720,90192,11128,90192,1567,65
3201,8720,90193,11128,90193,1567,65
3201,8720,90194,11128,90194,1567,65
3201,8720,90195,11128,90195,1567,65
3201,8720,90196,11128,90196,1567,65
3201,8720,90197,11128,90197,1567,65
3201,8720,90198,11128,90198,1567,65
3201,8720,90199,11128,90199,1567,65
3201,8720,90200,11128,90200,1567,65
3201,8720,90201,11128,90201,1567,65
3201,8720,90202,11128,90202,1567,65
3201,8720,90203,11128,90203,1567,65
3201,8720,90204,11128,90204,1567,65
3201,8720,90205,11128,90205,1567,65
3201,8720,90206,11128,90206,1567,65
3201,8720,90207,11128,90207,1567,65
3201,8720,90208,11128,90208,1567,65
3201,8720,90209,11128,90209,1567,65
3201,8720,90210,11128,90210,1567,65
3201,8720,90211,11128,90211,1567,65
3201,8720,90212,11128,90212,1567,65
3201,8720,90213,11128,90213,1567,65
3201,8720,90214,11128,90214,1567,65
3201,8720,90215,11128,90215,1567,65
3201,8720,90216,11128,90216,1567,65
3201,8720,90217,11128,90217,1567,65
3201,8720,90218,11128,90218,1567,65
3201,8720,90219,11128,90219,1567,65
3201,8720,90220,11128,90220,1567,65
3201,8720,90221,11128,90221,1567,65
3201,8720,90222,11128,90222,1567,65
3201,8720,90223,11128,90223,1567,65
3201,8720,90224,11128,90224,1567,65
3201,8720,90225,11128,90225,1567,65
3201,8720,90226,11128,90226,1567,65
3201,8720,90227,11128,90227,1567,65
3201,8720,90228,11128,90228,1567,65
3201,8720,90229,11128,90229,1567,65
3201,8720,90230,11128,90230,1567,65
3201,8720,90231,11128,90231,1567,65
3201,8720,90232,11128,90232,1567,65
3201,8720,90233,11128,90233,1567,65
3201,8720,90234,11128,90234,1567,65
3201,8720,90235,11128,90235,1567,65
3201,8720,90236,11128,90236,1567,65
3201,8720,90237,11128,90237,1567,65
3201,8720,90238,11128,90238,1567,65
3201,8720,90239,11128,90239,1567,65
3201,8720,90240,11128,90240,1567,65
3201,8720,90241,11128,90241,1567,65
3201,8720,90242,11128,90242,1567,65
3201,8720,90243,11128,90243,1567,65
3201,8720,90244,11128,90244,1567,65
3201,8720,90245,11128,90245,1567,65
3201,8720,90246,11128,90246,1567,65
3201,8720,90247,11128,90247,1567,65
3201,8720,90248,11128,90248,1567,65
3201,8720,90249,11128,90249,1567,65
3201,8720,90250,11128,90250,1567,65
3201,8720,90251,11128,90251,1567,65
3201,8720,90252,11128,90252,1567,65
3201,8720,90253,11128,90253,1567,65
3201,8720,90254,11128,90254,1567,65
3201,8720,90255,11128,90255,1567,65
3201,8720,90256,11128,90256,1567,65
3201,8720,90257,11128,90257,1567,65
3201,8720,90258,11128,90258,1567,65
3201,8720,90259,11128,90259,1567,65
3201,8720,90260,11128,90260,1567,65
3201,8720,90261,11128,90261,1567,65
3201,8720,90262,11128,90262,1567,65
3201,8720,90263,11128,90263,1567,65
3201,8720,90264,11128,90264,1567,65
3201,8720,90265,11128,90265,1567,65
3201,8720,90266,11128,90266,1567,65
3201,8720,90267,11128,90267,1567,65
3201,8720,90268,11128,90268,1567,65
3201,8720,90269,11128,90269,1567,65
3201,8720,90270,11128,90270,1567,65
3201,8720,90271,11128,90271,1567,65
3201,8720,90272,11128,90272,1567,65
3201,8720,90273,11128,90273,1567,65
3201,8720,90274,11128,90274,1567,65
3201,8720,90275,11128,90275,1567,65
3201,8720,90276,11128,90276,1567,65
3201,8720,90277,11128,90277,1567,65
3201,8720,90278,11128,90278,1567,65
3201,8720,90279,11128,90279,1567,65
3201,8720,90280,11128,90280,1567,65
3201,8720,90281,11128,90281,1567,65
3201,8720,90282,11128,90282,1567,65
3201,8720,90283,11128,90283,1567,65
3201,8720,90284,11128,90284,1567,65
3201,8720,90285,11128,90285,1567,65
3201,8720,90286,11128,90286,1567,65
3201,8720,90287,11128,90287,1567,65
3201,8720,90288,11128,90288,1567,65
3201,8720,90289,11128,90289,1567,65
3201,8720,90290,11128,90290,1567,65
3201,8720,90291,11128,90291,1567,65
3201,8720,90292,11128,90292,1567,65
3201,8720,90293,11128,90293,1567,65
3201,8720,90294,11128,90294,1567,65
3201,8720,90295,11128,90295,1567,65
3201,8720,90296,11128,90296,1567,65
3201,8720,90297,11128,90297,1567,65
3201,8720,90298,11128,90298,1567,65
3201,8720,90299,11128,90299,1567,65
3201,8720,90300,11128,90300,1567,65
3201,8720,90301,11128,90301,1567,65
3201,8720,90302,11128,90302,1567,65
3201,8720,90303,11128,90303,1567,65
3201,8720,90304,11128,90304,1567,65
3201,8720,90305,11128,90305,1567,65
3201,8720,90306,11128,90306,1567,65
3201,8720,90307,11128,90307,1567,65
3201,8720,90308,11128,90308,1567,65
3201,8720,90309,11128,90309,1567,65
3201,8720,90310,11128,90310,1567,65
3201,8720,90311,11128,90311,1567,65
3201,8720,90312,11128,90312,1567,65
3201,8720,90313,11128,90313,1567,65
3201,8720,90314,11128,90314,1567,65
3201,8720,90315,11128,90315,1567,65
3201,8720,90316,11128,90316,1567,65
3201,8720,90317,11128,90317,1567,65
3201,8720,90318,11128,90318,1567,65
3201,8720,90319,11128,90319,1567,65
3201,8720,90320,11128,90320,1567,65
3201,8720,90321,11128,90321,1567,65
3201,8720,90322,11128,90322,1567,65
3201,8720,90323,11128,90323,1567,65
3201,8720,90324,11128,90324,1567,65
3201,8720,90325,11128,90325,1567,65
3201,8720,90326,11128,90326,1567,65
3201,8720,90327,11128,90327,1567,65
3201,8720,90328,11128,90328,1567,65
3201,8720,90329,11128,90329,1567,65
3201,8720,90330,11128,90330,1567,65
3201,8720,90331,11128,90331,1567,65
3201,8720,90332,11128,90332,1567,65
3201,8720,90333,11128,90333,1567,65
3201,8720,90334,11128,90334,1567,65
3201,8720,90335,11128,90335,1567,65
3201,8720,90336,11128,90336,1567,65
3201,8720,90337,11128,90337,1567,65
3201,8720,90338,11128,90338,1567,65
3201,8720,90339,11128,90339,1567,65
3201,8720,90340,11128,90340,1567,65
3201,8720,90341,11128,90341,1567,65
3201,8720,90342,11128,90342,1567,65
3201,8720,90343,11128,90343,1567,65
3201,8720,90344,11128,90344,1567,65
3201,8720,90345,11128,90345,1567,65
3201,8720,90346,11128,90346,1567,65
3201,8720,90347,11128,90347,1567,65
3201,8720,90348,11128,90348,1567,65
3201,8720,90349,11128,90349,1567,65
3201,8720,90350,11128,90350,1567,65
3201,8720,90351,11128,90351,1567,65
3201,8720,90352,11128,90352,1567,65
3201,8720,90353,11128,90353,1567,65
3201,8720,90354,11128,90354,1567,65
3201,8720,90355,11128,90355,1567,65
3201,8720,90356,11128,90356,1567,65
3201,8720,90357,11128,90357,1567,65
3201,8720,90358,11128,90358,1567,65
3201,8720,90359,11128,90359,1567,65
3201,8720,90360,11128,90360,1567,65
3201,8720,90361,11128,90361,1567,65
3201,8720,90362,11128,90362,1567,65
3201,8720,90363,11128,90363,1567,65
3201,8720,90364,11128,90364,1567,65
3201,8720,90365,11128,90365,1567,65
3201,8720,90366,11128,90366,1567,65
3201,8720,90367,11128,90367,1567,65
3201,8720,90368,11128,90368,1567,65
3201,8720,90369,11128,90369,1567,65
3201,8720,90370,11128,90370,1567,65
3201,8720,90371,11128,90371,1567,65
3201,8720,90372,11128,90372,1567,65
3201,8720,90373,11128,90373,1567,65
3201,8720,90374,11128,90374,1567,65
3201,8720,90375,11128,90375,1567,65
3201,8720,90376,11128,90376,1567,65
3201,8720,90377,11128,90377,1567,65
3201,8720,90378,11128,90378,1567,65
3201,8720,90379,11128,90379,1567,65
3201,8720,90380,11128,90380,1567,65
3201,8720,90381,11128,90381,1567,65
3201,8720,90382,11128,90382,1567,65
3201,8720,90383,11128,90383,1567,65
3201,8720,90384,11128,90384,1567,65
3201,8720,90385,11128,90385,1567,65
3201,8720,90386,11128,90386,1567,65
3201,8720,90387,11128,90387,1567,65
3201,8720,90388,11128,90388,1567,65
3201,8720,90389,11128,90389,1567,65
3201,8720,90390,11128,90390,1567,65
3201,8720,90391,11128,90391,1567,65
3201,8720,90392,11128,90392,1567,65
3201,8720,90393,11128,90393,1567,65
3201,8720,90394,11128,90394,1567,65
3201,8720,90395,11128,90395,1567,65
3201,8720,90396,11128,90396,1567,65
3201,8720,90397,11128,90397,1567,65
3201,8720,90398,11128,90398,1567,65
3201,8720,90399,11128,90399,1567,65
3201,8720,90400,11128,90400,1567,65
3201,8720,90401,11128,90401,1567,65
3201,8720,90402,11128,90402,1567,65
3201,8720,90403,11128,90403,1567,65
3201,8720,90404,11128,90404,1567,65
3201,8720,90405,11128,90405,1567,65
3201,8720,90406,11128,90406,1567,65
3201,8720,90407,11128,90407,1567,65
3201,8720,90408,11128,90408,1567,65
3201,8720,90409,11128,90409,1567,65
3201,8720,90410,11128,90410,1567,65
3201,8720,90411,11128,90411,1567,65
3201,8720,90412,11128,90412,1567,65
3201,8720,90413,11128,90413,1567,65
3201,8720,90414,11128,90414,1567,65
3201,8720,90415,11128,90415,1567,65
3201,8720,90416,11128,90416,1567,65
3201,8720,90417,11128,90417,1567,65
3201,8720,90418,11128,90418,1567,65
3201,8720,90419,11128,90419,1567,65
3201,8720,90420,11128,90420,1567,65
3201,8720,90421,11128,90421,1567,65
3201,8720,90422,11128,90422,1567,65
3201,8720,90423,11128,90423,1567,65
3201,8720,90424,11128,90424,1567,65
3201,8720,90425,11128,90425,1567,65
3201,8720,90426,11128,90426,1567,65
3201,8720,90427,11128,90427,1567,65
3201,8720,90428,11128,90428,1567,65
3201,8720,90429,11128,90429,1567,65
3201,8720,90430,11128,90430,1567,65
3201,8720,90431,11128,90431,1567,65
3201,8720,90432,11128,90432,1567,65
3201,8720,90433,11128,90433,1567,65
3201,8720,90434,11128,90434,1567,65
3201,8720,90435,11128,90435,1567,65
3201,8720,90436,11128,90436,1567,65
3201,8720,90437,11128,90437,1567,65
3201,8720,90438,11128,90438,1567,65
3201,8720,90439,11128,90439,1567,65
3201,8720,90440,11128,90440,1567,65
3201,8720,90441,11128,90441,1567,65
3201,8720,90442,11128,90442,1567,65
3201,8720,90443,11128,90443,1567,65
3201,8720,90444,11128,90444,1567,65
3201,8720,90445,11128,90445,1567,65
3201,8720,90446,11128,90446,1567,65
3201,8720,90447,11128,90447,1567,65
3201,8720,90448,11128,90448,1567,65
3201,8720,90449,11128,90449,1567,65
3201,8720,90450,11128,90450,1567,65
3201,8720,90451,11128,90451,1567,65
3201,8720,90452,11128,90452,1567,65
3201,8720,90453,11128,90453,1567,65
3201,8720,90454,11128,90454,1567,65
3201,8720,90455,11128,90455,1567,65
3201,8720,90456,11128,90456,1567,65
3201,8720,90457,11128,90457,1567,65
3201,8720,90458,11128,90458,1567,65
3201,8720,90459,11128,90459,1567,65
3201,8720,90460,11128,90460,1567,65
3201,8720,90461,11128,90461,1567,65
3201,8720,90462,11128,90462,1567,65
3201,8720,90463,11128,90463,1567,65
3201,8720,90464,11128,90464,1567,65
3201,8720,90465,11128,90465,1567,65
3201,8720,90466,11128,90466,1567,65
3201,8720,90467,11128,90467,1567,65
3201,8720,90468,11128,90468,1567,65
3201,8720,90469,11128,90469,1567,65
3201,8720,90470,11128,90470,1567,65
3201,8720,90471,11128,90471,1567,65
3201,8720,90472,11128,90472,1567,65
3201,8720,90473,11128,90473,1567,65
3201,8720,90474,11128,90474,1567,65
3201,8720,90475,11128,90475,1567,65
3201,8720,90476,11128,90476,1567,65
3201,8720,90477,11128,90477,1567,65
3201,8720,90478,11128,90478,1567,65
3201,8720,90479,11128,90479,1567,65
3201,8720,90480,11128,90480,1567,65
3201,8720,90481,11128,90481,1567,65
3201,8720,90482,11128,90482,1567,65
3201,8720,90483,11128,90483,1567,65
3201,8720,90484,11128,90484,1567,65
3201,8720,90485,11128,90485,1567,65
3201,8720,90486,11128,90486,1567,65
3201,8720,90487,11128,90487,1567,65
3201,8720,90488,11128,90488,1567,65
3201,8720,90489,11128,90489,1567,65
3201,8720,90490,11128,90490,1567,65
3201,8720,90491,11128,90491,1567,65
3201,8720,90492,11128,90492,1567,65
3201,8720,90493,11128,90493,1567,65
3201,8720,90494,11128,90494,1567,65
3201,8720,90495,11128,90495,1567,65
3201,8720,90496,11128,90496,1567,65
3201,8720,90497,11128,90497,1567,65
3201,8720,90498,11128,90498,1567,65
3201,8720,90499,11128,90499,1567,65
3201,8720,90500,11128,90500,1567,65
3201,8720,90501,11128,90501,1567,65
3201,8720,90502,11128,90502,1567,65
3201,8720,90503,11128,90503,1567,65
3201,8720,90504,11128,90504,1567,65
3201,8720,90505,11128,90505,1567,65
3201,8720,90506,11128,90506,1567,65
3201,8720,90507,11128,90507,1567,65
3201,8720,90508,11128,90508,1567,65
3201,8720,90509,11128,90509,1567,65
3201,8720,90510,11128,90510,1567,65
3201,8720,90511,11128,90511,1567,65
3201,8720,90512,11128,90512,1567,65
3201,8720,90513,11128,90513,1567,65
3201,8720,90514,11128,90514,1567,65
3201,8720,90515,11128,90515,1567,65
3201,8720,90516,11128,90516,1567,65
3201,8720,90517,11128,90517,1567,65
3201,8720,90518,11128,90518,1567,65
3201,8720,90519,11128,90519,1567,65
3201,8720,90520,11128,90520,1567,65
3201,8720,90521,11128,90521,1567,65
3201,8720,90522,11128,90522,1567,65
3201,8720,90523,11128,90523,1567,65
3201,8720,90524,11128,90524,1567,65
3201,8720,90525,11128,90525,1567,65
3201,8720,90526,11128,90526,1567,65
3201,8720,90527,11128,90527,1567,65
3201,8720,90528,11128,90528,1567,65
3201,8720,90529,11128,90529,1567,65
3201,8720,90530,11128,90530,1567,65
3201,8720,90531,11128,90531,1567,65
3201,8720,90532,11128,90532,1567,65
3201,8720,90533,11128,90533,1567,65
3201,8720,90534,11128,90534,1567,65
3201,8720,90535,11128,90535,1567,65
3201,8720,90536,11128,90536,1567,65
3201,8720,90537,11128,90537,1567,65
3201,8720,90538,11128,90538,1567,65
3201,8720,90539,11128,90539,1567,65
3201,8720,90540,11128,90540,1567,65
3201,8720,90541,11128,90541,1567,65
3201,8720,90542,11128,90542,1567,65
3201,8720,90543,11128,90543,1567,65
3201,8720,90544,11128,90544,1567,65
3201,8720,90545,11128,90545,1567,65
3201,8720,90546,11128,90546,1567,65
3201,8720,90547,11128,90547,1567,65
3201,8720,90548,11128,90548,1567,65
3201,8720,90549,11128,90549,1567,65
3201,8720,90550,11128,90550,1567,65
3201,8720,90551,11128,90551,1567,65
3201,8720,90552,11128,90552,1567,65
3201,8720,90553,11128,90553,1567,65
3201,8720,90554,11128,90554,1567,65
3201,8720,90555,11128,90555,1567,65
3201,8720,90556,11128,90556,1567,65
3201,8720,90557,11128,90557,1567,65
3201,8720,90558,11128,90558,1567,65
3201,8720,90559,11128,90559,1567,65
3201,8720,90560,11128,90560,1567,65
3201,8720,90561,11128,90561,1567,65
3201,8720,90562,11128,90562,1567,65
3201,8720,90563,11128,90563,1567,65
3201,8720,90564,11128,90564,1567,65
3201,8720,90565,11128,90565,1567,65
3201,8720,90566,11128,90566,1567,65
3201,8720,90567,11128,90567,1567,65
3201,8720,90568,11128,90568,1567,65
3201,8720,90569,11128,90569,1567,65
3201,8720,90570,11128,90570,1567,65
3201,8720,90571,11128,90571,1567,65
3201,8720,90572,11128,90572,1567,65
3201,8720,90573,11128,90573,1567,65
3201,8720,90574,11128,90574,1567,65
3201,8720,90575,11128,90575,1567,65
3201,8720,90576,11128,90576,1567,65
3201,8720,90577,11128,90577,1567,65
3201,8720,90578,11128,90578,1567,65
3201,8720,90579,11128,90579,1567,65
3201,8720,90580,11128,90580,1567,65
3201,8720,90581,11128,90581,1567,65
3201,8720,90582,11128,90582,1567,65
3201,8720,90583,11128,90583,1567,65
3201,8720,90584,11128,90584,1567,65
3201,8720,90585,11128,90585,1567,65
3201,8720,90586,11128,90586,1567,65
3201,8720,90587,11128,90587,1567,65
3201,8720,90588,11128,90588,1567,65
3201,8720,90589,11128,90589,1567,65
3201,8720,90590,11128,90590,1567,65
3201,8720,90591,11128,90591,1567,65
3201,8720,90592,11128,90592,1567,65
3201,8720,90593,11128,90593,1567,65
3201,8720,90594,11128,90594,1567,65
3201,8720,90595,11128,90595,1567,65
3201,8720,90596,11128,90596,1567,65
3201,8720,90597,11128,90597,1567,65
3201,8720,90598,11128,90598,1567,65
3201,8720,90599,11128,90599,1567,65
3201,8720,90600,11128,90600,1567,65
3201,8720,90601,11128,90601,1567,65
3201,8720,90602,11128,90602,1567,65
3201,8720,90603,11128,90603,1567,65
3201,8720,90604,11128,90604,1567,65
3201,8720,90605,11128,90605,1567,65
3201,8720,90606,11128,90606,1567,65
3201,8720,90607,11128,90607,1567,65
3201,8720,90608,11128,90608,1567,65
3201,8720,90609,11128,90609,1567,65
3201,8720,90610,11128,90610,1567,65
3201,8720,90611,11128,90611,1567,65
3201,8720,90612,11128,90612,1567,65
3201,8720,90613,11128,90613,1567,65
3201,8720,90614,11128,90614,1567,65
3201,8720,90615,11128,90615,1567,65
3201,8720,90616,11128,90616,1567,65
3201,8720,90617,11128,90617,1567,65
3201,8720,90618,11128,90618,1567,65
3201,8720,90619,11128,90619,1567,65
3201,8720,90620,11128,90620,1567,65
3201,8720,90621,11128,90621,1567,65
3201,8720,90622,11128,90622,1567,65
3201,8720,90623,11128,90623,1567,65
3201,8720,90624,11128,90624,1567,65
3201,8720,90625,11128,90625,1567,65
3201,8720,90626,11128,90626,1567,65
3201,8720,90627,11128,90627,1567,65
3201,8720,90628,11128,90628,1567,65
3201,8720,90629,11128,90629,1567,65
3201,8720,90630,11128,90630,1567,65
3201,8720,90631,11128,90631,1567,65
3201,8720,90632,11128,90632,1567,65
3201,8720,90633,11128,90633,1567,65
3201,8720,90634,11128,90634,1567,65
3201,8720,90635,11128,90635,1567,65
3201,8720,90636,11128,90636,1567,65
3201,8720,90637,11128,90637,1567,65
3201,8720,90638,11128,90638,1567,65
3201,8720,90639,11128,90639,1567,65
3201,8720,90640,11128,90640,1567,65
3201,8720,90641,11128,90641,1567,65
3201,8720,90642,11128,90642,1567,65
3201,8720,90643,11128,90643,1567,65
3201,8720,90644,11128,90644,1567,65
3201,8720,90645,11128,90645,1567,65
3201,8720,90646,11128,90646,1567,65
3201,8720,90647,11128,90647,1567,65
3201,8720,90648,11128,90648,1567,65
3201,8720,90649,11128,90649,1567,65
3201,8720,90650,11128,90650,1567,65
3201,8720,90651,11128,90651,1567,65
3201,8720,90652,11128,90652,1567,65
3201,8720,90653,11128,90653,1567,65
3201,8720,90654,11128,90654,1567,65
3201,8720,90655,11128,90655,1567,65
3201,8720,90656,11128,90656,1567,65
3201,8720,90657,11128,90657,1567,65
3200,8720,90658,11128,90658,1567,64
3200,8720,90659,11128,90659,1567,64
3200,8720,90660,11128,90660,1567,64
3200,8720,90661,11128,90661,1567,64
3200,8720,90662,11128,90662,1567,64
3200,8720,90663,11128,90663,1567,64
3200,8720,90664,11128,90664,1567,64
3200,8720,90665,11128,90665,1567,64
3200,8720,90666,11128,90666,1567,64
3200,8720,90667,11128,90667,1567,64
3200,8720,90668,11128,90668,1567,64
3200,8720,90669,11128,90669,1567,64
3200,8720,90670,11128,90670,1567,64
3200,8720,90671,11128,90671,1567,64
3200,8720,90672,11128,90672,1567,64
3200,8720,90673,11128,90673,1567,64
3200,8720,90674,11128,90674,1567,64
3200,8720,90675,11128,90675,1567,64
3200,8720,90676,11128,90676,1567,64
3200,8720,90677,11128,90677,1567,64
3200,8720,90678,11128,90678,1567,64
3200,8720,90679,11128,90679,1567,64
3200,8720,90680,11128,90680,1567,64
3200,8720,90681,11128,90681,1567,64
3200,8720,90682,11128,90682,1567,64
3200,8720,90683,11128,90683,1567,64
3200,8720,90684,11128,90684,1567,64
3200,8720,90685,11128,90685,1567,64
3200,8720,90686,11128,90686,1567,64
3200,8720,90687,11128,90687,1567,64
3200,8720,90688,11128,90688,1567,64
3200,8720,90689,11128,90689,1567,64
3200,8720,90690,11128,90690,1567,64
3200,8720,90691,11128,90691,1567,64
3200,8720,90692,11128,90692,1567,64
3200,8720,90693,11128,90693,1567,64
3200,8720,90694,11128,90694,1567,64
3200,8720,90695,11128,90695,1567,64
3200,8720,90696,11128,90696,1567,64
3200,8720,90697,11128,90697,1567,64
3200,8720,90698,11128,90698,1567,64
3200,8720,90699,11128,90699,1567,64
3200,8720,90700,11128,90700,1567,64
3200,8720,90701,11128,90701,1567,64
3200,8720,90702,11128,90702,1567,64
3200,8720,90703,11128,90703,1567,64
3200,8720,90704,11128,90704,1567,64
3200,8720,90705,11128,90705,1567,64
3200,8720,90706,11128,90706,1567,64
3200,8720,90707,11128,90707,1567,64
3200,8720,90708,11128,90708,1567,64
3200,8720,90709,11128,90709,1567,64
3200,8720,90710,11128,90710,1567,64
3200,8720,90711,11128,90711,1567,64
3200,8720,90712,11128,90712,1567,64
3200,8720,90713,11128,90713,1567,64
3200,8720,90714,11128,90714,1567,64
3200,8720,90715,11128,90715,1567,64
3200,8720,90716,11128,90716,1567,64
3200,8720,90717,11128,90717,1567,64
3200,8720,90718,11128,90718,1567,64
3200,8720,90719,11128,90719,1567,64
3200,8720,90720,11128,90720,1567,64
3200,8720,90721,11128,90721,1567,64
3200,8720,90722,11128,90722,1567,64
3200,8720,90723,11128,90723,1567,64
3200,8720,90724,11128,90724,1567,64
3200,8720,90725,11128,90725,1567,64
3200,8720,90726,11128,90726,1567,64
3200,8720,90727,11128,90727,1567,64
3200,8720,90728,11128,90728,1567,64
3200,8720,90729,11128,90729,1567,64
3200,8720,90730,11128,90730,1567,64
3200,8720,90731,11128,90731,1567,64
3200,8720,90732,11128,90732,1567,64
3200,8720,90733,11128,90733,1567,64
3200,8720,90734,11128,90734,1567,64
3200,8720,90735,11128,90735,1567,64
3200,8720,90736,11128,90736,1567,64
3200,8720,90737,11128,90737,1567,64
3200,8720,90738,11128,90738,1567,64
3200,8720,90739,11128,90739,1567,64
3200,8720,90740,11128,90740,1567,64
3200,8720,90741,11128,90741,1567,64
3200,8720,90742,11128,90742,1567,64
3200,8720,90743,11128,90743,1567,64
3200,8720,90744,11128,90744,1567,64
3200,8720,90745,11128,90745,1567,64
3200,8720,90746,11128,90746,1567,64
3200,8720,90747,11128,90747,1567,64
3200,8720,90748,11128,90748,1567,64
3200,8720,90749,11128,90749,1567,64
3200,8720,90750,11128,90750,1567,64
3200,8720,90751,11128,90751,1567,64
3200,8720,90752,11128,90752,1567,64
3200,8720,90753,11128,90753,1567,64
3200,8720,90754,11128,90754,1567,64
3200,8720,90755,11128,90755,1567,64
3200,8720,90756,11128,90756,1567,64
3200,8720,90757,11128,90757,1567,64
3200,8720,90758,11128,90758,1567,64
3200,8720,90759,11128,90759,1567,64
3200,8720,90760,11128,90760,1567,64
3200,8720,90761,11128,90761,1567,64
3200,8720,90762,11128,90762,1567,64
3200,8720,90763,11128,90763,1567,64
3200,8720,90764,11128,90764,1567,64
3200,8720,90765,11128,90765,1567,64
3200,8720,90766,11128,90766,1567,64
3200,8720,90767,11128,90767,1567,64
3200,8720,90768,11128,90768,1567,64
3200,8720,90769,11128,90769,1567,64
3200,8720,90770,11128,90770,1567,64
3200,8720,90771,11128,90771,1567,64
3200,8720,90772,11128,90772,1567,64
3200,8720,90773,11128,90773,1567,64
3200,8720,90774,11128,90774,1567,64
3200,8720,90775,11128,90775,1567,64
3200,8720,90776,11128,90776,1567,64
3200,8720,90777,11128,90777,1567,64
3200,8720,90778,11128,90778,1567,64
3200,8720,90779,11128,90779,1567,64
3200,8720,90780,11128,90780,1567,64
3200,8720,90781,11128,90781,1567,64
3200,8720,90782,11128,90782,1567,64
3200,8720,90783,11128,90783,1567,64
3200,8720,90784,11128,90784,1567,64
3200,8720,90785,11128,90785,1567,64
3200,8720,90786,11128,90786,1567,64
3200,8720,90787,11128,90787,1567,64
3200,8720,90788,11128,90788,1567,64
3200,8720,90789,11128,90789,1567,64
3200,8720,90790,11128,90790,1567,64
3200,8720,90791,11128,90791,1567,64
3200,8720,90792,11128,90792,1567,64
3200,8720,90793,11128,90793,1567,64
3200,8720,90794,11128,90794,1567,64
3200,8720,90795,11128,90795,1567,64
3200,8720,90796,11128,90796,1567,64
3200,8720,90797,11128,90797,1567,64
3200,8720,90798,11128,90798,1567,64
3200,8720,90799,11128,90799,1567,64
3200,8720,90800,11128,90800,1567,64
3200,8720,90801,11128,90801,1567,64
3200,8720,90802,11128,90802,1567,64
3200,8720,90803,11128,90803,1567,64
3200,8720,90804,11128,90804,1567,64
3200,8720,90805,11128,90805,1567,64
3200,8720,90806,11128,90806,1567,64
3200,8720,90807,11128,90807,1567,64
3200,8720,90808,11128,90808,1567,64
3200,8720,90809,11128,90809,1567,64
3200,8720,90810,11128,90810,1567,64
3200,8720,90811,11128,90811,1567,64
3200,8720,90812,11128,90812,1567,64
3200,8720,90813,11128,90813,1567,64
3200,8720,90814,11128,90814,1567,64
3200,8720,90815,11128,90815,1567,64
3200,8720,90816,11128,90816,1567,64
3200,8720,90817,11128,90817,1567,64
3200,8720,90818,11128,90818,1567,64
3200,8720,90819,11128,90819,1567,64
3200,8720,90820,11128,90820,1567,64
3200,8720,90821,11128,90821,1567,64
3200,8720,90822,11128,90822,1567,64
3200,8720,90823,11128,90823,1567,64
3200,8720,90824,11128,90824,1567,64
3200,8720,90825,11128,90825,1567,64
3200,8720,90826,11128,90826,1567,64
3200,8720,90827,11128,90827,1567,64
3200,8720,90828,11128,90828,1567,64
3200,8720,90829,11128,90829,1567,64
3200,8720,90830,11128,90830,1567,64
3200,8720,90831,11128,90831,1567,64
3200,8720,90832,11128,90832,1567,64
3200,8720,90833,11128,90833,1567,64
3200,8720,90834,11128,90834,1567,64
3200,8720,90835,11128,90835,1567,64
3200,8720,90836,11128,90836,1567,64
3200,8720,90837,11128,90837,1567,64
3200,8720,90838,11128,90838,1567,64
3200,8720,90839,11128,90839,1567,64
3200,8720,90840,11128,90840,1567,64
3200,8720,90841,11128,90841,1567,64
3200,8720,90842,11128,90842,1567,64
3200,8720,90843,11128,90843,1567,64
3200,8720,90844,11128,90844,1567,64
3200,8720,90845,11128,90845,1567,64
3200,8720,90846,11128,90846,1567,64
3200,8720,90847,11128,90847,1567,64
3200,8720,90848,11128,90848,1567,64
3200,8720,90849,11128,90849,1567,64
3201,8720,90850,11128,90850,1567,64
3202,8720,90851,11128,90851,1567,64
3203,8720,90852,11128,90852,1567,64
3204,8720,90853,11128,90853,1567,64
3204,8720,90854,11128,90854,1567,64
3204,8720,90855,11128,90855,1567,64
3204,8720,90856,11128,90856,1567,64
3205,8720,90857,11128,90857,1567,64
3206,8720,90858,11128,90858,1567,64
3206,8720,90859,11128,90859,1567,64
3207,8720,90860,11128,90860,1567,64
3208,8720,90861,11128,90861,1567,64
3208,8720,90862,11128,90862,1567,64
3208,8720,90863,11128,90863,1567,64
3209,8720,90864,11128,90864,1567,64
3210,8720,90865,11128,90865,1567,64
3210,8720,90866,11128,90866,1567,64
3211,8720,90867,11128,90867,1567,64
3212,8720,90868,11128,90868,1567,64
3212,8720,90869,11128,90869,1567,64
3212,8720,90870,11128,90870,1567,64
3213,8720,90871,11128,90871,1567,64
3213,8720,90872,11128,90872,1567,64
3214,8720,90873,11128,90873,1567,64
3215,8720,90874,11128,90874,1567,64
3216,8720,90875,11128,90875,1567,64
3216,8720,90876,11128,90876,1567,64
3217,8720,90877,11128,90877,1567,64
3217,8720,90878,11128,90878,1567,64
3218,8720,90879,11128,90879,1567,64
3219,8720,90880,11128,90880,1567,64
3219,8720,90881,11128,90881,1567,64
3219,8720,90882,11128,90882,1567,64
3220,8720,90883,11128,90883,1567,64
3221,8720,90884,11128,90884,1567,64
3222,8720,90885,11128,90885,1567,64
3222,8720,90886,11128,90886,1567,64
3223,8720,90887,11128,90887,1567,64
3223,8720,90888,11128,90888,1567,64
3224,8720,90889,11128,90889,1567,64
3225,8720,90890,11128,90890,1567,64
3226,8720,90891,11128,90891,1567,64
3227,8720,90892,11128,90892,1567,64
3227,8720,90893,11128,90893,1567,64
3228,8720,90894,11128,90894,1567,64
3229,8720,90895,11128,90895,1567,64
3229,8720,90896,11128,90896,1567,64
3229,8720,90897,11128,90897,1567,64
3228,8720,90898,11128,90898,1567,64
3225,8720,90899,11128,90899,1567,64
3222,8720,90900,11128,90900,1567,64
3220,8720,90901,11128,90901,1567,64
3220,8720,90902,11128,90902,1567,64
3218,8720,90903,11128,90903,1567,64
3218,8720,90904,11128,90904,1567,64
3215,8720,90905,11128,90905,1567,64
3212,8720,90906,11128,90906,1567,64
3210,8720,90907,11128,90907,1567,64
3208,8720,90908,11128,90908,1567,64
3206,8720,90909,11128,90909,1567,64
3205,8720,90910,11128,90910,1567,64
3203,8720,90911,11128,90911,1567,64
3201,8720,90912,11128,90912,1567,64
3200,8720,90913,11128,90913,1567,64
3200,8720,90914,11128,90914,1567,64
3200,8720,90915,11128,90915,1567,64
3200,8720,90916,11128,90916,1567,64
3200,8720,90917,11128,90917,1567,64
3200,8720,90918,11128,90918,1567,64
3200,8720,90919,11128,90919,1567,64
3200,8720,90920,11128,90920,1567,64
3200,8720,90921,11128,90921,1567,64
3200,8720,90922,11128,90922,1567,64
3200,8720,90923,11128,90923,1567,64
3200,8720,90924,11128,90924,1567,64
3200,8720,90925,11128,90925,1567,64
3200,8720,90926,11128,90926,1567,64
3200,8720,90927,11128,90927,1567,64
3200,8720,90928,11128,90928,1567,64
3200,8720,90929,11128,90929,1567,64
3200,8720,90930,11128,90930,1567,64
3200,8720,90931,11128,90931,1567,64
3200,8720,90932,11128,90932,1567,64
3200,8720,90933,11128,90933,1567,64
3200,8720,90934,11128,90934,1567,64
3200,8720,90935,11128,90935,1567,64
3200,8720,90936,11128,90936,1567,64
3200,8720,90937,11128,90937,1567,64
3200,8720,90938,11128,90938,1567,64
3200,8720,90939,11128,90939,1567,64
3200,8720,90940,11128,90940,1567,64
3200,8720,90941,11128,90941,1567,64
3200,8720,90942,11128,90942,1567,64
3200,8720,90943,11128,90943,1567,64
3200,8720,90944,11128,90944,1567,64
3200,8720,90945,11128,90945,1567,64
3200,8720,90946,11128,90946,1567,64
3200,8720,90947,11128,90947,1567,64
3200,8720,90948,11128,90948,1567,64
3200,8720,90949,11128,90949,1567,64
3200,8720,90950,11128,90950,1567,64
3200,8720,90951,11128,90951,1567,64
3200,8720,90952,11128,90952,1567,64
3200,8720,90953,11128,90953,1567,64
3200,8720,90954,11128,90954,1567,64
3200,8720,90955,11128,90955,1567,64
3200,8720,90956,11128,90956,1567,64
3200,8720,90957,11128,90957,1567,64
3200,8720,90958,11128,90958,1567,64
3200,8720,90959,11128,90959,1567,64
3200,8720,90960,11128,90960,1567,64
3200,8720,90961,11128,90961,1567,64
3200,8720,90962,11128,90962,1567,64
3200,8720,90963,11128,90963,1567,64
3200,8720,90964,11128,90964,1567,64
3200,8720,90965,11128,90965,1567,64
3200,8720,90966,11128,90966,1567,64
3200,8720,90967,11128,90967,1567,64
3200,8720,90968,11128,90968,1567,64
3200,8720,90969,11128,90969,1567,64
3200,8720,90970,11128,90970,1567,64
3200,8720,90971,11128,90971,1567,64
3200,8720,90972,11128,90972,1567,64
3200,8720,90973,11128,90973,1567,64
3200,8720,90974,11128,90974,1567,64
3200,8720,90975,11128,90975,1567,64
3200,8720,90976,11128,90976,1567,64
3200,8720,90977,11128,90977,1567,64
3200,8720,90978,11128,90978,1567,64
3200,8720,90979,11128,90979,1567,64
3200,8720,90980,11128,90980,1567,64
3200,8720,90981,11128,90981,1567,64
3200,8720,90982,11128,90982,1567,64
3200,8720,90983,11128,90983,1567,64
3200,8720,90984,11128,90984,1567,64
3200,8720,90985,11128,90985,1567,64
3200,8720,90986,11128,90986,1567,64
3200,8720,90987,11128,90987,1567,64
3200,8720,90988,11128,90988,1567,64
3200,8720,90989,11128,90989,1567,64
3200,8720,90990,11128,90990,1567,64
3200,8720,90991,11128,90991,1567,64
3200,8720,90992,11128,90992,1567,64
3200,8720,90993,11128,90993,1567,64
3200,8720,90994,11128,90994,1567,64
3200,8720,90995,11128,90995,1567,64
3200,8720,90996,11128,90996,1567,64
3200,8720,90997,11128,90997,1567,64
3200,8720,90998,11128,90998,1567,64
3200,8720,90999,11128,90999,1567,64
3200,8720,91000,11128,91000,1567,64
3200,8720,91001,11128,91001,1567,64
3200,8720,91002,11128,91002,1567,64
3200,8720,91003,11128,91003,1567,64
3200,8720,91004,11128,91004,1567,64
3200,8720,91005,11128,91005,1567,64
3200,8720,91006,11128,91006,1567,64
3200,8720,91007,11128,91007,1567,64
3200,8720,91008,11128,91008,1567,64
3200,8720,91009,11128,91009,1567,64
3200,8720,91010,11128,91010,1567,64
3200,8720,91011,11128,91011,1567,64
3200,8720,91012,11128,91012,1567,64
3200,8720,91013,11128,91013,1567,64
3200,8720,91014,11128,91014,1567,64
3200,8720,91015,11128,91015,1567,64
3200,8720,91016,11128,91016,1567,64
3200,8720,91017,11128,91017,1567,64
3200,8720,91018,11128,91018,1567,64
3200,8720,91019,11128,91019,1567,64
3200,8720,91020,11128,91020,1567,64
3200,8720,91021,11128,91021,1567,64
3200,8720,91022,11128,91022,1567,64
3200,8720,91023,11128,91023,1567,64
3200,8720,91024,11128,91024,1567,64
3200,8720,91025,11128,91025,1567,64
3200,8720,91026,11128,91026,1567,64
3200,8720,91027,11128,91027,1567,64
3200,8720,91028,11128,91028,1567,64
3200,8720,91029,11128,91029,1567,64
3200,8720,91030,11128,91030,1567,64
3200,8720,91031,11128,91031,1567,64
3200,8720,91032,11128,91032,1567,64
3200,8720,91033,11128,91033,1567,64
3200,8720,91034,11128,91034,1567,64
3200,8720,91035,11128,91035,1567,64
3200,8720,91036,11128,91036,1567,64
3200,8720,91037,11128,91037,1567,64
3200,8720,91038,11128,91038,1567,64
3200,8720,91039,11128,91039,1567,64
3200,8720,91040,11128,91040,1567,64
3200,8720,91041,11128,91041,1567,64
3200,8720,91042,11128,91042,1567,64
3200,8720,91043,11128,91043,1567,64
3200,8720,91044,11128,91044,1567,64
3200,8720,91045,11128,91045,1567,64
3200,8720,91046,11128,91046,1567,64
3200,8720,91047,11128,91047,1567,64
3200,8720,91048,11128,91048,1567,64
3200,8720,91049,11128,91049,1567,64
3200,8720,91050,11128,91050,1567,64
3200,8720,91051,11128,91051,1567,64
3200,8720,91052,11128,91052,1567,64
3200,8720,91053,11128,91053,1567,64
3200,8720,91054,11128,91054,1567,64
3200,8720,91055,11128,91055,1567,64
3200,8720,91056,11128,91056,1567,64
3200,8720,91057,11128,91057,1567,64
3200,8720,91058,11128,91058,1567,64
3200,8720,91059,11128,91059,1567,64
3200,8720,91060,11128,91060,1567,64
3200,8720,91061,11128,91061,1567,64
3200,8720,91062,11128,91062,1567,64
3200,8720,91063,11128,91063,1567,64
3200,8720,91064,11128,91064,1567,64
3200,8720,91065,11128,91065,1567,64
3200,8720,91066,11128,91066,1567,64
3200,8720,91067,11128,91067,1567,64
3200,8720,91068,11128,91068,1567,64
3200,8720,91069,11128,91069,1567,64
3200,8720,91070,11128,91070,1567,64
3200,8720,91071,11128,91071,1567,64
3200,8720,91072,11128,91072,1567,64
3200,8720,91073,11128,91073,1567,64
3200,8720,91074,11128,91074,1567,64
3200,8720,91075,11128,91075,1567,64
3200,8720,91076,11128,91076,1567,64
3200,8720,91077,11128,91077,1567,64
3200,8720,91078,11128,91078,1567,64
3200,8720,91079,11128,91079,1567,64
3200,8720,91080,11128,91080,1567,64
3200,8720,91081,11128,91081,1567,64
3200,8720,91082,11128,91082,1567,64
3200,8720,91083,11128,91083,1567,64
3200,8720,91084,11128,91084,1567,64
3200,8720,91085,11128,91085,1567,64
3200,8720,91086,11128,91086,1567,64
3200,8720,91087,11128,91087,1567,64
3200,8720,91088,11128,91088,1567,64
3200,8720,91089,11128,91089,1567,64
3200,8720,91090,11128,91090,1567,64
3200,8720,91091,11128,91091,1567,64
3200,8720,91092,11128,91092,1567,64
3200,8720,91093,11128,91093,1567,64
3200,8720,91094,11128,91094,1567,64
3200,8720,91095,11128,91095,1567,64
3200,8720,91096,11128,91096,1567,64
3200,8720,91097,11128,91097,1567,64
3200,8720,91098,11128,91098,1567,64
3200,8720,91099,11128,91099,1567,64
3200,8720,91100,11128,91100,1567,64
3200,8720,91101,11128,91101,1567,64
3200,8720,91102,11128,91102,1567,64
3200,8720,91103,11128,91103,1567,64
3200,8720,91104,11128,91104,1567,64
3200,8720,91105,11128,91105,1567,64
3200,8720,91106,11128,91106,1567,64
3200,8720,91107,11128,91107,1567,64
3200,8720,91108,11128,91108,1567,64
3200,8720,91109,11128,91109,1567,64
3200,8720,91110,11128,91110,1567,64
3200,8720,91111,11128,91111,1567,64
3200,8720,91112,11128,91112,1567,64
3200,8720,91113,11128,91113,1567,64
3200,8720,91114,11128,91114,1567,64
3200,8720,91115,11128,91115,1567,64
3200,8720,91116,11128,91116,1567,64
3200,8720,91117,11128,91117,1567,64
3200,8720,91118,11128,91118,1567,64
3200,8720,91119,11128,91119,1567,64
3200,8720,91120,11128,91120,1567,64
3200,8720,91121,11128,91121,1567,64
3200,8720,91122,11128,91122,1567,64
3200,8720,91123,11128,91123,1567,64
3200,8720,91124,11128,91124,1567,64
3200,8720,91125,11128,91125,1567,64
3200,8720,91126,11128,91126,1567,64
3200,8720,91127,11128,91127,1567,64
3200,8720,91128,11128,91128,1567,64
3200,8720,91129,11128,91129,1567,64
3200,8720,91130,11128,91130,1567,64
3200,8720,91131,11128,91131,1567,64
3200,8720,91132,11128,91132,1567,64
3200,8720,91133,11128,91133,1567,64
3200,8720,91134,11128,91134,1567,64
3200,8720,91135,11128,91135,1567,64
3200,8720,91136,11128,91136,1567,64
3200,8720,91137,11128,91137,1567,64
3200,8720,91138,11128,91138,1567,64
3200,8720,91139,11128,91139,1567,64
3200,8720,91140,11128,91140,1567,64
3200,8720,91141,11128,91141,1567,64
3200,8720,91142,11128,91142,1567,64
3200,8720,91143,11128,91143,1567,64
3200,8720,91144,11128,91144,1567,64
3200,8720,91145,11128,91145,1567,64
3200,8720,91146,11128,91146,1567,64
3200,8720,91147,11128,91147,1567,64
3200,8720,91148,11128,91148,1567,64
3200,8720,91149,11128,91149,1567,64
3200,8720,91150,11128,91150,1567,64
3200,8720,91151,11128,91151,1567,64
3200,8720,91152,11128,91152,1567,64
3200,8720,91153,11128,91153,1567,64
3200,8720,91154,11128,91154,1567,64
3200,8720,91155,11128,91155,1567,64
3200,8720,91156,11128,91156,1567,64
3200,8720,91157,11128,91157,1567,64
3200,8720,91158,11128,91158,1567,64
3200,8720,91159,11128,91159,1567,64
3200,8720,91160,11128,91160,1567,64
3200,8720,91161,11128,91161,1567,64
3200,8720,91162,11128,91162,1567,64
3200,8720,91163,11128,91163,1567,64
3200,8720,91164,11128,91164,1567,64
3200,8720,91165,11128,91165,1567,64
3200,8720,91166,11128,91166,1567,64
3200,8720,91167,11128,91167,1567,64
3200,8720,91168,11128,91168,1567,64
3200,8720,91169,11128,91169,1567,64
3200,8720,91170,11128,91170,1567,64
3200,8720,91171,11128,91171,1567,64
3200,8720,91172,11128,91172,1567,64
3200,8720,91173,11128,91173,1567,64
3200,8720,91174,11128,91174,1567,64
3200,8720,91175,11128,91175,1567,64
3200,8720,91176,11128,91176,1567,64
3200,8720,91177,11128,91177,1567,64
3200,8720,91178,11128,91178,1567,64
3200,8720,91179,11128,91179,1567,64
3200,8720,91180,11128,91180,1567,64
3200,8720,91181,11128,91181,1567,64
3200,8720,91182,11128,91182,1567,64
3200,8720,91183,11128,91183,1567,64
3200,8720,91184,11128,91184,1567,64
3200,8720,91185,11128,91185,1567,64
3200,8720,91186,11128,91186,1567,64
3200,8720,91187,11128,91187,1567,64
3200,8720,91188,11128,91188,1567,64
3200,8720,91189,11128,91189,1567,64
3200,8720,91190,11128,91190,1567,64
3200,8720,91191,11128,91191,1567,64
3200,8720,91192,11128,91192,1567,64
3200,8720,91193,11128,91193,1567,64
3200,8720,91194,11128,91194,1567,64
3200,8720,91195,11128,91195,1567,64
3200,8720,91196,11128,91196,1567,64
3200,8720,91197,11128,91197,1567,64
3200,8720,91198,11128,91198,1567,64
3200,8720,91199,11128,91199,1567,64
3200,8720,91200,11128,91200,1567,64
3200,8720,91201,11128,91201,1567,64
3200,8720,91202,11128,91202,1567,64
3200,8720,91203,11128,91203,1567,64
3200,8720,91204,11128,91204,1567,64
3200,8720,91205,11128,91205,1567,64
3200,8720,91206,11128,91206,1567,64
3200,8720,91207,11128,91207,1567,64
3200,8720,91208,11128,91208,1567,64
3200,8720,91209,11128,91209,1567,64
3200,8720,91210,11128,91210,1567,64
3200,8720,91211,11128,91211,1567,64
3200,8720,91212,11128,91212,1567,64
3200,8720,91213,11128,91213,1567,64
3200,8720,91214,11128,91214,1567,64
3200,8720,91215,11128,91215,1567,64
3200,8720,91216,11128,91216,1567,64
3200,8720,91217,11128,91217,1567,64
3200,8720,91218,11128,91218,1567,64
3200,8720,91219,11128,91219,1567,64
3200,8720,91220,11128,91220,1567,64
3200,8720,91221,11128,91221,1567,64
3200,8720,91222,11128,91222,1567,64
3200,8720,91223,11128,91223,1567,64
3200,8720,91224,11128,91224,1567,64
3200,8720,91225,11128,91225,1567,64
3200,8720,91226,11128,91226,1567,64
3200,8720,91227,11128,91227,1567,64
3200,8720,91228,11128,91228,1567,64
3200,8720,91229,11128,91229,1567,64
3200,8720,91230,11128,91230,1567,64
3200,8720,91231,11128,91231,1567,64
3200,8720,91232,11128,91232,1567,64
3200,8720,91233,11128,91233,1567,64
3200,8720,91234,11128,91234,1567,64
3200,8720,91235,11128,91235,1567,64
3200,8720,91236,11128,91236,1567,64
3200,8720,91237,11128,91237,1567,64
3200,8720,91238,11128,91238,1567,64
3200,8720,91239,11128,91239,1567,64
3200,8720,91240,11128,91240,1567,64
3200,8720,91241,11128,91241,1567,64
3200,8720,91242,11128,91242,1567,64
3200,8720,91243,11128,91243,1567,64
3200,8720,91244,11128,91244,1567,64
3200,8720,91245,11128,91245,1567,64
3200,8720,91246,11128,91246,1567,64
3200,8720,91247,11128,91247,1567,64
3200,8720,91248,11128,91248,1567,64
3200,8720,91249,11128,91249,1567,64
3200,8720,91250,11128,91250,1567,64
3200,8720,91251,11128,91251,1567,64
3200,8720,91252,11128,91252,1567,64
3200,8720,91253,11128,91253,1567,64
3200,8720,91254,11128,91254,1567,64
3200,8720,91255,11128,91255,1567,64
3200,8720,91256,11128,91256,1567,64
3200,8720,91257,11128,91257,1567,64
3200,8720,91258,11128,91258,1567,64
3200,8720,91259,11128,91259,1567,64
3200,8720,91260,11128,91260,1567,64
3200,8720,91261,11128,91261,1567,64
3200,8720,91262,11128,91262,1567,64
3200,8720,91263,11128,91263,1567,64
3200,8720,91264,11128,91264,1567,64
3200,8720,91265,11128,91265,1567,64
3200,8720,91266,11128,91266,1567,64
3200,8720,91267,11128,91267,1567,64
3200,8720,91268,11128,91268,1567,64
3200,8720,91269,11128,91269,1567,64
3200,8720,91270,11128,91270,1567,64
3200,8720,91271,11128,91271,1567,64
3200,8720,91272,11128,91272,1567,64
3200,8720,91273,11128,91273,1567,64
3200,8720,91274,11128,91274,1567,64
3200,8720,91275,11128,91275,1567,64
3200,8720,91276,11128,91276,1567,64
3200,8720,91277,11128,91277,1567,64
3200,8720,91278,11128,91278,1567,64
3200,8720,91279,11128,91279,1567,64
3200,8720,91280,11128,91280,1567,64
3200,8720,91281,11128,91281,1567,64
3200,8720,91282,11128,91282,1567,64
3200,8720,91283,11128,91283,1567,64
3200,8720,91284,11128,91284,1567,64
3200,8720,91285,11128,91285,1567,64
3200,8720,91286,11128,91286,1567,64
3200,8720,91287,11128,91287,1567,64
3200,8720,91288,11128,91288,1567,64
3200,8720,91289,11128,91289,1567,64
3200,8720,91290,11128,91290,1567,64
3200,8720,91291,11128,91291,1567,64
3200,8720,91292,11128,91292,1567,64
3200,8720,91293,11128,91293,1567,64
3200,8720,91294,11128,91294,1567,64
3200,8720,91295,11128,91295,1567,64
3200,8720,91296,11128,91296,1567,64
3200,8720,91297,11128,91297,1567,64
3200,8720,91298,11128,91298,1567,64
3200,8720,91299,11128,91299,1567,64
3200,8720,91300,11128,91300,1567,64
3200,8720,91301,11128,91301,1567,64
3200,8720,91302,11128,91302,1567,64
3200,8720,91303,11128,91303,1567,64
3200,8720,91304,11128,91304,1567,64
3200,8720,91305,11128,91305,1567,64
3200,8720,91306,11128,91306,1567,64
3200,8720,91307,11128,91307,1567,64
3200,8720,91308,11128,91308,1567,64
3200,8720,91309,11128,91309,1567,64
3200,8720,91310,11128,91310,1567,64
3200,8720,91311,11128,91311,1567,64
3200,8720,91312,11128,91312,1567,64
3200,8720,91313,11128,91313,1567,64
3200,8720,91314,11128,91314,1567,64
3200,8720,91315,11128,91315,1567,64
3200,8720,91316,11128,91316,1567,64
3200,8720,91317,11128,91317,1567,64
3200,8720,91318,11128,91318,1567,64
3200,8720,91319,11128,91319,1567,64
3200,8720,91320,11128,91320,1567,64
3200,8720,91321,11128,91321,1567,64
3200,8720,91322,11128,91322,1567,64
3200,8720,91323,11128,91323,1567,64
3200,8720,91324,11128,91324,1567,64
3200,8720,91325,11128,91325,1567,64
3200,8720,91326,11128,91326,1567,64
3200,8720,91327,11128,91327,1567,64
3200,8720,91328,11128,91328,1567,64
3200,8720,91329,11128,91329,1567,64
3200,8720,91330,11128,91330,1567,64
3200,8720,91331,11128,91331,1567,64
3200,8720,91332,11128,91332,1567,64
3200,8720,91333,11128,91333,1567,64
3200,8720,91334,11128,91334,1567,64
3200,8720,91335,11128,91335,1567,64
3200,8720,91336,11128,91336,1567,64
3200,8720,91337,11128,91337,1567,64
3200,8720,91338,11128,91338,1567,64
3200,8720,91339,11128,91339,1567,64
3200,8720,91340,11128,91340,1567,64
3200,8720,91341,11128,91341,1567,64
3200,8720,91342,11128,91342,1567,64
3200,8720,91343,11128,91343,1567,64
3200,8720,91344,11128,91344,1567,64
3200,8720,91345,11128,91345,1567,64
3200,8720,91346,11128,91346,1567,64
3200,8720,91347,11128,91347,1567,64
3200,8720,91348,11128,91348,1567,64
3200,8720,91349,11128,91349,1567,64
3200,8720,91350,11128,91350,1567,64
3200,8720,91351,11128,91351,1567,64
3200,8720,91352,11128,91352,1567,64
3200,8720,91353,11128,91353,1567,64
3200,8720,91354,11128,91354,1567,64
3200,8720,91355,11128,91355,1567,64
3200,8720,91356,11128,91356,1567,64
3200,8720,91357,11128,91357,1567,64
3200,8720,91358,11128,91358,1567,64
3200,8720,91359,11128,91359,1567,64
3200,8720,91360,11128,91360,1567,64
3200,8720,91361,11128,91361,1567,64
3200,8720,91362,11128,91362,1567,64
3200,8720,91363,11128,91363,1567,64
3200,8720,91364,11128,91364,1567,64
3200,8720,91365,11128,91365,1567,64
3200,8720,91366,11128,91366,1567,64
3200,8720,91367,11128,91367,1567,64
3200,8720,91368,11128,91368,1567,64
3200,8720,91369,11128,91369,1567,64
3200,8720,91370,11128,91370,1567,64
3200,8720,91371,11128,91371,1567,64
3200,8720,91372,11128,91372,1567,64
3200,8720,91373,11128,91373,1567,64
3200,8720,91374,11128,91374,1567,64
3200,8720,91375,11128,91375,1567,64
3200,8720,91376,11128,91376,1567,64
3200,8720,91377,11128,91377,1567,64
3200,8720,91378,11128,91378,1567,64
3200,8720,91379,11128,91379,1567,64
3200,8720,91380,11128,91380,1567,64
3200,8720,91381,11128,91381,1567,64
3200,8720,91382,11128,91382,1567,64
3200,8720,91383,11128,91383,1567,64
3200,8720,91384,11128,91384,1567,64
3200,8720,91385,11128,91385,1567,64
3200,8720,91386,11128,91386,1567,64
3200,8720,91387,11128,91387,1567,64
3200,8720,91388,11128,91388,1567,64
3200,8720,91389,11128,91389,1567,64
3200,8720,91390,11128,91390,1567,64
3200,8720,91391,11128,91391,1567,64
3200,8720,91392,11128,91392,1567,64
3200,8720,91393,11128,91393,1567,64
3200,8720,91394,11128,91394,1567,64
3200,8720,91395,11128,91395,1567,64
3200,8720,91396,11128,91396,1567,64
3200,8720,91397,11128,91397,1567,64
3200,8720,91398,11128,91398,1567,64
3200,8720,91399,11128,91399,1567,64
3200,8720,91400,11128,91400,1567,64
3200,8720,91401,11128,91401,1567,64
3200,8720,91402,11128,91402,1567,64
3200,8720,91403,11128,91403,1567,64
3200,8720,91404,11128,91404,1567,64
3200,8720,91405,11128,91405,1567,64
3200,8720,91406,11128,91406,1567,64
3200,8720,91407,11128,91407,1567,64
3200,8720,91408,11128,91408,1567,64
3200,8720,91409,11128,91409,1567,64
3200,8720,91410,11128,91410,1567,64
3200,8720,91411,11128,91411,1567,64
3200,8720,91412,11128,91412,1567,64
3200,8720,91413,11128,91413,1567,64
3200,8720,91414,11128,91414,1567,64
3200,8720,91415,11128,91415,1567,64
3200,8720,91416,11128,91416,1567,64
3200,8720,91417,11128,91417,1567,64
3200,8720,91418,11128,91418,1567,64
3200,8720,91419,11128,91419,1567,64
3200,8720,91420,11128,91420,1567,64
3200,8720,91421,11128,91421,1567,64
3200,8720,91422,11128,91422,1567,64
3200,8720,91423,11128,91423,1567,64
3200,8720,91424,11128,91424,1567,64
3200,8720,91425,11128,91425,1567,64
3200,8720,91426,11128,91426,1567,64
3200,8720,91427,11128,91427,1567,64
3200,8720,91428,11128,91428,1567,64
3200,8720,91429,11128,91429,1567,64
3200,8720,91430,11128,91430,1567,64
3200,8720,91431,11128,91431,1567,64
3200,8720,91432,11128,91432,1567,64
3200,8720,91433,11128,91433,1567,64
3200,8720,91434,11128,91434,1567,64
3200,8720,91435,11128,91435,1567,64
3200,8720,91436,11128,91436,1567,64
3200,8720,91437,11128,91437,1567,64
3200,8720,91438,11128,91438,1567,64
3200,8720,91439,11128,91439,1567,64
3200,8720,91440,11128,91440,1567,64
3200,8720,91441,11128,91441,1567,64
3200,8720,91442,11128,91442,1567,64
3200,8720,91443,11128,91443,1567,64
3200,8720,91444,11128,91444,1567,64
3200,8720,91445,11128,91445,1567,64
3200,8720,91446,11128,91446,1567,64
3200,8720,91447,11128,91447,1567,64
3200,8720,91448,11128,91448,1567,64
3200,8720,91449,11128,91449,1567,64
3200,8720,91450,11128,91450,1567,64
3200,8720,91451,11128,91451,1567,64
3200,8720,91452,11128,91452,1567,64
3200,8720,91453,11128,91453,1567,64
3200,8720,91454,11128,91454,1567,64
3200,8720,91455,11128,91455,1567,64
3200,8720,91456,11128,91456,1567,64
3200,8720,91457,11128,91457,1567,64
3200,8720,91458,11128,91458,1567,64
3200,8720,91459,11128,91459,1567,64
3200,8720,91460,11128,91460,1567,64
3200,8720,91461,11128,91461,1567,64
3200,8720,91462,11128,91462,1567,64
3200,8720,91463,11128,91463,1567,64
3200,8720,91464,11128,91464,1567,64
3200,8720,91465,11128,91465,1567,64
3200,8720,91466,11128,91466,1567,64
3200,8720,91467,11128,91467,1567,64
3200,8720,91468,11128,91468,1567,64
3200,8720,91469,11128,91469,1567,64
3200,8720,91470,11128,91470,1567,64
3200,8720,91471,11128,91471,1567,64
3200,8720,91472,11128,91472,1567,64
3200,8720,91473,11128,91473,1567,64
3200,8720,91474,11128,91474,1567,64
3200,8720,91475,11128,91475,1567,64
3200,8720,91476,11128,91476,1567,64
3200,8720,91477,11128,91477,1567,64
3200,8720,91478,11128,91478,1567,64
3200,8720,91479,11128,91479,1567,64
3200,8720,91480,11128,91480,1567,64
3200,8720,91481,11128,91481,1567,64
3200,8720,91482,11128,91482,1567,64
3200,8720,91483,11128,91483,1567,64
3200,8720,91484,11128,91484,1567,64
3200,8720,91485,11128,91485,1567,64
3200,8720,91486,11128,91486,1567,64
3200,8720,91487,11128,91487,1567,64
3200,8720,91488,11128,91488,1567,64
3200,8720,91489,11128,91489,1567,64
3200,8720,91490,11128,91490,1567,64
3200,8720,91491,11128,91491,1567,64
3200,8720,91492,11128,91492,1567,64
3200,8720,91493,11128,91493,1567,64
3200,8720,91494,11128,91494,1567,64
3200,8720,91495,11128,91495,1567,64
3200,8720,91496,11128,91496,1567,64
3200,8720,91497,11128,91497,1567,64
3200,8720,91498,11128,91498,1567,64
3200,8720,91499,11128,91499,1567,64
3200,8720,91500,11128,91500,1567,64
3200,8720,91501,11128,91501,1567,64
3200,8720,91502,11128,91502,1567,64
3200,8720,91503,11128,91503,1567,64
3200,8720,91504,11128,91504,1567,64
3200,8720,91505,11128,91505,1567,64
3200,8720,91506,11128,91506,1567,64
3200,8720,91507,11128,91507,1567,64
3200,8720,91508,11128,91508,1567,64
3200,8720,91509,11128,91509,1567,64
3200,8720,91510,11128,91510,1567,64
3200,8720,91511,11128,91511,1567,64
3200,8720,91512,11128,91512,1567,64
3200,8720,91513,11128,91513,1567,64
3200,8720,91514,11128,91514,1567,64
3200,8720,91515,11128,91515,1567,64
3200,8720,91516,11128,91516,1567,64
3200,8720,91517,11128,91517,1567,64
3200,8720,91518,11128,91518,1567,64
3200,8720,91519,11128,91519,1567,64
3200,8720,91520,11128,91520,1567,64
3200,8720,91521,11128,91521,1567,64
3200,8720,91522,11128,91522,1567,64
3200,8720,91523,11128,91523,1567,64
3200,8720,91524,11128,91524,1567,64
3200,8720,91525,11128,91525,1567,64
3200,8720,91526,11128,91526,1567,64
3200,8720,91527,11128,91527,1567,64
3200,8720,91528,11128,91528,1567,64
3200,8720,91529,11128,91529,1567,64
3200,8720,91530,11128,91530,1567,64
3200,8720,91531,11128,91531,1567,64
3200,8720,91532,11128,91532,1567,64
3200,8720,91533,11128,91533,1567,64
3200,8720,91534,11128,91534,1567,64
3200,8720,91535,11128,91535,1567,64
3200,8720,91536,11128,91536,1567,64
3200,8720,91537,11128,91537,1567,64
3200,8720,91538,11128,91538,1567,64
3200,8720,91539,11128,91539,1567,64
3200,8720,91540,11128,91540,1567,64
3200,8720,91541,11128,91541,1567,64
3200,8720,91542,11128,91542,1567,64
3200,8720,91543,11128,91543,1567,64
3200,8720,91544,11128,91544,1567,64
3200,8720,91545,11128,91545,1567,64
3200,8720,91546,11128,91546,1567,64
3200,8720,91547,11128,91547,1567,64
3200,8720,91548,11128,91548,1567,64
3200,8720,91549,11128,91549,1567,64
3200,8720,91550,11128,91550,1567,64
3200,8720,91551,11128,91551,1567,64
3200,8720,91552,11128,91552,1567,64
3200,8720,91553,11128,91553,1567,64
3200,8720,91554,11128,91554,1567,64
3200,8720,91555,11128,91555,1567,64
3200,8720,91556,11128,91556,1567,64
3200,8720,91557,11128,91557,1567,64
3200,8720,91558,11128,91558,1567,64
3200,8720,91559,11128,91559,1567,64
3200,8720,91560,11128,91560,1567,64
3200,8720,91561,11128,91561,1567,64
3200,8720,91562,11128,91562,1567,64
3200,8720,91563,11128,91563,1567,64
3200,8720,91564,11128,91564,1567,64
3200,8720,91565,11128,91565,1567,64
3200,8720,91566,11128,91566,1567,64
3200,8720,91567,11128,91567,1567,64
3200,8720,91568,11128,91568,1567,64
3200,8720,91569,11128,91569,1567,64
3200,8720,91570,11128,91570,1567,64
3200,8720,91571,11128,91571,1567,64
3200,8720,91572,11128,91572,1567,64
3200,8720,91573,11128,91573,1567,64
3200,8720,91574,11128,91574,1567,64
3200,8720,91575,11128,91575,1567,64
3200,8720,91576,11128,91576,1567,64
3200,8720,91577,11128,91577,1567,64
3200,8720,91578,11128,91578,1567,64
3200,8720,91579,11128,91579,1567,64
3200,8720,91580,11128,91580,1567,64
3200,8720,91581,11128,91581,1567,64
3200,8720,91582,11128,91582,1567,64
3200,8720,91583,11128,91583,1567,64
3200,8720,91584,11128,91584,1567,64
3200,8720,91585,11128,91585,1567,64
3200,8720,91586,11128,91586,1567,64
3200,8720,91587,11128,91587,1567,64
3200,8720,91588,11128,91588,1567,64
3200,8720,91589,11128,91589,1567,64
3200,8720,91590,11128,91590,1567,64
3200,8720,91591,11128,91591,1567,64
3200,8720,91592,11128,91592,1567,64
3200,8720,91593,11128,91593,1567,64
3200,8720,91594,11128,91594,1567,64
3200,8720,91595,11128,91595,1567,64
3200,8720,91596,11128,91596,1567,64
3200,8720,91597,11128,91597,1567,64
3200,8720,91598,11128,91598,1567,64
3200,8720,91599,11128,91599,1567,64
3200,8720,91600,11128,91600,1567,64
3200,8720,91601,11128,91601,1567,64
3200,8720,91602,11128,91602,1567,64
3200,8720,91603,11128,91603,1567,64
3200,8720,91604,11128,91604,1567,64
3200,8720,91605,11128,91605,1567,64
3200,8720,91606,11128,91606,1567,64
3200,8720,91607,11128,91607,1567,64
3200,8720,91608,11128,91608,1567,64
3200,8720,91609,11128,91609,1567,64
3200,8720,91610,11128,91610,1567,64
3200,8720,91611,11128,91611,1567,64
3200,8720,91612,11128,91612,1567,64
3200,8720,91613,11128,91613,1567,64
3200,8720,91614,11128,91614,1567,64
3200,8720,91615,11128,91615,1567,64
3200,8720,91616,11128,91616,1567,64
3200,8720,91617,11128,91617,1567,64
3200,8720,91618,11128,91618,1567,64
3200,8720,91619,11128,91619,1567,64
3200,8720,91620,11128,91620,1567,64
3200,8720,91621,11128,91621,1567,64
3200,8720,91622,11128,91622,1567,64
3200,8720,91623,11128,91623,1567,64
3200,8720,91624,11128,91624,1567,64
3200,8720,91625,11128,91625,1567,64
3200,8720,91626,11128,91626,1567,64
3200,8720,91627,11128,91627,1567,64
3200,8720,91628,11128,91628,1567,64
3200,8720,91629,11128,91629,1567,64
3200,8720,91630,11128,91630,1567,64
3200,8720,91631,11128,91631,1567,64
3200,8720,91632,11128,91632,1567,64
3200,8720,91633,11128,91633,1567,64
3200,8720,91634,11128,91634,1567,64
3200,8720,91635,11128,91635,1567,64
3200,8720,91636,11128,91636,1567,64
3200,8720,91637,11128,91637,1567,64
3200,8720,91638,11128,91638,1567,64
3200,8720,91639,11128,91639,1567,64
3200,8720,91640,11128,91640,1567,64
3200,8720,91641,11128,91641,1567,64
3200,8720,91642,11128,91642,1567,64
3200,8720,91643,11128,91643,1567,64
3200,8720,91644,11128,91644,1567,64
3200,8720,91645,11128,91645,1567,64
3200,8720,91646,11128,91646,1567,64
3200,8720,91647,11128,91647,1567,64
3200,8720,91648,11128,91648,1567,64
3200,8720,91649,11128,91649,1567,64
3200,8720,91650,11128,91650,1567,64
3200,8720,91651,11128,91651,1567,64
3200,8720,91652,11128,91652,1567,64
3200,8720,91653,11128,91653,1567,64
3200,8720,91654,11128,91654,1567,64
3200,8720,91655,11128,91655,1567,64
3200,8720,91656,11128,91656,1567,64
3200,8720,91657,11128,91657,1567,64
3200,8720,91658,11128,91658,1567,64
3200,8720,91659,11128,91659,1567,64
3200,8720,91660,11128,91660,1567,64
3200,8720,91661,11128,91661,1567,64
3200,8720,91662,11128,91662,1567,64
3200,8720,91663,11128,91663,1567,64
3200,8720,91664,11128,91664,1567,64
3200,8720,91665,11128,91665,1567,64
3200,8720,91666,11128,91666,1567,64
3200,8720,91667,11128,91667,1567,64
3200,8720,91668,11128,91668,1567,64
3200,8720,91669,11128,91669,1567,64
3200,8720,91670,11128,91670,1567,64
3200,8720,91671,11128,91671,1567,64
3200,8720,91672,11128,91672,1567,64
3200,8720,91673,11128,91673,1567,64
3200,8720,91674,11128,91674,1567,64
3200,8720,91675,11128,91675,1567,64
3200,8720,91676,11128,91676,1567,64
3200,8720,91677,11128,91677,1567,64
3200,8720,91678,11128,91678,1567,64
3200,8720,91679,11128,91679,1567,64
3200,8720,91680,11128,91680,1567,64
3200,8720,91681,11128,91681,1567,64
3200,8720,91682,11128,91682,1567,64
3200,8720,91683,11128,91683,1567,64
3200,8720,91684,11128,91684,1567,63
3200,8720,91685,11128,91685,1567,62
3200,8720,91686,11128,91686,1567,62
3200,8720,91687,11128,91687,1567,62
3200,8720,91688,11128,91688,1567,62
3200,8720,91689,11128,91689,1567,61
3200,8720,91690,11128,91690,1567,61
3200,8720,91691,11128,91691,1567,61
3200,8720,91692,11128,91692,1567,60
3200,8720,91693,11128,91693,1567,59
3200,8720,91694,11128,91694,1567,59
3200,8720,91695,11128,91695,1567,59
3200,8720,91696,11128,91696,1567,58
3200,8720,91697,11128,91697,1567,58
3201,8720,91698,11128,91698,1567,58
3202,8720,91699,11128,91699,1567,58
3203,8720,91700,11128,91700,1567,58
3203,8720,91701,11128,91701,1567,58
3203,8720,91702,11128,91702,1567,58
3203,8720,91703,11128,91703,1567,58
3203,8720,91704,11128,91704,1567,58
3204,8720,91705,11128,91705,1567,58
3205,8720,91706,11128,91706,1567,58
3205,8720,91707,11128,91707,1567,58
3205,8720,91708,11128,91708,1567,58
3205,8720,91709,11128,91709,1567,58
3205,8720,91710,11128,91710,1567,58
3205,8720,91711,11128,91711,1567,58
3205,8720,91712,11128,91712,1567,58
3205,8720,91713,11128,91713,1567,58
3205,8720,91714,11128,91714,1567,58
3206,8720,91715,11128,91715,1567,58
3207,8720,91716,11128,91716,1567,58
3207,8720,91717,11128,91717,1567,58
3207,8720,91718,11128,91718,1567,58
3208,8720,91719,11128,91719,1567,58
3208,8720,91720,11128,91720,1567,58
3209,8720,91721,11128,91721,1567,58
3210,8720,91722,11128,91722,1567,58
3211,8720,91723,11128,91723,1567,58
3211,8720,91724,11128,91724,1567,58
3212,8720,91725,11128,91725,1567,58
3212,8720,91726,11128,91726,1567,58
3213,8720,91727,11128,91727,1567,58
3214,8720,91728,11128,91728,1567,58
3215,8720,91729,11128,91729,1567,58
3215,8720,91730,11128,91730,1567,58
3216,8720,91731,11128,91731,1567,58
3216,8720,91732,11128,91732,1567,58
3217,8720,91733,11128,91733,1567,58
3217,8720,91734,11128,91734,1567,58
3218,8720,91735,11128,91735,1567,58
3218,8720,91736,11128,91736,1567,58
3218,8720,91737,11128,91737,1567,58
3219,8720,91738,11128,91738,1567,58
3220,8720,91739,11128,91739,1567,58
3221,8720,91740,11128,91740,1567,58
3221,8720,91741,11128,91741,1567,58
3222,8720,91742,11128,91742,1567,58
3223,8720,91743,11128,91743,1567,58
3223,8720,91744,11128,91744,1567,58
3223,8720,91745,11128,91745,1567,58
3222,8720,91746,11128,91746,1567,58
3219,8720,91747,11128,91747,1567,58
3217,8720,91748,11128,91748,1567,58
3216,8720,91749,11128,91749,1567,58
3216,8720,91750,11128,91750,1567,58
3214,8720,91751,11128,91751,1567,58
3214,8720,91752,11128,91752,1567,58
3212,8720,91753,11128,91753,1567,58
3209,8720,91754,11128,91754,1567,58
3207,8720,91755,11128,91755,1567,58
3206,8720,91756,11128,91756,1567,58
3205,8720,91757,11128,91757,1567,58
3204,8720,91758,11128,91758,1567,58
3202,8720,91759,11128,91759,1567,58
3201,8720,91760,11128,91760,1567,58
3200,8720,91761,11128,91761,1567,58
3200,8720,91762,11128,91762,1567,58
3200,8720,91763,11128,91763,1567,58
3200,8720,91764,11128,91764,1567,58
3200,8720,91765,11128,91765,1567,58
3200,8720,91766,11128,91766,1567,58
3200,8720,91767,11128,91767,1567,58
3200,8720,91768,11128,91768,1567,58
3200,8720,91769,11128,91769,1567,58
3200,8720,91770,11128,91770,1567,58
3200,8720,91771,11128,91771,1567,58
3200,8720,91772,11128,91772,1567,58
3200,8720,91773,11128,91773,1567,58
3200,8720,91774,11128,91774,1567,58
3200,8720,91775,11128,91775,1567,58
3200,8720,91776,11128,91776,1567,58
3200,8720,91777,11128,91777,1567,58
3200,8720,91778,11128,91778,1567,58
3200,8720,91779,11128,91779,1567,58
3200,8720,91780,11128,91780,1567,58
3200,8720,91781,11128,91781,1567,58
3200,8720,91782,11128,91782,1567,58
3200,8720,91783,11128,91783,1567,58
3200,8720,91784,11128,91784,1567,58
3200,8720,91785,11128,91785,1567,58
3200,8720,91786,11128,91786,1567,58
3200,8720,91787,11128,91787,1567,58
3200,8720,91788,11128,91788,1567,58
3200,8720,91789,11128,91789,1567,58
3200,8720,91790,11128,91790,1567,58
3200,8720,91791,11128,91791,1567,58
3200,8720,91792,11128,91792,1567,58
3200,8720,91793,11128,91793,1567,58
3200,8720,91794,11128,91794,1567,58
3200,8720,91795,11128,91795,1567,58
3200,8720,91796,11128,91796,1567,58
3200,8720,91797,11128,91797,1567,58
3200,8720,91798,11128,91798,1567,58
3200,8720,91799,11128,91799,1567,58
3200,8720,91800,11128,91800,1567,58
3200,8720,91801,11128,91801,1567,58
3200,8720,91802,11128,91802,1567,58
3200,8720,91803,11128,91803,1567,58
3200,8720,91804,11128,91804,1567,58
3200,8720,91805,11128,91805,1567,58
3200,8720,91806,11128,91806,1567,58
3200,8720,91807,11128,91807,1567,58
3200,8720,91808,11128,91808,1567,58
3200,8720,91809,11128,91809,1567,58
3200,8720,91810,11128,91810,1567,58
3200,8720,91811,11128,91811,1567,58
3200,8720,91812,11128,91812,1567,58
3200,8720,91813,11128,91813,1567,58
3200,8720,91814,11128,91814,1567,58
3200,8720,91815,11128,91815,1567,58
3200,8720,91816,11128,91816,1567,58
3200,8720,91817,11128,91817,1567,58
3200,8720,91818,11128,91818,1567,58
3200,8720,91819,11128,91819,1567,58
3200,8720,91820,11128,91820,1567,58
3200,8720,91821,11128,91821,1567,58
3200,8720,91822,11128,91822,1567,58
3200,8720,91823,11128,91823,1567,58
3200,8720,91824,11128,91824,1567,58
3200,8720,91825,11128,91825,1567,58
3200,8720,91826,11128,91826,1567,58
3200,8720,91827,11128,91827,1567,58
3200,8720,91828,11128,91828,1567,58
3200,8720,91829,11128,91829,1567,58
3200,8720,91830,11128,91830,1567,58
3200,8720,91831,11128,91831,1567,58
3200,8720,91832,11128,91832,1567,58
3200,8720,91833,11128,91833,1567,58
3200,8720,91834,11128,91834,1567,58
3200,8720,91835,11128,91835,1567,58
3200,8720,91836,11128,91836,1567,58
3200,8720,91837,11128,91837,1567,58
3200,8720,91838,11128,91838,1567,58
3200,8720,91839,11128,91839,1567,58
3200,8720,91840,11128,91840,1567,58
3200,8720,91841,11128,91841,1567,58
3200,8720,91842,11128,91842,1567,58
3200,8720,91843,11128,91843,1567,58
3200,8720,91844,11128,91844,1567,58
3200,8720,91845,11128,91845,1567,58
3200,8720,91846,11128,91846,1567,58
3200,8720,91847,11128,91847,1567,58
3200,8720,91848,11128,91848,1567,58
3200,8720,91849,11128,91849,1567,58
3200,8720,91850,11128,91850,1567,58
3200,8720,91851,11128,91851,1567,58
3200,8720,91852,11128,91852,1567,58
3200,8720,91853,11128,91853,1567,58
3200,8720,91854,11128,91854,1567,58
3200,8720,91855,11128,91855,1567,58
3200,8720,91856,11128,91856,1567,58
3200,8720,91857,11128,91857,1567,58
3200,8720,91858,11128,91858,1567,58
3200,8720,91859,11128,91859,1567,58
3200,8720,91860,11128,91860,1567,58
3200,8720,91861,11128,91861,1567,58
3200,8720,91862,11128,91862,1567,58
3200,8720,91863,11128,91863,1567,58
3200,8720,91864,11128,91864,1567,58
3200,8720,91865,11128,91865,1567,58
3200,8720,91866,11128,91866,1567,58
3200,8720,91867,11128,91867,1567,58
3200,8720,91868,11128,91868,1567,58
3200,8720,91869,11128,91869,1567,58
3200,8720,91870,11128,91870,1567,58
3200,8720,91871,11128,91871,1567,58
3200,8720,91872,11128,91872,1567,58
3200,8720,91873,11128,91873,1567,58
3200,8720,91874,11128,91874,1567,58
3200,8720,91875,11128,91875,1567,58
3200,8720,91876,11128,91876,1567,58
3200,8720,91877,11128,91877,1567,58
3200,8720,91878,11128,91878,1567,58
3200,8720,91879,11128,91879,1567,58
3200,8720,91880,11128,91880,1567,58
3200,8720,91881,11128,91881,1567,58
3200,8720,91882,11128,91882,1567,58
3200,8720,91883,11128,91883,1567,58
3200,8720,91884,11128,91884,1567,58
3200,8720,91885,11128,91885,1567,58
3200,8720,91886,11128,91886,1567,58
3200,8720,91887,11128,91887,1567,58
3200,8720,91888,11128,91888,1567,58
3200,8720,91889,11128,91889,1567,58
3200,8720,91890,11128,91890,1567,58
3200,8720,91891,11128,91891,1567,58
3200,8720,91892,11128,91892,1567,58
3200,8720,91893,11128,91893,1567,58
3200,8720,91894,11128,91894,1567,58
3200,8720,91895,11128,91895,1567,58
3200,8720,91896,11128,91896,1567,58
3200,8720,91897,11128,91897,1567,58
3200,8720,91898,11128,91898,1567,58
3200,8720,91899,11128,91899,1567,58
3200,8720,91900,11128,91900,1567,58
3200,8720,91901,11128,91901,1567,58
3200,8720,91902,11128,91902,1567,58
3200,8720,91903,11128,91903,1567,58
3200,8720,91904,11128,91904,1567,58
3200,8720,91905,11128,91905,1567,58
3200,8720,91906,11128,91906,1567,58
3200,8720,91907,11128,91907,1567,58
3200,8720,91908,11128,91908,1567,58
3200,8720,91909,11128,91909,1567,58
3200,8720,91910,11128,91910,1567,58
3200,8720,91911,11128,91911,1567,58
3200,8720,91912,11128,91912,1567,58
3200,8720,91913,11128,91913,1567,58
3200,8720,91914,11128,91914,1567,58
3200,8720,91915,11128,91915,1567,58
3200,8720,91916,11128,91916,1567,58
3200,8720,91917,11128,91917,1567,58
3200,8720,91918,11128,91918,1567,58
3200,8720,91919,11128,91919,1567,58
3200,8720,91920,11128,91920,1567,58
3200,8720,91921,11128,91921,1567,58
3200,8720,91922,11128,91922,1567,58
3200,8720,91923,11128,91923,1567,58
3200,8720,91924,11128,91924,1567,58
3200,8720,91925,11128,91925,1567,58
3200,8720,91926,11128,91926,1567,58
3200,8720,91927,11128,91927,1567,58
3200,8720,91928,11128,91928,1567,58
3200,8720,91929,11128,91929,1567,58
3200,8720,91930,11128,91930,1567,58
3200,8720,91931,11128,91931,1567,58
3200,8720,91932,11128,91932,1567,58
3200,8720,91933,11128,91933,1567,58
3200,8720,91934,11128,91934,1567,58
3200,8720,91935,11128,91935,1567,58
3200,8720,91936,11128,91936,1567,58
3200,8720,91937,11128,91937,1567,58
3200,8720,91938,11128,91938,1567,58
3200,8720,91939,11128,91939,1567,58
3200,8720,91940,11128,91940,1567,58
3200,8720,91941,11128,91941,1567,58
3200,8720,91942,11128,91942,1567,58
3200,8720,91943,11128,91943,1567,58
3200,8720,91944,11128,91944,1567,58
3200,8720,91945,11128,91945,1567,58
3200,8720,91946,11128,91946,1567,58
3200,8720,91947,11128,91947,1567,58
3200,8720,91948,11128,91948,1567,58
3200,8720,91949,11128,91949,1567,58
3200,8720,91950,11128,91950,1567,58
3200,8720,91951,11128,91951,1567,58
3200,8720,91952,11128,91952,1567,58
3200,8720,91953,11128,91953,1567,58
3200,8720,91954,11128,91954,1567,58
3200,8720,91955,11128,91955,1567,58
3200,8720,91956,11128,91956,1567,58
3200,8720,91957,11128,91957,1567,58
3200,8720,91958,11128,91958,1567,58
3200,8720,91959,11128,91959,1567,58
3200,8720,91960,11128,91960,1567,58
3200,8720,91961,11128,91961,1567,58
3200,8720,91962,11128,91962,1567,58
3200,8720,91963,11128,91963,1567,58
3200,8720,91964,11128,91964,1567,58
3200,8720,91965,11128,91965,1567,58
3200,8720,91966,11128,91966,1567,58
3200,8720,91967,11128,91967,1567,58
3200,8720,91968,11128,91968,1567,58
3200,8720,91969,11128,91969,1567,58
3200,8720,91970,11128,91970,1567,58
3200,8720,91971,11128,91971,1567,58
3200,8720,91972,11128,91972,1567,58
3200,8720,91973,11128,91973,1567,58
3200,8720,91974,11128,91974,1567,58
3200,8720,91975,11128,91975,1567,58
3200,8720,91976,11128,91976,1567,58
3200,8720,91977,11128,91977,1567,58
3200,8720,91978,11128,91978,1567,58
3200,8720,91979,11128,91979,1567,58
3200,8720,91980,11128,91980,1567,58
3200,8720,91981,11128,91981,1567,58
3200,8720,91982,11128,91982,1567,58
3200,8720,91983,11128,91983,1567,58
3200,8720,91984,11128,91984,1567,58
3200,8720,91985,11128,91985,1567,58
3200,8720,91986,11128,91986,1567,58
3200,8720,91987,11128,91987,1567,58
3200,8720,91988,11128,91988,1567,58
3200,8720,91989,11128,91989,1567,58
3200,8720,91990,11128,91990,1567,58
3200,8720,91991,11128,91991,1567,58
3200,8720,91992,11128,91992,1567,58
3200,8720,91993,11128,91993,1567,58
3200,8720,91994,11128,91994,1567,58
3200,8720,91995,11128,91995,1567,58
3200,8720,91996,11128,91996,1567,58
3200,8720,91997,11128,91997,1567,58
3200,8720,91998,11128,91998,1567,58
3200,8720,91999,11128,91999,1567,58
3200,8720,92000,11128,92000,1567,58
3200,8720,92001,11128,92001,1567,58
3200,8720,92002,11128,92002,1567,58
3200,8720,92003,11128,92003,1567,58
3200,8720,92004,11128,92004,1567,58
3200,8720,92005,11128,92005,1567,58
3200,8720,92006,11128,92006,1567,58
3200,8720,92007,11128,92007,1567,58
3200,8720,92008,11128,92008,1567,58
3200,8720,92009,11128,92009,1567,58
3200,8720,92010,11128,92010,1567,58
3200,8720,92011,11128,92011,1567,58
3200,8720,92012,11128,92012,1567,58
3200,8720,92013,11128,92013,1567,58
3200,8720,92014,11128,92014,1567,58
3200,8720,92015,11128,92015,1567,58
3200,8720,92016,11128,92016,1567,58
3200,8720,92017,11128,92017,1567,58
3200,8720,92018,11128,92018,1567,58
3200,8720,92019,11128,92019,1567,58
3200,8720,92020,11128,92020,1567,58
3200,8720,92021,11128,92021,1567,58
3200,8720,92022,11128,92022,1567,58
3200,8720,92023,11128,92023,1567,58
3200,8720,92024,11128,92024,1567,58
3200,8720,92025,11128,92025,1567,58
3200,8720,92026,11128,92026,1567,58
3200,8720,92027,11128,92027,1567,58
3200,8720,92028,11128,92028,1567,58
3200,8720,92029,11128,92029,1567,58
3200,8720,92030,11128,92030,1567,58
3200,8720,92031,11128,92031,1567,58
3200,8720,92032,11128,92032,1567,58
3200,8720,92033,11128,92033,1567,58
3200,8720,92034,11128,92034,1567,58
3200,8720,92035,11128,92035,1567,58
3200,8720,92036,11128,92036,1567,58
3200,8720,92037,11128,92037,1567,58
3200,8720,92038,11128,92038,1567,58
3200,8720,92039,11128,92039,1567,58
3200,8720,92040,11128,92040,1567,58
3200,8720,92041,11128,92041,1567,58
3200,8720,92042,11128,92042,1567,58
3200,8720,92043,11128,92043,1567,58
3200,8720,92044,11128,92044,1567,58
3200,8720,92045,11128,92045,1567,58
3200,8720,92046,11128,92046,1567,58
3200,8720,92047,11128,92047,1567,58
3200,8720,92048,11128,92048,1567,58
3200,8720,92049,11128,92049,1567,58
3200,8720,92050,11128,92050,1567,58
3200,8720,92051,11128,92051,1567,58
3200,8720,92052,11128,92052,1567,58
3200,8720,92053,11128,92053,1567,58
3200,8720,92054,11128,92054,1567,58
3200,8720,92055,11128,92055,1567,58
3200,8720,92056,11128,92056,1567,58
3200,8720,92057,11128,92057,1567,58
3200,8720,92058,11128,92058,1567,58
3200,8720,92059,11128,92059,1567,58
3200,8720,92060,11128,92060,1567,58
3200,8720,92061,11128,92061,1567,58
3200,8720,92062,11128,92062,1567,58
3200,8720,92063,11128,92063,1567,58
3200,8720,92064,11128,92064,1567,58
3200,8720,92065,11128,92065,1567,58
3200,8720,92066,11128,92066,1567,58
3200,8720,92067,11128,92067,1567,58
3200,8720,92068,11128,92068,1567,58
3200,8720,92069,11128,92069,1567,58
3200,8720,92070,11128,92070,1567,58
3200,8720,92071,11128,92071,1567,58
3200,8720,92072,11128,92072,1567,58
3200,8720,92073,11128,92073,1567,58
3200,8720,92074,11128,92074,1567,58
3200,8720,92075,11128,92075,1567,58
3200,8720,92076,11128,92076,1567,58
3200,8720,92077,11128,92077,1567,58
3200,8720,92078,11128,92078,1567,58
3200,8720,92079,11128,92079,1567,58
3200,8720,92080,11128,92080,1567,58
3200,8720,92081,11128,92081,1567,58
3200,8720,92082,11128,92082,1567,58
3200,8720,92083,11128,92083,1567,58
3200,8720,92084,11128,92084,1567,58
3200,8720,92085,11128,92085,1567,58
3200,8720,92086,11128,92086,1567,58
3200,8720,92087,11128,92087,1567,58
3200,8720,92088,11128,92088,1567,58
3200,8720,92089,11128,92089,1567,58
3200,8720,92090,11128,92090,1567,58
3200,8720,92091,11128,92091,1567,58
3200,8720,92092,11128,92092,1567,58
3200,8720,92093,11128,92093,1567,58
3200,8720,92094,11128,92094,1567,58
3200,8720,92095,11128,92095,1567,58
3200,8720,92096,11128,92096,1567,58
3200,8720,92097,11128,92097,1567,58
3200,8720,92098,11128,92098,1567,58
3200,8720,92099,11128,92099,1567,58
3200,8720,92100,11128,92100,1567,58
3200,8720,92101,11128,92101,1567,58
3200,8720,92102,11128,92102,1567,58
3200,8720,92103,11128,92103,1567,58
3200,8720,92104,11128,92104,1567,58
3200,8720,92105,11128,92105,1567,58
3200,8720,92106,11128,92106,1567,58
3200,8720,92107,11128,92107,1567,58
3200,8720,92108,11128,92108,1567,58
3200,8720,92109,11128,92109,1567,58
3200,8720,92110,11128,92110,1567,58
3200,8720,92111,11128,92111,1567,58
3200,8720,92112,11128,92112,1567,58
3200,8720,92113,11128,92113,1567,58
3200,8720,92114,11128,92114,1567,58
3200,8720,92115,11128,92115,1567,58
3200,8720,92116,11128,92116,1567,58
3200,8720,92117,11128,92117,1567,58
3200,8720,92118,11128,92118,1567,58
3200,8720,92119,11128,92119,1567,58
3200,8720,92120,11128,92120,1567,58
3200,8720,92121,11128,92121,1567,58
3200,8720,92122,11128,92122,1567,58
3200,8720,92123,11128,92123,1567,58
3200,8720,92124,11128,92124,1567,58
3200,8720,92125,11128,92125,1567,58
3200,8720,92126,11128,92126,1567,58
3200,8720,92127,11128,92127,1567,58
3200,8720,92128,11128,92128,1567,58
3200,8720,92129,11128,92129,1567,58
3200,8720,92130,11128,92130,1567,58
3200,8720,92131,11128,92131,1567,58
3200,8720,92132,11128,92132,1567,58
3200,8720,92133,11128,92133,1567,58
3200,8720,92134,11128,92134,1567,58
3200,8720,92135,11128,92135,1567,58
3200,8720,92136,11128,92136,1567,58
3200,8720,92137,11128,92137,1567,58
3200,8720,92138,11128,92138,1567,58
3200,8720,92139,11128,92139,1567,58
3200,8720,92140,11128,92140,1567,58
3200,8720,92141,11128,92141,1567,58
3200,8720,92142,11128,92142,1567,58
3200,8720,92143,11128,92143,1567,58
3200,8720,92144,11128,92144,1567,58
3200,8720,92145,11128,92145,1567,58
3200,8720,92146,11128,92146,1567,58
3200,8720,92147,11128,92147,1567,58
3200,8720,92148,11128,92148,1567,58
3200,8720,92149,11128,92149,1567,58
3200,8720,92150,11128,92150,1567,58
3200,8720,92151,11128,92151,1567,58
3200,8720,92152,11128,92152,1567,58
3200,8720,92153,11128,92153,1567,58
3200,8720,92154,11128,92154,1567,58
3200,8720,92155,11128,92155,1567,58
3200,8720,92156,11128,92156,1567,58
3200,8720,92157,11128,92157,1567,58
3200,8720,92158,11128,92158,1567,58
3200,8720,92159,11128,92159,1567,58
3200,8720,92160,11128,92160,1567,58
3200,8720,92161,11128,92161,1567,58
3200,8720,92162,11128,92162,1567,58
3200,8720,92163,11128,92163,1567,58
3200,8720,92164,11128,92164,1567,58
3200,8720,92165,11128,92165,1567,58
3200,8720,92166,11128,92166,1567,58
3200,8720,92167,11128,92167,1567,58
3200,8720,92168,11128,92168,1567,58
3200,8720,92169,11128,92169,1567,58
3200,8720,92170,11128,92170,1567,58
3200,8720,92171,11128,92171,1567,58
3200,8720,92172,11128,92172,1567,58
3200,8720,92173,11128,92173,1567,58
3200,8720,92174,11128,92174,1567,58
3200,8720,92175,11128,92175,1567,58
3200,8720,92176,11128,92176,1567,58
3200,8720,92177,11128,92177,1567,58
3200,8720,92178,11128,92178,1567,58
3200,8720,92179,11128,92179,1567,58
3200,8720,92180,11128,92180,1567,58
3200,8720,92181,11128,92181,1567,58
3200,8720,92182,11128,92182,1567,58
3200,8720,92183,11128,92183,1567,58
3200,8720,92184,11128,92184,1567,58
3200,8720,92185,11128,92185,1567,58
3200,8720,92186,11128,92186,1567,58
3200,8720,92187,11128,92187,1567,58
3200,8720,92188,11128,92188,1567,58
3200,8720,92189,11128,92189,1567,58
3200,8720,92190,11128,92190,1567,58
3200,8720,92191,11128,92191,1567,58
3200,8720,92192,11128,92192,1567,58
3200,8720,92193,11128,92193,1567,58
3200,8720,92194,11128,92194,1567,58
3200,8720,92195,11128,92195,1567,58
3200,8720,92196,11128,92196,1567,58
3200,8720,92197,11128,92197,1567,58
3200,8720,92198,11128,92198,1567,58
3200,8720,92199,11128,92199,1567,58
3200,8720,92200,11128,92200,1567,58
3200,8720,92201,11128,92201,1567,58
3200,8720,92202,11128,92202,1567,58
3200,8720,92203,11128,92203,1567,58
3200,8720,92204,11128,92204,1567,58
3200,8720,92205,11128,92205,1567,58
3200,8720,92206,11128,92206,1567,58
3200,8720,92207,11128,92207,1567,58
3200,8720,92208,11128,92208,1567,58
3200,8720,92209,11128,92209,1567,58
3200,8720,92210,11128,92210,1567,58
3200,8720,92211,11128,92211,1567,58
3200,8720,92212,11128,92212,1567,58
3200,8720,92213,11128,92213,1567,58
3200,8720,92214,11128,92214,1567,58
3200,8720,92215,11128,92215,1567,58
3200,8720,92216,11128,92216,1567,58
3200,8720,92217,11128,92217,1567,58
3200,8720,92218,11128,92218,1567,58
3200,8720,92219,11128,92219,1567,58
3200,8720,92220,11128,92220,1567,58
3200,8720,92221,11128,92221,1567,58
3200,8720,92222,11128,92222,1567,58
3200,8720,92223,11128,92223,1567,58
3200,8720,92224,11128,92224,1567,58
3200,8720,92225,11128,92225,1567,58
3200,8720,92226,11128,92226,1567,58
3200,8720,92227,11128,92227,1567,58
3200,8720,92228,11128,92228,1567,58
3200,8720,92229,11128,92229,1567,58
3200,8720,92230,11128,92230,1567,58
3200,8720,92231,11128,92231,1567,58
3200,8720,92232,11128,92232,1567,58
3200,8720,92233,11128,92233,1567,58
3200,8720,92234,11128,92234,1567,58
3200,8720,92235,11128,92235,1567,58
3200,8720,92236,11128,92236,1567,58
3200,8720,92237,11128,92237,1567,58
3200,8720,92238,11128,92238,1567,58
3200,8720,92239,11128,92239,1567,58
3200,8720,92240,11128,92240,1567,58
3200,8720,92241,11128,92241,1567,58
3200,8720,92242,11128,92242,1567,58
3200,8720,92243,11128,92243,1567,58
3200,8720,92244,11128,92244,1567,58
3200,8720,92245,11128,92245,1567,58
3200,8720,92246,11128,92246,1567,58
3200,8720,92247,11128,92247,1567,58
3200,8720,92248,11128,92248,1567,58
3200,8720,92249,11128,92249,1567,58
3200,8720,92250,11128,92250,1567,58
3200,8720,92251,11128,92251,1567,58
3200,8720,92252,11128,92252,1567,58
3200,8720,92253,11128,92253,1567,58
3200,8720,92254,11128,92254,1567,58
3200,8720,92255,11128,92255,1567,58
3200,8720,92256,11128,92256,1567,58
3200,8720,92257,11128,92257,1567,58
3200,8720,92258,11128,92258,1567,58
3200,8720,92259,11128,92259,1567,58
3200,8720,92260,11128,92260,1567,58
3200,8720,92261,11128,92261,1567,58
3200,8720,92262,11128,92262,1567,58
3200,8720,92263,11128,92263,1567,58
3200,8720,92264,11128,92264,1567,58
3200,8720,92265,11128,92265,1567,58
3200,8720,92266,11128,92266,1567,58
3200,8720,92267,11128,92267,1567,58
3200,8720,92268,11128,92268,1567,58
3200,8720,92269,11128,92269,1567,58
3200,8720,92270,11128,92270,1567,58
3200,8720,92271,11128,92271,1567,58
3200,8720,92272,11128,92272,1567,58
3200,8720,92273,11128,92273,1567,58
3200,8720,92274,11128,92274,1567,58
3200,8720,92275,11128,92275,1567,58
3200,8720,92276,11128,92276,1567,58
3200,8720,92277,11128,92277,1567,58
3200,8720,92278,11128,92278,1567,58
3200,8720,92279,11128,92279,1567,58
3200,8720,92280,11128,92280,1567,58
3200,8720,92281,11128,92281,1567,58
3200,8720,92282,11128,92282,1567,58
3200,8720,92283,11128,92283,1567,58
3200,8720,92284,11128,92284,1567,58
3200,8720,92285,11128,92285,1567,58
3200,8720,92286,11128,92286,1567,58
3200,8720,92287,11128,92287,1567,58
3200,8720,92288,11128,92288,1567,58
3200,8720,92289,11128,92289,1567,58
3200,8720,92290,11128,92290,1567,58
3200,8720,92291,11128,92291,1567,58
3200,8720,92292,11128,92292,1567,58
3200,8720,92293,11128,92293,1567,58
3200,8720,92294,11128,92294,1567,58
3200,8720,92295,11128,92295,1567,58
3200,8720,92296,11128,92296,1567,58
3200,8720,92297,11128,92297,1567,58
3200,8720,92298,11128,92298,1567,58
3200,8720,92299,11128,92299,1567,58
3200,8720,92300,11128,92300,1567,58
3200,8720,92301,11128,92301,1567,58
3200,8720,92302,11128,92302,1567,58
3200,8720,92303,11128,92303,1567,58
3200,8720,92304,11128,92304,1567,58
3200,8720,92305,11128,92305,1567,58
3200,8720,92306,11128,92306,1567,58
3200,8720,92307,11128,92307,1567,58
3200,8720,92308,11128,92308,1567,58
3200,8720,92309,11128,92309,1567,58
3200,8720,92310,11128,92310,1567,58
3200,8720,92311,11128,92311,1567,58
3200,8720,92312,11128,92312,1567,58
3200,8720,92313,11128,92313,1567,58
3200,8720,92314,11128,92314,1567,58
3200,8720,92315,11128,92315,1567,58
3200,8720,92316,11128,92316,1567,58
3200,8720,92317,11128,92317,1567,58
3200,8720,92318,11128,92318,1567,58
3200,8720,92319,11128,92319,1567,58
3200,8720,92320,11128,92320,1567,58
3200,8720,92321,11128,92321,1567,58
3200,8720,92322,11128,92322,1567,58
3200,8720,92323,11128,92323,1567,58
3200,8720,92324,11128,92324,1567,58
3200,8720,92325,11128,92325,1567,58
3200,8720,92326,11128,92326,1567,58
3200,8720,92327,11128,92327,1567,58
3200,8720,92328,11128,92328,1567,58
3200,8720,92329,11128,92329,1567,58
3200,8720,92330,11128,92330,1567,58
3200,8720,92331,11128,92331,1567,58
3200,8720,92332,11128,92332,1567,58
3200,8720,92333,11128,92333,1567,58
3200,8720,92334,11128,92334,1567,58
3200,8720,92335,11128,92335,1567,58
3200,8720,92336,11128,92336,1567,58
3200,8720,92337,11128,92337,1567,58
3200,8720,92338,11128,92338,1567,58
3200,8720,92339,11128,92339,1567,58
3200,8720,92340,11128,92340,1567,58
3200,8720,92341,11128,92341,1567,58
3200,8720,92342,11128,92342,1567,58
3200,8720,92343,11128,92343,1567,58
3200,8720,92344,11128,92344,1567,58
3200,8720,92345,11128,92345,1567,58
3200,8720,92346,11128,92346,1567,58
3200,8720,92347,11128,92347,1567,58
3200,8720,92348,11128,92348,1567,58
3200,8720,92349,11128,92349,1567,58
3200,8720,92350,11128,92350,1567,58
3200,8720,92351,11128,92351,1567,58
3200,8720,92352,11128,92352,1567,58
3200,8720,92353,11128,92353,1567,58
3200,8720,92354,11128,92354,1567,58
3200,8720,92355,11128,92355,1567,58
3200,8720,92356,11128,92356,1567,58
3200,8720,92357,11128,92357,1567,58
3200,8720,92358,11128,92358,1567,58
3200,8720,92359,11128,92359,1567,58
3200,8720,92360,11128,92360,1567,58
3200,8720,92361,11128,92361,1567,58
3200,8720,92362,11128,92362,1567,58
3200,8720,92363,11128,92363,1567,58
3200,8720,92364,11128,92364,1567,58
3200,8720,92365,11128,92365,1567,58
3200,8720,92366,11128,92366,1567,58
3200,8720,92367,11128,92367,1567,58
3200,8720,92368,11128,92368,1567,58
3200,8720,92369,11128,92369,1567,58
3200,8720,92370,11128,92370,1567,58
3200,8720,92371,11128,92371,1567,58
3200,8720,92372,11128,92372,1567,58
3200,8720,92373,11128,92373,1567,58
3200,8720,92374,11128,92374,1567,58
3200,8720,92375,11128,92375,1567,58
3200,8720,92376,11128,92376,1567,58
3200,8720,92377,11128,92377,1567,58
3200,8720,92378,11128,92378,1567,58
3200,8720,92379,11128,92379,1567,58
3200,8720,92380,11128,92380,1567,58
3200,8720,92381,11128,92381,1567,58
3200,8720,92382,11128,92382,1567,58
3200,8720,92383,11128,92383,1567,58
3200,8720,92384,11128,92384,1567,58
3200,8720,92385,11128,92385,1567,58
3200,8720,92386,11128,92386,1567,58
3200,8720,92387,11128,92387,1567,58
3200,8720,92388,11128,92388,1567,58
3200,8720,92389,11128,92389,1567,58
3200,8720,92390,11128,92390,1567,58
3200,8720,92391,11128,92391,1567,58
3200,8720,92392,11128,92392,1567,58
3200,8720,92393,11128,92393,1567,58
3200,8720,92394,11128,92394,1567,58
3200,8720,92395,11128,92395,1567,58
3200,8720,92396,11128,92396,1567,58
3200,8720,92397,11128,92397,1567,58
3200,8720,92398,11128,92398,1567,58
3200,8720,92399,11128,92399,1567,58
3200,8720,92400,11128,92400,1567,58
3200,8720,92401,11128,92401,1567,58
3200,8720,92402,11128,92402,1567,58
3200,8720,92403,11128,92403,1567,58
3200,8720,92404,11128,92404,1567,58
3200,8720,92405,11128,92405,1567,58
3200,8720,92406,11128,92406,1567,58
3200,8720,92407,11128,92407,1567,58
3200,8720,92408,11128,92408,1567,58
3200,8720,92409,11128,92409,1567,58
3200,8720,92410,11128,92410,1567,58
3200,8720,92411,11128,92411,1567,58
3200,8720,92412,11128,92412,1567,58
3200,8720,92413,11128,92413,1567,58
3200,8720,92414,11128,92414,1567,58
3200,8720,92415,11128,92415,1567,58
3200,8720,92416,11128,92416,1567,58
3200,8720,92417,11128,92417,1567,58
3200,8720,92418,11128,92418,1567,58
3200,8720,92419,11128,92419,1567,58
3200,8720,92420,11128,92420,1567,58
3200,8720,92421,11128,92421,1567,58
3200,8720,92422,11128,92422,1567,58
3200,8720,92423,11128,92423,1567,58
3200,8720,92424,11128,92424,1567,58
3200,8720,92425,11128,92425,1567,58
3200,8720,92426,11128,92426,1567,58
3200,8720,92427,11128,92427,1567,58
3200,8720,92428,11128,92428,1567,58
3200,8720,92429,11128,92429,1567,58
3200,8720,92430,11128,92430,1567,58
3200,8720,92431,11128,92431,1567,58
3200,8720,92432,11128,92432,1567,58
3200,8720,92433,11128,92433,1567,58
3200,8720,92434,11128,92434,1567,58
3200,8720,92435,11128,92435,1567,58
3200,8720,92436,11128,92436,1567,58
3200,8720,92437,11128,92437,1567,58
3200,8720,92438,11128,92438,1567,58
3200,8720,92439,11128,92439,1567,58
3200,8720,92440,11128,92440,1567,58
3200,8720,92441,11128,92441,1567,58
3200,8720,92442,11128,92442,1567,58
3200,8720,92443,11128,92443,1567,58
3200,8720,92444,11128,92444,1567,58
3200,8720,92445,11128,92445,1567,58
3200,8720,92446,11128,92446,1567,58
3200,8720,92447,11128,92447,1567,58
3200,8720,92448,11128,92448,1567,58
3200,8720,92449,11128,92449,1567,58
3200,8720,92450,11128,92450,1567,58
3200,8720,92451,11128,92451,1567,58
3200,8720,92452,11128,92452,1567,58
3200,8720,92453,11128,92453,1567,58
3200,8720,92454,11128,92454,1567,58
3200,8720,92455,11128,92455,1567,58
3200,8720,92456,11128,92456,1567,58
3200,8720,92457,11128,92457,1567,58
3200,8720,92458,11128,92458,1567,58
3200,8720,92459,11128,92459,1567,58
3200,8720,92460,11128,92460,1567,58
3200,8720,92461,11128,92461,1567,58
3200,8720,92462,11128,92462,1567,58
3200,8720,92463,11128,92463,1567,58
3200,8720,92464,11128,92464,1567,58
3200,8720,92465,11128,92465,1567,58
3200,8720,92466,11128,92466,1567,58
3200,8720,92467,11128,92467,1567,58
3200,8720,92468,11128,92468,1567,58
3200,8720,92469,11128,92469,1567,58
3200,8720,92470,11128,92470,1567,58
3200,8720,92471,11128,92471,1567,58
3200,8720,92472,11128,92472,1567,58
3200,8720,92473,11128,92473,1567,58
3200,8720,92474,11128,92474,1567,58
3200,8720,92475,11128,92475,1567,58
3200,8720,92476,11128,92476,1567,58
3200,8720,92477,11128,92477,1567,58
3200,8720,92478,11128,92478,1567,58
3200,8720,92479,11128,92479,1567,58
3200,8720,92480,11128,92480,1567,58
3200,8720,92481,11128,92481,1567,58
3200,8720,92482,11128,92482,1567,58
3200,8720,92483,11128,92483,1567,58
3200,8720,92484,11128,92484,1567,58
3200,8720,92485,11128,92485,1567,58
3200,8720,92486,11128,92486,1567,58
3200,8720,92487,11128,92487,1567,58
3200,8720,92488,11128,92488,1567,58
3200,8720,92489,11128,92489,1567,58
3200,8720,92490,11128,92490,1567,58
3200,8720,92491,11128,92491,1567,58
3200,8720,92492,11128,92492,1567,58
3200,8720,92493,11128,92493,1567,58
3200,8720,92494,11128,92494,1567,58
3200,8720,92495,11128,92495,1567,58
3200,8720,92496,11128,92496,1567,58
3200,8720,92497,11128,92497,1567,58
3200,8720,92498,11128,92498,1567,58
3200,8720,92499,11128,92499,1567,58
3200,8720,92500,11128,92500,1567,58
3200,8720,92501,11128,92501,1567,58
3200,8720,92502,11128,92502,1567,58
3200,8720,92503,11128,92503,1567,58
3200,8720,92504,11128,92504,1567,58
3200,8720,92505,11128,92505,1567,58
3200,8720,92506,11128,92506,1567,58
3200,8720,92507,11128,92507,1567,58
3200,8720,92508,11128,92508,1567,58
3200,8720,92509,11128,92509,1567,58
3200,8720,92510,11128,92510,1567,58
3200,8720,92511,11128,92511,1567,58
3200,8720,92512,11128,92512,1567,58
3200,8720,92513,11128,92513,1567,58
3200,8720,92514,11128,92514,1567,58
3200,8720,92515,11128,92515,1567,58
3200,8720,92516,11128,92516,1567,58
3200,8720,92517,11128,92517,1567,58
3200,8720,92518,11128,92518,1567,58
3200,8720,92519,11128,92519,1567,58
3200,8720,92520,11128,92520,1567,58
3200,8720,92521,11128,92521,1567,58
3200,8720,92522,11128,92522,1567,58
3200,8720,92523,11128,92523,1567,58
3200,8720,92524,11128,92524,1567,58
3200,8720,92525,11128,92525,1567,58
3200,8720,92526,11128,92526,1567,58
3200,8720,92527,11128,92527,1567,58
3200,8720,92528,11128,92528,1567,58
3200,8720,92529,11128,92529,1567,58
3200,8720,92530,11128,92530,1567,57
3200,8720,92531,11128,92531,1567,56
3200,8720,92532,11128,92532,1567,55
3200,8720,92533,11128,92533,1567,55
3200,8720,92534,11128,92534,1567,54
3200,8720,92535,11128,92535,1567,53
3200,8720,92536,11128,92536,1567,52
3200,8720,92537,11128,92537,1567,51
3200,8720,92538,11128,92538,1567,50
3200,8720,92539,11128,92539,1567,49
3200,8720,92540,11128,92540,1567,48
3200,8720,92541,11128,92541,1567,47
3200,8720,92542,11128,92542,1567,46
3200,8720,92543,11128,92543,1567,45
3200,8720,92544,11128,92544,1567,44
3200,8720,92545,11128,92545,1567,43
3201,8720,92546,11128,92546,1567,43
3202,8720,92547,11128,92547,1567,43
3203,8720,92548,11128,92548,1567,43
3203,8720,92549,11128,92549,1567,43
3203,8720,92550,11128,92550,1567,43
3204,8720,92551,11128,92551,1567,43
3204,8720,92552,11128,92552,1567,43
3205,8720,92553,11128,92553,1567,43
3206,8720,92554,11128,92554,1567,43
3207,8720,92555,11128,92555,1567,43
3207,8720,92556,11128,92556,1567,43
3208,8720,92557,11128,92557,1567,43
3208,8720,92558,11128,92558,1567,43
3209,8720,92559,11128,92559,1567,43
3210,8720,92560,11128,92560,1567,43
3211,8720,92561,11128,92561,1567,43
3211,8720,92562,11128,92562,1567,43
3211,8720,92563,11128,92563,1567,43
3211,8720,92564,11128,92564,1567,43
3211,8720,92565,11128,92565,1567,43
3211,8720,92566,11128,92566,1567,43
3211,8720,92567,11128,92567,1567,43
3211,8720,92568,11128,92568,1567,43
3211,8720,92569,11128,92569,1567,43
3211,8720,92570,11128,92570,1567,43
3211,8720,92571,11128,92571,1567,43
3211,8720,92572,11128,92572,1567,43
3211,8720,92573,11128,92573,1567,43
3211,8720,92574,11128,92574,1567,43
3211,8720,92575,11128,92575,1567,43
3211,8720,92576,11128,92576,1567,43
3211,8720,92577,11128,92577,1567,43
3211,8720,92578,11128,92578,1567,43
3212,8720,92579,11128,92579,1567,43
3212,8720,92580,11128,92580,1567,43
3213,8720,92581,11128,92581,1567,43
3213,8720,92582,11128,92582,1567,43
3214,8720,92583,11128,92583,1567,43
3214,8720,92584,11128,92584,1567,43
3214,8720,92585,11128,92585,1567,43
3215,8720,92586,11128,92586,1567,43
3216,8720,92587,11128,92587,1567,43
3217,8720,92588,11128,92588,1567,43
3217,8720,92589,11128,92589,1567,43
3218,8720,92590,11128,92590,1567,43
3219,8720,92591,11128,92591,1567,43
3219,8720,92592,11128,92592,1567,43
3219,8720,92593,11128,92593,1567,43
3218,8720,92594,11128,92594,1567,43
3216,8720,92595,11128,92595,1567,43
3215,8720,92596,11128,92596,1567,43
3214,8720,92597,11128,92597,1567,43
3214,8720,92598,11128,92598,1567,43
3212,8720,92599,11128,92599,1567,43
3212,8720,92600,11128,92600,1567,43
3211,8720,92601,11128,92601,1567,43
3209,8720,92602,11128,92602,1567,43
3207,8720,92603,11128,92603,1567,43
3206,8720,92604,11128,92604,1567,43
3205,8720,92605,11128,92605,1567,43
3204,8720,92606,11128,92606,1567,43
3202,8720,92607,11128,92607,1567,43
3201,8720,92608,11128,92608,1567,43
3200,8720,92609,11128,92609,1567,42
3200,8720,92610,11128,92610,1567,42
3200,8720,92611,11128,92611,1567,42
3200,8720,92612,11128,92612,1567,42
3200,8720,92613,11128,92613,1567,42
3200,8720,92614,11128,92614,1567,42
3200,8720,92615,11128,92615,1567,42
3200,8720,92616,11128,92616,1567,42
3200,8720,92617,11128,92617,1567,42
3200,8720,92618,11128,92618,1567,42
3200,8720,92619,11128,92619,1567,42
3200,8720,92620,11128,92620,1567,42
3200,8720,92621,11128,92621,1567,42
3200,8720,92622,11128,92622,1567,42
3200,8720,92623,11128,92623,1567,42
3200,8720,92624,11128,92624,1567,42
3200,8720,92625,11128,92625,1567,42
3200,8720,92626,11128,92626,1567,42
3200,8720,92627,11128,92627,1567,42
3200,8720,92628,11128,92628,1567,42
3200,8720,92629,11128,92629,1567,42
3200,8720,92630,11128,92630,1567,42
3200,8720,92631,11128,92631,1567,42
3200,8720,92632,11128,92632,1567,42
3200,8720,92633,11128,92633,1567,42
3200,8720,92634,11128,92634,1567,42
3200,8720,92635,11128,92635,1567,42
3200,8720,92636,11128,92636,1567,42
3200,8720,92637,11128,92637,1567,42
3200,8720,92638,11128,92638,1567,42
3200,8720,92639,11128,92639,1567,42
3200,8720,92640,11128,92640,1567,42
3200,8720,92641,11128,92641,1567,42
3200,8720,92642,11128,92642,1567,42
3200,8720,92643,11128,92643,1567,42
3200,8720,92644,11128,92644,1567,42
3200,8720,92645,11128,92645,1567,42
3200,8720,92646,11128,92646,1567,42
3200,8720,92647,11128,92647,1567,42
3200,8720,92648,11128,92648,1567,42
3200,8720,92649,11128,92649,1567,42
3200,8720,92650,11128,92650,1567,42
3200,8720,92651,11128,92651,1567,42
3200,8720,92652,11128,92652,1567,42
3200,8720,92653,11128,92653,1567,42
3200,8720,92654,11128,92654,1567,42
3200,8720,92655,11128,92655,1567,42
3200,8720,92656,11128,92656,1567,42
3200,8720,92657,11128,92657,1567,42
3200,8720,92658,11128,92658,1567,42
3200,8720,92659,11128,92659,1567,42
3200,8720,92660,11128,92660,1567,42
3200,8720,92661,11128,92661,1567,42
3200,8720,92662,11128,92662,1567,42
3200,8720,92663,11128,92663,1567,42
3200,8720,92664,11128,92664,1567,42
3200,8720,92665,11128,92665,1567,42
3200,8720,92666,11128,92666,1567,42
3200,8720,92667,11128,92667,1567,42
3200,8720,92668,11128,92668,1567,42
3200,8720,92669,11128,92669,1567,42
3200,8720,92670,11128,92670,1567,42
3200,8720,92671,11128,92671,1567,42
3200,8720,92672,11128,92672,1567,42
3200,8720,92673,11128,92673,1567,42
3200,8720,92674,11128,92674,1567,42
3200,8720,92675,11128,92675,1567,42
3200,8720,92676,11128,92676,1567,42
3200,8720,92677,11128,92677,1567,42
3200,8720,92678,11128,92678,1567,42
3200,8720,92679,11128,92679,1567,42
3200,8720,92680,11128,92680,1567,42
3200,8720,92681,11128,92681,1567,42
3200,8720,92682,11128,92682,1567,42
3200,8720,92683,11128,92683,1567,42
3200,8720,92684,11128,92684,1567,42
3200,8720,92685,11128,92685,1567,42
3200,8720,92686,11128,92686,1567,42
3200,8720,92687,11128,92687,1567,42
3200,8720,92688,11128,92688,1567,42
3200,8720,92689,11128,92689,1567,42
3200,8720,92690,11128,92690,1567,42
3200,8720,92691,11128,92691,1567,42
3200,8720,92692,11128,92692,1567,42
3200,8720,92693,11128,92693,1567,42
3200,8720,92694,11128,92694,1567,42
3200,8720,92695,11128,92695,1567,42
3200,8720,92696,11128,92696,1567,42
3200,8720,92697,11128,92697,1567,42
3200,8720,92698,11128,92698,1567,42
3200,8720,92699,11128,92699,1567,42
3200,8720,92700,11128,92700,1567,42
3200,8720,92701,11128,92701,1567,42
3200,8720,92702,11128,92702,1567,42
3200,8720,92703,11128,92703,1567,42
3200,8720,92704,11128,92704,1567,42
3200,8720,92705,11128,92705,1567,42
3200,8720,92706,11128,92706,1567,42
3200,8720,92707,11128,92707,1567,42
3200,8720,92708,11128,92708,1567,42
3200,8720,92709,11128,92709,1567,42
3200,8720,92710,11128,92710,1567,42
3200,8720,92711,11128,92711,1567,42
3200,8720,92712,11128,92712,1567,42
3200,8720,92713,11128,92713,1567,42
3200,8720,92714,11128,92714,1567,42
3200,8720,92715,11128,92715,1567,42
3200,8720,92716,11128,92716,1567,42
3200,8720,92717,11128,92717,1567,42
3200,8720,92718,11128,92718,1567,42
3200,8720,92719,11128,92719,1567,42
3200,8720,92720,11128,92720,1567,42
3200,8720,92721,11128,92721,1567,42
3200,8720,92722,11128,92722,1567,42
3200,8720,92723,11128,92723,1567,42
3200,8720,92724,11128,92724,1567,42
3200,8720,92725,11128,92725,1567,42
3200,8720,92726,11128,92726,1567,42
3200,8720,92727,11128,92727,1567,42
3200,8720,92728,11128,92728,1567,42
3200,8720,92729,11128,92729,1567,42
3200,8720,92730,11128,92730,1567,42
3200,8720,92731,11128,92731,1567,42
3200,8720,92732,11128,92732,1567,42
3200,8720,92733,11128,92733,1567,42
3200,8720,92734,11128,92734,1567,42
3200,8720,92735,11128,92735,1567,42
3200,8720,92736,11128,92736,1567,42
3200,8720,92737,11128,92737,1567,42
3200,8720,92738,11128,92738,1567,42
3200,8720,92739,11128,92739,1567,42
3200,8720,92740,11128,92740,1567,42
3200,8720,92741,11128,92741,1567,42
3200,8720,92742,11128,92742,1567,42
3200,8720,92743,11128,92743,1567,42
3200,8720,92744,11128,92744,1567,42
3200,8720,92745,11128,92745,1567,42
3200,8720,92746,11128,92746,1567,42
3200,8720,92747,11128,92747,1567,42
3200,8720,92748,11128,92748,1567,42
3200,8720,92749,11128,92749,1567,42
3200,8720,92750,11128,92750,1567,42
3200,8720,92751,11128,92751,1567,42
3200,8720,92752,11128,92752,1567,42
3200,8720,92753,11128,92753,1567,42
3200,8720,92754,11128,92754,1567,42
3200,8720,92755,11128,92755,1567,42
3200,8720,92756,11128,92756,1567,42
3200,8720,92757,11128,92757,1567,42
3200,8720,92758,11128,92758,1567,42
3200,8720,92759,11128,92759,1567,42
3200,8720,92760,11128,92760,1567,42
3200,8720,92761,11128,92761,1567,42
3200,8720,92762,11128,92762,1567,42
3200,8720,92763,11128,92763,1567,42
3200,8720,92764,11128,92764,1567,42
3200,8720,92765,11128,92765,1567,42
3200,8720,92766,11128,92766,1567,42
3200,8720,92767,11128,92767,1567,42
3200,8720,92768,11128,92768,1567,42
3200,8720,92769,11128,92769,1567,42
3200,8720,92770,11128,92770,1567,42
3200,8720,92771,11128,92771,1567,42
3200,8720,92772,11128,92772,1567,42
3200,8720,92773,11128,92773,1567,42
3200,8720,92774,11128,92774,1567,42
3200,8720,92775,11128,92775,1567,42
3200,8720,92776,11128,92776,1567,42
3200,8720,92777,11128,92777,1567,42
3200,8720,92778,11128,92778,1567,42
3200,8720,92779,11128,92779,1567,42
3200,8720,92780,11128,92780,1567,42
3200,8720,92781,11128,92781,1567,42
3200,8720,92782,11128,92782,1567,42
3200,8720,92783,11128,92783,1567,42
3200,8720,92784,11128,92784,1567,42
3200,8720,92785,11128,92785,1567,42
3200,8720,92786,11128,92786,1567,42
3200,8720,92787,11128,92787,1567,42
3200,8720,92788,11128,92788,1567,42
3200,8720,92789,11128,92789,1567,42
3200,8720,92790,11128,92790,1567,42
3200,8720,92791,11128,92791,1567,42
3200,8720,92792,11128,92792,1567,42
3200,8720,92793,11128,92793,1567,42
3200,8720,92794,11128,92794,1567,42
3200,8720,92795,11128,92795,1567,42
3200,8720,92796,11128,92796,1567,42
3200,8720,92797,11128,92797,1567,42
3200,8720,92798,11128,92798,1567,42
3200,8720,92799,11128,92799,1567,42
3200,8720,92800,11128,92800,1567,42
3200,8720,92801,11128,92801,1567,42
3200,8720,92802,11128,92802,1567,42
3200,8720,92803,11128,92803,1567,42
3200,8720,92804,11128,92804,1567,42
3200,8720,92805,11128,92805,1567,42
3200,8720,92806,11128,92806,1567,42
3200,8720,92807,11128,92807,1567,42
3200,8720,92808,11128,92808,1567,42
3200,8720,92809,11128,92809,1567,42
3200,8720,92810,11128,92810,1567,42
3200,8720,92811,11128,92811,1567,42
3200,8720,92812,11128,92812,1567,42
3200,8720,92813,11128,92813,1567,42
3200,8720,92814,11128,92814,1567,42
3200,8720,92815,11128,92815,1567,42
3200,8720,92816,11128,92816,1567,42
3200,8720,92817,11128,92817,1567,42
3200,8720,92818,11128,92818,1567,42
3200,8720,92819,11128,92819,1567,42
3200,8720,92820,11128,92820,1567,42
3200,8720,92821,11128,92821,1567,42
3200,8720,92822,11128,92822,1567,42
3200,8720,92823,11128,92823,1567,42
3200,8720,92824,11128,92824,1567,42
3200,8720,92825,11128,92825,1567,42
3200,8720,92826,11128,92826,1567,42
3200,8720,92827,11128,92827,1567,42
3200,8720,92828,11128,92828,1567,42
3200,8720,92829,11128,92829,1567,42
3200,8720,92830,11128,92830,1567,42
3200,8720,92831,11128,92831,1567,42
3200,8720,92832,11128,92832,1567,42
3200,8720,92833,11128,92833,1567,42
3200,8720,92834,11128,92834,1567,42
3200,8720,92835,11128,92835,1567,42
3200,8720,92836,11128,92836,1567,42
3200,8720,92837,11128,92837,1567,42
3200,8720,92838,11128,92838,1567,42
3200,8720,92839,11128,92839,1567,42
3200,8720,92840,11128,92840,1567,42
3200,8720,92841,11128,92841,1567,42
3200,8720,92842,11128,92842,1567,42
3200,8720,92843,11128,92843,1567,42
3200,8720,92844,11128,92844,1567,42
3200,8720,92845,11128,92845,1567,42
3200,8720,92846,11128,92846,1567,42
3200,8720,92847,11128,92847,1567,42
3200,8720,92848,11128,92848,1567,42
3200,8720,92849,11128,92849,1567,42
3200,8720,92850,11128,92850,1567,42
3200,8720,92851,11128,92851,1567,42
3200,8720,92852,11128,92852,1567,42
3200,8720,92853,11128,92853,1567,42
3200,8720,92854,11128,92854,1567,42
3200,8720,92855,11128,92855,1567,42
3200,8720,92856,11128,92856,1567,42
3200,8720,92857,11128,92857,1567,42
3200,8720,92858,11128,92858,1567,42
3200,8720,92859,11128,92859,1567,42
3200,8720,92860,11128,92860,1567,42
3200,8720,92861,11128,92861,1567,42
3200,8720,92862,11128,92862,1567,42
3200,8720,92863,11128,92863,1567,42
3200,8720,92864,11128,92864,1567,42
3200,8720,92865,11128,92865,1567,42
3200,8720,92866,11128,92866,1567,42
3200,8720,92867,11128,92867,1567,42
3200,8720,92868,11128,92868,1567,42
3200,8720,92869,11128,92869,1567,42
3200,8720,92870,11128,92870,1567,42
3200,8720,92871,11128,92871,1567,42
3200,8720,92872,11128,92872,1567,42
3200,8720,92873,11128,92873,1567,42
3200,8720,92874,11128,92874,1567,42
3200,8720,92875,11128,92875,1567,42
3200,8720,92876,11128,92876,1567,42
3200,8720,92877,11128,92877,1567,42
3200,8720,92878,11128,92878,1567,42
3200,8720,92879,11128,92879,1567,42
3200,8720,92880,11128,92880,1567,42
3200,8720,92881,11128,92881,1567,42
3200,8720,92882,11128,92882,1567,42
3200,8720,92883,11128,92883,1567,42
3200,8720,92884,11128,92884,1567,42
3200,8720,92885,11128,92885,1567,42
3200,8720,92886,11128,92886,1567,42
3200,8720,92887,11128,92887,1567,42
3200,8720,92888,11128,92888,1567,42
3200,8720,92889,11128,92889,1567,42
3200,8720,92890,11128,92890,1567,42
3200,8720,92891,11128,92891,1567,42
3200,8720,92892,11128,92892,1567,42
3200,8720,92893,11128,92893,1567,42
3200,8720,92894,11128,92894,1567,42
3200,8720,92895,11128,92895,1567,42
3200,8720,92896,11128,92896,1567,42
3200,8720,92897,11128,92897,1567,42
3200,8720,92898,11128,92898,1567,42
3200,8720,92899,11128,92899,1567,42
3200,8720,92900,11128,92900,1567,42
3200,8720,92901,11128,92901,1567,42
3200,8720,92902,11128,92902,1567,42
3200,8720,92903,11128,92903,1567,42
3200,8720,92904,11128,92904,1567,42
3200,8720,92905,11128,92905,1567,42
3200,8720,92906,11128,92906,1567,42
3200,8720,92907,11128,92907,1567,42
3200,8720,92908,11128,92908,1567,42
3200,8720,92909,11128,92909,1567,42
3200,8720,92910,11128,92910,1567,42
3200,8720,92911,11128,92911,1567,42
3200,8720,92912,11128,92912,1567,42
3200,8720,92913,11128,92913,1567,42
3200,8720,92914,11128,92914,1567,42
3200,8720,92915,11128,92915,1567,42
3200,8720,92916,11128,92916,1567,42
3200,8720,92917,11128,92917,1567,42
3200,8720,92918,11128,92918,1567,42
3200,8720,92919,11128,92919,1567,42
3200,8720,92920,11128,92920,1567,42
3200,8720,92921,11128,92921,1567,42
3200,8720,92922,11128,92922,1567,42
3200,8720,92923,11128,92923,1567,42
3200,8720,92924,11128,92924,1567,42
3200,8720,92925,11128,92925,1567,42
3200,8720,92926,11128,92926,1567,42
3200,8720,92927,11128,92927,1567,42
3200,8720,92928,11128,92928,1567,42
3200,8720,92929,11128,92929,1567,42
3200,8720,92930,11128,92930,1567,42
3200,8720,92931,11128,92931,1567,42
3200,8720,92932,11128,92932,1567,42
3200,8720,92933,11128,92933,1567,42
3200,8720,92934,11128,92934,1567,42
3200,8720,92935,11128,92935,1567,42
3200,8720,92936,11128,92936,1567,42
3200,8720,92937,11128,92937,1567,42
3200,8720,92938,11128,92938,1567,42
3200,8720,92939,11128,92939,1567,42
3200,8720,92940,11128,92940,1567,42
3200,8720,92941,11128,92941,1567,42
3200,8720,92942,11128,92942,1567,42
3200,8720,92943,11128,92943,1567,42
3200,8720,92944,11128,92944,1567,42
3200,8720,92945,11128,92945,1567,42
3200,8720,92946,11128,92946,1567,42
3200,8720,92947,11128,92947,1567,42
3200,8720,92948,11128,92948,1567,42
3200,8720,92949,11128,92949,1567,42
3200,8720,92950,11128,92950,1567,42
3200,8720,92951,11128,92951,1567,42
3200,8720,92952,11128,92952,1567,42
3200,8720,92953,11128,92953,1567,42
3200,8720,92954,11128,92954,1567,42
3200,8720,92955,11128,92955,1567,42
3200,8720,92956,11128,92956,1567,42
3200,8720,92957,11128,92957,1567,42
3200,8720,92958,11128,92958,1567,42
3200,8720,92959,11128,92959,1567,42
3200,8720,92960,11128,92960,1567,42
3200,8720,92961,11128,92961,1567,42
3200,8720,92962,11128,92962,1567,42
3200,8720,92963,11128,92963,1567,42
3200,8720,92964,11128,92964,1567,42
3200,8720,92965,11128,92965,1567,42
3200,8720,92966,11128,92966,1567,42
3200,8720,92967,11128,92967,1567,42
3200,8720,92968,11128,92968,1567,42
3200,8720,92969,11128,92969,1567,42
3200,8720,92970,11128,92970,1567,42
3200,8720,92971,11128,92971,1567,42
3200,8720,92972,11128,92972,1567,42
3200,8720,92973,11128,92973,1567,42
3200,8720,92974,11128,92974,1567,42
3200,8720,92975,11128,92975,1567,42
3200,8720,92976,11128,92976,1567,42
3200,8720,92977,11128,92977,1567,42
3200,8720,92978,11128,92978,1567,42
3200,8720,92979,11128,92979,1567,42
3200,8720,92980,11128,92980,1567,42
3200,8720,92981,11128,92981,1567,42
3200,8720,92982,11128,92982,1567,42
3200,8720,92983,11128,92983,1567,42
3200,8720,92984,11128,92984,1567,42
3200,8720,92985,11128,92985,1567,42
3200,8720,92986,11128,92986,1567,42
3200,8720,92987,11128,92987,1567,42
3200,8720,92988,11128,92988,1567,42
3200,8720,92989,11128,92989,1567,42
3200,8720,92990,11128,92990,1567,42
3200,8720,92991,11128,92991,1567,42
3200,8720,92992,11128,92992,1567,42
3200,8720,92993,11128,92993,1567,42
3200,8720,92994,11128,92994,1567,42
3200,8720,92995,11128,92995,1567,42
3200,8720,92996,11128,92996,1567,42
3200,8720,92997,11128,92997,1567,42
3200,8720,92998,11128,92998,1567,42
3200,8720,92999,11128,92999,1567,42
3200,8720,93000,11128,93000,1567,42
3200,8720,93001,11128,93001,1567,42
3200,8720,93002,11128,93002,1567,42
3200,8720,93003,11128,93003,1567,42
3200,8720,93004,11128,93004,1567,42
3200,8720,93005,11128,93005,1567,42
3200,8720,93006,11128,93006,1567,42
3200,8720,93007,11128,93007,1567,42
3200,8720,93008,11128,93008,1567,42
3200,8720,93009,11128,93009,1567,42
3200,8720,93010,11128,93010,1567,42
3200,8720,93011,11128,93011,1567,42
3200,8720,93012,11128,93012,1567,42
3200,8720,93013,11128,93013,1567,42
3200,8720,93014,11128,93014,1567,42
3200,8720,93015,11128,93015,1567,42
3200,8720,93016,11128,93016,1567,42
3200,8720,93017,11128,93017,1567,42
3200,8720,93018,11128,93018,1567,42
3200,8720,93019,11128,93019,1567,42
3200,8720,93020,11128,93020,1567,42
3200,8720,93021,11128,93021,1567,42
3200,8720,93022,11128,93022,1567,42
3200,8720,93023,11128,93023,1567,42
3200,8720,93024,11128,93024,1567,42
3200,8720,93025,11128,93025,1567,42
3200,8720,93026,11128,93026,1567,42
3200,8720,93027,11128,93027,1567,42
3200,8720,93028,11128,93028,1567,42
3200,8720,93029,11128,93029,1567,42
3200,8720,93030,11128,93030,1567,42
3200,8720,93031,11128,93031,1567,42
3200,8720,93032,11128,93032,1567,42
3200,8720,93033,11128,93033,1567,42
3200,8720,93034,11128,93034,1567,42
3200,8720,93035,11128,93035,1567,42
3200,8720,93036,11128,93036,1567,42
3200,8720,93037,11128,93037,1567,42
3200,8720,93038,11128,93038,1567,42
3200,8720,93039,11128,93039,1567,42
3200,8720,93040,11128,93040,1567,42
3200,8720,93041,11128,93041,1567,42
3200,8720,93042,11128,93042,1567,42
3200,8720,93043,11128,93043,1567,42
3200,8720,93044,11128,93044,1567,42
3200,8720,93045,11128,93045,1567,42
3200,8720,93046,11128,93046,1567,42
3200,8720,93047,11128,93047,1567,42
3200,8720,93048,11128,93048,1567,42
3200,8720,93049,11128,93049,1567,42
3200,8720,93050,11128,93050,1567,42
3200,8720,93051,11128,93051,1567,42
3200,8720,93052,11128,93052,1567,42
3200,8720,93053,11128,93053,1567,42
3200,8720,93054,11128,93054,1567,42
3200,8720,93055,11128,93055,1567,42
3200,8720,93056,11128,93056,1567,42
3200,8720,93057,11128,93057,1567,42
3200,8720,93058,11128,93058,1567,42
3200,8720,93059,11128,93059,1567,42
3200,8720,93060,11128,93060,1567,42
3200,8720,93061,11128,93061,1567,42
3200,8720,93062,11128,93062,1567,42
3200,8720,93063,11128,93063,1567,42
3200,8720,93064,11128,93064,1567,42
3200,8720,93065,11128,93065,1567,42
3200,8720,93066,11128,93066,1567,42
3200,8720,93067,11128,93067,1567,42
3200,8720,93068,11128,93068,1567,42
3200,8720,93069,11128,93069,1567,42
3200,8720,93070,11128,93070,1567,42
3200,8720,93071,11128,93071,1567,42
3200,8720,93072,11128,93072,1567,42
3200,8720,93073,11128,93073,1567,42
3200,8720,93074,11128,93074,1567,42
3200,8720,93075,11128,93075,1567,42
3200,8720,93076,11128,93076,1567,42
3200,8720,93077,11128,93077,1567,42
3200,8720,93078,11128,93078,1567,42
3200,8720,93079,11128,93079,1567,42
3200,8720,93080,11128,93080,1567,42
3200,8720,93081,11128,93081,1567,42
3200,8720,93082,11128,93082,1567,42
3200,8720,93083,11128,93083,1567,42
3200,8720,93084,11128,93084,1567,42
3200,8720,93085,11128,93085,1567,42
3200,8720,93086,11128,93086,1567,42
3200,8720,93087,11128,93087,1567,42
3200,8720,93088,11128,93088,1567,42
3200,8720,93089,11128,93089,1567,42
3200,8720,93090,11128,93090,1567,42
3200,8720,93091,11128,93091,1567,42
3200,8720,93092,11128,93092,1567,42
3200,8720,93093,11128,93093,1567,42
3200,8720,93094,11128,93094,1567,42
3200,8720,93095,11128,93095,1567,42
3200,8720,93096,11128,93096,1567,42
3200,8720,93097,11128,93097,1567,42
3200,8720,93098,11128,93098,1567,42
3200,8720,93099,11128,93099,1567,42
3200,8720,93100,11128,93100,1567,42
3200,8720,93101,11128,93101,1567,42
3200,8720,93102,11128,93102,1567,42
3200,8720,93103,11128,93103,1567,42
3200,8720,93104,11128,93104,1567,42
3200,8720,93105,11128,93105,1567,42
3200,8720,93106,11128,93106,1567,42
3200,8720,93107,11128,93107,1567,42
3200,8720,93108,11128,93108,1567,42
3200,8720,93109,11128,93109,1567,42
3200,8720,93110,11128,93110,1567,42
3200,8720,93111,11128,93111,1567,42
3200,8720,93112,11128,93112,1567,42
3200,8720,93113,11128,93113,1567,42
3200,8720,93114,11128,93114,1567,42
3200,8720,93115,11128,93115,1567,42
3200,8720,93116,11128,93116,1567,42
3200,8720,93117,11128,93117,1567,42
3200,8720,93118,11128,93118,1567,42
3200,8720,93119,11128,93119,1567,42
3200,8720,93120,11128,93120,1567,42
3200,8720,93121,11128,93121,1567,42
3200,8720,93122,11128,93122,1567,42
3200,8720,93123,11128,93123,1567,42
3200,8720,93124,11128,93124,1567,42
3200,8720,93125,11128,93125,1567,42
3200,8720,93126,11128,93126,1567,42
3200,8720,93127,11128,93127,1567,42
3200,8720,93128,11128,93128,1567,42
3200,8720,93129,11128,93129,1567,42
3200,8720,93130,11128,93130,1567,42
3200,8720,93131,11128,93131,1567,42
3200,8720,93132,11128,93132,1567,42
3200,8720,93133,11128,93133,1567,42
3200,8720,93134,11128,93134,1567,42
3200,8720,93135,11128,93135,1567,42
3200,8720,93136,11128,93136,1567,42
3200,8720,93137,11128,93137,1567,42
3200,8720,93138,11128,93138,1567,42
3200,8720,93139,11128,93139,1567,42
3200,8720,93140,11128,93140,1567,42
3200,8720,93141,11128,93141,1567,42
3200,8720,93142,11128,93142,1567,42
3200,8720,93143,11128,93143,1567,42
3200,8720,93144,11128,93144,1567,42
3200,8720,93145,11128,93145,1567,42
3200,8720,93146,11128,93146,1567,42
3200,8720,93147,11128,93147,1567,42
3200,8720,93148,11128,93148,1567,42
3200,8720,93149,11128,93149,1567,42
3200,8720,93150,11128,93150,1567,42
3200,8720,93151,11128,93151,1567,42
3200,8720,93152,11128,93152,1567,42
3200,8720,93153,11128,93153,1567,42
3200,8720,93154,11128,93154,1567,42
3200,8720,93155,11128,93155,1567,42
3200,8720,93156,11128,93156,1567,42
3200,8720,93157,11128,93157,1567,42
3200,8720,93158,11128,93158,1567,42
3200,8720,93159,11128,93159,1567,42
3200,8720,93160,11128,93160,1567,42
3200,8720,93161,11128,93161,1567,42
3200,8720,93162,11128,93162,1567,42
3200,8720,93163,11128,93163,1567,42
3200,8720,93164,11128,93164,1567,42
3200,8720,93165,11128,93165,1567,42
3200,8720,93166,11128,93166,1567,42
3200,8720,93167,11128,93167,1567,42
3200,8720,93168,11128,93168,1567,42
3200,8720,93169,11128,93169,1567,42
3200,8720,93170,11128,93170,1567,42
3200,8720,93171,11128,93171,1567,42
3200,8720,93172,11128,93172,1567,42
3200,8720,93173,11128,93173,1567,42
3200,8720,93174,11128,93174,1567,42
3200,8720,93175,11128,93175,1567,42
3200,8720,93176,11128,93176,1567,42
3200,8720,93177,11128,93177,1567,42
3200,8720,93178,11128,93178,1567,42
3200,8720,93179,11128,93179,1567,42
3200,8720,93180,11128,93180,1567,42
3200,8720,93181,11128,93181,1567,42
3200,8720,93182,11128,93182,1567,42
3200,8720,93183,11128,93183,1567,42
3200,8720,93184,11128,93184,1567,42
3200,8720,93185,11128,93185,1567,42
3200,8720,93186,11128,93186,1567,42
3200,8720,93187,11128,93187,1567,42
3200,8720,93188,11128,93188,1567,42
3200,8720,93189,11128,93189,1567,42
3200,8720,93190,11128,93190,1567,42
3200,8720,93191,11128,93191,1567,42
3200,8720,93192,11128,93192,1567,42
3200,8720,93193,11128,93193,1567,42
3200,8720,93194,11128,93194,1567,42
3200,8720,93195,11128,93195,1567,42
3200,8720,93196,11128,93196,1567,42
3200,8720,93197,11128,93197,1567,42
3200,8720,93198,11128,93198,1567,42
3200,8720,93199,11128,93199,1567,42
3200,8720,93200,11128,93200,1567,42
3200,8720,93201,11128,93201,1567,42
3200,8720,93202,11128,93202,1567,42
3200,8720,93203,11128,93203,1567,42
3200,8720,93204,11128,93204,1567,42
3200,8720,93205,11128,93205,1567,42
3200,8720,93206,11128,93206,1567,42
3200,8720,93207,11128,93207,1567,42
3200,8720,93208,11128,93208,1567,42
3200,8720,93209,11128,93209,1567,42
3200,8720,93210,11128,93210,1567,42
3200,8720,93211,11128,93211,1567,42
3200,8720,93212,11128,93212,1567,42
3200,8720,93213,11128,93213,1567,42
3200,8720,93214,11128,93214,1567,42
3200,8720,93215,11128,93215,1567,42
3200,8720,93216,11128,93216,1567,42
3200,8720,93217,11128,93217,1567,42
3200,8720,93218,11128,93218,1567,42
3200,8720,93219,11128,93219,1567,42
3200,8720,93220,11128,93220,1567,42
3200,8720,93221,11128,93221,1567,42
3200,8720,93222,11128,93222,1567,42
3200,8720,93223,11128,93223,1567,42
3200,8720,93224,11128,93224,1567,42
3200,8720,93225,11128,93225,1567,42
3200,8720,93226,11128,93226,1567,42
3200,8720,93227,11128,93227,1567,42
3200,8720,93228,11128,93228,1567,42
3200,8720,93229,11128,93229,1567,42
3200,8720,93230,11128,93230,1567,42
3200,8720,93231,11128,93231,1567,42
3200,8720,93232,11128,93232,1567,42
3200,8720,93233,11128,93233,1567,42
3200,8720,93234,11128,93234,1567,42
3200,8720,93235,11128,93235,1567,42
3200,8720,93236,11128,93236,1567,42
3200,8720,93237,11128,93237,1567,42
3200,8720,93238,11128,93238,1567,42
3200,8720,93239,11128,93239,1567,42
3200,8720,93240,11128,93240,1567,42
3200,8720,93241,11128,93241,1567,42
3200,8720,93242,11128,93242,1567,42
3200,8720,93243,11128,93243,1567,42
3200,8720,93244,11128,93244,1567,42
3200,8720,93245,11128,93245,1567,42
3200,8720,93246,11128,93246,1567,42
3200,8720,93247,11128,93247,1567,42
3200,8720,93248,11128,93248,1567,42
3200,8720,93249,11128,93249,1567,42
3200,8720,93250,11128,93250,1567,42
3200,8720,93251,11128,93251,1567,42
3200,8720,93252,11128,93252,1567,42
3200,8720,93253,11128,93253,1567,42
3200,8720,93254,11128,93254,1567,42
3200,8720,93255,11128,93255,1567,42
3200,8720,93256,11128,93256,1567,42
3200,8720,93257,11128,93257,1567,42
3200,8720,93258,11128,93258,1567,42
3200,8720,93259,11128,93259,1567,42
3200,8720,93260,11128,93260,1567,42
3200,8720,93261,11128,93261,1567,42
3200,8720,93262,11128,93262,1567,42
3200,8720,93263,11128,93263,1567,42
3200,8720,93264,11128,93264,1567,42
3200,8720,93265,11128,93265,1567,42
3200,8720,93266,11128,93266,1567,42
3200,8720,93267,11128,93267,1567,42
3200,8720,93268,11128,93268,1567,42
3200,8720,93269,11128,93269,1567,42
3200,8720,93270,11128,93270,1567,42
3200,8720,93271,11128,93271,1567,42
3200,8720,93272,11128,93272,1567,42
3200,8720,93273,11128,93273,1567,42
3200,8720,93274,11128,93274,1567,42
3200,8720,93275,11128,93275,1567,42
3200,8720,93276,11128,93276,1567,42
3200,8720,93277,11128,93277,1567,42
3200,8720,93278,11128,93278,1567,42
3200,8720,93279,11128,93279,1567,42
3200,8720,93280,11128,93280,1567,42
3200,8720,93281,11128,93281,1567,42
3200,8720,93282,11128,93282,1567,42
3200,8720,93283,11128,93283,1567,42
3200,8720,93284,11128,93284,1567,42
3200,8720,93285,11128,93285,1567,42
3200,8720,93286,11128,93286,1567,42
3200,8720,93287,11128,93287,1567,42
3200,8720,93288,11128,93288,1567,42
3200,8720,93289,11128,93289,1567,42
3200,8720,93290,11128,93290,1567,42
3200,8720,93291,11128,93291,1567,42
3200,8720,93292,11128,93292,1567,42
3200,8720,93293,11128,93293,1567,42
3200,8720,93294,11128,93294,1567,42
3200,8720,93295,11128,93295,1567,42
3200,8720,93296,11128,93296,1567,42
3200,8720,93297,11128,93297,1567,42
3200,8720,93298,11128,93298,1567,42
3200,8720,93299,11128,93299,1567,42
3200,8720,93300,11128,93300,1567,42
3200,8720,93301,11128,93301,1567,42
3200,8720,93302,11128,93302,1567,42
3200,8720,93303,11128,93303,1567,42
3200,8720,93304,11128,93304,1567,42
3200,8720,93305,11128,93305,1567,42
3200,8720,93306,11128,93306,1567,42
3200,8720,93307,11128,93307,1567,42
3200,8720,93308,11128,93308,1567,42
3200,8720,93309,11128,93309,1567,42
3200,8720,93310,11128,93310,1567,42
3200,8720,93311,11128,93311,1567,42
3200,8720,93312,11128,93312,1567,42
3200,8720,93313,11128,93313,1567,42
3200,8720,93314,11128,93314,1567,42
3200,8720,93315,11128,93315,1567,42
3200,8720,93316,11128,93316,1567,42
3200,8720,93317,11128,93317,1567,42
3200,8720,93318,11128,93318,1567,42
3200,8720,93319,11128,93319,1567,42
3200,8720,93320,11128,93320,1567,42
3200,8720,93321,11128,93321,1567,42
3200,8720,93322,11128,93322,1567,42
3200,8720,93323,11128,93323,1567,42
3200,8720,93324,11128,93324,1567,42
3200,8720,93325,11128,93325,1567,42
3200,8720,93326,11128,93326,1567,42
3200,8720,93327,11128,93327,1567,42
3200,8720,93328,11128,93328,1567,42
3200,8720,93329,11128,93329,1567,42
3200,8720,93330,11128,93330,1567,42
3200,8720,93331,11128,93331,1567,42
3200,8720,93332,11128,93332,1567,42
3200,8720,93333,11128,93333,1567,42
3200,8720,93334,11128,93334,1567,42
3200,8720,93335,11128,93335,1567,42
3200,8720,93336,11128,93336,1567,42
3200,8720,93337,11128,93337,1567,42
3200,8720,93338,11128,93338,1567,42
3200,8720,93339,11128,93339,1567,42
3200,8720,93340,11128,93340,1567,42
3200,8720,93341,11128,93341,1567,42
3200,8720,93342,11128,93342,1567,42
3200,8720,93343,11128,93343,1567,42
3200,8720,93344,11128,93344,1567,42
3200,8720,93345,11128,93345,1567,42
3200,8720,93346,11128,93346,1567,42
3200,8720,93347,11128,93347,1567,42
3200,8720,93348,11128,93348,1567,42
3200,8720,93349,11128,93349,1567,42
3200,8720,93350,11128,93350,1567,42
3200,8720,93351,11128,93351,1567,42
3200,8720,93352,11128,93352,1567,42
3200,8720,93353,11128,93353,1567,42
3200,8720,93354,11128,93354,1567,42
3200,8720,93355,11128,93355,1567,42
3200,8720,93356,11128,93356,1567,42
3200,8720,93357,11128,93357,1567,42
3200,8720,93358,11128,93358,1567,42
3200,8720,93359,11128,93359,1567,42
3200,8720,93360,11128,93360,1567,42
3200,8720,93361,11128,93361,1567,42
3200,8720,93362,11128,93362,1567,42
3200,8720,93363,11128,93363,1567,42
3200,8720,93364,11128,93364,1567,42
3200,8720,93365,11128,93365,1567,42
3200,8720,93366,11128,93366,1567,42
3200,8720,93367,11128,93367,1567,42
3200,8720,93368,11128,93368,1567,42
3200,8720,93369,11128,93369,1567,42
3200,8720,93370,11128,93370,1567,42
3200,8720,93371,11128,93371,1567,42
3200,8720,93372,11128,93372,1567,42
3200,8720,93373,11128,93373,1567,42
3200,8720,93374,11128,93374,1567,42
3200,8720,93375,11128,93375,1567,42
3200,8720,93376,11128,93376,1567,42
3200,8720,93377,11128,93377,1567,42
3200,8720,93378,11128,93378,1567,41
3200,8720,93379,11128,93379,1567,40
3200,8720,93380,11128,93380,1567,39
3200,8720,93381,11128,93381,1567,38
3200,8720,93382,11128,93382,1567,37
3200,8720,93383,11128,93383,1567,36
3200,8720,93384,11128,93384,1567,35
3200,8720,93385,11128,93385,1567,34
3200,8720,93386,11128,93386,1567,33
3200,8720,93387,11128,93387,1567,32
3200,8720,93388,11128,93388,1567,32
3200,8720,93389,11128,93389,1567,31
3200,8720,93390,11128,93390,1567,30
3200,8720,93391,11128,93391,1567,29
3200,8720,93392,11128,93392,1567,28
3200,8720,93393,11128,93393,1567,27
3200,8720,93394,11128,93394,1567,27
3201,8720,93395,11128,93395,1567,27
3201,8720,93396,11128,93396,1567,27
3202,8720,93397,11128,93397,1567,27
3202,8720,93398,11128,93398,1567,27
3203,8720,93399,11128,93399,1567,27
3203,8720,93400,11128,93400,1567,27
3203,8720,93401,11128,93401,1567,27
3204,8720,93402,11128,93402,1567,27
3205,8720,93403,11128,93403,1567,27
3206,8720,93404,11128,93404,1567,27
3206,8720,93405,11128,93405,1567,27
3207,8720,93406,11128,93406,1567,27
3208,8720,93407,11128,93407,1567,27
3208,8720,93408,11128,93408,1567,27
3208,8720,93409,11128,93409,1567,27
3208,8720,93410,11128,93410,1567,27
3208,8720,93411,11128,93411,1567,27
3208,8720,93412,11128,93412,1567,27
3208,8720,93413,11128,93413,1567,27
3208,8720,93414,11128,93414,1567,27
3208,8720,93415,11128,93415,1567,27
3208,8720,93416,11128,93416,1567,27
3208,8720,93417,11128,93417,1567,27
3208,8720,93418,11128,93418,1567,27
3208,8720,93419,11128,93419,1567,27
3208,8720,93420,11128,93420,1567,27
3208,8720,93421,11128,93421,1567,27
3208,8720,93422,11128,93422,1567,27
3208,8720,93423,11128,93423,1567,27
3208,8720,93424,11128,93424,1567,27
3208,8720,93425,11128,93425,1567,27
3208,8720,93426,11128,93426,1567,27
3208,8720,93427,11128,93427,1567,27
3208,8720,93428,11128,93428,1567,27
3208,8720,93429,11128,93429,1567,27
3208,8720,93430,11128,93430,1567,27
3208,8720,93431,11128,93431,1567,27
3208,8720,93432,11128,93432,1567,27
3208,8720,93433,11128,93433,1567,27
3208,8720,93434,11128,93434,1567,27
3208,8720,93435,11128,93435,1567,27
3208,8720,93436,11128,93436,1567,27
3208,8720,93437,11128,93437,1567,27
3208,8720,93438,11128,93438,1567,27
3208,8720,93439,11128,93439,1567,27
3208,8720,93440,11128,93440,1567,27
3208,8720,93441,11128,93441,1567,27
3208,8720,93442,11128,93442,1567,27
3207,8720,93443,11128,93443,1567,27
3207,8720,93444,11128,93444,1567,27
3206,8720,93445,11128,93445,1567,27
3206,8720,93446,11128,93446,1567,27
3205,8720,93447,11128,93447,1567,27
3205,8720,93448,11128,93448,1567,27
3205,8720,93449,11128,93449,1567,27
3204,8720,93450,11128,93450,1567,27
3203,8720,93451,11128,93451,1567,27
3202,8720,93452,11128,93452,1567,27
3202,8720,93453,11128,93453,1567,27
3201,8720,93454,11128,93454,1567,27
3200,8720,93455,11128,93455,1567,27
3200,8720,93456,11128,93456,1567,27
3200,8720,93457,11128,93457,1567,27
3200,8720,93458,11128,93458,1567,27
3200,8720,93459,11128,93459,1567,27
3200,8720,93460,11128,93460,1567,27
3200,8720,93461,11128,93461,1567,27
3200,8720,93462,11128,93462,1567,27
3200,8720,93463,11128,93463,1567,27
3200,8720,93464,11128,93464,1567,27
3200,8720,93465,11128,93465,1567,27
3200,8720,93466,11128,93466,1567,27
3200,8720,93467,11128,93467,1567,27
3200,8720,93468,11128,93468,1567,27
3200,8720,93469,11128,93469,1567,27
3200,8720,93470,11128,93470,1567,27
3200,8720,93471,11128,93471,1567,27
3200,8720,93472,11128,93472,1567,27
3200,8720,93473,11128,93473,1567,27
3200,8720,93474,11128,93474,1567,27
3200,8720,93475,11128,93475,1567,27
3200,8720,93476,11128,93476,1567,27
3200,8720,93477,11128,93477,1567,27
3200,8720,93478,11128,93478,1567,27
3200,8720,93479,11128,93479,1567,27
3200,8720,93480,11128,93480,1567,27
3200,8720,93481,11128,93481,1567,27
3200,8720,93482,11128,93482,1567,27
3200,8720,93483,11128,93483,1567,27
3200,8720,93484,11128,93484,1567,27
3200,8720,93485,11128,93485,1567,27
3200,8720,93486,11128,93486,1567,27
3200,8720,93487,11128,93487,1567,27
3200,8720,93488,11128,93488,1567,27
3200,8720,93489,11128,93489,1567,27
3200,8720,93490,11128,93490,1567,27
3200,8720,93491,11128,93491,1567,27
3200,8720,93492,11128,93492,1567,27
3200,8720,93493,11128,93493,1567,27
3200,8720,93494,11128,93494,1567,27
3200,8720,93495,11128,93495,1567,27
3200,8720,93496,11128,93496,1567,27
3200,8720,93497,11128,93497,1567,27
3200,8720,93498,11128,93498,1567,27
3200,8720,93499,11128,93499,1567,27
3200,8720,93500,11128,93500,1567,27
3200,8720,93501,11128,93501,1567,27
3200,8720,93502,11128,93502,1567,27
3200,8720,93503,11128,93503,1567,27
3200,8720,93504,11128,93504,1567,27
3200,8720,93505,11128,93505,1567,27
3200,8720,93506,11128,93506,1567,27
3200,8720,93507,11128,93507,1567,27
3200,8720,93508,11128,93508,1567,27
3200,8720,93509,11128,93509,1567,27
3200,8720,93510,11128,93510,1567,27
3200,8720,93511,11128,93511,1567,27
3200,8720,93512,11128,93512,1567,27
3200,8720,93513,11128,93513,1567,27
3200,8720,93514,11128,93514,1567,27
3200,8720,93515,11128,93515,1567,27
3200,8720,93516,11128,93516,1567,27
3200,8720,93517,11128,93517,1567,27
3200,8720,93518,11128,93518,1567,27
3200,8720,93519,11128,93519,1567,27
3200,8720,93520,11128,93520,1567,27
3200,8720,93521,11128,93521,1567,27
3200,8720,93522,11128,93522,1567,27
3200,8720,93523,11128,93523,1567,27
3200,8720,93524,11128,93524,1567,27
3200,8720,93525,11128,93525,1567,27
3200,8720,93526,11128,93526,1567,27
3200,8720,93527,11128,93527,1567,27
3200,8720,93528,11128,93528,1567,27
3200,8720,93529,11128,93529,1567,27
3200,8720,93530,11128,93530,1567,27
3200,8720,93531,11128,93531,1567,27
3200,8720,93532,11128,93532,1567,27
3200,8720,93533,11128,93533,1567,27
3200,8720,93534,11128,93534,1567,27
3200,8720,93535,11128,93535,1567,27
3200,8720,93536,11128,93536,1567,27
3200,8720,93537,11128,93537,1567,27
3200,8720,93538,11128,93538,1567,27
3200,8720,93539,11128,93539,1567,27
3200,8720,93540,11128,93540,1567,27
3200,8720,93541,11128,93541,1567,27
3200,8720,93542,11128,93542,1567,27
3200,8720,93543,11128,93543,1567,27
3200,8720,93544,11128,93544,1567,27
3200,8720,93545,11128,93545,1567,27
3200,8720,93546,11128,93546,1567,27
3200,8720,93547,11128,93547,1567,27
3200,8720,93548,11128,93548,1567,27
3200,8720,93549,11128,93549,1567,27
3200,8720,93550,11128,93550,1567,27
3200,8720,93551,11128,93551,1567,27
3200,8720,93552,11128,93552,1567,27
3200,8720,93553,11128,93553,1567,27
3200,8720,93554,11128,93554,1567,27
3200,8720,93555,11128,93555,1567,27
3200,8720,93556,11128,93556,1567,27
3200,8720,93557,11128,93557,1567,27
3200,8720,93558,11128,93558,1567,27
3200,8720,93559,11128,93559,1567,27
3200,8720,93560,11128,93560,1567,27
3200,8720,93561,11128,93561,1567,27
3200,8720,93562,11128,93562,1567,27
3200,8720,93563,11128,93563,1567,27
3200,8720,93564,11128,93564,1567,27
3200,8720,93565,11128,93565,1567,27
3200,8720,93566,11128,93566,1567,27
3200,8720,93567,11128,93567,1567,27
3200,8720,93568,11128,93568,1567,27
3200,8720,93569,11128,93569,1567,27
3200,8720,93570,11128,93570,1567,27
3200,8720,93571,11128,93571,1567,27
3200,8720,93572,11128,93572,1567,27
3200,8720,93573,11128,93573,1567,27
3200,8720,93574,11128,93574,1567,27
3200,8720,93575,11128,93575,1567,27
3200,8720,93576,11128,93576,1567,27
3200,8720,93577,11128,93577,1567,27
3200,8720,93578,11128,93578,1567,27
3200,8720,93579,11128,93579,1567,27
3200,8720,93580,11128,93580,1567,27
3200,8720,93581,11128,93581,1567,27
3200,8720,93582,11128,93582,1567,27
3200,8720,93583,11128,93583,1567,27
3200,8720,93584,11128,93584,1567,27
3200,8720,93585,11128,93585,1567,27
3200,8720,93586,11128,93586,1567,27
3200,8720,93587,11128,93587,1567,27
3200,8720,93588,11128,93588,1567,27
3200,8720,93589,11128,93589,1567,27
3200,8720,93590,11128,93590,1567,27
3200,8720,93591,11128,93591,1567,27
3200,8720,93592,11128,93592,1567,27
3200,8720,93593,11128,93593,1567,27
3200,8720,93594,11128,93594,1567,27
3200,8720,93595,11128,93595,1567,27
3200,8720,93596,11128,93596,1567,27
3200,8720,93597,11128,93597,1567,27
3200,8720,93598,11128,93598,1567,27
3200,8720,93599,11128,93599,1567,27
3200,8720,93600,11128,93600,1567,27
3200,8720,93601,11128,93601,1567,27
3200,8720,93602,11128,93602,1567,27
3200,8720,93603,11128,93603,1567,27
3200,8720,93604,11128,93604,1567,27
3200,8720,93605,11128,93605,1567,27
3200,8720,93606,11128,93606,1567,27
3200,8720,93607,11128,93607,1567,27
3200,8720,93608,11128,93608,1567,27
3200,8720,93609,11128,93609,1567,27
3200,8720,93610,11128,93610,1567,27
3200,8720,93611,11128,93611,1567,27
3200,8720,93612,11128,93612,1567,27
3200,8720,93613,11128,93613,1567,27
3200,8720,93614,11128,93614,1567,27
3200,8720,93615,11128,93615,1567,27
3200,8720,93616,11128,93616,1567,27
3200,8720,93617,11128,93617,1567,27
3200,8720,93618,11128,93618,1567,27
3200,8720,93619,11128,93619,1567,27
3200,8720,93620,11128,93620,1567,27
3200,8720,93621,11128,93621,1567,27
3200,8720,93622,11128,93622,1567,27
3200,8720,93623,11128,93623,1567,27
3200,8720,93624,11128,93624,1567,27
3200,8720,93625,11128,93625,1567,27
3200,8720,93626,11128,93626,1567,27
3200,8720,93627,11128,93627,1567,27
3200,8720,93628,11128,93628,1567,27
3200,8720,93629,11128,93629,1567,27
3200,8720,93630,11128,93630,1567,27
3200,8720,93631,11128,93631,1567,27
3200,8720,93632,11128,93632,1567,27
3200,8720,93633,11128,93633,1567,27
3200,8720,93634,11128,93634,1567,27
3200,8720,93635,11128,93635,1567,27
3200,8720,93636,11128,93636,1567,27
3200,8720,93637,11128,93637,1567,27
3200,8720,93638,11128,93638,1567,27
3200,8720,93639,11128,93639,1567,27
3200,8720,93640,11128,93640,1567,27
3200,8720,93641,11128,93641,1567,27
3200,8720,93642,11128,93642,1567,27
3200,8720,93643,11128,93643,1567,27
3200,8720,93644,11128,93644,1567,27
3200,8720,93645,11128,93645,1567,27
3200,8720,93646,11128,93646,1567,27
3200,8720,93647,11128,93647,1567,27
3200,8720,93648,11128,93648,1567,27
3200,8720,93649,11128,93649,1567,27
3200,8720,93650,11128,93650,1567,27
3200,8720,93651,11128,93651,1567,27
3200,8720,93652,11128,93652,1567,27
3200,8720,93653,11128,93653,1567,27
3200,8720,93654,11128,93654,1567,27
3200,8720,93655,11128,93655,1567,27
3200,8720,93656,11128,93656,1567,27
3200,8720,93657,11128,93657,1567,27
3200,8720,93658,11128,93658,1567,27
3200,8720,93659,11128,93659,1567,27
3200,8720,93660,11128,93660,1567,27
3200,8720,93661,11128,93661,1567,27
3200,8720,93662,11128,93662,1567,27
3200,8720,93663,11128,93663,1567,27
3200,8720,93664,11128,93664,1567,27
3200,8720,93665,11128,93665,1567,27
3200,8720,93666,11128,93666,1567,27
3200,8720,93667,11128,93667,1567,27
3200,8720,93668,11128,93668,1567,27
3200,8720,93669,11128,93669,1567,27
3200,8720,93670,11128,93670,1567,27
3200,8720,93671,11128,93671,1567,27
3200,8720,93672,11128,93672,1567,27
3200,8720,93673,11128,93673,1567,27
3200,8720,93674,11128,93674,1567,27
3200,8720,93675,11128,93675,1567,27
3200,8720,93676,11128,93676,1567,27
3200,8720,93677,11128,93677,1567,27
3200,8720,93678,11128,93678,1567,27
3200,8720,93679,11128,93679,1567,27
3200,8720,93680,11128,93680,1567,27
3200,8720,93681,11128,93681,1567,27
3200,8720,93682,11128,93682,1567,27
3200,8720,93683,11128,93683,1567,27
3200,8720,93684,11128,93684,1567,27
3200,8720,93685,11128,93685,1567,27
3200,8720,93686,11128,93686,1567,27
3200,8720,93687,11128,93687,1567,27
3200,8720,93688,11128,93688,1567,27
3200,8720,93689,11128,93689,1567,27
3200,8720,93690,11128,93690,1567,27
3200,8720,93691,11128,93691,1567,27
3200,8720,93692,11128,93692,1567,27
3200,8720,93693,11128,93693,1567,27
3200,8720,93694,11128,93694,1567,27
3200,8720,93695,11128,93695,1567,27
3200,8720,93696,11128,93696,1567,27
3200,8720,93697,11128,93697,1567,27
3200,8720,93698,11128,93698,1567,27
3200,8720,93699,11128,93699,1567,27
3200,8720,93700,11128,93700,1567,27
3200,8720,93701,11128,93701,1567,27
3200,8720,93702,11128,93702,1567,27
3200,8720,93703,11128,93703,1567,27
3200,8720,93704,11128,93704,1567,27
3200,8720,93705,11128,93705,1567,27
3200,8720,93706,11128,93706,1567,27
3200,8720,93707,11128,93707,1567,27
3200,8720,93708,11128,93708,1567,27
3200,8720,93709,11128,93709,1567,27
3200,8720,93710,11128,93710,1567,27
3200,8720,93711,11128,93711,1567,27
3200,8720,93712,11128,93712,1567,27
3200,8720,93713,11128,93713,1567,27
3200,8720,93714,11128,93714,1567,27
3200,8720,93715,11128,93715,1567,27
3200,8720,93716,11128,93716,1567,27
3200,8720,93717,11128,93717,1567,27
3200,8720,93718,11128,93718,1567,27
3200,8720,93719,11128,93719,1567,27
3200,8720,93720,11128,93720,1567,27
3200,8720,93721,11128,93721,1567,27
3200,8720,93722,11128,93722,1567,27
3200,8720,93723,11128,93723,1567,27
3200,8720,93724,11128,93724,1567,27
3200,8720,93725,11128,93725,1567,27
3200,8720,93726,11128,93726,1567,27
3200,8720,93727,11128,93727,1567,27
3200,8720,93728,11128,93728,1567,27
3200,8720,93729,11128,93729,1567,27
3200,8720,93730,11128,93730,1567,27
3200,8720,93731,11128,93731,1567,27
3200,8720,93732,11128,93732,1567,27
3200,8720,93733,11128,93733,1567,27
3200,8720,93734,11128,93734,1567,27
3200,8720,93735,11128,93735,1567,27
3200,8720,93736,11128,93736,1567,27
3200,8720,93737,11128,93737,1567,27
3200,8720,93738,11128,93738,1567,27
3200,8720,93739,11128,93739,1567,27
3200,8720,93740,11128,93740,1567,27
3200,8720,93741,11128,93741,1567,27
3200,8720,93742,11128,93742,1567,27
3200,8720,93743,11128,93743,1567,27
3200,8720,93744,11128,93744,1567,27
3200,8720,93745,11128,93745,1567,27
3200,8720,93746,11128,93746,1567,27
3200,8720,93747,11128,93747,1567,27
3200,8720,93748,11128,93748,1567,27
3200,8720,93749,11128,93749,1567,27
3200,8720,93750,11128,93750,1567,27
3200,8720,93751,11128,93751,1567,27
3200,8720,93752,11128,93752,1567,27
3200,8720,93753,11128,93753,1567,27
3200,8720,93754,11128,93754,1567,27
3200,8720,93755,11128,93755,1567,27
3200,8720,93756,11128,93756,1567,27
3200,8720,93757,11128,93757,1567,27
3200,8720,93758,11128,93758,1567,27
3200,8720,93759,11128,93759,1567,27
3200,8720,93760,11128,93760,1567,27
3200,8720,93761,11128,93761,1567,27
3200,8720,93762,11128,93762,1567,27
3200,8720,93763,11128,93763,1567,27
3200,8720,93764,11128,93764,1567,27
3200,8720,93765,11128,93765,1567,27
3200,8720,93766,11128,93766,1567,27
3200,8720,93767,11128,93767,1567,27
3200,8720,93768,11128,93768,1567,27
3200,8720,93769,11128,93769,1567,27
3200,8720,93770,11128,93770,1567,27
3200,8720,93771,11128,93771,1567,27
3200,8720,93772,11128,93772,1567,27
3200,8720,93773,11128,93773,1567,27
3200,8720,93774,11128,93774,1567,27
3200,8720,93775,11128,93775,1567,27
3200,8720,93776,11128,93776,1567,27
3200,8720,93777,11128,93777,1567,27
3200,8720,93778,11128,93778,1567,27
3200,8720,93779,11128,93779,1567,27
3200,8720,93780,11128,93780,1567,27
3200,8720,93781,11128,93781,1567,27
3200,8720,93782,11128,93782,1567,27
3200,8720,93783,11128,93783,1567,27
3200,8720,93784,11128,93784,1567,27
3200,8720,93785,11128,93785,1567,27
3200,8720,93786,11128,93786,1567,27
3200,8720,93787,11128,93787,1567,27
3200,8720,93788,11128,93788,1567,27
3200,8720,93789,11128,93789,1567,27
3200,8720,93790,11128,93790,1567,27
3200,8720,93791,11128,93791,1567,27
3200,8720,93792,11128,93792,1567,27
3200,8720,93793,11128,93793,1567,27
3200,8720,93794,11128,93794,1567,27
3200,8720,93795,11128,93795,1567,27
3200,8720,93796,11128,93796,1567,27
3200,8720,93797,11128,93797,1567,27
3200,8720,93798,11128,93798,1567,27
3200,8720,93799,11128,93799,1567,27
3200,8720,93800,11128,93800,1567,27
3200,8720,93801,11128,93801,1567,27
3200,8720,93802,11128,93802,1567,27
3200,8720,93803,11128,93803,1567,27
3200,8720,93804,11128,93804,1567,27
3200,8720,93805,11128,93805,1567,27
3200,8720,93806,11128,93806,1567,27
3200,8720,93807,11128,93807,1567,27
3200,8720,93808,11128,93808,1567,27
3200,8720,93809,11128,93809,1567,27
3200,8720,93810,11128,93810,1567,27
3200,8720,93811,11128,93811,1567,27
3200,8720,93812,11128,93812,1567,27
3200,8720,93813,11128,93813,1567,27
3200,8720,93814,11128,93814,1567,27
3200,8720,93815,11128,93815,1567,27
3200,8720,93816,11128,93816,1567,27
3200,8720,93817,11128,93817,1567,27
3200,8720,93818,11128,93818,1567,27
3200,8720,93819,11128,93819,1567,27
3200,8720,93820,11128,93820,1567,27
3200,8720,93821,11128,93821,1567,27
3200,8720,93822,11128,93822,1567,27
3200,8720,93823,11128,93823,1567,27
3200,8720,93824,11128,93824,1567,27
3200,8720,93825,11128,93825,1567,27
3200,8720,93826,11128,93826,1567,27
3200,8720,93827,11128,93827,1567,27
3200,8720,93828,11128,93828,1567,27
3200,8720,93829,11128,93829,1567,27
3200,8720,93830,11128,93830,1567,27
3200,8720,93831,11128,93831,1567,27
3200,8720,93832,11128,93832,1567,27
3200,8720,93833,11128,93833,1567,27
3200,8720,93834,11128,93834,1567,27
3200,8720,93835,11128,93835,1567,27
3200,8720,93836,11128,93836,1567,27
3200,8720,93837,11128,93837,1567,27
3200,8720,93838,11128,93838,1567,27
3200,8720,93839,11128,93839,1567,27
3200,8720,93840,11128,93840,1567,27
3200,8720,93841,11128,93841,1567,27
3200,8720,93842,11128,93842,1567,27
3200,8720,93843,11128,93843,1567,27
3200,8720,93844,11128,93844,1567,27
3200,8720,93845,11128,93845,1567,27
3200,8720,93846,11128,93846,1567,27
3200,8720,93847,11128,93847,1567,27
3200,8720,93848,11128,93848,1567,27
3200,8720,93849,11128,93849,1567,27
3200,8720,93850,11128,93850,1567,27
3200,8720,93851,11128,93851,1567,27
3200,8720,93852,11128,93852,1567,27
3200,8720,93853,11128,93853,1567,27
3200,8720,93854,11128,93854,1567,27
3200,8720,93855,11128,93855,1567,27
3200,8720,93856,11128,93856,1567,27
3200,8720,93857,11128,93857,1567,27
3200,8720,93858,11128,93858,1567,27
3200,8720,93859,11128,93859,1567,27
3200,8720,93860,11128,93860,1567,27
3200,8720,93861,11128,93861,1567,27
3200,8720,93862,11128,93862,1567,27
3200,8720,93863,11128,93863,1567,27
3200,8720,93864,11128,93864,1567,27
3200,8720,93865,11128,93865,1567,27
3200,8720,93866,11128,93866,1567,27
3200,8720,93867,11128,93867,1567,27
3200,8720,93868,11128,93868,1567,27
3200,8720,93869,11128,93869,1567,27
3200,8720,93870,11128,93870,1567,27
3200,8720,93871,11128,93871,1567,27
3200,8720,93872,11128,93872,1567,27
3200,8720,93873,11128,93873,1567,27
3200,8720,93874,11128,93874,1567,27
3200,8720,93875,11128,93875,1567,27
3200,8720,93876,11128,93876,1567,27
3200,8720,93877,11128,93877,1567,27
3200,8720,93878,11128,93878,1567,27
3200,8720,93879,11128,93879,1567,27
3200,8720,93880,11128,93880,1567,27
3200,8720,93881,11128,93881,1567,27
3200,8720,93882,11128,93882,1567,27
3200,8720,93883,11128,93883,1567,27
3200,8720,93884,11128,93884,1567,27
3200,8720,93885,11128,93885,1567,27
3200,8720,93886,11128,93886,1567,27
3200,8720,93887,11128,93887,1567,27
3200,8720,93888,11128,93888,1567,27
3200,8720,93889,11128,93889,1567,27
3200,8720,93890,11128,93890,1567,27
3200,8720,93891,11128,93891,1567,27
3200,8720,93892,11128,93892,1567,27
3200,8720,93893,11128,93893,1567,27
3200,8720,93894,11128,93894,1567,27
3200,8720,93895,11128,93895,1567,27
3200,8720,93896,11128,93896,1567,27
3200,8720,93897,11128,93897,1567,27
3200,8720,93898,11128,93898,1567,27
3200,8720,93899,11128,93899,1567,27
3200,8720,93900,11128,93900,1567,27
3200,8720,93901,11128,93901,1567,27
3200,8720,93902,11128,93902,1567,27
3200,8720,93903,11128,93903,1567,27
3200,8720,93904,11128,93904,1567,27
3200,8720,93905,11128,93905,1567,27
3200,8720,93906,11128,93906,1567,27
3200,8720,93907,11128,93907,1567,27
3200,8720,93908,11128,93908,1567,27
3200,8720,93909,11128,93909,1567,27
3200,8720,93910,11128,93910,1567,27
3200,8720,93911,11128,93911,1567,27
3200,8720,93912,11128,93912,1567,27
3200,8720,93913,11128,93913,1567,27
3200,8720,93914,11128,93914,1567,27
3200,8720,93915,11128,93915,1567,27
3200,8720,93916,11128,93916,1567,27
3200,8720,93917,11128,93917,1567,27
3200,8720,93918,11128,93918,1567,27
3200,8720,93919,11128,93919,1567,27
3200,8720,93920,11128,93920,1567,27
3200,8720,93921,11128,93921,1567,27
3200,8720,93922,11128,93922,1567,27
3200,8720,93923,11128,93923,1567,27
3200,8720,93924,11128,93924,1567,27
3200,8720,93925,11128,93925,1567,27
3200,8720,93926,11128,93926,1567,27
3200,8720,93927,11128,93927,1567,27
3200,8720,93928,11128,93928,1567,27
3200,8720,93929,11128,93929,1567,27
3200,8720,93930,11128,93930,1567,27
3200,8720,93931,11128,93931,1567,27
3200,8720,93932,11128,93932,1567,27
3200,8720,93933,11128,93933,1567,27
3200,8720,93934,11128,93934,1567,27
3200,8720,93935,11128,93935,1567,27
3200,8720,93936,11128,93936,1567,27
3200,8720,93937,11128,93937,1567,27
3200,8720,93938,11128,93938,1567,27
3200,8720,93939,11128,93939,1567,27
3200,8720,93940,11128,93940,1567,27
3200,8720,93941,11128,93941,1567,27
3200,8720,93942,11128,93942,1567,27
3200,8720,93943,11128,93943,1567,27
3200,8720,93944,11128,93944,1567,27
3200,8720,93945,11128,93945,1567,27
3200,8720,93946,11128,93946,1567,27
3200,8720,93947,11128,93947,1567,27
3200,8720,93948,11128,93948,1567,27
3200,8720,93949,11128,93949,1567,27
3200,8720,93950,11128,93950,1567,27
3200,8720,93951,11128,93951,1567,27
3200,8720,93952,11128,93952,1567,27
3200,8720,93953,11128,93953,1567,27
3200,8720,93954,11128,93954,1567,27
3200,8720,93955,11128,93955,1567,27
3200,8720,93956,11128,93956,1567,27
3200,8720,93957,11128,93957,1567,27
3200,8720,93958,11128,93958,1567,27
3200,8720,93959,11128,93959,1567,27
3200,8720,93960,11128,93960,1567,27
3200,8720,93961,11128,93961,1567,27
3200,8720,93962,11128,93962,1567,27
3200,8720,93963,11128,93963,1567,27
3200,8720,93964,11128,93964,1567,27
3200,8720,93965,11128,93965,1567,27
3200,8720,93966,11128,93966,1567,27
3200,8720,93967,11128,93967,1567,27
3200,8720,93968,11128,93968,1567,27
3200,8720,93969,11128,93969,1567,27
3200,8720,93970,11128,93970,1567,27
3200,8720,93971,11128,93971,1567,27
3200,8720,93972,11128,93972,1567,27
3200,8720,93973,11128,93973,1567,27
3200,8720,93974,11128,93974,1567,27
3200,8720,93975,11128,93975,1567,27
3200,8720,93976,11128,93976,1567,27
3200,8720,93977,11128,93977,1567,27
3200,8720,93978,11128,93978,1567,27
3200,8720,93979,11128,93979,1567,27
3200,8720,93980,11128,93980,1567,27
3200,8720,93981,11128,93981,1567,27
3200,8720,93982,11128,93982,1567,27
3200,8720,93983,11128,93983,1567,27
3200,8720,93984,11128,93984,1567,27
3200,8720,93985,11128,93985,1567,27
3200,8720,93986,11128,93986,1567,27
3200,8720,93987,11128,93987,1567,27
3200,8720,93988,11128,93988,1567,27
3200,8720,93989,11128,93989,1567,27
3200,8720,93990,11128,93990,1567,27
3200,8720,93991,11128,93991,1567,27
3200,8720,93992,11128,93992,1567,27
3200,8720,93993,11128,93993,1567,27
3200,8720,93994,11128,93994,1567,27
3200,8720,93995,11128,93995,1567,27
3200,8720,93996,11128,93996,1567,27
3200,8720,93997,11128,93997,1567,27
3200,8720,93998,11128,93998,1567,27
3200,8720,93999,11128,93999,1567,27
3200,8720,94000,11128,94000,1567,27
3200,8720,94001,11128,94001,1567,27
3200,8720,94002,11128,94002,1567,27
3200,8720,94003,11128,94003,1567,27
3200,8720,94004,11128,94004,1567,27
3200,8720,94005,11128,94005,1567,27
3200,8720,94006,11128,94006,1567,27
3200,8720,94007,11128,94007,1567,27
3200,8720,94008,11128,94008,1567,27
3200,8720,94009,11128,94009,1567,27
3200,8720,94010,11128,94010,1567,27
3200,8720,94011,11128,94011,1567,27
3200,8720,94012,11128,94012,1567,27
3200,8720,94013,11128,94013,1567,27
3200,8720,94014,11128,94014,1567,27
3200,8720,94015,11128,94015,1567,27
3200,8720,94016,11128,94016,1567,27
3200,8720,94017,11128,94017,1567,27
3200,8720,94018,11128,94018,1567,27
3200,8720,94019,11128,94019,1567,27
3200,8720,94020,11128,94020,1567,27
3200,8720,94021,11128,94021,1567,27
3200,8720,94022,11128,94022,1567,27
3200,8720,94023,11128,94023,1567,27
3200,8720,94024,11128,94024,1567,27
3200,8720,94025,11128,94025,1567,27
3200,8720,94026,11128,94026,1567,27
3200,8720,94027,11128,94027,1567,27
3200,8720,94028,11128,94028,1567,27
3200,8720,94029,11128,94029,1567,27
3200,8720,94030,11128,94030,1567,27
3200,8720,94031,11128,94031,1567,27
3200,8720,94032,11128,94032,1567,27
3200,8720,94033,11128,94033,1567,27
3200,8720,94034,11128,94034,1567,27
3200,8720,94035,11128,94035,1567,27
3200,8720,94036,11128,94036,1567,27
3200,8720,94037,11128,94037,1567,27
3200,8720,94038,11128,94038,1567,27
3200,8720,94039,11128,94039,1567,27
3200,8720,94040,11128,94040,1567,27
3200,8720,94041,11128,94041,1567,27
3200,8720,94042,11128,94042,1567,27
3200,8720,94043,11128,94043,1567,27
3200,8720,94044,11128,94044,1567,27
3200,8720,94045,11128,94045,1567,27
3200,8720,94046,11128,94046,1567,27
3200,8720,94047,11128,94047,1567,27
3200,8720,94048,11128,94048,1567,27
3200,8720,94049,11128,94049,1567,27
3200,8720,94050,11128,94050,1567,27
3200,8720,94051,11128,94051,1567,27
3200,8720,94052,11128,94052,1567,27
3200,8720,94053,11128,94053,1567,27
3200,8720,94054,11128,94054,1567,27
3200,8720,94055,11128,94055,1567,27
3200,8720,94056,11128,94056,1567,27
3200,8720,94057,11128,94057,1567,27
3200,8720,94058,11128,94058,1567,27
3200,8720,94059,11128,94059,1567,27
3200,8720,94060,11128,94060,1567,27
3200,8720,94061,11128,94061,1567,27
3200,8720,94062,11128,94062,1567,27
3200,8720,94063,11128,94063,1567,27
3200,8720,94064,11128,94064,1567,27
3200,8720,94065,11128,94065,1567,27
3200,8720,94066,11128,94066,1567,27
3200,8720,94067,11128,94067,1567,27
3200,8720,94068,11128,94068,1567,27
3200,8720,94069,11128,94069,1567,27
3200,8720,94070,11128,94070,1567,27
3200,8720,94071,11128,94071,1567,27
3200,8720,94072,11128,94072,1567,27
3200,8720,94073,11128,94073,1567,27
3200,8720,94074,11128,94074,1567,27
3200,8720,94075,11128,94075,1567,27
3200,8720,94076,11128,94076,1567,27
3200,8720,94077,11128,94077,1567,27
3200,8720,94078,11128,94078,1567,27
3200,8720,94079,11128,94079,1567,27
3200,8720,94080,11128,94080,1567,27
3200,8720,94081,11128,94081,1567,27
3200,8720,94082,11128,94082,1567,27
3200,8720,94083,11128,94083,1567,27
3200,8720,94084,11128,94084,1567,27
3200,8720,94085,11128,94085,1567,27
3200,8720,94086,11128,94086,1567,27
3200,8720,94087,11128,94087,1567,27
3200,8720,94088,11128,94088,1567,27
3200,8720,94089,11128,94089,1567,27
3200,8720,94090,11128,94090,1567,27
3200,8720,94091,11128,94091,1567,27
3200,8720,94092,11128,94092,1567,27
3200,8720,94093,11128,94093,1567,27
3200,8720,94094,11128,94094,1567,27
3200,8720,94095,11128,94095,1567,27
3200,8720,94096,11128,94096,1567,27
3200,8720,94097,11128,94097,1567,27
3200,8720,94098,11128,94098,1567,27
3200,8720,94099,11128,94099,1567,27
3200,8720,94100,11128,94100,1567,27
3200,8720,94101,11128,94101,1567,27
3200,8720,94102,11128,94102,1567,27
3200,8720,94103,11128,94103,1567,27
3200,8720,94104,11128,94104,1567,27
3200,8720,94105,11128,94105,1567,27
3200,8720,94106,11128,94106,1567,27
3200,8720,94107,11128,94107,1567,27
3200,8720,94108,11128,94108,1567,27
3200,8720,94109,11128,94109,1567,27
3200,8720,94110,11128,94110,1567,27
3200,8720,94111,11128,94111,1567,27
3200,8720,94112,11128,94112,1567,27
3200,8720,94113,11128,94113,1567,27
3200,8720,94114,11128,94114,1567,27
3200,8720,94115,11128,94115,1567,27
3200,8720,94116,11128,94116,1567,27
3200,8720,94117,11128,94117,1567,27
3200,8720,94118,11128,94118,1567,27
3200,8720,94119,11128,94119,1567,27
3200,8720,94120,11128,94120,1567,27
3200,8720,94121,11128,94121,1567,27
3200,8720,94122,11128,94122,1567,27
3200,8720,94123,11128,94123,1567,27
3200,8720,94124,11128,94124,1567,27
3200,8720,94125,11128,94125,1567,27
3200,8720,94126,11128,94126,1567,27
3200,8720,94127,11128,94127,1567,27
3200,8720,94128,11128,94128,1567,27
3200,8720,94129,11128,94129,1567,27
3200,8720,94130,11128,94130,1567,27
3200,8720,94131,11128,94131,1567,27
3200,8720,94132,11128,94132,1567,27
3200,8720,94133,11128,94133,1567,27
3200,8720,94134,11128,94134,1567,27
3200,8720,94135,11128,94135,1567,27
3200,8720,94136,11128,94136,1567,27
3200,8720,94137,11128,94137,1567,27
3200,8720,94138,11128,94138,1567,27
3200,8720,94139,11128,94139,1567,27
3200,8720,94140,11128,94140,1567,27
3200,8720,94141,11128,94141,1567,27
3200,8720,94142,11128,94142,1567,27
3200,8720,94143,11128,94143,1567,27
3200,8720,94144,11128,94144,1567,27
3200,8720,94145,11128,94145,1567,27
3200,8720,94146,11128,94146,1567,27
3200,8720,94147,11128,94147,1567,27
3200,8720,94148,11128,94148,1567,27
3200,8720,94149,11128,94149,1567,27
3200,8720,94150,11128,94150,1567,27
3200,8720,94151,11128,94151,1567,27
3200,8720,94152,11128,94152,1567,27
3200,8720,94153,11128,94153,1567,27
3200,8720,94154,11128,94154,1567,27
3200,8720,94155,11128,94155,1567,27
3200,8720,94156,11128,94156,1567,27
3200,8720,94157,11128,94157,1567,27
3200,8720,94158,11128,94158,1567,27
3200,8720,94159,11128,94159,1567,27
3200,8720,94160,11128,94160,1567,27
3200,8720,94161,11128,94161,1567,27
3200,8720,94162,11128,94162,1567,27
3200,8720,94163,11128,94163,1567,27
3200,8720,94164,11128,94164,1567,27
3200,8720,94165,11128,94165,1567,27
3200,8720,94166,11128,94166,1567,27
3200,8720,94167,11128,94167,1567,27
3200,8720,94168,11128,94168,1567,27
3200,8720,94169,11128,94169,1567,27
3200,8720,94170,11128,94170,1567,27
3200,8720,94171,11128,94171,1567,27
3200,8720,94172,11128,94172,1567,27
3200,8720,94173,11128,94173,1567,27
3200,8720,94174,11128,94174,1567,27
3200,8720,94175,11128,94175,1567,27
3200,8720,94176,11128,94176,1567,27
3200,8720,94177,11128,94177,1567,27
3200,8720,94178,11128,94178,1567,27
3200,8720,94179,11128,94179,1567,27
3200,8720,94180,11128,94180,1567,27
3200,8720,94181,11128,94181,1567,27
3200,8720,94182,11128,94182,1567,27
3200,8720,94183,11128,94183,1567,27
3200,8720,94184,11128,94184,1567,27
3200,8720,94185,11128,94185,1567,27
3200,8720,94186,11128,94186,1567,27
3200,8720,94187,11128,94187,1567,27
3200,8720,94188,11128,94188,1567,27
3200,8720,94189,11128,94189,1567,27
3200,8720,94190,11128,94190,1567,27
3200,8720,94191,11128,94191,1567,27
3200,8720,94192,11128,94192,1567,27
3200,8720,94193,11128,94193,1567,27
3200,8720,94194,11128,94194,1567,27
3200,8720,94195,11128,94195,1567,27
3200,8720,94196,11128,94196,1567,27
3200,8720,94197,11128,94197,1567,27
3200,8720,94198,11128,94198,1567,27
3200,8720,94199,11128,94199,1567,27
3200,8720,94200,11128,94200,1567,27
3200,8720,94201,11128,94201,1567,27
3200,8720,94202,11128,94202,1567,27
3200,8720,94203,11128,94203,1567,27
3200,8720,94204,11128,94204,1567,27
3200,8720,94205,11128,94205,1567,27
3200,8720,94206,11128,94206,1567,27
3200,8720,94207,11128,94207,1567,27
3200,8720,94208,11128,94208,1567,27
3200,8720,94209,11128,94209,1567,27
3200,8720,94210,11128,94210,1567,27
3200,8720,94211,11128,94211,1567,27
3200,8720,94212,11128,94212,1567,27
3200,8720,94213,11128,94213,1567,27
3200,8720,94214,11128,94214,1567,27
3200,8720,94215,11128,94215,1567,27
3200,8720,94216,11128,94216,1567,27
3200,8720,94217,11128,94217,1567,27
3200,8720,94218,11128,94218,1567,27
3200,8720,94219,11128,94219,1567,27
3200,8720,94220,11128,94220,1567,27
3200,8720,94221,11128,94221,1567,27
3200,8720,94222,11128,94222,1567,27
3200,8720,94223,11128,94223,1567,27
3200,8720,94224,11128,94224,1567,27
3200,8720,94225,11128,94225,1567,27
3200,8720,94226,11128,94226,1567,26
3200,8720,94227,11128,94227,1567,25
3200,8720,94228,11128,94228,1567,25
3200,8720,94229,11128,94229,1567,24
3200,8720,94230,11128,94230,1567,23
3200,8720,94231,11128,94231,1567,22
3200,8720,94232,11128,94232,1567,21
3200,8720,94233,11128,94233,1567,21
3200,8720,94234,11128,94234,1567,20
3200,8720,94235,11128,94235,1567,19
3200,8720,94236,11128,94236,1567,18
3200,8720,94237,11128,94237,1567,18
3200,8720,94238,11128,94238,1567,17
3200,8720,94239,11128,94239,1567,16
3200,8720,94240,11128,94240,1567,16
3200,8720,94241,11128,94241,1567,16
